target_id,rank,funny,somewhat_funny,unfunny,count,score,precision,contest,caption
4433,1,2,59,0,61,2.0327868852459017,0.0229898185442215,599,I dreamt last night that some day judges might just require a small plastic bracelet
257,2,2,70,0,72,2.0277777777777777,0.01950304159720588,599,They’re known for their unconditional love.
4241,3,2,147,0,149,2.0134228187919465,0.009459246415768237,599,"It's called a ""pet."""
3747,4,2,170,0,172,2.011627906976744,0.008198095184581863,599,I know he's extinct. Try telling him that.
2076,5,2,194,0,196,2.010204081632653,0.007196850575679093,599,Do you guys remember the code for the alarm?
4894,6,1,105,0,106,2.009433962264151,0.00947877943928333,599,I'm considered a flight risk.
5069,7,2,218,0,220,2.0090909090909093,0.006413550318198485,599,Cave arrest isn't as comfy as I thought it would be
4848,8,2,222,0,224,2.0089285714285716,0.00629928177300232,599,"I don't think this ""pet"" thing will ever catch on."
3522,9,1,162,0,163,2.0061349693251533,0.006153875284685681,599,"Sure it hurts, but that’s fashion."
3124,10,1,196,0,197,2.00507614213198,0.005089074999136403,599,I was hoping for more of an emotional attachment.
2763,11,1,216,0,217,2.0046082949308754,0.004618949962280777,599,Only if I think about it.
1987,12,1,229,0,230,2.0043478260869567,0.004357308815968185,599,I parked in a toe-away zone.
2399,13,1,236,0,237,2.0042194092827006,0.004228339259425431,599,He's very clingy.
1102,14,1,237,0,238,2.004201680672269,0.00421053564662673,599,He's very attached.
5496,15,0,231,0,231,2.0,0.0043384050009413295,599,we all seem to have one eye
4109,15,0,134,0,134,2.0,0.007490689241787027,599,My security system has a few glitches.
3681,15,0,181,0,181,2.0,0.005540187460954447,599,I couldn't afford a fitbit.
2555,15,0,172,0,172,2.0,0.005830928571177663,599,Mental note. Don’t say “bite me”to a literalsaurus.
743,15,1,131,1,133,2.0,0.01067338589917677,599,My wife got a matching bracelet.
2011,20,0,248,1,249,1.9959839357429718,0.004024153014985462,599,Frankly he hasn't grasped the concept of 'heel' yet.
471,21,0,239,1,240,1.9958333333333333,0.004175374443493083,599,I can't wait until they invent a leash.
2775,21,0,239,1,240,1.9958333333333333,0.004175374443493083,599,He's still teething. He'll evolve out of it.
4850,23,0,221,1,222,1.9954954954954955,0.004514684188683611,599,These new ankle monitors are barely noticeable
4602,24,0,203,1,204,1.9950980392156863,0.0049140197466545615,599,Some extictions can't come soon enough.
3202,25,0,126,1,127,1.9921259842519685,0.007905200090854148,599,"Nothing much, what's up with you two?"
4964,26,0,216,2,218,1.9908256880733946,0.006472253408281335,599,He's been extinct for 65 million years so I'm just as surprised to see him as you are.
937,27,0,213,2,215,1.9906976744186047,0.006562350957870645,599,"The wife wanted a dog, but those won’t be domesticated for another 3,000 years."
3464,28,0,99,1,100,1.99,0.01005037815259212,599,"No, go without me I shouldn't ignore this gnawing feeling."
3110,29,0,192,2,194,1.9896907216494846,0.00727085071403174,599,The teething is killing me.
3228,30,0,142,2,144,1.9861111111111112,0.009786528365196806,599,"I brought him home to eat, but I think he misunderstood."
4267,31,0,135,2,137,1.9854014598540146,0.010284705510522543,599,It was a lot cuter as a puppy
3362,32,0,33,1,34,1.9705882352941178,0.029854071701326604,599,He's been clingy ever since that asteroid last week.
4862,32,0,33,1,34,1.9705882352941178,0.029854071701326604,599,The fines don’t even cover feeding the ankle monitor...
4662,34,0,55,2,57,1.9649122807017543,0.02458824169216613,599,I didn't mind so much when he was smaller.
1555,35,0,44,2,46,1.9565217391304348,0.030400256468700083,599,Right now we're both trying the Paleo thing.
406,36,0,0,24,24,1.0,0.04256282653793743,599,It's my fault. I told him never to bite strangers.
927,36,0,0,30,30,1.0,0.03390317518104052,599,"An anachronism would be better than a dog, I thought."
907,36,0,0,30,30,1.0,0.03390317518104052,599,He gets so clingy during hibernation season.
116,36,0,0,30,30,1.0,0.03390317518104052,599,I'm under house arrest!
4832,36,0,0,32,32,1.0,0.031750031750047626,599,This cave could have cost me an arm and a leg.
4166,36,0,0,32,32,1.0,0.031750031750047626,599,"Don't worry, he doesn't really use his teeth."
4090,36,0,0,32,32,1.0,0.031750031750047626,599,Judge says I have to wear it for six months and can’t leave the cave.
4034,36,0,0,32,32,1.0,0.031750031750047626,599,He does get a bit nippy at times.
4020,36,0,0,32,32,1.0,0.031750031750047626,599,The tax collector is starting to really clamp down.
3921,36,0,0,32,32,1.0,0.031750031750047626,599,That's my personal ball and chain.
3817,36,0,0,32,32,1.0,0.031750031750047626,599,It's the latest in house arrest homing devices for offenders who need to get a grip.
2633,36,0,0,32,32,1.0,0.031750031750047626,599,Acupuncture. It's the latest healing trend.
1978,36,0,0,32,32,1.0,0.031750031750047626,599,Thank goodness he's a leg guy.
1951,36,0,0,32,32,1.0,0.031750031750047626,599,Meteor showers make Dino so insecure.
1170,36,0,0,32,32,1.0,0.031750031750047626,599,"Well, that's one less mouth to feed."
708,36,0,0,32,32,1.0,0.031750031750047626,599,I do wish he'd make up his mind.
1637,36,0,0,30,30,1.0,0.03390317518104052,599,Didn’t you guys read the invite? It’s formal only.
566,36,0,0,32,32,1.0,0.031750031750047626,599,"I'm still working on the concept, but I want to call it an anklet."
2115,36,0,0,30,30,1.0,0.03390317518104052,599,"What do you mean don't worry? What do you mean ""bark""?"
2851,36,0,0,30,30,1.0,0.03390317518104052,599,He gets really attached when I have guests over!
5299,36,0,0,30,30,1.0,0.03390317518104052,599,We're Creationists.
4912,36,0,0,30,30,1.0,0.03390317518104052,599,"A herbivore, the hell he is."
4755,36,0,0,30,30,1.0,0.03390317518104052,599,I ran out of Iguanadon biscuits.
4592,36,0,0,30,30,1.0,0.03390317518104052,599,"Sorry, I can't hunt and gather with you today. This ankle monitor does't come off until next week."
4545,36,0,0,30,30,1.0,0.03390317518104052,599,I’d be in jail now if it weren’t for my ankle monitor.
4485,36,0,0,30,30,1.0,0.03390317518104052,599,"I'm under house arrest and this is my ankle monitor, Gronk."
4482,36,0,0,30,30,1.0,0.03390317518104052,599,I wonder what they're putting in pet food these days...
4330,36,0,0,30,30,1.0,0.03390317518104052,599,Imprinting? I have a different word for it!
3854,36,0,0,30,30,1.0,0.03390317518104052,599,Love goes where my Rosemary goes
3846,36,0,0,30,30,1.0,0.03390317518104052,599,"Yes, it’s a rare form of Reactive Attachment Disorder."
3557,36,0,0,30,30,1.0,0.03390317518104052,599,"I found him down by the river. Actually, he found me."
669,36,0,0,31,31,1.0,0.032791291789197645,599,I don't think we are in Arkansas anymore.
3497,36,0,0,30,30,1.0,0.03390317518104052,599,I see your pet has developed a taste for me.
2887,36,0,0,30,30,1.0,0.03390317518104052,599,Hunting with a conscience takes a personal commitment.
2001,36,0,0,31,31,1.0,0.032791291789197645,599,This is a new liberated prisoner monitoring device that we are trying out.
2461,36,0,0,30,30,1.0,0.03390317518104052,599,He is way more affectionate now compared to when I first picked him out at the pound.
412,36,0,0,32,32,1.0,0.031750031750047626,599,He loves my ankles
30,36,0,0,32,32,1.0,0.031750031750047626,599,"As you might have surmised, not the answer to life."
17,36,0,0,32,32,1.0,0.031750031750047626,599,Enlightenment is two peaks over. This is posture.
2313,36,0,0,23,23,1.0,0.044455422447438706,599,At least I didn't get real jail time.
2264,36,0,0,23,23,1.0,0.044455422447438706,599,Me have idea for bear trap.
2191,36,0,0,23,23,1.0,0.044455422447438706,599,It looks worse than it is m.
2145,36,0,0,23,23,1.0,0.044455422447438706,599,"Yeah, but the judge says I can stay out of jail if I wear it until the trial starts."
2101,36,0,0,23,23,1.0,0.044455422447438706,599,"The car's totaled, and jaws of life my ass."
2003,36,0,0,23,23,1.0,0.044455422447438706,599,My husband is such a control freak.
1846,36,0,0,23,23,1.0,0.044455422447438706,599,Steggie has separation issues.
1711,36,0,0,23,23,1.0,0.044455422447438706,599,He's still evolving as a watchdog.
1638,36,0,0,23,23,1.0,0.044455422447438706,599,My husband likes to play fetch with us.
1433,36,0,0,23,23,1.0,0.044455422447438706,599,"I would really like to go out but, I'm dragging."
1150,36,0,0,23,23,1.0,0.044455422447438706,599,I should buy more prosthetic legs on Black Friday!
1067,36,0,0,23,23,1.0,0.044455422447438706,599,"I've eaten muffins and lasagna every day of my life, and I feel terrible."
878,36,0,0,23,23,1.0,0.044455422447438706,599,House arrest still beats prison.
801,36,0,0,23,23,1.0,0.044455422447438706,599,I swear she's box trained
797,36,0,0,23,23,1.0,0.044455422447438706,599,Will he draw me on the wall?
2495,36,0,0,23,23,1.0,0.044455422447438706,599,The previous owner suffered from paranoia.
2648,36,0,0,23,23,1.0,0.044455422447438706,599,He’s causing my anxiety of not becoming separated!
2657,36,0,0,23,23,1.0,0.044455422447438706,599,Ouch! Ouch? It's a new word but an appropirate one.
2706,36,0,0,23,23,1.0,0.044455422447438706,599,Is this Codependents Anonymous?
6,36,0,0,32,32,1.0,0.031750031750047626,599,"In these times, core stability is bliss."
4843,36,0,0,38,38,1.0,0.02666903735313325,599,The shelter says he has separation anxiety.
5441,36,0,0,23,23,1.0,0.044455422447438706,599,the first person to become a Leg end
5389,36,0,0,23,23,1.0,0.044455422447438706,599,"I'd love to join you, but Trixie hates to be left home alone."
4992,36,0,0,23,23,1.0,0.044455422447438706,599,I'd never recommend adopting a Attachosaurus.
4743,36,0,0,23,23,1.0,0.044455422447438706,599,"Don't worry, Mom. I've got an extra one."
4612,36,0,0,23,23,1.0,0.044455422447438706,599,It is totally domesticated.
5319,36,0,0,30,30,1.0,0.03390317518104052,599,My lawyer said it’s this or go to prison
4394,36,0,0,23,23,1.0,0.044455422447438706,599,He followed me home. Let's eat him.
4175,36,0,0,23,23,1.0,0.044455422447438706,599,It's an Anklebracelodon. The judge ordered me to wear him during my parole.
4121,36,0,0,23,23,1.0,0.044455422447438706,599,he's still cutting his teeth
4096,36,0,0,23,23,1.0,0.044455422447438706,599,You should try it. It’s very exfoliating.
3761,36,0,0,23,23,1.0,0.044455422447438706,599,He always tells me we are inseparable
3585,36,0,0,23,23,1.0,0.044455422447438706,599,I told you he ate my homework.
3240,36,0,0,23,23,1.0,0.044455422447438706,599,Got pulled over on the mammoth for a DWI
3199,36,0,0,23,23,1.0,0.044455422447438706,599,What lizard?
4309,36,0,0,23,23,1.0,0.044455422447438706,599,I still prefer cave-arrest to the alternative.
5320,36,0,0,30,30,1.0,0.03390317518104052,599,"I like my ankle bracelet, but looking forward to the trial."
5553,36,0,0,30,30,1.0,0.03390317518104052,599,I guess I should a Stegosautus whisperer before he grows up.
186,36,0,0,31,31,1.0,0.032791291789197645,599,I should’ve tried to domesticate a bird first.
3278,36,0,0,26,26,1.0,0.03922322702763681,599,Amazing. Just last week he was a vegetarian.
3119,36,0,0,26,26,1.0,0.03922322702763681,599,My experience suggests that house arrest is not as preferable as it sounds.
3107,36,0,0,26,26,1.0,0.03922322702763681,599,"ever since I killed his mother to have her for my family’s dinner last week, he has latched on to me & won’t let go."
3073,36,0,0,26,26,1.0,0.03922322702763681,599,Who is your home security company? One of a few that offer services with some teeth to it.
2850,36,0,0,26,26,1.0,0.03922322702763681,599,3 weeks house arrest is not bad for underage clubbing.
2830,36,0,0,26,26,1.0,0.03922322702763681,599,"""Shake a leg, Erma; let's get going!:"
2753,36,0,0,26,26,1.0,0.03922322702763681,599,I just got an idea about how to trap that big furry animal.
2475,36,0,0,26,26,1.0,0.03922322702763681,599,He has attachment issue
2468,36,0,0,26,26,1.0,0.03922322702763681,599,He gets bored when I come home late.
2240,36,0,0,26,26,1.0,0.03922322702763681,599,Thanks for coming over. Harry's a beast when he's sick; I just couldn't get away.
2165,36,0,0,26,26,1.0,0.03922322702763681,599,"So, how's the pet training going?"
2047,36,0,0,26,26,1.0,0.03922322702763681,599,Ths will be my last rescue dragon...
1859,36,0,0,26,26,1.0,0.03922322702763681,599,It's better than Rikers.
1789,36,0,0,26,26,1.0,0.03922322702763681,599,It’s the newest model of home confinement ankle bracelets.
1718,36,0,0,26,26,1.0,0.03922322702763681,599,"This is rather uncomfortable, it would be dashing if one of you chaps can help with the amelioration of my predicament."
3346,36,0,0,26,26,1.0,0.03922322702763681,599,He tried going vegan for a week.
3503,36,0,0,26,26,1.0,0.03922322702763681,599,...he followed me all the way home from school!
3608,36,0,0,26,26,1.0,0.03922322702763681,599,"yes, he's cute, good company, the kids like him but overall I would't recommend getting one."
1268,36,0,0,24,24,1.0,0.04256282653793743,599,And I call this invention the ankle bracelet.
675,36,0,0,24,24,1.0,0.04256282653793743,599,You should try to catch up. It's the latest in house arrest.
5525,36,0,0,26,26,1.0,0.03922322702763681,599,He'll sit and watch Hannibal Lector movies for hours.
5104,36,0,0,26,26,1.0,0.03922322702763681,599,"Believe me now or hear me later, girls: cave arrest sucks."
5101,36,0,0,26,26,1.0,0.03922322702763681,599,I am under house arrest and I have wear this ankle monitor the whole time. It really bites.
5046,36,0,0,26,26,1.0,0.03922322702763681,599,"Cave arrest, just til my foot falls off."
4944,36,0,0,26,26,1.0,0.03922322702763681,599,Would someone hurry up and invent the ball already?
4674,36,0,0,26,26,1.0,0.03922322702763681,599,"Don't worry, it's just the way she shows her affection."
1343,36,0,0,26,26,1.0,0.03922322702763681,599,It's an ankle monitor. The judge gave me three months of house arrest.
4661,36,0,0,26,26,1.0,0.03922322702763681,599,It's called an anklet...
4070,36,0,0,26,26,1.0,0.03922322702763681,599,"Sorry guys, the wife’s got me under house arrest again."
4045,36,0,0,26,26,1.0,0.03922322702763681,599,I was told this would cure my warts.
3991,36,0,0,26,26,1.0,0.03922322702763681,599,My initial aim was to make boots
3805,36,0,0,26,26,1.0,0.03922322702763681,599,"They call him ""cave arrest."""
3755,36,0,0,26,26,1.0,0.03922322702763681,599,"I'm under house arrest, this is my ankle Monitor Lizard."
3610,36,0,0,26,26,1.0,0.03922322702763681,599,"He's not very bright, but at least he doesn't shed."
680,36,0,0,24,24,1.0,0.04256282653793743,599,"Well, this won’t feel good in the morning."
4627,36,0,0,26,26,1.0,0.03922322702763681,599,"i know, the wife still has me under house arrest!"
473,36,0,0,24,24,1.0,0.04256282653793743,599,She‘s such a footie.
992,36,0,0,26,26,1.0,0.03922322702763681,599,He's angry because he found out he is our main course for our holiday dinner!
1339,36,0,0,24,24,1.0,0.04256282653793743,599,The Judge got mad and order I wear an ankle bracelet
2161,36,0,0,33,33,1.0,0.030772872744833184,599,It's not the best mouser I've ever had.
2454,36,0,0,33,33,1.0,0.030772872744833184,599,It’s what everybody’s wearing.
3343,36,0,0,33,33,1.0,0.030772872744833184,599,The good news is I got my parole. I just have to wear this ankle monitor for the next three months!
3606,36,0,0,33,33,1.0,0.030772872744833184,599,"If he goes, I go."
4170,36,0,0,33,33,1.0,0.030772872744833184,599,"He was only a foster, but we grew so attached."
4183,36,0,0,33,33,1.0,0.030772872744833184,599,"Yes, he’s been vaccinated."
4260,36,0,0,33,33,1.0,0.030772872744833184,599,But you only said that I couldn't get a tattoo on my ankle.
5501,36,0,0,33,33,1.0,0.030772872744833184,599,Inventing fire seemed much easier than domesticating pets.
96,36,0,0,31,31,1.0,0.032791291789197645,599,I've raised him since he chewed his way out of my roommate's chest.
617,36,0,0,26,26,1.0,0.03922322702763681,599,It’s an Ankle-iSaw
402,36,0,0,26,26,1.0,0.03922322702763681,599,The vet said it’s separation anxiety.
379,36,0,0,26,26,1.0,0.03922322702763681,599,"Sorry, I can't go out, my ankle monitor will go off"
347,36,0,0,26,26,1.0,0.03922322702763681,599,It's part of my probation restrictions.
231,36,0,0,26,26,1.0,0.03922322702763681,599,I got it at the artisanal butcher.
26,36,0,0,26,26,1.0,0.03922322702763681,599,"Now, Janet from HR will see you"
719,36,0,0,23,23,1.0,0.044455422447438706,599,It's a condition of my probation.
826,36,0,0,33,33,1.0,0.030772872744833184,599,"My new invention, I call it the Denver boot."
663,36,0,0,33,33,1.0,0.030772872744833184,599,But he was a rescue and already cave trained.
5407,36,0,0,24,24,1.0,0.04256282653793743,599,"Not fake news, not fake news...You are my witness."
1937,36,0,0,24,24,1.0,0.04256282653793743,599,I was trying to teach it to kneel
694,36,0,0,26,26,1.0,0.03922322702763681,599,"It's a chair for me and a toy for the goats, I love Amazon."
658,36,0,0,26,26,1.0,0.03922322702763681,599,I just wish he would switch legs once in a while.
2048,36,0,0,24,24,1.0,0.04256282653793743,599,He must smell my Triceratops.
2324,36,0,0,24,24,1.0,0.04256282653793743,599,It's the goddamn mortgage lender.
2597,36,0,0,24,24,1.0,0.04256282653793743,599,House arrest 101
3241,36,0,0,24,24,1.0,0.04256282653793743,599,His obedience trainer says his behavior will evolve over time.
754,36,0,0,26,26,1.0,0.03922322702763681,599,It's not what you think... I dragged him here.
3301,36,0,0,24,24,1.0,0.04256282653793743,599,See what happens when you feed her table scraps?
3569,36,0,0,24,24,1.0,0.04256282653793743,599,He likes me.
4331,36,0,0,24,24,1.0,0.04256282653793743,599,"Can you bring me the stegosaurus treats, please?"
4442,36,0,0,24,24,1.0,0.04256282653793743,599,He just followed me home - can we keep him?
4688,36,0,0,24,24,1.0,0.04256282653793743,599,We knew our marriage would raise eyebrows but who knew she'd be so possessive.
5120,36,0,0,24,24,1.0,0.04256282653793743,599,"I'll tell you ladies in a few years these ""Ankle Biters"" will be all the rage!"
5196,36,0,0,24,24,1.0,0.04256282653793743,599,Cup of tea?
5203,36,0,0,24,24,1.0,0.04256282653793743,599,He's my therapy reptile.
3319,36,0,0,24,24,1.0,0.04256282653793743,599,"And to think, just last week the cat had his tongue."
636,36,0,0,23,23,1.0,0.044455422447438706,599,I need to invent another way to say “mind me.”
592,36,0,0,23,23,1.0,0.044455422447438706,599,perhaps if you guys try scratching his back !
365,36,0,0,23,23,1.0,0.044455422447438706,599,He finds my independence threatening.
361,36,0,0,31,31,1.0,0.032791291789197645,599,I think I forgot to feed him today.
163,36,0,0,31,31,1.0,0.032791291789197645,599,"On the bright side, he's stopped chewing on the stalagmites."
98,36,0,0,31,31,1.0,0.032791291789197645,599,He's just started Obedience School.
5514,36,0,0,24,24,1.0,0.04256282653793743,599,"They make all the pledges do it mom, don't worry."
5469,36,0,0,28,28,1.0,0.036369648372665396,599,It didn't like the look in my eye.
5346,36,0,0,28,28,1.0,0.036369648372665396,599,I have something to tell you...
5294,36,0,0,24,24,1.0,0.04256282653793743,599,"As I understand it, if she drags me back to her cave, she'll claim me as her man."
5241,36,0,0,24,24,1.0,0.04256282653793743,599,House arrest really isn't as bad as I thought it would be.
5216,36,0,0,28,28,1.0,0.036369648372665396,599,We haven’t had him long but he’s aleady so attached to me.
5215,36,0,0,24,24,1.0,0.04256282653793743,599,"If I leave the cave, it alerts my parole officer."
5167,36,0,0,28,28,1.0,0.036369648372665396,599,It has to go out in order to be cave trained
5157,36,0,0,34,34,1.0,0.029854071701326604,599,She can't seem to let go of me.
5118,36,0,0,28,28,1.0,0.036369648372665396,599,"I'll this one ""Leggosaurus"""
5102,36,0,0,30,30,1.0,0.03390317518104052,599,"when I tried ti leave the all/night bar, someting snapped."
5090,36,0,0,24,24,1.0,0.04256282653793743,599,When does his species goes extinct?
5015,36,0,0,28,28,1.0,0.036369648372665396,599,"It's OK, I'm attached to him."
4991,36,0,0,28,28,1.0,0.036369648372665396,599,Someone call 911
4958,36,0,0,28,28,1.0,0.036369648372665396,599,I couldn’t post enough rocks for bail so they made me wear an ankle monitor.
4953,36,0,0,28,28,1.0,0.036369648372665396,599,"I tell ya, cave arrest isn’t really all that bad."
441,36,0,0,31,31,1.0,0.032791291789197645,599,It is what it is.
509,36,0,0,31,31,1.0,0.032791291789197645,599,"From beyond the grave, Winston Churchill is screaming at the two bystanders, ""An appeaser is one who feeds a crocodile, hoping it will eat him last."""
565,36,0,0,31,31,1.0,0.032791291789197645,599,Unsuccesful early Poodle prototypes.
1136,36,0,0,31,31,1.0,0.032791291789197645,599,They were out of alligator shoes.
4141,36,0,0,31,31,1.0,0.032791291789197645,599,Call me Ishmael!
4039,36,0,0,31,31,1.0,0.032791291789197645,599,are you sure he's not pulling your leg?
4012,36,0,0,31,31,1.0,0.032791291789197645,599,You guys wanna try too?
3709,36,0,0,31,31,1.0,0.032791291789197645,599,We’re sticking with Dog
3655,36,0,0,31,31,1.0,0.032791291789197645,599,He's really very friendly and nice to have around
3536,36,0,0,31,31,1.0,0.032791291789197645,599,"Oh yeah, it's way cool. Got it on E-Bay. Amazon was sold out"
3459,36,0,0,31,31,1.0,0.032791291789197645,599,I wish I could go. But I'm on house arrest until criminal justice reform becomes a thing.
3170,36,0,0,31,31,1.0,0.032791291789197645,599,I chose the ankle monitor over being dragged and clubbed.
2810,36,0,0,31,31,1.0,0.032791291789197645,599,I'm hoping it will evolve into something soft and cuddly.
4909,36,0,0,28,28,1.0,0.036369648372665396,599,I forgot the password to our alarm system. The third time this week this has happened.
2737,36,0,0,31,31,1.0,0.032791291789197645,599,Housebroken. Guards cave. Give you cheap. Did I say housebroken?
2190,36,0,0,31,31,1.0,0.032791291789197645,599,"Yeah right, your T-rex doesn't bite, that's what they all say until it does."
1898,36,0,0,31,31,1.0,0.032791291789197645,599,I’m on cave arrest for two months.
1856,36,0,0,31,31,1.0,0.032791291789197645,599,It's only his deep seated letting go issues.
1800,36,0,0,31,31,1.0,0.032791291789197645,599,I told him to heel but I think he heard meal
1798,36,0,0,31,31,1.0,0.032791291789197645,599,This is only a prototype; I'm convinced there's a market for a smaller anklet.
1697,36,0,0,31,31,1.0,0.032791291789197645,599,There are still some bugs to work out of this 'alligator shoes' idea.
1532,36,0,0,31,31,1.0,0.032791291789197645,599,The pet store said he was a herbivore.
1311,36,0,0,31,31,1.0,0.032791291789197645,599,"You'll hardly notice him after a while."""
1278,36,0,0,31,31,1.0,0.032791291789197645,599,Harold suffers from separation anxiety.
2553,36,0,0,31,31,1.0,0.032791291789197645,599,"A little aggravation now, a lot of meat for the winter later."
4871,36,0,0,36,36,1.0,0.028171808490950554,599,"Once he evolves, he’ll be more chicken"
4808,36,0,0,28,28,1.0,0.036369648372665396,599,He just wants my undivided attention.
4770,36,0,0,28,28,1.0,0.036369648372665396,599,"The pet experts say that whether it's poop on the floor or an amputated leg, its your fault not the bloodosuarus's."
4081,36,0,0,28,28,1.0,0.036369648372665396,599,"It's part of my plea agreement; If I go any further than twenty feet from my cave opening, he'll eat me."
4056,36,0,0,22,22,1.0,0.046524210519923545,599,This is the thanks I get for being Vegan.
4042,36,0,0,24,24,1.0,0.04256282653793743,599,House arrest isn't so bad.
3757,36,0,0,24,24,1.0,0.04256282653793743,599,It's ok. It's his way of showing affection.
3697,36,0,0,24,24,1.0,0.04256282653793743,599,It bit me so hard I'm seeing single.
3644,36,0,0,28,28,1.0,0.036369648372665396,599,"It's just a phase, he'll evolve out of it soon."
3603,36,0,0,24,24,1.0,0.04256282653793743,599,"Sorry, but we're dino-ing in tonight."
3601,36,0,0,28,28,1.0,0.036369648372665396,599,His psychoanalyst suggested avoiding eye contact. Could you please avert your eyes?
3515,36,0,0,28,28,1.0,0.036369648372665396,599,"""I can't wait until they invent dino kindergarten""."
4088,36,0,0,28,28,1.0,0.036369648372665396,599,"I think we need to invent WD40, he squeaks."
3504,36,0,0,28,28,1.0,0.036369648372665396,599,I'm attempting to come-up with a demeaning and very biased Trump cartoon. Seems there is one or two in every 'New Yorker'. Give it a rest!
3405,36,0,0,24,24,1.0,0.04256282653793743,599,He's robotic.
3401,36,0,0,22,22,1.0,0.046524210519923545,599,"Yeah, six months house arrest."
3303,36,0,0,28,28,1.0,0.036369648372665396,599,Can I get you a drink or should we just have a bite?
3289,36,0,0,30,30,1.0,0.03390317518104052,599,He's a rescue animal.
3251,36,0,0,24,24,1.0,0.04256282653793743,599,Claims he's been to the future and that this move will evolve into something called a bear trap.
3249,36,0,0,28,28,1.0,0.036369648372665396,599,Looks like they put me on house arrest again.
3246,36,0,0,24,24,1.0,0.04256282653793743,599,All the kids are doing it.
3159,36,0,0,30,30,1.0,0.03390317518104052,599,How come it took you two so long to get here?
3150,36,0,0,28,28,1.0,0.036369648372665396,599,Don't mind him. He's just feeling a little insecure.
3501,36,0,0,22,22,1.0,0.046524210519923545,599,"My man says it's called ""Denver boot."" When I asked for leather boots for Winter Solstice, I was expecting something else."
4173,36,0,0,31,31,1.0,0.032791291789197645,599,"Come in, he is very friendly -- he's just acting up to impress you."
4117,36,0,0,30,30,1.0,0.03390317518104052,599,"Don't worry, the ambulance will be here in a couple of millennia"
4231,36,0,0,28,28,1.0,0.036369648372665396,599,In a hundred and fifty thousand years this will all make sense
4751,36,0,0,30,30,1.0,0.03390317518104052,599,It is cave man style.
4739,36,0,0,24,24,1.0,0.04256282653793743,599,"Sorry, guys. Ankle bracelet for 90 days."
4733,36,0,0,30,30,1.0,0.03390317518104052,599,My attorney says I’ll only have to wear it til my appeal
4644,36,0,0,24,24,1.0,0.04256282653793743,599,"He says he will let go when he becomes extinct, not before."
4608,36,0,0,28,28,1.0,0.036369648372665396,599,Damned if I do a cave painting of him!
4595,36,0,0,24,24,1.0,0.04256282653793743,599,Until today everyone thought it was extinct.
4588,36,0,0,24,24,1.0,0.04256282653793743,599,"If it wasn't an anachronism, I'd give him a chew toy."
4583,36,0,0,28,28,1.0,0.036369648372665396,599,Have you considered a slip collar?
4581,36,0,0,24,24,1.0,0.04256282653793743,599,"Luckily, the ankle monitor comes off next week."
4208,36,0,0,30,30,1.0,0.03390317518104052,599,"Son, there's something wrong with your girlfriend."
4567,36,0,0,36,36,1.0,0.028171808490950554,599,He just learned that dinosaurs are extinct.
4424,36,0,0,30,30,1.0,0.03390317518104052,599,"Ever since I got bitten by the neighbor’s T-Rex, he doesn’t want me to leave. First world problems, right?"
4420,36,0,0,30,30,1.0,0.03390317518104052,599,He's only two!
4376,36,0,0,30,30,1.0,0.03390317518104052,599,It's her way of relating.
4357,36,0,0,24,24,1.0,0.04256282653793743,599,"We were told he would be a great door stop, whatever that is."
4355,36,0,0,30,30,1.0,0.03390317518104052,599,We have to find a better way of getting food.
4307,36,0,0,30,30,1.0,0.03390317518104052,599,It's an expression of endearment.
4277,36,0,0,30,30,1.0,0.03390317518104052,599,I'm going to take Rex out for his evening limp.
4263,36,0,0,28,28,1.0,0.036369648372665396,599,I get this ankle monitor lizard off in three months for good behavior.
4232,36,0,0,24,24,1.0,0.04256282653793743,599,Guess we caught our meal of the day
4546,36,0,0,24,24,1.0,0.04256282653793743,599,No worries Norm. He will go extinct soon.
4293,36,0,0,31,31,1.0,0.032791291789197645,599,When he asked to be my pet I said he must be pulling my leg.
4342,36,0,0,31,31,1.0,0.032791291789197645,599,The Humane Society and police are experimenting with a new ankle monitor.
4390,36,0,0,31,31,1.0,0.032791291789197645,599,"""He's a rescue dinosaur""."
3666,36,0,0,25,25,1.0,0.040824829046386304,599,"I can't complain, we won't be going on walks for a while."
3544,36,0,0,25,25,1.0,0.040824829046386304,599,He finally latched on.
3258,36,0,0,25,25,1.0,0.040824829046386304,599,I just know that someday the police will develop a better ankle bracelet..
3076,36,0,0,25,25,1.0,0.040824829046386304,599,I chose house arrest over incarceration.
2670,36,0,0,25,25,1.0,0.040824829046386304,599,We’re still negotiating the roommate agreement.
2622,36,0,0,25,25,1.0,0.040824829046386304,599,I'm so over this 'pets' craze.
1971,36,0,0,25,25,1.0,0.040824829046386304,599,I followed him home -- can he keep me?
1884,36,0,0,25,25,1.0,0.040824829046386304,599,"We got the little fella at the petting zoo, really cheap!"
1744,36,0,0,25,25,1.0,0.040824829046386304,599,I don't mind. It soothes her anxiety!
3722,36,0,0,25,25,1.0,0.040824829046386304,599,And he just graduated from Ceasar’s Training school!
1741,36,0,0,25,25,1.0,0.040824829046386304,599,"No, it is not a friendly dinopet."
1511,36,0,0,25,25,1.0,0.040824829046386304,599,"It's not so bad, ... you get used to him and besides I'm losing weight just dragging him around."
1405,36,0,0,25,25,1.0,0.040824829046386304,599,When I asked for the ankle bracelet monitoring option I had no idea how much harder it would be.
824,36,0,0,25,25,1.0,0.040824829046386304,599,"I asked to see something in an alligator boot, but this is the only thing they had."
706,36,0,0,25,25,1.0,0.040824829046386304,599,"My doctor said my condition was 'the heartbreak of psoriasisaurus' and that with the right creams, it should go away in a couple of days."
691,36,0,0,25,25,1.0,0.040824829046386304,599,Legadillo?
672,36,0,0,25,25,1.0,0.040824829046386304,599,The council put me on house arrest for poaching.
528,36,0,0,25,25,1.0,0.040824829046386304,599,"As you can see, this scissor is defective..."
466,36,0,0,25,25,1.0,0.040824829046386304,599,I’m never stepping foot in his man cave again.
463,36,0,0,25,25,1.0,0.040824829046386304,599,He gets upset when I walk upright.
1592,36,0,0,25,25,1.0,0.040824829046386304,599,"I'm telling you...I really think crocodile will be ""in"" this season."
458,36,0,0,25,25,1.0,0.040824829046386304,599,"He's still got some problems, but at least he's house-broken."
3820,36,0,0,25,25,1.0,0.040824829046386304,599,They'll be easier to remove after they've involved into ticks.
3966,36,0,0,25,25,1.0,0.040824829046386304,599,He doesn't break my skin. He loves me so much he won't let go.
56,36,0,0,23,23,1.0,0.044455422447438706,599,Did you bring the ham ? I've got the green egg.
5570,36,0,0,25,25,1.0,0.040824829046386304,599,Cave arrest for rock market manipulation...
5489,36,0,0,25,25,1.0,0.040824829046386304,599,I still think it's better than fire.
5438,36,0,0,25,25,1.0,0.040824829046386304,599,"Oh, he's teething - hurts him more than me."
5335,36,0,0,25,25,1.0,0.040824829046386304,599,Apparently “caveman’s best friend” is the best evolution can do so far.
5290,36,0,0,25,25,1.0,0.040824829046386304,599,It's my court ordered cave confinement device.
5227,36,0,0,25,25,1.0,0.040824829046386304,599,"That's rover. Don't mind him, he's just going thru his 'teething' stage."
5129,36,0,0,25,25,1.0,0.040824829046386304,599,Why didn't you just get a dog?
5128,36,0,0,25,25,1.0,0.040824829046386304,599,"Sorry i’m late , I was booted in one of those new “no clubbing zones”"
3956,36,0,0,25,25,1.0,0.040824829046386304,599,"Yeah, house arrest for another week."
4924,36,0,0,25,25,1.0,0.040824829046386304,599,You know what a new pet is like. It chews on everything.
4623,36,0,0,25,25,1.0,0.040824829046386304,599,"You'll have to be careful, we've got a couple little ankle-biters running around the house"
4540,36,0,0,25,25,1.0,0.040824829046386304,599,"I see now he wants to be adopted but coming here, thought he was pulling my leg."
4428,36,0,0,25,25,1.0,0.040824829046386304,599,"He's like an ankle bracelet, but I still can't leave the cave."
4425,36,0,0,25,25,1.0,0.040824829046386304,599,There just has to be a better way to catch them.
4413,36,0,0,25,25,1.0,0.040824829046386304,599,"Can't join you, I have to wear this monitor lizard until my house arrest is up."
4383,36,0,0,25,25,1.0,0.040824829046386304,599,"I can't go walking with you today, I have a sore ankle."
4362,36,0,0,25,25,1.0,0.040824829046386304,599,Cave confinement.
4242,36,0,0,25,25,1.0,0.040824829046386304,599,"I know you said no returns, could we make a deal?"
4106,36,0,0,25,25,1.0,0.040824829046386304,599,"I'm under house arrest, that's why."
4781,36,0,0,25,25,1.0,0.040824829046386304,599,Only one more week of this house arrest!
2778,36,0,0,31,31,1.0,0.032791291789197645,599,How well it matches your outfit! It's definitely THE accessory this season
376,36,0,0,25,25,1.0,0.040824829046386304,599,Eureka! Let's create a ball and chain!
166,36,0,0,25,25,1.0,0.040824829046386304,599,It has nothing to do with the meaning of life. It's just more comfortable than sitting on rocks.
1552,36,0,0,29,29,1.0,0.03509312031717982,599,"As soon as veterinary science is invented, he's going for a checkup."
1430,36,0,0,29,29,1.0,0.03509312031717982,599,they're finally making these ankle monitors a lot smaller
1321,36,0,0,29,29,1.0,0.03509312031717982,599,We had a minor disagreement over house training.
1154,36,0,0,29,29,1.0,0.03509312031717982,599,"You two take positions on each side of the road, and act natural. Dino and I will take care of the rest."
1104,36,0,0,29,29,1.0,0.03509312031717982,599,I have to wear it. I'm under Cave-Arrest.
1081,36,0,0,29,29,1.0,0.03509312031717982,599,Chompers replaced the bouncers.
994,36,0,0,29,29,1.0,0.03509312031717982,599,"So far, he's bitten off more than he can chew."
744,36,0,0,29,29,1.0,0.03509312031717982,599,Cave arrest never gets lonely with the ankle bracelet.
614,36,0,0,29,29,1.0,0.03509312031717982,599,The judge put an ankle monitor lizard on me until my trial.
1778,36,0,0,29,29,1.0,0.03509312031717982,599,He's really friendly.
611,36,0,0,29,29,1.0,0.03509312031717982,599,We are still training him. He's a rescue dinosaur.
551,36,0,0,29,29,1.0,0.03509312031717982,599,He might just be teasing. He either winked or blinked.
358,36,0,0,29,29,1.0,0.03509312031717982,599,"It saves buying a razor, but it's not quite as smooth."
117,36,0,0,29,29,1.0,0.03509312031717982,599,"Well, at least he's had his incantations."
5166,36,0,0,31,31,1.0,0.032791291789197645,599,"Chief said I must have this attached for 3 moons, due to the ""fish incident""."
5034,36,0,0,31,31,1.0,0.032791291789197645,599,It's how he let's me know that he is hungry. I don't have much time.
5021,36,0,0,31,31,1.0,0.032791291789197645,599,I hope you brought something to eat. I think he's hungry.
4920,36,0,0,31,31,1.0,0.032791291789197645,599,"I better stay in, Steggie needs me today."
4804,36,0,0,31,31,1.0,0.032791291789197645,599,You have to suffer for your art.
4785,36,0,0,31,31,1.0,0.032791291789197645,599,"Honey, don't you think its time to get that looked at"
594,36,0,0,29,29,1.0,0.03509312031717982,599,after 2017 i'll fucking take it :/
206,36,0,0,25,25,1.0,0.040824829046386304,599,Don’t worry. My companion dinosaur likes visitors.
2090,36,0,0,29,29,1.0,0.03509312031717982,599,This house arrest thing really sucks.
2372,36,0,0,29,29,1.0,0.03509312031717982,599,He has separation anxiety complex.
103,36,0,0,25,25,1.0,0.040824829046386304,599,Don't worry... He won't bite.
5220,36,0,0,29,29,1.0,0.03509312031717982,599,I call it Lassie.
4756,36,0,0,29,29,1.0,0.03509312031717982,599,"I'm teaching him to ""Heel"" by successive approximation."
4584,36,0,0,29,29,1.0,0.03509312031717982,599,"So sorry, honestly, this is the first time, he’s always great with strangers."
4572,36,0,0,29,29,1.0,0.03509312031717982,599,Since it's in season I thought why not prepare it with my own infusion.
4443,36,0,0,29,29,1.0,0.03509312031717982,599,"You say goodbye, I say hello"
4219,36,0,0,29,29,1.0,0.03509312031717982,599,"My bad, I knew I shouldn’t have read him a story about cave men."
4203,36,0,0,29,29,1.0,0.03509312031717982,599,The Cave Lizard Whisperer says its okay to let him nibble.
4122,36,0,0,29,29,1.0,0.03509312031717982,599,He still has trouble with the 'fetch' command.
2189,36,0,0,29,29,1.0,0.03509312031717982,599,Check out my electronic tagosaurus!
3953,36,0,0,29,29,1.0,0.03509312031717982,599,I call it a dinodoodle.
3792,36,0,0,29,29,1.0,0.03509312031717982,599,"I said ""needs to be domesticated...not Domesticathesaurus""."
3509,36,0,0,29,29,1.0,0.03509312031717982,599,Prehistoric house arrest.
3382,36,0,0,29,29,1.0,0.03509312031717982,599,"Sorry, I can't go out. I'm on strict house arrest."
3355,36,0,0,29,29,1.0,0.03509312031717982,599,Can't leave cave for three suns. Too much fire water and wheel rolling.
3135,36,0,0,29,29,1.0,0.03509312031717982,599,Our new alarm system just passed its test.
2905,36,0,0,29,29,1.0,0.03509312031717982,599,At least I don't have to remember where I parked it.
2881,36,0,0,29,29,1.0,0.03509312031717982,599,I didn't think the first step to domestication would be quite this painful
2826,36,0,0,29,29,1.0,0.03509312031717982,599,He has severe separation anxiety.
2610,36,0,0,29,29,1.0,0.03509312031717982,599,At my age it's just nice to be wanted.
3902,36,0,0,29,29,1.0,0.03509312031717982,599,House arrest is such a drag.
3587,36,0,0,31,31,1.0,0.032791291789197645,599,"We're finding he's only somewhat domesticated for a designer blend...they called him a ""Raptor Stega-doodle."""
2353,36,0,0,3829,3829,1.0,0.00026119890519214013,599,My insurance doesn't cover prehistoric conditions.
3858,36,0,0,31,31,1.0,0.032791291789197645,599,"I'm not avoiding you, it just that these house arrest ankle bracelets make it difficult to get around."
3531,36,0,0,22,22,1.0,0.046524210519923545,599,OH! You stepped in one of those self gnawing traps!?
3352,36,0,0,22,22,1.0,0.046524210519923545,599,He’s just showin’ his love.
3328,36,0,0,22,22,1.0,0.046524210519923545,599,"Ladies, I've invented the alligator shoe."
3049,36,0,0,22,22,1.0,0.046524210519923545,599,. . . and then I jumped on a TRex to try to escape but the cops had me cornered. Dude! You do not want to drink too much of that fermented purple liquid stuff!
2780,36,0,0,22,22,1.0,0.046524210519923545,599,"I can't come, I'm under court ordered cave arrest."
2626,36,0,0,22,22,1.0,0.046524210519923545,599,He likes me.
1892,36,0,0,22,22,1.0,0.046524210519923545,599,Can you lend me a leg to stand on.
1823,36,0,0,22,22,1.0,0.046524210519923545,599,I told her we needed to start seeing other people.
1473,36,0,0,22,22,1.0,0.046524210519923545,599,He thinks the drawing makes him look fat.
1317,36,0,0,22,22,1.0,0.046524210519923545,599,Don’t worry its a herbivore
1235,36,0,0,22,22,1.0,0.046524210519923545,599,Do you think I need to buy an extra seat in coach?
1075,36,0,0,22,22,1.0,0.046524210519923545,599,It might release me if you give it a leg of lamb.
134,36,0,0,22,22,1.0,0.046524210519923545,599,I have to wear this until my bail hearing.
2569,36,0,0,34,34,1.0,0.029854071701326604,599,"They generally make good pets, but I think he’s evolving into a carnivore."
1495,36,0,0,34,34,1.0,0.029854071701326604,599,Calm assertive energy is the energy you project to show your pet you are the Pack Leader.
204,36,0,0,34,34,1.0,0.029854071701326604,599,One good thing about these parasites is that they’re very detectable.
5328,36,0,0,29,29,1.0,0.03509312031717982,599,We're having a problem coëxisting.
3900,36,0,0,22,22,1.0,0.046524210519923545,599,WebMD said it's callled Gout. I just don't know.
4123,36,0,0,22,22,1.0,0.046524210519923545,599,"I told him the Jurassic was over, but he just wouldn't let go!"
4190,36,0,0,22,22,1.0,0.046524210519923545,599,They told me he was housebroken.
4664,36,0,0,22,22,1.0,0.046524210519923545,599,Fine. So I'm a little attached to her.
249,36,0,0,30,30,1.0,0.03390317518104052,599,We're having a bit of lockjaw.
119,36,0,0,20,20,1.0,0.051298917604257706,599,He suffers from separation anxiety.
10,36,0,0,30,30,1.0,0.03390317518104052,599,"I'm a yogi, not a guru. Google it."
5509,36,0,0,27,27,1.0,0.03774256780481986,599,I'm on house trained arrest.
4752,36,0,0,27,27,1.0,0.03774256780481986,599,... rodents of unusual size.
3973,36,0,0,27,27,1.0,0.03774256780481986,599,I'd say something funny but he ate my caption.
3388,36,0,0,27,27,1.0,0.03774256780481986,599,"Hey, thanks for visiting me while I'm on probation. I can't leave the cave since I got this ankle monitor, and yeah, it's been pretty lonely."
3007,36,0,0,27,27,1.0,0.03774256780481986,599,The leeches didn't seem to be working for me.
5321,36,0,0,29,29,1.0,0.03509312031717982,599,His favorite treat is Legos.
2769,36,0,0,27,27,1.0,0.03774256780481986,599,I told you getting a pet from the shelter wasn't a good idea.
2098,36,0,0,27,27,1.0,0.03774256780481986,599,Dinner's going to be a bit longer than I said.
1975,36,0,0,27,27,1.0,0.03774256780481986,599,"Hey, no one said looking good was easy"
1891,36,0,0,27,27,1.0,0.03774256780481986,599,He wants to know if I can come over for dinner.
1779,36,0,0,27,27,1.0,0.03774256780481986,599,"I hate this darn ankle monitor. Let me into the cave, I think he eats bats."
1600,36,0,0,27,27,1.0,0.03774256780481986,599,"On a whim, I thought I'd teach him how to ""follow."""
1091,36,0,0,27,27,1.0,0.03774256780481986,599,I never should have listened to you about the Dino Whisperer
532,36,0,0,27,27,1.0,0.03774256780481986,599,It's not as bad as it looks.
5558,36,0,0,22,22,1.0,0.046524210519923545,599,Don’t mind him; he’s just mad I took away his T-Rex bone.
2267,36,0,0,27,27,1.0,0.03774256780481986,599,"She just loves chewing my leg, but it's just one of those friendly gestures between us girls."
828,36,0,0,30,30,1.0,0.03390317518104052,599,Don't worry he won't bite you... hard.
5233,36,0,0,29,29,1.0,0.03509312031717982,599,He really wants me to stay home tonight.
5032,36,0,0,29,29,1.0,0.03509312031717982,599,Don't wait for me ! I need to fix my cave alarm.
4560,36,0,0,36,36,1.0,0.028171808490950554,599,Rover doesn't like his petroglyphs.
5548,36,0,0,19,19,1.0,0.05407380704358751,599,"I’m about to invent a word, OUCH!"
5448,36,0,0,19,19,1.0,0.05407380704358751,599,Unfortunately the dinopoodle won't be domesticated for a few centuries.
5011,36,0,0,19,19,1.0,0.05407380704358751,599,The training is going well - so far he's learned 'heel.'
4412,36,0,0,19,19,1.0,0.05407380704358751,599,Ever since the election he won't let me go out.
4050,36,0,0,19,19,1.0,0.05407380704358751,599,He's a rescue pup so I'm not sure I should train.
3936,36,0,0,19,19,1.0,0.05407380704358751,599,Oh for the days of a ball and chain
3677,36,0,0,19,19,1.0,0.05407380704358751,599,I've been sandaled for my unpaid tickets.
3661,36,0,0,19,19,1.0,0.05407380704358751,599,I had enough. We should buy a real pacifier for our baby pet.
3255,36,0,0,19,19,1.0,0.05407380704358751,599,I'm selling Cutco cutlery while working toward my Anthropology Masters Degree.
2351,36,0,0,19,19,1.0,0.05407380704358751,599,"Sorry, I’ll have to cancel movie night ... separation anxiety."
1960,36,0,0,19,19,1.0,0.05407380704358751,599,"I thought I'd shed some light on my ""failure to launch."""
1747,36,0,0,19,19,1.0,0.05407380704358751,599,He needs chewables other than me.
1212,36,0,0,19,19,1.0,0.05407380704358751,599,This is just his way of telling us he wants his dinner.
444,36,0,0,19,19,1.0,0.05407380704358751,599,I taught him to heal.
305,36,0,0,19,19,1.0,0.05407380704358751,599,I'm afraid I'll have to call a sub for today's bridge game
159,36,0,0,19,19,1.0,0.05407380704358751,599,My parole officer says I wear it for all six months of house arrest.
59,36,0,0,29,29,1.0,0.03509312031717982,599,Thats it?! All you need is a green ball?!!!!
80,36,0,0,29,29,1.0,0.03509312031717982,599,There was no warning on the label.
138,36,0,0,29,29,1.0,0.03509312031717982,599,He's not fully trained yet.
654,36,0,0,29,29,1.0,0.03509312031717982,599,Cave canem.
4711,36,0,0,29,29,1.0,0.03509312031717982,599,"He's court-ordered for a year, but you get used to it pretty quick."
4633,36,0,0,29,29,1.0,0.03509312031717982,599,My vegetarianism is not reciprocated.
4606,36,0,0,29,29,1.0,0.03509312031717982,599,Good news.......it's not extinct!
4410,36,0,0,29,29,1.0,0.03509312031717982,599,There may be some lingering resentment.
4201,36,0,0,29,29,1.0,0.03509312031717982,599,He says his owner is some guy named Sanders.
4112,36,0,0,29,29,1.0,0.03509312031717982,599,"I call it a sock gator. Next, I will invent socks."
3928,36,0,0,29,29,1.0,0.03509312031717982,599,He's really helpful with late night munchies.
3806,36,0,0,29,29,1.0,0.03509312031717982,599,He does this when he's hungry
5158,36,0,0,29,29,1.0,0.03509312031717982,599,"""Oh, it's just a mild personality disorder""."
3351,36,0,0,29,29,1.0,0.03509312031717982,599,Got a grant for a new study I call Domestication - it's my first day!
3126,36,0,0,29,29,1.0,0.03509312031717982,599,He’s a rescue. He came this way.
3071,36,0,0,29,29,1.0,0.03509312031717982,599,If we all close our eyes will this not be real?
2507,36,0,0,29,29,1.0,0.03509312031717982,599,He has separation anxiety and food aggression.
2440,36,0,0,29,29,1.0,0.03509312031717982,599,It’s the latest GPS tracking device!
2366,36,0,0,29,29,1.0,0.03509312031717982,599,Pity...the rabies vaccine won't be available for centuries
1824,36,0,0,29,29,1.0,0.03509312031717982,599,I now regret inventing the anklet.
1227,36,0,0,29,29,1.0,0.03509312031717982,599,But he purrs so sweetly!
946,36,0,0,29,29,1.0,0.03509312031717982,599,Can you imagine a society where each person chips in a little bit so that everyone is covered when this happens?
3254,36,0,0,29,29,1.0,0.03509312031717982,599,"I was told alligator was ""in"" this season."
1018,36,0,0,30,30,1.0,0.03390317518104052,599,I hope you have health insurance
1469,36,0,0,30,30,1.0,0.03390317518104052,599,After awhile you get used to it.
1900,36,0,0,30,30,1.0,0.03390317518104052,599,Unfortunately the vicious reptile jaw extractor tool has not yet been invented.
3064,36,0,0,23,23,1.0,0.044455422447438706,599,I delivered the mail to his cave at 10:00 AM and had to drag him the whole rest of my route.
2914,36,0,0,23,23,1.0,0.044455422447438706,599,It was a double dinosaur dare. What else was I supposed to do?
2847,36,0,0,23,23,1.0,0.044455422447438706,599,I thought that he was with you?
2663,36,0,0,23,23,1.0,0.044455422447438706,599,He's only completed the intermediate obedience class. We have the advanced class next week.
2661,36,0,0,23,23,1.0,0.044455422447438706,599,"It's new. I call it ""petulant."" Pet, for short."
2503,36,0,0,23,23,1.0,0.044455422447438706,599,Isn't he cute?! We're really attached below the hip!
2407,36,0,0,23,23,1.0,0.044455422447438706,599,"Mom, Dad, may keep him - he's really attached to me?"
2377,36,0,0,23,23,1.0,0.044455422447438706,599,The shelter said its separation anxiety.
2340,36,0,0,23,23,1.0,0.044455422447438706,599,I met someone this morning during my daily swim at the club.
2241,36,0,0,23,23,1.0,0.044455422447438706,599,"Yup, the ankle monitor."
2141,36,0,0,23,23,1.0,0.044455422447438706,599,No jail time but I have six more months with the ankle monitor lizard
2082,36,0,0,23,23,1.0,0.044455422447438706,599,"You've got a great game concept here, but next time try throwing a stick instead."
2054,36,0,0,23,23,1.0,0.044455422447438706,599,He isn't yet cave-broken.
2004,36,0,0,23,23,1.0,0.044455422447438706,599,What would Fred Flintstone have done?
1848,36,0,0,23,23,1.0,0.044455422447438706,599,We're still hoping he'll evolve into a cat.
1822,36,0,0,23,23,1.0,0.044455422447438706,599,These new lizard shoes are uncomfortable at first but very stylish.
1790,36,0,0,23,23,1.0,0.044455422447438706,599,Her coach is working with her on her separation anxiety.
3074,36,0,0,23,23,1.0,0.044455422447438706,599,It’s so I don’t skip bail.
3149,36,0,0,23,23,1.0,0.044455422447438706,599,Tribunal order.
3361,36,0,0,23,23,1.0,0.044455422447438706,599,It’s a monitor for my house arrest.
3374,36,0,0,23,23,1.0,0.044455422447438706,599,The upside is that he leaves my shoes alone.
4693,36,0,0,23,23,1.0,0.044455422447438706,599,He's anxious whenever I leave the cave...
4605,36,0,0,23,23,1.0,0.044455422447438706,599,He followed me home from school.
4586,36,0,0,23,23,1.0,0.044455422447438706,599,"I said it's 'crunch time' - Shake a leg, will ya?!"
4536,36,0,0,23,23,1.0,0.044455422447438706,599,"It’s a little awkward, but at-home monitoring sure beats the alternative."
4199,36,0,0,23,23,1.0,0.044455422447438706,599,I don't think I'm in real danger until did I don't think I'm in real danger until it digests Marvin.
4091,36,0,0,23,23,1.0,0.044455422447438706,599,It was this or Rikers.
4005,36,0,0,23,23,1.0,0.044455422447438706,599,I'm trying out a new symbiotic relationship.
4001,36,0,0,23,23,1.0,0.044455422447438706,599,You wouldn't believe how cute it used to be.
1761,36,0,0,23,23,1.0,0.044455422447438706,599,The judge gave me 30 days cave arrest.
3948,36,0,0,23,23,1.0,0.044455422447438706,599,"So, sourpuss...what's biting you?"
3898,36,0,0,23,23,1.0,0.044455422447438706,599,Your messenger got a hold of us but we have to kill him.
3885,36,0,0,23,23,1.0,0.044455422447438706,599,The Elders put this thing on me until the council meeting next week.
3879,36,0,0,23,23,1.0,0.044455422447438706,599,He self identifies as canine.
3833,36,0,0,23,23,1.0,0.044455422447438706,599,He means well.
3741,36,0,0,23,23,1.0,0.044455422447438706,599,Alice’s separation anxiety was beginning to show.
3671,36,0,0,23,23,1.0,0.044455422447438706,599,This is what we call ‘disorganized attachment’.
3421,36,0,0,23,23,1.0,0.044455422447438706,599,"Now that your Buffy and Muffy have died off, my Tuffy is getting clingy."
3400,36,0,0,23,23,1.0,0.044455422447438706,599,"Being under ""cave arrest"" was not as easy as I thought it would be."
3931,36,0,0,23,23,1.0,0.044455422447438706,599,I'm under house arrest. I get to eat my ankle bracelet when I'm released.
1724,36,0,0,23,23,1.0,0.044455422447438706,599,He is hinting he wants to be fed
1491,36,0,0,23,23,1.0,0.044455422447438706,599,He assures me this will be a breakthrough paleontological discovery in the millenia to come.
1304,36,0,0,23,23,1.0,0.044455422447438706,599,I can’t seem to shake this tingling sensation in my leg.
4598,36,0,0,30,30,1.0,0.03390317518104052,599,It was this or six months in prison.
4489,36,0,0,30,30,1.0,0.03390317518104052,599,Trixie has a touch of stranger anxiety.
3685,36,0,0,30,30,1.0,0.03390317518104052,599,All i said was 'hey presto'.
3582,36,0,0,30,30,1.0,0.03390317518104052,599,Only 9 months and 17 days till my probation ends -- and not a day too soon.
3457,36,0,0,30,30,1.0,0.03390317518104052,599,I’m just thankful I don’t have to go through this alone.
3448,36,0,0,20,20,1.0,0.051298917604257706,599,Porcupineded. Future will know it as 'cuckolded' or ball and chain.
3141,36,0,0,20,20,1.0,0.051298917604257706,599,They call it attachment parenting.
3109,36,0,0,30,30,1.0,0.03390317518104052,599,"""Sorry I can't go out tonight, I've got to look after the ankle-biter""."
4720,36,0,0,30,30,1.0,0.03390317518104052,599,Do you think I'll need to have it surgically removed?
3077,36,0,0,20,20,1.0,0.051298917604257706,599,Have we invented time yet?
2812,36,0,0,30,30,1.0,0.03390317518104052,599,Socrates didn't warn me about this.
2604,36,0,0,20,20,1.0,0.051298917604257706,599,"I had considered going out with you ladies, but then, I caved!"
2483,36,0,0,30,30,1.0,0.03390317518104052,599,"It's called ""cave arrest"" mom, and believe me, it's a thousand times better than doing time at the Rock."
2439,36,0,0,20,20,1.0,0.051298917604257706,599,It's a lot cheaper than a leash.
2183,36,0,0,30,30,1.0,0.03390317518104052,599,"Don't worry, it just separation anxiety."
2146,36,0,0,20,20,1.0,0.051298917604257706,599,"Komodo, and I’ve been draggin’ him around all day."
1979,36,0,0,30,30,1.0,0.03390317518104052,599,It's a condition of bail.
1926,36,0,0,20,20,1.0,0.051298917604257706,599,You were right. I should have gotten married.
2898,36,0,0,30,30,1.0,0.03390317518104052,599,He's really very friendly.
99,36,0,0,19,19,1.0,0.05407380704358751,599,"Parole's going okay, and next Tuesday I will be able to leave the encampment."
5017,36,0,0,30,30,1.0,0.03390317518104052,599,We've been working on distraction training.
5305,36,0,0,30,30,1.0,0.03390317518104052,599,It's an evolving relationship.
1106,36,0,0,23,23,1.0,0.044455422447438706,599,He does this since Marge left.
1088,36,0,0,23,23,1.0,0.044455422447438706,599,"Okay, I'm sorry I said my ankle-biter is cuter than any in your brood."
1022,36,0,0,23,23,1.0,0.044455422447438706,599,I'm on house arrest until T. Rex decides what to do with me.
1001,36,0,0,23,23,1.0,0.044455422447438706,599,Sorry I can't make it out. The old lady has been gnawing at me lately.
977,36,0,0,23,23,1.0,0.044455422447438706,599,"Welp, I guess I'm stuck here for another year!"
595,36,0,0,23,23,1.0,0.044455422447438706,599,"Sorry, I'm under house arrest and I can't leave my cave"
515,36,0,0,23,23,1.0,0.044455422447438706,599,"Sorry, he gets possessive around Neanderthals."
420,36,0,0,23,23,1.0,0.044455422447438706,599,It was Bound to happen
5191,36,0,0,20,20,1.0,0.051298917604257706,599,"Yah, years of inbreeding is a problem, but he almost has 'heel' down."
321,36,0,0,23,23,1.0,0.044455422447438706,599,"It's not Weejuns, but he is very comfortable once you get past the vice grip."
198,36,0,0,23,23,1.0,0.044455422447438706,599,And I thought the yapping was gonna get to me!
5314,36,0,0,28,28,1.0,0.036369648372665396,599,Wait till you see her when she's hungry.
4853,36,0,0,28,28,1.0,0.036369648372665396,599,This is his idea of a chastity belt.
3670,36,0,0,28,28,1.0,0.036369648372665396,599,Spike's separation anxiety is a bit challenging!
2805,36,0,0,28,28,1.0,0.036369648372665396,599,He's a republican...
5535,36,0,0,30,30,1.0,0.03390317518104052,599,I've been placed under cave arrest with an ankle monitor that detects tampering.
5452,36,0,0,30,30,1.0,0.03390317518104052,599,"Maybe I won't be able to solve it in my lifetime but I know there's a connection. And if not me, then my son, or another Darwin somewhere down the line, will figure it out..."
5422,36,0,0,20,20,1.0,0.051298917604257706,599,"You said your pet doesn't bite!"" ""He's not our pet."
318,36,0,0,23,23,1.0,0.044455422447438706,599,It still needs to be cooked.
79,36,0,0,19,19,1.0,0.05407380704358751,599,Let’s try that wolf we saw at our garbage dump.
5339,36,0,0,26,26,1.0,0.03922322702763681,599,He's the ankle monitor for my house arrest.
5255,36,0,0,26,26,1.0,0.03922322702763681,599,My mother always said she didn’t like the way he looked at me. But did I listen? I was so flattered that he always complimented me for my beautiful legs. Now I know that he just sees me as a piece of meat. Men can be such beasts!
667,36,0,0,25,25,1.0,0.040824829046386304,599,He doesn’t realize that the Paleo diet is just a fad.
268,36,0,0,25,25,1.0,0.040824829046386304,599,Thanks for the visit. Being under Cave Arrest is a real pain.
2986,36,0,0,34,34,1.0,0.029854071701326604,599,I can’t find my leash.
2177,36,0,0,34,34,1.0,0.029854071701326604,599,"It's nothing serious, he just wants a walk"
681,36,0,0,34,34,1.0,0.029854071701326604,599,I'm rooting for the meteor.
199,36,0,0,34,34,1.0,0.029854071701326604,599,"Yeah, he imprinted with me when he was born but now we have a failure to launch!"
5564,36,0,0,27,27,1.0,0.03774256780481986,599,We got a new security system and we're still trying to figure out how to work it.
5494,36,0,0,27,27,1.0,0.03774256780481986,599,"Oh, don't worry. It's just a nip..."
5487,36,0,0,27,27,1.0,0.03774256780481986,599,"Sorry guys I cant leave, I got six months cave arrest"
5429,36,0,0,27,27,1.0,0.03774256780481986,599,He's just acting out. His mother was last night's entree.
5190,36,0,0,27,27,1.0,0.03774256780481986,599,"""He's a clinger, but he's house broken"". He's a clinger, but he's house broken'."
5162,36,0,0,27,27,1.0,0.03774256780481986,599,"Sorry, I can't today, I'm still on house arrest."
4954,36,0,0,27,27,1.0,0.03774256780481986,599,And he's so playful and cute and I just love him and his name is Phineas.
4847,36,0,0,27,27,1.0,0.03774256780481986,599,"My parole officer is sensitive to social stigma, so he lobbied hard to get me the slim model."
4697,36,0,0,27,27,1.0,0.03774256780481986,599,What happened to my dog!
4549,36,0,0,27,27,1.0,0.03774256780481986,599,He ran out of pterodactyl wings so I guess he's settling for legs now.
4259,36,0,0,27,27,1.0,0.03774256780481986,599,"Ankle biter? No, she has higher aspirations than that."
1336,36,0,0,25,25,1.0,0.040824829046386304,599,"It's my latest invention, the bear trap. Now I just need to invent the bear!"
1351,36,0,0,25,25,1.0,0.040824829046386304,599,This motherhood thing is tough. Little Dino has entered the separation anxiety phase and he's turned me into his permanent object. But it is really nice that you two dropped by to see me.
1387,36,0,0,25,25,1.0,0.040824829046386304,599,It's only a prototype. I haven't developed an effective release yet.
1391,36,0,0,25,25,1.0,0.040824829046386304,599,"I can't partner with you, I'm already bound by a thorny contract with a binding clause."
5413,36,0,0,25,25,1.0,0.040824829046386304,599,He’s having difficulty sticking to the Paleo diet.
5249,36,0,0,25,25,1.0,0.040824829046386304,599,It's supposed to stop me from stealing.
4779,36,0,0,25,25,1.0,0.040824829046386304,599,It’s just separation anxiety.
4578,36,0,0,25,25,1.0,0.040824829046386304,599,"Oh, don’t mind Buster. He is just in his oral phase."
4570,36,0,0,25,25,1.0,0.040824829046386304,599,I get the ankle tether off next week.
4324,36,0,0,25,25,1.0,0.040824829046386304,599,she is a bit possessive
4291,36,0,0,25,25,1.0,0.040824829046386304,599,It's ok. He's been chomping at the bit to go outside.
3926,36,0,0,25,25,1.0,0.040824829046386304,599,"It's something new called ""House Arrest""."
4137,36,0,0,27,27,1.0,0.03774256780481986,599,I told him he was extinct!
3465,36,0,0,25,25,1.0,0.040824829046386304,599,"Yeh ! apparently it's a new law enforcement development, tagging they said."
3088,36,0,0,25,25,1.0,0.040824829046386304,599,I call him my chief strategist.
2752,36,0,0,25,25,1.0,0.040824829046386304,599,I'm under house arrest for blowing smoke.
2666,36,0,0,25,25,1.0,0.040824829046386304,599,He hates it when I go to play Mahjong.
2393,36,0,0,25,25,1.0,0.040824829046386304,599,"Mom and Dad, I promise I'll feed him and rub his scales every day!"
2350,36,0,0,25,25,1.0,0.040824829046386304,599,Sorry I can't join your dinosaur roast...I'm under cave arrest.
2185,36,0,0,25,25,1.0,0.040824829046386304,599,You're still not in compliance with the leash law!
1678,36,0,0,25,25,1.0,0.040824829046386304,599,"Just remember that as we head into 2018 our job is still to 'Resist"" even if annoying obstacles are encountered from time to time."
1449,36,0,0,25,25,1.0,0.040824829046386304,599,He's been very attached to me ever since he was weaned.
3306,36,0,0,25,25,1.0,0.040824829046386304,599,Judge Og gave me three weeks of cave arrest.
4064,36,0,0,27,27,1.0,0.03774256780481986,599,We.....well me more than him.....would like to know how to remove an animal whose clamped on to a leg.
3839,36,0,0,18,18,1.0,0.05716619504750295,599,My ankylosaurus is teething.”
3810,36,0,0,27,27,1.0,0.03774256780481986,599,Her bark is worse than her bite.
1146,36,0,0,27,27,1.0,0.03774256780481986,599,"Honest, he followed me home. Can I keep him?"
1037,36,0,0,27,27,1.0,0.03774256780481986,599,His bite is much worse than his bark.
976,36,0,0,27,27,1.0,0.03774256780481986,599,His has already cost me an arm and a leg.
3131,36,0,0,28,28,1.0,0.036369648372665396,599,He's afraid I will leave him alone.
964,36,0,0,18,18,1.0,0.05716619504750295,599,"In their culture, it's an engagement deposit."
885,36,0,0,27,27,1.0,0.03774256780481986,599,"Well, at least he's not chewing on the new stone couch anymore."
740,36,0,0,27,27,1.0,0.03774256780481986,599,The judge gave me 30 days cave incarceration.
729,36,0,0,27,27,1.0,0.03774256780481986,599,"He's cave trained well, but won't let me go near the spear."
1217,36,0,0,27,27,1.0,0.03774256780481986,599,"...ankylosaurus monitor, 3 days of parole left."
718,36,0,0,27,27,1.0,0.03774256780481986,599,"So I avoided jail time, but I gotta be on house arrest for the next 6 months."
356,36,0,0,27,27,1.0,0.03774256780481986,599,"Don't yell at him, whatever you do."
157,36,0,0,27,27,1.0,0.03774256780481986,599,I promised I'd be more tolerant but now I'm not so sure.
50,36,0,0,27,27,1.0,0.03774256780481986,599,Next question stupid!
4554,36,0,0,31,31,1.0,0.032791291789197645,599,And he calls me a ball and chain! And he calls me a ball and chain! TimothySmith
4327,36,0,0,31,31,1.0,0.032791291789197645,599,I don't think Lenny is a herbivore.
4303,36,0,0,31,31,1.0,0.032791291789197645,599,I haven't been able to take a walk in ages.
3917,36,0,0,31,31,1.0,0.032791291789197645,599,Just watch: I will train my stegosaurus to behave better than the great leader.
3868,36,0,0,31,31,1.0,0.032791291789197645,599,And at least we don't have any furniture.
530,36,0,0,27,27,1.0,0.03774256780481986,599,I went to Court today and they let me out with an Ankle Bracelet.
5420,36,0,0,25,25,1.0,0.040824829046386304,599,"I wanted to leave him at home, but he has attachment issues."
1359,36,0,0,27,27,1.0,0.03774256780481986,599,I finally got the spot right in front of my cave.
1868,36,0,0,27,27,1.0,0.03774256780481986,599,He no longer jumps and tries to lick my face.
3618,36,0,0,27,27,1.0,0.03774256780481986,599,It's in-cave detentiion
3186,36,0,0,27,27,1.0,0.03774256780481986,599,They've just invented plastic so your new ankle monitor will probably be more comfortable.
2981,36,0,0,27,27,1.0,0.03774256780481986,599,"He keeps smearing my pictures, but my calves look great."
2896,36,0,0,27,27,1.0,0.03774256780481986,599,"Sometimes we get a little too close to our pets, don't we?"
2852,36,0,0,27,27,1.0,0.03774256780481986,599,"He’s toilet trained, but I haven’t invented a muzzle for him yet."
2806,36,0,0,27,27,1.0,0.03774256780481986,599,that's a real leg snapper!!
2711,36,0,0,27,27,1.0,0.03774256780481986,599,Judge Ogg placed me under cave-detention until the trial.
2682,36,0,0,27,27,1.0,0.03774256780481986,599,"It's OK, I wasn't going anywhere anyway."
1550,36,0,0,27,27,1.0,0.03774256780481986,599,"I thought you said your stegosaurus didn't bite. Oh, it's not your stegosaurus?"
2628,36,0,0,27,27,1.0,0.03774256780481986,599,and this is my ball and chain.....
2388,36,0,0,27,27,1.0,0.03774256780481986,599,Whose turn was it to feed Fido?
2362,36,0,0,27,27,1.0,0.03774256780481986,599,The judge said it'll come off in six months if I don't start any more fires.
2303,36,0,0,27,27,1.0,0.03774256780481986,599,It's my wallet. Just needs a little design work.
2278,36,0,0,27,27,1.0,0.03774256780481986,599,He just hates it when Mama has to go shopping.
2245,36,0,0,27,27,1.0,0.03774256780481986,599,"Turns out ""evolution"" is a bit of a hot button."
2171,36,0,0,27,27,1.0,0.03774256780481986,599,"Yeah, he’s still teething, but he’s cave-broken."
1949,36,0,0,27,27,1.0,0.03774256780481986,599,I'm really hoping the vet was right and he grows out of his teething stage soon
1929,36,0,0,27,27,1.0,0.03774256780481986,599,"It's called ""home detention""."
2472,36,0,0,27,27,1.0,0.03774256780481986,599,30 years in and he's still in the oral phase...
3759,36,0,0,31,31,1.0,0.032791291789197645,599,I can't leave home without him.
2512,36,0,0,32,32,1.0,0.031750031750047626,599,"Honey, please call the exterminator."
3784,36,0,0,32,32,1.0,0.031750031750047626,599,Look what I found swimming in the holy water.
517,36,0,0,26,26,1.0,0.03922322702763681,599,"You get used to it, unlike the food in prison."
510,36,0,0,26,26,1.0,0.03922322702763681,599,He's a rescue from the past.
5547,36,0,0,28,28,1.0,0.036369648372665396,599,I thought I had him trained to snare rabbits and foxes but I think he has trouble with species identification.
5545,36,0,0,28,28,1.0,0.036369648372665396,599,It's my new ankle bracelet
5081,36,0,0,28,28,1.0,0.036369648372665396,599,He has seperation anxiety issues.
4998,36,0,0,28,28,1.0,0.036369648372665396,599,You were the one who taught him fetch bones.
4997,36,0,0,28,28,1.0,0.036369648372665396,599,I told you not to try petting him!
4726,36,0,0,28,28,1.0,0.036369648372665396,599,"But Mom, you've always told me I'd understand better when I grew up and got my own little ankle-biter."
4556,36,0,0,28,28,1.0,0.036369648372665396,599,They say it's because of the way I dress.
4374,36,0,0,28,28,1.0,0.036369648372665396,599,I’ve been assured by the pet monster experts that it’s only a phase.
4278,36,0,0,28,28,1.0,0.036369648372665396,599,He's housebroken but we have a call in to the dinosaur whisperer.
4211,36,0,0,28,28,1.0,0.036369648372665396,599,"Released under your supervision, Ma. Have to wear this new ankle bracelet..."
4105,36,0,0,28,28,1.0,0.036369648372665396,599,Wearing this ankle bracelet is a real pain..
3927,36,0,0,21,21,1.0,0.048795003647426664,599,They need to teethe when they're infants.
3795,36,0,0,28,28,1.0,0.036369648372665396,599,They're really cute when they're little.
3748,36,0,0,28,28,1.0,0.036369648372665396,599,The first known incident of biting commentary.
3716,36,0,0,28,28,1.0,0.036369648372665396,599,Bought him under the premise this was a mutualistic relationship. So far he's yet to pull his weight.
559,36,0,0,26,26,1.0,0.03922322702763681,599,"There are two ungrateful dogs I packed. Both are messy, full of feces, love to spew, smell and eat their own excrement. It is time to get them back home at the White House."
622,36,0,0,26,26,1.0,0.03922322702763681,599,I believe this cave is occupied.
1112,36,0,0,26,26,1.0,0.03922322702763681,599,It's called 'house arrest.'
1156,36,0,0,26,26,1.0,0.03922322702763681,599,I haven't worked out all the kinks in the domestication-made-easy course I'm taking but they assure me I am headed in the right direction.
5085,36,0,0,26,26,1.0,0.03922322702763681,599,"I just got him yesterday, but he has already become quite attached."
4995,36,0,0,26,26,1.0,0.03922322702763681,599,"Well yes, I do have a problem. Now Gert if you Will hold his lower jaw and Kayla, you grab his snout firmly..."
4863,36,0,0,26,26,1.0,0.03922322702763681,599,Actually his screech is much worse than his bite
4481,36,0,0,26,26,1.0,0.03922322702763681,599,"He's a rescue, but really he rescued me."
4440,36,0,0,26,26,1.0,0.03922322702763681,599,Don't just stand there. Draw something!
4279,36,0,0,26,26,1.0,0.03922322702763681,599,"Well, now I need a rabies shot"
4049,36,0,0,26,26,1.0,0.03922322702763681,599,She makes me weak in the knees
3852,36,0,0,26,26,1.0,0.03922322702763681,599,He reports my movements to the authorities.
3686,36,0,0,28,28,1.0,0.036369648372665396,599,He’s just an obligate carnivore.
3803,36,0,0,26,26,1.0,0.03922322702763681,599,The last of her unkind.
3028,36,0,0,26,26,1.0,0.03922322702763681,599,"Mom and Dad, I think I found your sex toy."
2748,36,0,0,26,26,1.0,0.03922322702763681,599,It's just my court ordered ankle monitor. I'm on parole.
2583,36,0,0,26,26,1.0,0.03922322702763681,599,"Sorry son, we live in a cave, this is the only way to ground you."
2212,36,0,0,26,26,1.0,0.03922322702763681,599,"How did we not survive? Every time I catch one of these tasty things, a couple more of them show up."
2019,36,0,0,26,26,1.0,0.03922322702763681,599,Fake open-house
1927,36,0,0,26,26,1.0,0.03922322702763681,599,We call him our discomfort pet.
1536,36,0,0,26,26,1.0,0.03922322702763681,599,We met in Jersey. She's very all that and a side of potato salad.
1455,36,0,0,26,26,1.0,0.03922322702763681,599,We’re aril working on ‘heel’.
3626,36,0,0,26,26,1.0,0.03922322702763681,599,Please stop telling him to go fetch!
3633,36,0,0,28,28,1.0,0.036369648372665396,599,"When he asked me about Darwin, I answered: ""Bite me!"" He didn't take it well!"
3627,36,0,0,21,21,1.0,0.048795003647426664,599,They call it “house arrest”. Why don’t they just put us all in the same cave so I can have some company?
3357,36,0,0,28,28,1.0,0.036369648372665396,599,It's the latest fashion trend. I call it an anklet.
1980,36,0,0,28,28,1.0,0.036369648372665396,599,The judge said it's this or go to jail.
1958,36,0,0,28,28,1.0,0.036369648372665396,599,She's very needy.
1533,36,0,0,28,28,1.0,0.036369648372665396,599,"It's fine, I got it bitten by a stegosaurus yesterday."
1349,36,0,0,28,28,1.0,0.036369648372665396,599,"I was “loitering”, apparently it’s called a Sterkfontein Boot."
1121,36,0,0,28,28,1.0,0.036369648372665396,599,"He's a pup, I am hoping he evolves out of his chewing stage."
1110,36,0,0,28,28,1.0,0.036369648372665396,599,She wants to go out.
947,36,0,0,28,28,1.0,0.036369648372665396,599,I was assured he’s an herbivore.
928,36,0,0,28,28,1.0,0.036369648372665396,599,We told you to never feed a stray.
2017,36,0,0,28,28,1.0,0.036369648372665396,599,He has really bad separation anxiety and doesn't want me to leave the cave today.
829,36,0,0,28,28,1.0,0.036369648372665396,599,"House arrest isn't so bad, but the security bracelet gets in the way sometimes."
475,36,0,0,28,28,1.0,0.036369648372665396,599,My doctor says it can come off next week.
285,36,0,0,28,28,1.0,0.036369648372665396,599,Usually he's very good but Trump has gotten to him.
237,36,0,0,21,21,1.0,0.048795003647426664,599,He was such a cute baby.
137,36,0,0,28,28,1.0,0.036369648372665396,599,"I call it a ""burglar alarm""."
47,36,0,0,28,28,1.0,0.036369648372665396,599,"""I'm not a Guru, people send me things, apparently I'm an Influencer""."
4656,36,0,0,32,32,1.0,0.031750031750047626,599,"""He wants me to pet him""."
4476,36,0,0,32,32,1.0,0.031750031750047626,599,I was expecting a floral delivery....Isn't this snapdragon...No?...oh no.....
4118,36,0,0,32,32,1.0,0.031750031750047626,599,croc skin anklet sounded smaller
739,36,0,0,28,28,1.0,0.036369648372665396,599,"I'm under cave arrest. It was either that, or jail time."
3370,36,0,0,32,32,1.0,0.031750031750047626,599,how many times do we have to tell you to stop bringing people home.
2022,36,0,0,28,28,1.0,0.036369648372665396,599,"You can call him ugly, but don't ever call him stupid."
2134,36,0,0,28,28,1.0,0.036369648372665396,599,My lawyer plea bargained me cave arrest for a year in lieu of a stint on Rikers Island.
3330,36,0,0,28,28,1.0,0.036369648372665396,599,It was either this or cleaning dino doo-doo in Central Park.
3232,36,0,0,28,28,1.0,0.036369648372665396,599,The court said I have to wear this ankle bracelet.
3120,36,0,0,28,28,1.0,0.036369648372665396,599,I'm sorry...I can't go. He gets painfully jealous if I'm out and about.
3099,36,0,0,28,28,1.0,0.036369648372665396,599,I thought you said your dog doesn't bite ?
3084,36,0,0,21,21,1.0,0.048795003647426664,599,"Home confinement, ug."
3062,36,0,0,28,28,1.0,0.036369648372665396,599,Animal domestication is not what it is cracked up to be!
3055,36,0,0,28,28,1.0,0.036369648372665396,599,"It is something I'm working on...""Alligator shoes"""
3047,36,0,0,28,28,1.0,0.036369648372665396,599,He's adopting to being adopted!
2122,36,0,0,28,28,1.0,0.036369648372665396,599,"It’s not what it looks like, I’m just into vore now."
3016,36,0,0,28,28,1.0,0.036369648372665396,599,Unfortunately I come with some past baggage
2853,36,0,0,28,28,1.0,0.036369648372665396,599,He follow me home. I can keep?
2837,36,0,0,28,28,1.0,0.036369648372665396,599,"My trainer says, 'There are no bad dinosaurs, just bad owners.'"
2797,36,0,0,28,28,1.0,0.036369648372665396,599,"Sorry, he has some extinction issues."
2743,36,0,0,28,28,1.0,0.036369648372665396,599,"Sorry guys, still under cave arrest."
2704,36,0,0,28,28,1.0,0.036369648372665396,599,Og put it on after my third jaywalking ticket.
2636,36,0,0,21,21,1.0,0.048795003647426664,599,'House arrest would be so much better with a ankle monitor.'
2632,36,0,0,28,28,1.0,0.036369648372665396,599,I'm just relieved he doesn't love my leg anymore.
2329,36,0,0,21,21,1.0,0.048795003647426664,599,"Mommy, Daddy?!? I’ll feed it myself!! Can I keep it? Puleeeze!!"
3009,36,0,0,28,28,1.0,0.036369648372665396,599,I can't go with you now. He wants me to paint his picture on the wall.
3123,36,0,0,28,28,1.0,0.036369648372665396,599,I guess you will do
2007,36,0,0,24,24,1.0,0.04256282653793743,599,We didn't train him to heel correctly.
2975,36,0,0,28,28,1.0,0.036369648372665396,599,"...And if Lulu gives you any trouble while I’m away, just crush her skull with a big rock."
2678,36,0,0,30,30,1.0,0.03390317518104052,599,"I know, but it's gonna be extinguished soon."
2650,36,0,0,30,30,1.0,0.03390317518104052,599,It will probably take a few more thousand years before I'd really consider him 'domesticated.'
2649,36,0,0,30,30,1.0,0.03390317518104052,599,I didn't think she would be so clingy.
2638,36,0,0,30,30,1.0,0.03390317518104052,599,It’s the old ball and chain...
2609,36,0,0,30,30,1.0,0.03390317518104052,599,No - I said my Leg-is-sore-us.
2402,36,0,0,30,30,1.0,0.03390317518104052,599,Ouch.
2389,36,0,0,30,30,1.0,0.03390317518104052,599,It's his way of conveying that his separation anxiety is leg-itimate.
2298,36,0,0,30,30,1.0,0.03390317518104052,599,"Bork said no worries, all breeds harmless."
2276,36,0,0,30,30,1.0,0.03390317518104052,599,You can go get help or we can wait for an asteroid impact.
2275,36,0,0,30,30,1.0,0.03390317518104052,599,I mentioned my clutch purse and he went berserk!
2242,36,0,0,30,30,1.0,0.03390317518104052,599,I’ve got him on the Paleo diet.
2166,36,0,0,30,30,1.0,0.03390317518104052,599,"You tell me. All I said was ""I need something for my feet from Foot Locker' and up he popped."
1954,36,0,0,30,30,1.0,0.03390317518104052,599,You said his Jurassic bark was worse than his Jurassic bite!
1938,36,0,0,30,30,1.0,0.03390317518104052,599,"I only got him yesterday, but he is already very attached to me!"
1930,36,0,0,30,30,1.0,0.03390317518104052,599,"Don't worry, Lizzie still only has her hatching teeth."
1903,36,0,0,30,30,1.0,0.03390317518104052,599,Just a couple more weeks of house arrest
1836,36,0,0,30,30,1.0,0.03390317518104052,599,I think he loves me.
2680,36,0,0,30,30,1.0,0.03390317518104052,599,She loves children.
2695,36,0,0,30,30,1.0,0.03390317518104052,599,"If you can make one of these out of iron, I got the name for it."
2777,36,0,0,30,30,1.0,0.03390317518104052,599,"I can't come, I'm under court ordered cave arrest."
2940,36,0,0,30,30,1.0,0.03390317518104052,599,What are you looking at?
4035,36,0,0,30,30,1.0,0.03390317518104052,599,Please tell me that you're pulling my leg...
3895,36,0,0,30,30,1.0,0.03390317518104052,599,The judge put me under cave arrest. It has orders to eat me if I try to leave.
3827,36,0,0,30,30,1.0,0.03390317518104052,599,"I can't go tonight, the Court ordered me to 60 days home detention."
3816,36,0,0,30,30,1.0,0.03390317518104052,599,Has anyone seen my other shoe?
3800,36,0,0,30,30,1.0,0.03390317518104052,599,He says he won't twist if I just let him stay here for a few days.
3786,36,0,0,30,30,1.0,0.03390317518104052,599,"Mom and Dad, please let me keep him. I promise to feed him everyday."
3772,36,0,0,30,30,1.0,0.03390317518104052,599,"You never know, you should see what John has done with his wolf."
3558,36,0,0,30,30,1.0,0.03390317518104052,599,Paleolithic House Arrest
1806,36,0,0,30,30,1.0,0.03390317518104052,599,We're still working on that 'man's best friend' thing.
3480,36,0,0,30,30,1.0,0.03390317518104052,599,She makes me wear him so I won't forget our anniversary again.
3320,36,0,0,30,30,1.0,0.03390317518104052,599,It's an ankle bracelet.
3311,36,0,0,30,30,1.0,0.03390317518104052,599,A prehistoric form of House Arrest
3229,36,0,0,30,30,1.0,0.03390317518104052,599,Living with you was no picnic either.
3209,36,0,0,30,30,1.0,0.03390317518104052,599,He doesn’t want me to leave
3106,36,0,0,30,30,1.0,0.03390317518104052,599,"When I said I wouldn’t mind having a little ankle-biter around, this isn’t exactly what I had in mind."
3094,36,0,0,30,30,1.0,0.03390317518104052,599,"Finally got him to stop humping my leg, but his codependency still needs some work."
3083,36,0,0,30,30,1.0,0.03390317518104052,599,He was a rescue Pitbullasaurus
3065,36,0,0,30,30,1.0,0.03390317518104052,599,Larry makes me wear it while he's at work cuz he thinks I'll fool around with the new guy two caves down.
3381,36,0,0,30,30,1.0,0.03390317518104052,599,"And I said ‘No, I’m a Male, man.’"
4092,36,0,0,30,30,1.0,0.03390317518104052,599,If you guys would’ve alteady invented the leash this could have been avoided.
1672,36,0,0,30,30,1.0,0.03390317518104052,599,"Guess, I should introduce ya to the old' gnaw and chain."
1652,36,0,0,30,30,1.0,0.03390317518104052,599,Neither the doctor nor the nurse knew a cure for this rare form of foot-and-mouth disease.
642,36,0,0,30,30,1.0,0.03390317518104052,599,My wife wanted one of the new security systems that doesn’t have wires all over the cave.
631,36,0,0,30,30,1.0,0.03390317518104052,599,Yes. They get a little attached to you. Why do you ask?
597,36,0,0,30,30,1.0,0.03390317518104052,599,"Bail was reasonable, though."
511,36,0,0,30,30,1.0,0.03390317518104052,599,I have to wear this ankle bracelet until the trial
488,36,0,0,30,30,1.0,0.03390317518104052,599,"The Judge says I have to wear it for 3 months, but the worst part is remembering to feed it."
369,36,0,0,30,30,1.0,0.03390317518104052,599,It’s called up house arrest
353,36,0,0,30,30,1.0,0.03390317518104052,599,"Please let me keep her? She has no home, and she's very attached."
344,36,0,0,30,30,1.0,0.03390317518104052,599,We are going to need some extra ketchup.
319,36,0,0,30,30,1.0,0.03390317518104052,599,I've only had him a week but I've really become attached.
311,36,0,0,30,30,1.0,0.03390317518104052,599,The house arrest devices they’re using these days are positively prehistoric.
260,36,0,0,30,30,1.0,0.03390317518104052,599,"I stole Bolkitchunk's beaver pelts, and now I am in ""cave arrest"" until we replace them."
255,36,0,0,30,30,1.0,0.03390317518104052,599,"I'd offer you a seat, but we're having our furniture reupholstered."
245,36,0,0,30,30,1.0,0.03390317518104052,599,She's got a bad case of separation anxiety.
211,36,0,0,30,30,1.0,0.03390317518104052,599,Come back tomorrow when I'm off house arrest.
120,36,0,0,30,30,1.0,0.03390317518104052,599,"A bit needy, but can I keep him?"
83,36,0,0,30,30,1.0,0.03390317518104052,599,Just tell my kids not to go into paleontology.
7,36,0,0,30,30,1.0,0.03390317518104052,599,You’ve reached the top of the corporate ladder.
647,36,0,0,30,30,1.0,0.03390317518104052,599,"I know it sounds crazy, but he's the one that rescued me!"
728,36,0,0,30,30,1.0,0.03390317518104052,599,Something tells me its dinner time....
807,36,0,0,30,30,1.0,0.03390317518104052,599,Don't worry...he's young and still in the teething stage.
813,36,0,0,30,30,1.0,0.03390317518104052,599,They have me under cave arrest.
1634,36,0,0,30,30,1.0,0.03390317518104052,599,"With a little education, he'll know he's extinct and stop it."
1584,36,0,0,30,30,1.0,0.03390317518104052,599,"For a recent rescue, he’s surprisingly attached to me."
1523,36,0,0,30,30,1.0,0.03390317518104052,599,"Get real, Madge. This ain't Bedrock."
1510,36,0,0,30,30,1.0,0.03390317518104052,599,It's an ankle monitor. A new thing that they just invented.
1507,36,0,0,30,30,1.0,0.03390317518104052,599,He bites when he's nervous - he's a rescue.
1485,36,0,0,30,30,1.0,0.03390317518104052,599,"I'm inventing the ""pet"" concept."
1400,36,0,0,30,30,1.0,0.03390317518104052,599,"So as a hedge trimmer, it still has a few glitches to iron out."
1390,36,0,0,30,30,1.0,0.03390317518104052,599,Perhaps alligator boots would be more comfortable.
1657,36,0,0,30,30,1.0,0.03390317518104052,599,Your security system is so primitive.
1247,36,0,0,30,30,1.0,0.03390317518104052,599,I don't mind being under cave-arrest except for the ankle monitor.
1194,36,0,0,30,30,1.0,0.03390317518104052,599,I've been placed under house arrest.
1087,36,0,0,30,30,1.0,0.03390317518104052,599,"No, really, his bark is worse than his bite"
1063,36,0,0,30,30,1.0,0.03390317518104052,599,"We got him at a shelter but based on the nipping, I think he is part Labrador."
1049,36,0,0,30,30,1.0,0.03390317518104052,599,No one told me house arrest would be this painful.
919,36,0,0,30,30,1.0,0.03390317518104052,599,"Home arrest ankle monitor, circa 2000 B.C."
879,36,0,0,30,30,1.0,0.03390317518104052,599,I knew the breeder was lying when he said she was a micro-crocodile.
875,36,0,0,30,30,1.0,0.03390317518104052,599,It's a velcrosaurus.
822,36,0,0,30,30,1.0,0.03390317518104052,599,"Fortunately, he's hypoallergenic."
1228,36,0,0,30,30,1.0,0.03390317518104052,599,I think this means he said yes to the dress.
4145,36,0,0,30,30,1.0,0.03390317518104052,599,Sorry ladies. I've been under house arrest since our last ladies night out.
4192,36,0,0,30,30,1.0,0.03390317518104052,599,"The poor thing thinks I'm its mother, who it ate."
4207,36,0,0,30,30,1.0,0.03390317518104052,599,They told me he was a Vegan.
5563,36,0,0,32,32,1.0,0.031750031750047626,599,Perhaps I should have used the shock collar.
5541,36,0,0,32,32,1.0,0.031750031750047626,599,The training has been a bit rough.
5529,36,0,0,32,32,1.0,0.031750031750047626,599,No problem. He is just teething.
5193,36,0,0,32,32,1.0,0.031750031750047626,599,"I sent him to an obedience training school, but he ate the teachers."
5130,36,0,0,32,32,1.0,0.031750031750047626,599,"He either doesn't understand the concept, or he's telling me never again to ask him to play fetch."
4893,36,0,0,32,32,1.0,0.031750031750047626,599,It's two against one. You barely have a leg to stand on.
4796,36,0,0,32,32,1.0,0.031750031750047626,599,"He already got an eye and an arm from us, this was inevitable."
4501,36,0,0,32,32,1.0,0.031750031750047626,599,"Yes, but do you realize how much a pre-nup would have cost?"
4461,36,0,0,32,32,1.0,0.031750031750047626,599,What breed? He's a Stego'sore'us.
4444,36,0,0,32,32,1.0,0.031750031750047626,599,"We got him for our daughter, but he follows me everywhere."
4439,36,0,0,32,32,1.0,0.031750031750047626,599,Rescue pets often have over-attachment issues.
4306,36,0,0,32,32,1.0,0.031750031750047626,599,The bracelet will be coming off in a month and I'll be off house arrest.
4172,36,0,0,32,32,1.0,0.031750031750047626,599,The vet said we had to change his food.
4160,36,0,0,32,32,1.0,0.031750031750047626,599,No one will ever need more than 640 kilo-bites.
3845,36,0,0,32,32,1.0,0.031750031750047626,599,Chief sentenced me to six moons of Cave Confinement. This ankle monitor hurts like hell!
3811,36,0,0,32,32,1.0,0.031750031750047626,599,Try yanking his tail.
3777,36,0,0,32,32,1.0,0.031750031750047626,599,It's better than your alligator shoes!
3930,36,0,0,41,41,1.0,0.02469323991623974,599,We should rethink the stegosaurus trap.
5342,36,0,0,41,41,1.0,0.02469323991623974,599,It's an all-consuming relationship.
526,36,0,0,25,25,1.0,0.040824829046386304,599,I have to wear this until the trial.
1428,36,0,0,25,25,1.0,0.040824829046386304,599,Someday cave pets will only try to bite unwanted guests.
2998,36,0,0,27,27,1.0,0.03774256780481986,599,"Well, house arrest beats jail any day."
2342,36,0,0,27,27,1.0,0.03774256780481986,599,He was my husband's idea.
1861,36,0,0,36,36,1.0,0.028171808490950554,599,He's so adorable; I call him my little anklet.
1759,36,0,0,36,36,1.0,0.028171808490950554,599,I'm only on house arrest for another couple weeks
1451,36,0,0,27,27,1.0,0.03774256780481986,599,He’s a rescue and we are working on his separation anxiety.
1140,36,0,0,36,36,1.0,0.028171808490950554,599,Sorry I cant make it. The old lady's got me in a vise.
695,36,0,0,36,36,1.0,0.028171808490950554,599,"Sorry, my mom grounded me."
425,36,0,0,27,27,1.0,0.03774256780481986,599,I though he was housebroken.
3733,36,0,0,32,32,1.0,0.031750031750047626,599,"Turns out he's more of a hunter, for gatherers."
366,36,0,0,27,27,1.0,0.03774256780481986,599,I wanted a new pet ... and it cost me an arm and leg.
24,36,0,0,36,36,1.0,0.028171808490950554,599,Could be worse. Used to twerk.
2160,36,0,0,34,34,1.0,0.029854071701326604,599,"No, we can't just put him in the pot !"
86,36,0,0,34,34,1.0,0.029854071701326604,599,I've become quite attached to her.
5483,36,0,0,25,25,1.0,0.040824829046386304,599,"Yes, he really gets under my skin."
5113,36,0,0,25,25,1.0,0.040824829046386304,599,My parole officer said I'll get the ankle monitor off soon.
4524,36,0,0,25,25,1.0,0.040824829046386304,599,My New Year's Resolution was to keep my friends close and my enemies closer.
3622,36,0,0,25,25,1.0,0.040824829046386304,599,how do you like my new ankle piercing?
2254,36,0,0,25,25,1.0,0.040824829046386304,599,They put me on house arrest.
109,36,0,0,27,27,1.0,0.03774256780481986,599,It's okay. He's an herbivore.
3591,36,0,0,32,32,1.0,0.031750031750047626,599,The judge ruled I'm a flight risk.
3550,36,0,0,32,32,1.0,0.031750031750047626,599,Where did we put that book on domestication of animals?
3118,36,0,0,32,32,1.0,0.031750031750047626,599,This one thinks he's an ankle monitor lizard.
5358,36,0,0,30,30,1.0,0.03390317518104052,599,I can't hunt triceratops with you fellas…I'm on house arrest!
5302,36,0,0,30,30,1.0,0.03390317518104052,599,I thought you said your stegosaurus does not bite.
5285,36,0,0,30,30,1.0,0.03390317518104052,599,What are you knuckleheads looking at? Get him off already!
5231,36,0,0,30,30,1.0,0.03390317518104052,599,I'll have to join you guys next time. I've got this one ankle-biter holding me...
5184,36,0,0,30,30,1.0,0.03390317518104052,599,"Go on without me, the ankle is still saur."
5143,36,0,0,30,30,1.0,0.03390317518104052,599,Alligator shoes - they are the latest thing!
5107,36,0,0,30,30,1.0,0.03390317518104052,599,"Well, its’s not exactly like in “The Shape of Water."
5002,36,0,0,30,30,1.0,0.03390317518104052,599,"Looks like it’s the four of us having coffee this morning. Ever since his retirement, Larry’s developed a severe case of separation anxiety. I can never leave home without him."
5371,36,0,0,30,30,1.0,0.03390317518104052,599,I deserved the house arrest. But the new ankle bracelet is giving me a gnawing feeling.
4978,36,0,0,30,30,1.0,0.03390317518104052,599,He’s grown out of the amputation phase
4740,36,0,0,30,30,1.0,0.03390317518104052,599,It’s not so bad — just a few months of cave arrest for insider raiding.
4728,36,0,0,30,30,1.0,0.03390317518104052,599,He's better home protection than our dog.
4695,36,0,0,30,30,1.0,0.03390317518104052,599,I clearly misunderstood when you invited me to dinner and asked if I was a white meat or dark meat kind of guy.
4466,36,0,0,30,30,1.0,0.03390317518104052,599,"I’d love to go but, house arrest really bites."
4441,36,0,0,30,30,1.0,0.03390317518104052,599,"""What 'tiny Stegosaurus'""?"
4269,36,0,0,30,30,1.0,0.03390317518104052,599,My cousin is visiting.
4250,36,0,0,30,30,1.0,0.03390317518104052,599,"So this is where ""break a leg"" came from... hmm."
4237,36,0,0,30,30,1.0,0.03390317518104052,599,Do you know anybody who lost a pet?
4836,36,0,0,30,30,1.0,0.03390317518104052,599,He worries about abandonment
4191,36,0,0,37,37,1.0,0.02739983121755955,599,Not to worry. The pet shop said he’s an herbivore.
5378,36,0,0,30,30,1.0,0.03390317518104052,599,I'd say the latest insect repellent is a bust!
5427,36,0,0,30,30,1.0,0.03390317518104052,599,what you are seeing is love at first bite!
2933,36,0,0,32,32,1.0,0.031750031750047626,599,I’m sorry. I cannot go. I’m under house arrest.
2825,36,0,0,32,32,1.0,0.031750031750047626,599,"First she ate my dear Lisa, then she followed me home."
2631,36,0,0,32,32,1.0,0.031750031750047626,599,We were fooled by his very small paws.
2615,36,0,0,32,32,1.0,0.031750031750047626,599,"Sorry, can't go. House arrest."
2550,36,0,0,32,32,1.0,0.031750031750047626,599,Fortunately he‘s not as savage as the saber-tooth cat we used to have.
2355,36,0,0,32,32,1.0,0.031750031750047626,599,"Yeah, he got very emotional when listened “I’ll follow him” for the first time!"
2316,36,0,0,32,32,1.0,0.031750031750047626,599,Do you think my Jurassic ankle bracelet is too much?
1921,36,0,0,32,32,1.0,0.031750031750047626,599,"I taught him to fetch, but forgot we haven't invented the ball yet."
5410,36,0,0,30,30,1.0,0.03390317518104052,599,It’s my house arrest bracelet
1886,36,0,0,32,32,1.0,0.031750031750047626,599,Looks like we'll be dining in tonight.
1558,36,0,0,32,32,1.0,0.031750031750047626,599,Either he goes extinct or I do.
1079,36,0,0,32,32,1.0,0.031750031750047626,599,He has separation anxiety.
748,36,0,0,32,32,1.0,0.031750031750047626,599,"This ""pet thing"" is a bad idea. He's back to being dinner tonight."
696,36,0,0,32,32,1.0,0.031750031750047626,599,He's not cave trained yet.
5574,36,0,0,30,30,1.0,0.03390317518104052,599,"I’m under cave arrest – thus, the ankle bracelet."
5569,36,0,0,30,30,1.0,0.03390317518104052,599,"Sorry, I'm under house arrest."
5555,36,0,0,30,30,1.0,0.03390317518104052,599,"Don't worry, he's all bite."
5473,36,0,0,30,30,1.0,0.03390317518104052,599,It’ll cost an arm and a leg to keep him.
1719,36,0,0,32,32,1.0,0.031750031750047626,599,I think with a little patience our descendants will have a house pet.
3091,36,0,0,36,36,1.0,0.028171808490950554,599,It’s the latest in bone therapy
2108,36,0,0,37,37,1.0,0.02739983121755955,599,We've grown quite attached to one another.
5363,36,0,0,35,35,1.0,0.028988551782622423,599,"No, our stegapoo didn’t eat your terrierdactyl."
5382,36,0,0,34,34,1.0,0.029854071701326604,599,We can't find a chewy toy.
5376,36,0,0,34,34,1.0,0.029854071701326604,599,I'm re-thinking my 'Domesticated Animal' concept.
5347,36,0,0,34,34,1.0,0.029854071701326604,599,Do not worry! He knows his survival depends on mine!!
5300,36,0,0,34,34,1.0,0.029854071701326604,599,Wanna come for a bite?
5282,36,0,0,34,34,1.0,0.029854071701326604,599,Two more weeks of house arrest and the ankle bracelet come off.
5277,36,0,0,34,34,1.0,0.029854071701326604,599,"Oh, just a little ankle bracelet I picked up on the Amazon."
5245,36,0,0,34,34,1.0,0.029854071701326604,599,I can't go right now.
5154,36,0,0,34,34,1.0,0.029854071701326604,599,Maybe it's time to see a doctor about this pain in my leg.
5138,36,0,0,34,34,1.0,0.029854071701326604,599,"See, he’s not vicious, just clingy."
5127,36,0,0,34,34,1.0,0.029854071701326604,599,He voted for Trump and still claims he has no regrets!
5114,36,0,0,34,34,1.0,0.029854071701326604,599,This is my tax lien.
5019,36,0,0,34,34,1.0,0.029854071701326604,599,He is an Ankylosaurus.
4910,36,0,0,34,34,1.0,0.029854071701326604,599,I know. But the vet said just 2 cans a day 'til he's eight feet.
4886,36,0,0,34,34,1.0,0.029854071701326604,599,The judge called it a monitor lizzard.
4737,36,0,0,34,34,1.0,0.029854071701326604,599,It's a real crap shoot when you adopt a rescue egg.
4647,36,0,0,34,34,1.0,0.029854071701326604,599,So the judge said I can't leave my cave or remove the ankle bracelet!
4522,36,0,0,34,34,1.0,0.029854071701326604,599,He never barked. I doubt it's worse than his bite
5464,36,0,0,34,34,1.0,0.029854071701326604,599,The mayor is getting serious about parking. How much to get this boot off.
5572,36,0,0,34,34,1.0,0.029854071701326604,599,I’m bored to tears with this house arrest and don’t even get me started on the ankle bracelet.
920,36,0,0,29,29,1.0,0.03509312031717982,599,At least he doesn't eat much.
952,36,0,0,29,29,1.0,0.03509312031717982,599,It was either this ankle bracelet or jail.
5068,36,0,0,29,29,1.0,0.03509312031717982,599,It's the next big thing in ankle bracelets.
5057,36,0,0,29,29,1.0,0.03509312031717982,599,Don't worry he doesn't bite?
5012,36,0,0,29,29,1.0,0.03509312031717982,599,"I was trying to teach him to ""heel."""
4757,36,0,0,29,29,1.0,0.03509312031717982,599,We adopted him from the local no-kill shelter.
4703,36,0,0,29,29,1.0,0.03509312031717982,599,They believe the aggressiveness is an result of improbably remote genetic combinations.
4458,36,0,0,29,29,1.0,0.03509312031717982,599,"I really like your new place, but you might want to do something about the giant lizards."
4379,36,0,0,29,29,1.0,0.03509312031717982,599,"I can't leave the house, but at least I don't have to go to prison."
4068,36,0,0,29,29,1.0,0.03509312031717982,599,I call it an ankle bracelet. You think it will catch on?
4492,36,0,0,34,34,1.0,0.029854071701326604,599,But he followed me home........
3920,36,0,0,29,29,1.0,0.03509312031717982,599,I just told him I was bringing him home for dinner.
3236,36,0,0,29,29,1.0,0.03509312031717982,599,The theoretical consensus is that they are extinct.
2465,36,0,0,29,29,1.0,0.03509312031717982,599,"It's time to kill all these dinosaurs, once and for all."
2381,36,0,0,29,29,1.0,0.03509312031717982,599,It's not what you think. It's not the proverbial ball and chain.
1931,36,0,0,29,29,1.0,0.03509312031717982,599,He has a funny way of telling me it's time to eat.
1750,36,0,0,29,29,1.0,0.03509312031717982,599,He's eaten all the furniture.
1229,36,0,0,29,29,1.0,0.03509312031717982,599,The Vet says it's only separation anxiety.
1039,36,0,0,29,29,1.0,0.03509312031717982,599,He does this every time guests ring the cave bell
1033,36,0,0,29,29,1.0,0.03509312031717982,599,Do you have any salt?
3725,36,0,0,29,29,1.0,0.03509312031717982,599,"So yeah, I've got house arrest for 7 months."
5082,36,0,0,29,29,1.0,0.03509312031717982,599,He's doing well at obedience school.
4471,36,0,0,34,34,1.0,0.029854071701326604,599,"He's very possessive. If I can just get him to let go of my leg, I think he'll make a great cave-pet!"
4429,36,0,0,34,34,1.0,0.029854071701326604,599,"He's part-terrier, part-tyrannosaur."
3157,36,0,0,34,34,1.0,0.029854071701326604,599,I forgot to disengage the security system again.
3138,36,0,0,34,34,1.0,0.029854071701326604,599,I'm on home monitoring.
3127,36,0,0,34,34,1.0,0.029854071701326604,599,"But his species IS predisposed to domestication, genetically speaking."
3046,36,0,0,34,34,1.0,0.029854071701326604,599,Me call it 'domastication.'
3045,36,0,0,34,34,1.0,0.029854071701326604,599,"He came with the cave, and sufferes from separation anxiety."
3013,36,0,0,34,34,1.0,0.029854071701326604,599,"Sure, house arrest sounds great but the ankle bracelet really bites."
2991,36,0,0,34,34,1.0,0.029854071701326604,599,It takes him a little while to loosen up.
2927,36,0,0,34,34,1.0,0.029854071701326604,599,"And that's the tooth, the whole tooth, and nothing but the tooth!"
2910,36,0,0,34,34,1.0,0.029854071701326604,599,Mom. Dad. Only time will tell if Chloe and I were meant to be.
2730,36,0,0,34,34,1.0,0.029854071701326604,599,Do you know of a good Dinosaur Whisperer?
2674,36,0,0,34,34,1.0,0.029854071701326604,599,They said they're sending thoughts and prayers.
2664,36,0,0,34,34,1.0,0.029854071701326604,599,"I screamed 'asteroid' three times, but it didn't flinch."
2557,36,0,0,34,34,1.0,0.029854071701326604,599,"Mom, dad can I keep him?"
2541,36,0,0,34,34,1.0,0.029854071701326604,599,"I appreciate the lighter sentence, but this ankle monitor is quite restrictive"
2528,36,0,0,34,34,1.0,0.029854071701326604,599,FUCKIN OW
2449,36,0,0,34,34,1.0,0.029854071701326604,599,I'm on cave arrest for a DWI (Dinnosauring While Intoxicated).
2448,36,0,0,34,34,1.0,0.029854071701326604,599,"Yeah, they let me out until my trial. All I have to do is stay home with this monitor."
3205,36,0,0,34,34,1.0,0.029854071701326604,599,This new thing called house arrest is not as nice as you might think.
3239,36,0,0,34,34,1.0,0.029854071701326604,599,Sorry I can't make it. I'm under cave arrest.
3363,36,0,0,34,34,1.0,0.029854071701326604,599,One date and he won't let me go anywhere alone....
3380,36,0,0,34,34,1.0,0.029854071701326604,599,I can take it off as soon as I'm acquitted.
4416,36,0,0,34,34,1.0,0.029854071701326604,599,he's having separation anxiety.
4338,36,0,0,34,34,1.0,0.029854071701326604,599,I'm having the Beast Whisperer come by to work with him.
4244,36,0,0,34,34,1.0,0.029854071701326604,599,I can't go anywhere without the old ball and chain.
4214,36,0,0,34,34,1.0,0.029854071701326604,599,"Yeah, he's my best friend till some new species comes along."
4165,36,0,0,34,34,1.0,0.029854071701326604,599,"It's called a ""shoe"". It hurts like hell, but I think it looks great!"
4161,36,0,0,34,34,1.0,0.029854071701326604,599,Don't worry. He doesn't bark.
4076,36,0,0,34,34,1.0,0.029854071701326604,599,They placed me on cave arrest.
3967,36,0,0,34,34,1.0,0.029854071701326604,599,"According to my parole officer, they’re beta testing an electronic version linked to GPS."
4469,36,0,0,34,34,1.0,0.029854071701326604,599,Ankle bracelets are the new thing.
3959,36,0,0,34,34,1.0,0.029854071701326604,599,"Hi guys, sorry I wish I could go. I'm under cave arrest. If I leave my bracasaur has me for dinner."
3708,36,0,0,34,34,1.0,0.029854071701326604,599,"I avoided jail time, but have to be monitored 24 hours a day."
3684,36,0,0,34,34,1.0,0.029854071701326604,599,I'm training him to be a service dinosaur.
3625,36,0,0,34,34,1.0,0.029854071701326604,599,"The doctor says that if I apply a little ointment, it should go away."
3607,36,0,0,34,34,1.0,0.029854071701326604,599,"I didn't hear a bark, but it can't be worse than the bite."
3521,36,0,0,34,34,1.0,0.029854071701326604,599,He's all-American and wants to make us great again.
3494,36,0,0,34,34,1.0,0.029854071701326604,599,He followed me home: clan we keep him if he doesn’t eat me?
3428,36,0,0,34,34,1.0,0.029854071701326604,599,My parole hearing is next week.
3411,36,0,0,34,34,1.0,0.029854071701326604,599,These new GOP tax liens have teeth.
3872,36,0,0,34,34,1.0,0.029854071701326604,599,You should hear the racket it makes if I try to leave the cave. It'll come off after the trial.
5133,36,0,0,29,29,1.0,0.03509312031717982,599,She loves children.
5289,36,0,0,41,41,1.0,0.02469323991623974,599,"When he gets bigger, I'll probably feed him the River People."
862,36,0,0,36,36,1.0,0.028171808490950554,599,Justin Timberlake wears the same exact kind.
1315,36,0,0,35,35,1.0,0.028988551782622423,599,They let me out but I have to wear this until the trial.
1085,36,0,0,35,35,1.0,0.028988551782622423,599,Can I keep her?
1035,36,0,0,35,35,1.0,0.028988551782622423,599,The Origin of Attachment Theory
60,36,0,0,35,35,1.0,0.028988551782622423,599,"Believe it or not, it does offer a new perspective to your basic question."
13,36,0,0,35,35,1.0,0.028988551782622423,599,"Choose the right size, my son. I'm not the first guru on this mountain."
3739,36,0,0,40,40,1.0,0.025318484177091666,599,I've simply GOT to invent the chew toy.
4827,36,0,0,33,33,1.0,0.030772872744833184,599,I'm still working on his separation anxiety.
4798,36,0,0,33,33,1.0,0.030772872744833184,599,I guess I shouldn't have stroked her back.
4649,36,0,0,33,33,1.0,0.030772872744833184,599,This still beats the bedbugs I got from that online short-term vacation rental.
4249,36,0,0,33,33,1.0,0.030772872744833184,599,"Wife say, ""Make good pet."" I say, ""Ow."""
2193,36,0,0,33,33,1.0,0.030772872744833184,599,They took my passport away too.
2188,36,0,0,33,33,1.0,0.030772872744833184,599,As long as I don't cross the county line he's quiet as a mouse.
1809,36,0,0,33,33,1.0,0.030772872744833184,599,It's ok he's friendly.
215,36,0,0,33,33,1.0,0.030772872744833184,599,He hasn't evolved to sniffing yet.
3122,36,0,0,38,38,1.0,0.02666903735313325,599,"I would absolutely love to go out to dinner as we planned, but I've just invented the zero, discovered fire, and perfected the axle, and now THIS!"
1006,36,0,0,38,38,1.0,0.02666903735313325,599,"Thought it would be cute to teach it some idioms, but maybe I shouldn't have started with ""break a leg""."
805,36,0,0,38,38,1.0,0.02666903735313325,599,I got house arrest with an ankle monitor.
1318,36,0,0,35,35,1.0,0.028988551782622423,599,"It's a little painful, but I'm teaching him to heel."
1509,36,0,0,35,35,1.0,0.028988551782622423,599,He’s developed an attachment.
1686,36,0,0,35,35,1.0,0.028988551782622423,599,Afraid I’m currently detained
1787,36,0,0,35,35,1.0,0.028988551782622423,599,The evolution of depth perception took a major step forward today.
5106,36,0,0,35,35,1.0,0.028988551782622423,599,Yabba Dabba Don't!
4986,36,0,0,35,35,1.0,0.028988551782622423,599,"If he let's go, I'll bleed to death, so I tied him to my leg. It's what I'm calling Existentialism."
4902,36,0,0,35,35,1.0,0.028988551782622423,599,Good thing this happened while you are still on our insurance.
4891,36,0,0,35,35,1.0,0.028988551782622423,599,"Yes, sometimes there is a glitch in the robovac."
4389,36,0,0,35,35,1.0,0.028988551782622423,599,"We had the ""It's not you - it's me"" conversation. But he just won't let go."
4288,36,0,0,35,35,1.0,0.028988551782622423,599,"It's something new the judge is trying called ""house arrest."""
4213,36,0,0,35,35,1.0,0.028988551782622423,599,It's so I can't leave the cave. My probation officer insisted on it.
4004,36,0,0,35,35,1.0,0.028988551782622423,599,It looks worse than it feels.
5352,36,0,0,31,31,1.0,0.032791291789197645,599,He's a Minidoodle - Rex.
3623,36,0,0,35,35,1.0,0.028988551782622423,599,"I preferred elctronic monitoring, but the judge wouldn't go for it..."
3267,36,0,0,35,35,1.0,0.028988551782622423,599,Its called a boot. I picked it up in Denver.
3108,36,0,0,35,35,1.0,0.028988551782622423,599,"Yeah, I tried to schedule an appointment with the doctor but it'll be another couple millennia before he exists."
2869,36,0,0,35,35,1.0,0.028988551782622423,599,you guys gotta get me the fuck out of here
2814,36,0,0,35,35,1.0,0.028988551782622423,599,Steggie has a bad case of separation anxiety.
2751,36,0,0,35,35,1.0,0.028988551782622423,599,He's grown attached to me.
2693,36,0,0,35,35,1.0,0.028988551782622423,599,Apparently these are not herbivores.
2209,36,0,0,35,35,1.0,0.028988551782622423,599,It's hard to find a baby sitter on such short notice
2184,36,0,0,35,35,1.0,0.028988551782622423,599,You wouldn't understand. It's a man cave thing.
3350,36,0,0,35,35,1.0,0.028988551782622423,599,"Them judge let me go home, but I have to wear this for 90 days."
5260,36,0,0,31,31,1.0,0.032791291789197645,599,"It's the last time I'll sass him with the expression, 'Bite me.'"
4870,36,0,0,31,31,1.0,0.032791291789197645,599,My therapist says he has attachment issues.
4738,36,0,0,31,31,1.0,0.032791291789197645,599,Live ankle bracelets are the thing now.
1096,36,0,0,31,31,1.0,0.032791291789197645,599,"He's a loyal pet, but the separation anxiety is painful."
874,36,0,0,31,31,1.0,0.032791291789197645,599,Our vet says it is separation anxiety.
638,36,0,0,31,31,1.0,0.032791291789197645,599,I think the home we entered have leg piece loving beings!
600,36,0,0,31,31,1.0,0.032791291789197645,599,This new ankle monitors are a drag ...
374,36,0,0,31,31,1.0,0.032791291789197645,599,This Ankylosaurus bracelet's clasp is a real pain.
264,36,0,0,31,31,1.0,0.032791291789197645,599,"Thanks for coming over, I’m on cave arrest."
112,36,0,0,31,31,1.0,0.032791291789197645,599,You should see the mailman.
5056,36,0,0,36,36,1.0,0.028171808490950554,599,"Yet, I feel supported and free from anxiety."
1126,36,0,0,31,31,1.0,0.032791291789197645,599,"It is a bit uncomfortable, but it looks great!"
4467,36,0,0,36,36,1.0,0.028171808490950554,599,They'll take it off when I get out of cave arrest.
4120,36,0,0,36,36,1.0,0.028171808490950554,599,The pet shop said he mainly eats calves
3799,36,0,0,36,36,1.0,0.028171808490950554,599,I don't know what it is because we haven't invented dictionaries yet.
3598,36,0,0,36,36,1.0,0.028171808490950554,599,I was busted with a third drinking-while-gathering and got slapped with this Jurassic monitoring device.
3339,36,0,0,24,24,1.0,0.04256282653793743,599,The Neanderthals trained him to do this.
2255,36,0,0,36,36,1.0,0.028171808490950554,599,He’s developed an unhealthy attachment.
2014,36,0,0,36,36,1.0,0.028171808490950554,599,Does it look bad?
1709,36,0,0,36,36,1.0,0.028171808490950554,599,"Everyone says it’ll be extinct in three years, so I ignore the pain."
1619,36,0,0,36,36,1.0,0.028171808490950554,599,There's a WHAT?
4417,36,0,0,36,36,1.0,0.028171808490950554,599,Nobody knew that house arrest could be so complicated.
5392,36,0,0,35,35,1.0,0.028988551782622423,599,We bounded at the pet store.
1174,36,0,0,31,31,1.0,0.032791291789197645,599,"technically I can leave the state, but who has the energy!"
1569,36,0,0,31,31,1.0,0.032791291789197645,599,And then they towed away the car.
4689,36,0,0,31,31,1.0,0.032791291789197645,599,"I appreciate the invitation, but I’m still under house arrest."
4614,36,0,0,31,31,1.0,0.032791291789197645,599,He's been a little clingy since his friends went extinct.
4591,36,0,0,31,31,1.0,0.032791291789197645,599,Please?! I promise I'll feed him.
4488,36,0,0,31,31,1.0,0.032791291789197645,599,"Don't worry, he goes extinct tomorrow."
4252,36,0,0,31,31,1.0,0.032791291789197645,599,"Prison's full, so they gave me one of these."
4179,36,0,0,31,31,1.0,0.032791291789197645,599,Thankfully he's hypoallergenic.
4073,36,0,0,31,31,1.0,0.032791291789197645,599,"I'm under house arrest, can't leave the cave."
3842,36,0,0,31,31,1.0,0.032791291789197645,599,Guilty but the judge cut me some slack.
1388,36,0,0,31,31,1.0,0.032791291789197645,599,I'm under home confinement and still getting used to my ankle bracelet.
3690,36,0,0,31,31,1.0,0.032791291789197645,599,The best part is I don’t feel so alone anymore.
2749,36,0,0,31,31,1.0,0.032791291789197645,599,Spot's bite is way worse than his bark.
2642,36,0,0,31,31,1.0,0.032791291789197645,599,You're right. I should have read the lease's opt-out clause more carefully.
2545,36,0,0,31,31,1.0,0.032791291789197645,599,"He is so sticky, I would give a leg just to get rid of him"
2544,36,0,0,31,31,1.0,0.032791291789197645,599,"Yeah, house arrest blows. Oh, don't mind him; that's just my ankle monitor lizard."
2542,36,0,0,31,31,1.0,0.032791291789197645,599,You can see my Fitbit is extremely possessive.
2458,36,0,0,31,31,1.0,0.032791291789197645,599,The worst part is that it's not covered by Trumpcare.
2289,36,0,0,31,31,1.0,0.032791291789197645,599,The vet told me she should grow out of this clingy stage when the mating season ends.
1880,36,0,0,31,31,1.0,0.032791291789197645,599,I can't wait until that big asteroid hits.
3442,36,0,0,31,31,1.0,0.032791291789197645,599,I am afraid that one day his separation anxiety will cost me a leg
3130,36,0,0,27,27,1.0,0.03774256780481986,599,He wants me to take him out for his daily drag
4365,36,0,0,36,36,1.0,0.028171808490950554,599,You're just in time for dinner!
4377,36,0,0,27,27,1.0,0.03774256780481986,599,Sorry I can't watch the meteor shower tonight. I'm on house arrest until further notice.
1411,36,0,0,29,29,1.0,0.03509312031717982,599,I'I'm grounded until sundown.
1073,36,0,0,29,29,1.0,0.03509312031717982,599,I chalk it up to separation anxiety.
1061,36,0,0,29,29,1.0,0.03509312031717982,599,Emotion regulation skills are still a struggle.
965,36,0,0,29,29,1.0,0.03509312031717982,599,"It's just a love bite."""
955,36,0,0,29,29,1.0,0.03509312031717982,599,New Year is off to a bad start.
639,36,0,0,29,29,1.0,0.03509312031717982,599,He has abandonment issues.
486,36,0,0,29,29,1.0,0.03509312031717982,599,I'm now his constant companion.
275,36,0,0,29,29,1.0,0.03509312031717982,599,I brought up politics and religion.
145,36,0,0,29,29,1.0,0.03509312031717982,599,Color balance is the key to happiness.
5286,36,0,0,27,27,1.0,0.03774256780481986,599,"It followed me home Ma , can we keep it ?"
5110,36,0,0,27,27,1.0,0.03774256780481986,599,It will prove Darwin doesn't have a leg to stand on.
5076,36,0,0,27,27,1.0,0.03774256780481986,599,There are advantages to Diabetic Neuropathy.
5028,36,0,0,27,27,1.0,0.03774256780481986,599,"Well you did say ""go break a leg."""
5023,36,0,0,27,27,1.0,0.03774256780481986,599,His new therapist says it's a reactive attachment disorder.
4829,36,0,0,27,27,1.0,0.03774256780481986,599,I’ll be glad when I get off cave arrest. This ankle monitor is cramping my style.
4666,36,0,0,27,27,1.0,0.03774256780481986,599,"No, you can’t pet him. He bites."
4646,36,0,0,27,27,1.0,0.03774256780481986,599,Not to worry. They say I will be off of house arrest soon.
1415,36,0,0,29,29,1.0,0.03509312031717982,599,Stella was a carouser. So Iwent for clingy this time.
2086,36,0,0,29,29,1.0,0.03509312031717982,599,I can't go out tonight. I'm on house arrest.
2154,36,0,0,29,29,1.0,0.03509312031717982,599,Yes he's got very attached.
2201,36,0,0,29,29,1.0,0.03509312031717982,599,Fortunately he's a herbivore-vegetarian. But I am starting to worry.
4906,36,0,0,29,29,1.0,0.03509312031717982,599,"yes, but at least she doesn't shed"
4531,36,0,0,29,29,1.0,0.03509312031717982,599,Under cave arrest but wish it came with more fashionable accessories.
4229,36,0,0,29,29,1.0,0.03509312031717982,599,How many of these new live-traps would you boys like to order?
4197,36,0,0,29,29,1.0,0.03509312031717982,599,He’s been like this ever since the volcano took his mother.
4150,36,0,0,29,29,1.0,0.03509312031717982,599,This house arrest bracelet is archaic.
4084,36,0,0,29,29,1.0,0.03509312031717982,599,Cave Badger don't care!
3908,36,0,0,29,29,1.0,0.03509312031717982,599,At least he doesn't shed.
3849,36,0,0,29,29,1.0,0.03509312031717982,599,It's a mandatory requirement of home confinement sentencing.
4610,36,0,0,27,27,1.0,0.03774256780481986,599,'She just can't let go and move on.'
3752,36,0,0,29,29,1.0,0.03509312031717982,599,I made bail but I am required to wear a GPS Ankle Bracelet.
3233,36,0,0,29,29,1.0,0.03509312031717982,599,She's what you'd call high maintenance.
3155,36,0,0,29,29,1.0,0.03509312031717982,599,"Dont worry, he wouldn’t dare draw blood. He’s just a lobbyist."
3051,36,0,0,29,29,1.0,0.03509312031717982,599,"I was trying to teach him to ""heel."""
2842,36,0,0,29,29,1.0,0.03509312031717982,599,"You know the type. He’s having a bad day, so now I’ve got to have a bad day."
2530,36,0,0,29,29,1.0,0.03509312031717982,599,Would you two please sneer at him so he'll chase you and let go of my leg?
2421,36,0,0,29,29,1.0,0.03509312031717982,599,Therapy Pet 1.0
2415,36,0,0,29,29,1.0,0.03509312031717982,599,"It's called an ankle monitor, but I'm thinking jail might be better."
2336,36,0,0,29,29,1.0,0.03509312031717982,599,You know how it goes....the stray animals chose their human.
3478,36,0,0,29,29,1.0,0.03509312031717982,599,"Sorry, I can't go to lunch, I'm still under house arrest."
5201,36,0,0,29,29,1.0,0.03509312031717982,599,"He doesn't eat much, I promise."
4370,36,0,0,27,27,1.0,0.03774256780481986,599,separation anxiety. his therapist is pretty sure that he'll grow out of it
4168,36,0,0,27,27,1.0,0.03774256780481986,599,"I don't know, he just called me terrific last night."
4385,36,0,0,21,21,1.0,0.048795003647426664,599,"Sure, there are a few drawbacks, but this new house arrest app is really fast."
2418,36,0,0,38,38,1.0,0.02666903735313325,599,"Could you tell me if this is your dinosaur, and could you tell me if law suits have been invented yet?"
2444,36,0,0,36,36,1.0,0.028171808490950554,599,This Inter-Cave of Things needs a lot more work.
5323,36,0,0,34,34,1.0,0.029854071701326604,599,He wants to be domesticated.
4841,36,0,0,34,34,1.0,0.029854071701326604,599,He's growing on me.
4313,36,0,0,34,34,1.0,0.029854071701326604,599,"Yeah, after the club incident I'm under cave arrest and forced to wear a trackasaurous."
3660,36,0,0,34,34,1.0,0.029854071701326604,599,"It's called house arrest, and it's very in."
3642,36,0,0,34,34,1.0,0.029854071701326604,599,He's a wee bit attached.
3431,36,0,0,34,34,1.0,0.029854071701326604,599,They were all out of chihuahuas.
3261,36,0,0,34,34,1.0,0.029854071701326604,599,It's not your dinosaur?
2789,36,0,0,34,34,1.0,0.029854071701326604,599,Court ordered leg shackle
2724,36,0,0,34,34,1.0,0.029854071701326604,599,I'm still on parole.
2647,36,0,0,34,34,1.0,0.029854071701326604,599,I’m a creationist
2074,36,0,0,34,34,1.0,0.029854071701326604,599,It's called home confinement prior to trial.
1486,36,0,0,34,34,1.0,0.029854071701326604,599,Nothing worse than having a clingy dinosaur
1264,36,0,0,34,34,1.0,0.029854071701326604,599,The security system conveyed with the property.
1253,36,0,0,34,34,1.0,0.029854071701326604,599,He keeps me civilized.
18,36,0,0,27,27,1.0,0.03774256780481986,599,Green sells.
128,36,0,0,27,27,1.0,0.03774256780481986,599,Have you tried reasoning with him?
302,36,0,0,27,27,1.0,0.03774256780481986,599,"Actually, it takes my mind off Trump!"
335,36,0,0,27,27,1.0,0.03774256780481986,599,Remember that stegosaurus we had for dinner last week? Bring me a couple of the bones.
3952,36,0,0,27,27,1.0,0.03774256780481986,599,"I was thinking of getting a saber tooth , but I'm allergic to cats."
3874,36,0,0,27,27,1.0,0.03774256780481986,599,I think it’s time for Steve Bannon to go.
3869,36,0,0,27,27,1.0,0.03774256780481986,599,I got him at the shelter
3440,36,0,0,27,27,1.0,0.03774256780481986,599,I think overprotective behavior is rather typical for the puppies.
3035,36,0,0,27,27,1.0,0.03774256780481986,599,He has separation anxiety and the treatment is worse than the cure.
2489,36,0,0,27,27,1.0,0.03774256780481986,599,He's really very lovable. He's just scratching a mosquito bite on my ankle!
2384,36,0,0,27,27,1.0,0.03774256780481986,599,Maybe marriage is between a man and a woman.
2371,36,0,0,27,27,1.0,0.03774256780481986,599,Neither one of you gets me
4364,36,0,0,27,27,1.0,0.03774256780481986,599,"He's so loving that until his recent training, we were attached at the hip."
2310,36,0,0,27,27,1.0,0.03774256780481986,599,This separation anxiety thing is a bit of a bummer.
1899,36,0,0,27,27,1.0,0.03774256780481986,599,"The way I see it, my 2018 is all uphill from here."
1712,36,0,0,27,27,1.0,0.03774256780481986,599,It’s a new alternative to incarceration.
1623,36,0,0,27,27,1.0,0.03774256780481986,599,He is the best cave guard ever but he cost me an arm and a leg.
1301,36,0,0,27,27,1.0,0.03774256780481986,599,"It's part of my house arrest. If I leave, it automatically eats me."
747,36,0,0,27,27,1.0,0.03774256780481986,599,"No worries Rodnick, Bobbi-Sue has already eaten, she's just giving you a ""howdy"" nibble."
613,36,0,0,27,27,1.0,0.03774256780481986,599,"Usually, Fido is much more affectionate. You can take him with you when he lets go of my leg."
582,36,0,0,27,27,1.0,0.03774256780481986,599,This stays on until the trial.
439,36,0,0,27,27,1.0,0.03774256780481986,599,It is the first recorded case of separation anxiety.
1992,36,0,0,27,27,1.0,0.03774256780481986,599,I wish I hadn’t started eat local.
5322,36,0,0,29,29,1.0,0.03509312031717982,599,It time to take Thag for walk.
5329,36,0,0,29,29,1.0,0.03509312031717982,599,He’s not perfect but he IS housebroken.
5470,36,0,0,29,29,1.0,0.03509312031717982,599,"""He does a good job of keeping the riff-raff out, but he is a little moody."
1662,36,0,0,30,30,1.0,0.03390317518104052,599,He's a rescue with abandonment issues.
1651,36,0,0,28,28,1.0,0.036369648372665396,599,This time he’s making sure I stay home
1621,36,0,0,30,30,1.0,0.03390317518104052,599,Haven't found its leash yet.
1578,36,0,0,28,28,1.0,0.036369648372665396,599,It’s what Freud will call an attachment disorder.
1575,36,0,0,30,30,1.0,0.03390317518104052,599,Don’t worry. He’s just flossing.
1567,36,0,0,28,28,1.0,0.036369648372665396,599,"As soon as the Joneses laid eyes on George’s pet dragon, they knew he wasn’t pulling their leg."
1563,36,0,0,24,24,1.0,0.04256282653793743,599,Rescue animals really become attached to you.
1496,36,0,0,28,28,1.0,0.036369648372665396,599,Do me a favor and tell Grok this is not the kind of ankle-biter I wanted from him.
1481,36,0,0,30,30,1.0,0.03390317518104052,599,I realize now that separation anxiety wasn't so bad after all...
1476,36,0,0,28,28,1.0,0.036369648372665396,599,"I’d say it’s like ‘A dog with a bone in its mouth,’ but contextually we’re not there yet."
1413,36,0,0,28,28,1.0,0.036369648372665396,599,Seriously. Not having indoor plumbing sucks.
1169,36,0,0,30,30,1.0,0.03390317518104052,599,The technology still has some kinks in it. This ankle monitor is barely cavebroken.
1141,36,0,0,30,30,1.0,0.03390317518104052,599,Get this fucking thing off my goddamn leg good lord!
1101,36,0,0,22,22,1.0,0.046524210519923545,599,My pet 'Tourniquet' hates to see me leave the cave.
1012,36,0,0,28,28,1.0,0.036369648372665396,599,All he can do is fetch.
1000,36,0,0,28,28,1.0,0.036369648372665396,599,We’re going to get married with or without your approval.
985,36,0,0,24,24,1.0,0.04256282653793743,599,Like the new apparel? ... It's genuine komodo dragon leather!
1671,36,0,0,24,24,1.0,0.04256282653793743,599,"Yeah, its court-ordered."
1765,36,0,0,24,24,1.0,0.04256282653793743,599,Run! He has a sweet tooth and we're all one-eye candy.
1794,36,0,0,28,28,1.0,0.036369648372665396,599,These crocs come only in this style.
1810,36,0,0,30,30,1.0,0.03390317518104052,599,Only two more moons of house arrest.
2937,36,0,0,28,28,1.0,0.036369648372665396,599,It wouldn’t be so bad if he hadn’t started with my left arm.
2904,36,0,0,30,30,1.0,0.03390317518104052,599,The judge sentenced me to House Arrest.
2888,36,0,0,24,24,1.0,0.04256282653793743,599,I've invented scissors!
2824,36,0,0,30,30,1.0,0.03390317518104052,599,"Who knew? My ex kept warning me about being ""mantagonistic"" but my lawyer said restraining orders don't have any teeth."
2774,36,0,0,30,30,1.0,0.03390317518104052,599,No enterprise can afford to lose an arm and a leg...
2726,36,0,0,30,30,1.0,0.03390317518104052,599,What could I do? He was the cutest one at the dragon shelter.
2708,36,0,0,28,28,1.0,0.036369648372665396,599,I call him Fido
2424,36,0,0,30,30,1.0,0.03390317518104052,599,It's better than jail - but still cruel and unusual.
978,36,0,0,24,24,1.0,0.04256282653793743,599,"Yeah, it's better than jail but this ankle monitor is a pain."
2251,36,0,0,24,24,1.0,0.04256282653793743,599,"This is our new dragon pup, Devon. He's still in training."
2168,36,0,0,28,28,1.0,0.036369648372665396,599,Our new electronic tagging system has a few teething problems!
2159,36,0,0,24,24,1.0,0.04256282653793743,599,She's grown increasingly attached to me.
2046,36,0,0,30,30,1.0,0.03390317518104052,599,One foot in the door is a start.
2044,36,0,0,24,24,1.0,0.04256282653793743,599,Quick! Fetch my pigments. I’m inspired!
2031,36,0,0,30,30,1.0,0.03390317518104052,599,It was either this or jail until my trial date.
4799,36,0,0,23,23,1.0,0.044455422447438706,599,But he is cave-broken.
1988,36,0,0,28,28,1.0,0.036369648372665396,599,"Ankle bracelets are really ""in,"" but I'm not sure I want to keep mine... it really slows me down."
1934,36,0,0,24,24,1.0,0.04256282653793743,599,"Isn't it obvious, we're in love."
2224,36,0,0,30,30,1.0,0.03390317518104052,599,"He shows up every time I yell ""Woooo Pig Sooie! Razorbacks!"""
848,36,0,0,22,22,1.0,0.046524210519923545,599,"I call it a ""pet."""
804,36,0,0,30,30,1.0,0.03390317518104052,599,But his parents already said he could keep me!
798,36,0,0,30,30,1.0,0.03390317518104052,599,But is she cave trained?
692,36,0,0,35,35,1.0,0.028988551782622423,599,"Shes too clingy to allow a divorce, we need to go the extinction route!"
568,36,0,0,35,35,1.0,0.028988551782622423,599,I just wanted a friend and now we're attached.
148,36,0,0,35,35,1.0,0.028988551782622423,599,I'm glad I got a mini.
5526,36,0,0,33,33,1.0,0.030772872744833184,599,I blame myself.
5242,36,0,0,33,33,1.0,0.030772872744833184,599,#Indited schmindited!
5079,36,0,0,33,33,1.0,0.030772872744833184,599,She's been this way ever since the divorce.
4975,36,0,0,33,33,1.0,0.030772872744833184,599,I need to teach it anger management.
4642,36,0,0,33,33,1.0,0.030772872744833184,599,I thought I'd look more evolved with shaved legs.
750,36,0,0,35,35,1.0,0.028988551782622423,599,"Yeah, sometimes life throws you a curve."
3863,36,0,0,33,33,1.0,0.030772872744833184,599,Just Married
2926,36,0,0,33,33,1.0,0.030772872744833184,599,Pets nowadays cost an arm and a leg.
2229,36,0,0,33,33,1.0,0.030772872744833184,599,I was put under house arrest for drawing on the walls.
1997,36,0,0,33,33,1.0,0.030772872744833184,599,These ankle-biters really keep my feet warm.
1878,36,0,0,33,33,1.0,0.030772872744833184,599,How much did we spend on obedience school?
1458,36,0,0,33,33,1.0,0.030772872744833184,599,Some day this will be known as the first parking boot
915,36,0,0,33,33,1.0,0.030772872744833184,599,He says that conditions have deteriorated to the point where he feels totally marginalized and invalidated.
768,36,0,0,33,33,1.0,0.030772872744833184,599,Thanks for asking me over for dinner.
375,36,0,0,33,33,1.0,0.030772872744833184,599,I guess we’re gonna stay in the cave but you two have fun.
3628,36,0,0,33,33,1.0,0.030772872744833184,599,It's my new invention called the vice.
298,36,0,0,34,34,1.0,0.029854071701326604,599,It’s a caustic relationship.
1528,36,0,0,35,35,1.0,0.028988551782622423,599,"No worry, he's just very possessive."
2955,36,0,0,35,35,1.0,0.028988551782622423,599,Good news. We don't have to go out hunting for tonight's dinner.
792,36,0,0,34,34,1.0,0.029854071701326604,599,He doesn’t like to be left alone.
780,36,0,0,30,30,1.0,0.03390317518104052,599,Can we keep him?
601,36,0,0,24,24,1.0,0.04256282653793743,599,He usually likes to bite at least three people a day.
529,36,0,0,34,34,1.0,0.029854071701326604,599,I ordered a sandwich.
523,36,0,0,30,30,1.0,0.03390317518104052,599,"On the plus side, I'm going vegan."
449,36,0,0,28,28,1.0,0.036369648372665396,599,I'm still under house arrest. Due to budget cuts they hard to borrow the ankle monitor from Bedrock PD.
283,36,0,0,28,28,1.0,0.036369648372665396,599,"He's really well-known, a leg end in his own time."
267,36,0,0,30,30,1.0,0.03390317518104052,599,I love it! Let's go get the alarm tag removed.
1675,36,0,0,35,35,1.0,0.028988551782622423,599,Please tell me it's herbivorous.
244,36,0,0,30,30,1.0,0.03390317518104052,599,The poor dear has developed an extreme fear of abandonment.
196,36,0,0,28,28,1.0,0.036369648372665396,599,I swear I wasn’t trying to break in.
190,36,0,0,22,22,1.0,0.046524210519923545,599,House arrest.
187,36,0,0,28,28,1.0,0.036369648372665396,599,I hear it will be a while before they evolve puppies.
149,36,0,0,40,40,1.0,0.025318484177091666,599,This is the first time I put my foot in a mouth other than my own!
4,36,0,0,30,30,1.0,0.03390317518104052,599,"""Get yourself one of these and say ""Om"" 20 minutes a day."
1,36,0,0,28,28,1.0,0.036369648372665396,599,It'a a green maraschino cherry and it's what I came up here to sit on.
4318,36,0,0,35,35,1.0,0.028988551782622423,599,"I watched it hatch, now this!"
3932,36,0,0,35,35,1.0,0.028988551782622423,599,What was the name of that dinosaur whisperer again?
240,36,0,0,24,24,1.0,0.04256282653793743,599,It's a love touch.
5394,36,0,0,32,32,1.0,0.031750031750047626,599,He attacked me from my blind side.
5283,36,0,0,32,32,1.0,0.031750031750047626,599,Somehow I pissed him off.
4792,36,0,0,32,32,1.0,0.031750031750047626,599,He likes to keep a close eye on me.
5214,36,0,0,31,31,1.0,0.032791291789197645,599,She's gotten smaller but more demanding since the last asteroid impact.
5145,36,0,0,31,31,1.0,0.032791291789197645,599,Shake a leg!
5126,36,0,0,31,31,1.0,0.032791291789197645,599,"On the upside, he keeps the pterodactyls from making off with the kids."
5100,36,0,0,31,31,1.0,0.032791291789197645,599,Minor snag in the evolution of man's best friend.
5099,36,0,0,31,31,1.0,0.032791291789197645,599,It's state-of-the-art in home security.
5088,36,0,0,31,31,1.0,0.032791291789197645,599,We just rescued him. He has abandonment issues.
5050,36,0,0,31,31,1.0,0.032791291789197645,599,"It's called an ""ankle bracelet""...I'm under house arrest for drawing animal pictures on Og's cave wall."
4716,36,0,0,31,31,1.0,0.032791291789197645,599,"I admit, we have a bit of a dino problem, but what cave doesn't?"
4432,36,0,0,31,31,1.0,0.032791291789197645,599,Onid has severe separation anxiety.
4204,36,0,0,31,31,1.0,0.032791291789197645,599,This wasn't what I meant when I asked what's for dinner.
4182,36,0,0,31,31,1.0,0.032791291789197645,599,Darwinian kickball...
4163,36,0,0,31,31,1.0,0.032791291789197645,599,Did I mention he's cavebroken?
4087,36,0,0,31,31,1.0,0.032791291789197645,599,"I know you said I should be pulling my own weight, but this doesn't seem right."
4078,36,0,0,31,31,1.0,0.032791291789197645,599,"Yes, it's a breakthrough hunting innovation. Now go gather firewood, quick."
4011,36,0,0,31,31,1.0,0.032791291789197645,599,I am evolving too fast for him. He's angry.
3995,36,0,0,31,31,1.0,0.032791291789197645,599,"I don't care if it's an anachronism, it still hurts!"
3972,36,0,0,31,31,1.0,0.032791291789197645,599,I got two weeks left of cave arrest.
5308,36,0,0,31,31,1.0,0.032791291789197645,599,I can't go. I'm a stay-at-home Mom.
5340,36,0,0,31,31,1.0,0.032791291789197645,599,Which one of you nit-wits brought the torch?
5341,36,0,0,31,31,1.0,0.032791291789197645,599,We bounded at the pet store.
5361,36,0,0,31,31,1.0,0.032791291789197645,599,"Have you met my pet, Darwin?"
3059,36,0,0,33,33,1.0,0.030772872744833184,599,I think it'll be four for dinner!
2969,36,0,0,33,33,1.0,0.030772872744833184,599,"Yeah, house arrest."
2923,36,0,0,33,33,1.0,0.030772872744833184,599,It uses my leg to clean its teeth.
2788,36,0,0,33,33,1.0,0.030772872744833184,599,Cave Arrest
2644,36,0,0,22,22,1.0,0.046524210519923545,599,Extinct? Nope but he’s just pulling my leg!
2616,36,0,0,33,33,1.0,0.030772872744833184,599,Sorry guys I can't go out. I am under cave arrest. The cops put this lock on my ankle.
2284,36,0,0,33,33,1.0,0.030772872744833184,599,Yeah it hurts but I won't cave in
2102,36,0,0,33,33,1.0,0.030772872744833184,599,You'll see; lizard leather shoes will become a thing.
3890,36,0,0,31,31,1.0,0.032791291789197645,599,It's not so bad. His bark is worse.
2088,36,0,0,33,33,1.0,0.030772872744833184,599,You guys go out hunting. This spottosaur has grown attached to me.
1687,36,0,0,33,33,1.0,0.030772872744833184,599,Just wait till he finds out that leg is all bone and no meat.
1148,36,0,0,33,33,1.0,0.030772872744833184,599,It’s called a razor!
662,36,0,0,33,33,1.0,0.030772872744833184,599,The tribal elders have me on cave arrest after my last no collar crime.
605,36,0,0,33,33,1.0,0.030772872744833184,599,I call it the a-leg-eater
548,36,0,0,33,33,1.0,0.030772872744833184,599,He is vegan so I’m not so worried...
329,36,0,0,33,33,1.0,0.030772872744833184,599,He usually opens up by sunset.
192,36,0,0,33,33,1.0,0.030772872744833184,599,It's the latest in footwear.
147,36,0,0,33,33,1.0,0.030772872744833184,599,It's a parole bracelet.
2055,36,0,0,33,33,1.0,0.030772872744833184,599,You guys have any floss?
3821,36,0,0,31,31,1.0,0.032791291789197645,599,I'm under house arrest for tagging caves in Lascaux.
3723,36,0,0,31,31,1.0,0.032791291789197645,599,It's an affectionate bite.
3656,36,0,0,31,31,1.0,0.032791291789197645,599,Steve... who’s your new friend?
1289,36,0,0,31,31,1.0,0.032791291789197645,599,I got one month in-cave probation and this ankle monitor lizard.
926,36,0,0,31,31,1.0,0.032791291789197645,599,The ankle monitor isn't as bad as I thought it would be.
820,36,0,0,31,31,1.0,0.032791291789197645,599,"No, you can't. Go down to the swamp and get your own."
682,36,0,0,31,31,1.0,0.032791291789197645,599,The worst part is I have to stay home with the kids.
659,36,0,0,31,31,1.0,0.032791291789197645,599,He’s teaching me to beg.
627,36,0,0,31,31,1.0,0.032791291789197645,599,"I'm naming him ""Crocs"""
576,36,0,0,31,31,1.0,0.032791291789197645,599,"Can we keep him, Mom? Please?"
514,36,0,0,31,31,1.0,0.032791291789197645,599,Help. Johnny bit me again.
1340,36,0,0,31,31,1.0,0.032791291789197645,599,We adopted him from the premordial pond.
337,36,0,0,31,31,1.0,0.032791291789197645,599,His bark is worse than his bite.
100,36,0,0,31,31,1.0,0.032791291789197645,599,I'm under cave arrest.
85,36,0,0,31,31,1.0,0.032791291789197645,599,"Don't worry, he won't bite you."
4675,36,0,0,29,29,1.0,0.03509312031717982,599,If we all had two eyes and better depth perception we’d see my predicament is just fake news.
161,36,0,0,29,29,1.0,0.03509312031717982,599,We just got her. She’s a mini ankylosaurus.
4062,36,0,0,38,38,1.0,0.02666903735313325,599,It’s in lieu of cash bail...
3513,36,0,0,38,38,1.0,0.02666903735313325,599,"Hi Jenny, How is your little ankle biter?"
5161,36,0,0,36,36,1.0,0.028171808490950554,599,I thought you said he was an herbivore?
4967,36,0,0,27,27,1.0,0.03774256780481986,599,"early man under ""house arrest"""
195,36,0,0,31,31,1.0,0.032791291789197645,599,The judge placed me on home confinement.
3349,36,0,0,33,33,1.0,0.030772872744833184,599,"I'm very attached to him, too."
1408,36,0,0,31,31,1.0,0.032791291789197645,599,Finally! I heard the guy next door invented a 'leash' thingy.
1648,36,0,0,31,31,1.0,0.032791291789197645,599,"Sorry brahs, can’t go out tonight. I’m totes grounded."
3518,36,0,0,31,31,1.0,0.032791291789197645,599,The box said nothing about this. I'm thinking class action!
3432,36,0,0,31,31,1.0,0.032791291789197645,599,"Really? I feed him; give him love. Like any loyal pet, can't he wait till I'm dead before he tries to eat me?"
3243,36,0,0,31,31,1.0,0.032791291789197645,599,"He followed me home, can I eat him?"
3078,36,0,0,31,31,1.0,0.032791291789197645,599,"The ad said he was cave broken, but I'm beginning to have doubts."
2963,36,0,0,31,31,1.0,0.032791291789197645,599,I fell asleep in a no-parking zone.
2958,36,0,0,31,31,1.0,0.032791291789197645,599,My fault. I did bite him first.
2729,36,0,0,31,31,1.0,0.032791291789197645,599,I'm under house pet arrest.
2677,36,0,0,31,31,1.0,0.032791291789197645,599,It was either this or remain in jail.
1624,36,0,0,31,31,1.0,0.032791291789197645,599,It's an ankle monitor.
2532,36,0,0,31,31,1.0,0.032791291789197645,599,"No, our ""dog"" doesn't bite. Why do you ask?"
2419,36,0,0,31,31,1.0,0.032791291789197645,599,Sorry I can't I'am under house arrest.
2398,36,0,0,31,31,1.0,0.032791291789197645,599,He's always been an ankle-biter.
1955,36,0,0,31,31,1.0,0.032791291789197645,599,Dessert tonight is more of an aspiration than a course.
1919,36,0,0,31,31,1.0,0.032791291789197645,599,I think I put my foot in his mouth.
1858,36,0,0,31,31,1.0,0.032791291789197645,599,This has become a painful relationship. It is time for me to leave.
1818,36,0,0,31,31,1.0,0.032791291789197645,599,Those are just his puppy teeth
1792,36,0,0,31,31,1.0,0.032791291789197645,599,I'm just happy he's not two feet taller!
1773,36,0,0,31,31,1.0,0.032791291789197645,599,"Personally, I can't wait until dogs are domesticated."
2523,36,0,0,31,31,1.0,0.032791291789197645,599,"Yeah, it totally bites but it still beats juvie."
3070,36,0,0,34,34,1.0,0.029854071701326604,599,Really ? I thought it was a wart
3636,36,0,0,33,33,1.0,0.030772872744833184,599,I'm waiting until he's extinct.
3740,36,0,0,33,33,1.0,0.030772872744833184,599,"The judge says I have to stay within 3,000 ft."
338,36,0,0,32,32,1.0,0.031750031750047626,599,A sore butt will harm your decision making. Take it from me Son that's sage advice.
3145,36,0,0,30,30,1.0,0.03390317518104052,599,Now that I caught him what do I do?
2380,36,0,0,30,30,1.0,0.03390317518104052,599,He’s still teething. But his mother’s skin made great sandals.
2135,36,0,0,30,30,1.0,0.03390317518104052,599,He doesn't eat much!
1803,36,0,0,30,30,1.0,0.03390317518104052,599,Our new health routine. It strengthens my tibialis anterior and Dinah's mandible.
4702,36,0,0,28,28,1.0,0.036369648372665396,599,"In retrospect, his Tinder bio did say he becomes ""easily attached."""
4585,36,0,0,28,28,1.0,0.036369648372665396,599,It's his protest against obedience school.
4550,36,0,0,28,28,1.0,0.036369648372665396,599,He gets like this every time he sees a meteorite.
4504,36,0,0,28,28,1.0,0.036369648372665396,599,He's really quite attached to me!
4382,36,0,0,28,28,1.0,0.036369648372665396,599,The breeder didn't tell me he was an ankle biter.
4381,36,0,0,28,28,1.0,0.036369648372665396,599,My ankle monitor comes off in 30 days.
3989,36,0,0,28,28,1.0,0.036369648372665396,599,He's not into opera. He wants to netflix and chill jurassic park again.
3978,36,0,0,28,28,1.0,0.036369648372665396,599,"Oh, and pick up a new chew toy for Yogi."
3944,36,0,0,28,28,1.0,0.036369648372665396,599,We met at a meat market.
3836,36,0,0,28,28,1.0,0.036369648372665396,599,"As it happens, I'm pretty familiar with the paleo diet."
3691,36,0,0,28,28,1.0,0.036369648372665396,599,Fifi hasn't been herself since that silly asteroid hit Mexico.
3632,36,0,0,28,28,1.0,0.036369648372665396,599,The judge says after 60 days I can remove it and leave my cave.
499,36,0,0,32,32,1.0,0.031750031750047626,599,So I hear this Farm to Table thing is all the rage...
574,36,0,0,32,32,1.0,0.031750031750047626,599,The doctor says it's terminal but I refuse to let it define me.
626,36,0,0,32,32,1.0,0.031750031750047626,599,I'll join you after. I'm kind of in between things.
701,36,0,0,32,32,1.0,0.031750031750047626,599,It's the newest fashion trend.
4514,36,0,0,32,32,1.0,0.031750031750047626,599,It's one of those boutique mini hybrids that is all the rage. It's called a legasaurus.
4326,36,0,0,32,32,1.0,0.031750031750047626,599,Before iPhones it was the family pet that was responsible for keeping track of teenagers.
4302,36,0,0,32,32,1.0,0.031750031750047626,599,"The doctor says it's going around, so take it easy and come in next week if I'm not feeling better."
4094,36,0,0,32,32,1.0,0.031750031750047626,599,"You said, “Get a pet.”"
3599,36,0,0,32,32,1.0,0.031750031750047626,599,How cute! You got a puppy.
3541,36,0,0,32,32,1.0,0.031750031750047626,599,My doctor says I got this rash by walking through the swamp......it's not contagious!
3098,36,0,0,32,32,1.0,0.031750031750047626,599,The housebreaking is a work in progress.
2846,36,0,0,32,32,1.0,0.031750031750047626,599,A present from the old ball and chain.
3499,36,0,0,28,28,1.0,0.036369648372665396,599,You do have to be patient with these rescue animals.
2492,36,0,0,32,32,1.0,0.031750031750047626,599,Bedsaurs
1645,36,0,0,32,32,1.0,0.031750031750047626,599,I think it’s his way of telling me not to go out without him.
1636,36,0,0,32,32,1.0,0.031750031750047626,599,"Seems a bit late for a club, don’t you think?"
1377,36,0,0,32,32,1.0,0.031750031750047626,599,It'll be good for dinner!
1372,36,0,0,32,32,1.0,0.031750031750047626,599,At first I thought our idea of a staycation this winter made a lot of sense.
1240,36,0,0,32,32,1.0,0.031750031750047626,599,"I wish I could go, but he chews my leg off if I leave the cave."
1199,36,0,0,32,32,1.0,0.031750031750047626,599,"Sometimes you eat the stegosaurus, and sometimes the stegosaurus eats you."
1093,36,0,0,32,32,1.0,0.031750031750047626,599,It followed me home. Can I keep it?
1032,36,0,0,32,32,1.0,0.031750031750047626,599,Time to call the Stegosaurus Whisperer.
1740,36,0,0,32,32,1.0,0.031750031750047626,599,"""Open Sesame"" did not work, should I try "" Button"" ?"
3493,36,0,0,28,28,1.0,0.036369648372665396,599,Grood got the cave in the divorce. I got the dog.
3282,36,0,0,28,28,1.0,0.036369648372665396,599,It's just three months of house arrest.
2907,36,0,0,28,28,1.0,0.036369648372665396,599,"Yeah, but it sure beats the cost of chew toys..."
438,36,0,0,28,28,1.0,0.036369648372665396,599,Evolution called. They want this one back.
432,36,0,0,28,28,1.0,0.036369648372665396,599,The garbage disposal is on the fritz...
390,36,0,0,28,28,1.0,0.036369648372665396,599,He’s had abandonment issues ever since the Cretaceous Period.
233,36,0,0,28,28,1.0,0.036369648372665396,599,The paleontologist says it's temporary.
101,36,0,0,28,28,1.0,0.036369648372665396,599,It helps my attachment disorder.
5454,36,0,0,26,26,1.0,0.03922322702763681,599,"Yes, I am on cave arrest. They ran out of ankle bracelets."
4735,36,0,0,26,26,1.0,0.03922322702763681,599,Seemed easier than spearing him first before dragging him home.
2369,36,0,0,37,37,1.0,0.02739983121755955,599,"No really, it’s fine. This is just his way of showing affection."
731,36,0,0,28,28,1.0,0.036369648372665396,599,I need to stay back -- she is having some separation anxiety issues right now.
229,36,0,0,37,37,1.0,0.02739983121755955,599,"Yes, a second eye would be useful."
241,36,0,0,35,35,1.0,0.028988551782622423,599,I may be in an unhealthy relationship.
106,36,0,0,35,35,1.0,0.028988551782622423,599,He thinks you're from the vet's office. I joked about getting him castrated.
5270,36,0,0,33,33,1.0,0.030772872744833184,599,He thinks I’m the mailman.
4941,36,0,0,33,33,1.0,0.030772872744833184,599,Spot has a mild case of separation anxiety
4387,36,0,0,33,33,1.0,0.030772872744833184,599,He is so playful and cute. I just love him. His name is Phineas.
4185,36,0,0,33,33,1.0,0.030772872744833184,599,"...and once my cave arrest is completed, I'm considering keeping him as my emotional support animal."
4178,36,0,0,33,33,1.0,0.030772872744833184,599,"Guys, can I bring my Dino to the party tonight? She's not vicious at all!"
4167,36,0,0,33,33,1.0,0.030772872744833184,599,These purebreds are a little high strung
4681,36,0,0,35,35,1.0,0.028988551782622423,599,SHE TELLS ME THERE WAS ABOUT A 1.5 M YEAR WAIT FOR A BIJON FRISE
3645,36,0,0,33,33,1.0,0.030772872744833184,599,That settles it guys. Meet your new drummer.
983,36,0,0,28,28,1.0,0.036369648372665396,599,It's your turn to feed Rufus.
989,36,0,0,28,28,1.0,0.036369648372665396,599,I popped in looking for my son's pet pterodactyl that's been missing since yesterday morning.
2897,36,0,0,28,28,1.0,0.036369648372665396,599,"""I wish I could join you, but I'm still on house arrest."" Shelley Rodgers Alexandria, VA"
2892,36,0,0,28,28,1.0,0.036369648372665396,599,Never mind the beast. He's just playful.
2459,36,0,0,28,28,1.0,0.036369648372665396,599,I just didn't want to be rude.
2441,36,0,0,28,28,1.0,0.036369648372665396,599,"I don't know for sure, but I think he likes me...."
2061,36,0,0,28,28,1.0,0.036369648372665396,599,"Oh don't worry, he's an herbivore!"
1976,36,0,0,28,28,1.0,0.036369648372665396,599,He’s territorial and he’s possessive but he doesn’t make me turn the heat up.
1961,36,0,0,28,28,1.0,0.036369648372665396,599,"He'll jump up and try to lick you, but don't worry, he doesn't bite."
1932,36,0,0,28,28,1.0,0.036369648372665396,599,He is not too bad for a cave pet.
986,36,0,0,28,28,1.0,0.036369648372665396,599,He's very needy but he knows a lot of tricks.
1484,36,0,0,28,28,1.0,0.036369648372665396,599,"Don’t worry folks. There’s a witch doctor around the corner. Really, really wonderful. Besides, this bight is “fake news.”"
1337,36,0,0,28,28,1.0,0.036369648372665396,599,You are under house arrest!
1266,36,0,0,28,28,1.0,0.036369648372665396,599,It’s so I can’t leave the cave until my trial.
1230,36,0,0,28,28,1.0,0.036369648372665396,599,"It's okay, he's just excited"
1196,36,0,0,28,28,1.0,0.036369648372665396,599,The breeder mentioned that he might be suffering from a Separation Anxiety Complex.
1172,36,0,0,28,28,1.0,0.036369648372665396,599,It's my new court-ordered Global Prehistoric System cave-arrest device!
1113,36,0,0,28,28,1.0,0.036369648372665396,599,"The ankle monitor comes off tomorrow, but I'll still be on cave arrest."
1090,36,0,0,28,28,1.0,0.036369648372665396,599,"It's the owner, not the prehistoric classification."
1066,36,0,0,28,28,1.0,0.036369648372665396,599,You get used to the leg biting....and honestly he's cleaner than my ex.
1370,36,0,0,28,28,1.0,0.036369648372665396,599,It’s only because of obedience school that I even have a leg.
4897,36,0,0,23,23,1.0,0.044455422447438706,599,"Yeah, yeah, yeah...I know that's how he got his name!"
4651,36,0,0,21,21,1.0,0.048795003647426664,599,When we picked him up at the Paleozoic Society for the Prevention of Cruelty To Animals told me he left alone a lot as a hatchling.
5137,36,0,0,23,23,1.0,0.044455422447438706,599,I'm afraid it's gonna take a million years to train this guy
5577,36,0,0,20,20,1.0,0.051298917604257706,599,Before incarnation he was a alpha male.
5343,36,0,0,20,20,1.0,0.051298917604257706,599,Whatever happened to 'two eyes are better than one?'
5195,36,0,0,20,20,1.0,0.051298917604257706,599,She'll grow out of it.
4951,36,0,0,20,20,1.0,0.051298917604257706,599,Is this a trap?
4884,36,0,0,20,20,1.0,0.051298917604257706,599,Me and Allie didn't think you'd be home until sunset!
4877,36,0,0,20,20,1.0,0.051298917604257706,599,It was knapping on the rock pile or home detention.
4851,36,0,0,20,20,1.0,0.051298917604257706,599,Dinner plans have changed.
4838,36,0,0,20,20,1.0,0.051298917604257706,599,You’d think that the end of society would have come with the end of home arrest...
4729,36,0,0,20,20,1.0,0.051298917604257706,599,He's attracted to me and won't leave me alone. That's more than I can say for my caveman.
4713,36,0,0,20,20,1.0,0.051298917604257706,599,When was the last day to apply for Marketplace health insurance again?
4530,36,0,0,20,20,1.0,0.051298917604257706,599,"OK, now you can come in, he won't bte. Ok, now you can come in, he won't bite."
4484,36,0,0,20,20,1.0,0.051298917604257706,599,He doesn't believe me when I tell him cave drawings put 10 pounds on you.
4483,36,0,0,20,20,1.0,0.051298917604257706,599,"""Sometimes there is a fine line between being playful an being hurtful""."
4475,36,0,0,20,20,1.0,0.051298917604257706,599,We have to make one stop. He really wants to go to dino daycare.
4459,36,0,0,20,20,1.0,0.051298917604257706,599,It also game in green.
4446,36,0,0,20,20,1.0,0.051298917604257706,599,He wants to go for a walk.
4349,36,0,0,20,20,1.0,0.051298917604257706,599,Are you sure the low temps will kill bed bugs ?
12,36,0,0,21,21,1.0,0.048795003647426664,599,You could have saved yourself the trip and downloaded my app.
39,36,0,0,21,21,1.0,0.048795003647426664,599,"No, sorry, I'm The Dalai Lime-a."
259,36,0,0,21,21,1.0,0.048795003647426664,599,I mentioned his mama was also horny.
525,36,0,0,21,21,1.0,0.048795003647426664,599,Just a pet. He's getting used to us.
1952,36,0,0,21,21,1.0,0.048795003647426664,599,This species can't be domesticated.
1802,36,0,0,21,21,1.0,0.048795003647426664,599,House arrest hasn't been the same since they ran out of the normal anklets.
1766,36,0,0,21,21,1.0,0.048795003647426664,599,“The chief said I need to do this for 90 days”.
1364,36,0,0,21,21,1.0,0.048795003647426664,599,Oh Please. I will walk him.
1269,36,0,0,21,21,1.0,0.048795003647426664,599,"Also, I wasn't allowed to celebrate New Year's Eve!"
1242,36,0,0,21,21,1.0,0.048795003647426664,599,It was court ordered. It let's me stay under cave arrest instead of going to jail.
1206,36,0,0,21,21,1.0,0.048795003647426664,599,I got 90 days cave arrest. If I step outside he snaps it off.
1139,36,0,0,21,21,1.0,0.048795003647426664,599,THIS IS THE WAY I'm KEPT A STAY AT HOME MOM
4200,36,0,0,20,20,1.0,0.051298917604257706,599,We're working on Fluffy's homo sapien aversion.
1130,36,0,0,21,21,1.0,0.048795003647426664,599,Neadrathal DNA proves more complex than scientists thought. Due to the small pool of potential mates. An alligator was a disappointing but realistic date to have to meet the parents.
1084,36,0,0,21,21,1.0,0.048795003647426664,599,"Yeah, it's my monitor lizard. I can't go out, I'm under cave arrest, again."
917,36,0,0,21,21,1.0,0.048795003647426664,599,I was caught stealing fire and now I have to wear this court mandated ankle monitor
790,36,0,0,21,21,1.0,0.048795003647426664,599,She’s not a bad Pitosaurus. She just has a bad owner.
737,36,0,0,21,21,1.0,0.048795003647426664,599,"I can’t go with you, I’m under dragon arrest."
734,36,0,0,21,21,1.0,0.048795003647426664,599,2500 years from now they'll call this Reactive Attachment Disorder.
723,36,0,0,21,21,1.0,0.048795003647426664,599,I'm waiting on these ankle biters to evolve.
623,36,0,0,21,21,1.0,0.048795003647426664,599,She is so affectionate. Don't you just lover her?
550,36,0,0,21,21,1.0,0.048795003647426664,599,They call this a smart collar.
1116,36,0,0,21,21,1.0,0.048795003647426664,599,How much loner are you on house arrest?
2042,36,0,0,21,21,1.0,0.048795003647426664,599,I've decided to call this strange creature an albatross.
4041,36,0,0,20,20,1.0,0.051298917604257706,599,That new coconut oil is working out great otherwise.
3883,36,0,0,20,20,1.0,0.051298917604257706,599,Is there an app for this?
2942,36,0,0,20,20,1.0,0.051298917604257706,599,"You just can't club a woman, drag her back your cave anymore. #TimesUp"
2799,36,0,0,20,20,1.0,0.051298917604257706,599,Fish pedicures are less effective
2758,36,0,0,20,20,1.0,0.051298917604257706,599,I think I'm OK for now. Thanks though.
2717,36,0,0,20,20,1.0,0.051298917604257706,599,He followed
2442,36,0,0,20,20,1.0,0.051298917604257706,599,"Yes, I have just invented this trick called 'heeling'."
2416,36,0,0,20,20,1.0,0.051298917604257706,599,I can’t wait for someone to invent electronic monitoring for home detention.
2307,36,0,0,20,20,1.0,0.051298917604257706,599,We're still evolving as hunter-gatherers.
2112,36,0,0,20,20,1.0,0.051298917604257706,599,"The judge called it an ""ankle monitor"". He said that if I try to flee before my trial, they just follow the blood trail."
1965,36,0,0,20,20,1.0,0.051298917604257706,599,Can't wait 'til he goes extinct.
1959,36,0,0,20,20,1.0,0.051298917604257706,599,My pet lizard and I are on our way to Obedience School.
1885,36,0,0,20,20,1.0,0.051298917604257706,599,It was only simple petting.
1853,36,0,0,20,20,1.0,0.051298917604257706,599,Do you think he's too attached to me?
1788,36,0,0,20,20,1.0,0.051298917604257706,599,"What? Haven't you seen ""Dino Instinct"""
1760,36,0,0,20,20,1.0,0.051298917604257706,599,He's part pitbull.
1752,36,0,0,20,20,1.0,0.051298917604257706,599,I'm under cave-arrest and cannot leave without setting off the ankle alarm.
1703,36,0,0,20,20,1.0,0.051298917604257706,599,When winter takes a grip its hard to shake off
1542,36,0,0,20,20,1.0,0.051298917604257706,599,It’s an ankle weight for strong calves
2948,36,0,0,20,20,1.0,0.051298917604257706,599,It's called a legosaurus.
2999,36,0,0,20,20,1.0,0.051298917604257706,599,I'm not comfortable here.
3066,36,0,0,20,20,1.0,0.051298917604257706,599,I should never have let him start licking the plates.
3069,36,0,0,20,20,1.0,0.051298917604257706,599,He just wants to be walked out.
3865,36,0,0,20,20,1.0,0.051298917604257706,599,"Mom and Dad, my student loans for my spear making degree are making it hard to move out."
3857,36,0,0,20,20,1.0,0.051298917604257706,599,He's a rescue. He's got a little separation anxiety. I think I'll call him Dave.
3802,36,0,0,20,20,1.0,0.051298917604257706,599,You just have to jiggle it...
3768,36,0,0,20,20,1.0,0.051298917604257706,599,"Pal's loyal, but possessive."
3641,36,0,0,20,20,1.0,0.051298917604257706,599,"So, is this doing the Crocodile Rock?"
3600,36,0,0,20,20,1.0,0.051298917604257706,599,I guess I'm really more of a two-eyed pet person.
3556,36,0,0,20,20,1.0,0.051298917604257706,599,He’s never gotten over the fear of flying.
3546,36,0,0,20,20,1.0,0.051298917604257706,599,He needs Dino Daycare.
3970,36,0,0,20,20,1.0,0.051298917604257706,599,I talked the salesman down to just a leg.
3488,36,0,0,20,20,1.0,0.051298917604257706,599,"Whatever you do, don't show fear. The Mutilatasaurus only attacks if it senses fear..."
3451,36,0,0,20,20,1.0,0.051298917604257706,599,He's almost cave broken.
3292,36,0,0,20,20,1.0,0.051298917604257706,599,"Don't worry, he won't bite you."
3272,36,0,0,20,20,1.0,0.051298917604257706,599,"His advice is generally good, but not so much his delivery."
3269,36,0,0,20,20,1.0,0.051298917604257706,599,You had better hope an asteroid strikes earth and he becomes extinct.
3263,36,0,0,20,20,1.0,0.051298917604257706,599,"Don't worry, he only bites me for some reason...isn't that right Buddy?"
3250,36,0,0,20,20,1.0,0.051298917604257706,599,I told him his skin would make a nice purse.
3219,36,0,0,20,20,1.0,0.051298917604257706,599,I've weaned him from eyeballs.
3164,36,0,0,20,20,1.0,0.051298917604257706,599,Are you are enjoying your house arrest Mr. Manafort?
3479,36,0,0,20,20,1.0,0.051298917604257706,599,I tried to cross the road.
2097,36,0,0,21,21,1.0,0.048795003647426664,599,"Ouch, have they invented orthopedic doctors yet??????"
2259,36,0,0,21,21,1.0,0.048795003647426664,599,I consider him my close friend.
2299,36,0,0,21,21,1.0,0.048795003647426664,599,"So far, I'm thinking the wolf makes a better pack animal."
2,36,0,0,22,22,1.0,0.046524210519923545,599,"Ease your mind, your ass will follow. There ya go."
5536,36,0,0,21,21,1.0,0.048795003647426664,599,The concept behind this 'boot' has great potential to disrupt future civilizations and their drivers.
5480,36,0,0,21,21,1.0,0.048795003647426664,599,"Believe me, it's an upgrade from my ex-ball-and-chain."
5386,36,0,0,21,21,1.0,0.048795003647426664,599,"No concern, This animal is extinct"
5288,36,0,0,21,21,1.0,0.048795003647426664,599,It's the latest thing! Ankle bracelets!
5202,36,0,0,21,21,1.0,0.048795003647426664,599,I should have taken the Bible more literally.
5182,36,0,0,21,21,1.0,0.048795003647426664,599,I can’t believe this is still happening in America.
5006,36,0,0,21,21,1.0,0.048795003647426664,599,The judge said three more months of house arrest.
4971,36,0,0,21,21,1.0,0.048795003647426664,599,"Guess we missed the lesson on ""Leave it""!"
4806,36,0,0,21,21,1.0,0.048795003647426664,599,I wish I had depth perception.
4797,36,0,0,21,21,1.0,0.048795003647426664,599,Never insult a dinosaur's political opinion.
4786,36,0,0,21,21,1.0,0.048795003647426664,599,Are you pulling my leg
4778,36,0,0,21,21,1.0,0.048795003647426664,599,He has to be fed several times a day.
4741,36,0,0,21,21,1.0,0.048795003647426664,599,Buster has strong feelings of anxiety separation and won't leave my side ever since I rescued him from a pack of wolves outside of the compound.
4680,36,0,0,21,21,1.0,0.048795003647426664,599,I did try obedience training.
4673,36,0,0,21,21,1.0,0.048795003647426664,599,I was looking for something with a bit more heal but this is what they are wearing in Europe this season
4638,36,0,0,21,21,1.0,0.048795003647426664,599,"Yes, he's housebroken. He""ll let you know when he needs to go out."
34,36,0,0,22,22,1.0,0.046524210519923545,599,HHHHHHHH
57,36,0,0,22,22,1.0,0.046524210519923545,599,It’s really the only socially responsible way to travel.
223,36,0,0,22,22,1.0,0.046524210519923545,599,I'm just here to tell you that you've made it and to wish you a good trip back down.
340,36,0,0,22,22,1.0,0.046524210519923545,599,Thanks Doc! I'm feeling better already.
1966,36,0,0,22,22,1.0,0.046524210519923545,599,It's too bad you couldn't visit when we had furniture.
1935,36,0,0,22,22,1.0,0.046524210519923545,599,Eye can’t move
1845,36,0,0,22,22,1.0,0.046524210519923545,599,He's getting old and grumpy and still mad for dressing him up like Santa at Christmas...
1837,36,0,0,22,22,1.0,0.046524210519923545,599,He's my new pet and we're hitting it off just fine: In fact he can't get enough of me.
1746,36,0,0,22,22,1.0,0.046524210519923545,599,I think he loves me.
1531,36,0,0,22,22,1.0,0.046524210519923545,599,I thought you said that your stegosaurus doesn't bite!
1520,36,0,0,22,22,1.0,0.046524210519923545,599,Here's here for the General Tsao's Chicken we ordered 15 minutes ago...
1341,36,0,0,22,22,1.0,0.046524210519923545,599,"Half Pitbull , Half dinosaur."
4562,36,0,0,21,21,1.0,0.048795003647426664,599,It actually turned out okay. The shaman gave me three weeks cave arrest.
1013,36,0,0,22,22,1.0,0.046524210519923545,599,Better me than the new furniture.
849,36,0,0,22,22,1.0,0.046524210519923545,599,"Him new pet, named Spike."
831,36,0,0,22,22,1.0,0.046524210519923545,599,"Lately, I'm feeling somewhat restricted in my movements."
703,36,0,0,22,22,1.0,0.046524210519923545,599,Find my parole officer. Named Flintstone. Offer him two pounds for my release.
656,36,0,0,22,22,1.0,0.046524210519923545,599,Cave Training the House Pet 7017 BC
609,36,0,0,22,22,1.0,0.046524210519923545,599,"Well, pets like this are good for civilian defense."
446,36,0,0,22,22,1.0,0.046524210519923545,599,"But you’re wrong, he isn’t slimey at all!"
436,36,0,0,22,22,1.0,0.046524210519923545,599,"I'm as surprised as you are, he looked friendly."
395,36,0,0,22,22,1.0,0.046524210519923545,599,"He just bit my leg, didn't he?"
856,36,0,0,22,22,1.0,0.046524210519923545,599,Where is that jaw opener I gave you for Christmas?
4509,36,0,0,21,21,1.0,0.048795003647426664,599,"""Oh, is there a tyrannosaurus-ankle-biteus latched to my leg? That's what that excruciating pain is in my ankle. Thank you so much for telling me that. I had no idea"". Pre-historic sarcasm..."
4456,36,0,0,21,21,1.0,0.048795003647426664,599,A new breed... a cross with a beagle.
4445,36,0,0,21,21,1.0,0.048795003647426664,599,Call me ahab
3667,36,0,0,21,21,1.0,0.048795003647426664,599,"I am feeding him, so I can feed on him!"
3529,36,0,0,21,21,1.0,0.048795003647426664,599,I was setting a trap for Godzilla and this thing was hiding under the leaves !!
3510,36,0,0,21,21,1.0,0.048795003647426664,599,"Ever since my wife went missing, the kids have been scared of him."
3471,36,0,0,21,21,1.0,0.048795003647426664,599,She did not like the missionary position
3391,36,0,0,21,21,1.0,0.048795003647426664,599,"He's still a bit wild, but I can tame him."
3174,36,0,0,21,21,1.0,0.048795003647426664,599,Not to worry.It's not painful. He's only xenophobic.
3151,36,0,0,21,21,1.0,0.048795003647426664,599,"Don't worry, he's house-trained."
3039,36,0,0,21,21,1.0,0.048795003647426664,599,"When I googled ""animals with scales"" the reply said they were vegetarians"
3711,36,0,0,21,21,1.0,0.048795003647426664,599,"You've heard of chokers? This is a biter. And yes, it's made with real reptile!"
3019,36,0,0,21,21,1.0,0.048795003647426664,599,"I promise, he’s house broken. We are just working on attachment issues."
2808,36,0,0,21,21,1.0,0.048795003647426664,599,I think we burgled the wrong cave.
2646,36,0,0,21,21,1.0,0.048795003647426664,599,I can't decide between tibiasuarus and fibulasaurus. He seems to like both.
2640,36,0,0,21,21,1.0,0.048795003647426664,599,"It said it was a ""man cave."" So I shouldn't be surprised this dinosaur tried to have his way with me."
2522,36,0,0,21,21,1.0,0.048795003647426664,599,"Alas, we may not be attached at the hip like you two, but as long as I don’t move a muscle, I say we make a fine pair."
2477,36,0,0,21,21,1.0,0.048795003647426664,599,I’m what the reptiles call..consumptuous.
2436,36,0,0,21,21,1.0,0.048795003647426664,599,He's just going through a teething phase.
2414,36,0,0,21,21,1.0,0.048795003647426664,599,Relationships are all about connection.
2359,36,0,0,21,21,1.0,0.048795003647426664,599,"""House arrest"" sounds like a vacation until it happens to you. Oh, and we live in caves."
3008,36,0,0,21,21,1.0,0.048795003647426664,599,I think he'd make a great suitcase.
1517,36,0,0,20,20,1.0,0.051298917604257706,599,"Yeah, it hurts, but we sure don't get many door-to-door siding salesmen anymore."
3736,36,0,0,21,21,1.0,0.048795003647426664,599,"I call it ‘vaccination.’ Theoretically, I’m immune to dinosaurs."
3891,36,0,0,21,21,1.0,0.048795003647426664,599,"Oh, he's at that age where he doesn't want me to leave the cave. The pet therapist calls it separation anxiety."
4398,36,0,0,21,21,1.0,0.048795003647426664,599,"As you can see, I'm not a stegosaurus person."
4367,36,0,0,21,21,1.0,0.048795003647426664,599,I thought if I had this alligator on my ankle I would be the subject of a cartoon caption contest in a couple thousand years.
4352,36,0,0,21,21,1.0,0.048795003647426664,599,He’s a rescue velociraptor. Still a bit insecure.
4325,36,0,0,21,21,1.0,0.048795003647426664,599,The often unobserved problem with an ankle-biter is that if you lie down he has access to your neck.
4322,36,0,0,21,21,1.0,0.048795003647426664,599,"Don't worry, it's my new Air Canada carry on luggage."
4311,36,0,0,21,21,1.0,0.048795003647426664,599,The tribal leader ordered it so I won't leave the cave. If I do he eats me.
4272,36,0,0,21,21,1.0,0.048795003647426664,599,You only have one eye so what’s one leg?
4262,36,0,0,21,21,1.0,0.048795003647426664,599,Trade Ya My res and balloon for Your parachute
3783,36,0,0,21,21,1.0,0.048795003647426664,599,No I didn't steal your damn paintings.
4216,36,0,0,21,21,1.0,0.048795003647426664,599,"Sorry, I'm homestuck..."
4129,36,0,0,21,21,1.0,0.048795003647426664,599,verdict: have to wear an ankle bracelet for 3 months
4083,36,0,0,21,21,1.0,0.048795003647426664,599,How do you like my new ankle monitor?
4057,36,0,0,21,21,1.0,0.048795003647426664,599,I'm under CAVE Arrest with a tracing device that really means business.
4038,36,0,0,21,21,1.0,0.048795003647426664,599,"Until someone invites a leash, this is how we go for a walk."
3969,36,0,0,21,21,1.0,0.048795003647426664,599,"Well, I was into older chicks, and she didn't want to die a virgin..."
3941,36,0,0,21,21,1.0,0.048795003647426664,599,It was either this or an ankle monitor.
3929,36,0,0,21,21,1.0,0.048795003647426664,599,"I traded in the old ""ball and chain"" for this?"
3903,36,0,0,21,21,1.0,0.048795003647426664,599,"All the caves in this neighborhood have one, it's part of the charm!"
4171,36,0,0,21,21,1.0,0.048795003647426664,599,He's a pet.
2020,36,0,0,22,22,1.0,0.046524210519923545,599,Does he bite?
1460,36,0,0,20,20,1.0,0.051298917604257706,599,We’re aril working on ‘heel’.
1245,36,0,0,20,20,1.0,0.051298917604257706,599,"He's a cute pet, but sometimes he gets too frisky."
491,36,0,0,18,18,1.0,0.05716619504750295,599,There’s been an innovation in cave security I need to look into: it’s called the door.
280,36,0,0,18,18,1.0,0.05716619504750295,599,"Eventually, she'll evolve to be my wife."
266,36,0,0,18,18,1.0,0.05716619504750295,599,He has become attach to me.
82,36,0,0,18,18,1.0,0.05716619504750295,599,My ankle is extremely Dino-sore.
55,36,0,0,18,18,1.0,0.05716619504750295,599,Would you like to hear my core beliefs?
42,36,0,0,18,18,1.0,0.05716619504750295,599,Welcome to the Afghanistan fitness club
4360,36,0,0,17,17,1.0,0.06063390625908324,599,"I love him , but he's clingy ."
3537,36,0,0,17,17,1.0,0.06063390625908324,599,It's always good manners to wipe your feet before entering.
3373,36,0,0,17,17,1.0,0.06063390625908324,599,Home arrest isn't all that I thought it would be...
1947,36,0,0,17,17,1.0,0.06063390625908324,599,He must smell another amphibian on me.
1622,36,0,0,17,17,1.0,0.06063390625908324,599,This ankle monitor bites.
1429,36,0,0,17,17,1.0,0.06063390625908324,599,Just a neurosis I can't seem to shake.
62,36,0,0,17,17,1.0,0.06063390625908324,599,I can certainly give you some advice on your mucous problem.
11,36,0,0,17,17,1.0,0.06063390625908324,599,The top of the corporate ladder looks a lot like the bottom of it.
909,36,0,0,29,29,1.0,0.03509312031717982,599,It's called a prehistoric tether.
3958,36,0,0,28,28,1.0,0.036369648372665396,599,I told you not to bring your friends home!
1721,36,0,0,28,28,1.0,0.036369648372665396,599,Call the dinosaur whisperer.
794,36,0,0,18,18,1.0,0.05716619504750295,599,It's a small price to pay for constant companionship.
1009,36,0,0,18,18,1.0,0.05716619504750295,599,I told you it wasn't just us.
1157,36,0,0,18,18,1.0,0.05716619504750295,599,It's just learning to heal.
1440,36,0,0,18,18,1.0,0.05716619504750295,599,The judge was actually lenient. I need to wear it for only three months.
4234,36,0,0,18,18,1.0,0.05716619504750295,599,"What can I say, he's very attached to me."
3990,36,0,0,18,18,1.0,0.05716619504750295,599,He holding on for dear life.
3744,36,0,0,18,18,1.0,0.05716619504750295,599,I'm thinking of a change. Do you have any more of those dogs you raise as house pets?
3512,36,0,0,18,18,1.0,0.05716619504750295,599,"I can never remember, is it femur or fibula?"
3418,36,0,0,18,18,1.0,0.05716619504750295,599,It's not the saw I had in mind.
3075,36,0,0,18,18,1.0,0.05716619504750295,599,"Well, he's basically a good boy, but the separation anxiety is a work in progress."
2976,36,0,0,18,18,1.0,0.05716619504750295,599,I'm under house arrest indefinitely.
2919,36,0,0,18,18,1.0,0.05716619504750295,599,"Of course this home is pest free, why do you ask?"
67,36,0,0,28,28,1.0,0.036369648372665396,599,"Too much of the big ball, not enough of the little ball."
2761,36,0,0,18,18,1.0,0.05716619504750295,599,Prehistoric house arrest ankle monitoring system.
2596,36,0,0,18,18,1.0,0.05716619504750295,599,I have no idea...Totally bits me...
2354,36,0,0,18,18,1.0,0.05716619504750295,599,"For reasons I don’t need to explain, I’m selling this cave."
1964,36,0,0,18,18,1.0,0.05716619504750295,599,The courts have found him to be far more effective than a tether.
1791,36,0,0,18,18,1.0,0.05716619504750295,599,I'm returning him to the dinosaur rescue people--I can't get him to behave.
1685,36,0,0,18,18,1.0,0.05716619504750295,599,"What do you mean, you can't dial 911?"
1663,36,0,0,18,18,1.0,0.05716619504750295,599,Better than the electric eals
1598,36,0,0,18,18,1.0,0.05716619504750295,599,"""I think it's called comb envy."
1579,36,0,0,18,18,1.0,0.05716619504750295,599,He hates when I mention fossil fuel.
2744,36,0,0,18,18,1.0,0.05716619504750295,599,We better get a grip on the situation.
4240,36,0,0,18,18,1.0,0.05716619504750295,599,He is so fond of me! He can not stay away even for a minute ...
4840,36,0,0,27,27,1.0,0.03774256780481986,599,I thought he was house trained.
2913,36,0,0,27,27,1.0,0.03774256780481986,599,If I break parole he breaks my leg.
4455,36,0,0,25,25,1.0,0.040824829046386304,599,I thought you said your dog didn't bite. . . .
4077,36,0,0,25,25,1.0,0.040824829046386304,599,Are you backbiting me?
3997,36,0,0,25,25,1.0,0.040824829046386304,599,The ankle bracelet is to put some teeth into the pre-trial orders.
3791,36,0,0,25,25,1.0,0.040824829046386304,599,My wife insisted we get a rescue...
3718,36,0,0,25,25,1.0,0.040824829046386304,599,He wasn't happy with my cave painting depiction.
2891,36,0,0,25,25,1.0,0.040824829046386304,599,You go ahead; I'm going to get a bite first.
2766,36,0,0,25,25,1.0,0.040824829046386304,599,Outrageous!! Dinosaurs never lived alongside humans. You must be ignoring the facts that go against your beliefs.
2580,36,0,0,25,25,1.0,0.040824829046386304,599,"It’s OK, I’ve got caveman’s comp."
2520,36,0,0,25,25,1.0,0.040824829046386304,599,I still like my ankle biter better than yours.
1684,36,0,0,25,25,1.0,0.040824829046386304,599,"Oh, he does that"
1590,36,0,0,25,25,1.0,0.040824829046386304,599,Your son? No. I haven't seen him. Have you checked the bowling alley?
1566,36,0,0,25,25,1.0,0.040824829046386304,599,My leg stuck somewhere!
1448,36,0,0,25,25,1.0,0.040824829046386304,599,Ankle bracelets are so passé.
1396,36,0,0,25,25,1.0,0.040824829046386304,599,"I just have to wait until it turns purple, becomes nostalgic, and lets go."
1250,36,0,0,25,25,1.0,0.040824829046386304,599,"I have ESA papers! He flies free,but its hard to get a doctor to state the passenger needs the emotional support of a toddler as an accommodation for air travel!"
981,36,0,0,25,25,1.0,0.040824829046386304,599,We had a fight. He insists he is an ancestor!
963,36,0,0,25,25,1.0,0.040824829046386304,599,Emergency room visits are a $350 co-pay. I'm sure it will correct itself over time.
5125,36,0,0,25,25,1.0,0.040824829046386304,599,Awww. Why can't I keep him? He won't eat much.
5199,36,0,0,25,25,1.0,0.040824829046386304,599,Her mother told her that I'm her fiancé.
5360,36,0,0,25,25,1.0,0.040824829046386304,599,IT'S JUST HIS WAY OF SHOWING ME AFFECTION!!
5444,36,0,0,25,25,1.0,0.040824829046386304,599,I'm klingon-sitting for the neighbors.
2525,36,0,0,27,27,1.0,0.03774256780481986,599,I just started him on dino-Prozac for the separation anxiety...
2356,36,0,0,27,27,1.0,0.03774256780481986,599,Impoundment regulations are getting swampier by the day.
1738,36,0,0,27,27,1.0,0.03774256780481986,599,We're getting married.
973,36,0,0,27,27,1.0,0.03774256780481986,599,Men with beards
5576,36,0,0,26,26,1.0,0.03922322702763681,599,"Sorry ladies, I couldn't get rid of the ball and chain."
5437,36,0,0,26,26,1.0,0.03922322702763681,599,i just cannot get over Delta's new charges for first checked bag
4159,36,0,0,26,26,1.0,0.03922322702763681,599,"I’m losing blood, but he has to eat at some point so I figured I’d just wait it out."
3984,36,0,0,26,26,1.0,0.03922322702763681,599,In a couple thousand years they'll be man's best friend.
3593,36,0,0,27,27,1.0,0.03774256780481986,599,"Now that the judge imposed this ankle bracelet in lieu of cave confinement, I can get out of your way."
3888,36,0,0,26,26,1.0,0.03922322702763681,599,Ankle bracelet.
3111,36,0,0,26,26,1.0,0.03922322702763681,599,Until we invent the wheel this is all he knows how to do.
3023,36,0,0,26,26,1.0,0.03922322702763681,599,"You should say ow, Cyclops!"
1571,36,0,0,26,26,1.0,0.03922322702763681,599,It's just unrequited beastial love....no worries!
1529,36,0,0,26,26,1.0,0.03922322702763681,599,I still have a leg up on the competition.
1168,36,0,0,26,26,1.0,0.03922322702763681,599,"Klonka said, ""No pet, no sex."""
823,36,0,0,26,26,1.0,0.03922322702763681,599,Just separation anxiety -- they'd better hurry and invent Prozac.
555,36,0,0,26,26,1.0,0.03922322702763681,599,"You know, you just gotta not let the anklebiters get to ya."
5507,36,0,0,25,25,1.0,0.040824829046386304,599,Ow! Do you think there's an alternative universe where evolution's created a different 'man's best friend?' Ow!
3673,36,0,0,26,26,1.0,0.03922322702763681,599,"Yah, but ankle bracelets are SO ""in"" these days!"
4361,36,0,0,18,18,1.0,0.05716619504750295,599,I haven’t named him yet.
4544,36,0,0,18,18,1.0,0.05716619504750295,599,He prefers it to a dog bone.
4724,36,0,0,18,18,1.0,0.05716619504750295,599,"Well Hera, it's sort of like being married!"
5403,36,0,0,19,19,1.0,0.05407380704358751,599,He won't let me go for walkies until he gets his bowl back.
5383,36,0,0,19,19,1.0,0.05407380704358751,599,"I get it now-- building a better roog trap means trap the roog, not the other way around."
4865,36,0,0,19,19,1.0,0.05407380704358751,599,"It seems a little excessive, but 7 months I can deal with ..."
4582,36,0,0,19,19,1.0,0.05407380704358751,599,Sometimes pets can get too attached.
4408,36,0,0,19,19,1.0,0.05407380704358751,599,I`m on home detention.
4341,36,0,0,19,19,1.0,0.05407380704358751,599,"They call it ""house arrest."""
4287,36,0,0,19,19,1.0,0.05407380704358751,599,My little Christmas toy joy.
4221,36,0,0,19,19,1.0,0.05407380704358751,599,The Bronto Whisperer: I said 'heel.' Obviously we have a lot more work to do.
4218,36,0,0,19,19,1.0,0.05407380704358751,599,"Actually, the correct name is “scutellosaurus”"
4047,36,0,0,19,19,1.0,0.05407380704358751,599,"After he finishes breakfast, we'll be ready to go"
3962,36,0,0,19,19,1.0,0.05407380704358751,599,He's hungry so it must be dinnertime.
3886,36,0,0,19,19,1.0,0.05407380704358751,599,It's a trap!
3760,36,0,0,19,19,1.0,0.05407380704358751,599,He came with a 30-day free trial.
3637,36,0,0,19,19,1.0,0.05407380704358751,599,When is the nearest hospital?
3540,36,0,0,19,19,1.0,0.05407380704358751,599,"This is how evolution works. I learn the hard way, but before I meet a gory end, we discuss what I could have done differently to ensure my survival."
3491,36,0,0,19,19,1.0,0.05407380704358751,599,"I have to wear this thing for a week because I started a fight with Grogg. If I go outside a 30 foot radius, he bites harder."
3369,36,0,0,19,19,1.0,0.05407380704358751,599,"It's called House Arrest, a new option that allows the Cave Man to protect my family against Brainwashing by those Matriarchal Evangelists."
20,36,0,0,20,20,1.0,0.051298917604257706,599,It's the pits.
72,36,0,0,20,20,1.0,0.051298917604257706,599,The original tether was born during the caveman era.
118,36,0,0,20,20,1.0,0.051298917604257706,599,No big deal: it's just his social consciousness venting.
142,36,0,0,20,20,1.0,0.051298917604257706,599,This is the latest type of ankle monitor.
1231,36,0,0,20,20,1.0,0.051298917604257706,599,The real story of how a stagasaurus painted Lascaux.
1220,36,0,0,20,20,1.0,0.051298917604257706,599,WHAT BITE
1177,36,0,0,20,20,1.0,0.051298917604257706,599,Yeah I have to wear him around my ankle in till I go before the tribal judges
1137,36,0,0,20,20,1.0,0.051298917604257706,599,A wee nip on the ankle.
1094,36,0,0,20,20,1.0,0.051298917604257706,599,"What, he's still under training."
891,36,0,0,20,20,1.0,0.051298917604257706,599,They gave me the tamper proof model this time.
776,36,0,0,20,20,1.0,0.051298917604257706,599,We're quite attached.
687,36,0,0,20,20,1.0,0.051298917604257706,599,"I think it""s an Ankylosaurus."
3323,36,0,0,19,19,1.0,0.05407380704358751,599,"Sorry fellas, can’t leave the cave tonight. The wife is being a bit clingy."
655,36,0,0,20,20,1.0,0.051298917604257706,599,So I told the judge I’d take cave arrest with an ankle monitor.
578,36,0,0,20,20,1.0,0.051298917604257706,599,"Remember, you must always keep your eye on him, or else."
562,36,0,0,20,20,1.0,0.051298917604257706,599,I was just about to feed Spike.
554,36,0,0,20,20,1.0,0.051298917604257706,599,"So, we meet in the trap."
387,36,0,0,20,20,1.0,0.051298917604257706,599,He's a high-strung breed
349,36,0,0,20,20,1.0,0.051298917604257706,599,It's an ankle monitor. I'm under prehistoric house arrest.
307,36,0,0,20,20,1.0,0.051298917604257706,599,"Well, it is progress; I believe we've gotten him over the hump."
296,36,0,0,20,20,1.0,0.051298917604257706,599,I parked my butt on the wrong rock so I have a boot until I pay my fine. They call it a “parking boot”.
212,36,0,0,20,20,1.0,0.051298917604257706,599,I was told it was 'family friendly' by the pet store owner.
652,36,0,0,20,20,1.0,0.051298917604257706,599,"Hey guys, my advice is just live for today... I strongly suspect evolution is about to vote our one-eyed design off the island.."
3298,36,0,0,19,19,1.0,0.05407380704358751,599,I worked from home today.
3273,36,0,0,19,19,1.0,0.05407380704358751,599,"It was buy one, get one half-off."
3200,36,0,0,19,19,1.0,0.05407380704358751,599,He is with Homeland Security and wants to see my Voter ID.
1243,36,0,0,19,19,1.0,0.05407380704358751,599,He doesn’t understand the word “fetch”.
1179,36,0,0,19,19,1.0,0.05407380704358751,599,I told him we were setting him free.
1162,36,0,0,19,19,1.0,0.05407380704358751,599,THE JUDGE SAID TWELVE TO EIGHTEEN MONTHS !!
872,36,0,0,19,19,1.0,0.05407380704358751,599,This never happened before Jurassic Park.
716,36,0,0,19,19,1.0,0.05407380704358751,599,Find My Friends App before it existed
643,36,0,0,19,19,1.0,0.05407380704358751,599,"Yeah, house arrest isn't that bad. They even give you a choice of ankle bracelets."
590,36,0,0,19,19,1.0,0.05407380704358751,599,Can you believe I have to wear an ankle monitor lizard until the next court date?
527,36,0,0,19,19,1.0,0.05407380704358751,599,Puppies!!!!
1338,36,0,0,19,19,1.0,0.05407380704358751,599,It's better than jail time.
461,36,0,0,19,19,1.0,0.05407380704358751,599,"Yeah it’s kind of a pain, but I’m under “cave arrest” for 6 months."
214,36,0,0,19,19,1.0,0.05407380704358751,599,"His training is on schedule, he will be ready to go home in a week!"
58,36,0,0,19,19,1.0,0.05407380704358751,599,"Have you ever wondered, why I’m here?"
16,36,0,0,19,19,1.0,0.05407380704358751,599,I find it helps to put on a dress and sandals and have a ball.
5556,36,0,0,18,18,1.0,0.05716619504750295,599,I think something just bit me. Do you see anything?
5542,36,0,0,18,18,1.0,0.05716619504750295,599,"I know she is cute, but she needs training."
5155,36,0,0,18,18,1.0,0.05716619504750295,599,I'm going to call it a leash.
4777,36,0,0,18,18,1.0,0.05716619504750295,599,I’m trying to break him of his attachment phobia.
4767,36,0,0,18,18,1.0,0.05716619504750295,599,What a day; first a crab attaches itself to my leg--now this!
236,36,0,0,19,19,1.0,0.05407380704358751,599,"He's not quite domesticated. Other than that, he's really very gentle."
1344,36,0,0,20,20,1.0,0.051298917604257706,599,"I didn't see your sign ""Beware of Dogasarus"""
1371,36,0,0,19,19,1.0,0.05407380704358751,599,I'm trying to evolve.
1466,36,0,0,19,19,1.0,0.05407380704358751,599,My wife thought we should start breeding for domestic traits.
3180,36,0,0,19,19,1.0,0.05407380704358751,599,"I know, I know they kept telling me this is a sellers market...but my wife asking me to deal with a demogorgon wrapped around my ankle so we can have a vaulted cave is a bit much."
3040,36,0,0,19,19,1.0,0.05407380704358751,599,"He came with the cave, he’s actually quite friendly."
2957,36,0,0,19,19,1.0,0.05407380704358751,599,"Next season, I'm sticking with earrings."
2899,36,0,0,19,19,1.0,0.05407380704358751,599,He only does this when he's teething.
2585,36,0,0,19,19,1.0,0.05407380704358751,599,"If this is your playful puppy, I don't want to see his daddy!"
2533,36,0,0,19,19,1.0,0.05407380704358751,599,"I sent for Cesar, but he's working with a brontosaur."
2422,36,0,0,19,19,1.0,0.05407380704358751,599,She wants to turn everything blue.
2261,36,0,0,19,19,1.0,0.05407380704358751,599,But I don't want to go for a walk.
1373,36,0,0,19,19,1.0,0.05407380704358751,599,He doesn’t want me to go.
2123,36,0,0,19,19,1.0,0.05407380704358751,599,"It's an ankle bracelet--I'm under ""cave arrest."""
1855,36,0,0,19,19,1.0,0.05407380704358751,599,Seems like he's been teething since the turn of the first century.
1840,36,0,0,19,19,1.0,0.05407380704358751,599,"Mom, dad, please! It's the supermen! Just let me howl and plunder for ONE HOUR, and I promise I'll come straight home."
1696,36,0,0,19,19,1.0,0.05407380704358751,599,"He’s a great watching the cave while we’re out, but he does have some attachment issues."
1626,36,0,0,19,19,1.0,0.05407380704358751,599,"Your journey was difficult, yes. But the deal was Enlightenment for a RED yoga ball."
1605,36,0,0,19,19,1.0,0.05407380704358751,599,His bite is worse than his growl.
1574,36,0,0,19,19,1.0,0.05407380704358751,599,He's not cave trained yet.
1561,36,0,0,19,19,1.0,0.05407380704358751,599,I let him do it because he's going to be extinct soon.
1524,36,0,0,19,19,1.0,0.05407380704358751,599,"If I try to leave, my ankle monitor activates."
1977,36,0,0,19,19,1.0,0.05407380704358751,599,yabba dabba doo. we're the real modern Stone Age Family.
2057,36,0,0,22,22,1.0,0.046524210519923545,599,I told you we needed more mosquito repellant.
2143,36,0,0,22,22,1.0,0.046524210519923545,599,Where are your ankle biters?
2150,36,0,0,22,22,1.0,0.046524210519923545,599,"I guess you could say I'm having a bit of a Mesozoic Era aka ""Middle-Life"" Crisis."
3128,36,0,0,17,17,1.0,0.06063390625908324,599,I guess I'd better expand the 'Don't bite the hand that feeds you' concept.
3113,36,0,0,19,19,1.0,0.05407380704358751,599,"In a few years, ""Snapchat"" will make sense."
3048,36,0,0,16,16,1.0,0.06454972243679027,599,Just because I de-friended him online!
3042,36,0,0,18,18,1.0,0.05716619504750295,599,It’s my new Stegasoreus.
3029,36,0,0,16,16,1.0,0.06454972243679027,599,He overheard our discussion about replacing him with a vacuum cleaner.
3027,36,0,0,16,16,1.0,0.06454972243679027,599,Does he think this is going to give him a leg up!
3005,36,0,0,19,19,1.0,0.05407380704358751,599,Apparently they mate for life fe
3003,36,0,0,17,17,1.0,0.06063390625908324,599,He's very insecure!
2996,36,0,0,16,16,1.0,0.06454972243679027,599,apparently I owe more than
2980,36,0,0,16,16,1.0,0.06454972243679027,599,Oh good! You're here! It's time for dinner.
2916,36,0,0,18,18,1.0,0.05716619504750295,599,You like? It beats the tacky ankle bracelet my husband gave me for my birthday.
2882,36,0,0,17,17,1.0,0.06063390625908324,599,"Welcome to Jurassic B&B. Your bed's the floor and Nibbles, here, will be your breakfast."
2857,36,0,0,17,17,1.0,0.06063390625908324,599,At least under house arrest you can finally get around to painting the walls.
2839,36,0,0,18,18,1.0,0.05716619504750295,599,He's on the second hand paleo diet
2827,36,0,0,21,21,1.0,0.048795003647426664,599,"""I've been placed under 'Cave Arrest'""."
2760,36,0,0,18,18,1.0,0.05716619504750295,599,"Ma, Dad It's just a fad. I will be home by 11:00 ""promise""."
2694,36,0,0,18,18,1.0,0.05716619504750295,599,"It could be huge in criminal justice, only what to call it? “Anklet” hardly captures the vibe."
3136,36,0,0,17,17,1.0,0.06063390625908324,599,He's still just a puppy.
3161,36,0,0,20,20,1.0,0.051298917604257706,599,My wife insists that I wear this tracking device if I want to go down to the local dinosaur pub.
3171,36,0,0,19,19,1.0,0.05407380704358751,599,Lacoste?
3176,36,0,0,18,18,1.0,0.05716619504750295,599,I must taste like chicken.
3523,36,0,0,18,18,1.0,0.05716619504750295,599,It's my fault for having such sculpted calves.
3486,36,0,0,17,17,1.0,0.06063390625908324,599,"If I can catch another one, I'm going to market them as bunny slippers"
3461,36,0,0,20,20,1.0,0.051298917604257706,599,He thinks I'll attract more after I'm dead.
3454,36,0,0,18,18,1.0,0.05716619504750295,599,Can we all agree the eye never lies.
3406,36,0,0,18,18,1.0,0.05716619504750295,599,"No kidding, this is how they play."
3389,36,0,0,20,20,1.0,0.051298917604257706,599,Nope! Ankle-biting solicitors still not welcome!
3372,36,0,0,16,16,1.0,0.06454972243679027,599,You've heard of animal husbandry?
3371,36,0,0,17,17,1.0,0.06063390625908324,599,It was either wear this for a month or go to jail.
2689,36,0,0,18,18,1.0,0.05716619504750295,599,"Yeah, don’t know what I’m going to do with him. Last week he took my left arm."
3367,36,0,0,17,17,1.0,0.06063390625908324,599,I got a new pet. It's a little Jealousarus.
3300,36,0,0,17,17,1.0,0.06063390625908324,599,But you promised I could get a pet.
3257,36,0,0,20,20,1.0,0.051298917604257706,599,We need to evolve our depth perception.
3237,36,0,0,23,23,1.0,0.044455422447438706,599,This cave has a two hour limit and I already have 17 unpaid violations
3215,36,0,0,19,19,1.0,0.05407380704358751,599,It's cool; all the kids are doing it to prove their individualism.
3213,36,0,0,18,18,1.0,0.05716619504750295,599,I didn't have time to go grocery shopping.
3210,36,0,0,16,16,1.0,0.06454972243679027,599,...and it’s no longer occupied!
3201,36,0,0,19,19,1.0,0.05407380704358751,599,It's only a nip -- he's just a puppy!
3194,36,0,0,17,17,1.0,0.06063390625908324,599,"If it didn't hurt so much, I wouldn't think this was a real The New Yorker cartoon, either."
3358,36,0,0,19,19,1.0,0.05407380704358751,599,"OK. Either you're idiot paleantologists for saying dinosaurs are distinct, or you're genius studio executives for inventing TRULY 3-D cave drawings."
3542,36,0,0,18,18,1.0,0.05716619504750295,599,"Just you wait. Someday, someone will find us and name him after me."
2686,36,0,0,20,20,1.0,0.051298917604257706,599,He didn’t look like this when I married him!j
2675,36,0,0,18,18,1.0,0.05716619504750295,599,"relax, bill. It's only a shadow."
2110,36,0,0,19,19,1.0,0.05407380704358751,599,He was a really cute baby though.
2103,36,0,0,18,18,1.0,0.05716619504750295,599,The Palestinians manage the inside but the Israelis control who gets in; therefore the Jews pray at the wall but we control which Muslims get inside.
2077,36,0,0,21,21,1.0,0.048795003647426664,599,He got too big for the cage.
2053,36,0,0,19,19,1.0,0.05407380704358751,599,He won't let me go to BINGO today. He's afraid of his shadow.
2051,36,0,0,20,20,1.0,0.051298917604257706,599,Frank assured me that he's really cuddly.
2015,36,0,0,18,18,1.0,0.05716619504750295,599,The true story behind dinosaurs extinction!
1998,36,0,0,19,19,1.0,0.05407380704358751,599,My leg is in its jaws and I can't walk.
1995,36,0,0,17,17,1.0,0.06063390625908324,599,"Oh, he's still a teething pupper."
1972,36,0,0,17,17,1.0,0.06063390625908324,599,I promise I'll
1950,36,0,0,18,18,1.0,0.05716619504750295,599,He's housebroken.
1946,36,0,0,18,18,1.0,0.05716619504750295,599,"Then he said,'That's not my Stegosaurus.'"
1917,36,0,0,18,18,1.0,0.05716619504750295,599,"I don’t know why, but it has developed this great attachment to me!"
1887,36,0,0,19,19,1.0,0.05407380704358751,599,He is not house broken yet.
1874,36,0,0,18,18,1.0,0.05716619504750295,599,"They call it a ""pet"" and they say it's supposed to provide me with companionship."
1831,36,0,0,19,19,1.0,0.05407380704358751,599,"Mom, dad, please! It's the supermen! Just let me howl and plunder for ONE HOUR, and I promise I'll come straight home."
1775,36,0,0,18,18,1.0,0.05716619504750295,599,He's a rescue from extinction with survivor's guilt.
1743,36,0,0,16,16,1.0,0.06454972243679027,599,"I'm on cave arrest and have to wear this ankle monitor."""
2118,36,0,0,19,19,1.0,0.05407380704358751,599,I hope to return for next season. I was voted off.
2155,36,0,0,18,18,1.0,0.05716619504750295,599,The standing desk wouldn’t fit in my cave.
2181,36,0,0,20,20,1.0,0.051298917604257706,599,He’s endangered. Can I keep him? He will make a good lunch.
2215,36,0,0,16,16,1.0,0.06454972243679027,599,"OK maybe not now, but eventually we’ll make shoes out of them..!"
2652,36,0,0,19,19,1.0,0.05407380704358751,599,Now you know who mangled my right arm!
2606,36,0,0,16,16,1.0,0.06454972243679027,599,He said he prefers the old-fashioned way of biting back.
2595,36,0,0,17,17,1.0,0.06063390625908324,599,Really
2558,36,0,0,19,19,1.0,0.05407380704358751,599,this totally bites.
2527,36,0,0,18,18,1.0,0.05716619504750295,599,"I am going to contest this house arrest, but at least I got to come home awaiting trial."
2519,36,0,0,20,20,1.0,0.051298917604257706,599,you want to move to Florida!? But I've never been south of Houston!!!
2504,36,0,0,17,17,1.0,0.06063390625908324,599,"I think I got a dead leg, but it feels different this time"
2480,36,0,0,17,17,1.0,0.06063390625908324,599,"Crocodile anklets are, like, so last eon."
2676,36,0,0,19,19,1.0,0.05407380704358751,599,This T*!*? Devil won't let go!
2473,36,0,0,20,20,1.0,0.051298917604257706,599,I was thinking 'Jaws of Life' but that hasn't been invented yet.
2405,36,0,0,19,19,1.0,0.05407380704358751,599,"You paint, now. Cave art or not happen."
2386,36,0,0,18,18,1.0,0.05716619504750295,599,I got it at one of those prehistoric reptile mills.
2363,36,0,0,17,17,1.0,0.06063390625908324,599,He's on a diet
2347,36,0,0,17,17,1.0,0.06063390625908324,599,Yeah. I took the milk.
2334,36,0,0,19,19,1.0,0.05407380704358751,599,"I woke up this morning with this weird thing on my ankle, I'm seeing the doctor this afternoon."
2333,36,0,0,17,17,1.0,0.06063390625908324,599,"I’m kind of a little guy, but no one believes me."
2287,36,0,0,18,18,1.0,0.05716619504750295,599,Think of it as dental floss being stuck in your teeth.
2243,36,0,0,17,17,1.0,0.06063390625908324,599,I didn't know I had to walk my house arrest anklet.
2430,36,0,0,19,19,1.0,0.05407380704358751,599,"Dam camouflage, he suck up on me."
3617,36,0,0,19,19,1.0,0.05407380704358751,599,Another cave caption who'd have thunk it ?
3629,36,0,0,18,18,1.0,0.05716619504750295,599,That’s absurd; you’re pulling my leg!
3639,36,0,0,23,23,1.0,0.044455422447438706,599,"We are progressive. But, dating dinosaurs is still frowned upon by other patrons..."
4979,36,0,0,16,16,1.0,0.06454972243679027,599,It's my prototype for the wooley mammoth trap
4969,36,0,0,20,20,1.0,0.051298917604257706,599,He mistook me for an early hominin...
4937,36,0,0,18,18,1.0,0.05716619504750295,599,Me going to invent 'Yes Men'
4933,36,0,0,20,20,1.0,0.051298917604257706,599,"If you let me keep him, I promise to keep him."
4931,36,0,0,18,18,1.0,0.05716619504750295,599,You have to try cave physical therapy.
4930,36,0,0,20,20,1.0,0.051298917604257706,599,Fancy a bite?
4929,36,0,0,17,17,1.0,0.06063390625908324,599,I was looking for Margaret!
4923,36,0,0,19,19,1.0,0.05407380704358751,599,Opps ... I told him to shut up!!
4911,36,0,0,18,18,1.0,0.05716619504750295,599,"I have to stay here, he has Extinction Anxiety."
4875,36,0,0,21,21,1.0,0.048795003647426664,599,"The pet shop told me she was an herbivore, but she has proven otherwise."
4866,36,0,0,17,17,1.0,0.06063390625908324,599,He is not yet cave trained
4856,36,0,0,18,18,1.0,0.05716619504750295,599,I've been bit by the acting bug.
4852,36,0,0,17,17,1.0,0.06063390625908324,599,She got mad when I called her Asteroid.
4845,36,0,0,17,17,1.0,0.06063390625908324,599,Surly he's covered in your cave owners policy.
4830,36,0,0,18,18,1.0,0.05716619504750295,599,"I mean, I used the funds I embezzled to buy this cave, and all I ended up getting was cave arrest, so it's a win win as far as I'm concerned"
4826,36,0,0,21,21,1.0,0.048795003647426664,599,"I warned him, 'Let go or be dragged!'"
4818,36,0,0,17,17,1.0,0.06063390625908324,599,"The shelter got hit by one of those flaming boulders last week, he’s got nowhere to stay"
4996,36,0,0,19,19,1.0,0.05407380704358751,599,They really do take humanlike shits.
5045,36,0,0,18,18,1.0,0.05716619504750295,599,You had the Supreme with extra fins and no anchovies.
5080,36,0,0,20,20,1.0,0.051298917604257706,599,"Fido has separation anxiety too, but she just pees on the fire and scratches the walls of our cave."
5141,36,0,0,16,16,1.0,0.06454972243679027,599,His Jurassic bark is much worse than his bite.
5478,36,0,0,18,18,1.0,0.05716619504750295,599,He got my Achille's heel.
5468,36,0,0,18,18,1.0,0.05716619504750295,599,I know that buying a watch Dino was a good investment.
5459,36,0,0,18,18,1.0,0.05716619504750295,599,My cave mate does not me to leave.
5440,36,0,0,17,17,1.0,0.06063390625908324,599,"I know, man, but I got it on sale for a buck ninety-nine."
5423,36,0,0,18,18,1.0,0.05716619504750295,599,I was going to Hawaii but...
5368,36,0,0,18,18,1.0,0.05716619504750295,599,"Yes, but his online videos are adorable."
5354,36,0,0,19,19,1.0,0.05407380704358751,599,"I set it out to catch game. I came home one night, and of course, I forgot where I put it."
5311,36,0,0,18,18,1.0,0.05716619504750295,599,"Quit working on the wheel and invent some antibiotics, dammit!"
4802,36,0,0,17,17,1.0,0.06063390625908324,599,Don't worry.--He doesn't come with the property.
5309,36,0,0,17,17,1.0,0.06063390625908324,599,"No Madge, I wasn’t speaking metaphorically. Steve is my actual ball and change."
5281,36,0,0,16,16,1.0,0.06454972243679027,599,It was free with my online subscription. Still trying to get used to sleeping with it on and getting all my steps in. Let's go.
5265,36,0,0,20,20,1.0,0.051298917604257706,599,He thinks I told him to sell all of his stocks 3 years ago.
5234,36,0,0,19,19,1.0,0.05407380704358751,599,My pet aardvark is pulling my leg.
5224,36,0,0,17,17,1.0,0.06063390625908324,599,"Sure, but we'll have to get a sitter for this little ankle biter."
5217,36,0,0,17,17,1.0,0.06063390625908324,599,"It's the annoying ankle monitor I have to wear while I'm on cave arrest. What a drag, am I right?"
5173,36,0,0,19,19,1.0,0.05407380704358751,599,It’s a dinosaur thing . . . ‘Jaws of Life’ in reverse.
5163,36,0,0,18,18,1.0,0.05716619504750295,599,I'm a little bogged down right now. You guys go on without me.
5142,36,0,0,20,20,1.0,0.051298917604257706,599,Maybe it's for the best that we were never able to have anklebiters of our own.
5297,36,0,0,19,19,1.0,0.05407380704358751,599,Maybe we should try domesticating a cat?
4719,36,0,0,21,21,1.0,0.048795003647426664,599,"I don’t know, Zina. I mean, I can see why you’re saying it looks like the zog has become attached to me, but my perspective remains as unclear as yours."
4717,36,0,0,17,17,1.0,0.06063390625908324,599,It's just one of the terms of my probation.
4712,36,0,0,16,16,1.0,0.06454972243679027,599,Og invent ankle bracelet
3954,36,0,0,18,18,1.0,0.05716619504750295,599,It's a protoype for a new slipper
3950,36,0,0,18,18,1.0,0.05716619504750295,599,"Hey doc, my leg hurts."
3949,36,0,0,19,19,1.0,0.05407380704358751,599,Caveman rhyming slang: dumb albino—dino.
3947,36,0,0,18,18,1.0,0.05716619504750295,599,"""He's overly protective, but housebroken""."
3861,36,0,0,18,18,1.0,0.05716619504750295,599,...and I can't eat rotten fruit while I'm on a boulder.
3838,36,0,0,18,18,1.0,0.05716619504750295,599,How do you say 'ouch' in these pre-linguistic times?
3835,36,0,0,18,18,1.0,0.05716619504750295,599,Bonkie bit Garp.
3797,36,0,0,19,19,1.0,0.05407380704358751,599,"Not sure about this whole ""civilization"" thing...First the wheel, now laws....I gotta wear this thing for 6 months for crashing my cart on New Year's Eve."
3983,36,0,0,20,20,1.0,0.051298917604257706,599,He holding on for dear life.
3779,36,0,0,18,18,1.0,0.05716619504750295,599,"I can only take one of you, I have enough trouble already."
3728,36,0,0,17,17,1.0,0.06063390625908324,599,"""Eau de Prime Rib""...it's French."
3710,36,0,0,19,19,1.0,0.05407380704358751,599,"Keeping your pet in tow, before they invented the leash."
3699,36,0,0,17,17,1.0,0.06063390625908324,599,It's a ransom for BITcoin.
3696,36,0,0,18,18,1.0,0.05716619504750295,599,"Down,boy!"
3689,36,0,0,18,18,1.0,0.05716619504750295,599,"I don’t know guys, I just have this gnawing feeling!"
3678,36,0,0,20,20,1.0,0.051298917604257706,599,I sold the movie rights to Steven Spielberg!
3675,36,0,0,17,17,1.0,0.06063390625908324,599,Honest! All I said was ‘Let’s shake a leg’—I TOLD you not to get me a pre-owned Dino-vice!
3647,36,0,0,19,19,1.0,0.05407380704358751,599,IT'S JUST HIS WAY OF SHOWING ME AFFECTION!!
3766,36,0,0,17,17,1.0,0.06063390625908324,599,"I told him he was underage, but he wouldn’t take no for an answer."
1727,36,0,0,18,18,1.0,0.05716619504750295,599,Did you bring the bacon?
4043,36,0,0,19,19,1.0,0.05407380704358751,599,It's sad. He has only me to teethe on.
4119,36,0,0,20,20,1.0,0.051298917604257706,599,jerry for fuck s sake i told you we're not keeping that animal in the fucking house
4667,36,0,0,18,18,1.0,0.05716619504750295,599,Kitty hungry!
4609,36,0,0,17,17,1.0,0.06063390625908324,599,It's the prehistoric mantrap.
4559,36,0,0,17,17,1.0,0.06063390625908324,599,he's already getting help.
4505,36,0,0,18,18,1.0,0.05716619504750295,599,Cave canem.
4449,36,0,0,18,18,1.0,0.05716619504750295,599,"""Couldn't you just chew his head off?"
4431,36,0,0,19,19,1.0,0.05407380704358751,599,"Yes, Enlightened Core Power, starts at 530"
4421,36,0,0,19,19,1.0,0.05407380704358751,599,They call it cave incarceration. He is chomped on my ankle for the next thirty days so I can't leave this cave.
4419,36,0,0,19,19,1.0,0.05407380704358751,599,It's what he thinks about our shirt contract.
4072,36,0,0,18,18,1.0,0.05716619504750295,599,I had to bring him home he wouldn’t leave me alone.
4418,36,0,0,16,16,1.0,0.06454972243679027,599,Fake news!
4401,36,0,0,19,19,1.0,0.05407380704358751,599,It's my new ankle monitor
4384,36,0,0,18,18,1.0,0.05716619504750295,599,He’s got me by the short hairs!
4315,36,0,0,18,18,1.0,0.05716619504750295,599,"Yes Virginia... it is an angel, but it doesn't have wings."
4312,36,0,0,17,17,1.0,0.06063390625908324,599,My new anklet charm goes everywhere with me!
4304,36,0,0,17,17,1.0,0.06063390625908324,599,Could you pick up some Prozac for his separation anxiety?
4228,36,0,0,20,20,1.0,0.051298917604257706,599,He finds my artwork unflattering.
4205,36,0,0,18,18,1.0,0.05716619504750295,599,Great to see you. I’ve been stuck in the cave all day and I’m bored
4151,36,0,0,16,16,1.0,0.06454972243679027,599,He's really friendly.
4407,36,0,0,17,17,1.0,0.06063390625908324,599,"We're taking her car, and, yes, I will be home before 10. You didn't ask these questions when I was dating Cindy."
1681,36,0,0,19,19,1.0,0.05407380704358751,599,My advice? Start a fad using a dead animal.
1680,36,0,0,16,16,1.0,0.06454972243679027,599,"Wikipedia said he would be vegan!"" ""When I fell asleep he was swatting flies."
1635,36,0,0,18,18,1.0,0.05716619504750295,599,"Well everyone must bite the Panoplosaurus Brevis, or be bitten instead."
1328,36,0,0,24,24,1.0,0.04256282653793743,599,An experiment in elementary courtesy gone bad.
1086,36,0,0,24,24,1.0,0.04256282653793743,599,He wants seconds and thirds!
5462,36,0,0,23,23,1.0,0.044455422447438706,599,It’s all the rage.
4922,36,0,0,23,23,1.0,0.044455422447438706,599,Eat the intruders!
4754,36,0,0,23,23,1.0,0.044455422447438706,599,He hates this weather.
4587,36,0,0,23,23,1.0,0.044455422447438706,599,House arrest. Mueller.
4538,36,0,0,23,23,1.0,0.044455422447438706,599,So--Your theory about the existence of the dinosaur may actually have some bite!
3822,36,0,0,23,23,1.0,0.044455422447438706,599,I'm hoping we have something better to offer for dinner than me.
3707,36,0,0,23,23,1.0,0.044455422447438706,599,Don't worry--Jessica's bite is worse than her bark!
3615,36,0,0,23,23,1.0,0.044455422447438706,599,I got it for a dry skin commercial.
3044,36,0,0,23,23,1.0,0.044455422447438706,599,it's court ordered
2972,36,0,0,23,23,1.0,0.044455422447438706,599,he wants me to date you
2931,36,0,0,23,23,1.0,0.044455422447438706,599,"I'd remove it, but I hate the sight of blood."
2683,36,0,0,23,23,1.0,0.044455422447438706,599,"He likes me, I must taste like chicken."
2669,36,0,0,23,23,1.0,0.044455422447438706,599,He's mad because I put him on a diet. No more wooly mammoths for him!
2511,36,0,0,23,23,1.0,0.044455422447438706,599,"Yes, I know you believe that in a matter of another few decades he and his kind will be wiped-out forever, but right now Jundji, your Mensa club's predictions are not helping me."
2486,36,0,0,23,23,1.0,0.044455422447438706,599,They told me that a stegosaurus would the perfect pet because they're herbivores!
1751,36,0,0,24,24,1.0,0.04256282653793743,599,I wish someone would invent pants!
1866,36,0,0,24,24,1.0,0.04256282653793743,599,Was wondering if either of you have a crowbar I could use? This stray wondered in and attached himself to my lower leg.
2776,36,0,0,24,24,1.0,0.04256282653793743,599,"Don't worry, he only bites a little."
3248,36,0,0,24,24,1.0,0.04256282653793743,599,"Of all things, he's displeased with our discovery of the wheel."
28,36,0,0,17,17,1.0,0.06063390625908324,599,Sorry I don't fit your stereotype.
23,36,0,0,18,18,1.0,0.05716619504750295,599,"Yes, the flat comes furnished … and I’ll throw in a portable inflator."
19,36,0,0,17,17,1.0,0.06063390625908324,599,no. Wrong Cave! I am not the wise old man sitting on a red ball
9,36,0,0,18,18,1.0,0.05716619504750295,599,"We've ended the war on beautiful, green coal."
5,36,0,0,20,20,1.0,0.051298917604257706,599,"To get ahead, you need the rub of the green."
3,36,0,0,18,18,1.0,0.05716619504750295,599,I’ll show you how to become a high roller.
5229,36,0,0,26,26,1.0,0.03922322702763681,599,"Sure, it's better than jail. I just wish the ankylosaurus bracelet wasn't so obvious."
4423,36,0,0,26,26,1.0,0.03922322702763681,599,"She was a shelter rescue from down south, and she still has a few attachment issues."
2413,36,0,0,23,23,1.0,0.044455422447438706,599,Shanice got some kind of little thing around her finger when she got engaged.
2575,36,0,0,26,26,1.0,0.03922322702763681,599,Love is not a many splendored thing.
3095,36,0,0,25,25,1.0,0.040824829046386304,599,My wife says it'll make for a great cave painting one day.
407,36,0,0,25,25,1.0,0.040824829046386304,599,I asked for a new boot for Xmas
5533,36,0,0,24,24,1.0,0.04256282653793743,599,"Scratch between the fourth and fifth fin, should do it."
5380,36,0,0,24,24,1.0,0.04256282653793743,599,"Okay, almost domesticated."
4864,36,0,0,24,24,1.0,0.04256282653793743,599,"I told him we were still vegans, but he didn't believe me."
4351,36,0,0,24,24,1.0,0.04256282653793743,599,Please let me keep it...he's just (argh) playing...
4254,36,0,0,24,24,1.0,0.04256282653793743,599,It’s the new leg-bait animal trap.
4220,36,0,0,24,24,1.0,0.04256282653793743,599,"No problem, they’re extinct."
4685,36,0,0,25,25,1.0,0.040824829046386304,599,"You could try too, he's fond of legs."
2341,36,0,0,23,23,1.0,0.044455422447438706,599,Ooh bark og oo-oo agh bite.
2306,36,0,0,23,23,1.0,0.044455422447438706,599,I taste like a chicken finger.
1565,36,0,0,23,23,1.0,0.044455422447438706,599,"It's not a recognized breed, but it's still an ankle-biter!"
4125,36,0,0,22,22,1.0,0.046524210519923545,599,"# cartoon with suitcases Caption ""Keep Calm and Carry On!"""
4098,36,0,0,22,22,1.0,0.046524210519923545,599,Does this dress make my hips look big?
3848,36,0,0,22,22,1.0,0.046524210519923545,599,"good news, dinosaurs not dead"
3680,36,0,0,22,22,1.0,0.046524210519923545,599,I think i just discovered the leg-oh-sore
3646,36,0,0,22,22,1.0,0.046524210519923545,599,We’ve become so attached since he followed me home the other day.
3594,36,0,0,22,22,1.0,0.046524210519923545,599,"but please, we are already attached!"
3436,36,0,0,22,22,1.0,0.046524210519923545,599,"No, I'm not in danger. It's an extreme form of separation anxiety."
3394,36,0,0,22,22,1.0,0.046524210519923545,599,"We like him, ever since he are the neighbor’s pitbull."
4147,36,0,0,22,22,1.0,0.046524210519923545,599,Just one small step for man is--is--
3325,36,0,0,22,22,1.0,0.046524210519923545,599,"A T. rex ate our mailman, so...."
3277,36,0,0,22,22,1.0,0.046524210519923545,599,Of course we are just standing here- cameras haven’t been invented yet.
3242,36,0,0,22,22,1.0,0.046524210519923545,599,"Allow arf, arf rather than your friendly frog croak. It would make a more threatening sounding watch-amphibian."
3191,36,0,0,22,22,1.0,0.046524210519923545,599,"""He says, 'encroachment is in the mind of the beholden'..."
3148,36,0,0,22,22,1.0,0.046524210519923545,599,"Say what ya' want, I never see you bring anything for Thanksgiving"
2750,36,0,0,22,22,1.0,0.046524210519923545,599,I’m not sure these ankle bracelets will catch on.
2747,36,0,0,22,22,1.0,0.046524210519923545,599,It's SO good to get away from them. They've been following me everywhere!
2722,36,0,0,22,22,1.0,0.046524210519923545,599,"This guy is the best seller these days. I know, security used to be easier."
2452,36,0,0,22,22,1.0,0.046524210519923545,599,"I don’t know about you guys, but I plan to get legless."
3315,36,0,0,22,22,1.0,0.046524210519923545,599,House arrest for dealing wheel.
31,36,0,0,17,17,1.0,0.06063390625908324,599,The truth you seek is in your core.
4227,36,0,0,22,22,1.0,0.046524210519923545,599,They told me not to worry; a new one would just grow.
4551,36,0,0,22,22,1.0,0.046524210519923545,599,The doctor says that unfortunately it's terminal.
1423,36,0,0,23,23,1.0,0.044455422447438706,599,I just wanted to prove it was locally sourced.
781,36,0,0,23,23,1.0,0.044455422447438706,599,He's called a cave arrest bracelet.
720,36,0,0,23,23,1.0,0.044455422447438706,599,Some beach Somewhere
258,36,0,0,23,23,1.0,0.044455422447438706,599,"The judicial system was just invented yesterday, and I've already got an ankle brace."
22,36,0,0,23,23,1.0,0.044455422447438706,599,"There once was a hermit named Saul. Who joked about his extra large ball. But in this day and age, even for a sage. That wouldn't be appropriate at all."
14,36,0,0,23,23,1.0,0.044455422447438706,599,Finders-Keepers !!
5516,36,0,0,22,22,1.0,0.046524210519923545,599,"They can be a bit aggressive, but I refuse to go back to pasteurized milk."
5503,36,0,0,22,22,1.0,0.046524210519923545,599,"Thanks for the heads-up, guys."
4497,36,0,0,22,22,1.0,0.046524210519923545,599,"No, he usually doesn't bite. Why do you ask?"
5409,36,0,0,22,22,1.0,0.046524210519923545,599,Don't worry. He's hypoallergenic.
5204,36,0,0,22,22,1.0,0.046524210519923545,599,"Thanks, but I've a gnawing feeling I'll be a home-body."
4873,36,0,0,22,22,1.0,0.046524210519923545,599,My town hall is next week. This is my fundraiser.
4846,36,0,0,22,22,1.0,0.046524210519923545,599,"Yeah, it's community service and house arrest until I test negative for carbs."
4748,36,0,0,22,22,1.0,0.046524210519923545,599,And this is my little ankle biter.
4699,36,0,0,22,22,1.0,0.046524210519923545,599,"What do you mean, Shake a leg?"
4694,36,0,0,22,22,1.0,0.046524210519923545,599,'She says she'll convert'
4621,36,0,0,22,22,1.0,0.046524210519923545,599,He never breaks the skin. In the future his bloodline will be known by the symbols A C D
4613,36,0,0,22,22,1.0,0.046524210519923545,599,Whatcha staring at?
5248,36,0,0,22,22,1.0,0.046524210519923545,599,What do you think of my new ankle bracelet?
815,36,0,0,25,25,1.0,0.040824829046386304,599,"Aside from the biting, they make good pets."
36,36,0,0,19,19,1.0,0.05407380704358751,599,My last roommate chased it around like it was toy ball.
46,36,0,0,17,17,1.0,0.06063390625908324,599,"However, I do know the secret to everlasting peas."
1271,36,0,0,20,20,1.0,0.051298917604257706,599,The judge told me I could live in the Big House if I didn’t like wearing him while I’m under house arrest. I just wish he didn’t clash with my décor.
1255,36,0,0,17,17,1.0,0.06063390625908324,599,My wife won't be joining us. She's indisposed.
1251,36,0,0,17,17,1.0,0.06063390625908324,599,"He won best in show, but he's so young he hasn't yet learned Sit! Attack!"
1249,36,0,0,20,20,1.0,0.051298917604257706,599,Hunting and gathering in one simple step.
1225,36,0,0,18,18,1.0,0.05716619504750295,599,I got the idea from the gas station bathroom key.
1204,36,0,0,19,19,1.0,0.05407380704358751,599,It was a one eyed one horned flying purple people eater.
1180,36,0,0,16,16,1.0,0.06454972243679027,599,He's figured out how to spell T-Rex.
1176,36,0,0,16,16,1.0,0.06454972243679027,599,I call him Albatross
1138,36,0,0,21,21,1.0,0.048795003647426664,599,It's very att-AH-ched to me!
1135,36,0,0,22,22,1.0,0.046524210519923545,599,"I hear these things taste like a t-tex, but more tender."
1103,36,0,0,19,19,1.0,0.05407380704358751,599,You should have seen him before I domesticated him.
1034,36,0,0,18,18,1.0,0.05716619504750295,599,"Fellow Thespians..This is how "" Break -A- Leg "" evolved."
998,36,0,0,20,20,1.0,0.051298917604257706,599,What's the matter? Legosarous got your leg?
970,36,0,0,21,21,1.0,0.048795003647426664,599,Good lawyer talk judge down to 6 moon cave arrest for insider gathering.
956,36,0,0,17,17,1.0,0.06063390625908324,599,"Someday, this'll be the invention of Naugahyde."
950,36,0,0,19,19,1.0,0.05407380704358751,599,It's an anklebiterasaurus.
825,36,0,0,18,18,1.0,0.05716619504750295,599,I thought Brother Joshua said all living things died in the apocalypse. Maybe we actually can walk out of this cave?
1276,36,0,0,18,18,1.0,0.05716619504750295,599,I'm hoping for a quick case of foot and mouth disease.
1306,36,0,0,20,20,1.0,0.051298917604257706,599,Yes but when it comes house arrest this one I can get off.
1334,36,0,0,22,22,1.0,0.046524210519923545,599,He doesnt like it when I leave the cave without him. He doesn’t like it when I try to leave the cave without him.
1350,36,0,0,18,18,1.0,0.05716619504750295,599,I think he found his supper!
1616,36,0,0,19,19,1.0,0.05407380704358751,599,He told me to feed it while he was out hunter-gathering.
1595,36,0,0,17,17,1.0,0.06063390625908324,599,her lawyer got a restraining order.
1576,36,0,0,19,19,1.0,0.05407380704358751,599,He apparently has a foot fetish.
1573,36,0,0,17,17,1.0,0.06063390625908324,599,Ow that hurts
1557,36,0,0,17,17,1.0,0.06063390625908324,599,He's a cave pet.
1525,36,0,0,18,18,1.0,0.05716619504750295,599,He's checking if the shoes are geuine Tyrannosaurs or a knockoff
1502,36,0,0,18,18,1.0,0.05716619504750295,599,"Hey, can I bum a cigarette?"
1479,36,0,0,19,19,1.0,0.05407380704358751,599,gooble-de-gook gooble-de-gook ~ he's got teething
808,36,0,0,17,17,1.0,0.06063390625908324,599,He needs a home.
1477,36,0,0,17,17,1.0,0.06063390625908324,599,Have either of you heard about this new thing called a leash?
1450,36,0,0,17,17,1.0,0.06063390625908324,599,Last of the dinosaurs. Ain’t he cute.
1446,36,0,0,17,17,1.0,0.06063390625908324,599,We've become very attracted.
1443,36,0,0,18,18,1.0,0.05716619504750295,599,I think you should leave now.
1434,36,0,0,20,20,1.0,0.051298917604257706,599,He answers to Donald Trump.
1427,36,0,0,16,16,1.0,0.06454972243679027,599,Don't pet him.
1422,36,0,0,18,18,1.0,0.05716619504750295,599,It lacks a human element.
1414,36,0,0,18,18,1.0,0.05716619504750295,599,He was supposed to be sitting for his portrait.
1379,36,0,0,19,19,1.0,0.05407380704358751,599,The judge just ordered me under house arrest.
1462,36,0,0,17,17,1.0,0.06063390625908324,599,She doesn't have teeth. She's licking the salt off my gams.
786,36,0,0,18,18,1.0,0.05716619504750295,599,"A wild, carnivorous beast on the loose -- those are just alLEGations"
761,36,0,0,19,19,1.0,0.05407380704358751,599,"I've been pondering the expression""I'm rolling in green""(for the January 1 cartoon)"
758,36,0,0,17,17,1.0,0.06063390625908324,599,"'' He's after mY iguanodon spare rib recipe."""
221,36,0,0,21,21,1.0,0.048795003647426664,599,"Judge made it a condition of my bail. Fortunately, skinny jeans are no longer in fashion or I don't know what I'd do."
208,36,0,0,17,17,1.0,0.06063390625908324,599,"He isn't worth a shit as a guard dog, but he can fetch the fuck out of slippers."
203,36,0,0,19,19,1.0,0.05407380704358751,599,It’s an innovative new form of rehabilitative justice called “house arrest”. Just think how persuasive it will be in deterring corruption in the centuries to come.
189,36,0,0,19,19,1.0,0.05407380704358751,599,I thought we were auditioning for the 'Allegory of the Cave'?
182,36,0,0,17,17,1.0,0.06063390625908324,599,What are you talking about? Anklets are totally back in style.
177,36,0,0,19,19,1.0,0.05407380704358751,599,Og gave me 90 days on the tether.
164,36,0,0,22,22,1.0,0.046524210519923545,599,Ever heard of a Denver Boot?
156,36,0,0,19,19,1.0,0.05407380704358751,599,"For New Years, I'm not going to ""kick it"" big like in previous years."
261,36,0,0,17,17,1.0,0.06063390625908324,599,let's try another pet. My husband would like a dog but I do not know and it's a good idea.
155,36,0,0,17,17,1.0,0.06063390625908324,599,"I know I'm always hesitant to new fashion trends, but I don't think a Stegosaurus will make for comfortable footwear."
125,36,0,0,17,17,1.0,0.06063390625908324,599,She's waiting for a better apology for groping her in the 80s.
115,36,0,0,17,17,1.0,0.06063390625908324,599,How do you like my new leg weight?
95,36,0,0,18,18,1.0,0.05716619504750295,599,"Once you discover your core, you must work on it everyday."
88,36,0,0,18,18,1.0,0.05716619504750295,599,This situation reminds me of the internet story about Abraham Lincoln and the barking dog.
69,36,0,0,17,17,1.0,0.06063390625908324,599,With altitude the wind gets so strong you can blow up balloons like that?
64,36,0,0,20,20,1.0,0.051298917604257706,599,They didn't have these when I was young.
53,36,0,0,21,21,1.0,0.048795003647426664,599,"It's a big green ball, and I'm sorry, but you were only allowed one question."
48,36,0,0,17,17,1.0,0.06063390625908324,599,Wanna see my abs?
130,36,0,0,17,17,1.0,0.06063390625908324,599,I’m skipping the middle man.
38,36,0,0,22,22,1.0,0.046524210519923545,599,"Yes, I'm a yogi and it is BPA free."
272,36,0,0,19,19,1.0,0.05407380704358751,599,"The secret to happiness is solitude, meditation, and ergonomic seating."
293,36,0,0,18,18,1.0,0.05716619504750295,599,"I'll have to admit having this large lizard clamped on my ankle is a nuisance, but at least people no longer notice my large nose!!"
732,36,0,0,17,17,1.0,0.06063390625908324,599,"Can I keep him, PLEASE !!!!!"
730,36,0,0,19,19,1.0,0.05407380704358751,599,"Grogg think first take skin off horrible biting log, THEN make shoes from skin, not other was around."
727,36,0,0,20,20,1.0,0.051298917604257706,599,And you wonder why I can't break through the glass ceiling.
645,36,0,0,17,17,1.0,0.06063390625908324,599,"If I step one foot outside the cave, I lose the other one."
633,36,0,0,19,19,1.0,0.05407380704358751,599,At least it's a herbivore.
624,36,0,0,20,20,1.0,0.051298917604257706,599,She doesn't like being separated from me
607,36,0,0,18,18,1.0,0.05716619504750295,599,Meet my wife Linda... The original ball & chain...
603,36,0,0,20,20,1.0,0.051298917604257706,599,Today I learned that the earth really is just 6000 years old.
291,36,0,0,18,18,1.0,0.05716619504750295,599,"I don’t mind staying in the cave, it’s the ankle bracelet that bothers me about house arrest"
593,36,0,0,17,17,1.0,0.06063390625908324,599,"If 'twas a Leprechaun you'd be looking for he vanished, he did!"
569,36,0,0,18,18,1.0,0.05716619504750295,599,"Feeding him is easy, but the vet bills will kill you."
558,36,0,0,21,21,1.0,0.048795003647426664,599,"Got too stoned last night, and they put me on house arrest. Sweet anklet, though, right?"
539,36,0,0,18,18,1.0,0.05716619504750295,599,It's a home confinement dinosaur.
456,36,0,0,18,18,1.0,0.05716619504750295,599,It's my cave-arrest ankle bracelet
423,36,0,0,18,18,1.0,0.05716619504750295,599,When you say something dumb and your subconscious realizes it.
377,36,0,0,17,17,1.0,0.06063390625908324,599,"Now wait, it might be politically correct to remove my leg so he isn't traumatized, but come on!!!!"
350,36,0,0,22,22,1.0,0.046524210519923545,599,Obedience training starts next week.
342,36,0,0,16,16,1.0,0.06454972243679027,599,They told me her place was mantrap but I wasn't prepared for this.
570,36,0,0,19,19,1.0,0.05407380704358751,599,"Lovely visit, thanks - I promise I'll be by when I'm out of house arrest."
5003,36,0,0,23,23,1.0,0.044455422447438706,599,It was this or a week of hard labor in the rock pit...
785,36,0,0,25,25,1.0,0.040824829046386304,599,The village elders sentenced me to cave confinement for double dipping at the holiday gathering.
619,36,0,0,25,25,1.0,0.040824829046386304,599,This really hurts but I think I just invented the wheel clamp.
2878,36,0,0,26,26,1.0,0.03922322702763681,599,It seemed like it was worth a try after the dog domestication thing turned out so well.
2621,36,0,0,26,26,1.0,0.03922322702763681,599,"My husband doesn't like my thick ankles, so I decided to get plastic surgery."
2605,36,0,0,26,26,1.0,0.03922322702763681,599,It's my anti- kidnap plan!
2552,36,0,0,26,26,1.0,0.03922322702763681,599,He cost an arm and a leg but the cave feels so much safer now
2536,36,0,0,26,26,1.0,0.03922322702763681,599,"The vet calls it ""separation angst."""
2518,36,0,0,26,26,1.0,0.03922322702763681,599,"Oh no no no...! This isn’t my breach. I told her I was attached to animals, WHAT??? Sorry. Not MY breach of promise! I told her about my attachment to animals."
2517,36,0,0,26,26,1.0,0.03922322702763681,599,"Honey, you forgot to wear your dinosaur repellent again."
2382,36,0,0,26,26,1.0,0.03922322702763681,599,The alternative was jail ...
2279,36,0,0,26,26,1.0,0.03922322702763681,599,There’s something on your leg.
2130,36,0,0,26,26,1.0,0.03922322702763681,599,"It's called ""home detention""."
1835,36,0,0,26,26,1.0,0.03922322702763681,599,I have been having a bad day! First I misplaced my glasses and I have been having this mysterious pain in my ankle.
1767,36,0,0,26,26,1.0,0.03922322702763681,599,"Clouseau, you said your stegosaurus didn't bite."
1670,36,0,0,26,26,1.0,0.03922322702763681,599,It beats Weight Watchers.
1607,36,0,0,26,26,1.0,0.03922322702763681,599,"And, my husband said he was friendly and housebroken."
1546,36,0,0,26,26,1.0,0.03922322702763681,599,In three weeks I get a boot
1472,36,0,0,26,26,1.0,0.03922322702763681,599,They warned me he was a stage 4 clinger
1256,36,0,0,26,26,1.0,0.03922322702763681,599,I swore I said 'STEGosaurus' when ordering it...
3068,36,0,0,26,26,1.0,0.03922322702763681,599,I wouldn't let him pose for the new mural.
3197,36,0,0,26,26,1.0,0.03922322702763681,599,Dino is a leg up on my last pet
3317,36,0,0,26,26,1.0,0.03922322702763681,599,Its a misdemeanor offense so I'm on herbivore house parole.
3342,36,0,0,26,26,1.0,0.03922322702763681,599,I was out of milk-bones
4823,36,0,0,26,26,1.0,0.03922322702763681,599,He's not cave-trained .
4807,36,0,0,26,26,1.0,0.03922322702763681,599,I can't go out tonight. I'm on house arrest.
4784,36,0,0,26,26,1.0,0.03922322702763681,599,I swear he doesn't normally do this.
4746,36,0,0,26,26,1.0,0.03922322702763681,599,It has a snug fit. I suggest we make loafers out of it.
4548,36,0,0,26,26,1.0,0.03922322702763681,599,I'm starting a fad. Two weeks and everybody will want one.
4517,36,0,0,26,26,1.0,0.03922322702763681,599,"Don't worry, he only eats Vegans."
4400,36,0,0,26,26,1.0,0.03922322702763681,599,"I assure you, sir. We do not have bedbugs."
4369,36,0,0,26,26,1.0,0.03922322702763681,599,"Don't worry, he's friendly. He's just a little needy."
1127,36,0,0,26,26,1.0,0.03922322702763681,599,The prosecutor offered us 4-6 months or cave confinement with ankle bracelet. I think I need a new lawyer.
4186,36,0,0,26,26,1.0,0.03922322702763681,599,It would be superfluous to say he is very attached to me
4153,36,0,0,26,26,1.0,0.03922322702763681,599,Santorum warned us ! I should have listened
4002,36,0,0,26,26,1.0,0.03922322702763681,599,"The ankle monitor chafes a bit, but all in all being placed under cave arrest is much better than jail."
3875,36,0,0,26,26,1.0,0.03922322702763681,599,"Its all right, it lost its teeth mistaking small round boulders for dinosaur eggs."
3621,36,0,0,26,26,1.0,0.03922322702763681,599,It's an anklosore.
3612,36,0,0,26,26,1.0,0.03922322702763681,599,I'll catch up once they deliver the mastodon jerky.
3526,36,0,0,26,26,1.0,0.03922322702763681,599,There's something on my leg-osaurus
3495,36,0,0,26,26,1.0,0.03922322702763681,599,We're still trying to decide if this species can be domesticated.
3455,36,0,0,26,26,1.0,0.03922322702763681,599,The Police ran out of ankle bracelets.
4174,36,0,0,26,26,1.0,0.03922322702763681,599,"The fire was awesome. But I would push back this ""wheel"" thing, and move up a muzzle… Definitely, a muzzle."
4825,36,0,0,26,26,1.0,0.03922322702763681,599,"Thanks, but I think I need to stay home and start dealing with his separation anxiety."
1111,36,0,0,26,26,1.0,0.03922322702763681,599,I can't wait till we evolve depth perception.
903,36,0,0,26,26,1.0,0.03922322702763681,599,Albatross? What albatross?
678,36,0,0,23,23,1.0,0.044455422447438706,599,Doctor Urg says we've made real progress with his Disinhibited Social Engagement Disorder.
5425,36,0,0,25,25,1.0,0.040824829046386304,599,He says that he likes me or maybe that he licks me
5200,36,0,0,25,25,1.0,0.040824829046386304,599,Synchronized naked dancing! Now! It's bound to distract him.
4965,36,0,0,25,25,1.0,0.040824829046386304,599,He doesn't bite.
4934,36,0,0,25,25,1.0,0.040824829046386304,599,My resolution? Shed some weight.
4776,36,0,0,25,25,1.0,0.040824829046386304,599,Hmm. I'm not sure. Should we get another pair of eyes?
4736,36,0,0,25,25,1.0,0.040824829046386304,599,"All I did was give him the command, ""Sit Trump, sit."""
4731,36,0,0,25,25,1.0,0.040824829046386304,599,We feel it would be best if you would find a place of your own
4714,36,0,0,25,25,1.0,0.040824829046386304,599,Some sort of growth. Doc says I have to have an operation to remove it.
4700,36,0,0,25,25,1.0,0.040824829046386304,599,"Sometimes you eat the euoplocephalus and sometimes the euoplocephalus, well, he eats you."
4575,36,0,0,25,25,1.0,0.040824829046386304,599,I have to wear it everywhere until I go to trial.
4396,36,0,0,25,25,1.0,0.040824829046386304,599,I wish I had my club with me but I don't have a concealed carry permit.
4388,36,0,0,25,25,1.0,0.040824829046386304,599,He's a fear-biter.
4329,36,0,0,25,25,1.0,0.040824829046386304,599,Thor Thunderbach - The Father of Domestication
4126,36,0,0,25,25,1.0,0.040824829046386304,599,Perhaps domestication is not for another ion or more
4044,36,0,0,25,25,1.0,0.040824829046386304,599,We really got attached to each other! Can I keep him?
3916,36,0,0,25,25,1.0,0.040824829046386304,599,"No, I have not read Moby Dick, why do you ask?"
1109,36,0,0,23,23,1.0,0.044455422447438706,599,"It's my wife's mother, she's just staying for the weekend"
1115,36,0,0,23,23,1.0,0.044455422447438706,599,He goes with me wherever I go. He's attached to me.
1378,36,0,0,23,23,1.0,0.044455422447438706,599,It's the newest thing - a dyno-doggie door.
1644,36,0,0,23,23,1.0,0.044455422447438706,599,"Well, just look on the bright side!"
784,36,0,0,26,26,1.0,0.03922322702763681,599,"He's here all right, but I had to drag him."
721,36,0,0,26,26,1.0,0.03922322702763681,599,I've been trying to send it back.
690,36,0,0,26,26,1.0,0.03922322702763681,599,I can't stand this ankle monitor.
634,36,0,0,26,26,1.0,0.03922322702763681,599,It’s not a breed problem!
542,36,0,0,26,26,1.0,0.03922322702763681,599,I thought leg hold traps were illegal.
504,36,0,0,26,26,1.0,0.03922322702763681,599,"Can I keep him, Ma and Pa? Can I keep him?"
417,36,0,0,26,26,1.0,0.03922322702763681,599,He says he wants to be my pet
232,36,0,0,26,26,1.0,0.03922322702763681,599,I have no idea what it is but Ralph brought it home from the dinosaur pound yesterday and he has been on my leg ever since!
1015,36,0,0,26,26,1.0,0.03922322702763681,599,It's his punishment for eating my ankle monitor
5476,36,0,0,23,23,1.0,0.044455422447438706,599,It's starting to teethe.
4907,36,0,0,23,23,1.0,0.044455422447438706,599,Well it is cuffing season...
4888,36,0,0,23,23,1.0,0.044455422447438706,599,You are right; I really do need to call the homo sapien rescue!
4100,36,0,0,23,23,1.0,0.044455422447438706,599,I'm under house arrest until the arraignment.
3609,36,0,0,23,23,1.0,0.044455422447438706,599,boo
2861,36,0,0,23,23,1.0,0.044455422447438706,599,"If I had furniture, this wouldn't happen."
2793,36,0,0,23,23,1.0,0.044455422447438706,599,It’s called a “pet.” Her name is Fluffy Truffy Fuzzball.
2206,36,0,0,23,23,1.0,0.044455422447438706,599,House arrest. Leaving the cave risks instant pterodactyl attack.
2093,36,0,0,23,23,1.0,0.044455422447438706,599,They want this to be much funnier than the last caveman cartoon.
4908,36,0,0,23,23,1.0,0.044455422447438706,599,He also does the grass.
5004,36,0,0,26,26,1.0,0.03922322702763681,599,"I would love to go, but travel is such a drag."
5136,36,0,0,26,26,1.0,0.03922322702763681,599,Unfortunately this is his forever home.
5170,36,0,0,26,26,1.0,0.03922322702763681,599,He wants to be fed.
5235,36,0,0,25,25,1.0,0.040824829046386304,599,There's no such thing as a free mattress.
4968,36,0,0,25,25,1.0,0.040824829046386304,599,He thinks I’m his key to the Neolithic Age.
4678,36,0,0,25,25,1.0,0.040824829046386304,599,I’ve tried to return him but the pound says he’s extinct.
4295,36,0,0,25,25,1.0,0.040824829046386304,599,You didn't say what kind of meat.
2072,36,0,0,25,25,1.0,0.040824829046386304,599,Millie's cat is warming up to me...
5179,36,0,0,28,28,1.0,0.036369648372665396,599,He is afraid of becoming prehistoric!
5153,36,0,0,28,28,1.0,0.036369648372665396,599,"Actually, its ""Haaar-RHEEEEEE-Yuh-Yuh-Yuh"" is far worse than its bite."
5096,36,0,0,28,28,1.0,0.036369648372665396,599,It's more touchy feely than a leash.
4095,36,0,0,28,28,1.0,0.036369648372665396,599,I'm still on parole. Last week's saber tooth tiger was much worse.
4046,36,0,0,28,28,1.0,0.036369648372665396,599,I think I prefer a dog or a cat.
3602,36,0,0,28,28,1.0,0.036369648372665396,599,I’m getting an idea for footwear.
2460,36,0,0,28,28,1.0,0.036369648372665396,599,We thought he'd be easier to train.
2432,36,0,0,28,28,1.0,0.036369648372665396,599,We've conditioned him to re-direct his impulses.
66,36,0,0,28,28,1.0,0.036369648372665396,599,"How green was my valley? This is all that's left, son."
5364,36,0,0,27,27,1.0,0.03774256780481986,599,This dino ankle security bracelet allows me to move about okay and it is way better than being locked up in a cave.
4955,36,0,0,24,24,1.0,0.04256282653793743,599,"Although possessive, legosores can become great pets."
4460,36,0,0,27,27,1.0,0.03774256780481986,599,"Don't worry about Dino, his growl is worse than his bite"
5379,36,0,0,25,25,1.0,0.040824829046386304,599,His name is Harry. He's got attachment disorder.
763,36,0,0,19,19,1.0,0.05407380704358751,599,fuckfuckshitfuckgoddammitfuckgoddammitmotherfuckershitshitfuckpissshitassdickfartfuckfuckshit.
1125,36,0,0,19,19,1.0,0.05407380704358751,599,She's really very gentle. She only bites when she meets new people.
1749,36,0,0,19,19,1.0,0.05407380704358751,599,It's a game of chicken.
1308,36,0,0,20,20,1.0,0.051298917604257706,599,You wouldn’t call it a pearl of wisdom if you were two birds in the bush.
1118,36,0,0,20,20,1.0,0.051298917604257706,599,"I mean, sure, house arrest stinks, but the outside world is worse."
480,36,0,0,20,20,1.0,0.051298917604257706,599,It's a birthday gift from my husband called a Denver boot
284,36,0,0,20,20,1.0,0.051298917604257706,599,Split levels. Great garage space. But really tough enforcement of mortgage payments.
4345,36,0,0,26,26,1.0,0.03922322702763681,599,It’s a food desert in this neighborhood and Rocco only eats raw-organic.
3528,36,0,0,26,26,1.0,0.03922322702763681,599,His brother is the nasty one.
2182,36,0,0,26,26,1.0,0.03922322702763681,599,"Yes, but my unsupervised cave leave is worth the inconvenience"
1639,36,0,0,26,26,1.0,0.03922322702763681,599,He's better behaved than it looks like.
4375,36,0,0,27,27,1.0,0.03774256780481986,599,We warned you a lockodillo costs an arm and a leg
3434,36,0,0,29,29,1.0,0.03509312031717982,599,At least he isn't writing on the walls.
3244,36,0,0,29,29,1.0,0.03509312031717982,599,"I promise to walk him, and train him and feed him everyday!"
2807,36,0,0,29,29,1.0,0.03509312031717982,599,"Ouch, my shin."
1608,36,0,0,29,29,1.0,0.03509312031717982,599,His owner will be back on Wednesday.
948,36,0,0,29,29,1.0,0.03509312031717982,599,He claims copyrights on my Lacoste dress.
4529,36,0,0,19,19,1.0,0.05407380704358751,599,It's a security device. I call it a 'boot.'
3259,36,0,0,19,19,1.0,0.05407380704358751,599,"No, not exactly a rescue..."
2180,36,0,0,19,19,1.0,0.05407380704358751,599,It's my wife's and my first child - I read that they call this 'teething'.
1825,36,0,0,19,19,1.0,0.05407380704358751,599,I'm sorry that I can't give you a leg up.
3410,36,0,0,29,29,1.0,0.03509312031717982,599,I didn’t imagine my cave arrest monitor would be so bitey.
4350,36,0,0,27,27,1.0,0.03774256780481986,599,"He's actually an herbivore, so I worry what paleontologists will think if he doesn't let go."
4297,36,0,0,18,18,1.0,0.05716619504750295,599,He said he's tired of me putting my foot in my mouth.
4275,36,0,0,27,27,1.0,0.03774256780481986,599,"I have named him Al, Al Franken"
1261,36,0,0,27,27,1.0,0.03774256780481986,599,The hunt did not go well and he no longer sees me as alpha.
1133,36,0,0,27,27,1.0,0.03774256780481986,599,Judge Gronk's orders: house arrest and monitoring anklet.
988,36,0,0,27,27,1.0,0.03774256780481986,599,It's really more of a mutual relationship than it looks!
835,36,0,0,18,18,1.0,0.05716619504750295,599,There goes 33% of humanity
711,36,0,0,27,27,1.0,0.03774256780481986,599,It's the only way he'll go out to go potty.
516,36,0,0,27,27,1.0,0.03774256780481986,599,First one to blink dies.
512,36,0,0,27,27,1.0,0.03774256780481986,599,He's still too primitive for training.
472,36,0,0,27,27,1.0,0.03774256780481986,599,"She loved her bath, so I thought I'd try to milk her."
1660,36,0,0,27,27,1.0,0.03774256780481986,599,I'm more hurt that he won't condemn the Alt-bite.
351,36,0,0,27,27,1.0,0.03774256780481986,599,"How do you like the New Tyranno Rex Leg Trap, stops them dead in their tracks"
263,36,0,0,24,24,1.0,0.04256282653793743,599,Full domestication is still a millennia or two away.
35,36,0,0,27,27,1.0,0.03774256780481986,599,My advice? Buy a good exercise ball.
5571,36,0,0,26,26,1.0,0.03922322702763681,599,"Look, she sees right through the crocodile tears."
5538,36,0,0,26,26,1.0,0.03922322702763681,599,What can I say? He's a cavebody.
5457,36,0,0,26,26,1.0,0.03922322702763681,599,I told you I was under house arrest!
5411,36,0,0,26,26,1.0,0.03922322702763681,599,This is what you get for having pets.
5257,36,0,0,26,26,1.0,0.03922322702763681,599,Have you seen my other sockasaurus anywhere?
5183,36,0,0,26,26,1.0,0.03922322702763681,599,I don't think we should count on a speedy extinction.
314,36,0,0,24,24,1.0,0.04256282653793743,599,"For a docent, her knowledge goes really far back. Don't you think she deserves a tip?"
3887,36,0,0,25,25,1.0,0.040824829046386304,599,"Aiming for ""man's best friend"" but it turns out breeding is a lot trickier than I thought."
1669,36,0,0,27,27,1.0,0.03774256780481986,599,I told him my brother would make a much more tasty meal.
2139,36,0,0,24,24,1.0,0.04256282653793743,599,I get two-day delivery on everything!
4082,36,0,0,27,27,1.0,0.03774256780481986,599,I was thinking of calling him Cujosaurus.
4023,36,0,0,27,27,1.0,0.03774256780481986,599,He's outgrown my carry-on.
4006,36,0,0,27,27,1.0,0.03774256780481986,599,We are emotionally and physically attached.
3605,36,0,0,24,24,1.0,0.04256282653793743,599,He's giving me a leg's up.
3584,36,0,0,27,27,1.0,0.03774256780481986,599,"Mom, Dad... I want you to meet my new girlfriend."
3399,36,0,0,27,27,1.0,0.03774256780481986,599,I’m telling you; bait prices have gone thru the roof
3377,36,0,0,27,27,1.0,0.03774256780481986,599,He ate the dog so of course we have to keep him.
3338,36,0,0,24,24,1.0,0.04256282653793743,599,I think I forgot to feed it.
1865,36,0,0,18,18,1.0,0.05716619504750295,599,"He only bits me, not strangers!"
2951,36,0,0,27,27,1.0,0.03774256780481986,599,Do you either of you have pet store alligator treat you could lend me ... right now?
2834,36,0,0,24,24,1.0,0.04256282653793743,599,Ugg Ugg OW!
2709,36,0,0,27,27,1.0,0.03774256780481986,599,Blue passports man. We've got blue passports.
2688,36,0,0,27,27,1.0,0.03774256780481986,599,The landscaper is a bit aggressive.
2592,36,0,0,33,33,1.0,0.030772872744833184,599,Looks like Muckle wants her din-din.
2496,36,0,0,24,24,1.0,0.04256282653793743,599,It took some time for the concept of pets to sink in.
2437,36,0,0,27,27,1.0,0.03774256780481986,599,he is just a puppy
2423,36,0,0,24,24,1.0,0.04256282653793743,599,"Louise, I'm not leaving the prehistoric theme escape room with only one leg, I don't care how long we have to stay!"
2221,36,0,0,24,24,1.0,0.04256282653793743,599,I call her “New Yorker Humor” because she’s got no taste.
2848,36,0,0,27,27,1.0,0.03774256780481986,599,Everyone warned me that Walter was codependent but this is a bit much
1610,36,0,0,20,20,1.0,0.051298917604257706,599,I don't know what it is. He liked your last boyfriend just fine.
3860,36,0,0,25,25,1.0,0.040824829046386304,599,"As soon as I pay the 12 stone penalty, I’ll get my wagon back"
3508,36,0,0,25,25,1.0,0.040824829046386304,599,Just don't turn your back on my pet anklesauris
2578,36,0,0,24,24,1.0,0.04256282653793743,599,So why would I want to steal anything from your cave?
2568,36,0,0,24,24,1.0,0.04256282653793743,599,I'm not certain but I think it's a Legissoreas Heck.
2535,36,0,0,24,24,1.0,0.04256282653793743,599,We're in the process of cave-training her.
2479,36,0,0,24,24,1.0,0.04256282653793743,599,You think this is a problem - the pterodactyl just learned to fly and is trying to poke my eye out!
2401,36,0,0,24,24,1.0,0.04256282653793743,599,He hates being left behind; it shouldn't be more than a flesh wound.
2375,36,0,0,24,24,1.0,0.04256282653793743,599,The sitter canceled so I brought the ankle biter.
2337,36,0,0,24,24,1.0,0.04256282653793743,599,I would have swiped left.
2207,36,0,0,24,24,1.0,0.04256282653793743,599,He doesn't want to 'Go Home.'
2070,36,0,0,24,24,1.0,0.04256282653793743,599,In the future this will be called and ankle monitor
2013,36,0,0,24,24,1.0,0.04256282653793743,599,"Actually, when I asked, ""if your ankleasorus bites?"", ...I assumed that this was your ankleasorus."
1896,36,0,0,24,24,1.0,0.04256282653793743,599,He says it's yummy.
1769,36,0,0,24,24,1.0,0.04256282653793743,599,She gets jealous on poker night.
1726,36,0,0,24,24,1.0,0.04256282653793743,599,You may have discovered fire but I discovered separation anxiety!
1630,36,0,0,24,24,1.0,0.04256282653793743,599,"I know I've bailed on dinner before, but this time I'm really caught up in something."
1560,36,0,0,24,24,1.0,0.04256282653793743,599,"We've signed him up for obedience school, but the class doesn't start until next Monday."
1503,36,0,0,24,24,1.0,0.04256282653793743,599,"I shouldn't have gotten a rescue, the separation anxiety is killer."
1447,36,0,0,24,24,1.0,0.04256282653793743,599,I look like a treat. Man is it hard to house break this guy.
2665,36,0,0,24,24,1.0,0.04256282653793743,599,"We're going to hold up here for the Ice Age, you're welcome to join."
2801,36,0,0,24,24,1.0,0.04256282653793743,599,"Science is right, we can't co-exist"
2843,36,0,0,32,32,1.0,0.031750031750047626,599,he says he wants to show me his secret blend of herbs and spices.
2883,36,0,0,24,24,1.0,0.04256282653793743,599,"Plato said it was just a shadow, and I believed him."
3935,36,0,0,24,24,1.0,0.04256282653793743,599,He's part of Betsy Devos' new loan repayment incentive program.
3567,36,0,0,24,24,1.0,0.04256282653793743,599,"I don't care if it takes me a million years, I'm going to domesticate something around here!"
3538,36,0,0,24,24,1.0,0.04256282653793743,599,He's a LabraSaurus Retriever
3477,36,0,0,24,24,1.0,0.04256282653793743,599,Stegosaurus Whisperer counsels owner to establish new alpha male of the house.
3468,36,0,0,24,24,1.0,0.04256282653793743,599,"I'd love to go with you guys, but I can't leave the cave 'til after the trial."
3299,36,0,0,24,24,1.0,0.04256282653793743,599,"Og says he’s just teething, but you know what a joker Og is..."
3284,36,0,0,24,24,1.0,0.04256282653793743,599,"Down by the swamp, these ankle bracelets are a dime a dozen."
3283,36,0,0,24,24,1.0,0.04256282653793743,599,Can we keep him? Please?
1236,36,0,0,24,24,1.0,0.04256282653793743,599,Separation anxiety.
3260,36,0,0,24,24,1.0,0.04256282653793743,599,Roomba
3144,36,0,0,24,24,1.0,0.04256282653793743,599,Petfinder said he was herbivore.
3114,36,0,0,24,24,1.0,0.04256282653793743,599,He stopped chewing the curtains.
3101,36,0,0,24,24,1.0,0.04256282653793743,599,The rescue agency said he'll outgrow it.
2979,36,0,0,24,24,1.0,0.04256282653793743,599,Fluffy needs some anger management but I'm sure she'll grow out of it with your love and affection. She's free ! !
2964,36,0,0,24,24,1.0,0.04256282653793743,599,I think we can now all agree that the ankle-lizards are NOT fake news.
2922,36,0,0,24,24,1.0,0.04256282653793743,599,WE ARE TRYING TO BOND
2920,36,0,0,24,24,1.0,0.04256282653793743,599,He's over his eyeball phase and onto legs now.
2884,36,0,0,24,24,1.0,0.04256282653793743,599,Welcome to my cave.
3218,36,0,0,32,32,1.0,0.031750031750047626,599,"I would whack it, kill it and eat it, but it’s the last one."
3943,36,0,0,24,24,1.0,0.04256282653793743,599,"He's a rescue, but if anything he rescued me - except for my leg, which will need to be rescued."
1051,36,0,0,24,24,1.0,0.04256282653793743,599,"So you see, this is how the ""bear trap"" works. Now someone get this thing off my feet"
930,36,0,0,24,24,1.0,0.04256282653793743,599,Since I'm under cave arrest I need to wear the ankle bracelet.
4710,36,0,0,21,21,1.0,0.048795003647426664,599,It's not what it looks like.
2445,36,0,0,34,34,1.0,0.029854071701326604,599,"""They paroled me but I had to be dino-chipped."" Jan Griffin, Long Beach, CA"
3998,36,0,0,21,21,1.0,0.048795003647426664,599,"It's painful, but they're vegans."
3905,36,0,0,21,21,1.0,0.048795003647426664,599,Do I have this evolution thing correct?
3115,36,0,0,21,21,1.0,0.048795003647426664,599,"One minute I was petting him by the fire, and........."
2959,36,0,0,21,21,1.0,0.048795003647426664,599,My leg hold trap backfired.
1488,36,0,0,21,21,1.0,0.048795003647426664,599,No problem...He's current on his Rabies shots!
1293,36,0,0,21,21,1.0,0.048795003647426664,599,Think of it as a starter home that prepares you for having children.
4817,36,0,0,31,31,1.0,0.032791291789197645,599,Like my new piercing?
2672,36,0,0,31,31,1.0,0.032791291789197645,599,It hurts to grow apart.
1953,36,0,0,31,31,1.0,0.032791291789197645,599,He's not serious; he's always pulling my leg.
1599,36,0,0,31,31,1.0,0.032791291789197645,599,He's still a little confused about the fetching command.
5567,36,0,0,23,23,1.0,0.044455422447438706,599,He ran out of floss
5435,36,0,0,23,23,1.0,0.044455422447438706,599,I forgot the chicken password
5267,36,0,0,23,23,1.0,0.044455422447438706,599,I'm teaching him rough-and-tumble play.
5256,36,0,0,23,23,1.0,0.044455422447438706,599,They put me on house arrest.
5213,36,0,0,23,23,1.0,0.044455422447438706,599,He's easy to take care of but he suffers from separation anxiety.
1368,36,0,0,29,29,1.0,0.03509312031717982,599,It's the latest craze - a dyno-doggie door.
1631,36,0,0,29,29,1.0,0.03509312031717982,599,"He's a ""leg up"" up on me, but we co-exist"
1762,36,0,0,29,29,1.0,0.03509312031717982,599,Only way I can keep him from running away from home.
3492,36,0,0,29,29,1.0,0.03509312031717982,599,"Yeah, he's sort of cute; but I can't wait for Stuffies to be invented."
929,36,0,0,24,24,1.0,0.04256282653793743,599,I didn't realize I wasn't allowed to park here.
910,36,0,0,24,24,1.0,0.04256282653793743,599,Have you heard of the concept of the pet?
809,36,0,0,24,24,1.0,0.04256282653793743,599,Do you have gatorade?
787,36,0,0,24,24,1.0,0.04256282653793743,599,We are still negotiating this domesticity thing.
697,36,0,0,24,24,1.0,0.04256282653793743,599,"I took him in, and he's been attached to me ever since."
628,36,0,0,24,24,1.0,0.04256282653793743,599,"Sorry, I'm under house arrest at the moment. This ankle bracelet really chafes."
557,36,0,0,24,24,1.0,0.04256282653793743,599,He 's absolutely unaware it's a prosthesis.
540,36,0,0,24,24,1.0,0.04256282653793743,599,It was a requirement of house arrest
933,36,0,0,24,24,1.0,0.04256282653793743,599,"Well, Christmas is over and I may need to rehome this little guy."
474,36,0,0,24,24,1.0,0.04256282653793743,599,Just my luck. A monitor lizard for an ankle bracelet.
360,36,0,0,24,24,1.0,0.04256282653793743,599,And security is included.
336,36,0,0,24,24,1.0,0.04256282653793743,599,"It's okay, really - I'm sure she's just being friendly."
269,36,0,0,24,24,1.0,0.04256282653793743,599,The good news is he's a certified pure bred Stegasaurus.
254,36,0,0,24,24,1.0,0.04256282653793743,599,He has a bit of separation anxiety whenever I get ready to leave.
71,36,0,0,24,24,1.0,0.04256282653793743,599,"And if you act now, I'll throw in an aphorism for four easy payments of $19.99, plus shipping and handling."
41,36,0,0,24,24,1.0,0.04256282653793743,599,True. But we have a generous benefits package and can deduct state and local taxes
25,36,0,0,24,24,1.0,0.04256282653793743,599,Your mom was right--success in life starts with good posture.
8,36,0,0,24,24,1.0,0.04256282653793743,599,"I can’t afford to move, I’m living on my nest egg."
393,36,0,0,24,24,1.0,0.04256282653793743,599,My man cave still needs a few adjustments.
4292,36,0,0,24,24,1.0,0.04256282653793743,599,This house arrest really bites!
4317,36,0,0,24,24,1.0,0.04256282653793743,599,There is no need for concern because I am as meticulous with my pet’s dental hygiene as I am with my own.
4328,36,0,0,24,24,1.0,0.04256282653793743,599,I've decided to include him in my drawings.
1601,36,0,0,25,25,1.0,0.040824829046386304,599,Don’t worry he just has speration anxiety
1577,36,0,0,25,25,1.0,0.040824829046386304,599,Not to worry. He'll be prehistoric in million or so years.
1515,36,0,0,25,25,1.0,0.040824829046386304,599,I've been thinking about switching to a standing desk.
1504,36,0,0,25,25,1.0,0.040824829046386304,599,I was only standing for a minute waiting for my wife and the damned Department of Transportation snapped this boot on me.
1478,36,0,0,25,25,1.0,0.040824829046386304,599,The vet said he has attachment anxiety.
1267,36,0,0,25,25,1.0,0.040824829046386304,599,"It's a ""human trap""."
1263,36,0,0,25,25,1.0,0.040824829046386304,599,It's kind of a symbiotic relationship.
1241,36,0,0,25,25,1.0,0.040824829046386304,599,It's my ankle lock I'm under house arrest
1060,36,0,0,25,25,1.0,0.040824829046386304,599,They have me on house arrest until the trial.
979,36,0,0,25,25,1.0,0.040824829046386304,599,She's a bit clingy but I noticed we get less mice in the cave!
901,36,0,0,25,25,1.0,0.040824829046386304,599,You guys go. I don't want to be a drag.
867,36,0,0,25,25,1.0,0.040824829046386304,599,"Not to worry, just a temporary tapir lock ."
846,36,0,0,25,25,1.0,0.040824829046386304,599,My lawyer told me house arrest was a good deal.
810,36,0,0,25,25,1.0,0.040824829046386304,599,I’m confined to 30 feet of freedom and then he bites!
795,36,0,0,25,25,1.0,0.040824829046386304,599,My resolution this year is to lose weight.
581,36,0,0,25,25,1.0,0.040824829046386304,599,I'll just wait until he becomes extinct.
447,36,0,0,25,25,1.0,0.040824829046386304,599,Take me to the intensive cave unit!
1710,36,0,0,25,25,1.0,0.040824829046386304,599,Shhhh.... The dog does not like surprises
1729,36,0,0,25,25,1.0,0.040824829046386304,599,My wife wants me to stay home tonight.
1967,36,0,0,25,25,1.0,0.040824829046386304,599,"As long as he doesn't make me come to all his stupid petroglyph exhibits, he's still a better roommate than Fred."
2075,36,0,0,25,25,1.0,0.040824829046386304,599,Can’t wait invent they invent the balk and chain
3378,36,0,0,25,25,1.0,0.040824829046386304,599,I'm trying to ween him off the local dinosaurs.
3281,36,0,0,25,25,1.0,0.040824829046386304,599,Me and my wife were playing with ways to spice up our love life.
3206,36,0,0,25,25,1.0,0.040824829046386304,599,Ever hear of separation anxiety? Bella decided this was the best way to deal with hers.
3185,36,0,0,25,25,1.0,0.040824829046386304,599,Only one more week of house arrest and I'm a free man.
3152,36,0,0,25,25,1.0,0.040824829046386304,599,"At least with Steggie, there are no attachment issues."
3072,36,0,0,25,25,1.0,0.040824829046386304,599,I feel like a leg end in my own time.
3021,36,0,0,25,25,1.0,0.040824829046386304,599,"He ate the pitbull, my husband and the cleaning lady. He left the conoli's."
2836,36,0,0,25,25,1.0,0.040824829046386304,599,They wanted to put some teeth into my ankle monitor.
443,36,0,0,25,25,1.0,0.040824829046386304,599,I'm on parole.
2798,36,0,0,25,25,1.0,0.040824829046386304,599,He lost his rubber chicken.
2551,36,0,0,25,25,1.0,0.040824829046386304,599,I’m on this thing called house arrest...
2464,36,0,0,25,25,1.0,0.040824829046386304,599,The parole officer said I can't leave my cave without it.
2408,36,0,0,25,25,1.0,0.040824829046386304,599,Guess who's coming for dinner?
2331,36,0,0,25,25,1.0,0.040824829046386304,599,Ouch.
2231,36,0,0,25,25,1.0,0.040824829046386304,599,I just got an idea for a critter removal service.
2220,36,0,0,25,25,1.0,0.040824829046386304,599,I can't go out tonight. I got a dinosaur on my leg.
2174,36,0,0,25,25,1.0,0.040824829046386304,599,"If you don't let him know you're the alpha male, he'll eat you for lunch."
2170,36,0,0,25,25,1.0,0.040824829046386304,599,Attachment parenting
2667,36,0,0,25,25,1.0,0.040824829046386304,599,"He is not entirely clear on the meaning of ""Heel""."
428,36,0,0,25,25,1.0,0.040824829046386304,599,It’s really just a sign of affection.
397,36,0,0,25,25,1.0,0.040824829046386304,599,"I've invented a ""Cave Security System,"" but it still needs some adjustments."
371,36,0,0,25,25,1.0,0.040824829046386304,599,He followed me home.
5406,36,0,0,24,24,1.0,0.04256282653793743,599,I feel a draft
5326,36,0,0,24,24,1.0,0.04256282653793743,599,This is what I meant by I couldn't go hunting.
5250,36,0,0,24,24,1.0,0.04256282653793743,599,I really put my foot in his mouth when I decided to take him home.
5225,36,0,0,24,24,1.0,0.04256282653793743,599,I stood in a NON RESTING zone.
5151,36,0,0,24,24,1.0,0.04256282653793743,599,The jail ran out of ankle monitors.
5147,36,0,0,24,24,1.0,0.04256282653793743,599,He's afraid I'll leave him.
5087,36,0,0,24,24,1.0,0.04256282653793743,599,"So, who’s hungry?"
4961,36,0,0,24,24,1.0,0.04256282653793743,599,The judge put me on house arrest
5419,36,0,0,24,24,1.0,0.04256282653793743,599,I'll be glad when boots are invented.
4925,36,0,0,24,24,1.0,0.04256282653793743,599,This domestication thing is really starting to catch on.
4769,36,0,0,24,24,1.0,0.04256282653793743,599,She’s mad because her root vegetables were under-cooked.
4698,36,0,0,24,24,1.0,0.04256282653793743,599,I think I’ve invented an animal trap.
4626,36,0,0,24,24,1.0,0.04256282653793743,599,This is the new house arrest bracelet
4603,36,0,0,24,24,1.0,0.04256282653793743,599,Krog wear ankle monitor lizard until trial.
4535,36,0,0,24,24,1.0,0.04256282653793743,599,It's leg day
4373,36,0,0,24,24,1.0,0.04256282653793743,599,"Dude, I can't believe they booted me just for jaywalking!"
4340,36,0,0,24,24,1.0,0.04256282653793743,599,I am optimistic things will improve with commercialization of ankle bracelets
4333,36,0,0,24,24,1.0,0.04256282653793743,599,It’s the beginning of a charm bracelet.
4876,36,0,0,24,24,1.0,0.04256282653793743,599,"You know, house arrest . . ."
3514,36,0,0,25,25,1.0,0.040824829046386304,599,He's not quite cave-broken.
5532,36,0,0,24,24,1.0,0.04256282653793743,599,This proves it! 60 seconds is enough time to move the rock in front of the door before security system activates!
1956,36,0,0,30,30,1.0,0.03390317518104052,599,He just started teething.
242,36,0,0,25,25,1.0,0.040824829046386304,599,No worries. He’s just got a craving for leg of human.
178,36,0,0,25,25,1.0,0.040824829046386304,599,I have to wear an ankle monitor. Someone gave me a tip on Stone Ax futures.
170,36,0,0,25,25,1.0,0.040824829046386304,599,"When I told the shelter I wanted a rescue, this is not what I had in mind."
74,36,0,0,25,25,1.0,0.040824829046386304,599,He came with the cave.
49,36,0,0,25,25,1.0,0.040824829046386304,599,"It's not an exercise ball, it's piles. You try sitting on cold rock for years on end!"
43,36,0,0,25,25,1.0,0.040824829046386304,599,It is impossible to get down from here.
40,36,0,0,25,25,1.0,0.040824829046386304,599,You’re obviously not on the ball!
4833,36,0,0,22,22,1.0,0.046524210519923545,599,"I know, I know, I should put him on one of those long whatchamacallits."
1527,36,0,0,30,30,1.0,0.03390317518104052,599,"I’d love to go out with you guys but as you can see, Rover, suffers from separation anxiety."
3899,36,0,0,22,22,1.0,0.046524210519923545,599,My lawyer got me off with cave arrest with an ankle monitor.
3763,36,0,0,22,22,1.0,0.046524210519923545,599,The pet store people told me he has been trained to clue me when he needs to go for a walk.
3216,36,0,0,33,33,1.0,0.030772872744833184,599,I ran out of Dino treats.
2928,36,0,0,22,22,1.0,0.046524210519923545,599,He said it's an ankle bracelet. He said his other wives got used to it.
2782,36,0,0,22,22,1.0,0.046524210519923545,599,I'm developing a new concept I call the Paleo Diet.
2163,36,0,0,22,22,1.0,0.046524210519923545,599,I said I think I see a meteor. He didn't like that.
1730,36,0,0,22,22,1.0,0.046524210519923545,599,It's my last week of house arrest.
274,36,0,0,22,22,1.0,0.046524210519923545,599,"Mail? What the hell is ""mail""?"
2567,36,0,0,30,30,1.0,0.03390317518104052,599,I think we need to invent even better ankle jewelry.
3832,36,0,0,22,22,1.0,0.046524210519923545,599,He’s almost domesticated.
2219,36,0,0,20,20,1.0,0.051298917604257706,599,He used to just HUMP!
2617,36,0,0,20,20,1.0,0.051298917604257706,599,He's really very friendly once he gets to know you.
2982,36,0,0,20,20,1.0,0.051298917604257706,599,Another one on my left foot will give me alligator shoes.
3679,36,0,0,23,23,1.0,0.044455422447438706,599,Couldn't find a collar that would fit.
3624,36,0,0,23,23,1.0,0.044455422447438706,599,its only a 30 day house arrest
3578,36,0,0,23,23,1.0,0.044455422447438706,599,"His bark is worse than his... nope, I am quite wrong."
3564,36,0,0,23,23,1.0,0.044455422447438706,599,"I know what this looks like, and I want to be clear about one thing: I wasn't trying to get it to suck my dick."
3392,36,0,0,23,23,1.0,0.044455422447438706,599,One more day with my home confinement bracelet until I am off restriction.
3327,36,0,0,23,23,1.0,0.044455422447438706,599,Separate compartments on long flights has made all the difference
3285,36,0,0,23,23,1.0,0.044455422447438706,599,He thinks I am the Alpha Male.
3158,36,0,0,23,23,1.0,0.044455422447438706,599,"The judge says that if the jury acquits me, I can take this off."
3117,36,0,0,23,23,1.0,0.044455422447438706,599,I tried to tell her that I had already paid off all those parking tickets.
3086,36,0,0,23,23,1.0,0.044455422447438706,599,It won't let go of the past.
2819,36,0,0,23,23,1.0,0.044455422447438706,599,You see it stops someone from going out and committing more crimes. I'm looking for investors.
2770,36,0,0,23,23,1.0,0.044455422447438706,599,Moments in Evolutionary History: The Extinction of the two-legged Chicken.
2745,36,0,0,23,23,1.0,0.044455422447438706,599,I think I found your lost Tyrannosaurus Fillmore!
2718,36,0,0,23,23,1.0,0.044455422447438706,599,I hear they're working on an electronic version that's not so cumbersome.
2713,36,0,0,23,23,1.0,0.044455422447438706,599,"I dont think I can make it to the Troglodyte Dance, my parents are still mad I cant start a fire."
2462,36,0,0,23,23,1.0,0.044455422447438706,599,"He’s so attached to me, can we keep him?"
2317,36,0,0,23,23,1.0,0.044455422447438706,599,"I can't go on the hunt with you today, I have a prior commitment."
3788,36,0,0,23,23,1.0,0.044455422447438706,599,I didn't even know I was under investigation.
4029,36,0,0,23,23,1.0,0.044455422447438706,599,His is separation anxiety is worse than his bite.
4060,36,0,0,23,23,1.0,0.044455422447438706,599,"From a discount rug store, why?"
4104,36,0,0,23,23,1.0,0.044455422447438706,599,Because I criticized Trump I have to wear this monitoring device; and feed it.
5061,36,0,0,23,23,1.0,0.044455422447438706,599,Donald is giving him to Mr Wolff.
5031,36,0,0,23,23,1.0,0.044455422447438706,599,House arrest isn't so bad.
4985,36,0,0,23,23,1.0,0.044455422447438706,599,"Sorry, man. You should have locked the cave."
4880,36,0,0,23,23,1.0,0.044455422447438706,599,He's needy when extinction is near
4878,36,0,0,23,23,1.0,0.044455422447438706,599,"Gernlurf, vacation's over. Time to me in school, right, Mom and Dad? I'll be home in summer."
4867,36,0,0,23,23,1.0,0.044455422447438706,599,"Hey, could you call security company, I think i'm going to be late again."
4859,36,0,0,23,23,1.0,0.044455422447438706,599,He's become attached since 23andme showed our close ancestral past.
4844,36,0,0,23,23,1.0,0.044455422447438706,599,Don’t mind him. The love-biting thing is just a passing phase for our little herbivore.
2283,36,0,0,23,23,1.0,0.044455422447438706,599,I wouldn't mind so much if I had the right outfit to wear with it.
4768,36,0,0,23,23,1.0,0.044455422447438706,599,Ever since he wondered in here we've been attached
4665,36,0,0,23,23,1.0,0.044455422447438706,599,"Don't just stand there, go get your clubs!!"
4640,36,0,0,23,23,1.0,0.044455422447438706,599,I have no choice but to report this to the caveowners association.
4495,36,0,0,23,23,1.0,0.044455422447438706,599,"Yeah, my mother says it's a parasite, but we're in love. We're getting married next week in Vegas."
4473,36,0,0,23,23,1.0,0.044455422447438706,599,"It couldn't let go of me, so I decided to bring it back."
4452,36,0,0,23,23,1.0,0.044455422447438706,599,It's my ankle bracelet for house arrest
4451,36,0,0,23,23,1.0,0.044455422447438706,599,His separation anxiety is getting out of hand!
4406,36,0,0,23,23,1.0,0.044455422447438706,599,It's such a primitive way to track my movements.
4344,36,0,0,23,23,1.0,0.044455422447438706,599,"Oh, Sorry.......Don't worry.....he gets hungry when he meets new people."
4676,36,0,0,23,23,1.0,0.044455422447438706,599,How did you guess he flunked obedience training?
5109,36,0,0,23,23,1.0,0.044455422447438706,599,They swore he'd stop teething soon!
2274,36,0,0,23,23,1.0,0.044455422447438706,599,"Don't mind him, he's just my paligator"
2105,36,0,0,23,23,1.0,0.044455422447438706,599,How do you like my new ankle accessory?
5362,36,0,0,22,22,1.0,0.046524210519923545,599,I'm going to need help with dinner.
5276,36,0,0,22,22,1.0,0.046524210519923545,599,He gets anxious with new dwellers.
5226,36,0,0,22,22,1.0,0.046524210519923545,599,Can you change his litter box?
5198,36,0,0,22,22,1.0,0.046524210519923545,599,"This ""freak"" wonts my leg . Any one have a quick ideal that will ""work."""
5134,36,0,0,22,22,1.0,0.046524210519923545,599,I get a better sleep with an ankle monitor
5122,36,0,0,22,22,1.0,0.046524210519923545,599,I thought you said your dog didn't bite. . . .
5039,36,0,0,22,22,1.0,0.046524210519923545,599,It came from the drained swamp and Obamacare won't cover the surgical removal.
5029,36,0,0,22,22,1.0,0.046524210519923545,599,The leash hasn't been invented yet.
4994,36,0,0,22,22,1.0,0.046524210519923545,599,"Our relationship needs to evolve, he is the primordial equivalent of a dog"
4854,36,0,0,22,22,1.0,0.046524210519923545,599,I told her you’d bring meat.
4718,36,0,0,22,22,1.0,0.046524210519923545,599,I thought we agreed to meet in Plato's alligator.
4636,36,0,0,22,22,1.0,0.046524210519923545,599,I can't come along. I am under house arrest.
4510,36,0,0,22,22,1.0,0.046524210519923545,599,He's jealous of the pterodactyl.
4465,36,0,0,22,22,1.0,0.046524210519923545,599,I’m seeing an orthopedic surgeon this afternoon.
4380,36,0,0,22,22,1.0,0.046524210519923545,599,He doesn't want to go to dino training.
4196,36,0,0,22,22,1.0,0.046524210519923545,599,Guess what? We're food.
4181,36,0,0,22,22,1.0,0.046524210519923545,599,I told you I am not an experienced child sitter.
5393,36,0,0,22,22,1.0,0.046524210519923545,599,I'm under house arrest for another week.
5405,36,0,0,22,22,1.0,0.046524210519923545,599,It's an ankle monitor. I'm a T-rex offender.
5557,36,0,0,22,22,1.0,0.046524210519923545,599,"It's Housewifery Rex, and he will never go extinct."
5573,36,0,0,22,22,1.0,0.046524210519923545,599,He's yours if you want him -- he attaches easily.
1986,36,0,0,23,23,1.0,0.044455422447438706,599,He's costing me an arm and a leg.
1923,36,0,0,23,23,1.0,0.044455422447438706,599,Rover-saurus does not like to be left alone!
1830,36,0,0,23,23,1.0,0.044455422447438706,599,"It is a new program, called ""cave arrest."""
1776,36,0,0,23,23,1.0,0.044455422447438706,599,It's an AlexAndAnisaur.
1540,36,0,0,23,23,1.0,0.044455422447438706,599,It's all the rage in Pangea.
1439,36,0,0,23,23,1.0,0.044455422447438706,599,"Ankle therapy, it’s new."
1323,36,0,0,23,23,1.0,0.044455422447438706,599,This house arrest is a drag.
840,36,0,0,23,23,1.0,0.044455422447438706,599,"Oh no, lol. Of course this is not a ankle monitor. If it were, you'd be the first I'd tell."
2199,36,0,0,23,23,1.0,0.044455422447438706,599,"He isn't fully housebroken, yet."
773,36,0,0,23,23,1.0,0.044455422447438706,599,I thought you said your dog does not bite.
476,36,0,0,23,23,1.0,0.044455422447438706,599,It is a problem - I can never leave him alone.
457,36,0,0,23,23,1.0,0.044455422447438706,599,We've been having disagreements about the rent.
400,36,0,0,23,23,1.0,0.044455422447438706,599,"It started as nagging knee pain, but it seems to be spreading"
392,36,0,0,23,23,1.0,0.044455422447438706,599,It started out as a rash.
389,36,0,0,23,23,1.0,0.044455422447438706,599,"'I guess he loves me."""
235,36,0,0,23,23,1.0,0.044455422447438706,599,Train him? His brain’s the size of a walnut.
97,36,0,0,23,23,1.0,0.044455422447438706,599,"No, I need a rescue."
44,36,0,0,23,23,1.0,0.044455422447438706,599,What's the price on this Yoga Ball??
650,36,0,0,23,23,1.0,0.044455422447438706,599,"Yes, it hurts. But according to Caesar, I’m supposed to be calm and assertive."
5244,36,0,0,23,23,1.0,0.044455422447438706,599,The previous owner doesn’t want to give it up.
5388,36,0,0,23,23,1.0,0.044455422447438706,599,Love bite.
5390,36,0,0,23,23,1.0,0.044455422447438706,599,I'm on cave arrest till the equinox.
4133,36,0,0,24,24,1.0,0.04256282653793743,599,I'd love to go out with you but I'm still under caver arrest.
4108,36,0,0,24,24,1.0,0.04256282653793743,599,Love bite.
4086,36,0,0,24,24,1.0,0.04256282653793743,599,The doctor said to if it still hurts in a couple weeks I should come back and he’ll get an x-ray.
4009,36,0,0,24,24,1.0,0.04256282653793743,599,Finn doesn't like it when friends come over.
3955,36,0,0,24,24,1.0,0.04256282653793743,599,"Turns out they come small as well, though you'd never know it from the two-eye media."
3856,36,0,0,24,24,1.0,0.04256282653793743,599,Try all you'd like to make me stay. I'm leaving you 2 fossils.
3828,36,0,0,24,24,1.0,0.04256282653793743,599,In another 80 million years it will make a great pet.
3767,36,0,0,24,24,1.0,0.04256282653793743,599,"He's learning ""No Bite!"""
3583,36,0,0,24,24,1.0,0.04256282653793743,599,"Why, how did you tear your Achilles?"
3563,36,0,0,24,24,1.0,0.04256282653793743,599,"I think your wife is taking that ""ball and chain"" remark from last week's dinner party too seriously, Jeff."
3422,36,0,0,24,24,1.0,0.04256282653793743,599,I was trying to drag her back by her hair and she bit me.
3336,36,0,0,24,24,1.0,0.04256282653793743,599,I guess I won't be playing bridge this afternoon unless you let him be our fourth.
3316,36,0,0,24,24,1.0,0.04256282653793743,599,"Don't worry, his bark is worse than his bite."
3223,36,0,0,24,24,1.0,0.04256282653793743,599,I knew this might happen. It's the dreaded legadillo...
3166,36,0,0,24,24,1.0,0.04256282653793743,599,He’ll let go at dawn.
3085,36,0,0,24,24,1.0,0.04256282653793743,599,He just gets a little nervous during meteor showers.
3032,36,0,0,24,24,1.0,0.04256282653793743,599,"It looks like your trap failed buddy, better luck next time!"
4448,36,0,0,24,24,1.0,0.04256282653793743,599,He disappointed Im back before sundown.
4479,36,0,0,24,24,1.0,0.04256282653793743,599,He'a dragoning me but won't let go!
4490,36,0,0,24,24,1.0,0.04256282653793743,599,I swear a rock killed him.
4521,36,0,0,24,24,1.0,0.04256282653793743,599,I think it's a painful case of right limb separation anxiety.
535,36,0,0,25,25,1.0,0.040824829046386304,599,I’m in cave confinement.
453,36,0,0,25,25,1.0,0.040824829046386304,599,"I""m not hungry, I already had a bite."
408,36,0,0,25,25,1.0,0.040824829046386304,599,Sorry I cannot come over. My little friend wants me to stay home
279,36,0,0,25,25,1.0,0.040824829046386304,599,"I thought the Chief would shun me, but I just got cave detention."
92,36,0,0,25,25,1.0,0.040824829046386304,599,Wait til you see him roll over!
54,36,0,0,25,25,1.0,0.040824829046386304,599,Because green is my favorite color.
32,36,0,0,25,25,1.0,0.040824829046386304,599,"Posture, my son, it's all about proper posture."
15,36,0,0,25,25,1.0,0.040824829046386304,599,"Hello, Sisyphus, thou Sissy-Face! So now, just roll this ball back on down, and keep on rolling!"
2971,36,0,0,24,24,1.0,0.04256282653793743,599,If he could bark it probably wouldn't be worse than his bite. Owww.
5334,36,0,0,24,24,1.0,0.04256282653793743,599,at least it's not a monkey on your back
5020,36,0,0,24,24,1.0,0.04256282653793743,599,"In the old days, we had to use a hand axe."
5009,36,0,0,24,24,1.0,0.04256282653793743,599,"Ok, I’m undocumented, but they’ve got to come up with a more lightweight ankle monitor."
4988,36,0,0,24,24,1.0,0.04256282653793743,599,I'd better say no for tonight--he's been acting out since I went back to work.
4983,36,0,0,24,24,1.0,0.04256282653793743,599,"Sorry guys, I’m still on house arrest for another two weeks."
4917,36,0,0,24,24,1.0,0.04256282653793743,599,I wish I'd heeded your warning -- she IS a man-eater. She's chewed me up. I just hope she'll spit me out.
4619,36,0,0,24,24,1.0,0.04256282653793743,599,A rescue hatchling. Quite rare since that last extinction event. Can you recommend a professional trainer?
4601,36,0,0,24,24,1.0,0.04256282653793743,599,"He's a bit clingy, but I feel wanted."
4565,36,0,0,24,24,1.0,0.04256282653793743,599,He's just a little saur at me right now.
5111,36,0,0,24,24,1.0,0.04256282653793743,599,I don't leave home without one.
2944,36,0,0,24,24,1.0,0.04256282653793743,599,can you please help me get this leg out of my mouth?
2929,36,0,0,24,24,1.0,0.04256282653793743,599,A perfect pet for us—fierce but knows when to stop.
2893,36,0,0,24,24,1.0,0.04256282653793743,599,"Find a pet somewhere else, I am all he has to hold onto"
1182,36,0,0,24,24,1.0,0.04256282653793743,599,This is Harvey who is very attached to me and needs comforting since none of his friends wants to be around him anymore.
1147,36,0,0,24,24,1.0,0.04256282653793743,599,He’s always had a leg up on us.
1050,36,0,0,24,24,1.0,0.04256282653793743,599,"Obama care had it's hold on us for years, now maybe we can move forward out of this cave."
1027,36,0,0,24,24,1.0,0.04256282653793743,599,Am I setting a bad precedent by keeping an animal around?
707,36,0,0,24,24,1.0,0.04256282653793743,599,"Since it was outside of the usual hunting hours, I can't put in for a Workers Comp claim."
586,36,0,0,24,24,1.0,0.04256282653793743,599,I'm letting him get used to trusting me.
519,36,0,0,24,24,1.0,0.04256282653793743,599,And they s
373,36,0,0,24,24,1.0,0.04256282653793743,599,"In our own ways, we both suffer from separation anxiety."
1190,36,0,0,24,24,1.0,0.04256282653793743,599,"... yada, yada, yada ..."
312,36,0,0,24,24,1.0,0.04256282653793743,599,I was just tickling him.
61,36,0,0,24,24,1.0,0.04256282653793743,599,"I must say, this yoga ball are by far the best invention."
33,36,0,0,24,24,1.0,0.04256282653793743,599,"Welcome, stranger. Linger and savor our organic retreat."
5531,36,0,0,23,23,1.0,0.044455422447438706,599,"When fecundity and mortality go wrong, this is what happens."
5475,36,0,0,23,23,1.0,0.044455422447438706,599,This is much better. We used to be attached at the hip.
5474,36,0,0,23,23,1.0,0.044455422447438706,599,"I know the Air BnB listing said ‘No Pets’, but really she’s a sweat heart."
5449,36,0,0,23,23,1.0,0.044455422447438706,599,The judge says I have to wear this ankle bracelet until the trial is over because I am a flight risk.
5418,36,0,0,23,23,1.0,0.044455422447438706,599,No worries. Hs bark is worse than his bite.
5402,36,0,0,23,23,1.0,0.044455422447438706,599,Bootisaurus...this cave has a strict policy. Can you lend me some clams to get this thing off me?
63,36,0,0,24,24,1.0,0.04256282653793743,599,I put it on eBay because we don’t go to the beach that often.
4149,36,0,0,22,22,1.0,0.046524210519923545,599,Don't bother setting an extra place. He says he's not hungry.
1193,36,0,0,24,24,1.0,0.04256282653793743,599,"Since we have not invented shoes yet, he decided a bit of leg chewing was in order."
1219,36,0,0,24,24,1.0,0.04256282653793743,599,...but we agree on what temperature to keep the cave.
2767,36,0,0,24,24,1.0,0.04256282653793743,599,Don't you know striped animals? They hurt me.
2707,36,0,0,24,24,1.0,0.04256282653793743,599,Made in the USA Shoe Manufacturing is rough out here these days.
2654,36,0,0,24,24,1.0,0.04256282653793743,599,"Steg, had a bone to pick about guard duty."
2564,36,0,0,24,24,1.0,0.04256282653793743,599,We've grown attached.
2534,36,0,0,24,24,1.0,0.04256282653793743,599,"He may be an ankle-biter, but he's MY ankle-biter."
2470,36,0,0,24,24,1.0,0.04256282653793743,599,"His kind lived during the Mesozoic era, not the Stone Age. ""I must be dreaming"", I told him. ""Pinch me""."
2428,36,0,0,24,24,1.0,0.04256282653793743,599,It’s the latest innovation in hair removal.
2385,36,0,0,24,24,1.0,0.04256282653793743,599,He holds me back.
1198,36,0,0,24,24,1.0,0.04256282653793743,599,We stay home on vacations.
2281,36,0,0,24,24,1.0,0.04256282653793743,599,Wow. Nice ankyloset.
1989,36,0,0,24,24,1.0,0.04256282653793743,599,this is just temporary until the steel prison bars are ready.
1984,36,0,0,24,24,1.0,0.04256282653793743,599,The house arrest bracelet comes off as soon as I agree to stop questioning authority.
1939,36,0,0,24,24,1.0,0.04256282653793743,599,I get it off when I pay my jaywalker's fines.
1808,36,0,0,24,24,1.0,0.04256282653793743,599,"Sure, you did fire and you did the wheel. I just invented acupuncture."
1720,36,0,0,24,24,1.0,0.04256282653793743,599,It's called house arrest. He let's go in a month if I don't drink.
1702,36,0,0,24,24,1.0,0.04256282653793743,599,When Sylvia left him I told him should get a dog
1699,36,0,0,24,24,1.0,0.04256282653793743,599,"I'd like to kill it, but it's an endangered species."
1679,36,0,0,24,24,1.0,0.04256282653793743,599,Separation anxiety. Know any good Dino-trainers?
2111,36,0,0,24,24,1.0,0.04256282653793743,599,He has an attachment disorder.
4143,36,0,0,22,22,1.0,0.046524210519923545,599,"Sounds fun guys, but the judge is keeping me on house arrest for another two weeks."
4139,36,0,0,22,22,1.0,0.046524210519923545,599,My doctor thinks leeches are just a fad.
4114,36,0,0,22,22,1.0,0.046524210519923545,599,This is my new ankle monitor.
3447,36,0,0,21,21,1.0,0.048795003647426664,599,Can I keep him? He followed me home and for some reason I dont want to eat him.
3276,36,0,0,21,21,1.0,0.048795003647426664,599,I do this when I can't get to Barre class.
3203,36,0,0,21,21,1.0,0.048795003647426664,599,It’s an Ankylosaurus monitor.
3142,36,0,0,21,21,1.0,0.048795003647426664,599,"Pretty, pretty, pretty ugly"
3015,36,0,0,21,21,1.0,0.048795003647426664,599,"You know, there are always some little things to put up with when you move into a new cave."
3010,36,0,0,21,21,1.0,0.048795003647426664,599,"I'll take care of him, Mom, I promise."
2934,36,0,0,21,21,1.0,0.048795003647426664,599,"Herdy, what the fu— You wouldn’t understand."
2880,36,0,0,21,21,1.0,0.048795003647426664,599,He's very clingy and affectionate.
2879,36,0,0,21,21,1.0,0.048795003647426664,599,It's a new weight loss thing.
2593,36,0,0,21,21,1.0,0.048795003647426664,599,Sometimes it's just the price you pay for being a committed relationship.
2589,36,0,0,21,21,1.0,0.048795003647426664,599,I'm still under cave-arrest.
2540,36,0,0,21,21,1.0,0.048795003647426664,599,"Honestly, it doesn’t look that bad."
2488,36,0,0,21,21,1.0,0.048795003647426664,599,"He wasn’t drawn on the walls, so I thought I’d bring him back for a closer look."
2481,36,0,0,21,21,1.0,0.048795003647426664,599,Dinner will be a little late.
2429,36,0,0,21,21,1.0,0.048795003647426664,599,"It's bad enough that his jaws are locked on my ankle, but what if he has tetanus!!"
2196,36,0,0,21,21,1.0,0.048795003647426664,599,"Not fetch,....Fletch."
2095,36,0,0,21,21,1.0,0.048795003647426664,599,"Apparently, the Judge said I have to wear this ankle monitor."
3545,36,0,0,21,21,1.0,0.048795003647426664,599,I just got an idea for a new line of leather hats and the material is free.
3619,36,0,0,21,21,1.0,0.048795003647426664,599,"I've had possessive pets in the past, but this is ridiculous."
3664,36,0,0,21,21,1.0,0.048795003647426664,599,I’m calling it Footware.
3717,36,0,0,21,21,1.0,0.048795003647426664,599,It’s he latest thing in house arrest.
5359,36,0,0,21,21,1.0,0.048795003647426664,599,"No worry, it's just the way they're taught to floss."
5313,36,0,0,21,21,1.0,0.048795003647426664,599,Spikey’s training to be a carnivore.
5259,36,0,0,21,21,1.0,0.048795003647426664,599,"The doctor is experimenting with smaller aquatic bloodletting creatures as well, but for now he’s only prescribing what he knows will work."
5189,36,0,0,21,21,1.0,0.048795003647426664,599,It seems like a technology we might want to copy!
5177,36,0,0,21,21,1.0,0.048795003647426664,599,They told me that they just use a specially trained officer to monitor my activities.
4858,36,0,0,21,21,1.0,0.048795003647426664,599,I didn’t say he was a perfect pet.
4857,36,0,0,21,21,1.0,0.048795003647426664,599,At least this breed is dying out.
4855,36,0,0,21,21,1.0,0.048795003647426664,599,Only losers try to domesticate wolves.
1913,36,0,0,21,21,1.0,0.048795003647426664,599,He's a funny little guy. Always pulling my leg.
4803,36,0,0,21,21,1.0,0.048795003647426664,599,It’s supposed to be great for getting rid of cankles.
4683,36,0,0,21,21,1.0,0.048795003647426664,599,Shake a leg!
4301,36,0,0,21,21,1.0,0.048795003647426664,599,ANYONE CAN SEE THAT MY WOLFF IS BIGGER THAN YOUR WOLF.
4097,36,0,0,21,21,1.0,0.048795003647426664,599,"I won't be able to join for dinner, unfortunately."
4069,36,0,0,21,21,1.0,0.048795003647426664,599,Can't leave the cave because of the ankle monitor.
4052,36,0,0,21,21,1.0,0.048795003647426664,599,A well behaved pet is a comfort.
4048,36,0,0,21,21,1.0,0.048795003647426664,599,He gets nervous around people he doesn't know.
4010,36,0,0,21,21,1.0,0.048795003647426664,599,"Welcome, my Legmadillo just loves visitors."
3910,36,0,0,21,21,1.0,0.048795003647426664,599,"Being under ""cave arrest"" really BITES, dude!"
4793,36,0,0,21,21,1.0,0.048795003647426664,599,I’m a chewy.
1888,36,0,0,21,21,1.0,0.048795003647426664,599,"I'd really love to go but...house arrest, you know?"
1860,36,0,0,21,21,1.0,0.048795003647426664,599,Thank God I didn’t train him to go for the throat.
1691,36,0,0,21,21,1.0,0.048795003647426664,599,No big deal. I have to wear it on my ankle while I'm under house arrest.
29,36,0,0,21,21,1.0,0.048795003647426664,599,I keep my word balloon empty.
0,36,0,0,21,21,1.0,0.048795003647426664,599,Lotus Shmotus
5247,36,0,0,27,27,1.0,0.03774256780481986,599,It's called an Arealasourus
2021,36,0,0,27,27,1.0,0.03774256780481986,599,Of course it qualifies as an Emotional Support Animal.
5510,36,0,0,20,20,1.0,0.051298917604257706,599,"Glad you’re here to photograph the next cover of my magazine, “making the most of small dark spaces”. Hope you don’t mind I’m still under cave arrest."
4974,36,0,0,20,20,1.0,0.051298917604257706,599,It's just a stage.
4932,36,0,0,20,20,1.0,0.051298917604257706,599,"It's taken a while, but I think he's getting attached to me."
4780,36,0,0,20,20,1.0,0.051298917604257706,599,"Cave man's best friend! Isn't that what you said, Mom and Dad?"
45,36,0,0,21,21,1.0,0.048795003647426664,599,Your hike has satisfied the commandment.
4368,36,0,0,20,20,1.0,0.051298917604257706,599,"....and then Fred says to me ""I did say Dino doesn't bite. That's not Dino!"""
4257,36,0,0,20,20,1.0,0.051298917604257706,599,"Mom, dad, are flush toilets invented yet?"
4177,36,0,0,20,20,1.0,0.051298917604257706,599,It's a cave arrest glonktite.
4037,36,0,0,20,20,1.0,0.051298917604257706,599,...the Demerol will kick in before we board.
3444,36,0,0,20,20,1.0,0.051298917604257706,599,See. My security system does work.
3433,36,0,0,20,20,1.0,0.051298917604257706,599,We don't really get out much but have plans tonight.
3395,36,0,0,20,20,1.0,0.051298917604257706,599,"You know, I think he likes me"
3264,36,0,0,20,20,1.0,0.051298917604257706,599,"Yes, just now I'm in a pickle, but very soon it'll be in a stew."
2992,36,0,0,20,20,1.0,0.051298917604257706,599,Think of him as a humane and lively leg trap.
4296,36,0,0,20,20,1.0,0.051298917604257706,599,"Um. Fred, that isn't what we meant by get a ""live trap."""
5397,36,0,0,21,21,1.0,0.048795003647426664,599,"I called pest control, but they said the asteroid should take care of this problem."
158,36,0,0,21,21,1.0,0.048795003647426664,599,"He's very clingy, and has separation anxiety."
167,36,0,0,21,21,1.0,0.048795003647426664,599,Cave living...who knew?
1689,36,0,0,21,21,1.0,0.048795003647426664,599,I was probably going to die of rabies anyway.
1683,36,0,0,21,21,1.0,0.048795003647426664,599,It's his way of telling me he's hungry.
1650,36,0,0,21,21,1.0,0.048795003647426664,599,The pet store just had Hilary or Donald.
1625,36,0,0,21,21,1.0,0.048795003647426664,599,My doctor thinks it's gout. All I know is my foot's been dragon.
1537,36,0,0,21,21,1.0,0.048795003647426664,599,"Sorry, can't go. As you can see I'm encumbered by the housearrestosaurus."
1155,36,0,0,21,21,1.0,0.048795003647426664,599,It won't let be get a leg up on civilization.
1065,36,0,0,21,21,1.0,0.048795003647426664,599,"I don’t know much about art, but I know what I like."
1055,36,0,0,21,21,1.0,0.048795003647426664,599,OUCH! My alligator shoes don't hurt THIS much!
162,36,0,0,21,21,1.0,0.048795003647426664,599,The vet said he has separation anxiety.
1010,36,0,0,21,21,1.0,0.048795003647426664,599,Those calcium pills are really working - I don't feel a thing!
905,36,0,0,21,21,1.0,0.048795003647426664,599,"Chew toys haven't been invented yet, so I'm filling in."
894,36,0,0,21,21,1.0,0.048795003647426664,599,I let him in out of the cold and then he became attached to me.
671,36,0,0,21,21,1.0,0.048795003647426664,599,"I told him to beg, but he gets the 'b' and the 'l' confused."
599,36,0,0,21,21,1.0,0.048795003647426664,599,"No, I think it's the platysaurus that has the poisonous saliva."
500,36,0,0,21,21,1.0,0.048795003647426664,599,I came up with a new phrase: “Bad Dog!”
462,36,0,0,21,21,1.0,0.048795003647426664,599,The best option is a jaw relaxant.
303,36,0,0,21,21,1.0,0.048795003647426664,599,He can wag his tail too!
248,36,0,0,21,21,1.0,0.048795003647426664,599,It's not as painful as when that monkey was on my *back*
962,36,0,0,21,21,1.0,0.048795003647426664,599,Did you bring an air pump?
666,36,0,0,25,25,1.0,0.040824829046386304,599,Does your caveowner's liability policy cover pet bites?
5499,36,0,0,21,21,1.0,0.048795003647426664,599,"I know, but dogs aren't invented yet."
51,36,0,0,22,22,1.0,0.046524210519923545,599,"Actually, here, it's a green-ball-shaped parasitic worm AND my best friend."
3396,36,0,0,22,22,1.0,0.046524210519923545,599,I was teaching him to stay.
3390,36,0,0,22,22,1.0,0.046524210519923545,599,This is what my husband gave me when I asked for dinosaur skin boots
3234,36,0,0,22,22,1.0,0.046524210519923545,599,"Thank goodness he loses his baby teeth in a few days, I can't feel my toes...."
3179,36,0,0,22,22,1.0,0.046524210519923545,599,His training is not complete yet. He's supposed to protect the cave from strangers.
3154,36,0,0,22,22,1.0,0.046524210519923545,599,I'm under house arrest because the judge thinks I'm a flight risk.
3140,36,0,0,22,22,1.0,0.046524210519923545,599,Thank God my lawyer's a real T-Rex.
3096,36,0,0,22,22,1.0,0.046524210519923545,599,"Can I keep him?! Can I keep him?! Please, pleaee, please!"
3087,36,0,0,22,22,1.0,0.046524210519923545,599,I know they don't allow pets but he's hard to let go.
3067,36,0,0,22,22,1.0,0.046524210519923545,599,All he eats is chicken.
3057,36,0,0,22,22,1.0,0.046524210519923545,599,"This isn't so bad. When he sleepwalks, that's the problem."
3034,36,0,0,22,22,1.0,0.046524210519923545,599,"No prison time, but I did get 6 months home confinement and have to wear this ankle bracelet."
3006,36,0,0,22,22,1.0,0.046524210519923545,599,I’m kinda over the locavore thing. Apparently he isn’t.
2909,36,0,0,22,22,1.0,0.046524210519923545,599,"Whatever you do, don't look at him. We're working with Caesar Milan."
2866,36,0,0,22,22,1.0,0.046524210519923545,599,It's the latest Pandora anklet.
2800,36,0,0,22,22,1.0,0.046524210519923545,599,He thinks I'm his Momma
2736,36,0,0,22,22,1.0,0.046524210519923545,599,It's my new Ankylosaurus bracelet.
2521,36,0,0,22,22,1.0,0.046524210519923545,599,I can build a better mouse trap.
3398,36,0,0,22,22,1.0,0.046524210519923545,599,Man's first eviction notice.
3415,36,0,0,22,22,1.0,0.046524210519923545,599,Monitoring bracelet’s beginnings
3441,36,0,0,22,22,1.0,0.046524210519923545,599,Fluffy wants to go walkies.
3452,36,0,0,22,22,1.0,0.046524210519923545,599,Don't keep him as an 'indoor pet'.
4089,36,0,0,22,22,1.0,0.046524210519923545,599,I'm calling it a purse for now.
4067,36,0,0,22,22,1.0,0.046524210519923545,599,"You know I’d love to go, but tribal council has me under house arrest."
4058,36,0,0,22,22,1.0,0.046524210519923545,599,It was house arrest for 30 days or work cleanup in the Mastodon quarry for a week.
3988,36,0,0,22,22,1.0,0.046524210519923545,599,Some might say he gets very attached.
3889,36,0,0,22,22,1.0,0.046524210519923545,599,I’ve been placed on house arrest . . . A mammoth mistake . . .
3754,36,0,0,22,22,1.0,0.046524210519923545,599,"To be honest, I thought cave arrest would be a lot easier."
3742,36,0,0,22,22,1.0,0.046524210519923545,599,He can’t find his chew toy
3726,36,0,0,22,22,1.0,0.046524210519923545,599,"Only six months of home confinement, -which is way better than the public stoning I was facing."
2497,36,0,0,22,22,1.0,0.046524210519923545,599,He's in the teething stage.
3719,36,0,0,22,22,1.0,0.046524210519923545,599,He isn’t cave broken yet.
3659,36,0,0,22,22,1.0,0.046524210519923545,599,I've come up with another word for leg: bait.
3653,36,0,0,22,22,1.0,0.046524210519923545,599,The pet store insisted he was a plant eater.
3574,36,0,0,22,22,1.0,0.046524210519923545,599,He has separation issues
3543,36,0,0,22,22,1.0,0.046524210519923545,599,I thought we had agreed to ban leg hold traps?
3535,36,0,0,22,22,1.0,0.046524210519923545,599,"I named him Al, short for Albatross."
3505,36,0,0,22,22,1.0,0.046524210519923545,599,I think it's called Foot In Mammoth Disease.
3500,36,0,0,22,22,1.0,0.046524210519923545,599,There was a recall on the electronic ankle bracelets.
3470,36,0,0,22,22,1.0,0.046524210519923545,599,I feel her pain.
3662,36,0,0,22,22,1.0,0.046524210519923545,599,"I didn't intend to skip the school today. See, Danny didn't want me to go to school."
2328,36,0,0,22,22,1.0,0.046524210519923545,599,I've got a meat grinder malfunction.
2325,36,0,0,22,22,1.0,0.046524210519923545,599,The Flintstones reboot proved more challenging than anyone had anticipated.
2304,36,0,0,22,22,1.0,0.046524210519923545,599,It's my new ankle monitor. Ships directly from North Korea. Got it in 2 days with my Prime membership.
1208,36,0,0,22,22,1.0,0.046524210519923545,599,He followed me home. C'n I keep him? Please?
1071,36,0,0,22,22,1.0,0.046524210519923545,599,His bite IS worse than his hiss.
984,36,0,0,22,22,1.0,0.046524210519923545,599,"Actually, his bite is much worse."
966,36,0,0,22,22,1.0,0.046524210519923545,599,"It’s called Exfoliative, want to give it a go?"
951,36,0,0,22,22,1.0,0.046524210519923545,599,I hear you're the guy to see for gigantic martinis?
853,36,0,0,22,22,1.0,0.046524210519923545,599,My leg is absolutely killing me today.
818,36,0,0,22,22,1.0,0.046524210519923545,599,It's hard to say who rescued who!
751,36,0,0,22,22,1.0,0.046524210519923545,599,"They let me out, but I have to wear a tether."
1260,36,0,0,22,22,1.0,0.046524210519923545,599,"Born before the invention of pants, Ogg quickly got tired of people asking about his ankle monitor."
746,36,0,0,22,22,1.0,0.046524210519923545,599,I've been taming the beast. I think he's starting to get a grasp of the situation.
679,36,0,0,22,22,1.0,0.046524210519923545,599,"Well, this won’t feel good in the morning."
635,36,0,0,22,22,1.0,0.046524210519923545,599,"Not to worry. He’ll be extinct in 10,000 years."
560,36,0,0,22,22,1.0,0.046524210519923545,599,"And so was born the expression, ""It cost me an arm and Cromark's left ankle."""
331,36,0,0,22,22,1.0,0.046524210519923545,599,I hope this evolves into humping my leg.
317,36,0,0,22,22,1.0,0.046524210519923545,599,Me forgot pet poop bag.
181,36,0,0,22,22,1.0,0.046524210519923545,599,"Doctor Stone, your always dragging your work home with you."
102,36,0,0,22,22,1.0,0.046524210519923545,599,I'm on house arrest.
70,36,0,0,22,22,1.0,0.046524210519923545,599,Probably going to have to return him to the Shelter.
712,36,0,0,22,22,1.0,0.046524210519923545,599,I told her I would be right back.
37,36,0,0,22,22,1.0,0.046524210519923545,599,"I tried to tell my previous roommate that it's a chair, not a toy. He didn't listen."
1277,36,0,0,22,22,1.0,0.046524210519923545,599,I'm on probation until my monitor gets hungry and then I'll probably get life.
1307,36,0,0,22,22,1.0,0.046524210519923545,599,"Until leashes are invented, this will have to do."
2301,36,0,0,22,22,1.0,0.046524210519923545,599,"Each time Fetch try to leave, Spike bring Fetch back."
2266,36,0,0,22,22,1.0,0.046524210519923545,599,I asked if he bites; not bites off.
2252,36,0,0,22,22,1.0,0.046524210519923545,599,"We're inseparable,"
2250,36,0,0,22,22,1.0,0.046524210519923545,599,House arrest bites.
2169,36,0,0,22,22,1.0,0.046524210519923545,599,I know. It's worse than an unfunny cartoon.
2120,36,0,0,22,22,1.0,0.046524210519923545,599,He hates to be left home alone
2069,36,0,0,22,22,1.0,0.046524210519923545,599,"I call it a ""pet."" But I wish it was friendlier."
2060,36,0,0,22,22,1.0,0.046524210519923545,599,And I thought I'd have a grip on the situation!
1298,36,0,0,22,22,1.0,0.046524210519923545,599,Google doesn't tell how to get rid of this kind of boot.
2041,36,0,0,22,22,1.0,0.046524210519923545,599,"Her cave profile just said, 'Are you tired of the old ball and chain?'"
1857,36,0,0,22,22,1.0,0.046524210519923545,599,"He thinks I'm using too much red ochre in ""Still Life Wooly With Mammoth"""
1842,36,0,0,22,22,1.0,0.046524210519923545,599,It's cuffing season.
1827,36,0,0,22,22,1.0,0.046524210519923545,599,"No risk of flight, so just house arrest."
1713,36,0,0,22,22,1.0,0.046524210519923545,599,The latest fashion in ankle monitors makes a striking statement.
1704,36,0,0,22,22,1.0,0.046524210519923545,599,It's only until the court sentences me.
1629,36,0,0,22,22,1.0,0.046524210519923545,599,"Hey, have you met the starving artist and his friend net neutrality?"
1551,36,0,0,22,22,1.0,0.046524210519923545,599,"Child? No, I said ankle biter."
1324,36,0,0,22,22,1.0,0.046524210519923545,599,"Yeah, the home security system seems to be working out pretty well. Some false alarms."
1994,36,0,0,22,22,1.0,0.046524210519923545,599,"I forgot the access code, again!"
2378,36,0,0,34,34,1.0,0.029854071701326604,599,I've grown attached to him.
924,36,0,0,34,34,1.0,0.029854071701326604,599,"I'm on house arrest—if I leave, my foot doesn't."
2202,36,0,0,34,34,1.0,0.029854071701326604,599,I have to wear it because nobody's invented the ankle monitor yet.
485,36,0,0,74,74,1.0,0.013605756997417963,599,He lets go when I'm no longer under house arrest.
3460,36,0,0,53,53,1.0,0.019048482943986485,599,They make great pets but this one is too attached to me.
660,36,0,0,53,53,1.0,0.019048482943986485,599,"If I tamper with this ankle monitor, it cuts ME off."
5131,36,0,0,69,69,1.0,0.014598929061844594,599,That's why he's called an Ankylosaurus.
385,36,0,0,69,69,1.0,0.014598929061844594,599,"Don't worry, I just called Dinosaur Control."
4144,36,0,0,85,85,1.0,0.011834526708278772,599,"Not only did he cost me an armadillo and a leg, he also has a fowl mouth."
3789,36,0,0,85,85,1.0,0.011834526708278772,599,"I didn’t get time, just cave arrest."
3426,36,0,0,85,85,1.0,0.011834526708278772,599,"Hey may be a bit rough now, but the next evolution will be domesticated."
2302,36,0,0,85,85,1.0,0.011834526708278772,599,I'm going to wait till it becomes extinct.
278,36,0,0,85,85,1.0,0.011834526708278772,599,This may not be the best species for domestication.
5450,36,0,0,80,80,1.0,0.01257886513566569,599,We're working through his separation anxiety.
4708,36,0,0,80,80,1.0,0.01257886513566569,599,"Sorry, I can't go. I'm under house arrest."
4080,36,0,0,80,80,1.0,0.01257886513566569,599,"I know you don’t understand, but I feel so trapped."
3964,36,0,0,80,80,1.0,0.01257886513566569,599,Every shirt comes with one of these.
3914,36,0,0,80,80,1.0,0.01257886513566569,599,"I wanted a pair of crocs, but I could only find the one."
3911,36,0,0,80,80,1.0,0.01257886513566569,599,They say they will be more manageable once they evolve into dogs.
3790,36,0,0,80,80,1.0,0.01257886513566569,599,My therapist calls it an attachment disorder.
850,36,0,0,74,74,1.0,0.013605756997417963,599,He's my court-ordered ankle monitor
1302,36,0,0,74,74,1.0,0.013605756997417963,599,"As a matter of fact, yes, I am in favor of parole overhaul."
1404,36,0,0,74,74,1.0,0.013605756997417963,599,It was love at first bite.
4921,36,0,0,74,74,1.0,0.013605756997417963,599,"Sorry, my ankle monitor will bite if I leave the cave."
3773,36,0,0,79,79,1.0,0.012739111916124871,599,"He's a rescue, his last three owners just disappeared."
3595,36,0,0,79,79,1.0,0.012739111916124871,599,He’s my emotional support animal
2731,36,0,0,79,79,1.0,0.012739111916124871,599,It was this or 200 hours of community service.
2651,36,0,0,79,79,1.0,0.012739111916124871,599,That's why the rent is so low.
2547,36,0,0,79,79,1.0,0.012739111916124871,599,Baby dinosaurs are so needy.
2501,36,0,0,79,79,1.0,0.012739111916124871,599,Oy - you think you’ve got saurus?
2466,36,0,0,79,79,1.0,0.012739111916124871,599,"No clubs for me tonight, I'm still on cave arrest."
2030,36,0,0,79,79,1.0,0.012739111916124871,599,"Hey, if you like this lizard skin shoe, wait 'til you see the one I get for the other foot!"
3657,36,0,0,64,64,1.0,0.015748519708717802,599,It's an ankle brachiosaurus. I'll have to wear it until my hearing.
1554,36,0,0,79,79,1.0,0.012739111916124871,599,We've become quite attached.
1097,36,0,0,79,79,1.0,0.012739111916124871,599,He's my support stegosaurus.
372,36,0,0,79,79,1.0,0.012739111916124871,599,"I was scared at first, but turns out he was pulling my leg"
2803,36,0,0,58,58,1.0,0.017391961901349125,599,Know a guy called Leash? He says he has an invention I might like.
4573,36,0,0,95,95,1.0,0.010582158705422128,599,I was deemed a low flight risk so they just put me on cave arrest.
5540,36,0,0,74,74,1.0,0.013605756997417963,599,"They gave me house arrest, it could have been worse."
5372,36,0,0,74,74,1.0,0.013605756997417963,599,I got cave arrest with an ankle monitor
5212,36,0,0,74,74,1.0,0.013605756997417963,599,She's a rescue. I told you not to make direct eye contact.
4960,36,0,0,74,74,1.0,0.013605756997417963,599,I’m a very stable genius.
1297,36,0,0,79,79,1.0,0.012739111916124871,599,I have to wear this ankle monitor until I’m off parole.
4403,36,0,0,79,79,1.0,0.012739111916124871,599,It's a nice place but the security system could use some tweaking.
2994,36,0,0,80,80,1.0,0.01257886513566569,599,I have to pay a few outstanding parking tickets.
2895,36,0,0,80,80,1.0,0.01257886513566569,599,This is the last time we take in a rescue.
5049,36,0,0,81,81,1.0,0.012422599874998832,599,It only hurts if I walk.
5037,36,0,0,81,81,1.0,0.012422599874998832,599,It's only teething.
2823,36,0,0,81,81,1.0,0.012422599874998832,599,Sorry I can't go out hunting and gathering. I'm under cave arrest.
2710,36,0,0,81,81,1.0,0.012422599874998832,599,Poor little guy is still teething
1693,36,0,0,81,81,1.0,0.012422599874998832,599,Don't paint this on the walls. Please.
1274,36,0,0,81,81,1.0,0.012422599874998832,599,It might have been a mistake to use a bone when I tought him to play fetch.
1224,36,0,0,81,81,1.0,0.012422599874998832,599,What do you mean you lost the access code?
1184,36,0,0,81,81,1.0,0.012422599874998832,599,I'm not allowed to leave the cave until the trial.
1052,36,0,0,81,81,1.0,0.012422599874998832,599,The worst part of cave arrest is that the ankle bracelet tends to drool.
934,36,0,0,81,81,1.0,0.012422599874998832,599,I always wanted a pair of crocodile shoes.
888,36,0,0,81,81,1.0,0.012422599874998832,599,Can I keep him Ma?
868,36,0,0,81,81,1.0,0.012422599874998832,599,The anxiety medication is working....you should have seen him a few weeks ago.
2490,36,0,0,38,38,1.0,0.02666903735313325,599,He is just suppose to move around the cave and clean the floor.
2653,36,0,0,87,87,1.0,0.01156088678177274,599,You put your right foot in Then take your right foot out  Put your right foot in Then you shake it all about You do the hokey pokey And you turn yourself around That's what it's all about
5171,36,0,0,82,82,1.0,0.012270169563871839,599,It was cute when he was little.
4101,36,0,0,82,82,1.0,0.012270169563871839,599,He's got separation anxiety.
3896,36,0,0,82,82,1.0,0.012270169563871839,599,He has a serious attachment disorder.
3356,36,0,0,70,70,1.0,0.014388861576723854,599,Cave arrest. That's what they called it.
791,36,0,0,86,86,1.0,0.011696106429438607,599,Parking Enforcement said I can get him remove if I pay all of my outstanding fines.
1047,36,0,0,86,86,1.0,0.011696106429438607,599,My probation officer says it’s only for 30 days.
2787,36,0,0,86,86,1.0,0.011696106429438607,599,If I had two eyes I would have seen this coming.
2723,36,0,0,80,80,1.0,0.01257886513566569,599,"We take ""heel"" very seriously."
1963,36,0,0,80,80,1.0,0.01257886513566569,599,We should have domesticated dogs.
918,36,0,0,80,80,1.0,0.01257886513566569,599,It's a Legosaurus.
683,36,0,0,80,80,1.0,0.01257886513566569,599,"Now that you ask, I could use a sharp pointy stick and a good recipe."
674,36,0,0,80,80,1.0,0.01257886513566569,599,"Just for a year, it was part of the plea deal."
386,36,0,0,91,91,1.0,0.011049892402196598,599,I wanted to adopt a pit bull; Mary insisted on an ankylosaurus.
4834,36,0,0,75,75,1.0,0.013423121104280487,599,I'm the submissive.
4135,36,0,0,75,75,1.0,0.013423121104280487,599,He's never done that before.
2966,36,0,0,80,80,1.0,0.01257886513566569,599,I think I’ll call him spot.
4116,36,0,0,75,75,1.0,0.013423121104280487,599,Oh that? I am under house arrest.
3364,36,0,0,75,75,1.0,0.013423121104280487,599,Oh...just trying to drain the swamp.
1901,36,0,0,75,75,1.0,0.013423121104280487,599,I don't think this is my cave.
1042,36,0,0,75,75,1.0,0.013423121104280487,599,Thank god it’s a vegetarian!
1021,36,0,0,75,75,1.0,0.013423121104280487,599,Does this count as unwanted attention?
547,36,0,0,75,75,1.0,0.013423121104280487,599,"In a million years, he'll be man's best friend."
418,36,0,0,75,75,1.0,0.013423121104280487,599,You get used to it.
234,36,0,0,75,75,1.0,0.013423121104280487,599,He keeps me grounded.
2967,36,0,0,86,86,1.0,0.011696106429438607,599,I stole a wheel. They claim I'm a flight risk.
3649,36,0,0,75,75,1.0,0.013423121104280487,599,My doctor wrote a note so she's a therapy animal.
4650,36,0,0,79,79,1.0,0.012739111916124871,599,"Don't worry, he's friendly."
5356,36,0,0,79,79,1.0,0.012739111916124871,599,The breeder swore he was vegan.
5415,36,0,0,79,79,1.0,0.012739111916124871,599,He's attached.
1259,36,0,0,76,76,1.0,0.013245323570650438,599,Luckily he likes to follow me everywhere.
664,36,0,0,76,76,1.0,0.013245323570650438,599,He has abandonment issues.
3290,36,0,0,71,71,1.0,0.01418475390906605,599,"Don't worry, it's just a love bite."
5398,36,0,0,46,46,1.0,0.021979349113192898,599,The trick is to just ignore him
3384,36,0,0,82,82,1.0,0.012270169563871839,599,"They don't shed and they are not aggressive, maybe slightly territorial but not aggressive."
3324,36,0,0,82,82,1.0,0.012270169563871839,599,Does this make me look guilty?
1046,36,0,0,82,82,1.0,0.012270169563871839,599,I’m on cave arrest until the first of the month.
5063,36,0,0,77,77,1.0,0.013072174640400053,599,Now I know how Paul Manafort feels.
4972,36,0,0,77,77,1.0,0.013072174640400053,599,The Vet says it’s her way of coping with extinction.
4658,36,0,0,77,77,1.0,0.013072174640400053,599,"If you’re the prying neighbors, please start prying."
4158,36,0,0,77,77,1.0,0.013072174640400053,599,We should really invent the dog.
3976,36,0,0,77,77,1.0,0.013072174640400053,599,"The home detention isn't bad, but the ankle monitor is killing me."
3961,36,0,0,77,77,1.0,0.013072174640400053,599,"I found your dog, if my lawyer was not in prison you would be hearing from him."
3778,36,0,0,77,77,1.0,0.013072174640400053,599,It appears that I maybe on my last leg.
3413,36,0,0,77,77,1.0,0.013072174640400053,599,I’m going to need a Cro-Magnon bar to get this guy off of me.
2854,36,0,0,77,77,1.0,0.013072174640400053,599,"I should have read the add more closely. All I saw was ""cheap reptile footwear""."
2491,36,0,0,77,77,1.0,0.013072174640400053,599,Its a monitor lizard. I have to wear it for a year.
1420,36,0,0,76,76,1.0,0.013245323570650438,599,It’s my own fault. They said at the shelter that he was an ankle biter.
1904,36,0,0,76,76,1.0,0.013245323570650438,599,"Please remind the homeowners association that federal laws allow persons with certain special needs to keep a comfort animal in a condominium despite a ""no pets"" provision."
1962,36,0,0,76,76,1.0,0.013245323570650438,599,He just wants to play.
2740,36,0,0,76,76,1.0,0.013245323570650438,599,He just can't get enough of me.
3524,36,0,0,75,75,1.0,0.013423121104280487,599,"She's nice, but a little clingy."
3368,36,0,0,75,75,1.0,0.013423121104280487,599,"I said we should get a hamster, but you two just had to have a stegosaurus..."
3162,36,0,0,75,75,1.0,0.013423121104280487,599,"The ankle bracelet is annoying, but it's better than jail."
2474,36,0,0,75,75,1.0,0.013423121104280487,599,I'm afraid I can't join you. I'm presently under cave arrest.
1437,36,0,0,75,75,1.0,0.013423121104280487,599,I have to wear it the whole time I'm on house arrest.
1254,36,0,0,75,75,1.0,0.013423121104280487,599,"Sorry, can't go. I'm under cave arrest."
113,36,0,0,75,75,1.0,0.013423121104280487,599,House arrest is tolerable but the ankle bracelet is a little tight.
4397,36,0,0,81,81,1.0,0.012422599874998832,599,I think it is just a reaction to the new vegan diet we are trying.
2344,36,0,0,77,77,1.0,0.013072174640400053,599,It feels like he has been hanging around since the dawn of time.
3732,36,0,0,81,81,1.0,0.012422599874998832,599,I like to tell people that he rescued me.
1508,36,0,0,81,81,1.0,0.012422599874998832,599,My wife says I should get a second opinion.
916,36,0,0,81,81,1.0,0.012422599874998832,599,"Sorry, I can't go anywhere without my Ankle Monitor Lizard."
726,36,0,0,81,81,1.0,0.012422599874998832,599,It's part of my court-ordered cave arrest.
5497,36,0,0,76,76,1.0,0.013245323570650438,599,Can you believe it. I’m still under house arrest
3870,36,0,0,76,76,1.0,0.013245323570650438,599,"When you invited us over to see your new ankle-biter, we assumed you had a new baby."
3291,36,0,0,76,76,1.0,0.013245323570650438,599,I'm under house-arex.
2985,36,0,0,76,76,1.0,0.013245323570650438,599,Her transition to the diet stuff isn’t going well.
2949,36,0,0,76,76,1.0,0.013245323570650438,599,Sorry I can't go with you but I'm being pulled in another direction.
3365,36,0,0,81,81,1.0,0.012422599874998832,599,I already told him this is an anachronism. He won’t listen.
2073,36,0,0,77,77,1.0,0.013072174640400053,599,"I am not looking him, I am not acknowledging him. I am the alpha."
1796,36,0,0,77,77,1.0,0.013072174640400053,599,It's just until my trial date next week.
1505,36,0,0,77,77,1.0,0.013072174640400053,599,"We have been to 6 veterinarians and the only thing they can all agree on is that, whatever it is, it appears to be teething."
3829,36,0,0,78,78,1.0,0.012903494352312729,599,I can't go clubbing tonight - I'm on cave arrest.
3335,36,0,0,78,78,1.0,0.012903494352312729,599,It's crunch time.
3026,36,0,0,78,78,1.0,0.012903494352312729,599,"And so the prosthetic leg can handle 3,700 pounds per square inch of force."
1715,36,0,0,78,78,1.0,0.012903494352312729,599,"I told her Attachment Parenting was not for pets, but did she listen?"
1382,36,0,0,78,78,1.0,0.012903494352312729,599,It comes with a state-of-the-art security system.
482,36,0,0,78,78,1.0,0.012903494352312729,599,I told you the ankylosaurus wasn't extinct.
4366,36,0,0,73,73,1.0,0.013793431476706131,599,I put him on a Paleo diet.
3815,36,0,0,73,73,1.0,0.013793431476706131,599,We hope to have him trained before he's extinct.
4569,36,0,0,78,78,1.0,0.012903494352312729,599,"House arrest isn't so bad, but the ankle monitor drools."
3604,36,0,0,73,73,1.0,0.013793431476706131,599,I don't mind the 6 month cave arrest sentence but this ankle bracelet is killing me!
2343,36,0,0,73,73,1.0,0.013793431476706131,599,He's just teething.
2062,36,0,0,73,73,1.0,0.013793431476706131,599,The judge granted me home detention.
1870,36,0,0,73,73,1.0,0.013793431476706131,599,Yep. He ain't a herbivore.
832,36,0,0,73,73,1.0,0.013793431476706131,599,... And then the judge sentenced me to house arrest
4268,36,0,0,63,63,1.0,0.01600051202457731,599,...we're working on separation issues.
3986,36,0,0,84,84,1.0,0.011976262619132589,599,At least he's not humping your leg.
2138,36,0,0,84,84,1.0,0.011976262619132589,599,The guy that sold him to me insisted that he was a herbivore.
653,36,0,0,84,84,1.0,0.011976262619132589,599,I was paroled on the condition I wear this ankle monitor.
2404,36,0,0,73,73,1.0,0.013793431476706131,599,"I love my new place, but the security system is so Cretaceous."
2865,36,0,0,82,82,1.0,0.012270169563871839,599,I'm thinking in a few millennia this will be funny.
4750,36,0,0,78,78,1.0,0.012903494352312729,599,It's a new invention. House arrest.
5030,36,0,0,78,78,1.0,0.012903494352312729,599,"As first time buyers, the security system is included with your purchase."
1329,36,0,0,77,77,1.0,0.013072174640400053,599,"It's separation anxiety, but throw a stick and he gets right over it."
1265,36,0,0,77,77,1.0,0.013072174640400053,599,We renamed him Oxymoron when we moved into a pet-friendly building.
883,36,0,0,77,77,1.0,0.013072174640400053,599,I'm very attached to him.
404,36,0,0,77,77,1.0,0.013072174640400053,599,"Yes, there is a low incidence of dinosaur attacks in this neighborhood but the walls are real granite. That's unheard of in your price range."
4805,36,0,0,72,72,1.0,0.013986355971611485,599,I didn't choose him. He chose me!
4790,36,0,0,72,72,1.0,0.013986355971611485,599,"We were gonna name it ""Spike"",but we settled on ""Fang"""
4055,36,0,0,72,72,1.0,0.013986355971611485,599,"Can't go today, but I might get free by Monday."
2938,36,0,0,72,72,1.0,0.013986355971611485,599,We're heading to obedience school!
5007,36,0,0,78,78,1.0,0.012903494352312729,599,We're working on his attachment disorder.
2619,36,0,0,72,72,1.0,0.013986355971611485,599,She doesn't like it when I criticize Hillary.
736,36,0,0,72,72,1.0,0.013986355971611485,599,It was love at first bite.
183,36,0,0,67,67,1.0,0.015038019057934237,599,Is it okay if we order in tonight?
5251,36,0,0,83,83,1.0,0.012121434739137725,599,"This tends to happen with the Terrierosaurs, but they can also be very cuddly and loyal."
3485,36,0,0,83,83,1.0,0.012121434739137725,599,He just wants me to take him for a walk.
3331,36,0,0,83,83,1.0,0.012121434739137725,599,"And to top it all off, his species has been extinct for 50 million years."
1943,36,0,0,83,83,1.0,0.012121434739137725,599,"When my parole officer said it should come off in a day or two, I hope he wasn't referring to my foot."
606,36,0,0,83,83,1.0,0.012121434739137725,599,"Don't worry, he's friendly."
5279,36,0,0,78,78,1.0,0.012903494352312729,599,I don't get out much these days
1920,36,0,0,72,72,1.0,0.013986355971611485,599,His bite's worse.
3534,36,0,0,25,25,1.0,0.040824829046386304,599,I think I invented the Croc!
2554,36,0,0,82,82,1.0,0.012270169563871839,599,"It’s called home incarceration. If I try to leave the cave, the authorities are alerted by seeing what’s left of me."
1438,36,0,0,82,82,1.0,0.012270169563871839,599,So that’s a meat eater.
1270,36,0,0,90,90,1.0,0.011173358719233181,599,Cave arrest is a bitch
1222,36,0,0,96,96,1.0,0.010471347707292388,599,Someday we'll all look back at this and laugh.
858,36,0,0,90,90,1.0,0.011173358719233181,599,"Lately, everyone wants a piece of me....."
629,36,0,0,90,90,1.0,0.011173358719233181,599,Apparently it's called separation anxiety.
470,36,0,0,90,90,1.0,0.011173358719233181,599,I'll either train him or let him go extinct.
3224,36,0,0,97,97,1.0,0.010362833403620979,599,We've been working on 'fetch'!
4552,36,0,0,91,91,1.0,0.011049892402196598,599,I'm under house-confinement till my court date.
4261,36,0,0,91,91,1.0,0.011049892402196598,599,"The arc of domestication is long, but it bends toward frisbees."
3359,36,0,0,91,91,1.0,0.011049892402196598,599,It's only until my parole hearing. And it beats going to prison.
2953,36,0,0,91,91,1.0,0.011049892402196598,599,"On the plus side, he leaves the furniture alone."
2945,36,0,0,91,91,1.0,0.011049892402196598,599,The weird part is that it’s actually a bird.
2844,36,0,0,91,91,1.0,0.011049892402196598,599,"So then my probation officer says, ""Ankle, ankylosaurus, what's the big deal? A bracelet's a bracelet."""
2446,36,0,0,91,91,1.0,0.011049892402196598,599,I hate it when he gets affectionate and hungry at the same time.
2106,36,0,0,91,91,1.0,0.011049892402196598,599,"Robert wanted a sabre tooth, but I said I needed a pet that wouldn't climb on the furniture."
552,36,0,0,91,91,1.0,0.011049892402196598,599,Herb's last words were: 'I thought he was an herbivore!'
169,36,0,0,91,91,1.0,0.011049892402196598,599,Don't worry - he's just pulling my leg!
5035,36,0,0,85,85,1.0,0.011834526708278772,599,I was hoping for a pet who's a little less needy.
1586,36,0,0,96,96,1.0,0.010471347707292388,599,"'I'll tell yah what's been eating me..."""
1757,36,0,0,84,84,1.0,0.011976262619132589,599,I don't agree that his bark is worst than his bite.
3423,36,0,0,90,90,1.0,0.011173358719233181,599,Home-schooling isn't working out as I hoped.
2058,36,0,0,95,95,1.0,0.010582158705422128,599,Just a bad case of separation anxiety.
3425,36,0,0,88,88,1.0,0.011428758022062361,599,This won't be so cute when it grows up.
2205,36,0,0,88,88,1.0,0.011428758022062361,599,"Eventually, he’ll evolve and become an albatross around my neck."
1556,36,0,0,88,88,1.0,0.011428758022062361,599,"Well, you guys wouldn't let me get a tattoo."
799,36,0,0,88,88,1.0,0.011428758022062361,599,Would you mind taking him off my legs for a few hours?
433,36,0,0,88,88,1.0,0.011428758022062361,599,I think I’ll call it ankle-o-sore-us.
383,36,0,0,88,88,1.0,0.011428758022062361,599,Well obedience school was a bust.
1392,36,0,0,47,47,1.0,0.021506619680967013,599,I have to wear this Remnick ankle monitor because I broke the Cartoon Caption Rules.
1239,36,0,0,77,77,1.0,0.013072174640400053,599,Apparently somebody used his brother make my shoes.
3751,36,0,0,73,73,1.0,0.013793431476706131,599,"its the latest thing in home security , it just needs some fine tuning"
5176,36,0,0,89,89,1.0,0.011299615367639217,599,Coming in for a bite?
3439,36,0,0,89,89,1.0,0.011299615367639217,599,It's OK. I'm in the catch and release program.
2974,36,0,0,89,89,1.0,0.011299615367639217,599,It costs an arm and a leg to get out.
2049,36,0,0,89,89,1.0,0.011299615367639217,599,It's part of the bail agreement.
2016,36,0,0,89,89,1.0,0.011299615367639217,599,I hate being under house arrest and wearing a monitor.
1944,36,0,0,89,89,1.0,0.011299615367639217,599,"I got the cast off this week, but the doc gave me one more week of experimental animal therapy. He's supposed to help keep the bones in place and provide companionship!"
1755,36,0,0,89,89,1.0,0.011299615367639217,599,I believe it's an anklemonitorsaurus.
753,36,0,0,89,89,1.0,0.011299615367639217,599,It'll take a million years to train him.
5565,36,0,0,95,95,1.0,0.010582158705422128,599,"They put me under house arrest until June, 86 BC."
4773,36,0,0,89,89,1.0,0.011299615367639217,599,"For some reason, my belief in that whole herbivore theory is painfully diminishing..."
4225,36,0,0,88,88,1.0,0.011428758022062361,599,I thought the ankylosaurus had gone extinct
3703,36,0,0,61,61,1.0,0.016529490122682157,599,"I've always wanted a pet, and I think he's attached to me too."
2309,36,0,0,92,92,1.0,0.010929124924699354,599,"It's okay, his bark is worse than his bite."
2162,36,0,0,94,94,1.0,0.010695340092890231,599,He's a Legasoreus
533,36,0,0,94,94,1.0,0.010695340092890231,599,Home confinement was part of the plea deal.
1223,36,0,0,101,101,1.0,0.00995037190209989,599,Separation anxiety.
5477,36,0,0,95,95,1.0,0.010582158705422128,599,I have this gnawing feeling that it wants more from me than I want to give.
5345,36,0,0,76,76,1.0,0.013245323570650438,599,My sentence? An ankle bracelet for 30 days.
3217,36,0,0,38,38,1.0,0.02666903735313325,599,We're very devoted to each other but here must be an easier way to take him for a walk.
3184,36,0,0,95,95,1.0,0.010582158705422128,599,"Well, at least he doesn't shed."
2912,36,0,0,95,95,1.0,0.010582158705422128,599,It's okay. He's been vaccinated.
2357,36,0,0,95,95,1.0,0.010582158705422128,599,"My question is, will this be considered a pre-existing condition?"
1570,36,0,0,76,76,1.0,0.013245323570650438,599,This is just one condition of my house arrest. You don't want to know the others.
789,36,0,0,95,95,1.0,0.010582158705422128,599,I fed it once and now it won't let me out of its sight.
4251,36,0,0,89,89,1.0,0.011299615367639217,599,"It may not look like it, but it's his way of showing affection."
4115,36,0,0,96,96,1.0,0.010471347707292388,599,Doc says I can take the Splintosaurus off in a few weeks.
3808,36,0,0,96,96,1.0,0.010471347707292388,599,The anachronism hurts me more than the bite.
2443,36,0,0,96,96,1.0,0.010471347707292388,599,It comes with the polo shirt
2204,36,0,0,96,96,1.0,0.010471347707292388,599,I forgot to feed her.
2149,36,0,0,96,96,1.0,0.010471347707292388,599,He's just being playful but it's making my ankylosaur.
2420,36,0,0,94,94,1.0,0.010695340092890231,599,I found an attachment-disorder therapist with a great Groupon deal.
2505,36,0,0,94,94,1.0,0.010695340092890231,599,I've got another two weeks under house arrest.
2764,36,0,0,94,94,1.0,0.010695340092890231,599,I can't wait until he's extinct.
3043,36,0,0,94,94,1.0,0.010695340092890231,599,"Well, he doesn’t shed."
1754,36,0,0,92,92,1.0,0.010929124924699354,599,Attempts at domestication have proven disappointing.
1310,36,0,0,92,92,1.0,0.010929124924699354,599,My wife's idea to reduce my roaming charges.
923,36,0,0,92,92,1.0,0.010929124924699354,599,"On the plus side, at least he's cavebroken."
1409,36,0,0,80,80,1.0,0.01257886513566569,599,At least he’s housebroken.
4882,36,0,0,74,74,1.0,0.013605756997417963,599,Because I kept cutting off my ankle monitor.
3322,36,0,0,99,99,1.0,0.010152415064552878,599,"It's called cave arrest -- five years to life, his or mine."
5091,36,0,0,93,93,1.0,0.010810968751610264,599,"Sorry, can’t go. I’m under house arrest."
1656,36,0,0,93,93,1.0,0.010810968751610264,599,The judge says I have to wear it for six months.
5310,36,0,0,92,92,1.0,0.010929124924699354,599,He says I taste like chicken.
1185,36,0,0,93,93,1.0,0.010810968751610264,599,"Oh, I think he smells my dinosaur at home!"
5330,36,0,0,75,75,1.0,0.013423121104280487,599,We're just going through a phase.
4337,36,0,0,75,75,1.0,0.013423121104280487,599,"I know, I know. But domestication doesn't happen overnight."
3705,36,0,0,100,100,1.0,0.01005037815259212,599,It's an ankle monitor lizard. Goes with the cave arrest.
3658,36,0,0,75,75,1.0,0.013423121104280487,599,"So I say, “Do you think they ‘saur’ us?” and, well, you can see what happened next."
3265,36,0,0,75,75,1.0,0.013423121104280487,599,His separation anxiety is beginning to gnaw at me.
2832,36,0,0,75,75,1.0,0.013423121104280487,599,The caveowners' association only bans pit bulls.
5298,36,0,0,94,94,1.0,0.010695340092890231,599,"I'd rather have a monkey on my back, but they don't exist yet."
3987,36,0,0,94,94,1.0,0.010695340092890231,599,The ankle monitor lizard is a condition of my cave arrest.
3774,36,0,0,87,87,1.0,0.01156088678177274,599,My inspiration for the first mother-in-law joke.
5333,36,0,0,88,88,1.0,0.011428758022062361,599,He's still learning how to heel.
3450,36,0,0,82,82,1.0,0.012270169563871839,599,It comes off after thirty days of house arrest.
3634,36,0,0,82,82,1.0,0.012270169563871839,599,"Well, it looked like a puppy when I bought it."
176,36,0,0,83,83,1.0,0.012121434739137725,599,I call it the shoe. Still needs some work.
5078,36,0,0,89,89,1.0,0.011299615367639217,599,Training hasn't been easy but attachment has been a snap
4589,36,0,0,89,89,1.0,0.011299615367639217,599,Maybe we shouldn't get a watch-pet until after the leash is invented.
699,36,0,0,39,39,1.0,0.025976216673306556,599,He obviously likes you. you should keep him.
4008,36,0,0,67,67,1.0,0.015038019057934237,599,It's new. Apparently I'm under cave arrest for drawing on the walls.
3876,36,0,0,84,84,1.0,0.011976262619132589,599,"""I've been placed under 'Cave Arrest'""."
2840,36,0,0,84,84,1.0,0.011976262619132589,599,"No, you don't get used to it. You never get used to it."
1314,36,0,0,84,84,1.0,0.011976262619132589,599,"Gnaw, it doesn't hurt."
577,36,0,0,84,84,1.0,0.011976262619132589,599,"Yes, he's an anachronism. But I'm attached to him."
315,36,0,0,84,84,1.0,0.011976262619132589,599,Don't be afraid. He's just teething.
5150,36,0,0,45,45,1.0,0.022473328748774737,599,I bought it yesterday and it is already getting attached to me.
1272,36,0,0,62,62,1.0,0.016260700012185932,599,"Remember, 'there are no bad dinosaurs'."
5014,36,0,0,85,85,1.0,0.011834526708278772,599,Apparently not quite extinct
4022,36,0,0,85,85,1.0,0.011834526708278772,599,"They told me they could remove it, but my premiums would triple."
3424,36,0,0,51,51,1.0,0.019802950859533486,599,I got another DUI and I’m under House arrest.
3058,36,0,0,85,85,1.0,0.011834526708278772,599,"How could any of us have seen this coming, given the one set of eyes between us"
2455,36,0,0,85,85,1.0,0.011834526708278772,599,"I know home confinement sounds preferable to prison, but this ankle monitor is a real pain."
982,36,0,0,83,83,1.0,0.012121434739137725,599,It’ll be great when we get over the teething phase.
1007,36,0,0,83,83,1.0,0.012121434739137725,599,"Mom and Dad, he followed me home. Can I keep him?"
1500,36,0,0,83,83,1.0,0.012121434739137725,599,"Hey, Bill, can I borrow your club again?"
1690,36,0,0,83,83,1.0,0.012121434739137725,599,I guess I shouldn't have called him extinct.
688,36,0,0,82,82,1.0,0.012270169563871839,599,Do you mind if Cleo comes along?
238,36,0,0,82,82,1.0,0.012270169563871839,599,Spike's evolved into a real problem
218,36,0,0,82,82,1.0,0.012270169563871839,599,He caught me painting on the walls.
4892,36,0,0,93,93,1.0,0.010810968751610264,599,We should get a new best friend.
3160,36,0,0,88,88,1.0,0.011428758022062361,599,They are making me wear him until the trial to make sure I don't skip bail.
2735,36,0,0,66,66,1.0,0.015267620413811482,599,We can't do anything about it because it is a future endangered species.
704,36,0,0,55,55,1.0,0.018349396085439344,599,I should have known better. Achaenodons can be so possessive.
5291,36,0,0,83,83,1.0,0.012121434739137725,599,"Before you ask, it's cave arrest."
2311,36,0,0,85,85,1.0,0.011834526708278772,599,Me? Worried? Oh no. He'll be extinct before long.
4742,36,0,0,83,83,1.0,0.012121434739137725,599,It's just until the trial.
3781,36,0,0,83,83,1.0,0.012121434739137725,599,"I'm hoping if I ignore it, it will go away on its own."
3597,36,0,0,83,83,1.0,0.012121434739137725,599,His bark is worse?
3576,36,0,0,83,83,1.0,0.012121434739137725,599,La Brea Tar Pit Rescue.
2570,36,0,0,83,83,1.0,0.012121434739137725,599,But this behavior should stop as it evolves into a cat.
2510,36,0,0,83,83,1.0,0.012121434739137725,599,It's an Ankylosaurus.
2391,36,0,0,83,83,1.0,0.012121434739137725,599,It's my ankle monitor so I don't skip town.
2008,36,0,0,83,83,1.0,0.012121434739137725,599,The cave comes with a home alarm system.
1812,36,0,0,83,83,1.0,0.012121434739137725,599,"And I said to him, 'Bite me.'"
4033,36,0,0,83,83,1.0,0.012121434739137725,599,The pet shop owner insisted it wouldn't cost and arm AND a leg to feed him.
2222,36,0,0,51,51,1.0,0.019802950859533486,599,He's a great pet but we have a ways to go with the training
1948,36,0,0,85,85,1.0,0.011834526708278772,599,I should have opted for the jail time.
3590,36,0,0,91,91,1.0,0.011049892402196598,599,"Relax, it's only a gumosaurus."
4916,36,0,0,75,75,1.0,0.013423121104280487,599,It's time for me to move out; I'm feeling trapped.
4339,36,0,0,75,75,1.0,0.013423121104280487,599,"Mr. and Mrs. Rock I will need to keep him another week, we are on the verge of a major breakthrough."
3994,36,0,0,75,75,1.0,0.013423121104280487,599,"Being under house arrest isn't so bad, but man! the ankle bracelet is killing me!"
3878,36,0,0,75,75,1.0,0.013423121104280487,599,"They say their mouths are cleaner than ours, so I’ll probably be fine."
3502,36,0,0,75,75,1.0,0.013423121104280487,599,House arrest is a lot less lonely with my new monitor.
2932,36,0,0,75,75,1.0,0.013423121104280487,599,"mom. dad, it's not what it looks like- it's consensual and we have a safe word."
1257,36,0,0,81,81,1.0,0.012422599874998832,599,I said I'd give my right arm
4837,36,0,0,87,87,1.0,0.01156088678177274,599,I’m under house arrest for 12 months.
1489,36,0,0,92,92,1.0,0.010929124924699354,599,I'm teaching it how to heel.
4074,36,0,0,87,87,1.0,0.01156088678177274,599,"The breeder said he was an herbivore, but I am beginning to have my doubts."
1549,36,0,0,87,87,1.0,0.01156088678177274,599,We start obedience school tomorrow.
1436,36,0,0,87,87,1.0,0.01156088678177274,599,"Oh, I get the monitor off as soon as they resolve a little tax issue."
1080,36,0,0,87,87,1.0,0.01156088678177274,599,He can beg and roll over. We're still working on fetch.
339,36,0,0,87,87,1.0,0.01156088678177274,599,Everything was going fine until I forgot the safe word .
2238,36,0,0,93,93,1.0,0.010810968751610264,599,I'm on parole.
5084,36,0,0,64,64,1.0,0.015748519708717802,599,He hasn’t learned to heel yet but he’s getting close.
5036,36,0,0,64,64,1.0,0.015748519708717802,599,They say I'm a flight risk.
3326,36,0,0,76,76,1.0,0.013245323570650438,599,He doesn't like it when I use the word 'extinct'.
3613,36,0,0,87,87,1.0,0.01156088678177274,599,"Mom, Dad…don’t be so closed-minded. Dating bi-pedals is so the paleolithic era."
1667,36,0,0,82,82,1.0,0.012270169563871839,599,I think Timmy fell in the tar pit again.
2373,36,0,0,92,92,1.0,0.010929124924699354,599,I’m under cave arrest until the trial.
1129,36,0,0,86,86,1.0,0.011696106429438607,599,I didn't realize how attached he would become to me.
5504,36,0,0,74,74,1.0,0.013605756997417963,599,But your sign says you welcome all emotional support animals!
2831,36,0,0,74,74,1.0,0.013605756997417963,599,The judge ordered cave arrest with an ankle monitor in lieu of bail.
2795,36,0,0,74,74,1.0,0.013605756997417963,599,He lost his rawhide.
1799,36,0,0,74,74,1.0,0.013605756997417963,599,"Her vet says it's separation anxiety, but my psychiatrist says it's a corporeal manifestation of my own self loathing."
1572,36,0,0,74,74,1.0,0.013605756997417963,599,"It's hard some days, but co-evolution takes work."
892,36,0,0,74,74,1.0,0.013605756997417963,599,"First the roach problem, now this."
364,36,0,0,97,97,1.0,0.010362833403620979,599,It's not like YOUR marriage is perfect.
3913,36,0,0,80,80,1.0,0.01257886513566569,599,He followed me home! Can we keep him?
334,36,0,0,86,86,1.0,0.011696106429438607,599,They call it a pet.
2936,36,0,0,63,63,1.0,0.01600051202457731,599,They ran out of electronic ankle bracelets at the courthouse.
4999,36,0,0,86,86,1.0,0.011696106429438607,599,Sorry I can't I'am under house arrest.
4354,36,0,0,86,86,1.0,0.011696106429438607,599,I got him at the shelter. They said we were certain to bond.
3181,36,0,0,86,86,1.0,0.011696106429438607,599,"Believe me, he's great with children."
2493,36,0,0,86,86,1.0,0.011696106429438607,599,"Please don't say ""I told you so."""
2467,36,0,0,86,86,1.0,0.011696106429438607,599,I got a deal. The other breed cost an arm and a leg.
2124,36,0,0,86,86,1.0,0.011696106429438607,599,"In a minute, I am not going to have a leg to stand on."
1928,36,0,0,86,86,1.0,0.011696106429438607,599,Make him smile and I'll run for it
1333,36,0,0,86,86,1.0,0.011696106429438607,599,"You know, maybe wolves ARE a better choice!"
5243,36,0,0,86,86,1.0,0.011696106429438607,599,The previous tenant is having a hard time letting go.
4734,36,0,0,80,80,1.0,0.01257886513566569,599,"Don't worry, his foot in mouth disease is not contagious."
4883,36,0,0,75,75,1.0,0.013423121104280487,599,"He's cave-trained, but we're still working on fetch."
5026,36,0,0,80,80,1.0,0.01257886513566569,599,"Damn,I thought we could domesticate these"
483,36,0,0,66,66,1.0,0.015267620413811482,599,Sorry to report that your pet has failed his obedience training course.
5280,36,0,0,62,62,1.0,0.016260700012185932,599,We need to start enforcing the leash laws.
4947,36,0,0,62,62,1.0,0.016260700012185932,599,"When my house arrest ends, they'll take off the ankle monitor."
4782,36,0,0,62,62,1.0,0.016260700012185932,599,"No, Fang isn’t teething. He's struggling with abandonment and social adaptation issues."
4399,36,0,0,62,62,1.0,0.016260700012185932,599,I made bail but I'm on 24/7 cave arrest with this ankle monitor lizard.
3831,36,0,0,62,62,1.0,0.016260700012185932,599,I’ll be rid of him in three months when I start probation.
3252,36,0,0,62,62,1.0,0.016260700012185932,599,"Mom, Dad, I am coming out of the cave. We're in love and besides, she will eat me alive if we cannot be together."
2997,36,0,0,62,62,1.0,0.016260700012185932,599,I'm finding having a pet keeps me grounded.
2092,36,0,0,62,62,1.0,0.016260700012185932,599,You guys go on without me. I have thirty more days on cave arrest.
1906,36,0,0,62,62,1.0,0.016260700012185932,599,They told me I'm under cave arrest and put me in this ankle monitor...
1218,36,0,0,62,62,1.0,0.016260700012185932,599,"Look, I know this is the third time I tripped the home alarm system, but you don't have to charge me every time you come here to re-set it."
1187,36,0,0,62,62,1.0,0.016260700012185932,599,Have we invented any tools that would pry this thing opened!
1083,36,0,0,62,62,1.0,0.016260700012185932,599,I have to wear this monitoring device until my trial.
1019,36,0,0,62,62,1.0,0.016260700012185932,599,"I can't, I'm on house arrest."
914,36,0,0,62,62,1.0,0.016260700012185932,599,Rescues sometimes have attachment issues but we've made a lot of progress.
873,36,0,0,62,62,1.0,0.016260700012185932,599,He's my court-ordered ankle monitor
442,36,0,0,62,62,1.0,0.016260700012185932,599,He said he learned it from a cave painting.
1564,36,0,0,66,66,1.0,0.015267620413811482,599,It looks bad now but wait till you see him as shoes.
1864,36,0,0,66,66,1.0,0.015267620413811482,599,It helps with my Restless Leg Syndrome.
2364,36,0,0,66,66,1.0,0.015267620413811482,599,"Unfortunately, he has a bit of a foot fetish going on, but he can be quite charming when he is on his meds."
246,36,0,0,70,70,1.0,0.014388861576723854,599,I drained his swamp.
3764,36,0,0,61,61,1.0,0.016529490122682157,599,"Next time, I'm getting a goldfish."
3430,36,0,0,61,61,1.0,0.016529490122682157,599,Everybody will have one: It's called a 'Pet'
2613,36,0,0,61,61,1.0,0.016529490122682157,599,The judge ordered cave arrest. Just 90 days and this thing lets go.
2591,36,0,0,61,61,1.0,0.016529490122682157,599,"Yes, a very unconventional technique. No, I wouldn't do it again. Yes, it really hurts. Yes, he'll be delicious. No, I don't know what to do next."
2548,36,0,0,61,61,1.0,0.016529490122682157,599,We´ve become really attached.
1795,36,0,0,61,61,1.0,0.016529490122682157,599,Sorry guys I can't go. The judge ordered me on house-arrest and gave me this Ankylosaurus.
1468,36,0,0,61,61,1.0,0.016529490122682157,599,"Scout’s honor,,,if you didn’t mention it,,,we wouldn’t even have noticed."
1357,36,0,0,61,61,1.0,0.016529490122682157,599,It's amazing how attached to me he's become
224,36,0,0,62,62,1.0,0.016260700012185932,599,I only have to wear it until my probation is over.
1346,36,0,0,61,61,1.0,0.016529490122682157,599,I guess our home security system is on the fritz again.
847,36,0,0,61,61,1.0,0.016529490122682157,599,"Sorry, but ‘don’t bite the leg that feeds you’ doesn’t quite sound right."
733,36,0,0,61,61,1.0,0.016529490122682157,599,He's a rescue. Goes nuts when I try to leave.
323,36,0,0,61,61,1.0,0.016529490122682157,599,"I’d love to, but I’m under house arrest."
3190,36,0,0,57,57,1.0,0.01769980813511972,599,"Yep, home arrest monitor. You can guess what happens if I step out of range."
5377,36,0,0,53,53,1.0,0.019048482943986485,599,"Sometime during training, Alfonse became very attached to me."
3834,36,0,0,53,53,1.0,0.019048482943986485,599,I call it the Croc.
957,36,0,0,53,53,1.0,0.019048482943986485,599,"Sorry guys, I can't go. I'm under cave arrest."
4579,36,0,0,70,70,1.0,0.014388861576723854,599,I was trying to teach him to fetch.
1152,36,0,0,61,61,1.0,0.016529490122682157,599,"The vet said he should eat paleo, so we're giving it a whirl."
4103,36,0,0,61,61,1.0,0.016529490122682157,599,Sorry I can't join you. I'm under house arrest.
1322,36,0,0,58,58,1.0,0.017391961901349125,599,It's nothing. He'll be extinct in no time.
2297,36,0,0,54,54,1.0,0.018692405136401476,599,"Well, technically, he did follow me home. Can we keep him?"
3146,36,0,0,68,68,1.0,0.014815221273648994,599,Dinner might be a little late.
2213,36,0,0,68,68,1.0,0.014815221273648994,599,He doesn't bite. But he does chew.
943,36,0,0,68,68,1.0,0.014815221273648994,599,No jail time. Just six months of cave arrest.
939,36,0,0,68,68,1.0,0.014815221273648994,599,I'm pretty much a stay-at-home mom.
197,36,0,0,51,51,1.0,0.019802950859533486,599,I cannot go out without an ankle monitor.
184,36,0,0,68,68,1.0,0.014815221273648994,599,"Toothpick, anyone?"
5124,36,0,0,64,64,1.0,0.015748519708717802,599,I liked him better when he was just humping my leg
4789,36,0,0,64,64,1.0,0.015748519708717802,599,I decided to go with the plea-deal...and cave arrest.
4744,36,0,0,64,64,1.0,0.015748519708717802,599,"They used to boulder your hole before trial, but now they just slap on an ankle monitor."
4032,36,0,0,64,64,1.0,0.015748519708717802,599,It's even worse than when the monkey was on my back.
3025,36,0,0,64,64,1.0,0.015748519708717802,599,So ... it turns out I'm adopted.
1627,36,0,0,64,64,1.0,0.015748519708717802,599,The vet told me he has separation anxiety.
1613,36,0,0,64,64,1.0,0.015748519708717802,599,He has become quite attached to me of late
426,36,0,0,64,64,1.0,0.015748519708717802,599,"The price is right, but the place does have a few drawbacks."
4652,36,0,0,60,60,1.0,0.016807316136320357,599,"He had me by the arm so I yelled ""Down boy."""
3525,36,0,0,56,56,1.0,0.01801874925391118,599,I've gone over the benefits of the adopting a vegan lifstyle ... but he's not buying it.
5485,36,0,0,69,69,1.0,0.014598929061844594,599,I should have gotten a cat
3165,36,0,0,68,68,1.0,0.014815221273648994,599,He doesn't know how to let go.
4935,36,0,0,68,68,1.0,0.014815221273648994,599,"The pet shop said he's a Fibulasaurus, whatever that means."
2450,36,0,0,72,72,1.0,0.013986355971611485,599,These smaller breeds can be nippy.
2499,36,0,0,55,55,1.0,0.018349396085439344,599,"Oh, I just keep her for sentimental reasons. She was the last press secretary during the 'Trump Era'."
394,36,0,0,54,54,1.0,0.018692405136401476,599,Is there is no word yet for what exactly it is that I'm supposed to be beware of?
5412,36,0,0,50,50,1.0,0.020203050891044214,599,The shelter said he'd be less clingy once he'd settled in.
2411,36,0,0,71,71,1.0,0.01418475390906605,599,Know anyone who can disable an ankle monitor?
2765,36,0,0,67,67,1.0,0.015038019057934237,599,We're still working on the 'heel' part.
1024,36,0,0,67,67,1.0,0.015038019057934237,599,It could have been a lot worse. The other guy is stuck in jail.
881,36,0,0,67,67,1.0,0.015038019057934237,599,"If they weren't so gosh darn cute, right?"
4134,36,0,0,63,63,1.0,0.01600051202457731,599,Yeah one more month house arrest
3721,36,0,0,63,63,1.0,0.01600051202457731,599,But she is cave trained.
3974,36,0,0,54,54,1.0,0.018692405136401476,599,The breeders told me he's part ankylosaurus.
3652,36,0,0,63,63,1.0,0.01600051202457731,599,He's only in his second week of cave animal behavior training.
2277,36,0,0,63,63,1.0,0.01600051202457731,599,He comes with the unit and he seems to like you.
2260,36,0,0,63,63,1.0,0.01600051202457731,599,"When he hatched, he imprinted on me and now has separation anxiety."
1854,36,0,0,63,63,1.0,0.01600051202457731,599,He keeps me grounded.
1512,36,0,0,63,63,1.0,0.01600051202457731,599,I didn't realize some of the potential pitfall of a strict paleo diet.
1410,36,0,0,63,63,1.0,0.01600051202457731,599,"That judge was a real Neanderthal! He made me wear this leg lock, but it's not going to stop me from clubbing!"
126,36,0,0,63,63,1.0,0.01600051202457731,599,I've trained him to act like my wife.
3397,36,0,0,59,59,1.0,0.017094641498783945,599,"No, no, I’ll be there. The judge said I could go for New Year’s Eve."
538,36,0,0,59,59,1.0,0.017094641498783945,599,How long do you have to wear the ankle bracelet?
2864,36,0,0,63,63,1.0,0.01600051202457731,599,It’s just a pup - not yet cave broken.
4962,36,0,0,61,61,1.0,0.016529490122682157,599,It's called separation anxiety.
5025,36,0,0,61,61,1.0,0.016529490122682157,599,It’s your turn to walk him.
5172,36,0,0,61,61,1.0,0.016529490122682157,599,They told me that I would hardly notice the leg bracelet.
2469,36,0,0,58,58,1.0,0.017391961901349125,599,We're off to obedience school in the morning.
1780,36,0,0,58,58,1.0,0.017391961901349125,599,"On the other hand, he is house-trained."
1513,36,0,0,58,58,1.0,0.017391961901349125,599,I didn't like him at first. But I'm become attached...
1506,36,0,0,58,58,1.0,0.017391961901349125,599,"I'm telling you, I've lost 25 pounds already."
1459,36,0,0,58,58,1.0,0.017391961901349125,599,House arrest is killing me.
689,36,0,0,58,58,1.0,0.017391961901349125,599,He’s teething.
596,36,0,0,58,58,1.0,0.017391961901349125,599,A condition of my house arrest is that I wear an an ankle bracelet.
563,36,0,0,58,58,1.0,0.017391961901349125,599,The judge said I have to wear this for 30 days.
5561,36,0,0,62,62,1.0,0.016260700012185932,599,The judge says I have to wear it until the end of my cave arrest.
5065,36,0,0,62,62,1.0,0.016260700012185932,599,He'll let go when I'm off parole.
3698,36,0,0,62,62,1.0,0.016260700012185932,599,It's how he shows affection.
3548,36,0,0,62,62,1.0,0.016260700012185932,599,"I clearly said ""Green Iguana,"" but they sent this Ankle Monitor."
388,36,0,0,62,62,1.0,0.016260700012185932,599,"See you later, alligator."
1207,36,0,0,43,43,1.0,0.023531040266750583,599,Sorry--he's not cave broken yet.
4715,36,0,0,47,47,1.0,0.021506619680967013,599,You actually get used to the ankle monitor pretty quickly
2908,36,0,0,47,47,1.0,0.021506619680967013,599,His dentist advised more calcium.
2217,36,0,0,47,47,1.0,0.021506619680967013,599,Clamped again. There's nothing carved in here to say this is a no standing zone.
2691,36,0,0,58,58,1.0,0.017391961901349125,599,I'm very attached to him.
2973,36,0,0,58,58,1.0,0.017391961901349125,599,"At first I was happy then judge gave me house arrest, but now I'm not so sure."
3187,36,0,0,58,58,1.0,0.017391961901349125,599,Trust me. His bite is worse than his bark.
3288,36,0,0,58,58,1.0,0.017391961901349125,599,My attorney says I have to wear it as a condition of cave confinement.
738,36,0,0,57,57,1.0,0.01769980813511972,599,The Judge says if I leave the cave I lose a foot.
700,36,0,0,57,57,1.0,0.01769980813511972,599,"You can take the carnivore out of the cave, but you can’t take the caveman out of the carnivore"
419,36,0,0,57,57,1.0,0.01769980813511972,599,"At first I wasn't sure I wanted a tic as a pet, but he's really grown on me."
276,36,0,0,57,57,1.0,0.01769980813511972,599,"He's a bit clinging, but he's loyal and I love him."
91,36,0,0,57,57,1.0,0.01769980813511972,599,Let somebody else prove your theory of symbiosis.
76,36,0,0,57,57,1.0,0.01769980813511972,599,The court ordered I wear it until my upcoming trial.
2096,36,0,0,61,61,1.0,0.016529490122682157,599,"Okay, now it's your turn to be bait."
1539,36,0,0,61,61,1.0,0.016529490122682157,599,He's quite attached to me.
139,36,0,0,51,51,1.0,0.019802950859533486,599,The situation is evolving.
3683,36,0,0,42,42,1.0,0.024098134635593994,599,I guess he saw me coming
2358,36,0,0,27,27,1.0,0.03774256780481986,599,She's not cave-broken yet.
333,36,0,0,54,54,1.0,0.018692405136401476,599,"Oh please Mom, may I keep him. I promise to walk him and feed him."
5446,36,0,0,58,58,1.0,0.017391961901349125,599,"Don't mind him, he's a rescue."
4987,36,0,0,58,58,1.0,0.017391961901349125,599,A little standoffish at first. But eventually he'll get attached to you two.
4904,36,0,0,58,58,1.0,0.017391961901349125,599,I thought you knew I’m under house arrest.
4655,36,0,0,58,58,1.0,0.017391961901349125,599,He's a pussycat when you get to know him.
4189,36,0,0,58,58,1.0,0.017391961901349125,599,"Well, I love the space. But let's just say I'm not crazy about the neighborhood."
3871,36,0,0,58,58,1.0,0.017391961901349125,599,"Yes it's annoying, but it beats serving time in Jail"
4901,36,0,0,27,27,1.0,0.03774256780481986,599,MINE TURNED IN HIS HOMEWORK LATE AND GOT DETENTION. HOW ARE YOUR ANKLEBITERS DOING?
5219,36,0,0,55,55,1.0,0.018349396085439344,599,"As you can see, your new security system I just installed is completely wireless !"
3560,36,0,0,55,55,1.0,0.018349396085439344,599,The home security system still has a few kinks to work out.
5395,36,0,0,59,59,1.0,0.017094641498783945,599,I can't believe I'd once complained about having a monkey on my back.
3968,36,0,0,64,64,1.0,0.015748519708717802,599,Pay no attention to my ankle monitor.
3843,36,0,0,60,60,1.0,0.016807316136320357,599,He wants me to draw a picture of him on the wall right now.
3561,36,0,0,64,64,1.0,0.015748519708717802,599,I’ve been training him to heel.
2877,36,0,0,52,52,1.0,0.019418390934515434,599,"Sorry, but I'm on house arrest."
2602,36,0,0,60,60,1.0,0.016807316136320357,599,Thankfully. these new ankle monitors aren't the bulky monstrosities they used to be.
2579,36,0,0,60,60,1.0,0.016807316136320357,599,It's the first generation ankle monitor.
2175,36,0,0,60,60,1.0,0.016807316136320357,599,"Boy, is my AnkleSAUR."
2078,36,0,0,60,60,1.0,0.016807316136320357,599,"Not ready for market yet, but we're thinking of calling it 'anklet'."
4256,36,0,0,60,60,1.0,0.016807316136320357,599,His bite is far worse than his bark.
1327,36,0,0,68,68,1.0,0.014815221273648994,599,"I can't come out, I'm on house arrest."
837,36,0,0,64,64,1.0,0.015748519708717802,599,I've got a few unpaid parking tickets
507,36,0,0,60,60,1.0,0.016807316136320357,599,Must have lost the left one in the dryer.
421,36,0,0,60,60,1.0,0.016807316136320357,599,It's a controversial breed.
1356,36,0,0,73,73,1.0,0.013793431476706131,599,"DIY alligator shoes, duh!"
4696,36,0,0,69,69,1.0,0.014598929061844594,599,My bad. I thought it was a herbivore.
4323,36,0,0,69,69,1.0,0.014598929061844594,599,We could be attached at the hip.
2167,36,0,0,69,69,1.0,0.014598929061844594,599,We think he's part ankylosaurus.
5430,36,0,0,61,61,1.0,0.016529490122682157,599,I can't leave the cave or this will start vibrating
913,36,0,0,60,60,1.0,0.016807316136320357,599,"Ever since his mom's extinction, he has become quite clingy"
5442,36,0,0,69,69,1.0,0.014598929061844594,599,"Sorry guys, I'm under house arrest."
5381,36,0,0,60,60,1.0,0.016807316136320357,599,Could be worse. This time I'm only under cave arrest.
5455,36,0,0,64,64,1.0,0.015748519708717802,599,For every two steps forward it's one step back because of these dinosaurs.
4913,36,0,0,59,59,1.0,0.017094641498783945,599,It us the latest technology for in-cave arrest.
4148,36,0,0,59,59,1.0,0.017094641498783945,599,When my wife said watch out for the ankle biters when I got home I thought she was talking about the kids...
4085,36,0,0,59,59,1.0,0.017094641498783945,599,"Sad, low-level staffer who worked for me for a short time and just can't let go."
4065,36,0,0,59,59,1.0,0.017094641498783945,599,I'll be so glad to get this off when my parole ends.
3909,36,0,0,59,59,1.0,0.017094641498783945,599,What Stegosaurus?
3581,36,0,0,59,59,1.0,0.017094641498783945,599,I'm going to wait until he becomes extinct.
2348,36,0,0,59,59,1.0,0.017094641498783945,599,"If you stop staring, he will come to you."
2232,36,0,0,59,59,1.0,0.017094641498783945,599,"Let it suffice to say that I'm in excruciating pain - which accounts for the screaming you were able to hear from across the plateau. Now, if one of you would kindly retrieve my club, it would go a long way toward solving both our problems."
5439,36,0,0,60,60,1.0,0.016807316136320357,599,You should get him used to a muzzle before he reaches 40 feet.
1201,36,0,0,59,59,1.0,0.017094641498783945,599,Court-ordered till my trial for stealing the wheel.
5264,36,0,0,63,63,1.0,0.01600051202457731,599,My lawyers were able to get me house arrest.
4454,36,0,0,63,63,1.0,0.01600051202457731,599,He’s not cavebroken.
3571,36,0,0,63,63,1.0,0.01600051202457731,599,I have to wear this while I'm out on bail.
3408,36,0,0,63,63,1.0,0.01600051202457731,599,"Yes. I've already tried ""See you later"" and ""After a while."" He's not taking the hint."
3375,36,0,0,63,63,1.0,0.01600051202457731,599,"yea, its always a arm and a leg to feed him"
2988,36,0,0,63,63,1.0,0.01600051202457731,599,My probation officer says with good behavior I'll only have 30 more days wearing the ankle bracelet.
4015,36,0,0,67,67,1.0,0.015038019057934237,599,I can see you're really attached to him!
2100,36,0,0,71,71,1.0,0.01418475390906605,599,We got off on the wrong foot.
5325,36,0,0,63,63,1.0,0.01600051202457731,599,Why don't you girls just go ahead without me
5059,36,0,0,69,69,1.0,0.014598929061844594,599,"So far, he's been costing me an arm and a leg."
4990,36,0,0,69,69,1.0,0.014598929061844594,599,"I left the card in my cave. But, trust me, he is authorized to provide emotional support."
4359,36,0,0,69,69,1.0,0.014598929061844594,599,My health plan doesn't cover this.
3225,36,0,0,75,75,1.0,0.013423121104280487,599,'Ankle monitors are not as discreet as people think.'
518,36,0,0,75,75,1.0,0.013423121104280487,599,"Thank God your home, Rex is locked and I forgot the password."
143,36,0,0,75,75,1.0,0.013423121104280487,599,It hurts a little more on the inside.
3484,36,0,0,61,61,1.0,0.016529490122682157,599,"It started as a friendly game of Rock,Paper, Scissors!"
2144,36,0,0,61,61,1.0,0.016529490122682157,599,Hang in there. It will be extinct soon.
1374,36,0,0,61,61,1.0,0.016529490122682157,599,. . . And he's already learned to fetch!
4959,36,0,0,80,80,1.0,0.01257886513566569,599,"As you can see, we still have some extinction issues."
2659,36,0,0,80,80,1.0,0.01257886513566569,599,We've become quite attached.
2643,36,0,0,76,76,1.0,0.013245323570650438,599,"If you have to ask, it's an ankle monitor until my trial date."
2637,36,0,0,57,57,1.0,0.01769980813511972,599,"Can we keep him, please? He won't eat much."
2308,36,0,0,76,76,1.0,0.013245323570650438,599,The judge let me off with six months of cave arrest.
1369,36,0,0,76,76,1.0,0.013245323570650438,599,I got off pretty easy with just cave arrest.
3002,36,0,0,81,81,1.0,0.012422599874998832,599,Read the fine print. These time shares always have a catch.
5001,36,0,0,62,62,1.0,0.016260700012185932,599,It's domestication--the next giant step for Man.
2290,36,0,0,62,62,1.0,0.016260700012185932,599,It's a type of lizard. The judge called it an ankle monitor.
5152,36,0,0,77,77,1.0,0.013072174640400053,599,I think he's up to date on all his shots
4956,36,0,0,77,77,1.0,0.013072174640400053,599,He’s a real drag.
4707,36,0,0,75,75,1.0,0.013423121104280487,599,"So, what did you get from the divorce?"
5187,36,0,0,75,75,1.0,0.013423121104280487,599,"He caught on right away. Next, I'm training him to fetch."
5436,36,0,0,75,75,1.0,0.013423121104280487,599,I'm teaching Fido how to floss.
906,36,0,0,56,56,1.0,0.01801874925391118,599,"He’s having separation anxiety, so we’re having salad tonight,"
1530,36,0,0,32,32,1.0,0.031750031750047626,599,I have him right where I want him.
1221,36,0,0,32,32,1.0,0.031750031750047626,599,This is what the doctor prescribed for my restless legs.
1424,36,0,0,78,78,1.0,0.012903494352312729,599,They're right. These cutting-edge ankle monitors sure take a bite out of crime.
1232,36,0,0,78,78,1.0,0.012903494352312729,599,"Uncomfortable? Yes, but this will evolve into alligator shoes."
3924,36,0,0,46,46,1.0,0.021979349113192898,599,I didn't pay my jaywalking tickets so they booted me.
2987,36,0,0,69,69,1.0,0.014598929061844594,599,It was a rescue.
2947,36,0,0,69,69,1.0,0.014598929061844594,599,I thought house arrest would be the worst part.
2811,36,0,0,69,69,1.0,0.014598929061844594,599,This home security system is not working for me.
4519,36,0,0,77,77,1.0,0.013072174640400053,599,The good news is he doesn't bite other people.
2786,36,0,0,69,69,1.0,0.014598929061844594,599,It looked smaller in the store
756,36,0,0,69,69,1.0,0.014598929061844594,599,"No, no, it's fine; he just has separation anxiety."
1183,36,0,0,60,60,1.0,0.016807316136320357,599,"I think she misunderstood when I said, ""How cute would it be if we had our own ankle-biter?"""
4308,36,0,0,74,74,1.0,0.013605756997417963,599,I’ve grown accustomed to her jaws.
3975,36,0,0,74,74,1.0,0.013605756997417963,599,He doesn't like leashes so we compromised.
2993,36,0,0,74,74,1.0,0.013605756997417963,599,She does this when she wants a bone.
2983,36,0,0,37,37,1.0,0.02739983121755955,599,"I'd love to hunt and gather, but I'm under cave arrest."
5332,36,0,0,65,65,1.0,0.015504341823651057,599,It's a proof of concept
2345,36,0,0,65,65,1.0,0.015504341823651057,599,The judge required a house arrest ankle bracelet.
941,36,0,0,46,46,1.0,0.021979349113192898,599,"""Go on ahead - I'll join you after I exfoliate a bit more......"
2506,36,0,0,77,77,1.0,0.013072174640400053,599,That’s right. The ankle monitor limits me to a twelve foot perimeter around the cave. It just knows.
2433,36,0,0,77,77,1.0,0.013072174640400053,599,They're out of ankle bracelets.
1401,36,0,0,77,77,1.0,0.013072174640400053,599,I ran out of treats.
1838,36,0,0,74,74,1.0,0.013605756997417963,599,"...and then I yelled ""DAAUGH!"" and the name just kind of stuck."
1548,36,0,0,74,74,1.0,0.013605756997417963,599,"Yeah, that totally bites."
1114,36,0,0,74,74,1.0,0.013605756997417963,599,"I shouted ""Lacoste!"" when I saw him, but he must have heard ""Accost!"""
1045,36,0,0,74,74,1.0,0.013605756997417963,599,Judge says I have to keep this on till the next hearing
1040,36,0,0,74,74,1.0,0.013605756997417963,599,Judge says I have to keep this on till next the hearing
896,36,0,0,74,74,1.0,0.013605756997417963,599,"Apparently my wheel has already been towed,so they placed a boot on me instead."
841,36,0,0,74,74,1.0,0.013605756997417963,599,If it doesn't go extinct in a few days I'll have it checked.
544,36,0,0,74,74,1.0,0.013605756997417963,599,"So yeah, I’m under house arrest for the foreseeable future."
2588,36,0,0,74,74,1.0,0.013605756997417963,599,"We've been working on the ""Fetch"" command."
370,36,0,0,74,74,1.0,0.013605756997417963,599,He tends to be a little clingy.
273,36,0,0,74,74,1.0,0.013605756997417963,599,It's comes with being under house arrest.
200,36,0,0,74,74,1.0,0.013605756997417963,599,"Normally very friendly, but suffers from separation anxiety."
5258,36,0,0,79,79,1.0,0.012739111916124871,599,It’s his name on the lease.
4230,36,0,0,79,79,1.0,0.012739111916124871,599,My probation officer calls it an 'ankle monitor.'
2917,36,0,0,79,79,1.0,0.012739111916124871,599,But I can’t give her up! I already bought a bumper sticker that says 'Who rescued who?'
2759,36,0,0,79,79,1.0,0.012739111916124871,599,"Your home security system is a bit primitive, no?"
5528,36,0,0,75,75,1.0,0.013423121104280487,599,"He was a rescue, so he's clingy."
5178,36,0,0,75,75,1.0,0.013423121104280487,599,It's an Ankle-sore-us.
320,36,0,0,74,74,1.0,0.013605756997417963,599,It's an ankle monitor lizard.
1658,36,0,0,64,64,1.0,0.015748519708717802,599,"Well, as far as I'm concerned, they can't go extinct soon enough!"
2629,36,0,0,74,74,1.0,0.013605756997417963,599,It's Called A Shoe.
3309,36,0,0,74,74,1.0,0.013605756997417963,599,It's a condition of my probation.
5236,36,0,0,53,53,1.0,0.019048482943986485,599,"I know it's our night out, but can we reschedule? She's feeling really clingy."
3153,36,0,0,73,73,1.0,0.013793431476706131,599,"Don't worry, he is a softy. Ignore him for 5 minutes and he will crawl in your lap."
2365,36,0,0,73,73,1.0,0.013793431476706131,599,"Truth be told, I’m having a little separation anxiety."
1793,36,0,0,73,73,1.0,0.013793431476706131,599,"Yes, he is quite attached to me."
213,36,0,0,73,73,1.0,0.013793431476706131,599,"He followed me home, can I keep him????"
153,36,0,0,73,73,1.0,0.013793431476706131,599,Excuse me. It's time to feed my mother-in-law.
1999,36,0,0,78,78,1.0,0.012903494352312729,599,"My lawyer did great, only 18 months with this monitor."
5479,36,0,0,49,49,1.0,0.020619652471058063,599,I named him myankylsaurous.
3100,36,0,0,74,74,1.0,0.013605756997417963,599,"I don't mind the house arrest, but the ankle monitor is a real drag."
2601,36,0,0,64,64,1.0,0.015748519708717802,599,My lawyer said I should be thankful to be placed on cave-arrest.
382,36,0,0,69,69,1.0,0.014598929061844594,599,He's a rescue.
5482,36,0,0,74,74,1.0,0.013605756997417963,599,I taught him not to bite the hand that feeds him.
5460,36,0,0,74,74,1.0,0.013605756997417963,599,"No, no. I'm his pet."
4973,36,0,0,74,74,1.0,0.013605756997417963,599,It's my own fault for having him declawed.
4775,36,0,0,74,74,1.0,0.013605756997417963,599,He hasn’t learned to heel yet but he’s getting close.
4194,36,0,0,74,74,1.0,0.013605756997417963,599,Do you think next time we can just get grandma to babysit?
4140,36,0,0,74,74,1.0,0.013605756997417963,599,do you think our fossils will be found together?
3682,36,0,0,74,74,1.0,0.013605756997417963,599,I can't wait for dogs to be invented.
960,36,0,0,69,69,1.0,0.014598929061844594,599,We have attachment issues.
2050,36,0,0,96,96,1.0,0.010471347707292388,599,My vet suggested prozac.
506,36,0,0,73,73,1.0,0.013793431476706131,599,No I'm not worried. The man at the pet store said he's a herbivore!
3275,36,0,0,50,50,1.0,0.020203050891044214,599,It's important to teach them soft mouth while they're teething.
1285,36,0,0,70,70,1.0,0.014388861576723854,599,"Technically, it's an ""ankle monitor."""
3775,36,0,0,57,57,1.0,0.01769980813511972,599,Sometimes I think the bonding went too far.
1815,36,0,0,57,57,1.0,0.01769980813511972,599,Polacanthus gonna Polacanthus.
301,36,0,0,57,57,1.0,0.01769980813511972,599,He has foot in mouth syndrome.
5344,36,0,0,66,66,1.0,0.015267620413811482,599,I liked the other cave better.
5306,36,0,0,66,66,1.0,0.015267620413811482,599,"Sure it hurts now, but 200,000 years from now people will get a chuckle from this."
5169,36,0,0,66,66,1.0,0.015267620413811482,599,I parked illegally.
4246,36,0,0,66,66,1.0,0.015267620413811482,599,"If anyone asks, this never happened."
3933,36,0,0,66,66,1.0,0.015267620413811482,599,He’s sweet but a little too attached.
3701,36,0,0,66,66,1.0,0.015267620413811482,599,It's an ankle monitor - I'm under cave arrest for 60 days.
3566,36,0,0,66,66,1.0,0.015267620413811482,599,Sorry I can't go out. I'm on house arrest.
3313,36,0,0,66,66,1.0,0.015267620413811482,599,The salesman said he will evolve into my best friend.
3211,36,0,0,66,66,1.0,0.015267620413811482,599,They gave me a choice of jail or home detention with an ankle monitor.
2901,36,0,0,66,66,1.0,0.015267620413811482,599,"Don't worry, it will fall off once they go extinct."
2618,36,0,0,66,66,1.0,0.015267620413811482,599,"He's cave trained, loves to play, and he heels."
2531,36,0,0,66,66,1.0,0.015267620413811482,599,"I can't take it off, it's a condition of my release."
1664,36,0,0,66,66,1.0,0.015267620413811482,599,"Putting me on cave arrest is one thing, but this is too far"
1376,36,0,0,70,70,1.0,0.014388861576723854,599,My parole officer says I only have to wear this for two more weeks.
4511,36,0,0,70,70,1.0,0.014388861576723854,599,I was put under house arrest. I have to wear this three more months.
5467,36,0,0,70,70,1.0,0.014388861576723854,599,This house arrest really bites!
4217,36,0,0,74,74,1.0,0.013605756997417963,599,It's an anklet.
4051,36,0,0,69,69,1.0,0.014598929061844594,599,At least he's not humping.
2771,36,0,0,69,69,1.0,0.014598929061844594,599,"I just got him today , he’s a Legasaurus."
363,36,0,0,69,69,1.0,0.014598929061844594,599,"It looked like it was going to be the Pit of Torments, but my lawyer got it reduced to home detention."
348,36,0,0,69,69,1.0,0.014598929061844594,599,"Well, at least he doesn't hump my leg like my dog used to do."
5527,36,0,0,65,65,1.0,0.015504341823651057,599,It stays on till my next court date!
5274,36,0,0,78,78,1.0,0.012903494352312729,599,"Every time he hears the word ""vet""..."
5140,36,0,0,65,65,1.0,0.015504341823651057,599,They leave it on until you pay off your jaywalking tickets
3937,36,0,0,65,65,1.0,0.015504341823651057,599,"I said, ‘Bite me.’"
1435,36,0,0,66,66,1.0,0.015267620413811482,599,"What's purple, has one eye, one horn, eats people, but can't actually fly?"
3859,36,0,0,65,65,1.0,0.015504341823651057,599,"At least with the ankle monitor, I can stay at home."
3462,36,0,0,65,65,1.0,0.015504341823651057,599,Still better then being the third wheel...lets go
1620,36,0,0,65,65,1.0,0.015504341823651057,599,"I'd like to go, but I'm under cave arrest."
1244,36,0,0,65,65,1.0,0.015504341823651057,599,Have you met my great-great-grandfather?
1234,36,0,0,65,65,1.0,0.015504341823651057,599,"The bad news is I am under house arrest, but the good news is my ankle bracelet is getting sleepy."
1098,36,0,0,52,52,1.0,0.019418390934515434,599,He's become quite attached to me.
936,36,0,0,65,65,1.0,0.015504341823651057,599,"Yes, I'm still working on ""man's best friend."""
165,36,0,0,65,65,1.0,0.015504341823651057,599,I'm having a little problem with dinner.
4639,36,0,0,74,74,1.0,0.013605756997417963,599,It's time to invent the wheelchair.
3517,36,0,0,65,65,1.0,0.015504341823651057,599,"Help yourself to a cocktail, dinner is going to be late."
1432,36,0,0,66,66,1.0,0.015267620413811482,599,At least the barking has stopped.
1209,36,0,0,66,66,1.0,0.015267620413811482,599,He's been clingy ever since his playmates went extinct.
1167,36,0,0,66,66,1.0,0.015267620413811482,599,Don't worry... He won't bite.
1072,36,0,0,72,72,1.0,0.013986355971611485,599,"I thought we were all clear at the end of the Cretaceous Period, but apparently not."
742,36,0,0,72,72,1.0,0.013986355971611485,599,"It's a police ankle monitor. Sorry, I can't leave the cave for three months."
282,36,0,0,72,72,1.0,0.013986355971611485,599,Atleast he's not humping anymore since we got him fixed.
5067,36,0,0,68,68,1.0,0.014815221273648994,599,Please tell me you brought the jaws of life
4898,36,0,0,68,68,1.0,0.014815221273648994,599,The judge says I have to wear him for another week.
4687,36,0,0,68,68,1.0,0.014815221273648994,599,The teething stage only lasts about six months.
4677,36,0,0,68,68,1.0,0.014815221273648994,599,Can I keep him? He just followed me home.
4543,36,0,0,68,68,1.0,0.014815221273648994,599,"We are still working on the concept ""fetch""."
1074,36,0,0,72,72,1.0,0.013986355971611485,599,"He keeps acting like this, he'll be extinct. The writing's on the wall."
4335,36,0,0,68,68,1.0,0.014815221273648994,599,I would love to join you but I’m on hold right now.
1782,36,0,0,68,68,1.0,0.014815221273648994,599,Do either of you own a jaws of life?
1763,36,0,0,68,68,1.0,0.014815221273648994,599,It’s time to call the dinosaur whisperer.
1280,36,0,0,68,68,1.0,0.014815221273648994,599,It's an ankle monitor lizard.
925,36,0,0,68,68,1.0,0.014815221273648994,599,It stays like this until I'm off of parole.
368,36,0,0,68,68,1.0,0.014815221273648994,599,"They say to get a pet to prepare for parenthood, so I think i’m ready."
5357,36,0,0,59,59,1.0,0.017094641498783945,599,I think I have a tick.
4110,36,0,0,59,59,1.0,0.017094641498783945,599,We're still working on capture and release.
429,36,0,0,59,59,1.0,0.017094641498783945,599,I think he has separation anxiety.”
2838,36,0,0,68,68,1.0,0.014815221273648994,599,We need a better way to test whether or not a dinosaur’s a carnivore.
1406,36,0,0,73,73,1.0,0.013793431476706131,599,So you can see clearly why I invented underpants.
2067,36,0,0,72,72,1.0,0.013986355971611485,599,We have different ideas about what feeding him might look like.
5206,36,0,0,72,72,1.0,0.013986355971611485,599,"Cave Man 1 to Cave Man 2 & 3 Thanks for visiting, unfortunately me being under house arrest leaves me very limited in terms of my mobility."
5223,36,0,0,75,75,1.0,0.013423121104280487,599,We haven’t worked on “Leave it” yet.
5428,36,0,0,53,53,1.0,0.019048482943986485,599,Judge make me wear monitor lizard.
4347,36,0,0,71,71,1.0,0.01418475390906605,599,Can he keep me?
4000,36,0,0,49,49,1.0,0.020619652471058063,599,He says I taste like chicken.
4515,36,0,0,58,58,1.0,0.017391961901349125,599,These miniature breeds are so high strung.
1246,36,0,0,58,58,1.0,0.017391961901349125,599,They said I can get it off in six weeks if I don't leave the property.
5228,36,0,0,67,67,1.0,0.015038019057934237,599,Don't ever marry the first one to say yes.
4686,36,0,0,67,67,1.0,0.015038019057934237,599,"...well leaving that aside for one minute, I’d like to turn your attention to the high vaulted ceilings, original artwork, commanding scenic views, why there’s even a wheel port for your wheel."
4872,36,0,0,72,72,1.0,0.013986355971611485,599,I'm under house arrest for another 60 days.
4305,36,0,0,67,67,1.0,0.015038019057934237,599,It’s the latest ankle bracelet from the F.B.I.
2571,36,0,0,67,67,1.0,0.015038019057934237,599,"If you think this is bad, you should hear its bark."
2426,36,0,0,67,67,1.0,0.015038019057934237,599,"After we get 'heel' down, we'll work on 'play extinct.'"
2367,36,0,0,67,67,1.0,0.015038019057934237,599,The shelter said not to worry: rescues can be possessive at first.
2065,36,0,0,67,67,1.0,0.015038019057934237,599,I think I'll name him Ankleosaurus.
1330,36,0,0,67,67,1.0,0.015038019057934237,599,House arrest in the Middle Pleistocene.
384,36,0,0,67,67,1.0,0.015038019057934237,599,He's a court-appointed monitor lizard.
251,36,0,0,67,67,1.0,0.015038019057934237,599,His bite is worse than his bark.
424,36,0,0,85,85,1.0,0.011834526708278772,599,It's a probationataurus.
4282,36,0,0,67,67,1.0,0.015038019057934237,599,"Ok, the next animal we try domesticating will be a dog."
898,36,0,0,57,57,1.0,0.01769980813511972,599,I will admit that on Tinder she said she liked men with good legs.
1705,36,0,0,96,96,1.0,0.010471347707292388,599,I made eye contact.
900,36,0,0,96,96,1.0,0.010471347707292388,599,"In a few millennia, they’ll call it a “cat”."
398,36,0,0,322,322,1.0,0.0031104236682463243,599,"No jail time, but I have to wear an ankle bracelet for three weeks."
546,36,0,0,214,214,1.0,0.004683853593942862,599,"The great thing is, he doesn’t shed."
84,36,0,0,278,278,1.0,0.003603609453148897,599,I'm hoping he'll be extinct soon.
3830,36,0,0,208,208,1.0,0.004819291099718669,599,"Before I fired him, Steve, here, was my Chief Strategist and sat on the National Security Council"
5060,36,0,0,238,238,1.0,0.00421053564662673,599,I'm just glad we chose the teacup.
3307,36,0,0,119,119,1.0,0.00843889368629713,599,I think I have foot in mouth disease.
3082,36,0,0,342,342,1.0,0.002928260825295339,599,You should hear his bark.
1588,36,0,0,209,209,1.0,0.00479617686047926,599,He blames me for the divorce
77,36,0,0,260,260,1.0,0.0038535717003858705,599,Some days you eat the stegosaurus. Other days it eats you.
1331,36,0,0,351,351,1.0,0.002853069950072753,599,He gets a little insecure when we have new people over.
4405,36,0,0,350,350,1.0,0.0028612332570284557,599,I’m done for ... save yourselves.
2502,36,0,0,322,322,1.0,0.0031104236682463243,599,I'm trying to teach him to heel.
5373,36,0,0,276,276,1.0,0.0036297700432031386,599,He probably heard us say we were having you over for lunch.
802,36,0,0,334,334,1.0,0.002998504119573427,599,The judge gave me six months of cave arrest.
2064,36,0,0,315,315,1.0,0.003179654256834183,599,"It's going to evolve into a loyal, loving companion called a cat."
1248,36,0,0,103,103,1.0,0.009756213637973549,599,My other option was to surrender my passport.
1161,36,0,0,382,382,1.0,0.0026212342302968346,599,"As a pet, they become quite attached to you."
1226,36,0,0,86,86,1.0,0.011696106429438607,599,"Yes, yes, I know. But he promised to make my cave great again."
322,36,0,0,267,267,1.0,0.003752351819949245,599,"Can’t make it out today, I’m still under cave arrest."
725,36,0,0,267,267,1.0,0.003752351819949245,599,What's eating you?
5432,36,0,0,251,251,1.0,0.003992023920278995,599,"Welcome home. Now, about my pet-sitter fee."
4300,36,0,0,239,239,1.0,0.004192881331359823,599,It qualifies as a pre-existing condition.
4772,36,0,0,278,278,1.0,0.003603609453148897,599,The plea bargain included cave confinement with an anklesaur bracelet.
4487,36,0,0,233,233,1.0,0.004301085214684212,599,"“Get a pet,” they said. “You’ll have fun,” they said."
1353,36,0,0,263,263,1.0,0.0038095307202434025,599,I got sentenced to 6 months cave arrest.
4946,36,0,0,261,261,1.0,0.0038387786642073225,599,It's an evolving relationship.
3738,36,0,0,274,274,1.0,0.00365631323976935,599,"""I'm under cave arrest until the trial by fire""."
4180,36,0,0,240,240,1.0,0.004175374443493083,599,Maybe I should just meet you there.
4036,36,0,0,300,300,1.0,0.003338902816470889,599,"Soon, one of us will be extinct."
1828,36,0,0,369,369,1.0,0.0027137067042743174,599,"I said ""heel"""
2392,36,0,0,297,297,1.0,0.0033726860771514703,599,The good news is no one notices my limp anymore!
3796,36,0,0,295,295,1.0,0.0033955906324394883,599,"Can we keep him, Mom? Please?"
1365,36,0,0,233,233,1.0,0.004301085214684212,599,Can he keep me?
4976,36,0,0,305,305,1.0,0.003284076676991934,599,Obviously the Judge considers me a flight risk.
431,36,0,0,303,303,1.0,0.0033057896397676355,599,He looked smaller in the cave painting.
4525,36,0,0,309,309,1.0,0.0032414953433084117,599,"He was shy at first, but we’ve become quite attached."
3163,36,0,0,306,306,1.0,0.003273326806326189,599,The judge said they'll take it off in two moons if I stay in my cave.
277,36,0,0,324,324,1.0,0.003091193800414762,599,Quick! Invent surgery!
836,36,0,0,297,297,1.0,0.0033726860771514703,599,"No Agatha, I don't think that's why its called an Ankylosaurus."
1915,36,0,0,267,267,1.0,0.003752351819949245,599,He gets so excited when I get back to the cave.
5495,36,0,0,249,249,1.0,0.004024153014985462,599,"She's a little possessive, true, but the thing is she makes me laugh."
4066,36,0,0,364,364,1.0,0.0027510342394036474,599,I hate demonstrating these security systems.
1145,36,0,0,120,120,1.0,0.008368274087557229,599,I really need to work on his separation anxiety issue.
3092,36,0,0,455,455,1.0,0.0022002213534027884,599,"Sorry, I can't go. I'm on cave arrest."
3474,36,0,0,415,415,1.0,0.0024125469904646753,599,He's looking for attention; just ignore him.
757,36,0,0,589,589,1.0,0.001699235957392166,599,""" Cave arrest......It'll be off by Summer""."
1597,36,0,0,450,450,1.0,0.002224695480886666,599,He's on the Paleo diet.
2104,36,0,0,520,520,1.0,0.00192492870677326,599,He’s a rescue. Who knows what he’s been through?
4970,36,0,0,46,46,1.0,0.021979349113192898,599,"In a smaller dinosaur, this would be considered a love bite."
5505,36,0,0,339,339,1.0,0.002954212971702187,599,His issues with attachment aren’t evolving the way we’d like.
1692,36,0,0,466,466,1.0,0.0021482289513658154,599,"On the bright side, he solved my rat problem"
4513,36,0,0,449,449,1.0,0.0022296557891202324,599,"It was either cave arrest, or death by triceratops."
1968,36,0,0,467,467,1.0,0.0021436239536769385,599,My mistake. I said don't bite the hand that feeds you.
4957,36,0,0,519,519,1.0,0.0019286412053172695,599,He should evolve out of it.
2434,36,0,0,431,431,1.0,0.0023228819383794078,599,They said his previous owners couldn't be found.
4753,36,0,0,428,428,1.0,0.002339182886483832,599,Fluffy? Are you sure that’s a good name?
616,36,0,0,570,570,1.0,0.0017559269278487229,599,He’s become very attached.
5077,36,0,0,366,366,1.0,0.002735980672225286,599,He thinks I’m the mailman.
5369,36,0,0,548,548,1.0,0.001826484779919168,599,House arrest I can take. What keeps gnawing at me is the guilt.
630,36,0,0,126,126,1.0,0.007968190728895957,599,I pled down to house arrest and an ankle monitor!
3906,36,0,0,270,270,1.0,0.0037105815252334914,599,Don't make eye contact...DO..NOT..MAKE..EYE CONTACT!
3730,36,0,0,551,551,1.0,0.0018165311761545943,599,He looked so sweet and helpless at the shelter.
1461,36,0,0,523,523,1.0,0.0019138764743833303,599,He is an Ankylosaurus.
5271,36,0,0,540,540,1.0,0.001853568914670293,599,I lost the other one in the laundry.
5568,36,0,0,348,348,1.0,0.002877700820560333,599,"Actually, his bark is worse."
3562,36,0,0,422,422,1.0,0.002372480910042612,599,"Other than that, I slept really well."
5064,36,0,0,453,453,1.0,0.0022099461005138884,599,He's a rescue with separation anxiety issues.
5040,36,0,0,473,473,1.0,0.002116403301365524,599,My big mistake was calling him Bannon.
1355,36,0,0,414,414,1.0,0.0024183814536175084,599,"The ankle monitor is a pain, but it beats sitting in jail"
2829,36,0,0,62,62,1.0,0.016260700012185932,599,This is our newest little ankle bitter.
4146,36,0,0,402,402,1.0,0.002490661956224961,599,Our relationship is evolving.
779,36,0,0,285,285,1.0,0.003514943916881019,599,At least he doesn't hump.
3942,36,0,0,412,412,1.0,0.0024301354512624943,599,I'm looking forward to being a cat person.
5066,36,0,0,56,56,1.0,0.01801874925391118,599,I'm actually more troubled by the anachronism.
4630,36,0,0,129,129,1.0,0.007782160079558629,599,"I got to keep the dog, she got everything else."
1348,36,0,0,192,192,1.0,0.00522194991430446,599,#MeToo
1706,36,0,0,430,430,1.0,0.002328290285487141,599,It was this or jail time.
2314,36,0,0,343,343,1.0,0.002919711140404599,599,I'm about to invent the lawsuit.
1360,36,0,0,446,446,1.0,0.0022446703250682608,599,How do you like my Jimmy Chew shoe?
4235,36,0,0,240,240,1.0,0.004175374443493083,599,"Well let me tell you, his bark is even worse."
1189,36,0,0,372,372,1.0,0.0026917924783793623,599,He's still at that clingy stage.
1646,36,0,0,481,481,1.0,0.0020811665794102908,599,I prefer to call it a strong sense of attachment.
4063,36,0,0,295,295,1.0,0.0033955906324394883,599,"The wheel will have to wait, I'm going to invent swearing."
1996,36,0,0,220,220,1.0,0.004555820475782052,599,"I'd sue the pet store, but I won't have a leg to stand on."
833,36,0,0,267,267,1.0,0.003752351819949245,599,after a couple of days you don't even know he's there
4604,36,0,0,267,267,1.0,0.003752351819949245,599,It's a prehistoric condition.
2091,36,0,0,173,173,1.0,0.005797125801881866,599,"It's not really his fault, he's a rescue."
87,36,0,0,175,175,1.0,0.005730682550612528,599,He's a rescue.
310,36,0,0,177,177,1.0,0.005665745113741708,599,Apparently I'm under cave arrest.
1541,36,0,0,153,153,1.0,0.0065574122947052805,599,I had no idea I was going to get this attached to him.
2930,36,0,0,156,156,1.0,0.00643090141188591,599,It's fine. She's just teething.
2187,36,0,0,156,156,1.0,0.00643090141188591,599,Our search for man's best friend continues.
1764,36,0,0,158,158,1.0,0.006349238343433311,599,"Yes, it's evolving into a problem."
1732,36,0,0,81,81,1.0,0.012422599874998832,599,How the Ankylosaurus got its name.
1128,36,0,0,190,190,1.0,0.005277063223844196,599,I'm inventing shoes for him to chew
838,36,0,0,190,190,1.0,0.005277063223844196,599,He's very attached to me.
2024,36,0,0,194,194,1.0,0.005167975909515774,599,They told us he was vegan.
870,36,0,0,195,195,1.0,0.005141405163241247,599,I don’t think we quite understand the food chain yet
3476,36,0,0,88,88,1.0,0.011428758022062361,599,"It’s called an ankle monitor, but I think it wants to eat me."
2438,36,0,0,180,180,1.0,0.0055710522538739635,599,"Call me the eternal optimist, but I see a future in which they will give us unconditional love."
5144,36,0,0,153,153,1.0,0.0065574122947052805,599,He really puts the sore in dinosaur
2099,36,0,0,184,184,1.0,0.005449611511042573,599,I'm beginning to regret rescuing him from extinction.
122,36,0,0,155,155,1.0,0.006472525803786884,599,He’s teething.
3992,36,0,0,172,172,1.0,0.005830928571177663,599,Yes I'm up for a walk but I can't do hills.
1233,36,0,0,170,170,1.0,0.005899730683441311,599,"I would, but it's an endangered species."
2195,36,0,0,170,170,1.0,0.005899730683441311,599,I couldn't care less whether it's an alligator or a crocodile.
869,36,0,0,169,169,1.0,0.005934744229311227,599,"So, like I said, he needs his suppositories three times a day, prefers tuna steaks for meals, and he LOVES kids."
4285,36,0,0,172,172,1.0,0.005830928571177663,599,"He's a great companion, completely housebroken, eats anything."
3552,36,0,0,172,172,1.0,0.005830928571177663,599,I am thinking of inventing fire so we can barbeque him.
227,36,0,0,172,172,1.0,0.005830928571177663,599,I'm on cave arrest.
4493,36,0,0,136,136,1.0,0.0073801240461674605,599,Extinct my foot !
5447,36,0,0,176,176,1.0,0.005698028822981898,599,Help me find his chew toy.
2886,36,0,0,178,178,1.0,0.005633825168959909,599,The judge gave me thirty days of cave arrest and an ankle monitor.
2025,36,0,0,161,161,1.0,0.0062305598284903355,599,So far it has cost me an arm.
3090,36,0,0,141,141,1.0,0.007117482792171623,599,He loves having people for dinner.
1985,36,0,0,188,188,1.0,0.005333352296397433,599,"Dont' worry, he doesn't shed."
4539,36,0,0,164,164,1.0,0.006116236550659085,599,I think we should try once more domesticating that wolf instead
2714,36,0,0,170,170,1.0,0.005899730683441311,599,"Yea, I stopped work on the wheel so I could focus all of my energies on inventing the muzzle."
1456,36,0,0,170,170,1.0,0.005899730683441311,599,He suffers from separation anxiety.
3971,36,0,0,149,149,1.0,0.00673404490507766,599,"She is supposed to evolve, but it is taking forever."
4142,36,0,0,130,130,1.0,0.007722065279990304,599,It’s not so much the biting. It’s the licking.
2875,36,0,0,182,182,1.0,0.005509662779839086,599,It’s cheaper than a leash
2487,36,0,0,182,182,1.0,0.005509662779839086,599,It's a Legosaurus.
827,36,0,0,70,70,1.0,0.014388861576723854,599,He has separation anxiety.
2176,36,0,0,187,187,1.0,0.0053619495646457585,599,"He doesn't bark........so yes, the bite is much worse."
1777,36,0,0,148,148,1.0,0.006779699969660707,599,I hate the teething stage.
1313,36,0,0,188,188,1.0,0.005333352296397433,599,"I would sue, but I don't have a leg to stand on."
3506,36,0,0,157,157,1.0,0.006389808969292711,599,"C’mon in, just try not to wake up her big brother."
452,36,0,0,132,132,1.0,0.007604617709126885,599,House arrest.
5391,36,0,0,174,174,1.0,0.005763712694751479,599,"The original plan was to eat him, but then we got attached."
3004,36,0,0,179,179,1.0,0.005602262874851368,599,Apparently I owe more than $350 in outstanding parking violations.
5103,36,0,0,188,188,1.0,0.005333352296397433,599,Good question. Where IS my wife?
1077,36,0,0,202,202,1.0,0.004962794435043854,599,"Honestly, I wouldn't have noticed it if you hadn't said anything."
3640,36,0,0,228,228,1.0,0.004395615011762637,599,Please crop him out of the cave painting.
1143,36,0,0,228,228,1.0,0.004395615011762637,599,I got three months probation and I can’t go more than 50 feet from the cave.
890,36,0,0,252,252,1.0,0.003976150998887248,599,It was cute when he was little.
521,36,0,0,250,250,1.0,0.004008024080281012,599,I’d rather you amputate his head.
3756,36,0,0,216,216,1.0,0.004640383719914204,599,Is this what they mean by Snapchat?
1526,36,0,0,248,248,1.0,0.004040412285310494,599,"Apparently, I just have to wait for him to die out."
1698,36,0,0,242,242,1.0,0.0041407956243116086,599,He's a wonderful pet but it costs an arm and a leg to feed him.
4363,36,0,0,239,239,1.0,0.004192881331359823,599,I guess house arrest is better than being in jail.
1694,36,0,0,261,261,1.0,0.0038387786642073225,599,I call it a 'Fitbit.'
4760,36,0,0,238,238,1.0,0.00421053564662673,599,"No, he's not an armadillo, he's a legadillo."
127,36,0,0,222,222,1.0,0.004514684188683611,599,It's the weirdest thing- it takes away my back pain!
4679,36,0,0,262,262,1.0,0.0038240987685076605,599,"Actually, teaching him not to pee in the cave was a lot worse."
931,36,0,0,244,244,1.0,0.004106784838636516,599,All those unpaid parking tickets finally caught up with me.
1863,36,0,0,284,284,1.0,0.003527342346620086,599,Let's keep looking. I have a bad feeling about this one.
503,36,0,0,244,244,1.0,0.004106784838636516,599,His bark is worse than his bite.
1905,36,0,0,626,626,1.0,0.0015987215339548632,599,Forget the wheel. Someone needs to invent the Frisbee.
4625,36,0,0,198,198,1.0,0.005063307365215441,599,"I mean yeah it hurts, but its not like I can afford insurance in this economy."
107,36,0,0,175,175,1.0,0.005730682550612528,599,Obviously not as extinct as you might think.
1332,36,0,0,200,200,1.0,0.005012547071170855,599,"This just started, I think it's the new cave."
5008,36,0,0,201,201,1.0,0.004987546680538165,599,Regretfully I won’t be able to attend the Bronze Age.
2692,36,0,0,201,201,1.0,0.004987546680538165,599,It's from the government and it's here to help us.
5349,36,0,0,202,202,1.0,0.004962794435043854,599,It’s not news unless I bite him.
2379,36,0,0,202,202,1.0,0.004962794435043854,599,"I considered getting a ""dog"", but I hear that their bark is even worse than their bite."
4648,36,0,0,151,151,1.0,0.006644554941850954,599,I always manage to lose one when I do laundry.
2859,36,0,0,189,189,1.0,0.005305058450660253,599,...and the sellers are also including their burglar alarm system.
5292,36,0,0,190,190,1.0,0.005277063223844196,599,My parole officer says it comes off in 6 weeks with good behavior.
5252,36,0,0,198,198,1.0,0.005063307365215441,599,I'm still glad we didn't get a cat.
1666,36,0,0,190,190,1.0,0.005277063223844196,599,"Jim, did you forget to feed the legosaurus?"
210,36,0,0,115,115,1.0,0.008733707726295862,599,The court ordered me to wear it until the end of the stone age.
3420,36,0,0,192,192,1.0,0.00522194991430446,599,You were right. Pet's really do tie you down.
2956,36,0,0,193,193,1.0,0.005194822718271142,599,You never really know what you’re getting with a rescue.
226,36,0,0,194,194,1.0,0.005167975909515774,599,I need to invent the Chew Toy.
3453,36,0,0,162,162,1.0,0.006191980139726142,599,"On the plus-side, he’s using the litter box now."
247,36,0,0,165,165,1.0,0.006079055436800646,599,Have either of you seen Ethel?.
1070,36,0,0,168,168,1.0,0.005970175852925607,599,I wouldn't mind letting him go extinct.
796,36,0,0,173,173,1.0,0.005797125801881866,599,Is it really that noticeable?
3977,36,0,0,191,191,1.0,0.005249361913223779,599,I just have to wait it out until he goes extinct.
4637,36,0,0,113,113,1.0,0.008888976681684724,599,This was the condition for my cave arrest
714,36,0,0,597,597,1.0,0.0016764465235692483,599,It's a metaphysical question. Do we own our pets or do they own us?
111,36,0,0,673,673,1.0,0.001486989258575604,599,Go without me. I'm under house arrest.
4486,36,0,0,836,836,1.0,0.0011968883052874755,599,"He's a Tyrannodoodle, so he's hypoallergenic."
4113,36,0,0,1966,1966,1.0,0.0005087764092376896,599,We're still working on 'heel.'
4927,36,0,0,1731,1731,1.0,0.000577867692424954,599,"As far as I'm concerned, they can't become extinct fast enough."
2140,36,0,0,1607,1607,1.0,0.0006224712408551537,599,He always knows when we're going on a trip.
2349,36,0,0,1848,1848,1.0,0.0005412720089969812,599,It's called a FitBit.
3177,36,0,0,1723,1723,1.0,0.0005805515484063928,599,Apparently I taste like chicken...
1580,36,0,0,1947,1947,1.0,0.0005137426318990167,599,Mom? Dad? Does our healthcare cover prehistoric conditions?
253,36,0,0,2709,2709,1.0,0.0003692080550265178,599,It's time for his walk.
5513,36,0,0,1679,1679,1.0,0.0005957700592003244,599,"All I said was ""Heel."""
193,36,0,0,1601,1601,1.0,0.0006248047790050767,599,"They said ""Adopt two so they can play with each other"", but I didn't listen."
4624,36,0,0,2419,2419,1.0,0.0004134794382347139,599,It counts my steps.
1725,36,0,0,1538,1538,1.0,0.0006504065384576142,599,I'm on cave arrest until my hearing
481,36,0,0,1651,1651,1.0,0.0006058770347687802,599,Is Ouch a word yet?
4393,36,0,0,2603,2603,1.0,0.0003842459244786229,599,I thought Crocs were supposed to be comfortable!
1319,36,0,0,563,563,1.0,0.0017777784801101554,599,"My God, we all have one eye!"
1873,36,0,0,987,987,1.0,0.0010136848742469536,599,He's gotten very attached to me.
1499,36,0,0,2388,2388,1.0,0.0004188481767242824,599,I'd love to but I'm still under cave arrest.
3823,36,0,0,1690,1690,1.0,0.000591891117959092,599,"With all this talk of extinction, he's afraid of being left alone."
974,36,0,0,1919,1919,1.0,0.0005212405702170789,599,I got three months cave arrest and an Ankylosaurus monitor.
5266,36,0,0,1699,1699,1.0,0.000588754809142789,599,We're still having some attachment issues.
5041,36,0,0,1319,1319,1.0,0.0007584376730401672,599,House arrest -- ankle monitor.
4491,36,0,0,1531,1531,1.0,0.0006533812828248194,599,I caught it. You cook it.
591,36,0,0,639,639,1.0,0.0015661711928135922,599,He's become attached to me.
5338,36,0,0,1099,1099,1.0,0.0009103323655786269,599,I forgot the password.
536,36,0,0,939,939,1.0,0.0010655302524446774,599,"Well I would have gotten a cat, but I'm allergic."
5451,36,0,0,938,938,1.0,0.0010666668183704027,599,How do I disable the alarm again?
2312,36,0,0,803,803,1.0,0.0012461061608692232,599,He's a purebred. Cost me an arm and a leg!
3946,36,0,0,1457,1457,1.0,0.0006865774520587525,599,Somethings been gnawing at me lately.
4939,36,0,0,1512,1512,1.0,0.000661594478804767,599,"As far as I'm concerned, they can't become extinct fast enough."
5331,36,0,0,2200,2200,1.0,0.0004546487955618052,599,He's on the caveman diet.
4343,36,0,0,1508,1508,1.0,0.0006633499535682544,599,We're still working on 'heel.'
490,36,0,0,1926,1926,1.0,0.0005193456420228441,599,Let's pick something else to call man's best friend.
2701,36,0,0,1527,1527,1.0,0.0006550933859439348,599,"He'll sit, lie down, and fetch, but he's unclear on 'Heel."""
1164,36,0,0,761,761,1.0,0.0013149246760398943,599,He was a wedding present from my mother-in-law!
5350,36,0,0,1056,1056,1.0,0.00094741839147342,599,Something about him just grabbed me.
1316,36,0,0,1005,1005,1.0,0.0009955202826108227,599,But he's a total chick magnet.
2582,36,0,0,1633,1633,1.0,0.0006125574559897877,599,It only hurts when I move or when I don't move.
5013,36,0,0,1789,1789,1.0,0.000559127782542904,599,Have either of you seen my other Croc?
5175,36,0,0,2145,2145,1.0,0.0004663091756495829,599,"Hey guys, have you seen my other croc?"
4132,36,0,0,811,811,1.0,0.0012338065271866752,599,"Actually, our relationship is evolving."
2037,36,0,0,684,684,1.0,0.0014630581822492608,599,The Vet says it might be separation anxiety.
2300,36,0,0,1093,1093,1.0,0.0009153319036421567,599,All I said was he'd make a beautiful pair of shoes?
1544,36,0,0,1950,1950,1.0,0.0005129520558553352,599,I found out why they call him an ankylosauros.
2873,36,0,0,3534,3534,1.0,0.000283005521440927,599,"So far he understands Sit, Fetch, and Roll Over but Heel is painfully problematic."
4594,36,0,0,2451,2451,1.0,0.0004080799921714588,599,"As soon as we discover fire, we're going to eat him."
3785,36,0,0,3163,3163,1.0,0.0003162055375488514,599,Turns out... the bark wasn't that bad.
4671,36,0,0,1663,1663,1.0,0.0006015037866020148,599,He's a rescue. Ate his last family.
1723,36,0,0,1701,1701,1.0,0.0005880623600277369,599,"On the plus side, he doesn't shed."
3694,36,0,0,1665,1665,1.0,0.0006007810424254921,599,Achilles? What kind of a name is Achilles?
135,36,0,0,3712,3712,1.0,0.00026943284630856994,599,I'm under cave arrest.
3270,36,0,0,3502,3502,1.0,0.0002855918921020537,599,"My wife said to ignore it, since what it wants is attention; but then again, my wife is missing."
2784,36,0,0,3770,3770,1.0,0.0002652871756989417,599,It counts your steps and keeps your heart-rate up.
132,36,0,0,4063,4063,1.0,0.0002461538480182067,599,"""I believe I accidentally set off your security system""."
534,36,0,0,3690,3690,1.0,0.0002710394387268728,599,Somebody carve 9-1-1.
3731,36,0,0,3592,3592,1.0,0.00027843519690679935,599,The doctor said it will eventually just go extinct.
1940,36,0,0,3572,3572,1.0,0.00027999440285583315,599,"He has trouble with ""heel"" and for God's sake please don't say B - A - L - L."
270,36,0,0,1754,1754,1.0,0.0005702880186219288,599,Have you seen my other Croc?
4874,36,0,0,3707,3707,1.0,0.00026979630624544875,599,Yes he’s a herbivore. Unfortunately I’m Herb.
2658,36,0,0,3676,3676,1.0,0.00027207182947976735,599,It's only on for a month and then just some community service
3256,36,0,0,1959,1959,1.0,0.0005105948596315487,599,"Home confinement isn't so bad, but the ankle bracelet is killing me."
1363,36,0,0,3204,3204,1.0,0.0003121585803590986,599,"I have this idea called ""pet"", but I haven't ironed out all the details."
2009,36,0,0,3282,3282,1.0,0.0003047386901137311,599,I can't understand why people think these Crocs are so comfortable.
1076,36,0,0,3324,3324,1.0,0.0003008876218795457,599,It would mean a lot if you guys didn't cave-paint this.
3704,36,0,0,3019,3019,1.0,0.00033129038055960394,599,"Luckily for me, I have Obamacare and they're still covering prehistoric conditions."
2186,36,0,0,2276,2276,1.0,0.00043946386470712406,599,"He understood the ""Heel"" command right away."
3416,36,0,0,1966,1966,1.0,0.0005087764092376896,599,Fuck the New Yorker. There's nothing funny about this!
4765,36,0,0,2397,2397,1.0,0.0004172752020716979,599,"Actually, his bark is worse."
1843,36,0,0,2798,2798,1.0,0.0003574620253699329,599,"""Would you mind turning-off your home security system""!"
1144,36,0,0,2231,2231,1.0,0.00044832998212282954,599,The good news is he's nearly extinct.
124,36,0,0,2542,2542,1.0,0.0003934684317734313,599,He is costing me an arm and a leg to feed.
3507,36,0,0,2834,2834,1.0,0.0003529204219407457,599,The garbage disposal is acting up again.
4273,36,0,0,910,910,1.0,0.001099505388800441,599,You always find an excuse for not going out to dinner with us.
4564,36,0,0,1887,1887,1.0,0.0005300821813535061,599,Forget the wheel. Can you invent the chew toy?
777,36,0,0,2761,2761,1.0,0.00036225322093947634,599,Just give me a minute to disarm the security system.
2000,36,0,0,2854,2854,1.0,0.00035044682507503843,599,"A little obedience training, and a couple million years of evolution, and you're looking at man's best friend."
3133,36,0,0,2685,2685,1.0,0.00037250885354641667,599,Monitor lizard.
1041,36,0,0,1375,1375,1.0,0.0007275373344225679,599,Have you seen my other Croc?
4670,36,0,0,2585,2585,1.0,0.00038692204245060287,599,Let me give you some advice: don’t try to drain the swamp
1078,36,0,0,2669,2669,1.0,0.0003747423712025409,599,Before I leave there's something that's been gnawing at me.
129,36,0,0,2990,2990,1.0,0.00033450410235377965,599,He was so cute as an egg.
2790,36,0,0,2929,2929,1.0,0.00034147174819032587,599,"Since the meteor hit, he's become very clingy."
2867,36,0,0,3125,3125,1.0,0.0003200512122912777,599,I am so ready for mammals.
2045,36,0,0,2419,2419,1.0,0.0004134794382347139,599,"Yes, well, perhaps 'domesticated' is too strong a word."
1516,36,0,0,975,975,1.0,0.001026167400336001,599,"Well the Henderson's had such great success with domesticating the dog, and the Taylor's with the sheep - I just thought to myself, ""How hard can it be?"""
1785,36,0,0,559,559,1.0,0.001790511012965319,599,...and they asked me if I'd tried turning it off and back on again.
1907,36,0,0,1262,1262,1.0,0.0007927071569941153,599,I think he's on the Paleo diet.
4849,36,0,0,792,792,1.0,0.0012634241308023333,599,"Sorry, not ready to go out yet. I have to finish shaving my legs."
2227,36,0,0,790,790,1.0,0.0012666246998635164,599,I forgot to disable the alarm.
405,36,0,0,832,832,1.0,0.0012026460382377274,599,...only when it laughs.
4795,36,0,0,80,80,1.0,0.01257886513566569,599,I don’t mind the house arrest but I hate the ankle bracelet.
2700,36,0,0,856,856,1.0,0.001168907271528944,599,"Shouldn't have said, ""Heel!"""
2768,36,0,0,692,692,1.0,0.0014461319760118254,599,"Hi, my name is Achilles."
5165,36,0,0,382,382,1.0,0.0026212342302968346,599,She gets upset when I try to leave for work.
2719,36,0,0,494,494,1.0,0.002026343491911574,599,I just said 'heel'.
944,36,0,0,927,927,1.0,0.0010793309720662793,599,Ankle bitelet - house arrest.
5491,36,0,0,717,717,1.0,0.0013956737522513932,599,We have a safe word.
5348,36,0,0,157,157,1.0,0.006389808969292711,599,Possessive? How do you mean?
4821,36,0,0,742,742,1.0,0.0013486179734946446,599,The breeder told us he's emotionally VERY stable and VERY intelligent.
3663,36,0,0,702,702,1.0,0.0014255171119206662,599,So I was going to club him but turns out he's on the endangered species list.
4294,36,0,0,879,879,1.0,0.0011383041115162415,599,What can I say? He’s a rescue.
5295,36,0,0,561,561,1.0,0.0017841220301272936,599,I've just invented pliers.
5550,36,0,0,155,155,1.0,0.006472525803786884,599,The good thing is he doesn't bark.
1733,36,0,0,859,859,1.0,0.0011648225621449456,599,The exterminator comes on Wednesdays. Would you like to see the rest of the cave?
4618,36,0,0,724,724,1.0,0.001382170336972117,599,"House arrest isn’t so bad, but this ankle bracelet is starting to chafe"
1716,36,0,0,655,655,1.0,0.0015278843266673368,599,"Okay, who left the door uninvented?"
2033,36,0,0,686,686,1.0,0.0014587895930099916,599,Looks like dinner's on me!
767,36,0,0,343,343,1.0,0.002919711140404599,599,"I wouldn't say he's my BEST friend, but he's growing on me."
4276,36,0,0,677,677,1.0,0.0014781970038924767,599,I’m still on cave arrest
2577,36,0,0,698,698,1.0,0.0014336921246367103,599,I was put on cave arrest.
1695,36,0,0,61,61,1.0,0.016529490122682157,599,He's very loyal.
4284,36,0,0,473,473,1.0,0.002116403301365524,599,I'm really more of a cat person.
4512,36,0,0,401,401,1.0,0.0024968808471946117,599,But enough about me. How was the show?
2246,36,0,0,515,515,1.0,0.0019436355145087758,599,Meet my wife's divorce lawyer.
2265,36,0,0,421,421,1.0,0.002378122965358751,599,"Apparently, his mother was a world-famous handbag."
5351,36,0,0,540,540,1.0,0.001853568914670293,599,"Well, this will shock no one, but Spike failed obedience training. Again."
4657,36,0,0,927,927,1.0,0.0010793309720662793,599,I'm hoping he'll be extinct soon.
479,36,0,0,67,67,1.0,0.015038019057934237,599,We're very close.
830,36,0,0,768,768,1.0,0.0013029318725783852,599,He cost me an arm and a leg.
1521,36,0,0,642,642,1.0,0.0015588469271245857,599,I still think I can pass him off as my emotional support animal.
1166,36,0,0,375,375,1.0,0.0026702293491727637,599,Don’t worry. He is a trained service animal.
4831,36,0,0,472,472,1.0,0.00212089196664408,599,It’s my pet peeve.
3132,36,0,0,61,61,1.0,0.016529490122682157,599,It hurt at first but you get used it.
4949,36,0,0,134,134,1.0,0.007490689241787027,599,"I thought the pet-sitting ad said, ""Playful and loving,"" not ""Painful and numbing."""
1731,36,0,0,68,68,1.0,0.014815221273648994,599,He followed me home.
399,36,0,0,95,95,1.0,0.010582158705422128,599,His name is Chewy.
1320,36,0,0,414,414,1.0,0.0024183814536175084,599,He's just teething.
2131,36,0,0,842,842,1.0,0.00118835433930272,599,The alternative was a monkey on my back.
3262,36,0,0,855,855,1.0,0.0011702752149713226,599,"I can come with you, but he's going to be a drag."
1470,36,0,0,737,737,1.0,0.0013577735647571012,599,"He knows “fetch”, and we’re working on “drop it”."
4993,36,0,0,598,598,1.0,0.0016736407533625274,599,Turns out it’s a “gatored” community
1829,36,0,0,1055,1055,1.0,0.0009483168443936447,599,It's a new kind of currency called bitecoin.
2085,36,0,0,1056,1056,1.0,0.00094741839147342,599,"So if you could just make the petroglyph showing me with a spear chasing this guy, I think the anthropologists would be more impressed with who we were as a people."
4102,36,0,0,1028,1028,1.0,0.0009732361249621045,599,He’s a rescue and we’re working through a few issues.
3196,36,0,0,1115,1115,1.0,0.0008972634370885638,599,Maybe we should try domesticating wolves instead.
2627,36,0,0,1142,1142,1.0,0.0008760403818929823,599,I'll wait here while you invent tools.
1173,36,0,0,861,861,1.0,0.0011621152455711403,599,They told me about attachment issues but I never expected this.
1044,36,0,0,1017,1017,1.0,0.0009837679498031627,599,Unfortunately I can only demonstrate this security system once.
579,36,0,0,570,570,1.0,0.0017559269278487229,599,Extinct my ass.
2471,36,0,0,1261,1261,1.0,0.0007933360402005204,599,It's not the breed; it's how they're raised.
621,36,0,0,673,673,1.0,0.001486989258575604,599,It won't be quite so cute when he weighs 20 tons.
4280,36,0,0,1241,1241,1.0,0.0008061266273518856,599,He still has some attachment issues.
2330,36,0,0,1192,1192,1.0,0.000839278294627363,599,It lets me know when I reach ten thousand steps.
2400,36,0,0,1214,1214,1.0,0.0008240626987102702,599,I think he's just pulling my leg.
893,36,0,0,627,627,1.0,0.0015961697022660241,599,"Yah, I posted bail - but Judge Ogg thought I was a flight risk."
2515,36,0,0,660,660,1.0,0.001516300663223535,599,He’s great with kids though
3771,36,0,0,1123,1123,1.0,0.0008908686852613558,599,In this instance the bark isn't worse .
648,36,0,0,997,997,1.0,0.0010035124193473548,599,"You can't defeat the ankle monitor, but it can de-feet you."
1869,36,0,0,593,593,1.0,0.0016877643140396355,599,"Sarah said; See you later, alligator. I said; Catch you in a while crocodile... I guess he thought we were mocking him..."
2705,36,0,0,186,186,1.0,0.005390855162578571,599,"""I just start biting them. It's like a magnet. Just bite. I don't even wait. And when you're a dinosaur, they let you do it. You can do anything. Grab 'em by the tibia""."
2712,36,0,0,543,543,1.0,0.0018433187552588277,599,The ankle monitor should come off after my next court hearing.
2179,36,0,0,569,569,1.0,0.0017590156319558915,599,"I'm under cave arrest, this is my ankle monitor."
3547,36,0,0,624,624,1.0,0.0016038497538760263,599,He's become quite attached to me.
5095,36,0,0,1010,1010,1.0,0.0009905895221975658,599,Can't go. I'm still under cave arrest.
5053,36,0,0,1073,1073,1.0,0.0009324010337262985,599,Our fault ... we trained him to hunt for bones.
4502,36,0,0,619,619,1.0,0.0016168154030096241,599,Just four more weeks of cave arrest and the ankle monitor lizard comes off.
4576,36,0,0,891,891,1.0,0.0011229648036285584,599,All I can say is do NOT ignore parking tickets.
741,36,0,0,1095,1095,1.0,0.0009136593004537772,599,Unfortunately I can't go to the hospital - it's not a pre-historic condition.
2152,36,0,0,360,360,1.0,0.0027816438586713544,599,Bob Mueller says it will come off after I testify.
239,36,0,0,935,935,1.0,0.0010700911109008699,599,"Trust me, crocks are the next big thing in footwear."
866,36,0,0,1048,1048,1.0,0.0009546540467021834,599,"I agree that dinosaurs died out long before the first hominids, but that statement, as valid as it is, doesn't really solve my problem."
362,36,0,0,832,832,1.0,0.0012026460382377274,599,"No, he just ate Stephanie so we're good for a couple of hours till he's hungry again. Come on in!"
2147,36,0,0,1122,1122,1.0,0.0008916630400203898,599,Sorry...still on cave arrest
3923,36,0,0,739,739,1.0,0.0013540964511809391,599,I can't go anywhere without him.
4236,36,0,0,498,498,1.0,0.00201005126640831,599,"I can't go, I'm grounded tonight."
2841,36,0,0,1075,1075,1.0,0.0009306655265400507,599,He is pretty much housebroken but we still have to work on his separation anxiety.
2280,36,0,0,1020,1020,1.0,0.000980873094913189,599,The upside is I made bail.
450,36,0,0,549,549,1.0,0.0018231548140138526,599,Has he had his shots?
1300,36,0,0,807,807,1.0,0.001239925842748907,599,"We're still having a problem with ""Heel""."
854,36,0,0,613,613,1.0,0.0016326536052157859,599,He identifies as a predator.
5539,36,0,0,881,881,1.0,0.0011357185249654266,599,At least he doesn't shed.
531,36,0,0,130,130,1.0,0.007722065279990304,599,You'll actually find her quite charming once the numbness sets in.
4600,36,0,0,55,55,1.0,0.018349396085439344,599,I can't come. I'm under cave arrest.
4616,36,0,0,146,146,1.0,0.006872892814876451,599,I can't wait for the leash to be invented.
2946,36,0,0,109,109,1.0,0.009216687726822183,599,"Forgot to feed him again, didn't you?"
2681,36,0,0,109,109,1.0,0.009216687726822183,599,"He's at that I'm-gonna-bite-off-your-leg age, but he's such a sweetheart."
2516,36,0,0,109,109,1.0,0.009216687726822183,599,"He's a rescue, but he seems to resent me."
1252,36,0,0,109,109,1.0,0.009216687726822183,599,It's a codependasaurus.
1132,36,0,0,109,109,1.0,0.009216687726822183,599,"Believe me, his bark is much worse!"
1048,36,0,0,109,109,1.0,0.009216687726822183,599,"Please listen carefully, as our menu options have recently changed."
932,36,0,0,109,109,1.0,0.009216687726822183,599,He's my home arrest monitor...
1970,36,0,0,117,117,1.0,0.008583770043743413,599,"Is that an alligator shoe, or a Croc?"
4386,36,0,0,102,102,1.0,0.009852336290568345,599,The look makes more sense with the matching handbag
3220,36,0,0,102,102,1.0,0.009852336290568345,599,Did either of you bring the Jaws of Life?
3081,36,0,0,102,102,1.0,0.009852336290568345,599,The vet thinks it might be separation anxiety.
5160,36,0,0,110,110,1.0,0.009132515299544463,599,I'm beginning to think there might be other animals out there who are better suited for domestication.
4154,36,0,0,110,110,1.0,0.009132515299544463,599,Any word from the exterminator?
2645,36,0,0,110,110,1.0,0.009132515299544463,599,Yeah. Grounded.
949,36,0,0,118,118,1.0,0.008510715353136088,599,He is a herding dinasour. He will not let me leave the cave.
3672,36,0,0,71,71,1.0,0.01418475390906605,599,Turns out he's an omnivore.
1844,36,0,0,71,71,1.0,0.01418475390906605,599,We're pretty sure he'll eventually evolve into a chihuahua.
4593,36,0,0,109,109,1.0,0.009216687726822183,599,"I swear, I paid that ticket months ago."
2338,36,0,0,101,101,1.0,0.00995037190209989,599,It was a rescue dinosaur
3308,36,0,0,62,62,1.0,0.016260700012185932,599,"It’s not the breed, it’s how they were raised."
3824,36,0,0,116,116,1.0,0.008658089785895598,599,The vet says it's just the age he's going through.
641,36,0,0,82,82,1.0,0.012270169563871839,599,"Unfortunately, he has attachment issues."
5465,36,0,0,112,112,1.0,0.00896870004167719,599,He's a leg man.
332,36,0,0,120,120,1.0,0.008368274087557229,599,The shelter said he has abandonment issues.
5431,36,0,0,113,113,1.0,0.008888976681684724,599,With any luck he will be extinct in a few months.
1452,36,0,0,53,53,1.0,0.019048482943986485,599,I was sentenced to home confinement.
5522,36,0,0,91,91,1.0,0.011049892402196598,599,I’m just happy I got my underwear on before it happened.
4024,36,0,0,91,91,1.0,0.011049892402196598,599,The jail cave is full so the judge sentenced me to house arrest.
2071,36,0,0,91,91,1.0,0.011049892402196598,599,Cave arrest. And not permitted to carry a club for six months.
637,36,0,0,95,95,1.0,0.010582158705422128,599,"Get a pet, they said. It'll be fun, they said."
3688,36,0,0,114,114,1.0,0.008810658179868874,599,He is a mini tyrannodoodle.
3417,36,0,0,84,84,1.0,0.011976262619132589,599,They are extinct but this one keeps clinging on.
2620,36,0,0,107,107,1.0,0.009389774844349512,599,He’s pretty attached to me.
4645,36,0,0,69,69,1.0,0.014598929061844594,599,"Oh, Mom! All the kids are wearing them."
769,36,0,0,100,100,1.0,0.01005037815259212,599,This ankle monitor is getting to be a real pain.
5221,36,0,0,108,108,1.0,0.009302426203099127,599,He prefers meat on the bone.
4764,36,0,0,108,108,1.0,0.009302426203099127,599,"It says to cover his head with petroleum jelly or tug firmly with tweezers, but maybe I misidentified what it is?"
1876,36,0,0,108,108,1.0,0.009302426203099127,599,Since we rescued him from the shelter he's become very attached.
1589,36,0,0,108,108,1.0,0.009302426203099127,599,It's only news when I bite him.
5502,36,0,0,84,84,1.0,0.011976262619132589,599,"And then I said, “You’re just pulling my leg.”"
571,36,0,0,111,111,1.0,0.009049866402333346,599,Got a launch date yet for those pliers you've been working on?
5424,36,0,0,111,111,1.0,0.009049866402333346,599,"Believe it or not, it's a service lizard."
5000,36,0,0,56,56,1.0,0.01801874925391118,599,My parole officer said it'll come off in a few weeks.
2272,36,0,0,107,107,1.0,0.009389774844349512,599,"Sorry, I'm on home confinement."
553,36,0,0,107,107,1.0,0.009389774844349512,599,He's having difficulty with the 'heel' command.
188,36,0,0,107,107,1.0,0.009389774844349512,599,"Next time I watch him, leave his chew toy."
5246,36,0,0,116,116,1.0,0.008658089785895598,599,A roommate is a small price to pay. Have you seen these ceilings?
5097,36,0,0,116,116,1.0,0.008658089785895598,599,...we aren't quite sure. He's a rescue.
4274,36,0,0,116,116,1.0,0.008658089785895598,599,"On the flip side, I've discovered a new species."
1163,36,0,0,116,116,1.0,0.008658089785895598,599,You told me these things were extinct!
2164,36,0,0,108,108,1.0,0.009302426203099127,599,I was lucky. Just house arrest and an ankle monitor.
1841,36,0,0,108,108,1.0,0.009302426203099127,599,It’s a new thing called “house arrest.”
1381,36,0,0,108,108,1.0,0.009302426203099127,599,The vet says it’s just separation anxiety.
1029,36,0,0,108,108,1.0,0.009302426203099127,599,It turns out that domesticating an animal takes a few generations.
864,36,0,0,108,108,1.0,0.009302426203099127,599,It's a service dinosaur.
5272,36,0,0,117,117,1.0,0.008583770043743413,599,Can the old ball and chain come too?
3050,36,0,0,117,117,1.0,0.008583770043743413,599,"Actually, the worst part of house arrest isn't the loss of freedom; it's the gnawing guilt."
2968,36,0,0,117,117,1.0,0.008583770043743413,599,This cave is going to cost you an arm and a leg.
1908,36,0,0,117,117,1.0,0.008583770043743413,599,So until the trial I've been put on house arrest.
1745,36,0,0,117,117,1.0,0.008583770043743413,599,"Give him time, he's still evolving."
5493,36,0,0,107,107,1.0,0.009389774844349512,599,"It's better than prison, but if I go more than 50 feet from the cave, it will eat me."
2052,36,0,0,115,115,1.0,0.008733707726295862,599,He's become very attached to me lately.
4791,36,0,0,115,115,1.0,0.008733707726295862,599,It's better than an albatross around the neck
4247,36,0,0,82,82,1.0,0.012270169563871839,599,I think I'm more of a cat person.
4981,36,0,0,80,80,1.0,0.01257886513566569,599,"High ceilings, open loft layout and the best part, pet friendly."
3489,36,0,0,112,112,1.0,0.00896870004167719,599,"Actually, I prefer it. His bark is worse than his bite."
2890,36,0,0,112,112,1.0,0.00896870004167719,599,You were right. We should try to domesticate bears.
2863,36,0,0,112,112,1.0,0.00896870004167719,599,The doctor said to keep it on until Thursday
1014,36,0,0,112,112,1.0,0.00896870004167719,599,I've been naturally selected
409,36,0,0,121,121,1.0,0.008298826628866152,599,It's just a little love bite.
5239,36,0,0,113,113,1.0,0.008888976681684724,599,She finally snapped.
4885,36,0,0,113,113,1.0,0.008888976681684724,599,"When you were told 'Zook loves people', you should have asked for clarification."
2431,36,0,0,119,119,1.0,0.00843889368629713,599,The shelter said he was part anklylosaurus.
1701,36,0,0,113,113,1.0,0.008888976681684724,599,"He's hypoallergenic and a rescue, which is tough to find."
5174,36,0,0,81,81,1.0,0.012422599874998832,599,"Don't worry, they'll soon be extinct"
180,36,0,0,81,81,1.0,0.012422599874998832,599,"I know he looks mean, but I've become rather attached to him."
5537,36,0,0,114,114,1.0,0.008810658179868874,599,"Mom, Dad, there's someone I'd like you to meet."
4800,36,0,0,114,114,1.0,0.008810658179868874,599,"The judge says I have to wear this for six months, and I can't leave the cave."
608,36,0,0,57,57,1.0,0.01769980813511972,599,"On second thought, you should probably go along without me."
498,36,0,0,114,114,1.0,0.008810658179868874,599,It was a condition of my bail.
141,36,0,0,114,114,1.0,0.008810658179868874,599,He's very attached.
1134,36,0,0,106,106,1.0,0.00947877943928333,599,It's progress. We used to be attached at the hip.
5044,36,0,0,105,105,1.0,0.009569487529386909,599,At least I still have Obamacare.
445,36,0,0,88,88,1.0,0.011428758022062361,599,The Judge called it monitor and cave arrest.....
1862,36,0,0,110,110,1.0,0.009132515299544463,599,It's a service reptile.
4283,36,0,0,110,110,1.0,0.009132515299544463,599,"Apparently, I'm delicious."
1897,36,0,0,99,99,1.0,0.010152415064552878,599,"Well, he's a rescue so we're still socializing him."
922,36,0,0,99,99,1.0,0.010152415064552878,599,'We've decided to eat in tonight.'
4749,36,0,0,86,86,1.0,0.011696106429438607,599,... and in about an hour the whole cave floor is polished.
5094,36,0,0,53,53,1.0,0.019048482943986485,599,The judge told me I had to wear an ankle bracelet.
5209,36,0,0,100,100,1.0,0.01005037815259212,599,"Cave arrest, this is my ankle monitor"
5086,36,0,0,100,100,1.0,0.01005037815259212,599,What would a Neanderthal do?
3866,36,0,0,100,100,1.0,0.01005037815259212,599,It's a new thing I call snapchat
2641,36,0,0,100,100,1.0,0.01005037815259212,599,He says he was here first.
2043,36,0,0,100,100,1.0,0.01005037815259212,599,"So, would you like to see the upstairs?"
1783,36,0,0,100,100,1.0,0.01005037815259212,599,He's really very attached to me.
1453,36,0,0,100,100,1.0,0.01005037815259212,599,Did you remember the doggie treats?
661,36,0,0,100,100,1.0,0.01005037815259212,599,He’s become very attached to me.
171,36,0,0,100,100,1.0,0.01005037815259212,599,I'm on house arrest.
1514,36,0,0,67,67,1.0,0.015038019057934237,599,"Sorry to disturb you folks, but would you have a Jaws of Life I might borrow?"
3000,36,0,0,101,101,1.0,0.00995037190209989,599,Do we still have our receipt from Herbivores-R-Us?
1493,36,0,0,101,101,1.0,0.00995037190209989,599,I tried to get the landlord to spray the place but you know how it is.
1095,36,0,0,101,101,1.0,0.00995037190209989,599,Better this than him humping my leg.
3295,36,0,0,99,99,1.0,0.010152415064552878,599,It's OK. He just smells my stegosaurus.
3429,36,0,0,99,99,1.0,0.010152415064552878,599,You know how it is when they get their first 40 teeth.
3922,36,0,0,99,99,1.0,0.010152415064552878,599,It's not so bad. Cave arrest is so much better than the alternative.
1213,36,0,0,79,79,1.0,0.012739111916124871,599,I'm serving the remainder of my sentence under house arrest.
4040,36,0,0,103,103,1.0,0.009756213637973549,599,He has evolution anxiety.
3579,36,0,0,84,84,1.0,0.011976262619132589,599,Another month and the ankle bracelet comes off.
5566,36,0,0,97,97,1.0,0.010362833403620979,599,Cave arrest bites.
5466,36,0,0,97,97,1.0,0.010362833403620979,599,"Yeah, it hurts like hell, but everyone at school has one!"
5327,36,0,0,97,97,1.0,0.010362833403620979,599,We’re still working on ‘leave it.’
5016,36,0,0,97,97,1.0,0.010362833403620979,599,Two months of cave arrest? That bites.
990,36,0,0,97,97,1.0,0.010362833403620979,599,It costs an arm and a leg to keep him.
702,36,0,0,97,97,1.0,0.010362833403620979,599,He takes the heel command too literally.
1004,36,0,0,101,101,1.0,0.00995037190209989,599,Domestication is taking longer than I anticipated.
430,36,0,0,97,97,1.0,0.010362833403620979,599,I think we’re making really good progress at establishing me as the Alpha.
1942,36,0,0,78,78,1.0,0.012903494352312729,599,It's only for thirty days and then I do community service.
1016,36,0,0,52,52,1.0,0.019418390934515434,599,I can't - I'm still on house arrest.
90,36,0,0,104,104,1.0,0.009661948493603892,599,He came with the cave.
5112,36,0,0,98,98,1.0,0.010256545123110545,599,What would happen if he didn't like me?
2779,36,0,0,98,98,1.0,0.010256545123110545,599,He's so attached to me. Can't I keep him?
2218,36,0,0,98,98,1.0,0.010256545123110545,599,We're still working on the separation anxiety.
354,36,0,0,98,98,1.0,0.010256545123110545,599,"On the bright side, I no longer need the leash."
492,36,0,0,72,72,1.0,0.013986355971611485,599,I wish they were extinct already.
2081,36,0,0,78,78,1.0,0.012903494352312729,599,It’s been attached to me so for long that I don’t really notice it anymore.
940,36,0,0,101,101,1.0,0.00995037190209989,599,And I’m never buying an As Seen On TV vacuum again.
175,36,0,0,101,101,1.0,0.00995037190209989,599,Three month's cave arrest.
2291,36,0,0,54,54,1.0,0.018692405136401476,599,I told her it was over but she just won't let go.
1817,36,0,0,56,56,1.0,0.01801874925391118,599,They gave me 3 months of house arrest.
1465,36,0,0,105,105,1.0,0.009569487529386909,599,It’d mean a lot to me if you guys knocked before coming in
1352,36,0,0,105,105,1.0,0.009569487529386909,599,He's almost extinct so I give him some slack.
357,36,0,0,105,105,1.0,0.009569487529386909,599,"We were playing rock, paper, scissors."
108,36,0,0,56,56,1.0,0.01801874925391118,599,I'm afraid that he has gotten too attached.
78,36,0,0,42,42,1.0,0.024098134635593994,599,"As a rescue from Paleolithic, he's still learning how to let go."
2943,36,0,0,113,113,1.0,0.008888976681684724,599,He doesn't shed. And you won't have a rat problem.
2509,36,0,0,99,99,1.0,0.010152415064552878,599,That's why I am a cat person.
3387,36,0,0,105,105,1.0,0.009569487529386909,599,It's court ordered....I'm on Cave Arrest
2285,36,0,0,92,92,1.0,0.010929124924699354,599,I can't wait until they invent a leash.
5048,36,0,0,85,85,1.0,0.011834526708278772,599,"Playful and fun as a kid, then teenage hormones--WHOA!--LOOK OUT!"
4130,36,0,0,107,107,1.0,0.009389774844349512,599,"Mom, Dad! He followed me home, can I keep him?"
1653,36,0,0,86,86,1.0,0.011696106429438607,599,The doctor recommended that I leave it on for a week or so and I'll be as good as new.
3238,36,0,0,108,108,1.0,0.009302426203099127,599,"Okay, YOU try telling him he shouldn’t exist."
1403,36,0,0,101,101,1.0,0.00995037190209989,599,It's called an ankle monitor lizard.
434,36,0,0,94,94,1.0,0.010695340092890231,599,So I was driving down the highway when this tail-gator bit me from behind.
588,36,0,0,109,109,1.0,0.009216687726822183,599,I’m really looking forward to the invention of the ball and chain.
1441,36,0,0,102,102,1.0,0.009852336290568345,599,The ankle monitor comes off next week
201,36,0,0,92,92,1.0,0.010929124924699354,599,"Sorry, can’t. Still on parole."
1688,36,0,0,67,67,1.0,0.015038019057934237,599,"I posted bail, but they insisted I had to wear this ankle bracelet."
4248,36,0,0,84,84,1.0,0.011976262619132589,599,I was hoping he'd evolve out of it
151,36,0,0,104,104,1.0,0.009661948493603892,599,He lets go when I get to ten thousand steps.
5523,36,0,0,102,102,1.0,0.009852336290568345,599,"It's a little annoying, but I'm sure he'll evolve out of it."
819,36,0,0,102,102,1.0,0.009852336290568345,599,It was a cave warming gift.
460,36,0,0,102,102,1.0,0.009852336290568345,599,He's got attachment issues.
410,36,0,0,109,109,1.0,0.009216687726822183,599,"His ""grrraaaccckkk"" is worse than his bite."
4003,36,0,0,89,89,1.0,0.011299615367639217,599,It measures my vital signs and sends them all to an app.
4030,36,0,0,96,96,1.0,0.010471347707292388,599,Only two more months of cave arrest then I'm outta here.
5416,36,0,0,103,103,1.0,0.009756213637973549,599,He's a little anxious whenever we have company.
3674,36,0,0,103,103,1.0,0.009756213637973549,599,Now can I stay home from school??
5188,36,0,0,77,77,1.0,0.013072174640400053,599,"Yeah, so, because I'm a celebrity, I'm only on house arrest and just have to keep this ankle bracelet on for six months."
3020,36,0,0,103,103,1.0,0.009756213637973549,599,Feeding him is costing an arm and a leg.
1464,36,0,0,103,103,1.0,0.009756213637973549,599,Doctor Stonehenge said the treatment would be painless. It must be working because right now I can’t feel my leg...
1969,36,0,0,55,55,1.0,0.018349396085439344,599,Our initial thought was separation anxiety. But now we're leaning towards hunger.
2286,36,0,0,104,104,1.0,0.009661948493603892,599,"He came with a password, but I forgot !"
2269,36,0,0,104,104,1.0,0.009661948493603892,599,Just because the Neanderthals have pets doesn’t make it a good idea.
2236,36,0,0,104,104,1.0,0.009661948493603892,599,Fido's new paleo diet's gonna cost me an arm and a leg.
1483,36,0,0,104,104,1.0,0.009661948493603892,599,He’s become very attached.
1211,36,0,0,104,104,1.0,0.009661948493603892,599,"He's due to become extinct next week, but I don't know if I can wait that long."
1057,36,0,0,104,104,1.0,0.009661948493603892,599,Have you seen grandma?
1804,36,0,0,103,103,1.0,0.009756213637973549,599,I didn't choose him. He chose me!
2002,36,0,0,118,118,1.0,0.008510715353136088,599,Judge said I can only leave to hunt or gather...
1728,36,0,0,118,118,1.0,0.008510715353136088,599,He's into paleo dieting.
912,36,0,0,118,118,1.0,0.008510715353136088,599,I miss my cat.
3720,36,0,0,80,80,1.0,0.01257886513566569,599,My parole officer considers me a flight risk.
1924,36,0,0,67,67,1.0,0.015038019057934237,599,The pet store said this breed becomes attached easily.
131,36,0,0,150,150,1.0,0.006689000620906512,599,The problem with pets is that they get so attached to you.
5205,36,0,0,124,124,1.0,0.008097232353140797,599,He's pretty calm until I take a shower.
884,36,0,0,124,124,1.0,0.008097232353140797,599,You guys are so Neanderthal. All the kids are wearing them at school.
2576,36,0,0,152,152,1.0,0.006600696014083522,599,"I should've gotten a saber-tooth, cats are never needy."
1981,36,0,0,152,152,1.0,0.006600696014083522,599,"Sorry, guys. Can't go out tonight. My wife found out what we did last time."
4464,36,0,0,125,125,1.0,0.008032193289024988,599,It looks like I'll be on cave arrest until the trial
3765,36,0,0,125,125,1.0,0.008032193289024988,599,I found her on “Ancestry.com”
2485,36,0,0,125,125,1.0,0.008032193289024988,599,Cave arrest is such a drag!
2427,36,0,0,125,125,1.0,0.008032193289024988,599,"I can't find the leash, but we should be okay."
1770,36,0,0,125,125,1.0,0.008032193289024988,599,It's called cave arrest.
5506,36,0,0,153,153,1.0,0.0065574122947052805,599,Spike has attachment issues.
2586,36,0,0,153,153,1.0,0.0065574122947052805,599,It's the latest police technology. I'm under cave arrest until further notice.
2153,36,0,0,153,153,1.0,0.0065574122947052805,599,Don't get one with separation anxiety issues .
4890,36,0,0,42,42,1.0,0.024098134635593994,599,Let’s domesticate wolves instead
589,36,0,0,154,154,1.0,0.006514692541617535,599,I don't know what to do about his separation anxiety.
185,36,0,0,159,159,1.0,0.006309179657451829,599,"Yes, I'm on cave arrest."
1640,36,0,0,132,132,1.0,0.007604617709126885,599,"Yeah, but it hardly sheds..."
2977,36,0,0,92,92,1.0,0.010929124924699354,599,I've become very attached to the little fellow
1641,36,0,0,117,117,1.0,0.008583770043743413,599,I can't find the release button.
4721,36,0,0,138,138,1.0,0.007272775357351403,599,I can't wait for them to invent ankle monitors.
3414,36,0,0,138,138,1.0,0.007272775357351403,599,"Go outside they said, it'll be fun they said..."
2346,36,0,0,138,138,1.0,0.007272775357351403,599,"Sorry I can't leave, I am under cave arrest."
1593,36,0,0,139,139,1.0,0.007220263657073482,599,"I was thinking of naming him Ankylosaurus...but it's already taken,apparently."
3280,36,0,0,151,151,1.0,0.006644554941850954,599,Here there be dragons
5551,36,0,0,140,140,1.0,0.00716850482732654,599,It’s an existential struggle.
1487,36,0,0,140,140,1.0,0.00716850482732654,599,He followed me home....can I keep him ?
220,36,0,0,106,106,1.0,0.00947877943928333,599,I just hope he goes extinct before I do.
5218,36,0,0,155,155,1.0,0.006472525803786884,599,The asteroid should be here any minute now.
2435,36,0,0,146,146,1.0,0.006872892814876451,599,I fear it will be eons before he's domesticated.
5401,36,0,0,147,147,1.0,0.0068259783223928085,599,I’m not supposed to hurt him. He’s an endangered species.
5269,36,0,0,147,147,1.0,0.0068259783223928085,599,"Well, let's just say, I'm looking forward to teething being over."
4255,36,0,0,136,136,1.0,0.0073801240461674605,599,It gets clingy when we have company.
3482,36,0,0,137,137,1.0,0.007326056475204618,599,I'm afraid you'll have to go gathering without me; I'm under cave arrest.
1833,36,0,0,76,76,1.0,0.013245323570650438,599,Crocs are in but they kill my ankles
2721,36,0,0,51,51,1.0,0.019802950859533486,599,My lawyer is sure they'll remove it after the trial.
3011,36,0,0,155,155,1.0,0.006472525803786884,599,He's usually more cuddly.
4239,36,0,0,52,52,1.0,0.019418390934515434,599,It's a monitor lizard. I'm under cave arrest.
1807,36,0,0,122,122,1.0,0.008230522367501686,599,It’s just a love bite. He’s really very friendly.
4498,36,0,0,155,155,1.0,0.006472525803786884,599,Have you guys seen my other shoe?
1475,36,0,0,155,155,1.0,0.006472525803786884,599,Sorry. He’s a rescue.
2132,36,0,0,142,142,1.0,0.007067181930127675,599,The vet says it's just a bad case of separation anxiety.
1457,36,0,0,167,167,1.0,0.006006033087351441,599,I'm waiting for it to become extinct.
1909,36,0,0,136,136,1.0,0.0073801240461674605,599,"To be fair, I did tell him not to bite the 'hand' that feeds him."
2094,36,0,0,154,154,1.0,0.006514692541617535,599,It beats a poke in the eye with a sharp stick.
3310,36,0,0,138,138,1.0,0.007272775357351403,599,"Obviously, this won't work. Maybe we try dog next."
3253,36,0,0,138,138,1.0,0.007272775357351403,599,Do you know how to get rid of bed bugs?
2083,36,0,0,52,52,1.0,0.019418390934515434,599,You're sure it's a herbivore?
1394,36,0,0,139,139,1.0,0.007220263657073482,599,All I said was get your own dinner for once.
760,36,0,0,139,139,1.0,0.007220263657073482,599,He gets confused when I tell him to heel.
1553,36,0,0,66,66,1.0,0.015267620413811482,599,This is Bitey.
313,36,0,0,139,139,1.0,0.007220263657073482,599,House arrest bites.
2456,36,0,0,158,158,1.0,0.006349238343433311,599,Sometimes he takes the heel command too literally.
1120,36,0,0,88,88,1.0,0.011428758022062361,599,"First known incident of somebody saying ""he's pulling your leg."""
4861,36,0,0,159,159,1.0,0.006309179657451829,599,Well I like to think he rescued me.
2785,36,0,0,71,71,1.0,0.01418475390906605,599,He's still teething.
722,36,0,0,160,160,1.0,0.006269623282193989,599,You think that hurts? Just wait until they invent high heels.
715,36,0,0,107,107,1.0,0.009389774844349512,599,I only wear the ankle monitor until trial.
4156,36,0,0,161,161,1.0,0.0062305598284903355,599,I only have to wear it while on house arrest.
3286,36,0,0,161,161,1.0,0.0062305598284903355,599,Sorry I can't hunt or gather. I'm under house arrest.
411,36,0,0,157,157,1.0,0.006389808969292711,599,This is my Ankylosaurus.
5287,36,0,0,138,138,1.0,0.007272775357351403,599,My parole officer said I could shower with this one.
646,36,0,0,148,148,1.0,0.006779699969660707,599,It's an Ankle-sore-us.
5324,36,0,0,163,163,1.0,0.006153875284685681,599,He suffers from a little separation anxiety.
5047,36,0,0,157,157,1.0,0.006389808969292711,599,I look just like the mailman.
1031,36,0,0,157,157,1.0,0.006389808969292711,599,We're working on his separation anxiety.
3103,36,0,0,143,143,1.0,0.007017587058225039,599,They said it's a pre-existing condition.
2911,36,0,0,158,158,1.0,0.006349238343433311,599,"In retrospect, jail was the better option."
1814,36,0,0,158,158,1.0,0.006349238343433311,599,We used to be attached at the hip.
762,36,0,0,158,158,1.0,0.006349238343433311,599,"Come on in, and watch your limbs; spot is teething."
2318,36,0,0,159,159,1.0,0.006309179657451829,599,It could be worse...he could be humping my leg.
440,36,0,0,145,145,1.0,0.006920456654478331,599,Go figure. The guy at the pet shop said he only ate lettuce.
782,36,0,0,164,164,1.0,0.006116236550659085,599,My profession? I'm a mailman.
1816,36,0,0,146,146,1.0,0.006872892814876451,599,...and somehow this is MY fault?
4079,36,0,0,105,105,1.0,0.009569487529386909,599,He said the cave painting makes him look fat.
1851,36,0,0,151,151,1.0,0.006644554941850954,599,It could be worse. Our last one was a humper.
859,36,0,0,138,138,1.0,0.007272775357351403,599,This time I've really put my foot in it.
2039,36,0,0,169,169,1.0,0.005934744229311227,599,He'll be extinct soon.
3638,36,0,0,123,123,1.0,0.008163333305850111,599,I still prefer him to a cat.
505,36,0,0,156,156,1.0,0.00643090141188591,599,So nice of you to drop in for a bite.
1547,36,0,0,162,162,1.0,0.006191980139726142,599,But he was so playful at the pound.
4634,36,0,0,130,130,1.0,0.007722065279990304,599,His name is Izod.
5552,36,0,0,150,150,1.0,0.006689000620906512,599,He's a shelter dinosaur.
1632,36,0,0,96,96,1.0,0.010471347707292388,599,He's still adjusting to the mammal takeover.
2319,36,0,0,113,113,1.0,0.008888976681684724,599,My eyes are up here
3341,36,0,0,113,113,1.0,0.008888976681684724,599,His chew toy rolled under the couch.
152,36,0,0,84,84,1.0,0.011976262619132589,599,My sentence is ten years or his extinction. Whichever comes first.
1821,36,0,0,113,113,1.0,0.008888976681684724,599,"I was told it's not the breed, it's the owners."
4478,36,0,0,104,104,1.0,0.009661948493603892,599,“Next time I think I will just draw from memory.’
5263,36,0,0,133,133,1.0,0.007547223547528769,599,"Well, domestication takes several generations."
2817,36,0,0,114,114,1.0,0.008810658179868874,599,He's the hunter and I'm the gatherer.
2791,36,0,0,38,38,1.0,0.02666903735313325,599,"No, it is not house arrest. It is farm to table dinner- if we only had a a table."
4704,36,0,0,124,124,1.0,0.008097232353140797,599,They're very loyal but tend to only bond with one person.
4533,36,0,0,105,105,1.0,0.009569487529386909,599,They say I'm a flight risk.
1820,36,0,0,125,125,1.0,0.008032193289024988,599,I'm under Cave Arrest. One step outside and it eats me.
2600,36,0,0,116,116,1.0,0.008658089785895598,599,"I'd love to join you, but I'm under house-a-rex."
4470,36,0,0,126,126,1.0,0.007968190728895957,599,"If his behavior doesn't improve, we'll have to put him up for extinction."
1983,36,0,0,126,126,1.0,0.007968190728895957,599,The worst part is when I have to tell Fred & Wilma about this little mishap with their chainsaw.
1591,36,0,0,126,126,1.0,0.007968190728895957,599,My leash invention is still in the conceptual stage.
882,36,0,0,117,117,1.0,0.008583770043743413,599,We thought about a dog but we didn't want to be tied down.
3386,36,0,0,127,127,1.0,0.007905200090854148,599,I have to wear it on my ankle until my next court appearance.
1159,36,0,0,127,127,1.0,0.007905200090854148,599,"In a future lifetime, I will be delivering something called ""mail""."
4632,36,0,0,128,128,1.0,0.007843197564226983,599,The vet says he's just teething.
1945,36,0,0,121,121,1.0,0.008298826628866152,599,He's not letting go until I admit we do not co-exist historically.
3102,36,0,0,128,128,1.0,0.007843197564226983,599,"My lawyer says I got off easy with house arrest, given all the stone tablets I leaked."
2247,36,0,0,127,127,1.0,0.007905200090854148,599,"I got three months house arrest, can you bring me a pepperoni pizza and a small animal for him?"
2821,36,0,0,81,81,1.0,0.012422599874998832,599,It´s a condition of my house arrest.
817,36,0,0,118,118,1.0,0.008510715353136088,599,I’m kind of getting attached to him.
3139,36,0,0,119,119,1.0,0.00843889368629713,599,"A stegosaurus is an *outside* pet, I said."
573,36,0,0,119,119,1.0,0.00843889368629713,599,I can’t seem to get a leg up.
541,36,0,0,119,119,1.0,0.00843889368629713,599,I can't afford to remove it. My health insurance plan doesn't cover prehistoric creatures.
1151,36,0,0,120,120,1.0,0.008368274087557229,599,Got anything that isn't quite so tight around the ankles?
3207,36,0,0,103,103,1.0,0.009756213637973549,599,"As soon as I said ""heel"" he got it. Still not sure they make the best pets."
3957,36,0,0,121,121,1.0,0.008298826628866152,599,Not everything is a Trump joke!
1054,36,0,0,121,121,1.0,0.008298826628866152,599,It is NOT my turn. I walked her this morning.
5443,36,0,0,129,129,1.0,0.007782160079558629,599,I'm just lucky to still have a leg to stand on
1916,36,0,0,104,104,1.0,0.009661948493603892,599,"Could you loan me 20 fish? I didn't catch enough to make my ""protection"" payment this week."
3782,36,0,0,79,79,1.0,0.012739111916124871,599,He's having one of his clingy days.
4820,36,0,0,123,123,1.0,0.008163333305850111,599,Sorry but I've been under cave arrest and have to wear this monitor lizard until the trial.
4054,36,0,0,97,97,1.0,0.010362833403620979,599,Please say I can keep him . . . I'm already so attached.
2563,36,0,0,115,115,1.0,0.008733707726295862,599,could we not just invent a ball and chain
5098,36,0,0,98,98,1.0,0.010256545123110545,599,I got caught painting on walls again. I have to wear this for 30 days.
1416,36,0,0,125,125,1.0,0.008032193289024988,599,"No matter how much he begs, whatever you do, don't buy a Chompasaurus for your kid."
5337,36,0,0,117,117,1.0,0.008583770043743413,599,I was told I'd have to wear it until my trial.
5139,36,0,0,99,99,1.0,0.010152415064552878,599,I told you we should have gotten a door.
4816,36,0,0,70,70,1.0,0.014388861576723854,599,"I'm out, but I'm under house arrest."
4762,36,0,0,129,129,1.0,0.007782160079558629,599,I forgot the alarm code.
3575,36,0,0,129,129,1.0,0.007782160079558629,599,He gets this way when I'm about to leave for a few days.
2383,36,0,0,129,129,1.0,0.007782160079558629,599,I forgot the password.
3012,36,0,0,135,135,1.0,0.007434995612424509,599,"As you can see, this cave comes with a state-of-the-art security system."
4558,36,0,0,125,125,1.0,0.008032193289024988,599,I'd ask if we can keep him but I don't think it matters what you say.
2813,36,0,0,125,125,1.0,0.008032193289024988,599,He’s somewhat overprotective.
4896,36,0,0,136,136,1.0,0.0073801240461674605,599,"Ever since I brought him home from the shelter, he's been very attached to me."
4289,36,0,0,136,136,1.0,0.0073801240461674605,599,Full grown we expect him to be over 5 tons.
1361,36,0,0,136,136,1.0,0.0073801240461674605,599,It was the smallest ankle monitor they had.
3438,36,0,0,137,137,1.0,0.007326056475204618,599,I'm running a fever and they were out of leeches.
4926,36,0,0,53,53,1.0,0.019048482943986485,599,It beats a prison cell.
1105,36,0,0,93,93,1.0,0.010810968751610264,599,He followed me home! Can we keep him?
3758,36,0,0,106,106,1.0,0.00947877943928333,599,"Yeah, I got home detention with a monitor. It's a real pain."
5315,36,0,0,107,107,1.0,0.009389774844349512,599,"He obviously misunderstood when I said, “Heel!”"
3804,36,0,0,107,107,1.0,0.009389774844349512,599,Yeah well he's hypoallergenic so that's a plus.
1973,36,0,0,118,118,1.0,0.008510715353136088,599,Rescues get so attached.
289,36,0,0,141,141,1.0,0.007117482792171623,599,He's not a carnivore. He just thinks I'm broccoli.
4879,36,0,0,142,142,1.0,0.007067181930127675,599,It's for hunting and gathering under the influence.
4622,36,0,0,121,121,1.0,0.008298826628866152,599,Can I keep him? He followed me home. He seems hungry.
4099,36,0,0,77,77,1.0,0.013072174640400053,599,It's a new thing I'm working on. I call it 'shoe'.
1354,36,0,0,146,146,1.0,0.006872892814876451,599,"I can't tonight, I'm still under cave arrest."
2614,36,0,0,106,106,1.0,0.00947877943928333,599,Did I forget to tell you I'm under cave arrest?
2608,36,0,0,113,113,1.0,0.008888976681684724,599,He was a great chick magnet until he ate the last one.
4659,36,0,0,124,124,1.0,0.008097232353140797,599,Sorry guys I’m under cave arrest until the end of the month.
2126,36,0,0,134,134,1.0,0.007490689241787027,599,‘It’s either separation anxiety or I taste like chicken.’
793,36,0,0,129,129,1.0,0.007782160079558629,599,I'm on cave arrest.
4290,36,0,0,50,50,1.0,0.020203050891044214,599,"They call it ""house arrest."""
4107,36,0,0,130,130,1.0,0.007722065279990304,599,The upside is he keeps the unit rodent free.
3611,36,0,0,130,130,1.0,0.007722065279990304,599,"I keep saying ""Heel."" He keeps hearing ""Ankle."""
3383,36,0,0,130,130,1.0,0.007722065279990304,599,He's got attachment issues.
2005,36,0,0,130,130,1.0,0.007722065279990304,599,Separation anxiety..he knows the Cretaceous Period ends next week
1089,36,0,0,80,80,1.0,0.01257886513566569,599,"Thank god they've invented the wheel, because I need an ambulance."
3212,36,0,0,131,131,1.0,0.007662891493956463,599,This way I don't need a leash.
4709,36,0,0,124,124,1.0,0.008097232353140797,599,"The breeder said he has ""attachment"" issues."
2374,36,0,0,131,131,1.0,0.007662891493956463,599,"Buster knows don’t bite the hand that feeds you, but he’s not good extrapolating."
5261,36,0,0,91,91,1.0,0.011049892402196598,599,They determined I was a flight risk.
2034,36,0,0,81,81,1.0,0.012422599874998832,599,Ugg have two more weeks of cave-arrest.
174,36,0,0,122,122,1.0,0.008230522367501686,599,All I said was 'fetch'.
4811,36,0,0,133,133,1.0,0.007547223547528769,599,He seemed further away.
3737,36,0,0,133,133,1.0,0.007547223547528769,599,Guess what happens if I violate the conditions of my parole.
953,36,0,0,133,133,1.0,0.007547223547528769,599,He's on the Paleo diet.
136,36,0,0,133,133,1.0,0.007547223547528769,599,His bite is worse than his bark.
391,36,0,0,123,123,1.0,0.008163333305850111,599,The staff at the Rescue said he will outgrow the chewing phase in a million years or so.
5055,36,0,0,121,121,1.0,0.008298826628866152,599,I’m under cave arrest. He comes off tomorrow.
2323,36,0,0,34,34,1.0,0.029854071701326604,599,They make you wear this ankle monitor lizard when your under cave arrest.
1002,36,0,0,57,57,1.0,0.01769980813511972,599,I said bite me and he took it literally.
1192,36,0,0,57,57,1.0,0.01769980813511972,599,It's new. It's called marriage.
4824,36,0,0,39,39,1.0,0.025976216673306556,599,Ignore the fleas. They're terrible this time of year.
4819,36,0,0,39,39,1.0,0.025976216673306556,599,Ask your doctor if Canklesaurus is right for you.
4628,36,0,0,39,39,1.0,0.025976216673306556,599,Let's go... haven't you seen an ankle monitor before.
4528,36,0,0,39,39,1.0,0.025976216673306556,599,Thank goodness he's an herbivore!
4358,36,0,0,39,39,1.0,0.025976216673306556,599,it's court ordered
4336,36,0,0,39,39,1.0,0.025976216673306556,599,It’s the latest in cave-arrest technology.
4281,36,0,0,39,39,1.0,0.025976216673306556,599,I didn't have a leash.
4226,36,0,0,39,39,1.0,0.025976216673306556,599,You ought to see him fetch.
4164,36,0,0,39,39,1.0,0.025976216673306556,599,Look what followed me home. Can I keep it?
4111,36,0,0,39,39,1.0,0.025976216673306556,599,He's NOT just in it for the food. My pet loves me!
3746,36,0,0,39,39,1.0,0.025976216673306556,599,They call it inter-species attachment disorder.
3446,36,0,0,39,39,1.0,0.025976216673306556,599,The trick is not minding.
3353,36,0,0,39,39,1.0,0.025976216673306556,599,"It’s just until the trial’s over, they’re putting me under cave arrest."
3304,36,0,0,39,39,1.0,0.025976216673306556,599,"Lovable, but he always has to stick his mouth on my foot."
3221,36,0,0,39,39,1.0,0.025976216673306556,599,But he followed me home........
3198,36,0,0,39,39,1.0,0.025976216673306556,599,Before there were Pit Bulls to bring into our homes.
3172,36,0,0,39,39,1.0,0.025976216673306556,599,Dinner!
4905,36,0,0,39,39,1.0,0.025976216673306556,599,We can’t figure out what she likes to eat.
4982,36,0,0,39,39,1.0,0.025976216673306556,599,... and some cavemen still say I'm not a victim of reptile harassment !
5492,36,0,0,39,39,1.0,0.025976216673306556,599,The Special Counsel has me under cave arrest.
94,36,0,0,36,36,1.0,0.028171808490950554,599,He's jealous of other people.
502,36,0,0,44,44,1.0,0.022990024493585143,599,The judge gave me 6 months cave arrest for riding with intoxicated.
4155,36,0,0,47,47,1.0,0.021506619680967013,599,It's time to invent kittens.
783,36,0,0,47,47,1.0,0.021506619680967013,599,"Don't worry, he is a pet"
5268,36,0,0,36,36,1.0,0.028171808490950554,599,He seems to have gotten very attached to me.
5062,36,0,0,36,36,1.0,0.028171808490950554,599,I think you may have invented alligator clamps
4977,36,0,0,36,36,1.0,0.028171808490950554,599,The Stegosaurus whisperer I'm not.
4814,36,0,0,36,36,1.0,0.028171808490950554,599,He seemed further away.
4722,36,0,0,36,36,1.0,0.028171808490950554,599,I'm going to court next week to get the ankle monitor off.
3116,36,0,0,39,39,1.0,0.025976216673306556,599,"Yeah, the bracelet's a little uncomfortable, but it beats doing time in the slammer."
4692,36,0,0,36,36,1.0,0.028171808490950554,599,I must have misunderstood when you asked me over for dinner.
3222,36,0,0,36,36,1.0,0.028171808490950554,599,He's taking me out for lunch.
1991,36,0,0,36,36,1.0,0.028171808490950554,599,He came with the sublet.
1852,36,0,0,36,36,1.0,0.028171808490950554,599,"We thought a rescue pet was the right way to go, but he has issues."
1585,36,0,0,36,36,1.0,0.028171808490950554,599,It’s a new thing they call a house arrest ankle bracelet. Don’t ask.
1543,36,0,0,36,36,1.0,0.028171808490950554,599,It's going to be O.K. You have one LEFT
1380,36,0,0,36,36,1.0,0.028171808490950554,599,"Well, at least he's cavebroken."
1056,36,0,0,36,36,1.0,0.028171808490950554,599,I hate homonyms. I told the guy at the store I wanted an ankle gaiter.
995,36,0,0,36,36,1.0,0.028171808490950554,599,I'm ordered to wear it and stay here at home. Let's just say I shouldn't have been behind that wheel I invented the other night.
4321,36,0,0,36,36,1.0,0.028171808490950554,599,"They say if I wander too far from the cave, the anklet will issue a firm bite."
677,36,0,0,44,44,1.0,0.022990024493585143,599,"Me call it ""plantiff's attorney""."
3031,36,0,0,39,39,1.0,0.025976216673306556,599,The white House sent him to keep me from tweeting
2915,36,0,0,39,39,1.0,0.025976216673306556,599,Can I keep him? He followed me home.
1200,36,0,0,42,42,1.0,0.024098134635593994,599,My emotional support animal is filled with rage.
1068,36,0,0,42,42,1.0,0.024098134635593994,599,They hate to be left alone.
1043,36,0,0,42,42,1.0,0.024098134635593994,599,The judge added him to my cave arrest.
3894,36,0,0,45,45,1.0,0.022473328748774737,599,"They promised me my money back if he's not domesticated in 2,000 years."
3847,36,0,0,45,45,1.0,0.022473328748774737,599,He only bites the one he loves.
3687,36,0,0,45,45,1.0,0.022473328748774737,599,"Yeah, I know, but I have a bigger button."
2327,36,0,0,45,45,1.0,0.022473328748774737,599,Stop staring! You'll flare up his social anxiety.
2783,36,0,0,31,31,1.0,0.032791291789197645,599,I'm more of a cat person.
5488,36,0,0,34,34,1.0,0.029854071701326604,599,He’ll be with me until I pay my student loan.
3030,36,0,0,34,34,1.0,0.029854071701326604,599,You warned me Lisa. The ones from the Aardvark pound have issues.
359,36,0,0,34,34,1.0,0.029854071701326604,599,I look forward to a day when insects are smaller.
3037,36,0,0,37,37,1.0,0.02739983121755955,599,"Even though this is an anachronism, it's still hurting."
1028,36,0,0,37,37,1.0,0.02739983121755955,599,"He's a rescue. The former owners disappeared without a trace. By the way, have you seen my wife lately?"
5519,36,0,0,40,40,1.0,0.025318484177091666,599,He's become quite attached ever since I brought him home from the shelter.
5517,36,0,0,40,40,1.0,0.025318484177091666,599,Steg likes leg.
5434,36,0,0,40,40,1.0,0.025318484177091666,599,Well then there you have it. You can afford to be judgmental.
5387,36,0,0,40,40,1.0,0.025318484177091666,599,"Inter-specifically speaking, I think we should hold out for a better best friend."
2059,36,0,0,42,42,1.0,0.024098134635593994,599,He is a very loyal pet at least.
2200,36,0,0,42,42,1.0,0.024098134635593994,599,"Technically, we're compliant with the leash law."
2270,36,0,0,42,42,1.0,0.024098134635593994,599,I’m hoping it’ll be extinct in the next few days.
3226,36,0,0,42,42,1.0,0.024098134635593994,599,Separation anxiety. We're still working on letting go.
2584,36,0,0,39,39,1.0,0.025976216673306556,599,To be on your own. With no direction home. Like a complete unknown.
2249,36,0,0,39,39,1.0,0.025976216673306556,599,My release was conditioned on paying bail and submitting to cave arrest.
1581,36,0,0,39,39,1.0,0.025976216673306556,599,At least I get to serve my time at home
1282,36,0,0,39,39,1.0,0.025976216673306556,599,"He comes with the unit, but he won't cost you an arm, and a leg to maintain."
1186,36,0,0,39,39,1.0,0.025976216673306556,599,Please don't tell me you guys haven't heard of 9-1-1.
1011,36,0,0,39,39,1.0,0.025976216673306556,599,He gets a bit feisty after 5pm.
766,36,0,0,39,39,1.0,0.025976216673306556,599,This house arrest thing is a crock!
724,36,0,0,39,39,1.0,0.025976216673306556,599,Grund kiss Girma. Grooga get mad. Made Grund put on ankle monitor.
3018,36,0,0,39,39,1.0,0.025976216673306556,599,Seriously?? I'm dragging this thing around and still managed to get here on time!
585,36,0,0,39,39,1.0,0.025976216673306556,599,His therapist says it's a phase.
5458,36,0,0,28,28,1.0,0.036369648372665396,599,He's not fully domesticated yet.
4940,36,0,0,42,42,1.0,0.024098134635593994,599,The vet said that she has abandonment issues.
4732,36,0,0,42,42,1.0,0.024098134635593994,599,How does it notify the police?
4611,36,0,0,42,42,1.0,0.024098134635593994,599,This evolution stuff is a bunch of crock. Next thing you know they'll be talking about a ball and chain.
4561,36,0,0,42,42,1.0,0.024098134635593994,599,"Don't worry, it will eventually die-off"
4541,36,0,0,42,42,1.0,0.024098134635593994,599,"Don't worry: when she's really mad, she bites my head off."
4245,36,0,0,42,42,1.0,0.024098134635593994,599,Misplaced affection.
4210,36,0,0,42,42,1.0,0.024098134635593994,599,He just acts like any other puppy.
110,36,0,0,39,39,1.0,0.025976216673306556,599,I will tell you the key to life if you tell me how to get rid of hemorrhoids.
1286,36,0,0,33,33,1.0,0.030772872744833184,599,How do you like my ankle bracelet?
1454,36,0,0,44,44,1.0,0.022990024493585143,599,I'm on house arrest after that bonfire fracas.
1911,36,0,0,44,44,1.0,0.022990024493585143,599,"...On the bright side, he practically walks himself."
2028,36,0,0,32,32,1.0,0.031750031750047626,599,He's a nice pet and he really doesn't eat much.
1990,36,0,0,40,40,1.0,0.025318484177091666,599,"Don't worry, Spiky is very friendly."
1889,36,0,0,40,40,1.0,0.025318484177091666,599,"Well, it did warn us what would happen if we did the Chicken Dance one more time."
1238,36,0,0,40,40,1.0,0.025318484177091666,599,He’s been extra needy ever since he accidentally ate Shirley.
897,36,0,0,40,40,1.0,0.025318484177091666,599,"Maybe this doesn't seem like a healthy relationship to you, but you don't know him like I do."
861,36,0,0,40,40,1.0,0.025318484177091666,599,I'm really looking forward to the invention of long pants.
545,36,0,0,40,40,1.0,0.025318484177091666,599,"It's still got some kinks to work out, but I have a feeling that pets are going to be a big thing in the future!"
465,36,0,0,40,40,1.0,0.025318484177091666,599,He's too evolved to actually eat me.
414,36,0,0,32,32,1.0,0.031750031750047626,599,It only hurts when you laugh.
355,36,0,0,32,32,1.0,0.031750031750047626,599,He's grown attached to me.
328,36,0,0,32,32,1.0,0.031750031750047626,599,I caught a blergl for supper! However I’m going to need some help getting him into a stewpot!
205,36,0,0,40,40,1.0,0.025318484177091666,599,I asked him if he felt like having a shindig. What a crock of shit!
839,36,0,0,43,43,1.0,0.023531040266750583,599,"It's not so much what he says, it's how he says it."
5262,36,0,0,38,38,1.0,0.02666903735313325,599,"I can't go, I'm afraid. I'm under house arrest."
5108,36,0,0,38,38,1.0,0.02666903735313325,599,I got off easy. They only put me on cave arrest after I vandalized the walls.
4537,36,0,0,38,38,1.0,0.02666903735313325,599,It's not a pet in the strict sense
3893,36,0,0,38,38,1.0,0.02666903735313325,599,I’m naming him ballanchain.
2068,36,0,0,40,40,1.0,0.025318484177091666,599,When we discover iron we'll make a better trap.
2116,36,0,0,32,32,1.0,0.031750031750047626,599,We're out of sticks now that fire is a thing.
2226,36,0,0,32,32,1.0,0.031750031750047626,599,"He followed me home. Can I keep him, please, please?"
2257,36,0,0,40,40,1.0,0.025318484177091666,599,"Yes, I am feeling a bit slow today. Why do you ask?"
4136,36,0,0,32,32,1.0,0.031750031750047626,599,Oh - they get very attached.
4093,36,0,0,40,40,1.0,0.025318484177091666,599,House arrest seemed like a good deal until I saw the ankle device.
4053,36,0,0,40,40,1.0,0.025318484177091666,599,The early days of House Arrest.
4018,36,0,0,40,40,1.0,0.025318484177091666,599,It came with the place at no charge. The previous owner just mysteriously disappeared.
3980,36,0,0,32,32,1.0,0.031750031750047626,599,It is reported in the “Mesozoic Times” that these guys teethe for many years.
3867,36,0,0,40,40,1.0,0.025318484177091666,599,Get the Jaws of Life.
3676,36,0,0,32,32,1.0,0.031750031750047626,599,I don't have coverage...
3620,36,0,0,40,40,1.0,0.025318484177091666,599,Thou do not have the balls to enter.
3616,36,0,0,38,38,1.0,0.02666903735313325,599,"It's a newish relationship, sure, but I already feel committed."
3530,36,0,0,32,32,1.0,0.031750031750047626,599,"Oh don't worry about her, she gets nervous around guests"
3208,36,0,0,40,40,1.0,0.025318484177091666,599,It was an ankle bracelet or jail time.
3182,36,0,0,32,32,1.0,0.031750031750047626,599,Has he had his rabies vaccination?
3033,36,0,0,40,40,1.0,0.025318484177091666,599,"I forgot the treats,""Heel, Rex!"" doesn't work right without 'em."
2989,36,0,0,32,32,1.0,0.031750031750047626,599,"At first I was happy the judge gave me house arrest ... but now, not so much."
2802,36,0,0,32,32,1.0,0.031750031750047626,599,"We used to be joined at the hip, but now he does double-duty as an ankle weight."
2734,36,0,0,40,40,1.0,0.025318484177091666,599,"He followed me home, so I must keep him."
2594,36,0,0,40,40,1.0,0.025318484177091666,599,He's a rescue from the tar pits.
2370,36,0,0,32,32,1.0,0.031750031750047626,599,I have to wear this until I make bail.
3302,36,0,0,40,40,1.0,0.025318484177091666,599,"I had my eye on a champion bloodline T-Rex, but the Mrs. thought this little ankle-biter would be easier to manage inside."
3463,36,0,0,38,38,1.0,0.02666903735313325,599,House arrest gnaws on you after awhile.
3134,36,0,0,38,38,1.0,0.02666903735313325,599,"Sorry I won't be joining you, I'm under cave arrest."
3060,36,0,0,38,38,1.0,0.02666903735313325,599,It's this new fad called an ankle bracelet.
3337,36,0,0,41,41,1.0,0.02469323991623974,599,"I knew it liked me, but i didn't know it was this attached."
3245,36,0,0,41,41,1.0,0.02469323991623974,599,He thought we had similar hair styles
2995,36,0,0,41,41,1.0,0.02469323991623974,599,The parole board required it.
2390,36,0,0,41,41,1.0,0.02469323991623974,599,Maybe I should have brought the wolf home with me instead.
1936,36,0,0,41,41,1.0,0.02469323991623974,599,"He's an ankylosaurus and yes, he's aptly named."
1881,36,0,0,41,41,1.0,0.02469323991623974,599,"Don't worry, Lizzie still only has her hatching teeth."
1335,36,0,0,41,41,1.0,0.02469323991623974,599,I've got him thinking HE is taking ME for a walk.
1195,36,0,0,41,41,1.0,0.02469323991623974,599,Trog says he's vegetarian but I'm not convinced.
3419,36,0,0,41,41,1.0,0.02469323991623974,599,The dinosaur whisperer suggested clubbing the bastard.
876,36,0,0,41,41,1.0,0.02469323991623974,599,"I wanted a Labrador, but Lisa insisted on a non-shedding breed."
494,36,0,0,41,41,1.0,0.02469323991623974,599,And he wouldn't have caught me if I had binocular vision.
451,36,0,0,41,41,1.0,0.02469323991623974,599,I traded my shells for this new money called Bitcoin
209,36,0,0,41,41,1.0,0.02469323991623974,599,...How do you say “Letgo my lego” in Danish?...
5511,36,0,0,33,33,1.0,0.030772872744833184,599,Perhaps we should cross this one off the possible pets list.
5500,36,0,0,44,44,1.0,0.022990024493585143,599,Her spike is worse than her bite.
4298,36,0,0,44,44,1.0,0.022990024493585143,599,Hang on a minute. I'll have to feed him before I can go.
3693,36,0,0,44,44,1.0,0.022990024493585143,599,"It's nothing, you should have heard it bark"
2822,36,0,0,44,44,1.0,0.022990024493585143,599,"Ultimately, they gave me home detention."
800,36,0,0,41,41,1.0,0.02469323991623974,599,And they wonder why they are going extinct.
5312,36,0,0,40,40,1.0,0.025318484177091666,599,"Thank you for listening to my cave security system proposal, and I hope you'll consider investing."
3654,36,0,0,41,41,1.0,0.02469323991623974,599,"He's evolving nicely, but still has some separation anxiety."
3892,36,0,0,41,41,1.0,0.02469323991623974,599,"Fortunately, Rex is not a tyrannosaurus."
2538,36,0,0,38,38,1.0,0.02666903735313325,599,"I’ll pass on our lumch date today, girls. This one’s got separation anxiety."
2500,36,0,0,38,38,1.0,0.02666903735313325,599,They haven't invented the ball and chain yet.
2368,36,0,0,38,38,1.0,0.02666903735313325,599,And it comes in a clutch as well.
2292,36,0,0,38,38,1.0,0.02666903735313325,599,They'll remove it when I'm off probation.
2056,36,0,0,38,38,1.0,0.02666903735313325,599,He's got a few attachment issues.
1993,36,0,0,38,38,1.0,0.02666903735313325,599,How did you get on cave arrest this time Billy?
1758,36,0,0,38,38,1.0,0.02666903735313325,599,"Thanks for visiting. It's called an ""Anklasaurus"". After the trial, Judge Cromagnon gave me the choice of this or voting for Trump."
1739,36,0,0,38,38,1.0,0.02666903735313325,599,"Look, it's really no big deal, just 4 more months and I am off of house arrest, and this monitoring bracelet is off for good."
3762,36,0,0,41,41,1.0,0.02469323991623974,599,I have to wear it as long as I'm under house arrest.
1482,36,0,0,38,38,1.0,0.02666903735313325,599,He’s getting pretty attached.
886,36,0,0,38,38,1.0,0.02666903735313325,599,I forgot the password for the security system.
5461,36,0,0,41,41,1.0,0.02469323991623974,599,I guess we can keep him.
5318,36,0,0,41,41,1.0,0.02469323991623974,599,And I also had to surrender my passport.
4952,36,0,0,41,41,1.0,0.02469323991623974,599,It seems as if his separation anxiety is getting worse.
4422,36,0,0,41,41,1.0,0.02469323991623974,599,This new ‘cave-arrest’ prototype is very aggressive.
4411,36,0,0,41,41,1.0,0.02469323991623974,599,Get out while you can--his bark is worse than his bite!
4202,36,0,0,41,41,1.0,0.02469323991623974,599,"Son, we're putting you on cave arrest"
4138,36,0,0,41,41,1.0,0.02469323991623974,599,"Would love to join, but I'm on cave arrest."
1326,36,0,0,38,38,1.0,0.02666903735313325,599,He wants to take me home.
4162,36,0,0,32,32,1.0,0.031750031750047626,599,I'm working on domestication.
5301,36,0,0,40,40,1.0,0.025318484177091666,599,Stop debating --yank the tail !
5083,36,0,0,40,40,1.0,0.025318484177091666,599,My lawyer says I am lucky to be under house arrest.
3753,36,0,0,41,41,1.0,0.02469323991623974,599,I kept removing the ankle bracelet.
3713,36,0,0,41,41,1.0,0.02469323991623974,599,Well... you know...he was a rescue!!!
3520,36,0,0,41,41,1.0,0.02469323991623974,599,It's called a 'logo'.
3490,36,0,0,41,41,1.0,0.02469323991623974,599,Yea well...it's better than what your reptile does to me when I walk in the door.
3024,36,0,0,41,41,1.0,0.02469323991623974,599,If we put our heads together I’m sure we can figure out an easier way to take him for a walk.
1847,36,0,0,41,41,1.0,0.02469323991623974,599,"Yes, I know, as ankle monitors go, it's a bit uncomfortable..."
1358,36,0,0,41,41,1.0,0.02469323991623974,599,He saw my veganism as a sign of weakness.
863,36,0,0,41,41,1.0,0.02469323991623974,599,She prefers hold-on-tight to troglodyte.
842,36,0,0,41,41,1.0,0.02469323991623974,599,How does he know that I'm a Neanderthal Mailman?
770,36,0,0,41,41,1.0,0.02469323991623974,599,The vet said ankle-biting is normal for baby stegosauruses.
493,36,0,0,41,41,1.0,0.02469323991623974,599,Don't worry - he's just pulling my leg!
5210,36,0,0,44,44,1.0,0.022990024493585143,599,I know - I spoil the kids.
4526,36,0,0,44,44,1.0,0.022990024493585143,599,Anyone have a cro-magnon bar?
4409,36,0,0,44,44,1.0,0.022990024493585143,599,Something keeps holding me back.
4223,36,0,0,44,44,1.0,0.022990024493585143,599,Cave arrest requires an ankylosaurus monitor.
3882,36,0,0,44,44,1.0,0.022990024493585143,599,That DUI got me three months of home confinement.
3844,36,0,0,44,44,1.0,0.022990024493585143,599,I can't figure out what's gnawing at me
4450,36,0,0,41,41,1.0,0.02469323991623974,599,Where did you get that ankle bracelet?
4936,36,0,0,41,41,1.0,0.02469323991623974,599,It just wants attention.
5486,36,0,0,41,41,1.0,0.02469323991623974,599,I'm still working on this domestication thing.
5575,36,0,0,41,41,1.0,0.02469323991623974,599,I have an appointment with the Dinosaur Whisperer next week.
816,36,0,0,43,43,1.0,0.023531040266750583,599,You really should stop going down the road less travelled.
803,36,0,0,43,43,1.0,0.023531040266750583,599,My psychiatrist says I need to stay grounded.
670,36,0,0,43,43,1.0,0.023531040266750583,599,So the Judge said I'm only allowed to leave the cave between 9am and 5pm.
543,36,0,0,43,43,1.0,0.023531040266750583,599,"If he evolves to be man's best friend, I'll be a monkey's uncle."
299,36,0,0,43,43,1.0,0.023531040266750583,599,"Sorry, we just had to run faster than you..."
2699,36,0,0,46,46,1.0,0.021979349113192898,599,I’m training her to hunt.
961,36,0,0,46,46,1.0,0.021979349113192898,599,If you think he's undomesticated wait until you meet the Mrs.
1849,36,0,0,52,52,1.0,0.019418390934515434,599,I might be going a little overboard with the probiotics.
3456,36,0,0,44,44,1.0,0.022990024493585143,599,I thought they were vegan's?
4963,36,0,0,35,35,1.0,0.028988551782622423,599,"Yep. Every time I say ""asteroid""...."
3907,36,0,0,35,35,1.0,0.028988551782622423,599,It was either go to jail or wear one of these.
2702,36,0,0,35,35,1.0,0.028988551782622423,599,I'm on house arrest for some cave graffiti
2696,36,0,0,35,35,1.0,0.028988551782622423,599,We're still working on the 'best friend' part.
2036,36,0,0,35,35,1.0,0.028988551782622423,599,He doesn't feel that domesticated.
2032,36,0,0,35,35,1.0,0.028988551782622423,599,This is what happens when you wait in a No Standing Zone.
1813,36,0,0,35,35,1.0,0.028988551782622423,599,My parole officer says I can take it off in three months.
2403,36,0,0,38,38,1.0,0.02666903735313325,599,The company alarm system always goes off before I can get out the door after entering the code.
772,36,0,0,38,38,1.0,0.02666903735313325,599,I think that Rex's weight lose resolution is making him a bit hungry and irritable.
4629,36,0,0,35,35,1.0,0.028988551782622423,599,It's called 'house arrest.'
871,36,0,0,43,43,1.0,0.023531040266750583,599,It's a animal skin clutch.
3097,36,0,0,44,44,1.0,0.022990024493585143,599,I'm still cave training him.
1490,36,0,0,44,44,1.0,0.022990024493585143,599,I'm hoping it bit off more than it can chew.
5018,36,0,0,42,42,1.0,0.024098134635593994,599,"He's very attached to me, but I think he will evolve out of it."
4942,36,0,0,42,42,1.0,0.024098134635593994,599,He followed me home.... can I pleeeeze keep him ?
4759,36,0,0,48,48,1.0,0.021053798026662972,599,With good behavior I get it off in two weeks.
4725,36,0,0,42,42,1.0,0.024098134635593994,599,I hope you have cave owners insurance
4663,36,0,0,24,24,1.0,0.04256282653793743,599,He has separation anxiety whenever he thinks I'm leaving the cave.
4494,36,0,0,42,42,1.0,0.024098134635593994,599,"""Make my day"" my ass. Leg-traps are illegal and I'm going to sue you."
4426,36,0,0,48,48,1.0,0.021053798026662972,599,I can't leave the cave while I'm wearing this ankle bracelet.
4372,36,0,0,45,45,1.0,0.022473328748774737,599,"Except for the neediness, it’s a wonderful companion."
4319,36,0,0,45,45,1.0,0.022473328748774737,599,Fortunately my lawyer got me out on home monitoring.
4265,36,0,0,45,45,1.0,0.022473328748774737,599,"Yeah, I've got my attorney appealing it, but I don't think i'll have a leg to stand on."
4017,36,0,0,45,45,1.0,0.022473328748774737,599,He's a rescue and in the short time we've had him he's become quite attached to me.
3982,36,0,0,42,42,1.0,0.024098134635593994,599,I don't recommend the local Adopt-a-Pet Society.
3880,36,0,0,45,45,1.0,0.022473328748774737,599,House arrest is okay except for the ankle monitor.
3712,36,0,0,39,39,1.0,0.025976216673306556,599,"I got off easy with probation, but they make me wear this stupid ankle bracelet"
3635,36,0,0,48,48,1.0,0.021053798026662972,599,"He followed me home, can I eat him?"
3475,36,0,0,42,42,1.0,0.024098134635593994,599,The judge said it's from the Martha Stewart collection.
3407,36,0,0,39,39,1.0,0.025976216673306556,599,Things kind of went to hell when I tried to teach him to heel.
5119,36,0,0,42,42,1.0,0.024098134635593994,599,"Can you remember, use tweezers or a flame? Just don't break off the head, right?"
5181,36,0,0,45,45,1.0,0.022473328748774737,599,You told me to bring home dinner. You didn't tell me how to catch it.
5192,36,0,0,42,42,1.0,0.024098134635593994,599,"I don't know, we just clicked."
5336,36,0,0,39,39,1.0,0.025976216673306556,599,Are either of you up for a quick bite?
1237,36,0,0,44,44,1.0,0.022990024493585143,599,He's been down right aggressive.
1064,36,0,0,44,44,1.0,0.022990024493585143,599,The old ball and chain.
4286,36,0,0,47,47,1.0,0.021506619680967013,599,It's called a tattoo. Everybody's getting them.
4215,36,0,0,47,47,1.0,0.021506619680967013,599,I'd like to invest in your security company.
3915,36,0,0,47,47,1.0,0.021506619680967013,599,Cave arrest really bites...
2860,36,0,0,47,47,1.0,0.021506619680967013,599,The rescue folks implied that he had an abusive past.
2546,36,0,0,47,47,1.0,0.021506619680967013,599,"""I'm training him to ""Heel""."
2268,36,0,0,47,47,1.0,0.021506619680967013,599,They say it’s more about training ‘me’.
2835,36,0,0,44,44,1.0,0.022990024493585143,599,I'm sure he'd be even friendlier if he became vegetarian.
1522,36,0,0,47,47,1.0,0.021506619680967013,599,"We're still house training him, but at least he keeps the neighbors away"
496,36,0,0,47,47,1.0,0.021506619680967013,599,Mom always said you can’t cancel a dinner party invite last minute.
4813,36,0,0,50,50,1.0,0.020203050891044214,599,Remember 'Skip It'?
5521,36,0,0,42,42,1.0,0.024098134635593994,599,Rex's Paleo Diet is a drag.
5471,36,0,0,42,42,1.0,0.024098134635593994,599,....It's better than 30 days in the slammer!
5385,36,0,0,45,45,1.0,0.022473328748774737,599,He's still being cave-trained.
5384,36,0,0,42,42,1.0,0.024098134635593994,599,We are planning to marry.
5366,36,0,0,42,42,1.0,0.024098134635593994,599,"One year house arrest or extinction, whichever comes first."
5365,36,0,0,42,42,1.0,0.024098134635593994,599,"It's okay, she used to be attached at the hip."
860,36,0,0,47,47,1.0,0.021506619680967013,599,Sorry guys. I'm on cave arrest for another 90 days.
942,36,0,0,43,43,1.0,0.023531040266750583,599,We tried a Dinosaur Whisperer but it didn't work.
954,36,0,0,43,43,1.0,0.023531040266750583,599,He’s part Razorback.
1216,36,0,0,43,43,1.0,0.023531040266750583,599,"Sorry, I can’t join you. I’m confined to house arrest."
3230,36,0,0,40,40,1.0,0.025318484177091666,599,I thought you were just pulling my leg
3104,36,0,0,40,40,1.0,0.025318484177091666,599,It's a wheel lock. I'm grounded for a week.
3056,36,0,0,40,40,1.0,0.025318484177091666,599,I’m teaching Org to heel.
2941,36,0,0,40,40,1.0,0.025318484177091666,599,The Smart Home Security System still needs some work.
2872,36,0,0,40,40,1.0,0.025318484177091666,599,What alligator? Are you pulling my leg again?
2833,36,0,0,40,40,1.0,0.025318484177091666,599,Poor thing is teething. Isn't he adorable?
2703,36,0,0,40,40,1.0,0.025318484177091666,599,He may get peckish if dinner’s late.
2599,36,0,0,40,40,1.0,0.025318484177091666,599,"When it comes to accessorizing, I'm never sure how much is too much."
2598,36,0,0,40,40,1.0,0.025318484177091666,599,She thinks that she is affectionate but I view her as co-dependant.
2573,36,0,0,40,40,1.0,0.025318484177091666,599,He's so attached to me...I can't go anywhere without him!
2513,36,0,0,40,40,1.0,0.025318484177091666,599,Life before the unfriend option.
2484,36,0,0,40,40,1.0,0.025318484177091666,599,I wanted a dog.
2394,36,0,0,40,40,1.0,0.025318484177091666,599,"...thankfully, I'm able to afford 'cave-arrest'."
2352,36,0,0,40,40,1.0,0.025318484177091666,599,We are both having a little separation anxiety.
2332,36,0,0,40,40,1.0,0.025318484177091666,599,"Sorry I can't go to the party, my house arrest started today."
2295,36,0,0,40,40,1.0,0.025318484177091666,599,At least your new pet Dino didn't jump up on me!
2248,36,0,0,40,40,1.0,0.025318484177091666,599,It's the new law enforcement ankle bracelet for homebound offenders.
3268,36,0,0,40,40,1.0,0.025318484177091666,599,They went easy on me -- I'm only under house arrest.
3435,36,0,0,40,40,1.0,0.025318484177091666,599,The ball and chain is staying home tonight.
3555,36,0,0,40,40,1.0,0.025318484177091666,599,My lawyer got me in-house probation.
3573,36,0,0,40,40,1.0,0.025318484177091666,599,30 days - I’m feeling lucky it was just the leg bracelet.
5043,36,0,0,40,40,1.0,0.025318484177091666,599,"It slows you down a bit, but animal anklets are going to be huge this spring!"
4989,36,0,0,40,40,1.0,0.025318484177091666,599,Ankle bracelets - the next big thing!
4966,36,0,0,40,40,1.0,0.025318484177091666,599,"Don't worry, he's just trying to be friendly!"
4903,36,0,0,40,40,1.0,0.025318484177091666,599,So this is what home arrest is like
4812,36,0,0,40,40,1.0,0.025318484177091666,599,"Only 59 more days of house arrest, then I get the ankle bracelet off."
4690,36,0,0,40,40,1.0,0.025318484177091666,599,And people think monkeys on their backs are bad...
4506,36,0,0,40,40,1.0,0.025318484177091666,599,Let us just say he caught me by surprise.
4477,36,0,0,40,40,1.0,0.025318484177091666,599,Don't worry he only bites.
2113,36,0,0,40,40,1.0,0.025318484177091666,599,"I'm under ""cave arrest"" but just until the trial gets underway."
4427,36,0,0,40,40,1.0,0.025318484177091666,599,"And, I have to do 200 hours of community service."
4320,36,0,0,40,40,1.0,0.025318484177091666,599,It’s the latest in ankle monitors
4212,36,0,0,40,40,1.0,0.025318484177091666,599,I have this knowing feeling someone's pulling my leg.
4025,36,0,0,40,40,1.0,0.025318484177091666,599,Maybe 'heal' isn't the best command word.
3965,36,0,0,40,40,1.0,0.025318484177091666,599,It's part of my early release agreement.
3934,36,0,0,40,40,1.0,0.025318484177091666,599,This cave arrest ankle bracelet really sucks.
3884,36,0,0,40,40,1.0,0.025318484177091666,599,I have to wear it until the Grand Jury.
3881,36,0,0,40,40,1.0,0.025318484177091666,599,My doctor said it would help with shin splints
3586,36,0,0,40,40,1.0,0.025318484177091666,599,He's been quite needy since I lost his stick.
4378,36,0,0,40,40,1.0,0.025318484177091666,599,We've become attached.
2010,36,0,0,40,40,1.0,0.025318484177091666,599,It makes me forget my headache.
1974,36,0,0,40,40,1.0,0.025318484177091666,599,The obedience training still has a ways to go...
1839,36,0,0,40,40,1.0,0.025318484177091666,599,It's a pain but it sure beats jail time!
4899,36,0,0,43,43,1.0,0.023531040266750583,599,"It's called ""home dentition."" If I go outside he bites."
4463,36,0,0,43,43,1.0,0.023531040266750583,599,That's the last time I make fun of his monocle.
4415,36,0,0,43,43,1.0,0.023531040266750583,599,I'm grounded.
4264,36,0,0,43,43,1.0,0.023531040266750583,599,"I have to wear this for three months, and then I have a year of probation."
4238,36,0,0,43,43,1.0,0.023531040266750583,599,The judge told me I have to wear this house arrest ankle bracelet until it goes extinct.
3981,36,0,0,43,43,1.0,0.023531040266750583,599,"Yeah, doc says I've got what they call a ""dino-sore"" on my right leg. Could be awhile 'til it heals."
3979,36,0,0,43,43,1.0,0.023531040266750583,599,The vet said it was best to let him express himself.
3850,36,0,0,43,43,1.0,0.023531040266750583,599,But we offer a bed bug-free guarantee.
5524,36,0,0,43,43,1.0,0.023531040266750583,599,The last stand of Ankleosaurus.
3841,36,0,0,43,43,1.0,0.023531040266750583,599,I am under house arrest and I have to wear an ankle bracelet
3669,36,0,0,43,43,1.0,0.023531040266750583,599,The vet insists it's separation anxiety
3668,36,0,0,43,43,1.0,0.023531040266750583,599,I’m calling it ‘Fit Bit.’
2581,36,0,0,43,43,1.0,0.023531040266750583,599,I could go but something is holding me back.
2228,36,0,0,43,43,1.0,0.023531040266750583,599,The vet said he's just teething and he'll grow out of it.
1877,36,0,0,43,43,1.0,0.023531040266750583,599,The judge allows me to take it off when I shower.
1826,36,0,0,43,43,1.0,0.023531040266750583,599,"It's a house arrest leg bracelet, why do you ask?"
1642,36,0,0,43,43,1.0,0.023531040266750583,599,"Yes, it hurts. But my insurance won't cover attachment disorders."
1492,36,0,0,43,43,1.0,0.023531040266750583,599,"What can I say, he followed me home?"
3818,36,0,0,43,43,1.0,0.023531040266750583,599,He’s a little clingy.
5093,36,0,0,40,40,1.0,0.025318484177091666,599,That guy Plato never mentioned there'd be alligators in the cave.
93,36,0,0,40,40,1.0,0.025318484177091666,599,I hope you have homeowners insurance.
243,36,0,0,40,40,1.0,0.025318484177091666,599,Pets today are much tamer than during the Paleolithic; those would swallow you whole.
1819,36,0,0,40,40,1.0,0.025318484177091666,599,I have to wear it because I'm a flight risk.
1771,36,0,0,40,40,1.0,0.025318484177091666,599,We better increase the reservation from 3 to 4.
1708,36,0,0,40,40,1.0,0.025318484177091666,599,"I’m sorry guys, can’t leave home. Damn ankle monitor!!!"
1707,36,0,0,40,40,1.0,0.025318484177091666,599,"Yeah, I accidentally left my door not invented yet."
1674,36,0,0,40,40,1.0,0.025318484177091666,599,I thought you said you’re Aquilops doesn’t bite” “That’s not our Aquilops
1604,36,0,0,40,40,1.0,0.025318484177091666,599,"""He's going through the terrible twos""."
1431,36,0,0,40,40,1.0,0.025318484177091666,599,Look. I can handle an ankle bracelet for three months. No biggie.
1389,36,0,0,40,40,1.0,0.025318484177091666,599,"Don't worry, it's just a clip-on"
160,36,0,0,40,40,1.0,0.025318484177091666,599,She's not cave-broken yet.
1279,36,0,0,40,40,1.0,0.025318484177091666,599,I'm glad she only has her baby teeth!
1124,36,0,0,40,40,1.0,0.025318484177091666,599,The police say I have to wear it until my trial.
1023,36,0,0,40,40,1.0,0.025318484177091666,599,I know I should've asked first if I could bring him home.
843,36,0,0,40,40,1.0,0.025318484177091666,599,The good news is I caught dinner.
713,36,0,0,40,40,1.0,0.025318484177091666,599,Quick! Invent the Jaws of Life!
649,36,0,0,40,40,1.0,0.025318484177091666,599,They said it would cost an arm and a leg to feed him.
403,36,0,0,40,40,1.0,0.025318484177091666,599,I believe there was a mix-up with my Crocs order.
309,36,0,0,40,40,1.0,0.025318484177091666,599,He'll stop teething soon.
292,36,0,0,40,40,1.0,0.025318484177091666,599,"I think it's a sign of affection. By the way,have you seen my wife and kids anywhere?"
1262,36,0,0,40,40,1.0,0.025318484177091666,599,"According to the current food chain, he’s exhibiting acceptable behavior."
4436,36,0,0,32,32,1.0,0.031750031750047626,599,It's so I can't put my foot in my mouth anymore.
4761,36,0,0,32,32,1.0,0.031750031750047626,599,I know you told me not to get attatched...
5033,36,0,0,40,40,1.0,0.025318484177091666,599,Coexistence bites
2457,36,0,0,35,35,1.0,0.028988551782622423,599,"I can't leave the cave tonight, boys, my parole officer stuck me with this ankle monitor."
2406,36,0,0,35,35,1.0,0.028988551782622423,599,I was having trouble staying grounded.
2235,36,0,0,35,35,1.0,0.028988551782622423,599,These pure-breads can be a little temperamental.
2230,36,0,0,30,30,1.0,0.03390317518104052,599,"He's still a little rough on the ""heel"" command."
2142,36,0,0,35,35,1.0,0.028988551782622423,599,He has some separation anxiety.
1596,36,0,0,35,35,1.0,0.028988551782622423,599,He’s pulling my leg.
1582,36,0,0,35,35,1.0,0.028988551782622423,599,Can we please keep him!!!
1294,36,0,0,35,35,1.0,0.028988551782622423,599,And that's why rent is so low here. I should really stop ending the cave tour with this.
1053,36,0,0,40,40,1.0,0.025318484177091666,599,I'm taking him to the dentist.
1036,36,0,0,35,35,1.0,0.028988551782622423,599,At least he’s housebroken.
834,36,0,0,35,35,1.0,0.028988551782622423,599,"He's a great little mouser, but sometimes he goes for calves."
821,36,0,0,35,35,1.0,0.028988551782622423,599,He’s a rescue. We think he was abandoned.
651,36,0,0,35,35,1.0,0.028988551782622423,599,It's the hot accessory for 9321 BC
556,36,0,0,35,35,1.0,0.028988551782622423,599,I'm weaning him.
416,36,0,0,35,35,1.0,0.028988551782622423,599,Soon as newspaper is invented I am going to roll one up and let him have it!
396,36,0,0,30,30,1.0,0.03390317518104052,599,He's rethinking his vegetarian lifestyle.
288,36,0,0,30,30,1.0,0.03390317518104052,599,"I was teaching him to ""heel""."
2560,36,0,0,35,35,1.0,0.028988551782622423,599,"Interspecies relationships are difficult, but she's very attached to me."
2590,36,0,0,35,35,1.0,0.028988551782622423,599,We're thinking of calling it an 'Ankle-o'-Tsuris.'
2607,36,0,0,40,40,1.0,0.025318484177091666,599,"When he's tame, he'll fetch a stick."
2625,36,0,0,35,35,1.0,0.028988551782622423,599,It helps keep track of how many steps I take
4395,36,0,0,35,35,1.0,0.028988551782622423,599,"The judge is letting me out of my cave, as long as I keep this on my leg."
4346,36,0,0,40,40,1.0,0.025318484177091666,599,He doesn’t bite...hard.
4271,36,0,0,35,35,1.0,0.028988551782622423,599,"I get this off in six months, but I’ll never be allowed to own a spear."
4222,36,0,0,35,35,1.0,0.028988551782622423,599,He won't be happy until you paint him
4198,36,0,0,35,35,1.0,0.028988551782622423,599,It's a new 'House Arrest' procedure.
4188,36,0,0,35,35,1.0,0.028988551782622423,599,House arrest isn't so bad. It's like having a pet.
4075,36,0,0,35,35,1.0,0.028988551782622423,599,There's gotta be a better way. I'm thinking of inventing the alarm clock.
3996,36,0,0,35,35,1.0,0.028988551782622423,599,I've got an idea for dinner.
256,36,0,0,30,30,1.0,0.03390317518104052,599,It was either stay in jail or wear the stegosaurus until trial.
3985,36,0,0,35,35,1.0,0.028988551782622423,599,He always seems to sense when I'm getting ready to go somewhere.
3596,36,0,0,35,35,1.0,0.028988551782622423,599,He's clinging to the past.
3577,36,0,0,35,35,1.0,0.028988551782622423,599,They put me on cave arrest so I have to wear this tracking device.
3572,36,0,0,35,35,1.0,0.028988551782622423,599,I want to keep him. He's really attached to me.
3321,36,0,0,35,35,1.0,0.028988551782622423,599,"House arrest is not so bad, but the ankle bracelet is a little uncomfortable."
3168,36,0,0,35,35,1.0,0.028988551782622423,599,He isn’t cave broken yet.
2984,36,0,0,35,35,1.0,0.028988551782622423,599,"Sorry, can't go. I'm under cave arrest."
2738,36,0,0,35,35,1.0,0.028988551782622423,599,It's just the usual separation anxiety
2639,36,0,0,35,35,1.0,0.028988551782622423,599,Our relationship is evolving. I think he wants to be my best friend.
3855,36,0,0,35,35,1.0,0.028988551782622423,599,"Uncomfortable? Sure, but it beats getting sent back to rehab."
4599,36,0,0,35,35,1.0,0.028988551782622423,599,He wants to come home with me.
4950,36,0,0,43,43,1.0,0.023531040266750583,599,I'd love to but I'm still under cave arrest.
887,36,0,0,43,43,1.0,0.023531040266750583,599,His therapist says crushing his primitive instincts could lead to future problems
2129,36,0,0,38,38,1.0,0.02666903735313325,599,I bet this never happened to Fred Flintstone
2066,36,0,0,38,38,1.0,0.02666903735313325,599,It came with the apartment.
2040,36,0,0,38,38,1.0,0.02666903735313325,599,He's thinks I stole his other eye.
1957,36,0,0,38,38,1.0,0.02666903735313325,599,He just may have understood the word extinction
1867,36,0,0,38,38,1.0,0.02666903735313325,599,This home comes with security.
1784,36,0,0,38,38,1.0,0.02666903735313325,599,What do you think--build a better mousetrap?
1722,36,0,0,38,38,1.0,0.02666903735313325,599,He thinks he's a guardvark.
1628,36,0,0,38,38,1.0,0.02666903735313325,599,"Ankle monitor lizard. He's fine, as long as I don't leave the cave."
1497,36,0,0,38,38,1.0,0.02666903735313325,599,"It's a labradosaur, they chew but they don't shed"
1214,36,0,0,38,38,1.0,0.02666903735313325,599,I think he likes me. He followed me home
1026,36,0,0,38,38,1.0,0.02666903735313325,599,My niece calls it an aunteater.
775,36,0,0,38,38,1.0,0.02666903735313325,599,He's only partially cave trained.
686,36,0,0,38,38,1.0,0.02666903735313325,599,I hereby call to order this emergency meeting of the Domestication Club.
618,36,0,0,38,38,1.0,0.02666903735313325,599,Can I keep him? He followed me home.
484,36,0,0,38,38,1.0,0.02666903735313325,599,We thought he’d leave after eating the furniture.
401,36,0,0,38,38,1.0,0.02666903735313325,599,He's very anti-social. He does this everytime I have company over.
3631,36,0,0,33,33,1.0,0.030772872744833184,599,Does he have his rabies shot?
2339,36,0,0,38,38,1.0,0.02666903735313325,599,I think he wants me to draw his picture.
2687,36,0,0,38,38,1.0,0.02666903735313325,599,It's called prehistoric love.
2716,36,0,0,38,38,1.0,0.02666903735313325,599,"No, he's misunderstood."
2728,36,0,0,38,38,1.0,0.02666903735313325,599,The guy said it would improve home security.
5472,36,0,0,38,38,1.0,0.02666903735313325,599,Is it any wonder why this breed is called legasaurus?
5168,36,0,0,38,38,1.0,0.02666903735313325,599,It's nothing a little ice can't take care of.
4919,36,0,0,38,38,1.0,0.02666903735313325,599,"Trust me, it's better than what he was doing to the other leg."
4682,36,0,0,38,38,1.0,0.02666903735313325,599,Its the ankle bracelet I always wanted
4641,36,0,0,38,38,1.0,0.02666903735313325,599,We both suffer from separation anxiety.
4568,36,0,0,38,38,1.0,0.02666903735313325,599,You can tell by the way that he's biting my leg that he is an al-leg-gator.
3993,36,0,0,38,38,1.0,0.02666903735313325,599,"The cops say if I try to take it off, I will go to jail."
3776,36,0,0,38,38,1.0,0.02666903735313325,599,"They gave me house arrest, but I'm aloud to visit the zoo."
1832,36,0,0,43,43,1.0,0.023531040266750583,599,Luckily the court only ordered me to wear this ankle monitor for a few weeks.
3749,36,0,0,38,38,1.0,0.02666903735313325,599,He's not quite cavebroken yet.
3376,36,0,0,38,38,1.0,0.02666903735313325,599,I keep warning you! No depth perception is placing us all in danger!
3344,36,0,0,38,38,1.0,0.02666903735313325,599,"It's early days, but we are still working on who  is the predator and who is lunch."
3340,36,0,0,38,38,1.0,0.02666903735313325,599,One of my parole restrictions.
3189,36,0,0,38,38,1.0,0.02666903735313325,599,"Well, it started when my husband asked me if I wanted to play fetch with the dog..."
2925,36,0,0,38,38,1.0,0.02666903735313325,599,Thanks for bringing him home officer
2902,36,0,0,38,38,1.0,0.02666903735313325,599,When you said I'd become attached to the place...
2818,36,0,0,38,38,1.0,0.02666903735313325,599,On sale at Petcave.
2742,36,0,0,38,38,1.0,0.02666903735313325,599,The Judge says I have to wear this ankle bracelet for three more weeks
3409,36,0,0,38,38,1.0,0.02666903735313325,599,When his baby teeth are gone that's it.
4617,36,0,0,35,35,1.0,0.028988551782622423,599,Why don’t we get a saber toothed kitty instead?
4810,36,0,0,35,35,1.0,0.028988551782622423,599,The judge put me on cave arrest.
4869,36,0,0,35,35,1.0,0.028988551782622423,599,They let me off with house arrest.
632,36,0,0,34,34,1.0,0.029854071701326604,599,I’m no longer willing to care for this beast while you’re away!
615,36,0,0,34,34,1.0,0.029854071701326604,599,I shouldn’t have told him I was getting my own cave.
572,36,0,0,34,34,1.0,0.029854071701326604,599,Would you believe I just went out for a bite?
564,36,0,0,34,34,1.0,0.029854071701326604,599,I’m under house arrest until my court date.
252,36,0,0,34,34,1.0,0.029854071701326604,599,I have to wear him until my trial date on the next solstice.
225,36,0,0,34,34,1.0,0.029854071701326604,599,"Not only that, but he roars if I leave my cave."
216,36,0,0,34,34,1.0,0.029854071701326604,599,He followed me home....can I keep him ?
202,36,0,0,34,34,1.0,0.029854071701326604,599,We're still working on his resource guarding.
121,36,0,0,34,34,1.0,0.029854071701326604,599,This would make a great subject for a wall painting
114,36,0,0,34,34,1.0,0.029854071701326604,599,It's to keep me from going shopping.
21,36,0,0,34,34,1.0,0.029854071701326604,599,I take it you've seen our Web site.
5559,36,0,0,39,39,1.0,0.025976216673306556,599,"Yeah, house arrest."
5543,36,0,0,39,39,1.0,0.025976216673306556,599,I'd love to join you but I'm under cave arrest.
4835,36,0,0,39,39,1.0,0.025976216673306556,599,Do you know any good jokes? Otherwise you’ll just have to tickle him.
4828,36,0,0,39,39,1.0,0.025976216673306556,599,He'll let go if I give him some Gatorade
3274,36,0,0,39,39,1.0,0.025976216673306556,599,She's just expressing anxiety about the continuing existence of her species.
3195,36,0,0,39,39,1.0,0.025976216673306556,599,you guys go ahead and get seated; I’ll sort out the check here
685,36,0,0,34,34,1.0,0.029854071701326604,599,I don't know. He's been acting wierd ever since that giant meteor hit.
705,36,0,0,34,34,1.0,0.029854071701326604,599,Darn! I was hoping to leave behind an intact skeleton.
717,36,0,0,34,34,1.0,0.029854071701326604,599,"I should have known to call the exterminator, before creating my man cave."
778,36,0,0,34,34,1.0,0.029854071701326604,599,I am confident that the mailman-pet relationship will improve in the future.
2198,36,0,0,34,34,1.0,0.029854071701326604,599,....3 months-he’s still teething.
2156,36,0,0,34,34,1.0,0.029854071701326604,599,"The judge only gave me house arrest, which is better then prison."
2128,36,0,0,34,34,1.0,0.029854071701326604,599,I can't go out. I'm under house arrest.
2012,36,0,0,34,34,1.0,0.029854071701326604,599,They told me it is a petting zoo. It is not. Please call me an Ambulance
1643,36,0,0,34,34,1.0,0.029854071701326604,599,"Dude, what if in like the future . . . everything has two eyes?"
1602,36,0,0,34,34,1.0,0.029854071701326604,599,"I mean, he does bite, but he doesn't have rabies, so there's that, ya know?!"
1562,36,0,0,34,34,1.0,0.029854071701326604,599,"I call it ""aversion therapy."""
1498,36,0,0,34,34,1.0,0.029854071701326604,599,These leg-hold traps need to be outlawed.
2874,36,0,0,39,39,1.0,0.025976216673306556,599,My wife misunderstood me when I said that I'd love for us to have a little ankle-biter.
1395,36,0,0,34,34,1.0,0.029854071701326604,599,"Oh, I've seen this one plenty - textbook case of over-attachment. Or predator's instinct. One of those two."
1020,36,0,0,34,34,1.0,0.029854071701326604,599,There's always one in every office- right?
1003,36,0,0,34,34,1.0,0.029854071701326604,599,"Thanks, but I think I’ll skip bowling tonight."
975,36,0,0,34,34,1.0,0.029854071701326604,599,Our fetch trick is almost there.
969,36,0,0,34,34,1.0,0.029854071701326604,599,They're not as cute and cuddly as the drawing made them out to be.
967,36,0,0,34,34,1.0,0.029854071701326604,599,He thinks I'm his mother.
5498,36,0,0,17,17,1.0,0.06063390625908324,599,I got paroled to home confinement.
899,36,0,0,34,34,1.0,0.029854071701326604,599,The judge made this a condition of my parole.
865,36,0,0,34,34,1.0,0.029854071701326604,599,He want's to share the cave and will split the rent.
1058,36,0,0,34,34,1.0,0.029854071701326604,599,"She doesn't like the name ""Pussykins."""
1284,36,0,0,39,39,1.0,0.025976216673306556,599,What do you mean no pets allowed?
1158,36,0,0,39,39,1.0,0.025976216673306556,599,we're going to need to use our heads to control these things!
938,36,0,0,39,39,1.0,0.025976216673306556,599,"It's only his ""teething"" phase."
4195,36,0,0,37,37,1.0,0.02739983121755955,599,"Yes, Wilma, it’s new house arrest technology."
4031,36,0,0,37,37,1.0,0.02739983121755955,599,"Yeah, I got a new peg-leg last week."
3231,36,0,0,37,37,1.0,0.02739983121755955,599,It turns out that I need a fenced-in yard to adopt a dog. So...
2494,36,0,0,37,37,1.0,0.02739983121755955,599,It's called a Raptor-Round-The-Ankle.
2478,36,0,0,37,37,1.0,0.02739983121755955,599,I really hope these ankle braces get better over time!
2453,36,0,0,37,37,1.0,0.02739983121755955,599,"I have to walk it twice a day, as per the terms of my cave arrest."
1872,36,0,0,37,37,1.0,0.02739983121755955,599,My P.O. says I only have two more weeks and it can come off.
1647,36,0,0,37,37,1.0,0.02739983121755955,599,On the plus side the rescue shelter waived the adoption fee
222,36,0,0,32,32,1.0,0.031750031750047626,599,He hasn’t been quite the same since the kids were here over the Holidays.
1281,36,0,0,37,37,1.0,0.02739983121755955,599,"House arrest, I got caught drawing on the walls of the cave."
1123,36,0,0,37,37,1.0,0.02739983121755955,599,"The teething thing is always challenging, but I know he will make a good pet for your cave."
814,36,0,0,37,37,1.0,0.02739983121755955,599,I forgot to pay a standing ticket and Officer Gorg put a Stegosaurus lock on me
765,36,0,0,37,37,1.0,0.02739983121755955,599,"It's the newest knee brace technology, helps provide support and get rid of knee pain."
281,36,0,0,37,37,1.0,0.02739983121755955,599,"For the last time, Carl - peeing on my leg won't help."
5275,36,0,0,42,42,1.0,0.024098134635593994,599,"Soon, he'll be 'cave broken'1"
5408,36,0,0,35,35,1.0,0.028988551782622423,599,"He's housebroken, that's how he lets me know he needs to go out."
5374,36,0,0,35,35,1.0,0.028988551782622423,599,Like my new anklet?
5075,36,0,0,35,35,1.0,0.028988551782622423,599,We've become attached.
1171,36,0,0,37,37,1.0,0.02739983121755955,599,"Don't worry, the guy at the store says he won't get any bigger."
3630,36,0,0,33,33,1.0,0.030772872744833184,599,"I wish someone would invent ""Fetch!"""
489,36,0,0,32,32,1.0,0.031750031750047626,599,"It's called a cat, C-A-T. It's unfriendly and its smelly pee will wind up on everything we invent to put inside our cave."
752,36,0,0,32,32,1.0,0.031750031750047626,599,I got six months home arrest with ankle bracelet. It totally bites!
812,36,0,0,39,39,1.0,0.025976216673306556,599,Both his parents were prize biters.
604,36,0,0,39,39,1.0,0.025976216673306556,599,He doesn’t want me to leave. It’s called separation anxiety.
2023,36,0,0,44,44,1.0,0.022990024493585143,599,I thought they all died out 65 million years ago.
5105,36,0,0,32,32,1.0,0.031750031750047626,599,This house arrest is certainly a drag!
5051,36,0,0,32,32,1.0,0.031750031750047626,599,"""I will come hunting with you as soon as I get off house arrest""."
4157,36,0,0,32,32,1.0,0.031750031750047626,599,The judge gave me the option of house arrest.
3519,36,0,0,32,32,1.0,0.031750031750047626,599,It’s called an ankle minotaur. I’m required to wear it until the trial.
3483,36,0,0,32,32,1.0,0.031750031750047626,599,"Cave arrest isn't so bad, but the ankle bracelet is a real drag."
598,36,0,0,32,32,1.0,0.031750031750047626,599,"House arrest isn’t that bad, except for the ankle monitor."
3481,36,0,0,32,32,1.0,0.031750031750047626,599,Giving up Pterodactyls for Lent has made him a little jumpy.
2305,36,0,0,32,32,1.0,0.031750031750047626,599,I'm under cave arrest. I burned the brontoburgers again.
1774,36,0,0,32,32,1.0,0.031750031750047626,599,The vet says he's only going to get worse with age.
1665,36,0,0,32,32,1.0,0.031750031750047626,599,Was it you do or you don't have to be the fastest?
1519,36,0,0,32,32,1.0,0.031750031750047626,599,See? Still not ticklish.
1312,36,0,0,32,32,1.0,0.031750031750047626,599,"Well, at least it's more loving than my last boyfriend who was a horrible misogynist AND a Trump supporter!"
1160,36,0,0,32,32,1.0,0.031750031750047626,599,I have an idea for a way to catch animals.
1059,36,0,0,32,32,1.0,0.031750031750047626,599,We've been attached to each other for years.
788,36,0,0,32,32,1.0,0.031750031750047626,599,"You think this hurts, breast feeding was much worse"
2961,36,0,0,32,32,1.0,0.031750031750047626,599,I’m sure the seller would kick in something toward an exterminator at the closing.
2816,36,0,0,33,33,1.0,0.030772872744833184,599,"Obviously, he’s a rescue."
895,36,0,0,33,33,1.0,0.030772872744833184,599,I can't wait until this species becomes extinct.
3192,36,0,0,28,28,1.0,0.036369648372665396,599,He suffers from a bit of separation anxiety.
3333,36,0,0,37,37,1.0,0.02739983121755955,599,They determined I was a flight risk.
3235,36,0,0,37,37,1.0,0.02739983121755955,599,"I'd really like to keep him, but I'm worried about enlarging my carbon footprint."
3178,36,0,0,37,37,1.0,0.02739983121755955,599,I didn't understand when the breeder said it could get attached to me.
3143,36,0,0,37,37,1.0,0.02739983121755955,599,I lost the remote.
3105,36,0,0,37,37,1.0,0.02739983121755955,599,They said they ran out of ball and chains.
3093,36,0,0,37,37,1.0,0.02739983121755955,599,"Sorry, I have to cancel our plans. His separation anxiety is worse than I thought."
3079,36,0,0,37,37,1.0,0.02739983121755955,599,"""Hi! What's your names?"" CHOMP, CHOMP. (from Adam, 7 years old) ""Why do our faces have to look like tasty chickens?"" (From Alana, 10 years old)"
3038,36,0,0,37,37,1.0,0.02739983121755955,599,Thanks for coming to visit while I'm under house arrest.
3001,36,0,0,37,37,1.0,0.02739983121755955,599,I figured it was too obvious to be a real trap!
2970,36,0,0,37,37,1.0,0.02739983121755955,599,It’s my new live ankle bracelet.
2918,36,0,0,37,37,1.0,0.02739983121755955,599,All the pet adoption agency had was him or a T-Rex. This made sense at the time.
2894,36,0,0,37,37,1.0,0.02739983121755955,599,"There’s no such thing as a bad stegosaurus, just a bad owner."
2870,36,0,0,37,37,1.0,0.02739983121755955,599,If I survive teething he should make for a good pet!
2845,36,0,0,37,37,1.0,0.02739983121755955,599,My new home security device needs just a little tweaking.
2796,36,0,0,37,37,1.0,0.02739983121755955,599,"Mom and Dad, meet the old ball and chain!"
2668,36,0,0,37,37,1.0,0.02739983121755955,599,"Actually, she's quite tame."
2587,36,0,0,37,37,1.0,0.02739983121755955,599,I'm under house arrest till the third moon of 620
3496,36,0,0,37,37,1.0,0.02739983121755955,599,The vet says he's just teething.
3511,36,0,0,37,37,1.0,0.02739983121755955,599,I called him an anachronism.
3532,36,0,0,37,37,1.0,0.02739983121755955,599,I have to wear him as part of my work release.
3614,36,0,0,37,37,1.0,0.02739983121755955,599,The only time I'm aware of the ankle monitor is when he gnaws at feeding time.
4596,36,0,0,37,37,1.0,0.02739983121755955,599,I had a gnawing need for a pet.
4580,36,0,0,37,37,1.0,0.02739983121755955,599,My wife's idea of an emotional support animal.
4555,36,0,0,37,37,1.0,0.02739983121755955,599,I keep hoping we'll evolve past this paradigm.
4527,36,0,0,37,37,1.0,0.02739983121755955,599,"Fine, I concede that this idea of having a 'pet' at home might be a couple of hundred thousand years early."
4507,36,0,0,37,37,1.0,0.02739983121755955,599,It's this daily grind that gets to me.
4480,36,0,0,37,37,1.0,0.02739983121755955,599,Its OK - I just got house arrest
4253,36,0,0,37,37,1.0,0.02739983121755955,599,This doesn't even introduce a coup de grace to our bond.
4169,36,0,0,37,37,1.0,0.02739983121755955,599,I think it likes me.
2559,36,0,0,37,37,1.0,0.02739983121755955,599,Amazon delivered it from the Amazon and now I can't return it.
4061,36,0,0,37,37,1.0,0.02739983121755955,599,"It's nothing, really. His bark is worse than his bite!"
3960,36,0,0,37,37,1.0,0.02739983121755955,599,I told her my parents wanted me to find someone interested in my mind. She promised she'd get there.
3945,36,0,0,37,37,1.0,0.02739983121755955,599,"These critters only eat BLT's. Bacon, legs and tomato."
3940,36,0,0,37,37,1.0,0.02739983121755955,599,"If we spin this correctly, this could turn into a footwear brand."
3939,36,0,0,37,37,1.0,0.02739983121755955,599,Meet my service stegosaurus.
3938,36,0,0,37,37,1.0,0.02739983121755955,599,She's ready for dinner
3912,36,0,0,37,37,1.0,0.02739983121755955,599,"Thank God, they are still his puppy teeth."
3700,36,0,0,37,37,1.0,0.02739983121755955,599,My wife wanted a ferret and I wanted a T Rex. We compromised.
3651,36,0,0,37,37,1.0,0.02739983121755955,599,It hurts at first but eventually you get used to it.
3999,36,0,0,37,37,1.0,0.02739983121755955,599,It’s called the Manafort ankle bracelet because history is going to repeat itself.
2539,36,0,0,37,37,1.0,0.02739983121755955,599,"No, they make great pets. They help lower your blood pressure."
2410,36,0,0,37,37,1.0,0.02739983121755955,599,Her name is Alexa. She just needs to learn a few more voice commands.
2288,36,0,0,37,37,1.0,0.02739983121755955,599,The current tenant will be not be an issue.
620,36,0,0,37,37,1.0,0.02739983121755955,599,It was court-ordered...the judge thought I was a fight-or-flight risk.
602,36,0,0,37,37,1.0,0.02739983121755955,599,You should see its mother.
567,36,0,0,37,37,1.0,0.02739983121755955,599,I dun' know ... separation anxiety?
524,36,0,0,37,37,1.0,0.02739983121755955,599,It's a kind of love.
501,36,0,0,37,37,1.0,0.02739983121755955,599,"I'll be frank with you, I find it to be nuisance."
467,36,0,0,37,37,1.0,0.02739983121755955,599,#MeToo
326,36,0,0,37,37,1.0,0.02739983121755955,599,He has attachment issue
324,36,0,0,37,37,1.0,0.02739983121755955,599,The judge said it should come off in about six months.
709,36,0,0,37,37,1.0,0.02739983121755955,599,The judge called it house arrest.
316,36,0,0,37,37,1.0,0.02739983121755955,599,Can we keep him?
262,36,0,0,37,37,1.0,0.02739983121755955,599,It’s a new thing called cave-arrest.
5353,36,0,0,45,45,1.0,0.022473328748774737,599,Jim says it’s just an attachment phase.
3061,36,0,0,45,45,1.0,0.022473328748774737,599,Thanks for coming over. This house arrest is a real pain.
851,36,0,0,45,45,1.0,0.022473328748774737,599,"Tell me, have they invented pain killers yet?"
5417,36,0,0,32,32,1.0,0.031750031750047626,599,His mother abandoned him before he was hatched.
5400,36,0,0,32,32,1.0,0.031750031750047626,599,"The wife wanted a saber-toothed tiger, but I’m allergic"
5296,36,0,0,40,40,1.0,0.025318484177091666,599,She said she was an ankle biter so I swiped right...
5115,36,0,0,40,40,1.0,0.025318484177091666,599,It’s the latest fad!
297,36,0,0,37,37,1.0,0.02739983121755955,599,"I'll hold it, you guys get the clubs..."
4635,36,0,0,37,37,1.0,0.02739983121755955,599,"He's cute, but has some attachment issues."
877,36,0,0,37,37,1.0,0.02739983121755955,599,We mustn't judge. If we were going extinct we'd hold on for dear life also!
1092,36,0,0,37,37,1.0,0.02739983121755955,599,i guess my letter carrying training is complete.
2256,36,0,0,37,37,1.0,0.02739983121755955,599,Domesticating the wolf was easy so I thought I'd go for more of a challenge.
2172,36,0,0,37,37,1.0,0.02739983121755955,599,The judge thinks I'm a flight risk.
2063,36,0,0,37,37,1.0,0.02739983121755955,599,That's why I call him 'Draggin'.
1912,36,0,0,37,37,1.0,0.02739983121755955,599,He must have heard us talking about tax shelters. Now he just won't let go.
1893,36,0,0,37,37,1.0,0.02739983121755955,599,Remember when I said that depth perception is overrated? Well...
1871,36,0,0,37,37,1.0,0.02739983121755955,599,"I got the other one off, but ran out of dental floss."
1811,36,0,0,37,37,1.0,0.02739983121755955,599,The judge says I'm a flight risk
1768,36,0,0,37,37,1.0,0.02739983121755955,599,We should probably switch back to the high protein mix.
958,36,0,0,37,37,1.0,0.02739983121755955,599,That’s great that he comes when you call; but I think he’s still attached to me.
1734,36,0,0,37,37,1.0,0.02739983121755955,599,He'll grow out of it. He thinks he's a crocodile.
1668,36,0,0,37,37,1.0,0.02739983121755955,599,"This has been my longest relationship and honestly, I think there’s potential..."
1659,36,0,0,37,37,1.0,0.02739983121755955,599,I'd love to go but I'm still under house arrest.
1655,36,0,0,37,37,1.0,0.02739983121755955,599,I love him. He's cave-broken but he gnaws everything.
1654,36,0,0,37,37,1.0,0.02739983121755955,599,It’s my PO’s idea!
1366,36,0,0,37,37,1.0,0.02739983121755955,599,Do I look fat with this creature latched onto my leg?
1309,36,0,0,37,37,1.0,0.02739983121755955,599,He's adamant that I accept our co-existence.
1165,36,0,0,37,37,1.0,0.02739983121755955,599,Yes it's painful. But it's the only way I can get him to go out for a walk.
1142,36,0,0,37,37,1.0,0.02739983121755955,599,He's so affectionate.
1673,36,0,0,37,37,1.0,0.02739983121755955,599,"I love him dearly, but he may need a few more obedience classes."
3348,36,0,0,33,33,1.0,0.030772872744833184,599,She calls it marriage. I call it house arrest.
4771,36,0,0,37,37,1.0,0.02739983121755955,599,It's only for another six months. After that I get my lending privileges back.
4860,36,0,0,37,37,1.0,0.02739983121755955,599,Gotta to keep this thing on my ankle 'til I'm off cave arrest.
3247,36,0,0,36,36,1.0,0.028171808490950554,599,They gave me cave arrest. I have to wear this thing until the trial.
3183,36,0,0,36,36,1.0,0.028171808490950554,599,He's afraid I'll go extinct.
2921,36,0,0,36,36,1.0,0.028171808490950554,599,"yes, he thinks he runs the cave."
2773,36,0,0,36,36,1.0,0.028171808490950554,599,George stepped in the trap again.
2720,36,0,0,36,36,1.0,0.028171808490950554,599,"I know, he's just an ankle biter, but I caved in."
2662,36,0,0,36,36,1.0,0.028171808490950554,599,What's the name of your dog?
2634,36,0,0,36,36,1.0,0.028171808490950554,599,I think he's really starting to like me.
2624,36,0,0,36,36,1.0,0.028171808490950554,599,he's always been a leg man
2603,36,0,0,36,36,1.0,0.028171808490950554,599,It's not house arrest or even the ankle cuff that bothers me as much as it is the saliva.
2395,36,0,0,36,36,1.0,0.028171808490950554,599,"Oh, it's you...I thought I was seeing double from the pain..."
2294,36,0,0,36,36,1.0,0.028171808490950554,599,"""His bark is worse than his bite"", I just thought of it"
2203,36,0,0,36,36,1.0,0.028171808490950554,599,He gets very anxious and possessive every morning when he hears the garage door open
2178,36,0,0,36,36,1.0,0.028171808490950554,599,No biggie--he's just teething.
2158,36,0,0,36,36,1.0,0.028171808490950554,599,"Ok, sometimes he bites"
1925,36,0,0,36,36,1.0,0.028171808490950554,599,My wife placed me under cave arrest until she gets back from her mother's next week.
1735,36,0,0,36,36,1.0,0.028171808490950554,599,"anyway , we were playing ,you put your right foot in ..."
1717,36,0,0,36,36,1.0,0.028171808490950554,599,"I'm afraid I can't join you today, my dear little pet suffers from separation anxiety."
3329,36,0,0,36,36,1.0,0.028171808490950554,599,"I got him for emotional support, now he's having a hard time letting go"
3812,36,0,0,36,36,1.0,0.028171808490950554,599,Ball 'n' chainasaur
3963,36,0,0,36,36,1.0,0.028171808490950554,599,"I know, but they haven't invented leashes yet."
4127,36,0,0,36,36,1.0,0.028171808490950554,599,My wife says it's a dog. . . Don't think it's registered with the Cave Kennel Club.
1534,36,0,0,28,28,1.0,0.036369648372665396,599,Dino unfortunately has developed a mild case of 'separation anxiety'.
5089,36,0,0,41,41,1.0,0.02469323991623974,599,"Ah, but you see ""Komodo Dragon"" is all the rage for the Spring Collections!"
3837,36,0,0,41,41,1.0,0.02469323991623974,599,He's always so happy to see me when I get home..
3819,36,0,0,41,41,1.0,0.02469323991623974,599,We really do need to build a better mousetrap.
3266,36,0,0,41,41,1.0,0.02469323991623974,599,"I think I will call him ""Ankle-o-sore-us."""
2508,36,0,0,41,41,1.0,0.02469323991623974,599,Invention of the leash
1181,36,0,0,41,41,1.0,0.02469323991623974,599,I'm not sure who's domesticated whom.
844,36,0,0,41,41,1.0,0.02469323991623974,599,"HR just said, 'Boys will be boys!' and that there's nothing they can do about it."
1292,36,0,0,36,36,1.0,0.028171808490950554,599,It's really hard to train a baby Stegosaurus.
5367,36,0,0,36,36,1.0,0.028171808490950554,599,I hear 2.0 has facial recognition
5185,36,0,0,36,36,1.0,0.028171808490950554,599,"I broke up with her gently, but she's having a hard time letting go."
5072,36,0,0,36,36,1.0,0.028171808490950554,599,The trouble with any of these BNBs is the pets you have to put up with.
5070,36,0,0,36,36,1.0,0.028171808490950554,599,It's not as bad as a tiger by the tail
4868,36,0,0,36,36,1.0,0.028171808490950554,599,I'm not saying he's trained. I'm not saying he's friendly. But you'll never find a baby Dacentrurus with more potential.
4766,36,0,0,36,36,1.0,0.028171808490950554,599,They call it a scram bracelet.
4654,36,0,0,36,36,1.0,0.028171808490950554,599,He can't bear the thought we won't be fossilized together.
4437,36,0,0,36,36,1.0,0.028171808490950554,599,I think I need a bandaid.
4128,36,0,0,36,36,1.0,0.028171808490950554,599,"Cave arrest for three months, but I can lose the Ankylosaurus in two."
5194,36,0,0,36,36,1.0,0.028171808490950554,599,"Very possessive, but got rid of my husband..I will let you borrow her if you like."
1178,36,0,0,36,36,1.0,0.028171808490950554,599,"It was either wear the ankle monitor, or jail...."
1069,36,0,0,36,36,1.0,0.028171808490950554,599,We're working on his attachment issues.
1030,36,0,0,36,36,1.0,0.028171808490950554,599,"Yes, normally I would get an Uber."
3735,36,0,0,42,42,1.0,0.024098134635593994,599,Heel is his favorite command.
3580,36,0,0,42,42,1.0,0.024098134635593994,599,I tried to turn him into a vegetarian. It’s his revenge.
2939,36,0,0,42,42,1.0,0.024098134635593994,599,"""Fish oil will do wonder for your skin,"" they said. ""Trust us,"" they said."
2537,36,0,0,42,42,1.0,0.024098134635593994,599,He's not like me. He's a leg man.
1633,36,0,0,42,42,1.0,0.024098134635593994,599,It's just while I'm on parole.
3553,36,0,0,29,29,1.0,0.03509312031717982,599,He's my new teacup Stegosaurus.
1801,36,0,0,29,29,1.0,0.03509312031717982,599,"Yes it hurts, but ""cave arrest"" still beats the alternative"
5546,36,0,0,37,37,1.0,0.02739983121755955,599,"And that's why it's called a ""MyLegIsSore-aus"""
4496,36,0,0,42,42,1.0,0.024098134635593994,599,"Now that we've visited the petting zoo, anyone up for the 3-legged race?"
5530,36,0,0,37,37,1.0,0.02739983121755955,599,I'll take him out to play Fetch somewhere—I'm thinking over by La Brea.
5307,36,0,0,37,37,1.0,0.02739983121755955,599,The judge said I was lucky just to get away with a tracker
5253,36,0,0,37,37,1.0,0.02739983121755955,599,As Neanderthals we must strictly hew to our policy of passive resistance.
5197,36,0,0,37,37,1.0,0.02739983121755955,599,It's been like this since I brought him home from the Shelter
5164,36,0,0,37,37,1.0,0.02739983121755955,599,I forgot you had a Chihuahuasaurus...does he like to play fetch?
5005,36,0,0,37,37,1.0,0.02739983121755955,599,"Yeah, just eight more weeks of cave-arrest."
4948,36,0,0,37,37,1.0,0.02739983121755955,599,He's become attached to me.
4938,36,0,0,37,37,1.0,0.02739983121755955,599,Can you believe it? I get booted for walking 5mph in a 2mph zone.
4895,36,0,0,37,37,1.0,0.02739983121755955,599,She's taking me out for dinner.
5421,36,0,0,37,37,1.0,0.02739983121755955,599,"Yes, it's an ankle monitor. I'm under cave arrest."
4774,36,0,0,37,37,1.0,0.02739983121755955,599,Please let me keep him. He’s very attached to me.
4508,36,0,0,42,42,1.0,0.024098134635593994,599,I thought it was excema at first.
5453,36,0,0,42,42,1.0,0.024098134635593994,599,How do you like our new security system?
993,36,0,0,36,36,1.0,0.028171808490950554,599,Have you seen my wife?
852,36,0,0,36,36,1.0,0.028171808490950554,599,Your telling me that dinosaurs have been extinct for millions of years is not helping my situation.
561,36,0,0,36,36,1.0,0.028171808490950554,599,It’s an ankle monitor for rolling a wheel under the influence.
300,36,0,0,36,36,1.0,0.028171808490950554,599,My Wife doesn't think they can be domesticated so I'm going to try a wolf pup.
154,36,0,0,36,36,1.0,0.028171808490950554,599,"He followed me home, so I kept him."
4391,36,0,0,39,39,1.0,0.025976216673306556,599,Obedient training was a waste.
2732,36,0,0,39,39,1.0,0.025976216673306556,599,We're still working through the separation anxiety.
2253,36,0,0,39,39,1.0,0.025976216673306556,599,By guesses as to how opposable thumbs might get me out of this one?
4787,36,0,0,42,42,1.0,0.024098134635593994,599,"House arrest is bad enough, but this ankle device has a real mean streak."
1805,36,0,0,39,39,1.0,0.025976216673306556,599,"I can't really leave, but I've dropped like 20 fire tapes."
1122,36,0,0,39,39,1.0,0.025976216673306556,599,I do not think we will see him anymore for Grog drew the short straw and his anklet monitor was a T-Rex.
693,36,0,0,39,39,1.0,0.025976216673306556,599,After I serve my one year probation they'll remove the ankle bracelet.
123,36,0,0,39,39,1.0,0.025976216673306556,599,I'm under home confinement until the trial and have to wear the ankle shackle.
3904,36,0,0,47,47,1.0,0.021506619680967013,599,"Who needs Obamacare, am I right?"
3014,36,0,0,47,47,1.0,0.021506619680967013,599,I think my pre-Achilles tendinitis is acting up.
5073,36,0,0,34,34,1.0,0.029854071701326604,599,I’d go but I’m on house arrest
4026,36,0,0,34,34,1.0,0.029854071701326604,599,He gets bad separation anxiety
1587,36,0,0,34,34,1.0,0.029854071701326604,599,I'm not sure who is domesticating who?
1583,36,0,0,39,39,1.0,0.025976216673306556,599,I’m on house arrest. Judge’s order.
1108,36,0,0,57,57,1.0,0.01769980813511972,599,"She got sick of the ball and chain jokes, so for Christmas I got this."
3305,36,0,0,42,42,1.0,0.024098134635593994,599,This new type of ankle monitor has a bad temper.
2960,36,0,0,48,48,1.0,0.021053798026662972,599,Found him abandoned on a Tokyo movie set.
5211,36,0,0,52,52,1.0,0.019418390934515434,599,I think it’s time to take him to the dinosaur whisperer for some obedience training.
5186,36,0,0,52,52,1.0,0.019418390934515434,599,It’s a condition of my parole.
5027,36,0,0,52,52,1.0,0.019418390934515434,599,House arrest is a real drag.
4597,36,0,0,52,52,1.0,0.019418390934515434,599,I think she wants a Forever Home.
4577,36,0,0,52,52,1.0,0.019418390934515434,599,It's this new thing called 'Probation.'
4563,36,0,0,52,52,1.0,0.019418390934515434,599,It’s a housearrestosaurus
4553,36,0,0,52,52,1.0,0.019418390934515434,599,I've named it Facebook.
4392,36,0,0,52,52,1.0,0.019418390934515434,599,"Until my parole is done, I can't leave home without my ankle monitor."
4356,36,0,0,52,52,1.0,0.019418390934515434,599,The judge put me on cave arrest.
3877,36,0,0,52,52,1.0,0.019418390934515434,599,The judge said I have to wear it while I'm out on bail.
3592,36,0,0,52,52,1.0,0.019418390934515434,599,"Sure it's a lot of responsibility, but it's worth it for all the love you get in return."
3539,36,0,0,52,52,1.0,0.019418390934515434,599,My parole officer said I have to wear one.
3533,36,0,0,52,52,1.0,0.019418390934515434,599,He gets clingy around strangers
3498,36,0,0,52,52,1.0,0.019418390934515434,599,They were out of the small size ankle monitor.
3467,36,0,0,52,52,1.0,0.019418390934515434,599,Do you like my new ankle bracelet? It's from Lacoste
3354,36,0,0,52,52,1.0,0.019418390934515434,599,"Yes it hurts, but with my Emotional Support Animal, there are so many perks and no one will sit next to me on the village transport cart."
2856,36,0,0,52,52,1.0,0.019418390934515434,599,"Apparently, it's on the Paleo Diet."
5490,36,0,0,52,52,1.0,0.019418390934515434,599,"Fine, maybe we should domesticate wolves instead."
5515,36,0,0,52,52,1.0,0.019418390934515434,599,Sorry I can’t come out. He has separation anxiety.
104,36,0,0,45,45,1.0,0.022473328748774737,599,"Papyrus, rock, scissors."
3147,36,0,0,45,45,1.0,0.022473328748774737,599,"Sorry, can't party. House arrest"
381,36,0,0,58,58,1.0,0.017391961901349125,599,I can't wait until we invent language so I can tell him to heel.
5237,36,0,0,41,41,1.0,0.02469323991623974,599,I can't afford to have it removed.
3469,36,0,0,41,41,1.0,0.02469323991623974,599,He is a bit of an ankle biter but he doesn't shed.
2192,36,0,0,41,41,1.0,0.02469323991623974,599,I call it a fitbit-asaurus.
1612,36,0,0,41,41,1.0,0.02469323991623974,599,My neighbor Ivanka says it's the 'must have' accessory of the year.
3873,36,0,0,48,48,1.0,0.021053798026662972,599,Feeding him is costing an arm and a leg.
3169,36,0,0,48,48,1.0,0.021053798026662972,599,The vet says it's a bad case of separation anxiety.
2107,36,0,0,48,48,1.0,0.021053798026662972,599,Yep. He's a pedigreed ankylosaurus.
2698,36,0,0,52,52,1.0,0.019418390934515434,599,Crocs seemed like a good idea two years ago.
1393,36,0,0,24,24,1.0,0.04256282653793743,599,Enough with the wheel -- invent obedience training!
5303,36,0,0,55,55,1.0,0.018349396085439344,599,I think I figured out its mating call
4438,36,0,0,55,55,1.0,0.018349396085439344,599,"Yes, it hurts. But it's the latest in fashion."
3112,36,0,0,55,55,1.0,0.018349396085439344,599,I still don’t know why you got this thing; you have nothing to steal.
2772,36,0,0,55,55,1.0,0.018349396085439344,599,I'm feeling really vulnerable these days.
2660,36,0,0,55,55,1.0,0.018349396085439344,599,Truth be told--this new field of animal domestication is somewhat 'trial and error'.
2655,36,0,0,55,55,1.0,0.018349396085439344,599,"Truthfully, it's the stigma of being under cave arrest that stings the most."
1614,36,0,0,55,55,1.0,0.018349396085439344,599,His bite is bigger than his bark.
1501,36,0,0,55,55,1.0,0.018349396085439344,599,"All I said was""Heel, Spike""!"
5560,36,0,0,55,55,1.0,0.018349396085439344,599,He's very possessive of anything that looks like food.
3188,36,0,0,58,58,1.0,0.017391961901349125,599,"We were working on not biting the hand that feeds him, but he switched to the leg that walks him."
2514,36,0,0,52,52,1.0,0.019418390934515434,599,She's a real man eater.
2320,36,0,0,52,52,1.0,0.019418390934515434,599,"He is not that great now, but could evolve."
1402,36,0,0,42,42,1.0,0.024098134635593994,599,"Lucky for me, the judge granted me house arrest!"
1398,36,0,0,49,49,1.0,0.020619652471058063,599,I can't wait for dogs to evolve.
1347,36,0,0,56,56,1.0,0.01801874925391118,599,He's always been attached.
1295,36,0,0,56,56,1.0,0.01801874925391118,599,If I behave it'll come off in 6 months
1288,36,0,0,49,49,1.0,0.020619652471058063,599,He has an attachment disorder.
1100,36,0,0,56,56,1.0,0.01801874925391118,599,It will be removed once the probation period ends.
1017,36,0,0,56,56,1.0,0.01801874925391118,599,The regular ball and chain wasn't working.
749,36,0,0,56,56,1.0,0.01801874925391118,599,It's worse--he ate my dog.
676,36,0,0,56,56,1.0,0.01801874925391118,599,It only hurts when I move.
584,36,0,0,63,63,1.0,0.01600051202457731,599,"They might be stylish, but I don't find alligator shoes all that comfortable."
3862,36,0,0,60,60,1.0,0.016807316136320357,599,How long until this whole vegan trend catches on?
1568,36,0,0,60,60,1.0,0.016807316136320357,599,His barking is much worse.
5445,36,0,0,53,53,1.0,0.019048482943986485,599,I thought he was a rug but he was just sleeping.
5399,36,0,0,53,53,1.0,0.019048482943986485,599,They cuffed me and put me on house arrest
5071,36,0,0,53,53,1.0,0.019048482943986485,599,In a million years we'll call them dogs.
4691,36,0,0,53,53,1.0,0.019048482943986485,599,The vet says it's just till he's through teething.
4653,36,0,0,53,53,1.0,0.019048482943986485,599,"Sorry, I can't come. I'm still under house arrest."
1421,36,0,0,56,56,1.0,0.01801874925391118,599,Achilles gets very testy when he thinks I'm going out without him.
2326,36,0,0,56,56,1.0,0.01801874925391118,599,The vet says it's separation anxiety. the Xanax seems to be helping.
2792,36,0,0,56,56,1.0,0.01801874925391118,599,It's Called A Shoe.
2978,36,0,0,56,56,1.0,0.01801874925391118,599,It's an Ankylosaurus. They're all the rage.
2258,36,0,0,52,52,1.0,0.019418390934515434,599,It was either that or a nose ring.
2157,36,0,0,52,52,1.0,0.019418390934515434,599,He's very possessive.
2137,36,0,0,52,52,1.0,0.019418390934515434,599,He'll be with me through the appeal.
1895,36,0,0,52,52,1.0,0.019418390934515434,599,"I'm under cave arrest, so I have to wear this ankle bracelet."
1407,36,0,0,52,52,1.0,0.019418390934515434,599,"Glork, are you under house arrest, again?"
1025,36,0,0,52,52,1.0,0.019418390934515434,599,The Shelter said he had no history of biting.
980,36,0,0,52,52,1.0,0.019418390934515434,599,"He’s extinct, but he doesn’t know it."
908,36,0,0,52,52,1.0,0.019418390934515434,599,The judge said I could choose an ankle braclet or stoning.
2417,36,0,0,52,52,1.0,0.019418390934515434,599,"But Ma, it followed me home!"
774,36,0,0,52,52,1.0,0.019418390934515434,599,A chew toy might help his separation anxiety.
290,36,0,0,52,52,1.0,0.019418390934515434,599,She followed me home. May I keep her = please?
172,36,0,0,52,52,1.0,0.019418390934515434,599,He’s my emotional support animal
3318,36,0,0,59,59,1.0,0.017094641498783945,599,"It’s ok, he’s just playing."
2529,36,0,0,59,59,1.0,0.017094641498783945,599,He protects me from my occasional urge to jog.
5534,36,0,0,56,56,1.0,0.01801874925391118,599,It's a new tracking technology called ankle bracelet.
5375,36,0,0,56,56,1.0,0.01801874925391118,599,"On the other hand, it doesn't shed."
4758,36,0,0,56,56,1.0,0.01801874925391118,599,It is part of my house arrest.
3271,36,0,0,56,56,1.0,0.01801874925391118,599,"I don't so much mind not being allowed to leave the cave, but the ankle monitor makes it really difficult to take a shower."
308,36,0,0,52,52,1.0,0.019418390934515434,599,It followed me home. Can I keep it?
133,36,0,0,51,51,1.0,0.019802950859533486,599,He has a severe case of separation anxiety.
228,36,0,0,51,51,1.0,0.019802950859533486,599,The kids really wanted one and we caved.
477,36,0,0,51,51,1.0,0.019802950859533486,599,"I keep an eye on him and he keeps an eye on me, although he does tend to be a bit possessive."
4028,36,0,0,50,50,1.0,0.020203050891044214,599,I think I would choose jail instead if I could do it again.
4027,36,0,0,50,50,1.0,0.020203050891044214,599,"I taught him how to ""go fetch"" now I have to teach him to ""release""."
4021,36,0,0,40,40,1.0,0.025318484177091666,599,The alternative to alligator pie is supply-side economics. Let me demonstrate!
4007,36,0,0,50,50,1.0,0.020203050891044214,599,It's political.
3901,36,0,0,40,40,1.0,0.025318484177091666,599,"Yeah, the ankle bracelet is a condition of my parole."
3813,36,0,0,50,50,1.0,0.020203050891044214,599,"He's better than the witch doctor. Every time I pry him off, my blinding headache comes back."
3798,36,0,0,50,50,1.0,0.020203050891044214,599,I know right? She's gotten so clingy lately.
3724,36,0,0,50,50,1.0,0.020203050891044214,599,"It can be a pain, but pets teach the kids survival skills."
3715,36,0,0,50,50,1.0,0.020203050891044214,599,Do you think wolves would be easier to domesticate?
3665,36,0,0,50,50,1.0,0.020203050891044214,599,He hates it when I go out.
3347,36,0,0,50,50,1.0,0.020203050891044214,599,Say to hi to Chewy.
3314,36,0,0,50,50,1.0,0.020203050891044214,599,It's called cave arrest.
3227,36,0,0,50,50,1.0,0.020203050891044214,599,He seems to think this is his cave
3053,36,0,0,50,50,1.0,0.020203050891044214,599,He was so cute when I got him.
3017,36,0,0,50,50,1.0,0.020203050891044214,599,"I'd love to come with you, but I'm under cave arrest."
2871,36,0,0,50,50,1.0,0.020203050891044214,599,It's my turn to feed him.
2234,36,0,0,50,50,1.0,0.020203050891044214,599,He turned out not to be a shadow on the cave wall.
4270,36,0,0,50,50,1.0,0.020203050891044214,599,Always happy to see me.
4371,36,0,0,50,50,1.0,0.020203050891044214,599,It was this or house arrest.
4404,36,0,0,50,50,1.0,0.020203050891044214,599,"Yeah, I know. I should have tried to domesticate a wolf."
4590,36,0,0,50,50,1.0,0.020203050891044214,599,Taking him out for walks is the hardest part.
2757,36,0,0,53,53,1.0,0.019048482943986485,599,Can't I keep him as a pet? I feel so attached to him.
2685,36,0,0,53,53,1.0,0.019048482943986485,599,They used to tow you away for jaywalking. Now this.
2526,36,0,0,53,53,1.0,0.019048482943986485,599,He just doesn’t want another pet
1941,36,0,0,53,53,1.0,0.019048482943986485,599,I should have mentioned... I am on house arrest.
1890,36,0,0,53,53,1.0,0.019048482943986485,599,Judge says I can get him off in three months with good behavior.
1609,36,0,0,53,53,1.0,0.019048482943986485,599,Happen to know a good stegosaurus whisperer?
1474,36,0,0,53,53,1.0,0.019048482943986485,599,"It's getting better, we used to be attached at the hip."
1287,36,0,0,53,53,1.0,0.019048482943986485,599,"Yeah, bummer sentence. House arrest for 5 months."
2117,36,0,0,50,50,1.0,0.020203050891044214,599,They put me under house arrest.
684,36,0,0,53,53,1.0,0.019048482943986485,599,The upside is that this home uses no fossil fuels.
5520,36,0,0,50,50,1.0,0.020203050891044214,599,"I tried to get a sitter, but I'm afraid he'll have to come with us"
5159,36,0,0,50,50,1.0,0.020203050891044214,599,I know I broke the law ... but they've got to make these ankle-monitors more user-friendly.
5058,36,0,0,50,50,1.0,0.020203050891044214,599,It's an ankle monitor. I'm under cave arrest.
5010,36,0,0,50,50,1.0,0.020203050891044214,599,I decided that a small one on my ankle would be sexy.
4900,36,0,0,50,50,1.0,0.020203050891044214,599,See ... it will be millions of years before we can safely say 'Heel!'
4842,36,0,0,50,50,1.0,0.020203050891044214,599,"Apparently, it’s not extinct."
4747,36,0,0,50,50,1.0,0.020203050891044214,599,"Sorry, I can't seem to shake loose tonight."
4723,36,0,0,50,50,1.0,0.020203050891044214,599,He hasn't been cave-trained yet.
537,36,0,0,53,53,1.0,0.019048482943986485,599,It's supposed to help get rid of cellulite.
1494,36,0,0,50,50,1.0,0.020203050891044214,599,"We're working on understanding the difference between ""attachment"" and ""affection."""
1117,36,0,0,50,50,1.0,0.020203050891044214,599,"Can I keep him, PLEASE !!!!!"
1082,36,0,0,50,50,1.0,0.020203050891044214,599,The parole officer mentioned something about an ankle bracelet but until then...
710,36,0,0,44,44,1.0,0.022990024493585143,599,We're her third foster home
4474,36,0,0,61,61,1.0,0.016529490122682157,599,"I'm training him to ""heel"" - and for a dimetrodon, he's coming along nicely!"
5370,36,0,0,51,51,1.0,0.019802950859533486,599,I always put my best foot forward.
5278,36,0,0,51,51,1.0,0.019802950859533486,599,Thank heaven he's the runt of the litter.
4918,36,0,0,51,51,1.0,0.019802950859533486,599,I'll be under house arrest for three more months.
4620,36,0,0,51,51,1.0,0.019802950859533486,599,His name is Trump. And I'm still voting for him.
4503,36,0,0,51,51,1.0,0.019802950859533486,599,Could one of you hold his tail while the other tickles under his chin.
3793,36,0,0,51,51,1.0,0.019802950859533486,599,Beats prison!
2133,36,0,0,44,44,1.0,0.022990024493585143,599,It's a tracking tool mandated by the court. If I try to leave the house it bites off my leg.
3734,36,0,0,51,51,1.0,0.019802950859533486,599,I met her online.
3063,36,0,0,51,51,1.0,0.019802950859533486,599,I think we need to revisit the idea of domesticating cats.
2809,36,0,0,51,51,1.0,0.019802950859533486,599,But all the cool kids are wearing them!
2565,36,0,0,34,34,1.0,0.029854071701326604,599,Could be emotional attachment. Could be he's pulling my leg.
2498,36,0,0,51,51,1.0,0.019802950859533486,599,"We're inseparable,"
2282,36,0,0,51,51,1.0,0.019802950859533486,599,Beats prison!
1603,36,0,0,51,51,1.0,0.019802950859533486,599,"He followed me home, and I’m really attached to him. Can we keep him?"
1273,36,0,0,51,51,1.0,0.019802950859533486,599,He’s my sado masochistic support animal
657,36,0,0,51,51,1.0,0.019802950859533486,599,"My attorney kept me out of jail, but now I have this ankle monitor lizard."
3487,36,0,0,51,51,1.0,0.019802950859533486,599,The weaning process is taking longer than expected.
4453,36,0,0,53,53,1.0,0.019048482943986485,599,I guess you could say that he's become quite attached to me.
2741,36,0,0,44,44,1.0,0.022990024493585143,599,We’re still working on ‘leave it.’
4016,36,0,0,44,44,1.0,0.022990024493585143,599,I just wanted a pet. I didn't think it would become so attached.
610,36,0,0,50,50,1.0,0.020203050891044214,599,It’s just separation anxiety.
549,36,0,0,50,50,1.0,0.020203050891044214,599,I feel like something’s gnawing at me.
304,36,0,0,50,50,1.0,0.020203050891044214,599,They always start out as ankle-biters.
4152,36,0,0,57,57,1.0,0.01769980813511972,599,I forgot to turn the alarm off again!
2635,36,0,0,57,57,1.0,0.01769980813511972,599,He's very possessive.
2244,36,0,0,57,57,1.0,0.01769980813511972,599,My pet therapist recommended attachment parenting
902,36,0,0,64,64,1.0,0.015748519708717802,599,"I avoided prison, by plea bargaining to wearing an ankle monitor."
4523,36,0,0,54,54,1.0,0.018692405136401476,599,He's still teething.
3743,36,0,0,44,44,1.0,0.022990024493585143,599,"The veterinarian asked me, 'Where did a get the idea he was vegetarian?'"
3121,36,0,0,54,54,1.0,0.018692405136401476,599,I have an idea for a home security system.
2754,36,0,0,54,54,1.0,0.018692405136401476,599,Judge say six month cave arrest and then community service.
1383,36,0,0,54,54,1.0,0.018692405136401476,599,Give me a minute while I change shoes.
640,36,0,0,54,54,1.0,0.018692405136401476,599,Security System? Were you two afraid someone might steal a rock?
522,36,0,0,54,54,1.0,0.018692405136401476,599,Please tell me he'll be extinct soon.
497,36,0,0,54,54,1.0,0.018692405136401476,599,He won't do this once we're domesticated.
294,36,0,0,54,54,1.0,0.018692405136401476,599,I'm under house arrest!
5222,36,0,0,44,44,1.0,0.022990024493585143,599,Look! He missed me!
4547,36,0,0,44,44,1.0,0.022990024493585143,599,My parole officer says I don't want to know what happens if I go outside.
2876,36,0,0,54,54,1.0,0.018692405136401476,599,He's good with children; I know you'll love him.
2965,36,0,0,53,53,1.0,0.019048482943986485,599,"Part of my sentence...hey, the technology's gotta start somewhere."
4435,36,0,0,53,53,1.0,0.019048482943986485,599,It’s not so bad as long as I stay within 50 feet of the cave.
3714,36,0,0,53,53,1.0,0.019048482943986485,599,He seems to have a foot fetish.
4534,36,0,0,48,48,1.0,0.021053798026662972,599,"Well, I only have one eye."
4019,36,0,0,48,48,1.0,0.021053798026662972,599,I just rescued him from a no-kill shelter.
2794,36,0,0,48,48,1.0,0.021053798026662972,599,"I call it the 'leg warmer,' but it's just a prototype."
2463,36,0,0,48,48,1.0,0.021053798026662972,599,Next time remind me to make sure Fred and Wilma have paid their parking tickets before I borrow their footmobile.
2087,36,0,0,48,48,1.0,0.021053798026662972,599,"‘It’s me or extinction, so he’s hanging on.’"
2029,36,0,0,48,48,1.0,0.021053798026662972,599,There appears to be a disagreement as to who is eating whom for dinner.
1676,36,0,0,48,48,1.0,0.021053798026662972,599,He was hungry; I ran out of homeowork
1538,36,0,0,48,48,1.0,0.021053798026662972,599,It's only a matter of time before they turn on you.
1535,36,0,0,48,48,1.0,0.021053798026662972,599,They ran out of Crocs.
999,36,0,0,48,48,1.0,0.021053798026662972,599,Not too sure that alligator shoes will catch on.
698,36,0,0,48,48,1.0,0.021053798026662972,599,Domestication is a painful process.
469,36,0,0,48,48,1.0,0.021053798026662972,599,She's always like this until she gets her coffee
464,36,0,0,48,48,1.0,0.021053798026662972,599,"He’s still claiming I have one foot in the grave, but I think he’s projecting."
4668,36,0,0,63,63,1.0,0.01600051202457731,599,"Yes, I know, a cat would have been a better choice."
4518,36,0,0,63,63,1.0,0.01600051202457731,599,"I thought we were agreeing to adopt a child when he said ""Let's get an ankle biter"""
2197,36,0,0,52,52,1.0,0.019418390934515434,599,He's calling himself an ankleosaurus. I think it's just separation anxiety.
1342,36,0,0,52,52,1.0,0.019418390934515434,599,It's my home detention monitor.
4801,36,0,0,48,48,1.0,0.021053798026662972,599,The worst part of house arrest is my ankle monitor.
4943,36,0,0,48,48,1.0,0.021053798026662972,599,He seems to have developed a taste for white meat.
75,36,0,0,59,59,1.0,0.017094641498783945,599,The rent isn't that bad though.
759,36,0,0,59,59,1.0,0.017094641498783945,599,The vet said he has separation anxiety.
1210,36,0,0,55,55,1.0,0.018349396085439344,599,The parole board said I had to wear this monitor lizard for 12 months.
1107,36,0,0,55,55,1.0,0.018349396085439344,599,"Not rating him highly in the audition for ""man's best friend""."
745,36,0,0,55,55,1.0,0.018349396085439344,599,I'm just not a cat guy.
146,36,0,0,55,55,1.0,0.018349396085439344,599,"He followed me home, can I keep him????"
5116,36,0,0,59,59,1.0,0.017094641498783945,599,It's a condition of my work release.
4607,36,0,0,59,59,1.0,0.017094641498783945,599,"The bear trap works just fine, but I have to figure out how to reset it."
4532,36,0,0,59,59,1.0,0.017094641498783945,599,He'll be biting my ankle for another 30 days--until I'm off supervised probation.
4500,36,0,0,59,59,1.0,0.017094641498783945,599,When will they discover a better mousetrap?
1258,36,0,0,52,52,1.0,0.019418390934515434,599,If we had a leash law this would never happen.
4299,36,0,0,59,59,1.0,0.017094641498783945,599,I'm really not interested in your opinions about evolution. My ankle is killing me.
2679,36,0,0,59,59,1.0,0.017094641498783945,599,They let me go home but I have to wear this newfangled ankle monitor.
2673,36,0,0,59,59,1.0,0.017094641498783945,599,"Fortunately, he's due to become extinct in 15 million years."
1786,36,0,0,59,59,1.0,0.017094641498783945,599,This is Steg. He's very attached to me.
1682,36,0,0,59,59,1.0,0.017094641498783945,599,What are you two staring at?!?
1442,36,0,0,59,59,1.0,0.017094641498783945,599,He needs anger management.
1345,36,0,0,59,59,1.0,0.017094641498783945,599,He’s a little clingy.
959,36,0,0,59,59,1.0,0.017094641498783945,599,"The breed has a reputation, and it's totally unfair."
911,36,0,0,59,59,1.0,0.017094641498783945,599,"Unfortunately I can't leave the cave, and the judge says I need to wear this until the trial begins."
4193,36,0,0,59,59,1.0,0.017094641498783945,599,Jurassic parked. We’re going to have to work on the fetch command.
1742,36,0,0,55,55,1.0,0.018349396085439344,599,I'm under cave arrest for looting the tarpits.
5414,36,0,0,56,56,1.0,0.01801874925391118,599,"Really, I find pet ownership quite calming."
5238,36,0,0,56,56,1.0,0.01801874925391118,599,I have to wear this until the trial.
5207,36,0,0,53,53,1.0,0.019048482943986485,599,He’s really attached to me.
2903,36,0,0,53,53,1.0,0.019048482943986485,599,Can you guys watch him this weekend? We've got a hunting and gathering retreat.
1153,36,0,0,53,53,1.0,0.019048482943986485,599,I can't go: I'm on house arrest.
5156,36,0,0,57,57,1.0,0.01769980813511972,599,"I only got probation, but the ankle bracelet's a beast."
4887,36,0,0,57,57,1.0,0.01769980813511972,599,It is cute but a little too needy.
4839,36,0,0,57,57,1.0,0.01769980813511972,599,The real difficulty is not his bark.
4745,36,0,0,57,57,1.0,0.01769980813511972,599,I've never had a pet that was this attached to me.
4631,36,0,0,57,57,1.0,0.01769980813511972,599,And they said his bark is worse than his bite.
4462,36,0,0,57,57,1.0,0.01769980813511972,599,Rex is in therapy for his separation anxiety....
4206,36,0,0,57,57,1.0,0.01769980813511972,599,He will soon be extinct and the pain will only be a distant memory
3809,36,0,0,57,57,1.0,0.01769980813511972,599,"One more month of parole, and then it comes off."
3702,36,0,0,57,57,1.0,0.01769980813511972,599,It beats staying in jail until my trial.
3648,36,0,0,57,57,1.0,0.01769980813511972,599,It's the latest in Cankle Reduction devices and it's available in stripes or polka dots!
3589,36,0,0,57,57,1.0,0.01769980813511972,599,Sorry I can't join you. I'm under house arrest.
3403,36,0,0,57,57,1.0,0.01769980813511972,599,The current owner isn't selling
3041,36,0,0,57,57,1.0,0.01769980813511972,599,The Ancient Ball and Chain
2447,36,0,0,57,57,1.0,0.01769980813511972,599,These Vice Grips work Great!
3404,36,0,0,34,34,1.0,0.029854071701326604,599,"Yup, seems I've misspelled Plato's allegorical cave on the time machine and we've ended up at an alligator cave."
3156,36,0,0,49,49,1.0,0.020619652471058063,599,He found the bag of marijuana that is marked 'makes you hungry''.
3167,36,0,0,49,49,1.0,0.020619652471058063,599,I said you would look great on my feet. Then this happened.
4566,36,0,0,49,49,1.0,0.020619652471058063,599,Mildred’s out getting dinosaur food.
4730,36,0,0,56,56,1.0,0.01801874925391118,599,"I’d love to, but I’m under house arrest."
4705,36,0,0,56,56,1.0,0.01801874925391118,599,"Caveman's best friend. Yeah, right."
2549,36,0,0,56,56,1.0,0.01801874925391118,599,I know what to do to get my foot out of MY mouth.
1714,36,0,0,56,56,1.0,0.01801874925391118,599,Better than that other ball and chain of an ex-wife
1606,36,0,0,56,56,1.0,0.01801874925391118,599,You're right you just had to out run me.
1559,36,0,0,56,56,1.0,0.01801874925391118,599,Just don't give him any attention... otherwise he'll NEVER learn.
1038,36,0,0,56,56,1.0,0.01801874925391118,599,It's a condition of parole.
811,36,0,0,56,56,1.0,0.01801874925391118,599,"I'll name him ""Legasaurus"""
5240,36,0,0,56,56,1.0,0.01801874925391118,599,It's all the rage in the Paris caves.
673,36,0,0,56,56,1.0,0.01801874925391118,599,He's just teething. My wife said something about sticking a dummy in his mouth. Not sure what she meant.
306,36,0,0,56,56,1.0,0.01801874925391118,599,He’s become very attached to me.
4783,36,0,0,60,60,1.0,0.016807316136320357,599,"It's called an ""anklet"" and it hurts like hell."
3925,36,0,0,60,60,1.0,0.016807316136320357,599,It's an ankle monitor.
3334,36,0,0,60,60,1.0,0.016807316136320357,599,This is actually the more preferred of the two things he does to my leg.
3137,36,0,0,60,60,1.0,0.016807316136320357,599,It only hurts when I cough.
2361,36,0,0,60,60,1.0,0.016807316136320357,599,"I would love to go, but it would violate the terms of my cave arrest."
1879,36,0,0,60,60,1.0,0.016807316136320357,599,I tried to tell my wife I was more of a cat person
367,36,0,0,60,60,1.0,0.016807316136320357,599,'Hominids' best friend' he's not.
343,36,0,0,56,56,1.0,0.01801874925391118,599,"She's a rescue, so...we make allowances."
2080,36,0,0,55,55,1.0,0.018349396085439344,599,"But, Mo-om, Da-ad, I promise I'll feed him."
2671,36,0,0,55,55,1.0,0.018349396085439344,599,"Sorry, I can't go clubbing anymore."
2690,36,0,0,55,55,1.0,0.018349396085439344,599,"It's nothing, he's just hungry."
4915,36,0,0,54,54,1.0,0.018692405136401476,599,Jail may have been a better option!
4516,36,0,0,54,54,1.0,0.018692405136401476,599,Probation is not so bad but the ankle monitoring bracelet is really a drag!
4402,36,0,0,54,54,1.0,0.018692405136401476,599,"Sorry, I've been placed on house arrest."
3919,36,0,0,54,54,1.0,0.018692405136401476,599,It's a fashion statement.
3918,36,0,0,54,54,1.0,0.018692405136401476,599,"I am looking for my wife, have you seen her around?"
3851,36,0,0,36,36,1.0,0.028171808490950554,599,"Oh, I barely feel it but I'm not sure if it's because he's eased up or the nerve endings are gone."
3807,36,0,0,54,54,1.0,0.018692405136401476,599,I made the mistake of trying a new skin cream with barbeque sauce
3650,36,0,0,54,54,1.0,0.018692405136401476,599,Why would I go out and buy a bone when I have a perfectly good one right here?
3568,36,0,0,54,54,1.0,0.018692405136401476,599,"It's a GPS ankle monitor. I got lucky - due to underfunding and overcrowding in our dungeon system, I was given cave arrest..."
3412,36,0,0,54,54,1.0,0.018692405136401476,599,I'm training him to come to heel.
3379,36,0,0,54,54,1.0,0.018692405136401476,599,He's a stegosoreankle.
2315,36,0,0,54,54,1.0,0.018692405136401476,599,Do you think the ankle bracelet too much?
2273,36,0,0,54,54,1.0,0.018692405136401476,599,He's got separation issues
2239,36,0,0,54,54,1.0,0.018692405136401476,599,I have to wear it until my next hearing in 2 weeks.
2027,36,0,0,54,54,1.0,0.018692405136401476,599,I can’t today I have another week of home detention.
1850,36,0,0,54,54,1.0,0.018692405136401476,599,"Yeah, and the breeder assured me it was an herbivore."
1649,36,0,0,54,54,1.0,0.018692405136401476,599,Do you ever just feel like something is holding you back?
5316,36,0,0,54,54,1.0,0.018692405136401476,599,I'll be wearing this until I'm off parole.
5232,36,0,0,61,61,1.0,0.016529490122682157,599,Does the Cave Owners Association cover this?
5463,36,0,0,61,61,1.0,0.016529490122682157,599,It soothes him.
1099,36,0,0,43,43,1.0,0.023531040266750583,599,House arrest seemed like the better option.
3022,36,0,0,53,53,1.0,0.019048482943986485,599,"Love bites, that's all it is."
2990,36,0,0,53,53,1.0,0.019048482943986485,599,"I've been fitted with a monitor, as a condition of my probation."
2950,36,0,0,53,53,1.0,0.019048482943986485,599,We're working on his separation anxiety.
2906,36,0,0,53,53,1.0,0.019048482943986485,599,Don’t be silly. He’s just playing.
2476,36,0,0,53,53,1.0,0.019048482943986485,599,Oh yes...he's left over from a hundred million years ago.....a little harder to cavebreak.
2321,36,0,0,53,53,1.0,0.019048482943986485,599,Jailcave is overcrowded. They gave me the ankle bracelet.
1882,36,0,0,53,53,1.0,0.019048482943986485,599,It's the newest technology in setting broken bones.
1149,36,0,0,53,53,1.0,0.019048482943986485,599,"Next time, you be the bait."
1467,36,0,0,54,54,1.0,0.018692405136401476,599,"Sorry, I can't go. I'm under house arrest."
1131,36,0,0,53,53,1.0,0.019048482943986485,599,Next time I'm going through a breeder.
150,36,0,0,53,53,1.0,0.019048482943986485,599,Though the house-training is going well.
89,36,0,0,53,53,1.0,0.019048482943986485,599,But I love him.
341,36,0,0,39,39,1.0,0.025976216673306556,599,"Ooooh-can I keep him! Mom, Dad, please?"
2611,36,0,0,57,57,1.0,0.01769980813511972,599,"I don’t know what you mean, Gavror, we can hardly notice the house arrest bracelet."
735,36,0,0,57,57,1.0,0.01769980813511972,599,He's very attached to me.
580,36,0,0,57,57,1.0,0.01769980813511972,599,I gotta stay here or my ankle monitor will go off.
3826,36,0,0,50,50,1.0,0.020203050891044214,599,Preparing dinner has gotten the best of me so I think we should eat out.
2815,36,0,0,50,50,1.0,0.020203050891044214,599,"We banned cruel punishments, but forgot to ban unusual ones."
352,36,0,0,53,53,1.0,0.019048482943986485,599,"Hopefully, he's an endangered species."
1296,36,0,0,54,54,1.0,0.018692405136401476,599,"Aside from the fact that we're both single, what did you think we had in common?"
1283,36,0,0,54,54,1.0,0.018692405136401476,599,have we invented a chain saw yet?
972,36,0,0,54,54,1.0,0.018692405136401476,599,"As ankle bracelets go, it sucks."
2084,36,0,0,62,62,1.0,0.016260700012185932,599,"Well, it's first gen."
5481,36,0,0,55,55,1.0,0.018349396085439344,599,"He looks like a mutt, but his mother was a purebred ankylosaur."
5404,36,0,0,55,55,1.0,0.018349396085439344,599,"If I leave the cave, he starts screaming my parole officer's name."
5135,36,0,0,55,55,1.0,0.018349396085439344,599,No hunting and gathering for me. I’m under cave arrest.
5132,36,0,0,55,55,1.0,0.018349396085439344,599,Darnit! I keep forgetting to turn off the alarm when I come back home.
4794,36,0,0,55,55,1.0,0.018349396085439344,599,"""Yeah, good news, I am off of cave arrest! ""Um, so well the bad news is there was a malfunction with the anklesaurus, so I can't be the designated driver tonight""."
4414,36,0,0,55,55,1.0,0.018349396085439344,599,There is no collusion!
4266,36,0,0,55,55,1.0,0.018349396085439344,599,But at least he's cavebroken.
5054,36,0,0,62,62,1.0,0.016260700012185932,599,See? With global warming now we have to worry about reptiles.
4258,36,0,0,55,55,1.0,0.018349396085439344,599,It's only while I'm under cave arrest.
4013,36,0,0,55,55,1.0,0.018349396085439344,599,The reason that the leash was the greatest invention until sliced bread.
3864,36,0,0,55,55,1.0,0.018349396085439344,599,It didn't take long for me to get attached to him.
3825,36,0,0,44,44,1.0,0.022990024493585143,599,I'm more of a dog person but Oonga insisted...
3814,36,0,0,55,55,1.0,0.018349396085439344,599,"Yeah, it hurts, but at least I always know where to find him,"
3787,36,0,0,55,55,1.0,0.018349396085439344,599,They're calling it 'the boot'.
3427,36,0,0,55,55,1.0,0.018349396085439344,599,Him? He's my monitor.
3385,36,0,0,55,55,1.0,0.018349396085439344,599,Thanks for the invite. Can Sticky come with?
2781,36,0,0,55,55,1.0,0.018349396085439344,599,It's only a month of house arrest.
4224,36,0,0,44,44,1.0,0.022990024493585143,599,This is why I try to stay as skinny as a toothpick.
4348,36,0,0,53,53,1.0,0.019048482943986485,599,I got off easy. One year cave arrest.
2216,36,0,0,51,51,1.0,0.019802950859533486,599,Domestication has to start somewhere.
5284,36,0,0,51,51,1.0,0.019802950859533486,599,"It's not a bite, more like a molar caress."
764,36,0,0,54,54,1.0,0.018692405136401476,599,It's the Paleo Diet. With each bite the pounds just fall off.
427,36,0,0,54,54,1.0,0.018692405136401476,599,"hey mom and dad, is this covered on our health care."
140,36,0,0,54,54,1.0,0.018692405136401476,599,He’s really attached to me.
991,36,0,0,47,47,1.0,0.021506619680967013,599,The home monitoring option isn’t as nice as one might assume.
168,36,0,0,47,47,1.0,0.021506619680967013,599,Do either of you know how to recover a forgotten PIN number?
5549,36,0,0,58,58,1.0,0.017391961901349125,599,I wouldn't say I am completely free with this ankle monitor
4822,36,0,0,58,58,1.0,0.017391961901349125,599,He really starts to grow on you.
4434,36,0,0,58,58,1.0,0.017391961901349125,599,This house arrest thing is really getting old.
4243,36,0,0,51,51,1.0,0.019802950859533486,599,I think he's becoming domesticated
3729,36,0,0,58,58,1.0,0.017391961901349125,599,He's really attached.
3204,36,0,0,58,58,1.0,0.017391961901349125,599,I’m going to get rid of this guy. He took my left arm last week.
2006,36,0,0,58,58,1.0,0.017391961901349125,599,I can't find his teething ring.
1425,36,0,0,58,58,1.0,0.017391961901349125,599,"My doctor said he's seen this kind of thing before, and that I might wind up losing the leg."
971,36,0,0,58,58,1.0,0.017391961901349125,599,It's a condition of parole.
5146,36,0,0,40,40,1.0,0.025318484177091666,599,You wouldn't happen to be carrying a club?
2296,36,0,0,40,40,1.0,0.025318484177091666,599,House arrest feels more like corporal punishment.
1910,36,0,0,40,40,1.0,0.025318484177091666,599,My ex claimed I violated the first restraining order.
5355,36,0,0,51,51,1.0,0.019802950859533486,599,I'm under cave arrest because of some fake news nonsense involving the Neanderthals.
3554,36,0,0,58,58,1.0,0.017391961901349125,599,It’s just until my court appearance.
3445,36,0,0,53,53,1.0,0.019048482943986485,599,"It's called ""cave-arrest,"" my best option since ""an eye for an eye"" was clearly not in my best interest."
3695,36,0,0,53,53,1.0,0.019048482943986485,599,"Man, house arrest methods are getting more prehistoric by the day."
5074,36,0,0,53,53,1.0,0.019048482943986485,599,He's actually the top student in his obedience class
380,36,0,0,46,46,1.0,0.021979349113192898,599,We're rather attached to each other.
295,36,0,0,46,46,1.0,0.021979349113192898,599,"Generations from now they will take domesticated family pets for granted. For now, I'm just glad this one doesn't eat the children."
287,36,0,0,46,46,1.0,0.021979349113192898,599,Just putting on my Crocs and I’m ready to go.
4187,36,0,0,43,43,1.0,0.023531040266750583,599,I'm under house arrest and they put an ankle monitor on me.
2862,36,0,0,43,43,1.0,0.023531040266750583,599,I'm all for having Thag Bernstein watch little Buffy next time.
217,36,0,0,43,43,1.0,0.023531040266750583,599,I have thirty days left on home confinement.
4643,36,0,0,40,40,1.0,0.025318484177091666,599,I still have to report in twice a week.
4131,36,0,0,40,40,1.0,0.025318484177091666,599,Cave arrest ain’t so bad.
3951,36,0,0,37,37,1.0,0.02739983121755955,599,"Sorry guys, no kickball for me tonight. You know I'm right-footed."
2561,36,0,0,37,37,1.0,0.02739983121755955,599,"Well, it gave me the chance to coin the term ""it's even worse than it looks"""
1933,36,0,0,37,37,1.0,0.02739983121755955,599,"Evidently, he was abused as puppy."
1299,36,0,0,37,37,1.0,0.02739983121755955,599,House arrest sure *sounded* like a good option.
4706,36,0,0,34,34,1.0,0.029854071701326604,599,House arrest isn't as bad as I expected....
3770,36,0,0,53,53,1.0,0.019048482943986485,599,It's a court ordered ankle bracelet
2225,36,0,0,53,53,1.0,0.019048482943986485,599,"""Let It Go"" isn't working."
587,36,0,0,53,53,1.0,0.019048482943986485,599,I’m thinking we need to invent a few strong profanities.
5456,36,0,0,50,50,1.0,0.020203050891044214,599,I know the ad said elevator—it ment to say alligator.
415,36,0,0,46,46,1.0,0.021979349113192898,599,"Well honey, at least it's not a face lizard"
435,36,0,0,46,46,1.0,0.021979349113192898,599,I'd love to go but the old ball and chain won't let me.
459,36,0,0,46,46,1.0,0.021979349113192898,599,"I can't today, guys, my ankle is acting up again."
520,36,0,0,46,46,1.0,0.021979349113192898,599,And we thought 2017 was tough.
2543,36,0,0,46,46,1.0,0.021979349113192898,599,"...we've only been together 3 months, but he is pretty attached to me."
2482,36,0,0,46,46,1.0,0.021979349113192898,599,"...all I said to him was ""get a grip"""
2409,36,0,0,46,46,1.0,0.021979349113192898,599,It's called an Anklosauris.
2335,36,0,0,46,46,1.0,0.021979349113192898,599,"I will admit, he is a bit possessive at times..."
2208,36,0,0,46,46,1.0,0.021979349113192898,599,"Love to join you, but the ball and chain made other plans."
2109,36,0,0,46,46,1.0,0.021979349113192898,599,"I know the wheel took you guys just a couple weeks, home security is more difficult."
2018,36,0,0,46,46,1.0,0.021979349113192898,599,What a drag.
1894,36,0,0,46,46,1.0,0.021979349113192898,599,We told you your continued denial of evolution could end badly.
5396,36,0,0,50,50,1.0,0.020203050891044214,599,Check out my new leg warmer with ultra hot breath technology!
1445,36,0,0,46,46,1.0,0.021979349113192898,599,"Last week it was a hicky, and now this!"
1303,36,0,0,46,46,1.0,0.021979349113192898,599,"It's called ""imprinting."" He thinks I'm his parent."
1203,36,0,0,46,46,1.0,0.021979349113192898,599,His bellow is worse than his bite.
1191,36,0,0,46,46,1.0,0.021979349113192898,599,He's a good pet. He's very attached to me.
1119,36,0,0,46,46,1.0,0.021979349113192898,599,I swear this vacuum has a mind of its own.
921,36,0,0,46,46,1.0,0.021979349113192898,599,Alright he'll give us the cave but its going to cost mean arm and a leg
904,36,0,0,46,46,1.0,0.021979349113192898,599,Maybe it's not such a good idea to try to domesticate animals.
755,36,0,0,46,46,1.0,0.021979349113192898,599,"Forgive me, I forgot my security system code."
668,36,0,0,46,46,1.0,0.021979349113192898,599,"Yeah, but wait'll you see my co-pay."
1399,36,0,0,46,46,1.0,0.021979349113192898,599,Please can we keep him? He's already so attached to me.
2562,36,0,0,46,46,1.0,0.021979349113192898,599,"""It's Lacoste"" (Break the shackles of materialism.)"
5052,36,0,0,50,50,1.0,0.020203050891044214,599,"And then the punchline was supposed to be “It’s only a sabertooth ARM-adillo,” but . . ."
4468,36,0,0,50,50,1.0,0.020203050891044214,599,"Shhh, he’s teething."
3175,36,0,0,47,47,1.0,0.021506619680967013,599,The court said I had to wear this ankle monitor.
2952,36,0,0,47,47,1.0,0.021506619680967013,599,He's a herding dinosaur.
2756,36,0,0,47,47,1.0,0.021506619680967013,599,"Of course it hurts, but it distracts me from obsessing about the Mueller probe."
2733,36,0,0,47,47,1.0,0.021506619680967013,599,"Ever since the invention of the wheel, the judge is afraid that I'll try to split town."
2656,36,0,0,47,47,1.0,0.021506619680967013,599,"I heard they're trying to come up with something called ""electronic tagging"" but it could take anything up to 50 millennia... so in the meantime this will do."
2630,36,0,0,47,47,1.0,0.021506619680967013,599,But at least it's housebroken.
2574,36,0,0,47,47,1.0,0.021506619680967013,599,I'm never stepping foot in Fred's man cave again !
2397,36,0,0,47,47,1.0,0.021506619680967013,599,I’m not a techie but I think it’s called an attachment
2376,36,0,0,47,47,1.0,0.021506619680967013,599,I guess I'll just wait for that meteor to hit.
2322,36,0,0,47,47,1.0,0.021506619680967013,599,"""It's something called 'house arrest'""."
2151,36,0,0,47,47,1.0,0.021506619680967013,599,He's a rescue with attachment issues.
2119,36,0,0,47,47,1.0,0.021506619680967013,599,My lawyer advised I take the ankle bracelet over prison.
1756,36,0,0,47,47,1.0,0.021506619680967013,599,He's extremely possessive.
1362,36,0,0,47,47,1.0,0.021506619680967013,599,You should hear his bark.
1325,36,0,0,47,47,1.0,0.021506619680967013,599,They said therapy animals had to be soft and furry.
945,36,0,0,47,47,1.0,0.021506619680967013,599,"Right now, 'What's for dinner?' is a matter of perspective."
845,36,0,0,47,47,1.0,0.021506619680967013,599,"I just need to teach him the difference between ""fetch"" and ""flesh."""
3312,36,0,0,47,47,1.0,0.021506619680967013,599,Will you guys PLEASE stop blaming the breed?
3443,36,0,0,47,47,1.0,0.021506619680967013,599,"He just doesn't seem to understand the word ""no""."
3449,36,0,0,47,47,1.0,0.021506619680967013,599,House arrest isn’t so bad. I’m finally getting some cave painting done.
3549,36,0,0,47,47,1.0,0.021506619680967013,599,"Oh, I'm fine. It's my new Paleo Exercise Program."
3287,36,0,0,50,50,1.0,0.020203050891044214,599,"They say this accessory is all the rage in modern fashion, but it's beginning to gnaw on me."
2715,36,0,0,50,50,1.0,0.020203050891044214,599,Scratch this 'pet' idea!
2121,36,0,0,50,50,1.0,0.020203050891044214,599,I have to wear it until my case goes to trial.
1611,36,0,0,50,50,1.0,0.020203050891044214,599,"I can't go, fellas. I'm under house arrest."
1384,36,0,0,50,50,1.0,0.020203050891044214,599,Our relationship is complicated but firm.
857,36,0,0,25,25,1.0,0.040824829046386304,599,"I assured the judge recreational pot will be legal here someday, but he still nailed me with house arrest."
644,36,0,0,50,50,1.0,0.020203050891044214,599,I can't make it. I've just had a bite.
508,36,0,0,50,50,1.0,0.020203050891044214,599,It was either wear the ankle bracelet or stay in jail.
4472,36,0,0,25,25,1.0,0.040824829046386304,599,Her name is Little Princess.
5273,36,0,0,47,47,1.0,0.021506619680967013,599,She’s a bit clingy but I think we can make it work.
4928,36,0,0,47,47,1.0,0.021506619680967013,599,We both suffer from separation anxiety.
4889,36,0,0,47,47,1.0,0.021506619680967013,599,I thought we might claim him as a dependent.
4684,36,0,0,47,47,1.0,0.021506619680967013,599,I don't know...I feel like something's just been weighing me down this week.
4457,36,0,0,47,47,1.0,0.021506619680967013,599,It's called a Neanklethal bracelet.
4353,36,0,0,47,47,1.0,0.021506619680967013,599,House Arrest (4 million B.C.E.)
4184,36,0,0,47,47,1.0,0.021506619680967013,599,"Madam, sir! Don't worry about having any door. Here is very safe."
4071,36,0,0,47,47,1.0,0.021506619680967013,599,"It's nice having a pet, but it costs an arm and a leg to take care of him."
3801,36,0,0,47,47,1.0,0.021506619680967013,599,Whose notion was it of starting a trend of keeping pets?
5208,36,0,0,47,47,1.0,0.021506619680967013,599,"I reported him to HR but with all the paperwork nothing will be done for 100,000 years."
2820,36,0,0,46,46,1.0,0.021979349113192898,599,What's rabies?
2935,36,0,0,46,46,1.0,0.021979349113192898,599,It was 90 days or cave-arrest.
3036,36,0,0,46,46,1.0,0.021979349113192898,599,I thought a resolution to 'spend more time together' would be different.
1444,36,0,0,42,42,1.0,0.024098134635593994,599,"No, I did not see the ""Beware of Stegosaurus"" petroglyph."
1418,36,0,0,48,48,1.0,0.021053798026662972,599,I'm still under cave-arrest.
1397,36,0,0,45,45,1.0,0.022473328748774737,599,We are thinking of having him neutered
1367,36,0,0,42,42,1.0,0.024098134635593994,599,The judge said I can't leave the cave without this on.
1202,36,0,0,48,48,1.0,0.021053798026662972,599,He followed me home so I decided to keep him.
1175,36,0,0,42,42,1.0,0.024098134635593994,599,I'm on cave arrest until the arraignment.
1008,36,0,0,39,39,1.0,0.025976216673306556,599,The Judge said I had to wear this ankle monitor.
987,36,0,0,45,45,1.0,0.022473328748774737,599,"He is a bit of an ankle biter, but I think the idea of a pet is a good one. It might catch on."
771,36,0,0,42,42,1.0,0.024098134635593994,599,How was I to know they installed a new home security system?
513,36,0,0,42,42,1.0,0.024098134635593994,599,He wants to join with me on my trip to Stonehenge!
487,36,0,0,42,42,1.0,0.024098134635593994,599,It only hurts when I move.
478,36,0,0,45,45,1.0,0.022473328748774737,599,there is a dinosaur biting my leg
468,36,0,0,39,39,1.0,0.025976216673306556,599,It's an ankle bracelet that I have to wear instead of going to jail
454,36,0,0,42,42,1.0,0.024098134635593994,599,You had to say bite me.
286,36,0,0,42,42,1.0,0.024098134635593994,599,He’s part Australian Shepard and part Tyranosaurus Rex.
265,36,0,0,45,45,1.0,0.022473328748774737,599,I think we better rethink the ankle bracelet idea.
81,36,0,0,42,42,1.0,0.024098134635593994,599,I heard whiskey helps with a teething so I drank a shot before bed last night. Turns out it's true.
1480,36,0,0,42,42,1.0,0.024098134635593994,599,Wearing this at home is still better than going to jail.
1615,36,0,0,45,45,1.0,0.022473328748774737,599,"I had hoped to domesticate it. Now, I’m thinking I’ll just eat it!"
1772,36,0,0,45,45,1.0,0.022473328748774737,599,I can't wait until my house arrest is over and I can get this thing off of me.
1875,36,0,0,42,42,1.0,0.024098134635593994,599,He gets very attached.
2924,36,0,0,42,42,1.0,0.024098134635593994,599,...and the Irobotosaurus will keep the place clean while you're gone.
2889,36,0,0,42,42,1.0,0.024098134635593994,599,At least I got house arrest instead of jail.
2885,36,0,0,45,45,1.0,0.022473328748774737,599,I know you don’t want a pet but he wants to keep me.
2739,36,0,0,42,42,1.0,0.024098134635593994,599,Her separation anxiety is killing me.
2727,36,0,0,42,42,1.0,0.024098134635593994,599,It's easier than a leash.
2684,36,0,0,42,42,1.0,0.024098134635593994,599,"Sorry guys, I can't. I'm on house arrest."
2566,36,0,0,42,42,1.0,0.024098134635593994,599,Could you explain that my name is Donald but I'm not the President!
2524,36,0,0,39,39,1.0,0.025976216673306556,599,You two look mighty hungry. I'll start fixing dinner as soon as I get the damn main course off my leg.
65,36,0,0,45,45,1.0,0.022473328748774737,599,But he ate the dog.
2451,36,0,0,45,45,1.0,0.022473328748774737,599,Relax. He doesn’t even live in the same era as us.
2233,36,0,0,42,42,1.0,0.024098134635593994,599,I'm fine. She just needs to be cave trained.
2214,36,0,0,42,42,1.0,0.024098134635593994,599,What...it's a therapy dinosaur.
2148,36,0,0,42,42,1.0,0.024098134635593994,599,I'm pretty sure a study from Sweden said I have a 36% chance of living longer with one of these.
2136,36,0,0,42,42,1.0,0.024098134635593994,599,Jimmy Chews
2127,36,0,0,42,42,1.0,0.024098134635593994,599,I told him 'Bite Me' and he did.
2125,36,0,0,48,48,1.0,0.021053798026662972,599,He's a biter not a barker.
2089,36,0,0,42,42,1.0,0.024098134635593994,599,"Yes, they are a big responsibility, but you become so attached."
1982,36,0,0,39,39,1.0,0.025976216673306556,599,"Dont' worry, he doesn't shed."
2293,36,0,0,42,42,1.0,0.024098134635593994,599,He's angry because he's so last year.
27,36,0,0,42,42,1.0,0.024098134635593994,599,I found ergonomic enlightenment in 1998. I can’t believe it’s been 20 years!
2804,36,0,0,55,55,1.0,0.018349396085439344,599,He's called Denver Boot and doesn't bark.
1385,36,0,0,55,55,1.0,0.018349396085439344,599,Looks like I might be a little late for the Wooly Mammoth hunt this afternoon. Can one of you guys fill in for me?
4557,36,0,0,46,46,1.0,0.021979349113192898,599,"""I'm training him to ""Heel""."
4542,36,0,0,46,46,1.0,0.021979349113192898,599,It’s just until my probation is over.
4316,36,0,0,46,46,1.0,0.021979349113192898,599,"I stood in a ""No-Standing"" zone."
4310,36,0,0,46,46,1.0,0.021979349113192898,599,"More importantly, why do we look like chickens in dresses?"
4176,36,0,0,46,46,1.0,0.021979349113192898,599,It’s an ankle monster. A condition of my early release.
3897,36,0,0,46,46,1.0,0.021979349113192898,599,When will there be dogs?
3853,36,0,0,46,46,1.0,0.021979349113192898,599,That's not my dog.
3840,36,0,0,46,46,1.0,0.021979349113192898,599,I'm afraid he's developed separation anxiety.
4574,36,0,0,46,46,1.0,0.021979349113192898,599,"I finally got my mother off my back, and now this."
3794,36,0,0,46,46,1.0,0.021979349113192898,599,Millions of years from now they'll mistakenly identify it as a plant eater.
3588,36,0,0,46,46,1.0,0.021979349113192898,599,I can't leave....I'm under cave arrest.
3527,36,0,0,46,46,1.0,0.021979349113192898,599,I've got a leg up on dinner tonight.
3516,36,0,0,46,46,1.0,0.021979349113192898,599,HeInsistedHeComeWithMe
3345,36,0,0,46,46,1.0,0.021979349113192898,599,It’s OK. He won’t bite.
3332,36,0,0,46,46,1.0,0.021979349113192898,599,I paid my rent. You don't have the right to 'boot' me out of my cave.
3279,36,0,0,46,46,1.0,0.021979349113192898,599,My parole ends next week
3129,36,0,0,46,46,1.0,0.021979349113192898,599,"I named him ""ankle-o-soreness""."
3052,36,0,0,46,46,1.0,0.021979349113192898,599,My policy doesn't cover this.
3727,36,0,0,46,46,1.0,0.021979349113192898,599,I've been put under house arrest.
455,36,0,0,47,47,1.0,0.021506619680967013,599,Judge says I have to wear the ankle monitor for six months.
4660,36,0,0,46,46,1.0,0.021979349113192898,599,The whole fetch thing is not working out the way I thought it would.
4763,36,0,0,46,46,1.0,0.021979349113192898,599,"Well, it was either the ankle monitor or five more years inside."
3472,36,0,0,52,52,1.0,0.019418390934515434,599,"... and because I’m considered a flight risk, I have to wear this ridiculous bracelet until my court date."
3297,36,0,0,52,52,1.0,0.019418390934515434,599,He followed me home and I just couldn't shake him off!
3458,36,0,0,49,49,1.0,0.020619652471058063,599,I'd like to illustrate the importance of depth perception.
437,36,0,0,49,49,1.0,0.020619652471058063,599,It’s got a couple of drawbacks
422,36,0,0,49,49,1.0,0.020619652471058063,599,I don't know - it started out as just a bunion
330,36,0,0,49,49,1.0,0.020619652471058063,599,It’s for my back pain. That answers your one and only question.
173,36,0,0,49,49,1.0,0.020619652471058063,599,We actually first met through Tinder
5518,36,0,0,46,46,1.0,0.021979349113192898,599,I think Zog is teething.
4672,36,0,0,46,46,1.0,0.021979349113192898,599,... and then no one will notice we only have one eye!
5484,36,0,0,46,46,1.0,0.021979349113192898,599,You won't believe what happened to the rug.
5426,36,0,0,46,46,1.0,0.021979349113192898,599,he just needs some hundred thousand years of domesticating
5293,36,0,0,46,46,1.0,0.021979349113192898,599,All the electronic ankle bracelets went to higher ranking personal.
5149,36,0,0,46,46,1.0,0.021979349113192898,599,He is really great with the kids
5117,36,0,0,46,46,1.0,0.021979349113192898,599,"Hey, it beats prison."
5022,36,0,0,46,46,1.0,0.021979349113192898,599,It is so baffling that my Doctor has referred me to a paleontologist.
4984,36,0,0,46,46,1.0,0.021979349113192898,599,We're working on his attachment disorder.
4914,36,0,0,46,46,1.0,0.021979349113192898,599,I haven’t visited your new cave because I’m suffering from attachment disorder.
4788,36,0,0,46,46,1.0,0.021979349113192898,599,"That's what so rewarding about rescued pets, they get attached real fast ."
5433,36,0,0,46,46,1.0,0.021979349113192898,599,It’s a rescue dinosaur with separation anxiety
105,36,0,0,47,47,1.0,0.021506619680967013,599,I call him Leg-Is-Sore-Us.
68,36,0,0,47,47,1.0,0.021506619680967013,599,"Look, your inner strength isn’t just going to cultivate itself."
3125,36,0,0,44,44,1.0,0.022990024493585143,599,If the shoe fits..
1375,36,0,0,49,49,1.0,0.020619652471058063,599,"Yeah, the judge says I've got to wear this tether until my trial date."
1291,36,0,0,49,49,1.0,0.020619652471058063,599,I'm not sure I can wait for evolution to shrink him down to manageable size.
1215,36,0,0,49,49,1.0,0.020619652471058063,599,"I only said: ""he won't bite the hand that feeds him."""
1197,36,0,0,49,49,1.0,0.020619652471058063,599,"Yes, the political situation is a problem, but might I briefly interrupt our discussion with a request for a heavy club?"
1005,36,0,0,49,49,1.0,0.020619652471058063,599,I just have to wear it until my parole hearing.
997,36,0,0,49,49,1.0,0.020619652471058063,599,"""It's a new specie called the legasaurus""."
968,36,0,0,49,49,1.0,0.020619652471058063,599,He said he just dropped in for a bite.
935,36,0,0,49,49,1.0,0.020619652471058063,599,"He's a bit clingy, though in a cute sort of way."
806,36,0,0,49,49,1.0,0.020619652471058063,599,"Once you start feeding them, they keep coming back."
665,36,0,0,49,49,1.0,0.020619652471058063,599,What can I say? He's attached to me.
612,36,0,0,49,49,1.0,0.020619652471058063,599,It's the new fight-or-flight diet.
575,36,0,0,49,49,1.0,0.020619652471058063,599,It's a sock. I had two but the other one got lost in the dryer.
448,36,0,0,49,49,1.0,0.020619652471058063,599,Most rescues are very insecure.
413,36,0,0,49,49,1.0,0.020619652471058063,599,It was a condition of my bail.
327,36,0,0,49,49,1.0,0.020619652471058063,599,"Don't worry, his bark is worse than his bite."
325,36,0,0,49,49,1.0,0.020619652471058063,599,I'm waiting for the leash to be invented.
271,36,0,0,49,49,1.0,0.020619652471058063,599,I've been adopted.
1412,36,0,0,49,49,1.0,0.020619652471058063,599,I kinda new when I threw him out because he peed in the cave that he'd come back to bite me.
1417,36,0,0,49,49,1.0,0.020619652471058063,599,It beats Rikers.
1419,36,0,0,49,49,1.0,0.020619652471058063,599,I have to wear the ankle monitor while I'm on probation.
1426,36,0,0,49,49,1.0,0.020619652471058063,599,"Mom, it's fine. Everyone who goes to college gets it."
2868,36,0,0,49,49,1.0,0.020619652471058063,599,"Yes, there's that, but he is cave trained."
2828,36,0,0,49,49,1.0,0.020619652471058063,599,"Well, I never forget to walk him..."
2762,36,0,0,49,49,1.0,0.020619652471058063,599,"It’s an ankle bracelet. I’m under cave arrest. So no, I won’t be able to make it to the opera."
2746,36,0,0,49,49,1.0,0.020619652471058063,599,We have attachment issues.
2623,36,0,0,49,49,1.0,0.020619652471058063,599,I can't go. I'm still under house arrest.
2612,36,0,0,49,49,1.0,0.020619652471058063,599,It’s the latest in deep tissue massage.
2572,36,0,0,49,49,1.0,0.020619652471058063,599,The judge ruled that I am under house arrest.
2412,36,0,0,49,49,1.0,0.020619652471058063,599,House arrest is a real drag.
250,36,0,0,49,49,1.0,0.020619652471058063,599,It's on a paleo diet.
2396,36,0,0,49,49,1.0,0.020619652471058063,599,He has severe separation anxiety.
2263,36,0,0,49,49,1.0,0.020619652471058063,599,"Yeah, the ankle bracelet is confining, but it's better than the big house."
2026,36,0,0,49,49,1.0,0.020619652471058063,599,Crocodiles attacking people is fake news.
1922,36,0,0,49,49,1.0,0.020619652471058063,599,"Those eggs were like, way past their sell-by date."
1914,36,0,0,49,49,1.0,0.020619652471058063,599,I thought you said your dog does not bite.
1834,36,0,0,49,49,1.0,0.020619652471058063,599,It's an armanlegillo.
1797,36,0,0,49,49,1.0,0.020619652471058063,599,It's OK. This is how he shows love.
1518,36,0,0,49,49,1.0,0.020619652471058063,599,Except for that he's a wonderful house pet!
1463,36,0,0,49,49,1.0,0.020619652471058063,599,It's a condition of my release.
2387,36,0,0,49,49,1.0,0.020619652471058063,599,"OK, which one of you got me a pet for Christmas?"
230,36,0,0,49,49,1.0,0.020619652471058063,599,I'm lucky I got probation.
4809,36,0,0,36,36,1.0,0.028171808490950554,599,I'm under cave arrest and I have to wear this Savannah Monitor for two weeks.
3750,36,0,0,36,36,1.0,0.028171808490950554,599,I've grown attached to him.
2223,36,0,0,46,46,1.0,0.021979349113192898,599,He’s still a puppy!
2194,36,0,0,46,46,1.0,0.021979349113192898,599,How much longer until your cave arrest is up?
2038,36,0,0,46,46,1.0,0.021979349113192898,599,Still I prefer house arrest
1883,36,0,0,46,46,1.0,0.021979349113192898,599,Can I keep her?
1753,36,0,0,46,46,1.0,0.021979349113192898,599,"He's very affectionate, but a bit possessive."
1661,36,0,0,46,46,1.0,0.021979349113192898,599,"As much as I’d love to gather berries with you all, as you can see, I’m on cave arrest."
1386,36,0,0,46,46,1.0,0.021979349113192898,599,The guy at the pet store said Fido would end up costing me an arm and a leg.
1205,36,0,0,46,46,1.0,0.021979349113192898,599,"House arrest, but soon my ankle bracelet will be removed."
2271,36,0,0,46,46,1.0,0.021979349113192898,599,It's by court order. Makes me move not faster than 2mph.
855,36,0,0,46,46,1.0,0.021979349113192898,599,"Can I keep him, mom and dad? Can I?"""
495,36,0,0,46,46,1.0,0.021979349113192898,599,Don't you think a ball and chain would be a better idea?
378,36,0,0,46,46,1.0,0.021979349113192898,599,All he's learned is how to heel.
179,36,0,0,46,46,1.0,0.021979349113192898,599,"I rubbed a couple of sticks together; next thing I know, cave arrest."
345,36,0,0,56,56,1.0,0.01801874925391118,599,I can hardly wait til leverage is well understood.
2210,36,0,0,33,33,1.0,0.030772872744833184,599,It's a simple question of the chicken or the leg.
1290,36,0,0,33,33,1.0,0.030772872744833184,599,"Son, I don't care what everyone else is doing, first it's a leg reptile, next thing you'll be getting a nose ring"
191,36,0,0,33,33,1.0,0.030772872744833184,599,It’s a little tight but it’s great at stabilizing my ankle.
346,36,0,0,43,43,1.0,0.023531040266750583,599,Remain clam. Don't get prehysterical!
625,36,0,0,46,46,1.0,0.021979349113192898,599,The judge said it will come off in 3 months if I don't go misbehaving again.
2954,36,0,0,49,49,1.0,0.020619652471058063,599,"Yeah, under cave arrest again...Gathering While Intoxicated."
2755,36,0,0,46,46,1.0,0.021979349113192898,599,"Honest folks, I will feed it."
2900,36,0,0,46,46,1.0,0.021979349113192898,599,He bit my leg and won't let go. Can we keep him?
3054,36,0,0,59,59,1.0,0.017094641498783945,599,I’m supposed to have this house arrest ankle monitor removed next week.
2035,36,0,0,59,59,1.0,0.017094641498783945,599,I am not sure we got off on the right foot when we installed our new home security system.
5562,36,0,0,46,46,1.0,0.021979349113192898,599,I got three months of cave arrest.
5304,36,0,0,46,46,1.0,0.021979349113192898,599,Actually he's turning omnivore.
5121,36,0,0,46,46,1.0,0.021979349113192898,599,"I'd love to come with you, but I'm under cave arrest."
5038,36,0,0,46,46,1.0,0.021979349113192898,599,Mom? Dad? Can we keep him?
4945,36,0,0,46,46,1.0,0.021979349113192898,599,"It’s a love bite, he’s cave broken and nice. Please?"
4669,36,0,0,46,46,1.0,0.021979349113192898,599,He won't let go until I've drawn his picture.
2855,36,0,0,46,46,1.0,0.021979349113192898,599,"Yes, he really is attached to me!"
4615,36,0,0,46,46,1.0,0.021979349113192898,599,"Wilma and Fred got one, so my wife wanted him."
3780,36,0,0,46,46,1.0,0.021979349113192898,599,YOU trying telling him he's not invited!
3769,36,0,0,46,46,1.0,0.021979349113192898,599,Hey! You’re damned lucky it’s cave arrest with ankle monitoring and not lapidation!
3692,36,0,0,46,46,1.0,0.021979349113192898,599,"' Yes it is true. I am under house arrest."""
3565,36,0,0,46,46,1.0,0.021979349113192898,599,He’s been attached to me ever since he was a pup.
3551,36,0,0,46,46,1.0,0.021979349113192898,599,We’re very attached to each other.
3214,36,0,0,46,46,1.0,0.021979349113192898,599,she is jealous that I may go get another stegosaurus pet
3173,36,0,0,46,46,1.0,0.021979349113192898,599,I didn't know he was a leg man.
2962,36,0,0,46,46,1.0,0.021979349113192898,599,"I know, but can we keep him?"
4233,36,0,0,46,46,1.0,0.021979349113192898,599,"Just like the court order says, I don't try to leave and he doesn't clamp down."
3080,36,0,0,42,42,1.0,0.024098134635593994,599,I came out to have a good time and I'm honestly feeling so attacked right now.
3294,36,0,0,49,49,1.0,0.020619652471058063,599,Only two more months under cave arrest!
3402,36,0,0,49,49,1.0,0.020619652471058063,599,She's been like this since the E-X-T-I-N-C-T-I-O-N.
5148,36,0,0,48,48,1.0,0.021053798026662972,599,Tell them I'll be late for Rotary today.
5042,36,0,0,48,48,1.0,0.021053798026662972,599,"House Arrest, circa 40,000 B.C."
4334,36,0,0,32,32,1.0,0.031750031750047626,599,"Yep, it's separation anxiety. We used to be attached at the hip."
4209,36,0,0,48,48,1.0,0.021053798026662972,599,Call Cesar.
4059,36,0,0,48,48,1.0,0.021053798026662972,599,"Me, it's what's for dinner."
3643,36,0,0,48,48,1.0,0.021053798026662972,599,I'm not worried; he's vaccinated.
3570,36,0,0,48,48,1.0,0.021053798026662972,599,I'm on cave arrest and can't go because of my ankle bracelet.
3473,36,0,0,48,48,1.0,0.021053798026662972,599,It's called an 'editor.'
3296,36,0,0,48,48,1.0,0.021053798026662972,599,Snuggles can be a little clingy when he encounters strangers.
3089,36,0,0,48,48,1.0,0.021053798026662972,599,It’s still better than a husband...
2849,36,0,0,48,48,1.0,0.021053798026662972,599,"""They didn't have a Chia pet""."
2725,36,0,0,48,48,1.0,0.021053798026662972,599,The decision I made came back to bite me in the foot.
2360,36,0,0,48,48,1.0,0.021053798026662972,599,"The shaman says one week of this, and my foot pain will completely disappear."
2237,36,0,0,48,48,1.0,0.021053798026662972,599,"This ""Paleo"" diet is killing me!"
2211,36,0,0,48,48,1.0,0.021053798026662972,599,A beware of beast sign would have been helpful.
2114,36,0,0,48,48,1.0,0.021053798026662972,599,I’m only allowed to leave the cave to go to work.
1748,36,0,0,48,48,1.0,0.021053798026662972,599,"I call it a ""pet."""
5180,36,0,0,48,48,1.0,0.021053798026662972,599,can't join you today. I'm under cave arrest!
5230,36,0,0,32,32,1.0,0.031750031750047626,599,We're still stuck in the age of #MEAToo.
5512,36,0,0,48,48,1.0,0.021053798026662972,599,"I didn't have to put up bail, but the judge ordered me to wear this ankle monitor lizard."
1545,36,0,0,51,51,1.0,0.019802950859533486,599,He's quite attached to me.
4430,36,0,0,41,41,1.0,0.02469323991623974,599,It's called an ankle bracelet.
2173,36,0,0,41,41,1.0,0.02469323991623974,599,Not in a relationship more like attached.
5123,36,0,0,38,38,1.0,0.02666903735313325,599,He's very affectionate.
4980,36,0,0,38,38,1.0,0.02666903735313325,599,He wants me to be extinct when he's extinct.
4815,36,0,0,38,38,1.0,0.02666903735313325,599,My next pet is going to be a mammal. This thing is really cold-blooded.
3193,36,0,0,38,38,1.0,0.02666903735313325,599,He hates it when I leave him alone.
5317,36,0,0,54,54,1.0,0.018692405136401476,599,I forgot to feed the meateater.
1918,36,0,0,54,54,1.0,0.018692405136401476,599,This day has been such a drag.
1617,36,0,0,48,48,1.0,0.021053798026662972,599,OH hes just a baby! It tickles!
996,36,0,0,54,54,1.0,0.018692405136401476,599,"Rub his tummy once, and he's your friend for life!"
5254,36,0,0,51,51,1.0,0.019802950859533486,599,He has separation issues
4314,36,0,0,51,51,1.0,0.019802950859533486,599,"I should have taught him the ""Release"" command first."
3366,36,0,0,51,51,1.0,0.019802950859533486,599,Is the urgent care still open? The closest ER is out-of-network.
2697,36,0,0,51,51,1.0,0.019802950859533486,599,"Since I'm under house arrest, I was told I'd have to wear this device around my ankle for the next six months."
1902,36,0,0,51,51,1.0,0.019802950859533486,599,"He only gets like this when people are over, I swear."
1700,36,0,0,51,51,1.0,0.019802950859533486,599,"He is still learning how to show his feelings, but will be men’s best friend one time in the future."
1677,36,0,0,51,51,1.0,0.019802950859533486,599,I don't think this is what Plato had in mind.
1594,36,0,0,51,51,1.0,0.019802950859533486,599,"The shelter claims he’s an herbivore, but I suspect he’s on the paleo diet."
144,36,0,0,54,54,1.0,0.018692405136401476,599,"We had him fixed,and cave broken."
1471,36,0,0,48,48,1.0,0.021053798026662972,599,This gives new meaning to ball and chain.
1275,36,0,0,48,48,1.0,0.021053798026662972,599,Cave Arrest
583,36,0,0,48,48,1.0,0.021053798026662972,599,He is a friendly rescue.
1737,36,0,0,52,52,1.0,0.019418390934515434,599,I've lost my Crocs.
1618,36,0,0,52,52,1.0,0.019418390934515434,599,Can we keep him? His bark is worst than his bite.
1188,36,0,0,52,52,1.0,0.019418390934515434,599,It appears that we’re very tasty.
880,36,0,0,52,52,1.0,0.019418390934515434,599,"It was going so well, and then I taught him to heel."
5092,36,0,0,49,49,1.0,0.020619652471058063,599,We don't think that he will be teething much longer.
5024,36,0,0,49,49,1.0,0.020619652471058063,599,"Mom, Dad, it followed me home! Can we keep it?"
4881,36,0,0,49,49,1.0,0.020619652471058063,599,"We get along fine; however, I am a bit concerned that it may have some attachment issues."
4727,36,0,0,49,49,1.0,0.020619652471058063,599,"I have this gnawing feeling, Fido's not really taking to obedience training."
2079,36,0,0,52,52,1.0,0.019418390934515434,599,"Sorry, I'm on home monitoring and I can't go out."
4701,36,0,0,49,49,1.0,0.020619652471058063,599,It flunked obedience school.
4520,36,0,0,49,49,1.0,0.020619652471058063,599,Ball & Chain... its a new dating site.
4447,36,0,0,49,49,1.0,0.020619652471058063,599,"It's just a nibble, not sexual harassment."
4332,36,0,0,49,49,1.0,0.020619652471058063,599,"On reflection, I regret opting for house arrest."
4124,36,0,0,49,49,1.0,0.020619652471058063,599,He's noticed that our clothes look suspiciously like his ma & brother!
4014,36,0,0,49,49,1.0,0.020619652471058063,599,"Well, for example, THIS never happened in the pre-Cambrian era!"
3559,36,0,0,49,49,1.0,0.020619652471058063,599,"Yes, I was allowed to spend the Holidays in the Hamptons with my family but the monitor had to stay on."
3466,36,0,0,49,49,1.0,0.020619652471058063,599,"He's not very domesticated, but then who is?"
3437,36,0,0,49,49,1.0,0.020619652471058063,599,It keeps me at home.
4571,36,0,0,49,49,1.0,0.020619652471058063,599,He just started teething.
3393,36,0,0,49,49,1.0,0.020619652471058063,599,It's just his cute way of resisting evolution.
2262,36,0,0,52,52,1.0,0.019418390934515434,599,Just wait til you hear his bark !
2556,36,0,0,52,52,1.0,0.019418390934515434,599,His bark is meaner than his bite.
219,36,0,0,48,48,1.0,0.021053798026662972,599,He's just been cranky about that whole 'becoming extinct' thing.
207,36,0,0,48,48,1.0,0.021053798026662972,599,"Not to worry, he's already had dinner."
73,36,0,0,48,48,1.0,0.021053798026662972,599,"I do love him. But, he's a little too attached to me."
52,36,0,0,48,48,1.0,0.021053798026662972,599,He got mad at me because he only wants to be dry rubbed.
5508,36,0,0,45,45,1.0,0.022473328748774737,599,He's super anxious. I'm his new service animal.
3706,36,0,0,45,45,1.0,0.022473328748774737,599,"How do you say, 'Heel!' in dinosaur?"
194,36,0,0,45,45,1.0,0.022473328748774737,599,I got caught for insider rock trading...I gotta wear this ankle monitor until my court date.
889,36,0,0,29,29,1.0,0.03509312031717982,599,When you said having a pet would cost me an arm and a leg I had no idea you were being literal!
2425,36,0,0,52,52,1.0,0.019418390934515434,599,I think maybe the discount Crocs weren't such a good idea.
3360,36,0,0,42,42,1.0,0.024098134635593994,599,What's the catch?
1736,36,0,0,42,42,1.0,0.024098134635593994,599,Not a caveman’s best friend.
1305,36,0,0,42,42,1.0,0.024098134635593994,599,I regret asking for alligator shoes this Christmas.
1062,36,0,0,42,42,1.0,0.024098134635593994,599,We're still working on the separation anxiety.
5554,36,0,0,55,55,1.0,0.018349396085439344,599,Everyone's wearing one these days.
4499,36,0,0,52,52,1.0,0.019418390934515434,599,"WHEN HE TALKED HIS WAY INTO OUR CAVE, HE SWORE HE WAS A VEGETARIAN. BUT I CAN'T FIND WALTER!"
3745,36,0,0,52,52,1.0,0.019418390934515434,599,He must smell my Stegasaurus.
3293,36,0,0,52,52,1.0,0.019418390934515434,599,Prehistoric house arrest.
2858,36,0,0,52,52,1.0,0.019418390934515434,599,It may be too late to get a leg up on this one.
1781,36,0,0,42,42,1.0,0.024098134635593994,599,I can't shake this feeling that's gnawing away outside of me.
5544,36,0,0,16,16,1.0,0.06454972243679027,599,"After Eve, I needed a companion animal."
