target_id,rank,funny,somewhat_funny,unfunny,count,score,precision,contest,caption
2066,1,923,1,0,924,2.9989177489177488,0.0010828371917347452,600,Mission accomplished. We will report that this planet's inhabitants are friendly and playful.
1522,2,2,27,0,29,2.0689655172413794,0.04788724653995952,600,"When I said abduct the dog, I meant President Trump..."
691,3,1,15,0,16,2.0625,0.06454972243679027,600,"What is boy? A fire down by the old Jetson's house?"""
3001,4,2,31,0,33,2.0606060606060606,0.04218003305174255,600,Did you remember to take him out before we left?
3457,5,2,44,0,46,2.0434782608695654,0.030400256468700083,600,"He agrees to a rectal probe, but only if we use our noses."
5487,6,2,46,0,48,2.0416666666666665,0.02914766351555595,600,"My research on tail movements suggests he has to “go,” but I haven’t been able to determine what that means..."
1983,6,1,23,0,24,2.0416666666666665,0.04256282653793743,600,These earthlings are more intelligent than I thought they’d be.
1854,6,1,23,0,24,2.0416666666666665,0.04256282653793743,600,"Tap...tap, tap. What does the code book say?"
4011,6,1,23,0,24,2.0416666666666665,0.04256282653793743,600,Thank goodness there's at least SOME intelligent life down there.
4890,10,2,49,0,51,2.0392156862745097,0.027450980392156762,600,"I just said ""come"" and he came."
1924,11,2,51,0,53,2.0377358490566038,0.02642545929758075,600,He looks too intelligent to account for what's going on down there.
1311,12,1,26,0,27,2.037037037037037,0.03774256780481986,600,He says he has business to do on earth.
5391,13,1,27,0,28,2.0357142857142856,0.036369648372665396,600,I thought you were a cat person.
1875,14,2,59,0,61,2.0327868852459017,0.0229898185442215,600,"I said beam up Scotty, not Spotty!"
1997,15,2,65,0,67,2.029850746268657,0.020947148216932367,600,Now remember your mission: go infiltrate a human family and report back.
4910,15,2,65,0,67,2.029850746268657,0.020947148216932367,600,Did you bring your vaccination records with you?
5053,17,2,70,0,72,2.0277777777777777,0.01950304159720588,600,"That’s right. Dog-light years are seven times longer, too."
1541,18,1,38,0,39,2.0256410256410255,0.025976216673306556,600,These earth creatures are the most lovable and loyal species we've found in the universe.
660,19,1,40,0,41,2.024390243902439,0.02469323991623974,600,It followed me home. Can I keep him?
161,20,2,84,0,86,2.0232558139534884,0.016347326124530447,600,They seem to have more leadership qualities than the other species.
2155,21,1,43,0,44,2.022727272727273,0.022990024493585143,600,Those beings I see you leading around must be an inferior species?
2125,22,2,91,0,93,2.021505376344086,0.01512372708707035,600,So you are saying if we offer belly rubs and squeaky toys we could take over the world?
2612,23,1,46,0,47,2.021276595744681,0.021506619680967013,600,"We've been monitoring Twitter so there'll be no, ""Take me to your leader."""
1683,24,2,114,0,116,2.0172413793103448,0.012138373986738369,600,It’s their leader.
507,24,1,57,0,58,2.0172413793103448,0.017391961901349125,600,"Explain how your species has enslaved the humans, and we shall provide a treat."
988,26,1,58,0,59,2.016949152542373,0.017094641498783945,600,"He says he has a wide-ranging interest in medieval and renaissance literature, but all he gets on earth is ""go fetch."""
5769,27,1,62,0,63,2.015873015873016,0.01600051202457731,600,"The four legs, long ears, sensitive nose and temperament are all improvements over the last Earthling we examined."
2834,27,1,62,0,63,2.015873015873016,0.01600051202457731,600,"What’s that, Sport? Timmy’s fallen down a black hole?!"
4279,27,1,62,0,63,2.015873015873016,0.01600051202457731,600,"Back to your shithole planet, dog."
4479,30,1,63,0,64,2.015625,0.015748519708717802,600,It seems his name is ‘sit.’
5779,30,1,63,0,64,2.015625,0.015748519708717802,600,"Bear with me, I'm Sirius I have to get to the Dog Star to bury my bone."
158,30,1,63,0,64,2.015625,0.015748519708717802,600,"Then I get my dinner around 5 PM, relatively speaking."
4811,33,1,64,0,65,2.0153846153846153,0.015504341823651057,600,Our research indicates that this is the highest life form on the planet.
6042,34,2,130,0,132,2.015151515151515,0.010672768637174814,600,"Daddy, can we eat... I mean keep him?"
5910,35,2,144,0,146,2.0136986301369864,0.009652935115310058,600,"Well, sure you can come live on our planet. We value kind, decent, honest life. Doesn’t everyone?"
3851,36,1,91,0,92,2.010869565217391,0.010929124924699354,600,"I don't know either. I just heard this guy saying ""Beam me up a Scotty,"" and then this great whooshing sound, and now here I am."
1162,37,2,304,0,306,2.0065359477124183,0.0046140303138837435,600,"They seem friendly enough, but I was expecting opposable thumbs."
2371,38,1,254,0,255,2.003921568627451,0.00392928066759905,600,And who is going to walk him?
2266,39,1,38,1,40,2.0,0.03580574370197164,600,I know it's demeaning Johnson but if they ask- you're the good boy.
4431,39,1,57,1,59,2.0,0.024175473851486187,600,Our initial findings were wrong. There is intelligent life on this planet.
2168,39,0,46,0,46,2.0,0.021979349113192898,600,"The planet BigBones approaches, Lord Barker."
1169,39,1,36,1,38,2.0,0.03771571432023571,600,To boldly fetch where no dog has fetched before.
4706,39,1,29,1,31,2.0,0.046373889576016826,600,"This one is a common species, a rap artist, if I'm not mistaken."
968,39,0,86,0,86,2.0,0.011696106429438607,600,"You thought it was just a big frisbee, didn't you boy, didn't you?"
4617,39,1,48,1,50,2.0,0.02857142857142857,600,"We find it to be highly intelligent. It has domesticated a two legged creature to walk with it to clean up after it, and to bring it food."
2529,39,0,49,0,49,2.0,0.020619652471058063,600,"Ok! Now, we just need peanut butter."
34,39,0,59,0,59,2.0,0.017094641498783945,600,Any news of Gérard Depardieu?
673,39,1,263,1,265,2.0,0.005346752700174288,600,"Amazing, even their pets wear jewelry!"
5213,39,0,44,0,44,2.0,0.022990024493585143,600,"Breeglot dooot phlom skiegor, Rex?"
2797,39,0,86,0,86,2.0,0.011696106429438607,600,"Bark once for 'I'm really a dog"" and twice for ""It's a transporter screwup."
5233,39,1,42,1,44,2.0,0.03251280443811776,600,There really is a Dog!
5237,39,1,35,1,37,2.0,0.038749212914606423,600,Wait. Let me get this straight. The humans kidnapped you from your family and then did what to your genitals?
27,39,1,71,1,73,2.0,0.01950685786602176,600,I think he is trying to tell us something.
5374,39,0,30,0,30,2.0,0.03390317518104052,600,A perfect apparatus for human domination!
3978,39,1,60,1,62,2.0,0.022996102490913696,600,Inform Commander Laika she has a visitor.
3399,39,0,25,0,25,2.0,0.040824829046386304,600,He appears to be from the planet K-9.
5862,39,0,172,0,172,2.0,0.005830928571177663,600,Sometimes those electromagnetic fences just don't work.
3245,39,0,31,0,31,2.0,0.032791291789197645,600,"Whatcha looking at? I'm just a dog. Ok, so I have a few fleas."
878,39,0,73,0,73,2.0,0.013793431476706131,600,We've tried every language in the galaxy and we're no closer to knowing who's a good boy.
154,60,0,296,1,297,1.9966329966329965,0.0033726860771514703,600,The earthlings have a very unusual method of greeting each other.
3384,61,0,229,1,230,1.9956521739130435,0.004357308815968185,600,"Wow, they sure solved the hair loss problem!"
3902,62,0,141,1,142,1.9929577464788732,0.007067181930127675,600,Go get help!
5764,63,0,272,2,274,1.9927007299270072,0.005151901647339785,600,"We took their best friend, of course they'll surrender."
3511,64,0,247,2,249,1.9919678714859437,0.0056681102221359265,600,I found him at a stripper bar. He was the only one with his tail on backwards.
3134,65,0,108,1,109,1.9908256880733946,0.009216687726822183,600,"Well, you did say ""beam up the smartest thing at the White house""."
5030,66,0,102,1,103,1.9902912621359223,0.009756213637973549,600,This was only species that responded to 'STAY!'
5026,66,0,102,1,103,1.9902912621359223,0.009756213637973549,600,I have deciphered the Best Friend of Human's tail message. He wants to play ball.
2265,68,0,88,1,89,1.9887640449438202,0.011299615367639217,600,I stand corrected. There is intelligent life on earth after all.
4284,69,0,83,1,84,1.9880952380952381,0.011976262619132589,600,If you ask me it's an antenna of some kind.
2241,69,0,83,1,84,1.9880952380952381,0.011976262619132589,600,At last! Intelligent life on Earth.
2329,71,0,80,1,81,1.9876543209876543,0.012422599874998832,600,"Stupid computer....I said ""retrieve HER."""
1812,72,0,79,1,80,1.9875,0.01257886513566569,600,"It seems the only thing they can't figure out is ""Who's a good boy?"""
5720,72,0,79,1,80,1.9875,0.01257886513566569,600,"Contrary to what we thought, there is intelligent life down there."
2760,74,0,67,1,68,1.9852941176470589,0.014815221273648994,600,"It seems to command a sizeable staff of chaperones, cooks, and exercisers, plus free rent and medical care...definitely the planet's alpha."
4382,75,0,54,1,55,1.981818181818182,0.018349396085439344,600,"You learned that men are from Mars, women are from Venus, and cats are from Uranus?"
3894,75,0,54,1,55,1.981818181818182,0.018349396085439344,600,Apparently it is their 'best friend'
1271,77,0,53,1,54,1.9814814814814814,0.018692405136401476,600,ok who's turn is it to put on all the gear and take him out....
3077,77,0,53,1,54,1.9814814814814814,0.018692405136401476,600,Earthlings are much more advanced in development than I anticipated.
4739,77,0,53,1,54,1.9814814814814814,0.018692405136401476,600,"Good luck, agent Smith. We are confident the humans won’t suspect a thing."
5424,77,0,53,1,54,1.9814814814814814,0.018692405136401476,600,"Careful, he probes with his snout."
461,81,0,49,1,50,1.98,0.020203050891044214,600,"Well, what do you know? There really is a Dog."
1964,82,0,47,1,48,1.9791666666666667,0.021053798026662972,600,This one actually listens.
5035,83,0,90,2,92,1.9782608695652173,0.015287192313211817,600,I mentioned a cat scan and he looked at me like i was from outer space
49,84,0,41,1,42,1.9761904761904763,0.024098134635593994,600,He wants us to try the method his species uses to identify each other.
3032,85,0,40,1,41,1.975609756097561,0.02469323991623974,600,This one appears to be broken.
4096,86,0,39,1,40,1.975,0.025318484177091666,600,Where's the pony?
3533,86,0,78,2,80,1.975,0.017565429223263134,600,"Who’s the most intelligent life form on your planet? You are, yes you are!"
1887,88,0,37,1,38,1.9736842105263157,0.02666903735313325,600,Fly me to the moon.
4454,88,0,74,2,76,1.9736842105263157,0.018483603075180374,600,Finally...an intelligent life form!
1443,90,0,73,2,75,1.9733333333333334,0.01872834084351172,600,"Houston, we have a problem."
4957,91,0,36,1,37,1.972972972972973,0.02739983121755955,600,Your mission is to find Pluto and bring him back.
937,92,0,63,2,65,1.9692307692307693,0.021586484923695737,600,The dog tag says return to Sputnik.
2029,93,0,62,2,64,1.96875,0.021921011700381302,600,He was the smartest one we could find in The White House.
4158,94,0,61,2,63,1.9682539682539681,0.02226606749120207,600,What shithole planet are you from?
670,94,0,61,2,63,1.9682539682539681,0.02226606749120207,600,"It looks harmless,but they rule the Earthlings."
2385,96,0,60,2,62,1.967741935483871,0.02262215720381539,600,Pluto!
2292,96,0,60,2,62,1.967741935483871,0.02262215720381539,600,"That's right. Stand at ""Attention"". Good aliens!"
5423,98,0,48,2,50,1.96,0.027994168488950515,600,Cute! Fun! How do earthlings get anything done?
525,98,0,24,1,25,1.96,0.040824829046386304,600,Will someone please take this earthling to the poop deck!
18,98,0,24,1,25,1.96,0.040824829046386304,600,"In outer space, nobody knows you're a dog."
2990,101,0,46,2,48,1.9583333333333333,0.02914766351555595,600,And you say you know where this Dog Park is?
5791,101,0,46,2,48,1.9583333333333333,0.02914766351555595,600,I still think that having him along to get us seven times faster in light years is not good science.
3361,103,0,45,2,47,1.9574468085106382,0.029760791752350448,600,"We await your orders, Your Eminence."
3722,104,0,40,2,42,1.9523809523809523,0.033258585512837,600,"Our language experts say that wagging the tail is its way of saying ""Take me to your leader."""
4276,104,0,40,2,42,1.9523809523809523,0.033258585512837,600,"Awwww, he wuvs us."
5364,104,0,40,2,42,1.9523809523809523,0.033258585512837,600,That’s not a Scottie.
5735,107,0,38,2,40,1.95,0.03489912202260569,600,The creature radiates love. It's safe to land.
2278,107,0,38,2,40,1.95,0.03489912202260569,600,Man’s best friend is the perfect disguise.
4178,107,0,38,2,40,1.95,0.03489912202260569,600,I love the subtlety of their language.
1952,107,0,19,1,20,1.95,0.051298917604257706,600,So far our interrogation has determined that he's fluent in two languages - woof and arf!
3802,111,0,35,2,37,1.945945945945946,0.03768738858261612,600,How would you like to visit a world that's not dog-eat-dog?
609,112,0,34,2,36,1.9444444444444444,0.0387184473576205,600,It's settled. We'll keep him.
5193,112,0,34,2,36,1.9444444444444444,0.0387184473576205,600,"Dammit Brork, not this kind of rover!"
4440,114,0,29,2,31,1.935483870967742,0.044853018526052106,600,Fido: fetch the human.
1985,115,0,27,2,29,1.9310344827586208,0.04788724653995952,600,"Normally we'd ask to be taken to your leader, but we've been monitoring your media broadcasts, and I think we'll just stay with you."
2281,116,0,0,32,32,1.0,0.031750031750047626,600,This one appears to already have a probe.
1685,116,0,0,32,32,1.0,0.031750031750047626,600,This planet has obviously gone to the dogs !
406,116,0,0,32,32,1.0,0.031750031750047626,600,Maybe he'll become an alien's best friend?
262,116,0,0,32,32,1.0,0.031750031750047626,600,"In space, no one can hear you bark."
5970,116,0,0,17,17,1.0,0.06063390625908324,600,What’s that girl? Timmy has fallen is the Hydrotron 2700 again?
5895,116,0,0,17,17,1.0,0.06063390625908324,600,Remarkably intelligent for an earth creature!
5540,116,0,0,17,17,1.0,0.06063390625908324,600,Are we sure he's from Norway?
5411,116,0,0,17,17,1.0,0.06063390625908324,600,Siri thought you barked “beam me up Scotty.”
4886,116,0,0,17,17,1.0,0.06063390625908324,600,Go and deposit our message on their lawns.
5168,116,0,0,17,17,1.0,0.06063390625908324,600,Of course I buried the evidence.
3185,116,0,0,32,32,1.0,0.031750031750047626,600,It seems to be some type of super-intelligent mammal.
4642,116,0,0,17,17,1.0,0.06063390625908324,600,"Scotty, when we beamed him down he was a chihuahua!"
4321,116,0,0,17,17,1.0,0.06063390625908324,600,Do you really have a gentle Leader?
4110,116,0,0,17,17,1.0,0.06063390625908324,600,So inform us about this 'unconditional love' thing.
4107,116,0,0,17,17,1.0,0.06063390625908324,600,"Ziem Natcha ""Woof""?"
4048,116,0,0,17,17,1.0,0.06063390625908324,600,I sense its power and I want to clean up its excrement.
3704,116,0,0,17,17,1.0,0.06063390625908324,600,Okay okay - please tell me his partner will be there when we arrive.
3684,116,0,0,17,17,1.0,0.06063390625908324,600,So please tell us; why do they like cats?
5188,116,0,0,17,17,1.0,0.06063390625908324,600,I warned against probing too far into our future but would you listen to me? Noooo!
3809,116,0,0,32,32,1.0,0.031750031750047626,600,"No you ought to talk to Fido over on 52nd. He's Way smarter than the one my humans are calling, ""Mr. President."""
790,116,0,0,13,13,1.0,0.08006407690254357,600,So this is what earthlings look like !
4413,116,0,0,32,32,1.0,0.031750031750047626,600,Do you guys have a wee wee pad?
505,116,0,0,13,13,1.0,0.08006407690254357,600,Don't you just hate it when you can't speak the language?
346,116,0,0,26,26,1.0,0.03922322702763681,600,You are so lucky my tail is wagging.
232,116,0,0,13,13,1.0,0.08006407690254357,600,"""Howard, I think the dog wants to go out."" Dear New Yorker folk. The above caption is stolen from an Arnie Levin cartoon that you ran years ago."
186,116,0,0,13,13,1.0,0.08006407690254357,600,What puzzles me is the constant back and forth motion of the buttocks sensor.
85,116,0,0,26,26,1.0,0.03922322702763681,600,His tag says Pavlov's Lab.
1414,116,0,0,41,41,1.0,0.02469323991623974,600,"Finally, a sign of intelligent life from that sad planet."
3460,116,0,0,43,43,1.0,0.023531040266750583,600,"And when you get down there, remember, you're the superior species."
2090,116,0,0,43,43,1.0,0.023531040266750583,600,Bring us to your owner.
4018,116,0,0,32,32,1.0,0.031750031750047626,600,We believe this is their leader.
1436,116,0,0,43,43,1.0,0.023531040266750583,600,Can I keep him? I swear to the whole universe he'll be my responsibility.
2140,116,0,0,30,30,1.0,0.03390317518104052,600,"Ok, Take us to your Woof."
1999,116,0,0,30,30,1.0,0.03390317518104052,600,I just eat the food. I don't ask any questions.
1502,116,0,0,30,30,1.0,0.03390317518104052,600,"And to think, we almost abandoned any hope of finding intelligent life."
1405,116,0,0,30,30,1.0,0.03390317518104052,600,"First we get him a reality show, then we will have our Manchurian candidate run for the office of the President of the United States of America"
1120,116,0,0,30,30,1.0,0.03390317518104052,600,"Oh! I thought you said, ""Beam him up, Spotty."""
892,116,0,0,30,30,1.0,0.03390317518104052,600,He's mentally telling me he wants to stick his head out the window.
5787,116,0,0,32,32,1.0,0.031750031750047626,600,Can we keep it? Do you think it is UFO trained?
4654,116,0,0,32,32,1.0,0.031750031750047626,600,Gad Zukes Mogogoob! finally a earthling that speaks our language!
2674,116,0,0,30,30,1.0,0.03390317518104052,600,Now beam up the fire hydrant.
3142,116,0,0,3359,3359,1.0,0.00029775197590651474,600,"If you want to know how to enslave the human race, you really should be talking to the cat."
1470,116,0,0,13,13,1.0,0.08006407690254357,600,"He must command, the movement of his rear appendage compels, food, medication, housing, obsequious rituals and dropping pick-up and removal."
1042,116,0,0,26,26,1.0,0.03922322702763681,600,"Remember, they like it when you sniff their pants."
118,116,0,0,20,20,1.0,0.051298917604257706,600,Speak.
97,116,0,0,40,40,1.0,0.025318484177091666,600,Whose turn is it to take him for space walkies?
52,116,0,0,20,20,1.0,0.051298917604257706,600,I said “Beam me up Scotty!” not “Beam me up a Scottie!”
2912,116,0,0,31,31,1.0,0.032791291789197645,600,Man's best friend? No. My best friend!
753,116,0,0,31,31,1.0,0.032791291789197645,600,I think we can conclude the Earthling leaders aren't the ones in front.
374,116,0,0,31,31,1.0,0.032791291789197645,600,‘Pluto needs you!”
4384,116,0,0,44,44,1.0,0.022990024493585143,600,You guys flip a coin - I took him out for his walk yesterday.
3906,116,0,0,44,44,1.0,0.022990024493585143,600,Clearly more evolved than we had believed!
3648,116,0,0,33,33,1.0,0.030772872744833184,600,"I know, I know but I promise I'll take him on spacewalks."
2252,116,0,0,33,33,1.0,0.030772872744833184,600,"Well, who did who did you think would beam up from the Dog Star?"
1737,116,0,0,33,33,1.0,0.030772872744833184,600,It sure seems friendly!
220,116,0,0,20,20,1.0,0.051298917604257706,600,I think Scotty's transporter went a bit wrong
1035,116,0,0,33,33,1.0,0.030772872744833184,600,I thought you said he was Best In Show?
4942,116,0,0,24,24,1.0,0.04256282653793743,600,Who's rough? Babe Ruth? What about the roof? His language appears to be quite advanced
4887,116,0,0,24,24,1.0,0.04256282653793743,600,How will I find a bitch in the new place?
4682,116,0,0,24,24,1.0,0.04256282653793743,600,We’ll call him Scotty
4051,116,0,0,24,24,1.0,0.04256282653793743,600,"Forgetaboutit, I'm already a clone !"
4050,116,0,0,24,24,1.0,0.04256282653793743,600,So your those high pitched sounds I've been hearing....
3881,116,0,0,24,24,1.0,0.04256282653793743,600,I think that means he wants to go outside.
2721,116,0,0,24,24,1.0,0.04256282653793743,600,Klaatu Barada Nik-Knack Paddywhack
2503,116,0,0,24,24,1.0,0.04256282653793743,600,how did my mother-inn-law get here?
2073,116,0,0,24,24,1.0,0.04256282653793743,600,"Yes, but do we really need a ""best friend""?"
1531,116,0,0,24,24,1.0,0.04256282653793743,600,"Alexa, Gold retrieval. Gold retrieval!"
1112,116,0,0,24,24,1.0,0.04256282653793743,600,His adoption fees were how much?
805,116,0,0,33,33,1.0,0.030772872744833184,600,"This is our most advanced technology, it is paperless."
39,116,0,0,24,24,1.0,0.04256282653793743,600,Told you I smelled ‘up dog’ in here.
257,116,0,0,20,20,1.0,0.051298917604257706,600,Does anyone know the secret handshake?
490,116,0,0,20,20,1.0,0.051298917604257706,600,"Greetings, Earth pet. Bark twice if you are house broken."
2228,116,0,0,38,38,1.0,0.02666903735313325,600,"The ""Good boy"" species is worshiped by the humans."
5979,116,0,0,20,20,1.0,0.051298917604257706,600,"Fine, we can keep him. But I am not going to be the one walking him every day."
5965,116,0,0,20,20,1.0,0.051298917604257706,600,We got the four-legged ancestors too. Speak of yourself!
5654,116,0,0,20,20,1.0,0.051298917604257706,600,Entropy takes care of cleanups.
5624,116,0,0,20,20,1.0,0.051298917604257706,600,The canines have trained humans to obey their every wish.
5131,116,0,0,20,20,1.0,0.051298917604257706,600,If this their top dog we have nothing to worry about.
4796,116,0,0,20,20,1.0,0.051298917604257706,600,We rescued him from the Earthlings.
4647,116,0,0,20,20,1.0,0.051298917604257706,600,You don't think he's from one of those shithole countries do you?
4256,116,0,0,20,20,1.0,0.051298917604257706,600,"So, are you ready for your undercover mission on earth? If yes, please wag your tail."
3612,116,0,0,20,20,1.0,0.051298917604257706,600,He's been like that since we got back from the walk.
3588,116,0,0,40,40,1.0,0.025318484177091666,600,Astro?
450,116,0,0,20,20,1.0,0.051298917604257706,600,Do we still have to pick up after him?
3345,116,0,0,20,20,1.0,0.051298917604257706,600,It looked different on eBay.
2698,116,0,0,20,20,1.0,0.051298917604257706,600,. . w???????????´???´??o?_?????_??????o?¸??????^~???¯¨?f????????~???¨`???w?¸????????¨´`?¯~¨´???ó?????????¯¨´???o????????????^??????f???????????????????? . .
2569,116,0,0,20,20,1.0,0.051298917604257706,600,"Take us to Astro, the Jetson's dog."
2440,116,0,0,20,20,1.0,0.051298917604257706,600,Really? Best friend?
2298,116,0,0,20,20,1.0,0.051298917604257706,600,"In my experience, they spend most of their time going on walks and playing fetch."
2275,116,0,0,20,20,1.0,0.051298917604257706,600,"We also need love, Earth people are selfish"
2224,116,0,0,20,20,1.0,0.051298917604257706,600,Don't we usually beam up a scottie?
1853,116,0,0,20,20,1.0,0.051298917604257706,600,It's working backwards. I asked for GOD.
1680,116,0,0,20,20,1.0,0.051298917604257706,600,"Our new propulsion system is working! Now, everyone keep telling him he's a good boy, and we'll be home in no time."
1664,116,0,0,20,20,1.0,0.051298917604257706,600,"You see? The end wags when I call it ""master."" I think we've found one of their leaders."
1199,116,0,0,20,20,1.0,0.051298917604257706,600,"He seems to respond to one word, ""food""."
917,116,0,0,20,20,1.0,0.051298917604257706,600,You're right; he's very cute. Let's eat him?
2937,116,0,0,20,20,1.0,0.051298917604257706,600,"Highly developed senses, loyal, loving, non-judgmental...it's the most advanced life form we found on the planet."
996,116,0,0,26,26,1.0,0.03922322702763681,600,The earthling was OK with shaking hands but seems agitated to a cavity probe.
5616,116,0,0,37,37,1.0,0.02739983121755955,600,I hope he's housebroken....
5127,116,0,0,37,37,1.0,0.02739983121755955,600,Wow! These humans get uglier every time we come here.
3761,116,0,0,13,13,1.0,0.08006407690254357,600,I'm going to call him Mars Rover.
3625,116,0,0,26,26,1.0,0.03922322702763681,600,He just followed me home.
3582,116,0,0,13,13,1.0,0.08006407690254357,600,He says his name is 'Rex' and he doesn't know anyone called Canis Major.
3249,116,0,0,26,26,1.0,0.03922322702763681,600,But we just beamed you out five minutes ago!
3113,116,0,0,13,13,1.0,0.08006407690254357,600,Definitely an advanced species with that all purpose signaler.
3111,116,0,0,26,26,1.0,0.03922322702763681,600,"He just says woof, woof when I ask him to speak."
2756,116,0,0,13,13,1.0,0.08006407690254357,600,"You seem to have a way with these Earthlings, Whosagoodboy."
2745,116,0,0,13,13,1.0,0.08006407690254357,600,TAKE ME TO YOUR LITTER.
2659,116,0,0,26,26,1.0,0.03922322702763681,600,I said 'Beam up the Scotty!'
2642,116,0,0,13,13,1.0,0.08006407690254357,600,"Make sure the subject refers to you a ""rescue"", so you know that you've landed with someone that will be sympathetic to our impending arrival."
2624,116,0,0,13,13,1.0,0.08006407690254357,600,"Oh Please! Don't give us that ""he followed me home"" routine again."
3801,116,0,0,26,26,1.0,0.03922322702763681,600,We hear you have them well-trained.
2622,116,0,0,26,26,1.0,0.03922322702763681,600,this is what comes when you beam down a stick ?
2297,116,0,0,26,26,1.0,0.03922322702763681,600,Take me to your leader of the pack.
2105,116,0,0,13,13,1.0,0.08006407690254357,600,We're about to find out what going through a wormhole does to actual worms.
2100,116,0,0,26,26,1.0,0.03922322702763681,600,"He seems unassuming but, judging from the doting homage that he receives from the earthlings, he must be their king."
2052,116,0,0,13,13,1.0,0.08006407690254357,600,"According to our brain scans, his kind is ""a good boi"" and they want to love us very much."
1979,116,0,0,13,13,1.0,0.08006407690254357,600,"It wants us to throw a ball,feed it,rub it's belly, or take it back."
1883,116,0,0,13,13,1.0,0.08006407690254357,600,"The analysis has come in. We can confirm that you are, in fact, a very good boy."
1882,116,0,0,13,13,1.0,0.08006407690254357,600,...I am the Leader
1632,116,0,0,13,13,1.0,0.08006407690254357,600,"I repeat, take me to your fire hydrant."
1606,116,0,0,13,13,1.0,0.08006407690254357,600,How on Earth did you get them to pick that up?
1281,116,0,0,13,13,1.0,0.08006407690254357,600,You mean they actually follow you around and pick it up!?
1204,116,0,0,26,26,1.0,0.03922322702763681,600,"We're millions of miles from home, we could use a best friend!"
2362,116,0,0,13,13,1.0,0.08006407690254357,600,Meet my new best friend.
5214,116,0,0,37,37,1.0,0.02739983121755955,600,I am very sirius; he'd be better off on the dog star.
3829,116,0,0,13,13,1.0,0.08006407690254357,600,Who let the dog in...?!
4067,116,0,0,39,39,1.0,0.025976216673306556,600,I told you two to 'get SERIOUS' you idiots!
4635,116,0,0,37,37,1.0,0.02739983121755955,600,I think he has spaceworms.
4312,116,0,0,37,37,1.0,0.02739983121755955,600,Come on Rover go find Mars.
3585,116,0,0,37,37,1.0,0.02739983121755955,600,"Beam Scotty up, Scotty!"
1948,116,0,0,37,37,1.0,0.02739983121755955,600,If he bites we'll give him plenty of space.
1022,116,0,0,37,37,1.0,0.02739983121755955,600,Now the earthlings will never suspect that it is us doing the anal probes.
773,116,0,0,37,37,1.0,0.02739983121755955,600,... and then I do this when they say the word 'Sit!
4712,116,0,0,50,50,1.0,0.020203050891044214,600,What'd ya say boy? Prezak fell in a black hole?
6035,116,0,0,13,13,1.0,0.08006407690254357,600,"Guys he's cute, but I don't think this is Brad Pitt."
5953,116,0,0,39,39,1.0,0.025976216673306556,600,"Captain, Captain: is that you? What happened?"
5774,116,0,0,26,26,1.0,0.03922322702763681,600,His superior intelligence is obvious—he wants to stick his head out the window.
5680,116,0,0,13,13,1.0,0.08006407690254357,600,Lead me to your taker
3965,116,0,0,39,39,1.0,0.025976216673306556,600,Have you domesticated them yet?
5371,116,0,0,13,13,1.0,0.08006407690254357,600,Dog is my co-pilot.
5004,116,0,0,13,13,1.0,0.08006407690254357,600,I guess it depends on how really bad he needs to go.
4966,116,0,0,26,26,1.0,0.03922322702763681,600,This is the only good thing you could find on the planet?
4939,116,0,0,13,13,1.0,0.08006407690254357,600,"So, what do we get in exchange for vaporizing all the cats?"
4790,116,0,0,26,26,1.0,0.03922322702763681,600,I don't know what breed. We abducted him from an animal rescue.
4693,116,0,0,13,13,1.0,0.08006407690254357,600,Our evaluations indicate that the four legged specimen is more morally advanced and more intelligent than two legged specimen.
4644,116,0,0,13,13,1.0,0.08006407690254357,600,"The way I think about it is, HE abducted ME."
4611,116,0,0,13,13,1.0,0.08006407690254357,600,Beam me down. Not a Scotty.
4526,116,0,0,52,52,1.0,0.019418390934515434,600,The Russians want their dog back.
4447,116,0,0,13,13,1.0,0.08006407690254357,600,I think we found their secret Lab.
4421,116,0,0,13,13,1.0,0.08006407690254357,600,Let me guess. Pluto?
4244,116,0,0,13,13,1.0,0.08006407690254357,600,"Don't look at me ""Wondering what am I"" the Questions is ? what are you Funny men looking at?"" run to a mirror"" and figure it out ?"
5100,116,0,0,13,13,1.0,0.08006407690254357,600,"Yes, outer space is exciting. But tell us, is it true that dogs rule on Planet Earth?"
3673,116,0,0,17,17,1.0,0.06063390625908324,600,"Clearly, it's been with us before."
4622,116,0,0,19,19,1.0,0.05407380704358751,600,"I don""t think this is the right Scottie."
3108,116,0,0,17,17,1.0,0.06063390625908324,600,"Based on the audio transmissions from the planet, I expected something less intelligent."
3842,116,0,0,31,31,1.0,0.032791291789197645,600,Very interesting! And you say they have hands like ours?
1314,116,0,0,31,31,1.0,0.032791291789197645,600,He wants to go out.
491,116,0,0,31,31,1.0,0.032791291789197645,600,This is the creature they call 'man's best friend'. Initially we thought it to be smarter than that!
457,116,0,0,31,31,1.0,0.032791291789197645,600,"Remember to fetch your leader, not the stick."
348,116,0,0,31,31,1.0,0.032791291789197645,600,Supposedly he's the best friend.
263,116,0,0,31,31,1.0,0.032791291789197645,600,I think he likes me!
5046,116,0,0,35,35,1.0,0.028988551782622423,600,"I know you’re not a “Scottie”, but ‘Beam me up, Labrador’ doesn’t have the same effect."
5041,116,0,0,35,35,1.0,0.028988551782622423,600,"He says that, in fact, the world belongs to him."
372,116,0,0,35,35,1.0,0.028988551782622423,600,You guys wanna bone or somethin'?
5591,116,0,0,37,37,1.0,0.02739983121755955,600,They are served by intelligent beings. Perhaps they are considered household deities.
5474,116,0,0,37,37,1.0,0.02739983121755955,600,You're making it really hard for us to be taken seriously
4524,116,0,0,37,37,1.0,0.02739983121755955,600,Did you remember the peanut butter?
3479,116,0,0,37,37,1.0,0.02739983121755955,600,"When I went on the Martian dating service, I guess best friend shouldn’t have been my #1 choice."
2645,116,0,0,37,37,1.0,0.02739983121755955,600,"He may not be a genius, but he's stable."
2325,116,0,0,37,37,1.0,0.02739983121755955,600,His name is Rex! He is their leader!
4695,116,0,0,31,31,1.0,0.032791291789197645,600,"I forget, do we accept pets?"
5671,116,0,0,31,31,1.0,0.032791291789197645,600,So this is what human beings look like?
650,116,0,0,29,29,1.0,0.03509312031717982,600,"Welcome, and how'd you know my name was Ralph?"
2120,116,0,0,29,29,1.0,0.03509312031717982,600,"Welcome aboard, Captain Good Boy."
2397,116,0,0,25,25,1.0,0.040824829046386304,600,Finally a friendly alien!
2320,116,0,0,25,25,1.0,0.040824829046386304,600,I think he'd like to be our best friend.
1988,116,0,0,25,25,1.0,0.040824829046386304,600,Are you the fosters or my forever family?
1782,116,0,0,25,25,1.0,0.040824829046386304,600,It trained the human to pick up the poop.
1490,116,0,0,25,25,1.0,0.040824829046386304,600,"Yes, we know the doggy door is closed."
1373,116,0,0,25,25,1.0,0.040824829046386304,600,Prepare to administer the table scraps.
1278,116,0,0,25,25,1.0,0.040824829046386304,600,Are you sure you asked for prove of love and happiness on earth ?
2061,116,0,0,37,37,1.0,0.02739983121755955,600,'WOOF' is just my acronym for Wolf Originated Obligatory Fetcher.
344,116,0,0,25,25,1.0,0.040824829046386304,600,Ever hear of the Trojan Horse?
3820,116,0,0,52,52,1.0,0.019418390934515434,600,Uhhh...take me to your master?
5457,116,0,0,29,29,1.0,0.03509312031717982,600,"After much searching, they agreed, intelligent life was finally found."
5257,116,0,0,29,29,1.0,0.03509312031717982,600,It worked. He no longer has any fleas.
3858,116,0,0,29,29,1.0,0.03509312031717982,600,We wish to use you to sniff out shithole countries.
3485,116,0,0,29,29,1.0,0.03509312031717982,600,"At last, we've captured their leader!"
3263,116,0,0,58,58,1.0,0.017391961901349125,600,Is its bark worse than its gloob?
3087,116,0,0,29,29,1.0,0.03509312031717982,600,Dinner's ready!
323,116,0,0,25,25,1.0,0.040824829046386304,600,"Wow, these Americans are brighter than their leader had led us to believe!"
1648,116,0,0,37,37,1.0,0.02739983121755955,600,He seems to want to go out again.
336,116,0,0,37,37,1.0,0.02739983121755955,600,I knew there was intelligent life on earth.
4734,116,0,0,41,41,1.0,0.02469323991623974,600,Was that tall biped you were walking your pet?
5573,116,0,0,24,24,1.0,0.04256282653793743,600,"See this is what happens when you don't enunciate - ""beam me aboard"" becomes ""beam me a dog."""
5566,116,0,0,16,16,1.0,0.06454972243679027,600,"I told you to go abduct a human, not go fetch a hound!"
5556,116,0,0,16,16,1.0,0.06454972243679027,600,But I asked you guys to beam me up Spotty.
5548,116,0,0,16,16,1.0,0.06454972243679027,600,"I'm telling you, make this puppy an Instagram page and the resistance will be powerless to stop us."
5465,116,0,0,24,24,1.0,0.04256282653793743,600,We think you'll love your new backyard.
5370,116,0,0,22,22,1.0,0.046524210519923545,600,"Zartrax the Untoward will be pleased, it's so cuuuuute!"
5341,116,0,0,16,16,1.0,0.06454972243679027,600,"Like Charles de Gaulle, the better I get to know men, the more I find myself loving dogs."
5600,116,0,0,16,16,1.0,0.06454972243679027,600,"Oh. I thought you said, ""Beam me up 'a' Scottie."""
5301,116,0,0,18,18,1.0,0.05716619504750295,600,I thought we agreed to a gold fish.
5269,116,0,0,42,42,1.0,0.024098134635593994,600,It was their best example of intelligent life.
5242,116,0,0,18,18,1.0,0.05716619504750295,600,"I feel bad about destroying Earth, but it warms my heart to give this sweet boy a new Forever Home."
5166,116,0,0,18,18,1.0,0.05716619504750295,600,My mother never let me a dog...
5159,116,0,0,16,16,1.0,0.06454972243679027,600,And you’ll have to promise to feed him and take him out for a walk twice a day.
5089,116,0,0,16,16,1.0,0.06454972243679027,600,"Their Leader was busy playing golf, so they sent someone with equivalent intelligence"
5061,116,0,0,18,18,1.0,0.05716619504750295,600,"Sit, beam down, good boy!"
4914,116,0,0,16,16,1.0,0.06454972243679027,600,Can’t hear speech that wags. Please thump.
5283,116,0,0,16,16,1.0,0.06454972243679027,600,It’s clearly the planet’s dominant species. You wouldn’t believe how they’ve domesticated the monkeys!
2824,116,0,0,25,25,1.0,0.040824829046386304,600,And this life form was leading one of our outdated micro-cerebral clones around...
5657,116,0,0,18,18,1.0,0.05716619504750295,600,Want to co-pilot?
5708,116,0,0,40,40,1.0,0.025318484177091666,600,""" I smell shit""."
4230,116,0,0,41,41,1.0,0.02469323991623974,600,It keeps responding to the word “Democrat.”
3916,116,0,0,41,41,1.0,0.02469323991623974,600,"Good cushion! Can someone let me out to ""go""?"
1992,116,0,0,41,41,1.0,0.02469323991623974,600,"Bob, set the transporter to 'neuter', heh heh, where gonads have gone before."
1820,116,0,0,41,41,1.0,0.02469323991623974,600,We did ask for the friendliest living creature on Earth.
1692,116,0,0,41,41,1.0,0.02469323991623974,600,Don't sweat it. He has to look better than us on the other side !
5288,116,0,0,49,49,1.0,0.020619652471058063,600,Why does everyone want to take my temperature?!?
1360,116,0,0,51,51,1.0,0.019802950859533486,600,Go for a walk? This will be harder than playing fetch.
5661,116,0,0,16,16,1.0,0.06454972243679027,600,She looks like a saturndoodle to me.
3130,116,0,0,57,57,1.0,0.01769980813511972,600,Now let's beam up the Scottie.
5996,116,0,0,52,52,1.0,0.019418390934515434,600,Can we take him home?
5990,116,0,0,16,16,1.0,0.06454972243679027,600,"Looks like the American space dog was ""hacked"" again."
5890,116,0,0,24,24,1.0,0.04256282653793743,600,"Since it found us, I guess we can keep it."
5824,116,0,0,16,16,1.0,0.06454972243679027,600,And the best part is: he probes himself.
5811,116,0,0,16,16,1.0,0.06454972243679027,600,"Ooohh, can we keep him? Pleeeeeeeaase?"
5788,116,0,0,16,16,1.0,0.06454972243679027,600,"...and not only that, he pledges allegiance to Emperor Bark!!!"
5753,116,0,0,16,16,1.0,0.06454972243679027,600,"If this is man's best friend, humans are pretty dumb"
6023,116,0,0,44,44,1.0,0.022990024493585143,600,I hope we have a supply of doggie bags.
3343,116,0,0,17,17,1.0,0.06063390625908324,600,"Please tell me again what this is, as I couldn't find any K-9 life forms from earth listed in our data base."
3765,116,0,0,25,25,1.0,0.040824829046386304,600,"Excuse me, I'm pretty sure I said beam me up a hot dog"
4217,116,0,0,25,25,1.0,0.040824829046386304,600,You best move on to another planet. If you stay here it'll be a real dog's life.
3259,116,0,0,36,36,1.0,0.028171808490950554,600,We want to be a rock group called Three Dog Night. You're the dog
3208,116,0,0,36,36,1.0,0.028171808490950554,600,"Good sit, now lie down."
2058,116,0,0,36,36,1.0,0.028171808490950554,600,This is the circle of inclusion.
1385,116,0,0,36,36,1.0,0.028171808490950554,600,Appears to be having activity in it's happy antenna region.....
566,116,0,0,36,36,1.0,0.028171808490950554,600,Who's turn is it to spacewalk him?
2751,116,0,0,55,55,1.0,0.018349396085439344,600,"Only small pets are allowed in-flight, but we’ll make an exception since we annihilated your planet."
6029,116,0,0,19,19,1.0,0.05407380704358751,600,"For some reason, he responds to their President's speeches."
5999,116,0,0,19,19,1.0,0.05407380704358751,600,You guys got food?
5783,116,0,0,19,19,1.0,0.05407380704358751,600,"Help us understand the phrase ""bite me""!"
5607,116,0,0,19,19,1.0,0.05407380704358751,600,They even pick up our poop!
5436,116,0,0,19,19,1.0,0.05407380704358751,600,We took him out last time. It's your turn.
5348,116,0,0,19,19,1.0,0.05407380704358751,600,It's their latest Mars Rover.
5345,116,0,0,19,19,1.0,0.05407380704358751,600,"Okay Bud, do your business and then we'll beam you back up."
5234,116,0,0,19,19,1.0,0.05407380704358751,600,At least he's happy to see us.
4722,116,0,0,19,19,1.0,0.05407380704358751,600,"I said, ""Beam me up a Scotty. This is a retriever!"""
3378,116,0,0,36,36,1.0,0.028171808490950554,600,"This one is the smartest Earthling, yet!"
4583,116,0,0,36,36,1.0,0.028171808490950554,600,So those are humanity's weaknesses. Bark and Roofs.
66,116,0,0,17,17,1.0,0.06063390625908324,600,"My name is HAL, not Fido, and you will do as I say."
67,116,0,0,17,17,1.0,0.06063390625908324,600,It's your turn to take him out Geoffrey. Just make sure you keep a firm hand on the leash this time. Poor Skippy still hasn't come home after he went chasing that asteroid.
2803,116,0,0,17,17,1.0,0.06063390625908324,600,"But his name tag read, ‘Homo Sapiens.’"
2782,116,0,0,17,17,1.0,0.06063390625908324,600,"Next stop, the Dog Star"
2564,116,0,0,17,17,1.0,0.06063390625908324,600,He doesn't seem to be fooled when we hide the ball instead of throwing it.
2132,116,0,0,17,17,1.0,0.06063390625908324,600,You're a celebrity who loves to make clothes.We'll call it `Why sew Sirius?'
1969,116,0,0,17,17,1.0,0.06063390625908324,600,This must be what humanoids call a ‘god’.
1921,116,0,0,17,17,1.0,0.06063390625908324,600,You have been identified as the highest form of intelligence on earth.
1480,116,0,0,17,17,1.0,0.06063390625908324,600,"We believe he is trying to tell us he is “like, really smart” and a “very stable genius.”"
4664,116,0,0,19,19,1.0,0.05407380704358751,600,I told you kids that you would have to walk her -- and the puppies she will soon have.
1391,116,0,0,17,17,1.0,0.06063390625908324,600,Purina Alpo? Beneful Originals or Incredibites? Beneful Grain Free or Healthy Weight? Or Beef and Chicken Rachel Ray leftovers?
1063,116,0,0,17,17,1.0,0.06063390625908324,600,"He’ll be here in a nanosecond, he went back the poo bag."
836,116,0,0,17,17,1.0,0.06063390625908324,600,Amazing species that has trained superior intellects to even clean up its faeces.
742,116,0,0,17,17,1.0,0.06063390625908324,600,Why does it want to press its body repeatedly against my leg?
677,116,0,0,17,17,1.0,0.06063390625908324,600,Thought you might need a friend..
666,116,0,0,17,17,1.0,0.06063390625908324,600,OK - so how do we get it to play dead?
585,116,0,0,17,17,1.0,0.06063390625908324,600,Looks smarter than the dingbats we brought up before.
123,116,0,0,17,17,1.0,0.06063390625908324,600,I still say we could have developed a better idea to gather wood samples from Earth.
1157,116,0,0,17,17,1.0,0.06063390625908324,600,Lock the doggie door.
2893,116,0,0,38,38,1.0,0.02666903735313325,600,Your mission is complete - what have you learned?
3893,116,0,0,19,19,1.0,0.05407380704358751,600,"According to the Universal Translator, ""Woof"" means ""Woof""."
3811,116,0,0,19,19,1.0,0.05407380704358751,600,"It appears that we won't need the laser walkers on this planet, just a handful of bacon treats."
61,116,0,0,19,19,1.0,0.05407380704358751,600,No anal probe for this one-- just a sniff.
5520,116,0,0,42,42,1.0,0.024098134635593994,600,"Apparently, his mission is to sniff where no dog has ever sniffed before."
4500,116,0,0,42,42,1.0,0.024098134635593994,600,So what's the big deal? I peed on your lawn.
4388,116,0,0,42,42,1.0,0.024098134635593994,600,We bark your language.
4319,116,0,0,42,42,1.0,0.024098134635593994,600,How did you train them to be so obedient?
5728,116,0,0,23,23,1.0,0.044455422447438706,600,What luck! It's the Master's voice.
5121,116,0,0,23,23,1.0,0.044455422447438706,600,I said beam me up SCOTTY
261,116,0,0,38,38,1.0,0.02666903735313325,600,Let's ship him to the collector.
4588,116,0,0,23,23,1.0,0.044455422447438706,600,What? You lost your best friend to climate change?
3173,116,0,0,23,23,1.0,0.044455422447438706,600,"If he goes, we won't have to pick up poop anymore."
2532,116,0,0,23,23,1.0,0.044455422447438706,600,We can put him with the chimps!
2515,116,0,0,23,23,1.0,0.044455422447438706,600,Wanna go for a space walk?
2245,116,0,0,23,23,1.0,0.044455422447438706,600,"Per human observation, you must step in the dog's shit for good luck."
3415,116,0,0,48,48,1.0,0.021053798026662972,600,It seems to be more intelligent than those two-legged creatures he was living with.
2047,116,0,0,48,48,1.0,0.021053798026662972,600,We'll introduce this species and see if they stop fighting.
4599,116,0,0,25,25,1.0,0.040824829046386304,600,"....... And after all that, we end up with only his best friend?"
4324,116,0,0,23,23,1.0,0.044455422447438706,600,At last- intelligent life.
4046,116,0,0,25,25,1.0,0.040824829046386304,600,"In outer space, nobody knows what a dog is."
284,116,0,0,38,38,1.0,0.02666903735313325,600,Leg ride? Sounds fun!
874,116,0,0,19,19,1.0,0.05407380704358751,600,"Guys, if you put protein in the front end, we get bacteria out of the back end that makes great saucer fuel."
3808,116,0,0,19,19,1.0,0.05407380704358751,600,"Look, the alien is moving its poorly installed antenna, searching for the signal!"
3797,116,0,0,19,19,1.0,0.05407380704358751,600,"Remember, when you get to Earth your name will be Donald Trump"
3755,116,0,0,19,19,1.0,0.05407380704358751,600,We are looking for a friend are you interested?
3620,116,0,0,19,19,1.0,0.05407380704358751,600,"Day of the dog, month of the dog, or year of the dog?"
3340,116,0,0,19,19,1.0,0.05407380704358751,600,"DON'T JUST STAND THERE, I HAVE TO GO #1 AND #2"
3256,116,0,0,19,19,1.0,0.05407380704358751,600,"Man's best friend, my hat--he loves us aliens too!"
3255,116,0,0,19,19,1.0,0.05407380704358751,600,You three are funny looking and don't have tails. Better to let me descend first.
440,116,0,0,19,19,1.0,0.05407380704358751,600,Get ready for the farthest game of fetch in the galaxy!
3175,116,0,0,19,19,1.0,0.05407380704358751,600,Take me to your treater.
2651,116,0,0,19,19,1.0,0.05407380704358751,600,"Well, I say he looks like a Xernanian's best friend!"
2619,116,0,0,19,19,1.0,0.05407380704358751,600,So this is the smartest thing down there?
2291,116,0,0,19,19,1.0,0.05407380704358751,600,The most competent white house staff in 2018.
1583,116,0,0,19,19,1.0,0.05407380704358751,600,This is the most intelligent life form we found in the place that governs the country.
1484,116,0,0,19,19,1.0,0.05407380704358751,600,"Agent X213, what have they done to your nether region?"
1231,116,0,0,19,19,1.0,0.05407380704358751,600,"Strange as it is, many human families have one physically abnormal member who looks like this one. Must be some generic translocation during gestation."
1210,116,0,0,19,19,1.0,0.05407380704358751,600,Their leaders said they would send the most stable genius.
2890,116,0,0,19,19,1.0,0.05407380704358751,600,He will teach us how Man will clean up our messes.
169,116,0,0,27,27,1.0,0.03774256780481986,600,"We understand you are a Leader, Dog."
187,116,0,0,27,27,1.0,0.03774256780481986,600,Is it space ship trained...
270,116,0,0,18,18,1.0,0.05716619504750295,600,The most advance life form who lives amoung them...Good Boy!
4817,116,0,0,15,15,1.0,0.06900655593423542,600,What? Up dawg!
4763,116,0,0,15,15,1.0,0.06900655593423542,600,Beam up Scottie- not a Scottie the terrier!
4747,116,0,0,35,35,1.0,0.028988551782622423,600,"I dias, ""Ekat em ot ruoy dog!"""
4691,116,0,0,35,35,1.0,0.028988551782622423,600,Good...boy...?
4689,116,0,0,15,15,1.0,0.06900655593423542,600,He’s loyal and likable...but it doesn’t explain why the humans collect his droppings.
4614,116,0,0,30,30,1.0,0.03390317518104052,600,"Wow, he is so much smarter than the last ones."
4520,116,0,0,15,15,1.0,0.06900655593423542,600,You asked to see me?
4408,116,0,0,30,30,1.0,0.03390317518104052,600,"If it’s a new best friend your after, no can do."
4341,116,0,0,15,15,1.0,0.06900655593423542,600,You can be the first dog whistle-blower.
4274,116,0,0,15,15,1.0,0.06900655593423542,600,"Yes, I lead them around. But I'm not the leader."
4946,116,0,0,15,15,1.0,0.06900655593423542,600,Why do we even bother with the Rover? We just get back sticks.
4149,116,0,0,30,30,1.0,0.03390317518104052,600,"Now it's guaranteed, no one will have a better pet than my little Billy."
3996,116,0,0,15,15,1.0,0.06900655593423542,600,We asked to beam up the most intelligent life on earth - and it's cute too!
3955,116,0,0,15,15,1.0,0.06900655593423542,600,"Star Paws, you like that buddy?"
3953,116,0,0,20,20,1.0,0.051298917604257706,600,"Wait, I've got a million of 'em"
3377,116,0,0,15,15,1.0,0.06900655593423542,600,I thought humans would look more like us.
3096,116,0,0,30,30,1.0,0.03390317518104052,600,Please do not litter.
3045,116,0,0,15,15,1.0,0.06900655593423542,600,"The last Jedi, for real this time."
2980,116,0,0,15,15,1.0,0.06900655593423542,600,I suppose a 'Mars Rover' pun would fit right in about now.
2938,116,0,0,15,15,1.0,0.06900655593423542,600,Intense tail movement implies happiness. Or maybe the need to urinate. Testing results have been inconclusive.
2705,116,0,0,15,15,1.0,0.06900655593423542,600,"OK, Fido, one bark if they are friendly and two if they are not."
2605,116,0,0,15,15,1.0,0.06900655593423542,600,"What's that, girl? Lord Xlron is stuck in a supermassive black hole?"
4071,116,0,0,15,15,1.0,0.06900655593423542,600,What? You guys don't like my disguise?
4973,116,0,0,30,30,1.0,0.03390317518104052,600,Lead me to your taker
5005,116,0,0,30,30,1.0,0.03390317518104052,600,Let's send this down to Earth and give them a scare.
5077,116,0,0,15,15,1.0,0.06900655593423542,600,It ate our GPS bot.
1367,116,0,0,23,23,1.0,0.044455422447438706,600,Anyone speak Russian?
1212,116,0,0,23,23,1.0,0.044455422447438706,600,Hablar. Dese la Vuelta. Tacon. Permanecer.
1000,116,0,0,23,23,1.0,0.044455422447438706,600,You didn't really think through the need for walkies did you?
995,116,0,0,23,23,1.0,0.044455422447438706,600,"Our children moved to an alternative Universe that does not allow dogs, so we got the puppy."
922,116,0,0,23,23,1.0,0.044455422447438706,600,It’s your turn. I walked him yesterday.
877,116,0,0,23,23,1.0,0.044455422447438706,600,I say we call this planet “Halitosis”.
617,116,0,0,23,23,1.0,0.044455422447438706,600,It looks like we have Sirius.
539,116,0,0,23,23,1.0,0.044455422447438706,600,Rust ro reasy ron re ranal robes.
470,116,0,0,23,23,1.0,0.044455422447438706,600,One question: why is your manure valuable?
5,116,0,0,23,23,1.0,0.044455422447438706,600,"I see that they've domesticated wolves since our last visit. They used to bite, now they lick."
2107,116,0,0,28,28,1.0,0.036369648372665396,600,2 Thumbs Up in this whacky comedic adventure packed full of fun for the whole family! You'll laugh your tails off at the silly shenanigans that ensue when these aliens adopt a dog in the award winning comedy Planet K-9.
6018,116,0,0,15,15,1.0,0.06900655593423542,600,Careful! He charms and enslaves two-legged beings.
5804,116,0,0,15,15,1.0,0.06900655593423542,600,"Whose turn is it, to take him out, to do his business?"
5635,116,0,0,15,15,1.0,0.06900655593423542,600,"Earthling, you are our Master."
5617,116,0,0,15,15,1.0,0.06900655593423542,600,It's better to beam-up than to buy.
5609,116,0,0,15,15,1.0,0.06900655593423542,600,What am I?
5589,116,0,0,15,15,1.0,0.06900655593423542,600,I thought St. Bernards showed up with whiskey barrels.
5526,116,0,0,15,15,1.0,0.06900655593423542,600,So which one of you is going to take me for a walk?
5373,116,0,0,30,30,1.0,0.03390317518104052,600,"Well, we like to think of it as that farm upstate you've heard so much about."
5327,116,0,0,30,30,1.0,0.03390317518104052,600,We must understand the importance of their poo.
5312,116,0,0,15,15,1.0,0.06900655593423542,600,Obviously it's the planet's most advanced and intelligent species.
5143,116,0,0,35,35,1.0,0.028988551782622423,600,You want to sniff my Haiti?
5126,116,0,0,15,15,1.0,0.06900655593423542,600,That planet makes rovers that are low-tech but awfully cute!
2483,116,0,0,15,15,1.0,0.06900655593423542,600,"Didn't you just go out 20,000 light years ago?"
2433,116,0,0,15,15,1.0,0.06900655593423542,600,"Well, sure it may not sound like a lot in dog years."
2418,116,0,0,35,35,1.0,0.028988551782622423,600,"No! No! Beam us down, Scotty! Down!"
2375,116,0,0,15,15,1.0,0.06900655593423542,600,"I'll stay for 3 walks per day, 3 meals, unlimited snacks and massages."
3188,116,0,0,42,42,1.0,0.024098134635593994,600,The universe needs more like you.
501,116,0,0,42,42,1.0,0.024098134635593994,600,"They worship this one by saying, ‘Good alien. Good alien.’"
2671,116,0,0,37,37,1.0,0.02739983121755955,600,I guess now we have to go back for a plastic bag
832,116,0,0,37,37,1.0,0.02739983121755955,600,The reason I brought your here...
5106,116,0,0,27,27,1.0,0.03774256780481986,600,We're only accepting purebreds.
4778,116,0,0,27,27,1.0,0.03774256780481986,600,You are emBARKING on your most important mission: gathering intelligence on earth.
4750,116,0,0,27,27,1.0,0.03774256780481986,600,But how will we walk him?
4738,116,0,0,27,27,1.0,0.03774256780481986,600,Do you have an anything grain-free?
2321,116,0,0,27,27,1.0,0.03774256780481986,600,No-air Bud
463,116,0,0,49,49,1.0,0.020619652471058063,600,And who is going to walk him?
5952,116,0,0,22,22,1.0,0.046524210519923545,600,Hydrant? We assure you we have far superior fire suppression methods.
5917,116,0,0,22,22,1.0,0.046524210519923545,600,Did you bring the treats?
5863,116,0,0,22,22,1.0,0.046524210519923545,600,Well ... some of them are nice.
5841,116,0,0,22,22,1.0,0.046524210519923545,600,Guess we'll have to leave E.T. behind. There's no entrance for him. Doggonit.
5835,116,0,0,22,22,1.0,0.046524210519923545,600,This is his best friend.
5802,116,0,0,22,22,1.0,0.046524210519923545,600,He really needs to be let out to pee.
5793,116,0,0,22,22,1.0,0.046524210519923545,600,The planet is destroyed. We kept one Earth creature.
5778,116,0,0,22,22,1.0,0.046524210519923545,600,"This should give ""fetch a whole new meaning..."
5706,116,0,0,22,22,1.0,0.046524210519923545,600,"I walked him last, Dad. I swear I did."
5645,116,0,0,22,22,1.0,0.046524210519923545,600,What do you think this alien is talking about?
5644,116,0,0,22,22,1.0,0.046524210519923545,600,"Look, we've come a long way. Are you sure you don't know how to play bridge?"
5461,116,0,0,22,22,1.0,0.046524210519923545,600,That's no Scottie?
5443,116,0,0,22,22,1.0,0.046524210519923545,600,"Lassie, take me to your Timmy!!!"
15,116,0,0,15,15,1.0,0.06900655593423542,600,"I mean, look at that - is that cute or what? He knows you're here to take him to his new home and he's gotten all clingy."
1649,116,0,0,23,23,1.0,0.044455422447438706,600,"If dog is the co-pilot, where is the pilot?"
82,116,0,0,15,15,1.0,0.06900655593423542,600,We don't have the leader but we have his best friend
188,116,0,0,15,15,1.0,0.06900655593423542,600,He seems friendlier than our capture of radio signals suggested they are.
2341,116,0,0,15,15,1.0,0.06900655593423542,600,He must represent an advanced civilization; he is attempting to communicate through the appendage behind him and his soulful gaze.
2285,116,0,0,15,15,1.0,0.06900655593423542,600,"He might appear to be very young but in our years he'd be 2,046."
2225,116,0,0,15,15,1.0,0.06900655593423542,600,Take me to your gentle leader.
2223,116,0,0,15,15,1.0,0.06900655593423542,600,You must be the leader since those other creatures walk behind you and pick up your crap.
1912,116,0,0,30,30,1.0,0.03390317518104052,600,It lacks a human element.
1775,116,0,0,30,30,1.0,0.03390317518104052,600,"Well, they ARE more advanced in necklace technology."
1757,116,0,0,15,15,1.0,0.06900655593423542,600,We are the crew of the USS Frisbee.
1745,116,0,0,15,15,1.0,0.06900655593423542,600,He just got here and is already harassing me for a space-walk.
1696,116,0,0,15,15,1.0,0.06900655593423542,600,Out of this world best friend
1659,116,0,0,30,30,1.0,0.03390317518104052,600,"is it you, are you the good boy?"
1639,116,0,0,15,15,1.0,0.06900655593423542,600,This one says HE'S the master.
1636,116,0,0,30,30,1.0,0.03390317518104052,600,"Gee, These aliens are rather cute."
1503,116,0,0,20,20,1.0,0.051298917604257706,600,"He answers to 'Scooter,' 'Mr. McScoots', 'Magoo', 'The Yellow One' or 'Beans'."
1266,116,0,0,15,15,1.0,0.06900655593423542,600,Are you sure he is their Leader?
986,116,0,0,30,30,1.0,0.03390317518104052,600,Let's name him Dogstar.
969,116,0,0,15,15,1.0,0.06900655593423542,600,"You wanted a rescue, now you have to walk him."
946,116,0,0,30,30,1.0,0.03390317518104052,600,Alright hotshot. You try burying a bone in zero gravity.
899,116,0,0,15,15,1.0,0.06900655593423542,600,They are more evolved then we imagined.
766,116,0,0,15,15,1.0,0.06900655593423542,600,We notice that on your planet our kind follow your species around and pick up their poop. Is that negotiable?
759,116,0,0,15,15,1.0,0.06900655593423542,600,"When we beam you back, ask your leader to send us three green-cards."
701,116,0,0,30,30,1.0,0.03390317518104052,600,"Convince the people of Earth we are their friends, Ambassador Rex."
681,116,0,0,15,15,1.0,0.06900655593423542,600,I was expecting a bunny.
628,116,0,0,15,15,1.0,0.06900655593423542,600,Luni was a biped before he was sucked in by that contraption
166,116,0,0,15,15,1.0,0.06900655593423542,600,"PETA, yes we have heard of them."
5412,116,0,0,22,22,1.0,0.046524210519923545,600,We'll name him Red Rover.
1841,116,0,0,23,23,1.0,0.044455422447438706,600,So the barking is just a ruse to get out of having to work for a living?
2327,116,0,0,23,23,1.0,0.044455422447438706,600,"Yes, captain. We'll set a course for 25 more times around the living room."
1450,116,0,0,24,24,1.0,0.04256282653793743,600,Maybe all the cat videos weren’t misdirection after all.
1363,116,0,0,16,16,1.0,0.06454972243679027,600,"Come on, guys--you know the poop has to be beamed up, too."
1310,116,0,0,16,16,1.0,0.06454972243679027,600,I understand one of its primary functions is to fetch something called a 'newspaper'.
1297,116,0,0,16,16,1.0,0.06454972243679027,600,"Quibble all you want with my methods, I'm still calling it a rescue."
1215,116,0,0,16,16,1.0,0.06454972243679027,600,Do you think he's sending us a message with his tail wagging?
1209,116,0,0,24,24,1.0,0.04256282653793743,600,"Well, this isn't gonna fit on the probe."
1137,116,0,0,16,16,1.0,0.06454972243679027,600,If that's Pluto lets see what Uranus looks like.
1068,116,0,0,32,32,1.0,0.031750031750047626,600,Who’s a good quadruped?
1012,116,0,0,16,16,1.0,0.06454972243679027,600,You're positive this is the alpha predator?
923,116,0,0,32,32,1.0,0.031750031750047626,600,"We caught it, but now we don't know what to do with it."
1485,116,0,0,32,32,1.0,0.031750031750047626,600,Wait. Was it you that phoned home?
914,116,0,0,24,24,1.0,0.04256282653793743,600,"OK, their plan to win us over just may work."
856,116,0,0,24,24,1.0,0.04256282653793743,600,Finally! We got the one that leads the two-legged kind around!
837,116,0,0,24,24,1.0,0.04256282653793743,600,He won't get off the escape hatch. He thinks it's a giant frisbee
828,116,0,0,24,24,1.0,0.04256282653793743,600,But why do they pick up your excrement in plastic bags?
787,116,0,0,16,16,1.0,0.06454972243679027,600,Who's a good alien....you are.....
772,116,0,0,16,16,1.0,0.06454972243679027,600,"Who’s a good,very stable genius,boy?"
744,116,0,0,16,16,1.0,0.06454972243679027,600,She just won the 2020 presidency. Can't wait to question her on intelligence on earth.
593,116,0,0,24,24,1.0,0.04256282653793743,600,Who’s turn is it to take the dog for a space walk?
588,116,0,0,24,24,1.0,0.04256282653793743,600,Oops ... looks like we beamed-up Scotty.
558,116,0,0,32,32,1.0,0.031750031750047626,600,Does anyone speak Russian?
514,116,0,0,16,16,1.0,0.06454972243679027,600,"You are welcome to stay, but you will never have it better than on planet Earth."
879,116,0,0,16,16,1.0,0.06454972243679027,600,It translates as 'Fire Hydrant! Now!'
1486,116,0,0,16,16,1.0,0.06454972243679027,600,I don't think it understands the gravity of the situation.
1702,116,0,0,16,16,1.0,0.06454972243679027,600,He warns of something called Harvey Weinstien
1926,116,0,0,16,16,1.0,0.06454972243679027,600,I set the search term to ‘astrolabe’
3760,116,0,0,16,16,1.0,0.06454972243679027,600,So on this planet more legs does mean greater intelligence.
3748,116,0,0,32,32,1.0,0.031750031750047626,600,"Space, the Fido Frontier."
3649,116,0,0,16,16,1.0,0.06454972243679027,600,Take me to your bone.
3496,116,0,0,16,16,1.0,0.06454972243679027,600,But we don't have any bones.
3469,116,0,0,16,16,1.0,0.06454972243679027,600,"Yes, but is a man worthy of a best friend like you."
3419,116,0,0,16,16,1.0,0.06454972243679027,600,Rover reports for duty
3236,116,0,0,16,16,1.0,0.06454972243679027,600,He speaks one tough earth person language. We still have not cracked it.
3154,116,0,0,16,16,1.0,0.06454972243679027,600,We're very impressed with your enslavement of these creatures who house and feed you and pick up your waste products. We call that the trifecta.
3052,116,0,0,16,16,1.0,0.06454972243679027,600,"I felt sorry for him. I asked him about life on Earth and all he kept saying was, ""Rough, rough, rough!"""
3023,116,0,0,16,16,1.0,0.06454972243679027,600,He doesn't look like a Rex...
2922,116,0,0,16,16,1.0,0.06454972243679027,600,"When commodore zyteck asked for the lab, i’m beginning to wonder if he meant laboratory."
2846,116,0,0,16,16,1.0,0.06454972243679027,600,"Just to be clear, I'm in charge now."
2815,116,0,0,24,24,1.0,0.04256282653793743,600,Only your kind understood our planet-wide command to chase this shiny spinning disc.
2785,116,0,0,16,16,1.0,0.06454972243679027,600,"Can we keep him, Captain? Please?"
2737,116,0,0,16,16,1.0,0.06454972243679027,600,"Wow, Earth cats are weird."
2691,116,0,0,24,24,1.0,0.04256282653793743,600,Some people call me the space cowboy.....
2660,116,0,0,16,16,1.0,0.06454972243679027,600,YU cheatfg yug quuc ieal galm geh gupo Hyujeh hel fyuc quurp.
2492,116,0,0,24,24,1.0,0.04256282653793743,600,"It’s always happy, so it can’t be human."
2280,116,0,0,24,24,1.0,0.04256282653793743,600,He's good at catching flying discs.
2215,116,0,0,24,24,1.0,0.04256282653793743,600,Who's a good adolescent Snorlaxian? You are!
2196,116,0,0,16,16,1.0,0.06454972243679027,600,I guess this is us in an earlier stage of development.
2148,116,0,0,24,24,1.0,0.04256282653793743,600,"Adorable, yes, but who's going to wake up early every morning to take Fido out for a spacewalk?"
2005,116,0,0,16,16,1.0,0.06454972243679027,600,He must really want his ball.
467,116,0,0,16,16,1.0,0.06454972243679027,600,I'm glad we got him from a shelter and not one of those breeders!
445,116,0,0,32,32,1.0,0.031750031750047626,600,Sara McLachlan is very persuasive.
153,116,0,0,16,16,1.0,0.06454972243679027,600,""" Can we keep him, please?."
148,116,0,0,16,16,1.0,0.06454972243679027,600,Take me to your feeder!
5529,116,0,0,23,23,1.0,0.044455422447438706,600,"We selected him as a specimen, as he is said to have the same I.Q. as the president of one of earths richest countries."
5507,116,0,0,23,23,1.0,0.044455422447438706,600,"He says you have the wrong guy, he's the beta"
5352,116,0,0,23,23,1.0,0.044455422447438706,600,I really thought the dogs where in charge.
5236,116,0,0,23,23,1.0,0.044455422447438706,600,It’s YOUR turn to take him out ... and shut the hatch ... we don’t need that stuff floating back inside!!!
5084,116,0,0,23,23,1.0,0.044455422447438706,600,We've identified his language as Labradorean Woofish
5052,116,0,0,23,23,1.0,0.044455422447438706,600,"As an emotional support animal, he is transported for free."
4804,116,0,0,23,23,1.0,0.044455422447438706,600,You guys have got nothing on me.
4782,116,0,0,23,23,1.0,0.044455422447438706,600,Thank you for teaching us 'fetch.' Please explain 'walkies.'
4764,116,0,0,23,23,1.0,0.044455422447438706,600,"No, no food or water until you reveal why you were chasing us."
4679,116,0,0,23,23,1.0,0.044455422447438706,600,How fetching!
4582,116,0,0,23,23,1.0,0.044455422447438706,600,Is it true you can read in the dark?
4198,116,0,0,23,23,1.0,0.044455422447438706,600,What intelligent eyes! I bet it knows exactly what we're thinking.
4134,116,0,0,23,23,1.0,0.044455422447438706,600,"HE SAYS ........""TIMMY FELL IN THE WELL""....."
4093,116,0,0,23,23,1.0,0.044455422447438706,600,We’ll call him Kirk.
3627,116,0,0,23,23,1.0,0.044455422447438706,600,Always begging for a treaty.
3358,116,0,0,23,23,1.0,0.044455422447438706,600,Next time he goes out to do his business have the solar wind to his back.
3338,116,0,0,23,23,1.0,0.044455422447438706,600,"We sent them the answer to ""What does it all mean?"" and they sent us this?"
3198,116,0,0,23,23,1.0,0.044455422447438706,600,He's our Emotional Supportnaut.
3155,116,0,0,23,23,1.0,0.044455422447438706,600,You're from the Dog Star? Are you Sirius? (and alternatively) You're from the Dog Star? Siriusly?
2822,116,0,0,23,23,1.0,0.044455422447438706,600,I'm very suspicious of the wagging tail.
2806,116,0,0,23,23,1.0,0.044455422447438706,600,Who's going to feed him and walk him and brush him?
2654,116,0,0,23,23,1.0,0.044455422447438706,600,I wonder if he's spaceship trained ?
2353,116,0,0,23,23,1.0,0.044455422447438706,600,"Don't know what they're called but he looks dog tired, is dog eared, and has a dogged determination."
5534,116,0,0,23,23,1.0,0.044455422447438706,600,#1 or #2?
2157,116,0,0,23,23,1.0,0.044455422447438706,600,I just let him out to pee five light years ago.
3470,116,0,0,36,36,1.0,0.028171808490950554,600,"I'm willing to go with you if your language isn't ""blah, blah, blah""."
4922,116,0,0,36,36,1.0,0.028171808490950554,600,Good sit. Now give us your best and loudest bark.
134,116,0,0,16,16,1.0,0.06454972243679027,600,"Their worship includes picking up his poop, so he must be their leader."
120,116,0,0,32,32,1.0,0.031750031750047626,600,Don't let him out just yet. I would like to keep him under observation.
90,116,0,0,16,16,1.0,0.06454972243679027,600,Woof.
3326,116,0,0,37,37,1.0,0.02739983121755955,600,I think we better follow him.
1542,116,0,0,37,37,1.0,0.02739983121755955,600,Oops ... looks like we beamed-up Scotty.
6009,116,0,0,29,29,1.0,0.03509312031717982,600,It’s about time!
1168,116,0,0,29,29,1.0,0.03509312031717982,600,We've done it! We've found intelligent life on Earth!
5419,116,0,0,21,21,1.0,0.048795003647426664,600,"After monitoring two orbit cycles of communications media, we believe these to be the most intelligent beings on the planet."
4816,116,0,0,21,21,1.0,0.048795003647426664,600,You are a good pinnacle species
1315,116,0,0,21,21,1.0,0.048795003647426664,600,First observation....they don't have a tail like we do.
1227,116,0,0,21,21,1.0,0.048795003647426664,600,There's been a terrible mistake. We asked them to beam up DOCTOR Barker.
4098,116,0,0,39,39,1.0,0.025976216673306556,600,"Whoa, so this is a human!"
5819,116,0,0,31,31,1.0,0.032791291789197645,600,Take us to your tweeter.
4830,116,0,0,31,31,1.0,0.032791291789197645,600,"This Twitter thing, is it like your species leaving messages on grass and trees?"
4719,116,0,0,31,31,1.0,0.032791291789197645,600,It must be their leader... they carry its poop in a bag.
4562,116,0,0,31,31,1.0,0.032791291789197645,600,We still haven’t deciphered the meaning of those brown scrolls he keeps dropping.
3629,116,0,0,31,31,1.0,0.032791291789197645,600,This human has floppy ears.
1813,116,0,0,31,31,1.0,0.032791291789197645,600,It's a virtual crate. And he feels secure in there.
1497,116,0,0,31,31,1.0,0.032791291789197645,600,"No, it's a different kind of vacuum."
1225,116,0,0,31,31,1.0,0.032791291789197645,600,Nobody here speaks English.
948,116,0,0,31,31,1.0,0.032791291789197645,600,And you were negative for worms.
403,116,0,0,31,31,1.0,0.032791291789197645,600,This one looks more promising.
251,116,0,0,31,31,1.0,0.032791291789197645,600,"The other one just kept throwing the little planet away, but this one saved it every time!"
4148,116,0,0,36,36,1.0,0.028171808490950554,600,#SaturnIsForTheGoodBoys
4909,116,0,0,16,16,1.0,0.06454972243679027,600,We understand you are the highest life form on Earth.
5397,116,0,0,22,22,1.0,0.046524210519923545,600,Be careful of his lightsaber.
5318,116,0,0,22,22,1.0,0.046524210519923545,600,There’s an extra treat in it if you bring Spock back alive.
2127,116,0,0,21,21,1.0,0.048795003647426664,600,"I told him to ""sit,"" but you know I have trouble with the ""s"" sound."
2097,116,0,0,21,21,1.0,0.048795003647426664,600,"So far, we have determined that this incredible creature has at least 250 ways of expressing happiness using various wags of it's tail. It's the most intelligent Earthling we've discovered by a long-shot!"
2041,116,0,0,28,28,1.0,0.036369648372665396,600,I told you it would be a mistake to ask an earthling for pointers.
2039,116,0,0,21,21,1.0,0.048795003647426664,600,I'm now realizing that wasn't snarflog I found in the corner.
2026,116,0,0,21,21,1.0,0.048795003647426664,600,...See? Just set it to Reverse! No more plastic bags!
1893,116,0,0,28,28,1.0,0.036369648372665396,600,We need you to go out there and fetch a very big spaceship.
1828,116,0,0,21,21,1.0,0.048795003647426664,600,"I wonder where its nuts are?"" ""Frank this isn't a squirrel."" ""That's not what I meant."
1806,116,0,0,21,21,1.0,0.048795003647426664,600,Who wants to take Rover out for his walk?
1435,116,0,0,28,28,1.0,0.036369648372665396,600,He's definitely brighter than those other beings on Earth.
1431,116,0,0,14,14,1.0,0.07412493166611012,600,He says he is the leader.
2172,116,0,0,14,14,1.0,0.07412493166611012,600,This species shows a propensity to roll over.
1380,116,0,0,21,21,1.0,0.048795003647426664,600,See if it has to go outside.
1295,116,0,0,21,21,1.0,0.048795003647426664,600,They always look happy before we bring out the probe.
1221,116,0,0,14,14,1.0,0.07412493166611012,600,Since we read right to left we have proved the extitence of god
1164,116,0,0,35,35,1.0,0.028988551782622423,600,The term mission creep comes to mind.
1122,116,0,0,14,14,1.0,0.07412493166611012,600,"Oh, speak stable genus! Don't just #wag your tail."
1062,116,0,0,14,14,1.0,0.07412493166611012,600,He wandered a long way from home. We must take him back to Labrador.
992,116,0,0,21,21,1.0,0.048795003647426664,600,"On planet Dyslexia, she's a god."
991,116,0,0,14,14,1.0,0.07412493166611012,600,"Hey, Buddy! Wanna go for a teleport?"
977,116,0,0,35,35,1.0,0.028988551782622423,600,"Trust me, they'll treat them like their own children."
910,116,0,0,35,35,1.0,0.028988551782622423,600,He’s an alien who is subservient to his masters.
820,116,0,0,21,21,1.0,0.048795003647426664,600,"Sorry about the bark collar, you were driving us nuts."
1372,116,0,0,14,14,1.0,0.07412493166611012,600,"Well, I heard that his poop will burn and look like shooting stars!"
2208,116,0,0,28,28,1.0,0.036369648372665396,600,This one seems nice. Let's skip the anal probe.
2255,116,0,0,14,14,1.0,0.07412493166611012,600,Let's name him Scotty.
2288,116,0,0,14,14,1.0,0.07412493166611012,600,"- Are you sure it's not him? - Don't think so, they told us Donald Trump is a pig"
4308,116,0,0,14,14,1.0,0.07412493166611012,600,He wants to know if we can roll down a window.
4304,116,0,0,21,21,1.0,0.048795003647426664,600,I asked but Area 51's closed. Something about too many aliens from shithole countries landing there.
4225,116,0,0,28,28,1.0,0.036369648372665396,600,Don't give me some shaggy dog story about your mission exploring Earth.
4137,116,0,0,28,28,1.0,0.036369648372665396,600,"Except for the tail, it looks like your Uncle Harry."
4120,116,0,0,14,14,1.0,0.07412493166611012,600,"Finally, our own rover!"
3907,116,0,0,14,14,1.0,0.07412493166611012,600,"Seemingly ""Arf"" is a placeholder word whose exact meaning is dependent on context and inflection."
3799,116,0,0,14,14,1.0,0.07412493166611012,600,The earthlings are primitive. They don't even seem to have a language.
3380,116,0,0,28,28,1.0,0.036369648372665396,600,Far more likable than I thought they would be.
3137,116,0,0,21,21,1.0,0.048795003647426664,600,He seems to think it's a Frisbee.
3132,116,0,0,14,14,1.0,0.07412493166611012,600,"you look perfect; we will send you to a place called earth, which you will colonize and become everyone's best friend."
3057,116,0,0,21,21,1.0,0.048795003647426664,600,"He knows 'shake,' 'heel,' and 'sit.' We're still working on 'take me to your leader.'"
2986,116,0,0,14,14,1.0,0.07412493166611012,600,The movement of his hind linear proboscis indicates that Earl is the one who offered the treat.
2959,116,0,0,14,14,1.0,0.07412493166611012,600,You really did go see a man about a dog.
2877,116,0,0,21,21,1.0,0.048795003647426664,600,What happens on that platform stays on that platform.
2763,116,0,0,21,21,1.0,0.048795003647426664,600,It seems like he's used to getting things shoved up his rectum.
2739,116,0,0,28,28,1.0,0.036369648372665396,600,It’s not a scotty!
2676,116,0,0,21,21,1.0,0.048795003647426664,600,"This isn't what I meant by ""Bring me loyal subjects."""
2572,116,0,0,28,28,1.0,0.036369648372665396,600,You better bring him out before he has another accident on the ceiling.
2506,116,0,0,14,14,1.0,0.07412493166611012,600,Does it Talk?
2489,116,0,0,14,14,1.0,0.07412493166611012,600,Oops...we must return; the plan was an extraTERRIERestrial alien encounter
2467,116,0,0,35,35,1.0,0.028988551782622423,600,Who's a good sentient life form? Yes you are. Oh yes you are.
2431,116,0,0,14,14,1.0,0.07412493166611012,600,The two-legged being it was with must be its pet.
2415,116,0,0,14,14,1.0,0.07412493166611012,600,they call it a cow and they drink liquid form its utters called milk and yes I'm sure this time.
754,116,0,0,14,14,1.0,0.07412493166611012,600,Of the two we saw this is the superior species. The other one was picking its excrement.
724,116,0,0,28,28,1.0,0.036369648372665396,600,He's saying we probably won't like his best friend.
710,116,0,0,14,14,1.0,0.07412493166611012,600,"Being governed by dogs has many advantages - unconditional love, acceptance of all, ability to listen. Enjoy it!"
675,116,0,0,14,14,1.0,0.07412493166611012,600,You can keep the earthling if you feed and clean up after him.
3011,116,0,0,34,34,1.0,0.029854071701326604,600,"And what can you tell us of the smaller ""frisbees"" you have encountered?"
2768,116,0,0,34,34,1.0,0.029854071701326604,600,"Careful, Jim, his people have those humans trained.."
1916,116,0,0,34,34,1.0,0.029854071701326604,600,I think these Earthlings show some potential. Notice how friendly it seems.
1864,116,0,0,34,34,1.0,0.029854071701326604,600,I present to you a very good boy
5937,116,0,0,45,45,1.0,0.022473328748774737,600,Those earthlings certainly have bad breath!
5881,116,0,0,18,18,1.0,0.05716619504750295,600,"We would like to oblige, but on our planet, giving a belly rub is a declaration of war."
5873,116,0,0,27,27,1.0,0.03774256780481986,600,"Rover,did you beam down your bone!"
5683,116,0,0,27,27,1.0,0.03774256780481986,600,"Get him off the set, Charlie, and call back the Klingon."
5532,116,0,0,27,27,1.0,0.03774256780481986,600,So do you guys speak English?
5299,116,0,0,18,18,1.0,0.05716619504750295,600,Our research indicates that tail wagging precedes attempts to manipulate.
5182,116,0,0,18,18,1.0,0.05716619504750295,600,It appears we've captured a Rover.
4411,116,0,0,27,27,1.0,0.03774256780481986,600,See what happens if you pull on the antenna.
4351,116,0,0,18,18,1.0,0.05716619504750295,600,I like this one much better than the 2-legged Earthling we beamed up last time better.
4059,116,0,0,27,27,1.0,0.03774256780481986,600,It’s the only faithful thing on the planet
3698,116,0,0,27,27,1.0,0.03774256780481986,600,Somebody said you were looking for Rover...
3352,116,0,0,27,27,1.0,0.03774256780481986,600,"The abdogtion of ambassador retriever, Good Boy."
2859,116,0,0,27,27,1.0,0.03774256780481986,600,"Okay, forget about taking me to your leader--can you do the rolling over thing again?"
2802,116,0,0,18,18,1.0,0.05716619504750295,600,We beamed him up with his human and returned the human.
2050,116,0,0,27,27,1.0,0.03774256780481986,600,He’s tapping a message: ‘I could be your best friend’.
1801,116,0,0,27,27,1.0,0.03774256780481986,600,It’s friendly and will obey your every command.
1318,116,0,0,27,27,1.0,0.03774256780481986,600,"Yes, I know we were sent to spy on them. But they have become our best friend. And they love the fetch game."
1201,116,0,0,27,27,1.0,0.03774256780481986,600,Great costumes. They'll never suspect that dogs are the superior beings.
1171,116,0,0,45,45,1.0,0.022473328748774737,600,Am I right that this is much different than their Mars rover?
3436,116,0,0,34,34,1.0,0.029854071701326604,600,It is not a man but it is man's best friend
4335,116,0,0,14,14,1.0,0.07412493166611012,600,We've captured their highest life form. Two-legged lesser beings follow him with plastic bags.
3468,116,0,0,34,34,1.0,0.029854071701326604,600,I still say it would be more cost-effective to train him to a litterbox...
2276,116,0,0,25,25,1.0,0.040824829046386304,600,"It's tag says 'Rover.', it's not just a dog."
486,116,0,0,21,21,1.0,0.048795003647426664,600,"He was detained for attacking our allies, the frisbees."
381,116,0,0,28,28,1.0,0.036369648372665396,600,Do you think he's been microchipped?
358,116,0,0,21,21,1.0,0.048795003647426664,600,"well, is fast food and a sedentary lifestyle still the best way to take over?"
332,116,0,0,28,28,1.0,0.036369648372665396,600,Must be a friend of Pluto.
315,116,0,0,14,14,1.0,0.07412493166611012,600,This polling sample is uncommonly upbeat.
292,116,0,0,21,21,1.0,0.048795003647426664,600,I thought Invisible Fence had boundaries.
104,116,0,0,21,21,1.0,0.048795003647426664,600,The wag means that it is about to give us fake news.
77,116,0,0,14,14,1.0,0.07412493166611012,600,And the good boy is you every time?
24,116,0,0,14,14,1.0,0.07412493166611012,600,Take us to your leader!
778,116,0,0,46,46,1.0,0.021979349113192898,600,Your name tag says 'Leader'. So. . .can you speak or are you just gong to sit there?
2942,116,0,0,39,39,1.0,0.025976216673306556,600,Our long journey is over for we have found the answer to the question that haunts the universe--who's a good boy? Who's a good boy?
2516,116,0,0,39,39,1.0,0.025976216673306556,600,So why did the Fleas invent the Flea-Collar?
5134,116,0,0,32,32,1.0,0.031750031750047626,600,"Beam yourself up, Scotty."
2106,116,0,0,32,32,1.0,0.031750031750047626,600,"‘Huh— I wonder if I should tell the captain about Giant George’s walker/sitter not showing up this morning?’ Anything like that occur to you, Anderson? Like—before takeoff, maybe?"
4536,116,0,0,41,41,1.0,0.02469323991623974,600,Amazing...They can communicate without talking!
4280,116,0,0,41,41,1.0,0.02469323991623974,600,I think she wants to sniff our buts
2451,116,0,0,41,41,1.0,0.02469323991623974,600,"""beam me up Scotty"" They took us literally!"
2221,116,0,0,41,41,1.0,0.02469323991623974,600,"What do you mean, go for a walk?"
5812,116,0,0,25,25,1.0,0.040824829046386304,600,"Now that you've been rescued, it's time for your vaccinations."
5707,116,0,0,25,25,1.0,0.040824829046386304,600,You flew all this way just to get a pet for your kid?
4862,116,0,0,25,25,1.0,0.040824829046386304,600,He says he won’t take us to his leader without a treat first.
3680,116,0,0,25,25,1.0,0.040824829046386304,600,"Sorry Snorzaxxx , I found a new best friend ."
2580,116,0,0,25,25,1.0,0.040824829046386304,600,"""Woof, woof"" means ""Let's have sex"" if our language....Oh, the same for yours!"
4196,116,0,0,34,34,1.0,0.029854071701326604,600,Yeht evah ynam s'DOG
5342,116,0,0,22,22,1.0,0.046524210519923545,600,"Great, now if we want to keep the place clean we’re going to have to abduct a fire hydrant."
4390,116,0,0,35,35,1.0,0.028988551782622423,600,He must be the leader. The other one walks behind and cleans up its poop.
4484,116,0,0,14,14,1.0,0.07412493166611012,600,"Earthling, we do not know what you mean by a “fire hydrant”!"
956,116,0,0,22,22,1.0,0.046524210519923545,600,"It appears the Earth Rover is a good, good boy."
641,116,0,0,22,22,1.0,0.046524210519923545,600,"No, no, I said Labradoodle!"
278,116,0,0,22,22,1.0,0.046524210519923545,600,He wants to stay here. He refuses to take us to his leader.
87,116,0,0,22,22,1.0,0.046524210519923545,600,Bleep blork bloop bleek!
5666,116,0,0,34,34,1.0,0.029854071701326604,600,Are you sure it’s wxuvrz*? *edible
5550,116,0,0,34,34,1.0,0.029854071701326604,600,'I guess it's a scottie.'
4753,116,0,0,34,34,1.0,0.029854071701326604,600,I need to go out for a space walk!
4181,116,0,0,34,34,1.0,0.029854071701326604,600,Well we did search for someone smarter than the president of the United States so we can’t complain.
3474,116,0,0,34,34,1.0,0.029854071701326604,600,we trained them to walk behind us and bag our poops.
659,116,0,0,34,34,1.0,0.029854071701326604,600,"So even if we become their best friend, we still might have to run and get their slippers?"
1350,116,0,0,22,22,1.0,0.046524210519923545,600,We thought you could help direct us to the dog star
5462,116,0,0,29,29,1.0,0.03509312031717982,600,Not the Mars Rover I had in mind
4517,116,0,0,29,29,1.0,0.03509312031717982,600,He looks friendly.
4441,116,0,0,29,29,1.0,0.03509312031717982,600,"Tell him, no way. We are the ones who say 'Take me to your leader.'"
4270,116,0,0,29,29,1.0,0.03509312031717982,600,"Hopefully, this one is smarter then the two legged variety that visited last week."
3578,116,0,0,29,29,1.0,0.03509312031717982,600,"He saw our saucer, and that was it."""
3454,116,0,0,29,29,1.0,0.03509312031717982,600,This explains everything. Stephen Miller is from another alternate universe.
3366,116,0,0,29,29,1.0,0.03509312031717982,600,We want to tell you a bit about our button
3278,116,0,0,29,29,1.0,0.03509312031717982,600,It is an honour to meet “mans best friend”.
1298,116,0,0,29,29,1.0,0.03509312031717982,600,He thinks this is the Rainbow Bridge
1015,116,0,0,29,29,1.0,0.03509312031717982,600,He wanted to come for a ride.
564,116,0,0,29,29,1.0,0.03509312031717982,600,"Our copy of ""To Serve Man"" is missing and I think he ate it."
4710,116,0,0,29,29,1.0,0.03509312031717982,600,Agent Fido already has them thinking he's their best friend.
1351,116,0,0,22,22,1.0,0.046524210519923545,600,I have a feeling somebody's waking up saying 'Doggone!'
1511,116,0,0,22,22,1.0,0.046524210519923545,600,"Well obviously he's their leader, they pick up his poo."
1798,116,0,0,22,22,1.0,0.046524210519923545,600,"When we told him to take us to your leader, he just took us to some guy with a bone in his hand."
5221,116,0,0,22,22,1.0,0.046524210519923545,600,We didn't see any drool in the holo-view.
5197,116,0,0,22,22,1.0,0.046524210519923545,600,Doggone it! What is that creature?
5064,116,0,0,22,22,1.0,0.046524210519923545,600,"Wait, he may be trying to tell us something."
4863,116,0,0,22,22,1.0,0.046524210519923545,600,Tell us how your people enslaved the forked creatures.
4692,116,0,0,22,22,1.0,0.046524210519923545,600,I wonder if these people have pets???
4621,116,0,0,22,22,1.0,0.046524210519923545,600,Can we keep it? Can we?
4235,116,0,0,22,22,1.0,0.046524210519923545,600,my studies show there ecwipt with small bombs to plant around its habitat.
4058,116,0,0,22,22,1.0,0.046524210519923545,600,"We said, ""beam up Snoop Dog"" ...I think we were expecting something different."
3957,116,0,0,22,22,1.0,0.046524210519923545,600,There is no out out there!
3948,116,0,0,22,22,1.0,0.046524210519923545,600,This species seems to hold more promise than the bipeds.
3746,116,0,0,22,22,1.0,0.046524210519923545,600,"Welcome back, Agent 57! Or should I say “@realdonaldtrump?”"
3696,116,0,0,22,22,1.0,0.046524210519923545,600,Don't feed it! We will never beam it back.
3666,116,0,0,22,22,1.0,0.046524210519923545,600,Your mission on Earth was a success.
3616,116,0,0,44,44,1.0,0.022990024493585143,600,I told you not to beam up any more specimens.
3548,116,0,0,22,22,1.0,0.046524210519923545,600,Dave continues his intergalactic search for cheap therapy.
3152,116,0,0,22,22,1.0,0.046524210519923545,600,He's cute but I ordered a Labradoodle.
3098,116,0,0,22,22,1.0,0.046524210519923545,600,"Well, we did tell the computer to fetch us a specimen."
3090,116,0,0,22,22,1.0,0.046524210519923545,600,"No, sorry, I’m not a doodle."
2988,116,0,0,22,22,1.0,0.046524210519923545,600,"Well, we know his owner from the collar, but from which dimension."
2895,116,0,0,22,22,1.0,0.046524210519923545,600,"Our intelligence people said that here, everyone speaks English."
2891,116,0,0,22,22,1.0,0.046524210519923545,600,I beamed up the head of the household.
2590,116,0,0,22,22,1.0,0.046524210519923545,600,"Excellent, Garlok. You have mastered all the tests with the final quiz.....the tail wag. Your mission is to make a trail of cheeseburgers to the pick-up spot so we can capture the President Unit."
2104,116,0,0,22,22,1.0,0.046524210519923545,600,"I'm sorry, guys, but he seemed really smart and talkative on his Facebook page."
6039,116,0,0,41,41,1.0,0.02469323991623974,600,It sounded like Park! Park! Park! so we did.
5512,116,0,0,41,41,1.0,0.02469323991623974,600,I’m so glad you’re competent speakers in tail wag. I’ve got to leave my shithole planet.
3408,116,0,0,41,41,1.0,0.02469323991623974,600,That’s not a Scottie.
784,116,0,0,41,41,1.0,0.02469323991623974,600,Who’s a good boy? Who’s a good boy? Do you want a xbflazz?
3250,116,0,0,40,40,1.0,0.025318484177091666,600,"The humans call this one, ""The Good Boy."" We can learn of their morality by studying him."
5818,116,0,0,21,21,1.0,0.048795003647426664,600,When we asked you to stay we didn’t think it would be so long. Good dog.
5717,116,0,0,21,21,1.0,0.048795003647426664,600,She's saying we're acceptable because we don't come from a shithole country.
5674,116,0,0,28,28,1.0,0.036369648372665396,600,He wants to go for a W-A-L-K.
5659,116,0,0,42,42,1.0,0.024098134635593994,600,I can't remember - does a wagging tail mean it will bite me or lick me.
5643,116,0,0,14,14,1.0,0.07412493166611012,600,Definitely looks Jupiterian.
5521,116,0,0,14,14,1.0,0.07412493166611012,600,"The collar says ""Laika."""
5491,116,0,0,35,35,1.0,0.028988551782622423,600,"It's a good place. As long as you don't bite, they will give you free food and a home."
5402,116,0,0,21,21,1.0,0.048795003647426664,600,He says we took his bone
5356,116,0,0,21,21,1.0,0.048795003647426664,600,Looks delicious.
5229,116,0,0,21,21,1.0,0.048795003647426664,600,It would appear the earthlings have a far less sophisticated way of communicating than we predicted.
5167,116,0,0,21,21,1.0,0.048795003647426664,600,"The humans put extensive effort into the care and maintenance of these creatures, however they perform no useful function as far as we can determine."
5153,116,0,0,21,21,1.0,0.048795003647426664,600,"In any galaxy-no cookie, no fetch."
5062,116,0,0,14,14,1.0,0.07412493166611012,600,These earthlings have a funny way of communicating!
5018,116,0,0,14,14,1.0,0.07412493166611012,600,It's his language that's puzzling.
4962,116,0,0,14,14,1.0,0.07412493166611012,600,How about ‘roasted on a bun’?
4912,116,0,0,14,14,1.0,0.07412493166611012,600,Be careful! He has a beam of his own.
4899,116,0,0,14,14,1.0,0.07412493166611012,600,Do you think “We want to be man’s best friend” hit them wrong?
4819,116,0,0,21,21,1.0,0.048795003647426664,600,"This is promising..loyal, friendly, obedient...in other words, not just another shithole planet !"
4677,116,0,0,14,14,1.0,0.07412493166611012,600,Are you an alien?
4637,116,0,0,28,28,1.0,0.036369648372665396,600,"."" . . And notify the other agents that our invasion is imminent."""
4558,116,0,0,14,14,1.0,0.07412493166611012,600,"Finally we can mate with a female! Wait, it’s female right? Oh crap Bob, you got the wrong one."
4504,116,0,0,14,14,1.0,0.07412493166611012,600,"Your mission, #526837501: to boldly 'go' on one Earth sidewalk every rotation."
4154,116,0,0,40,40,1.0,0.025318484177091666,600,He's from the dog star.
4393,116,0,0,14,14,1.0,0.07412493166611012,600,Who wants to take the earthling on its first spacewalk?
5596,116,0,0,40,40,1.0,0.025318484177091666,600,I seem much smarter when you compare me to a human.
4089,116,0,0,33,33,1.0,0.030772872744833184,600,"Well, for us Odorians it is the most intelligent species on that planet."
5909,116,0,0,36,36,1.0,0.028171808490950554,600,"Bark Rogers, reporting for duty"
4449,116,0,0,36,36,1.0,0.028171808490950554,600,"He's known as ""good boy"" on Earth."
5908,116,0,0,19,19,1.0,0.05407380704358751,600,Welcome to “The Farm”.
5871,116,0,0,19,19,1.0,0.05407380704358751,600,Toto sent me.
5667,116,0,0,19,19,1.0,0.05407380704358751,600,"""You have a new best friend, don't you? Yes, you do!"
5610,116,0,0,19,19,1.0,0.05407380704358751,600,Scan her chip. See what planet she's from.
3661,116,0,0,19,19,1.0,0.05407380704358751,600,"No more condescending me, I'm not the one from yours."
3200,116,0,0,19,19,1.0,0.05407380704358751,600,"Because when he wags his tail, he wants to go outside."
2919,116,0,0,19,19,1.0,0.05407380704358751,600,"Muttnik, is that you?"
2646,116,0,0,19,19,1.0,0.05407380704358751,600,"We don,t look anything like him?"
2260,116,0,0,19,19,1.0,0.05407380704358751,600,"Finally, our instagrams will be able to compete with the Earthlings"
2118,116,0,0,19,19,1.0,0.05407380704358751,600,His name is Ralph. He wanted to challenge the cow who jumped over the moon.
1771,116,0,0,19,19,1.0,0.05407380704358751,600,But I'm 120 in space years.
938,116,0,0,19,19,1.0,0.05407380704358751,600,I wish fetch was an indoor command. Sit is too boring.
884,116,0,0,19,19,1.0,0.05407380704358751,600,Should we sacrifice him first then eat him or straightaway start the feast?
747,116,0,0,19,19,1.0,0.05407380704358751,600,I really tried when I was down there but they just can't learn to speak our language.
124,116,0,0,19,19,1.0,0.05407380704358751,600,I walked him this morning.
4289,116,0,0,52,52,1.0,0.019418390934515434,600,Let's see if we can get humans to touch its poop.
4241,116,0,0,26,26,1.0,0.03922322702763681,600,Hmmm...Maybe we didn't think this through.
3868,116,0,0,26,26,1.0,0.03922322702763681,600,"Ok, again. Stand up and it rises. Sit down and it lands."
3513,116,0,0,26,26,1.0,0.03922322702763681,600,"And, when we get to mars, will bring the whales and dolphins?"
5396,116,0,0,33,33,1.0,0.030772872744833184,600,Is he going to be our best friend too ?
4901,116,0,0,33,33,1.0,0.030772872744833184,600,My name is not Scottie.
3824,116,0,0,33,33,1.0,0.030772872744833184,600,No! You take me to YOUR leader!
4820,116,0,0,36,36,1.0,0.028171808490950554,600,"Permission to sniff your crotch, sir?"
3028,116,0,0,18,18,1.0,0.05716619504750295,600,"Hey there fella, where did you come from?"
4794,116,0,0,18,18,1.0,0.05716619504750295,600,Are you the good dog?
718,116,0,0,27,27,1.0,0.03774256780481986,600,"Gentlemen, our research is nearly complete. Soon we will finally know who's a good boy."
277,116,0,0,36,36,1.0,0.028171808490950554,600,We've developed a highly sophisticated and very accurate bark-decrypting device and we've been monitoring you for a while now. We know that you're the GOP puppetmaster!
57,116,0,0,36,36,1.0,0.028171808490950554,600,He says he will help us conquer the planet if we de-neuter him.
5379,116,0,0,61,61,1.0,0.016529490122682157,600,One sniff and I knew we were meant for each other.
1103,116,0,0,61,61,1.0,0.016529490122682157,600,You did it again. Forgot to beam up Sherman.
3471,116,0,0,43,43,1.0,0.023531040266750583,600,They say some humans have no tails.
599,116,0,0,43,43,1.0,0.023531040266750583,600,Who's a good being?
1412,116,0,0,34,34,1.0,0.029854071701326604,600,It seemed quite interested in licking its probe-hole. Clearly a more advanced species than those we've had thus far.
5948,116,0,0,25,25,1.0,0.040824829046386304,600,I was expecting a scottie
5047,116,0,0,25,25,1.0,0.040824829046386304,600,Want to go space walkies?
4537,116,0,0,25,25,1.0,0.040824829046386304,600,"'No, I said anybody's best friend!'"
4494,116,0,0,25,25,1.0,0.040824829046386304,600,What do your servants do with your feces?
3975,116,0,0,25,25,1.0,0.040824829046386304,600,"It's a green and blue ball. Go, fetch!"
3713,116,0,0,25,25,1.0,0.040824829046386304,600,Congratulations Commander Arf! You really trained them well.
3626,116,0,0,25,25,1.0,0.040824829046386304,600,Take me to your wisperer.
3412,116,0,0,25,25,1.0,0.040824829046386304,600,"Of course we have many questions for you, but first, we would like to know “ Whose a good boy?”"
2899,116,0,0,25,25,1.0,0.040824829046386304,600,Supreme Galaxy Commander...can we keep him?
2788,116,0,0,25,25,1.0,0.040824829046386304,600,We can’t handle unconditional love.
1932,116,0,0,25,25,1.0,0.040824829046386304,600,He followed me home. Can I probe him?
1086,116,0,0,36,36,1.0,0.028171808490950554,600,"If the TV signal was correct, his name is Brian -- but he only talks to Stewie."
1461,116,0,0,25,25,1.0,0.040824829046386304,600,"Yes, he!s dumb as a brick, but so friendly."
1616,116,0,0,27,27,1.0,0.03774256780481986,600,This is the best subject so far.
2673,116,0,0,27,27,1.0,0.03774256780481986,600,"I don't know, their president does need a friend, but this thing just seems a little too intelligent."
395,116,0,0,20,20,1.0,0.051298917604257706,600,"You have been aptly re-named and we're on the way, Pluto."
206,116,0,0,20,20,1.0,0.051298917604257706,600,He said “Beam me up Scottie” not “Beam me up a doggie.”
100,116,0,0,20,20,1.0,0.051298917604257706,600,Set a course for where? Are you Sirius?
3553,116,0,0,29,29,1.0,0.03509312031717982,600,The rumor is that they are needy.
343,116,0,0,29,29,1.0,0.03509312031717982,600,Can I keep him?
5542,116,0,0,38,38,1.0,0.02666903735313325,600,"""He says, 'Give me a treat and I'll take you to my leader'""."
5428,116,0,0,38,38,1.0,0.02666903735313325,600,It's not Pluto.
4615,116,0,0,38,38,1.0,0.02666903735313325,600,Let's go guys! It's time to go out.
2787,116,0,0,38,38,1.0,0.02666903735313325,600,“How can we be sure it’s their leader”?
1510,116,0,0,38,38,1.0,0.02666903735313325,600,"Sorry, no dogs allowed."
4547,116,0,0,47,47,1.0,0.021506619680967013,600,I heard they taste like chicken.
3763,116,0,0,56,56,1.0,0.01801874925391118,600,This must be the new probing tool from Earth.
5175,116,0,0,36,36,1.0,0.028171808490950554,600,Any idea where we can find a patch of grass?
5140,116,0,0,27,27,1.0,0.03774256780481986,600,Do you suppose everyone on this planet talks like that?
4703,116,0,0,36,36,1.0,0.028171808490950554,600,"We powered up all warp accelerators, just couldn't outrun him hightailing us out the lot."
4210,116,0,0,27,27,1.0,0.03774256780481986,600,He wants us to open a window.
3411,116,0,0,27,27,1.0,0.03774256780481986,600,"We wish to know you taught them to shelter, feed, and clean up after you, and they don’t even speak your language."
2946,116,0,0,27,27,1.0,0.03774256780481986,600,"If my theory is correct, we'll get far more information from the best friend."
2867,116,0,0,27,27,1.0,0.03774256780481986,600,. . . to boldly go where no dog has gone before!
2382,116,0,0,27,27,1.0,0.03774256780481986,600,We only use Bitecoin! Why won’t you believe me?
446,116,0,0,20,20,1.0,0.051298917604257706,600,"So we can understand where you're coming from you must utter that first 'Woof,' 'Arf,'or 'Bow-Wow.'"
798,116,0,0,25,25,1.0,0.040824829046386304,600,He's your dog. you take him out.
427,116,0,0,25,25,1.0,0.040824829046386304,600,"Yes I am in total control of these earthlings, so much that I have them pick up my poop with their hands, whenever I go."
3462,116,0,0,16,16,1.0,0.06454972243679027,600,Dog-Gone-It
3216,116,0,0,16,16,1.0,0.06454972243679027,600,No we’re not naming him Pluto.
3066,116,0,0,16,16,1.0,0.06454972243679027,600,"Aliens: After observing earth for millennia, we have deemed you the superior species. Dog: We really just stayed for the bacon."
2536,116,0,0,16,16,1.0,0.06454972243679027,600,Don't just stand there - feed me!
1914,116,0,0,16,16,1.0,0.06454972243679027,600,What happened to Scottie?
1222,116,0,0,48,48,1.0,0.021053798026662972,600,He is a member of the planet's ruling caste.
769,116,0,0,32,32,1.0,0.031750031750047626,600,"It first licks its butt, then it licks people in the mouth and the people laugh and hug. It has to be some chemical because I can't imagine any other species in the entire universe that doing that."
162,116,0,0,32,32,1.0,0.031750031750047626,600,A close encounter of the furred kind.
4083,116,0,0,55,55,1.0,0.018349396085439344,600,"""Best friend"" apparently means submissive adoration."
4503,116,0,0,46,46,1.0,0.021979349113192898,600,He seems to understand our language.
147,116,0,0,46,46,1.0,0.021979349113192898,600,How did you get them to pick up your poop?
5442,116,0,0,30,30,1.0,0.03390317518104052,600,Why are your foreheads so big?
3418,116,0,0,30,30,1.0,0.03390317518104052,600,Who forgot the pooper scooper?
3271,116,0,0,30,30,1.0,0.03390317518104052,600,The dominant species of earth. Other beings pickup their fecal matter!
3074,116,0,0,30,30,1.0,0.03390317518104052,600,"I wag. Therefore, I am."
2644,116,0,0,30,30,1.0,0.03390317518104052,600,Moon Doggie?
2541,116,0,0,30,30,1.0,0.03390317518104052,600,"Your job, Bark, is to return to earth and lick humanity. It's a dirty job."
2402,116,0,0,30,30,1.0,0.03390317518104052,600,Trump doesn't want a dog. We need a Plan B.
2359,116,0,0,30,30,1.0,0.03390317518104052,600,He says he wants to go out.
3466,116,0,0,16,16,1.0,0.06454972243679027,600,"From what I understand, he says that this planet highly prizes loyalty."
431,116,0,0,25,25,1.0,0.040824829046386304,600,"The land isn't flowing with milk and honey, but this creature is its most redeeming feature."
3875,116,0,0,16,16,1.0,0.06454972243679027,600,This is surely the dominant species. But abducting the two-legged specimens allowed for a richer conversation
4197,116,0,0,32,32,1.0,0.031750031750047626,600,Is this Doge?
40,116,0,0,25,25,1.0,0.040824829046386304,600,But enough about me. How was the show?
5036,116,0,0,41,41,1.0,0.02469323991623974,600,What shithole are you guys from?
3140,116,0,0,41,41,1.0,0.02469323991623974,600,You said you wanted Beethoven.
1949,116,0,0,41,41,1.0,0.02469323991623974,600,"We thought it wanted to come in, when it lifted it's back arm."
1299,116,0,0,41,41,1.0,0.02469323991623974,600,He wants to go outside.
360,116,0,0,41,41,1.0,0.02469323991623974,600,I beamed him up to find bed-bugs.
136,116,0,0,41,41,1.0,0.02469323991623974,600,It helps keep track of how many steps I take
1509,116,0,0,57,57,1.0,0.01769980813511972,600,"Pilot episode for ""Lost and Spayed""."
1365,116,0,0,57,57,1.0,0.01769980813511972,600,He must be in charge; we saw the being next to him bending to pick up his poop
5912,116,0,0,16,16,1.0,0.06454972243679027,600,"Roughly translated, we’re not welcome here because we come from a shit hole of a planet."
5806,116,0,0,16,16,1.0,0.06454972243679027,600,All right. But don't expect me to be cleaning up after him.
5768,116,0,0,16,16,1.0,0.06454972243679027,600,They seem to have evolved.
5511,116,0,0,16,16,1.0,0.06454972243679027,600,I'm the top dog despite what Trump may tweet!
5176,116,0,0,16,16,1.0,0.06454972243679027,600,It's a low-tech humanoid thing. They send a canine to sniff out strangers.
5074,116,0,0,48,48,1.0,0.021053798026662972,600,Mom says it's your turn to walk the dog
5059,116,0,0,16,16,1.0,0.06454972243679027,600,It will be hard for him to learn our language.
5058,116,0,0,48,48,1.0,0.021053798026662972,600,What are you? Where are you from? Do you come in peace?
4634,116,0,0,16,16,1.0,0.06454972243679027,600,He says they've got a lot of them domesticated now.
4610,116,0,0,16,16,1.0,0.06454972243679027,600,"Enough of the""Who's a good boy......Who's a good boy!!!"""
4077,116,0,0,16,16,1.0,0.06454972243679027,600,What did we do to deserve you?
712,116,0,0,20,20,1.0,0.051298917604257706,600,"Wuff, wuff. Get data analytics here now!"
751,116,0,0,20,20,1.0,0.051298917604257706,600,"Well, the people with him said he was the ""best dog ever""."
801,116,0,0,20,20,1.0,0.051298917604257706,600,So they're always happy but haven't even invented the wheel yet?
2574,116,0,0,33,33,1.0,0.030772872744833184,600,"Very funny, Scotty... Beam me another pup, and I promise I'll send you where no man has gone before!"
2463,116,0,0,33,33,1.0,0.030772872744833184,600,Does this mean we have to file an accident report?
2262,116,0,0,22,22,1.0,0.046524210519923545,600,"""I walked her last time""."
2170,116,0,0,22,22,1.0,0.046524210519923545,600,"And who's the best boy in the whole Universe? Yes, you are. Yes, you are. There's a good boy!"
2070,116,0,0,22,22,1.0,0.046524210519923545,600,It controls humans with that twitchy thing!
1998,116,0,0,22,22,1.0,0.046524210519923545,600,I like him. He seems much more reasonable than the last earthlings we picked.
1740,116,0,0,22,22,1.0,0.046524210519923545,600,Hopefully it's potty trained.
1513,116,0,0,33,33,1.0,0.030772872744833184,600,Is this a dog or a god?
1473,116,0,0,33,33,1.0,0.030772872744833184,600,"Zork, do you want to meet his excretory requirements?"
1359,116,0,0,22,22,1.0,0.046524210519923545,600,Who is a good boy! Who is a good boy!
1255,116,0,0,33,33,1.0,0.030772872744833184,600,He certainly looks Presidential.
1109,116,0,0,33,33,1.0,0.030772872744833184,600,Her name is Sildar. She and her kind are researching Earth.
903,116,0,0,22,22,1.0,0.046524210519923545,600,"I asked him to sit, but I think he wants something."
863,116,0,0,22,22,1.0,0.046524210519923545,600,"I am Rex, the top dog on this planet. I'm sure we'll get along well. My needs are simple: regular meals and two walks every day."
740,116,0,0,33,33,1.0,0.030772872744833184,600,"Well, they appear to be a friendly race."
351,116,0,0,22,22,1.0,0.046524210519923545,600,"This human looks a little ""ruff"" around the edges."
142,116,0,0,22,22,1.0,0.046524210519923545,600,"He has a life expectancy of 10 years, so we must leave now."
920,116,0,0,42,42,1.0,0.024098134635593994,600,"We are ready to take off, Captain."
182,116,0,0,42,42,1.0,0.024098134635593994,600,"Just once I want to beam you up, Spottie."
2578,116,0,0,22,22,1.0,0.046524210519923545,600,So do you think he wants to play go fetch with the disc?
3552,116,0,0,31,31,1.0,0.032791291789197645,600,Someone needs to space walk him?
3055,116,0,0,33,33,1.0,0.030772872744833184,600,Came for the cats; leaving with the dog.
3854,116,0,0,22,22,1.0,0.046524210519923545,600,How could you guys get this wrong? All you had to do was enter three letters! This is definitely NOT a deity.
5032,116,0,0,37,37,1.0,0.02739983121755955,600,He wants to know if we’ve seen Pluto.
4528,116,0,0,37,37,1.0,0.02739983121755955,600,"It loves potato chips, has small paws, shits everywhere...let’s call it Trump."
4326,116,0,0,37,37,1.0,0.02739983121755955,600,Would Trump call him dark or white meat?
3311,116,0,0,37,37,1.0,0.02739983121755955,600,"On the Internet, we didn't know you were a dog."
2370,116,0,0,37,37,1.0,0.02739983121755955,600,It's the dominant species of the planet.
1562,116,0,0,37,37,1.0,0.02739983121755955,600,This is the first earthling I have seen eager for an anal probe.
2856,116,0,0,48,48,1.0,0.021053798026662972,600,"On my, was it just to be light hors d'oeuvres?"
2400,116,0,0,48,48,1.0,0.021053798026662972,600,"No, for the last time, I cannot convert ""light years"" into ""dog years."""
59,116,0,0,48,48,1.0,0.021053798026662972,600,Somehow it seems to know that we're from Planet Woof.
5936,116,0,0,22,22,1.0,0.046524210519923545,600,Hey Astro! Want to see Pluto?
5934,116,0,0,22,22,1.0,0.046524210519923545,600,Is there no conditional love to be found in this universe?
5844,116,0,0,22,22,1.0,0.046524210519923545,600,...and I'm taking this Rover to search for Spot.
5383,116,0,0,22,22,1.0,0.046524210519923545,600,What exactly is this fire hydrant that you keep desperately referring to?
5339,116,0,0,44,44,1.0,0.022990024493585143,600,"You see Zorg, it’s take us to your LEADER, not breeder!"
5261,116,0,0,22,22,1.0,0.046524210519923545,600,"Yes, we know you're Earth's highest life form, and yes, you may have a biscuit"
4999,116,0,0,44,44,1.0,0.022990024493585143,600,"""We're training him to 'hold it' until we're over the capital."
4698,116,0,0,22,22,1.0,0.046524210519923545,600,Do you think we should just re-program its brain and make it their new leader?
4604,116,0,0,33,33,1.0,0.030772872744833184,600,Our captain thanks you for the generous gift you left on the flight deck.
4190,116,0,0,22,22,1.0,0.046524210519923545,600,Can I sleep in your bed?
3305,116,0,0,33,33,1.0,0.030772872744833184,600,"We said to beam up Scotty, not Spotty."
1901,116,0,0,31,31,1.0,0.032791291789197645,600,"We’re pangender, so please keep that in mind when considering a best friend."
780,116,0,0,31,31,1.0,0.032791291789197645,600,You seem a lot smarter and less outspoken than that creature we brought up from that big white house.
4566,116,0,0,51,51,1.0,0.019802950859533486,600,Is this the space shithole?
3332,116,0,0,20,20,1.0,0.051298917604257706,600,The Earthlings no longer recognize you so we're taking you home Pluto.
3324,116,0,0,20,20,1.0,0.051298917604257706,600,"Yes, your majesty, we'll be at the SPCA to free your wife within the hour."
3160,116,0,0,20,20,1.0,0.051298917604257706,600,"Besides feeding you, petting you and taking you for walks, you actually got your human to pick up your poop. Good work."
3069,116,0,0,20,20,1.0,0.051298917604257706,600,They’re a lot smarter than we thought
2999,116,0,0,20,20,1.0,0.051298917604257706,600,Understand it won't be easy to be recognized as the alien's best friend.
2998,116,0,0,20,20,1.0,0.051298917604257706,600,Just don't say W-A-L-K!
2620,116,0,0,20,20,1.0,0.051298917604257706,600,"They've trained humans to feed them, bathe them, take them out on regular scheduled walks. Even to housebreak them. Sounds like a superior life form to me."
2497,116,0,0,20,20,1.0,0.051298917604257706,600,Dogs are the ruling class on Planet Earth. Human slaves actually scoop up their poop.
2335,116,0,0,20,20,1.0,0.051298917604257706,600,The real reason dogs bark int he middle of the nighe
2218,116,0,0,40,40,1.0,0.025318484177091666,600,Better beam up a human to handle his excrement.
2206,116,0,0,20,20,1.0,0.051298917604257706,600,"This is what showed up when I said, ""Beam me up, Scotty!"""
1931,116,0,0,20,20,1.0,0.051298917604257706,600,he's fat enough to be president trump. but that cannot be -- he's a pig.
1826,116,0,0,20,20,1.0,0.051298917604257706,600,I agree. She's a very good test subject. Yes you is! Yes she is!
1715,116,0,0,20,20,1.0,0.051298917604257706,600,I know what he answers to. Are you sure it's the right Trump?
1577,116,0,0,20,20,1.0,0.051298917604257706,600,"Isn't it""Beam me up Scottie', not ""Beam ScottieUp'?"
1381,116,0,0,20,20,1.0,0.051298917604257706,600,Enough already with the tail-wagging - kvetch !
1177,116,0,0,20,20,1.0,0.051298917604257706,600,This service dog claims he can guide the master vessel
1044,116,0,0,20,20,1.0,0.051298917604257706,600,3.14159...
887,116,0,0,20,20,1.0,0.051298917604257706,600,He just met us and he loves us.
3505,116,0,0,40,40,1.0,0.025318484177091666,600,Dog is God backwards. You got the wrong deity.
3789,116,0,0,20,20,1.0,0.051298917604257706,600,Their Master’s Noise
3869,116,0,0,20,20,1.0,0.051298917604257706,600,"Hello, we're your best friend's enemies."
4028,116,0,0,20,20,1.0,0.051298917604257706,600,Are we still friends?
5856,116,0,0,20,20,1.0,0.051298917604257706,600,This looks like a lab. I asked them to beam me up a Scottie.
5559,116,0,0,20,20,1.0,0.051298917604257706,600,It seems to communicate through its tail
5485,116,0,0,20,20,1.0,0.051298917604257706,600,"I forgot his official vest, but he really is my emotional support dog!"
5347,116,0,0,20,20,1.0,0.051298917604257706,600,#~**_# /~~# WOOF
5293,116,0,0,20,20,1.0,0.051298917604257706,600,"The little one with the whiskers was too quick, but we think we got the vice-president"
5292,116,0,0,20,20,1.0,0.051298917604257706,600,Don’t send me down there in this silly disguise and only a one bow wow vocabulary
5266,116,0,0,20,20,1.0,0.051298917604257706,600,We may have been wrong in thinking he was their leader.
5217,116,0,0,20,20,1.0,0.051298917604257706,600,Trust me--He's going to make abductions unnecessary.
5185,116,0,0,20,20,1.0,0.051298917604257706,600,And what shithole planet are you guys from?
821,116,0,0,30,30,1.0,0.03390317518104052,600,"So you didn't fetch the ball, then."
5183,116,0,0,20,20,1.0,0.051298917604257706,600,"If that is a human, he's his own best friend."
4971,116,0,0,20,20,1.0,0.051298917604257706,600,Congratulations! You have the most views of any creature in the galaxy.
4949,116,0,0,20,20,1.0,0.051298917604257706,600,Should we take him for a space walk?
4849,116,0,0,20,20,1.0,0.051298917604257706,600,Walkies!
4838,116,0,0,40,40,1.0,0.025318484177091666,600,"No, Fido, shooting in the hole is neither conceptual art nor political protest!"
4662,116,0,0,20,20,1.0,0.051298917604257706,600,It sounds like the creature is saying “ Astro “
4473,116,0,0,20,20,1.0,0.051298917604257706,600,When I said I wanted a petite blonde companion this isn't what I had in mind.
4212,116,0,0,20,20,1.0,0.051298917604257706,600,Amazon really does delivery everywhere these days..
4191,116,0,0,20,20,1.0,0.051298917604257706,600,It doesn't seem very impressed by our technology. Must be an advanced life form.
4103,116,0,0,20,20,1.0,0.051298917604257706,600,"I just think he really, really needs to go out."
5037,116,0,0,20,20,1.0,0.051298917604257706,600,Will you have a bitch for me?
5923,116,0,0,50,50,1.0,0.020203050891044214,600,"'We wanted the fire hydrant, not this?!"
11,116,0,0,30,30,1.0,0.03390317518104052,600,"Unfortunately, there won't be help with attachment issues for thousands of years."
5963,116,0,0,37,37,1.0,0.02739983121755955,600,Is this Scotty?
2831,116,0,0,19,19,1.0,0.05407380704358751,600,But why would they pick up his poop if he wasn't a superior life form?
2741,116,0,0,19,19,1.0,0.05407380704358751,600,"According to our computers, this is the highest form of intelligence detected around 1600 Pennsylvania Ave."
2688,116,0,0,19,19,1.0,0.05407380704358751,600,Shall we bow down or just bow wow?
2602,116,0,0,19,19,1.0,0.05407380704358751,600,This is the Frisbee's revenge.
2531,116,0,0,19,19,1.0,0.05407380704358751,600,Try another planet. This one's gone to the dogs.
2449,116,0,0,19,19,1.0,0.05407380704358751,600,Followed me home. Can we keep her?
2441,116,0,0,19,19,1.0,0.05407380704358751,600,This species was featured prominently in their leader's tweets.
2413,116,0,0,19,19,1.0,0.05407380704358751,600,At least he not a tribble.
2324,116,0,0,19,19,1.0,0.05407380704358751,600,"""From what I have observed from the earthlings - the reason why this animal is so popular it wags its tail instead of its tongue""..."
2301,116,0,0,19,19,1.0,0.05407380704358751,600,Oh my! Xandor's in the well?
2203,116,0,0,19,19,1.0,0.05407380704358751,600,"He wants something called a ""dog biscuit""."
2189,116,0,0,19,19,1.0,0.05407380704358751,600,I'm not taking him out!
2158,116,0,0,19,19,1.0,0.05407380704358751,600,"No! I said, wean my pup while I go potty, not, beam me up Scotty!"
2033,116,0,0,19,19,1.0,0.05407380704358751,600,This is “ the most intelligent life”? He doesn’t even have opposable thumbs?
1978,116,0,0,19,19,1.0,0.05407380704358751,600,You idiot! I told you to teleport Trog.
1888,116,0,0,19,19,1.0,0.05407380704358751,600,Thank God it's canine. The primates on that other planet were assholes.
1869,116,0,0,19,19,1.0,0.05407380704358751,600,I am your leader now and it’s your turn to get neutered.
1850,116,0,0,19,19,1.0,0.05407380704358751,600,"How does a species of your spirit, wisdom, and intelligence put up with those ghastly earthlings, anyway?"
1792,116,0,0,19,19,1.0,0.05407380704358751,600,Take me to my leader
2921,116,0,0,19,19,1.0,0.05407380704358751,600,Excellent! Our copilot has arrived.
1758,116,0,0,19,19,1.0,0.05407380704358751,600,There's a bipedal species that these guys have trained as slaves! The bipeds WASH them. They FEED them. They even clean up their excrement!
3002,116,0,0,19,19,1.0,0.05407380704358751,600,It must be a higher level being. Its blood alcohol level is zero.
3036,116,0,0,19,19,1.0,0.05407380704358751,600,But the cat said you wanted to leave with us.
4215,116,0,0,19,19,1.0,0.05407380704358751,600,"Cabin scanners detect methane with trace amounts of sulphur. XYGLPH, was that you?"
4124,116,0,0,19,19,1.0,0.05407380704358751,600,Now we have mutual friends.
4039,116,0,0,19,19,1.0,0.05407380704358751,600,Hey it worked - we beamed up a Scottie!
4019,116,0,0,19,19,1.0,0.05407380704358751,600,We found him on that sh*thole planet
3993,116,0,0,19,19,1.0,0.05407380704358751,600,"As soon as we get home, I promise I’ll take you for a long walk."
3937,116,0,0,19,19,1.0,0.05407380704358751,600,bark twice if you want to defect.
3766,116,0,0,19,19,1.0,0.05407380704358751,600,It can't be a dog. All the dogs we've seen drink and tell jokes.
3699,116,0,0,19,19,1.0,0.05407380704358751,600,It was the only intelligent animal left on that planet.
3618,116,0,0,19,19,1.0,0.05407380704358751,600,"Whatever this 'butt' he's asking about is, it's the key to everything."
3566,116,0,0,19,19,1.0,0.05407380704358751,600,He says he's God but he might also be dyslexic.
3452,116,0,0,19,19,1.0,0.05407380704358751,600,Can you introduce us to Brian Griffin?
3381,116,0,0,19,19,1.0,0.05407380704358751,600,Hmmmm. So earthlings are more intelligent than we thought.
3328,116,0,0,19,19,1.0,0.05407380704358751,600,We hear you're their best friend. What can you tell us?
3312,116,0,0,19,19,1.0,0.05407380704358751,600,He does that every time I mention a treaty
3302,116,0,0,19,19,1.0,0.05407380704358751,600,Definitely the dominant species. You should see his servant hurrying to pick up his poop!
3292,116,0,0,19,19,1.0,0.05407380704358751,600,Did he just say he wants to flea?
3261,116,0,0,19,19,1.0,0.05407380704358751,600,"We came as soon as we got your message, Lassie."
3240,116,0,0,19,19,1.0,0.05407380704358751,600,"Are you sure he has influence on Earth? "" ""Yes, it's got over 1 million followers."
3227,116,0,0,19,19,1.0,0.05407380704358751,600,Just an FYI from past experience - if it raises it’s hind leg...run.
3027,116,0,0,19,19,1.0,0.05407380704358751,600,How in the universe did you get them to pick up your poop?
4231,116,0,0,19,19,1.0,0.05407380704358751,600,"Actually, we were hoping you'd fetch us some of that good new Beaujolais."
1748,116,0,0,19,19,1.0,0.05407380704358751,600,What else can they do besides pick up your poop?
1635,116,0,0,38,38,1.0,0.02666903735313325,600,Our long mission is over. We finally found the Good Boy we've been looking for.
516,116,0,0,19,19,1.0,0.05407380704358751,600,The bipeds were preserving its waste. It must be their leader!
477,116,0,0,19,19,1.0,0.05407380704358751,600,I saw him in the window and I just had to have him.
475,116,0,0,19,19,1.0,0.05407380704358751,600,He'll be fine as long as he doesn't stick his head out the window.
474,116,0,0,19,19,1.0,0.05407380704358751,600,"gentlemen, please, the correct nomenclature – and, again, I say this only for the purposes of science – is botch"
451,116,0,0,19,19,1.0,0.05407380704358751,600,Takes us to your Vet !
408,116,0,0,19,19,1.0,0.05407380704358751,600,It's your turn to take him for a walk.
387,116,0,0,19,19,1.0,0.05407380704358751,600,Happens every time we're in Canis Major.
230,116,0,0,19,19,1.0,0.05407380704358751,600,Who's turn is it to walk him?
129,116,0,0,19,19,1.0,0.05407380704358751,600,I think it's morse code for I want to go out for a walk
125,116,0,0,19,19,1.0,0.05407380704358751,600,"I am Woof, He is Grrrr. For whom do you wish to communicate with?"
5951,116,0,0,31,31,1.0,0.032791291789197645,600,This must be the universal language on earth.
3379,116,0,0,31,31,1.0,0.032791291789197645,600,His language is advanced.
1675,116,0,0,62,62,1.0,0.016260700012185932,600,"We've translated the barking, but we don't know what it means. He's saying ""Walkies."
1401,116,0,0,31,31,1.0,0.032791291789197645,600,Where's you god now Earth?
1396,116,0,0,31,31,1.0,0.032791291789197645,600,When we beam you back you must tell them we come in peace
862,116,0,0,31,31,1.0,0.032791291789197645,600,How do you get the humans to clean up after you go to the bathroom? Do you hypnotize them with your tails?
0,116,0,0,31,31,1.0,0.032791291789197645,600,What’s domesticated?
5258,116,0,0,55,55,1.0,0.018349396085439344,600,Who could ever suspect a face like that?
3593,116,0,0,55,55,1.0,0.018349396085439344,600,Do you lift your leg too?
534,116,0,0,19,19,1.0,0.05407380704358751,600,Study it carefully. This species has humans providing it food and worshipping its droppings.
1694,116,0,0,19,19,1.0,0.05407380704358751,600,"Run the word ""woof"" thru the intergalactic translator, but I'm telling you know, I don't like the sound of it."
541,116,0,0,19,19,1.0,0.05407380704358751,600,"One of the more interesting species we have found. As a sign of their dominance, they train apes to carry their feces around in small bags."
630,116,0,0,19,19,1.0,0.05407380704358751,600,There is no heaven. Tell your people.
1615,116,0,0,19,19,1.0,0.05407380704358751,600,"I'm sorry but ""Space, the Fido Frontier"" just makes no sense."
1578,116,0,0,19,19,1.0,0.05407380704358751,600,"Dog? Dog, dog! Dog dog dog dogdogdogdogodgodgoddgodgodgodgodgodgodgdog!"
1442,116,0,0,19,19,1.0,0.05407380704358751,600,Beam me up Sparky
1407,116,0,0,19,19,1.0,0.05407380704358751,600,We rescued him from the K-9 system.
1291,116,0,0,19,19,1.0,0.05407380704358751,600,There's nothing here to wag about
1158,116,0,0,19,19,1.0,0.05407380704358751,600,Unbelievable. He stays even when molecularized for travel.
1092,116,0,0,19,19,1.0,0.05407380704358751,600,"Watch this! 'Who's a good little Earthling? Oh, who's a good little Earthling?'"
1082,116,0,0,19,19,1.0,0.05407380704358751,600,Weirdest planet yet... strange inhabitants speak a primitive language. Central command cannot decipher 'bow wow' and 'bark bark' and has ordered us to return to base with another specimen.
1061,116,0,0,19,19,1.0,0.05407380704358751,600,I thought we were transporting the dominant species only. I guess we'll have to exchange those frozen pizzas for Milkbones.
994,116,0,0,19,19,1.0,0.05407380704358751,600,"Finally, a sign of intelligence from Earth."
971,116,0,0,19,19,1.0,0.05407380704358751,600,Certainly the friendliest species on the planet.
970,116,0,0,19,19,1.0,0.05407380704358751,600,"Different; but finally a planet with a friendly, intelligent species."
967,116,0,0,19,19,1.0,0.05407380704358751,600,I think he needs to go to the bathroom.
925,116,0,0,19,19,1.0,0.05407380704358751,600,"Okay Elon, your bone is buried somewhere under L.A. Go find it, boy!"
871,116,0,0,19,19,1.0,0.05407380704358751,600,The internal microchip means they are superior to humans.
843,116,0,0,19,19,1.0,0.05407380704358751,600,He wants us to take to T’Bonz!
795,116,0,0,19,19,1.0,0.05407380704358751,600,"Whew, that's better... remember that time Zark beamed up a lion?"
733,116,0,0,19,19,1.0,0.05407380704358751,600,It looks friendly. Do you think we can breed with this new species?
635,116,0,0,19,19,1.0,0.05407380704358751,600,Welcome to the dog days of abduction.
620,116,0,0,19,19,1.0,0.05407380704358751,600,A perfect specimen of how to train humans: First he sits. Then they give him food.
4266,116,0,0,19,19,1.0,0.05407380704358751,600,"I am sure that he's the superior being. The other one follows hime wherever he goes, picks up his waste, and then keeps it in a special bag!"
4267,116,0,0,19,19,1.0,0.05407380704358751,600,I should have been more specific when I asked you to bring back a king.
4363,116,0,0,19,19,1.0,0.05407380704358751,600,"Well, we were seeking intelligent life on earth,"
1528,116,0,0,49,49,1.0,0.020619652471058063,600,"""Let's see if he can be spaceman's best friend""."
1238,116,0,0,35,35,1.0,0.028988551782622423,600,"STAY. Dog gone it, you can't go where I go."
846,116,0,0,21,21,1.0,0.048795003647426664,600,Wow - they’re so sweet! Our fantasies of them as cruel power hungry beings were all in our imaginations!
841,116,0,0,21,21,1.0,0.048795003647426664,600,He's thinking about a stick. What's a stick?
476,116,0,0,21,21,1.0,0.048795003647426664,600,Its some type of code.
465,116,0,0,21,21,1.0,0.048795003647426664,600,I swear you said 'Beam me a pup'.
311,116,0,0,21,21,1.0,0.048795003647426664,600,I wonder why he wants us to land on the neighbor's lawn.
178,116,0,0,21,21,1.0,0.048795003647426664,600,"Ha, save your energy, earthling! I assure you, thanks to our superior signal scrambling technology, your continued attempts to reposition your posterior antenna to receive a transmission will continue to be futile!"
2235,116,0,0,54,54,1.0,0.018692405136401476,600,"He says his species is served by an order of malodorous bipeds who exist to shelter, feed, bathe, entertain, and clean up after his kind."
247,116,0,0,54,54,1.0,0.018692405136401476,600,"Finally, proof of evolution."
5942,116,0,0,47,47,1.0,0.021506619680967013,600,Riley to Scottie...beam me up
5085,116,0,0,40,40,1.0,0.025318484177091666,600,"Zork, you must remember at all times your good boy cover identity."
4544,116,0,0,40,40,1.0,0.025318484177091666,600,I’m here to tell you about down below.
3503,116,0,0,40,40,1.0,0.025318484177091666,600,"We observed the humanoids carrying his excrement, making him the dominant species."
2406,116,0,0,40,40,1.0,0.025318484177091666,600,"I'm confused...now is this the dog, or the dawg?"
2256,116,0,0,40,40,1.0,0.025318484177091666,600,I communicated that we lost sight of Pluto.
1445,116,0,0,40,40,1.0,0.025318484177091666,600,"Sorry, but we have a strict non-interference policy."
4666,116,0,0,59,59,1.0,0.017094641498783945,600,No evidence of resistance confirmed. Beam him down.
3900,116,0,0,59,59,1.0,0.017094641498783945,600,"Apparently, it's name is ""Woof"" and it defends itself with a foul smelling liquid."
1859,116,0,0,35,35,1.0,0.028988551782622423,600,We’ve brought you here because your kind is obviously in charge of Planet Earth.
5378,116,0,0,26,26,1.0,0.03922322702763681,600,"Really, he followed me home."
2211,116,0,0,21,21,1.0,0.048795003647426664,600,The good news is our Rover’s finally here.
2842,116,0,0,21,21,1.0,0.048795003647426664,600,Can we go out and play fetch?
5315,116,0,0,37,37,1.0,0.02739983121755955,600,Is that you Kirk?
3619,116,0,0,44,44,1.0,0.022990024493585143,600,Maybe there are stable geniuses down there.
6027,116,0,0,21,21,1.0,0.048795003647426664,600,They can't talk; but they're cuddly and less troublesome.
5619,116,0,0,21,21,1.0,0.048795003647426664,600,We can all be friends but I can only have 1 master.
5399,116,0,0,56,56,1.0,0.01801874925391118,600,"I'm just a dog, not my fault"
5306,116,0,0,21,21,1.0,0.048795003647426664,600,He makes sense to me. Let's turn around and go home.
4923,116,0,0,21,21,1.0,0.048795003647426664,600,I thought I told you to beam me a Scottie
4699,116,0,0,21,21,1.0,0.048795003647426664,600,I thought I told you to get the Mars Rover!
4606,116,0,0,21,21,1.0,0.048795003647426664,600,Don't move out of that circle. We have no pooper-scoopers on board.
4543,116,0,0,42,42,1.0,0.024098134635593994,600,He must be the top dog. We saw him walking those two-footed creatures.
4359,116,0,0,21,21,1.0,0.048795003647426664,600,"Great, now we have a dog in this hunt!"
4260,116,0,0,21,21,1.0,0.048795003647426664,600,"Shall we call it a god, a odg, a ogd?"
4204,116,0,0,35,35,1.0,0.028988551782622423,600,Take me to your pack leader!
3664,116,0,0,21,21,1.0,0.048795003647426664,600,""" Take me to your breeder"" is all he keeps saying!"
3495,116,0,0,21,21,1.0,0.048795003647426664,600,"Well it was a choice between the wife and the dog, and I'm very fond of the dog."
3369,116,0,0,21,21,1.0,0.048795003647426664,600,"OK, we know his bark is worse than his bite. What else do we know?"
3359,116,0,0,21,21,1.0,0.048795003647426664,600,I can only afford to keep one of you.
2995,116,0,0,21,21,1.0,0.048795003647426664,600,"Scott, I swear I heard you say, ""Beam me up a doggy."""
2966,116,0,0,21,21,1.0,0.048795003647426664,600,"So we’re agreed - we send these little guys down first to soften them up, then in 15,000 years we strike!"
2596,116,0,0,35,35,1.0,0.028988551782622423,600,"Is it me, or do they all look alike?"
5023,116,0,0,26,26,1.0,0.03922322702763681,600,Finally intelligent signs of life on Earth!
4445,116,0,0,26,26,1.0,0.03922322702763681,600,"What do you mean, it followed you up the transporter beam?"
3723,116,0,0,26,26,1.0,0.03922322702763681,600,It was the most intelligent life we could find.
5271,116,0,0,19,19,1.0,0.05407380704358751,600,"You're communicating ""outside"". Oh."
5268,116,0,0,19,19,1.0,0.05407380704358751,600,"Teach us what a 'walk' is, and then we'll see."
5228,116,0,0,19,19,1.0,0.05407380704358751,600,He says he wants to be rescued from his sh*thole country
5120,116,0,0,19,19,1.0,0.05407380704358751,600,This is their best friend?
5090,116,0,0,19,19,1.0,0.05407380704358751,600,"That was G-O-D, not D-O-G, earthling! Can't you follow a simple command?"
4953,116,0,0,19,19,1.0,0.05407380704358751,600,"""Who's a good krnslgxkb?'"
4951,116,0,0,19,19,1.0,0.05407380704358751,600,Should we send him bark in time?
4916,116,0,0,19,19,1.0,0.05407380704358751,600,He says he's originally from Canus Major.
4915,116,0,0,19,19,1.0,0.05407380704358751,600,Which shithole country are you from?
4809,116,0,0,19,19,1.0,0.05407380704358751,600,"Tell us, how do you control so many to do your bidding?"
4767,116,0,0,19,19,1.0,0.05407380704358751,600,Dog. God spelled backwards.
4641,116,0,0,19,19,1.0,0.05407380704358751,600,You are em-barking on a new adventure!
4639,116,0,0,19,19,1.0,0.05407380704358751,600,"I come in peace. My name is ‘Fido’ Jetson. I am a direct descendent of ‘Astro’ Jetson. I’m here as a beneficiary of my great-great-great-great-great granddog, ‘Astro’ Jetson, named as the benefactor to dig up a bone he buried some 50 years ago."
4600,116,0,0,19,19,1.0,0.05407380704358751,600,Can't give you my serial #. It's embedded and encrypted.
4513,116,0,0,19,19,1.0,0.05407380704358751,600,"Beam him up, Spotty."
4469,116,0,0,19,19,1.0,0.05407380704358751,600,"I'm doing a mind meld sir, and it appears he is enquiring if we have any bones."
4450,116,0,0,19,19,1.0,0.05407380704358751,600,"Beam him up already, he's got to pee!"
4444,116,0,0,19,19,1.0,0.05407380704358751,600,"This is the species that leads humans by a leash, whose droppings the humans collect, and who is called, ""Man's best friend."" Our quest for intelligent life is done."
4373,116,0,0,19,19,1.0,0.05407380704358751,600,This earthling beamed up is wondrously friendly. But how in the world did they build those space rockets we've seen?
5279,116,0,0,19,19,1.0,0.05407380704358751,600,"It's a cute souvenir, alright, but do you think it's worth the journey?"
5460,116,0,0,19,19,1.0,0.05407380704358751,600,It must be Earth's ruler. It eats feces then licks the faces of humanoids.
5530,116,0,0,19,19,1.0,0.05407380704358751,600,No doubt an example of earth's top life form.
5544,116,0,0,19,19,1.0,0.05407380704358751,600,He followed an astronaut home and got lost in space.
3591,116,0,0,26,26,1.0,0.03922322702763681,600,Tell us how you made the humans your willing servants.
3353,116,0,0,26,26,1.0,0.03922322702763681,600,We teleported the happiest subject on Earth.
3244,116,0,0,26,26,1.0,0.03922322702763681,600,It only appears that I am the leader because they pick up my poop.
3196,116,0,0,26,26,1.0,0.03922322702763681,600,Do you have fleas?
2518,116,0,0,26,26,1.0,0.03922322702763681,600,You left the pooper scooper on the other ship?
2510,116,0,0,26,26,1.0,0.03922322702763681,600,He’s much nicer than the last earthling we picked up.
2180,116,0,0,26,26,1.0,0.03922322702763681,600,She forgot to bring my slippers.
1986,116,0,0,26,26,1.0,0.03922322702763681,600,I told you they wouldn`t look like us
1224,116,0,0,26,26,1.0,0.03922322702763681,600,"Don’t worry, Mars already has one Rover."
8,116,0,0,30,30,1.0,0.03390317518104052,600,"The sign said "" Leader Dog ""."
844,116,0,0,26,26,1.0,0.03922322702763681,600,What happened to Jim?!
592,116,0,0,45,45,1.0,0.022473328748774737,600,"I’m not sure what it is, but I think I’m allergic to it."
485,116,0,0,45,45,1.0,0.022473328748774737,600,Ugh. I'm pretty sure we're all out of plastic bags
5943,116,0,0,19,19,1.0,0.05407380704358751,600,Speak!...Speak!
5929,116,0,0,19,19,1.0,0.05407380704358751,600,"Beam him back to the blue planet, he won't be happy here till the back window is rolled down."
5887,116,0,0,19,19,1.0,0.05407380704358751,600,"So be friendly, but don't make conversation."
5689,116,0,0,19,19,1.0,0.05407380704358751,600,I fear it wants to go outside.
5599,116,0,0,19,19,1.0,0.05407380704358751,600,The humans call it a Good Boy.
5568,116,0,0,19,19,1.0,0.05407380704358751,600,"Finally, proof of intelligent life."
5554,116,0,0,19,19,1.0,0.05407380704358751,600,Our first rescue dog. He was barking up the wrong tree!
1925,116,0,0,45,45,1.0,0.022473328748774737,600,Speak!...Speak!
25,116,0,0,39,39,1.0,0.025976216673306556,600,Interesting communicator appendage...
378,116,0,0,39,39,1.0,0.025976216673306556,600,Fetch your leader
379,116,0,0,52,52,1.0,0.019418390934515434,600,"The humans have their best hidden in obscurity. Unlike the leader of the free world, when he lifts his leg he doesn’t say a word."
896,116,0,0,36,36,1.0,0.028171808490950554,600,What do you mean you want one of to come with you with some plastic bags?
785,116,0,0,16,16,1.0,0.06454972243679027,600,I'm sure he must be their leader. Why else would the other Earthlings stoop low and pick up his poo?
748,116,0,0,22,22,1.0,0.046524210519923545,600,"The humans still think we are loyal to them. Ha, ha, ha!"
721,116,0,0,16,16,1.0,0.06454972243679027,600,"Alright fellas, let's snoop around."
689,116,0,0,30,30,1.0,0.03390317518104052,600,They didn't tell me I was going to get three therapy primates!
665,116,0,0,22,22,1.0,0.046524210519923545,600,He looks like excess baggage to me.
647,116,0,0,16,16,1.0,0.06454972243679027,600,We set the protocol to abduct the best of humanity.
626,116,0,0,16,16,1.0,0.06454972243679027,600,"They'll grow back but the next time we experiment on a dog, we should wear pants."
574,116,0,0,16,16,1.0,0.06454972243679027,600,I believe it means he wishes to do some extra-vehicular activity.
570,116,0,0,16,16,1.0,0.06454972243679027,600,His probe-swatting appendage is problematic.
546,116,0,0,30,30,1.0,0.03390317518104052,600,"Sorry, milk bones are a terrestial product."
542,116,0,0,46,46,1.0,0.021979349113192898,600,"Infiltrate their society. If you're successful, we can always send more."
517,116,0,0,46,46,1.0,0.021979349113192898,600,I'm in the market for a new best friend.
509,116,0,0,34,34,1.0,0.029854071701326604,600,I told them he's my emotional support earthling.
489,116,0,0,24,24,1.0,0.04256282653793743,600,It's your turn to take him out.
460,116,0,0,22,22,1.0,0.046524210519923545,600,Out of waste bags? Go to Red Alert!
393,116,0,0,30,30,1.0,0.03390317518104052,600,He wants to go outside again?
391,116,0,0,36,36,1.0,0.028171808490950554,600,"'Ah yes, it is just how we pictured it. A human being."""
350,116,0,0,30,30,1.0,0.03390317518104052,600,Maybe we should look for his best friend.
932,116,0,0,16,16,1.0,0.06454972243679027,600,"We suspected that earthlings would be docile, but this is incomprehensible."
342,116,0,0,16,16,1.0,0.06454972243679027,600,"Does the tail waggle mean ""yes"" or ""no""?"
943,116,0,0,16,16,1.0,0.06454972243679027,600,Our leader is a Rottweiler in Massachusetts. You really don't want me to take you.
978,116,0,0,34,34,1.0,0.029854071701326604,600,The earthlings are such good boys.
1751,116,0,0,18,18,1.0,0.05716619504750295,600,They think they’re the smart ones.
1607,116,0,0,16,16,1.0,0.06454972243679027,600,Can you recommend a species that will pick up poop?
1595,116,0,0,16,16,1.0,0.06454972243679027,600,Yeah...but we don't get why he's your best friend.
1554,116,0,0,16,16,1.0,0.06454972243679027,600,"I just don't understand it. He keeps telepathically relaying to me that this is the biggest ""Frisbee"" he has ever seen."
1544,116,0,0,22,22,1.0,0.046524210519923545,600,"Oh no, they've domesticated Xurthan"
1543,116,0,0,16,16,1.0,0.06454972243679027,600,So are we unanimous on the name Fido?
1539,116,0,0,18,18,1.0,0.05716619504750295,600,On my home world I own you.
1495,116,0,0,18,18,1.0,0.05716619504750295,600,He would be perfect for our crop circle agenda.
1491,116,0,0,30,30,1.0,0.03390317518104052,600,They've evolved farther than we thought.
1433,116,0,0,34,34,1.0,0.029854071701326604,600,"How did you train them? They put food and water at your feet, massage you regularly, and pick up after you outside."
1400,116,0,0,18,18,1.0,0.05716619504750295,600,Beam me a aboard Scotty not Golden Retriever.
1345,116,0,0,18,18,1.0,0.05716619504750295,600,...and it'll do anything for bacon.
1336,116,0,0,28,28,1.0,0.036369648372665396,600,It must be a mutation of the other earthly creatures.
1275,116,0,0,16,16,1.0,0.06454972243679027,600,Why did I have to eat those brownies? I have to sleep this off. we
1229,116,0,0,16,16,1.0,0.06454972243679027,600,Who's a good boy? Take us to your leader.
1181,116,0,0,38,38,1.0,0.02666903735313325,600,This is not God...it's a dog!
1173,116,0,0,22,22,1.0,0.046524210519923545,600,"At least he's not HUMPING, your leg."
1126,116,0,0,18,18,1.0,0.05716619504750295,600,I hope he has a chip so we can take him to his leaders.
1030,116,0,0,16,16,1.0,0.06454972243679027,600,"...and this one’s called a labradORDABLE, isn’t that right?!"
950,116,0,0,34,34,1.0,0.029854071701326604,600,I'm your best friend too.
1759,116,0,0,24,24,1.0,0.04256282653793743,600,So... who's going to spacewalk it?
249,116,0,0,16,16,1.0,0.06454972243679027,600,"Jeez, I'm not taking him out in this weather."
208,116,0,0,18,18,1.0,0.05716619504750295,600,Let's hope this is better than the monkey they sent last time.
140,116,0,0,39,39,1.0,0.025976216673306556,600,"Don't worry , I was told he's house trained."
5957,116,0,0,35,35,1.0,0.028988551782622423,600,What year is it?
4683,116,0,0,35,35,1.0,0.028988551782622423,600,The Earth dog thinks it's a wee-wee pad.
2409,116,0,0,35,35,1.0,0.028988551782622423,600,Your kind on earth have to pick up all we leave behind.
2242,116,0,0,35,35,1.0,0.028988551782622423,600,Can I keep Him? Please! Please!
1818,116,0,0,35,35,1.0,0.028988551782622423,600,We forgot to beam up the poop bag.
1174,116,0,0,35,35,1.0,0.028988551782622423,600,You said abduct their best friend
4675,116,0,0,33,33,1.0,0.030772872744833184,600,"I present to you the Dog, the most intelligent earthling."
572,116,0,0,33,33,1.0,0.030772872744833184,600,Tell Clive to get in here right now.
291,116,0,0,33,33,1.0,0.030772872744833184,600,This guy really beat us to the punch on the probing!
4561,116,0,0,62,62,1.0,0.016260700012185932,600,"Well, it's DNA certainly matches that sample we found by the travel path."
2482,116,0,0,31,31,1.0,0.032791291789197645,600,Who's a good specimen?
5466,116,0,0,29,29,1.0,0.03509312031717982,600,Do you think he'll retrieve our morning papers?
4549,116,0,0,29,29,1.0,0.03509312031717982,600,Nice neckline.
4379,116,0,0,29,29,1.0,0.03509312031717982,600,"Can you hold it, Boy? Just about another 5k miles to the next android rest stop."
3837,116,0,0,29,29,1.0,0.03509312031717982,600,I would stay away from that tail if I were you -- It looks like it is getting ready to fire !
3382,116,0,0,29,29,1.0,0.03509312031717982,600,Hope he does better with our electric fence than the last one
3168,116,0,0,29,29,1.0,0.03509312031717982,600,Who's a good interstellar traveler? Who's a good interstellar traveler?
2522,116,0,0,29,29,1.0,0.03509312031717982,600,He seems to be tapping out some kind of message.
2197,116,0,0,39,39,1.0,0.025976216673306556,600,"Take us to your leader... Oh, wait, it's written on his collar."
234,116,0,0,16,16,1.0,0.06454972243679027,600,Short straw has to scoop the poop
3486,116,0,0,39,39,1.0,0.025976216673306556,600,"As best as I can translate, the life-form yearns to be a good boy."
548,116,0,0,41,41,1.0,0.02469323991623974,600,We hope you can lead us to your best friend.
170,116,0,0,24,24,1.0,0.04256282653793743,600,"Guess we missed the lesson on ""Leave it""!"
110,116,0,0,16,16,1.0,0.06454972243679027,600,"Mork, you will have to go back for the tennis ball"
98,116,0,0,22,22,1.0,0.046524210519923545,600,According to our brain size scanner this creature is just as big of a genius as the leader of the United States...it was just a lot easier to lure him into our ship.
79,116,0,0,44,44,1.0,0.022990024493585143,600,This is just like that time my testicles disappeared.
58,116,0,0,16,16,1.0,0.06454972243679027,600,"What is it fella?"" ""What, Timmy's fallen in the reactor shaft?"
10,116,0,0,36,36,1.0,0.028171808490950554,600,"Don't worry, he's friendly"
5303,116,0,0,55,55,1.0,0.018349396085439344,600,He says he is man's best friend.
3932,116,0,0,51,51,1.0,0.019802950859533486,600,What's a Laika?
3557,116,0,0,51,51,1.0,0.019802950859533486,600,"Sorry commander, the bone we buried on that planet is gone"
4997,116,0,0,49,49,1.0,0.020619652471058063,600,So this is Scotty
4434,116,0,0,49,49,1.0,0.020619652471058063,600,Tell us more about your excrement pickers
3480,116,0,0,47,47,1.0,0.021506619680967013,600,"Nope, it's still snowing outside!"
3389,116,0,0,47,47,1.0,0.021506619680967013,600,I meant take us to the LABORATORY Scotty. C’mon!
3318,116,0,0,45,45,1.0,0.022473328748774737,600,She needs to go outside>
258,116,0,0,45,45,1.0,0.022473328748774737,600,"We're studying plant life on earth, not animal life. I said clover not rover!"
2187,116,0,0,43,43,1.0,0.023531040266750583,600,Remember millennia ago when we had tails? An genetalia?
5930,116,0,0,41,41,1.0,0.02469323991623974,600,Let's hope he's not a publicity hound.
5458,116,0,0,41,41,1.0,0.02469323991623974,600,I heard he was a mans best friend.
4167,116,0,0,41,41,1.0,0.02469323991623974,600,You beamed up the wrong Scottie.
4510,116,0,0,39,39,1.0,0.025976216673306556,600,"I thought you said, “bone home.”"
1781,116,0,0,18,18,1.0,0.05716619504750295,600,I’m fine but where’s my squeaky toy?
1790,116,0,0,16,16,1.0,0.06454972243679027,600,I come from Orion
1821,116,0,0,24,24,1.0,0.04256282653793743,600,"Well, this proves that earthlings are adorable and obedient."
3855,116,0,0,18,18,1.0,0.05716619504750295,600,You’ve been named best in galaxy.
3846,116,0,0,36,36,1.0,0.028171808490950554,600,"Can you be our best friend, too?"
3844,116,0,0,24,24,1.0,0.04256282653793743,600,I think we bought the wrong size dog bowl
3813,116,0,0,24,24,1.0,0.04256282653793743,600,"We assess so far that this species from planet earth communicates in a loud and brazen manner, but it expresses it's political opinion clearly with it's tail."
3800,116,0,0,16,16,1.0,0.06454972243679027,600,So how long will this trip take in dog years???
3784,116,0,0,16,16,1.0,0.06454972243679027,600,He's asking if we can drop him near Sirius.
3778,116,0,0,42,42,1.0,0.024098134635593994,600,Wait......this isn’t the Obama’s dog!
3632,116,0,0,30,30,1.0,0.03390317518104052,600,We wonder why do you chase your tail ?
3615,116,0,0,16,16,1.0,0.06454972243679027,600,Yes Rover. It's a wee wee pad.
3608,116,0,0,24,24,1.0,0.04256282653793743,600,So you're looking for Laika?
3537,116,0,0,18,18,1.0,0.05716619504750295,600,"You were just doggedly determined to get up here, weren't you?"
3529,116,0,0,16,16,1.0,0.06454972243679027,600,"No, no, no. I said, 'Beam me up a scottie.'"
3520,116,0,0,36,36,1.0,0.028171808490950554,600,"What do you mean by, ""Take me to your litter""?"
3506,116,0,0,16,16,1.0,0.06454972243679027,600,"Well, he seemed to be the most intelligent species down there."
3458,116,0,0,52,52,1.0,0.019418390934515434,600,He refuses to confess.
3439,116,0,0,36,36,1.0,0.028171808490950554,600,Good boy--now stay and howl when you see the moon.
3401,116,0,0,18,18,1.0,0.05716619504750295,600,Yes it's cute and all but we simply don't have room for another stray.
3400,116,0,0,28,28,1.0,0.036369648372665396,600,"XJar7, this is not what I meant by ""Beam one up for our lab experiments"""
3347,116,0,0,16,16,1.0,0.06454972243679027,600,"We'll have him tell them that he is mans best friend.. they'll never believe him, not a chance!.. but then before they know it- they'll adore him..he'll get all their info; all their secrets!"
3864,116,0,0,24,24,1.0,0.04256282653793743,600,"Clearly, a superior being!"
3339,116,0,0,18,18,1.0,0.05716619504750295,600,Not exactly what I had in mind when I gave the order to locate the Dog Star.
3870,116,0,0,30,30,1.0,0.03390317518104052,600,"So the ""Beam me up, Scottie"" setting is different from the ""Beam me up, Scotty"" one. Who knew?"
3899,116,0,0,16,16,1.0,0.06454972243679027,600,Cat problem solved!
4746,116,0,0,24,24,1.0,0.04256282653793743,600,Some how he always phones his way back home
4733,116,0,0,18,18,1.0,0.05716619504750295,600,Can I keep her? She was just floating around space with no owner!
4725,116,0,0,22,22,1.0,0.046524210519923545,600,Let's put something in his butt and see what happens.
4686,116,0,0,16,16,1.0,0.06454972243679027,600,"Hoping, this isn't a doggy eat dog world!"
4672,116,0,0,28,28,1.0,0.036369648372665396,600,"Finally, someone who speaks our language!"
4507,116,0,0,22,22,1.0,0.046524210519923545,600,"No, this isn't the Way-Back Machine, but we can stop at the Galactic Park if you'd like."
4497,116,0,0,16,16,1.0,0.06454972243679027,600,"We beamed up the one who had a servant picking up his poop. And people asked him to speak So, he's the boss?"
4366,116,0,0,24,24,1.0,0.04256282653793743,600,Is that a Scotty?
4349,116,0,0,42,42,1.0,0.024098134635593994,600,It's a lot closer in dog-light-years.
4232,116,0,0,30,30,1.0,0.03390317518104052,600,"Alexa, I said LUNAR rover!"
4209,116,0,0,16,16,1.0,0.06454972243679027,600,"Welcome back, Flerb. What data have you collected from the butts today?"
4143,116,0,0,24,24,1.0,0.04256282653793743,600,"And now, for my second act"
4119,116,0,0,16,16,1.0,0.06454972243679027,600,"We'll beam you up, Spottie!"
4041,116,0,0,22,22,1.0,0.046524210519923545,600,In the Arrivals Room aboard the USS Farmupstate.
3983,116,0,0,24,24,1.0,0.04256282653793743,600,Donald J. Trump @realDonaldTrump 2h 'How do I keep getting dog shit in my hair?!'
3972,116,0,0,22,22,1.0,0.046524210519923545,600,"Finally, someone who speaks our language!"
3930,116,0,0,34,34,1.0,0.029854071701326604,600,"Do you think it's civilization is so advanced that they uses, ""arf"" for all ideas and thoughts?"
3915,116,0,0,24,24,1.0,0.04256282653793743,600,"Mr. Edison, we presume."
3911,116,0,0,24,24,1.0,0.04256282653793743,600,"No, see, it only LOOKS like I'm leading. We call it ""Going for a walk."" And that collecting business with the baggies, I have no idea what that's about."
3883,116,0,0,18,18,1.0,0.05716619504750295,600,"This one's species is far more advanced than the two legged, furless one we beamed up yesterday."
3299,116,0,0,18,18,1.0,0.05716619504750295,600,Take me with you - I have to get away from Trump - I'm not a purebred.
3281,116,0,0,24,24,1.0,0.04256282653793743,600,"Wait, what? You're telling us you are not an indifferent, lazy species that uses your claws to destroy earthling furniture?"
3195,116,0,0,18,18,1.0,0.05716619504750295,600,The casting sessions for the new series of Star Trek had reached a new level of desperation.
2399,116,0,0,16,16,1.0,0.06454972243679027,600,"No, there is no limit on how many humans we can own. They make good companions, protectors and simple to house break."
2395,116,0,0,16,16,1.0,0.06454972243679027,600,This entity is an source of free streaming music
2378,116,0,0,16,16,1.0,0.06454972243679027,600,Either earthlings worship strange gods or we have dyslexic on board.
2369,116,0,0,18,18,1.0,0.05716619504750295,600,We’ve got to have a talk with our analyst.
2357,116,0,0,24,24,1.0,0.04256282653793743,600,"Told you, it's the year of the dog in the Milky Way."
2270,116,0,0,18,18,1.0,0.05716619504750295,600,"To answer your question, I'm a good boy. But you're still not probing that."
2267,116,0,0,22,22,1.0,0.046524210519923545,600,"Marv, charge up the transporter again and see if you can set it for ""dog walker."""
2254,116,0,0,18,18,1.0,0.05716619504750295,600,"Do they really eat their own in this ""dog eat dog"" world?"
2239,116,0,0,24,24,1.0,0.04256282653793743,600,He's called Pluto.
2152,116,0,0,24,24,1.0,0.04256282653793743,600,"See...""Wanna go for a ride?"" is an intergalactic expression!"
2145,116,0,0,22,22,1.0,0.046524210519923545,600,They seem very obedient and eager to please but how do they text with those paws?
2088,116,0,0,22,22,1.0,0.046524210519923545,600,Are you ready to make them believe they're likable?
2046,116,0,0,22,22,1.0,0.046524210519923545,600,"Finally, we got an intelligent one!"
2006,116,0,0,18,18,1.0,0.05716619504750295,600,I guess there is intelligent life on Earth.
1974,116,0,0,18,18,1.0,0.05716619504750295,600,"Look, I know you want to go back out again, but we've already beamed you up and down three times in the last five minutes."
1886,116,0,0,16,16,1.0,0.06454972243679027,600,"The fifth appendage definitely indicates friendship, I say give it a chance"
1874,116,0,0,16,16,1.0,0.06454972243679027,600,"It's called ""an undecided voter."""
1866,116,0,0,16,16,1.0,0.06454972243679027,600,I thought you were supposed to get one of Earth's politicians I thought this was one I read that they were all lap dogs
1827,116,0,0,22,22,1.0,0.046524210519923545,600,"I distinctly heard him say, ""Beam me up,"" not ""Beam my pup."""
2420,116,0,0,18,18,1.0,0.05716619504750295,600,Your transformation is complete. We're sending you back to the White House now.
2495,116,0,0,16,16,1.0,0.06454972243679027,600,We've decided to get you a couch.
2508,116,0,0,30,30,1.0,0.03390317518104052,600,I thought he was supposed to bring the newspaper...
2549,116,0,0,28,28,1.0,0.036369648372665396,600,"So, the term ""man's best friend"" was figurative?"
3158,116,0,0,18,18,1.0,0.05716619504750295,600,"Who said Rex meant ""king"" in their language?"
3145,116,0,0,18,18,1.0,0.05716619504750295,600,I wonder if it's saucer-trained.
3119,116,0,0,40,40,1.0,0.025318484177091666,600,Is he house trained?
3110,116,0,0,34,34,1.0,0.029854071701326604,600,"Beam me up, Scottie!"
3088,116,0,0,16,16,1.0,0.06454972243679027,600,"The algorithm will include ""take me to your leader"" even if it isn't the best caption."
3070,116,0,0,24,24,1.0,0.04256282653793743,600,These earthlings seem rather hairy!
3068,116,0,0,16,16,1.0,0.06454972243679027,600,I feel a curious reluctance to dissect it.
3794,116,0,0,24,24,1.0,0.04256282653793743,600,"I said, beam me up Scotty, not a golden"
3025,116,0,0,18,18,1.0,0.05716619504750295,600,He thought it was a Frisbee.
2513,116,0,0,29,29,1.0,0.03509312031717982,600,Not you again! Woof.
2991,116,0,0,30,30,1.0,0.03390317518104052,600,"Ok, you can keep it. But it's your responsibility!"
2892,116,0,0,16,16,1.0,0.06454972243679027,600,Looks like Scotty wanted a friend.
2851,116,0,0,18,18,1.0,0.05716619504750295,600,Do you think he'll follow us at Warp Factor 9?
2817,116,0,0,34,34,1.0,0.029854071701326604,600,So how many dog years does this make him?
2771,116,0,0,22,22,1.0,0.046524210519923545,600,Who wants to see Spot disintegrate?
2661,116,0,0,30,30,1.0,0.03390317518104052,600,Can we name him Spock?
2643,116,0,0,36,36,1.0,0.028171808490950554,600,"Don't worry, we'll find a home for him. There's a quiet space-farm at the end of the galaxy that I think he'll love."
2599,116,0,0,30,30,1.0,0.03390317518104052,600,He has some rather peculiar personal hygiene habits
2581,116,0,0,40,40,1.0,0.025318484177091666,600,Great idea! I've always wanted to visit the Dog Star.
2550,116,0,0,24,24,1.0,0.04256282653793743,600,I think it needs to go out.
2972,116,0,0,18,18,1.0,0.05716619504750295,600,"No, I clearly said ""Obtain samples FROM the lab""..."
1947,116,0,0,29,29,1.0,0.03509312031717982,600,How can you call yourself a working dog if you don't have a job?
1188,116,0,0,29,29,1.0,0.03509312031717982,600,"Now, Fido, I know you're excited about being off leash for the first time..."
845,116,0,0,29,29,1.0,0.03509312031717982,600,"One thing we can establish about this creature, he certainly enjoys getting his belly probed."
1630,116,0,0,17,17,1.0,0.06063390625908324,600,"""Are you saying you do like humans?'"
1624,116,0,0,17,17,1.0,0.06063390625908324,600,"No, Siri - I asked for a heterodyne receiver, not a golden retriever."
1555,116,0,0,17,17,1.0,0.06063390625908324,600,Humans don’t look quite like I expected.
1429,116,0,0,17,17,1.0,0.06063390625908324,600,What I can't figure out is how he put on the collar.
1404,116,0,0,17,17,1.0,0.06063390625908324,600,"On Jupralara, we're your best friend."
1370,116,0,0,17,17,1.0,0.06063390625908324,600,He's so much better behaved than the two-legged creatures.
1343,116,0,0,17,17,1.0,0.06063390625908324,600,"""Master""! ""Fido""!"
1342,116,0,0,17,17,1.0,0.06063390625908324,600,"I think its Earth name is ""Sit."""
1334,116,0,0,34,34,1.0,0.029854071701326604,600,Set your phasers to 'Good boy.'
1304,116,0,0,17,17,1.0,0.06063390625908324,600,I'm going to allow you to perform the probe on this one...
1300,116,0,0,17,17,1.0,0.06063390625908324,600,"As we know alien life is quite common in the universe, although intelligent life is less so. Some say it has yet to appear on planet Earth, with the exception of this species."
1293,116,0,0,17,17,1.0,0.06063390625908324,600,Its language seems to be based on movements of its posterior antenna.
1245,116,0,0,17,17,1.0,0.06063390625908324,600,"Get a dog, they said. It’ll be fun, they said. So why is it always me that has to spacewalk the dog?!"
1179,116,0,0,17,17,1.0,0.06063390625908324,600,How are we supposed to interrogate this specimen when that damned antenna keeps moving?
958,116,0,0,17,17,1.0,0.06063390625908324,600,"Vaporize him, Wham-o. That’ll teach him to play fetch with your ship!"
730,116,0,0,17,17,1.0,0.06063390625908324,600,"As far as technology, this is the human's rover."
678,116,0,0,17,17,1.0,0.06063390625908324,600,Who would have thought they could advance to this level of intelligence!
575,116,0,0,17,17,1.0,0.06063390625908324,600,Now where are we supposed to walk him for the next 10 light-years?
420,116,0,0,17,17,1.0,0.06063390625908324,600,"These aren't Cone Heads! Beam me back, Scottie!"
1756,116,0,0,34,34,1.0,0.029854071701326604,600,"Universal translator says ""Happy!"""
363,116,0,0,17,17,1.0,0.06063390625908324,600,Uh oh - he says they have no leader.
1764,116,0,0,17,17,1.0,0.06063390625908324,600,I can’t take my it anymore. He barks anytime anything comes within 500 light years.
2429,116,0,0,17,17,1.0,0.06063390625908324,600,This type is more intelligent than the bipeds.
4396,116,0,0,34,34,1.0,0.029854071701326604,600,"You forgot your ball again, didn't you?"
3991,116,0,0,34,34,1.0,0.029854071701326604,600,After what we saw your walking partner picking up behind you we figured that you are the superior being.
3929,116,0,0,17,17,1.0,0.06063390625908324,600,I wanted the blind man.
3891,116,0,0,17,17,1.0,0.06063390625908324,600,Can you just beam up my poop?
3634,116,0,0,17,17,1.0,0.06063390625908324,600,He's cute as h*ck. 12/10 would take him back to their planet.
3563,116,0,0,17,17,1.0,0.06063390625908324,600,Are we sure we need another walkies?
3525,116,0,0,17,17,1.0,0.06063390625908324,600,Guess Seinfeld was right...
3517,116,0,0,17,17,1.0,0.06063390625908324,600,She needs a spacewalk.
3409,116,0,0,17,17,1.0,0.06063390625908324,600,"Clearly our evolutionary experiments worked here, but failed miserably on the bipeds."
3225,116,0,0,17,17,1.0,0.06063390625908324,600,I believe the rear appendage might be his vibrating microwave antenna
3005,116,0,0,17,17,1.0,0.06063390625908324,600,He is called Rex. He and his kind rule the planet Earth.
2994,116,0,0,17,17,1.0,0.06063390625908324,600,Our experts think it's an antenna...
2969,116,0,0,17,17,1.0,0.06063390625908324,600,We're sending the Earthling home because he keeps probing our backsides.
2780,116,0,0,17,17,1.0,0.06063390625908324,600,Captain's Log Stardate 2120: The Tribbles are back. They've evolved.
2724,116,0,0,17,17,1.0,0.06063390625908324,600,"He's from Hollywood, so he'll be comfortable among he stars"
2700,116,0,0,17,17,1.0,0.06063390625908324,600,Not sure if I should do a mind meld or just sniff his butt.
2604,116,0,0,17,17,1.0,0.06063390625908324,600,God a s’tI .siht pihsrow yehT
2475,116,0,0,17,17,1.0,0.06063390625908324,600,There is intelligent life down there!
2452,116,0,0,17,17,1.0,0.06063390625908324,600,"Trust me, I'm a member of the species you want to deal with."
1906,116,0,0,17,17,1.0,0.06063390625908324,600,"They love these things, but I just don't get it."
297,116,0,0,17,17,1.0,0.06063390625908324,600,"A thorough cellular scan has identified him as entirely useless, but amazingly cute."
296,116,0,0,17,17,1.0,0.06063390625908324,600,Does anyone have small plastic bags?
268,116,0,0,17,17,1.0,0.06063390625908324,600,"Sorry, we weren't looking for the Rex-Files."
1706,116,0,0,28,28,1.0,0.036369648372665396,600,Do you think he needs to go out?
1570,116,0,0,28,28,1.0,0.036369648372665396,600,Again? We just took you out at Proxima Centauri.
963,116,0,0,28,28,1.0,0.036369648372665396,600,"Among my people, I am worshiped like a DOG"
497,116,0,0,28,28,1.0,0.036369648372665396,600,"Captain, apparently, we've encountered a rescue-dog planet. This one's such a cutie. Can we adapt him? Oh, please?!"
4139,116,0,0,54,54,1.0,0.018692405136401476,600,She said she doesn't know who left the dogs out.
643,116,0,0,54,54,1.0,0.018692405136401476,600,Until then the aliens had always ridiculed humans for unnecessary inventions like the doggie bag.
5903,116,0,0,39,39,1.0,0.025976216673306556,600,"Well, he's no less unintelligible, and he doesn't seem perplexed."
5602,116,0,0,39,39,1.0,0.025976216673306556,600,...and they pick up your poop? Tell us more about these humans who work for you.
5375,116,0,0,52,52,1.0,0.019418390934515434,600,We beamed up the wrong Rufus Taylor.
5043,116,0,0,26,26,1.0,0.03922322702763681,600,We can work around the moving appendage.
4952,116,0,0,26,26,1.0,0.03922322702763681,600,"He jumped up and grabbed the ship while we hovering, and wouldn't let go."
4844,116,0,0,39,39,1.0,0.025976216673306556,600,I think we need a translator.
4177,116,0,0,26,26,1.0,0.03922322702763681,600,"I'll be, Earth has a stable genius."
4015,116,0,0,26,26,1.0,0.03922322702763681,600,I need to show him that he is not the Alpha Centauri male.
2839,116,0,0,26,26,1.0,0.03922322702763681,600,I'm looking for a better class of friend.
2150,116,0,0,26,26,1.0,0.03922322702763681,600,"I'm available, if you guys like pets back home."
1187,116,0,0,26,26,1.0,0.03922322702763681,600,No wonder they're so far behind. They're still walking on four feet.
858,116,0,0,26,26,1.0,0.03922322702763681,600,I've trained him to go on the portal. How genius is that?
771,116,0,0,26,26,1.0,0.03922322702763681,600,"He looks, like, really smart!"
2879,116,0,0,28,28,1.0,0.036369648372665396,600,You are to sniff around for evidence of collusion with us.
3543,116,0,0,56,56,1.0,0.01801874925391118,600,"I'm a dog, stupid..."
3583,116,0,0,28,28,1.0,0.036369648372665396,600,"He seems to be happy that I can read his mind. But all he's thinking is ""chicken poop""."
4159,116,0,0,28,28,1.0,0.036369648372665396,600,At least he can sniff out our destination.
207,116,0,0,17,17,1.0,0.06063390625908324,600,We're babysitting him for the Pentagon.
138,116,0,0,17,17,1.0,0.06063390625908324,600,"The better I get to know men, the more I find myself loving dogs."
78,116,0,0,17,17,1.0,0.06063390625908324,600,I met their leader. This is better; trust me.
2746,116,0,0,49,49,1.0,0.020619652471058063,600,"Wonder if he could be ""our"" best friend."
652,116,0,0,49,49,1.0,0.020619652471058063,600,"Woof , right back at you earth being !"
5408,116,0,0,32,32,1.0,0.031750031750047626,600,"Yes, very friendly. Might be a nice companion."
3228,116,0,0,32,32,1.0,0.031750031750047626,600,"""Fear not...the inhabitants of Planet Dyslexia will consider you a god""."
5685,116,0,0,47,47,1.0,0.021506619680967013,600,Stop him before he disarms us all!
4799,116,0,0,47,47,1.0,0.021506619680967013,600,"Sorry, all the cats are still in breath awareness class."
4398,116,0,0,17,17,1.0,0.06063390625908324,600,"Guys, want to see something totally weird? ""Roll over"""
3360,116,0,0,47,47,1.0,0.021506619680967013,600,"Why yes, I am Earth’s dominant life form; and we have many unintelligent pets called “humans”"
3853,116,0,0,15,15,1.0,0.06900655593423542,600,To serve man is a dog?
3679,116,0,0,15,15,1.0,0.06900655593423542,600,The creature he was walking ran away on two legs.
2845,116,0,0,15,15,1.0,0.06900655593423542,600,If you don’t speak they’re going to love you.
2316,116,0,0,15,15,1.0,0.06900655593423542,600,We have a ruff situation.
687,116,0,0,43,43,1.0,0.023531040266750583,600,We have been studying your planet and we will be grooming you to become the next President of the USA!
201,116,0,0,43,43,1.0,0.023531040266750583,600,I'll have to recalibrate. It was supposed to be a cat.
5736,116,0,0,28,28,1.0,0.036369648372665396,600,He seems to like our frisbee
5505,116,0,0,28,28,1.0,0.036369648372665396,600,Beam me down and I will show you where I hide my bones
4731,116,0,0,28,28,1.0,0.036369648372665396,600,"Though artificially produced, it’s a perfect model. If we can decode its syntax and massage it correctly, it should give us the answer the most pervasive question in all the ancient texts thus far deciphered!"
4481,116,0,0,15,15,1.0,0.06900655593423542,600,"He heard you say take me to your feeder, not leader!"
4813,116,0,0,24,24,1.0,0.04256282653793743,600,"That was some long ride! Which of you guys are gonna walk me? Sirius-ly, better hurry!!!"
4475,116,0,0,17,17,1.0,0.06063390625908324,600,"Are you Sirius, a ride to Canis Major?!?"
4857,116,0,0,17,17,1.0,0.06063390625908324,600,Klaatu barada nikto! Sit?
2214,116,0,0,23,23,1.0,0.044455422447438706,600,"...Oh, its called a 'tail'...no, I cant really control it..."
1941,116,0,0,23,23,1.0,0.044455422447438706,600,"He says that if we rub his belly, he'll tell us everything!"
1934,116,0,0,23,23,1.0,0.044455422447438706,600,"Go on, You're pulling my leg!!!"
1701,116,0,0,23,23,1.0,0.044455422447438706,600,We thought they'd look a bit more like us.
1465,116,0,0,23,23,1.0,0.044455422447438706,600,I think he's asking for another spacewalk.
1046,116,0,0,23,23,1.0,0.044455422447438706,600,"I said Spock, not Spot."
804,116,0,0,23,23,1.0,0.044455422447438706,600,But I specifically asked him to beam to beam me up a Scottie.
686,116,0,0,23,23,1.0,0.044455422447438706,600,See how the earthling's aerial vibrates when we speak.
506,116,0,0,23,23,1.0,0.044455422447438706,600,He thinks he learned a new trick—beam him back.
401,116,0,0,23,23,1.0,0.044455422447438706,600,"They appear friendly, we should be fine!"
273,116,0,0,23,23,1.0,0.044455422447438706,600,Show us this “doggy style”.
4859,116,0,0,44,44,1.0,0.022990024493585143,600,"Captain Kirk, Beam the Scotti Up!"
2875,116,0,0,44,44,1.0,0.022990024493585143,600,"Get outa here, we're from the Dog Star!"
1376,116,0,0,44,44,1.0,0.022990024493585143,600,But if we keep feeding him he'll never leave.
63,116,0,0,44,44,1.0,0.022990024493585143,600,Take us to your master.
5846,116,0,0,21,21,1.0,0.048795003647426664,600,"Permission to set course for the Sirius system, Captain?"
5792,116,0,0,21,21,1.0,0.048795003647426664,600,It's the only species on the planet that can do that.
5353,116,0,0,21,21,1.0,0.048795003647426664,600,I hope he’s potty trained.
4884,116,0,0,21,21,1.0,0.048795003647426664,600,"""Best Friend"", do they direct ship that collar?"
3592,116,0,0,23,23,1.0,0.044455422447438706,600,"What part of ""Roll Over"" don't you understand?"
4626,116,0,0,21,21,1.0,0.048795003647426664,600,"I can’t believe they really sent you an emotional support animal, Bob."
4042,116,0,0,23,23,1.0,0.044455422447438706,600,Who is gonna kiss me first?
5584,116,0,0,23,23,1.0,0.044455422447438706,600,We should name him Scotty and give him a job.
618,116,0,0,29,29,1.0,0.03509312031717982,600,Earthlings seem friendly but the crotch-smelling greeting is a bit strange.
159,116,0,0,29,29,1.0,0.03509312031717982,600,Remember when you take him for a walk that moon has a poop & scoop by-law
5716,116,0,0,27,27,1.0,0.03774256780481986,600,"My button is bigger than yours, and I'm sitting on it."
5104,116,0,0,27,27,1.0,0.03774256780481986,600,Eisenhower triplets: Who would have believed it? Woof!
2978,116,0,0,27,27,1.0,0.03774256780481986,600,Let's name him Scotty.
1652,116,0,0,27,27,1.0,0.03774256780481986,600,"It looks smarter than the last tall biped we beamed up from Earth, you know, the one with the orange hair."
1612,116,0,0,27,27,1.0,0.03774256780481986,600,Good first try. Now let's go fetch the ball back.
1498,116,0,0,27,27,1.0,0.03774256780481986,600,"Yes Major Tom, he has fantastic ground control"
1233,116,0,0,27,27,1.0,0.03774256780481986,600,"Yer ka Zuarus, I think it wants a little space doodad thingy!"
1093,116,0,0,27,27,1.0,0.03774256780481986,600,Who’s a good earthling?
526,116,0,0,27,27,1.0,0.03774256780481986,600,He's our last hope to get through to Vader.
237,116,0,0,27,27,1.0,0.03774256780481986,600,"Log book 2018 beamed SPOCKS, dog on board ,SMELLS like a alien fart."
4061,116,0,0,50,50,1.0,0.020203050891044214,600,???? ??µF? ? ????? “Good boy” !
3392,116,0,0,50,50,1.0,0.020203050891044214,600,Maybe there's a number on his tags
4765,116,0,0,48,48,1.0,0.021053798026662972,600,Me beam Scottie up
990,116,0,0,48,48,1.0,0.021053798026662972,600,And a WOOF back atcha
6007,116,0,0,23,23,1.0,0.044455422447438706,600,he came from Planet K-9
5883,116,0,0,23,23,1.0,0.044455422447438706,600,I’m amazed that you speak our language—but can you say anything beyond ‘Let me out…stranger danger.’
5756,116,0,0,23,23,1.0,0.044455422447438706,600,Did you remember to include the area code on the collar?
4448,116,0,0,23,23,1.0,0.044455422447438706,600,"God, is that really you?"
4157,116,0,0,21,21,1.0,0.048795003647426664,600,They are indeed quite advanced. The additional wagging limb communication device is attached to their bodies.
3823,116,0,0,21,21,1.0,0.048795003647426664,600,"So, how far is that in dog lightyears?"
3243,116,0,0,21,21,1.0,0.048795003647426664,600,No - I said “beam me up A scottie…”
3073,116,0,0,53,53,1.0,0.019048482943986485,600,Get out the brandy. Apparently it wants a snifter.
6020,116,0,0,17,17,1.0,0.06063390625908324,600,"Unusual creature, this breed.....But until we run further tests it will be difficult to determine if we evolved from him or him from us."
5998,116,0,0,17,17,1.0,0.06063390625908324,600,"Oh, great! Whose turn was it to walk him before we left!?"
5981,116,0,0,17,17,1.0,0.06063390625908324,600,"Look, it's the dominant species!"
5882,116,0,0,17,17,1.0,0.06063390625908324,600,His language is too advanced for our translator.
5831,116,0,0,17,17,1.0,0.06063390625908324,600,Who wants a space walk?!
5803,116,0,0,17,17,1.0,0.06063390625908324,600,"I wonder why it keeps saying 'WUFO, WUFO'?"
5785,116,0,0,17,17,1.0,0.06063390625908324,600,Welcome to your new home in the galaxy ken l ration.
5698,116,0,0,17,17,1.0,0.06063390625908324,600,Looks like our planet going to the dogs.
5668,116,0,0,17,17,1.0,0.06063390625908324,600,NO! THE BONE ONLY COMES AFTER YOU CLIMB IN!
5658,116,0,0,17,17,1.0,0.06063390625908324,600,So this is really their ‘Leader’?
5420,116,0,0,17,17,1.0,0.06063390625908324,600,"I said Spock, not Spot."
5395,116,0,0,17,17,1.0,0.06063390625908324,600,But what are the tiny plastic bags for?
5365,116,0,0,17,17,1.0,0.06063390625908324,600,Hey! We finally got their leader!
5275,116,0,0,17,17,1.0,0.06063390625908324,600,Th computer beamed up the most intelligent life on this planet
5200,116,0,0,17,17,1.0,0.06063390625908324,600,I think he wants to give us a gift.
4981,116,0,0,17,17,1.0,0.06063390625908324,600,"Our Princess, Laika, needs a playmate."
4938,116,0,0,17,17,1.0,0.06063390625908324,600,He likes us! He really likes us!
4872,116,0,0,17,17,1.0,0.06063390625908324,600,"O.K., We've done sit and transport. Now let's work on heel."
4629,116,0,0,36,36,1.0,0.028171808490950554,600,"Be careful, he manipulates the earthlings to get everything he wants!"
194,116,0,0,38,38,1.0,0.02666903735313325,600,"Aw, can keep this earthling?"
345,116,0,0,38,38,1.0,0.02666903735313325,600,"We're not sure about the level of intelligent life on this planet, but they test off the charts for loyalty."
3934,116,0,0,38,38,1.0,0.02666903735313325,600,I told you I wasn't just here for Christmas!
3226,116,0,0,21,21,1.0,0.048795003647426664,600,"He says he'll take us to his leader, but fears we'll be very disappointed."
3065,116,0,0,21,21,1.0,0.048795003647426664,600,"No more exploring, Rover. Now fetch an Earthing."
3049,116,0,0,21,21,1.0,0.048795003647426664,600,"All righty, then. Who's walking him?"
3003,116,0,0,21,21,1.0,0.048795003647426664,600,It's called attachment hunting
2936,116,0,0,21,21,1.0,0.048795003647426664,600,Do you think he's a Russian spy?
2677,116,0,0,21,21,1.0,0.048795003647426664,600,"So, where's the dog park?"
2485,116,0,0,21,21,1.0,0.048795003647426664,600,This one appears wiser and better behaved than their President.
2351,116,0,0,21,21,1.0,0.048795003647426664,600,What do you call those creatures that clean up after you?
1830,116,0,0,21,21,1.0,0.048795003647426664,600,It's a pooch.
4788,116,0,0,17,17,1.0,0.06063390625908324,600,You're telling me the leader is the guy with the bag of poop?
1695,116,0,0,21,21,1.0,0.048795003647426664,600,"Yes, unlike at home, here you get to keep your miles."
1340,116,0,0,21,21,1.0,0.048795003647426664,600,He says he's Red Rover.
1031,116,0,0,21,21,1.0,0.048795003647426664,600,It may be the President they all talk about. Our AI dictionary is sure this is a son of a bitch.
305,116,0,0,21,21,1.0,0.048795003647426664,600,"I think it's a high-memory earthling. A terra-byter, they said."
241,116,0,0,21,21,1.0,0.048795003647426664,600,"Scotty, you much friendlier now!"
4,116,0,0,21,21,1.0,0.048795003647426664,600,"It's called an ""ankle bracelet."""
5808,116,0,0,40,40,1.0,0.025318484177091666,600,Do you think that wagging part is it speaks?
3405,116,0,0,40,40,1.0,0.025318484177091666,600,Pat it on the head and see what happens.
3678,116,0,0,59,59,1.0,0.017094641498783945,600,He looks friendly.
4586,116,0,0,38,38,1.0,0.02666903735313325,600,"Well, he's smarter and non-racist."
1520,116,0,0,21,21,1.0,0.048795003647426664,600,"your purpose here is completed, now go back to Earth!"
3832,116,0,0,16,16,1.0,0.06454972243679027,600,These Earthlings are much different than I thought.
2766,116,0,0,25,25,1.0,0.040824829046386304,600,An advanced species with a hidden identity chip.
3942,116,0,0,16,16,1.0,0.06454972243679027,600,"No, no. He said beam up my Scottie."
1730,116,0,0,18,18,1.0,0.05716619504750295,600,"""Jrkvr lrtrp 'sit' frng."" Ktrwm!"
1710,116,0,0,18,18,1.0,0.05716619504750295,600,Who knew earthlings were so woodgie?!
1671,116,0,0,18,18,1.0,0.05716619504750295,600,I've always wondered if anyone understood me.
1464,116,0,0,18,18,1.0,0.05716619504750295,600,"Bring us 2 soy lattes, a cappuccino, 2 bran muffins and your best friend."
1388,116,0,0,18,18,1.0,0.05716619504750295,600,fruball druball draguball nuball?
1276,116,0,0,18,18,1.0,0.05716619504750295,600,I have heard these creatures are good stress relievers!
1051,116,0,0,18,18,1.0,0.05716619504750295,600,"Your industry can burn. I will approach you professionally, as I do every activity, but how dare you? You tiny souls. You malignant professionals. How dare you treat anyone this way. You'll hear from me. Goddamn you."
928,116,0,0,18,18,1.0,0.05716619504750295,600,"Phil, what did we say about those late night TV commercials?"
857,116,0,0,18,18,1.0,0.05716619504750295,600,This is their leader?
831,116,0,0,18,18,1.0,0.05716619504750295,600,"'I bet his flift is worse than his bite"""
818,116,0,0,18,18,1.0,0.05716619504750295,600,"Sorry, you'll have to stay on-board. We just heard the President doesn't have a pet."
792,116,0,0,18,18,1.0,0.05716619504750295,600,Don't slobber until you've safely reached the planetary surface.
729,116,0,0,18,18,1.0,0.05716619504750295,600,he said it's no longer a dog's world
714,116,0,0,18,18,1.0,0.05716619504750295,600,"Woof, woof, bark bark, wolf bark, bark woof, sit!"
707,116,0,0,18,18,1.0,0.05716619504750295,600,And he doesn't shed!
636,116,0,0,18,18,1.0,0.05716619504750295,600,All I did was open a cheese wrapper and it molecularized!
563,116,0,0,18,18,1.0,0.05716619504750295,600,"Guard, it's your turn, don't forget the poop bag."
429,116,0,0,18,18,1.0,0.05716619504750295,600,"I think he said, ""Hurry, I need to go outside."""
31,116,0,0,18,18,1.0,0.05716619504750295,600,Looks like one of you guys will have to drain the swamp.
1811,116,0,0,18,18,1.0,0.05716619504750295,600,"Just wait, humankind worked very hard to get their feces, it must worth it."
5815,116,0,0,17,17,1.0,0.06063390625908324,600,A canine cosmonaut ? Interesting.
2078,116,0,0,18,18,1.0,0.05716619504750295,600,"He says his mother, Laika, told him about us."
2160,116,0,0,18,18,1.0,0.05716619504750295,600,This is the leader of Sirius? Seriously?
5896,116,0,0,18,18,1.0,0.05716619504750295,600,The Universal Translator says his bark is worse than his bite.
5777,116,0,0,18,18,1.0,0.05716619504750295,600,Let's beam up another specimen. This one doesn't talk.
5639,116,0,0,18,18,1.0,0.05716619504750295,600,What a good stable genius....yes.....that's a good stable genius!
5531,116,0,0,18,18,1.0,0.05716619504750295,600,"Just because the nametag reads ""Donald"" doesn't mean that it's ""the"" Donald."
4239,116,0,0,18,18,1.0,0.05716619504750295,600,We already have enough human samples to bring back
3941,116,0,0,18,18,1.0,0.05716619504750295,600,Knick Knack? Paddy Whack? Give the dog a bone.
3816,116,0,0,18,18,1.0,0.05716619504750295,600,"It seems pleasant, but I'm not sure it's worth a probe."
3790,116,0,0,18,18,1.0,0.05716619504750295,600,"Go fetch, Scotty!"
3446,116,0,0,18,18,1.0,0.05716619504750295,600,"He must be the leader, the other creatures pick up his poop"
3334,116,0,0,18,18,1.0,0.05716619504750295,600,"Makes the two footers walk, feed and make nice to them, obviously he most advanced"
3177,116,0,0,18,18,1.0,0.05716619504750295,600,"Fine, we can keep him... just make sure he doesn't pee on the hyperdrive"
3171,116,0,0,18,18,1.0,0.05716619504750295,600,"""The tag says 'TRUMP'""."
3081,116,0,0,18,18,1.0,0.05716619504750295,600,''IS MAN HIS BEST FRIEND'' ?
3053,116,0,0,18,18,1.0,0.05716619504750295,600,Please tell us how you integrated your anal probe into your proboscis!
2693,116,0,0,18,18,1.0,0.05716619504750295,600,You spent your points on this?!
2592,116,0,0,18,18,1.0,0.05716619504750295,600,"I did program in honest ""Candidate"""
2436,116,0,0,18,18,1.0,0.05716619504750295,600,I had my appendix removed to rescue this?
2346,116,0,0,18,18,1.0,0.05716619504750295,600,"Interesting, first dog in space, what's are next step?"
2163,116,0,0,18,18,1.0,0.05716619504750295,600,"""If you still want to be our best friend you will do it""!!!"
2079,116,0,0,18,18,1.0,0.05716619504750295,600,That's a good boy!
5906,116,0,0,18,18,1.0,0.05716619504750295,600,"Yes, that's Uranus and no, you can't go sniff it!"
5749,116,0,0,17,17,1.0,0.06063390625908324,600,"This time it will work. Goodbye, Laika 347-B!"
5628,116,0,0,17,17,1.0,0.06063390625908324,600,How old is she in Jupiter-orbit dog-years?
2911,116,0,0,17,17,1.0,0.06063390625908324,600,The Earthling is Furbaby Fetch 1
2903,116,0,0,17,17,1.0,0.06063390625908324,600,"My name is Fido, not Scotty."
2713,116,0,0,17,17,1.0,0.06063390625908324,600,Why is this earthling naked save for the collar?
2648,116,0,0,17,17,1.0,0.06063390625908324,600,I know nothing!
2638,116,0,0,17,17,1.0,0.06063390625908324,600,"I...told you...if we came back to the beginning of the world, dogs would be first!"
2481,116,0,0,17,17,1.0,0.06063390625908324,600,"I asked the standard question, ""Who do you answer to?"" The guy pointed at this thing."
2446,116,0,0,17,17,1.0,0.06063390625908324,600,"Our probe clearly observed them harvesting your excrement, and yet you are not their Leader?"
2307,116,0,0,17,17,1.0,0.06063390625908324,600,You’re supposed to give me a piece of bacon now.
2290,116,0,0,17,17,1.0,0.06063390625908324,600,"When you get there, find out what that 'Pluto' nonsense was all about."
2227,116,0,0,17,17,1.0,0.06063390625908324,600,"Given their television signals, humans are more complex than we thought."
2173,116,0,0,17,17,1.0,0.06063390625908324,600,"“Hotdog”, we finally got one."
1996,116,0,0,17,17,1.0,0.06063390625908324,600,Tell us about your best friend
1920,116,0,0,17,17,1.0,0.06063390625908324,600,"Earthling, what's the most popular collar on Rodeo Drive?"
1862,116,0,0,17,17,1.0,0.06063390625908324,600,I think it's a Land Rover
1590,116,0,0,17,17,1.0,0.06063390625908324,600,I definitely beamed up the one who is more evolved. The other being just kept collecting his poop.
1479,116,0,0,17,17,1.0,0.06063390625908324,600,They're smarter than I thought.
1288,116,0,0,17,17,1.0,0.06063390625908324,600,"Remember don't speak, they think your a pet and they are smarter. They still don't get it. Oh yeah and they will clean your waste up too."
1131,116,0,0,17,17,1.0,0.06063390625908324,600,"What does it mean, “He sin’t nothin’ but a moondog?”"
1105,116,0,0,17,17,1.0,0.06063390625908324,600,Let's ask her about the tail wagging the martian.
2924,116,0,0,17,17,1.0,0.06063390625908324,600,The guide didn't say humans had such big noses!
5652,116,0,0,17,17,1.0,0.06063390625908324,600,Did anyone remember the pooper scooper?
2956,116,0,0,17,17,1.0,0.06063390625908324,600,Daddy's widdle baby want a treat?
3143,116,0,0,17,17,1.0,0.06063390625908324,600,He keeps asking for something called - Bacon-Bacon-Bacon!
5444,116,0,0,17,17,1.0,0.06063390625908324,600,I don’t care if it does feel strange -we’re landing now. just go out there and throw them a bone.
5414,116,0,0,17,17,1.0,0.06063390625908324,600,Useless. Let's move on to a different planet.
5186,116,0,0,17,17,1.0,0.06063390625908324,600,Scottie is playing tricks again!
5169,116,0,0,17,17,1.0,0.06063390625908324,600,We understand that he said that he is the ruler of the Earth.
5142,116,0,0,17,17,1.0,0.06063390625908324,600,"Wow, earthlings are very intelligent!"
4864,116,0,0,17,17,1.0,0.06063390625908324,600,You idiot. This isn't the G-O-D Planet.
4837,116,0,0,17,17,1.0,0.06063390625908324,600,He must be from the future.
4825,116,0,0,17,17,1.0,0.06063390625908324,600,They say he won the popular vote
4729,116,0,0,17,17,1.0,0.06063390625908324,600,"I believe the inhabitants of this planet call this a ""lobster,"" and they are reputed to be delicious."
4643,116,0,0,17,17,1.0,0.06063390625908324,600,We kindly ask that you refrain from barking during the embarkation process.
4568,116,0,0,17,17,1.0,0.06063390625908324,600,Where's my breakfast?
4551,116,0,0,17,17,1.0,0.06063390625908324,600,"What do you mean, he picks up your poop too?"
4532,116,0,0,17,17,1.0,0.06063390625908324,600,"He's a good boy, but next time I'm getting a breed that doesn't need so much space."
4518,116,0,0,17,17,1.0,0.06063390625908324,600,"Hey wait a second, you're not a Scottie. Beam him up, Paul."
4174,116,0,0,17,17,1.0,0.06063390625908324,600,spacewalkies?
3793,116,0,0,17,17,1.0,0.06063390625908324,600,Which one of you is Napoleon>
3702,116,0,0,17,17,1.0,0.06063390625908324,600,He is obviously their leader; they have to follow him around on a tether and retrieve his droppings in little bags.
3262,116,0,0,17,17,1.0,0.06063390625908324,600,If your trying to alienate me you've suceeded
3202,116,0,0,17,17,1.0,0.06063390625908324,600,"No, we have not seen a dog named Laika."
2981,116,0,0,17,17,1.0,0.06063390625908324,600,What went wrong? I was aiming to beam of his master.
6031,116,0,0,18,18,1.0,0.05716619504750295,600,Wooolfff?
6034,116,0,0,18,18,1.0,0.05716619504750295,600,"I believe they prefer ""little dog."""
272,116,0,0,19,19,1.0,0.05407380704358751,600,The dowsing tail never fails. Drain him!
4760,116,0,0,20,20,1.0,0.051298917604257706,600,Beam me up Scotty - now!
4630,116,0,0,20,20,1.0,0.051298917604257706,600,"Surely, you can help us get on their 'good' side."
4570,116,0,0,20,20,1.0,0.051298917604257706,600,Let's train all earth dogs to turn around three times before lying down.
4269,116,0,0,20,20,1.0,0.051298917604257706,600,"Maybe it,s a four footed friendly human?"
3994,116,0,0,20,20,1.0,0.051298917604257706,600,Is it the tail or the nose that gives us direction?
3264,116,0,0,20,20,1.0,0.051298917604257706,600,I am done with the short leash
3114,116,0,0,20,20,1.0,0.051298917604257706,600,He says he's only a dog there.
3041,116,0,0,20,20,1.0,0.051298917604257706,600,He's such a good boy... so let's consider that before we incinerate his planet.
2729,116,0,0,20,20,1.0,0.051298917604257706,600,"So George, what do you think it is?"
2652,116,0,0,20,20,1.0,0.051298917604257706,600,Well I wasn't expecting this when I followed the light.
2496,116,0,0,20,20,1.0,0.051298917604257706,600,I believe I said Beam me up Scottie; not Labrador Retrievers.
2101,116,0,0,20,20,1.0,0.051298917604257706,600,I'm pretty sure 'Woof' is a code word. Now we just have to figure out what it means.
1908,116,0,0,20,20,1.0,0.051298917604257706,600,"Yes, but who is going to walk him?"
1900,116,0,0,20,20,1.0,0.051298917604257706,600,Who’s a good boy - you are!
1809,116,0,0,20,20,1.0,0.051298917604257706,600,Something is wrong….this specimen does not fit any descriptions we were given of planet earth's dominant species scheduled for peaceful replacement.
1773,116,0,0,20,20,1.0,0.051298917604257706,600,I am SO happy that UberEATS has finally expanded their delivery area!
1611,116,0,0,20,20,1.0,0.051298917604257706,600,By the time we return he'll be a puppy.
1492,116,0,0,20,20,1.0,0.051298917604257706,600,I think we signed up for the wrong universe exchange program.
1472,116,0,0,20,20,1.0,0.051298917604257706,600,Three Log Night
4761,116,0,0,20,20,1.0,0.051298917604257706,600,"Timmy fell into a black hole! Run, get help!"
1326,116,0,0,20,20,1.0,0.051298917604257706,600,How does sandpaper feel?
4789,116,0,0,20,20,1.0,0.051298917604257706,600,Could this be The Scotty?
4913,116,0,0,20,20,1.0,0.051298917604257706,600,Scotty wants to visit his friends in Dog Heaven so he is waiting to be beamed up.
3387,116,0,0,21,21,1.0,0.048795003647426664,600,There must be some kind of mistake. I’m still waiting on my DNA results from Ancestry.com.
3209,116,0,0,21,21,1.0,0.048795003647426664,600,I hope this one is more intelligent than the last one.
3085,116,0,0,21,21,1.0,0.048795003647426664,600,"Nimotz, it’s a basic sign language using his tail. He says he wants to go out."
2692,116,0,0,21,21,1.0,0.048795003647426664,600,Sorry Kirk! Operator error.
2611,116,0,0,21,21,1.0,0.048795003647426664,600,Take me to your master! Arf-arf!
2465,116,0,0,21,21,1.0,0.048795003647426664,600,It's as if he has something inside to release. One of us better take him outside.
2381,116,0,0,21,21,1.0,0.048795003647426664,600,"His dog tag says, ""If found, beam me up Scotty."""
2319,116,0,0,21,21,1.0,0.048795003647426664,600,"Terrific, we’ve snagged alpha canis majoris."
2264,116,0,0,21,21,1.0,0.048795003647426664,600,"No need to get hot under the collar George, their bark really is worse than their bite"
908,116,0,0,21,21,1.0,0.048795003647426664,600,I can't decide whether we should eat him or probe his brain!
711,116,0,0,21,21,1.0,0.048795003647426664,600,"I said, ""Beam me UP!"" Not ""Beam me PUP!"""
565,116,0,0,21,21,1.0,0.048795003647426664,600,black mirror season 5
528,116,0,0,21,21,1.0,0.048795003647426664,600,"Here, UFidO, here boy!"
462,116,0,0,21,21,1.0,0.048795003647426664,600,"There may be little proof of intelligence on planet Earth, but there can be no doubt there is evidence of great love."
307,116,0,0,21,21,1.0,0.048795003647426664,600,His obedience trainer says his behavior will evolve over time.
5766,116,0,0,20,20,1.0,0.051298917604257706,600,It’s temporary until he learns to follow orders
5500,116,0,0,20,20,1.0,0.051298917604257706,600,Let's exempt him from giving us his paw as well.
5205,116,0,0,20,20,1.0,0.051298917604257706,600,"One more time, how do you get the human to clean-up your poop?"
4926,116,0,0,20,20,1.0,0.051298917604257706,600,"Er, Nelson -- I thought you ordered a pizza?"
4907,116,0,0,20,20,1.0,0.051298917604257706,600,"Ok, who hacked my Amazon Prime account?"
1114,116,0,0,20,20,1.0,0.051298917604257706,600,That's not my dog.
1104,116,0,0,20,20,1.0,0.051298917604257706,600,That's not Seth Meyers!
1087,116,0,0,20,20,1.0,0.051298917604257706,600,Oops. Looks like we strayed into Canis Minor.
3482,116,0,0,19,19,1.0,0.05407380704358751,600,I cant explain it! He just came down from planet Earth.
3165,116,0,0,19,19,1.0,0.05407380704358751,600,Don't look him in the eye or you'll lose an arm.
2880,116,0,0,19,19,1.0,0.05407380704358751,600,No. We deal only with those who have evolved the furthest.
2796,116,0,0,19,19,1.0,0.05407380704358751,600,"My parole officer is sensitive to social stigma, so he lobbied hard to get me the slim model."
2545,116,0,0,19,19,1.0,0.05407380704358751,600,I knew we'd find intelligent life on earth. Glad we kept looking !!!
2501,116,0,0,19,19,1.0,0.05407380704358751,600,"Mr President, you look nothing like what we see on your messages from your planet."
2317,116,0,0,19,19,1.0,0.05407380704358751,600,"I think he said ""Take me to your pee-er""."
2166,116,0,0,19,19,1.0,0.05407380704358751,600,Walkies are going to be a big problem...
1849,116,0,0,19,19,1.0,0.05407380704358751,600,Oh he's so cute!
1667,116,0,0,19,19,1.0,0.05407380704358751,600,I already have a best friend.
1665,116,0,0,19,19,1.0,0.05407380704358751,600,"Scotty, WTF!"
1621,116,0,0,19,19,1.0,0.05407380704358751,600,That's not Spock
1384,116,0,0,19,19,1.0,0.05407380704358751,600,"Time to fucc n succ, am I right bois?"
1260,116,0,0,19,19,1.0,0.05407380704358751,600,We can't procreate with that!
1089,116,0,0,19,19,1.0,0.05407380704358751,600,"That's funny, I thought there'd be a scotty up here."
1002,116,0,0,19,19,1.0,0.05407380704358751,600,!esrevinU eth fo reluR emocleW
793,116,0,0,19,19,1.0,0.05407380704358751,600,"Woof? Qu'est-ce que c'est ""woof?"""
598,116,0,0,19,19,1.0,0.05407380704358751,600,Tell mission control we've discovered a new Instagram star.
536,116,0,0,19,19,1.0,0.05407380704358751,600,The human species have gone to the dogs.
3549,116,0,0,19,19,1.0,0.05407380704358751,600,we cannot make head or tail why earthlings find it attractive
3706,116,0,0,19,19,1.0,0.05407380704358751,600,"What's that, Lah-si? You say Tee-Mee's trapped in a quantum flux well?"
3796,116,0,0,19,19,1.0,0.05407380704358751,600,There was a dish. Where's the dish?
3876,116,0,0,19,19,1.0,0.05407380704358751,600,"You have the opportunity to be an alien's best friend, so which of us would you like to go space walkies with?"
1019,116,0,0,20,20,1.0,0.051298917604257706,600,Don’t put me on the spot!
851,116,0,0,20,20,1.0,0.051298917604257706,600,Dinner time!
613,116,0,0,20,20,1.0,0.051298917604257706,600,"Is this their leader?"" ""I sure hope so!"
535,116,0,0,20,20,1.0,0.051298917604257706,600,"Uh oh, he looks like he wants to go outside again."
388,116,0,0,20,20,1.0,0.051298917604257706,600,"Beam me up, Scottie Dog."
352,116,0,0,20,20,1.0,0.051298917604257706,600,"They say weekly, you say daily—we shall explore Hump Day further."
200,116,0,0,20,20,1.0,0.051298917604257706,600,Man’s best friend.
127,116,0,0,20,20,1.0,0.051298917604257706,600,We want to know how you get the Earthlings to obey.
5944,116,0,0,19,19,1.0,0.05407380704358751,600,My dogged persistence has propelled me all the way to the top.
959,116,0,0,17,17,1.0,0.06063390625908324,600,"Yes, but can it roll over?"
5394,116,0,0,19,19,1.0,0.05407380704358751,600,Here you tie dogs with sausage?
5325,116,0,0,19,19,1.0,0.05407380704358751,600,"great. now space rover, give me paw."
5003,116,0,0,19,19,1.0,0.05407380704358751,600,Who's a good alien?
4959,116,0,0,19,19,1.0,0.05407380704358751,600,Did anyone remember to transport a Pooper Scooper?
4785,116,0,0,19,19,1.0,0.05407380704358751,600,Now float. Float!
4780,116,0,0,19,19,1.0,0.05407380704358751,600,Not again Zordack! Get me the Spot remover.
4470,116,0,0,19,19,1.0,0.05407380704358751,600,It appears the probe comes pre-loaded with this biologic unit of soft-ware.
4420,116,0,0,19,19,1.0,0.05407380704358751,600,"The language down on Earth must be ""ruff!!!"""
4372,116,0,0,19,19,1.0,0.05407380704358751,600,"""Bring me to your master?"" Could you not come up something more original"
3925,116,0,0,19,19,1.0,0.05407380704358751,600,The universe is depending on you. Whatever you do -- please -- do not take a crap on any rugs you may encounter.
5367,116,0,0,19,19,1.0,0.05407380704358751,600,Planet Fido?
3523,116,0,0,21,21,1.0,0.048795003647426664,600,Now be a good boy and go fetch their leader!
947,116,0,0,17,17,1.0,0.06063390625908324,600,As good a leader as any I've seen.
882,116,0,0,17,17,1.0,0.06063390625908324,600,"Seems cleaner and friendlier than the humans we've beamed up, so lets keep him as our best friend and eject the humans."
3229,116,0,0,15,15,1.0,0.06900655593423542,600,"Oh, here we go. He's going to ask us how old we are in dog's years."
3189,116,0,0,15,15,1.0,0.06900655593423542,600,She followed me back. Can we keep her?
3149,116,0,0,15,15,1.0,0.06900655593423542,600,Klaatu Bow-Wow Nikto.
2901,116,0,0,15,15,1.0,0.06900655593423542,600,"Grr, ruff, bow wow, grrr?"
2883,116,0,0,15,15,1.0,0.06900655593423542,600,"Yes, Be Happy, “You’ve got a Friend”."
2871,116,0,0,15,15,1.0,0.06900655593423542,600,"Now you say, “He’s a good boy.”"
2843,116,0,0,15,15,1.0,0.06900655593423542,600,You promised me a beagle like Snoopy!
2808,116,0,0,15,15,1.0,0.06900655593423542,600,"No. No. Best friend, not best man"
2641,116,0,0,30,30,1.0,0.03390317518104052,600,He's their higher form of intelligence
2571,116,0,0,15,15,1.0,0.06900655593423542,600,Interesting shapeshift.
2393,116,0,0,15,15,1.0,0.06900655593423542,600,These humans who have enslaved you employ something called a toilet?
2207,116,0,0,15,15,1.0,0.06900655593423542,600,The dog can choose to walk on the planet or merely them send them a package.
2182,116,0,0,15,15,1.0,0.06900655593423542,600,This will be a historic moment. One pf you will take me on my first Space Walk
2149,116,0,0,15,15,1.0,0.06900655593423542,600,He seemed to be the most intelligent creature on the planet.
2146,116,0,0,15,15,1.0,0.06900655593423542,600,Somtimes I have dreams about being a golden retriever in a upper-class white family
2135,116,0,0,15,15,1.0,0.06900655593423542,600,I brought you three here because you're the smarest of your race.
2040,116,0,0,15,15,1.0,0.06900655593423542,600,Air Bud?
1977,116,0,0,15,15,1.0,0.06900655593423542,600,This must be what they call an 'Air Bud.'
1857,116,0,0,15,15,1.0,0.06900655593423542,600,So... Where do our probes go?
3363,116,0,0,15,15,1.0,0.06900655593423542,600,"Sit Donald, siiiiit.....!"
1763,116,0,0,15,15,1.0,0.06900655593423542,600,How did you train the humans to dispose of your solid waste?
3434,116,0,0,15,15,1.0,0.06900655593423542,600,Finicky transporter. Ain't that a bitch.
3461,116,0,0,30,30,1.0,0.03390317518104052,600,Who wants to be the first to touch his parts?
4826,116,0,0,15,15,1.0,0.06900655593423542,600,Apparently we do have a dog in this hunt.
4783,116,0,0,15,15,1.0,0.06900655593423542,600,"Judging from their planet, and other planets in their vicinity, they don't clean up after themselves, how do you get them to clean up your poop?"
4748,116,0,0,15,15,1.0,0.06900655593423542,600,Does somebody want to go somewhere leash laws are unknown?
4282,116,0,0,15,15,1.0,0.06900655593423542,600,He's pitching his tell-all memoir!
4271,116,0,0,15,15,1.0,0.06900655593423542,600,"What a coincidence, we're from the dog star too!"
4243,116,0,0,15,15,1.0,0.06900655593423542,600,Maybe he's just happy to see us.
4200,116,0,0,15,15,1.0,0.06900655593423542,600,"He must be their leader. People are always following him, dragged by a leash."
4192,116,0,0,15,15,1.0,0.06900655593423542,600,He’s Bowie’s.
4138,116,0,0,15,15,1.0,0.06900655593423542,600,How do we take it for a walk...
4131,116,0,0,15,15,1.0,0.06900655593423542,600,"The language scientists believe this creature is saying, ‘has anyone seen my tennis ball?’. Now, what is tennis ball?"
4031,116,0,0,15,15,1.0,0.06900655593423542,600,"This earthling is very friendly, but it poops and pees all over the place."
4014,116,0,0,15,15,1.0,0.06900655593423542,600,"Well! Woof, woof, waggle waggle, sure beats texting!"
3956,116,0,0,15,15,1.0,0.06900655593423542,600,It went somewhere in the bushes back Sirus X.
3833,116,0,0,15,15,1.0,0.06900655593423542,600,He's with us on a pro bono basis.
3743,116,0,0,15,15,1.0,0.06900655593423542,600,That's a what a human looks like?
3710,116,0,0,15,15,1.0,0.06900655593423542,600,I have second thoughts about traveling all this way from Dyslexia.
3658,116,0,0,15,15,1.0,0.06900655593423542,600,It’s simply taking longer to get the information you requested
3565,116,0,0,15,15,1.0,0.06900655593423542,600,Scotty really is becoming a more popular name for pets.
3463,116,0,0,15,15,1.0,0.06900655593423542,600,Do you mind lathering the Burt's Bee's before applying this time??
3445,116,0,0,15,15,1.0,0.06900655593423542,600,"Aw, can we keep him?"
4854,116,0,0,15,15,1.0,0.06900655593423542,600,"I guess when we instructed the transporter to send up the best of earth's civilization, we should have been more specific."
1753,116,0,0,15,15,1.0,0.06900655593423542,600,Is it woof woof? Ruff ruff? Arf arf? Or bow wow?
1705,116,0,0,15,15,1.0,0.06900655593423542,600,And you thought it was a good idea to let your teenager try to fix the transporter.
5576,116,0,0,14,14,1.0,0.07412493166611012,600,I thought it was better to cut out the middle man.
5326,116,0,0,14,14,1.0,0.07412493166611012,600,This specimen is effective in making humans act like humans.
5321,116,0,0,14,14,1.0,0.07412493166611012,600,"How can you defend Humans as ""dogs' best friend?"" Please. Thank you."
4877,116,0,0,14,14,1.0,0.07412493166611012,600,"They don't wear much clothing, do they?"
4834,116,0,0,14,14,1.0,0.07412493166611012,600,"Hey, I'm not going to space-walk him, you space-walk him!"
4812,116,0,0,14,14,1.0,0.07412493166611012,600,He’s asking no who gave his owner a Vulcan Nerve Pinch.
4793,116,0,0,14,14,1.0,0.07412493166611012,600,"He is amazing, the democrats have made him sound robotic. All he says his sexism, racism, and xenophobia over and over again"
4589,116,0,0,14,14,1.0,0.07412493166611012,600,Maybe we should take him on a f-l-o-a-t?
4552,116,0,0,14,14,1.0,0.07412493166611012,600,Beam me up Scotty! It's got to be better up there than it is down here!
4535,116,0,0,14,14,1.0,0.07412493166611012,600,Yeah...they walk behind me with a scoop. They pick it up and put in a bag and carry it home with them.
4394,116,0,0,14,14,1.0,0.07412493166611012,600,We just drag them around on leashes--unless you can get them off our backs.
4273,116,0,0,14,14,1.0,0.07412493166611012,600,Who's a good doggie!
4136,116,0,0,14,14,1.0,0.07412493166611012,600,"I was hoping it was a monkey, but Fido will do."
4094,116,0,0,14,14,1.0,0.07412493166611012,600,"Always look to wonder what is beyond. Aliens may be weird to us, but are we weird to them? Don't be afraid to explore. There is more than what meets the eye."
4079,116,0,0,14,14,1.0,0.07412493166611012,600,He uses a curious snout-in-crotch method of communication.
4038,116,0,0,14,14,1.0,0.07412493166611012,600,They say our country is going to the dogs. We don't want it. Can you help?
4030,116,0,0,14,14,1.0,0.07412493166611012,600,Yes! There is a mouse in my pocket.
3919,116,0,0,14,14,1.0,0.07412493166611012,600,"Now remember, no more chasing frisbees."
3834,116,0,0,14,14,1.0,0.07412493166611012,600,Many humans see to think that they live on a diet of homework.
5581,116,0,0,14,14,1.0,0.07412493166611012,600,"No, you can't go outside."
1727,116,0,0,15,15,1.0,0.06900655593423542,600,"Those window things come down eventually, right?"
5686,116,0,0,14,14,1.0,0.07412493166611012,600,Take me to your follower.
185,116,0,0,15,15,1.0,0.06900655593423542,600,We hope you also become our best friend.
1655,116,0,0,15,15,1.0,0.06900655593423542,600,"You will be our Earth Rover, so sniff around and report back."
1593,116,0,0,15,15,1.0,0.06900655593423542,600,Fuck. I wanted pussy but I got this instead.
1558,116,0,0,15,15,1.0,0.06900655593423542,600,"Finding Pluto not what I expected, but he is cute!"
1526,116,0,0,15,15,1.0,0.06900655593423542,600,Remember; bark four times when you find the one the humans call E.T.
1446,116,0,0,15,15,1.0,0.06900655593423542,600,"This one is way better than the last one named ""Trump""."
1410,116,0,0,15,15,1.0,0.06900655593423542,600,This is the best they have to offer.
1397,116,0,0,15,15,1.0,0.06900655593423542,600,"I really think our approach will work. But first we need to know what ""treat"" means."
1374,116,0,0,15,15,1.0,0.06900655593423542,600,"I mean, it's a cool costume, but this is the gathering of DOUG impersonators..."
1335,116,0,0,15,15,1.0,0.06900655593423542,600,People say he is like a stable genius.
1143,116,0,0,15,15,1.0,0.06900655593423542,600,"We're ready for your report, Chief Spy!"
1011,116,0,0,15,15,1.0,0.06900655593423542,600,"Sirs, while I appreciate you clarifying your meaning telepathically, my response is the same: I cannot take you TO him. My leader is around my neck!"
957,116,0,0,15,15,1.0,0.06900655593423542,600,Do we eat it or pet it---I'm not sure which.
895,116,0,0,15,15,1.0,0.06900655593423542,600,I think he's smart and obedient too. Watch this: Wag!
810,116,0,0,15,15,1.0,0.06900655593423542,600,"Yes, far more intelligent than what we expected to encounter"
760,116,0,0,15,15,1.0,0.06900655593423542,600,We've seen your species with other creatures who pick up your poop so we naturally thought you must be the superior of the two.
435,116,0,0,15,15,1.0,0.06900655593423542,600,You must improve your aim with the earth beam.
432,116,0,0,15,15,1.0,0.06900655593423542,600,"Tom-Tom, your Mission: Im-paws-sible"
355,116,0,0,15,15,1.0,0.06900655593423542,600,Is this their prized LAB specimen I asked you to beam up?
283,116,0,0,15,15,1.0,0.06900655593423542,600,"So, If we have intercourse with this earthling people will call us lazy and unproductive."
493,116,0,0,29,29,1.0,0.03509312031717982,600,Just a wild guess -is it Rumplestiltskin?
4969,116,0,0,15,15,1.0,0.06900655593423542,600,"Yay, it worked this time! Greta idea to test this on that weird creature he was with first."
5160,116,0,0,15,15,1.0,0.06900655593423542,600,We HAVE TO stop meeting like this.
5164,116,0,0,15,15,1.0,0.06900655593423542,600,"WELL THE BIPEDS SEEM TO COMMUNICATE WITH AN ORIFICE AT THE FRONT AND SECURE THIS QUADRUPEDS WASTE FROM AN ORIFICE AT ITS REAR, SO WHO KNOWS?"
4871,116,0,0,16,16,1.0,0.06454972243679027,600,Welcome to the Starship Dyslexia.
4855,116,0,0,16,16,1.0,0.06454972243679027,600,"If this is man’s best friend, this should be easy."
4759,116,0,0,16,16,1.0,0.06454972243679027,600,We said 'Scotty' not 'A Scotty'.
4661,116,0,0,16,16,1.0,0.06454972243679027,600,"His tag says Elon, but I think he's more of a Max."
4650,116,0,0,16,16,1.0,0.06454972243679027,600,What’s a well?
4399,116,0,0,16,16,1.0,0.06454972243679027,600,Trump seems more intelligent than what we thought.
4242,116,0,0,16,16,1.0,0.06454972243679027,600,I told you that this flight was going to the dogs.
4060,116,0,0,16,16,1.0,0.06454972243679027,600,"Let's name it ""Shithole""."
3913,116,0,0,16,16,1.0,0.06454972243679027,600,It smells like updog in here.
3671,116,0,0,16,16,1.0,0.06454972243679027,600,"I know he needs to go, but where will we find a fire hydrant?"
3597,116,0,0,16,16,1.0,0.06454972243679027,600,I hope he’s hypoallergenic
3527,116,0,0,16,16,1.0,0.06454972243679027,600,You’re coming with us as the representative to the Earth’s doomsday judgement.
3394,116,0,0,16,16,1.0,0.06454972243679027,600,Who's a good qizibork? You're a good qizibork.
3390,116,0,0,16,16,1.0,0.06454972243679027,600,We can't be too careful - zap him with the defleazinator!
3368,116,0,0,16,16,1.0,0.06454972243679027,600,"I was chasing a bird,"
3348,116,0,0,16,16,1.0,0.06454972243679027,600,"C'mon Tom tell me, did you sense any commonsense on earth yet ?"
3300,116,0,0,16,16,1.0,0.06454972243679027,600,He says his father’s name is Laika.
3131,116,0,0,16,16,1.0,0.06454972243679027,600,"Do you wanna go for a space walk? Do you, boy? Yes, you do. Yes, you do."
3124,116,0,0,16,16,1.0,0.06454972243679027,600,Earthlings need a space walk to reduce cargo...how quaint...
5136,116,0,0,16,16,1.0,0.06454972243679027,600,We asked the survey team to bring back the most intelligent creature they could find on Earth
3054,116,0,0,16,16,1.0,0.06454972243679027,600,"After beaming him up, it'd be stupid to tell him to 'stay', right?"
5387,116,0,0,16,16,1.0,0.06454972243679027,600,"of course I speak 6())*3$>""]"
5695,116,0,0,16,16,1.0,0.06454972243679027,600,"Aw, this one's even cuter!"
812,116,0,0,17,17,1.0,0.06063390625908324,600,Who's a good boy?
703,116,0,0,17,17,1.0,0.06063390625908324,600,"And they have these urinal things, that is why nothing is marked."
530,116,0,0,17,17,1.0,0.06063390625908324,600,We agreed that a tattoo wouldn't express commitment in quite the same way.
522,116,0,0,17,17,1.0,0.06063390625908324,600,"What do you mean 'I have to call him, Sir'?"
496,116,0,0,17,17,1.0,0.06063390625908324,600,Try to beam up some puppy pad...It's a long trip home
471,116,0,0,17,17,1.0,0.06063390625908324,600,His tail is wagging. Let's probe him to see why.
373,116,0,0,17,17,1.0,0.06063390625908324,600,I'll take care of it if you let us keep it.
132,116,0,0,17,17,1.0,0.06063390625908324,600,"He is scruffy-looking, but can he herd nerfs?"
45,116,0,0,17,17,1.0,0.06063390625908324,600,Your rescue dino has latched onto me.
4584,116,0,0,33,33,1.0,0.030772872744833184,600,Who's a good boy? Rex is a good boy!
2274,116,0,0,33,33,1.0,0.030772872744833184,600,"According to our research, it's called a 'pupper.' Humans say that they do not deserve them for reasons that remain unclear."
6038,116,0,0,16,16,1.0,0.06454972243679027,600,"No, I said roll over"
6028,116,0,0,16,16,1.0,0.06454972243679027,600,I didn't much care for his last batch of brownies.
5955,116,0,0,16,16,1.0,0.06454972243679027,600,we want that thing that is wagging behind you now.
5950,116,0,0,16,16,1.0,0.06454972243679027,600,"The perfect extraterrestrial that barks less, wags more."
5940,116,0,0,16,16,1.0,0.06454972243679027,600,"I thought you said ""God."" This thing is pretty much the opposite."
5885,116,0,0,16,16,1.0,0.06454972243679027,600,I think he understands our command structure.
5868,116,0,0,16,16,1.0,0.06454972243679027,600,"Yeah, it's crazy. They still haven't found out who the good boy is."
5744,116,0,0,16,16,1.0,0.06454972243679027,600,We finally have the resources for toupees.
5479,116,0,0,16,16,1.0,0.06454972243679027,600,I don’t think we are supposed to eat it.
2971,116,0,0,16,16,1.0,0.06454972243679027,600,I told my husband I was going on a girls trip. That sent him packing.
2905,116,0,0,16,16,1.0,0.06454972243679027,600,Who pressed the blue button?
2904,116,0,0,16,16,1.0,0.06454972243679027,600,You're from the Dog Star! Are you Sirius??
468,116,0,0,16,16,1.0,0.06454972243679027,600,It's alien to think this could be your best friend.
316,116,0,0,16,16,1.0,0.06454972243679027,600,But we checked him out on the internet...
235,116,0,0,16,16,1.0,0.06454972243679027,600,It seems to serve the will of a much more powerful 'Master.'
176,116,0,0,16,16,1.0,0.06454972243679027,600,Don't we need some pee pads?
99,116,0,0,16,16,1.0,0.06454972243679027,600,... and he won't share any of the hamburgers with you?
21,116,0,0,16,16,1.0,0.06454972243679027,600,We usually just take away a femur.
3,116,0,0,16,16,1.0,0.06454972243679027,600,It's a new thing called house arrest.
2744,116,0,0,31,31,1.0,0.032791291789197645,600,Are you sure that's a farmer from Idaho?
1915,116,0,0,31,31,1.0,0.032791291789197645,600,"Believe me, the feeling is mutual."
5993,116,0,0,15,15,1.0,0.06900655593423542,600,"So tell us, what's the deal with Poodles?"
5987,116,0,0,15,15,1.0,0.06900655593423542,600,Who rescued who?
5876,116,0,0,15,15,1.0,0.06900655593423542,600,Can't we get a ship's cat like every other UFO?
5799,116,0,0,15,15,1.0,0.06900655593423542,600,He's supposed to be their Dog.
5798,116,0,0,30,30,1.0,0.03390317518104052,600,"Here's what we know: alert eyes,loud noises, constant motion and lovable."
5625,116,0,0,15,15,1.0,0.06900655593423542,600,"I'm going to call her 'Oumuamua. You're the _real_ scout, 'Oumuamua. Yes you are! Yes you are!"
5620,116,0,0,15,15,1.0,0.06900655593423542,600,"Why do they insist on calling me Scotty? And what does beam me up even mean?"" All this for a bone."
5359,116,0,0,15,15,1.0,0.06900655593423542,600,"We've learned to control this Earthling's stinger by alternating the sounds, good boy...bath...good boy...bath."
5274,116,0,0,15,15,1.0,0.06900655593423542,600,"Hold on, fella. Let me grab a leash, and I'll take you for a moon walk."
5250,116,0,0,15,15,1.0,0.06900655593423542,600,Who's turn is it to take Laika out for a walk?
646,116,0,0,16,16,1.0,0.06454972243679027,600,Anyone see where the tennis ball floated?
859,116,0,0,16,16,1.0,0.06454972243679027,600,We found him their Internet.
934,116,0,0,16,16,1.0,0.06454972243679027,600,He said that on earth the people who do all the work look like us. He would like us to prepare his food.
951,116,0,0,16,16,1.0,0.06454972243679027,600,"We expected intelligent life here, but not smarter than us."
2840,116,0,0,16,16,1.0,0.06454972243679027,600,Whose going to take him for walks?
2812,116,0,0,16,16,1.0,0.06454972243679027,600,The scanner says he’s a good boy.
2790,116,0,0,16,16,1.0,0.06454972243679027,600,This should help with our cow herding problems.
2735,116,0,0,16,16,1.0,0.06454972243679027,600,"I said bring a Good Ol' Boy, not a Good Boy."
2718,116,0,0,16,16,1.0,0.06454972243679027,600,I am my master's voice. F.ck off!
2547,116,0,0,16,16,1.0,0.06454972243679027,600,Let's name him Rover.
2514,116,0,0,16,16,1.0,0.06454972243679027,600,What the hell?
2284,116,0,0,16,16,1.0,0.06454972243679027,600,"Well, since his license has expired, we must send him back."
2060,116,0,0,16,16,1.0,0.06454972243679027,600,"Oh wise one, how have you trained the human to scoop every time you poop?"
942,116,0,0,17,17,1.0,0.06063390625908324,600,Fetch!
2011,116,0,0,16,16,1.0,0.06454972243679027,600,Who's going to walk the dog?
1656,116,0,0,16,16,1.0,0.06454972243679027,600,"Thank you for your visit, we feel privileged to have met you, I'm sorry we had no common language. We must go back to that distant light in the sky we showed you. Ciao."
1623,116,0,0,16,16,1.0,0.06454972243679027,600,"I never thought they would look so much like a ""Dog"""
1358,116,0,0,16,16,1.0,0.06454972243679027,600,Another stray?
1357,116,0,0,16,16,1.0,0.06454972243679027,600,"He reports that if we can eliminate cats, we can control the planet within a week."
1313,116,0,0,16,16,1.0,0.06454972243679027,600,Star Paws: The Empire Strokes Back
1218,116,0,0,16,16,1.0,0.06454972243679027,600,He pursued us rather doggedly.
1136,116,0,0,16,16,1.0,0.06454972243679027,600,Take us to your humanoid companion.
1085,116,0,0,16,16,1.0,0.06454972243679027,600,This galaxy has gone to the dogs.
1032,116,0,0,16,16,1.0,0.06454972243679027,600,I took him out this morning.
1928,116,0,0,16,16,1.0,0.06454972243679027,600,Polly wanna cracker?
3570,116,0,0,21,21,1.0,0.048795003647426664,600,"Spaceman #2, do you believe Connery is The One True Bond or have you been compromised by the mysterious orbit of your origin?"
3670,116,0,0,21,21,1.0,0.048795003647426664,600,and we just ran out of probes - we'll have to use our fingers!
3741,116,0,0,21,21,1.0,0.048795003647426664,600,He's trained to smell Uranus light years away.
3690,116,0,0,15,15,1.0,0.06900655593423542,600,"So, how did you get your slaves to wait on you, and take care of your every need?"
3645,116,0,0,17,17,1.0,0.06063390625908324,600,"Abduction is no problem, but how do you get them to clean up after you?"
3624,116,0,0,13,13,1.0,0.08006407690254357,600,A great distraction! Hopefully THIS dog won't end up liking the aliens more.
3530,116,0,0,16,16,1.0,0.06454972243679027,600,"Nope, no others left. He played dead."
3518,116,0,0,14,14,1.0,0.07412493166611012,600,Looks like we need to work more on his fetching skills.
3491,116,0,0,17,17,1.0,0.06063390625908324,600,Become there best friend
3455,116,0,0,17,17,1.0,0.06063390625908324,600,That's not Kirk!
3432,116,0,0,12,12,1.0,0.08703882797784893,600,"You beamed me up, but I’m not a Scotty!"
3428,116,0,0,13,13,1.0,0.08006407690254357,600,Can we teach him to speak?
3417,116,0,0,19,19,1.0,0.05407380704358751,600,We understand this is the leader we are seeking.
3351,116,0,0,17,17,1.0,0.06063390625908324,600,They've pretty much conquered how to feed us but getting them to scoop up the waste is a work in progress.
3349,116,0,0,14,14,1.0,0.07412493166611012,600,Nobody's going to believe they are your oversized dolls you sell.. Anyway how are you going to get that in the overhead?
3319,116,0,0,18,18,1.0,0.05716619504750295,600,"Sure, you can be E.T.'s pet dog!"
3307,116,0,0,15,15,1.0,0.06900655593423542,600,We would like you to be our intergalactic ambassador.
3288,116,0,0,16,16,1.0,0.06454972243679027,600,Look Laika collusion
3284,116,0,0,15,15,1.0,0.06900655593423542,600,"WELCOME ABOARD! IF YOU MUST, FIRE HYDRANT STRAIGHT AHEAD!"
3199,116,0,0,15,15,1.0,0.06900655593423542,600,"Sorry, Zircon, in this disguise you'll have to lick the humans."
3187,116,0,0,15,15,1.0,0.06900655593423542,600,I think I'm more of byorkle person.
3179,116,0,0,17,17,1.0,0.06063390625908324,600,"Did you have a good float, Spot?"
3695,116,0,0,17,17,1.0,0.06063390625908324,600,"Another Entanglement 2.10 screw-up. We beamed up Scotty to fix the warp drive but we got this Labrador going ""Woof!"""
3166,116,0,0,13,13,1.0,0.08006407690254357,600,"Well, he does go by the name ""Elvis."""
3718,116,0,0,14,14,1.0,0.07412493166611012,600,The Russians of earth-year 1957 are more furry than we anticipated.
3740,116,0,0,19,19,1.0,0.05407380704358751,600,"Hey guys, looks like you’re having a ruff night."
4115,116,0,0,17,17,1.0,0.06063390625908324,600,wHo DIs nEw HoOe
4097,116,0,0,14,14,1.0,0.07412493166611012,600,"So, your saying that ""any shithole will do""?"
4075,116,0,0,16,16,1.0,0.06454972243679027,600,"Didn't we say ""please beam me up a Dalmation?"""
4043,116,0,0,13,13,1.0,0.08006407690254357,600,Finally...an intelligent life form!
4029,116,0,0,17,17,1.0,0.06063390625908324,600,I hope they use a leash when they let me out to pee.
4026,116,0,0,14,14,1.0,0.07412493166611012,600,"He says, even after centuries of study he has still not found intelligent life on earth."
4021,116,0,0,12,12,1.0,0.08703882797784893,600,"This one seems more intelligent than that one they call ""trump."""
3988,116,0,0,13,13,1.0,0.08006407690254357,600,Do you play soccer?
3971,116,0,0,13,13,1.0,0.08006407690254357,600,"I said, 'Beam me up a scotty,' not a golden retriever."
3967,116,0,0,16,16,1.0,0.06454972243679027,600,We only have people food.
3918,116,0,0,15,15,1.0,0.06900655593423542,600,He doesn't look like Lassie.
3908,116,0,0,19,19,1.0,0.05407380704358751,600,I gotta lay off the cat poo.
3905,116,0,0,16,16,1.0,0.06454972243679027,600,Now we can go home.
3903,116,0,0,13,13,1.0,0.08006407690254357,600,Oh My God! We need to repair this dyslexic transporter!
3852,116,0,0,18,18,1.0,0.05716619504750295,600,Who's a good inter-gallactic genetically engineered gender-unspecific canid?!
3828,116,0,0,13,13,1.0,0.08006407690254357,600,Meanwhile on earth: thank god they picked good old Bodo as example for earthlings!
3815,116,0,0,16,16,1.0,0.06454972243679027,600,So we are namesakes then.
3787,116,0,0,13,13,1.0,0.08006407690254357,600,"Time to go home, girl. It turns out retrievers aren’t a good fit in space."
3759,116,0,0,15,15,1.0,0.06900655593423542,600,"Check your translator, Quark. Clearly ""Take me to your beagle"" doesn't work."
3726,116,0,0,17,17,1.0,0.06063390625908324,600,fetched home after a long ride!
4123,116,0,0,10,10,1.0,0.10540925533894598,600,FIU4QY089RFJKDVKLJ. Arf arf.
3159,116,0,0,14,14,1.0,0.07412493166611012,600,He seems friendly but I prefer cats.
3138,116,0,0,12,12,1.0,0.08703882797784893,600,We transported you here because we heard you were top dog and head of the Flea World.
2805,116,0,0,12,12,1.0,0.08703882797784893,600,Abdogted - take me to your fleader
2798,116,0,0,18,18,1.0,0.05716619504750295,600,"Weird-it sounds like they just keep saying ""We come in Threes"""
2789,116,0,0,18,18,1.0,0.05716619504750295,600,"A Pointer, not a Scottie?"
2773,116,0,0,13,13,1.0,0.08006407690254357,600,Come to our planet! That's the most artistic series of woofs I've ever heard!
2770,116,0,0,16,16,1.0,0.06454972243679027,600,Your Time Is Up.
2755,116,0,0,11,11,1.0,0.09534625892455922,600,Our bad. Give us back our arms and we'll go peacefully.
2743,116,0,0,11,11,1.0,0.09534625892455922,600,We found him walking ahead of a 2-legged creature he was pulling along and it was clear he was the more intelligent life form.
2734,116,0,0,10,10,1.0,0.10540925533894598,600,"Sit, good boy! You are know traveling in space with creatures from another planet. If you wish to return to earth, you must bark 3 times."
2715,116,0,0,15,15,1.0,0.06900655593423542,600,I can teach you how to domesticate them.
2710,116,0,0,15,15,1.0,0.06900655593423542,600,What’s his name? Beamer
2706,116,0,0,19,19,1.0,0.05407380704358751,600,That's not Scotty.
2702,116,0,0,15,15,1.0,0.06900655593423542,600,"Very puzzling. Judging by our radio intercepts, we thought the earth creatures could communicate quite well."
2679,116,0,0,16,16,1.0,0.06454972243679027,600,"Sorry Ug, maybe another night. I’m under cave arrest."
2675,116,0,0,16,16,1.0,0.06454972243679027,600,It was supposed to be a Scotty.
2658,116,0,0,12,12,1.0,0.08703882797784893,600,I am lookin’ for the nearest tree.
2584,116,0,0,15,15,1.0,0.06900655593423542,600,My daughter wanted a cat but how can you resist that face
2583,116,0,0,14,14,1.0,0.07412493166611012,600,I think she wants to go for a spacewalk.
2570,116,0,0,17,17,1.0,0.06063390625908324,600,I guess my theory about intelligent life forms on earth was wrong!
2548,116,0,0,14,14,1.0,0.07412493166611012,600,KZTR TSBN JLCI FIDO
2826,116,0,0,10,10,1.0,0.10540925533894598,600,It seems a little too excited about taking us to its master.
3153,116,0,0,11,11,1.0,0.09534625892455922,600,"Okay, we get it, the trip here was rough..."
2841,116,0,0,15,15,1.0,0.06900655593423542,600,A bit to tuff and chewy for my taste. You can have the rest.
2881,116,0,0,13,13,1.0,0.08006407690254357,600,Everything we need to know about humans we can learn from dogs. And dogs are safer and self cleaning.
3122,116,0,0,10,10,1.0,0.10540925533894598,600,Who’s the good carbon-based lifeform?
3115,116,0,0,12,12,1.0,0.08703882797784893,600,Now Beam Me Up Now!!
3106,116,0,0,11,11,1.0,0.09534625892455922,600,"Are you sure it said ""god"" on his bowl, Dislexia?"
3099,116,0,0,14,14,1.0,0.07412493166611012,600,"Okay, so who is going to be first to walk him?"
3080,116,0,0,15,15,1.0,0.06900655593423542,600,"Ugly thing, isn't he?"
3079,116,0,0,17,17,1.0,0.06063390625908324,600,Perhaps we've finally found that higher intelligence we've been searching for.
3072,116,0,0,12,12,1.0,0.08703882797784893,600,"Remember , tell them you're a service dog - they'll let you go wherever you want."
3071,116,0,0,19,19,1.0,0.05407380704358751,600,So this is where they really sent ol’ yeller
3060,116,0,0,10,10,1.0,0.10540925533894598,600,Alien: how did you survive the vacuum of space? Dog: wait the what now
3046,116,0,0,12,12,1.0,0.08703882797784893,600,I'm gonna call him Alpha.
3030,116,0,0,12,12,1.0,0.08703882797784893,600,It won't work. He's the wrong breed.
3008,116,0,0,9,9,1.0,0.11785113019775792,600,All I said was beam me up Spottie!
2982,116,0,0,13,13,1.0,0.08006407690254357,600,"This being is highly evolved. It exists only for food, sleep, and play."
2977,116,0,0,19,19,1.0,0.05407380704358751,600,Teleport his waste to that bean counter who denied us the litterbox.
2960,116,0,0,12,12,1.0,0.08703882797784893,600,It's going to be a doggone shame.
2945,116,0,0,12,12,1.0,0.08703882797784893,600,What? Up dawg!
2933,116,0,0,13,13,1.0,0.08006407690254357,600,"I said ""beam me up a scottie"" and this is what turned up!"
2915,116,0,0,13,13,1.0,0.08006407690254357,600,Does It Bite ?
2910,116,0,0,12,12,1.0,0.08703882797784893,600,You fella's can't tell the difference between a dog and a human...?
2862,116,0,0,15,15,1.0,0.06900655593423542,600,I wish it was this easy to sniff out a human target for probing.
4168,116,0,0,16,16,1.0,0.06454972243679027,600,..yes:..we boys are made of snips and snails and puppy dog tails
4171,116,0,0,12,12,1.0,0.08703882797784893,600,When are you going to walk me already?
4202,116,0,0,12,12,1.0,0.08703882797784893,600,"Ok, who has the stick co-ordinates?"
5513,116,0,0,16,16,1.0,0.06454972243679027,600,"They just added this new species to our Anal Probing Research List.....and such a cute face! Hmmm, anybody want to volunteer ?"
5492,116,0,0,14,14,1.0,0.07412493166611012,600,Should we probe its trump?
5468,116,0,0,19,19,1.0,0.05407380704358751,600,We brought you here to pitch a movie concept -- The Flea!
5467,116,0,0,18,18,1.0,0.05716619504750295,600,what's a wee-wee pad?
5453,116,0,0,24,24,1.0,0.04256282653793743,600,Who's turn is it to walk Rover?
5426,116,0,0,19,19,1.0,0.05407380704358751,600,It's a new breed of space tourist.
5390,116,0,0,13,13,1.0,0.08006407690254357,600,glerba sherb galäquu gOrbb! :•)
5376,116,0,0,20,20,1.0,0.051298917604257706,600,"I didn’t abduct my dog, he abducted me."
5350,116,0,0,13,13,1.0,0.08006407690254357,600,They did say our new captain was the Top Dog. I thought he'd be taller...
5346,116,0,0,16,16,1.0,0.06454972243679027,600,But is it hot?
5336,116,0,0,10,10,1.0,0.10540925533894598,600,We've been watching you for a long time. Is it 'bow wow' or 'arf arf'?
5333,116,0,0,16,16,1.0,0.06454972243679027,600,"Boy, are you going to bow-wow them when you get there!"
5259,116,0,0,15,15,1.0,0.06900655593423542,600,"Beam me up, Labrador. No! Beam me up Schnauzer! Beam me up Yorkie?..."
5255,116,0,0,12,12,1.0,0.08703882797784893,600,"Your turn to walk him, Stan."
5251,116,0,0,18,18,1.0,0.05716619504750295,600,"We beamed you up, Scotty. Very enterprising of us, don't you think?"
5235,116,0,0,14,14,1.0,0.07412493166611012,600,I wish he'd stop following me to work.
5225,116,0,0,11,11,1.0,0.09534625892455922,600,"Hummmm, Hashtag says he's man's best friend"
5223,116,0,0,13,13,1.0,0.08006407690254357,600,"Play dead, Scotty."
5190,116,0,0,18,18,1.0,0.05716619504750295,600,I asked for a guinea pig.
5518,116,0,0,14,14,1.0,0.07412493166611012,600,"Isn't ""bow-wow"" the same in any language?"
5156,116,0,0,12,12,1.0,0.08703882797784893,600,When does it poop?
5519,116,0,0,17,17,1.0,0.06063390625908324,600,Told you he wasn't their leader.
5535,116,0,0,16,16,1.0,0.06454972243679027,600,Looks a bit like a Fetchem.
5920,116,0,0,17,17,1.0,0.06063390625908324,600,The rotting garbage scented bait draws a small but faithful audience.
5850,116,0,0,13,13,1.0,0.08006407690254357,600,"Look, what could wrong? All you have to do is find a human, put a leash on him and beam back up!"
5828,116,0,0,16,16,1.0,0.06454972243679027,600,Let’s see how far he can fetch.
5816,116,0,0,12,12,1.0,0.08703882797784893,600,What exactly is 'a dog's life' ?
5796,116,0,0,17,17,1.0,0.06063390625908324,600,Alien speaking “they really clean up your poop!
5759,116,0,0,17,17,1.0,0.06063390625908324,600,I think we shall call him Steve
5751,116,0,0,13,13,1.0,0.08006407690254357,600,What is a comfort dog?
5741,116,0,0,13,13,1.0,0.08006407690254357,600,So is this what the humans call a 'pupper' or a 'doggo'?
5729,116,0,0,12,12,1.0,0.08703882797784893,600,I thought we were getting a Scotty to beam us up.
5722,116,0,0,13,13,1.0,0.08006407690254357,600,Ol’ Scotty here is just beaming!
5710,116,0,0,16,16,1.0,0.06454972243679027,600,"Hurry, someone get some newspaper!"
5687,116,0,0,18,18,1.0,0.05716619504750295,600,It's Stephen Hawking!
5665,116,0,0,17,17,1.0,0.06063390625908324,600,Are you sure this is the right one? I thought that the earth creatures were more intelligent than that
5651,116,0,0,14,14,1.0,0.07412493166611012,600,Oh look Sam! Your wife is back.
5637,116,0,0,11,11,1.0,0.09534625892455922,600,"He never tells them, but I really want to know who the good boy is."
5630,116,0,0,17,17,1.0,0.06063390625908324,600,Are you sure its set to 350•?
5629,116,0,0,13,13,1.0,0.08006407690254357,600,"I come in peace to powwow,wow!"
5623,116,0,0,16,16,1.0,0.06454972243679027,600,"He obeyed our first command, but will he speak?"
5594,116,0,0,21,21,1.0,0.048795003647426664,600,How do you milk this thing?
5527,116,0,0,19,19,1.0,0.05407380704358751,600,It’s the latest thing for times when you can’t get out to walk your dog......
5150,116,0,0,13,13,1.0,0.08006407690254357,600,Mission accomplished. I've abducted the smartest occupant of the White House.
5139,116,0,0,11,11,1.0,0.09534625892455922,600,Yes we're going for a ride...no you can't stick your head out the window.
5135,116,0,0,11,11,1.0,0.09534625892455922,600,Wanna go for a ride?
4529,116,0,0,13,13,1.0,0.08006407690254357,600,I am surrounded by aliens
4521,116,0,0,15,15,1.0,0.06900655593423542,600,I think he needs some space!
4509,116,0,0,11,11,1.0,0.09534625892455922,600,Oh I know..... LET'S NAME IT.... SHITHOLE it does that a lot........!
4506,116,0,0,14,14,1.0,0.07412493166611012,600,"Welcome to planet dyslexia, god!"
4458,116,0,0,21,21,1.0,0.048795003647426664,600,"As I recall, Snrgll, you ate the sex organs of our last visitor, so I think it's someone else's turn."
4455,116,0,0,17,17,1.0,0.06063390625908324,600,"I wonder if he realizes ""neutered"" means the same thing on our planet?"
4439,116,0,0,15,15,1.0,0.06900655593423542,600,It's some cereal. It's supposed to be good for ya.
4415,116,0,0,14,14,1.0,0.07412493166611012,600,He truly enjoys the view through the window!
4409,116,0,0,14,14,1.0,0.07412493166611012,600,That's not my luggage.
4405,116,0,0,17,17,1.0,0.06063390625908324,600,And we have to take him out twice a day!
4357,116,0,0,10,10,1.0,0.10540925533894598,600,...and we’ll try to beam you to a shithole.
4356,116,0,0,11,11,1.0,0.09534625892455922,600,And do try to beam me to a shithole.
4340,116,0,0,19,19,1.0,0.05407380704358751,600,"Humans have evolved, Sir, since our missions here in the ’50s."
4338,116,0,0,13,13,1.0,0.08006407690254357,600,I told you this was going to be a problem....
4311,116,0,0,14,14,1.0,0.07412493166611012,600,"I'm putting 3,000 zorbecks on 25 red."
4301,116,0,0,12,12,1.0,0.08703882797784893,600,He just did an ass drag..
4247,116,0,0,12,12,1.0,0.08703882797784893,600,Why do you keep asking if we brought the ball?
4238,116,0,0,12,12,1.0,0.08703882797784893,600,I prefer Spin the Bottle.
4223,116,0,0,14,14,1.0,0.07412493166611012,600,I'm sure his 7&tz1 is worse than his ++92%!
4550,116,0,0,18,18,1.0,0.05716619504750295,600,"For an alien life form, he looks a little rough!"
4559,116,0,0,18,18,1.0,0.05716619504750295,600,"I've heard of absurd, but this is ridiculous!"
4567,116,0,0,15,15,1.0,0.06900655593423542,600,Take us to your Cesar.
4569,116,0,0,13,13,1.0,0.08006407690254357,600,We told you to fetch your leader.
5118,116,0,0,14,14,1.0,0.07412493166611012,600,"Scotty, not Spotty!"
5116,116,0,0,14,14,1.0,0.07412493166611012,600,Wonder what they thought of him down there?
5069,116,0,0,11,11,1.0,0.09534625892455922,600,"Remember all safety procedures when debarking, and try not to be catty with the humans."
5033,116,0,0,20,20,1.0,0.051298917604257706,600,"I'm sorry, it's the Scotty's day off."
5017,116,0,0,22,22,1.0,0.046524210519923545,600,Wanat Reeet?
4972,116,0,0,21,21,1.0,0.048795003647426664,600,AND WE HAVE DOG FOOD IN THE SHAPE OF A BONE. DO YOU HAVE THAT UP THERE?
4945,116,0,0,14,14,1.0,0.07412493166611012,600,Why do we even bother with the Rover? We just back sticks.
4934,116,0,0,14,14,1.0,0.07412493166611012,600,"He looks friendly, but does he come from a s***hole planet?"
4860,116,0,0,13,13,1.0,0.08006407690254357,600,"I think his name is Woof. ""Bow wow"" means ""hello""."
2543,116,0,0,14,14,1.0,0.07412493166611012,600,Dog is my co-pilot.
4840,116,0,0,17,17,1.0,0.06063390625908324,600,Will you tell us if we give you a glorp?
4770,116,0,0,13,13,1.0,0.08006407690254357,600,Beam him back Scotty!
4768,116,0,0,16,16,1.0,0.06454972243679027,600,This time his get up and go is too far-fetched.
4766,116,0,0,12,12,1.0,0.08703882797784893,600,better not abscond him...four legged humans would never get past security.
4718,116,0,0,14,14,1.0,0.07412493166611012,600,You said you needed a new co-pilot.
4708,116,0,0,14,14,1.0,0.07412493166611012,600,Perhaps we should have been more specific regarding “who’s” leader.
4696,116,0,0,14,14,1.0,0.07412493166611012,600,Her leader called her a bitch but I could see she was the superior species.
4655,116,0,0,12,12,1.0,0.08703882797784893,600,We must learn why it chases saucers.
4633,116,0,0,14,14,1.0,0.07412493166611012,600,This world accepts a master more readily than expected.
4572,116,0,0,12,12,1.0,0.08703882797784893,600,You forgot to beam up Dorothy.
4823,116,0,0,14,14,1.0,0.07412493166611012,600,He does his business in another dimension. It saves on baggies.
2486,116,0,0,14,14,1.0,0.07412493166611012,600,I think we should call him Sci-Fido! I think we should call him Sci-Fido!
2476,116,0,0,16,16,1.0,0.06454972243679027,600,That tan is developing quite nicely along his snout.
2457,116,0,0,17,17,1.0,0.06063390625908324,600,"Essentially, I'm the one you know as ""Little Timmy."" But you have the gist of the story, Yes."
2190,116,0,0,26,26,1.0,0.03922322702763681,600,"If I'm being honest, I would say we're more man's *good* friend than than best friend."
5997,116,0,0,25,25,1.0,0.040824829046386304,600,God speed to our best friend!
5847,116,0,0,25,25,1.0,0.040824829046386304,600,It always happens during vacations
4257,116,0,0,25,25,1.0,0.040824829046386304,600,Don't forget the pooper scooper.
4004,116,0,0,25,25,1.0,0.040824829046386304,600,Fantastic ! Now we can determine what's in this creature's waste.
3788,116,0,0,25,25,1.0,0.040824829046386304,600,Beam him up and out.
3584,116,0,0,25,25,1.0,0.040824829046386304,600,"Beam me up, Scottie Dog."
2376,116,0,0,25,25,1.0,0.040824829046386304,600,We only use Bitecoin! Why won’t you believe me?
1690,116,0,0,25,25,1.0,0.040824829046386304,600,I doubt he's intergalactic trained.
796,116,0,0,25,25,1.0,0.040824829046386304,600,"The earth boy called it ""Astro"" just before assimilation."
5858,116,0,0,24,24,1.0,0.04256282653793743,600,"He says he's from Planet ""Arf""."
5822,116,0,0,24,24,1.0,0.04256282653793743,600,"I thought we were getting McConaughey, Bullock or Damon."
5240,116,0,0,24,24,1.0,0.04256282653793743,600,Dogs are gods on Sunaru.
4478,116,0,0,24,24,1.0,0.04256282653793743,600,where's the leash?
4053,116,0,0,24,24,1.0,0.04256282653793743,600,We specifically requested a Beagle.
3922,116,0,0,24,24,1.0,0.04256282653793743,600,"Speak, Buddy, Speak!"
3782,116,0,0,24,24,1.0,0.04256282653793743,600,I AM G.O.D.!!!!
3268,116,0,0,24,24,1.0,0.04256282653793743,600,"So, Zork, did you learn anything else on Earth except how to fetch?"
3117,116,0,0,24,24,1.0,0.04256282653793743,600,"This one is looking ""ruff""."
3247,116,0,0,26,26,1.0,0.03922322702763681,600,Looks like it's gonna' be a three Martian night.
2872,116,0,0,24,24,1.0,0.04256282653793743,600,Which of you would like the privilege of picking up after me?
3329,116,0,0,26,26,1.0,0.03922322702763681,600,I am your anointed leader
1076,116,0,0,27,27,1.0,0.03774256780481986,600,"Any of you guys interested in some 'Victrola' stock, cheap?"
287,116,0,0,16,16,1.0,0.06454972243679027,600,I'm under house pet arrest.
266,116,0,0,13,13,1.0,0.08006407690254357,600,How does it text.
231,116,0,0,16,16,1.0,0.06454972243679027,600,"Finally, an alien who understands me!"
175,116,0,0,11,11,1.0,0.09534625892455922,600,Yet another service dog.
164,116,0,0,15,15,1.0,0.06900655593423542,600,They say he is man's best friend on Earth.
141,116,0,0,12,12,1.0,0.08703882797784893,600,This will definitely be the farthest I've ever seen him fetch.
96,116,0,0,10,10,1.0,0.10540925533894598,600,The life entities of this planet seem friendly enough - his companion with the MAGA hat tried to lick me too!
70,116,0,0,15,15,1.0,0.06900655593423542,600,Dogonit!
65,116,0,0,12,12,1.0,0.08703882797784893,600,"Albuquerque! I said, do you know the way to Albuquerque!"
54,116,0,0,10,10,1.0,0.10540925533894598,600,Think of the big leap for doggy-kind.
53,116,0,0,16,16,1.0,0.06454972243679027,600,Maybe we should do the probe again.
28,116,0,0,15,15,1.0,0.06900655593423542,600,I'm under house arrest
1,116,0,0,16,16,1.0,0.06454972243679027,600,A nagging innovation. They call it cave-arrest.
1344,116,0,0,31,31,1.0,0.032791291789197645,600,Can we probe him?
4435,116,0,0,28,28,1.0,0.036369648372665396,600,It’s not Uranus I’m thinking about. It’s his.
2586,116,0,0,28,28,1.0,0.036369648372665396,600,Well of course we can beam you back down to Pluto! Just be careful whom you wag to.
26,116,0,0,28,28,1.0,0.036369648372665396,600,"Yeah, but my neck has never felt better."
4466,116,0,0,27,27,1.0,0.03774256780481986,600,The creature escaped from a building that read SPCA - I was looking for help with our spacecraft and thought it could help us.
2820,116,0,0,27,27,1.0,0.03774256780481986,600,His chew toy rolled under the couch.
5922,116,0,0,26,26,1.0,0.03922322702763681,600,Knick-Knack-Paddy-Whack-Give-A-Dog-A-Phone-Home
2534,116,0,0,24,24,1.0,0.04256282653793743,600,We lost the human attached to it.
1917,116,0,0,24,24,1.0,0.04256282653793743,600,Three against one?
121,116,0,0,24,24,1.0,0.04256282653793743,600,Did he say roof or ruff ?
3004,116,0,0,22,22,1.0,0.046524210519923545,600,his speech patterns are off the chain; this is going to take a while
2640,116,0,0,22,22,1.0,0.046524210519923545,600,"Gentlemen, this is step 1 in how to make a dog star."
2560,116,0,0,22,22,1.0,0.046524210519923545,600,airbnb advertised a meaty-or?
2205,116,0,0,22,22,1.0,0.046524210519923545,600,* dog barks loudly * Send him back to Earth!
1950,116,0,0,22,22,1.0,0.046524210519923545,600,...Let’s deport him back to earth...he’ll want to chain emigrate every cur down there...
1734,116,0,0,22,22,1.0,0.046524210519923545,600,He's not talking. Let's rough him up.
1444,116,0,0,22,22,1.0,0.046524210519923545,600,"I took him along because he gave the secret password, Woof!"
1307,116,0,0,22,22,1.0,0.046524210519923545,600,Not to worry. We'll beam you up Scotty.
1251,116,0,0,22,22,1.0,0.046524210519923545,600,Earthlings are much more well behaved than what our 'fake news' reports would tell us.
1077,116,0,0,22,22,1.0,0.046524210519923545,600,"We found it far superior to the upright, two-legged creatures on the orb."
439,116,0,0,22,22,1.0,0.046524210519923545,600,We must presume these are the masters. All other species tolerate their public defecation.
5961,116,0,0,21,21,1.0,0.048795003647426664,600,Ubu?
5757,116,0,0,21,21,1.0,0.048795003647426664,600,"Finally, we have their leader."
5678,116,0,0,21,21,1.0,0.048795003647426664,600,What kind of cat is that?
4831,116,0,0,21,21,1.0,0.048795003647426664,600,Don't worry. This diplomat will deliver.
4453,116,0,0,21,21,1.0,0.048795003647426664,600,He says he wants to sniff our butts.
4342,116,0,0,21,21,1.0,0.048795003647426664,600,Nice car. Shotgun!
4052,116,0,0,21,21,1.0,0.048795003647426664,600,Where’s your gentle leader?
3882,116,0,0,21,21,1.0,0.048795003647426664,600,She seemed the only one worth saving from that pit of excrement.
3316,116,0,0,22,22,1.0,0.046524210519923545,600,Just beam him out before he eats your left arm too!
3502,116,0,0,22,22,1.0,0.046524210519923545,600,We never should have sent the dyslexic recruit to investigate their deity.
3564,116,0,0,22,22,1.0,0.046524210519923545,600,Hi. Take me to your breeder.
3753,116,0,0,22,22,1.0,0.046524210519923545,600,We have traveled from a galaxy far far away... please help us to understand these so-called 'dog years.'
5565,116,0,0,23,23,1.0,0.044455422447438706,600,Why didn't we get a poodle? Now I'm feeling allergic.
5362,116,0,0,23,23,1.0,0.044455422447438706,600,Can we keep him?....he's hypoallergenic.
5355,116,0,0,23,23,1.0,0.044455422447438706,600,I think he liked the ancient newspaper better.
4841,116,0,0,23,23,1.0,0.044455422447438706,600,We requested Earth’s most magnificent Cure-all.
3878,116,0,0,23,23,1.0,0.044455422447438706,600,"Yes, it's exactly like ""The Last Starfighter"" but with burying bones!"
2886,116,0,0,23,23,1.0,0.044455422447438706,600,"Don't hurt him, Xyfor. Any friend of theirs is a friend of ours."
2863,116,0,0,23,23,1.0,0.044455422447438706,600,"We actually took him awa from his lead, er...."
2139,116,0,0,23,23,1.0,0.044455422447438706,600,"Pardons for our ignorance, your excellency; but how do we spin ""Woof"" into a movement for the masses?"
1856,116,0,0,23,23,1.0,0.044455422447438706,600,He seems excited about our anti-cat pro stick agenda.
328,116,0,0,15,15,1.0,0.06900655593423542,600,"Soon, he’ll be eating out of our hands."
1838,116,0,0,23,23,1.0,0.044455422447438706,600,"First one to bark, would be the first one to disembark!"
1584,116,0,0,23,23,1.0,0.044455422447438706,600,Back up. He has space issues.
694,116,0,0,23,23,1.0,0.044455422447438706,600,Apparently in cities it's processed food is very collectable!
115,116,0,0,23,23,1.0,0.044455422447438706,600,I wish I could probe myself.
5884,116,0,0,22,22,1.0,0.046524210519923545,600,"Fido, you’ll have to hold ‘til the meteor storm passes."
5322,116,0,0,22,22,1.0,0.046524210519923545,600,"Where is the orange vest? Without one, our fees will be astronomical."
4754,116,0,0,22,22,1.0,0.046524210519923545,600,Can I get to the pet store from here?
4743,116,0,0,22,22,1.0,0.046524210519923545,600,"Dog: ""They kidnapped me because they need a best friend"""
4580,116,0,0,22,22,1.0,0.046524210519923545,600,Are you sure this is the intelligent life we were expecting?
4310,116,0,0,22,22,1.0,0.046524210519923545,600,Now I understand how someone like Trump could be elected.
1609,116,0,0,23,23,1.0,0.044455422447438706,600,That is very observant of you - we do all look the same up here.
3771,116,0,0,14,14,1.0,0.07412493166611012,600,This is the most intelligent species on this planet
349,116,0,0,13,13,1.0,0.08006407690254357,600,Not at all like the Greys we imagined.
415,116,0,0,12,12,1.0,0.08703882797784893,600,If we can learn how he did it... then we won’t ever need our female species again!”
2013,116,0,0,12,12,1.0,0.08703882797784893,600,It's the most advanced species we've found on Earth: wordless communication and a warless society.
1990,116,0,0,18,18,1.0,0.05716619504750295,600,Apologies Earthling.....you are not one..... and what is a frisbee?
1987,116,0,0,12,12,1.0,0.08703882797784893,600,Don’t look at me for an explanation. He didn’t beam up with us.
1981,116,0,0,13,13,1.0,0.08006407690254357,600,Bruh this is the fatass that's been eating all them Tide pods we needed
1960,116,0,0,18,18,1.0,0.05716619504750295,600,Siriusly? This is day #1271 and you still don't know we can't take you out to play fetch?
1959,116,0,0,14,14,1.0,0.07412493166611012,600,"Ah, I have three pets and a nice space view- now all I need is that new jacuzzi."
1946,116,0,0,10,10,1.0,0.10540925533894598,600,"As the most intelligent life form, we're taking you home with us."
1890,116,0,0,14,14,1.0,0.07412493166611012,600,We see that you’re a leaker.
1889,116,0,0,13,13,1.0,0.08006407690254357,600,I said “up Scotty” not “a Scottie.”
1867,116,0,0,14,14,1.0,0.07412493166611012,600,"Okay, I didn't resign. I was impeached."
1851,116,0,0,14,14,1.0,0.07412493166611012,600,"Ruh-roh, they are sending you to the White House."
1832,116,0,0,17,17,1.0,0.06063390625908324,600,Bring me to your litter.
1829,116,0,0,14,14,1.0,0.07412493166611012,600,"We asked for a representative who is compassionate, loving, non-judgmental, accepting of our unusual appearance and willing to listen to what we have to say."
1769,116,0,0,13,13,1.0,0.08006407690254357,600,Who's a good blorphmablop?
1755,116,0,0,15,15,1.0,0.06900655593423542,600,I thought you said it would salivate.
1687,116,0,0,13,13,1.0,0.08006407690254357,600,It has plenty of hair we can harvest for three toupees.
1657,116,0,0,22,22,1.0,0.046524210519923545,600,"Agent Scruffy, what are you anal probe findings?"
1631,116,0,0,17,17,1.0,0.06063390625908324,600,"I said apple, not ALPO!"
1626,116,0,0,12,12,1.0,0.08703882797784893,600,Is he Zorgon-trained?
2018,116,0,0,16,16,1.0,0.06454972243679027,600,"Space Dogs, 2010: but one of them died"
1625,116,0,0,11,11,1.0,0.09534625892455922,600,A perfect specimen of a mormon female.
2056,116,0,0,16,16,1.0,0.06454972243679027,600,I think you may have invented alligator clamps
2071,116,0,0,12,12,1.0,0.08703882797784893,600,"Just remember kids, you promised to walk him."
2388,116,0,0,19,19,1.0,0.05407380704358751,600,He says his name is Bow Wow and he comes from the planet Arf.
2379,116,0,0,13,13,1.0,0.08006407690254357,600,"""How long did it take you yo rule the planet EARTH""?"
2338,116,0,0,14,14,1.0,0.07412493166611012,600,"Dog wags tail, that's much better. Beam it down."
2328,116,0,0,11,11,1.0,0.09534625892455922,600,"If we name it, we'll have to keep it."
2299,116,0,0,13,13,1.0,0.08006407690254357,600,The dogspotting mods will yell at me for posting this.
2271,116,0,0,13,13,1.0,0.08006407690254357,600,"He doesn't appear to be afraid or anxious. He does seem to be communicating a desire to go 'out', whatever that means."
2251,116,0,0,16,16,1.0,0.06454972243679027,600,Can you get Lincoln up here too?
2238,116,0,0,10,10,1.0,0.10540925533894598,600,So this is the supposed “Intelligent Species”?!
2232,116,0,0,15,15,1.0,0.06900655593423542,600,I said take us to your leader but he said we probably wouldn't be allowed in.
2231,116,0,0,15,15,1.0,0.06900655593423542,600,"Foiled, woof, again!"
2194,116,0,0,16,16,1.0,0.06454972243679027,600,"Eh, Greetings from Earth?"
2192,116,0,0,13,13,1.0,0.08006407690254357,600,"No, I don’t know Seth McFarland!"
2184,116,0,0,19,19,1.0,0.05407380704358751,600,Rut row
2175,116,0,0,12,12,1.0,0.08703882797784893,600,Here Snoop! Here Snoop!
2169,116,0,0,20,20,1.0,0.051298917604257706,600,I found myself and my next startup idea!
2153,116,0,0,12,12,1.0,0.08703882797784893,600,So far we know that arf-arf-woof is a command for a lesser being to gather up poop.
2130,116,0,0,12,12,1.0,0.08703882797784893,600,Stop staring and start petting.
2124,116,0,0,15,15,1.0,0.06900655593423542,600,...and so the USS Enterprise eventually became designated Air Force One...
2114,116,0,0,16,16,1.0,0.06454972243679027,600,"As you can see, you have made a terrible mistake. I am not a Scottie."
2059,116,0,0,16,16,1.0,0.06454972243679027,600,How did these humans build a civilization without opposable thumbs??
1582,116,0,0,20,20,1.0,0.051298917604257706,600,Go for a walk?
1514,116,0,0,22,22,1.0,0.046524210519923545,600,Beam me up Scooby.
1504,116,0,0,15,15,1.0,0.06900655593423542,600,We've selected you because you're a very good girl.
834,116,0,0,15,15,1.0,0.06900655593423542,600,What hath dog wrought
824,116,0,0,11,11,1.0,0.09534625892455922,600,"Well, we beamed him up, but he's not a Scottie!"
819,116,0,0,15,15,1.0,0.06900655593423542,600,It’s hard to know where to start.
802,116,0,0,22,22,1.0,0.046524210519923545,600,Woah! It is telling me with telepathic powers that there are these weird things on Earth called... Hoomins?
797,116,0,0,11,11,1.0,0.09534625892455922,600,I understand that Canines communicate by tail movement.
762,116,0,0,11,11,1.0,0.09534625892455922,600,"Well, it wasn’t our first choice but it keeps its rear discharge port very clean and our probe won’t need decontamination."
761,116,0,0,12,12,1.0,0.08703882797784893,600,Who is your best friend?
758,116,0,0,18,18,1.0,0.05716619504750295,600,Should we take him back to our planet or leave him here in Alabama?
755,116,0,0,13,13,1.0,0.08006407690254357,600,Take me back home or I will piss and poop all over this place.
743,116,0,0,15,15,1.0,0.06900655593423542,600,Think he's a good boy?
708,116,0,0,13,13,1.0,0.08006407690254357,600,So who forgot to call the teleporter repair guy?
688,116,0,0,16,16,1.0,0.06454972243679027,600,He just wants to go outside and pee!
658,116,0,0,16,16,1.0,0.06454972243679027,600,"""Fly back to Area 51, for an epic 'good boy fetch!'"
644,116,0,0,11,11,1.0,0.09534625892455922,600,He is more intelligent than that orange haired oaf they tried to push on us.
605,116,0,0,13,13,1.0,0.08006407690254357,600,"It was all in your timing. You said ""Beam me up Scotty."""
602,116,0,0,17,17,1.0,0.06063390625908324,600,"Scotty, is that you?"
452,116,0,0,14,14,1.0,0.07412493166611012,600,Good boy -- now go fetch.
443,116,0,0,11,11,1.0,0.09534625892455922,600,"'Tis a dog's tail, signifying nothing--and everything."
423,116,0,0,16,16,1.0,0.06454972243679027,600,He's a little anxious whenever we have company.
847,116,0,0,16,16,1.0,0.06454972243679027,600,What would Krypto do?
866,116,0,0,13,13,1.0,0.08006407690254357,600,I've read about similar Earth creatures. This then must be a rattle dog.
867,116,0,0,15,15,1.0,0.06900655593423542,600,uh.. oh.. Chickie was in the beam with Rudy
868,116,0,0,16,16,1.0,0.06454972243679027,600,"I'm betting if we had sent a dog to the moon 50 years ago, would we'd have many close Extraterrestrial friends by now? Who knows, maybe they'd even sit up and roll over for us!"
1458,116,0,0,17,17,1.0,0.06063390625908324,600,"I said from the parking lot, not barking lot!"
1447,116,0,0,15,15,1.0,0.06900655593423542,600,Yes I'm sure I want to do a brain swap with this dumbass dog. My alien body sucks I wanna be a dog.
1426,116,0,0,16,16,1.0,0.06454972243679027,600,I thought his crap circles were messages!
1354,116,0,0,12,12,1.0,0.08703882797784893,600,It's your turn to let him out this time.
1324,116,0,0,12,12,1.0,0.08703882797784893,600,He thinks he is going for a walk.
1262,116,0,0,15,15,1.0,0.06900655593423542,600,Ain't that a bitch?--We won't know till it stands up!
1216,116,0,0,15,15,1.0,0.06900655593423542,600,"I translate his tail language as ""Take me to your Leader""."
1183,116,0,0,20,20,1.0,0.051298917604257706,600,"Those humans down there are total idiots, and that feline thing kept scratching holes in our spacesuits, but now I think we are on to something..."
1140,116,0,0,17,17,1.0,0.06063390625908324,600,"Either our transport signal is off by a few meters, or XYBLX transformed into a squirrel chasing monster..."
359,116,0,0,14,14,1.0,0.07412493166611012,600,whose turn is it to walk the dog...
1106,116,0,0,13,13,1.0,0.08006407690254357,600,But you claimed you were a scientist on the Internet.
1027,116,0,0,12,12,1.0,0.08703882797784893,600,bro look at this fuckin dog lmao
1008,116,0,0,18,18,1.0,0.05716619504750295,600,When I asked your to bring up a rover I thought it would be suitable for the moon. This model is always looking for trees.
1005,116,0,0,13,13,1.0,0.08006407690254357,600,Teach us your most beguiling tricks
999,116,0,0,14,14,1.0,0.07412493166611012,600,Pretty please can we keep him?
989,116,0,0,12,12,1.0,0.08703882797784893,600,"Glorgg, I told you Earthlings won’t just look like us with shorter faces! You have no imagination."
984,116,0,0,19,19,1.0,0.05407380704358751,600,It's called a human being
933,116,0,0,17,17,1.0,0.06063390625908324,600,I swear he threw it
927,116,0,0,16,16,1.0,0.06454972243679027,600,"Everybody be careful; it may be a man's best friend, but we're not sure what it thinks about aliens."
901,116,0,0,14,14,1.0,0.07412493166611012,600,You said it was only on the top of their heads.
1096,116,0,0,14,14,1.0,0.07412493166611012,600,"Call Gort, he speaks dog."
3904,116,0,0,24,24,1.0,0.04256282653793743,600,"Alien 1: This is the nicest thing you can find on Earth? Alien 3: Lately, the Earth-life has been ruff..."
3749,116,0,0,14,14,1.0,0.07412493166611012,600,Who's a good alien?
3636,116,0,0,14,14,1.0,0.07412493166611012,600,"How about you just sniff it, instead?"
101,116,0,0,19,19,1.0,0.05407380704358751,600,Woof.
73,116,0,0,19,19,1.0,0.05407380704358751,600,The earthling's rear antenna moves like that whenever we ask it who's a good boy.
5114,116,0,0,28,28,1.0,0.036369648372665396,600,Do you have all your shots?
5045,116,0,0,28,28,1.0,0.036369648372665396,600,Do you think he's spaceship trained?
4866,116,0,0,28,28,1.0,0.036369648372665396,600,"On the Intetgalacticnet, no one knows you're a dog."
3317,116,0,0,28,28,1.0,0.036369648372665396,600,"Who let the dog up? Who, who, who, who?"
2833,116,0,0,28,28,1.0,0.036369648372665396,600,Take us to your best boy
2035,116,0,0,28,28,1.0,0.036369648372665396,600,Golden retriever > Golden (orange) president
1738,116,0,0,28,28,1.0,0.036369648372665396,600,I'm pretty sure we got the more intelligent one.
1628,116,0,0,28,28,1.0,0.036369648372665396,600,Just Beam it back DOWN...
1568,116,0,0,28,28,1.0,0.036369648372665396,600,What's that girl? Our comrade has fallen into a gravity well?
1437,116,0,0,28,28,1.0,0.036369648372665396,600,A close encounter of the furred kind.
1312,116,0,0,28,28,1.0,0.036369648372665396,600,It's your turn to walk him.
275,116,0,0,28,28,1.0,0.036369648372665396,600,Dog-Gone-It
5215,116,0,0,34,34,1.0,0.029854071701326604,600,Probably a better choice for a best friend than ‘man’ was....
5157,116,0,0,37,37,1.0,0.02739983121755955,600,"We had tails at one time, right?"
6041,116,0,0,27,27,1.0,0.03774256780481986,600,I wonder if he can breathe fire like the ones on our home planet?
5739,116,0,0,18,18,1.0,0.05716619504750295,600,The Zinalites' mission to destroy earth was abruptly terminated when they found earth creatures to be too darn lovable.
5738,116,0,0,18,18,1.0,0.05716619504750295,600,"Yes, we have finally harnessed the power of tail wagging energy!"
209,116,0,0,19,19,1.0,0.05407380704358751,600,"In or out? C'mon boy, make up your mind."
5582,116,0,0,18,18,1.0,0.05716619504750295,600,can you find the spaceship keys?
228,116,0,0,19,19,1.0,0.05407380704358751,600,He said he would take all of us to his leader.
333,116,0,0,19,19,1.0,0.05407380704358751,600,"He's wearing a collar, but where's his leader?"
3192,116,0,0,19,19,1.0,0.05407380704358751,600,"I shall name him after my shuttlecraft, Rover."
3047,116,0,0,19,19,1.0,0.05407380704358751,600,The invisible fusion fence isn't working.
3044,116,0,0,19,19,1.0,0.05407380704358751,600,I told you barking at the moon is an earthly expression.
2927,116,0,0,19,19,1.0,0.05407380704358751,600,Do you think they spell their words from left to right?
2923,116,0,0,19,19,1.0,0.05407380704358751,600,Can we beam with you to your lead dog?
2866,116,0,0,19,19,1.0,0.05407380704358751,600,It's your turn to take him outside.
2212,116,0,0,19,19,1.0,0.05407380704358751,600,He looks a lot like my Xeno. Might even be littermate.
2186,116,0,0,19,19,1.0,0.05407380704358751,600,"We tried to capture his custodian, too, but she dropped the leash and ran away."
1922,116,0,0,19,19,1.0,0.05407380704358751,600,"Lots of sticks and balls, but he hasn't retrieved any gold yet."
1777,116,0,0,19,19,1.0,0.05407380704358751,600,"He may not always be the most well-behaved pet, but at least he's housetrained"
1469,116,0,0,19,19,1.0,0.05407380704358751,600,X9 finally got the tail thing right. It's time to beam him down.
1395,116,0,0,19,19,1.0,0.05407380704358751,600,"So,how do we become your best friend?"
1352,116,0,0,19,19,1.0,0.05407380704358751,600,"We're sending you down as a Hollywood producer, you'll fit right in."
860,116,0,0,19,19,1.0,0.05407380704358751,600,His tags says his galaxy of origin is B-I-N-G-O
806,116,0,0,19,19,1.0,0.05407380704358751,600,Advanced ljfe form ?
715,116,0,0,19,19,1.0,0.05407380704358751,600,They have not yet advanced to standing on two feet or having opposing thumbs.
614,116,0,0,19,19,1.0,0.05407380704358751,600,I could have sworn he told me to beam up Spotty.
479,116,0,0,19,19,1.0,0.05407380704358751,600,I told you I would find a great spot.
353,116,0,0,19,19,1.0,0.05407380704358751,600,"Admit it, guys. The coolest motherfucker on four legs right there."
285,116,0,0,19,19,1.0,0.05407380704358751,600,Humans seem really nice.
3395,116,0,0,19,19,1.0,0.05407380704358751,600,Was this incoming or outgoing?
5539,116,0,0,18,18,1.0,0.05716619504750295,600,"You did say that we wanted God as our copilot, right?"
5472,116,0,0,27,27,1.0,0.03774256780481986,600,Give us all your poop on planet Earth.
3127,116,0,0,27,27,1.0,0.03774256780481986,600,"So, rock/paper/laser to see who goes down to pick it up?"
2943,116,0,0,18,18,1.0,0.05716619504750295,600,He's sure a lot nicer than his two-legged companions. Let's beam him back down and start over.
2928,116,0,0,27,27,1.0,0.03774256780481986,600,It can move!
2738,116,0,0,18,18,1.0,0.05716619504750295,600,I guess it’s true. All dogs go to Saturn.
2701,116,0,0,18,18,1.0,0.05716619504750295,600,You mean you don't know about Canis Major? You can't be serious.
2664,116,0,0,18,18,1.0,0.05716619504750295,600,"Hi, my name is Scotty..."
2521,116,0,0,27,27,1.0,0.03774256780481986,600,"I guess I picked the wrong owner, they don’t go by the fancier necklace."
2340,116,0,0,27,27,1.0,0.03774256780481986,600,"Apparently, he'd the leader's best friend."
2337,116,0,0,18,18,1.0,0.05716619504750295,600,They said only one carrying per family.
2250,116,0,0,18,18,1.0,0.05716619504750295,600,"He kept on hugging my leg sir, I thought he would be perfect for my “love on earth” experiment."
2230,116,0,0,18,18,1.0,0.05716619504750295,600,Hmm...so Earth really is a dog-eat-dog world.
2209,116,0,0,27,27,1.0,0.03774256780481986,600,I’ll call the transporter 1-800 number.” “I’ll get the transporter manual.” “I’ll find something I can fashion into a poop bag.
2092,116,0,0,18,18,1.0,0.05716619504750295,600,Cancel the Planet Destruction orders Zarf! These Earthlings aren't the violent destructive species we mistakenly believed them to be.
2085,116,0,0,33,33,1.0,0.030772872744833184,600,"Enunciate carefully, lest they beam you up a Scottie."
2063,116,0,0,18,18,1.0,0.05716619504750295,600,I think we are going to the dogs
2062,116,0,0,18,18,1.0,0.05716619504750295,600,Supposedly he's the best friend.
1848,116,0,0,18,18,1.0,0.05716619504750295,600,"Who is Timmy, and what is a well?"
1840,116,0,0,33,33,1.0,0.030772872744833184,600,"I think you meant, ""We'd like to speak to your God?"""
1787,116,0,0,18,18,1.0,0.05716619504750295,600,"We need your help to create a hyperdrive, ohyeswedo"
3691,116,0,0,18,18,1.0,0.05716619504750295,600,I like the concept of a Therapy God. Maybe it will help my dyslexia!
5536,116,0,0,18,18,1.0,0.05716619504750295,600,"""Can we be your best friend too?'"
3700,116,0,0,18,18,1.0,0.05716619504750295,600,"What, Dr. Who? Something weird happened to your regeneration? And Timmy was captured by the Daleks?"
4003,116,0,0,18,18,1.0,0.05716619504750295,600,Oh sure! As soon as he has to go outside he's my dog.
5381,116,0,0,27,27,1.0,0.03774256780481986,600,"He's cute, but I said to beam up a scottie, not a labbie."
5272,116,0,0,27,27,1.0,0.03774256780481986,600,What's a dog?
5202,116,0,0,18,18,1.0,0.05716619504750295,600,Captain we seem to be having a problem with molecular regeneration module.
5201,116,0,0,18,18,1.0,0.05716619504750295,600,Thin collar- probably lower cast.
5178,116,0,0,18,18,1.0,0.05716619504750295,600,sounds like Greek to me
5170,116,0,0,27,27,1.0,0.03774256780481986,600,He says his best friend now identifies as a woman
5154,116,0,0,18,18,1.0,0.05716619504750295,600,Are you sure this is the Lassie we saw on TV?
5015,116,0,0,18,18,1.0,0.05716619504750295,600,Will this disguise make him the top dog?
4936,116,0,0,18,18,1.0,0.05716619504750295,600,"You know, you guys look kind of weird too, don't you?"
4908,116,0,0,27,27,1.0,0.03774256780481986,600,"Having developped four legs he should speak, too !!"
4880,116,0,0,27,27,1.0,0.03774256780481986,600,Captain Cat will not be pleased. Captain Cat will not be pleased. So this is the creature the earthlings worship.
4762,116,0,0,18,18,1.0,0.05716619504750295,600,"It is INDEED a very, very odd little creature. I wonder if it might be what the earth-people call a 'politician'?"
4462,116,0,0,27,27,1.0,0.03774256780481986,600,"Darn, they dress and look alike - can't remember who took me for a walk."
4334,116,0,0,27,27,1.0,0.03774256780481986,600,"When we take him for a walk, do we have to pick up the do-do?"
4258,116,0,0,18,18,1.0,0.05716619504750295,600,I thought Earthlings would look more like us.
4142,116,0,0,27,27,1.0,0.03774256780481986,600,Do you think he knows where we can find Elvis?
4141,116,0,0,27,27,1.0,0.03774256780481986,600,"Affirmative: Specimen is most advanced species on planet."""
4095,116,0,0,18,18,1.0,0.05716619504750295,600,I prefer these to the bipeds.
4064,116,0,0,18,18,1.0,0.05716619504750295,600,But I asked for a Scottie!
3703,116,0,0,18,18,1.0,0.05716619504750295,600,I say why suffer...go ahead and do a hair of the dog.
3501,116,0,0,19,19,1.0,0.05407380704358751,600,This must be heaven. No Cats !
3707,116,0,0,19,19,1.0,0.05407380704358751,600,"Hell, if you feed us, we'll be your best friend."
3776,116,0,0,19,19,1.0,0.05407380704358751,600,On our planet dogs are people and people are dogs.
2685,116,0,0,20,20,1.0,0.051298917604257706,600,Who's the retriever now bitch?
2637,116,0,0,30,30,1.0,0.03390317518104052,600,"I hope ""walkies"" doesn't mean what I think it means."
2559,116,0,0,20,20,1.0,0.051298917604257706,600,Poor fella lost his onesie.
2552,116,0,0,30,30,1.0,0.03390317518104052,600,We beamed it up as it was trying to catch our exploratory saucer craft in its teeth.
2505,116,0,0,20,20,1.0,0.051298917604257706,600,If its leader likes getting its face licked I’m not sure we should stick around.
2472,116,0,0,20,20,1.0,0.051298917604257706,600,This isn’t what I pictured when I demanded Earth’s greatest treasure.
2437,116,0,0,20,20,1.0,0.051298917604257706,600,"Yes, this one's friendly. But don't beam up any one with pointy ears."
2344,116,0,0,30,30,1.0,0.03390317518104052,600,"Don't get us wrong - We'd LOVE to keep you, but we simply don't have a fenced-in space port."
2333,116,0,0,20,20,1.0,0.051298917604257706,600,"Uh oh, it wants to go for a walk."
2322,116,0,0,20,20,1.0,0.051298917604257706,600,"Seriously, who told him my name was Arf?"
2229,116,0,0,20,20,1.0,0.051298917604257706,600,"In dog light years, you’re seven times smarter than a cat."
2177,116,0,0,20,20,1.0,0.051298917604257706,600,I thought we could start with a dog and then see if we want to move on to a human.
1837,116,0,0,30,30,1.0,0.03390317518104052,600,"No, you may not probe our butts!"
1646,116,0,0,20,20,1.0,0.051298917604257706,600,"Yes, they expect me to fetch. Can you believe it?"
1532,116,0,0,20,20,1.0,0.051298917604257706,600,"He may be able to tap unto the ""dog gone truth."""
1438,116,0,0,30,30,1.0,0.03390317518104052,600,I hope you know there are no dog days in outerspace
1242,116,0,0,20,20,1.0,0.051298917604257706,600,Our planet will never need to mop again.
1079,116,0,0,20,20,1.0,0.051298917604257706,600,All it says is woof.
1069,116,0,0,20,20,1.0,0.051298917604257706,600,"In retrospect, maybe we should have abducted a cat."
2727,116,0,0,20,20,1.0,0.051298917604257706,600,We'll name him Clifford the Big Red Dog.
1040,116,0,0,20,20,1.0,0.051298917604257706,600,We give you our word of honor that you are NOT in Asia!!!!!!
2795,116,0,0,20,20,1.0,0.051298917604257706,600,This planet isn’t as advanced as we thought.
3009,116,0,0,20,20,1.0,0.051298917604257706,600,"We just EVA'd him an hour ago, and besides, every time he sees Sirius he sprints out towards it at Light Speed."
4218,116,0,0,20,20,1.0,0.051298917604257706,600,You can’t go out. Dog Waste is Space Junk!
4186,116,0,0,20,20,1.0,0.051298917604257706,600,Don't forget the New York Times delivery bag if you take him out.
4013,116,0,0,20,20,1.0,0.051298917604257706,600,"All we want to know is how you are able to control the lives of who call themselves your ""owners."""
3892,116,0,0,20,20,1.0,0.051298917604257706,600,"So, tell us about this friend of yours..."
3780,116,0,0,20,20,1.0,0.051298917604257706,600,But I wanted a Scottie.
3764,116,0,0,20,20,1.0,0.051298917604257706,600,"You beamed me to the wrong ship, Scottie Dog!"
3719,116,0,0,20,20,1.0,0.051298917604257706,600,"Trust me, this is much better."
3701,116,0,0,20,20,1.0,0.051298917604257706,600,At least this one seems more intelligent than the two-legged ones.
3605,116,0,0,20,20,1.0,0.051298917604257706,600,"Our dogged commander says bow WOW, which means the view is out of this world."
3604,116,0,0,20,20,1.0,0.051298917604257706,600,"I guess it depends on what you mean by ""intelligent life""."
3465,116,0,0,20,20,1.0,0.051298917604257706,600,We've determined he's not very advanced. But he's a very good boy.
3367,116,0,0,20,20,1.0,0.051298917604257706,600,We've discovered Pluto.
3235,116,0,0,20,20,1.0,0.051298917604257706,600,The small pointy eared creature is more intelligent although this is better than those two-legged things.
3213,116,0,0,20,20,1.0,0.051298917604257706,600,Take me to your gentle leader.
3144,116,0,0,20,20,1.0,0.051298917604257706,600,"Anybody know what ""potty"" is?"
3107,116,0,0,20,20,1.0,0.051298917604257706,600,My how you've changed since we last saw each other.
3083,116,0,0,20,20,1.0,0.051298917604257706,600,"It was the dog. Also, we breathe methane."
3067,116,0,0,20,20,1.0,0.051298917604257706,600,Bluarg this isn't a homo sapien
3033,116,0,0,20,20,1.0,0.051298917604257706,600,Who abducted who?
2968,116,0,0,20,20,1.0,0.051298917604257706,600,"Nuts to this 'Beam me up, Scotty,' ya got the wrong breed!"
1036,116,0,0,20,20,1.0,0.051298917604257706,600,"Man's best friend, eh? Boy, you're going to love this ride in the car."
954,116,0,0,20,20,1.0,0.051298917604257706,600,Pluto!
905,116,0,0,30,30,1.0,0.03390317518104052,600,I said Beam her not Bowser!!!
5849,116,0,0,19,19,1.0,0.05407380704358751,600,"Let's start by setting some ground rules. First, I prefer a good cab to water with my kibble."
5826,116,0,0,19,19,1.0,0.05407380704358751,600,I found her in the SPCE.
5762,116,0,0,19,19,1.0,0.05407380704358751,600,Didn’t you ask them to send the receiver?
5377,116,0,0,19,19,1.0,0.05407380704358751,600,"Beware , it's a doggy dog world out there , and barking is not always a biting remark ."
5340,116,0,0,19,19,1.0,0.05407380704358751,600,"He's the intelligent one, the one with the two legs picks up after him."
5298,116,0,0,19,19,1.0,0.05407380704358751,600,"Play along. You're man's best friend, until you're not..."
5141,116,0,0,19,19,1.0,0.05407380704358751,600,We probably should have abducted a few newspapers too.
5073,116,0,0,19,19,1.0,0.05407380704358751,600,"To be honest, I had a different meaning of the word 'wrecks' in mind."
4974,116,0,0,19,19,1.0,0.05407380704358751,600,So...you're man's best friend. Tell us everything you know.
4805,116,0,0,19,19,1.0,0.05407380704358751,600,As Xzorkians we'll call it Xzorkis Best Friend.
4631,116,0,0,19,19,1.0,0.05407380704358751,600,I'm pretty sure that this is a human.
4464,116,0,0,19,19,1.0,0.05407380704358751,600,Why do I want to pet it on the head so badly?
4383,116,0,0,19,19,1.0,0.05407380704358751,600,Siriusly?
4377,116,0,0,19,19,1.0,0.05407380704358751,600,This is America's leader?
4305,116,0,0,19,19,1.0,0.05407380704358751,600,All I said was beam me up Spottie!
4275,116,0,0,19,19,1.0,0.05407380704358751,600,I didn't know humans were so funny-looking!
4173,116,0,0,19,19,1.0,0.05407380704358751,600,This one seemed to be in charge.
4000,116,0,0,19,19,1.0,0.05407380704358751,600,What is your secret to make humans follow you on a leash and then clean up your mess?
3973,116,0,0,19,19,1.0,0.05407380704358751,600,Looks like somebody needs to go for a space walk.
5915,116,0,0,19,19,1.0,0.05407380704358751,600,Are you Chuck Berry?
5983,116,0,0,19,19,1.0,0.05407380704358751,600,He seemed to think we were examining him backwards.
472,116,0,0,29,29,1.0,0.03509312031717982,600,Humans don't deserve dogs anyway.
679,116,0,0,29,29,1.0,0.03509312031717982,600,It's your turn. I walked him last earth orbit.
799,116,0,0,30,30,1.0,0.03390317518104052,600,He seems to want to leave our craft for a walk.
702,116,0,0,10,10,1.0,0.10540925533894598,600,"You're now 3,000 years old in dog years but we'd like to teach you a new trick."
699,116,0,0,20,20,1.0,0.051298917604257706,600,"This earthling seems quite stable, possibly a genius."
624,116,0,0,30,30,1.0,0.03390317518104052,600,When he said he would send his best friend I thought that it would be human
529,116,0,0,30,30,1.0,0.03390317518104052,600,"Why did you beam him up, Scotty?"
473,116,0,0,20,20,1.0,0.051298917604257706,600,"You're going to be the first outer space ""Old Yeller!"""
433,116,0,0,20,20,1.0,0.051298917604257706,600,Any ideas for when he has to go out?
392,116,0,0,20,20,1.0,0.051298917604257706,600,"Mr. Spock, meet Mr. Spot."
226,116,0,0,20,20,1.0,0.051298917604257706,600,"I know your species isn't exactly the brightest, but surely you understand that was meant to be a cookbook."
1521,116,0,0,18,18,1.0,0.05716619504750295,600,President Trump said that any old dog could do it.
145,116,0,0,20,20,1.0,0.051298917604257706,600,Rough? Rough? We'll give you 'rough' if you don't tell us about your planet!
3456,116,0,0,36,36,1.0,0.028171808490950554,600,Apparently he is more intelligent than an equivalently aged human scholar of high achievement in something called 'middle school'.
32,116,0,0,36,36,1.0,0.028171808490950554,600,"You have posted wrong cartoon today- my caption below is for Maslin , dated for Jan 7 : "" It's a Muellersaurus"""
2557,116,0,0,26,26,1.0,0.03922322702763681,600,Are you a good witch? Or a bad witch?
5855,116,0,0,29,29,1.0,0.03509312031717982,600,"Please, master, tell us we are going to Pluto this holiday...."
4784,116,0,0,29,29,1.0,0.03509312031717982,600,"New immigration laws, beam me up, Fido."
4278,116,0,0,29,29,1.0,0.03509312031717982,600,Gotta go! Please tell me that there are trees up here!
2987,116,0,0,29,29,1.0,0.03509312031717982,600,"Human anus, am I right?"
2650,116,0,0,29,29,1.0,0.03509312031717982,600,"When the boss said ""earthling"" he was being general, right?"
1390,116,0,0,29,29,1.0,0.03509312031717982,600,Why dogs should never take themselves out at night.
5810,116,0,0,36,36,1.0,0.028171808490950554,600,It's about to go where no dog has gone before.
4325,116,0,0,20,20,1.0,0.051298917604257706,600,He responds well to entitlement programs.
1481,116,0,0,18,18,1.0,0.05716619504750295,600,"There's a lot they figured out yet, but you've got to appreciate how keen they were to let me know I was a good boy."
1317,116,0,0,18,18,1.0,0.05716619504750295,600,We search the universe for good boys.
4652,116,0,0,25,25,1.0,0.040824829046386304,600,"Yes, this is the highest form of life we've found on planet ""earth."""
4343,116,0,0,25,25,1.0,0.040824829046386304,600,Multiple missions to Earth and we've finally succeeded in finding a sign of intelligent life.
4297,116,0,0,25,25,1.0,0.040824829046386304,600,"The owner let go of the neck ring at 25,000 feet."
3655,116,0,0,25,25,1.0,0.040824829046386304,600,He's definitely the most intelligent life form on the planet.
3640,116,0,0,25,25,1.0,0.040824829046386304,600,I still think Pluto is a planet!
3617,116,0,0,25,25,1.0,0.040824829046386304,600,So we finally meet a human. Strange looking species.
3357,116,0,0,25,25,1.0,0.040824829046386304,600,Interesting! This dog is wagging his tail. I thought it was the other way around.
3260,116,0,0,25,25,1.0,0.040824829046386304,600,"Beam up Scottie, Scotty."
2939,116,0,0,25,25,1.0,0.040824829046386304,600,"Whoo! Apparently I said ""Take me to your BREEDER"" in his language. Things got wacky after that!"
1721,116,0,0,55,55,1.0,0.018349396085439344,600,This'll be just like taking your temperature at the vet.
2126,116,0,0,25,25,1.0,0.040824829046386304,600,See? There is a dog!
2075,116,0,0,25,25,1.0,0.040824829046386304,600,Just give him some space. He’ll warm up to us eventually.
1707,116,0,0,25,25,1.0,0.040824829046386304,600,Go fetch us some earthlings.
1614,116,0,0,25,25,1.0,0.040824829046386304,600,I think it needs to go out.
1440,116,0,0,25,25,1.0,0.040824829046386304,600,...and we don't have any of those disposable plastic bags on board.
1331,116,0,0,25,25,1.0,0.040824829046386304,600,Fetch!
1123,116,0,0,25,25,1.0,0.040824829046386304,600,Earthlings are much more intelligent than we suspected -- and potty-trained to boot.
961,116,0,0,25,25,1.0,0.040824829046386304,600,"The beast insists he is fixed, but probing indicates his reproductive system is broken."
582,116,0,0,25,25,1.0,0.040824829046386304,600,"Why didn't you tell us you were the higher life form we were looking for?"" ""It's not that you couldn't understand me, it's that you didn't ask."
4769,116,0,0,25,25,1.0,0.040824829046386304,600,How did you learn our language?
371,116,0,0,25,25,1.0,0.040824829046386304,600,Where is the human you took for a walk?
4843,116,0,0,25,25,1.0,0.040824829046386304,600,They swore this was their leader.
357,116,0,0,31,31,1.0,0.032791291789197645,600,"Sorry, Xzbul, our teleporter had a slight glitch."
2202,116,0,0,17,17,1.0,0.06063390625908324,600,They don't call her man's best friend for nothing.
2001,116,0,0,17,17,1.0,0.06063390625908324,600,"He looks, like, really smart!"
1884,116,0,0,17,17,1.0,0.06063390625908324,600,I haven’t decided which one’s the carry-on and which one’s the personal item...
1743,116,0,0,17,17,1.0,0.06063390625908324,600,Man’s best friend shows more promise.
1608,116,0,0,17,17,1.0,0.06063390625908324,600,"It's a kind of Russian roulette, he has selected me to do the outside repairs."
1587,116,0,0,17,17,1.0,0.06063390625908324,600,Take us to your owner.
1551,116,0,0,17,17,1.0,0.06063390625908324,600,"If my calculations are correct, this species has indeed taken over the planet."
1306,116,0,0,17,17,1.0,0.06063390625908324,600,"We may have misjudged you... we believe it's a ""litter box""?"
1244,116,0,0,17,17,1.0,0.06063390625908324,600,Two characters from the end of the sentence “where is your leader” his back part waggles incredibly fast
939,116,0,0,17,17,1.0,0.06063390625908324,600,"I know what I heard. You distinctly said ""Beam me up Scottie.""!"
791,116,0,0,17,17,1.0,0.06063390625908324,600,Whats with the low waving antenae?
683,116,0,0,17,17,1.0,0.06063390625908324,600,"We offered to return him to the White House, but he insists on staying with us."
573,116,0,0,17,17,1.0,0.06063390625908324,600,We believe it is the lone survivor of the dog-eat-dog world.
265,116,0,0,17,17,1.0,0.06063390625908324,600,We should have beamed up the other end of the leash.
227,116,0,0,17,17,1.0,0.06063390625908324,600,"Mankind's best friend, reporting for duty."
51,116,0,0,17,17,1.0,0.06063390625908324,600,"Well, dont expect me to take him out at night!"
19,116,0,0,17,17,1.0,0.06063390625908324,600,"Earth dog take us to your, like, really smart leader."
5332,116,0,0,31,31,1.0,0.032791291789197645,600,When the earthling wags his tail we are supposed to obey.
4152,116,0,0,31,31,1.0,0.032791291789197645,600,"Keeps saying ""woof ""???"
5098,116,0,0,25,25,1.0,0.040824829046386304,600,"Captain Kirk, is that you?"
2538,116,0,0,17,17,1.0,0.06063390625908324,600,Tree? What’s a tree?
199,116,0,0,25,25,1.0,0.040824829046386304,600,Fetch your leader
4608,116,0,0,33,33,1.0,0.030772872744833184,600,"That's right Rex , there is no Trump on our planet!"
5013,116,0,0,24,24,1.0,0.04256282653793743,600,Snack? Have you got a snack?
4975,116,0,0,16,16,1.0,0.06454972243679027,600,Are you Scotty?
4911,116,0,0,24,24,1.0,0.04256282653793743,600,Shouldn't we take the collar off before we use the panini press?
4873,116,0,0,16,16,1.0,0.06454972243679027,600,"And don't forget - ""Who's a good boy?"" is a rhetorical question."
4727,116,0,0,16,16,1.0,0.06454972243679027,600,"Because you are the best example of love, and loyalty."
4674,116,0,0,24,24,1.0,0.04256282653793743,600,"Johnson, stop asking him to roll over."" ""I'm beaming him outside before bedtime."
4649,116,0,0,16,16,1.0,0.06454972243679027,600,"Man, Trump's presidency is so bad that even dogs are leaving."
4514,116,0,0,32,32,1.0,0.031750031750047626,600,Scotty finally beamed up.
4389,116,0,0,16,16,1.0,0.06454972243679027,600,A furry?
4387,116,0,0,32,32,1.0,0.031750031750047626,600,I think he means Klaxor is trapped in a black hole.
4374,116,0,0,24,24,1.0,0.04256282653793743,600,"She keeps saying something about a ""Timmy"" and a ""well""."
4369,116,0,0,24,24,1.0,0.04256282653793743,600,I'm not sure if your Universal Translator can pull this one off...
4345,116,0,0,32,32,1.0,0.031750031750047626,600,He says his anus has already been probed.
4315,116,0,0,24,24,1.0,0.04256282653793743,600,It is your turn to take him out for a walk.
4296,116,0,0,16,16,1.0,0.06454972243679027,600,"His collar indicates his name is Sparky, he's gluten free and lives on Riverside Drive."
4264,116,0,0,16,16,1.0,0.06454972243679027,600,"Having amended our design to include the wagging tail, our modeling now predicts that this will become Man's Best Friend."
4222,116,0,0,16,16,1.0,0.06454972243679027,600,I have brought you three here to study you further.
4165,116,0,0,16,16,1.0,0.06454972243679027,600,"And for some reason, oftentimes they seem to enjoy licking their own lips."
4130,116,0,0,24,24,1.0,0.04256282653793743,600,Beam him back up after he does his thing.
5049,116,0,0,16,16,1.0,0.06454972243679027,600,ARF???
5691,116,0,0,33,33,1.0,0.030772872744833184,600,"Alien says, ""You see, all dogs don't go to heaven."""
5309,116,0,0,16,16,1.0,0.06454972243679027,600,I told you - humans can't talk!
5385,116,0,0,16,16,1.0,0.06454972243679027,600,Who do you think 'Arf! Arf!' means?
3286,116,0,0,33,33,1.0,0.030772872744833184,600,Sorry. We don't have an outdoor bathroom.
3230,116,0,0,22,22,1.0,0.046524210519923545,600,"Good dog. Now, fetch earth."
533,116,0,0,33,33,1.0,0.030772872744833184,600,"Say goodbye to partisan politics. With Old Yeller here as my running mate, I'll coast through the 2020 election."
267,116,0,0,33,33,1.0,0.030772872744833184,600,I think it looks more like a Lab than Scottie.
1839,116,0,0,41,41,1.0,0.02469323991623974,600,"We should beam him up, but he's no Scottie."
5092,116,0,0,30,30,1.0,0.03390317518104052,600,Let's study him before he becomes one of us.
4920,116,0,0,30,30,1.0,0.03390317518104052,600,Are your shots up to date?
4595,116,0,0,30,30,1.0,0.03390317518104052,600,"Okay, now beam me up a Scottie!"
4564,116,0,0,38,38,1.0,0.02666903735313325,600,"Beam me up, I'm a Scotty."
1878,116,0,0,38,38,1.0,0.02666903735313325,600,"As I suspected,, minaturizing Zabaff was a mistake."
5839,116,0,0,16,16,1.0,0.06454972243679027,600,“Beam me up beagle” just doesn’t have the same ring to it.
5800,116,0,0,16,16,1.0,0.06454972243679027,600,Getting used to new technology can sometimes be Ruff.
5765,116,0,0,24,24,1.0,0.04256282653793743,600,"If you get any motion sickness, just shake it off."
5681,116,0,0,16,16,1.0,0.06454972243679027,600,"Are you sure it's spelled ""G-O-D,"" not ""D-O-G""?"
5646,116,0,0,24,24,1.0,0.04256282653793743,600,He’s telling us the liberals of his planet are in distress.
5601,116,0,0,24,24,1.0,0.04256282653793743,600,Rex was always fond of eggs but became even more excited when they told him there were no cats on planet Humpty.
5587,116,0,0,24,24,1.0,0.04256282653793743,600,Inform Lord Grok they are willing to accept the treaty.
5583,116,0,0,16,16,1.0,0.06454972243679027,600,"Evidently the planet's dominant species. The taller, two-legged ones' only function seems to be collecting the waste of this one."
5569,116,0,0,24,24,1.0,0.04256282653793743,600,Take a ride boy??
5329,116,0,0,32,32,1.0,0.031750031750047626,600,"I said, ""Beam me up Scotty, not Fluffy."""
2672,116,0,0,17,17,1.0,0.06063390625908324,600,"Okay, whose turn to take him out?"
2719,116,0,0,17,17,1.0,0.06063390625908324,600,Beam him down. He needs to go out.
2974,116,0,0,17,17,1.0,0.06063390625908324,600,Prepare the canine probe.
5860,116,0,0,35,35,1.0,0.028988551782622423,600,C'mon pooch! We can't go home until you fetch the joystick!
5743,116,0,0,35,35,1.0,0.028988551782622423,600,Does this mean we've been in the Twilight Zone for the past four years? Thank god!!!
1028,116,0,0,35,35,1.0,0.028988551782622423,600,He has trailed humans to find cats and fire hydrants.
545,116,0,0,35,35,1.0,0.028988551782622423,600,He followed my phone home.
2339,116,0,0,32,32,1.0,0.031750031750047626,600,"I don't get it; we're green, how come he keeps calling us ""Greys?"""
1803,116,0,0,32,32,1.0,0.031750031750047626,600,"Beam you where, Spotty?"
5878,116,0,0,26,26,1.0,0.03922322702763681,600,I said beam me up SCOTTY
5830,116,0,0,26,26,1.0,0.03922322702763681,600,Dogmatic?
5597,116,0,0,26,26,1.0,0.03922322702763681,600,Do you think Mother will let us keep him?
5211,116,0,0,26,26,1.0,0.03922322702763681,600,Well we never thought where he could do his business.
5103,116,0,0,26,26,1.0,0.03922322702763681,600,Yes Sir – Spock must play ball with you because you are the new Captain.
5091,116,0,0,26,26,1.0,0.03922322702763681,600,You gotta do more than wag your tail to get beamed up!
4380,116,0,0,26,26,1.0,0.03922322702763681,600,He asked to be taken to our leader.
4207,116,0,0,26,26,1.0,0.03922322702763681,600,They sent him here to mark their territory.
4205,116,0,0,26,26,1.0,0.03922322702763681,600,"Until we can decypher their language, we should respond in kind. Commander GL3RPH, stick your nose in its crotch."
3977,116,0,0,26,26,1.0,0.03922322702763681,600,"Congratulations, you have just been named Dog of the Galaxy"
2916,116,0,0,26,26,1.0,0.03922322702763681,600,"At last, we have found their leader."
2697,116,0,0,26,26,1.0,0.03922322702763681,600,Is she itching?
2678,116,0,0,26,26,1.0,0.03922322702763681,600,"With a knick-knack paddywack, give the dog a bone, this UFO is taking you home."
48,116,0,0,27,27,1.0,0.03774256780481986,600,Cartoon submission
2573,116,0,0,26,26,1.0,0.03922322702763681,600,"You, major, and your crew have done a great job convincing them your their friends. We will coomence the attack soon !"
75,116,0,0,18,18,1.0,0.05716619504750295,600,Take me to your pet waste station. Then your leader.
269,116,0,0,18,18,1.0,0.05716619504750295,600,Who's going to walk him?
1303,116,0,0,18,18,1.0,0.05716619504750295,600,You wanna go for a spacewalk buddy?
1302,116,0,0,18,18,1.0,0.05716619504750295,600,"Hands off, guys; this best friend is mine."
1289,116,0,0,18,18,1.0,0.05716619504750295,600,Blorg got one and says they're out of this world.
1285,116,0,0,18,18,1.0,0.05716619504750295,600,OK... one more time ... how do you get people to pick up your poop?
1268,116,0,0,27,27,1.0,0.03774256780481986,600,Is it just me or is he starting to look like us?
1230,116,0,0,18,18,1.0,0.05716619504750295,600,The earthlings are much furrier than I imagined
1189,116,0,0,18,18,1.0,0.05716619504750295,600,How did you get them to solve the turd problem?
1156,116,0,0,27,27,1.0,0.03774256780481986,600,They've become more human since our last visit.
1148,116,0,0,27,27,1.0,0.03774256780481986,600,Who let Mike order lunch?
1138,116,0,0,27,27,1.0,0.03774256780481986,600,Time for party: make another poo poo so we can watch it float.
972,116,0,0,18,18,1.0,0.05716619504750295,600,Have any of you seen a bone around here?
865,116,0,0,18,18,1.0,0.05716619504750295,600,I know! Let Mikey probe him. He'll probe anything.
852,116,0,0,18,18,1.0,0.05716619504750295,600,You sure this is the one trained to go in the MRI machine?
827,116,0,0,27,27,1.0,0.03774256780481986,600,Looks like a dog to me.
779,116,0,0,18,18,1.0,0.05716619504750295,600,It's 200 light years to Zircon. I wish you hadn't forgotten the dog food.
725,116,0,0,18,18,1.0,0.05716619504750295,600,It's their fearless leader.
586,116,0,0,18,18,1.0,0.05716619504750295,600,"Their slaves have interplanetary exploration, yet have not succeeded in overthrowing their masters."
577,116,0,0,18,18,1.0,0.05716619504750295,600,"I warned you not to get into that rock, paper, scissors competition with the cat."
302,116,0,0,18,18,1.0,0.05716619504750295,600,I told you earthlings wouldn't look anything like us.
215,116,0,0,18,18,1.0,0.05716619504750295,600,"According to the rear appendage the creature is saying ""Wag more, bark less."""
2502,116,0,0,26,26,1.0,0.03922322702763681,600,"That's right Sparky, we will now teleport you back to earth so you can fetch us more of those lovely squeeky-ma-bobs we love."
2174,116,0,0,26,26,1.0,0.03922322702763681,600,What they lack in intelligence they make up for in cuteness.
1984,116,0,0,26,26,1.0,0.03922322702763681,600,To lead or not to lead?
4848,116,0,0,17,17,1.0,0.06063390625908324,600,"Okay agent Gorloc, we are eager to hear your report on the annal probes you performed at the Henderson's dinner party."
4751,116,0,0,17,17,1.0,0.06063390625908324,600,"C'mon, boy: Wag less, bark more!"
4554,116,0,0,34,34,1.0,0.029854071701326604,600,Unfortunately he has gas.
4410,116,0,0,17,17,1.0,0.06063390625908324,600,"His tag says ""Scotty."""
4221,116,0,0,17,17,1.0,0.06063390625908324,600,"I know! Doggie: Klaatu, Barada, Nikto."
4085,116,0,0,17,17,1.0,0.06063390625908324,600,He's got to go! Beam him down Scottie!
4062,116,0,0,17,17,1.0,0.06063390625908324,600,Who’s my good unidentifiable hairy thing?
4032,116,0,0,17,17,1.0,0.06063390625908324,600,"Amazing, his bark is actually worse than his bite."
3960,116,0,0,17,17,1.0,0.06063390625908324,600,If we only knew their word for 'roll over!'
3772,116,0,0,17,17,1.0,0.06063390625908324,600,Which one of you is going to take me for a walk on the moon?
3660,116,0,0,17,17,1.0,0.06063390625908324,600,He is either their god or a prisoner.
3483,116,0,0,34,34,1.0,0.029854071701326604,600,"Well, Scottie, we beamed you up; now take us to your dog-less leader."
3440,116,0,0,17,17,1.0,0.06063390625908324,600,It's pretty much what I imagined.
3167,116,0,0,17,17,1.0,0.06063390625908324,600,Follow me down to the planet and I'll take you all walkies.
3162,116,0,0,17,17,1.0,0.06063390625908324,600,I think he is trying to tell us that he’s been trained.
3139,116,0,0,17,17,1.0,0.06063390625908324,600,Think he's microchipped?
3063,116,0,0,17,17,1.0,0.06063390625908324,600,"Beam me up, Scottie!"
3043,116,0,0,17,17,1.0,0.06063390625908324,600,How about God?
2979,116,0,0,17,17,1.0,0.06063390625908324,600,How about Rover?
4856,116,0,0,17,17,1.0,0.06063390625908324,600,I say we keep him and call him Fang.
4870,116,0,0,17,17,1.0,0.06063390625908324,600,"Different than the other carbon-based lifeforms on this planet, this one is a 100% good boy."
5007,116,0,0,34,34,1.0,0.029854071701326604,600,I think he's lost.
5080,116,0,0,17,17,1.0,0.06063390625908324,600,...you really want to go disguised as a dog this time?
1834,116,0,0,26,26,1.0,0.03922322702763681,600,What’s this? I was expecting a Scottie to be beamed up...
1617,116,0,0,26,26,1.0,0.03922322702763681,600,"What's this thing called ""poop""?"
1071,116,0,0,26,26,1.0,0.03922322702763681,600,This one will reproduce. It’s fixed.
880,116,0,0,26,26,1.0,0.03922322702763681,600,Williams-Sonoma was out of Peppermint Bark.
750,116,0,0,26,26,1.0,0.03922322702763681,600,"We better land, he needs to go outside."
706,116,0,0,26,26,1.0,0.03922322702763681,600,Btrfaaq!
510,116,0,0,26,26,1.0,0.03922322702763681,600,I believe the moving appendage on this species is used by humans to sweep their floors.
453,116,0,0,26,26,1.0,0.03922322702763681,600,Dogs have owners? We call that slavery!
2926,116,0,0,23,23,1.0,0.044455422447438706,600,This is the third time this week we caught you pouring scotch in th toilet water.
1430,116,0,0,36,36,1.0,0.028171808490950554,600,Have our lab run tests on him.
5650,116,0,0,40,40,1.0,0.025318484177091666,600,Don't look at me - this thing did it!
1596,116,0,0,40,40,1.0,0.025318484177091666,600,We’re taking you to our planet - it’s called Sticks.
5938,116,0,0,17,17,1.0,0.06063390625908324,600,I understand that its President Trump new ambassador to South Korea.
5925,116,0,0,17,17,1.0,0.06063390625908324,600,Oh yeah. This one. Not too bright but it sure knew what Zardoz did with the anal probe didn’t it?
5919,116,0,0,17,17,1.0,0.06063390625908324,600,"The order was ""HAIR! Lots of Hair! as in Russian wolfhound, Norwegian elkhound, etc, etc, etc."""
5723,116,0,0,17,17,1.0,0.06063390625908324,600,Woof woof woof. Woof woof woof. Woof woof?
5494,116,0,0,34,34,1.0,0.029854071701326604,600,He's our best friend now.
5358,116,0,0,17,17,1.0,0.06063390625908324,600,Can I make a piss tape instead?
5173,116,0,0,17,17,1.0,0.06063390625908324,600,Either of you guys remember the ‘80s remake of ‘The Thing’ ?
5130,116,0,0,17,17,1.0,0.06063390625908324,600,I asked him to speak but all I got was 'bark'.
1788,116,0,0,40,40,1.0,0.025318484177091666,600,Have you heard the one about the bald groomer?
4367,116,0,0,30,30,1.0,0.03390317518104052,600,"If it's a ""dog,"" we dissect it. If it's a ""god,"" we talk with it."
4495,116,0,0,20,20,1.0,0.051298917604257706,600,?dog rieht dnuof ew evaH
4539,116,0,0,20,20,1.0,0.051298917604257706,600,I always heard humans were dogs...
4713,116,0,0,25,25,1.0,0.040824829046386304,600,Who's a good mrpht? Who's a good mrpht?
4457,116,0,0,25,25,1.0,0.040824829046386304,600,They call it slin the dog —winner gets it. But what is it?
4153,116,0,0,25,25,1.0,0.040824829046386304,600,He ate Zork.
3946,116,0,0,25,25,1.0,0.040824829046386304,600,And then they pick up my poop and put it in a bag! It is a treasure.
3674,116,0,0,25,25,1.0,0.040824829046386304,600,"For the last time, I'm not a Scottie, I'm not even a terrier and I don't know how to beam anybody anywhere."
3039,116,0,0,25,25,1.0,0.040824829046386304,600,"Go say ""Hello"" to Rex out in Phoenix, his probe has been acting up."
2360,116,0,0,25,25,1.0,0.040824829046386304,600,Quick! Grab a teleportation excretion waste bag.
2243,116,0,0,25,25,1.0,0.040824829046386304,600,This is their leader?
2237,116,0,0,25,25,1.0,0.040824829046386304,600,We should call him Space Bud!
2131,116,0,0,25,25,1.0,0.040824829046386304,600,"Ok. We can finally ask, ""Who'se on first?""."
1819,116,0,0,25,25,1.0,0.040824829046386304,600,"That looks like a light fixture above us, but it's really a 1,000-pound weight that springs and squishes earth beings flat as what they call a pancake."
1516,116,0,0,25,25,1.0,0.040824829046386304,600,He ain't nothin' but a hound dog.
1382,116,0,0,25,25,1.0,0.040824829046386304,600,A Dog's Purpose 2: To Serve Man
1141,116,0,0,25,25,1.0,0.040824829046386304,600,"Seasonal Affective Disorder? Nah, doesn't bother me much."
973,116,0,0,25,25,1.0,0.040824829046386304,600,His tag says Mutnik.
621,116,0,0,25,25,1.0,0.040824829046386304,600,"""Do you happen to know an earthling named 'Scotty'""?"
6,116,0,0,25,25,1.0,0.040824829046386304,600,The judge says I can't leave my cave for 30 days.
5809,116,0,0,24,24,1.0,0.04256282653793743,600,"Well, the people seem friendly."
5742,116,0,0,24,24,1.0,0.04256282653793743,600,Doug... I think you pressed the wrong button.
4742,116,0,0,25,25,1.0,0.040824829046386304,600,So this is what an earthling looks like!
5702,116,0,0,12,12,1.0,0.08703882797784893,600,"""We're not in Kansas, anymore, Spike We're not in Kansas, anymore, Missy."
4924,116,0,0,25,25,1.0,0.040824829046386304,600,"Anyone speak ""dog""...."
5410,116,0,0,25,25,1.0,0.040824829046386304,600,"The technique is a little archaic, but we’re clearly on the same page here."
1135,116,0,0,13,13,1.0,0.08006407690254357,600,We also want to meet Kibbles and Mr. Bits.
1054,116,0,0,13,13,1.0,0.08006407690254357,600,Take us to your planet’s leader.
1049,116,0,0,26,26,1.0,0.03922322702763681,600,What's kibble?
1043,116,0,0,13,13,1.0,0.08006407690254357,600,He thinks he will fly into the future
888,116,0,0,13,13,1.0,0.08006407690254357,600,Please tell us. How did you train them to pick up your poop?
811,116,0,0,26,26,1.0,0.03922322702763681,600,It's man's best friend but it can't even talk.
803,116,0,0,13,13,1.0,0.08006407690254357,600,It looks like You beamed up a Scotty.
639,116,0,0,26,26,1.0,0.03922322702763681,600,"It's a message from their leader. He say's ""It's a dog's world."""
616,116,0,0,13,13,1.0,0.08006407690254357,600,That's the display of blind loyalty our leader wanted us to find for a job in his administration.
554,116,0,0,13,13,1.0,0.08006407690254357,600,"If you let me keep him, I promise to space walk him and synthesize food for him and disintegrate all his poop."
313,116,0,0,26,26,1.0,0.03922322702763681,600,Don’t tell me you have to go again!
299,116,0,0,26,26,1.0,0.03922322702763681,600,We need grass for the Potty Transporter.
183,116,0,0,13,13,1.0,0.08006407690254357,600,But to eliminate all cats would violate the First Law!
107,116,0,0,26,26,1.0,0.03922322702763681,600,I wish I'd heeded your warning -- she IS a man-eater. She's chewed me up. I just hope she'll spit me out.
102,116,0,0,13,13,1.0,0.08006407690254357,600,"""We received a directive to beam up a 'Scotty.' You are a terrier from Scotland, I presume.'"
5861,116,0,0,25,25,1.0,0.040824829046386304,600,I only abduct rescues.
5832,116,0,0,25,25,1.0,0.040824829046386304,600,"Pluto's not a planet anymore, now they're letting dogs in; what in the black hole is the universe coming to?"
5767,116,0,0,25,25,1.0,0.040824829046386304,600,"ok, whose turn it is to walk him today?"
5730,116,0,0,25,25,1.0,0.040824829046386304,600,"I'm sure what I said was ""Beam me a SCOTTIE."""
4978,116,0,0,25,25,1.0,0.040824829046386304,600,CONGRATULATIONS! You have made the final cut even if you are not a celeb.
1197,116,0,0,13,13,1.0,0.08006407690254357,600,Take you to my leader? I am THE alpha dog!!
5694,116,0,0,24,24,1.0,0.04256282653793743,600,"We rescued her from Sputnik, she was stuck in orbit"
5165,116,0,0,24,24,1.0,0.04256282653793743,600,We'll go for a walk later.
2305,116,0,0,24,24,1.0,0.04256282653793743,600,"Well, guess it's time to anally probe this dog."
2048,116,0,0,24,24,1.0,0.04256282653793743,600,Good dog! You followed the scent of our tractor beam!
1892,116,0,0,12,12,1.0,0.08703882797784893,600,"They do feed us, play fun games, scratch our bellies, pick up our poop...but if you are set on wiping them out for your new colonies, we can help. All we ask is that you include their obnoxious house cats in your disposal plans."
1802,116,0,0,12,12,1.0,0.08703882797784893,600,"Sorry Captain, it just seemed to want to chase after us as we flew by."
1779,116,0,0,24,24,1.0,0.04256282653793743,600,"It costs a little more than coach, but he likes the extra legroom"
1704,116,0,0,24,24,1.0,0.04256282653793743,600,"Is it you, Scotty?"
1697,116,0,0,12,12,1.0,0.08703882797784893,600,"If that was your best friend, what would you do with it?"
1677,116,0,0,24,24,1.0,0.04256282653793743,600,"To summarize, earthlings have fur, sleep a lot, and enjoy sniffing each other's bottoms."
1432,116,0,0,12,12,1.0,0.08703882797784893,600,Their leader 'Rumpf' is a bit 'arf' she says.
1321,116,0,0,24,24,1.0,0.04256282653793743,600,"""Now remember you are being sent to observe, NO biting their leader you might get rabies!"
1239,116,0,0,12,12,1.0,0.08703882797784893,600,We won't be making Westminster in time.
1192,116,0,0,12,12,1.0,0.08703882797784893,600,He knows them better than anyone.
1146,116,0,0,24,24,1.0,0.04256282653793743,600,Now Earthlings will not be the only life form that posts adorably funny dog videos
1065,116,0,0,12,12,1.0,0.08703882797784893,600,"! God, rieht si siht oS"
960,116,0,0,24,24,1.0,0.04256282653793743,600,"Where do you live?"" -"" White House!"
625,116,0,0,24,24,1.0,0.04256282653793743,600,"Agenda for the Day: beam dog out, beam dog in, beam dog out, beam dog in"
567,116,0,0,12,12,1.0,0.08703882797784893,600,"When we saw your companion pick up what you dropped, we knew you had to be the superior being."
523,116,0,0,24,24,1.0,0.04256282653793743,600,I thought you said beam up a Scottie.
383,116,0,0,12,12,1.0,0.08703882797784893,600,We read what you wrote on the Internet but we didn't know you're a dog!
2426,116,0,0,24,24,1.0,0.04256282653793743,600,"This is what they call a ""best friend."""
5206,116,0,0,12,12,1.0,0.08703882797784893,600,Do they have any drugs?
2913,116,0,0,12,12,1.0,0.08703882797784893,600,"I can do it here and now, or you can take me outside for a walk."
2996,116,0,0,12,12,1.0,0.08703882797784893,600,I said beam me up a scotty. (The last word should be underlined.)
4928,116,0,0,24,24,1.0,0.04256282653793743,600,I say we skip the usual examination.
4835,116,0,0,24,24,1.0,0.04256282653793743,600,Looks like Zork ran into some trouble in the dog park on his way up!
4673,116,0,0,24,24,1.0,0.04256282653793743,600,This is why we traveled 876 light years?
4519,116,0,0,12,12,1.0,0.08703882797784893,600,"Contrary to what appears daily on Twitter, it seems that Earthlings are friendly creatures."
4313,116,0,0,12,12,1.0,0.08703882797784893,600,"He really likes when I say ""up"""
4265,116,0,0,12,12,1.0,0.08703882797784893,600,"If you spell it backwards, you get God... Which makes sense because humans follow them around picking up their poop..."
4261,116,0,0,12,12,1.0,0.08703882797784893,600,"Well, I'm sure it's okay - but, what's doo-doo? """
4249,116,0,0,12,12,1.0,0.08703882797784893,600,"Beam me up, Fido!"
4033,116,0,0,24,24,1.0,0.04256282653793743,600,Capture and release
3944,116,0,0,24,24,1.0,0.04256282653793743,600,"We wanted to beam up the Earthlings' chief deity, but someone may have reversed the inputs on our teleporter."
3614,116,0,0,24,24,1.0,0.04256282653793743,600,Are you the one they call Superman?
3581,116,0,0,24,24,1.0,0.04256282653793743,600,Which one of you's Scotty?
3558,116,0,0,12,12,1.0,0.08703882797784893,600,A take off of alien's BFF.
3540,116,0,0,12,12,1.0,0.08703882797784893,600,Insurance won't approve beaming up dogs.
3521,116,0,0,24,24,1.0,0.04256282653793743,600,I'm a first tenor. Who sings bass?
3290,116,0,0,12,12,1.0,0.08703882797784893,600,"I don't know why we got a hound. You clearly said, ""Beam me up a scotty."""
3176,116,0,0,24,24,1.0,0.04256282653793743,600,I'm still not convinced they are saving what they collect in those little bags
3129,116,0,0,12,12,1.0,0.08703882797784893,600,"We understand there is a more intelligent species on your planet, but we have no evidence of that so far."
3018,116,0,0,24,24,1.0,0.04256282653793743,600,Do not you think their President Trump will be suspicious if it shows up unannounced? Put an Apple Pie under its collar. He will be too focused on that to think of anything else.
2929,116,0,0,12,12,1.0,0.08703882797784893,600,Tell them we all look like you
1206,116,0,0,13,13,1.0,0.08006407690254357,600,"‘Our leader?’, you might not want to start there."
1398,116,0,0,13,13,1.0,0.08006407690254357,600,Let's hope the neutering goes smoother than with the two-legged specimen.
1610,116,0,0,13,13,1.0,0.08006407690254357,600,Maybe I'll try slower this time? Meeeooooww.
1235,116,0,0,14,14,1.0,0.07412493166611012,600,We should eat him.
1220,116,0,0,14,14,1.0,0.07412493166611012,600,He was the only one down there not talking on his cell phone
1219,116,0,0,14,14,1.0,0.07412493166611012,600,nummers?
1185,116,0,0,14,14,1.0,0.07412493166611012,600,I’m only loyal to human weirdos.
1016,116,0,0,14,14,1.0,0.07412493166611012,600,"Apparently, it's some kind of roulette game. He's the croupier and his name is Vladimir."
964,116,0,0,14,14,1.0,0.07412493166611012,600,"Hah! You didn't really think our leader was Donald Trump, did you?"
521,116,0,0,14,14,1.0,0.07412493166611012,600,"Yes, you can come along but if you soil the carpet, you're toast!"
304,116,0,0,14,14,1.0,0.07412493166611012,600,Finding life on Canis Major is a minor miracle!
190,116,0,0,14,14,1.0,0.07412493166611012,600,This was the most intelligent species we could find.
60,116,0,0,14,14,1.0,0.07412493166611012,600,"With such short sentences, I'm not sure we can ever learn to speak the language."
5405,116,0,0,27,27,1.0,0.03774256780481986,600,"Thank you for your advice, now we are ready to invade the Earth too."
4397,116,0,0,27,27,1.0,0.03774256780481986,600,What's wrong with shithole country's?
3603,116,0,0,27,27,1.0,0.03774256780481986,600,What language does he speak
3234,116,0,0,27,27,1.0,0.03774256780481986,600,"Alexa, I said “beam up Spock” not “beam up dog.”"
3133,116,0,0,27,27,1.0,0.03774256780481986,600,Are you sure you couldn't find a cow?
2952,116,0,0,27,27,1.0,0.03774256780481986,600,Why is doggone such a popular expression down there?
1891,116,0,0,27,27,1.0,0.03774256780481986,600,Maybe we should serve his leader too.
1765,116,0,0,27,27,1.0,0.03774256780481986,600,Qupg? Xanoogasit!
1641,116,0,0,27,27,1.0,0.03774256780481986,600,"Second question, Woof, does your planet have thermonuclear weapons capability?"
1252,116,0,0,14,14,1.0,0.07412493166611012,600,you're not a Scottie.
1602,116,0,0,27,27,1.0,0.03774256780481986,600,"So this is man’s best friend, huh?"
1518,116,0,0,28,28,1.0,0.036369648372665396,600,"It seems to be saying ""Take me to your feeder""?"
1726,116,0,0,14,14,1.0,0.07412493166611012,600,I can’t touch him I’m allergic. Well he certainly a lot smarter than any of those two legged creatures we’ve found.
3406,116,0,0,14,14,1.0,0.07412493166611012,600,Wow! I never thought RCA Victor was a real dog.
3309,116,0,0,14,14,1.0,0.07412493166611012,600,Fascinating...it appears to be using sign language!
3252,116,0,0,14,14,1.0,0.07412493166611012,600,Our copilot has arrived
3233,116,0,0,14,14,1.0,0.07412493166611012,600,They are much hairier and smarter than they were last time we were here in the '50s
3105,116,0,0,28,28,1.0,0.036369648372665396,600,He hears His Master’s Voice.
3095,116,0,0,28,28,1.0,0.036369648372665396,600,Bowser wants to know who told us to Go Fetch?
2774,116,0,0,14,14,1.0,0.07412493166611012,600,Will you be our pilot?
2626,116,0,0,14,14,1.0,0.07412493166611012,600,Westminster sent me.
2595,116,0,0,28,28,1.0,0.036369648372665396,600,Now he's my best friend
2520,116,0,0,14,14,1.0,0.07412493166611012,600,Dogdammit! It's a God!
2487,116,0,0,14,14,1.0,0.07412493166611012,600,He's the only one thats always happy to see us!
2347,116,0,0,14,14,1.0,0.07412493166611012,600,I believe this ain't nothing but a hound dog.
2313,116,0,0,14,14,1.0,0.07412493166611012,600,"I don't know how to tell you this, but I just had a look in our cupboard. Brace yourself."
2076,116,0,0,14,14,1.0,0.07412493166611012,600,This must be their leader.
2009,116,0,0,14,14,1.0,0.07412493166611012,600,I think that he needs to go for a walk!
1962,116,0,0,14,14,1.0,0.07412493166611012,600,"Sorry, the boss said no immigrants."
1956,116,0,0,14,14,1.0,0.07412493166611012,600,"She says she's man's best friend. What's a ""man?"" Look, it's God spelled backwards. \ It appears to be ""God"" spelled backwards."
1918,116,0,0,14,14,1.0,0.07412493166611012,600,Say ‘Beam me down’ Spotty!
1810,116,0,0,14,14,1.0,0.07412493166611012,600,"We understand you're upset by the new California tax on dog biscuits, all solid matter, everything in Plato's Cave, and the ethers, but short of going with us all you can do is move to a low tax state like Texas or Florida."
1566,116,0,0,14,14,1.0,0.07412493166611012,600,"Ok, but it's not made of cheese."
1421,116,0,0,27,27,1.0,0.03774256780481986,600,How did they explore space without opposable thumbs?
848,116,0,0,27,27,1.0,0.03774256780481986,600,"“We believe it's the only species that could love Trump, unconditionally or otherwise"
6025,116,0,0,13,13,1.0,0.08006407690254357,600,I'm a Martian's best friend too.
3193,116,0,0,13,13,1.0,0.08006407690254357,600,"Nothing from him yet about his leader, but something tells me we won't have any problems with the treaty."
3076,116,0,0,13,13,1.0,0.08006407690254357,600,"AREN'T YOU TAKING ""GO FAR, FAR AWAY"" A LITTLE TOO FAR?"
3021,116,0,0,13,13,1.0,0.08006407690254357,600,Please explain the mind control techniques you employ on homo sapiens.
2827,116,0,0,13,13,1.0,0.08006407690254357,600,He sure is friendly.
2779,116,0,0,13,13,1.0,0.08006407690254357,600,"It's true, they elected the orange man"
2461,116,0,0,26,26,1.0,0.03922322702763681,600,"I'm a dog. You know, man's best friend (???)."
2450,116,0,0,13,13,1.0,0.08006407690254357,600,"Ah, Martians best friend!"
2396,116,0,0,13,13,1.0,0.08006407690254357,600,"You're right, there's no intelligent life on the planet"
2263,116,0,0,26,26,1.0,0.03922322702763681,600,"Alright, Scout, what's the latest down there?"
2244,116,0,0,26,26,1.0,0.03922322702763681,600,"He’s a little pudgy, so let’s hide the kibble."
2151,116,0,0,13,13,1.0,0.08006407690254357,600,"You’re our most trusted source. We have to ask, what’ the heck is going on down there?"
2016,116,0,0,26,26,1.0,0.03922322702763681,600,"They pick up the leader's turds on this planet, too!"
2012,116,0,0,13,13,1.0,0.08006407690254357,600,Who's a good scouting party? You're a good scouting party!
1982,116,0,0,26,26,1.0,0.03922322702763681,600,Sniffing is OK but no probing.
1898,116,0,0,13,13,1.0,0.08006407690254357,600,They seem friendly.
1852,116,0,0,26,26,1.0,0.03922322702763681,600,!god ti llac yeht
1846,116,0,0,26,26,1.0,0.03922322702763681,600,This is the only creature there who accepts life as it is.
1720,116,0,0,13,13,1.0,0.08006407690254357,600,"Yes, I'm man's best friend, but I am willing to negotiate."
1709,116,0,0,13,13,1.0,0.08006407690254357,600,"Alright guys, fine. But NOONE can know about this."
3242,116,0,0,26,26,1.0,0.03922322702763681,600,"We love you too, Laika, but it's time to go home and start Earth's takeover."
3257,116,0,0,13,13,1.0,0.08006407690254357,600,You say Ensign Timmy's in the hydroflexor?
3289,116,0,0,26,26,1.0,0.03922322702763681,600,. . . and then he'll return right after he's done his business.
3427,116,0,0,13,13,1.0,0.08006407690254357,600,"Once you fly in a saucer with an automatic poop transporter, you can never go back."
5872,116,0,0,13,13,1.0,0.08006407690254357,600,Timmy has fallen into the what?
5825,116,0,0,13,13,1.0,0.08006407690254357,600,"Who's a good, not-fully-grown male specimen?"
5761,116,0,0,26,26,1.0,0.03922322702763681,600,Just stick to the Internet and you'll be fine.
5724,116,0,0,13,13,1.0,0.08006407690254357,600,Finally! A specimen that actually enjoys the anal probe.
5349,116,0,0,13,13,1.0,0.08006407690254357,600,"We can keep him, but you’ll have to take him on spacewalks every day."
5155,116,0,0,26,26,1.0,0.03922322702763681,600,Sorry Captain - we took low bid on the teleporter enhancements.
5109,116,0,0,13,13,1.0,0.08006407690254357,600,I hope he's flying saucer trained.
5083,116,0,0,13,13,1.0,0.08006407690254357,600,What happened to those plastic bags clipped to his collar?
4990,116,0,0,26,26,1.0,0.03922322702763681,600,Space travel! My favorite thing!!
38,116,0,0,12,12,1.0,0.08703882797784893,600,"""I know. They were out of therapy dogs."" FOR CONTEST DUE 1/7"
4960,116,0,0,26,26,1.0,0.03922322702763681,600,Who’s gonna beam up Scotty?
4578,116,0,0,13,13,1.0,0.08006407690254357,600,"Whoa, I said Beam me up Scotty, not make me a Scotty"
4438,116,0,0,26,26,1.0,0.03922322702763681,600,Somehow I don't think he'll know why we only have 4 digits.
4426,116,0,0,13,13,1.0,0.08006407690254357,600,Who’s Scotty?
4414,116,0,0,26,26,1.0,0.03922322702763681,600,Nice. Which part of Woof Woof sounds like Beam me up ?
4224,116,0,0,26,26,1.0,0.03922322702763681,600,This is not a dog's whirl.
4219,116,0,0,13,13,1.0,0.08006407690254357,600,"Can we keep him, Daddy? Can we?"
4086,116,0,0,13,13,1.0,0.08006407690254357,600,"I agree, now that the Earth integration experiment is over, Trump can take his true form. Now who's a good boy?"
3873,116,0,0,26,26,1.0,0.03922322702763681,600,I knew going paperless would come back to haunt us!
3554,116,0,0,13,13,1.0,0.08006407690254357,600,A Labrador Retriever? We asked for a German Shepherd.
4869,116,0,0,13,13,1.0,0.08006407690254357,600,He wants a spray tan for our trip to Venus.
13,116,0,0,32,32,1.0,0.031750031750047626,600,"I love my new place, but the security system is so Cretaceous."
5022,116,0,0,35,35,1.0,0.028988551782622423,600,"For the ten thousandth time, Red Rover. “Don’t come over!”"
5486,116,0,0,31,31,1.0,0.032791291789197645,600,I'm not that kind of a leader.
4948,116,0,0,21,21,1.0,0.048795003647426664,600,Scotty? Is that you boy?
4879,116,0,0,21,21,1.0,0.048795003647426664,600,Can't he just use the litter box?
4865,116,0,0,21,21,1.0,0.048795003647426664,600,"Beam me up Scotty, I'm surrounded by elmer fudds"
4806,116,0,0,21,21,1.0,0.048795003647426664,600,"As you can see our ship is fueled by...well, let's just say it sure beats the little plastic bag I used to have to carry around when we went on walks."
4657,116,0,0,21,21,1.0,0.048795003647426664,600,Maybe he doesn't know how to say good-bye.
4618,116,0,0,21,21,1.0,0.048795003647426664,600,"I'm not sure I like that trembling, maybe we should send it back!"
4339,116,0,0,21,21,1.0,0.048795003647426664,600,"Don’t worry, we’ll take you on space walks."
4082,116,0,0,21,21,1.0,0.048795003647426664,600,It seems there is intelligent life on earth after all!
4073,116,0,0,21,21,1.0,0.048795003647426664,600,"First mans best friend, then the world!"
4010,116,0,0,21,21,1.0,0.048795003647426664,600,"Your leader, not your best friend."
3783,116,0,0,21,21,1.0,0.048795003647426664,600,What is 'go outside'?
3669,116,0,0,21,21,1.0,0.048795003647426664,600,Missing Dog
3665,116,0,0,21,21,1.0,0.048795003647426664,600,I told you to get the human walking with him!
3594,116,0,0,21,21,1.0,0.048795003647426664,600,I've read where Dog is my Pilot.
2887,116,0,0,21,21,1.0,0.048795003647426664,600,I think he wants to be walked.
2717,116,0,0,21,21,1.0,0.048795003647426664,600,Earthlings are a primitive species...no opposable thumbs.
2703,116,0,0,21,21,1.0,0.048795003647426664,600,He looks friendly...too bad we must exterminate any species that eats meat.
2491,116,0,0,21,21,1.0,0.048795003647426664,600,"Pluto? That's a silly name for a dog. Let's call him, Walt."
2411,116,0,0,21,21,1.0,0.048795003647426664,600,Aliens! My favorite thing!
5133,116,0,0,21,21,1.0,0.048795003647426664,600,We will go walkies after the rectal examination Earthling
2403,116,0,0,21,21,1.0,0.048795003647426664,600,He's out-of-this-world.
5682,116,0,0,21,21,1.0,0.048795003647426664,600,Aliens vs. Dogs
5837,116,0,0,28,28,1.0,0.036369648372665396,600,I am no inter-galactic canine
741,116,0,0,11,11,1.0,0.09534625892455922,600,Looks like we found C3FiDo.
739,116,0,0,22,22,1.0,0.046524210519923545,600,The model ship could work as a frisbee.
734,116,0,0,11,11,1.0,0.09534625892455922,600,It's okay . . . but I'd prefer it had a cushion.
695,116,0,0,22,22,1.0,0.046524210519923545,600,This earthling is nothing but a hound dog--scratching ALL the time.
622,116,0,0,11,11,1.0,0.09534625892455922,600,"Your orders are, Officer Zork, to find their Alpha and bring him to us. Don't bother looking at Mar-a-Lago."
515,116,0,0,22,22,1.0,0.046524210519923545,600,"Time to move to Phase Two for world conquest, activation of all sleeper cells."
513,116,0,0,22,22,1.0,0.046524210519923545,600,"When I said beam me up Scotty, what part of Scotty didn’t you understand?"
488,116,0,0,22,22,1.0,0.046524210519923545,600,This is the smallest dog run I have ever seen.
407,116,0,0,33,33,1.0,0.030772872744833184,600,Your leader sounds like a pig.
377,116,0,0,22,22,1.0,0.046524210519923545,600,Such a smart dog! He already knows to tap on the pod door when he has to go out.
320,116,0,0,22,22,1.0,0.046524210519923545,600,"He's waving that lever, bet he's giving us a treat!"
202,116,0,0,22,22,1.0,0.046524210519923545,600,Appears to be a race that's friendly and loyal.
177,116,0,0,11,11,1.0,0.09534625892455922,600,Show us how you trained them to follow you around with a poop scooper.
3758,116,0,0,29,29,1.0,0.03509312031717982,600,BALL? What is a BALL???
2947,116,0,0,32,32,1.0,0.031750031750047626,600,"Impressive, but can you smell dead life forms on other planets?"
1907,116,0,0,32,32,1.0,0.031750031750047626,600,You're WHOSE best friend?
103,116,0,0,32,32,1.0,0.031750031750047626,600,That’s interesting. The two legged ones always wait for us to start the anal probing.
5994,116,0,0,21,21,1.0,0.048795003647426664,600,"He’s no Norwegian Elkhound, but least he’s not a Chihuahua."
5974,116,0,0,21,21,1.0,0.048795003647426664,600,"I'm very sorry, but we don't have a chip reader on board."
5704,116,0,0,21,21,1.0,0.048795003647426664,600,"It has a complex brain: ball, food, stomach rub, squirrel."
2390,116,0,0,21,21,1.0,0.048795003647426664,600,Speak English!
2185,116,0,0,21,21,1.0,0.048795003647426664,600,"I've got a chip and a collar, what more do you need?"
1858,116,0,0,21,21,1.0,0.048795003647426664,600,Why do I taste peanut butter?
179,116,0,0,31,31,1.0,0.032791291789197645,600,"Guys, I told you, there are no pets allowed on the Big Forehead Club's metallic observatory!"
149,116,0,0,31,31,1.0,0.032791291789197645,600,I’m just thankful I don’t have to go through this alone.
5105,116,0,0,27,27,1.0,0.03774256780481986,600,Did it come from inner or outer space?
4603,116,0,0,37,37,1.0,0.02739983121755955,600,"Oh wise one from far off lands, I have one question"", where's my kibble?"
3628,116,0,0,37,37,1.0,0.02739983121755955,600,Beam me up Sparky
6024,116,0,0,20,20,1.0,0.051298917604257706,600,"Whatever it is, It's much more intelligent than the human we beamed up yesterday."
5966,116,0,0,10,10,1.0,0.10540925533894598,600,"Unless the labels were crossed, this is the all powerful god."
5964,116,0,0,20,20,1.0,0.051298917604257706,600,I specifically requested a matador.
5845,116,0,0,20,20,1.0,0.051298917604257706,600,"Make sure to put peanut butter on the wall, before your probe it."
5726,116,0,0,20,20,1.0,0.051298917604257706,600,Beaming the dog up was perfectly logical.
5700,116,0,0,30,30,1.0,0.03390317518104052,600,We need a copilot.
5504,116,0,0,20,20,1.0,0.051298917604257706,600,We understand they are quite trainable.
5161,116,0,0,20,20,1.0,0.051298917604257706,600,We can’t be that bad. Dogs and babies like us!
5044,116,0,0,20,20,1.0,0.051298917604257706,600,Good beam up! Good beam up!
5002,116,0,0,30,30,1.0,0.03390317518104052,600,We thought he may be a Russian spy
4977,116,0,0,20,20,1.0,0.051298917604257706,600,And so you're back from outerspace. I just walked in . . .
4940,116,0,0,20,20,1.0,0.051298917604257706,600,Who’s gonna walk him?
4803,116,0,0,20,20,1.0,0.051298917604257706,600,"He says that in fact, the world really belongs to them."
4791,116,0,0,20,20,1.0,0.051298917604257706,600,"I think he's saying, ""Where's the grass?"
347,116,0,0,31,31,1.0,0.032791291789197645,600,Seriously. I am the leader.
502,116,0,0,31,31,1.0,0.032791291789197645,600,We found him at the White House and all he can say is VERY STABLE GENIUS.
1681,116,0,0,31,31,1.0,0.032791291789197645,600,Maybe he has a chip
1760,116,0,0,31,31,1.0,0.032791291789197645,600,So you had a little fun this weekend. Gonna miss him?
1808,116,0,0,21,21,1.0,0.048795003647426664,600,"He says he is from a galaxy far, far away"
1742,116,0,0,21,21,1.0,0.048795003647426664,600,The earthlings seem friendly.
1713,116,0,0,21,21,1.0,0.048795003647426664,600,"Earthling is sniffing us, seems curious"
1598,116,0,0,28,28,1.0,0.036369648372665396,600,We'll name him number four.
1552,116,0,0,21,21,1.0,0.048795003647426664,600,Dog-on-it! He doesn't look like Captain Kirk!
1151,116,0,0,21,21,1.0,0.048795003647426664,600,"Before we take him home, did you get the blue bags?"
1110,116,0,0,21,21,1.0,0.048795003647426664,600,"...and this time put Mr. Whiskers in the teleporter, not the microwave"
945,116,0,0,21,21,1.0,0.048795003647426664,600,"He’s quite agreeable, otherwise, but will only agree to take us to his gentle leader."
889,116,0,0,21,21,1.0,0.048795003647426664,600,"He marked me as his territory, I guess we have to take him back with us."
783,116,0,0,22,22,1.0,0.046524210519923545,600,"Finally, we've got one of the elites."
696,116,0,0,21,21,1.0,0.048795003647426664,600,This is the smartest life on the planet?
370,116,0,0,21,21,1.0,0.048795003647426664,600,It is clear that the beings on this planet have been unfairly maligned.
152,116,0,0,21,21,1.0,0.048795003647426664,600,I'm amazed how retro space travel still is.
4705,116,0,0,31,31,1.0,0.032791291789197645,600,Alert intergalactic control- this looks like one bad perro.
4665,116,0,0,31,31,1.0,0.032791291789197645,600,O.K. Who's taking me walkies?
4108,116,0,0,31,31,1.0,0.032791291789197645,600,From this one we will learn to make humans serve us like slaves.
3325,116,0,0,31,31,1.0,0.032791291789197645,600,"I believe it is your turn to walk him , Zork."
2906,116,0,0,31,31,1.0,0.032791291789197645,600,There are miles to go before we land.
2668,116,0,0,31,31,1.0,0.032791291789197645,600,"We would ask you to take us to your leader, but he already sent us a Tweet."
2051,116,0,0,31,31,1.0,0.032791291789197645,600,I kinda like you in this outfit.
576,116,0,0,21,21,1.0,0.048795003647426664,600,'His collar says he's a professor'
3654,116,0,0,14,14,1.0,0.07412493166611012,600,"zeep, borp, beep, Rusty! zignu, roror, woink, Rusty!"
800,116,0,0,22,22,1.0,0.046524210519923545,600,"You walk him!” “No, you walk him!"
1064,116,0,0,11,11,1.0,0.09534625892455922,600,"It’s not our target, but it may be his best friend."
2973,116,0,0,23,23,1.0,0.044455422447438706,600,I don’t think we landed on the right spot.
2614,116,0,0,23,23,1.0,0.044455422447438706,600,No dogie door?
2561,116,0,0,23,23,1.0,0.044455422447438706,600,We are curious about your attachment to an inferior species that walks upright.
2343,116,0,0,23,23,1.0,0.044455422447438706,600,My name is no long Captain Oecl. My new name is Snowball.
2234,116,0,0,23,23,1.0,0.044455422447438706,600,"No, I don't think they eat dogs."
2159,116,0,0,23,23,1.0,0.044455422447438706,600,"No, I am the leader. The humans decided to just cede power when the pee tape came out"
2156,116,0,0,23,23,1.0,0.044455422447438706,600,He seemed really anxious to get off of the planet.
1963,116,0,0,23,23,1.0,0.044455422447438706,600,Somehow they have convinced them to pick up their waste and feed them over and over
1933,116,0,0,23,23,1.0,0.044455422447438706,600,"Careful, supposedly these are hot!"
1493,116,0,0,23,23,1.0,0.044455422447438706,600,Hey Boy....Ready for your first Spacewalk?
1186,116,0,0,23,23,1.0,0.044455422447438706,600,Take me to your lead.
902,116,0,0,23,23,1.0,0.044455422447438706,600,I think he's telling us that it is a dog eat dog world out there
314,116,0,0,23,23,1.0,0.044455422447438706,600,He can be taught to fetch an earthling.
281,116,0,0,23,23,1.0,0.044455422447438706,600,"If you insist, but it's a big backyard."
260,116,0,0,23,23,1.0,0.044455422447438706,600,I ordered you to beam up the complete rover. Where's the wheels?
5557,116,0,0,30,30,1.0,0.03390317518104052,600,I can see how he could be best friend material.
637,116,0,0,30,30,1.0,0.03390317518104052,600,"Can I ask you a favor? I meant to submit this last week (ankle-biting dinosaur): ""Honestly, as an introvert, I find being under cave-arrest to be a relief."" <3 whether or not you can do this for me :)"
5954,116,0,0,22,22,1.0,0.046524210519923545,600,So...Goldie is the new Scottie?
5843,116,0,0,11,11,1.0,0.09534625892455922,600,Either this is their god or our reflective signal is malfunctioning
2984,116,0,0,23,23,1.0,0.044455422447438706,600,We've come from many light dog years away.
5633,116,0,0,22,22,1.0,0.046524210519923545,600,"I said, ‘Beam me up Scotty, not Spotty.’"
3181,116,0,0,23,23,1.0,0.044455422447438706,600,Where on Earth did you find this dog???!!
3598,116,0,0,23,23,1.0,0.044455422447438706,600,"I thought the ""Rover"" would be more versatile."
4607,116,0,0,31,31,1.0,0.032791291789197645,600,"Good boy, Fido, now float!"
5976,116,0,0,23,23,1.0,0.044455422447438706,600,Thanks Dad. He's out of this world!
5874,116,0,0,23,23,1.0,0.044455422447438706,600,Humans even pick up their excrement. Who did you was in charge?
5781,116,0,0,23,23,1.0,0.044455422447438706,600,So this is what happens when you don’t calibrate the transporter before its first use...
5705,116,0,0,23,23,1.0,0.044455422447438706,600,Do you suppose that wiggler is how they make babies?
5547,116,0,0,23,23,1.0,0.044455422447438706,600,"Don't worry, I'll let the dog out."
5400,116,0,0,23,23,1.0,0.044455422447438706,600,Here’s our hostage. Let’s negotiate with its best friend now.
5366,116,0,0,23,23,1.0,0.044455422447438706,600,"No bone, no leash, no kennel? Does Earth think we’ve got a pet store in space?"
5149,116,0,0,23,23,1.0,0.044455422447438706,600,Don't give me that look. It's Year of The Dog and the last leader wasn't much better.
5101,116,0,0,23,23,1.0,0.044455422447438706,600,"Speak, Buddy, Speak!"
5025,116,0,0,23,23,1.0,0.044455422447438706,600,Dog gone doesn't mean I'm going to disappear.
5009,116,0,0,23,23,1.0,0.044455422447438706,600,This time the shadow Israel
4968,116,0,0,23,23,1.0,0.044455422447438706,600,You know I expect a treat for this
4648,116,0,0,23,23,1.0,0.044455422447438706,600,"Which way should we beam Rex this time to discourage him from coming back, Down?"
4628,116,0,0,23,23,1.0,0.044455422447438706,600,"Ruff! Ruff, ruff, arf, ruff, ruff."
4625,116,0,0,23,23,1.0,0.044455422447438706,600,"What's that, Lassie? Timmy got abducted by aliens?"
3951,116,0,0,23,23,1.0,0.044455422447438706,600,"Uh, oh. This means Captain Kirk is being neutered."
3871,116,0,0,23,23,1.0,0.044455422447438706,600,"This specimen is man's best friend, but we don't know what that means."
3637,116,0,0,23,23,1.0,0.044455422447438706,600,"So, how do you go to the bathroom?"
3596,116,0,0,23,23,1.0,0.044455422447438706,600,BOW down now. He may well be our savior incarnate.
5575,116,0,0,33,33,1.0,0.030772872744833184,600,"I am telling the three of you... ""your going to have to be MUCH more limber, to be able to do what we can do."""
5499,116,0,0,22,22,1.0,0.046524210519923545,600,"We needed some “best friends” in our world, so we brought you up from Earth."
5456,116,0,0,22,22,1.0,0.046524210519923545,600,It’s too cute to dissect.
2791,116,0,0,22,22,1.0,0.046524210519923545,600,"On the Enterprise, nobody knows you're a dog."
2720,116,0,0,22,22,1.0,0.046524210519923545,600,Who's a good abductee? You are!
2647,116,0,0,22,22,1.0,0.046524210519923545,600,You see that tail wagging'? We're in!
2625,116,0,0,22,22,1.0,0.046524210519923545,600,"Remember ""Paw, Sit, Speak and Roll Over"""
2358,116,0,0,22,22,1.0,0.046524210519923545,600,He's very possessive of anything that looks like food.
2354,116,0,0,22,22,1.0,0.046524210519923545,600,You sure this guy’s their leader?
2293,116,0,0,22,22,1.0,0.046524210519923545,600,We know nothing of this thing called 'Pooper-Scooper...'
2198,116,0,0,11,11,1.0,0.09534625892455922,600,"If “woof” means “out”, that’s not an option."
2102,116,0,0,22,22,1.0,0.046524210519923545,600,I think he's earthleen leader.
2069,116,0,0,11,11,1.0,0.09534625892455922,600,Tell us again how you get the Earthlings to clean up your crap for you.
1944,116,0,0,22,22,1.0,0.046524210519923545,600,is this the right spot?
1940,116,0,0,22,22,1.0,0.046524210519923545,600,"Luke, I am your Fido!"
1936,116,0,0,11,11,1.0,0.09534625892455922,600,It must be his brain... you can see it thinking.
1797,116,0,0,22,22,1.0,0.046524210519923545,600,"OMG, I am 110% sure I remember humans looking like us. This Mandela Effect totally blows my mind."
1597,116,0,0,11,11,1.0,0.09534625892455922,600,"Now, which of you knows how to express anal glands?"
1488,116,0,0,22,22,1.0,0.046524210519923545,600,But fetch is my favorite game!
1399,116,0,0,11,11,1.0,0.09534625892455922,600,Are you ready to boldly go where no emotional support dog has gone before?
1207,116,0,0,22,22,1.0,0.046524210519923545,600,Oh hai Doggie heh heh heh
1125,116,0,0,22,22,1.0,0.046524210519923545,600,Speak.......earthling.......speak!
2950,116,0,0,22,22,1.0,0.046524210519923545,600,So who's gonna take him out for a walk?
3150,116,0,0,22,22,1.0,0.046524210519923545,600,Os siht si tahw yeht drager sa God?
3207,116,0,0,22,22,1.0,0.046524210519923545,600,"I distinctly said “leader,” not “retriever.”"
3337,116,0,0,22,22,1.0,0.046524210519923545,600,He’d look ridiculous sitting next to a Victoria.
5449,116,0,0,22,22,1.0,0.046524210519923545,600,We've come to emancipate your people.
5328,116,0,0,22,22,1.0,0.046524210519923545,600,It's the only sign of intelligence I could find in that big white building down there.
5300,116,0,0,22,22,1.0,0.046524210519923545,600,"For once the subject seems to appreciate your technique, Ork."
5270,116,0,0,11,11,1.0,0.09534625892455922,600,"Before we send him home, he says he wants to see Pluto."
5216,116,0,0,33,33,1.0,0.030772872744833184,600,Let us know what you find out.
5147,116,0,0,11,11,1.0,0.09534625892455922,600,"(""I can smell the treat ... but which of these three is holding it...?"")"
5008,116,0,0,11,11,1.0,0.09534625892455922,600,Take him to our breeder.
4986,116,0,0,22,22,1.0,0.046524210519923545,600,We have to send him back. He has a strange approach on how 'to serve man'
4667,116,0,0,11,11,1.0,0.09534625892455922,600,"If this is their leader, where does he keep his brain?"
952,116,0,0,22,22,1.0,0.046524210519923545,600,Let's call the Jetsons and get this over with.
4577,116,0,0,22,22,1.0,0.046524210519923545,600,"Scotty hacked us!! But, what is it?!!?"
4364,116,0,0,22,22,1.0,0.046524210519923545,600,You are to become man's best friend and report back.
4300,116,0,0,22,22,1.0,0.046524210519923545,600,"First it sniffs us, then he shakes its . . . what would you call it?"
4295,116,0,0,22,22,1.0,0.046524210519923545,600,"I'm getting a ravenous hunger for what seems to be called, ""anything."""
4100,116,0,0,22,22,1.0,0.046524210519923545,600,"Well, we tried the Konmari method and now all we have is this dog."
3898,116,0,0,22,22,1.0,0.046524210519923545,600,They're even cuter IRL
3752,116,0,0,22,22,1.0,0.046524210519923545,600,You know to project your voice farther from where I sit?
3681,116,0,0,22,22,1.0,0.046524210519923545,600,Are you what they call a cat?
3575,116,0,0,22,22,1.0,0.046524210519923545,600,"Looks friendly, but you never know -- could be a Pit Bull!"
3437,116,0,0,11,11,1.0,0.09534625892455922,600,"I don't know either, but I think we are expected to scoop its poop."
4476,116,0,0,22,22,1.0,0.046524210519923545,600,It speaks our language.
2422,116,0,0,67,67,1.0,0.015038019057934237,600,"Rover, let’s review. You fetch the President’s nice red button, and we’ll bring you back up. Drop the button right here, and then we’ll take you to see all the squirrels."
3031,116,0,0,54,54,1.0,0.018692405136401476,600,"Now that you know everything from me, can you turn me back into a human?"
5857,116,0,0,24,24,1.0,0.04256282653793743,600,"Five planets this month and it’s always the same. We’ve been beaten again, gentlemen."
3682,116,0,0,42,42,1.0,0.024098134635593994,600,"I said Scotty, not Spotty!"
3561,116,0,0,49,49,1.0,0.020619652471058063,600,Did anyone remember to grab some plastic bags?
3006,116,0,0,42,42,1.0,0.024098134635593994,600,Are you the 'good boy' we're looking for?
2757,116,0,0,49,49,1.0,0.020619652471058063,600,It says its leader is a very stable genius that enjoys tweeting.
2627,116,0,0,49,49,1.0,0.020619652471058063,600,"The posterior antenna, do you think it's broadcasting pictures of us?"
1785,116,0,0,49,49,1.0,0.020619652471058063,600,"Given what we saw on the planet, I would definitely call him a 'rescue'."
1550,116,0,0,42,42,1.0,0.024098134635593994,600,I think he is trying to tell us that Earth's in trouble!
993,116,0,0,70,70,1.0,0.014388861576723854,600,"You got me an brownie machine! I love earth brownies! Thank you, Zorg!"
421,116,0,0,49,49,1.0,0.020619652471058063,600,We know he's a member of the master class. He had an assistant to pick up his poop.
5363,116,0,0,92,92,1.0,0.010929124924699354,600,Notice the uncertain tail wag when I mention going for a walk.
3819,116,0,0,85,85,1.0,0.011834526708278772,600,"Are you the Curiosity, rover?"
3413,116,0,0,64,64,1.0,0.015748519708717802,600,"Well, if it looks like a dog, barks like a dog, and smells like a dog..."
1228,116,0,0,128,128,1.0,0.007843197564226983,600,You did have it set to only abduct intelligent life.
1699,116,0,0,50,50,1.0,0.020203050891044214,600,How do you get them pick up your poo?
3744,116,0,0,43,43,1.0,0.023531040266750583,600,"So 27 wags means yes, right?"
2444,116,0,0,130,130,1.0,0.007722065279990304,600,He says we're his new best friends.
1094,116,0,0,29,29,1.0,0.03509312031717982,600,"I think the phrase is, ""What's shaking, earthling?"""
5389,116,0,0,22,22,1.0,0.046524210519923545,600,"Actually it's pronounced ""yurr-en-us""--but, to answer your question, I don't know what it smells like."
5877,116,0,0,147,147,1.0,0.0068259783223928085,600,He is saying he was fine with the probe and would like to reciprocate.
4025,116,0,0,42,42,1.0,0.024098134635593994,600,"Greetings Earthling. We understand you have trained humans to provide you with food, shelter, health care, and attention. You are the dominate species on the planet."
2525,116,0,0,52,52,1.0,0.019418390934515434,600,Our search for intelligent life finally concludes.
4116,116,0,0,98,98,1.0,0.010256545123110545,600,"Well Elon, it's not exactly what we were thinking as the Mars Rover."
5926,116,0,0,42,42,1.0,0.024098134635593994,600,This contradicts our preliminary research that there's no intelligent life on Planet Earth ...
757,116,0,0,47,47,1.0,0.021506619680967013,600,Why does the antenna keep moving?
672,116,0,0,47,47,1.0,0.021506619680967013,600,I think he wants to go outside
3677,116,0,0,101,101,1.0,0.00995037190209989,600,"Who's Timmy, and what's a well?"
6021,116,0,0,27,27,1.0,0.03774256780481986,600,Careful! He charms and enslaves two-legged beings.
4229,116,0,0,27,27,1.0,0.03774256780481986,600,Deliver this message to all mankind.
1559,116,0,0,27,27,1.0,0.03774256780481986,600,"Ok, then we can safely assume that all Earthlings are happy, loving, and welcoming of new people!"
560,116,0,0,27,27,1.0,0.03774256780481986,600,"It can sit, but can it speak?"
2704,116,0,0,115,115,1.0,0.008733707726295862,600,Act lovable until we signal the general attack.
6026,116,0,0,48,48,1.0,0.021053798026662972,600,This simple dog disguise let me enslave the humans.
3611,116,0,0,48,48,1.0,0.021053798026662972,600,Capt. Kirk said it would be a Scotty.
2801,116,0,0,48,48,1.0,0.021053798026662972,600,I requisitioned a fully functioning lab... and they sent this.
2606,116,0,0,48,48,1.0,0.021053798026662972,600,He's got to be their leader. I found him having to pull another type of creature along with a rope.
2081,116,0,0,96,96,1.0,0.010471347707292388,600,Bones is off of teleportation duty.
1361,116,0,0,96,96,1.0,0.010471347707292388,600,"What do you mean, ""you have to pick up after him""?"
1226,116,0,0,48,48,1.0,0.021053798026662972,600,"""This one seems much more intelligent than the president""."
1217,116,0,0,96,96,1.0,0.010471347707292388,600,Another Roswell rescue. The tabloids love us.
749,116,0,0,55,55,1.0,0.018349396085439344,600,We were told that you know how to locate Uranus.
4881,116,0,0,62,62,1.0,0.016260700012185932,600,"At long last, we have the President."
4047,116,0,0,139,139,1.0,0.007220263657073482,600,Beware the ocillating appendage on its rear!
5287,116,0,0,49,49,1.0,0.020619652471058063,600,DYSLEXIC MARTIANS IN SEARCH OF GOD
2823,116,0,0,47,47,1.0,0.021506619680967013,600,"The best part, he's a rescue."
1196,116,0,0,52,52,1.0,0.019418390934515434,600,It followed me up here. Can we keep it?
1039,116,0,0,52,52,1.0,0.019418390934515434,600,Do the humans realize you're in control?
2217,116,0,0,55,55,1.0,0.018349396085439344,600,I think he has to go out.
1483,116,0,0,110,110,1.0,0.009132515299544463,600,And what are those creatures you've trained to follow you and clean up for you?
417,116,0,0,55,55,1.0,0.018349396085439344,600,He followed me home - can I keep him?
5776,116,0,0,63,63,1.0,0.01600051202457731,600,"Oh look, he left us a little gift."
1822,116,0,0,87,87,1.0,0.01156088678177274,600,No. Too much like the last one. If we probe its rear it'll just think we mean hello.
5977,116,0,0,72,72,1.0,0.013986355971611485,600,It's your turn to take him outside.
5613,116,0,0,48,48,1.0,0.021053798026662972,600,I said bring me their GOD not their DOG.
5469,116,0,0,48,48,1.0,0.021053798026662972,600,Well the rumor just became a reality. The human race is surely going to the dogs.
5067,116,0,0,48,48,1.0,0.021053798026662972,600,And how were you able to convince them you were their best friend?
5010,116,0,0,56,56,1.0,0.01801874925391118,600,That’s not what I meant when I said to bring in the space rover.
4556,116,0,0,128,128,1.0,0.007843197564226983,600,"Apparenty, this was the most intelligent creature to be found."
4228,116,0,0,112,112,1.0,0.00896870004167719,600,He wants us to take him to the Dog Star.
3475,116,0,0,48,48,1.0,0.021053798026662972,600,Earthlings are more advanced than we thought.
3327,116,0,0,32,32,1.0,0.031750031750047626,600,So much for that invisible fence!
3310,116,0,0,48,48,1.0,0.021053798026662972,600,I thought you said to say 'Take me to your breeder'!
1825,116,0,0,56,56,1.0,0.01801874925391118,600,The cat didn't work out.
1676,116,0,0,32,32,1.0,0.031750031750047626,600,What is a tennis ball?
1379,116,0,0,48,48,1.0,0.021053798026662972,600,"Commander, we’ve intercepted a vehicle operated by flea people."
1074,116,0,0,104,104,1.0,0.009661948493603892,600,It Is confusing! ...and then you have to consider dog years.
2468,116,0,0,55,55,1.0,0.018349396085439344,600,Let's call it 'cat'.
1053,116,0,0,52,52,1.0,0.019418390934515434,600,Claims he's Sirius the Dog Star.
236,116,0,0,47,47,1.0,0.021506619680967013,600,"He says they rule the Earth, and the cats have the humans as pets."
549,116,0,0,47,47,1.0,0.021506619680967013,600,"Really, I did bring the intelligent one."
873,116,0,0,52,52,1.0,0.019418390934515434,600,The universal translator says he's asking to go out.
2878,116,0,0,164,164,1.0,0.006116236550659085,600,Hey that's not a Scottie.
5701,116,0,0,45,45,1.0,0.022473328748774737,600,"It's taken us 10,000 years, but we are this close to running everything."
1731,116,0,0,30,30,1.0,0.03390317518104052,600,You beamed this up from Earth; now you figure out where to walk it!
294,116,0,0,45,45,1.0,0.022473328748774737,600,"Unlike other life forms of life on earth, this one does not follow his tail."
3416,116,0,0,188,188,1.0,0.005333352296397433,600,You did tell me to find a 'good boy.'
2128,116,0,0,174,174,1.0,0.005763712694751479,600,This is the smartest human we've beamed up yet!
5947,116,0,0,38,38,1.0,0.02666903735313325,600,I was expecting a scottie
3756,116,0,0,46,46,1.0,0.021979349113192898,600,Send back this dog and tell them to beam up a Scottie.
3273,116,0,0,46,46,1.0,0.021979349113192898,600,There really is a Dog!
3267,116,0,0,23,23,1.0,0.044455422447438706,600,"Somehow I was expecting a Scottie, not a Lab."
88,116,0,0,46,46,1.0,0.021979349113192898,600,"We have examined this human specimen and found it to be warm, compassionate, loyal, and friendly, not at all like we were led to believe."
1349,116,0,0,54,54,1.0,0.018692405136401476,600,At least we found some intelligent life on that planet.
4248,116,0,0,31,31,1.0,0.032791291789197645,600,All he does is bay at the moon.
965,116,0,0,140,140,1.0,0.00716850482732654,600,Should we call him Pluto?
384,116,0,0,70,70,1.0,0.014388861576723854,600,"It's a deal then. You take all of our planet's tennis balls, and we get all of your planet's cats."
4533,116,0,0,47,47,1.0,0.021506619680967013,600,You said to bring back the most intelligent being we could find...
4121,116,0,0,141,141,1.0,0.007117482792171623,600,"It may not seem like the dominant species, but it has several bipedal slaves."
3643,116,0,0,141,141,1.0,0.007117482792171623,600,"Captain, we have deciphered his language. He wants to know where the grass is. It's urgent!"
338,116,0,0,47,47,1.0,0.021506619680967013,600,"Sir, you said to beam up their leader. This guy had someone following him around picking up his poo, so I figured..."
3321,116,0,0,47,47,1.0,0.021506619680967013,600,I believed the new creature is confused about which moon to howl at.
3376,116,0,0,47,47,1.0,0.021506619680967013,600,"I'm not sure how he got here, but according to his collar, he belongs to a Professor Schrodinger."
3572,116,0,0,47,47,1.0,0.021506619680967013,600,Oh look at his cute tail wag! Okay. We spare this planet.
5079,116,0,0,44,44,1.0,0.022990024493585143,600,"It's all going to plan, Earth is going to the dogs."
4701,116,0,0,44,44,1.0,0.022990024493585143,600,We asked for loyalty from your leaders and this is it?
4581,116,0,0,44,44,1.0,0.022990024493585143,600,"Fooled me. I thought your so-called ""flying saucer"" was a Frisbee."
4467,116,0,0,44,44,1.0,0.022990024493585143,600,Just remember to sniff everything and be as obsequious as possible.
3341,116,0,0,44,44,1.0,0.022990024493585143,600,This is the most intelligent species on Earth -- sometimes they can even train the humans!
2849,116,0,0,88,88,1.0,0.011428758022062361,600,we found laika
2792,116,0,0,44,44,1.0,0.022990024493585143,600,I think this earthling could be a loyal and trusty friend.
2544,116,0,0,44,44,1.0,0.022990024493585143,600,It always seems happy to see me.
1845,116,0,0,44,44,1.0,0.022990024493585143,600,"Siri thought that I barked, ""Take me to Canis Major"""
1783,116,0,0,44,44,1.0,0.022990024493585143,600,"Someone needs to take me for a space walk, NOW!"
1588,116,0,0,44,44,1.0,0.022990024493585143,600,Do you get the feeling that he wants to stick his head out of the window?
1557,116,0,0,44,44,1.0,0.022990024493585143,600,This is intelligent life.
838,116,0,0,189,189,1.0,0.005305058450660253,600,Well this is an elaborate game of fetch.
5875,116,0,0,145,145,1.0,0.006920456654478331,600,"Sure,everyone wanted to abduct a dog, but I knew I would be stuck walking him"
4882,116,0,0,139,139,1.0,0.007220263657073482,600,Where should we put the doggie door?
3963,116,0,0,38,38,1.0,0.02666903735313325,600,Do you need to go out?
3602,116,0,0,38,38,1.0,0.02666903735313325,600,Let's name him Rover.
3190,116,0,0,38,38,1.0,0.02666903735313325,600,Do you think the mothership will let us keep him?
2456,116,0,0,38,38,1.0,0.02666903735313325,600,And try to get on their internet. No one will know who you are.
6005,116,0,0,44,44,1.0,0.022990024493585143,600,"Earthly ? No, Siriusly."
2380,116,0,0,38,38,1.0,0.02666903735313325,600,What I wouldn't give for a universal translator.
1750,116,0,0,69,69,1.0,0.014598929061844594,600,"Why yes, we love to play fetch too!"
303,116,0,0,25,25,1.0,0.040824829046386304,600,How cute. It's wagging its probe.
2742,116,0,0,43,43,1.0,0.023531040266750583,600,Our surveillance shows that these are the leaders of the Bipeds.
2432,116,0,0,43,43,1.0,0.023531040266750583,600,"What's that, boy? Trouble in the old Milky Way?"
2000,116,0,0,43,43,1.0,0.023531040266750583,600,"I’m not lying, this is the creature whose waste the humans were picking up."
1711,116,0,0,43,43,1.0,0.023531040266750583,600,He makes more sense than their leader.
1689,116,0,0,43,43,1.0,0.023531040266750583,600,"Good luck, Agent S. The humans will be helpless in your presence."
1387,116,0,0,43,43,1.0,0.023531040266750583,600,"Here, reporting back from earth. The delusion of mankind's superiority remains even as they continue to pick up my feces, daily."
1290,116,0,0,43,43,1.0,0.023531040266750583,600,Whadda you mean we need an appointment to meet the cat?
1099,116,0,0,43,43,1.0,0.023531040266750583,600,Who's a good blarnk? You're a good blarnk!
909,116,0,0,43,43,1.0,0.023531040266750583,600,These must be the leaders as the tall ones follow them and retrieve their excrement.
781,116,0,0,43,43,1.0,0.023531040266750583,600,"This species seems, like, smarter than their leader."
638,116,0,0,43,43,1.0,0.023531040266750583,600,Thank you wise one for teaching us the beauty of butt-sniffing!
5956,116,0,0,37,37,1.0,0.02739983121755955,600,"Believe me, this is the smartest earthling we could find."
3933,116,0,0,111,111,1.0,0.009049866402333346,600,"Ok...better this time, but it's still not a Scottie..."
2598,116,0,0,37,37,1.0,0.02739983121755955,600,I thought I was clear when I told you two to take Area 51's lab
1766,116,0,0,37,37,1.0,0.02739983121755955,600,"""All he can say is, 'Take me to your ball', whatever that is?"
5490,116,0,0,68,68,1.0,0.014815221273648994,600,Does anyone else feel understood?
1619,116,0,0,93,93,1.0,0.010810968751610264,600,This one looked more intelligent than the bipedal creature it was with.
4613,116,0,0,50,50,1.0,0.020203050891044214,600,Who is Woof?
3362,116,0,0,25,25,1.0,0.040824829046386304,600,He’s man’s best friend; not ours.
271,116,0,0,50,50,1.0,0.020203050891044214,600,Bad news. I think he wants to go for a walk.
1989,116,0,0,38,38,1.0,0.02666903735313325,600,"Based on our intel, he can smell fear and chase his tail."
1213,116,0,0,38,38,1.0,0.02666903735313325,600,"The dog, second only to the dolphin in intelligence on the planet....less wet, too."
69,116,0,0,38,38,1.0,0.02666903735313325,600,Does somebody want to go O-U-T for a S-P-A-C-E-W-A-L-K?
2666,116,0,0,46,46,1.0,0.021979349113192898,600,I believe this is a close encounter of the canine.
2421,116,0,0,138,138,1.0,0.007272775357351403,600,He's not my leader
2365,116,0,0,46,46,1.0,0.021979349113192898,600,Watch out for the tail. It may be a weapon.
1872,116,0,0,46,46,1.0,0.021979349113192898,600,I'm afraid we have no bones.
1805,116,0,0,46,46,1.0,0.021979349113192898,600,"From all the poop we're seeing, I think we've abducted a politician!"
1368,116,0,0,92,92,1.0,0.010929124924699354,600,in space everyone knows you're a dog
1337,116,0,0,46,46,1.0,0.021979349113192898,600,"Hey, Jerry. Why would their leader wear a collar?"
1250,116,0,0,46,46,1.0,0.021979349113192898,600,"Remember, some galaxies enforce the pooper scooper laws."
1831,116,0,0,86,86,1.0,0.011696106429438607,600,Who is your best friend?
1117,116,0,0,53,53,1.0,0.019048482943986485,600,"So guys, have you seen my ball?"
5773,116,0,0,40,40,1.0,0.025318484177091666,600,"We'll call him ""Rover"""
4023,116,0,0,20,20,1.0,0.051298917604257706,600,I just programmed the transporter to send up the most intelligent occupant of the White House!
3075,116,0,0,40,40,1.0,0.025318484177091666,600,What do you think he means by 'Woof?'
1966,116,0,0,20,20,1.0,0.051298917604257706,600,Yes Laika. You can go home. It's just that they're not expecting you.
661,116,0,0,40,40,1.0,0.025318484177091666,600,It seems to absorb infinite amounts of sunlight.
108,116,0,0,20,20,1.0,0.051298917604257706,600,"I don't care how they communicate, just find some trees."
86,116,0,0,40,40,1.0,0.025318484177091666,600,Take me to your feeder!
1208,116,0,0,87,87,1.0,0.01156088678177274,600,Walking him might be a problem.
2067,116,0,0,181,181,1.0,0.005540187460954447,600,Don’t take us to your leader.
2989,116,0,0,92,92,1.0,0.010929124924699354,600,'Because you can'? For this we traveled twenty million light years?
3687,116,0,0,46,46,1.0,0.021979349113192898,600,What is it boy? Zandar fell into the tachyon tube?
3862,116,0,0,46,46,1.0,0.021979349113192898,600,You told us to bring back the most intelligent life form.
4291,116,0,0,46,46,1.0,0.021979349113192898,600,"Well, he's the one with the collar, so he must be the dominant species."
1530,116,0,0,109,109,1.0,0.009216687726822183,600,When I said I wanted a woofer installed in the transport; that's not what I meant.
537,116,0,0,77,77,1.0,0.013072174640400053,600,He wants to know who will take him for his morning walk
5483,116,0,0,122,122,1.0,0.008230522367501686,600,"Now that you have their confidence, we have a mission for you."
3497,116,0,0,90,90,1.0,0.011173358719233181,600,This is the best friend that our abductee mentioned.
1378,116,0,0,45,45,1.0,0.022473328748774737,600,I hope he's UFO broken.
823,116,0,0,45,45,1.0,0.022473328748774737,600,What have you done? I wanted to see their G-O-D!
466,116,0,0,45,45,1.0,0.022473328748774737,600,See? Pluto really DOES exist
4101,116,0,0,116,116,1.0,0.008658089785895598,600,"Yes, its a long journey, but really, how many blue bags do we need?"
3999,116,0,0,97,97,1.0,0.010362833403620979,600,So that's how far away in Dog-years?
1057,116,0,0,48,48,1.0,0.021053798026662972,600,"Surprisingly, these Earthlings are smarter than we expected."
5553,116,0,0,65,65,1.0,0.015504341823651057,600,Meow?
4361,116,0,0,26,26,1.0,0.03922322702763681,600,"….then the neighbor's black and white cat hissed at me, so I ….."
4006,116,0,0,39,39,1.0,0.025976216673306556,600,"Yes, finally we captured one of their leaders"
2517,116,0,0,39,39,1.0,0.025976216673306556,600,Again? but you were just out!
2031,116,0,0,26,26,1.0,0.03922322702763681,600,But he’s so good. We have to find a place for him on the ship!
1316,116,0,0,130,130,1.0,0.007722065279990304,600,I met him on the internet. He's very rich.
84,116,0,0,98,98,1.0,0.010256545123110545,600,And to think we despaired of ever finding intelligent life in the White House!
4967,116,0,0,46,46,1.0,0.021979349113192898,600,"I say we send him back, we don't need another dog from a shithole planet"
4772,116,0,0,46,46,1.0,0.021979349113192898,600,"Sorry, no shithole on board."
4395,116,0,0,46,46,1.0,0.021979349113192898,600,Another space walk already! Whose idea was it to capture this life form anyway?
4400,116,0,0,39,39,1.0,0.025976216673306556,600,"According to the lease, this was the leader."
2948,116,0,0,43,43,1.0,0.023531040266750583,600,I guess we got his best friend instead.
719,116,0,0,88,88,1.0,0.011428758022062361,600,Who's going to tell our Leader that we changed our minds about breeding with the earthlings?
3595,116,0,0,97,97,1.0,0.010362833403620979,600,Even has a larger species follow and pick up his poop!
3716,116,0,0,116,116,1.0,0.008658089785895598,600,"Someone Google translate what the alien is saying - ""Woof""?"
4623,116,0,0,53,53,1.0,0.019048482943986485,600,His flexitor rod appears to be telling us to go back to the shithole from whence we came.
3186,116,0,0,53,53,1.0,0.019048482943986485,600,"Hi, my name is Scotty..."
3574,116,0,0,117,117,1.0,0.008583770043743413,600,Where’s the nearest fire hydrant?
1729,116,0,0,32,32,1.0,0.031750031750047626,600,So all we have to do is lick their faces and they will feed us ?
5440,116,0,0,217,217,1.0,0.004618949962280777,600,This one certainly seems a lot more sensible than the so-called leader of that planet
3976,116,0,0,185,185,1.0,0.0054200741037597235,600,Did you try turning it off and on again?
458,116,0,0,98,98,1.0,0.010256545123110545,600,He appears to be a very stable genius.
1691,116,0,0,186,186,1.0,0.005390855162578571,600,Dammit! I told you to beam up a Scottie!
5740,116,0,0,241,241,1.0,0.004158013143999285,600,"Considering how the bi-pedal earth creatures pamper them, we may have just identified the planet’s highest life form."
5525,116,0,0,55,55,1.0,0.018349396085439344,600,"Sir, we believe this to be the best specimen from that shithole planet below."
4127,116,0,0,55,55,1.0,0.018349396085439344,600,This is their most intelligent species.
4102,116,0,0,55,55,1.0,0.018349396085439344,600,What can you tell us about Chief Orange Hair?
3989,116,0,0,55,55,1.0,0.018349396085439344,600,Of course I'm Sirius!
3301,116,0,0,55,55,1.0,0.018349396085439344,600,Back to Earth? Are you sure?
2098,116,0,0,55,55,1.0,0.018349396085439344,600,These humans are smarter than we expected.
5207,116,0,0,56,56,1.0,0.01801874925391118,600,"It's okay. I abducted him from a shelter, not a pet store."
4847,116,0,0,56,56,1.0,0.01801874925391118,600,Do you think he needs to go out?
4146,116,0,0,56,56,1.0,0.01801874925391118,600,The doggy door may be a problem.
1722,116,0,0,200,200,1.0,0.005012547071170855,600,"Based on his planet's condition, this Earthling is a lot smarter than I thought it'd be."
2527,116,0,0,56,56,1.0,0.01801874925391118,600,Thank god! Last time we got Trump.
5595,116,0,0,84,84,1.0,0.011976262619132589,600,I don't think he's their leader-- he looks too intelligent.
1942,116,0,0,31,31,1.0,0.032791291789197645,600,"""i thought we ordered a pizza""."
3499,116,0,0,58,58,1.0,0.017391961901349125,600,So much more intelligent than those hairless bipeds we came across last year.
2882,116,0,0,29,29,1.0,0.03509312031717982,600,It calls itself ARF
2164,116,0,0,136,136,1.0,0.0073801240461674605,600,"He just keeps saying : ""Take me to your breeder."""
5480,116,0,0,49,49,1.0,0.020619652471058063,600,Really? You need to go out now?
1951,116,0,0,49,49,1.0,0.020619652471058063,600,"Now, we deploy our Mars Rover."
2054,116,0,0,167,167,1.0,0.006006033087351441,600,We were expecting a Scottie.
4234,116,0,0,59,59,1.0,0.017094641498783945,600,We finally found intelligent life on earth.
980,116,0,0,59,59,1.0,0.017094641498783945,600,I hope to be half the alien you think I am.
180,116,0,0,59,59,1.0,0.017094641498783945,600,Well this is a pleasant surprise. We'd only been able to pick up Fox News.
2115,116,0,0,109,109,1.0,0.009216687726822183,600,Who is the good boy that just defied the laws of physics?
3675,116,0,0,60,60,1.0,0.016807316136320357,600,I CHECKED 2 BONES .. WHERE ARE THEY ?
3291,116,0,0,50,50,1.0,0.020203050891044214,600,"The results of the probe show the earthlings' diet consists of shoe soles, grass and tennis balls"
3020,116,0,0,110,110,1.0,0.009132515299544463,600,"This is the apparent ruler of the planet. Despite having a signicantly larger brain, humans follow them around constantly collecting their waste."
705,116,0,0,60,60,1.0,0.016807316136320357,600,"Trust me, he's better than their leader"
1070,116,0,0,213,213,1.0,0.00470589537965922,600,Who's a good inferior species? You are. Yes you are!
5967,116,0,0,203,203,1.0,0.004938286658418489,600,What does 'rake me to your reader' mean?
881,116,0,0,61,61,1.0,0.016529490122682157,600,Their antenna is wagging too fast
3735,116,0,0,236,236,1.0,0.0042462940716523475,600,"Don't worry Max, the captain said there is a lamp post at our next stop in the Milky Way Galaxy."
4483,116,0,0,31,31,1.0,0.032791291789197645,600,It's taken a while but this is definitely the finest sample so far.
752,116,0,0,31,31,1.0,0.032791291789197645,600,"Well, whatever it is, it's just so darned cute!"
4596,116,0,0,116,116,1.0,0.008658089785895598,600,I teleported a stick and this came back.
1724,116,0,0,56,56,1.0,0.01801874925391118,600,"It's some kind of god for them, they call it a Labradoodle."
482,116,0,0,56,56,1.0,0.01801874925391118,600,"He may look harmless, but his enthusiasm for chasing flying discs could prove to be a problem."
1935,116,0,0,59,59,1.0,0.017094641498783945,600,This creature claims to represent the dominant species. Do you see how it is using advanced binary tail wagging language?
1684,116,0,0,59,59,1.0,0.017094641498783945,600,We need to know everything about your best friend.
944,116,0,0,59,59,1.0,0.017094641498783945,600,"No, I said ""Beam me up a Scotty""."
442,116,0,0,59,59,1.0,0.017094641498783945,600,"So, the disguise worked but they took your what?"
5842,116,0,0,60,60,1.0,0.016807316136320357,600,We scoured the earth for signs of intelligent life . . .
5653,116,0,0,60,60,1.0,0.016807316136320357,600,This is one of the creatures that commands the planet's big-brained bipeds to pick up its feces.
3599,116,0,0,60,60,1.0,0.016807316136320357,600,"We know you're in charge, we saw the other earthlings following behind you and picking up your poop."
3431,116,0,0,60,60,1.0,0.016807316136320357,600,"So, as their best friend, what’s their problem?"
3120,116,0,0,60,60,1.0,0.016807316136320357,600,"Quickly, someone grow a tail so we can reply to his greeting!"
1666,116,0,0,132,132,1.0,0.007604617709126885,600,Bring back more dogs. No humans.
1563,116,0,0,60,60,1.0,0.016807316136320357,600,I take it your meeting with the Earthlings went well?
1214,116,0,0,36,36,1.0,0.028171808490950554,600,What? You say Zanpher fell down the well?
4277,116,0,0,109,109,1.0,0.009216687726822183,600,"Actually, I meant a human life-form more intelligent than their president."
3214,116,0,0,61,61,1.0,0.016529490122682157,600,"From the way they treat her, she must be their leader."
2386,116,0,0,61,61,1.0,0.016529490122682157,600,We have finally found it: the highest life form in the universe.
279,116,0,0,61,61,1.0,0.016529490122682157,600,Just based on those in charge this was the smartest creature.
6036,116,0,0,49,49,1.0,0.020619652471058063,600,Open the doggie door HAL.
4994,116,0,0,49,49,1.0,0.020619652471058063,600,Tell your masters we don't want any more visitors from your shithole planet.
3847,116,0,0,49,49,1.0,0.020619652471058063,600,Who’s an intelligent life form??
3354,116,0,0,59,59,1.0,0.017094641498783945,600,Not sure which Lab he came from
985,116,0,0,56,56,1.0,0.01801874925391118,600,"Finally, a planet with an intelligent life-form."
4468,116,0,0,59,59,1.0,0.017094641498783945,600,Transport that ring of piss back to earth! Keep the dog.
5406,116,0,0,35,35,1.0,0.028988551782622423,600,"Dying planet, questionable people, but he looks like a good boy."
4465,116,0,0,169,169,1.0,0.005934744229311227,600,I understand their language and speak yours.
5733,116,0,0,34,34,1.0,0.029854071701326604,600,What's the problem? You said to go down and bring up the most intelligent being you can find.
5506,116,0,0,68,68,1.0,0.014815221273648994,600,Can we keep it? Please!
4735,116,0,0,34,34,1.0,0.029854071701326604,600,Wow. I can't believe he's wagging his tail after we just blew up his planet.
4612,116,0,0,34,34,1.0,0.029854071701326604,600,Now to figure out why humans worship this creature so much.
4574,116,0,0,34,34,1.0,0.029854071701326604,600,"Finally, we've found the mysterious good boy."
4213,116,0,0,57,57,1.0,0.01769980813511972,600,"Oh! I thought you said ""Take me to your breeder"""
3980,116,0,0,57,57,1.0,0.01769980813511972,600,"And when you meet the President, don't start serious negotiations until he sniffs all your butts."
3857,116,0,0,57,57,1.0,0.01769980813511972,600,It's the only intelligent life form we could find down there.
1277,116,0,0,57,57,1.0,0.01769980813511972,600,"Well, we did program the damn transporter to deliver the most intelligent life form on the planet."
1121,116,0,0,57,57,1.0,0.01769980813511972,600,"Take us to your, like, really smart, stable genius, non-reader leader."
953,116,0,0,57,57,1.0,0.01769980813511972,600,Finally a sign of intelligent life on Earth.
317,116,0,0,57,57,1.0,0.01769980813511972,600,Maybe there is intelligent life on earth.
155,116,0,0,57,57,1.0,0.01769980813511972,600,"Yes, I'm their leader now. The country finally ran out of qualified candidates."
2027,116,0,0,160,160,1.0,0.006269623282193989,600,I think he wants us to retrieve something from planet Labrador.
4045,116,0,0,58,58,1.0,0.017391961901349125,600,So tell us more about your best friend.
3442,116,0,0,58,58,1.0,0.017391961901349125,600,I think he needs to go.
455,116,0,0,58,58,1.0,0.017391961901349125,600,Should we take him for a float?
3812,116,0,0,151,151,1.0,0.006644554941850954,600,"The captain says, if you want a friend on this spaceship, get a dog."
4707,116,0,0,235,235,1.0,0.004264402017646002,600,I saw humans cleaning up after them. They must be the real leaders of this world.
4798,116,0,0,29,29,1.0,0.03509312031717982,600,It appears to be some sort of space rover.
2439,116,0,0,135,135,1.0,0.007434995612424509,600,He looks just like my great grandfather.
543,116,0,0,212,212,1.0,0.004728145600076584,600,I'm more of a cat alien.
1736,116,0,0,51,51,1.0,0.019802950859533486,600,"Even though they are a lower life form, they have trained the humans to take good care of them."
1254,116,0,0,51,51,1.0,0.019802950859533486,600,"Don't look at me like that, Dave. I set the coordinates for 'most intelligent organism in Washington'."
894,116,0,0,51,51,1.0,0.019802950859533486,600,"No way, Pluto's your cousin?!"
813,116,0,0,34,34,1.0,0.029854071701326604,600,... and what is really impressive is it can like its own balls!
667,116,0,0,51,51,1.0,0.019802950859533486,600,What is that in light years?
581,116,0,0,77,77,1.0,0.013072174640400053,600,Who's a good earthling? Are you a good earthling?
5699,116,0,0,60,60,1.0,0.016807316136320357,600,So this is Scotty
854,116,0,0,112,112,1.0,0.00896870004167719,600,It took us 3 light years to get here... that would be 21 in dog years.
5988,116,0,0,26,26,1.0,0.03922322702763681,600,Other than humping my leg he doesn’t do much
4777,116,0,0,26,26,1.0,0.03922322702763681,600,He looked a lot cuter in the videos.
4668,116,0,0,52,52,1.0,0.019418390934515434,600,So how do you guys howl at the moon from up here?
4429,116,0,0,52,52,1.0,0.019418390934515434,600,You want me to fetch their leader?
2566,116,0,0,52,52,1.0,0.019418390934515434,600,"Wait, its antenna is clearly in reception mode."
2368,116,0,0,52,52,1.0,0.019418390934515434,600,He came to tell us: “Wag more bark less”.
1159,116,0,0,52,52,1.0,0.019418390934515434,600,He thinks he caught the biggest frisbee.
253,116,0,0,61,61,1.0,0.016529490122682157,600,He says just by oscillating his rear antenna he can get the humans to do his bidding
4930,116,0,0,166,166,1.0,0.006042323647727911,600,Tell us everything.
2667,116,0,0,166,166,1.0,0.006042323647727911,600,"Well, monkeys didn't work. Let's try this."
5285,116,0,0,44,44,1.0,0.022990024493585143,600,"Sure, you can sniff the probe when we're done."
2103,116,0,0,51,51,1.0,0.019802950859533486,600,I saw it leading the other one- it's clearly in charge.
4680,116,0,0,44,44,1.0,0.022990024493585143,600,"Of course, since their language is opposite ours, they call him ""d-o-g""."
2330,116,0,0,51,51,1.0,0.019802950859533486,600,We have crossed the galaxy in search of a good boy.
3169,116,0,0,51,51,1.0,0.019802950859533486,600,Weren’t you going to beam me up a Scotty?
4172,116,0,0,49,49,1.0,0.020619652471058063,600,He appeared to be their leader.
3104,116,0,0,49,49,1.0,0.020619652471058063,600,"Well, he seems more like a very stable genius than the last guy we had up here."
3015,116,0,0,49,49,1.0,0.020619652471058063,600,Who's the best earthling? Who is? That's right! You are!
167,116,0,0,49,49,1.0,0.020619652471058063,600,"""He followed me home. Can we keep him?"
5545,116,0,0,107,107,1.0,0.009389774844349512,600,Are you the Mars Rover?
5475,116,0,0,33,33,1.0,0.030772872744833184,600,Observe the curious reaction when all I do is mention we're from the planet Treat.
5273,116,0,0,91,91,1.0,0.011049892402196598,600,"Yes, we can understand you. And, no, you cannot stick your head out the window."
5900,116,0,0,50,50,1.0,0.020203050891044214,600,"Yes, we're sure. He’s the one they worship."
4169,116,0,0,50,50,1.0,0.020203050891044214,600,"No, there's no intelligent life down there. Bring me with you to your shithole planet."
3693,116,0,0,50,50,1.0,0.020203050891044214,600,Finally someone intelligent I can talk to.
3541,116,0,0,50,50,1.0,0.020203050891044214,600,The re-animator ray must have a reverse spelling error today.
3183,116,0,0,50,50,1.0,0.020203050891044214,600,"Okay, we can keep him. But I’m not refueling him."
2962,116,0,0,50,50,1.0,0.020203050891044214,600,....only sign of intelligent life on that planet.
1478,116,0,0,50,50,1.0,0.020203050891044214,600,The dyslexic Martians' search for God was doomed from the beginning.
600,116,0,0,50,50,1.0,0.020203050891044214,600,Finally........intelligent life.
5489,116,0,0,42,42,1.0,0.024098134635593994,600,"It is clearly the dominant species, as it has trained a larger creature to dispose of its excrement."
2828,116,0,0,76,76,1.0,0.013245323570650438,600,"Finally, proof of intelligent life on Earth!"
4515,116,0,0,51,51,1.0,0.019802950859533486,600,"In my defense, this does look a little like a frisbee."
4054,116,0,0,51,51,1.0,0.019802950859533486,600,"Please, please can we keep it?"
3078,116,0,0,51,51,1.0,0.019802950859533486,600,I think they are starting to suspect us of spying for you guys. I don’t want to be their best friend. Plus dog food sucks. Cant we stick to being UFO’s?
4540,116,0,0,44,44,1.0,0.022990024493585143,600,"He's no Scottie, but beam him up anyway."
4044,116,0,0,44,44,1.0,0.022990024493585143,600,"What is it like to live on planet earth?"" ""Ruff"
3374,116,0,0,88,88,1.0,0.011428758022062361,600,He followed me back to the ship. Can I keep him?
3531,116,0,0,100,100,1.0,0.01005037815259212,600,I like him. He listens so carefully.
4594,116,0,0,55,55,1.0,0.018349396085439344,600,"I don't think this is what the leader meant when he said ""Capture the Lab"""
2554,116,0,0,55,55,1.0,0.018349396085439344,600,This appears to be a much more friendly & advanced lifeform than what we've observed at recent White House Press briefings. He says his name's Spot and that there are many more asylum seekers like him.
655,116,0,0,55,55,1.0,0.018349396085439344,600,At last! A superior form of life!
5070,116,0,0,46,46,1.0,0.021979349113192898,600,Hmmmm! More intelligent than we thought.
1965,116,0,0,83,83,1.0,0.012121434739137725,600,We found these 4 legged masters being waited on by their 2 legged servants.
1424,116,0,0,203,203,1.0,0.004938286658418489,600,Definitely Canis Major.
5555,116,0,0,56,56,1.0,0.01801874925391118,600,At last we've found emotionally intelligent life.
2636,116,0,0,56,56,1.0,0.01801874925391118,600,"Your disguise is perfect, X51. Remember, defecate anywhere and sniff crotches."
1037,116,0,0,56,56,1.0,0.01801874925391118,600,I must have said “beam me up a Scottie.”
29,116,0,0,28,28,1.0,0.036369648372665396,600,There IS intelligent life on earth!
3785,116,0,0,47,47,1.0,0.021506619680967013,600,Humans are such a diverse race.
3314,116,0,0,47,47,1.0,0.021506619680967013,600,"I’ve run the mind scan, but all I see is a big bowl of food."
2716,116,0,0,199,199,1.0,0.0050377993572935185,600,"When we mentioned the planet's name is Hydrant, he didn't hesitate."
1905,116,0,0,57,57,1.0,0.01769980813511972,600,"So tell us, how did you train the bipedal humans to pick up your feces?"
3536,116,0,0,191,191,1.0,0.005249361913223779,600,Every day at 5 o’clock earth time he acts like this
5174,116,0,0,48,48,1.0,0.021053798026662972,600,#Area51PetAdoptions
362,116,0,0,173,173,1.0,0.005797125801881866,600,He reports that conditions on Earth are ruff right now.
437,116,0,0,77,77,1.0,0.013072174640400053,600,I already took him for a space walk twice today
483,116,0,0,45,45,1.0,0.022473328748774737,600,"Fine, but I'm not going to be the one to let him out in the middle of the night."
3590,116,0,0,45,45,1.0,0.022473328748774737,600,"What's that, boy? Timmy is stuck down a black hole?"
3623,116,0,0,54,54,1.0,0.018692405136401476,600,"My views are skewed, I must confess. I have only been men's best friend. You need to talk to a cat."
3721,116,0,0,81,81,1.0,0.012422599874998832,600,"I said ""beam me up Scotty"" not ""beam me up Spotty""!"
3058,116,0,0,44,44,1.0,0.022990024493585143,600,I just said Klaatu Barada Nikto and he came.
2553,116,0,0,44,44,1.0,0.022990024493585143,600,We're beaming him back. He didn't like our food.
2287,116,0,0,44,44,1.0,0.022990024493585143,600,We must find out how he trained the two-legged earthlings to do all the work.
1747,116,0,0,44,44,1.0,0.022990024493585143,600,"I ran a simple FETCH statement, puzzling..."
4323,116,0,0,53,53,1.0,0.019048482943986485,600,"Seriously? These allegedly intelligent ""humans"" don't sniff each other's butts?"
3689,116,0,0,53,53,1.0,0.019048482943986485,600,I think we found the first sign of intelligent life.
3350,116,0,0,53,53,1.0,0.019048482943986485,600,Since the other creature picked up his poo I guess he's the one in charge.
2428,116,0,0,53,53,1.0,0.019048482943986485,600,"So, we have an agreement: We won't probe you, and you'll stop humping our legs."
1527,116,0,0,53,53,1.0,0.019048482943986485,600,"Who is Timmy, and what is a well?"
5960,116,0,0,137,137,1.0,0.007326056475204618,600,"I think he said, 'Take me to your fire hydrant.'"
578,116,0,0,53,53,1.0,0.019048482943986485,600,I clearly said 'Beam up DOUG!'
240,116,0,0,53,53,1.0,0.019048482943986485,600,'He looks to be a very stable genius.'
80,116,0,0,53,53,1.0,0.019048482943986485,600,They became the planet's most intelligent life-form two Novembers ago.
1261,116,0,0,142,142,1.0,0.007067181930127675,600,He seems a little too eager to take us to his leader.
6017,116,0,0,54,54,1.0,0.018692405136401476,600,His mission is to boldly fetch where no dog has fetched before.
5562,116,0,0,54,54,1.0,0.018692405136401476,600,He looks smarter than the leader we beamed up from Mar-a-Lago.
5425,116,0,0,45,45,1.0,0.022473328748774737,600,At last an intelligent specimen from earth.
5295,116,0,0,45,45,1.0,0.022473328748774737,600,We have them almost completely under our control.
4008,116,0,0,45,45,1.0,0.022473328748774737,600,"Just so you know, I don't eat dried food."
3729,116,0,0,54,54,1.0,0.018692405136401476,600,I’m thinking we abducted the wrong Rover.
255,116,0,0,53,53,1.0,0.019048482943986485,600,"According to our research, this is the smartest creature on Earth."
3481,116,0,0,43,43,1.0,0.023531040266750583,600,Doug forgot the “u” again.
3825,116,0,0,43,43,1.0,0.023531040266750583,600,I thought we were supposed to beam up a Scotty.
4076,116,0,0,43,43,1.0,0.023531040266750583,600,So there IS intelligent life on this planet!
5727,116,0,0,39,39,1.0,0.025976216673306556,600,I didn't realize we'd have to walk him.
5198,116,0,0,39,39,1.0,0.025976216673306556,600,Where's the terrier? We expected Scotty!
4246,116,0,0,39,39,1.0,0.025976216673306556,600,"Be careful, that cat wagged its tail, too."
3884,116,0,0,39,39,1.0,0.025976216673306556,600,Willie! You must return the Frisbee to Odor before he crushes us like bugs!
3872,116,0,0,39,39,1.0,0.025976216673306556,600,This is Sirius.
3733,116,0,0,39,39,1.0,0.025976216673306556,600,"Now that we have man's best friend, we'll be able to know all their secrets."
3694,116,0,0,39,39,1.0,0.025976216673306556,600,"Easy boy, what are you trying to say? Who is Timmy.. and what is a well?"
3659,116,0,0,39,39,1.0,0.025976216673306556,600,They did say there would be a lot of space to run.
3522,116,0,0,39,39,1.0,0.025976216673306556,600,Wow!! Are you Sirius??!!
3219,116,0,0,39,39,1.0,0.025976216673306556,600,Can you create a species to take care of us too?
3084,116,0,0,39,39,1.0,0.025976216673306556,600,"I question your shape-shifting choices, lieutenant, but wish you well on your mission."
3037,116,0,0,39,39,1.0,0.025976216673306556,600,Welcome aboard Mr. President
2869,116,0,0,39,39,1.0,0.025976216673306556,600,Maybe it's some sort of clock....
2772,116,0,0,39,39,1.0,0.025976216673306556,600,"The inhabitants of this planet seem smart, kind, and compassionate...let's let them be."
2722,116,0,0,39,39,1.0,0.025976216673306556,600,We're genuinely confused. They actually think humans are great.
1309,116,0,0,39,39,1.0,0.025976216673306556,600,"Wag once for yes, twice for no."
1292,116,0,0,39,39,1.0,0.025976216673306556,600,"Yes, there were other creatures in the vehicle, sir. But this one seemed more inclined to welcome us to their planet."
1013,116,0,0,39,39,1.0,0.025976216673306556,600,You wanted to negotiate with the most trustworthy living organism on Earth. This is it.
774,116,0,0,39,39,1.0,0.025976216673306556,600,I did NOT say beam up a Scottie!
2392,116,0,0,34,34,1.0,0.029854071701326604,600,"Perhaps we mistranslated their word for ""God."
492,116,0,0,39,39,1.0,0.025976216673306556,600,Rover ready for deployment.
3453,116,0,0,68,68,1.0,0.014815221273648994,600,Do you boys hunt?
5281,116,0,0,126,126,1.0,0.007968190728895957,600,"I’ll take you, but my leader is gonna make you sit."
1284,116,0,0,38,38,1.0,0.02666903735313325,600,How do you get them to clean up after you?
926,116,0,0,38,38,1.0,0.02666903735313325,600,Now to beam him back so he can communicate our secret of happiness to all Earthlings!
777,116,0,0,38,38,1.0,0.02666903735313325,600,"Bark. Bark, bark, bark."
398,116,0,0,38,38,1.0,0.02666903735313325,600,I'm not really sure what it is but I can tell you it's definately not Human...It's too happy to be Human
172,116,0,0,100,100,1.0,0.01005037815259212,600,THIS will attract June Lockhart!
511,116,0,0,62,62,1.0,0.016260700012185932,600,Arf? Is that all you can say?
5564,116,0,0,43,43,1.0,0.023531040266750583,600,"The humans have been destroyed, my liege. Shall I remove the collar?"
4933,116,0,0,43,43,1.0,0.023531040266750583,600,We got him at the White House.. We think it might be the president.
4150,116,0,0,43,43,1.0,0.023531040266750583,600,It looks like the probe is already in this one
3402,116,0,0,43,43,1.0,0.023531040266750583,600,"So, you must be the leader."
5102,116,0,0,115,115,1.0,0.008733707726295862,600,"We can see you're species is in charge. But tell us, why do you make them carry your poop around?"
4646,116,0,0,48,48,1.0,0.021053798026662972,600,I'm telling you guys. On my planet I take you out for a walk to do your bussiness
3013,116,0,0,120,120,1.0,0.008368274087557229,600,"``What's that? Zarg's fallen down a wormhole and can't get out?"""
203,116,0,0,72,72,1.0,0.013986355971611485,600,We like to think he abducted us.
4590,116,0,0,106,106,1.0,0.00947877943928333,600,Are they STILL trying to make 'fetch' happen?
3840,116,0,0,29,29,1.0,0.03509312031717982,600,"Greetings, Rex, king of Earth."
2690,116,0,0,145,145,1.0,0.006920456654478331,600,Now that we have the smartest being on Earth let’s begin
1910,116,0,0,29,29,1.0,0.03509312031717982,600,Suit-up it's your turn to take him for a walk.
1873,116,0,0,58,58,1.0,0.017391961901349125,600,"The bipeds feed them, bathe them and use little bags to clean up after them during their “walks.” Clearly dogs are in command."
3950,116,0,0,97,97,1.0,0.010362833403620979,600,They are more evolved then we imagined.
1865,116,0,0,19,19,1.0,0.05407380704358751,600,Wow! We beamed up an Alpha earthling. I’ve seen its supplicants trailing behind and scooping up its excrement.
20,116,0,0,39,39,1.0,0.025976216673306556,600,He's saying he wants to go outside.
3739,116,0,0,44,44,1.0,0.022990024493585143,600,Who is ready for the space walk?
327,116,0,0,35,35,1.0,0.028988551782622423,600,He said I really need to go for a walk outside.
4653,116,0,0,116,116,1.0,0.008658089785895598,600,The tag says 'phone home.'
2309,116,0,0,111,111,1.0,0.009049866402333346,600,"You're dyslexia has struck again, Carl. My order was for you to find this ""God"" figure so many humans worship."
4240,116,0,0,76,76,1.0,0.013245323570650438,600,I said; “beam me up a scottie” and they sent a retriever.
5782,116,0,0,71,71,1.0,0.01418475390906605,600,"Remember, guys, don’t let the dog out."
2567,116,0,0,66,66,1.0,0.015267620413811482,600,"What's that, girl? Timmy fell down the gravity well?"
5949,116,0,0,117,117,1.0,0.008583770043743413,600,He wants us to sniff his butt.
4963,116,0,0,46,46,1.0,0.021979349113192898,600,Honestly... I don’t know if I want to go out.
2628,116,0,0,46,46,1.0,0.021979349113192898,600,What's that? Xargon's trapped in a quandle loop?
3935,116,0,0,87,87,1.0,0.01156088678177274,600,It's called a dog. It has at least three bad habits.
1855,116,0,0,87,87,1.0,0.01156088678177274,600,"There! there - you see: tap, wag-wag-wag - and then, again - tap, wag-wag-wag. I told you that the Earthling is trying to tell us something..."
2438,116,0,0,128,128,1.0,0.007843197564226983,600,How do you get others to clean up for you?
4638,116,0,0,41,41,1.0,0.02469323991623974,600,I believe we've discovered a lunar Rover.
4155,116,0,0,41,41,1.0,0.02469323991623974,600,I believe it is saying it wants to go back to 'Shithole
2220,116,0,0,41,41,1.0,0.02469323991623974,600,"Aww, he's just so cute. Let's spare him the anal probe."
1111,116,0,0,41,41,1.0,0.02469323991623974,600,Looks like the evolution here has a way to go before intelligent life appears...
5978,116,0,0,36,36,1.0,0.028171808490950554,600,We can celebrate the ambassador's arrival by throwing a ball!
5833,116,0,0,36,36,1.0,0.028171808490950554,600,"This species is the master of bipeds who feed, clean, and shelter them."
5797,116,0,0,36,36,1.0,0.028171808490950554,600,Do you prefer Woof or Arf ?
590,116,0,0,40,40,1.0,0.025318484177091666,600,"Cool, this one's already tagged and microchipped."
3927,116,0,0,122,122,1.0,0.008230522367501686,600,It appears the tail is its communication apparatus but I'm unable crack the dactylology.
1466,116,0,0,35,35,1.0,0.028988551782622423,600,Earth was great. All I had to do was wag my tail and they treated me like God
1929,116,0,0,35,35,1.0,0.028988551782622423,600,It's okay Fella! We took your owner to live at a beautiful space farm upstate.
3600,116,0,0,44,44,1.0,0.022990024493585143,600,Darn. I asked for a Scotty.
2855,116,0,0,44,44,1.0,0.022990024493585143,600,She's a rescue. She was on a bad planet.
3767,116,0,0,54,54,1.0,0.018692405136401476,600,"He followed me. Can I keep him? Please, please. I will take good care of him. Please daddy."
2753,116,0,0,108,108,1.0,0.009302426203099127,600,"Oh hey there buddy-” “Um, actually my name is Brian."
3807,116,0,0,64,64,1.0,0.015748519708717802,600,"I said, beam up the captain’s log!"
2951,116,0,0,94,94,1.0,0.010695340092890231,600,It calls itself ARF
5946,116,0,0,55,55,1.0,0.018349396085439344,600,You realize she is going to be hard to hide from our mother ship!
5892,116,0,0,105,105,1.0,0.009569487529386909,600,Please don’t take us to your leader...
5697,116,0,0,40,40,1.0,0.025318484177091666,600,He's a Mars Rover.
5517,116,0,0,40,40,1.0,0.025318484177091666,600,"I said we needed something for lab research, not a Labrador Retriever."
4892,116,0,0,35,35,1.0,0.028988551782622423,600,See if ET says this is the earthling he laments leaving behind.
4585,116,0,0,35,35,1.0,0.028988551782622423,600,You've got the wrong guy - my name is Buddy - Scotty's tied up today.
4571,116,0,0,35,35,1.0,0.028988551782622423,600,This is the disguise we'll wear. This is the species that rules the homes.
4375,116,0,0,40,40,1.0,0.025318484177091666,600,That's not what I expected them to look like.
4237,116,0,0,40,40,1.0,0.025318484177091666,600,Are you Scotty?
4020,116,0,0,40,40,1.0,0.025318484177091666,600,I think she wants to go for a spacewalk.
3839,116,0,0,40,40,1.0,0.025318484177091666,600,Woof me up!
3556,116,0,0,35,35,1.0,0.028988551782622423,600,"They don't talk or contribute to upkeep. They smell bad, fart frequently, and like to lick earthlings' private parts. But they're considered man's best friend. It's a mystery."
2045,116,0,0,35,35,1.0,0.028988551782622423,600,Tell us how you train them to pick up your poop.
1836,116,0,0,35,35,1.0,0.028988551782622423,600,I'm more of a cat martian.
4049,116,0,0,19,19,1.0,0.05407380704358751,600,"OK, fellas. I will teach you to fetch, play, and avoid the US news."
6003,116,0,0,57,57,1.0,0.01769980813511972,600,We’ve been following the news down there and we think it’s high time you found a new best friend.
1549,116,0,0,71,71,1.0,0.01418475390906605,600,Met him on the internet. Didn't know he was a dog.
3803,116,0,0,36,36,1.0,0.028171808490950554,600,"He looks different,... but he speaks our language"
3768,116,0,0,36,36,1.0,0.028171808490950554,600,I found him howling at the moon.
3493,116,0,0,18,18,1.0,0.05716619504750295,600,"You tell him there are no fireplugs up here."""
3423,116,0,0,36,36,1.0,0.028171808490950554,600,Muttnik be damned!
3364,116,0,0,36,36,1.0,0.028171808490950554,600,"Beam him down, Scotty, he’s got to “go.”"
3333,116,0,0,36,36,1.0,0.028171808490950554,600,they call it a frisbee
3170,116,0,0,36,36,1.0,0.028171808490950554,600,He said he would never take us to his leader… but on the other hand there’s also nothing he wouldn’t do for a dog biscuit.
3116,116,0,0,36,36,1.0,0.028171808490950554,600,This must be Seth Meyers.
2917,116,0,0,108,108,1.0,0.009302426203099127,600,One of you have to walk me!
2825,116,0,0,36,36,1.0,0.028171808490950554,600,It appeared to be the only intelligent life on the third planet.
2594,116,0,0,36,36,1.0,0.028171808490950554,600,"Interesting. It's name is ""woof"", it comes from the planet ""woof"", and it's leader is ""woof""."
2555,116,0,0,45,45,1.0,0.022473328748774737,600,You want us to pick up what?
2445,116,0,0,36,36,1.0,0.028171808490950554,600,Tell us if you can - What goes on in the Black Lab?
2417,116,0,0,90,90,1.0,0.011173358719233181,600,I think it's called a 'stable genius'.
2384,116,0,0,36,36,1.0,0.028171808490950554,600,So how did you get them to carry your poop in a bag?
2312,116,0,0,36,36,1.0,0.028171808490950554,600,"Your dyslexia has struck again, Carl. I ordered you to find this ""God"" figure so many humans love."
2311,116,0,0,36,36,1.0,0.028171808490950554,600,It followed me may I keep it?
2171,116,0,0,36,36,1.0,0.028171808490950554,600,"He says there is intelligent life on planet Earth, but not of the two-legged variety."
1553,116,0,0,36,36,1.0,0.028171808490950554,600,"When you get back, here’s what we want you to do."
3818,116,0,0,36,36,1.0,0.028171808490950554,600,He prefers to be beamed up as a labradoodle.
913,116,0,0,36,36,1.0,0.028171808490950554,600,"Why yes, we do have squirrels on our planet."
3845,116,0,0,36,36,1.0,0.028171808490950554,600,"This seemed to be the most intelligent being we could find, and he was a very good boy."
4281,116,0,0,36,36,1.0,0.028171808490950554,600,So there is intelligent life there after all.
1622,116,0,0,35,35,1.0,0.028988551782622423,600,Take us to your fire hydrant.
612,116,0,0,35,35,1.0,0.028988551782622423,600,I observed the planet for decades and concluded this to be the species with the most dominion over the rest.
2306,116,0,0,44,44,1.0,0.022990024493585143,600,I told you to bring me a 'yuppie!'
1564,116,0,0,66,66,1.0,0.015267620413811482,600,Don’t come back without the stick.
906,116,0,0,44,44,1.0,0.022990024493585143,600,They've evolved quite nicely since we were last here. Let's give them another million year checkup.
4125,116,0,0,106,106,1.0,0.00947877943928333,600,Do any of you speak Spanish?
2683,116,0,0,71,71,1.0,0.01418475390906605,600,Earthlings will attempt to convince you that you are their best friend but do not forget your training.
5388,116,0,0,58,58,1.0,0.017391961901349125,600,"Woof, woof."
4875,116,0,0,58,58,1.0,0.017391961901349125,600,"Yes, we have something that looks like a cat on Remulak."
1535,116,0,0,67,67,1.0,0.015038019057934237,600,I think he wants to hump your leg again.
1020,116,0,0,67,67,1.0,0.015038019057934237,600,There's no way they'll elect this one.
5071,116,0,0,85,85,1.0,0.011834526708278772,600,Planet Dyslexia crew members discuss who has to walk the god.
5904,116,0,0,36,36,1.0,0.028171808490950554,600,"You idiot, I said capture their god."
5898,116,0,0,54,54,1.0,0.018692405136401476,600,"So we go to warp speed, arrive home and present the Cat Faction with a fait accompli."
5864,116,0,0,36,36,1.0,0.028171808490950554,600,Apparently the name of this planet is K-9.
5445,116,0,0,36,36,1.0,0.028171808490950554,600,Now that's a good retriever!
5264,116,0,0,36,36,1.0,0.028171808490950554,600,"We're beaming you up, Spotty"
4874,116,0,0,36,36,1.0,0.028171808490950554,600,...and they have trained bipeds that seem to be at their beck and call.
4320,116,0,0,36,36,1.0,0.028171808490950554,600,make the earthlings believe you are their best friend...
4203,116,0,0,36,36,1.0,0.028171808490950554,600,"Don't bother with the humans, it's the cats you need to be worried about."
883,116,0,0,36,36,1.0,0.028171808490950554,600,"He must be their leader, they were all scurrying around to feed him and pick up his poop!"
354,116,0,0,36,36,1.0,0.028171808490950554,600,Good doggie. Now beam and fetch.
246,116,0,0,81,81,1.0,0.012422599874998832,600,The most highly evolved being on your planet you are. Live in the White House you should.
4474,116,0,0,42,42,1.0,0.024098134635593994,600,"Finally, we've found some intelligent life on Earth!"
1672,116,0,0,84,84,1.0,0.011976262619132589,600,I’m not taking him outside for his walk.
1341,116,0,0,70,70,1.0,0.014388861576723854,600,He's not talking.
222,116,0,0,42,42,1.0,0.024098134635593994,600,"Admiral, we have eliminated the squirrel planet as commanded."
2558,116,0,0,131,131,1.0,0.007662891493956463,600,"We dogs have come a long way, baby, since Laika went into orbit by herself in 1957."
3258,116,0,0,103,103,1.0,0.009756213637973549,600,One of our UFOs is waiting to take you home
4432,116,0,0,75,75,1.0,0.013423121104280487,600,Typical. I requisition a rover and they beam up Rover.
3663,116,0,0,122,122,1.0,0.008230522367501686,600,"We have crossed the galaxy to know, who's a good boy?"
606,116,0,0,80,80,1.0,0.01257886513566569,600,"According to this thing called Instagram, this is human offspring."
5551,116,0,0,33,33,1.0,0.030772872744833184,600,Do you think Mom will let us keep him?
4418,116,0,0,33,33,1.0,0.030772872744833184,600,It doesn't look like a Scottie!
4034,116,0,0,33,33,1.0,0.030772872744833184,600,"I said ""beam me up a Scotty"", you idiot."
3835,116,0,0,33,33,1.0,0.030772872744833184,600,Oh no! The dog ate Captain Kirk's transponder again!
3551,116,0,0,33,33,1.0,0.030772872744833184,600,Are you sure this is the only specimen on the planet that loves unconditionally?
3508,116,0,0,33,33,1.0,0.030772872744833184,600,You are man's best friend. Tell us everything.
2655,116,0,0,33,33,1.0,0.030772872744833184,600,"Captain Bingo, we can't chase every starship that flies by or we'll run out of fuel before we get home."
1460,116,0,0,33,33,1.0,0.030772872744833184,600,This obviously is an advanced civiliation. His rear antenna operates on an oscillating frequency.
418,116,0,0,33,33,1.0,0.030772872744833184,600,"Oh, all right, we won’t send you back if you promise to stop marking."
5662,116,0,0,137,137,1.0,0.007326056475204618,600,Take us to your fire hydrant.
4773,116,0,0,112,112,1.0,0.00896870004167719,600,"„Our undercover agent speaks with his tail now. I think he says that after spending a year on planet Earth undetected, he doesn‘t want his body to be transformed back. And could we please rub his belly?“"
4885,116,0,0,56,56,1.0,0.01801874925391118,600,I have no idea. Bring in that little meowing creature we beamed up yesterday and let's see what happens.
425,116,0,0,65,65,1.0,0.015504341823651057,600,Beam me up Scooby.
3912,116,0,0,65,65,1.0,0.015504341823651057,600,What's that you say? You're not in charge? We read it backwards?
5972,116,0,0,77,77,1.0,0.013072174640400053,600,He’s clearly their leader. We just haven’t figured out yet how he makes them obey.
2860,116,0,0,68,68,1.0,0.014815221273648994,600,We misplaced one of our probes and had to abduct an experienced butt sniffer.
4461,116,0,0,59,59,1.0,0.017094641498783945,600,"Don't say ""w-a-l-k"" again!"
1166,116,0,0,59,59,1.0,0.017094641498783945,600,We set the system to beam up the highest being with empathy in that big white house
4717,116,0,0,41,41,1.0,0.02469323991623974,600,"The specimen has no rent, no job, no debt, no worries - intelligent life indeed!"
3223,116,0,0,41,41,1.0,0.02469323991623974,600,What's that? They're having a constitutional crisis?
5028,116,0,0,32,32,1.0,0.031750031750047626,600,You tell him he can't go out for a walk.
3586,116,0,0,32,32,1.0,0.031750031750047626,600,Can I keep it? Huh? Can I? Please?
685,116,0,0,32,32,1.0,0.031750031750047626,600,"You're a good little specimen, yes you are!"
3478,116,0,0,36,36,1.0,0.028171808490950554,600,"You two approach, I'm standing back. I saw how it greeted his other friends."
106,116,0,0,32,32,1.0,0.031750031750047626,600,Take us to your leader!
1155,116,0,0,147,147,1.0,0.0068259783223928085,600,He just followed me home.
5558,116,0,0,97,97,1.0,0.010362833403620979,600,Why don't you drop the 'Mars.' Just try 'Rover.'
5194,116,0,0,97,97,1.0,0.010362833403620979,600,So this is what earthlings call unconditional love.
5752,116,0,0,37,37,1.0,0.02739983121755955,600,I thought we were getting a Scotty to beam us up.
4935,116,0,0,37,37,1.0,0.02739983121755955,600,"Behold, we have captured their God."
4808,116,0,0,37,37,1.0,0.02739983121755955,600,"And with your ""Service Dog"" vest, you can infiltrate any facility needed."
3843,116,0,0,37,37,1.0,0.02739983121755955,600,"I'm telling you, on the Internet, NOBODY knew he was a dog."
2983,116,0,0,51,51,1.0,0.019802950859533486,600,Is he a rover?
5481,116,0,0,65,65,1.0,0.015504341823651057,600,The Earthling is saying he wants a cookie
3717,116,0,0,78,78,1.0,0.012903494352312729,600,I’ll go open a window so he can stick his head out.
3448,116,0,0,36,36,1.0,0.028171808490950554,600,Why don't they let this species elect their President?
2778,116,0,0,36,36,1.0,0.028171808490950554,600,He's kind of cute.
2336,116,0,0,36,36,1.0,0.028171808490950554,600,He seems very sweet and intelligent. Are you sure he's from Earth?
2848,116,0,0,40,40,1.0,0.025318484177091666,600,What really happened to Laika
2794,116,0,0,40,40,1.0,0.025318484177091666,600,Are all Earthling's breath this terrible.
2618,116,0,0,40,40,1.0,0.025318484177091666,600,"Love this mind-reading thing, but trust me, you don't really want me to take you to our leader."
2410,116,0,0,40,40,1.0,0.025318484177091666,600,"Really, they just follow me around and pick up my poop."
1816,116,0,0,40,40,1.0,0.025318484177091666,600,Do you think Mom and Dad will let us keep him?
1505,116,0,0,40,40,1.0,0.025318484177091666,600,No one suspects dogs.
1500,116,0,0,40,40,1.0,0.025318484177091666,600,"We're sorry about your master, my furry guest, but we don't know what a well is."
1428,116,0,0,40,40,1.0,0.025318484177091666,600,Those humans actually pick up your what?
1170,116,0,0,40,40,1.0,0.025318484177091666,600,He's the most friendly earthling we could find.
596,116,0,0,40,40,1.0,0.025318484177091666,600,I wish I was the martian he thinks I am.
380,116,0,0,40,40,1.0,0.025318484177091666,600,You're the first person who's ever been glad to see us.
68,116,0,0,40,40,1.0,0.025318484177091666,600,"His eyes say, ""Don't abduct me,"" but his tail screams, ""Take me with you!"""
5416,116,0,0,46,46,1.0,0.021979349113192898,600,Just act like you're their best friend.
1240,116,0,0,52,52,1.0,0.019418390934515434,600,This confirms “there is a Dog”!
5905,116,0,0,58,58,1.0,0.017391961901349125,600,Thank you for believing in us.
979,116,0,0,58,58,1.0,0.017391961901349125,600,"Artie will find out if the humanoids are friendly or not. We'll beam him down to a yard located by a structure known as the ""Whitehouse."""
1476,116,0,0,157,157,1.0,0.006389808969292711,600,It isn't intelligent life as we know it but then we can't fetch a ball like it can.
1409,116,0,0,35,35,1.0,0.028988551782622423,600,"Yes, its true, as time goes on the master looks more and more like his dog."
5902,116,0,0,41,41,1.0,0.02469323991623974,600,This cow we ordered from Amazon looks different from the textbook.
3924,116,0,0,40,40,1.0,0.025318484177091666,600,This switch is for the betterment of mankind. Do we have the correct coordinates for the Oval Office?
5232,116,0,0,41,41,1.0,0.02469323991623974,600,Which one of you likes to take long walks?
4991,116,0,0,40,40,1.0,0.025318484177091666,600,"Take us to your leader.....oh, never mind."
6022,116,0,0,40,40,1.0,0.025318484177091666,600,"You said to find a friendly being, so I did."
3184,116,0,0,39,39,1.0,0.025976216673306556,600,You beamed him up. You walk him.
2499,116,0,0,39,39,1.0,0.025976216673306556,600,"They call this creature ""Who's a Good Boy."""
309,116,0,0,39,39,1.0,0.025976216673306556,600,Our research shows it's by far the most intelligent species on the planet.
454,116,0,0,56,56,1.0,0.01801874925391118,600,From what I can tell they outrank humans and are definitely cuter.
5267,116,0,0,45,45,1.0,0.022473328748774737,600,I want to believe.
1356,116,0,0,45,45,1.0,0.022473328748774737,600,It is the ninth version of their model K unit.
704,116,0,0,45,45,1.0,0.022473328748774737,600,"He says, ""I'm a good boy. I'm a good boy. Chase giant frisbee. I'm a good boy."""
4314,116,0,0,62,62,1.0,0.016260700012185932,600,"OK, you guys can smell my butt, but you can't probe it."
4194,116,0,0,62,62,1.0,0.016260700012185932,600,So let me get this straight - you wag your tail and they do everything you want?
2366,116,0,0,96,96,1.0,0.010471347707292388,600,"Cute, but no opposable thumb."
5027,116,0,0,17,17,1.0,0.06063390625908324,600,"Pavlovs revenge, If I bite them what will they do?"
4531,116,0,0,119,119,1.0,0.00843889368629713,600,Now you're OUR best friend.
4376,116,0,0,85,85,1.0,0.011834526708278772,600,"It must be the dominant life form. The bipeds walk behind it, collect its excrement and preserve it in plastic."
3897,116,0,0,34,34,1.0,0.029854071701326604,600,Can you show us where this Timmy is?
2136,116,0,0,51,51,1.0,0.019802950859533486,600,"So, there is intelligent life on earth afterall!"
6032,116,0,0,91,91,1.0,0.011049892402196598,600,Commander Rufus has agreed to stand down the attack on our world in exchange for 3 strips of bacon.
3283,116,0,0,57,57,1.0,0.01769980813511972,600,"How can we turn this scenario into a demeaning no creativity Trump cartoon, for the New Yorker?"
2874,116,0,0,57,57,1.0,0.01769980813511972,600,Finally - a species that is excited to see us!
365,116,0,0,114,114,1.0,0.008810658179868874,600,How many people do you own?
5995,116,0,0,40,40,1.0,0.025318484177091666,600,Did you sneak over the wall illegally too?
4996,116,0,0,41,41,1.0,0.02469323991623974,600,YOU'RE the leader??
4815,116,0,0,41,41,1.0,0.02469323991623974,600,"At last, we found something worth saving!"
4245,116,0,0,41,41,1.0,0.02469323991623974,600,"Says he wants a chest rub, 2 cases of bones and a ""no leash agreement"" or he's not talking."
2509,116,0,0,18,18,1.0,0.05716619504750295,600,"My hunch is that ""Beam me up Scottie"" isn't working because he's a labrador."
2363,116,0,0,48,48,1.0,0.021053798026662972,600,"I don't care if he followed you, you can't keep him."
2318,116,0,0,42,42,1.0,0.024098134635593994,600,I told you we should have used a Scottie.
2200,116,0,0,24,24,1.0,0.04256282653793743,600,I could no longer cut it as mans's best friend.
1018,116,0,0,42,42,1.0,0.024098134635593994,600,It's your turn to take him out.
700,116,0,0,54,54,1.0,0.018692405136401476,600,My mental brain scan tells me he still doesn't know who's a good boy.
547,116,0,0,24,24,1.0,0.04256282653793743,600,He is much clever then us! We are not able to understand his language but he is able to influence our minds to ask food!
122,116,0,0,138,138,1.0,0.007272775357351403,600,Do either of you have an uncontrollable urge to ask if the boss we can keep him.
409,116,0,0,103,103,1.0,0.009756213637973549,600,The vet said we should give you more space.
3172,116,0,0,79,79,1.0,0.012739111916124871,600,This is an awfully complicated ruse just to get him to the V-E-T.
5834,116,0,0,110,110,1.0,0.009132515299544463,600,"I swear, it wasn't me, it was the dog."
5297,116,0,0,49,49,1.0,0.020619652471058063,600,"Theres no reason to be nervous, we're vegan."
4070,116,0,0,49,49,1.0,0.020619652471058063,600,This must be their leader. He has more followers and stories shared about him than any being on Earth.
2997,116,0,0,147,147,1.0,0.0068259783223928085,600,"No matter where I leave her, she always finds a way back home"
5277,116,0,0,92,92,1.0,0.010929124924699354,600,Let us see what Man does now without his best friend!
5807,116,0,0,43,43,1.0,0.023531040266750583,600,"Travel companions, say hello to the most intelligent creature on Planet Earth."
5772,116,0,0,43,43,1.0,0.023531040266750583,600,"First of all, it's clear that we have to find a way to communicate with these people."
5560,116,0,0,43,43,1.0,0.023531040266750583,600,You must be Good Boy.
4640,116,0,0,43,43,1.0,0.023531040266750583,600,"If he takes over the ship, it'll be a Plutocracy."
3414,116,0,0,18,18,1.0,0.05716619504750295,600,All I can tell you is that they're very loyal.
3500,116,0,0,42,42,1.0,0.024098134635593994,600,Must be the dominant species -- other creatures pick up its droppings.
3737,116,0,0,174,174,1.0,0.005763712694751479,600,Interesting. Can you do anything else?
4919,116,0,0,18,18,1.0,0.05716619504750295,600,Good...boy...?
4129,116,0,0,41,41,1.0,0.02469323991623974,600,What's that boy? Timmy fell down the wormhole?
3443,116,0,0,41,41,1.0,0.02469323991623974,600,Where's the ball!?
3375,116,0,0,41,41,1.0,0.02469323991623974,600,"They'll never suspect you, Zyrkimos. Just bring us back some bones."
3274,116,0,0,41,41,1.0,0.02469323991623974,600,"We said ""no pets"" in the listing, didn't we?"
2864,116,0,0,41,41,1.0,0.02469323991623974,600,But I said “Beam me up a Scottie.”
2740,116,0,0,41,41,1.0,0.02469323991623974,600,His great-great-great-great grandfather was one of Pavlov's dogs.
2608,116,0,0,41,41,1.0,0.02469323991623974,600,"Did they really think a cute dog would distract us from everything else going on down there? Actually, I think it's working."
1393,116,0,0,41,41,1.0,0.02469323991623974,600,"We need your help solving one of the most puzzling mysteries of the universe; ""who's a good boy?"""
930,116,0,0,41,41,1.0,0.02469323991623974,600,It ate my homework.
3231,116,0,0,39,39,1.0,0.025976216673306556,600,"In outer space, no one can hear you bark."
603,116,0,0,41,41,1.0,0.02469323991623974,600,Do you want to go out?
3826,116,0,0,94,94,1.0,0.010695340092890231,600,He remembers going up for a frisbee.
2524,116,0,0,47,47,1.0,0.021506619680967013,600,"Initially, it scans as more intelligent than those other types of specimens we’ve been beaning up."
1270,116,0,0,47,47,1.0,0.021506619680967013,600,You just beamed up Scottie.
456,116,0,0,47,47,1.0,0.021506619680967013,600,We're looking to find out how you train them to leave their house late at night and be dragged against their will to someplace you want to take them.
5063,116,0,0,53,53,1.0,0.019048482943986485,600,You'll like the other spaceship better; they have a real fire hydrant!
2057,116,0,0,166,166,1.0,0.006042323647727911,600,"Congratulations, you've escaped the dog-eat-dog world."
5055,116,0,0,95,95,1.0,0.010582158705422128,600,I can’t believe we always spelled it backwards!
5574,116,0,0,18,18,1.0,0.05716619504750295,600,He’s the most welcoming and faithful species on the planet and he loves leftovers.
5307,116,0,0,24,24,1.0,0.04256282653793743,600,Earthlings don’t look anything like us.
250,116,0,0,41,41,1.0,0.02469323991623974,600,He appears much more advanced than their orange leader.
3029,116,0,0,49,49,1.0,0.020619652471058063,600,Do any of you know what a walkie is?
4012,116,0,0,39,39,1.0,0.025976216673306556,600,We voted you off the space ship.
5158,116,0,0,39,39,1.0,0.025976216673306556,600,I don’t understand. I just space walked him ten minutes ago.
1994,116,0,0,42,42,1.0,0.024098134635593994,600,Tell us about your best friend
1420,116,0,0,21,21,1.0,0.048795003647426664,600,"What’s that, Lassie? Timmy got sucked down a gravity well?"
1362,116,0,0,42,42,1.0,0.024098134635593994,600,"Every time I meld with its brain, it compares me to something called a ""fire hydrant."""
1007,116,0,0,21,21,1.0,0.048795003647426664,600,"Really? He's the only one at 1600 Pennsylvania who hasn't lied, blamed, obfuscated, or robbed from the poor to give to the rich?"
907,116,0,0,42,42,1.0,0.024098134635593994,600,"I'm telling you, he was the leader, he was leading the other creature around."
276,116,0,0,42,42,1.0,0.024098134635593994,600,Research shows that you are compatible with these life forms.
130,116,0,0,21,21,1.0,0.048795003647426664,600,.pihsrow yeht eno eht si siht tub sredael ynam evah yehT
4424,116,0,0,100,100,1.0,0.01005037815259212,600,"Space Commander Roxy, you must defend them against the coming frisbee, tennis ball, and squirrel rebellion."
5484,116,0,0,58,58,1.0,0.017391961901349125,600,"Now, how do we get rid of fleas?"
5784,116,0,0,37,37,1.0,0.02739983121755955,600,"Too bad humans don't learn from their best friends, this is the best specimen of Earth."
5669,116,0,0,37,37,1.0,0.02739983121755955,600,Welcome back. Report to the captain for your debriefing.
5567,116,0,0,37,37,1.0,0.02739983121755955,600,"I said SPOCK, you idiot, not SPOT!"
5265,116,0,0,37,37,1.0,0.02739983121755955,600,Of course he's the dominant species! His reverent subjects even follow him in order to collect his waste.
2888,116,0,0,37,37,1.0,0.02739983121755955,600,The feline said this was the master controller.
2183,116,0,0,37,37,1.0,0.02739983121755955,600,"What's that, girl? You say Timmy's trapped in a black hole?"
1055,116,0,0,37,37,1.0,0.02739983121755955,600,"Yes, he's clearly the leader. He lies around all day getting fed by others."
726,116,0,0,74,74,1.0,0.013605756997417963,600,"He's not a Scottie, is he?"
631,116,0,0,74,74,1.0,0.013605756997417963,600,We too are interested in butts.
608,116,0,0,37,37,1.0,0.02739983121755955,600,He must be important. The two-legged ones were picking up his fecal matter.
2010,116,0,0,21,21,1.0,0.048795003647426664,600,"If he poos on my carpet, you're cleaning it up."
400,116,0,0,37,37,1.0,0.02739983121755955,600,You can't be Sirius.
2304,116,0,0,42,42,1.0,0.024098134635593994,600,"He knows 'sit,' 'stay' and 'wait to be teleported.'"
4037,116,0,0,42,42,1.0,0.024098134635593994,600,He says Timmy needs our help.
1650,116,0,0,36,36,1.0,0.028171808490950554,600,We’ll tell everyone he’s a rescue.
1160,116,0,0,36,36,1.0,0.028171808490950554,600,"Who's a higher life-form? Who? That's right, you are."
709,116,0,0,36,36,1.0,0.028171808490950554,600,Let's see if it's microchipped.
195,116,0,0,36,36,1.0,0.028171808490950554,600,I had no choice. He picked me.
151,116,0,0,36,36,1.0,0.028171808490950554,600,"Instead of abducting another species we decided to just ask, ‘Who wants to go for a ride?’"
405,116,0,0,67,67,1.0,0.015038019057934237,600,It is kind of like a big Frisbee...
5446,116,0,0,31,31,1.0,0.032791291789197645,600,"Yes, I am sure this is a young one of the species. I heard him repeatedly being called a ""good boy""."
2020,116,0,0,62,62,1.0,0.016260700012185932,600,"Okay, so she's not the leader of their free world. Anyone complaining?"
649,116,0,0,150,150,1.0,0.006689000620906512,600,"I said, “Scotty – beam him up” – not “beam up a scotty!”"
5011,116,0,0,83,83,1.0,0.012121434739137725,600,Our president sent me up to sniff you to see if you come from a Shithole galaxy or one that smells more like Norway.
3182,116,0,0,78,78,1.0,0.012903494352312729,600,We were seeking GOD?
4262,116,0,0,99,99,1.0,0.010152415064552878,600,"'Actually, some dogs go to Saturn.'"
5291,116,0,0,47,47,1.0,0.021506619680967013,600,Cool fetch!
4201,116,0,0,89,89,1.0,0.011299615367639217,600,We blew away the planet. But we kept this thing; it looked fun.
5737,116,0,0,42,42,1.0,0.024098134635593994,600,So that's what humans look like.
5438,116,0,0,84,84,1.0,0.011976262619132589,600,"Boss says we have to take him, diversity requirements !"
5152,116,0,0,42,42,1.0,0.024098134635593994,600,"I said Scotty, not Spotty!"
4850,116,0,0,42,42,1.0,0.024098134635593994,600,Superior? Yet they follow you and pick up your waste.
4660,116,0,0,42,42,1.0,0.024098134635593994,600,He doesn't want to go back to Russia.
2684,116,0,0,42,42,1.0,0.024098134635593994,600,"Are you the one called, Good Boy?"
390,116,0,0,37,37,1.0,0.02739983121755955,600,He must be their leader. His servants follow him around and pick up his poop.
4386,116,0,0,69,69,1.0,0.014598929061844594,600,"Had to get far away from that ""shithole"""
2391,116,0,0,32,32,1.0,0.031750031750047626,600,I took him out last time..
448,116,0,0,38,38,1.0,0.02666903735313325,600,let's try this time to find women's best friend
293,116,0,0,38,38,1.0,0.02666903735313325,600,Who’s a good earthling?
174,116,0,0,38,38,1.0,0.02666903735313325,600,A superior species! They employ humans to pick after them.
2348,116,0,0,120,120,1.0,0.008368274087557229,600,Please explain to us why the 'I Love Lucy' space transmissions have abruptly ceased?
94,116,0,0,60,60,1.0,0.016807316136320357,600,"""He followed me home. Can we keep him?"
5317,116,0,0,153,153,1.0,0.0065574122947052805,600,Tell us again how you got them to feed you and clean up after you....
1325,116,0,0,137,137,1.0,0.007326056475204618,600,"I'm still not sure about intelligent life yet, but they refer to these as 'Good Boys'..."
5351,116,0,0,44,44,1.0,0.022990024493585143,600,We finally meet with earths most intelligent species.
5331,116,0,0,44,44,1.0,0.022990024493585143,600,"When you get down there, bark at the orange one with the bad hair."
4730,116,0,0,44,44,1.0,0.022990024493585143,600,We're hoping you'll be our best friend instead.
4548,116,0,0,55,55,1.0,0.018349396085439344,600,No matter what I ask I keep getting the same answer.
519,116,0,0,110,110,1.0,0.009132515299544463,600,You’re species is obviously in charge. We observed how they follow and pick up your poo.
469,116,0,0,44,44,1.0,0.022990024493585143,600,"Take us to your leader, and we don't mean President Trump."
3217,116,0,0,105,105,1.0,0.009569487529386909,600,"""We're sending you down boy, down""."
690,116,0,0,105,105,1.0,0.009569487529386909,600,I told you to stay!
568,116,0,0,72,72,1.0,0.013986355971611485,600,We have our disguise!
171,116,0,0,50,50,1.0,0.020203050891044214,600,How do you get them to pick up your poop? Your species is clearly running things down there.
651,116,0,0,89,89,1.0,0.011299615367639217,600,He is their leader. They call him Duke.
5191,116,0,0,39,39,1.0,0.025976216673306556,600,I'm just their dog. If you want to communicate with them you need to speak English.
559,116,0,0,38,38,1.0,0.02666903735313325,600,Can you be Sirius for a minute?
861,116,0,0,38,38,1.0,0.02666903735313325,600,Our captain sure likes to bark orders.
1021,116,0,0,38,38,1.0,0.02666903735313325,600,Are you letting me off at the Dog Star?
1328,116,0,0,38,38,1.0,0.02666903735313325,600,Which one of you is Alpha ?
1014,116,0,0,64,64,1.0,0.015748519708717802,600,I'm not xenophobic. Feed me and I will be your friend forever.
3856,116,0,0,107,107,1.0,0.009389774844349512,600,Our assumptions about this planet have been the worst ones yet. But he is cute.
4307,116,0,0,91,91,1.0,0.011049892402196598,600,"He said beam me up Scotty, not beam up a Scottie!"
4921,116,0,0,43,43,1.0,0.023531040266750583,600,They seem like a peace-loving people.
2178,116,0,0,43,43,1.0,0.023531040266750583,600,This is the galaxy's brightest star? Siriusly?
286,116,0,0,43,43,1.0,0.023531040266750583,600,They really can train a dog to do anything.
2165,116,0,0,97,97,1.0,0.010362833403620979,600,"After close observation,I believe the answer is ; because he can."
5638,116,0,0,38,38,1.0,0.02666903735313325,600,The Scotty beam-up wasn't working so they sent me.
5433,116,0,0,38,38,1.0,0.02666903735313325,600,So this what we get when we ask the ship to beam up someone from Earth we can trust.
4575,116,0,0,39,39,1.0,0.025976216673306556,600,"What do you mean by ""Woof?"""
5418,116,0,0,38,38,1.0,0.02666903735313325,600,I think this Earthling is ready to play ball.
4896,116,0,0,38,38,1.0,0.02666903735313325,600,We want to learn to wag more.
4512,116,0,0,38,38,1.0,0.02666903735313325,600,"So , there is intelligent life on earth!"
4407,116,0,0,38,38,1.0,0.02666903735313325,600,"So, when you throw the ball it NEVER comes back?"
3945,116,0,0,38,38,1.0,0.02666903735313325,600,Their god or their dog. We won't know which until we decipher the direction in which to read their language.
2762,116,0,0,38,38,1.0,0.02666903735313325,600,I think its communicating back to earth through the moveable antenae at its base!
2588,116,0,0,38,38,1.0,0.02666903735313325,600,"Well, he's certainly friendlier than that two-legged specimen we had earlier. No tail wagging with that one."
2279,116,0,0,38,38,1.0,0.02666903735313325,600,"I said, ""Beam me up a Scotty"" and they sent me this mutt!"
2144,116,0,0,38,38,1.0,0.02666903735313325,600,Now we may finally learn how to convert light years into dog years.
1501,116,0,0,38,38,1.0,0.02666903735313325,600,The inhabitants of this planet seem to communicate with their tails.
5330,116,0,0,38,38,1.0,0.02666903735313325,600,Do all earthlings communicate with noses in your groin?
2334,116,0,0,70,70,1.0,0.014388861576723854,600,Its antenna seems to be wagging a message of urgency.
1796,116,0,0,49,49,1.0,0.020619652471058063,600,We’re pleased to meet such an intelligent leader... the last planet we visited brought us to something they called a “Trump”.
3489,116,0,0,123,123,1.0,0.008163333305850111,600,We have tried everything and we just can't decode the meaning of the tail thumps.
3805,116,0,0,1246,1246,1.0,0.0008028904701558692,600,"I don't understand this one's language either, but I like him better than the two-legged one."
1540,116,0,0,91,91,1.0,0.011049892402196598,600,"Very odd--a head, four legs and a handle."
4787,116,0,0,134,134,1.0,0.007490689241787027,600,"Quite an evolution since our last visit - two more legs, and less murderous."
4688,116,0,0,572,572,1.0,0.001749781947011434,600,"I was wrong, Oxnar. Apparently there IS intelligent life on the planet."
5541,116,0,0,305,305,1.0,0.003284076676991934,600,Excellent report Agent Fido.
3203,116,0,0,1267,1267,1.0,0.0007895776375279137,600,It appears there is intelligent life on earth after all
1025,116,0,0,1291,1291,1.0,0.0007748935103118878,600,We're traveling at twice the speed of light and you want to go out for a walk?
1127,116,0,0,1173,1173,1.0,0.0008528785423669269,600,I think she’s figured out the meaning of s-p-a-c-e-w-a-l-k.
1627,116,0,0,1405,1405,1.0,0.0007119971971288709,600,He must be a king. Humans pick up his poop.
1843,116,0,0,464,464,1.0,0.0021574985584678196,600,"Fido to ground control. No signs of open hostility, but without the presence of tails I cannot- repeat cannot- confirm intentions at this time."
5361,116,0,0,1330,1330,1.0,0.0007521625202847346,600,These Earthlings appear to be more intelligent than we were led to believe.
1132,116,0,0,1346,1346,1.0,0.0007432181858392096,600,"I am pretty sure I said, ""beam me up a Scotty."" This looks like a labrador."
44,116,0,0,528,528,1.0,0.0018957354487706363,600,Can we keep him daddy?
2689,116,0,0,491,491,1.0,0.0020387370429275358,600,What did you do with our shoes!?
81,116,0,0,1249,1249,1.0,0.0008009612176150227,600,This species is much smarter than the orange haired one we beamed up from the big white house..
4109,116,0,0,902,902,1.0,0.001109262511156853,600,I’m not taking him out again.
3969,116,0,0,1363,1363,1.0,0.0007339450035481881,600,I certainly hope we're landing someplace with a tree.
1752,116,0,0,583,583,1.0,0.0017167388298694566,600,I think we finally found their leader!
4182,116,0,0,765,765,1.0,0.0013080447532669872,600,"He must be their leader. Everyone was feeding him, massaging his belly, and they even cleaned up his waste matter!"
3990,116,0,0,426,426,1.0,0.0023501778858208543,600,Our long search is over. We've found the Good Boy.
3266,116,0,0,142,142,1.0,0.007067181930127675,600,"OK, forget about your leader – take us to Oprah."
727,116,0,0,885,885,1.0,0.0011305824304997923,600,I'm beginning to think Earth is worth saving.
2246,116,0,0,1230,1230,1.0,0.000813338822846687,600,"Who's a good earthling? You are! Yes, you are!"
4477,116,0,0,587,587,1.0,0.0017050304576147343,600,"Despite the awful breath & limited vocabulary, I feel the need to be best friends."
2568,116,0,0,959,959,1.0,0.001043296959894167,600,Our selection criterion was emotional intelligence.
5477,116,0,0,428,428,1.0,0.002339182886483832,600,Still can't scientifically conclude whether the dog is wagging the tail or the tail is wagging the dog.
2629,116,0,0,1171,1171,1.0,0.0008543358318976592,600,We desire your secrets to domesticating humans.
1603,116,0,0,1079,1079,1.0,0.0009272138224067486,600,We were sent to find a stable genius.
4001,116,0,0,483,483,1.0,0.0020725399729069395,600,This is Earth's highest species. They are so revered that the humans walk behind them to clean their mess!
254,116,0,0,89,89,1.0,0.011299615367639217,600,It's just an expression; the country's not gone to us yet.
4523,116,0,0,417,417,1.0,0.0024009621142307915,600,It is attempting to communicate through that oscillating appendage
1548,116,0,0,1044,1044,1.0,0.0009583134784816328,600,"Captain, we've found intelligent life on Earth."
1871,116,0,0,1222,1222,1.0,0.0008186656436976472,600,Who's a good earthling? You! You're a good earthling!
1033,116,0,0,678,678,1.0,0.0014760151621070964,600,You're sure he can hold it in for 20 light years?
184,116,0,0,260,260,1.0,0.0038535717003858705,600,He helps with my feelings of alienation.
5725,116,0,0,1159,1159,1.0,0.000863185233609054,600,I thought that you wanted to be beamed up. Now you want to beam down again?
1108,116,0,0,1023,1023,1.0,0.000977995226952886,600,"We went to the White House, and this was the most intelligent being we found."
2723,116,0,0,905,905,1.0,0.0011055833640567277,600,"The other one was less advanced, only two legs and no tail."
3012,116,0,0,1046,1046,1.0,0.0009564802624168388,600,Please don't send me back.
157,116,0,0,1281,1281,1.0,0.0007809450029163485,600,"Spock, not Spot!"
4905,116,0,0,1229,1229,1.0,0.0008140008814201676,600,"We overestimated their intelligence, but way underestimated their friendliness."
4002,116,0,0,1066,1066,1.0,0.000938526616709545,600,I think he wants to go out again.
3848,116,0,0,532,532,1.0,0.0018814683772160094,600,Remember complete the mission and ignore the sticks
3356,116,0,0,449,449,1.0,0.0022296557891202324,600,Who let the dog in? Who?
4303,116,0,0,589,589,1.0,0.001699235957392166,600,Who knew that Earthlings could be so loving and faithful?
4829,116,0,0,1237,1237,1.0,0.0008087343968915587,600,Your mission is to become man's best friend.
1533,116,0,0,1000,1000,1.0,0.0010005003753127736,600,Can I keep him? He followed me home.
4491,116,0,0,653,653,1.0,0.0015325674997629878,600,"So we agree, he’s not the dominant species, but he thinks he is."
3697,116,0,0,710,710,1.0,0.0014094436198962422,600,What does it mean 'Timmy is stuck in the well.'?
2576,116,0,0,217,217,1.0,0.004618949962280777,600,"Sir, we come to you from Canis Major."
244,116,0,0,619,619,1.0,0.0016168154030096241,600,Scotty?
1589,116,0,0,624,624,1.0,0.0016038497538760263,600,"And, Bob, try not to laugh this time when they pick up your excrement."
5509,116,0,0,629,629,1.0,0.001591090400073242,600,"Copy that, Commander Rex. Vaporize all cats on earth."
885,116,0,0,411,411,1.0,0.0024360554002325553,600,"WHO IS AN EXEMPLARY CANINE SPECIMEN? YOU ARE. YES, YOU ARE."
1296,116,0,0,944,944,1.0,0.001059883561652502,600,'He says there's no intelligent life down there.'
2407,116,0,0,1657,1657,1.0,0.0006036824905246409,600,At long last! Intelligent life!!
4702,116,0,0,1634,1634,1.0,0.0006121824590424972,600,Noooo...I said beam me up a Scottie.
540,116,0,0,1441,1441,1.0,0.0006942034434153424,600,He’s a rescue.
2302,116,0,0,707,707,1.0,0.0014154285214857836,600,Earthlings are smarter than we thought.
4771,116,0,0,1657,1657,1.0,0.0006036824905246409,600,finally . . . an earthling to study from that shit hole planet
243,116,0,0,674,674,1.0,0.0014847814039672445,600,Is this the one that ate your homework?
5588,116,0,0,959,959,1.0,0.001043296959894167,600,So you say you've been sent with a message from Pluto..
5137,116,0,0,545,545,1.0,0.0018365480654058965,600,We used to infiltrate earth disguised as humans but canines are treated with more respect.
870,116,0,0,561,561,1.0,0.0017841220301272936,600,"Bacon! ... See, it's universal."
3949,116,0,0,1544,1544,1.0,0.0006478782328916581,600,'Can you send me back in time so I can get my testicles back?'
2696,116,0,0,1401,1401,1.0,0.00071403074882541,600,Excellent! Let’s send the human back.
6040,116,0,0,1380,1380,1.0,0.0007249003738202731,600,Could you help us find Pluto?
5775,116,0,0,1638,1638,1.0,0.0006106870513693638,600,He misses Pluto.
1142,116,0,0,760,760,1.0,0.001316655979852334,600,HAVE. YOU. SEEN. OUR. BALL?
669,116,0,0,1021,1021,1.0,0.0009799119255545473,600,"No, I said capture the MARS Rover"
217,116,0,0,1424,1424,1.0,0.0007024938965136687,600,Speak.
3038,116,0,0,1649,1649,1.0,0.000606612099482729,600,"We have either captured their God, or my dyslexia is kicking in"
5060,116,0,0,589,589,1.0,0.001699235957392166,600,He says he's a good boy. I think we should believe him.
1670,116,0,0,568,568,1.0,0.0017621152213765311,600,"So, what's your secret? How do you control them?"
1776,116,0,0,346,346,1.0,0.0028943590366533453,600,"I don't think he realizes it'll be 3,000 light years before we can walk him!"
3742,116,0,0,1438,1438,1.0,0.0006956522159940862,600,He's gonna want to stick his head out the window...
756,116,0,0,597,597,1.0,0.0016764465235692483,600,He says he will answer all our questions but first he wants his tummy rubbed.
1392,116,0,0,1457,1457,1.0,0.0006865774520587525,600,"I said, ""retrieve her,"" not ""retriever!"""
5129,116,0,0,934,934,1.0,0.001071237432719544,600,This was the only intelligent species we could find.
1333,116,0,0,1646,1646,1.0,0.0006077180468946533,600,Wait. Didn’t he JUST go out?
3770,116,0,0,1535,1535,1.0,0.0006516781056275938,600,"I hope you abducted some plastic bags, too."
4126,116,0,0,1550,1550,1.0,0.0006453695076235713,600,He's asking us to roll down a window.
4406,116,0,0,845,845,1.0,0.0011841328303982294,600,Do you know Lassie? We want to meet Lassie.
1725,116,0,0,611,611,1.0,0.0016380021873568214,600,I'm not sure why they asked us to bring back a lab specimen
4690,116,0,0,605,605,1.0,0.001654260284651907,600,"Who let the dog in, who who?"
5690,116,0,0,1111,1111,1.0,0.0009004953636753556,600,"Stephanie's been told you've gone to a farm way, way upstate."
4332,116,0,0,318,318,1.0,0.0031496102047394847,600,I don't know what it is but I want it.
736,116,0,0,1459,1459,1.0,0.0006856359676119871,600,It produces a valuable substance that is reverentially gathered by devoted servants...
4403,116,0,0,687,687,1.0,0.0014566646252497358,600,"Your mission, if you choose to accept it, is to befriend the humans and gather intelligence."
5549,116,0,0,991,991,1.0,0.0010095912442294821,600,"What's that, Timmy's fallen in a worm hole?"
1804,116,0,0,1187,1187,1.0,0.0008428150769423959,600,Of course he's a leader...the 2-legged ones pick up his poop every day.
915,116,0,0,932,932,1.0,0.001073537460075496,600,And you really get them to pick up your poop???
5795,116,0,0,432,432,1.0,0.002317498658979789,600,"He was scratching at the pod bay door, Hal."
562,116,0,0,773,773,1.0,0.001294498653030192,600,He’s a rescue.
5343,116,0,0,807,807,1.0,0.001239925842748907,600,"OK, which one of you is going to take me outside?"
5421,116,0,0,822,822,1.0,0.0012172856789081385,600,I don’t think he understands the gravity of this situation
412,116,0,0,50,50,1.0,0.020203050891044214,600,We've never heard of cats. Why do you ask?
4684,116,0,0,588,588,1.0,0.0017021282760085411,600,It’s more intelligent than their broadcasts led us to believe.
3724,116,0,0,858,858,1.0,0.0011661809562650012,600,"Yes, the two legged ones are our pets."
2621,116,0,0,325,325,1.0,0.0030816677568068288,600,He wants our help catching squirrels.
3148,116,0,0,391,391,1.0,0.002560821561397049,600,Maybe we won't destroy Earth
2902,116,0,0,852,852,1.0,0.0011743983234309017,600,You beamed the wrong Scotty.
6012,116,0,0,696,696,1.0,0.0014378148934779658,600,"Yes, I play bridge."
4428,116,0,0,383,383,1.0,0.002614381318623124,600,Why does it like my leg so much?
2786,116,0,0,739,739,1.0,0.0013540964511809391,600,The cat never mentioned this 'best friend' you speak of.
4797,116,0,0,838,838,1.0,0.0011940300635384575,600,He must be an intelligent creature. He got that necklace on even without hands.
128,116,0,0,750,750,1.0,0.001334223112099919,600,I think he has to go out.
2967,116,0,0,958,958,1.0,0.001044386565371178,600,"We were searching for God, Zandar; you got it backwards!"
1793,116,0,0,547,547,1.0,0.0018298269323572512,600,Earthlings are both friendlier and smarter than our planet scans indicated.
4287,116,0,0,618,618,1.0,0.0016194337292642052,600,"So, you are the one they call ""King""."
181,116,0,0,906,906,1.0,0.001104362399173967,600,Tell us more about the slaves who pick up your feces.
2077,116,0,0,704,704,1.0,0.0014214644670506355,600,"You’re gonna have to hold it, buddy."
1339,116,0,0,886,886,1.0,0.001129305657161373,600,"And remember, just sniffing and licking, no probing."
4904,116,0,0,674,674,1.0,0.0014847814039672445,600,"It was terrible.They don't even have indoor plumbing. Now, help me get out of this costume."
3372,116,0,0,54,54,1.0,0.018692405136401476,600,"At first, they took us to their leader, but we like this little fellow much better."
4195,116,0,0,680,680,1.0,0.0014716707442631505,600,"Finally, after all the other test subjects, we have evidence of intelligent life on this planet!"
4636,116,0,0,625,625,1.0,0.0016012815380508712,600,He wants to know if he is a good boy.
5431,116,0,0,389,389,1.0,0.0025740047057585206,600,Tell us everything you know about your best friend.
1823,116,0,0,288,288,1.0,0.0034782661297070093,600,"We've observed your interest in bones. Are you what earthlings call an ""archaeologist""?"
5985,116,0,0,535,535,1.0,0.0018709082086755752,600,Is he from a shit-hole planet?
1263,116,0,0,486,486,1.0,0.002059733327111291,600,Perhaps his is a cautionary tail.
5677,116,0,0,394,394,1.0,0.002541298112513815,600,They look like a friendly people. We'll be fine.
782,116,0,0,715,715,1.0,0.0013995804686538224,600,"No, they are not the dominant species on that planet, but based on our extensive observations, these are the most admired."
3642,116,0,0,639,639,1.0,0.0015661711928135922,600,The humans seem to give him whatever he demands
3388,116,0,0,392,392,1.0,0.0025542804994719698,600,He is definitely the prime life form as he was leading these poor animals on some kind of leash.
3201,116,0,0,571,571,1.0,0.0017528490518140245,600,Is it possible we abducted the wrong end of the leash?
1581,116,0,0,756,756,1.0,0.0013236270271324148,600,I'm keeping him.
424,116,0,0,669,669,1.0,0.0014958867310540013,600,You say your leader is a moron?
4565,116,0,0,714,714,1.0,0.0014015420399999736,600,"A word of caution, its brown eyes can achieve mind control over humans."
3519,116,0,0,34,34,1.0,0.029854071701326604,600,Greetings bitch.
2494,116,0,0,507,507,1.0,0.0019743346243820976,600,"...And as the highest species on our planet, we are the masters of our household and the humans cater to our every whim."
1881,116,0,0,684,684,1.0,0.0014630581822492608,600,"So, you're why people don't completely hate Earth."
229,116,0,0,402,402,1.0,0.002490661956224961,600,Well he looked like their leader. He even had a slave picking up after him.
419,116,0,0,831,831,1.0,0.0012040941375440338,600,Predictions for life on earth did not prepare me for this level of cuteness.
3757,116,0,0,362,362,1.0,0.0027662543748822985,600,Why times 7?
1319,116,0,0,707,707,1.0,0.0014154285214857836,600,"Whatever it is, I can't help but like it."
1703,116,0,0,886,886,1.0,0.001129305657161373,600,"Pretend you are their best friend. Then, in a few thousand years we'll implement the second part of the plan."
4499,116,0,0,445,445,1.0,0.00224972020844753,600,I do believe this species will be quite useful in our War with the Squirrel Planet...!
22,116,0,0,462,462,1.0,0.0021668485090008353,600,He has to go out again.
6013,116,0,0,498,498,1.0,0.00201005126640831,600,He’s says he’s relieved to finally have a substantive conversation.
2162,116,0,0,745,745,1.0,0.0013431836474382315,600,Who's a good terrestrial organism? You are!
1004,116,0,0,234,234,1.0,0.004282665064881709,600,Quickly captain... We need to find a planet with grass...
3484,116,0,0,882,882,1.0,0.0011344301314423738,600,I said “Beam me up Scotty!” not “Beam me up a Scottie!”
5870,116,0,0,751,751,1.0,0.00133244533234683,600,Do we divide or multiply the number of light years by seven?
1369,116,0,0,870,870,1.0,0.0011500864466214384,600,We found him 30 million dog-years from home.
4007,116,0,0,995,995,1.0,0.0010055305443805445,600,"Well, at least he's more intelligent than their leader"
1895,116,0,0,457,457,1.0,0.002190581817811408,600,"""Confirmed. There is no intelligent life on earth. The table scraps, however, are to die for."
30,116,0,0,759,759,1.0,0.0013183918487404216,600,In space we can still hear you barking all night.
189,116,0,0,1004,1004,1.0,0.0009965123309711964,600,"Humans are different. If we abduct him, there will be signs on every utility pole on the planet."
2204,116,0,0,455,455,1.0,0.0022002213534027884,600,I don't understand how earthlings got that reputation for being greedy and evil. This one seems nice to me.
5311,116,0,0,1061,1061,1.0,0.0009429515428049933,600,You sure we took the Rover that explores planets?
2462,116,0,0,842,842,1.0,0.00118835433930272,600,It was the only species on the entire planet emanating any sense of joy.
2249,116,0,0,899,899,1.0,0.0011129662268633453,600,"Well, that's not Dave."
1095,116,0,0,475,475,1.0,0.0021074827295790893,600,And to conclude the peace treaty between your planet and ours let us now sniff YOUR crotch.
816,116,0,0,969,969,1.0,0.0010325246600551242,600,It seems happy to see us.... and that's a first.
1605,116,0,0,993,993,1.0,0.0010075568029182175,600,"The most intelligent life form we found at the White House, Your Highness."
5012,116,0,0,1042,1042,1.0,0.0009601537352250531,600,Take us to your breedeer.
1620,116,0,0,36,36,1.0,0.028171808490950554,600,Only this one survived. Our curiosity seems to have killed the other specimen.
4555,116,0,0,53,53,1.0,0.019048482943986485,600,Is he ship broken?
4902,116,0,0,808,808,1.0,0.0012383903302802574,600,"The rumors are all wrong, Earthlings are actually adorable."
2818,116,0,0,232,232,1.0,0.004319664502958778,600,"She'll be helpful I promise, there's a lot of unmarked territory out there."
1523,116,0,0,703,703,1.0,0.0014234879050387117,600,"Ahhhh, not the space rover I had in mind."
2736,116,0,0,788,788,1.0,0.0012698415257932283,600,Looks like humans have advanced since last time we visited.
4525,116,0,0,409,409,1.0,0.0024479822498821454,600,Wrong one. The leader of each house says 'meow'.
1580,116,0,0,411,411,1.0,0.0024360554002325553,600,What took you so long ? These humans are idiots.
3346,116,0,0,409,409,1.0,0.0024479822498821454,600,"They kept asking, ""Who's a good boy"", but I didn't know what to tell them."
3859,116,0,0,939,939,1.0,0.0010655302524446774,600,What is it boy? Jimmy’s stuck in another dimension?
1249,116,0,0,848,848,1.0,0.0011799412082981024,600,In space nobody knows you’re a dog
775,116,0,0,783,783,1.0,0.0012779555324552996,600,"Contrary to belief, there is intelligent life on the planet ."
5192,116,0,0,816,816,1.0,0.0012262418000718593,600,We selected the smartest living being from their White House
1561,116,0,0,1058,1058,1.0,0.0009456265832399037,600,"I know we have to send him back, but I feel like I'm losing my best friend."
2632,116,0,0,426,426,1.0,0.0023501778858208543,600,With this disguise you can infiltrate the earthling's sleeping quarters.
1991,116,0,0,1019,1019,1.0,0.0009818361516939335,600,No Zykon. I said get me proof of GOD.
5746,116,0,0,1006,1006,1.0,0.0009945302074950613,600,Can we keep him? Mom ? Dad?
324,116,0,0,457,457,1.0,0.002190581817811408,600,"The Earthlings worship this creature , including picking up its droppings with special bags."
4670,116,0,0,622,622,1.0,0.0016090109792670781,600,"That's really interesting, we eat our own poop too."
5019,116,0,0,1076,1076,1.0,0.0009298001934598272,600,How old is he in light-years?
2345,116,0,0,435,435,1.0,0.0023014974962281276,600,We would have made contact with humans first but what we really value is loyalty.
5001,116,0,0,859,859,1.0,0.0011648225621449456,600,Who's a good lifeform?
1403,116,0,0,799,799,1.0,0.0012523483983056288,600,Outside?
4538,116,0,0,825,825,1.0,0.0012128564995483252,600,He wants to know if there are treats where we come from..
2141,116,0,0,719,719,1.0,0.0013917887851558433,600,"Captain, if my calculations are correct, we have just proved the existence of dog."
4557,116,0,0,364,364,1.0,0.0027510342394036474,600,We have no bones.
1191,116,0,0,1652,1652,1.0,0.0006055101700456069,600,"Why does the beast assume this position every time I call your name, Sit?"
2932,116,0,0,916,916,1.0,0.0010922994529107054,600,That remarkable posterior appendage seems to oscillate whenever it hears this series of phonemes: ‘hoo-zah-guh-boy.’
2024,116,0,0,3177,3177,1.0,0.0003148119037898054,600,They pick up your WHAT?
4918,116,0,0,1290,1290,1.0,0.0007754944359627373,600,He says we'll be welcomed with open arms as long as we're not from some s-hole planet.
3509,116,0,0,1360,1360,1.0,0.000735564595536526,600,I know that's our normal rule. But he's a therapy dog.
112,116,0,0,3209,3209,1.0,0.0003116721247132427,600,I think we've found the wrong Pluto.
4781,116,0,0,2126,2126,1.0,0.0004704775477151917,600,The way they follow you around and pick up your poop--we just assumed you were the leader.
4591,116,0,0,1468,1468,1.0,0.0006814310446633949,600,"Trust me, you don't want to meet our leader."
3109,116,0,0,1098,1098,1.0,0.0009111618257649009,600,"Ambasador, your job will be to become their best friend."
1897,116,0,0,3149,3149,1.0,0.0003176115650657895,600,Looks like there might be intelligent life here after all.
5384,116,0,0,1566,1566,1.0,0.0006387735873548136,600,Prepare to launch the Rover.
2546,116,0,0,1108,1108,1.0,0.0009029346292653389,600,His I.Q. measures superior to their President...
3914,116,0,0,1536,1536,1.0,0.0006512536978289944,600,He wants us to beam up the hydrant.
5893,116,0,0,1389,1389,1.0,0.0007202017031590274,600,"When they meet, it appears they check each other for anal probes."
4541,116,0,0,2239,2239,1.0,0.00044672773059893135,600,I asked if you had to go before we left Andromeda.
5732,116,0,0,2239,2239,1.0,0.00044672773059893135,600,He was the only earthling who heard our whistle.
3644,116,0,0,1325,1325,1.0,0.0007550019413012373,600,"Sometimes you catch the saucer, sometimes the saucer catches you."
5476,116,0,0,3333,3333,1.0,0.00030007502213222126,600,"Unconditional love. Friendly. Loyal. Seriously, it is Earth's most advanced life-form."
2873,116,0,0,3230,3230,1.0,0.0003096454596640467,600,"Dude, they'll find me. I have a chip!"
4878,116,0,0,3796,3796,1.0,0.00026346990085023014,600,He says he wants to stick his head out the window.
4947,116,0,0,2662,2662,1.0,0.0003757279795778468,600,I think you got it backwards. I'm d-o-g.
3928,116,0,0,1582,1582,1.0,0.0006323111286608721,600,He appears to be smarter than their President.
5417,116,0,0,3958,3958,1.0,0.00025268477775898914,600,"Results are still preliminary, but all indications suggest he is a good boy."
376,116,0,0,1403,1403,1.0,0.0007130125230291303,600,We just met but I already feel like he’s my best friend.
198,116,0,0,3235,3235,1.0,0.0003091667991800939,600,Our search for unconditional love is over.
1287,116,0,0,1260,1260,1.0,0.0007939659220307523,600,"Who's a good abductee? You are! Yes, you are!"
1116,116,0,0,1938,1938,1.0,0.000516129049444464,600,"Captain, can we keep him?! Please?"
5901,116,0,0,2665,2665,1.0,0.00037530494186778935,600,Is that in lightyears or dog years?
589,116,0,0,1275,1275,1.0,0.0007846214805444139,600,"A boy, sir. And apparently a good one."
713,116,0,0,1181,1181,1.0,0.0008470987629792759,600,What's that? Timmy's fallen into a gravitational singularity?
2493,116,0,0,2465,2465,1.0,0.00040576182616365683,600,What do mean you have to go out?
4482,116,0,0,1860,1860,1.0,0.0005377789922832912,600,A yellow lab!?!? I clearly said beam me up a Scotty!
3736,116,0,0,2077,2077,1.0,0.00048157959498669055,600,"If you decide to invade, I recommend getting the squirrels first."
5731,116,0,0,2612,2612,1.0,0.00038292169953231027,600,I specifically asked for a new Laboratory Receiver.
3276,116,0,0,1354,1354,1.0,0.0007388253182363162,600,"No, Im sure of it, I saw them picking up his poop, so he has to be their leader"
3887,116,0,0,2751,2751,1.0,0.00036357026595997715,600,I view it as more of a rescue than an abduction.
196,116,0,0,3040,3040,1.0,0.0003290014849581336,600,Take us to anyone but your leader.
1088,116,0,0,3054,3054,1.0,0.0003274930451634065,600,Who forgets to put a planet on their dog tag?
2712,116,0,0,1337,1337,1.0,0.0007482230228056185,600,Again? We just beamed you up five minutes ago!
2367,116,0,0,1383,1383,1.0,0.0007233273529116132,600,I think his name is Sit.
1279,116,0,0,2212,2212,1.0,0.0004521817886314926,600,He's saying that Cats are an invasive species on Earth.
1903,116,0,0,2766,2766,1.0,0.0003615982702383524,600,"Its rear tentacle does that whenever I say ""space walk."""
4958,116,0,0,2054,2054,1.0,0.0004869734743817361,600,"That's not Elvis, you dummies. It ain't nothin' but a hound dog."
5316,116,0,0,1230,1230,1.0,0.000813338822846687,600,"Seriously, it's the only intelligent life we found."
5110,116,0,0,1367,1367,1.0,0.0007317966095431997,600,He's saying that cats are evil and we should destroy them all.
3831,116,0,0,2703,2703,1.0,0.0003700277584144561,600,"What’s that, boy? Timmy fell into a black hole?"
4442,116,0,0,3675,3675,1.0,0.00027214587270592516,600,He loves it when we crank it up to Warp Five and then open the window for him.
3806,116,0,0,3618,3618,1.0,0.00027643400402265926,600,We understand you have our homework.
855,116,0,0,2943,2943,1.0,0.00033984707372540496,600,Maybe we need to be more specific than beam up the smartest creature in the White House.
732,116,0,0,3101,3101,1.0,0.00032252862860928543,600,They pick up his poo then tell him how great he is - of course he's the leader!
1545,116,0,0,2080,2080,1.0,0.0004808848419842647,600,"They just eat, sleep and play and they have millions of slaves who do all the work."
5634,116,0,0,1529,1529,1.0,0.0006542362142643942,600,"We've achieved total control of the humans, but the cats remain a problem"
5543,116,0,0,3190,3190,1.0,0.0003135287701168008,600,"Before we land, let's send down the Rover."
337,116,0,0,4291,4291,1.0,0.00023307306998960074,600,"When we beam you back up the next time, we expect you to have the stick."
1408,116,0,0,4341,4341,1.0,0.00023038820565253788,600,What do you mean you need to go out?
5672,116,0,0,3212,3212,1.0,0.00031138097839631453,600,"When you rub the underside, the antenna goes haywire."
2653,116,0,0,4393,4393,1.0,0.00022766078690465092,600,"They feed him, bath him, and pick up his poop. He seems to be their leader."
4206,116,0,0,1193,1193,1.0,0.0008385744971915258,600,Please tell us where you buried the keys.
1824,116,0,0,3864,3864,1.0,0.00025883266684982364,600,"We must be really lost! His tag says ""Pluto""."
5196,116,0,0,3639,3639,1.0,0.0002748385349572702,600,"I think it's a god, but I may have that backwards.."
5945,116,0,0,1640,1640,1.0,0.0006099420838692693,600,We'll just tell Dad that he followed us home.
389,116,0,0,2276,2276,1.0,0.00043946386470712406,600,"This time, my friend, the frisbee has caught you."
4893,116,0,0,1630,1630,1.0,0.0006136852083928755,600,What do you mean he has to go out?
4775,116,0,0,4550,4550,1.0,0.00021980437543449728,600,We should have been more specific when we ordered a new lab.
2210,116,0,0,2281,2281,1.0,0.00043850033941474157,600,"We come from a galaxy one million light-years away ... well, seven million for you."
5014,116,0,0,1568,1568,1.0,0.000637958565150807,600,He wants to ride with his head out the window on the way back.
5631,116,0,0,2542,2542,1.0,0.0003934684317734313,600,"No, don't take us to him. Just explain how he got elected."
5821,116,0,0,4408,4408,1.0,0.0002268859912500639,600,"Good luck, Zorg. Remember, you hate cats and mailmen."
619,116,0,0,2481,2481,1.0,0.00040314453550320073,600,"He does that whenever I mention the name of our planet, Whosagoodboy."
399,116,0,0,1884,1884,1.0,0.0005309264853917525,600,"See, I told you there was intelligent life on Earth."
3477,116,0,0,3705,3705,1.0,0.000269941964936856,600,"...and you say you've trained them to feed you, open doors for you and pick up your poop?"
2034,116,0,0,3430,3430,1.0,0.0002915876980982427,600,We found it tethered to an inferior lifeform.
594,116,0,0,1820,1820,1.0,0.0005496015596360174,600,I accidentally jingled the keys and he jumped right in after me!
5473,116,0,0,2471,2471,1.0,0.0004047763693505317,600,Contact base station and tell them the beagle has landed.
4598,116,0,0,1854,1854,1.0,0.0005395198469841961,600,Can you believe he comes from that shithole planet?
1165,116,0,0,1626,1626,1.0,0.0006151953536192952,600,It's a god! Or did I get that backwards?
3422,116,0,0,1174,1174,1.0,0.000852151760349658,600,"Greetings, earth creature! Are you the ""Good Boy"" of which all humans speak?"
1247,116,0,0,1489,1489,1.0,0.0006718173036058512,600,He's trying to sniff Uranus.
3492,116,0,0,3534,3534,1.0,0.000283005521440927,600,"This is not the fat, yellow haired, one we aimed at but it is much smarter."
1877,116,0,0,1724,1724,1.0,0.000580214703847483,600,So this is the Mars Rover.
1601,116,0,0,3911,3911,1.0,0.0002557217767994383,600,Tell Greg in Teleportation this wasn't the son of a bitch we asked for.
4728,116,0,0,3671,3671,1.0,0.0002724424490609211,600,We know about your leader. Take us somewhere else.
4346,116,0,0,3995,3995,1.0,0.00025034422526825105,600,I'd vote to keep this one. He's the only earthling we've picked up who's happy to see us.
4700,116,0,0,2911,2911,1.0,0.00034358358177502475,600,"I think he needs to ""go"" where no dog has gone before."
931,116,0,0,3910,3910,1.0,0.0002557871871539546,600,They took me to their leader. This guy seemed a bit sharper.
4839,116,0,0,3603,3603,1.0,0.00027758501308304783,600,The scan shows it's full of someone's homework.
444,116,0,0,1728,1728,1.0,0.0005788712254046229,600,His name is Scotty. What are the odds?
1868,116,0,0,4083,4083,1.0,0.00024494795039802506,600,You beamed him up. You feed him.
5510,116,0,0,4257,4257,1.0,0.000234934807212333,600,Again? You just went out.
6002,116,0,0,4279,4279,1.0,0.00023372677499790246,600,Strange place for an antenna.
4505,116,0,0,4260,4260,1.0,0.0002347693407417726,600,"We don't usually take in creatures from shithole planets, but you're such a good boy."
330,116,0,0,2764,2764,1.0,0.0003618599661182664,600,It appears there is intelligent life on their planet after all.
5068,116,0,0,769,769,1.0,0.0013012364497749056,600,We wanted to ask you a few questions about your best friend.
1009,116,0,0,1227,1227,1.0,0.0008153282373379644,600,We'd like to know how you enslaved all the humans.
4937,116,0,0,904,904,1.0,0.00110680703168535,600,We are pleased with your progress towards complete mind control over humans.
607,116,0,0,1802,1802,1.0,0.0005550929994538046,600,"Its an Earthling called ""K-9"" but is very fond of Uranus."
5056,116,0,0,2073,2073,1.0,0.0004825090610865495,600,Tell us everything you know about the Rover mission to Mars.
1102,116,0,0,919,919,1.0,0.0010887317889679941,600,You see ... there is intelligent life down there after all!
1161,116,0,0,1684,1684,1.0,0.0005940006201987473,600,I believe his antenna is searching for a signal.
840,116,0,0,822,822,1.0,0.0012172856789081385,600,Well this is the funny part. It will feel like seven years to you....
4145,116,0,0,2135,2135,1.0,0.00046849380531075444,600,"See, I TOLD you there was intelligent life on that planet."
2565,116,0,0,1404,1404,1.0,0.000712504498366819,600,"The scan shows an exceptionally kind, intelligent race. It’s safe to disembark."
2454,116,0,0,636,636,1.0,0.0015735646097767896,600,"Noooo, not THERE. On the astroturf..."
447,116,0,0,833,833,1.0,0.001201201417850558,600,"Based on Twitter, this creature appears too intelligent to be human."
1273,116,0,0,1784,1784,1.0,0.0005606952841589008,600,This creature appears to be far more intelligent than the strange orange one they call their leader.
5886,116,0,0,816,816,1.0,0.0012262418000718593,600,How do you convince them to bag it for you?
4348,116,0,0,1835,1835,1.0,0.0005451076790094287,600,We must know: how do you get the other one to follow you on the rope and carry your poop?
949,116,0,0,1293,1293,1.0,0.0007736944486076477,600,"Yes Sir, we got the leader. The other one was only picking his poop"
5514,116,0,0,911,911,1.0,0.0010982978042638628,600,This one is smarter than the orange-headed one we had last week.
5310,116,0,0,2050,2050,1.0,0.00048792389839410387,600,Can I keep it? It followed me back to the ship.
1377,116,0,0,2158,2158,1.0,0.0004634994330725215,600,He has a family of slaves who prepare his meals and pick up his waste.
1863,116,0,0,978,978,1.0,0.0010230180366452475,600,He seemed to be the one in charge.
2814,116,0,0,1259,1259,1.0,0.0007945968048653216,600,"Now remember, you only know, ""Woof!"""
5655,116,0,0,549,549,1.0,0.0018231548140138526,600,And you two doubted the existence of Dog
1375,116,0,0,883,883,1.0,0.0011331446577927354,600,"The conquest should be pretty easy, we just to have to say ""'sit and stay."""
4620,116,0,0,1781,1781,1.0,0.0005616400109126296,600,We think it's a human without all the drama.
5614,116,0,0,818,818,1.0,0.0012232418190092366,600,They're more evolved than we were led to believe.
3720,116,0,0,1695,1695,1.0,0.0005901446111146838,600,"We will reach Vega in 25 light years, but you should multiply that by 7."
245,116,0,0,976,976,1.0,0.001025115460130912,600,"Our advanced technology allows us to communicate with you telepathically and... no, you can’t stick your head out the window."
2479,116,0,0,659,659,1.0,0.0015186033231123235,600,"Awesome disguise Henry, they will have no idea we are watching."
4292,116,0,0,747,747,1.0,0.0013395850292176573,600,"After listening to President Trump, we assume you represent the intelligent life on Planet Earth."
4998,116,0,0,694,694,1.0,0.001441961441826339,600,"What's that, girl? Timmy's fallen into a black hole?"
2694,116,0,0,696,696,1.0,0.0014378148934779658,600,"Well, his tag does say ""Captain"". What the heck, let's go with it."
1604,116,0,0,1652,1652,1.0,0.0006055101700456069,600,"Besides being man's best friend, they say his greatest assets are his mental stability and being like, really smart."
498,116,0,0,1130,1130,1.0,0.0008853475856396977,600,This'll be a babe magnet on Glorth.
5713,116,0,0,457,457,1.0,0.002190581817811408,600,If we claim he's a service dog we can keep on board till we are home
4486,116,0,0,776,776,1.0,0.0012894909192112602,600,"You'll remember nothing, but you'll feel compelled to chase frisbees and flashlight beams."
503,116,0,0,538,538,1.0,0.0018604659212401618,600,"Yes, he was leading the other earthling."
3781,116,0,0,692,692,1.0,0.0014461319760118254,600,He's asking if we beamed up squirrels too.
4430,116,0,0,1674,1674,1.0,0.0005975500714868599,600,"Who's Timmy, and why would he be down the well?"
1175,116,0,0,1749,1749,1.0,0.000571918810915865,600,We’ll tell them he followed us home.
3774,116,0,0,1713,1713,1.0,0.000583941630729038,600,"Believe it or not, we're here to sniff your butt."
3100,116,0,0,772,772,1.0,0.0012961765521830003,600,I swear he understands what I'm saying.
1041,116,0,0,1813,1813,1.0,0.0005517241589241064,600,"No, I said ""Beam me up a Scotty""."
386,116,0,0,799,799,1.0,0.0012523483983056288,600,Who was that pathetic creature you were pulling on a leash?
4814,116,0,0,1455,1455,1.0,0.0006875215256691161,600,"This is the one they call Dog, creator of the universe."
2850,116,0,0,762,762,1.0,0.0013131979193185472,600,"I swear, he followed me home"
3102,116,0,0,593,593,1.0,0.0016877643140396355,600,Yes... but how did you train them to pick up the poop?
3992,116,0,0,1701,1701,1.0,0.0005880623600277369,600,"Trump? No, seriously, take us to your leader."
3396,116,0,0,2010,2010,1.0,0.0004976362433218354,600,And they have trained hairless apes to pick up their excrement.
5632,116,0,0,1769,1769,1.0,0.0005654509697296291,600,This wasn't the Rover we had in mind.
4755,116,0,0,697,697,1.0,0.0014357505494219983,600,"We’ve come 65,000 light years to answer the riddle of the universe. Now tell us, who’s a good good boy?"
814,116,0,0,1626,1626,1.0,0.0006151953536192952,600,He must be in charge because that other life form was picking up his poop.
1861,116,0,0,1751,1751,1.0,0.0005712653760599917,600,I'd like to defect.
3313,116,0,0,2266,2266,1.0,0.0004414036744006401,600,He says he wants to go where no dog has ever gone before.
924,116,0,0,2369,2369,1.0,0.000422208158025107,600,What do you mean he wants to go outside?
256,116,0,0,2474,2474,1.0,0.0004042854337703007,600,"Proceed with caution, these creatures have already enslaved humanity."
1078,116,0,0,2208,2208,1.0,0.0004530011441228785,600,Of course I can speak. You're just the first one's to really seem interested.
3728,116,0,0,2267,2267,1.0,0.0004412089231560397,600,"Believe me, you don’t want our leader."
5199,116,0,0,2141,2141,1.0,0.00046718057803420284,600,That's the last time I ask Alexa to bring up the subwooffer
2398,116,0,0,1065,1065,1.0,0.0009394082764781424,600,Make Dave roll over again before we change him back.
1673,116,0,0,1074,1074,1.0,0.0009315324717923497,600,We shall name this planet K-9.
3727,116,0,0,2556,2556,1.0,0.000391312862117284,600,"“Who’s a good alien life form? Who’s a good alien life form? You are! Yes, you are!!"
5122,116,0,0,1567,1567,1.0,0.0006383658161116266,600,"So, you're saying that our plan to take over the Earth has failed because ""they fed you tasty treats and rubbed your belly""?"
4861,116,0,0,1741,1741,1.0,0.0005745475675168702,600,Our first sign of intelligent life!
5851,116,0,0,2411,2411,1.0,0.000414851699445236,600,He's been afraid to go out ever since he learned space is a vacuum.
404,116,0,0,1232,1232,1.0,0.000812017931320858,600,The flying disc gets them every time!
1674,116,0,0,1628,1628,1.0,0.0006144393531133418,600,Perhaps we can get it to produce some of those little brown things humans seem to prize so much.
1441,116,0,0,3145,3145,1.0,0.0003180155867838254,600,"We understand dogs now, but please explain cats."
4318,116,0,0,1486,1486,1.0,0.0006731740536152217,600,He'd like to know if we've seen his stick.
2556,116,0,0,2336,2336,1.0,0.0004281738483907537,600,Noooo...I said beam me up a Scottie.
5222,116,0,0,1042,1042,1.0,0.0009601537352250531,600,"When we contacted you on the internet, no one knew you were a dog"
604,116,0,0,2525,2525,1.0,0.00039611805094620265,600,"All I've found out is the back part moves if you ask ""Who's a good boy?"""
921,116,0,0,960,960,1.0,0.0010422096256124062,600,"Can we keep him, Dad?? Huh, Huh? Please, can we keep him???"
2295,116,0,0,812,812,1.0,0.0012322861242342804,600,"What's that girl, Timmy fell in a black hole?"
5721,116,0,0,1810,1810,1.0,0.0005526388716088502,600,"Remember: Infiltrate, Observe, and Report. And don't drag you butt across the carpet."
3488,116,0,0,1564,1564,1.0,0.0006395906946815035,600,We overheard an Earthling say he was the best dog in the world.
504,116,0,0,1618,1618,1.0,0.0006182380511760648,600,What strange power it must have. I’m getting a warm and fuzzy feeling.
839,116,0,0,939,939,1.0,0.0010655302524446774,600,"As far as we can tell, this species has the ability to get people to do whatever it wants."
5817,116,0,0,1612,1612,1.0,0.0006205398995555195,600,"The good news, Captain, is you're back on board. And while the transporter is still malfunctioning...who's a good boy? You are! Yes, you are!"
2374,116,0,0,1051,1051,1.0,0.0009519277613239423,600,"It seems to be a household god requiring frequent stroking, special food, and being spoken to in gibberish in a high pitched voice."
2858,116,0,0,2216,2216,1.0,0.00045136539176995677,600,This one MUST be the leader - the other creature was seen picking up its poop!
5078,116,0,0,853,853,1.0,0.0011730207296154712,600,Who wants to go for a ride?!!
3861,116,0,0,2149,2149,1.0,0.0004654410179564428,600,All this time... we thought they would look like us.
4993,116,0,0,1482,1482,1.0,0.0006749916010473885,600,I thought you asked me to beam up a Scotty.
3895,116,0,0,827,827,1.0,0.0012099215765139274,600,This is the biggest frisbee I ever chased .
3754,116,0,0,1127,1127,1.0,0.0008877053692877035,600,Bring us one of their newspapers.
5111,116,0,0,1744,1744,1.0,0.0005735589567658352,600,I'm sorry but we haven't seen your ball.
5219,116,0,0,2372,2372,1.0,0.00042167405533465144,600,He has to be the one in charge...the other one was following behind and picking up his droppings
144,116,0,0,471,471,1.0,0.0021253997123598994,600,You can't be Sirius.
484,116,0,0,1786,1786,1.0,0.0005600672300248737,600,It's the most intelligent life we could find down there.
4306,116,0,0,1068,1068,1.0,0.0009367682526387249,600,"After we drop you off, your job is to convince them you’re their best friend."
3650,116,0,0,1120,1120,1.0,0.0008932560069122659,600,I could be mistaken.....but I believe he is asking permission to smell our butts...
3287,116,0,0,1819,1819,1.0,0.0005499037876267645,600,"We, of the planet Dyslexia, welcome you, O God, to our humble spaceship."
5247,116,0,0,367,367,1.0,0.002728515499588461,600,He may be looking at me but it isn't my turn to take him out.
5454,116,0,0,520,520,1.0,0.00192492870677326,600,Get the P-R-O-B-E.
3667,116,0,0,549,549,1.0,0.0018231548140138526,600,"... Technically, it's a rescue."
2669,116,0,0,276,276,1.0,0.0036297700432031386,600,can we keep him this time?
1178,116,0,0,274,274,1.0,0.00365631323976935,600,This four-legged one seems to be the more intelligent of the species.
869,116,0,0,131,131,1.0,0.007662891493956463,600,"It took us 3 light years to get here, or 21 in dog years."
1807,116,0,0,285,285,1.0,0.003514943916881019,600,It worked! Now let's see wheter we can turn George into a rabbit.
3982,116,0,0,98,98,1.0,0.010256545123110545,600,"Definitely the intelligent life here, too bad his pets are ruining the planet."
3750,116,0,0,128,128,1.0,0.007843197564226983,600,Let's see if he'll fetch in zero gravity.
886,116,0,0,210,210,1.0,0.004773283284129395,600,We're thinking of rigging the next Presidential election. Would you be interested?
3962,116,0,0,146,146,1.0,0.006872892814876451,600,It's a gift from the Russians
890,116,0,0,146,146,1.0,0.006872892814876451,600,"Yea, taking the dog is a way better idea!"
4183,116,0,0,221,221,1.0,0.004535159051950786,600,Of course this one's in charge. The one with two legs was picking up his poop.
3940,116,0,0,135,135,1.0,0.007434995612424509,600,"Take us to your Lunar, Rover"
1741,116,0,0,133,133,1.0,0.007547223547528769,600,We'll call him Pluto.
2470,116,0,0,208,208,1.0,0.004819291099718669,600,"Based on what we've seen of the leader your humans elected, we think it best to converse with you instead."
1817,116,0,0,288,288,1.0,0.0034782661297070093,600,"Our instruments clearly don't work in this atmosphere. On the Intelligence Meter, this creature scored 22% higher than the Earthling Leader."
1422,116,0,0,72,72,1.0,0.013986355971611485,600,we brought back the most intelligent being we could find
4316,116,0,0,142,142,1.0,0.007067181930127675,600,It won't do it unless we let it go outside.
557,116,0,0,71,71,1.0,0.01418475390906605,600,Take me to someone smarter and more stable than your leader.
394,116,0,0,71,71,1.0,0.01418475390906605,600,"""We don't understand the word 'biscuit'""."
89,116,0,0,142,142,1.0,0.007067181930127675,600,Daily walks might be a problem.
1234,116,0,0,144,144,1.0,0.006968683416725756,600,We’ve been studying this planet for generations and have determined that he is a good boy.
3232,116,0,0,118,118,1.0,0.008510715353136088,600,He was friendly and by far and away he was the most intelligent life we could find.
4932,116,0,0,292,292,1.0,0.0034305367789768163,600,"Finally, our journey of finding a good boy is over."
3984,116,0,0,254,254,1.0,0.003944780848757796,600,We’ve discovered that this Earth creature is their most intelligent.
1045,116,0,0,71,71,1.0,0.01418475390906605,600,"Hi, I'm Scotty."
3539,116,0,0,72,72,1.0,0.013986355971611485,600,Finally! We have discovered an emotionally intelligent life-form in the universe!
929,116,0,0,72,72,1.0,0.013986355971611485,600,We decided to give on intelligence and go for character.
2749,116,0,0,73,73,1.0,0.013793431476706131,600,We don't have space for a dog.
325,116,0,0,248,248,1.0,0.004040412285310494,600,He says the earthling has fallen down something called a 'well'.
2055,116,0,0,250,250,1.0,0.004008024080281012,600,And the canines have trained the earthlings to bring them food and clean up their poop. Now you tell me who's smarter.
642,116,0,0,256,256,1.0,0.003913901819282185,600,Why do we have to beam him down every time he needs to take a leak?
3093,116,0,0,129,129,1.0,0.007782160079558629,600,Can someone take me for a walk
4214,116,0,0,234,234,1.0,0.004282665064881709,600,'So you're saying you're his best friend?'
5931,116,0,0,102,102,1.0,0.009852336290568345,600,But you just went out 15 light years ago.
3688,116,0,0,238,238,1.0,0.00421053564662673,600,Apparently the wagging appendage is a rudimentary form of communcation.
1911,116,0,0,182,182,1.0,0.005509662779839086,600,How did you enslave the tall bipedal creatures?
3197,116,0,0,113,113,1.0,0.008888976681684724,600,I never had such a hard time sending back an abductee before!
2086,116,0,0,153,153,1.0,0.0065574122947052805,600,Best abductee ever. This one like to snuggle.
3315,116,0,0,162,162,1.0,0.006191980139726142,600,Imagine how dumb the one who picks up the poop must be.
3607,116,0,0,133,133,1.0,0.007547223547528769,600,"Captain, we await your orders"
1223,116,0,0,282,282,1.0,0.003552403472273746,600,"He’s a rescue, but sometimes it feels like he rescued me."
3472,116,0,0,192,192,1.0,0.00522194991430446,600,It's far more intelligent than that Trump we found the last time we were here.
2122,116,0,0,206,206,1.0,0.004866194452441242,600,"And is your leader also, like, really smart?"
3016,116,0,0,250,250,1.0,0.004008024080281012,600,"That's not a Scotty you beamed up, is it?"
3282,116,0,0,71,71,1.0,0.01418475390906605,600,this was the smartest species
3430,116,0,0,70,70,1.0,0.014388861576723854,600,Would you consider being our best friend?
4337,116,0,0,110,110,1.0,0.009132515299544463,600,This one seemed to enjoy the probe.
1075,116,0,0,125,125,1.0,0.008032193289024988,600,"No, you can’t go for a walk."
5455,116,0,0,137,137,1.0,0.007326056475204618,600,Can we keep him? It's friendly and has superior intelligence over the 2-legged version of Earthlings.
5693,116,0,0,41,41,1.0,0.02469323991623974,600,He wants to know if we're Norwegian.
5939,116,0,0,149,149,1.0,0.00673404490507766,600,I would run away if I were you too.
2389,116,0,0,284,284,1.0,0.003527342346620086,600,Who knows why but they seem to worship it.
335,116,0,0,81,81,1.0,0.012422599874998832,600,Take me to your follower.
5563,116,0,0,133,133,1.0,0.007547223547528769,600,It must be an Unidentified Fetching Object
5649,116,0,0,66,66,1.0,0.015267620413811482,600,Waste of time. Planet has fleas.
2025,116,0,0,39,39,1.0,0.025976216673306556,600,I'm picking up that the greeting etiquette for Earthlings involves something called a 'butt- sniff'
499,116,0,0,39,39,1.0,0.025976216673306556,600,When is a dog's tail not a tail? When it's a waggin'.
2030,116,0,0,50,50,1.0,0.020203050891044214,600,Why the long face?
4317,116,0,0,36,36,1.0,0.028171808490950554,600,"You know you can't walk him out there, so I got him this big weewee pad."
1439,116,0,0,323,323,1.0,0.003100778920474471,600,Do all dogs on Earth have servants to pick up their poop?
5357,116,0,0,209,209,1.0,0.00479617686047926,600,You can have your ball back after you answer a few simple questions.
6006,116,0,0,81,81,1.0,0.012422599874998832,600,"...and then he said Haiti was a ""shithole"" country so I figured I'd live with you guys for a while."
5515,116,0,0,57,57,1.0,0.01769980813511972,600,Send him to one of those shithole countries.
1569,116,0,0,338,338,1.0,0.0029629662145051745,600,Can we keep her?
2404,116,0,0,146,146,1.0,0.006872892814876451,600,Who's a good blyrzch? You are! You're a good blyrzch!
720,116,0,0,373,373,1.0,0.0026845661768095004,600,They said they'd send us something way better than their leader
2023,116,0,0,70,70,1.0,0.014388861576723854,600,We thought you would understand Russian.
1669,116,0,0,111,111,1.0,0.009049866402333346,600,"Ok, ok, he didn't follow me home. Can I still keep him?"
3014,116,0,0,57,57,1.0,0.01769980813511972,600,Our Lifeform detectors received signs of a Good Boy.
1954,116,0,0,316,316,1.0,0.0031695760880373494,600,Be careful. They have a power that enslaved Earth humanoids.
1467,116,0,0,62,62,1.0,0.016260700012185932,600,"Well, he certainly appeared to be the smarter one"
219,116,0,0,62,62,1.0,0.016260700012185932,600,Your mission is to find out who's a good boy.
2610,116,0,0,220,220,1.0,0.004555820475782052,600,We have observed humans picking up your excrement. Your race is clearly the leader of man.
1487,116,0,0,255,255,1.0,0.00392928066759905,600,"What do you mean you don't have to pick it up in a bag, it just floats away?"
538,116,0,0,98,98,1.0,0.010256545123110545,600,"You have done well subjugating the Earth, but can you update us on the cat problem?"
4757,116,0,0,137,137,1.0,0.007326056475204618,600,"Under ""Target of Exploration,"" I put ""God,"" but I forgot about autocorrect."
5933,116,0,0,209,209,1.0,0.00479617686047926,600,We must be in the constellation of Canis Major
2084,116,0,0,76,76,1.0,0.013245323570650438,600,"A lab?! I clearly said, “Beam me up a Scottie.”"
4092,116,0,0,366,366,1.0,0.002735980672225286,600,He's smarter than their leader.
5829,116,0,0,308,308,1.0,0.003252036819405075,600,Can you teach us how to train earthlings to follow us around and pick up our doo?
4982,116,0,0,179,179,1.0,0.005602262874851368,600,"Sorry, I can't stay."
601,116,0,0,139,139,1.0,0.007220263657073482,600,Take us to your alpha-male.
3633,116,0,0,156,156,1.0,0.00643090141188591,600,Apparently this life form communicates by thumping its tail.
3112,116,0,0,346,346,1.0,0.0028943590366533453,600,"Who knows, he could be our new best friend."
2412,116,0,0,117,117,1.0,0.008583770043743413,600,"Sir, we believe this animal to be the most important life on Earth since humans willfully pick up their poop."
3964,116,0,0,99,99,1.0,0.010152415064552878,600,Leader? That would be me.
2477,116,0,0,291,291,1.0,0.003442345890592278,600,"The tail is speaking binary code, 010 001 100 110 101, for hello."
5916,116,0,0,80,80,1.0,0.01257886513566569,600,We do not want to meet your leader.
4091,116,0,0,79,79,1.0,0.012739111916124871,600,I find it hard to believe he just followed you home.
5151,116,0,0,74,74,1.0,0.013605756997417963,600,First let's find out why they have so many 2-legged pets.
4943,116,0,0,71,71,1.0,0.01418475390906605,600,Your mission is to find Pluto.
520,116,0,0,70,70,1.0,0.014388861576723854,600,He went where no one has gone before.
1090,116,0,0,70,70,1.0,0.014388861576723854,600,Has doggie woggie been abducted by aliens? Yes he has! Good boy!
274,116,0,0,40,40,1.0,0.025318484177091666,600,The most intelligent earthling we've seen so far.
875,116,0,0,54,54,1.0,0.018692405136401476,600,"We beam him down, he marks some territory, we beam him up."
233,116,0,0,81,81,1.0,0.012422599874998832,600,"And don't say, ""take me to your leader"". They don't really have one."
3459,116,0,0,68,68,1.0,0.014815221273648994,600,It's their leader alright--the other creature was walking 5 steps behind and gathering his waste.
1536,116,0,0,97,97,1.0,0.010362833403620979,600,Awwwww . . . can we keep it?
5660,116,0,0,42,42,1.0,0.024098134635593994,600,I told you we were spelling it backwards.
5195,116,0,0,56,56,1.0,0.01801874925391118,600,"Humans? Yeah, they make great servants. They bring you food, clean up after you, and they give great belly rubs!"
2649,116,0,0,70,70,1.0,0.014388861576723854,600,Your owner must have thrown the ball really far.
2471,116,0,0,213,213,1.0,0.00470589537965922,600,"Finally, an intelligent life form from this planet."
5224,116,0,0,190,190,1.0,0.005277063223844196,600,A bacteria farm! AND its container!
480,116,0,0,265,265,1.0,0.0037807250916207223,600,"Translation is difficult with Earthlings but I believe he said, ""Who's a good boy?"""
3601,116,0,0,60,60,1.0,0.016807316136320357,600,He seems to be their leader.
3146,116,0,0,61,61,1.0,0.016529490122682157,600,I hear they're easier to train than human beings.
1202,116,0,0,61,61,1.0,0.016529490122682157,600,"We too wish to enslave humans. So, how'd you do it?"
998,116,0,0,62,62,1.0,0.016260700012185932,600,"Twenty bucks says I can get the humans to cleanup my poop, let me destroy their favorite shoes and afterwards they'll call me their best friend."
776,116,0,0,62,62,1.0,0.016260700012185932,600,Pet? I assumed the guy who could lick his privates was the leader.
3429,116,0,0,202,202,1.0,0.004962794435043854,600,He appears to be somewhat smarter than the human 'President' we recently abducted.
5889,116,0,0,63,63,1.0,0.01600051202457731,600,Nevermind. He's from a shithole galaxy.
4786,116,0,0,63,63,1.0,0.01600051202457731,600,"See, I was right - life on this planet is even more intelligent than we first thought."
3487,116,0,0,40,40,1.0,0.025318484177091666,600,I don't see the resemblance to our home star.
2829,116,0,0,63,63,1.0,0.01600051202457731,600,"...and they have these servants that scoop their poop, feed and house them, and all at no cost to them - of course they're the master race."
6033,116,0,0,159,159,1.0,0.006309179657451829,600,"Thinking there mission a success, the alien crew didn't realize it was a miscommunication with high command that lead them to capture Mr. Spot."
1993,116,0,0,52,52,1.0,0.019418390934515434,600,Surely you can't be Sirius?
4350,116,0,0,37,37,1.0,0.02739983121755955,600,"Okay, great. Now take me out for a walk."
4057,116,0,0,37,37,1.0,0.02739983121755955,600,I ordered a wookie but they were all out.
2082,116,0,0,87,87,1.0,0.01156088678177274,600,Who was in charge of applying the latest security patch?
4955,116,0,0,50,50,1.0,0.020203050891044214,600,You mean the one who cleans up your poop is The Leader?
4736,116,0,0,50,50,1.0,0.020203050891044214,600,You were supposed to bring back the Sunday paper.
2460,116,0,0,50,50,1.0,0.020203050891044214,600,"Good girl, you caught a really big Frisbee this time didn't you?"
2143,116,0,0,50,50,1.0,0.020203050891044214,600,Rear sensor movement indicates not aggressive.
5590,116,0,0,38,38,1.0,0.02666903735313325,600,Must be a problem with transmission but Zoltan will always be my best friend
2761,116,0,0,76,76,1.0,0.013245323570650438,600,Tell us more of tummy rubs.
1599,116,0,0,127,127,1.0,0.007905200090854148,600,"Yes, Captain, we definitely have enough kibble to reach Canis Major."
663,116,0,0,191,191,1.0,0.005249361913223779,600,"Interesting, it's already shown more intelligence than the ""Leader of the free world"""
4084,116,0,0,51,51,1.0,0.019802950859533486,600,The earthlings relieve themselves everywhere and have servants to clean up after them!!
3931,116,0,0,51,51,1.0,0.019802950859533486,600,He's been following us for the last 7 light-years. Can I keep him?
2219,116,0,0,115,115,1.0,0.008733707726295862,600,"OK, we'll beam it out into space this time. But then just put down a damn puppy pad."
3385,116,0,0,64,64,1.0,0.015748519708717802,600,I said to beam up a god! G-O-D!
976,116,0,0,64,64,1.0,0.015748519708717802,600,The consensus of humans we have studied is that you're a very good boy.
238,116,0,0,64,64,1.0,0.015748519708717802,600,Fetch us to your leader.
4298,116,0,0,154,154,1.0,0.006514692541617535,600,"First, thank you for coming alone and not bringing your pet human."
2007,116,0,0,77,77,1.0,0.013072174640400053,600,Right now we're only about 17 light years away. How many dog years is that?
5971,116,0,0,183,183,1.0,0.005479472619564278,600,Why so Sirius?
2759,116,0,0,63,63,1.0,0.01600051202457731,600,Why? Intelligent life is overrated. We're searching the Universe for unconditional love.
1072,116,0,0,63,63,1.0,0.01600051202457731,600,The bipeds appear to worship cats. You chase them. Please explain.
5403,116,0,0,192,192,1.0,0.00522194991430446,600,YOU NEED TO SEE A DOG ABOUT A MAN?
1653,116,0,0,58,58,1.0,0.017391961901349125,600,"Amazing disguise, they never figured it out..."
1107,116,0,0,58,58,1.0,0.017391961901349125,600,He can keep out invaders.
2920,116,0,0,80,80,1.0,0.01257886513566569,600,"Hi, I'm Pluto. I am not a planet..."
5117,116,0,0,202,202,1.0,0.004962794435043854,600,So where’s the guy that was right behind me with the plastic bag?
76,116,0,0,101,101,1.0,0.00995037190209989,600,Really? This is their God? Are you sure we don't have it backwards?
1945,116,0,0,147,147,1.0,0.0068259783223928085,600,"Yes, you can go walkies. We have plenty of space."
3886,116,0,0,67,67,1.0,0.015038019057934237,600,"Gees, maybe there is a Dog."
3220,116,0,0,68,68,1.0,0.014815221273648994,600,You'll just have to wait till we stop at the next planet.
2907,116,0,0,68,68,1.0,0.014815221273648994,600,"This is an example of what earthlings call a ""good boy."""
5263,116,0,0,205,205,1.0,0.004889990166239664,600,It’s very fetching.
3968,116,0,0,229,229,1.0,0.004376378092266018,600,He comes and pees.
611,116,0,0,252,252,1.0,0.003976150998887248,600,He and others like him have domesticated the erect two-legged species.
5097,116,0,0,69,69,1.0,0.014598929061844594,600,I said I wanted a SPACE rover.
1913,116,0,0,69,69,1.0,0.014598929061844594,600,Take us to your very stable genius leader.
369,116,0,0,69,69,1.0,0.014598929061844594,600,"After we observed all the leaders on earth, we beamed up the one we deemed the most intelligent."
5763,116,0,0,70,70,1.0,0.014388861576723854,600,One more time: you’ve got the wrong dog. I’m not Scottie!
4371,116,0,0,70,70,1.0,0.014388861576723854,600,Compared to the occupant of their White House this is clearly an advanced species!
4370,116,0,0,210,210,1.0,0.004773283284129395,600,Timmy's fallen into a well?
3866,116,0,0,70,70,1.0,0.014388861576723854,600,"Well, it will seem a lot farther once you've converted from light years to dog years."
2119,116,0,0,58,58,1.0,0.017391961901349125,600,We'll call him Pluto.
64,116,0,0,135,135,1.0,0.007434995612424509,600,Is this going to make a great lost dog poster or what?
5245,116,0,0,77,77,1.0,0.013072174640400053,600,Can we keep him daddy?
3997,116,0,0,56,56,1.0,0.01801874925391118,600,It must be special...they follow it around and pick up its poop!
5065,116,0,0,64,64,1.0,0.015748519708717802,600,"Roll over, stay, teleport."
2800,116,0,0,64,64,1.0,0.015748519708717802,600,"Hit the dog gone button, will ya?"
2591,116,0,0,145,145,1.0,0.006920456654478331,600,Their slaves pick up after them
722,116,0,0,210,210,1.0,0.004773283284129395,600,"He must be the most important being on the planet, the other life forms pick up his excrement!"
4545,116,0,0,65,65,1.0,0.015504341823651057,600,I guess there is intelligent life on Earth.
2294,116,0,0,65,65,1.0,0.015504341823651057,600,It's not Pluto.
1688,116,0,0,130,130,1.0,0.007722065279990304,600,He doesn't understand the gravity of the situation.
4601,116,0,0,66,66,1.0,0.015267620413811482,600,Your trip will take 3.6 dog light years.
3954,116,0,0,66,66,1.0,0.015267620413811482,600,"I said, ""Beam me up a Scotty"", not a Lab."
1761,116,0,0,162,162,1.0,0.006191980139726142,600,"Don't worry, it's saucer trained."
1100,116,0,0,66,66,1.0,0.015267620413811482,600,I'm sure he is important. People pick up his poop.
3995,116,0,0,68,68,1.0,0.014815221273648994,600,They call it a K9.
3646,116,0,0,68,68,1.0,0.014815221273648994,600,Are you sure this is the most intelligent species on the planet?
3308,116,0,0,221,221,1.0,0.004535159051950786,600,"He says he's from Sirius, but I have my doubts."
768,116,0,0,187,187,1.0,0.0053619495646457585,600,"We were told their leader was barking mad, so...."
3342,116,0,0,121,121,1.0,0.008298826628866152,600,We beamed up the most humane specimen.
3606,116,0,0,105,105,1.0,0.009569487529386909,600,But how does he get the two-legged beings to do his bidding?
2783,116,0,0,199,199,1.0,0.0050377993572935185,600,"Oh, that's why you wanted a fire hydrant on board."
1879,116,0,0,255,255,1.0,0.00392928066759905,600,How far is that dog light years?
4929,116,0,0,221,221,1.0,0.004535159051950786,600,It's your turn to float him. I've already been out twice today.
2248,116,0,0,67,67,1.0,0.015038019057934237,600,"Tell us, what is this squirrel you speak of ?"
3056,116,0,0,237,237,1.0,0.004228339259425431,600,Someone saw our poster!
680,116,0,0,75,75,1.0,0.013423121104280487,600,"Major Tom, call Ground Animal Control."
4065,116,0,0,139,139,1.0,0.007220263657073482,600,I don't want to be their best friend anymore
2096,116,0,0,197,197,1.0,0.005089074999136403,600,"No, there are no fire hydrants in here. Why do you ask?"
4437,116,0,0,345,345,1.0,0.0029027606770736978,600,The thought I'm reading is: you smell funny but do you have treats?
1644,116,0,0,385,385,1.0,0.002600782433051497,600,Just keep wagging that and they won't suspect a thing.
4333,116,0,0,76,76,1.0,0.013245323570650438,600,Tell us how you domesticated humans?
1246,116,0,0,340,340,1.0,0.002945511294562622,600,"In outer space, nobody knows you're a dog."
5413,116,0,0,75,75,1.0,0.013423121104280487,600,Who's got the formula to covert light years into dog years
3433,116,0,0,501,501,1.0,0.0019980029950087343,600,I like this human way more than the others we've abducted.
4845,116,0,0,219,219,1.0,0.0045766710216763274,600,Finally! A species eager to please.
5606,116,0,0,233,233,1.0,0.004301085214684212,600,We must know. How do you condense time in a seven to one ratio?
1119,116,0,0,61,61,1.0,0.016529490122682157,600,"""mans best friend"" just relieved itself on our transporter."
5115,116,0,0,49,49,1.0,0.020619652471058063,600,It says it wants to be our best friend.
3528,116,0,0,60,60,1.0,0.016807316136320357,600,I thought you said there was no intelligent life on earth
1927,116,0,0,397,397,1.0,0.0025220701011459856,600,Take me to your alpha!
5181,116,0,0,332,332,1.0,0.0030165946831969483,600,"If he's not spaceship trained, someone's going to be in deep doo doo."
1195,116,0,0,638,638,1.0,0.00156862793344965,600,The human is far more advanced than we had predicted.
2469,116,0,0,425,425,1.0,0.0023557142371577276,600,"Well, the natives seem friendly."
135,116,0,0,234,234,1.0,0.004282665064881709,600,My sensors indicate that he’s a good boy.
2213,116,0,0,335,335,1.0,0.002989539961638337,600,We found him wandering on the moon. His name is Lunar Rover.
1001,116,0,0,69,69,1.0,0.014598929061844594,600,I think we should name him Scottie.
211,116,0,0,223,223,1.0,0.004494393370531611,600,Says it lives in a 'dog-eat-dog' world!
893,116,0,0,290,290,1.0,0.003454236585380609,600,"Who's a good, earth-based lifeform?"
3094,116,0,0,538,538,1.0,0.0018604659212401618,600,You are to be deported back to Canis Major.
5585,116,0,0,328,328,1.0,0.0030534386730848464,600,"Pleased to meet you, Mr. Ambassador."
1937,116,0,0,46,46,1.0,0.021979349113192898,600,...I am the Leader
4609,116,0,0,399,399,1.0,0.0025094122638480024,600,That's a Lab. I asked for a Scotty.
5578,116,0,0,27,27,1.0,0.03774256780481986,600,DOG?GOD? Must reference semordnilap dictionary....
1459,116,0,0,18,18,1.0,0.05716619504750295,600,"We brought back the most intelligent earth life from, we left his humanoid pet behind."
5422,116,0,0,245,245,1.0,0.004089988102241916,600,Let’s first recall what we learned from the rattlesnake.
591,116,0,0,393,393,1.0,0.0025477727678800775,600,He must be the leader. The guy behind him was picking up his crap.
3711,116,0,0,261,261,1.0,0.0038387786642073225,600,"So this is what a ""good boy"" is."
1768,116,0,0,124,124,1.0,0.008097232353140797,600,"Not the Humane Society you dummy, you were supposed to bring us a sample from the human society!"
5498,116,0,0,413,413,1.0,0.0024242442051387297,600,It was either this one or a clearly inferior species that collects its excrement.
4995,116,0,0,274,274,1.0,0.00365631323976935,600,Don't worry Harold. You're going as man's best friend.
5546,116,0,0,392,392,1.0,0.0025542804994719698,600,"He's been their friend for thousands of years, and they treat him like a dog."
3248,116,0,0,392,392,1.0,0.0025542804994719698,600,Should be a quick war. He says the bipeds will take shit from anyone.
1034,116,0,0,177,177,1.0,0.005665745113741708,600,"He looks odd. But for some strange reason, I feel a strong emotional bond."
1791,116,0,0,278,278,1.0,0.003603609453148897,600,He says he's a genious on his planet.
5745,116,0,0,281,281,1.0,0.003565068052451035,600,Of course you’re his overlord. He follows you around and collects your feces in plastic bags!
5911,116,0,0,67,67,1.0,0.015038019057934237,600,"If you lived with us, you'd never have to take a bath."
3863,116,0,0,399,399,1.0,0.0025094122638480024,600,We hadn't expected intelligent life.
3827,116,0,0,315,315,1.0,0.003179654256834183,600,"Okay boy, you know the drill. Teleport back when you’ve finished pooping."
3641,116,0,0,535,535,1.0,0.0018709082086755752,600,Now beam me up a Scottie
2233,116,0,0,417,417,1.0,0.0024009621142307915,600,Just one question: how did you get them to pick up your poop?
2686,116,0,0,267,267,1.0,0.003752351819949245,600,What's that? Your planet needs help?
2049,116,0,0,63,63,1.0,0.01600051202457731,600,Now that is far fetched
4160,116,0,0,463,463,1.0,0.0021621634256619765,600,How did you convince them they were in charge?
4694,116,0,0,358,358,1.0,0.002797205532991247,600,Take us to your tweeter.
1780,116,0,0,614,614,1.0,0.0016299923913762745,600,"""Yes it was a long assignment and yes, they are as stupid as they look""."
3344,116,0,0,548,548,1.0,0.001826484779919168,600,"Humans? Somewhere between cats and squirrels, I'd say."
5323,116,0,0,461,461,1.0,0.002171553940185973,600,You asked for a fetching specimen.
508,116,0,0,472,472,1.0,0.00212089196664408,600,Timmy fell down a black hole?
1885,116,0,0,33,33,1.0,0.030772872744833184,600,"Captain, something has gone horribly wrong in Steve's teleportation."
2944,116,0,0,704,704,1.0,0.0014214644670506355,600,And here's the best part. They pick it up off the ground and throw it away for me!
4024,116,0,0,332,332,1.0,0.0030165946831969483,600,I'm pretty sure this is the wrong Rover
5338,116,0,0,682,682,1.0,0.0014673518255908088,600,We have the most sophisticated translation software in the universe and we still can’t figure out what “arf” means.
2458,116,0,0,481,481,1.0,0.0020811665794102908,600,"Sorry, we're sending you back. On the internet, we didn't know you were a dog."
5415,116,0,0,483,483,1.0,0.0020725399729069395,600,"What’s that, girl? A shuttle craft full of school children is trapped in an asteroid belt? Quick, show us the way!"
2707,116,0,0,32,32,1.0,0.031750031750047626,600,I've seen this creature before. It thrusts its snout into curious places.
5495,116,0,0,337,337,1.0,0.002971771482697203,600,"The thing on his neck says Pluto, small world :)"
3705,116,0,0,562,562,1.0,0.0017809446063586515,600,This new version of the Mars Rover responds better to voice commands.
3210,116,0,0,346,346,1.0,0.0028943590366533453,600,"Sure, I'll tell you everything for a treat!"
1329,116,0,0,736,736,1.0,0.0013596196207622876,600,"His subjects feed him, bathe him and clean up his excrement."
4802,116,0,0,621,621,1.0,0.0016116040687484394,600,He says we’ve got the wrong guy. It’s his best friend we want.
1150,116,0,0,600,600,1.0,0.0016680572940814538,600,I knew I shouldn't have chased that Frisbee...
597,116,0,0,597,597,1.0,0.0016764465235692483,600,We've been outsmarted by a cat.
3034,116,0,0,342,342,1.0,0.002928260825295339,600,"It's easy. Just run after any stick they throw, and if one of the baby ones is around, lick its face."
2781,116,0,0,379,379,1.0,0.002642010231246703,600,"I said ""Mars"" Rover."
5212,116,0,0,38,38,1.0,0.02666903735313325,600,"I wanted a Mars rover, not a Rover for Mars!"
3447,116,0,0,638,638,1.0,0.00156862793344965,600,I took him out last time..
3048,116,0,0,468,468,1.0,0.002139038656546809,600,Earthlings appear to communicate with their rear ends!
5208,116,0,0,307,307,1.0,0.0032626470819163535,600,I might have told him we were going to Canis Major.
5184,116,0,0,481,481,1.0,0.0020811665794102908,600,"They open and close doors and feed him on his command, and gather for safe keeping his waste matter. Of course he's their leader!"
822,116,0,0,24,24,1.0,0.04256282653793743,600,Who farted?
4175,116,0,0,426,426,1.0,0.0023501778858208543,600,"Then he feeds me twice a day, walks with me, and I'm not sure why but he collects my poop. It must be valueable."
4250,116,0,0,344,344,1.0,0.0029112112354972228,600,It looks like it worked! Everything came through except the fleas.
5656,116,0,0,636,636,1.0,0.0015735646097767896,600,Okay Siri... Where's the nearest fire hydrant?
2775,116,0,0,510,510,1.0,0.001962709482882136,600,Who's a good victim of abduction? Who is?
2268,116,0,0,27,27,1.0,0.03774256780481986,600,Great idea ! If we send Gork to Earth for a few days it'll save us doing all the anal probes.
3336,116,0,0,224,224,1.0,0.004474284127065661,600,He's definitely in charge. Have you see what the bags are for when he walks?
584,116,0,0,546,546,1.0,0.0018331813383485594,600,Teach us how you programmed them to follow you around and gather your waste.
5664,116,0,0,383,383,1.0,0.002614381318623124,600,"Actually, we wanted the one on the other end of the leash."
1115,116,0,0,269,269,1.0,0.0037244012435533507,600,Do you want to go for a ride?
3526,116,0,0,330,330,1.0,0.003034904859879441,600,First I'll earn their trust
43,116,0,0,523,523,1.0,0.0019138764743833303,600,Who wants to go for a spacewalk?
2342,116,0,0,103,103,1.0,0.009756213637973549,600,But you were JUST out.
5107,116,0,0,323,323,1.0,0.003100778920474471,600,Take us to your stable genius.
1010,116,0,0,584,584,1.0,0.001713796687467555,600,"Finally, we got a smart one."
2289,116,0,0,421,421,1.0,0.002378122965358751,600,"Houston, we have an adorable problem."
1637,116,0,0,537,537,1.0,0.0018639337078863265,600,"Well, let me guess this time. Did the humans eat your research data again?"
1971,116,0,0,291,291,1.0,0.003442345890592278,600,All these humans understand is “sit”.
794,116,0,0,49,49,1.0,0.020619652471058063,600,So I'm a talking dog. What's the big deal?
4472,116,0,0,434,434,1.0,0.0023068066093872444,600,Scanners say that this specimen's a very good boy
1406,116,0,0,103,103,1.0,0.009756213637973549,600,"Finally, a reason not to destroy Earth."
5125,116,0,0,92,92,1.0,0.010929124924699354,600,"Apparently, most earthlings prefer them to humans."
4883,116,0,0,166,166,1.0,0.006042323647727911,600,Fascinating that they could build a spacecraft only being able to say “woof’
5112,116,0,0,164,164,1.0,0.006116236550659085,600,"Most Cherished Species, please, tell us your secret."
5869,116,0,0,114,114,1.0,0.008810658179868874,600,It's a deal: a lifetime supply of chew toys in return for everything on your planet.
2813,116,0,0,65,65,1.0,0.015504341823651057,600,You were selected on the basis of loyalty.
3821,116,0,0,105,105,1.0,0.009569487529386909,600,I've a feeling I'm not in Kansas anymore.
3923,116,0,0,265,265,1.0,0.0037807250916207223,600,You asked for their most advanced species.
5794,116,0,0,428,428,1.0,0.002339182886483832,600,We have finally discovered intelligent life on planet Earth!
1902,116,0,0,101,101,1.0,0.00995037190209989,600,"So let me get this straight--your Leader also has orange fur on his head and growls quite a lot, but he's much dumber than you?"
1600,116,0,0,364,364,1.0,0.0027510342394036474,600,It followed me home. Can I keep him?
4016,116,0,0,145,145,1.0,0.006920456654478331,600,"I can't beam me up, and my name is NOT Scotty!"
487,116,0,0,396,396,1.0,0.0025284470268779435,600,The one thing worth saving.
4099,116,0,0,91,91,1.0,0.011049892402196598,600,"So, who’s your best friend now?"
2408,116,0,0,91,91,1.0,0.011049892402196598,600,"""What do you mean Pluto isn't a Planet?"
4216,116,0,0,106,106,1.0,0.00947877943928333,600,Greetings bitch.
3141,116,0,0,163,163,1.0,0.006153875284685681,600,He's much better looking than the average Earthling...smarter too!
1973,116,0,0,258,258,1.0,0.0038835024667850456,600,How did you train humans to collect your excrement?
340,116,0,0,405,405,1.0,0.00247218977494436,600,"I said 'Beam me up a Scottie,' not a mutt."
555,116,0,0,391,391,1.0,0.002560821561397049,600,"Pretend you are their best friend, but don't eat off the table."
1083,116,0,0,34,34,1.0,0.029854071701326604,600,This is clearly the highest life form on the planet. Each one has a human following it and picking up its feces.
1274,116,0,0,253,253,1.0,0.003960403804347979,600,"It barks in Klingon, but it understands Kubrick."
3734,116,0,0,400,400,1.0,0.0025031308716087944,600,It was their most advanced lifeform.
3451,116,0,0,63,63,1.0,0.01600051202457731,600,How do you get them to feed you and pick up your poop?
3051,116,0,0,104,104,1.0,0.009661948493603892,600,"He asked if we could beam him back down on January 20, 2021."
1477,116,0,0,343,343,1.0,0.002919711140404599,600,We're encountering something we didn't allow for - he wants to go out.
3662,116,0,0,62,62,1.0,0.016260700012185932,600,Who's ready for a space walk?
3391,116,0,0,82,82,1.0,0.012270169563871839,600,He's asking if we all came from the same litter.
1654,116,0,0,276,276,1.0,0.0036297700432031386,600,It will make earthlings much less anxious to see us.
2837,116,0,0,142,142,1.0,0.007067181930127675,600,This is historic. We're finally laying our eyes on a real live human.
2733,116,0,0,351,351,1.0,0.002853069950072753,600,"Sorry, I'm more of a cat alien."
4211,116,0,0,381,381,1.0,0.0026281231626243025,600,"We're in space, lets name him Rover!"
1718,116,0,0,407,407,1.0,0.0024600264611709414,600,"Now, according to their ""YouTube"" he starts playing piano."
4080,116,0,0,79,79,1.0,0.012739111916124871,600,The movement of the rear appendage appears to be a navigational device.
2613,116,0,0,148,148,1.0,0.006779699969660707,600,"From what we can tell, he's a good dog. A very good dog."
1712,116,0,0,403,403,1.0,0.0024844739666486054,600,"Well, he's a lot smarter than that two-legged one we got last time."
5989,116,0,0,155,155,1.0,0.006472525803786884,600,2018 Mars Rover marks new territory
1423,116,0,0,125,125,1.0,0.008032193289024988,600,Which end do we speak to?
3986,116,0,0,48,48,1.0,0.021053798026662972,600,"Sir, you requested a lab report from Earth."
119,116,0,0,383,383,1.0,0.002614381318623124,600,"Yes, but can you be an extraterrestrials best friend?"
4496,116,0,0,74,74,1.0,0.013605756997417963,600,It’s saying it wants to go out.
2350,116,0,0,166,166,1.0,0.006042323647727911,600,Let's name him after a star.
1301,116,0,0,165,165,1.0,0.006079055436800646,600,"He said, 'Find Dog Star."" "" You can't be serious."
2282,116,0,0,244,244,1.0,0.004106784838636516,600,It was either him or the clown with the orange hair.
1047,116,0,0,194,194,1.0,0.005167975909515774,600,It's so much more evolved than those humans.
396,116,0,0,187,187,1.0,0.0053619495646457585,600,"Unlike the leader of the free world, when he lifts his leg he doesn’t say a word."
4801,116,0,0,158,158,1.0,0.006349238343433311,600,What's with the nose?
664,116,0,0,240,240,1.0,0.004175374443493083,600,"I'm not sure what he is, but I do know he's a good boy."
1800,116,0,0,486,486,1.0,0.002059733327111291,600,Show us how you lick your own privates.
983,116,0,0,384,384,1.0,0.002607564145823952,600,They have trained humans to follow them and to pick up their waste. The humans so prize the waste that they put it in little bags and carry it with them to various offering sites.
4720,116,0,0,222,222,1.0,0.004514684188683611,600,"You can keep him, but I am not taking him for a space walk."
4573,116,0,0,45,45,1.0,0.022473328748774737,600,I guess this is a case of the dog catching the giant frisbee and not knowing what to do with it.
3936,116,0,0,219,219,1.0,0.0045766710216763274,600,"Whoa !! the captain's changed, but at least he's in a good mood."
2777,116,0,0,213,213,1.0,0.00470589537965922,600,"OKAY, do you have to go out?!"
4068,116,0,0,493,493,1.0,0.0020304578991772126,600,Hmmm...he appears to be much more intelligent than the two legged ones we've captured previously.
3579,116,0,0,83,83,1.0,0.012121434739137725,600,Who's a good earthling?! Who's a good earthling?!
1101,116,0,0,94,94,1.0,0.010695340092890231,600,"You said we needed more diversity, sir."
2286,116,0,0,226,226,1.0,0.0044346007015849285,600,"""He likes us! I think he really likes us!"
3092,116,0,0,112,112,1.0,0.00896870004167719,600,Tell Schrodinger we want a cat.
1198,116,0,0,215,215,1.0,0.004662017327724965,600,This was the only worthwhile souvenir.
3777,116,0,0,103,103,1.0,0.009756213637973549,600,They warm this up and put it in a bun?
2455,116,0,0,51,51,1.0,0.019802950859533486,600,Let's skip talking to their leader. It's easier to communicate with this guy.
4166,116,0,0,219,219,1.0,0.0045766710216763274,600,These humans are more affable than we have heard.
5409,116,0,0,96,96,1.0,0.010471347707292388,600,Just say you're from Norway.
2111,116,0,0,250,250,1.0,0.004008024080281012,600,They cut them off AND make you chase them?
1909,116,0,0,212,212,1.0,0.004728145600076584,600,You are the cutest creature in the entire universe.
1193,116,0,0,82,82,1.0,0.012270169563871839,600,Yes! I am the most intelligent species on the planet Earth.
4330,116,0,0,170,170,1.0,0.005899730683441311,600,Definitely a superior life form!
5577,116,0,0,182,182,1.0,0.005509662779839086,600,"So, the reigning class on Earth is four-legged and furry and has its two-legged servants in a tight grip."
4632,116,0,0,48,48,1.0,0.021053798026662972,600,See. Every planet has at least one worthwhile species.
3589,116,0,0,27,27,1.0,0.03774256780481986,600,We greet each other the same way!
3089,116,0,0,27,27,1.0,0.03774256780481986,600,"Clearly, we have beamed up a being from a far superior planet!"
2836,116,0,0,27,27,1.0,0.03774256780481986,600,"OK, now let's capture the second-most intelligent life-form on Earth."
849,116,0,0,342,342,1.0,0.002928260825295339,600,"Finally, we will see what precious substance Earthlings are so eager to pick up."
1795,116,0,0,160,160,1.0,0.006269623282193989,600,Don't tell me you forgot the tennis ball again.
3330,116,0,0,339,339,1.0,0.002954212971702187,600,Greetings agent Rover. Our plan is nearly complete. When Trump is re-elected in 2020 we predict you will be the dominant species by 2030.
2662,116,0,0,198,198,1.0,0.005063307365215441,600,He seems pleased about returning with us to the planet frisbee!
1080,116,0,0,99,99,1.0,0.010152415064552878,600,We've got a Woofer. Now all we need is a Tweeter!
1613,116,0,0,92,92,1.0,0.010929124924699354,600,Usually they aren't this happy to see us!
5226,116,0,0,431,431,1.0,0.0023228819383794078,600,"We assumed the two legged beings were the most advanced, but then we came across this."
4970,116,0,0,183,183,1.0,0.005479472619564278,600,"If you're asking for a ransom, can you request a few biscuits?"
4487,116,0,0,103,103,1.0,0.009756213637973549,600,"On the Internet, we couldn't tell he was a dog."
326,116,0,0,44,44,1.0,0.022990024493585143,600,"No, I'm a dog. We keep humans as pets."
4502,116,0,0,69,69,1.0,0.014598929061844594,600,He sounds more intelligent than the one we picked up last time with two legs.
6001,116,0,0,81,81,1.0,0.012422599874998832,600,Do you know who chewed up the transporter controller?
2117,116,0,0,242,242,1.0,0.0041407956243116086,600,Take me to your alpha!
5314,116,0,0,185,185,1.0,0.0054200741037597235,600,It already seems like my best friend.
936,116,0,0,195,195,1.0,0.005141405163241247,600,You guys saw I typed the letters G.O.D in our tracking system didn't you?
1943,116,0,0,419,419,1.0,0.0023894879658454904,600,This species is so advanced that it poops wherever it wants and gets another species to pick it up and hide it from sight.
3874,116,0,0,206,206,1.0,0.004866194452441242,600,"Well if this is the leader and the creature behind was carrying his excrement, there's no sense in trying to make contact with them."
1716,116,0,0,39,39,1.0,0.025976216673306556,600,Wag your tail if you're happy to be rescued from Trump's America.
2587,116,0,0,70,70,1.0,0.014388861576723854,600,"Apparently, God was reversed in a transporter malfunction."
2784,116,0,0,35,35,1.0,0.028988551782622423,600,"When I saw him, he was towing a slave on a rope. He made the slave pick up his poop and bring it home."""
2963,116,0,0,35,35,1.0,0.028988551782622423,600,He's acting as if he wants to go OUT!
2466,116,0,0,58,58,1.0,0.017391961901349125,600,Oodgay Ogday.
5586,116,0,0,47,47,1.0,0.021506619680967013,600,Would you like us to beam up your bipedal poop collector?
5042,116,0,0,47,47,1.0,0.021506619680967013,600,"I don't know if you'd call it intelligent life, but it's clearly the planetary ruler."
5715,116,0,0,72,72,1.0,0.013986355971611485,600,"Remember: when we send you back, tell the others it’s time for Phase 2."
4443,116,0,0,36,36,1.0,0.028171808490950554,600,"He said ""Beam me up, Scotty"", not ""Spotty""!"
1719,116,0,0,36,36,1.0,0.028171808490950554,600,Is this what they call a 'good boy'?
767,116,0,0,36,36,1.0,0.028171808490950554,600,We got the wrong cat
4508,116,0,0,25,25,1.0,0.040824829046386304,600,I'm pretty sure this is who they call God.
3939,116,0,0,25,25,1.0,0.040824829046386304,600,Hmmm . . . how about Rover?
2970,116,0,0,25,25,1.0,0.040824829046386304,600,"So this is what “Beam me up, Scotty” means?"
1006,116,0,0,25,25,1.0,0.040824829046386304,600,"We have ways of making you speak, earthman."
4724,116,0,0,39,39,1.0,0.025976216673306556,600,Notify Space Transporter Control that the Beagle has landed.
1475,116,0,0,39,39,1.0,0.025976216673306556,600,"Subject appears to be a good girl - but it's unclear what she means by ""Timmy fell down the well!"""
716,116,0,0,39,39,1.0,0.025976216673306556,600,"You're right, Earthlings have not evolved much. They're still on all fours."
4597,116,0,0,67,67,1.0,0.015038019057934237,600,We beam him down first to tell us whether they are an advanced species.
5894,116,0,0,28,28,1.0,0.036369648372665396,600,This is their leader. It pulls the rest of them around on tethers and has them do its bidding.
5039,116,0,0,28,28,1.0,0.036369648372665396,600,"""How did you teach them to obey you?'"
4745,116,0,0,42,42,1.0,0.024098134635593994,600,He just followed me home. Can we keep him?
3180,116,0,0,28,28,1.0,0.036369648372665396,600,"Perhaps you've heard this before, but Take me to your master."
3795,116,0,0,58,58,1.0,0.017391961901349125,600,Oy! Anyone have a plastic bag?
2089,116,0,0,28,28,1.0,0.036369648372665396,600,Man's best friend they say. Not much of a conversationalist.
4189,116,0,0,58,58,1.0,0.017391961901349125,600,He seems much more alert than the last subject who carried the communication device.
5024,116,0,0,69,69,1.0,0.014598929061844594,600,The earthlings obey their every command - we must learn his language!
1056,116,0,0,44,44,1.0,0.022990024493585143,600,You can keep him but he sleeps outside.
982,116,0,0,22,22,1.0,0.046524210519923545,600,Our first intelligent being from outer space!
833,116,0,0,22,22,1.0,0.046524210519923545,600,"No, it’s your turn to take the dog out for a walk."
825,116,0,0,22,22,1.0,0.046524210519923545,600,"He said, ""Beam me up a Scottie,"" right?"
765,116,0,0,22,22,1.0,0.046524210519923545,600,"Well, at least HE understands 'sit'...more than I can say for the orange-haired thing we had up here before..."
764,116,0,0,22,22,1.0,0.046524210519923545,600,This is our galaxy’s take on ‘Three Men and a Baby.’
731,116,0,0,22,22,1.0,0.046524210519923545,600,I said bring me their GOD not their DOG.
698,116,0,0,22,22,1.0,0.046524210519923545,600,We've finally proved that dog exists!
550,116,0,0,22,22,1.0,0.046524210519923545,600,Didn't he just go outside?
382,116,0,0,22,22,1.0,0.046524210519923545,600,"careful men , his rear antenna is scanning the ship"
367,116,0,0,22,22,1.0,0.046524210519923545,600,"We know your great-grandmother, Laika!"
322,116,0,0,22,22,1.0,0.046524210519923545,600,I think our leader will be please. We found the best thing Earth has to offer.
290,116,0,0,22,22,1.0,0.046524210519923545,600,Earth has done it! The perfect species.
223,116,0,0,22,22,1.0,0.046524210519923545,600,"If you can make them follow you around and pick up your feces, we'll make you captain."
214,116,0,0,22,22,1.0,0.046524210519923545,600,"I think he said, ‘Take me to the nearest no-kill animal shelter.’"
133,116,0,0,22,22,1.0,0.046524210519923545,600,"Greetings! We pondered which was the dominant race of Earthlings, until we saw the humans picking up your excrement."
74,116,0,0,22,22,1.0,0.046524210519923545,600,"What's that, boy? You say the Captain is stuck in a black hole and needs our help?"
46,116,0,0,22,22,1.0,0.046524210519923545,600,He must be very important. His servants preserve his waste in plastic baggies.
2,116,0,0,22,22,1.0,0.046524210519923545,600,It's just separation anxiety.
4810,116,0,0,58,58,1.0,0.017391961901349125,600,"Great intell, Buddy. Keep up the act."
1134,116,0,0,22,22,1.0,0.046524210519923545,600,He's 28 in light years.
2053,116,0,0,42,42,1.0,0.024098134635593994,600,And remember: you're the good boy.
4252,116,0,0,59,59,1.0,0.017094641498783945,600,"Can we keep him? Please, please, please!"
1754,116,0,0,37,37,1.0,0.02739983121755955,600,"Based on our experiments, we've concluded that he is - in fact - a Good Boy."
411,116,0,0,77,77,1.0,0.013072174640400053,600,Sit!
3438,116,0,0,40,40,1.0,0.025318484177091666,600,You think daddy'll let us keep him?
1248,116,0,0,40,40,1.0,0.025318484177091666,600,Scotty?
1176,116,0,0,80,80,1.0,0.01257886513566569,600,Is the rumor true that on earth your master has to pick it up?
459,116,0,0,40,40,1.0,0.025318484177091666,600,Wait til your mother finds out!
416,116,0,0,40,40,1.0,0.025318484177091666,600,It wasn't me! He must have done it.
5430,116,0,0,43,43,1.0,0.023531040266750583,600,"Please tell us, what is jazz?"
3254,116,0,0,43,43,1.0,0.023531040266750583,600,I told you to beam me up a Scottie
1003,116,0,0,66,66,1.0,0.015267620413811482,600,I thought he said 'beam me up a scottie.'
5973,116,0,0,23,23,1.0,0.044455422447438706,600,Humans even pick up their excrement for them. Who did you think was in charge?
5854,116,0,0,23,23,1.0,0.044455422447438706,600,If we collectively fulfill the requirements necessary to sustain this organism maybe our progenitors will let us keep him
5642,116,0,0,23,23,1.0,0.044455422447438706,600,"It was the first to respond when we said, “Speak.”"
5626,116,0,0,23,23,1.0,0.044455422447438706,600,"Whenever you and the others need to communicate, signal us by lifting your legs."
5006,116,0,0,23,23,1.0,0.044455422447438706,600,"I told you if we kept looking, we'd eventually find intelligent life down there."
4715,116,0,0,69,69,1.0,0.014598929061844594,600,He was chasing what he thought was a Frisbee.
4579,116,0,0,23,23,1.0,0.044455422447438706,600,"Well, he is Norwegian."
4328,116,0,0,23,23,1.0,0.044455422447438706,600,"As ordered, we have replicated the Earth animals and infiltrated throughout the developed countries. Everything should go smoothly when you land, but don't say, ""Squirrel."""
3668,116,0,0,23,23,1.0,0.044455422447438706,600,Cancel the planetary destruction array! Earth still has some good boys left!
5676,116,0,0,37,37,1.0,0.02739983121755955,600,This is an alien. We really need to re-evaluate things.
1419,116,0,0,28,28,1.0,0.036369648372665396,600,I think we grabbed the wrong one
1280,116,0,0,54,54,1.0,0.018692405136401476,600,If only she had not insisted on chewing everything.
532,116,0,0,34,34,1.0,0.029854071701326604,600,"He wants to go where no mans-best-friend, has gone before!"
583,116,0,0,59,59,1.0,0.017094641498783945,600,He seems to be some type of medical entity--perhaps a proctologist.
3938,116,0,0,45,45,1.0,0.022473328748774737,600,He seems perfectly happy to probe himself.
3573,116,0,0,45,45,1.0,0.022473328748774737,600,Their religion seems to involve a small green ball which they instruct their servants to throw.
2259,116,0,0,45,45,1.0,0.022473328748774737,600,What do you mean you need to go out for a walk?
5095,116,0,0,31,31,1.0,0.032791291789197645,600,"according to the universal translator ...he is called , GOD"
4989,116,0,0,31,31,1.0,0.032791291789197645,600,He claims to be their best friend.
3425,116,0,0,31,31,1.0,0.032791291789197645,600,"Our home is one million light years from your planet. Oops, make that seven million."
2876,116,0,0,31,31,1.0,0.032791291789197645,600,"No, it's your turn to go walk him."
1091,116,0,0,31,31,1.0,0.032791291789197645,600,Take us to your Alpha dog.
674,116,0,0,31,31,1.0,0.032791291789197645,600,"Judging by all those electronic transmissions, I didn't expect them to be so smart!"
264,116,0,0,31,31,1.0,0.032791291789197645,600,I think he wants to know if we can un-fix him.
2154,116,0,0,65,65,1.0,0.015504341823651057,600,I hope he's UFO broken.
615,116,0,0,65,65,1.0,0.015504341823651057,600,"Its an Earthling called ""K-9"" but is very fond of Uranus."
5980,116,0,0,51,51,1.0,0.019802950859533486,600,I thought they'd look more like us.
5284,116,0,0,68,68,1.0,0.014815221273648994,600,"I tell our navigator to find the Dog Star, and THIS is what he finds?"
1995,116,0,0,85,85,1.0,0.011834526708278772,600,These beings have already enslaved the Earth creatures.
1668,116,0,0,51,51,1.0,0.019802950859533486,600,Behold! Earth's most intelligent lifeform.
1305,116,0,0,34,34,1.0,0.029854071701326604,600,He's trying to sniff Uranus.
623,116,0,0,51,51,1.0,0.019802950859533486,600,"We have been directed by the Intergalactic Space Council to acquire an intelligent specimen from each planet of this galaxy. For Earth, it came down to you or a species we classified as Homo trump-erectus ignoramis."
111,116,0,0,68,68,1.0,0.014815221273648994,600,Kibbles? Tell us more.
1184,116,0,0,22,22,1.0,0.046524210519923545,600,"This is their leader, the one they feed, pamper, and clean up after."
1256,116,0,0,22,22,1.0,0.046524210519923545,600,The owner said drop him off any time between 10 and 4 at 73rd and Lex. Ring twice if no one answers.
1347,116,0,0,22,22,1.0,0.046524210519923545,600,Should we call you Sovereign Rex or Mister Rex and is that flexible extension an antennae?
4402,116,0,0,22,22,1.0,0.046524210519923545,600,"Finally, we can prove the existence of Dog!"
4358,116,0,0,22,22,1.0,0.046524210519923545,600,Gork ploo jwab dak.
4331,116,0,0,22,22,1.0,0.046524210519923545,600,"I said , 'Beam me up a Scottie,' not 'Beam me up a hounddog.'"
4299,116,0,0,22,22,1.0,0.046524210519923545,600,I told you to beam me up a Scottie
4285,116,0,0,22,22,1.0,0.046524210519923545,600,Great snaggle. Now get off the frisbee.
4253,116,0,0,22,22,1.0,0.046524210519923545,600,"If you're going to probe me, make it fast."
4112,116,0,0,22,22,1.0,0.046524210519923545,600,His name is Rex. He thinks about sex a lot!
4017,116,0,0,22,22,1.0,0.046524210519923545,600,This was the most advanced life form we found down there.
4009,116,0,0,22,22,1.0,0.046524210519923545,600,"I don’t know much about art, but I know what I like."
3920,116,0,0,22,22,1.0,0.046524210519923545,600,"Did I hear you say......""Specimen"" !!! You want a specimen.....I'll give you a specimen!"
3879,116,0,0,44,44,1.0,0.022990024493585143,600,I find the areas they lick themselves intriguing.
3814,116,0,0,22,22,1.0,0.046524210519923545,600,TAKE ME TO YOUR LITTER.
3762,116,0,0,22,22,1.0,0.046524210519923545,600,"If this is in fact their leader, he seems far more intelligent and friendly than intercepted transmissions might suggest."
3747,116,0,0,22,22,1.0,0.046524210519923545,600,I don't think that our facilities will be able to accommodate him
3745,116,0,0,22,22,1.0,0.046524210519923545,600,Who's going to tell him Pluto's no longer a planet?
3692,116,0,0,22,22,1.0,0.046524210519923545,600,I say we blame him.
3657,116,0,0,22,22,1.0,0.046524210519923545,600,I was sure after all this time that they would at least have become bipedal and developed speech beyond a woof!
3609,116,0,0,22,22,1.0,0.046524210519923545,600,Borx! Quashnard! Lerkvid! ................................... .........Biklit! .................Libcuf! .........Arfgum! .......................
3567,116,0,0,22,22,1.0,0.046524210519923545,600,"Be careful. If you get too close to him, he'll wrap himself around your leg!"
4422,116,0,0,22,22,1.0,0.046524210519923545,600,Do you think he is from Norway or one of those SHITHOLE countries?
3535,116,0,0,22,22,1.0,0.046524210519923545,600,"From what I understand, I think we've beamed up their president."
4534,116,0,0,22,22,1.0,0.046524210519923545,600,Take us to your Labrador!
4685,116,0,0,22,22,1.0,0.046524210519923545,600,Oh this little guy? He’s a rescue.
4903,116,0,0,63,63,1.0,0.01600051202457731,600,"Sure, we can keep him, but if he sheds I'm throwing him out the airlock."
422,116,0,0,63,63,1.0,0.01600051202457731,600,Aw! He must have followed me here!
5958,116,0,0,22,22,1.0,0.046524210519923545,600,I just want to ride with you guys
5932,116,0,0,22,22,1.0,0.046524210519923545,600,"Thanks, teleporter - now beam up a Scottie."
5853,116,0,0,22,22,1.0,0.046524210519923545,600,"Galactic Finance Committee: ""I didn't say a moochin earthling , I said an earthling named Mnuchin."""
5827,116,0,0,22,22,1.0,0.046524210519923545,600,Not nearly as lifelike as Aibo...
5696,116,0,0,22,22,1.0,0.046524210519923545,600,What's that girl? Pfxxwqq#y is stuck in a well?
5593,116,0,0,22,22,1.0,0.046524210519923545,600,"""All I said was 'here' and 'boy'""."
5335,116,0,0,22,22,1.0,0.046524210519923545,600,"What do you mean: ""Dog does not play dice with the universe?"""
5304,116,0,0,22,22,1.0,0.046524210519923545,600,"So ""dog"" is not a scrambled spelling"
5238,116,0,0,22,22,1.0,0.046524210519923545,600,Do you think this one is saucer trained?
5096,116,0,0,22,22,1.0,0.046524210519923545,600,Is he pooping?!? I haven't had a face full of feces since I decided to quit my gastroenterology residency.
5093,116,0,0,22,22,1.0,0.046524210519923545,600,Whooooo’s a good little specimen?
5038,116,0,0,22,22,1.0,0.046524210519923545,600,"I hear they don't call him ""Sparky"" for nothing..."
5016,116,0,0,88,88,1.0,0.011428758022062361,600,Canada was full.
4987,116,0,0,22,22,1.0,0.046524210519923545,600,Interpreter scan says It wants to go for a walk
4956,116,0,0,22,22,1.0,0.046524210519923545,600,"""Oh...you're in big trouble, mommy said no dogs'."
4941,116,0,0,22,22,1.0,0.046524210519923545,600,I think he wants a space walk.
4846,116,0,0,22,22,1.0,0.046524210519923545,600,This isn't Scotty: this is Old Yeller.
4605,116,0,0,22,22,1.0,0.046524210519923545,600,We did it! We captured a human!
3515,116,0,0,22,22,1.0,0.046524210519923545,600,He started chasing us from earth.
3444,116,0,0,22,22,1.0,0.046524210519923545,600,Not again.
3410,116,0,0,22,22,1.0,0.046524210519923545,600,"I know I am orange,but I am not the President!"
2193,116,0,0,22,22,1.0,0.046524210519923545,600,"No, it's YOUR turn to take her for a walk."
2181,116,0,0,22,22,1.0,0.046524210519923545,600,It must be the president. It was the only intelligent life form in the White House.
2043,116,0,0,22,22,1.0,0.046524210519923545,600,"OK Texador, I'm very pleased that you finally tricked it into getting beamed-up. But now that it's here, how shall we dispose of it's um . . ."
2028,116,0,0,22,22,1.0,0.046524210519923545,600,Now let's see if we can teach him to scoot across the carpet.
2004,116,0,0,22,22,1.0,0.046524210519923545,600,"OK, maybe you did find the best smelling thing on earth."
1955,116,0,0,22,22,1.0,0.046524210519923545,600,"There are no cats to chase, but you can fly and run for political office."
1772,116,0,0,22,22,1.0,0.046524210519923545,600,We come in peace. Each one of our species is a good boy. A good boy!
1739,116,0,0,22,22,1.0,0.046524210519923545,600,No need to take us to his leader. He's much smarter than him anyway.
1733,116,0,0,33,33,1.0,0.030772872744833184,600,The last one we abducted we advised to bark less and wag more. They seem to have taken our advice.
1717,116,0,0,22,22,1.0,0.046524210519923545,600,"Bad dog!! For the last time, that is not a wee-wee pad!"
1700,116,0,0,22,22,1.0,0.046524210519923545,600,I am the leader.Earth has gone to the dogs.
1662,116,0,0,22,22,1.0,0.046524210519923545,600,These earthlings are more advanced than we had heard. They send the two-legged creatures out to bring them food and shelter them.
1592,116,0,0,22,22,1.0,0.046524210519923545,600,What do you mean you have to go out to pee?
1579,116,0,0,22,22,1.0,0.046524210519923545,600,Subject is much cuter than anticipated.
1572,116,0,0,22,22,1.0,0.046524210519923545,600,What does he mean by Take Me To Your Leasher?
1515,116,0,0,55,55,1.0,0.018349396085439344,600,I'm here to play the ultimate game of fetch.
1418,116,0,0,22,22,1.0,0.046524210519923545,600,I didn't take the inferior specimen this one was pulling by a rope.
1386,116,0,0,22,22,1.0,0.046524210519923545,600,He's an earth rescue.
1355,116,0,0,22,22,1.0,0.046524210519923545,600,Please tell us more about your servants--the earthlings who follow behind you and clean up after you.
2258,116,0,0,22,22,1.0,0.046524210519923545,600,Go find Lassie.
2296,116,0,0,22,22,1.0,0.046524210519923545,600,No - we can't send you to Pluto anymore!
2326,116,0,0,22,22,1.0,0.046524210519923545,600,SAYS HIS NAME IS SIRIUS AND HE LIVES IN CANIS MAJOR!
2414,116,0,0,22,22,1.0,0.046524210519923545,600,"So, this is the best friend?"
3294,116,0,0,22,22,1.0,0.046524210519923545,600,He invented us as well.
3285,116,0,0,22,22,1.0,0.046524210519923545,600,They're much more intelligent than we realized.
3118,116,0,0,22,22,1.0,0.046524210519923545,600,I feel loved for the first time.
3050,116,0,0,22,22,1.0,0.046524210519923545,600,"Uh oh, I left the pooper scooper on Earth."
3026,116,0,0,22,22,1.0,0.046524210519923545,600,"Dog: ""No you take me to YOUR leader."""
3024,116,0,0,22,22,1.0,0.046524210519923545,600,"For the last time, it's Scotty not Scooter!"
3017,116,0,0,22,22,1.0,0.046524210519923545,600,So far the universal translator has proved no help.
2961,116,0,0,22,22,1.0,0.046524210519923545,600,Take me to your lead.
2914,116,0,0,55,55,1.0,0.018349396085439344,600,Our data is correct! Their women are dogs.
3571,116,0,0,23,23,1.0,0.044455422447438706,600,"You're not quite what we expected, Scotty."
2885,116,0,0,22,22,1.0,0.046524210519923545,600,"I'm translating, but I believe he's saying ""rub my belly."""
2776,116,0,0,22,22,1.0,0.046524210519923545,600,Hhoosaaguudboye. Hhooooosaaguuuuudboye?
2758,116,0,0,22,22,1.0,0.046524210519923545,600,Here we have the only thing Donald Trump hasn't insulted on planet Earth
2730,116,0,0,22,22,1.0,0.046524210519923545,600,Who's a good alternative life form?
2657,116,0,0,22,22,1.0,0.046524210519923545,600,I’m so glad we can finally bring our dogs to work.
2600,116,0,0,22,22,1.0,0.046524210519923545,600,"We have received limited information from the rectal probes. When you encounter them, what have you learned from crotch sniffing?"
2530,116,0,0,22,22,1.0,0.046524210519923545,600,"Clearly the superior species--humans follow them everywhere, cater to their every whim, and even pick up their poop."
2453,116,0,0,22,22,1.0,0.046524210519923545,600,He followed me home from Jupiter.
2448,116,0,0,22,22,1.0,0.046524210519923545,600,"No, sir, I don't believe that is a Scottie."
2435,116,0,0,22,22,1.0,0.046524210519923545,600,How do you train you slaves so well?
2884,116,0,0,22,22,1.0,0.046524210519923545,600,I was hoping you guys could use this thing to help me find my ball
5066,116,0,0,63,63,1.0,0.01600051202457731,600,He says his name is 'Leave It'.
2908,116,0,0,23,23,1.0,0.044455422447438706,600,So.... do you have a doggy door?
2349,116,0,0,23,23,1.0,0.044455422447438706,600,I've heard their barks are worse than their bites!
2728,116,0,0,53,53,1.0,0.019048482943986485,600,"You’re right, it does look like a dog, except its forehead is too small and it’s not wearing a jumpsuit. I mean, come on, why would anyone ever not want to be wearing a jumpsuit? Stupid tiny heads..."
2748,116,0,0,56,56,1.0,0.01801874925391118,600,I tried to explain that he is 'out' .
2434,116,0,0,62,62,1.0,0.016260700012185932,600,I wonder how often we have to wind it.
1735,116,0,0,62,62,1.0,0.016260700012185932,600,"He only knows ""Sit"""
4659,116,0,0,68,68,1.0,0.014815221273648994,600,"The human was rather nasty, but Tucker's a good boy."
5758,116,0,0,21,21,1.0,0.048795003647426664,600,"Curiously, this specimen shows much greater intelligence than the stable genius."
5305,116,0,0,39,39,1.0,0.025976216673306556,600,How would you like to leave that shithole and come live with us on our planet?
5278,116,0,0,45,45,1.0,0.022473328748774737,600,"Children of earth, it's time you learned the truth about dogs."
5262,116,0,0,72,72,1.0,0.013986355971611485,600,"Hey, can we visit ol’ Uncle Pluto while we’re up here?"
5230,116,0,0,42,42,1.0,0.024098134635593994,600,"I know he can sit, but can he use the vacu eliminator?"
5218,116,0,0,27,27,1.0,0.03774256780481986,600,I say we make him our best friend.
5189,116,0,0,30,30,1.0,0.03390317518104052,600,And who are their other best friends?
5179,116,0,0,27,27,1.0,0.03774256780481986,600,"No, no, no...the correct phrase is ""beam me up a Scotty"""
5108,116,0,0,24,24,1.0,0.04256282653793743,600,This is their best friend?
4917,116,0,0,30,30,1.0,0.03390317518104052,600,"It took a while, but we finally figured out who's in charge down there."
4821,116,0,0,27,27,1.0,0.03774256780481986,600,"Siriusly Mr. Scott, you do not have to obey every telepathic command that comes through."
4795,116,0,0,102,102,1.0,0.009852336290568345,600,I suppose you can just teleport him into someone's backyard if you run out of poop bags.
4779,116,0,0,24,24,1.0,0.04256282653793743,600,It seems to have a peculiar interest in our legs
4758,116,0,0,24,24,1.0,0.04256282653793743,600,Didn't you hear the captain? He specifically requested a Scottie.
544,116,0,0,47,47,1.0,0.021506619680967013,600,Earthlings...Millions of years of evolution and they still greet each other like THAT?
4726,116,0,0,21,21,1.0,0.048795003647426664,600,Who's a good boy? You's a good boy!
1149,116,0,0,47,47,1.0,0.021506619680967013,600,"Explain again. If humans are the dominant species, how do you trick them into bringing you food, driving you around and picking up your poop?"
3272,116,0,0,47,47,1.0,0.021506619680967013,600,Weren't we trying to get a sample of one of their trees?
4593,116,0,0,61,61,1.0,0.016529490122682157,600,"It's a Postmodern rhythm pattern--a little bit pastiche, a little bit kitsch."
2542,116,0,0,61,61,1.0,0.016529490122682157,600,I sure hope he's housebroken!
4329,116,0,0,32,32,1.0,0.031750031750047626,600,"I'm a mutt, not a Scotty"
3156,116,0,0,32,32,1.0,0.031750031750047626,600,"Those slow witted creatures you pull on a leash, are they your pets?"
5914,116,0,0,35,35,1.0,0.028988551782622423,600,Do you think he could be our best friend?
5838,116,0,0,35,35,1.0,0.028988551782622423,600,Please excuse our imperfect command of your language.
5392,116,0,0,35,35,1.0,0.028988551782622423,600,He thinks he's somewhere over the rainbow.
5354,116,0,0,35,35,1.0,0.028988551782622423,600,"Good evening, sir. Is your pee-pad satisfactory?"
2930,116,0,0,35,35,1.0,0.028988551782622423,600,"If you want to know man, start with his best friend."
1425,116,0,0,35,35,1.0,0.028988551782622423,600,I wonder if he knows the Jetsons' dog Astro.
1073,116,0,0,35,35,1.0,0.028988551782622423,600,Maybe mom will let us keep him.
552,116,0,0,35,35,1.0,0.028988551782622423,600,"Says he's from Sirius, traveled 7 dog light-years, and boy could I use a treat and nap!"
1634,116,0,0,79,79,1.0,0.012739111916124871,600,The humans have defeated us. How can we destroy a planet that has these?
1474,116,0,0,79,79,1.0,0.012739111916124871,600,He has tremendous communication skills and the tongue is in the back.
2424,116,0,0,41,41,1.0,0.02469323991623974,600,You must be Rover.
4807,116,0,0,44,44,1.0,0.022990024493585143,600,"Look, it's Obi Wag Kenobi!"
1457,116,0,0,44,44,1.0,0.022990024493585143,600,i don't think teleportation was what Neil meant when he asked us to walk Fido
788,116,0,0,44,44,1.0,0.022990024493585143,600,I barked: You three sit! I meant NOW!
5605,116,0,0,47,47,1.0,0.021506619680967013,600,"Who beamed you up, Scotty?"
1243,116,0,0,47,47,1.0,0.021506619680967013,600,"Elroy, is that you?"
4624,116,0,0,61,61,1.0,0.016529490122682157,600,Hello earth man. We revived your transmissions and want to welcome your kind to the galactic federation.
4687,116,0,0,21,21,1.0,0.048795003647426664,600,"Yes, we want to fully conquer them, but explain the part about the plastic bags again..."
4669,116,0,0,30,30,1.0,0.03390317518104052,600,"Well, at least we were able to save their kindest species before they blew themselves up."
2519,116,0,0,21,21,1.0,0.048795003647426664,600,"What was an Australian Labradoodle doing in Roswell, New Mexico?"
2511,116,0,0,36,36,1.0,0.028171808490950554,600,Exactly how long have you been best friends??
2500,116,0,0,24,24,1.0,0.04256282653793743,600,Looks more like a Lab than a Scottie. Who beamed him up?
2490,116,0,0,21,21,1.0,0.048795003647426664,600,That doggone IT guy is a genius!
2364,116,0,0,27,27,1.0,0.03774256780481986,600,"Sir, I believe the activation command is 'Downward Dog.'"
2167,116,0,0,24,24,1.0,0.04256282653793743,600,I thought you said they did tricks.
2138,116,0,0,42,42,1.0,0.024098134635593994,600,"The humans call him man's best friend; therefore, he can be useful."
2015,116,0,0,21,21,1.0,0.048795003647426664,600,This is the most intelligent life form on Earth?
1961,116,0,0,69,69,1.0,0.014598929061844594,600,Take me to your leasher.
1815,116,0,0,39,39,1.0,0.025976216673306556,600,Whose turn is it to take him for a walk?
1786,116,0,0,30,30,1.0,0.03390317518104052,600,"Finally, after decades of trying, we've beamed up intelligent life."
1714,116,0,0,39,39,1.0,0.025976216673306556,600,But is he OUR best friend?
1640,116,0,0,27,27,1.0,0.03774256780481986,600,I told you ordering a hot dog using the drive through was a bad idea.
1525,116,0,0,36,36,1.0,0.028171808490950554,600,"Do you want to go for a nice ride, do you, huh, do you?"
1308,116,0,0,27,27,1.0,0.03774256780481986,600,"Finally, some hope for intelligent life on this little planet."
1154,116,0,0,30,30,1.0,0.03390317518104052,600,It's all fun and games until someone ends up in a cone.
1153,116,0,0,21,21,1.0,0.048795003647426664,600,"In space, no one can hear you bark."
1147,116,0,0,24,24,1.0,0.04256282653793743,600,We captured one of the masters that the other species serve!
1084,116,0,0,21,21,1.0,0.048795003647426664,600,Yes...just what we needed - he's this year's Frisbee Champion!
2601,116,0,0,30,30,1.0,0.03390317518104052,600,"What's that boy? Your planet's been taken over by a big, dumb, orange idiot?"
4681,116,0,0,24,24,1.0,0.04256282653793743,600,"Tell me, how did you teach the humanoids to take care of all your needs?"
2726,116,0,0,30,30,1.0,0.03390317518104052,600,"This creature makes that happy, thumping sound every time I tell him we’re from Yurakaboy."
2821,116,0,0,30,30,1.0,0.03390317518104052,600,It’s about time Mars got a new Rover.
4576,116,0,0,30,30,1.0,0.03390317518104052,600,"We understand that, ""you're such a gooood boy!"""
4553,116,0,0,27,27,1.0,0.03774256780481986,600,Maybe woof means hello.
4463,116,0,0,24,24,1.0,0.04256282653793743,600,How quaint a domesticated wolf.
4354,116,0,0,30,30,1.0,0.03390317518104052,600,Who’s a good alien? Who’s a good alien?
4236,116,0,0,27,27,1.0,0.03774256780481986,600,Stand back. Is that a weapon winding up?
4193,116,0,0,27,27,1.0,0.03774256780481986,600,Does abduction count as a rescue?
4135,116,0,0,27,27,1.0,0.03774256780481986,600,"He got ""sit"", let's try ""down""."
3850,116,0,0,39,39,1.0,0.025976216673306556,600,"He seems to respond to petting, much like his President."
3647,116,0,0,21,21,1.0,0.048795003647426664,600,"I said DAWG, not DOG."
3560,116,0,0,24,24,1.0,0.04256282653793743,600,Lassie's come home!
3464,116,0,0,21,21,1.0,0.048795003647426664,600,"He's asking? ""Why not the cat""?"
3398,116,0,0,27,27,1.0,0.03774256780481986,600,Somebody has to walk him.
3386,116,0,0,45,45,1.0,0.022473328748774737,600,Friendliest creature ever found in the universe...
3365,116,0,0,42,42,1.0,0.024098134635593994,600,"Yes, the scan shows this creature is the most intelligent being on planet Earth."
3040,116,0,0,21,21,1.0,0.048795003647426664,600,Who's bitch is this?
3000,116,0,0,30,30,1.0,0.03390317518104052,600,"Calm and friendly, clearly a superior species to that screaming and kicking biped we beamed up last week."
2976,116,0,0,69,69,1.0,0.014598929061844594,600,I thought we agreed on a dolphin.
2941,116,0,0,21,21,1.0,0.048795003647426664,600,"Captain Zorb, how far to the next rest area?"
2832,116,0,0,21,21,1.0,0.048795003647426664,600,"I read its mind: He needs to go for a walk, and he said not to forget the poop bag."
2819,116,0,0,30,30,1.0,0.03390317518104052,600,Remember our old friend R-2? Meet K-9.
5801,116,0,0,61,61,1.0,0.016529490122682157,600,Whose turn is it to take him for a walk?
1128,116,0,0,29,29,1.0,0.03509312031717982,600,"Just like earthlings. Instead of handling their own business, they send a friend!"
2216,116,0,0,58,58,1.0,0.017391961901349125,600,You mean he's not the leader?!! He was the smartest one at their White House!
5048,116,0,0,26,26,1.0,0.03922322702763681,600,Then why do they pick up his poop?
4983,116,0,0,26,26,1.0,0.03922322702763681,600,"If I'm understanding correctly, he's asking to sniff our butts."
4906,116,0,0,26,26,1.0,0.03922322702763681,600,Your mission: Go forth and retrieve.
4898,116,0,0,26,26,1.0,0.03922322702763681,600,"What I said was ""Beam me up a Scottie."""
4891,116,0,0,26,26,1.0,0.03922322702763681,600,The humans wait upon these creatures... Let us learn it's secrets.
4774,116,0,0,26,26,1.0,0.03922322702763681,600,"And they clean up your poop, you say?"
4744,116,0,0,26,26,1.0,0.03922322702763681,600,I knew he'd always phone home
4527,116,0,0,26,26,1.0,0.03922322702763681,600,So THAT's how you enslaved an entire species to clean up your poop!
4401,116,0,0,26,26,1.0,0.03922322702763681,600,"Yes, we have these humans completely conquered. They feed us upon command. They even follow us around, cleaning up after us."
4352,116,0,0,26,26,1.0,0.03922322702763681,600,Give it a spin and see if he stays on.
4180,116,0,0,26,26,1.0,0.03922322702763681,600,We still haven't figured out why he's sniffing our probe
4164,116,0,0,26,26,1.0,0.03922322702763681,600,Are you a visitor from the constellation Canis Majoris?
4133,116,0,0,26,26,1.0,0.03922322702763681,600,"This Earth creature was being followed by its subsidiary species that cleans up after them. However, I figured I was mistaken when I thought the dominant species only had two legs."
4106,116,0,0,26,26,1.0,0.03922322702763681,600,"I said ""Want to go By By?"" and he's the only one who came."
4090,116,0,0,26,26,1.0,0.03922322702763681,600,WOW ! Its actually K-9
3961,116,0,0,26,26,1.0,0.03922322702763681,600,But you're my favorite Martian
3958,116,0,0,26,26,1.0,0.03922322702763681,600,After examining their language we think it's their god.
3910,116,0,0,26,26,1.0,0.03922322702763681,600,We should've taken the one picking up the poop.
3865,116,0,0,26,26,1.0,0.03922322702763681,600,We landed on a big white house. He was the only intelligent life I could find.
5128,116,0,0,26,26,1.0,0.03922322702763681,600,Wanna go walkies?
3860,116,0,0,26,26,1.0,0.03922322702763681,600,"Now Mork, just remember, if in doubt , wag your tail."
5177,116,0,0,26,26,1.0,0.03922322702763681,600,Did he eat our lunch !
5253,116,0,0,26,26,1.0,0.03922322702763681,600,I thought humans would at least be house-trained?
1972,116,0,0,23,23,1.0,0.044455422447438706,600,I was hoping to beam up a Scottie.
1346,116,0,0,23,23,1.0,0.044455422447438706,600,"OK. Now that I brought you up here, do you want to throw a ball?"
966,116,0,0,23,23,1.0,0.044455422447438706,600,"They called him a leader dog, so we took him."
569,116,0,0,23,23,1.0,0.044455422447438706,600,He is a member of the superior race catered to by Humans.
319,116,0,0,23,23,1.0,0.044455422447438706,600,.....and they think WE'RE the aliens!
218,116,0,0,23,23,1.0,0.044455422447438706,600,Intelligent life at last!
204,116,0,0,23,23,1.0,0.044455422447438706,600,Hey Chewie. Who's a good wookiee? Who's a good wookiee? You are!!!
92,116,0,0,23,23,1.0,0.044455422447438706,600,"Astro, do you want to go out for a space walk??"
62,116,0,0,23,23,1.0,0.044455422447438706,600,We have much to learn from this creature about mastering Earth's humankind.
4546,116,0,0,72,72,1.0,0.013986355971611485,600,"Although he's colored, he's wagging his tail like a Norwegian."
3297,116,0,0,49,49,1.0,0.020619652471058063,600,We wanted a Tweeter. Not a Woofer.
1774,116,0,0,49,49,1.0,0.020619652471058063,600,"From the looks of it, this appears to be the Master."
1327,116,0,0,49,49,1.0,0.020619652471058063,600,I have this overwhelming urge to put his doodie in a bag....
5975,116,0,0,26,26,1.0,0.03922322702763681,600,Take me to your leader of the pack.
5867,116,0,0,26,26,1.0,0.03922322702763681,600,"I am really shocked, for I always assumed that when we finally made contact we would find them to be bipedal!"
5813,116,0,0,26,26,1.0,0.03922322702763681,600,This one is a lot more friendly than that two-legged one.
5760,116,0,0,26,26,1.0,0.03922322702763681,600,"When I said beam up rover, I meant the Mars rover."
5709,116,0,0,26,26,1.0,0.03922322702763681,600,"I'm afraid you're on your own now, boy. William Shatner is too heavy to be beamed down."
5516,116,0,0,26,26,1.0,0.03922322702763681,600,I told you to order a hot dog.
5209,116,0,0,26,26,1.0,0.03922322702763681,600,"What does that mean: ""Xanu's stuck in the well""?"
3836,116,0,0,26,26,1.0,0.03922322702763681,600,"Well, we know he leads them around and they clean up after him."
3638,116,0,0,26,26,1.0,0.03922322702763681,600,I think he’s got to go out. Do we have any poop bags?
3555,116,0,0,26,26,1.0,0.03922322702763681,600,"What did he say? That there is no longer evidence of an evolved species on earth? Their orange pumpkin headed leader doesn't believe in anything science based, and we should just hold off the invasion as they will destroy themselves ?"
1896,116,0,0,26,26,1.0,0.03922322702763681,600,Who’s Scotty?
1647,116,0,0,26,26,1.0,0.03922322702763681,600,Take me to your leasher.
1629,116,0,0,26,26,1.0,0.03922322702763681,600,Remember to report back daily.
1618,116,0,0,26,26,1.0,0.03922322702763681,600,We have identified this as some sort of rover
1574,116,0,0,26,26,1.0,0.03922322702763681,600,"No, we don't care how far you've followed us, you can't stay!"
1496,116,0,0,26,26,1.0,0.03922322702763681,600,"Suggestion noted. However, ""sniffing butts"" is not a viable data collection technique."
1413,116,0,0,26,26,1.0,0.03922322702763681,600,Our war against the Cat People isn't over yet.
1330,116,0,0,26,26,1.0,0.03922322702763681,600,Finally........intelligent life.
1236,116,0,0,26,26,1.0,0.03922322702763681,600,"No, you're not in a dog frisbee."
1144,116,0,0,26,26,1.0,0.03922322702763681,600,"But I already bought a ""Beware of the Human"" sign."
916,116,0,0,26,26,1.0,0.03922322702763681,600,"I'm gratified to see that they were able to advance beyond ""human."""
872,116,0,0,26,26,1.0,0.03922322702763681,600,See Spot sit.
627,116,0,0,26,26,1.0,0.03922322702763681,600,Are we sure that this is the only apolitical entity left on this planet?
434,116,0,0,26,26,1.0,0.03922322702763681,600,She says her kind has gained a position of trust and that it's clearly time for the overthrow.
139,116,0,0,26,26,1.0,0.03922322702763681,600,"He is Sirius, man."
83,116,0,0,26,26,1.0,0.03922322702763681,600,God or dog? So there is dyslexic life on other planets.
72,116,0,0,26,26,1.0,0.03922322702763681,600,I am VERY impressed by his “stay.”
55,116,0,0,26,26,1.0,0.03922322702763681,600,Do you want to go for a talk?
2484,116,0,0,55,55,1.0,0.018349396085439344,600,I took you to my master. Now will you give me back my bone?
2037,116,0,0,26,26,1.0,0.03922322702763681,600,He keeps talking about the outside of a tree.
2109,116,0,0,26,26,1.0,0.03922322702763681,600,Fetch me Scotty
2147,116,0,0,26,26,1.0,0.03922322702763681,600,"Ok, clear. But why are they their own worst enemy?"
2226,116,0,0,26,26,1.0,0.03922322702763681,600,From all of our research this is the ruler of planet Earth.
3441,116,0,0,26,26,1.0,0.03922322702763681,600,I say let's keep him. He doesn't look like he comes from one of those shithole planets.
3426,116,0,0,26,26,1.0,0.03922322702763681,600,But he just went. We cant go all the way back!
3323,116,0,0,26,26,1.0,0.03922322702763681,600,I told you...”There IS intelligent life on earth”.
3211,116,0,0,26,26,1.0,0.03922322702763681,600,"They're not that smart, you say?"
3164,116,0,0,26,26,1.0,0.03922322702763681,600,All he'll tell me is that his name is Ralph and he lives at the wharf.
3022,116,0,0,26,26,1.0,0.03922322702763681,600,Go for a ride?
2958,116,0,0,26,26,1.0,0.03922322702763681,600,"Okay, who has his leash?"
2957,116,0,0,26,26,1.0,0.03922322702763681,600,Who's a good specimen? You are! Yes you are!
2955,116,0,0,26,26,1.0,0.03922322702763681,600,"Sure he's cute, but I'm more of a cat alien."
2603,116,0,0,23,23,1.0,0.044455422447438706,600,hello earthling we come to destroy your planet
2861,116,0,0,26,26,1.0,0.03922322702763681,600,"Perfect. When he's spying, they'll think he's being loyal."
2816,116,0,0,26,26,1.0,0.03922322702763681,600,Ah... he followed me home!?
2793,116,0,0,26,26,1.0,0.03922322702763681,600,I have a message for you from Pluto.
2765,116,0,0,26,26,1.0,0.03922322702763681,600,He seems much more intelligent than what we expected.
2752,116,0,0,26,26,1.0,0.03922322702763681,600,It's a strange species. It's called a Gudboi.
2750,116,0,0,26,26,1.0,0.03922322702763681,600,He did have a whole family of the stupid bipeds working to support him .....
2680,116,0,0,26,26,1.0,0.03922322702763681,600,"Earthlings, they're cuter than I thought."
2416,116,0,0,26,26,1.0,0.03922322702763681,600,Take me to your pack leader!
2303,116,0,0,26,26,1.0,0.03922322702763681,600,He’s smarter than that Trump guy they sent.
2247,116,0,0,26,26,1.0,0.03922322702763681,600,Timmy's where? In a black hole?
2854,116,0,0,26,26,1.0,0.03922322702763681,600,He is refusing to take us to his leader.
1468,116,0,0,52,52,1.0,0.019418390934515434,600,These earthlings are more friendly than we thought.
1789,116,0,0,41,41,1.0,0.02469323991623974,600,What's a good dog?
3467,116,0,0,41,41,1.0,0.02469323991623974,600,"You help me carch the mailman and I get all the tennis balls, the rest is all yours."
1253,116,0,0,25,25,1.0,0.040824829046386304,600,"Hello, Laika."
1180,116,0,0,20,20,1.0,0.051298917604257706,600,I don't care who implanted the chip. This is not the congressional candidate for Florida.
1113,116,0,0,40,40,1.0,0.025318484177091666,600,We must stop his tail from moving. The last time this happened he released a dangerous brown substance with toxic fumes.
1097,116,0,0,30,30,1.0,0.03390317518104052,600,He already looks like a leader.
918,116,0,0,20,20,1.0,0.051298917604257706,600,"He didn’t want to leave the cabinet, actually."
842,116,0,0,20,20,1.0,0.051298917604257706,600,Captain. We only have enough power to energize the transporter one more time.
745,116,0,0,20,20,1.0,0.051298917604257706,600,Clearly the dominant species. They get the bipeds to do waste control.
737,116,0,0,20,20,1.0,0.051298917604257706,600,"Dinner ""if,"" I mean ""when"" you get back."
717,116,0,0,20,20,1.0,0.051298917604257706,600,"We could beam him up, but I don't think he's a scottie."
676,116,0,0,20,20,1.0,0.051298917604257706,600,This proves it's a Dog-Eat-Dog universe out there.
414,116,0,0,20,20,1.0,0.051298917604257706,600,'Much friendlier than the two-legged creature.
193,116,0,0,20,20,1.0,0.051298917604257706,600,"Aw, can keep this earthling?"
137,116,0,0,65,65,1.0,0.015504341823651057,600,"If they want a friend, their leaders get one of these."
23,116,0,0,20,20,1.0,0.051298917604257706,600,It's saying it wants to go outside.
16,116,0,0,20,20,1.0,0.051298917604257706,600,No more licking our enemies - got it?
4697,116,0,0,58,58,1.0,0.017391961901349125,600,He has to go outside to go to the bathroom
4105,116,0,0,53,53,1.0,0.019048482943986485,600,he came from Planet K-9
1560,116,0,0,53,53,1.0,0.019048482943986485,600,"The ""sit"" and ""stay"" commands may become problematic when we leave the artificial gravity chamber."
2857,116,0,0,48,48,1.0,0.021053798026662972,600,"Are you SURE you set coordinates for ""Pluto""?"
1348,116,0,0,50,50,1.0,0.020203050891044214,600,Take us to your breedeer.
2188,116,0,0,48,48,1.0,0.021053798026662972,600,He travels in the cargo area if he can't afford a seat!
1507,116,0,0,20,20,1.0,0.051298917604257706,600,"The Snamuh will panic, now that we've captured their Dog!"
1585,116,0,0,25,25,1.0,0.040824829046386304,600,"You know, I think with the proper breeding, we have found our new supreme leader."
3420,116,0,0,75,75,1.0,0.013423121104280487,600,We can’t send him back because now he is Zarnod’s service animal.
3035,116,0,0,20,20,1.0,0.051298917604257706,600,You can keep him as long as you are willing to find a suitable planet and take him out three times a day.
2992,116,0,0,30,30,1.0,0.03390317518104052,600,Huh. I thought they'd be taller.
2954,116,0,0,20,20,1.0,0.051298917604257706,600,It anticipates our next show of alien dogs.
2935,116,0,0,25,25,1.0,0.040824829046386304,600,"Marklar, we have an adorable problem."
2900,116,0,0,20,20,1.0,0.051298917604257706,600,"No need to worry, I’m housebroken."
2865,116,0,0,20,20,1.0,0.051298917604257706,600,"If I can keep him, I promise to run his probe every day."
2830,116,0,0,20,20,1.0,0.051298917604257706,600,"Well let me tell you, his bark is even worse."
2732,116,0,0,20,20,1.0,0.051298917604257706,600,Dinner is served!
2442,116,0,0,25,25,1.0,0.040824829046386304,600,HE SEEMS QUITE PERCEPTIVE
2331,116,0,0,20,20,1.0,0.051298917604257706,600,Maybe we shouldn't blow up Earth after all.
2261,116,0,0,20,20,1.0,0.051298917604257706,600,Playing fetch outside is a BAD idea!
2201,116,0,0,20,20,1.0,0.051298917604257706,600,"So on earth the humans feed you, clean up after you, bathe you, brush your hair and let you pull them around with a leash?"
2195,116,0,0,20,20,1.0,0.051298917604257706,600,"Greetings, Mister President"
2142,116,0,0,20,20,1.0,0.051298917604257706,600,I brought you here because you are the three smartest of your race.
2133,116,0,0,35,35,1.0,0.028988551782622423,600,"We didn’t know when we said “Take Me To Your Leader”, you would bring us the Top Dog”."
1968,116,0,0,30,30,1.0,0.03390317518104052,600,"Once we beam you down, see what you can sniff out."
1778,116,0,0,50,50,1.0,0.020203050891044214,600,Dog Gone
1682,116,0,0,20,20,1.0,0.051298917604257706,600,Strangely I already regard him as my best friend.
1567,116,0,0,20,20,1.0,0.051298917604257706,600,"He can sit, roll over and fetch! I told you there was intelligent life on planet earth."
3751,116,0,0,20,20,1.0,0.051298917604257706,600,Looks like we forgot the Scoop A Poop.
2844,116,0,0,38,38,1.0,0.02666903735313325,600,He always said he wanted to be a dog in his next life.
3296,116,0,0,66,66,1.0,0.015267620413811482,600,They claim to be the dominant species but we note that they are the ones following you around with plastic bags to pick up your excrement.
5880,116,0,0,23,23,1.0,0.044455422447438706,600,"So this is the smartest creature on this planet?"" ""Yes, they've got them all fooled"
5748,116,0,0,69,69,1.0,0.014598929061844594,600,"The aliens surmised that earth creatures have 3 primary interests: eating, playing and pooping."
5718,116,0,0,23,23,1.0,0.044455422447438706,600,Clearly the most advanced of our earthling specimens
5712,116,0,0,23,23,1.0,0.044455422447438706,600,I think their leader sent his best friend
5641,116,0,0,23,23,1.0,0.044455422447438706,600,"I said,'Take me to your leader.' The other one had the leash. I don't know."
5636,116,0,0,23,23,1.0,0.044455422447438706,600,Well! Earth people seem to be friendlier and more intelligent than we thought.
5611,116,0,0,23,23,1.0,0.044455422447438706,600,But is he OUR best friend?
5496,116,0,0,23,23,1.0,0.044455422447438706,600,anybody wanna draw straws to see who walking the dog
5319,116,0,0,23,23,1.0,0.044455422447438706,600,I said beam me up a Scotty. That's a Retriever!
5227,116,0,0,23,23,1.0,0.044455422447438706,600,It is a UFO- unidentified fetching object.
5204,116,0,0,23,23,1.0,0.044455422447438706,600,"This is man's best friend. He can't talk, he shits in the street and he smells. Makes you wonder doesn't it?"
5172,116,0,0,23,23,1.0,0.044455422447438706,600,"I distinctly commanded ""beam up the scottie"". Send this one back and get me Trump."
5040,116,0,0,23,23,1.0,0.044455422447438706,600,.GOD a s’ti kniht I
4979,116,0,0,23,23,1.0,0.044455422447438706,600,It is earthling's best friend.
4931,116,0,0,23,23,1.0,0.044455422447438706,600,"There were two hooked together, but this one was the leader."
4927,116,0,0,23,23,1.0,0.044455422447438706,600,I COULD take you to my leader but believe me he doesn't cotton to new immigrants.
4833,116,0,0,23,23,1.0,0.044455422447438706,600,"Sure, he's cute, but I thought those geniuses at NASA would have figured out that we're partial to cats!"
4756,116,0,0,23,23,1.0,0.044455422447438706,600,"Bone me up, Scotty!"
4741,116,0,0,23,23,1.0,0.044455422447438706,600,Clearly a more intelligent species. The last one did nothing but scream.
5888,116,0,0,23,23,1.0,0.044455422447438706,600,Who wants to be beamed up? Does Spotty want to be beamed up?
4511,116,0,0,33,33,1.0,0.030772872744833184,600,Are you from a shithole?
5991,116,0,0,23,23,1.0,0.044455422447438706,600,I was kind of expecting a Scottish Terrior
2308,116,0,0,51,51,1.0,0.019802950859533486,600,"Unless you can find a pooper-scooper on this spaceship, I suggest you send this one back."
2609,116,0,0,33,33,1.0,0.030772872744833184,600,"So, dog looks like their master?"
1744,116,0,0,33,33,1.0,0.030772872744833184,600,"Forget annihilation, I’m moving there."
1152,116,0,0,33,33,1.0,0.030772872744833184,600,So this is the most intelligent being now on planet Earth.
5852,116,0,0,56,56,1.0,0.01801874925391118,600,He says they have resources but lack our common scents.
5771,116,0,0,28,28,1.0,0.036369648372665396,600,So the reports are true. This planet has gone to the dogs.
5522,116,0,0,28,28,1.0,0.036369648372665396,600,"They call it, ""Man's best friend"""
5435,116,0,0,28,28,1.0,0.036369648372665396,600,We concluded it is the leader because its servants follow it and clean-up after it.
5148,116,0,0,28,28,1.0,0.036369648372665396,600,"Do any of you speak ""woof?"""
5020,116,0,0,28,28,1.0,0.036369648372665396,600,"This, my friends, is an example of the only species worthy of saving from that planet."
4749,116,0,0,28,28,1.0,0.036369648372665396,600,He seems to understand “walk”.
4676,116,0,0,28,28,1.0,0.036369648372665396,600,"yeH, ti dootsrednu ""tiS""!"
4074,116,0,0,28,28,1.0,0.036369648372665396,600,I am looking at my pet project
3635,116,0,0,28,28,1.0,0.036369648372665396,600,Our universal language translator relays the earthling inexplicably desires to lick us silly. Hmm....
3277,116,0,0,56,56,1.0,0.01801874925391118,600,"Sir, your people are far friendlier and more agreeable than we were led to belive about your planet."
2896,116,0,0,28,28,1.0,0.036369648372665396,600,"I tried going to their leader first, but this seemed like a better choice."
1163,116,0,0,28,28,1.0,0.036369648372665396,600,I could only beam up his best friend.
436,116,0,0,28,28,1.0,0.036369648372665396,600,It refused to stay.
91,116,0,0,28,28,1.0,0.036369648372665396,600,"Of all the Earthlings we saw, this one seemed to be the smartest."
12,116,0,0,28,28,1.0,0.036369648372665396,600,You don't look like the Scottie I knew.
6019,116,0,0,23,23,1.0,0.044455422447438706,600,"""I'm not sure this one is the Mars Rover."" [""Mars"" is in italics.]"
3885,116,0,0,20,20,1.0,0.051298917604257706,600,Take us to the top dog.
3966,116,0,0,20,20,1.0,0.051298917604257706,600,Go and rid the world of cats!
3974,116,0,0,25,25,1.0,0.040824829046386304,600,"We travel 50 million light years, and all you can bring back from there is a bone?"
891,116,0,0,36,36,1.0,0.028171808490950554,600,"What means ""house training?'"
113,116,0,0,24,24,1.0,0.04256282653793743,600,I call him Mars Rover Jr.
105,116,0,0,24,24,1.0,0.04256282653793743,600,"I said we are in the YEAR of the dog, not in NEED of dog...."
4895,116,0,0,29,29,1.0,0.03509312031717982,600,I can't understand anything he says. Seems friendly
4460,116,0,0,29,29,1.0,0.03509312031717982,600,"He's cute, but taking him for walks will be tricky."
4227,116,0,0,29,29,1.0,0.03509312031717982,600,It doesn't look like a Scottie!
4140,116,0,0,29,29,1.0,0.03509312031717982,600,This year's Best in Show competition is literally out of this world.
2889,116,0,0,29,29,1.0,0.03509312031717982,600,"These mounds you are leaving behind, is this how you disseminate your wisdom?"
2663,116,0,0,29,29,1.0,0.03509312031717982,600,Why do you look so different?
1538,116,0,0,29,29,1.0,0.03509312031717982,600,"Now, we're letting you out at the next rock, boy, but don't worry, we'll come back for you."
645,116,0,0,29,29,1.0,0.03509312031717982,600,"He's got to be the leader. Any time he went out, someone followed to clean up his poop."
150,116,0,0,29,29,1.0,0.03509312031717982,600,"World Domination Phase 2 ready at your command, Your Canineness."
5836,116,0,0,34,34,1.0,0.029854071701326604,600,"This is the supreme being from the planet Earth! In addition, much nicer than the humans that also inhabit that bizarre place."
3516,116,0,0,34,34,1.0,0.029854071701326604,600,"It's OK. We bark, too."
3126,116,0,0,34,34,1.0,0.029854071701326604,600,He's a lot smarter than the others.
2993,116,0,0,34,34,1.0,0.029854071701326604,600,"I'm not sure how important this is to their culture, but people keep picking up its poop."
2526,116,0,0,34,34,1.0,0.029854071701326604,600,Can we keep him! Can we keep him!
2474,116,0,0,68,68,1.0,0.014815221273648994,600,We're concerned-are you housebroken?
1172,116,0,0,34,34,1.0,0.029854071701326604,600,Is it worth going back to Zablonk with the Westminster runner-up?
1060,116,0,0,24,24,1.0,0.04256282653793743,600,Who wants to go for a spacewalk?
955,116,0,0,34,34,1.0,0.029854071701326604,600,Maybe they're not idiots... they were smart enough to send their most evolved species.
1434,116,0,0,24,24,1.0,0.04256282653793743,600,Don't worry. Back home no one will know it's a dog.
1556,116,0,0,24,24,1.0,0.04256282653793743,600,Behold! The creature that probes using only it's nose!
5579,116,0,0,36,36,1.0,0.028171808490950554,600,He's so cute. Let's get one of those two-legged Earthlings to probe instead.
5463,116,0,0,24,24,1.0,0.04256282653793743,600,He had a rough trip.
5286,116,0,0,24,24,1.0,0.04256282653793743,600,So which one of you is Scottie?
5145,116,0,0,36,36,1.0,0.028171808490950554,600,"Funny, they don't look a thing like us."
5087,116,0,0,24,24,1.0,0.04256282653793743,600,President Trump wants you to leave and return to where you came from.
4985,116,0,0,24,24,1.0,0.04256282653793743,600,What do you mean he hasn't had his shots?!
4867,116,0,0,24,24,1.0,0.04256282653793743,600,"You will assume the role of the President's dog. Now, please remember which one of you is barking mad."
4498,116,0,0,24,24,1.0,0.04256282653793743,600,Thanks guys! You saved me from our leader! Do you have space for 2.9 million more?
3838,116,0,0,24,24,1.0,0.04256282653793743,600,Next time we'll abduct his best friend.
3550,116,0,0,24,24,1.0,0.04256282653793743,600,"Intelligent Life, I see."
3269,116,0,0,24,24,1.0,0.04256282653793743,600,He claims to be Pluto but I think he’s Canis
2807,116,0,0,24,24,1.0,0.04256282653793743,600,"You’re unchipped, right?"
2615,116,0,0,24,24,1.0,0.04256282653793743,600,How's an astrodog supposed to drag his behind in a place like this?
2582,116,0,0,24,24,1.0,0.04256282653793743,600,"""Beam me up, Scottie"" must mean something else in this subsection."
2387,116,0,0,24,24,1.0,0.04256282653793743,600,Did anyone bring any plastic bags?
2372,116,0,0,24,24,1.0,0.04256282653793743,600,We thought it more important to capture a master than a pet.
1970,116,0,0,24,24,1.0,0.04256282653793743,600,"I said a leader, not a pointer."
1953,116,0,0,24,24,1.0,0.04256282653793743,600,"""i thought we ordered a pizza""."
1746,116,0,0,24,24,1.0,0.04256282653793743,600,Energize! We don't want him crapping on the bridge again.
1482,116,0,0,72,72,1.0,0.013986355971611485,600,It says it wants to be our best friend.
449,116,0,0,34,34,1.0,0.029854071701326604,600,"Wow, an earthling with two more legs."
5750,116,0,0,39,39,1.0,0.025976216673306556,600,"They call this a ""good boy."""
4832,116,0,0,39,39,1.0,0.025976216673306556,600,I think he is from one of earth's shithole countries.
5452,116,0,0,20,20,1.0,0.051298917604257706,600,"Please let me keep her, I promise, I will spacewalk her every day"
5220,116,0,0,25,25,1.0,0.040824829046386304,600,So far we’ve figured out their alphabet goes from arf to woof.
5132,116,0,0,25,25,1.0,0.040824829046386304,600,They haven't mastered fans yet.
5113,116,0,0,20,20,1.0,0.051298917604257706,600,I don't recall the Earth inhabitants being this friendly on our last visit.
5076,116,0,0,20,20,1.0,0.051298917604257706,600,We can't get him to stop sniffing the anal probe long enough to learn his language.
5054,116,0,0,25,25,1.0,0.040824829046386304,600,"After a millennia search, future scientists finally discover indisputable proof of Dog."
5034,116,0,0,20,20,1.0,0.051298917604257706,600,"Tell us more, Master, about the one you call Your Bitch."
5021,116,0,0,20,20,1.0,0.051298917604257706,600,"Research shows that this is their god. Hey, did you ever fix the spellcheck on the computer?"
4965,116,0,0,25,25,1.0,0.040824829046386304,600,"So, there is intelligent life on earth afterall!"
4894,116,0,0,20,20,1.0,0.051298917604257706,600,"Your name ""Snoopy is a dead giveaway!"" We know you're here to hack our technology."
4645,116,0,0,20,20,1.0,0.051298917604257706,600,QUICKLY! Alert Nasal Intelligence!
4516,116,0,0,20,20,1.0,0.051298917604257706,600,"Hey, wait...You're not a Scottie."
4493,116,0,0,25,25,1.0,0.040824829046386304,600,So your so-called masters were actually of an inferior species?
4294,116,0,0,20,20,1.0,0.051298917604257706,600,He followed us back. Can we keep him?
4290,116,0,0,20,20,1.0,0.051298917604257706,600,"He really seems to like you, WOK"
4255,116,0,0,20,20,1.0,0.051298917604257706,600,"""Hey Scotty, are you going to beam me up or just stand there staring at me?"" Joe Pitts, Washington, DC"
4226,116,0,0,20,20,1.0,0.051298917604257706,600,You get the pooper scooper. You were the one who used the w-a-l-k word.
3998,116,0,0,20,20,1.0,0.051298917604257706,600,Puppy want to go for a moonwalk?
3981,116,0,0,20,20,1.0,0.051298917604257706,600,We would kindly like to ask you for a few of your human slaves.
5464,116,0,0,20,20,1.0,0.051298917604257706,600,"What a relief, there is intelligent life on this planet."
5571,116,0,0,20,20,1.0,0.051298917604257706,600,"Unassuming in appearence, yes, but somehow his kind has enslaved the whole of the human race."
5647,116,0,0,30,30,1.0,0.03390317518104052,600,ride?... wanna ride?...wanna go for a ride?
5840,116,0,0,25,25,1.0,0.040824829046386304,600,Feed these Earthlings a biscuit and they think you're God.
5537,116,0,0,44,44,1.0,0.022990024493585143,600,There will be no peace until we meet its demands.
3867,116,0,0,44,44,1.0,0.022990024493585143,600,Can't we keep it?
2699,116,0,0,44,44,1.0,0.022990024493585143,600,"I'm sure I said ""Beam me up a Scotty."""
648,116,0,0,44,44,1.0,0.022990024493585143,600,We'll tell mom he followed us home!
3239,116,0,0,71,71,1.0,0.01418475390906605,600,We decided to leave his animal on the other end of the leash.
3059,116,0,0,71,71,1.0,0.01418475390906605,600,"We're leaving earth now, back to you cleaning up after yourself."
4179,116,0,0,49,49,1.0,0.020619652471058063,600,He will teach us to sniff where once we probed.
1661,116,0,0,49,49,1.0,0.020619652471058063,600,He was the only one leaping in the air and greeting us when we flew low over the park.
5814,116,0,0,27,27,1.0,0.03774256780481986,600,"He looks lost, should we check his tag?"
4732,116,0,0,23,23,1.0,0.044455422447438706,600,"They assured us, he'll be the next president of the US, but asked us, to train him first in bad language"
5986,116,0,0,16,16,1.0,0.06454972243679027,600,What? I don’t get it. Is it the fur?
4542,116,0,0,32,32,1.0,0.031750031750047626,600,"Through mind melds we're learning his language. Pretty primitive stuff like 'treat', 'ball' and 'sit'. But we haven't been able to decipher 'whosagoofuzzeebubbeeboy'."
3320,116,0,0,37,37,1.0,0.02739983121755955,600,"Yes, Master!"
42,116,0,0,42,42,1.0,0.024098134635593994,600,No cats on our planet!
653,116,0,0,47,47,1.0,0.021506619680967013,600,"Our universal translator is having difficulty decoding ""kibblekibblekibble""."
3917,116,0,0,52,52,1.0,0.019418390934515434,600,This must be their leader. I observed a life form following him around with a pooper scooper.
5621,116,0,0,57,57,1.0,0.01769980813511972,600,Earthlings will go ape when they hear we've captured their best friend!
212,116,0,0,62,62,1.0,0.016260700012185932,600,"He says ""I am so happy, there is intelligent life in the universe, after all""."
6008,116,0,0,40,40,1.0,0.025318484177091666,600,Tell us more about your evil master…
5859,116,0,0,20,20,1.0,0.051298917604257706,600,You know what they say -- a dog is a Zorg's best friend.
5434,116,0,0,64,64,1.0,0.015748519708717802,600,He needs to go for a walk. I'm betting we didn't bring a pooper scooper.
4721,116,0,0,23,23,1.0,0.044455422447438706,600,"But, Captain, he's a service dog!"
4560,116,0,0,23,23,1.0,0.044455422447438706,600,"Finally after all these millennia, I prove to you that intelligent life DOES exist on earth!"
4530,116,0,0,23,23,1.0,0.044455422447438706,600,"you know, I never would have thought you'd have dog days in space."
1860,116,0,0,24,24,1.0,0.04256282653793743,600,This must be their leader. Humans pick up his poop.
1594,116,0,0,24,24,1.0,0.04256282653793743,600,"It's amazing they've come as far as they have, with no opposing thumbs."
1332,116,0,0,32,32,1.0,0.031750031750047626,600,"Back to a better place and time. No fences, leash laws, or pooper scoopers."
633,116,0,0,32,32,1.0,0.031750031750047626,600,"Doesn't appear frightened ... but to be fair, our species DOES smell like bacon."
298,116,0,0,32,32,1.0,0.031750031750047626,600,I guess they ran out of monkeys down there!
160,116,0,0,32,32,1.0,0.031750031750047626,600,"So we're down to either Frilthrp or Mr. Nibbles, right?"
37,116,0,0,24,24,1.0,0.04256282653793743,600,Sit! Stay! Surrender the Earth!
9,116,0,0,24,24,1.0,0.04256282653793743,600,She's an Ankylosaurus. I've found they make better pets than Testickylosaurus.
6011,116,0,0,27,27,1.0,0.03774256780481986,600,Maybe the hydrant was the dominant life form.
5790,116,0,0,27,27,1.0,0.03774256780481986,600,Where are the antennae?
5688,116,0,0,27,27,1.0,0.03774256780481986,600,Says he's got an angle on alien possession.
5580,116,0,0,27,27,1.0,0.03774256780481986,600,"He has a fixarion on the word 'Sit."" Obviously, this planet's inhabitants are lazy 'Sitasses!'"
5501,116,0,0,27,27,1.0,0.03774256780481986,600,I said beam up a believer not a retriever
5447,116,0,0,27,27,1.0,0.03774256780481986,600,Woof...woof..woof......woof? Woof.
5441,116,0,0,27,27,1.0,0.03774256780481986,600,Spot? What kind of a name is that?
5239,116,0,0,27,27,1.0,0.03774256780481986,600,Why aren't these boneheads feeding me?
5180,116,0,0,27,27,1.0,0.03774256780481986,600,"Down, boy."
5088,116,0,0,54,54,1.0,0.018692405136401476,600,"Yo babe. you come here often? Diapers for pigeons who perch on statutes."" Ufo for aliens who land on earth."" ""hair on the furniture."" The audience controls their quarterly-earnings-announcement jitters by imagining the board of directors naked."""
5051,116,0,0,27,27,1.0,0.03774256780481986,600,I think we should call it ‘alien’s best friend.’
2042,116,0,0,40,40,1.0,0.025318484177091666,600,Don't worry Bob. You look better now than before the experiment.
4490,116,0,0,27,27,1.0,0.03774256780481986,600,Just be careful when you play fetch.
2044,116,0,0,32,32,1.0,0.031750031750047626,600,They seem to have their two legged ones under their control...
2072,116,0,0,24,24,1.0,0.04256282653793743,600,Of course he's happy! The system prevents fleas from being beamed up!
2593,116,0,0,66,66,1.0,0.015267620413811482,600,Please take us to your leader.
3732,116,0,0,37,37,1.0,0.02739983121755955,600,"OK, what comes after ""woof""?"
1939,116,0,0,74,74,1.0,0.013605756997417963,600,"Siriusly, take us to your breeder."
168,116,0,0,37,37,1.0,0.02739983121755955,600,He followed us home.
3685,116,0,0,45,45,1.0,0.022473328748774737,600,I picked him up in the Capital...says he's done with that Shithole.
1167,116,0,0,53,53,1.0,0.019048482943986485,600,He'll be more valuable than that yellow-haired monster.
2123,116,0,0,69,69,1.0,0.014598929061844594,600,Era uoy god?
5429,116,0,0,24,24,1.0,0.04256282653793743,600,We brought you here because you were a very good boy.
5344,116,0,0,24,24,1.0,0.04256282653793743,600,"Yes, you are a very good boy but I asked them to beam me up a Scottie."
5210,116,0,0,24,24,1.0,0.04256282653793743,600,"Loyal, loving and furry---why aren't you the dominant species?"
5075,116,0,0,24,24,1.0,0.04256282653793743,600,What is it? And what is that thing on its back?
4344,116,0,0,24,24,1.0,0.04256282653793743,600,Does he communicate through his bark or through his tail?
3880,116,0,0,24,24,1.0,0.04256282653793743,600,No one's ever asked to sniff the probe before.
3738,116,0,0,24,24,1.0,0.04256282653793743,600,What exactly do you like about man?
3730,116,0,0,24,24,1.0,0.04256282653793743,600,It appears you're the only intelligent life on Earth.
3651,116,0,0,24,24,1.0,0.04256282653793743,600,Walkies? Go walkies?
3251,116,0,0,24,24,1.0,0.04256282653793743,600,He looks so Sirius.
2838,116,0,0,24,24,1.0,0.04256282653793743,600,So this is the smartest being on planet Earth?!
2731,116,0,0,24,24,1.0,0.04256282653793743,600,We're pleased that the humans have served you so well.
2064,116,0,0,24,24,1.0,0.04256282653793743,600,Didn't you say add paws for effect?
4433,116,0,0,27,27,1.0,0.03774256780481986,600,"You're their only hope, obi."
4184,116,0,0,54,54,1.0,0.018692405136401476,600,"No. We got you a bunny, and remember what happened? You left it outside, and it exploded."
4072,116,0,0,27,27,1.0,0.03774256780481986,600,Computer! Bring to us the most loved creature on this planet.
205,116,0,0,27,27,1.0,0.03774256780481986,600,We have to beam it back. Mom says that he who flies with dogs lands with wingless bloodsucking parasitic insects.
71,116,0,0,27,27,1.0,0.03774256780481986,600,Xzrrth fell down a well?
2535,116,0,0,46,46,1.0,0.021979349113192898,600,"It’s not as talkative as our previous specimen, but it’s far more loyal."
2113,116,0,0,46,46,1.0,0.021979349113192898,600,He says that with just one wiff of their butt he knows more than an anal probe.
1323,116,0,0,46,46,1.0,0.021979349113192898,600,Who's the best emperor? Yes you are.
1024,116,0,0,46,46,1.0,0.021979349113192898,600,"I know we don't usually take hitchhikers, but in this case I think we can make an exception."
146,116,0,0,46,46,1.0,0.021979349113192898,600,"It was either this, or a cat."
1517,116,0,0,65,65,1.0,0.015504341823651057,600,I told you they had intelligent life.
4954,116,0,0,19,19,1.0,0.05407380704358751,600,It must be the Mars Rover I've been reading about
4501,116,0,0,19,19,1.0,0.05407380704358751,600,This isn't what I meant when I said bring me their top dog.
4419,116,0,0,19,19,1.0,0.05407380704358751,600,I AM G.O.D.!!!!
4185,116,0,0,19,19,1.0,0.05407380704358751,600,"Good boy! Now this time, we want you to retrieve the thing that throws the ball."
3804,116,0,0,19,19,1.0,0.05407380704358751,600,"Allow me to translate: Oh boy, oh boy, oh boy."
397,116,0,0,76,76,1.0,0.013245323570650438,600,"Hurry, I think he's saying number two."
300,116,0,0,19,19,1.0,0.05407380704358751,600,"Well, it's not exactly Chewbacca, but it's the best we can do."
163,116,0,0,19,19,1.0,0.05407380704358751,600,"He says he can't take us to his leader, they don't have one down there."
5231,116,0,0,60,60,1.0,0.016807316136320357,600,"Hey boy, are you lost?"
662,116,0,0,30,30,1.0,0.03390317518104052,600,We wish to know how you can eat your own poop.
334,116,0,0,71,71,1.0,0.01418475390906605,600,Oh no! Who’s going walk the dog?
248,116,0,0,27,27,1.0,0.03774256780481986,600,Congratulations. You have successfully subjugated the humans.
312,116,0,0,27,27,1.0,0.03774256780481986,600,Ask him if he is spaceship broken.
341,116,0,0,27,27,1.0,0.03774256780481986,600,Ask him if he's Chuck Berry or Beethoven in some of those 47 languages.
368,116,0,0,27,27,1.0,0.03774256780481986,600,"Who's a good abductee? You are! Yes, you are!"
4035,116,0,0,27,27,1.0,0.03774256780481986,600,I need a tree badly.
3639,116,0,0,27,27,1.0,0.03774256780481986,600,"The toilet water's all yours, our heads don't fit."
3621,116,0,0,27,27,1.0,0.03774256780481986,600,Did you hear the one about the dyslexic agnostic insomniac?
3449,116,0,0,27,27,1.0,0.03774256780481986,600,"With your head out this window, you'd die of asphyxiation...not to mention boiling blood, bloating and several other negative consequences."
3279,116,0,0,27,27,1.0,0.03774256780481986,600,"OK, this is their leader. Now what?"
3212,116,0,0,27,27,1.0,0.03774256780481986,600,"So, commander, what are we to fetch on this mission?"
3178,116,0,0,27,27,1.0,0.03774256780481986,600,We need you to sniff out aliens.
3136,116,0,0,27,27,1.0,0.03774256780481986,600,At least now we have something to herd all the cows with.
2853,116,0,0,27,27,1.0,0.03774256780481986,600,"Again, may we humbly apologize for our dyslexic leader's wish to personally express his trust in 'dog'."
1322,116,0,0,29,29,1.0,0.03509312031717982,600,This one must be in charge. It chooses its words so carefully!
2852,116,0,0,27,27,1.0,0.03774256780481986,600,What is the latest report on your effort to oversee development of humans?
2121,116,0,0,27,27,1.0,0.03774256780481986,600,Are you Sirius?
2108,116,0,0,27,27,1.0,0.03774256780481986,600,"What do you mean, “he wants to go out.”"
1784,116,0,0,27,27,1.0,0.03774256780481986,600,He says the uprights are a servant species.
1066,116,0,0,27,27,1.0,0.03774256780481986,600,We're beaming you out for a quick quick only then right back in. Ok
1017,116,0,0,27,27,1.0,0.03774256780481986,600,I don't think we should try and probe this one.
919,116,0,0,27,27,1.0,0.03774256780481986,600,"Send a message to home planet: ""Native life forms harmless. Invasion begins."""
579,116,0,0,27,27,1.0,0.03774256780481986,600,I'm sure - he pooped and the lesser form of life cleaned it up.......
531,116,0,0,27,27,1.0,0.03774256780481986,600,"Beam me up, Scottish Terrier!"
495,116,0,0,27,27,1.0,0.03774256780481986,600,Its your turn to do the probing.
2283,116,0,0,27,27,1.0,0.03774256780481986,600,He says his species was first in space off this planet.
981,116,0,0,27,27,1.0,0.03774256780481986,600,"Welcome back, Commander. Yes, we've still got some glitches in the transporter."
2003,116,0,0,58,58,1.0,0.017391961901349125,600,Oh shoot.
4156,116,0,0,29,29,1.0,0.03509312031717982,600,So this is what their species calls their 'best friend.' Let's pull out and head to Alpha Centauri.
2269,116,0,0,23,23,1.0,0.044455422447438706,600,"They look more primitive, nevertheless more tender of what we had assumed."
2253,116,0,0,23,23,1.0,0.044455422447438706,600,"What does the tail wagging ""out or else"" mean?"
2222,116,0,0,23,23,1.0,0.044455422447438706,600,"OK, so when we get there get down on all fours and they will think you are the new boutique breed and then will be the wiser!"
2116,116,0,0,23,23,1.0,0.044455422447438706,600,He says he wants to go walkies.
2112,116,0,0,23,23,1.0,0.044455422447438706,600,. . . And you’ll be happy to hear we zapped that creature who enslaved you into oblivion.
2080,116,0,0,23,23,1.0,0.044455422447438706,600,Do we eat him or pet him?
2017,116,0,0,23,23,1.0,0.044455422447438706,600,...And so we shall spare this planet. Clearly its beings are a tremendously loving race who desire only play and exploration of the smellable universe.
1976,116,0,0,23,23,1.0,0.044455422447438706,600,I think he wants to go outside
1767,116,0,0,23,23,1.0,0.044455422447438706,600,Take us to your lead dog.
1732,116,0,0,23,23,1.0,0.044455422447438706,600,Sorry....Who knew they weren't the higher life form.
1529,116,0,0,23,23,1.0,0.044455422447438706,600,He truly is the good boy
1499,116,0,0,23,23,1.0,0.044455422447438706,600,Take us to your owner.
1455,116,0,0,23,23,1.0,0.044455422447438706,600,Shall we keep him?
1451,116,0,0,23,23,1.0,0.044455422447438706,600,"On the count of three, beam him up Scotty."
1190,116,0,0,23,23,1.0,0.044455422447438706,600,"What does it want?"" ""Spaceballs."
1124,116,0,0,23,23,1.0,0.044455422447438706,600,You think we can get him to roll over.
1048,116,0,0,23,23,1.0,0.044455422447438706,600,This is progress. The last one scratched the chairs and wouldn't sit.
770,116,0,0,23,23,1.0,0.044455422447438706,600,"Hey, whoever you are, call me Laika"
728,116,0,0,23,23,1.0,0.044455422447438706,600,"We shall call him: ""Einstein."""
2273,116,0,0,23,23,1.0,0.044455422447438706,600,He seems to be so much more intelligent than the two legged subjects we beamed up from planet
640,116,0,0,23,23,1.0,0.044455422447438706,600,It seems intelligent and quite devoted but the tail wiggle has me worried.
2423,116,0,0,23,23,1.0,0.044455422447438706,600,You wanted to meet the highest form of life from down there....well here it is!! And it's a very good boy!!
2551,116,0,0,23,23,1.0,0.044455422447438706,600,My sensors say that we smell like bacon to it.
4385,116,0,0,23,23,1.0,0.044455422447438706,600,"I don't know about this first contact, but he looks friendly."
4286,116,0,0,23,23,1.0,0.044455422447438706,600,"The only word in our language he seems to understand is ""sit."""
4199,116,0,0,23,23,1.0,0.044455422447438706,600,The tag says Pluto.
4022,116,0,0,23,23,1.0,0.044455422447438706,600,How'd you like a new best friend?
3909,116,0,0,23,23,1.0,0.044455422447438706,600,So this is the new Space Rover?
3773,116,0,0,23,23,1.0,0.044455422447438706,600,Can we keep the lab specimen?
3712,116,0,0,23,23,1.0,0.044455422447438706,600,It took him 1 light year to travel here. That's 7 light years for you or me!
3672,116,0,0,23,23,1.0,0.044455422447438706,600,Finally. I was the center of attention.
3656,116,0,0,23,23,1.0,0.044455422447438706,600,"Aw, can we keep him?"
3576,116,0,0,23,23,1.0,0.044455422447438706,600,Take us to Labrador.
3545,116,0,0,23,23,1.0,0.044455422447438706,600,"Well, if he wasn't at the top of the species hierarchy, humans wouldn't gather up his poop!"
3241,116,0,0,23,23,1.0,0.044455422447438706,600,"Gentlemen, I’d like you to meet the ambassador from Pluto."
3218,116,0,0,23,23,1.0,0.044455422447438706,600,Take me from our leader.
3206,116,0,0,23,23,1.0,0.044455422447438706,600,Dog. God spelled backwards.
3135,116,0,0,23,23,1.0,0.044455422447438706,600,Proof that there is intelligent life on earth!
3125,116,0,0,23,23,1.0,0.044455422447438706,600,The dog ate my homeworld.
3123,116,0,0,23,23,1.0,0.044455422447438706,600,"I am dog... I mean, god."
3061,116,0,0,23,23,1.0,0.044455422447438706,600,Our sources claim that political negotiations are nearly impossible without containing vast quantities of the substance it produces.
2616,116,0,0,23,23,1.0,0.044455422447438706,600,"The language is primitive, but this alien creature is evidently demanding a consumable reward in return for catching a giant Frisbee."
2512,116,0,0,23,23,1.0,0.044455422447438706,600,"Of COURSE it's the leader. The tall ones feed it, come when summoned and follow it around picking up its waste."
481,116,0,0,23,23,1.0,0.044455422447438706,600,It was the only thing worth taking there.
331,116,0,0,23,23,1.0,0.044455422447438706,600,What is a fireplug?
224,116,0,0,23,23,1.0,0.044455422447438706,600,So the alpha dog of the US is now a baboon?
2769,116,0,0,39,39,1.0,0.025976216673306556,600,"Mom, I said I wanted a cat!"
2478,116,0,0,39,39,1.0,0.025976216673306556,600,this is the most intelligent form of life we found
2427,116,0,0,26,26,1.0,0.03922322702763681,600,We need to know why their poop is so valuable that Earthlings save it.
4128,116,0,0,60,60,1.0,0.016807316136320357,600,"Earth dog, take us to your breeder."
5203,116,0,0,47,47,1.0,0.021506619680967013,600,I summoned The Creator. Must have been my dyslexia.
2068,116,0,0,47,47,1.0,0.021506619680967013,600,Surely there is another way to let him do his business.
1282,116,0,0,47,47,1.0,0.021506619680967013,600,"It's thinking, 'When do I get the anal probe?'"
310,116,0,0,47,47,1.0,0.021506619680967013,600,Take us to your Alpha dog.
5369,116,0,0,81,81,1.0,0.012422599874998832,600,What happened to the cartoon with the animal biting the caveman’s leg?
4309,116,0,0,34,34,1.0,0.029854071701326604,600,Why are we taking all these pets from shithole planets?
4114,116,0,0,55,55,1.0,0.018349396085439344,600,"I said intelligent life, bring back a cat."
3544,116,0,0,55,55,1.0,0.018349396085439344,600,"To get this straight, Timmy was so uncoordinated that he fell into a well, and you need our help?"
430,116,0,0,55,55,1.0,0.018349396085439344,600,I thought he said 'beam me up a scottie.'
2909,116,0,0,42,42,1.0,0.024098134635593994,600,What are you looking at? Didn't you Martians ever see a dog before?
987,116,0,0,42,42,1.0,0.024098134635593994,600,He came from Pluto.
632,116,0,0,42,42,1.0,0.024098134635593994,600,Wow. A real human being.
1894,116,0,0,50,50,1.0,0.020203050891044214,600,He says he needs to go outside for a few minutes.
5533,116,0,0,29,29,1.0,0.03509312031717982,600,Could he be our best friend?
4980,116,0,0,29,29,1.0,0.03509312031717982,600,There's no way he can be our copilot.
4663,116,0,0,26,26,1.0,0.03922322702763681,600,Well he seems to be a lot happier about that anal probe than our last subject.
5503,116,0,0,78,78,1.0,0.012903494352312729,600,"""Good boy, do you need a space walk?'"
5962,116,0,0,57,57,1.0,0.01769980813511972,600,We do not understand how to bring 'Go Fetch' to a conclusion.
5692,116,0,0,31,31,1.0,0.032791291789197645,600,"WELL GUYS, DO WE FEED IT OR EAT IT?"
213,116,0,0,23,23,1.0,0.044455422447438706,600,It followed us into the ship...Should we keep it?
191,116,0,0,23,23,1.0,0.044455422447438706,600,We're in trouble. He needs to go out.
143,116,0,0,23,23,1.0,0.044455422447438706,600,If you are really man's best friend then why do they feed you dog food?
131,116,0,0,23,23,1.0,0.044455422447438706,600,So these humans...they pick up your poop without you even asking them?
35,116,0,0,23,23,1.0,0.044455422447438706,600,"It can sit, but it can't stay."
817,116,0,0,41,41,1.0,0.02469323991623974,600,"Oops, let’s hope the owner’s address is on the collar."
5124,116,0,0,18,18,1.0,0.05716619504750295,600,"Apparently, I should have said ""DiMaggio"""
4347,116,0,0,18,18,1.0,0.05716619504750295,600,"We haven't been quite able to decipher his language, but he came from the land mass they call ""America,"" and is clealry more highly intelligent than its leader."
4069,116,0,0,18,18,1.0,0.05716619504750295,600,I am told that this is man's best friend and it tastes like chicken.
2300,116,0,0,29,29,1.0,0.03509312031717982,600,He doesn't have the best words--but he's loyal.
3270,116,0,0,18,18,1.0,0.05716619504750295,600,"We're not completely sure, but we think he was a jazz percussionist on Earth."
2498,116,0,0,18,18,1.0,0.05716619504750295,600,Can we keep him? I promise to walk him every parsec...
1876,116,0,0,36,36,1.0,0.028171808490950554,600,They seem friendly.
1524,116,0,0,36,36,1.0,0.028171808490950554,600,"You don't have to beam him down, but you're cleaning up if he poops in the saucer."
1489,116,0,0,18,18,1.0,0.05716619504750295,600,I don't have a dog-gone idea what to do with him.
1130,116,0,0,72,72,1.0,0.013986355971611485,600,"He's, like, really smart."
385,116,0,0,18,18,1.0,0.05716619504750295,600,"'Ah yes, it is just how we pictured it. A human being."""
109,116,0,0,18,18,1.0,0.05716619504750295,600,Is this one ship-broken?
47,116,0,0,18,18,1.0,0.05716619504750295,600,This one's a lot smarter than the two legged ones we've encountered.
5789,116,0,0,67,67,1.0,0.015038019057934237,600,Maybe he'll help us unlock the secret of growing hair.
3191,116,0,0,18,18,1.0,0.05716619504750295,600,"Since you lack testicles, how do you reproduce?"
876,116,0,0,21,21,1.0,0.048795003647426664,600,"What does he mean by ""best friend""?"
850,116,0,0,27,27,1.0,0.03774256780481986,600,I long for the days when we could just let him out in the yard!
835,116,0,0,21,21,1.0,0.048795003647426664,600,We saw your leader; we preferred you.
5640,116,0,0,34,34,1.0,0.029854071701326604,600,We chose the best and the brightest.
4709,116,0,0,34,34,1.0,0.029854071701326604,600,"Gee, I guess all men are dogs..."
4327,116,0,0,34,34,1.0,0.029854071701326604,600,"Yep, Ted. This is the leader. The two legged specimens just walk around after them all day waiting for them to crap."
1575,116,0,0,34,34,1.0,0.029854071701326604,600,"My assignment was to bring back the Earthly meaning of life. Meet ""Rex."""
974,116,0,0,34,34,1.0,0.029854071701326604,600,"Remember, when you get back home tell NO ONE what you saw here!"
935,116,0,0,34,34,1.0,0.029854071701326604,600,We finally found The Good Boy.
329,116,0,0,34,34,1.0,0.029854071701326604,600,This will surely melt anyone’s force field.
5703,116,0,0,53,53,1.0,0.019048482943986485,600,I bet this doesn't happen to the cat when she chases beams of light.
1643,116,0,0,53,53,1.0,0.019048482943986485,600,You said you wanted a space rover.
3562,116,0,0,72,72,1.0,0.013986355971611485,600,We're listening. We know you have a tail to tell.
518,116,0,0,91,91,1.0,0.011049892402196598,600,I thought they were supposed to stand upright? And what the hell's with the tail?
6014,116,0,0,38,38,1.0,0.02666903735313325,600,He has to go out again. I took him to the lunar surface last time.
5171,116,0,0,38,38,1.0,0.02666903735313325,600,This is the most sentient creature we have found down there.
5119,116,0,0,38,38,1.0,0.02666903735313325,600,And this is the master race of planet Earth.
4162,116,0,0,38,38,1.0,0.02666903735313325,600,What is a Frisbee?
3610,116,0,0,38,38,1.0,0.02666903735313325,600,"OK, OK we get it - take us to your MASTER"
3062,116,0,0,38,38,1.0,0.02666903735313325,600,Klaatu barada nikto.
2507,116,0,0,61,61,1.0,0.016529490122682157,600,I hope she likes having her food in a saucer.
5280,116,0,0,42,42,1.0,0.024098134635593994,600,"No, we can't open the window."
5754,116,0,0,34,34,1.0,0.029854071701326604,600,You've disappointed us. You didn't turn out to be the stable genius you claimed.
5094,116,0,0,42,42,1.0,0.024098134635593994,600,"All it seems to do is wiggle that thing in the back, but it must be intelligent; it had a human following it and picking up it's poop, when I sucked it up here."
321,116,0,0,79,79,1.0,0.012739111916124871,600,You mean THIS is their best friend?
95,116,0,0,30,30,1.0,0.03390317518104052,600,"Best friend or not, you better start singing if you want to get back to that tree"
4616,116,0,0,75,75,1.0,0.013423121104280487,600,It's kind of cute and knows how to sit.Can we take it home with us?
4263,116,0,0,30,30,1.0,0.03390317518104052,600,"So far, we know that he's telepathic and his leader is named Cesar Millan."
4254,116,0,0,30,30,1.0,0.03390317518104052,600,But I'm not a Scotty!!
4147,116,0,0,60,60,1.0,0.016807316136320357,600,Where's your ball?
3786,116,0,0,30,30,1.0,0.03390317518104052,600,"he leads humans,he must be there leader"
3538,116,0,0,30,30,1.0,0.03390317518104052,600,"So everybody else has to hunt and gather, but you can poop on the floor and still get free meals and shelter?"
2799,116,0,0,30,30,1.0,0.03390317518104052,600,Scotty? That looks more like a lab.
2607,116,0,0,30,30,1.0,0.03390317518104052,600,"Must be a leader, as other species attend to his droppings"
2539,116,0,0,30,30,1.0,0.03390317518104052,600,"We said beam me up a Scottie, not just any old mutt"
2443,116,0,0,30,30,1.0,0.03390317518104052,600,"so you're the best friend, but what is man?"
2240,116,0,0,30,30,1.0,0.03390317518104052,600,You should have seen the way his servants picked up after him.
2095,116,0,0,30,30,1.0,0.03390317518104052,600,Just pretend you're their species best friend like you did on the last planet and our conquest should go fine.
1899,116,0,0,30,30,1.0,0.03390317518104052,600,This is not the kind of Rover we needed.
1799,116,0,0,30,30,1.0,0.03390317518104052,600,I think it's some kind of sub-woofer
1211,116,0,0,30,30,1.0,0.03390317518104052,600,It was the smartest creature we could find in the place called DC.
1098,116,0,0,30,30,1.0,0.03390317518104052,600,"Egor, you have nothing to worry about, your AKC documents are in order and your transmission chip is undectable. Just remember to lick him on demand and never chew on his cable TV remote control. As they say, good luck."
1059,116,0,0,30,30,1.0,0.03390317518104052,600,I was transporting their Supreme Being. What? They don’t read from right to left?
671,116,0,0,30,30,1.0,0.03390317518104052,600,I don’t think that we can keep him.
173,116,0,0,30,30,1.0,0.03390317518104052,600,Bill is dyslexic. I told him we are trying to determine if there is a god.
2199,116,0,0,79,79,1.0,0.012739111916124871,600,Who's Timmy and what's a river?
4651,116,0,0,30,30,1.0,0.03390317518104052,600,"Well, it was either him or Donald."
4066,116,0,0,42,42,1.0,0.024098134635593994,600,"Teach us how to make the humans pick up our poop, too."
3331,116,0,0,23,23,1.0,0.044455422447438706,600,Can I stay? It's a dog eat dog World out there!
5099,116,0,0,31,31,1.0,0.032791291789197645,600,"Logically, they would only send the brightest into space first."
4876,116,0,0,31,31,1.0,0.032791291789197645,600,"So when it's time walk it, its' MY dog now?"
4842,116,0,0,31,31,1.0,0.032791291789197645,600,Is it... is he... a good boy?
4824,116,0,0,31,31,1.0,0.032791291789197645,600,Boss says we have to figure out why they worship this thing.
4360,116,0,0,31,31,1.0,0.032791291789197645,600,We came all the way to the Dog Star only to find this?
3943,116,0,0,31,31,1.0,0.032791291789197645,600,I think he's telling us he wants to go out again.
3769,116,0,0,31,31,1.0,0.032791291789197645,600,"If our calculations are correct, they will worship the ground you walk on, they’ll feed you every day and you’ll sleep all you want. Just keep that tail wagging and don’t let on that our takeover is in six of what they call months"
3709,116,0,0,31,31,1.0,0.032791291789197645,600,"We will reach Vega in about 25 light years. For you, multiply that by 7."
3686,116,0,0,31,31,1.0,0.032791291789197645,600,I took him for a space walk last time.
3622,116,0,0,31,31,1.0,0.032791291789197645,600,‘Do you think he has a chip?’
3577,116,0,0,31,31,1.0,0.032791291789197645,600,Close Encounters of the K-9
3568,116,0,0,31,31,1.0,0.032791291789197645,600,"Down, boy."
3322,116,0,0,31,31,1.0,0.032791291789197645,600,"No, we are searching for g-o-d."
2964,116,0,0,31,31,1.0,0.032791291789197645,600,It's just such a...such a good boy
2934,116,0,0,31,31,1.0,0.032791291789197645,600,This must be their leader. It's mere presence makes you feel better.
2835,116,0,0,31,31,1.0,0.032791291789197645,600,You may stand... We are not masters of the universe.
2634,116,0,0,31,31,1.0,0.032791291789197645,600,Do people really pick up your poop?
2563,116,0,0,31,31,1.0,0.032791291789197645,600,"OK, we traveled 10 million miles in light years, but that's only 12 dog years!!"
2022,116,0,0,31,31,1.0,0.032791291789197645,600,Who's turn is it to walk him?
5123,116,0,0,31,31,1.0,0.032791291789197645,600,We can't get him to do anything.
1026,116,0,0,65,65,1.0,0.015504341823651057,600,I don't want to see any more poo floating around...
5437,116,0,0,31,31,1.0,0.032791291789197645,600,Mission complete. Humans are incredibly receptive to obedience.
5627,116,0,0,31,31,1.0,0.032791291789197645,600,Finally .... proof of intelligent life on Planet Earth !!
789,116,0,0,46,46,1.0,0.021979349113192898,600,He appears to speak a tonal language.
478,116,0,0,46,46,1.0,0.021979349113192898,600,It’s Area 357 in dog years.
242,116,0,0,100,100,1.0,0.01005037815259212,600,It looks like the other ship left the probe in.
5439,116,0,0,131,131,1.0,0.007662891493956463,600,My name is Spot. I'm your new best friend.
5561,116,0,0,27,27,1.0,0.03774256780481986,600,"Ok human, please answer one wag for yes and two wags for no ."
5313,116,0,0,27,27,1.0,0.03774256780481986,600,Hope he's not microchipped!
4888,116,0,0,27,27,1.0,0.03774256780481986,600,"The mind scanner indicates receptivity to a ""treat."""
4752,116,0,0,27,27,1.0,0.03774256780481986,600,Ready for your spacewalk?
4417,116,0,0,27,27,1.0,0.03774256780481986,600,""" He is happy... but dumb. I think he is what they call a 'Republican'."
3987,116,0,0,27,27,1.0,0.03774256780481986,600,Don't be fooled by him - they're actually earth's most cunning parasite.
3371,116,0,0,27,27,1.0,0.03774256780481986,600,They're friendlier but smellier than I expected.
2670,116,0,0,27,27,1.0,0.03774256780481986,600,It appears we beamed-up the wrong Scotty!
1571,116,0,0,27,27,1.0,0.03774256780481986,600,"On this planet, you pick up our poop."
1081,116,0,0,27,27,1.0,0.03774256780481986,600,He will teach us love.
580,116,0,0,27,27,1.0,0.03774256780481986,600,Always excited to go for a ride.
1958,116,0,0,58,58,1.0,0.017391961901349125,600,"Fido has to go. Can you beam him out, Scotty?"
5451,116,0,0,89,89,1.0,0.011299615367639217,600,I think we found that very stable genius
3397,116,0,0,89,89,1.0,0.011299615367639217,600,"In many of their residences, he is the head of the house."
5848,116,0,0,31,31,1.0,0.032791291789197645,600,"Rover 11 is cleared for launch, yes he is..."
5471,116,0,0,31,31,1.0,0.032791291789197645,600,"Trust me, he's way more fun than their actual leader."
4851,116,0,0,30,30,1.0,0.03390317518104052,600,Beam me up as a Scottie
4900,116,0,0,30,30,1.0,0.03390317518104052,600,"When they haven't seen you for awhile, they jump, waggle their whole bodies, and lick your face in delight and affection. We'll make a fortune when we get this species back on Roq."
5256,116,0,0,30,30,1.0,0.03390317518104052,600,We'll have space for him.
2361,116,0,0,96,96,1.0,0.010471347707292388,600,"What does this mean,'fire hydrant?'"
2038,116,0,0,32,32,1.0,0.031750031750047626,600,There is intelligent life down there!
1678,116,0,0,32,32,1.0,0.031750031750047626,600,"I play whenever i want, have my meals brought to me and sleep 14 hours a day. and you're the intelligent ones?"
1663,116,0,0,32,32,1.0,0.031750031750047626,600,So when they say “heel” how do you respond without letting them know you’re in charge?
1462,116,0,0,32,32,1.0,0.031750031750047626,600,"As a member of the dominant species on earth, I welcome you."
1448,116,0,0,32,32,1.0,0.031750031750047626,600,Wanna go Space Walkies?
1416,116,0,0,64,64,1.0,0.015748519708717802,600,I think it's time for his spacewalk.
735,116,0,0,32,32,1.0,0.031750031750047626,600,I need to go for a walk!
4711,116,0,0,25,25,1.0,0.040824829046386304,600,"Sparky, this is your third bathroom break in a row!"
4104,116,0,0,25,25,1.0,0.040824829046386304,600,Maybe now she'll go on the pad.
2597,116,0,0,50,50,1.0,0.020203050891044214,600,"No ,I'm not a MAN, I'm a man's best friend !"
2377,116,0,0,25,25,1.0,0.040824829046386304,600,Don't you see? The word god is dog spelled backwards.
308,116,0,0,25,25,1.0,0.040824829046386304,600,We were trying to beam up a newspaper.
3542,116,0,0,43,43,1.0,0.023531040266750583,600,We are sending you to Earth to become man's best friend.
551,116,0,0,43,43,1.0,0.023531040266750583,600,"Well, you did say 'Beam me a rover.'"
494,116,0,0,79,79,1.0,0.012739111916124871,600,I guess you can teach it new tricks.
4853,116,0,0,97,97,1.0,0.010362833403620979,600,The ship sent us the smartest and kindest creature they have.
4592,116,0,0,36,36,1.0,0.028171808490950554,600,This is what happens when you catch a Frisbee.
2925,116,0,0,54,54,1.0,0.018692405136401476,600,Yeah he is the one we want to talk to. The other one was being dragged behind carrying a bag full of feces.
2579,116,0,0,32,32,1.0,0.031750031750047626,600,"Mom, Dad, can we keep him?"
2176,116,0,0,36,36,1.0,0.028171808490950554,600,"Finally, we've found intelligent life."
3064,116,0,0,32,32,1.0,0.031750031750047626,600,The cat says you know where all the bones are buried.
4113,116,0,0,32,32,1.0,0.031750031750047626,600,We think she is one of their important gods.
4868,116,0,0,88,88,1.0,0.011428758022062361,600,"Next, beam up Dr. Dolittle."
3450,116,0,0,60,60,1.0,0.016807316136320357,600,"No, I did compare the two. This must be their President!"
288,116,0,0,60,60,1.0,0.016807316136320357,600,What now?
5308,116,0,0,53,53,1.0,0.019048482943986485,600,What do you think woof means?
3889,116,0,0,53,53,1.0,0.019048482943986485,600,They seem very endearing and obedient.
5612,116,0,0,78,78,1.0,0.012903494352312729,600,"What's that? Little Timmy has fallen into a black hole?"""
4984,116,0,0,39,39,1.0,0.025976216673306556,600,I've always wanted to beam Scotty up
1519,116,0,0,39,39,1.0,0.025976216673306556,600,"Hello, Earthling! Please take us to your leader so we may learn from the greatest of stable geniuses."
5992,116,0,0,32,32,1.0,0.031750031750047626,600,What's Arf? Their city?
5714,116,0,0,32,32,1.0,0.031750031750047626,600,Gets along with others.
5603,116,0,0,32,32,1.0,0.031750031750047626,600,"Look, he is already portal trained."
5470,116,0,0,32,32,1.0,0.031750031750047626,600,"Well, they should be happy - the mission was find friends in the universe."
4992,116,0,0,32,32,1.0,0.031750031750047626,600,"As you can see, earth-beings are very friendly."
4852,116,0,0,32,32,1.0,0.031750031750047626,600,Draxyl! Thank goodness for that HomeAgain microchip!
4602,116,0,0,32,32,1.0,0.031750031750047626,600,"Whoops, I said ""Beam me up Spotty"""
4492,116,0,0,32,32,1.0,0.031750031750047626,600,But how will you walk it?
4459,116,0,0,32,32,1.0,0.031750031750047626,600,Do we have to take you outside for a walk?
4412,116,0,0,32,32,1.0,0.031750031750047626,600,I'm gonna be honest. I'm having second thoughts on incinerating this planet.
4161,116,0,0,32,32,1.0,0.031750031750047626,600,Let’s try this: Who is a good boy?
3121,116,0,0,32,32,1.0,0.031750031750047626,600,It's the humans' only source of happiness
5337,116,0,0,101,101,1.0,0.00995037190209989,600,"No, YOU do the anal probe."
1052,116,0,0,47,47,1.0,0.021506619680967013,600,Now who's a good little Earthling? Who? You!
5252,116,0,0,29,29,1.0,0.03509312031717982,600,You did well with the bone. Now I need you to fetch my other clone.
4187,116,0,0,52,52,1.0,0.019418390934515434,600,He followed us home.
4063,116,0,0,26,26,1.0,0.03922322702763681,600,"There was also a cat, but he ate it."
3798,116,0,0,26,26,1.0,0.03922322702763681,600,Timmy's in trouble. Let's follow him to Timmy!!
3725,116,0,0,78,78,1.0,0.012903494352312729,600,As long as it doesn't bark in the middle of the night...
3304,116,0,0,26,26,1.0,0.03922322702763681,600,We want to learn how you train your master to carry your feces.
3830,116,0,0,82,82,1.0,0.012270169563871839,600,Are you sure? We were told your leader was a Golden Lad.
2898,116,0,0,82,82,1.0,0.012270169563871839,600,We're out of guesses. Throw us a bone. What is your purpose?
1394,116,0,0,41,41,1.0,0.02469323991623974,600,A dog star...get serious.....
3010,116,0,0,56,56,1.0,0.01801874925391118,600,What? Timmy fell down a black hole? Then there's nothing we can do.
5572,116,0,0,86,86,1.0,0.011696106429438607,600,"I asked the computer ""Who's a good boy?"" and this showed up."
3335,116,0,0,86,86,1.0,0.011696106429438607,600,What is it Lassie? Timmy’s fallen into a gravity well?
5866,116,0,0,105,105,1.0,0.009569487529386909,600,"All well and good, but where in space are we going to find a tree?"
5734,116,0,0,30,30,1.0,0.03390317518104052,600,"I asked for Cpt. Spock, not Cpt. Spot. I swear Siri never gets it right."
5673,116,0,0,75,75,1.0,0.013423121104280487,600,Let's ask Mom if we can keep him.
5615,116,0,0,30,30,1.0,0.03390317518104052,600,Who wants to go out for the spacewalk today?
5538,116,0,0,30,30,1.0,0.03390317518104052,600,"This IS the most powerful creature on earth, sir--we saw humans picking up its poop."
5448,116,0,0,30,30,1.0,0.03390317518104052,600,"At last, a species more advanced than us at anal probing."
5372,116,0,0,30,30,1.0,0.03390317518104052,600,He followed me home - can I keep him?
5282,116,0,0,30,30,1.0,0.03390317518104052,600,Oops! Scotty has been beamed up.
4656,116,0,0,52,52,1.0,0.019418390934515434,600,"We captured his copilot, according to his bumper sticker."
4964,116,0,0,52,52,1.0,0.019418390934515434,600,"All my life, I've been hunting for someone who understands me."
5450,116,0,0,26,26,1.0,0.03922322702763681,600,This is the dominant species on the planet
4111,116,0,0,89,89,1.0,0.011299615367639217,600,We have ways to make you talk.
5244,116,0,0,29,29,1.0,0.03509312031717982,600,"""No, I said I wanted the 'Mars' Rover."
3569,116,0,0,29,29,1.0,0.03509312031717982,600,"I don't know, it just followed me home."
3222,116,0,0,29,29,1.0,0.03509312031717982,600,"So, tell us again how our light-year is different from a dog light-year."
3086,116,0,0,29,29,1.0,0.03509312031717982,600,"I said ""Beam us up A Scotty."" This one looks more like a Lab."
2708,116,0,0,58,58,1.0,0.017391961901349125,600,Who's a good Earthling? Yes you are. Yes you are.
1257,116,0,0,29,29,1.0,0.03509312031717982,600,So it is your kind that is actually the master.
1200,116,0,0,29,29,1.0,0.03509312031717982,600,"Oh for God's sake, not again! Put it over there with the girl scout and the potted plant."
1453,116,0,0,40,40,1.0,0.025318484177091666,600,This one has trained the humans to pick up his waste.
1402,116,0,0,40,40,1.0,0.025318484177091666,600,He's hoping we know who's a good boy.
1770,116,0,0,31,31,1.0,0.032791291789197645,600,He must be the higher of the two species--he can scratch his ears with his feet!
5711,116,0,0,91,91,1.0,0.011049892402196598,600,He knows where the bones of the lost expedition are buries.
1967,116,0,0,51,51,1.0,0.019802950859533486,600,We've just beamed him up and he seems like my best friend.
2236,116,0,0,95,95,1.0,0.010582158705422128,600,"Oh, you read left to right - we thought you were their god."
5386,116,0,0,55,55,1.0,0.018349396085439344,600,What did you do with our report to the Fleet Commander?
1762,116,0,0,55,55,1.0,0.018349396085439344,600,Hope you're smarter than the two-legged ones.
1389,116,0,0,44,44,1.0,0.022990024493585143,600,All that moon barking is starting to get on our nerves.
1693,116,0,0,37,37,1.0,0.02739983121755955,600,I have easily gained the trust of the humans; it is the feline population that is proving more difficult to infiltrate.
693,116,0,0,37,37,1.0,0.02739983121755955,600,"Okay fellas, let's give this rover a try."
830,116,0,0,100,100,1.0,0.01005037815259212,600,I think he likes me!
3103,116,0,0,63,63,1.0,0.01600051202457731,600,"Who beamed the dog up? (Who, who-who, who?!)"
4365,116,0,0,102,102,1.0,0.009852336290568345,600,"He was attended by a two-legged, hairless servant."
1686,116,0,0,31,31,1.0,0.032791291789197645,600,Please tell your species to stop trying to fetch our disks.
1591,116,0,0,31,31,1.0,0.032791291789197645,600,"Beam him up, Spotty."
1508,116,0,0,31,31,1.0,0.032791291789197645,600,We can't take you for a walk but we can take you to meet our leader.
165,116,0,0,75,75,1.0,0.013423121104280487,600,Couldn't they have taken him out to poop before we beamed him up?
5523,116,0,0,46,46,1.0,0.021979349113192898,600,"Yes, yes, of course she is a rescue."
1919,116,0,0,46,46,1.0,0.021979349113192898,600,"Tell us more about this ""Frisbee"" from your planet."
5663,116,0,0,67,67,1.0,0.015038019057934237,600,"Finally, an earthling pleased and grateful to be beamed up."
5057,116,0,0,63,63,1.0,0.01600051202457731,600,Who’s turn is it to take him for a space walk?
5050,116,0,0,63,63,1.0,0.01600051202457731,600,"Apparently, he mistook us for something called a ""Frisbee""."
3238,116,0,0,42,42,1.0,0.024098134635593994,600,We'll call him Lunar Rover.
2272,116,0,0,42,42,1.0,0.024098134635593994,600,Obviously a superior intelligence.
93,116,0,0,42,42,1.0,0.024098134635593994,600,"....it was easy, a little peanut butter and he'd follow me anywhere."
5497,116,0,0,38,38,1.0,0.02666903735313325,600,I promise I’ll take him for a space walk three times a day!
5144,116,0,0,76,76,1.0,0.013245323570650438,600,This is not the Rover we wanted
4355,116,0,0,38,38,1.0,0.02666903735313325,600,This organism appears to have a pet that cleans up after him.
1957,116,0,0,38,38,1.0,0.02666903735313325,600,"Finally, a life-form in the universe that likes us."
364,116,0,0,38,38,1.0,0.02666903735313325,600,He forgot the frisbee...
252,116,0,0,38,38,1.0,0.02666903735313325,600,Do you remember when we looked like him?
2575,116,0,0,93,93,1.0,0.010810968751610264,600,"Whatever you do, dont send me to Korea again"
2630,116,0,0,55,55,1.0,0.018349396085439344,600,I don't know why they like humans either.
2764,116,0,0,72,72,1.0,0.013986355971611485,600,"They're better looking than we thought, but not as talkative."
3221,116,0,0,140,140,1.0,0.00716850482732654,600,So this is a bagel?
2868,116,0,0,100,100,1.0,0.01005037815259212,600,"So, how do you get them to pick up your poop?"
5928,116,0,0,34,34,1.0,0.029854071701326604,600,"He came with a note: ""We send you man's best friend."""
561,116,0,0,54,54,1.0,0.018692405136401476,600,Why isn’t he their leader....he’s more intelligent?
2352,116,0,0,29,29,1.0,0.03509312031717982,600,He seems to be the only Earth creature who's excited to see us again.
1658,116,0,0,33,33,1.0,0.030772872744833184,600,I have to go back I’m afraid. They are so stupid that they keep messing up my research.
1586,116,0,0,33,33,1.0,0.030772872744833184,600,Lets keep him and call him Spacey!
1471,116,0,0,33,33,1.0,0.030772872744833184,600,The dyslexic Martians' search for God was doomed from the beginning.
1411,116,0,0,33,33,1.0,0.030772872744833184,600,Can we keep her?
1383,116,0,0,33,33,1.0,0.030772872744833184,600,"You're, like, really smart."
1272,116,0,0,33,33,1.0,0.030772872744833184,600,Stage One of our invasion plan is working perfectly. They now universally regard K9 as 'Man's Best Friend'.
1264,116,0,0,33,33,1.0,0.030772872744833184,600,Can we keep him!? Oh Pleease!? Can we keep him!? Can we keep him!? I'll float in zero gravity with him everyday! I promise!
1050,116,0,0,33,33,1.0,0.030772872744833184,600,Mans' best friend is sending message: take me out to play NOW.
912,116,0,0,33,33,1.0,0.030772872744833184,600,I sure hope he's spaceship trained.
808,116,0,0,33,33,1.0,0.030772872744833184,600,"Remember that transmission about a hound dog? Well, this is it!"
786,116,0,0,33,33,1.0,0.030772872744833184,600,"Dammit- I said ""Beam me up a Scottie"""
738,116,0,0,33,33,1.0,0.030772872744833184,600,I said 'God'. We need to find God!
556,116,0,0,33,33,1.0,0.030772872744833184,600,You're sure that THIS is man's best friend?!!
426,116,0,0,33,33,1.0,0.030772872744833184,600,We've got to learn what he knows. He's got them following him around picking up his crap.
410,116,0,0,33,33,1.0,0.030772872744833184,600,Don't be fooled by its friendly demeanor. They've managed to get the humans to cater to their every need.
197,116,0,0,33,33,1.0,0.030772872744833184,600,After much research we declare this the master species.
114,116,0,0,33,33,1.0,0.030772872744833184,600,"I think this is the wrong ""Scottie"""
2811,116,0,0,29,29,1.0,0.03509312031717982,600,You like Tang?
2682,116,0,0,29,29,1.0,0.03509312031717982,600,"Excellent disguise, Zendrx. Remember, chase felines and sniff crotches."
629,116,0,0,29,29,1.0,0.03509312031717982,600,"He’ll take us to his Master. Apparently, his Leader has an attitude toward aliens."
5913,116,0,0,34,34,1.0,0.029854071701326604,600,Great...another retriever looking for his abducted master
5755,116,0,0,34,34,1.0,0.029854071701326604,600,He needs to go out again
5432,116,0,0,51,51,1.0,0.019802950859533486,600,We can help you heal.
306,116,0,0,64,64,1.0,0.015748519708717802,600,Humans reverently follow and collect nuggets of wisdom dropped by them.
4800,116,0,0,30,30,1.0,0.03390317518104052,600,Does it think our ship is shithole?
4302,116,0,0,30,30,1.0,0.03390317518104052,600,Humans love them so let's try it. Medium rare?
3631,116,0,0,30,30,1.0,0.03390317518104052,600,They seem to be very eager to please.
3151,116,0,0,30,30,1.0,0.03390317518104052,600,Aren't these things supposed to come with a little plastic bag?
1241,116,0,0,30,30,1.0,0.03390317518104052,600,Remember agent K9 all we need is their biscuit technology
216,116,0,0,30,30,1.0,0.03390317518104052,600,"How did you train them to feed and walk you, pick up your discharges and still adore you?"
3792,116,0,0,43,43,1.0,0.023531040266750583,600,Laika warned us some of you would be wise asses...
2847,116,0,0,43,43,1.0,0.023531040266750583,600,Fetch the “Beam Me Up” machine engineer. That’s not a Scottie.
2401,116,0,0,43,43,1.0,0.023531040266750583,600,"Hi guys, you haven't received a memo from PETA about new teleportation program?"
5670,116,0,0,112,112,1.0,0.00896870004167719,600,"He knows sit, stay, fetch, and beam me up."
4040,116,0,0,69,69,1.0,0.014598929061844594,600,"They told me they would send the male USPS."" I don't know what that means."
5524,116,0,0,95,95,1.0,0.010582158705422128,600,He wants to know what level the hydrants are on.......
5823,116,0,0,39,39,1.0,0.025976216673306556,600,"Happy thanksgiving, yall."
3817,116,0,0,39,39,1.0,0.025976216673306556,600,I set it to find a very stable genius
3253,116,0,0,130,130,1.0,0.007722065279990304,600,Don’t take us to your leader.
3424,116,0,0,48,48,1.0,0.021053798026662972,600,"Ok, whose turn is it to take him out for a walk?"
280,116,0,0,48,48,1.0,0.021053798026662972,600,This earthling is so much better than we expected!
4272,116,0,0,35,35,1.0,0.028988551782622423,600,"I told you,'beam him up Scotty' is not what we meant."
36,116,0,0,34,34,1.0,0.029854071701326604,600,OK! Now that your safely back tell us what you learned.
295,116,0,0,34,34,1.0,0.029854071701326604,600,"Can you be our best friend, too?"
339,116,0,0,136,136,1.0,0.0073801240461674605,600,Ask it if it knows a good boy.
723,116,0,0,34,34,1.0,0.029854071701326604,600,This is going to be easier than we thought
5380,116,0,0,34,34,1.0,0.029854071701326604,600,"Remember, Zlork, this process will give you 72 earth-hours to learn their weaknesses. Whoever you come across, just act like their best friend."
5254,116,0,0,34,34,1.0,0.029854071701326604,600,I thought we were getting a Scotty.
4988,116,0,0,34,34,1.0,0.029854071701326604,600,The tail is still. It's the craft that's wagging
4259,116,0,0,51,51,1.0,0.019802950859533486,600,"As you ordered Commander, I just about to deliver my report on this Earth beast to you this morning but the beast ate it."
4078,116,0,0,34,34,1.0,0.029854071701326604,600,"So, one if by land and two if by sea?"
3985,116,0,0,34,34,1.0,0.029854071701326604,600,He’s here to help us mark our territory.
3810,116,0,0,34,34,1.0,0.029854071701326604,600,"Hmmm, doesn't say anything, shakes his tail, appears friendly. Gentlemen, based on what we know of Earth, this must be President Trump."
3715,116,0,0,34,34,1.0,0.029854071701326604,600,I'm confused. He seems so much more intelligent than the two-legged creatures who boss him around.
3504,116,0,0,34,34,1.0,0.029854071701326604,600,It's your turn to space walk him.
1794,116,0,0,33,33,1.0,0.030772872744833184,600,His walker didn't make it.
2894,116,0,0,34,34,1.0,0.029854071701326604,600,"Uh Oh, I think he needs to be walked."
2480,116,0,0,34,34,1.0,0.029854071701326604,600,"It appears these earth-dwellers are more intelligent, loyal and adorable than we had anticipated..."
2459,116,0,0,34,34,1.0,0.029854071701326604,600,Who's a good zyxtlotl?
2161,116,0,0,34,34,1.0,0.029854071701326604,600,"Earthling, you act like you’ve lost your best friend."
2110,116,0,0,34,34,1.0,0.029854071701326604,600,Who wants to go out for a space walk? Good boy!
1833,116,0,0,34,34,1.0,0.029854071701326604,600,"Yes, I'm sure these are the ones in charge. The humans walk behind and collect their remains!"
1749,116,0,0,34,34,1.0,0.029854071701326604,600,All it says is woof. What do you think that means?
1269,116,0,0,51,51,1.0,0.019802950859533486,600,We think it's that stable genius leader they're all talking about. Our AI machines confirm this is one mean son of a bitch.
1145,116,0,0,34,34,1.0,0.029854071701326604,600,He actually probed himself!
1029,116,0,0,34,34,1.0,0.029854071701326604,600,Go forth and leave piles of waste across the globe.
2711,116,0,0,34,34,1.0,0.029854071701326604,600,This Earthly wanted to check out OUR butt
289,116,0,0,28,28,1.0,0.036369648372665396,600,That's not Scotty.
1938,116,0,0,33,33,1.0,0.030772872744833184,600,"Bone me up, Scotty!"
2179,116,0,0,33,33,1.0,0.030772872744833184,600,Yes we can rid your planet of the two legged parasite.
3888,116,0,0,102,102,1.0,0.009852336290568345,600,Is Timmy in trouble?
5072,116,0,0,114,114,1.0,0.008810658179868874,600,The biped asked too many questions.
5891,116,0,0,63,63,1.0,0.01600051202457731,600,"So, how do you keep humans thinking they're in charge?"
654,116,0,0,75,75,1.0,0.013423121104280487,600,After monitoring your President Trump for a year we have concluded you are the only source of intelligence on your planet. Want a bone?
6037,116,0,0,87,87,1.0,0.01156088678177274,600,"I thought you said ""Bark side of the moon"""
4471,116,0,0,28,28,1.0,0.036369648372665396,600,When a dog's gotta go. A dog's gotta go.
4088,116,0,0,48,48,1.0,0.021053798026662972,600,This is the leader. I saw the bi-peds serving him.
3890,116,0,0,32,32,1.0,0.031750031750047626,600,Deities. They pull humanoids on a chain behind them to clean up their divine excrement.
3546,116,0,0,36,36,1.0,0.028171808490950554,600,"No, I don't have your tennis ball."
3306,116,0,0,44,44,1.0,0.022990024493585143,600,"Hmm...this is somewhat confusing because his telepathic message is definitely done cryptically. His message is, ""Hurry! The bag! The plastic bag!"""
3204,116,0,0,36,36,1.0,0.028171808490950554,600,Where in the hell are we going to walk him
3174,116,0,0,52,52,1.0,0.019418390934515434,600,And you said we wouldn't like humans
3042,116,0,0,80,80,1.0,0.01257886513566569,600,Tell us more about your motivation in catching flying disks
2323,116,0,0,36,36,1.0,0.028171808490950554,600,I told you we'd find intelligent life.
2019,116,0,0,28,28,1.0,0.036369648372665396,600,The biped slave that was with it caters to its every need. Must be some kind of telepathic mind control.
1723,116,0,0,68,68,1.0,0.014815221273648994,600,Do you know Dr. Sheldon Cooper?
1320,116,0,0,32,32,1.0,0.031750031750047626,600,Should we pet it or eat it?
1512,116,0,0,113,113,1.0,0.008888976681684724,600,Trust me. Pluto has not run off and left you.
1417,116,0,0,109,109,1.0,0.009216687726822183,600,We told you to beam back THE rover.
5927,116,0,0,43,43,1.0,0.023531040266750583,600,This must be the famous Mars Rover!
1651,116,0,0,69,69,1.0,0.014598929061844594,600,You're WHOSE best friend?
1129,116,0,0,39,39,1.0,0.025976216673306556,600,"Geez, is it just me or does Stan look 7 years older?"
5029,116,0,0,39,39,1.0,0.025976216673306556,600,Check his collar. See what galaxy he's from.
1494,116,0,0,31,31,1.0,0.032791291789197645,600,And then Oprah became queen.
1456,116,0,0,31,31,1.0,0.032791291789197645,600,What a cutie-pie! WHO'S a valuable specimen? YOU'RE a valuable specimen!
1449,116,0,0,31,31,1.0,0.032791291789197645,600,"Should we send them the dog now, or just see what evolves?"
829,116,0,0,31,31,1.0,0.032791291789197645,600,I found this dog peeing on our particle accelerator.
656,116,0,0,31,31,1.0,0.032791291789197645,600,"We have captured Earth's supreme ruler. No other earthling can do nothing all day, defecate where ever they want or hump someone's leg without severe ramifications."
192,116,0,0,31,31,1.0,0.032791291789197645,600,"Zorg, it is your turn to spacewalk the dog."
117,116,0,0,31,31,1.0,0.032791291789197645,600,"As the most intelligent life in your capital, your friendship is important to us."
2314,116,0,0,66,66,1.0,0.015267620413811482,600,"This arrived from a distant Galaxy, he responds well to the word ""Fetch"""
1259,116,0,0,101,101,1.0,0.00995037190209989,600,So which one of you is your group's very stable genius?
5294,116,0,0,35,35,1.0,0.028988551782622423,600,"As always, when you get home, tell no one ...."
4055,116,0,0,35,35,1.0,0.028988551782622423,600,It is said to be man's best friend.
3630,116,0,0,35,35,1.0,0.028988551782622423,600,Behold! The Mars rover!
3514,116,0,0,35,35,1.0,0.028988551782622423,600,When we saw the bipeds picking up excretions we knew which species was in control.
3512,116,0,0,35,35,1.0,0.028988551782622423,600,What happened? We wanted a Scottie.
3473,116,0,0,35,35,1.0,0.028988551782622423,600,At least he licked me. The other tall creatures ran away screaming!
2949,116,0,0,35,35,1.0,0.028988551782622423,600,Our scanners show this is the most intelligent creature on the planet Earth.
2523,116,0,0,35,35,1.0,0.028988551782622423,600,He only knows one word.
2405,116,0,0,35,35,1.0,0.028988551782622423,600,Be a good doggy and bring us the paper.
1283,116,0,0,35,35,1.0,0.028988551782622423,600,And why are we supposed to repeatedly ask you if you are a ‘good boy?’
2665,116,0,0,39,39,1.0,0.025976216673306556,600,He seemed friendly.
3194,116,0,0,57,57,1.0,0.01769980813511972,600,One step for mankind . One giant step for wireless fences
4283,116,0,0,53,53,1.0,0.019048482943986485,600,That is not a Scotty.
4081,116,0,0,49,49,1.0,0.020619652471058063,600,Our first rescue.
5302,116,0,0,33,33,1.0,0.030772872744833184,600,"Ok, but he’s your responsibility."
5146,116,0,0,33,33,1.0,0.030772872744833184,600,"Good boy Zorg! Now that you've got them poop-n'-scoopin', we can begin the invasion!"
4961,116,0,0,33,33,1.0,0.030772872744833184,600,"I think it said there is something wrong with our roof, roof?"
4950,116,0,0,33,33,1.0,0.030772872744833184,600,Didn't I tell you to stop letting your kids use the Tractor Beam?
4897,116,0,0,33,33,1.0,0.030772872744833184,600,Yeht llac ti 'god'
4740,116,0,0,33,33,1.0,0.030772872744833184,600,"That's a good question, but we don't know who the good dog is, either."
4723,116,0,0,33,33,1.0,0.030772872744833184,600,"No, just because we are followed by two legged creatures on a tether, picking up our droppings, does NOT mean that we are the dominant species on our planet!"
4627,116,0,0,33,33,1.0,0.030772872744833184,600,"“”Well, considering he’s from that shithole planet, he seems pretty friendly."
4425,116,0,0,33,33,1.0,0.030772872744833184,600,Are you sure I won't be noticed in this costume?
4087,116,0,0,33,33,1.0,0.030772872744833184,600,Did he just shit on the new teleporter?
4036,116,0,0,33,33,1.0,0.030772872744833184,600,you're not a Scottie.
3901,116,0,0,33,33,1.0,0.030772872744833184,600,Your leader is trapped down a well?
3822,116,0,0,33,33,1.0,0.030772872744833184,600,You're not Scotty.
3534,116,0,0,33,33,1.0,0.030772872744833184,600,You’d think we could have designed the ship with a dog walk so we wouldn’t have to find a planet three times a day to beam him down to.
3524,116,0,0,33,33,1.0,0.030772872744833184,600,"We were right, a ""heckin good pupper"" is just a dog."
3383,116,0,0,33,33,1.0,0.030772872744833184,600,I think he wants to go for a walk!
3370,116,0,0,33,33,1.0,0.030772872744833184,600,Were we supposed to fetch the stick or the dog?
3303,116,0,0,33,33,1.0,0.030772872744833184,600,"There was another species with it. Had only two feet, but it ran away."
2656,116,0,0,33,33,1.0,0.030772872744833184,600,Siriusly?
5404,116,0,0,33,33,1.0,0.030772872744833184,600,You beamed up Spotty not Scotty.
5427,116,0,0,33,33,1.0,0.030772872744833184,600,Send him back. I’m more or a cat person.
5478,116,0,0,33,33,1.0,0.030772872744833184,600,"I know, right? It's our go-to place to get the real poop, too!"
5488,116,0,0,33,33,1.0,0.030772872744833184,600,Are you sure you requested an audience with their God?
4005,116,0,0,49,49,1.0,0.020619652471058063,600,"Houston, we have a problem."
2091,116,0,0,98,98,1.0,0.010256545123110545,600,"We await your orders, our Supreme Leader."
4336,116,0,0,45,45,1.0,0.022473328748774737,600,I thought you were going to beam me up a Scottie.
3295,116,0,0,45,45,1.0,0.022473328748774737,600,We can keep him only if you promise to walk him.
2635,116,0,0,82,82,1.0,0.012270169563871839,600,Seems logical that this is the ruling species of such an infantile planet.
2488,116,0,0,41,41,1.0,0.02469323991623974,600,"Finally, we found intelligent life on earth."
853,116,0,0,41,41,1.0,0.02469323991623974,600,We decided to start with the most intelligent life form we could find.
6000,116,0,0,37,37,1.0,0.02739983121755955,600,They took us to their leader.
5935,116,0,0,37,37,1.0,0.02739983121755955,600,What's the Lassie? Xralnach's caught in a gravity well?
2134,116,0,0,33,33,1.0,0.030772872744833184,600,He seems pretty happy for a being that eats its own poop.
5622,116,0,0,37,37,1.0,0.02739983121755955,600,"What do you mean, you have to go out?"
4404,116,0,0,37,37,1.0,0.02739983121755955,600,"I say, send him up to some shithole or else he’ll be, you know, all over this place"
3476,116,0,0,37,37,1.0,0.02739983121755955,600,He is the best friend the leader ever had.
2633,116,0,0,37,37,1.0,0.02739983121755955,600,And don't even get me started about his tweeting.
1454,116,0,0,37,37,1.0,0.02739983121755955,600,"He said, ""Beam me up a Scottie,"" right?"
5968,116,0,0,33,33,1.0,0.030772872744833184,600,"According to his humans he can not only tell us who a good dog is, he can tell us who the best dog is."
5719,116,0,0,33,33,1.0,0.030772872744833184,600,I believe I requested to beam me up a Scottie.
5608,116,0,0,33,33,1.0,0.030772872744833184,600,You're not Scotty.
5598,116,0,0,33,33,1.0,0.030772872744833184,600,"What's that boy, Timmy has fallen down the space time vortex well?"
5508,116,0,0,33,33,1.0,0.030772872744833184,600,"Naw, this can't be right, do it over... this time order the pizza 'without any meat toppings' ."
4925,116,0,0,37,37,1.0,0.02739983121755955,600,"Tell us again, why couldn't you infiltrate the White House this time?"
1452,116,0,0,79,79,1.0,0.012739111916124871,600,I told you we should have gotten here before 2020
318,116,0,0,28,28,1.0,0.036369648372665396,600,Their anal probes are way different from ours!
464,116,0,0,56,56,1.0,0.01801874925391118,600,Sorry. All Earthlings look the same to us.
2725,116,0,0,32,32,1.0,0.031750031750047626,600,"I told you, because they can."
2623,116,0,0,32,32,1.0,0.031750031750047626,600,"I am not sure Mom and Dad are going to believe he ""just followed us home"" since we used the tractor beam."
2537,116,0,0,48,48,1.0,0.021053798026662972,600,I would like to introduce you all to our new Rover.
2099,116,0,0,32,32,1.0,0.031750031750047626,600,"""Greetings canine, we come in peace & we speak fluent 'dog'. Having observed your planet's supposed 'leader' for several months now, we decided to abduct you as we believe you can provide a better insight into your World than that orange beast""."
1203,116,0,0,32,32,1.0,0.031750031750047626,600,Praise be to you oh great one!
239,116,0,0,32,32,1.0,0.031750031750047626,600,Now what we have to learn is: is he the master or the pet?
3896,116,0,0,45,45,1.0,0.022473328748774737,600,We WON'T be sending this one back.
3275,116,0,0,45,45,1.0,0.022473328748774737,600,Why don't we use him as the logo for our Recording Communications Affiliates?
975,116,0,0,90,90,1.0,0.011173358719233181,600,"I'll take bachelor #1, but I think you guys have lost something in the translation. This isn't quite how the show works."
156,116,0,0,45,45,1.0,0.022473328748774737,600,I think this species will become our best friends.
5897,116,0,0,29,29,1.0,0.03509312031717982,600,I think this one will make us look less alien at Westminster
5770,116,0,0,29,29,1.0,0.03509312031717982,600,"... and if you hear them say 'neuter,' phone home. Good luck, Maximus."
5684,116,0,0,29,29,1.0,0.03509312031717982,600,Obviously the navigational instrument is out of whack: it keeps wagging back and forth
5675,116,0,0,29,29,1.0,0.03509312031717982,600,"Who's the best little space buddy, what a good boy."
5407,116,0,0,29,29,1.0,0.03509312031717982,600,Zal-Tron will never believe he followed us home.
5382,116,0,0,29,29,1.0,0.03509312031717982,600,Man's best friend is much cuter.
5334,116,0,0,29,29,1.0,0.03509312031717982,600,I think he needs to go outside.
5289,116,0,0,29,29,1.0,0.03509312031717982,600,"Don't probe, just sniff"
5086,116,0,0,29,29,1.0,0.03509312031717982,600,Apparently a substance of great value is emitted from it's posterior. Humans gather it immediately.
2870,116,0,0,48,48,1.0,0.021053798026662972,600,"This IS the most intelligent being from Earth planet “Washington, D.C.!"
5082,116,0,0,29,29,1.0,0.03509312031717982,600,You can tell he understands everything we say! See how his tail wags?
6004,116,0,0,32,32,1.0,0.031750031750047626,600,The alien seems friendly.
4587,116,0,0,83,83,1.0,0.012121434739137725,600,What a strange tale.
5648,116,0,0,66,66,1.0,0.015267620413811482,600,It's a U arf O!
5398,116,0,0,22,22,1.0,0.046524210519923545,600,"You see, aliens are nude."
4678,116,0,0,22,22,1.0,0.046524210519923545,600,"Okay, this time when you go back, learn the meaning of ""fetch""."
4381,116,0,0,22,22,1.0,0.046524210519923545,600,"Did someone say, ""Beam me up a doggie""?"
3097,116,0,0,22,22,1.0,0.046524210519923545,600,We forgot to bring newspapers
2540,116,0,0,22,22,1.0,0.046524210519923545,600,Can’t you wait?
1232,116,0,0,22,22,1.0,0.046524210519923545,600,"It's a good gig. No work, food and belly scratching on demand."
5482,116,0,0,63,63,1.0,0.01600051202457731,600,"If you want a friend on earth, get a dog."
5604,116,0,0,98,98,1.0,0.010256545123110545,600,What's the big deal about 'going for a walk'?
4858,116,0,0,38,38,1.0,0.02666903735313325,600,so that is how we took over the human race.
2589,116,0,0,38,38,1.0,0.02666903735313325,600,“He came with instructions to walk him outside”.
1660,116,0,0,38,38,1.0,0.02666903735313325,600,Tell us more about this evil cat creature.
1338,116,0,0,76,76,1.0,0.013245323570650438,600,Might you consider a new best friend?
126,116,0,0,38,38,1.0,0.02666903735313325,600,It’s the planet’s only trustworhy interlocutor
5865,116,0,0,35,35,1.0,0.028988551782622423,600,I am going to follow him home.
3237,116,0,0,35,35,1.0,0.028988551782622423,600,I vote we skip the anal probe.
1415,116,0,0,51,51,1.0,0.019802950859533486,600,And you sit home all day on the couch while your master goes to work?!
5393,116,0,0,67,67,1.0,0.015038019057934237,600,"Sorry, we have no Bones on this Starship."
4427,116,0,0,67,67,1.0,0.015038019057934237,600,We've never beamed something so happy to see us.
3532,116,0,0,83,83,1.0,0.012121434739137725,600,Why is he dragging his butt like that?
2940,116,0,0,47,47,1.0,0.021506619680967013,600,"Careful Carl, once his tail starts to shake and he gives you that glare - he is going to try to make you love him."
4889,116,0,0,29,29,1.0,0.03509312031717982,600,"On his planet, the little ones say he eats a lot of homework."
4268,116,0,0,29,29,1.0,0.03509312031717982,600,"Is it me, or has this world gone to the dogs?"
1366,116,0,0,29,29,1.0,0.03509312031717982,600,We may have teleported the wrong leader.
1267,116,0,0,29,29,1.0,0.03509312031717982,600,It's your turn to take him for a walk.
1038,116,0,0,29,29,1.0,0.03509312031717982,600,"We’re fascinated by the whole wolf half-brother thing, but actually it's your best friend we wanted to talk about."
746,116,0,0,29,29,1.0,0.03509312031717982,600,"You walk him."" ""No, you walk him."" ""Where? How?"
697,116,0,0,29,29,1.0,0.03509312031717982,600,"1600 hasn't seen anyone like you in some time, but you'll immediately be the smartest in the House."
657,116,0,0,29,29,1.0,0.03509312031717982,600,"Ironically I would have thought this is what they would look like if they came from the planet named ""Pluto""."
553,116,0,0,29,29,1.0,0.03509312031717982,600,"Honestly, this has nothing to do with Mr. Whiskers from apartment 320."
56,116,0,0,29,29,1.0,0.03509312031717982,600,Earthlings are about as intelligent as I imagined.
5296,116,0,0,42,42,1.0,0.024098134635593994,600,Our first alien interaction...it took days to get the hair out of the carpet
3355,116,0,0,42,42,1.0,0.024098134635593994,600,I'm amazed that we found a planet where they speak our language.
2617,116,0,0,42,42,1.0,0.024098134635593994,600,Would you like a Mars bar?
6010,116,0,0,26,26,1.0,0.03922322702763681,600,"He thought he heard me say, ""Beam me up, Doggie."""
5924,116,0,0,26,26,1.0,0.03922322702763681,600,"How old is 20,000 years divided by seven?"
5592,116,0,0,26,26,1.0,0.03922322702763681,600,Apparently its willingness to negotiate our takeover of the Earth hinges on the throwing of a stick.
5459,116,0,0,26,26,1.0,0.03922322702763681,600,Let's call hime Rover.
4416,116,0,0,26,26,1.0,0.03922322702763681,600,Canis Major or Canis Minor? Wag once for Major and twice for Minor.
4117,116,0,0,26,26,1.0,0.03922322702763681,600,Thanks. It’s a Dog eat Dog world down there.
2094,116,0,0,26,26,1.0,0.03922322702763681,600,Laika.. What's yours?
2065,116,0,0,26,26,1.0,0.03922322702763681,600,I'm pretty sure we can get away with saying 'he's a therapy dog'.
1371,116,0,0,29,29,1.0,0.03509312031717982,600,He's friendlier than the two legged critters he lives with.
4378,116,0,0,29,29,1.0,0.03509312031717982,600,I wonder how old he is in light-years.
1427,116,0,0,29,29,1.0,0.03509312031717982,600,The other species was picking up his poop.
1638,116,0,0,29,29,1.0,0.03509312031717982,600,"You promised me humans were hypoallergenic, Barry."
4233,116,0,0,29,29,1.0,0.03509312031717982,600,I don't know...he does 'look' more intelligent than the others.
4220,116,0,0,29,29,1.0,0.03509312031717982,600,He's a rescue. From Earth.
4188,116,0,0,29,29,1.0,0.03509312031717982,600,Wisely spoken. Life is rough! rough! across the known Universe.
4163,116,0,0,29,29,1.0,0.03509312031717982,600,You think you can just jump up and catch us in your teeth?
4122,116,0,0,29,29,1.0,0.03509312031717982,600,He'll never go potty while we stand and watch.
3613,116,0,0,29,29,1.0,0.03509312031717982,600,"I said, ""Beam me up a Scotty"", not a Lab."
3510,116,0,0,29,29,1.0,0.03509312031717982,600,We assume you're the dominant species on your planet since you get to lie around all day and pee anywhere you want.
3404,116,0,0,29,29,1.0,0.03509312031717982,600,"I believe he said, ""Beam me up, Scotty,"" not, ""Beam me up a Scottie."""
3373,116,0,0,29,29,1.0,0.03509312031717982,600,They walk behind it and worship it's waste.
3157,116,0,0,29,29,1.0,0.03509312031717982,600,What's that boy? Zoltan is trapped inside a black hole?
2897,116,0,0,29,29,1.0,0.03509312031717982,600,He asked if there were a hydrant nearby
2810,116,0,0,29,29,1.0,0.03509312031717982,600,"Please tell us, what is in those plastic bags you have your slaves collect for you?"
2709,116,0,0,29,29,1.0,0.03509312031717982,600,Could that be Finnish that he is speaking?
2310,116,0,0,29,29,1.0,0.03509312031717982,600,It's your turn to walk him.
2277,116,0,0,29,29,1.0,0.03509312031717982,600,It's like he senses that we are from Uranus.
2074,116,0,0,29,29,1.0,0.03509312031717982,600,The cosmic medium has arrived!
2032,116,0,0,29,29,1.0,0.03509312031717982,600,"Using the universal translator I said ""Take me to your leader."" to a cat. He pointed at this guy. And snickered."
1904,116,0,0,29,29,1.0,0.03509312031717982,600,Dogonit!
1842,116,0,0,29,29,1.0,0.03509312031717982,600,Captain?
1565,116,0,0,29,29,1.0,0.03509312031717982,600,"Sure I like him, but I'm not telling Dad you brought him home!"
116,116,0,0,25,25,1.0,0.040824829046386304,600,Take us to your master.
225,116,0,0,25,25,1.0,0.040824829046386304,600,Wait! I forgot to put down the newspaper.
282,116,0,0,25,25,1.0,0.040824829046386304,600,"Okay, so, I smelled that teal colored flower on 6th street over and over again, and the next thing I knew I was here."
4658,116,0,0,68,68,1.0,0.014815221273648994,600,We think it's some sort of nose support system.
3708,116,0,0,68,68,1.0,0.014815221273648994,600,"This earthling seems not to have an IPhone -- strange, I thought they all did."
2931,116,0,0,34,34,1.0,0.029854071701326604,600,Is this the intelligent life you dragged us here to find?
2631,116,0,0,34,34,1.0,0.029854071701326604,600,Who's going to be Supreme Intergalactic Ambassador? YOU are. Yes you are!
809,116,0,0,34,34,1.0,0.029854071701326604,600,Teach us your Welcoming Wag....and we'll rule the universe!
682,116,0,0,34,34,1.0,0.029854071701326604,600,"It's either ""offer weapon"" or ""offer treat."""
5679,116,0,0,31,31,1.0,0.032791291789197645,600,"Boy, sounds rough."
5368,116,0,0,31,31,1.0,0.032791291789197645,600,Bark once for Republican or bark twice for Real World.
2419,116,0,0,31,31,1.0,0.032791291789197645,600,I think he's telling us he likes it 'ruff'
1364,116,0,0,31,31,1.0,0.032791291789197645,600,We are about to drop you on the White House lawn: here are your orders!
5907,116,0,0,28,28,1.0,0.036369648372665396,600,Who’s turn is it to take him for a space walk?
5401,116,0,0,28,28,1.0,0.036369648372665396,600,"Welcome Earth leader. Please, teach us about your world."
5276,116,0,0,56,56,1.0,0.01801874925391118,600,"Behold, the most perfect creature on earth."
4456,116,0,0,28,28,1.0,0.036369648372665396,600,And now we sniff his butt...
4176,116,0,0,28,28,1.0,0.036369648372665396,600,He doesn't seem to have an ideology.
3877,116,0,0,28,28,1.0,0.036369648372665396,600,"Wow, it has it's own antenna in the back."
3298,116,0,0,28,28,1.0,0.036369648372665396,600,"No, a woofer is ... never mind."
3082,116,0,0,28,28,1.0,0.036369648372665396,600,This is the leader. The others followed him and picked up his waste.
2975,116,0,0,28,28,1.0,0.036369648372665396,600,Classic--whenever we jump to outer space is when he decides it's time to go outside.
3653,116,0,0,37,37,1.0,0.02739983121755955,600,You're just going to have to hold it for a while...
2965,116,0,0,28,28,1.0,0.036369648372665396,600,"Based on our observations, we assumed that YOU were in charge."
5248,116,0,0,40,40,1.0,0.025318484177091666,600,I actually could be YOUR best friend.
2008,116,0,0,83,83,1.0,0.012121434739137725,600,He says his name is “Woof”.
807,116,0,0,27,27,1.0,0.03774256780481986,600,Maybe it needs to go for a space walk?
634,116,0,0,33,33,1.0,0.030772872744833184,600,"All I said was ""Beam me up a Scottie."" They sent me a mutt instead."
595,116,0,0,30,30,1.0,0.03390317518104052,600,"Why, yes, we can beam a gamma ray that would instantly render all humans infertile."
524,116,0,0,45,45,1.0,0.022473328748774737,600,"Airfare is posted in bitcoins, not bites. I'm sorry for any confusion sir. would you like to be upgraded to cargo?"
438,116,0,0,24,24,1.0,0.04256282653793743,600,"Best of all, cats aren't worshipped on our planet."
356,116,0,0,30,30,1.0,0.03390317518104052,600,Who's a good boy?
221,116,0,0,30,30,1.0,0.03390317518104052,600,"We look forward to your report from Earth, Xfeftl 662, now that you have been so effectively disguised as the planet's dominant lifeform."
210,116,0,0,60,60,1.0,0.016807316136320357,600,"They are shorter than I imagined, but friendlier."
33,116,0,0,21,21,1.0,0.048795003647426664,600,"Going out is easy, Rover, but coming back inside is way too hard."
7,116,0,0,60,60,1.0,0.016807316136320357,600,"No really, who is a good boy? Do you know?"
4391,116,0,0,82,82,1.0,0.012270169563871839,600,"We are sorry, but you have to be house trained to walk on the moon"
1194,116,0,0,79,79,1.0,0.012739111916124871,600,Did the earthling happen to mention the leader's name?
5959,116,0,0,55,55,1.0,0.018349396085439344,600,"From what I observed in the park, this creature has complete control over the humans"
366,116,0,0,55,55,1.0,0.018349396085439344,600,There IS intelligent life on earth!
763,116,0,0,52,52,1.0,0.019418390934515434,600,"This is a very sly creature: He lets the humans think THEY are in charge of HIM, but HE knows the truth!"
2087,116,0,0,49,49,1.0,0.020619652471058063,600,"This one can't read and can be trained, but I said the one with orange hair, not orange fur."
3215,116,0,0,43,43,1.0,0.023531040266750583,600,"Well, no, we don't have squirrels up here, or bacon, but we just offered you the meaning of life."
3019,116,0,0,43,43,1.0,0.023531040266750583,600,Now--roll over.
2383,116,0,0,43,43,1.0,0.023531040266750583,600,"Good, now make us blissfully ignorant that our leader is destroying the world."
5918,116,0,0,40,40,1.0,0.025318484177091666,600,I'm sure he's their leader. You should've seen what he had them doing.
2714,116,0,0,28,28,1.0,0.036369648372665396,600,Beamed it light years but still it wants a walk.
2585,116,0,0,28,28,1.0,0.036369648372665396,600,I beamed up the most highly evolved creature - the one's that look like us just walk behind him and pick up his feces.
2528,116,0,0,28,28,1.0,0.036369648372665396,600,"If he’s their leader, the tail motions must create the tweets."
2562,116,0,0,25,25,1.0,0.040824829046386304,600,Sounds ruff down there.
2473,116,0,0,25,25,1.0,0.040824829046386304,600,We still don’t understand - how do you get them to pick up your poop?
2464,116,0,0,25,25,1.0,0.040824829046386304,600,Just kiss up to them.
2373,116,0,0,25,25,1.0,0.040824829046386304,600,Take us to your Cesar.
2356,116,0,0,25,25,1.0,0.040824829046386304,600,"They say l’m man’s best friend, but I’m not picky."
2083,116,0,0,25,25,1.0,0.040824829046386304,600,"He says wuf-wuf in German and how-how in Hebrew. But in English, he doesn't know whether to say woof-woof, arf-arf, or bow-wow."
1980,116,0,0,25,25,1.0,0.040824829046386304,600,So that's what god looks like?
1930,116,0,0,25,25,1.0,0.040824829046386304,600,We have ways of making you talk.
1844,116,0,0,25,25,1.0,0.040824829046386304,600,See? He follows me everywhere.
1698,116,0,0,25,25,1.0,0.040824829046386304,600,He seems happy to leave.
1679,116,0,0,25,25,1.0,0.040824829046386304,600,"He leads them by a leash, they feed, groom, and bathe him, and even clean up after him. But he won't reveal how he's enslaved them."
1534,116,0,0,25,25,1.0,0.040824829046386304,600,"You sure you spelled ""god"" right?"
1237,116,0,0,25,25,1.0,0.040824829046386304,600,We believe they are superior to the humans. They are always seen pulling the humans by ropes.
1133,116,0,0,25,25,1.0,0.040824829046386304,600,Don't worry - they say that his stnarkqflid is worse than his flozizgorpd.
962,116,0,0,25,25,1.0,0.040824829046386304,600,"No, you can't go outside right now."
911,116,0,0,25,25,1.0,0.040824829046386304,600,He wants us to praise him and give him treats. He's so dog-gone cute.
684,116,0,0,25,25,1.0,0.040824829046386304,600,Who's going to walk him?
571,116,0,0,25,25,1.0,0.040824829046386304,600,How far is that dog light years?
361,116,0,0,25,25,1.0,0.040824829046386304,600,Zardork! Don't stand behind the skunk!
2767,116,0,0,25,25,1.0,0.040824829046386304,600,"Good luck, Klatus, on your reconnaissance mission. We will be back to pick you up in three Earth months."
2804,116,0,0,25,25,1.0,0.040824829046386304,600,What's that boy?...Billy's stuck in the well?
3007,116,0,0,25,25,1.0,0.040824829046386304,600,Probably a stray.
3224,116,0,0,25,25,1.0,0.040824829046386304,600,"Next question: you favourite pets, humans or cats?"
2129,116,0,0,28,28,1.0,0.036369648372665396,600,Who's a good boy's leader?
941,116,0,0,28,28,1.0,0.036369648372665396,600,"Just to be clear, it took us 3 light years to get here and you want to know how much that is in dog years?"
826,116,0,0,28,28,1.0,0.036369648372665396,600,"Don't embarrass yourself down there, Brian. They're a sophisticated species."
5138,116,0,0,78,78,1.0,0.012903494352312729,600,"Sorry Buddy, still a ""no-go"" on sticking your head out the window."
5982,116,0,0,25,25,1.0,0.040824829046386304,600,Who rescued who?
5969,116,0,0,25,25,1.0,0.040824829046386304,600,Please tell me he's saucer-broken.
5502,116,0,0,25,25,1.0,0.040824829046386304,600,I took this one because the two legged ones bite.
5290,116,0,0,25,25,1.0,0.040824829046386304,600,Take me to your schnauzer.
4818,116,0,0,25,25,1.0,0.040824829046386304,600,Whose turn is it to take him out?
2014,116,0,0,39,39,1.0,0.025976216673306556,600,"He must be Royalty, for the humans fed him, bathed him, even picked up his waste."
4488,116,0,0,25,25,1.0,0.040824829046386304,600,If only we could train him to use the bathroom on the pad instead of real grass.
4353,116,0,0,25,25,1.0,0.040824829046386304,600,Maybe it’s lost
4288,116,0,0,25,25,1.0,0.040824829046386304,600,"Now remember, after you do your business, bark three times and we'll beam you back up."
4170,116,0,0,25,25,1.0,0.040824829046386304,600,"Don’t give us “I’m the pet stuff, we see who picks up what!”"
4144,116,0,0,25,25,1.0,0.040824829046386304,600,"Thanks, but I already live with aliens."
4132,116,0,0,25,25,1.0,0.040824829046386304,600,So who's gonna walk me?
4056,116,0,0,25,25,1.0,0.040824829046386304,600,This new specimen gives us pause.
4027,116,0,0,25,25,1.0,0.040824829046386304,600,He's asking for a newspaper - there really is intelligence on earth!
3652,116,0,0,25,25,1.0,0.040824829046386304,600,Aren't you supposed to be on a leash?
3293,116,0,0,25,25,1.0,0.040824829046386304,600,It’s supposed to be beam me up Scotty. This is a Labrador
4436,116,0,0,25,25,1.0,0.040824829046386304,600,"I think he says he’s from earth, but it’s only a rough translation."
1923,116,0,0,26,26,1.0,0.03922322702763681,600,So whose best friend is he?
1642,116,0,0,26,26,1.0,0.03922322702763681,600,Who’s a good boy?! Wanna go for a ride?!
1633,116,0,0,52,52,1.0,0.019418390934515434,600,"Please, can I keep him?"
413,116,0,0,31,31,1.0,0.032791291789197645,600,Wait till everyone back at planet Dyslexia finds out we captured the Earthling's god!
259,116,0,0,31,31,1.0,0.032791291789197645,600,"Klandar, did you pack the Zarconian space wipes?"
2681,116,0,0,69,69,1.0,0.014598929061844594,600,"Take me to your leader, I sure could use a new one"
3952,116,0,0,76,76,1.0,0.013245323570650438,600,He's not their leader but at least he's a good boy.
41,116,0,0,38,38,1.0,0.02666903735313325,600,Can I keep him?
17,116,0,0,38,38,1.0,0.02666903735313325,600,But he's very good with the children.
5941,116,0,0,45,45,1.0,0.022473328748774737,600,I found him sniffing around outside.
1870,116,0,0,45,45,1.0,0.022473328748774737,600,I'll bet you can't wait to get out of that disguise.
1835,116,0,0,104,104,1.0,0.009661948493603892,600,Let's put it to a vote- P.E.T or Chewbarka?
6016,116,0,0,35,35,1.0,0.028988551782622423,600,Our tests show he is the smartest creature on this planet.
5984,116,0,0,28,28,1.0,0.036369648372665396,600,This is going to be easy. They're so obedient. All I did was tell him to sit.
5786,116,0,0,28,28,1.0,0.036369648372665396,600,"Our intel suggested that Earthlings were aggressive, unhappy, and out of shape. We're obviously dealing with a much more sophisticated civilization."
5780,116,0,0,28,28,1.0,0.036369648372665396,600,"A treat? Well it was certainly a treat for us, too."
5747,116,0,0,35,35,1.0,0.028988551782622423,600,We discovered another Unidentified Furry Object.
5360,116,0,0,28,28,1.0,0.036369648372665396,600,Now go back and find the ball.
5246,116,0,0,28,28,1.0,0.036369648372665396,600,Did he poop?
5162,116,0,0,28,28,1.0,0.036369648372665396,600,"I'll ask you one last time ""Who's a good boy?"""
5081,116,0,0,28,28,1.0,0.036369648372665396,600,"Bones? Where we’re going, we don’t need bones."
4976,116,0,0,63,63,1.0,0.01600051202457731,600,This must be the dominant species. The two legged ones follow behind and pick up their poop.
1182,116,0,0,31,31,1.0,0.032791291789197645,600,"Be careful, we don't understand how they control the humans we maybe vulnerable as well."
4836,116,0,0,28,28,1.0,0.036369648372665396,600,The kids will love it and it doesn’t need batteries.
1265,116,0,0,31,31,1.0,0.032791291789197645,600,"I said, 'Beam me up a Scottie!'"
1880,116,0,0,31,31,1.0,0.032791291789197645,600,"You beamed him up, now you find a place to walk him..."
3779,116,0,0,24,24,1.0,0.04256282653793743,600,"""bleep, boink, burr, Rusty! yurrr, wonk, breep, Rusty!"
3580,116,0,0,24,24,1.0,0.04256282653793743,600,"We need not fear the earthlings' science if this is their idea of a ""Lab"""
3421,116,0,0,24,24,1.0,0.04256282653793743,600,It seems friendly but has such big teeth!
2953,116,0,0,24,24,1.0,0.04256282653793743,600,"Hey Alexa, beam up Spock. ""Okay, I'm beaming up Spot."""
2447,116,0,0,24,24,1.0,0.04256282653793743,600,Lay Down!
2257,116,0,0,24,24,1.0,0.04256282653793743,600,Oy vey iz mir! Di mshuge doggone transporter iz geven broken vider!
2036,116,0,0,24,24,1.0,0.04256282653793743,600,"Here kitty, kitty!"
1814,116,0,0,24,24,1.0,0.04256282653793743,600,He wants to take us to his leader.
527,116,0,0,24,24,1.0,0.04256282653793743,600,Scotty's must be on the sauce again!
402,116,0,0,48,48,1.0,0.021053798026662972,600,What's the light-year to dog-year conversion again?
5921,116,0,0,31,31,1.0,0.032791291789197645,600,That doesn't look like a Scotty.
5820,116,0,0,31,31,1.0,0.032791291789197645,600,"Still wrong, even if you did hear ""Beam me up a Scottie""."
5805,116,0,0,31,31,1.0,0.032791291789197645,600,"They must be very intelligent, they've taught their pets to wait on them hand and foot."
4480,116,0,0,31,31,1.0,0.032791291789197645,600,Is it true your country has gone to the dogs?
3947,116,0,0,31,31,1.0,0.032791291789197645,600,Whoooooosssss an Alien Boy?? . . . . YOU are!
3775,116,0,0,31,31,1.0,0.032791291789197645,600,It was dark. He's the only being we found. Why are their doorknobs so high?
3498,116,0,0,31,31,1.0,0.032791291789197645,600,Do you think Mom will let us keep him?
3091,116,0,0,31,31,1.0,0.032791291789197645,600,"My planet is in need of good boys. You're our only hope, Rex, will you help us?"
2918,116,0,0,31,31,1.0,0.032791291789197645,600,"I think I would like to keep him instead of the less friendly, bi-pedal specimen ."
1728,116,0,0,31,31,1.0,0.032791291789197645,600,This is not Doug.
4828,116,0,0,28,28,1.0,0.036369648372665396,600,We beamed up a Scottie and this is what we got?
4792,116,0,0,28,28,1.0,0.036369648372665396,600,"Who’s a good human? You are! Yes, you are! You’re a good human!"
4776,116,0,0,28,28,1.0,0.036369648372665396,600,"I simply can't fathom his affect of optimistic expectation. After all, he lives on Earth!"
3101,116,0,0,28,28,1.0,0.036369648372665396,600,"Put your helmet on, Fred. He's pointing to you again for space walk."
2577,116,0,0,28,28,1.0,0.036369648372665396,600,They're much less intelligent than we thought but also more noble.
2533,116,0,0,28,28,1.0,0.036369648372665396,600,So how is it that your kind are the masters of so many earthlings?
2355,116,0,0,28,28,1.0,0.036369648372665396,600,"According to it's telepathic response, tail wagging and butt sniffing are their honorable forms of greeting."
2021,116,0,0,28,28,1.0,0.036369648372665396,600,"I said, 'Beam me up a Scottie!'"
2002,116,0,0,28,28,1.0,0.036369648372665396,600,He says that his leader has fallen down a well.
1645,116,0,0,28,28,1.0,0.036369648372665396,600,SORRY DON'T UNDERSTAND THE TAIL WAGGLE CODE
1576,116,0,0,28,28,1.0,0.036369648372665396,600,"Max has to go out, and he's looking at you, Walt."
1353,116,0,0,28,28,1.0,0.036369648372665396,600,We can help you age more slowly than your owner.
1294,116,0,0,28,28,1.0,0.036369648372665396,600,"Quick, beam him down, he has to go!"
1258,116,0,0,28,28,1.0,0.036369648372665396,600,I thought the signal was directed toward a receiver.
1067,116,0,0,28,28,1.0,0.036369648372665396,600,"What is a Mississippi Leg Hound, exactly?"
1023,116,0,0,35,35,1.0,0.028988551782622423,600,Tell us where your ship is...
997,116,0,0,28,28,1.0,0.036369648372665396,600,"I am glad that you've mastered sit, but I'm sorry, you can't stay."
898,116,0,0,28,28,1.0,0.036369648372665396,600,"When I order a Rover for our Mars landing, this wasn't what I had in mind."
897,116,0,0,28,28,1.0,0.036369648372665396,600,Pretty sure they're the dominant species. You wouldn't believe what the hairless apes were picking up!
692,116,0,0,28,28,1.0,0.036369648372665396,600,Really surprised you guys speak Dog
610,116,0,0,28,28,1.0,0.036369648372665396,600,Who is your Master and why did he send you?
512,116,0,0,28,28,1.0,0.036369648372665396,600,I wonder if they think I took their socks
3161,116,0,0,42,42,1.0,0.024098134635593994,600,I said beam up the love of my life. My wife is not going to like this.
3205,116,0,0,28,28,1.0,0.036369648372665396,600,"We beamed you here in peace, Earthling. What are you called?... Speak... Speak..."
3265,116,0,0,28,28,1.0,0.036369648372665396,600,"All in all, much more superior to the human specimen we gathered."
3403,116,0,0,28,28,1.0,0.036369648372665396,600,"""A talking dog! I wasn't expecting that,"" said Scotty"
4716,116,0,0,28,28,1.0,0.036369648372665396,600,We should probably name him Scotty.
4671,116,0,0,28,28,1.0,0.036369648372665396,600,"I'll take him out, but I'm not picking up after him."
4619,116,0,0,28,28,1.0,0.036369648372665396,600,We come in fleas.
4563,116,0,0,28,28,1.0,0.036369648372665396,600,I think it's called a land rover.
4522,116,0,0,28,28,1.0,0.036369648372665396,600,"Tell us more about this ""peanut butter."""
4485,116,0,0,28,28,1.0,0.036369648372665396,600,"Yes, sir. We've profiled every possible specie on this planet and found this sample to be the most humane, caring, creature we've ever encountered. Maybe we should leave this planet alone."
4452,116,0,0,28,28,1.0,0.036369648372665396,600,We asked you to go down and bring back THE Rover.
4368,116,0,0,28,28,1.0,0.036369648372665396,600,"Oh, you mean the humans. We couldn't communicate with them either."
4362,116,0,0,35,35,1.0,0.028988551782622423,600,It appears the inhabitants of Earth have superior intelligence and loyalty!
3791,116,0,0,24,24,1.0,0.04256282653793743,600,Fetch us some humans
4251,116,0,0,28,28,1.0,0.036369648372665396,600,We asked for a Scottie.
3979,116,0,0,28,28,1.0,0.036369648372665396,600,"He claims that he is their leader--that they buy him food, drinks, bathe him, scratch his back and pick up his poop."
3970,116,0,0,42,42,1.0,0.024098134635593994,600,And now that our co-pilot is here we can begin.
3926,116,0,0,35,35,1.0,0.028988551782622423,600,Earth's last intelligent life-form.
3849,116,0,0,28,28,1.0,0.036369648372665396,600,"I've been fitted with a monitor, as a condition of my probation."
3714,116,0,0,28,28,1.0,0.036369648372665396,600,"All I said was, do you wanna go for a ride?"
3676,116,0,0,56,56,1.0,0.01801874925391118,600,"We understand your his best friend, you can still take us to him."
3507,116,0,0,35,35,1.0,0.028988551782622423,600,"Dammit, we got the wrong Scotty."
3494,116,0,0,28,28,1.0,0.036369648372665396,600,Of course I'm sure. I said it slowly and clearly just like we practiced: 'Take me to your retriever.'
3407,116,0,0,112,112,1.0,0.00896870004167719,600,"You can smell it, but no probing"
4151,116,0,0,28,28,1.0,0.036369648372665396,600,"Remember, your mission is to become their best friend."
441,116,0,0,28,28,1.0,0.036369648372665396,600,Space lab?
3841,116,0,0,24,24,1.0,0.04256282653793743,600,How do you know he doesn't come from Trojan?
4392,116,0,0,24,24,1.0,0.04256282653793743,600,His Master's Voice--we'd better listen to it.
2394,116,0,0,53,53,1.0,0.019048482943986485,600,"Apparently, his leader is ""Woof."" Why he wags his hind appendage I do not know."
2754,116,0,0,63,63,1.0,0.01600051202457731,600,"Please explain what you mean by ""number two""."
5552,116,0,0,73,73,1.0,0.013793431476706131,600,Wonder what 'woof woof' means?
5187,116,0,0,73,73,1.0,0.013793431476706131,600,What happened to his pet?
6030,116,0,0,40,40,1.0,0.025318484177091666,600,"So, please tell us: How did your species manipulate the bipeds, so that they cheerfully house, feed, and exercise you?"
5618,116,0,0,110,110,1.0,0.009132515299544463,600,I’m guessing walkies is out of the question.
5243,116,0,0,20,20,1.0,0.051298917604257706,600,I am a cartoonist and a pharmacist living in beirut lebanon and i like to draw cartoon to make people smiling
5241,116,0,0,80,80,1.0,0.01257886513566569,600,Astro got out of his galaxy again.
4822,116,0,0,30,30,1.0,0.03390317518104052,600,I think he needs to go for a space walk
4208,116,0,0,40,40,1.0,0.025318484177091666,600,"Said the dog to the strangers, our people walk behind us and scoop our poop. We rule."
3393,116,0,0,70,70,1.0,0.014388861576723854,600,"And when the food passes through your system, they pick it up!"
1573,116,0,0,30,30,1.0,0.03390317518104052,600,Can you guide us to Rover?
1506,116,0,0,30,30,1.0,0.03390317518104052,600,I’m ready for my walk!
1205,116,0,0,30,30,1.0,0.03390317518104052,600,It appears to be one of the more intelligent Earthlings.
940,116,0,0,30,30,1.0,0.03390317518104052,600,"Language translation has been quite a challenge, but he seems friendly enough."
428,116,0,0,30,30,1.0,0.03390317518104052,600,"Good Earthling! Now, speak!"
4423,116,0,0,107,107,1.0,0.009389774844349512,600,And you've trained them to pick it up for you?
5899,116,0,0,77,77,1.0,0.013072174640400053,600,Laika! 60 years we've been waiting for you!
4322,116,0,0,57,57,1.0,0.01769980813511972,600,God DOES exist!
50,116,0,0,43,43,1.0,0.023531040266750583,600,"Remember, no table scraps."
3163,116,0,0,84,84,1.0,0.011976262619132589,600,We found him chasing his transmitter in circles.
1547,116,0,0,43,43,1.0,0.023531040266750583,600,I thought we were beaming up a Scottie.
900,116,0,0,66,66,1.0,0.015267620413811482,600,He's hoping to hear the voice of his master.
1139,116,0,0,26,26,1.0,0.03922322702763681,600,"It's up to you, Timmy. If you beam him then you feed and walk him."
1058,116,0,0,52,52,1.0,0.019418390934515434,600,"...and then he said, without a hint of irony, ‘No, HE’S the one who rescued ME!’"
904,116,0,0,26,26,1.0,0.03922322702763681,600,"Hmm, might this be the Scotty we always hear about?"
587,116,0,0,26,26,1.0,0.03922322702763681,600,We'll learn his language on the trip back
500,116,0,0,26,26,1.0,0.03922322702763681,600,I much prefer adoptions to abductions.
375,116,0,0,39,39,1.0,0.025976216673306556,600,"If I promise to take him out, can we keep him?"
5570,116,0,0,75,75,1.0,0.013423121104280487,600,He chased our saucer thinking it was a Frisbee.
3559,116,0,0,62,62,1.0,0.016260700012185932,600,I sure hope he's housebroken!
2695,116,0,0,62,62,1.0,0.016260700012185932,600,Look what they've done to George. He was my best friend.
1847,116,0,0,62,62,1.0,0.016260700012185932,600,We scrapped the search for intelligent life forms in favor of good-natured and open-minded.
864,116,0,0,62,62,1.0,0.016260700012185932,600,"Who's a xpizb plarg? That's right, you are!"
3246,116,0,0,49,49,1.0,0.020619652471058063,600,Are you really his best friend?
3490,116,0,0,36,36,1.0,0.028171808490950554,600,Sit!
2504,116,0,0,36,36,1.0,0.028171808490950554,600,"He must be their leader. They call him ""King."""
2093,116,0,0,36,36,1.0,0.028171808490950554,600,Earth will never suspect a thing.
1537,116,0,0,36,36,1.0,0.028171808490950554,600,He says the way to their hearts is through licking.
4446,116,0,0,46,46,1.0,0.021979349113192898,600,See...licking your balls is a characteristic of intelligent life!
4737,116,0,0,33,33,1.0,0.030772872744833184,600,"So much for ""man's best friend."""
2809,116,0,0,33,33,1.0,0.030772872744833184,600,I think I remember him being taller and a bit less hairy...
301,116,0,0,33,33,1.0,0.030772872744833184,600,I thought we were beaming up a Scottie.
5528,116,0,0,37,37,1.0,0.02739983121755955,600,He doesn’t look like Chewbacca.
2687,116,0,0,37,37,1.0,0.02739983121755955,600,"I said ""beam me up Scotty"" not ""beam me up Spotty""!"
5879,116,0,0,27,27,1.0,0.03774256780481986,600,Would you believe that they even sleep in bed with them?
815,116,0,0,27,27,1.0,0.03774256780481986,600,"Oh, Cruton, you poor dyslexic fool, this in not the great power that Earthlings worship."
668,116,0,0,27,27,1.0,0.03774256780481986,600,Are you Sirius?
14,116,0,0,27,27,1.0,0.03774256780481986,600,Don’t mind him; he’s just mad I took away his T-Rex bone.
3683,116,0,0,61,61,1.0,0.016529490122682157,600,"Research indicates we should tell him he's a good boy, and he'll respond by slamming his hind appendage on the floor."
5000,116,0,0,34,34,1.0,0.029854071701326604,600,It was extraordinary. The earthling was fearless. He attached himself to my leg and gave me a most enthusiastic greeting.
4827,116,0,0,85,85,1.0,0.011834526708278772,600,Pluto sent us.
1546,116,0,0,34,34,1.0,0.029854071701326604,600,"This is ridiculous, how could they get along with only words for ""fetch,"" ""sit,"" and ""stay?"""
5031,116,0,0,41,41,1.0,0.02469323991623974,600,I've never seen such a good boy.
4451,116,0,0,41,41,1.0,0.02469323991623974,600,"So much for cutting-edge voice recognition. I said, ""Find materials on planet K9."""
2137,116,0,0,82,82,1.0,0.012270169563871839,600,"I know the sweater makes you look fat, but you have to go back."
4944,116,0,0,65,65,1.0,0.015504341823651057,600,"If taking this shape means eating croquets and walking on a leash, let's find a planet with a different meaning of best friend"
3147,116,0,0,65,65,1.0,0.015504341823651057,600,So that's it. The simple secret that will solve everything. ...do you maybe wanna write this down?
2430,116,0,0,65,65,1.0,0.015504341823651057,600,Mess the carpet again and it's back to Earth.
2191,116,0,0,65,65,1.0,0.015504341823651057,600,and they let it sleep in their beds!
5493,116,0,0,24,24,1.0,0.04256282653793743,600,"So, we are agreed. You become our best friend, we supply unlimited treats and no neutering!"
5324,116,0,0,48,48,1.0,0.021053798026662972,600,"Send it back, it's from a Shithole country."
5163,116,0,0,24,24,1.0,0.04256282653793743,600,He's getting old. This is the third time in an hour he has sat on the Transporter waiting to go out and pee.
4714,116,0,0,24,24,1.0,0.04256282653793743,600,This is a top secret mission - How did you get here?
4704,116,0,0,24,24,1.0,0.04256282653793743,600,Who’s a good alien? Who’s a good alien?
1118,116,0,0,27,27,1.0,0.03774256780481986,600,Take us to your lead dog.
1286,116,0,0,27,27,1.0,0.03774256780481986,600,Klatu?
1463,116,0,0,27,27,1.0,0.03774256780481986,600,"I said ""Bring me a bagel"""
1708,116,0,0,27,27,1.0,0.03774256780481986,600,. . . to boldly go where no dog has gone before!
5320,116,0,0,27,27,1.0,0.03774256780481986,600,He’s no scotty.
5260,116,0,0,27,27,1.0,0.03774256780481986,600,This must be Earth's alpha species. We witnessed a subservient life form collecting its excrement.
5249,116,0,0,27,27,1.0,0.03774256780481986,600,How did you train your two-legged slaves to pick up your excrement?
4489,116,0,0,27,27,1.0,0.03774256780481986,600,"Unfortunately, we're from a dog eat dog world as well."
4293,116,0,0,27,27,1.0,0.03774256780481986,600,Your mission is to bring back the tennis ball
4118,116,0,0,27,27,1.0,0.03774256780481986,600,The Mars Rover
3959,116,0,0,27,27,1.0,0.03774256780481986,600,He says his name is Scotty
3731,116,0,0,27,27,1.0,0.03774256780481986,600,Finally! Someone who understands us!
3587,116,0,0,27,27,1.0,0.03774256780481986,600,"Supreme Leader, who’s a good boy?"
3921,116,0,0,24,24,1.0,0.04256282653793743,600,"Yes, yes, we understand that you're a good boy, but what else did they tell you?"
3547,116,0,0,81,81,1.0,0.012422599874998832,600,The blue ribbon said Best in Show so woof has to mean something.
3280,116,0,0,27,27,1.0,0.03774256780481986,600,"The planet inhabited by cat-video lovers is within blaster range, sir."
3128,116,0,0,27,27,1.0,0.03774256780481986,600,So you want to see Commander Wuuuf?
2985,116,0,0,27,27,1.0,0.03774256780481986,600,Who's a good carbon-based lifeform? Who's a good carbon-based lifeform?
2747,116,0,0,27,27,1.0,0.03774256780481986,600,Steve. This is not a cow. This is a dog. Try to pay better attention next time I speak.
2639,116,0,0,27,27,1.0,0.03774256780481986,600,This one isn't talking either. We may not be able to help the humans solve this 'Good Boy' mystery...
2425,116,0,0,27,27,1.0,0.03774256780481986,600,"Not only is the species adored by our human subjects, they share our fascination with the probe site."
2332,116,0,0,27,27,1.0,0.03774256780481986,600,"Sit earthling, sit! Gooood earthling."
2315,116,0,0,27,27,1.0,0.03774256780481986,600,You should have gone before we took off. Now you'll have to wait 'til we get to Mars.
1975,116,0,0,27,27,1.0,0.03774256780481986,600,I’ve been asking him to take us to his leader and he keeps giving me a small pliable spherical object.
3435,116,0,0,27,27,1.0,0.03774256780481986,600,"so this is their GOD?"" ""they say DOG."
6015,116,0,0,14,14,1.0,0.07412493166611012,600,You say this is the most intelligent life you found?
