target_id,rank,funny,somewhat_funny,unfunny,count,score,precision,contest,caption
1578,1,1575,1753,1681,5009,1.9788380914354162,0.011388981065970402,613,"We are authorized to use farce, if necessary."
2926,2,1399,1856,1798,5053,1.9210370077181873,0.011135620228051818,613,"Unless you want a very long ride in a very small car, I suggest you start talking."
209,3,1056,1597,1630,4283,1.8659817884660286,0.011927400219062152,613,"Oh, you'll laugh. They all laugh."
2314,4,1058,1313,1611,3982,1.8611250627825213,0.012787560970522,613,Don't make us go for the juggler.
353,5,1312,1838,2124,5274,1.8460371634433068,0.01091137478104196,613,"If you think he's a clown, wait until you meet your public defender."
1057,6,519,799,976,2294,1.8007846556233653,0.01633722967926469,613,I’m going to need you to describe the perp to our balloon artist.
1020,7,1191,1628,2223,5042,1.7953193177310591,0.011225432301715611,613,“I’m the carrot. He’s the stchick”.
1788,8,715,1260,1452,3427,1.7849430989203385,0.013079330611600343,613,"If you want to see a giraffe, we're going to need more a lot more information."
5710,9,313,497,623,1433,1.7836706210746684,0.020577838950793743,613,"You are in Canada sir. Its good cop, funny cop."
2463,10,1058,1863,2229,5150,1.7726213592233009,0.010673124732351892,613,Does it look like we're joking?
6909,11,119,233,265,617,1.7633711507293355,0.030322216475540273,613,"Johnson, I don't think you understand. I am the good cop."
1028,12,424,844,1015,2283,1.7411300919842312,0.01571126087373684,613,"Yes he does do Bar Mitzvahs, but from now on I’ll ask the questions."
4563,13,132,256,316,704,1.7386363636363635,0.02842605855637349,613,Does this look like a joke to you?
492,14,599,1130,1423,3152,1.7385786802030456,0.013486906746809246,613,"He'll pull a confession right out of you, kid, along with two dozen handkerchiefs and a nickel."
247,15,645,1044,1509,3198,1.7298311444652907,0.013705818838841862,613,"He can be the bad cop, or the good cop, it depends on your childhood."
40,16,464,772,1110,2346,1.7246376811594204,0.015930349929627007,613,"We can do this the easy way, or we can do this the creepy way."
2185,17,400,808,1064,2272,1.7077464788732395,0.01568843045361142,613,The courts said our interrogations were cruel and unusual so what we do now is just unusual.
3227,18,736,1218,1860,3814,1.7052962768746722,0.012479198023382479,613,Start talking or we bring in the mime.
5151,19,725,1318,1888,3931,1.7041465276011194,0.012118867169979262,613,Roberts....make me a chair. We are going to be here a while.
4462,20,190,371,506,1067,1.703842549203374,0.0230137189240105,613,"He doesn't just do that to balloons, ya know."
1869,21,384,578,963,1925,1.6992207792207792,0.017795210060156233,613,"Son, the whole thing was witnessed by 23 officers in the stake-out car."
3520,22,185,371,505,1061,1.6983977379830348,0.022971802917151785,613,"Either talk to us, or we bring in the mime!"
7193,23,202,398,550,1150,1.6973913043478261,0.022122788537312015,613,What makes you think this is a joke?
3582,24,282,572,808,1662,1.6835138387484958,0.018290466117862423,613,Does this look like the dog that threatened you?
669,25,228,391,632,1251,1.6770583533173462,0.02159923577918296,613,"That's right, Ruffles was working for us the whole time."
130,26,543,708,1415,2666,1.6729182295573894,0.015344097310325993,613,Trump University.........Why do you ask?
6770,27,508,1022,1504,3034,1.6717205009887937,0.013531947110535097,613,Does he look like he's joking?
7274,28,321,608,936,1865,1.6702412868632708,0.01741401052129242,613,You're about to find out why some people are afraid of clowns.
323,29,203,433,640,1276,1.6575235109717867,0.02064391210973498,613,"It's more of a ""good cop/vaguely disturbing cop"" kind of thing."
4506,30,444,735,1296,2475,1.6557575757575758,0.015371017257708851,613,"We can do this the hard way, or the hardy har har way."
2839,31,398,638,1151,2187,1.6556927297668038,0.016424836161875084,613,Last chance for you to come clean before we go for the juggler.
1717,32,322,642,1030,1994,1.6449348044132397,0.016641836802392923,613,Maybe a night in the bouncy house will loosen your tongue!
4373,33,320,571,1005,1896,1.6387130801687764,0.017317635161943346,613,"If you cannot afford your own clown, one will be provided for you."
2971,34,457,855,1508,2820,1.6273049645390072,0.014068031647356125,613,The rest of the force will be here soon. They're still getting out of the squad car.
5494,35,281,484,910,1675,1.6244776119402986,0.018453139206818597,613,"As you can see, punk, we aren't afraid to use excessive farce."
5460,36,232,565,859,1656,1.6213768115942029,0.017648137039930928,613,"Trust me kid, I am the good cop."
2287,37,364,655,1224,2243,1.6165849308961213,0.01581806220657477,613,We can do this easy way or the hardy har har way.
3098,38,362,646,1217,2225,1.6157303370786518,0.01589646904804417,613,"Still won’t talk, huh? Ron, make a Dobermann!"
1025,39,317,768,1194,2279,1.6151820974111453,0.01503471654170352,613,"Not cruel exactly, just unusual."
6524,40,198,519,781,1498,1.6108144192256342,0.018313543113148138,613,Do you think we're here for your amusement?
105,41,254,554,931,1739,1.6106958021851638,0.017460597570068858,613,Don't make him put on the big shoes
5116,42,291,595,1054,1940,1.6067010309278351,0.016666725133111196,613,That's OFFICER Bozo to you.
4236,43,294,527,1027,1848,1.6033549783549783,0.017373560035933235,613,"All right, I'm gonna need you to describe your accomplice to the ballon artist."
5126,44,265,573,991,1829,1.6030617823947513,0.0170138652235771,613,He has a whole act. Your choice.
4029,45,244,431,854,1529,1.6010464355788097,0.019126070948247278,613,We had to twist some arms but your little balloon friend just gave you up.
1749,46,155,316,579,1050,1.5961904761904762,0.022604180745110437,613,"I'm going to ask you one more time, Is today your birthday?"
381,47,235,485,886,1606,1.5946450809464507,0.01823513539784317,613,We have ways of making you laugh.
5201,48,225,501,874,1600,1.594375,0.018073980402476875,613,"Now you've done it, They sent in the clown."
6783,49,180,483,756,1419,1.5940803382663848,0.01868091274757864,613,Trust me. You don't want me to send in the bad clown.
2423,50,233,446,861,1540,1.5922077922077922,0.0188026086844924,613,Your lawyer is here.
1721,51,171,460,728,1359,1.590139808682855,0.019063695343235116,613,"There's 20 more just like him, outside in a little car."
633,52,189,487,792,1468,1.5892370572207084,0.018452945660916834,613,Anything you laugh at can and will be used against you.
304,53,228,379,815,1422,1.5872011251758087,0.019906026042461875,613,Start talking or we bring in the mime.
221,54,170,377,693,1240,1.5782258064516128,0.02044844837226052,613,And there's a lot more of us in the little police car outside.
1659,55,175,354,691,1220,1.5770491803278688,0.02087009450670948,613,This is the description of the dog that attacked you?
6809,56,128,294,532,954,1.5765199161425576,0.02318972612248919,613,Be a shame if anything happened to the little doggie...
5580,57,160,357,662,1179,1.5742154368108567,0.020927324392983948,613,"Oh, sure. And I suppose the next thing you're going to tell me is that there's a clown behind me."
540,58,164,338,660,1162,1.5731497418244407,0.021303780001955486,613,We can twist this any way we want.
6649,59,147,366,639,1152,1.5729166666666667,0.020840119804005765,613,He has a pin....and he’s not afraid to use it.
3547,60,189,287,685,1161,1.5727820844099913,0.02217260198785596,613,I'm NYPD; he's Homeland Security.
5996,61,178,307,673,1158,1.572538860103627,0.021845784455895266,613,"It doesn't matter how many times you ask for a lawyer, kid. The choices are poodle, sword, or flower."
6568,62,185,222,636,1043,1.567593480345158,0.023999701026419813,613,"Listen, kid, start talking or I'll send in the ENTIRE Republican Congressional leadership."
6987,63,117,213,463,793,1.5636822194199242,0.026136455782822945,613,"Well, I don't like bring-your-dad-to-work-day either!"
1210,64,61,165,284,510,1.5627450980392157,0.030877116829561707,613,"If you don’t start talkin’, the dog gets it."
2893,65,135,287,570,992,1.561491935483871,0.022871469085046996,613,"And if he doesn't break you, we've got forty-five others waiting in the car."
3885,65,136,285,571,992,1.561491935483871,0.022915901402549423,613,Does my partner here look like he’s concerned about your civil rights?
7259,67,124,263,532,919,1.5560391730141458,0.02372496164360381,613,"Not now, Bob. I’m in the middle of an interrogation."
2256,68,130,246,535,911,1.5554335894621296,0.02418626837228301,613,"My partner here likes twisting balloons and people, and he's all out of balloons."
4636,69,128,235,525,888,1.552927927927928,0.024570422515868134,613,Don't make me call in our mime.
6941,70,124,238,518,880,1.5522727272727272,0.024534013069033474,613,Don't make me get the mime.
1783,71,109,259,498,866,1.5508083140877598,0.024021921992771665,613,"No, he's not going to make a giraffe till I get some answers!"
5033,71,114,249,503,866,1.5508083140877598,0.024298194726991563,613,Tell us what we want to know and nothing happens to the dog.
7098,73,94,280,477,851,1.5499412455934196,0.023475204458953843,613,"Sure, you have the right to remain silent. But a little polite laughter is appreciated."
2120,73,148,172,531,851,1.5499412455934196,0.02646489259255384,613,"Even if he looks and acts like a clown, you will refer to him as Mr. President."
2875,75,109,229,480,818,1.5464547677261613,0.025090914788852517,613,"What do you mean, you're not sure whether or not you took LSD?"
4803,76,110,225,480,815,1.5460122699386503,0.025221902685726487,613,Keep it up buddy. I deal with clowns like you every day.
1555,77,82,270,445,797,1.5445420326223338,0.023876452598437643,613,We have ways to make you laugh.
262,78,108,216,470,794,1.544080604534005,0.025609769242800822,613,Do you think this is some kind of joke?
192,79,95,236,455,786,1.5419847328244274,0.024983244374990294,613,It’s the best version of ‘Good Cop’ we could get on such short notice.
169,80,110,201,466,777,1.5418275418275418,0.026168337381175685,613,"We can do this the easy way, or we can do this the hardy-har-hard way."
2354,81,95,228,449,772,1.5414507772020725,0.0253227115089767,613,"...you have the right to entertainment. If you cannot afford entertainment, entertainment will be provided for you..."
367,82,97,208,441,746,1.5388739946380696,0.02612675431555824,613,It's not just balloons he twists into funny shapes.
1085,82,97,208,441,746,1.5388739946380696,0.02612675431555824,613,"'We can do this the easy way, or the silly way'"
1803,82,95,212,439,746,1.5388739946380696,0.02598865270061501,613,If Detective Chuckles says it's a police dog it's a police dog.
5752,85,79,242,422,743,1.53835800807537,0.024930633588289716,613,"Did you see what Mr. Clown did with that balloon? Now, let me ask you again..."
5797,86,92,212,433,737,1.537313432835821,0.026019132140981813,613,Just tell him it's a giraffe so we can all go home.
2244,87,91,216,434,741,1.5371120107962213,0.02584351907210479,613,There is no good cop. It's bad cop and really creepy cop
4819,88,82,227,420,729,1.5363511659807956,0.025507063748500893,613,"Tell us the truth son, and I'll make him stop."
407,88,95,201,433,729,1.5363511659807956,0.026449973361075792,613,"He's right behind me, isn't he?"
845,90,88,202,418,708,1.5338983050847457,0.02652528018197851,613,"Do you want to talk now, or do I have to bring in the mime?"
2489,90,74,230,404,708,1.5338983050847457,0.025449021426430418,613,"We can do this the easy way, or the funny way."
4925,90,85,208,415,708,1.5338983050847457,0.02629836150619304,613,You don't want to find out which one of us is the bad cop.
6923,93,52,137,263,452,1.5331858407079646,0.032589198608869656,613,And wipe that smile off your face!
1482,94,102,167,427,696,1.5330459770114941,0.02792619800098541,613,Isn't it rich? Aren't we a pair?
3106,95,80,213,407,700,1.532857142857143,0.026136316928127352,613,"Look, I'm gonna cut you some slack this time, because my birthday party is starting."
2339,96,85,204,413,702,1.5327635327635327,0.026468073333199095,613,You don't seem to realize the seriousness of your situation.
5829,97,83,205,409,697,1.5322812051649928,0.02645538105257369,613,"Alright, I tried to play nice. Now we're gonna do it Bobo's way."
6076,98,81,204,403,688,1.5319767441860466,0.02655478542525918,613,"OK, we're tired of playing games."
2696,99,80,199,398,677,1.5302806499261448,0.026796953542500144,613,"Son, make it easy on yourself. Don’t make him put on the big shoes."
4970,100,83,187,397,667,1.5292353823088456,0.027345549199481085,613,"I know what you're thinking. Is he a clown in a cops suit, or cop in a clowns suit? Well, do you feel lucky, punk? Do ya?"
5726,101,83,185,396,664,1.5286144578313252,0.027439257275362946,613,So there was NOTHING behind your ear?
2768,102,78,183,384,645,1.5255813953488373,0.02761779001013516,613,Don’t make him get the big shoes!
886,103,73,171,360,604,1.5248344370860927,0.02853833083354613,613,What do you take us for? Clowns?
3994,104,68,195,369,632,1.5237341772151898,0.027135469336584225,613,"Really, pal? What kind of Bozos do you take us for?"
5323,104,93,145,394,632,1.5237341772151898,0.029354937227323158,613,Look. We can do this the easy way. Or the hard dee har way.
2603,106,75,177,373,625,1.5232,0.02800703208399359,613,Don't make us get the shoes.
6857,107,79,170,378,627,1.5231259968102073,0.028302869289912366,613,"There’s 16 others just like him waiting in the car downstairs, so you better talk!"
5094,108,73,183,373,629,1.523052464228935,0.02769209259912305,613,"If you don't cooperate Mr. Barnes, things are going to get real funny, real fast."
177,109,81,162,377,620,1.5225806451612902,0.028725778222402007,613,Don’t make me bring the mime out here.
7303,109,69,186,365,620,1.5225806451612902,0.027615837967814857,613,"I warn you, my partner doesn't have my sense of humor."
6392,111,82,157,377,616,1.521103896103896,0.0289599777602608,613,"Detective Chuckles, go get the pie."
4366,112,65,187,357,609,1.5205254515599342,0.02759682124565141,613,We’ve got ways of making you laugh.
2954,113,67,171,351,589,1.5178268251273344,0.028487568860320778,613,You think this is some kind of a joke!
4238,114,74,158,359,591,1.517766497461929,0.029114250788983775,613,Talk. Or we’ll bring in the mime.
6928,114,67,172,352,591,1.517766497461929,0.028416356597103024,613,Start talking or bubbles gets the pin.
1337,116,79,143,361,583,1.516295025728988,0.029912428860583054,613,Start cooperating or we bring in the mime.
4007,116,59,183,341,583,1.516295025728988,0.02787231084679166,613,"This is not a joke, son. It's a metaphor!"
5218,118,56,187,337,580,1.5155172413793103,0.02765637478930974,613,"Still won't talk, huh tough guy? Jenson...put on the big shoes..."
3309,119,57,180,334,571,1.5148861646234677,0.028079715454579317,613,Yes he can do a giraffe. Stop trying to change the subject.
4262,119,66,162,343,571,1.5148861646234677,0.02904780639535723,613,"Our sketch artist is sick today, but believe me, Chuckles is very accurate."
6937,119,67,160,344,571,1.5148861646234677,0.02915338772731305,613,"You tell us what we need to know, and the balloon is yours."
3972,122,75,138,349,562,1.5124555160142348,0.03034997216699797,613,We know it was you. Stop trying to pin it on the Donkey.
6149,123,61,160,332,553,1.5099457504520795,0.02919561431781154,613,I'd be careful. You're not the only psycho in this room.
2098,124,69,139,336,544,1.5091911764705883,0.030453659898632662,613,You think this is a joke?
5839,125,63,146,326,535,1.5084112149532711,0.030150784306498587,613,The sketch artist is out sick. Just describe what the perp looked like to our balloon artist.
111,126,62,150,327,539,1.5083487940630798,0.029869168132928,613,"We’ll have the last laugh, I can assure you."
6111,127,58,156,322,536,1.507462686567164,0.02952465210275496,613,We're going to put that stupid smile back on your face.
5969,128,59,150,320,529,1.5066162570888468,0.029931063693988093,613,Talk! Or the little doggie gets it!
6456,129,54,157,313,524,1.5057251908396947,0.029530231857117187,613,I'm not your worst nightmare -- he is.
6757,130,59,142,314,515,1.5048543689320388,0.030530416315820593,613,Do you have any idea how serious this is?
3431,131,56,142,308,506,1.5019762845849802,0.030550719646594306,613,"You don't talk, he pops the puppy."
151,131,65,124,317,506,1.5019762845849802,0.03168261822697389,613,"And if you won’t talk to him, there’s twenty more out in the car."
6469,133,65,119,313,497,1.5010060362173039,0.03211522866300132,613,Still think hallucinogens are fun?
1453,134,55,142,306,503,1.5009940357852882,0.030555510345315836,613,Does he look like he's fooling around?
4656,135,47,155,296,498,1.5,0.0297120662601802,613,"Believe it or not, I’m the good cop in this scenario."
5828,136,62,119,307,488,1.4979508196721312,0.03217298474917871,613,"Alright, I tried to play nice. Now we're gonna do it Bobo's way."
6398,137,45,152,289,486,1.4979423868312758,0.029954637574042407,613,"Sooner or later, you're gonna laugh."
826,138,46,149,289,484,1.4979338842975207,0.030185018694888568,613,You think we’re here for your amusement?
6328,138,52,137,295,484,1.4979338842975207,0.031023659048428125,613,"The sketch artist is on vacation, just describe what the guy looked like and Officer Chuckles here will do his best."
4497,140,49,141,291,481,1.496881496881497,0.03074534106577856,613,You can talk to me or I can leave you alone with Chuckles. Your choice.
5229,141,57,124,298,479,1.4968684759916493,0.031951388881358254,613,Good cop. Bad prop.
753,142,50,137,290,477,1.4968553459119496,0.03107437935928036,613,It's clowns like him who keep clowns like you off the streets.
4556,143,43,147,281,471,1.494692144373673,0.030337185251215888,613,I'm officer Barnum. He's Bailey.
671,144,55,120,291,466,1.4935622317596566,0.032329288870846476,613,Where were you on the night of your fifth birthday?
274,145,52,124,286,462,1.4935064935064934,0.03210158967423748,613,"My partner here, he likes to make things squeak. You like squeaking?"
7214,146,47,134,282,463,1.4924406047516199,0.03131209376067213,613,You still seem to think this is some kind of joke.
542,147,51,124,284,459,1.4923747276688453,0.032108035338277184,613,Talk ... or I bring in the mime!
2584,148,43,137,274,454,1.4911894273127753,0.031142685462270017,613,"You’re innocent huh? What do you think we are, a couple of bozos?!"
4248,149,54,112,283,449,1.489977728285078,0.03308653680757779,613,"You'd better tell me now, once he gets on his unicycle I can't help you"
5223,149,43,134,272,449,1.489977728285078,0.031390267429318566,613,We have ways of making you chuckle.
6068,151,40,139,268,447,1.4899328859060403,0.031009530230424198,613,"Talk, or he’ll become your worst nightmare."
5449,152,48,122,275,445,1.489887640449438,0.03238382135769981,613,The tail was longer.
474,153,55,106,281,442,1.48868778280543,0.033629325692566346,613,How'd you think you'd get away with it? You must think we're a bunch of bozos.
1802,153,55,106,281,442,1.48868778280543,0.033629325692566346,613,It’s going to get worse for you. He’s also a mime.
5759,153,50,116,276,442,1.48868778280543,0.032857707988015954,613,"Is this the dog that assaulted you, sir."
7287,153,50,116,276,442,1.48868778280543,0.032857707988015954,613,"Now we can do this the easy way, or I can get the mime."
3097,157,46,121,270,437,1.4874141876430207,0.03249445658852384,613,"What if he made the ears a little shorter and the tail a little longer, THEN would it look like the man who assaulted you?"
3536,158,55,104,281,440,1.4863636363636363,0.03374208924708181,613,"This clown is actually your attorney, we don't do good cop/bad cop anymore."
70,159,39,131,260,430,1.486046511627907,0.03170378081471448,613,"Oh, you'll talk. He knows every trick in the book."
6251,160,37,134,258,429,1.4848484848484849,0.031410182142889584,613,"Actually, smart guy, I'M the good cop."
7084,161,42,122,261,425,1.484705882352941,0.032484145217935516,613,Our sketch artist is out today.
5593,161,46,114,265,425,1.484705882352941,0.03316044039329248,613,"According to our expert, you're one twisted puppy."
6093,163,52,101,271,424,1.4834905660377358,0.034208734090591254,613,Spill the beans or we pop your friend.
6074,164,46,112,264,422,1.4834123222748816,0.03333178519202219,613,You'd better come clean. I've got eighteen more getting out of the squad car now.
2780,165,50,101,266,417,1.4820143884892085,0.03430227170851672,613,Listen buddy... if clowns can run nations they deserve a shot at detective work too.
5266,166,45,109,259,413,1.4818401937046004,0.03368860460228065,613,Talk or the clown releases the dog.
3677,167,49,100,264,413,1.4794188861985471,0.03437601025339523,613,"That’s not what I meant by good cop, Gerald."
4360,168,49,97,261,407,1.479115479115479,0.03475282451481887,613,"Look, I'm sorry the sketch artist is out sick today, but this is the best we could do on short notice, so just answer the question. Does this look like the dog that bit you or not?"
4276,169,45,104,256,405,1.4790123456790123,0.034172746240456964,613,We can do this the easy way or we can do this the terrifying phobia from your childhood way.
2889,170,40,113,250,403,1.478908188585608,0.03338551767471727,613,Say that with a straight face
787,171,45,101,254,400,1.4775,0.034484886450207565,613,Guess who's the bad cop.
6342,172,45,99,252,396,1.4772727272727273,0.03474158484200813,613,"We can do this the hard way, or we can do it the creepy way."
3886,173,41,108,250,399,1.4761904761904763,0.03380950518414571,613,Start talking or we're bringing in the mime.
326,174,42,103,248,393,1.4758269720101782,0.034373255901322945,613,We have ways of making you laugh.
3637,175,42,102,247,391,1.4757033248081841,0.03450170680153398,613,"Going for the insanity plea, huh? We both know there's no one in this room but me and you."
4064,175,34,118,239,391,1.4757033248081841,0.032946059841959245,613,Our forensics budget is a little tight. Does this look like the dog that bit you?
2233,177,48,89,253,390,1.4743589743589745,0.035689909282183595,613,And there are 12 more just like him in a tiny squad car.
6661,178,41,100,243,384,1.4739583333333333,0.03476378695130225,613,Do we look like fools to you?
4478,179,42,95,242,379,1.4722955145118735,0.03529424107995042,613,I follow the Geneva Convention. He doesn't. Your choice.
2239,180,41,98,243,382,1.4712041884816753,0.03489130053879314,613,Don't make us bring in the Mime!
3056,181,37,104,237,378,1.470899470899471,0.034353458235922646,613,"Tell us, or the balloon gets it"
3728,182,47,83,246,376,1.4707446808510638,0.03648357169289556,613,You think he's scary? I got 12 more just like him in the car.
2562,183,35,106,233,374,1.4705882352941178,0.034200980007984896,613,"Yeah, he’s a clown. A laughing-on-the-outside, violating-your-constitutional-rights-on-the-inside clown."
3845,184,45,111,272,428,1.469626168224299,0.03279907621989233,613,I'll ask you one more time. Do you call this art?
576,185,46,81,242,369,1.4688346883468835,0.036799663890186504,613,"I know my partner looks like a clown, but he does have a degree in criminology ... from Trump University."
4535,185,40,93,236,369,1.4688346883468835,0.03557871292653538,613,"Seriously Officer, I'm not high, it's right behind you."
1328,187,40,92,235,367,1.4686648501362398,0.03572059758498371,613,Do you really want this guy twisting your arm?
3675,187,44,84,239,367,1.4686648501362398,0.036544759767719086,613,He's not being The Good Cop. He's just an idiot.
4703,187,42,88,237,367,1.4686648501362398,0.03613502842332245,613,This is as tough as we're allowed to be with you Millennials.
5746,187,43,86,238,367,1.4686648501362398,0.03634047155469107,613,Welcome to your first day in the Witness Protection Career Development Program
7170,191,29,113,224,366,1.4672131147540983,0.03340884000442502,613,Is there some reason I don't have your full attention?
6402,191,40,91,235,366,1.4672131147540983,0.035788735318458186,613,"You can talk to me now, or we'll let my partner have a little fun with you."
3160,193,43,82,235,360,1.4666666666666666,0.03686071720570018,613,You gonna talk or do I have to bring in the mime?
3825,194,34,97,224,355,1.4647887323943662,0.03526771952793769,613,"Yea, I know, but his father in law is the police commissioner"
4033,194,42,81,232,355,1.4647887323943662,0.037028767444844284,613,WHY ARE YOU NOT TAKING US SERIOUSLY?
7028,196,48,110,286,444,1.4639639639639639,0.03239560835838346,613,"Dress for the job you want, not the job you have."
5080,197,34,98,226,358,1.4636871508379887,0.03505200262658771,613,Are you sure it was a dachshund ?
2931,198,35,93,224,352,1.4630681818181819,0.03570613189892651,613,Where were you on the night of Timmy's birthday party?
6021,198,44,75,233,352,1.4630681818181819,0.037691053326634194,613,Don’t make me send for a mime!
7104,198,31,101,220,352,1.4630681818181819,0.03478760972578415,613,You wanna play games? We can play games.
889,201,43,75,230,348,1.4626436781609196,0.03779708228680587,613,"No, he is not the president."
6264,201,28,105,215,348,1.4626436781609196,0.03435381447548388,613,We've got all day and a lot more balloons.
7192,201,26,109,213,348,1.4626436781609196,0.03386827307326654,613,"Get your story straight, kid. Your buddy in the next room said it was a horsie."
744,204,37,86,224,347,1.4610951008645534,0.03653104202885827,613,Tell us where you hid his big shoes or the balloon dog dies.
3975,205,28,103,214,345,1.4608695652173913,0.034556477603213245,613,Maybe getting squirted by a flower will help jog your memory!
2983,205,35,89,221,345,1.4608695652173913,0.03622311993766541,613,Who are you calling a clown?
2559,205,33,93,219,345,1.4608695652173913,0.03575486456169331,613,This is what 6 months of community service will look like.
287,205,38,83,224,345,1.4608695652173913,0.03691436760001024,613,Now talk or the dog gets popped
22,209,27,102,211,340,1.4588235294117646,0.034654979920340966,613,"Confess, and I'll make him go away."
2283,209,31,94,215,340,1.4588235294117646,0.035642333363156836,613,What you’re failing to comprehend is...I’m the “good cop.”
4375,209,34,88,218,340,1.4588235294117646,0.03636526018453297,613,Is this the dog who ate your homework?
2131,212,36,83,219,338,1.4585798816568047,0.03699795989546566,613,"Alright, we can do this the easy way or the hardy-har-har way."
25,213,27,98,208,333,1.4564564564564564,0.035153112682357664,613,"Oh, you'll talk. My partner here has a few tricks up his sleeve."
1377,213,35,82,216,333,1.4564564564564564,0.037154600893399954,613,"... but if you cannot afford a balloon animal, one will be provided for you."
4611,213,30,92,211,333,1.4564564564564564,0.0359167435866202,613,Do we look like we're playing around?
2553,216,32,107,236,375,1.456,0.03346043503919932,613,"We have ways of making you laugh, punk."
1452,217,33,84,212,329,1.4559270516717324,0.036984896305922034,613,"For the record, we're all scared of him."
7127,218,31,86,209,326,1.4539877300613497,0.03671373333885364,613,Last guy in here died laughing; I'm just saying . . . .
4004,218,29,90,207,326,1.4539877300613497,0.03619591908338416,613,"We fired the sketch artist, but the balloon artist is really good."
4988,218,38,72,216,326,1.4539877300613497,0.03847123622300056,613,"Now, are you going to tell me where the hallucinogens are? Or am I going to have to get a second cop in here?"
925,218,37,74,215,326,1.4539877300613497,0.038225112005501445,613,"No, I'm the bad cop. He's just bad at being a cop."
3588,218,28,92,206,326,1.4539877300613497,0.03593421391373567,613,"I only see one sad clown in here, smart ass."
1223,223,39,121,280,440,1.4522727272727274,0.031114266396188625,613,"Nope! It's bad cop, worse cop."
3703,224,31,83,207,321,1.4517133956386292,0.037115311079321235,613,"Give us the truth, or the puppy gets the pin."
6294,225,33,78,208,319,1.45141065830721,0.03780684223114335,613,"Your pal cooperated, and he got a doggy, a bunny, and a horsey."
42,226,36,71,210,317,1.4511041009463723,0.0387599937539662,613,"Clown to the left of me, joker to the right, here I am stuck in the middle with you."
6437,226,30,83,204,317,1.4511041009463723,0.03718256528817053,613,There is no good clown.
1387,228,30,82,203,315,1.4507936507936507,0.03735076145311235,613,Is this funny to you?
2145,228,37,68,210,315,1.4507936507936507,0.03919977293083922,613,"We can do this the easy way, or the way that involves an impossibly small car and twenty-nine more officers just like this one."
4367,230,39,123,285,447,1.4496644295302012,0.03075882514509756,613,What makes you think he's the good cop?
3752,231,26,88,198,312,1.4487179487179487,0.036487094925284555,613,Something amuse you?
5780,232,31,77,202,310,1.4483870967741936,0.03804851732481621,613,Humor us.
3993,232,29,81,200,310,1.4483870967741936,0.037495755203732405,613,You don't want to be here when he runs out of balloons.
4362,232,28,83,199,310,1.4483870967741936,0.03721629551874983,613,Bad cop. Creepy cop.
6102,232,34,71,205,310,1.4483870967741936,0.03886292177763736,613,Tell us what you know or we're bringing in the mimes next.
6647,236,28,82,198,308,1.448051948051948,0.03738694496480358,613,I don't think that you realize how serious this is.
254,237,26,89,200,315,1.4476190476190476,0.03623769727128879,613,"Okay buddy, we're done clowning around."
281,237,32,77,206,315,1.4476190476190476,0.037874702874631454,613,Don't try anything funny.
6452,239,24,87,192,303,1.4455445544554455,0.03664083986223941,613,"O.K., what'll it be. Bad cop, or creepy cop?"
4733,240,32,70,199,301,1.4451827242524917,0.03914160833849446,613,"Looks like you’re going to the Bounce House, fella."
4176,241,36,61,202,299,1.4448160535117056,0.04045701205328195,613,"Balloonistics just made a match. You're one twisted puppy, kid."
2249,242,38,61,209,308,1.4448051948051948,0.040101937707849984,613,"What do mean Whose the clown? That's the leader of the free world sonny boy."""
3444,243,26,80,192,298,1.4429530201342282,0.03766064519597916,613,Humor us.
3361,244,44,109,292,445,1.442696629213483,0.03163947858525797,613,"In case you were wondering, I'm the good cop."
486,245,31,68,195,294,1.4421768707482994,0.03951674114775528,613,Stop hallucinating and answer the question.
813,245,27,76,191,294,1.4421768707482994,0.038323660034873856,613,Don't try to con us. My partner here knows every trick in the book.
1685,245,21,88,185,294,1.4421768707482994,0.03646091125799555,613,"Listen pal, we can do this the easy way, the hard way, or the fun but slightly dark and twisted way"
5820,248,28,77,196,301,1.441860465116279,0.03797658515942911,613,"There’s a clown behind me? Right. Look, kid, I’m not falling for that again."
5328,248,29,75,197,301,1.441860465116279,0.03826708003771373,613,Do you think we're here for your amusement?
2499,248,30,73,198,301,1.441860465116279,0.03855538624957875,613,"That's SEARGENT Bozo to you, punk."
3855,248,28,77,196,301,1.441860465116279,0.03797658515942911,613,"Make me a pair of handcuffs, Detective Boingo."
582,252,25,78,188,291,1.4398625429553265,0.03797480072373422,613,Talk or we'll pop the puppy.
963,253,18,90,179,287,1.4390243902439024,0.036051513022406556,613,"OK, you got your balloon animal. Now where were you last Tuesday?"
2324,253,31,64,192,287,1.4390243902439024,0.04020532309933772,613,Who's the funny guy now?
3913,253,28,70,189,287,1.4390243902439024,0.03928575277946059,613,Oh him? Budget cutbacks. So does this look like the dog that bit you?
2999,256,27,71,187,285,1.4385964912280702,0.03916843787768725,613,You're running out of time - my partner has a bar mitzvah in an hour.
1315,257,28,72,192,292,1.4383561643835616,0.03879547478873678,613,"Of course you're in trouble, clowns always mean trouble."
2397,257,30,68,194,292,1.4383561643835616,0.039397502388491094,613,"This is Officer Parches, our balloon artist. Does this look like the dog that bit you?"
4066,257,30,68,194,292,1.4383561643835616,0.039397502388491094,613,"Alright, was this the dog that bit you?"
1965,260,24,44,142,210,1.438095238095238,0.04766004159369406,613,Are you willing to take a pie detector test?
5542,261,23,78,183,284,1.4366197183098592,0.037967568961653694,613,"Talk, or the clown stays."
1658,261,30,64,190,284,1.4366197183098592,0.0401960981847935,613,Still not talking? Send in the mime.
4927,263,23,77,182,282,1.4361702127659575,0.03815338614271292,613,"That was in the old days, pal. Now it's just bad cop, and really bad cop."
4488,263,27,69,186,282,1.4361702127659575,0.03945424486152965,613,This will go easier for you if you start talking before he comes back with the pie.
2861,263,26,71,185,282,1.4361702127659575,0.03913308442652961,613,Here's the bad news: I'm the GOOD clown!
163,266,33,56,191,280,1.4357142857142857,0.04154634811589636,613,President Trump's staff has some questions for you also.
591,266,30,62,188,280,1.4357142857142857,0.0406115023885186,613,We have circus-stantial evidence.
2656,266,24,74,182,280,1.4357142857142857,0.03867407781994893,613,"Technically, this isn’t torture."
5791,266,29,64,187,280,1.4357142857142857,0.040295067784380106,613,"What, you think this is funny?"
495,270,23,73,179,275,1.4327272727272726,0.038812063904388135,613,This is no laughing matter.
3351,271,20,78,175,273,1.4322344322344323,0.037959342333450365,613,"Trust me son, this is no laughing matter."
3562,271,26,66,181,273,1.4322344322344323,0.040031422322566186,613,Trust me. You don’t want to see what comes after ‘Send in the clowns.’
6208,271,19,80,174,273,1.4322344322344323,0.03760289642999346,613,Does it look like I'm joking??
5531,274,18,81,172,271,1.4317343173431734,0.03742553718086886,613,I'm not here to humor you.
2965,275,25,70,183,278,1.4316546762589928,0.03917861679320829,613,We can make these charges stick. All he has to do is rub them against his shirt really fast.
4385,275,24,72,182,278,1.4316546762589928,0.03884574637778781,613,Now talk or he sings!
2622,277,25,66,178,269,1.4312267657992566,0.04010917229586546,613,Chief said you requested a therapy dog.
2582,277,27,62,180,269,1.4312267657992566,0.04079497960229112,613,"Trust me, kid. We have ways of making you laugh."
1288,279,24,71,181,276,1.431159420289855,0.03904188976720131,613,"You think we can’t make it more unpleasant for you than this? Lou, bring in the mime."
3199,279,24,71,181,276,1.431159420289855,0.03904188976720131,613,"I'll ask you once more, did he look like Jeff Koons or Ronald MacDonald?"
4590,281,24,69,179,272,1.4301470588235294,0.0394421971782077,613,"Oh, he’ll crack. Get your flower squirter."
1580,282,24,68,178,270,1.4296296296296296,0.03964647627294755,613,"This is your last chance, confess or we bring in the mime!"
2051,283,27,61,180,268,1.4291044776119404,0.04089203663300892,613,Don't try anything funny.
2630,283,24,67,177,268,1.4291044776119404,0.039853585147742114,613,Chief said you requested an emotional support animal.
5768,283,27,61,180,268,1.4291044776119404,0.04089203663300892,613,Our sketch artist took the day off and Chuckles is all we could get on short notice. Does this look like the dog that attacked you?
4914,286,31,51,182,264,1.428030303030303,0.04270639205442633,613,Officer Slappy does not appreciate you comparing him to The President.
2380,286,27,59,178,264,1.428030303030303,0.04133539977750704,613,Our sketch artist is out sick.
2899,286,26,61,177,264,1.428030303030303,0.0409854866127184,613,Does that look like the dog that bit you?
3130,286,25,63,176,264,1.428030303030303,0.04063256023186712,613,This is Murphy. He just transferred in from Juvenile.
4549,286,23,67,174,264,1.428030303030303,0.03991734744727272,613,I'm sorry our sketch artist is out of town. Does this look like the dog that attacked you?
6407,291,26,60,176,262,1.4274809160305344,0.04120848148122447,613,"We can stay as long as it takes, there’s eight more just like him in the car."
6262,292,23,68,176,267,1.4269662921348314,0.03959146266815412,613,"No more Mr. Nice Guy. You tell us, or Bozo here pops Snoopy."
569,292,23,68,176,267,1.4269662921348314,0.03959146266815412,613,You squeal or he pops the poodle.
2618,294,28,55,178,261,1.4252873563218391,0.04201544623696788,613,"You gonna come clean, or do we bring in the mime?"
6406,294,21,69,171,261,1.4252873563218391,0.03948405525820153,613,My partner says he found this behind your ear...
1937,296,30,50,179,259,1.4247104247104247,0.04295263803762544,613,Can you show me where the dogsitter touched your pet?
4386,296,21,68,170,259,1.4247104247104247,0.039693283462012174,613,"If you don’t cooperate, we have no choice but to send in the clowns."
6833,296,31,48,180,259,1.4247104247104247,0.043299646382847855,613,My partner knew 23 of the people in the car you blew up.
7301,296,19,72,168,259,1.4247104247104247,0.038931943529945244,613,"Well yes, we are running a circus here."
322,300,27,55,175,257,1.424124513618677,0.04212887788548686,613,"You got two choices, kid: the easy way, or the creepy way."
3527,300,22,65,170,257,1.424124513618677,0.04028458996274058,613,"If you don’t talk, we’ll send in the clowns. Oh wait, they’re already here."
6422,300,24,61,172,257,1.424124513618677,0.04103225382349584,613,"...And if the DNA comes back positive, you’re looking at 25 to life, pal. That being said, happy birthday!"
6284,303,22,64,169,255,1.423529411764706,0.04050377977612363,613,"No, moron, I’m the good cop!"
7063,303,27,54,174,255,1.423529411764706,0.04236683421971009,613,Bad cop; Disturbing cop
6840,303,21,66,168,255,1.423529411764706,0.04012078866402287,613,If you talk he'll let you keep it.
6236,303,20,68,167,255,1.423529411764706,0.03973410612928962,613,You have the right to remain silent. You don't have to laugh.
6108,303,27,54,174,255,1.423529411764706,0.04236683421971009,613,"Alright son, show me where the man touched your dog."
5872,303,23,62,170,255,1.423529411764706,0.04088318320877493,613,No! I'm the good cop. He's a clown.
1947,303,29,50,176,255,1.423529411764706,0.043089507168909094,613,Can you show us where he touched your dog?
3111,310,24,102,230,356,1.4213483146067416,0.03265894494121203,613,NO! I'm not the bad cop! Why do people keep saying that?!
5712,311,18,71,165,254,1.421259842519685,0.039036431299935115,613,"So, you gotta ask yourself: Is he a good clown or a bad clown."
4122,312,33,99,260,392,1.4209183673469388,0.03246534419496345,613,HR said we should revise our interrogation techniques when dealing with millennials.
3749,313,14,78,160,252,1.4206349206349207,0.03759780315319179,613,"You better talk, or my partner here gets out the seltzer bottle."
6007,313,20,66,166,252,1.4206349206349207,0.04004138013527485,613,"In case you haven't guessed, he's the good cop."
6181,313,22,62,168,252,1.4206349206349207,0.040823415219716636,613,"Son, I don’t even know what ironic means."
6542,313,23,60,169,252,1.4206349206349207,0.041208867780288455,613,"Lookit! We're not clowning around here. Well, _I'm_ not clowning around."
2677,317,19,67,164,250,1.42,0.039859189907477055,613,Boy! Don't make me go and get the bad clown.
2797,317,18,69,163,250,1.42,0.03945410632651684,613,"If you don't start talking, it'll get all kinds of weird in here."
5000,319,16,72,160,248,1.4193548387096775,0.03883571835751238,613,Don’t make him get the seltzer.
2168,320,27,49,170,246,1.41869918699187,0.043467199593658815,613,OK! We're done clowning around.
6687,320,27,49,170,246,1.41869918699187,0.043467199593658815,613,He's from the new Justice Department.
6154,320,22,59,165,246,1.41869918699187,0.04151478548623091,613,"Every time you tell a lie, a balloon animal dies."
195,320,21,61,164,246,1.41869918699187,0.04111317804133278,613,"Don't make us play good cop, fell-short-of-my-parent's-expectations cop."
3882,320,28,47,171,246,1.41869918699187,0.04384725129155092,613,"Officer Bozo tends to take the 'Bad Cop' role in weird, comedic, directions."
3439,325,23,56,165,244,1.4180327868852458,0.04215423210686056,613,"Listen, kid, I’d like to go easy on you, but my partner here wants to twist you into a green poodle."
2993,326,19,63,160,242,1.4173553719008265,0.04074995399202041,613,We can keep this up all day. We have 100 more just like him in a jalopy downstairs.
3280,326,15,71,156,242,1.4173553719008265,0.03903061930245579,613,Spill or he does the full act
4128,326,22,57,163,242,1.4173553719008265,0.041993283757830714,613,I'm the bad cop and he's the sick and twisted cop.
4204,326,18,65,159,242,1.4173553719008265,0.040326993113138795,613,"We can do this the easy way with me, or the hard way with Detective Bobo."
4415,326,22,57,163,242,1.4173553719008265,0.041993283757830714,613,Now I’ll ask you again: how many people did you see leave the car?
5115,326,17,67,158,242,1.4173553719008265,0.039899548828808924,613,Give us a name and we'll do your son's birthday party...
7249,326,20,61,161,242,1.4173553719008265,0.041168569651572985,613,We can't waterboard any more. But no one said anything about water ballooning.
6652,333,41,107,306,454,1.4162995594713657,0.030579790190369455,613,"Your wife’s on the balloon phone , sir."
3777,334,23,55,165,243,1.4156378600823045,0.04225969695905107,613,"I hate clowns too, but either you confess or I will bring in the mime."
5357,335,13,74,154,241,1.4149377593360997,0.03822347842189745,613,You have the right to remain unamused.
557,335,21,58,162,241,1.4149377593360997,0.041685242899136304,613,Oh yeah. You think this is funny? We'll show you funny.
5784,337,25,48,164,237,1.4135021097046414,0.043835622225395623,613,"We do suicides, homicides, weddings, birthday parties..."
6038,338,21,55,159,235,1.4127659574468086,0.04242205653505051,613,You expect us to believe that?! Do we look like a bunch of Bozos?!
6908,338,22,53,160,235,1.4127659574468086,0.04284858375488306,613,"Lately, the precinct has been under fire for its questionable interrogation tactics. So, let me introduce you to Officer Happy, your emotional support clown. Now, tell us what you know, or he follows you home."
2246,340,21,57,162,240,1.4125,0.04178765558147306,613,"You don't want to find out what else he can do with balloons, trust me."
390,341,16,64,153,233,1.4120171673819744,0.04044995188600032,613,Let's just say the Geneva Convention says nothing about clowns.
6353,341,20,56,157,233,1.4120171673819744,0.04223971211752682,613,I heard it's your birthday.
3200,343,16,63,153,232,1.4094827586206897,0.04054486390604207,613,"I'm the good cop. He's the sad, tragic cop."
2411,343,15,65,152,232,1.4094827586206897,0.04008200327233195,613,"Believe me, we have ways of making you laugh."
3290,343,23,49,160,232,1.4094827586206897,0.04364766899862102,613,"What part of ""good cop, clown cop,"" don't you understand?"
897,343,17,61,154,232,1.4094827586206897,0.04100249982617788,613,“Wrong. He’s the Bad Cop”.
1216,343,16,63,153,232,1.4094827586206897,0.04054486390604207,613,Talk or the dog gets it.
4181,343,21,53,158,232,1.4094827586206897,0.04278412092518315,613,"If you don't start talking, things are going to get serious."
4451,349,20,54,156,230,1.4086956521739131,0.0425998216136205,613,You’re lucky I didn’t go for the juggler!
4215,349,21,52,157,230,1.4086956521739131,0.043043200180141294,613,"Now, we can do this the easy way or the sad way."
5268,349,17,60,153,230,1.4086956521739131,0.04124109553353309,613,"And if you confess to everything, he'll make you a giraffe."
3032,349,13,68,149,230,1.4086956521739131,0.039356560315458096,613,What kind of clowns do you take us for?
4150,349,17,60,153,230,1.4086956521739131,0.04124109553353309,613,Wait until you see what's up his sleeve.
1066,349,15,64,151,230,1.4086956521739131,0.040309842474700236,613,Guess who's the bad cop.
297,355,19,55,154,228,1.4078947368421053,0.04240476695655816,613,The case has just taken a new twist.
3356,355,15,63,150,228,1.4078947368421053,0.04054124825393198,613,Webster was undercover at your party. We know everything
4065,355,23,47,158,228,1.4078947368421053,0.0441897693057236,613,We found this condom at the scene.
4221,355,20,53,155,228,1.4078947368421053,0.04285798785877929,613,Why does everyone think that I'm the bad cop?
5619,355,19,55,154,228,1.4078947368421053,0.04240476695655816,613,"Isn't it rich, isn't it queer!?"
6164,355,20,53,155,228,1.4078947368421053,0.04285798785877929,613,"If I don't get the confession I want, he'll do another two hours."
6494,355,22,49,157,228,1.4078947368421053,0.04375034684010866,613,Start talking before Mr. Chuckles becomes Mr. Knuckles.
2959,362,24,47,162,233,1.407725321888412,0.04391871250460361,613,"Do you want to talk to me, or my friend, and his little friend?"
5179,363,25,42,159,226,1.407079646017699,0.04534336878475917,613,We know how to deal with clowns like you.
6679,364,13,65,146,224,1.40625,0.04002702932461378,613,"No, really. I'm the good cop."
4460,364,25,41,158,224,1.40625,0.04563577893875125,613,I’m going to ask you one last time and I strongly suggest you answer. Is this a puppy or a reindeer?
3920,364,17,57,150,224,1.40625,0.041979957410068734,613,"Next, make a lawyer."
555,364,22,47,155,224,1.40625,0.04430021454404372,613,"If you cannot afford an attorney, one will be contorted for you."
171,364,21,49,154,224,1.40625,0.043845986951474576,613,I'm asking for the last time. Where's Waldo?
1940,364,17,57,150,224,1.40625,0.041979957410068734,613,Talk or we put the squeeze on the dog
641,370,17,56,149,222,1.4054054054054055,0.04223426456430787,613,"Actually, I'm the good cop."
4679,370,20,50,152,222,1.4054054054054055,0.04365807305904889,613,You suppose wrong. I'm actually the good cop.
4767,370,20,50,152,222,1.4054054054054055,0.04365807305904889,613,He's here in case you try something funny
5270,373,29,61,204,294,1.4047619047619047,0.038672891652129615,613,"You got what you asked for, Sondheim. Now talk."
4727,374,14,62,147,223,1.4035874439461884,0.04061826005915523,613,"Okay, I'm done here-be aware that my partner doesn't share my sense of humor"
6106,375,23,43,155,221,1.4027149321266967,0.04516034120719081,613,"There are 19 more of him in the police cruiser parked outside, so you better start talking!"
2004,375,23,43,155,221,1.4027149321266967,0.04516034120719081,613,"Listen pal, we can do this the easy way or the creepy way"
2817,375,21,47,153,221,1.4027149321266967,0.04424009208222709,613,You’d better tell us everything before the case becomes a full-blown media circus
2913,375,17,55,149,221,1.4027149321266967,0.04233963162844007,613,"So, you think we're here just for your amusement?"
4707,375,16,57,148,221,1.4027149321266967,0.04185103429043326,613,You'd better start talking. We've got dozens more just waiting to pile out of the squad car.
6060,375,17,55,149,221,1.4027149321266967,0.04233963162844007,613,"One way or another, pal, we're gonna get you to crack."
7113,375,18,53,150,221,1.4027149321266967,0.04282265453804779,613,Did you know your daughter's birthday clown was working undercover?
962,382,30,97,263,390,1.4025641025641025,0.03183958828812592,613,Did he look like this?
536,383,18,52,149,219,1.4018264840182648,0.043088639299864784,613,Our sketch artist is on vacation.
6663,384,25,119,277,421,1.4014251781472684,0.029238259756304747,613,Confess or I will leave you three alone.
2184,385,14,59,144,217,1.400921658986175,0.04134407008884598,613,He usually works juvie.
1285,386,16,54,145,215,1.4,0.04262623963184009,613,You think you can talk to my partner like he's some kind of Bozo?
648,387,17,53,148,218,1.3990825688073394,0.042706747048605644,613,"next we lock you in the room and play ""a small world after all"" on a continuous loop!"
5894,387,18,51,149,218,1.3990825688073394,0.043198890942004915,613,You’d be surprised how hard it is to find a “good cop” these days.
4945,389,22,41,150,213,1.3990610328638498,0.04588665768111742,613,"Isn't it rich? Are we a pair? It's Query the Clown and his balloon dog, Pierre."
3649,389,19,47,147,213,1.3990610328638498,0.04441522987893076,613,"Go ahead punk, make my birthday."
1585,389,22,41,150,213,1.3990610328638498,0.04588665768111742,613,"You better talk, or next we'll bring in the mime."
2192,389,21,43,149,213,1.3990610328638498,0.04540148070818237,613,You're going to regret that I had to send in the clown.
3294,393,15,54,142,211,1.3981042654028435,0.042638980268877136,613,You think waterboarding is torture?
6932,393,20,44,147,211,1.3981042654028435,0.04520802283342372,613,Does he look like he's joking?
5881,393,19,46,146,211,1.3981042654028435,0.044706026332921006,613,"No, you listen punk; like I’m going to believe that the killer clown’s behind me."
5658,393,17,50,144,211,1.3981042654028435,0.043684730907088805,613,The killer had a very distinct laugh. We'll get it out of you one way or another.
5646,393,20,44,147,211,1.3981042654028435,0.04520802283342372,613,"Oh, you're gonna laugh, and you're gonna laugh loud."
3578,393,18,48,145,211,1.3981042654028435,0.04419832861604942,613,Don’t make me send in the clown.
3344,393,18,48,145,211,1.3981042654028435,0.04419832861604942,613,Wipe that smile off your face!
3209,393,21,42,148,211,1.3981042654028435,0.045704505976269925,613,Our sketch artist is out sick today...is this the dog you saw?
2052,393,17,50,144,211,1.3981042654028435,0.043684730907088805,613,"We can do this the hard way, or the hardy har har way."
2638,393,15,54,142,211,1.3981042654028435,0.042638980268877136,613,Do I look like I’m clowning around?
2203,393,19,46,146,211,1.3981042654028435,0.044706026332921006,613,You can talk to me or deal with Bobo. And Bobo just ran out of balloons.
923,393,21,42,148,211,1.3981042654028435,0.045704505976269925,613,Good Cop / Could go either way Cop.
808,393,23,38,150,211,1.3981042654028435,0.046681633889464065,613,Don't bother... he's here.
525,393,25,34,152,211,1.3981042654028435,0.04763872394014166,613,Give it up. My partner found the drugs.
160,393,19,46,146,211,1.3981042654028435,0.044706026332921006,613,It’s Officer Bozo to you!
2701,393,19,46,146,211,1.3981042654028435,0.044706026332921006,613,"If you don't cooperate, your next interrogator will be a mime."
4845,409,20,43,146,209,1.3971291866028708,0.04551020360862165,613,"If he can’t break you, I have thirty-six more waiting in the cruiser."
6064,409,20,43,146,209,1.3971291866028708,0.04551020360862165,613,"That's right, he was working undercover at the birthday party you crashed."
6545,409,14,55,140,209,1.3971291866028708,0.04236907932412786,613,"Sure, you have the right to remain silent, but do you have the ability?"
3811,409,11,61,137,209,1.3971291866028708,0.04070772663650304,613,Let's make this quick. My partner is juggling a full case load.
2739,409,13,57,139,209,1.3971291866028708,0.04182262853791289,613,"I won't hurt ya, but my friend over here has a pretty sick sense of humor."
1135,409,18,47,144,209,1.3971291866028708,0.04448781161835467,613,Oh? You think I'm the bad cop?
3918,409,19,45,145,209,1.3971291866028708,0.04500191115435217,613,Talk or the poodle dies
1060,416,15,52,141,208,1.3942307692307692,0.04301688462192617,613,"Remember when I told you it wasn't going to be fun and games in here? Well, I lied."
1345,416,15,52,141,208,1.3942307692307692,0.04301688462192617,613,Now answer the question or the clown stays.
1608,416,14,54,140,208,1.3942307692307692,0.04247353563300862,613,"I’m through clowning around. That’s more my partner’s thing, anyhow."
1679,416,22,38,148,208,1.3942307692307692,0.046643437871041346,613,..so you see clowning around with a condom is no laughing matter son.
1760,416,15,52,141,208,1.3942307692307692,0.04301688462192617,613,That's what he did to the last guy.
3631,416,20,42,146,208,1.3942307692307692,0.045636696085654405,613,Welcome to the witness protection program.
4410,416,17,48,143,208,1.3942307692307692,0.04408349611125935,613,‘What did you call my partner?’
6934,416,16,50,142,208,1.3942307692307692,0.04355345561472434,613,I’ll ask you one more time before I go and get the rest of them out of the car.
5950,424,22,58,179,259,1.393822393822394,0.03979650201948255,613,"...If you cannot afford an attorney, one will be provided for you."
4359,425,17,47,142,206,1.3932038834951457,0.04437331285360505,613,We can make this easy. Or we can make this hardy har har.
2070,425,14,53,139,206,1.3932038834951457,0.04274238883017761,613,"It's ""Detective"" Chuckles to you, young man."
1354,425,16,49,141,206,1.3932038834951457,0.043836414049349105,613,The bad cop is on vacation.
1583,425,20,41,145,206,1.3932038834951457,0.04594638162355912,613,"Understand one thing, punk. I'm the good cop in this little scenario."
4928,429,22,36,146,204,1.392156862745098,0.04729407696055457,613,Isn't it rich? Aren't we a pair?
916,430,11,59,137,207,1.391304347826087,0.040892082009169856,613,"You see something funny, Robert?"
2020,431,12,55,135,202,1.391089108910891,0.042141097924473625,613,"We can do this the easy way, or the funny way."
2942,431,16,47,139,202,1.391089108910891,0.04441741508818464,613,"I'll ask you one last time, is that a horsey or a doggie?"
3997,431,12,55,135,202,1.391089108910891,0.042141097924473625,613,Did this Bozo you described maybe look something like this?
5518,431,14,51,137,202,1.391089108910891,0.043294219576036755,613,"Ohhh...and I suppose you think this is funny too, right?"
6327,431,19,41,142,202,1.391089108910891,0.04605087116160895,613,"If we're to have a prayer of finding your attacker, our balloon artist is going to need a much better description."
2119,436,16,46,138,200,1.39,0.04471574093579559,613,Start cooperating or I’ll turn you over to this Bozo!
2348,436,13,52,135,200,1.39,0.042997019880370364,613,You should know we have ways of making you laugh...
1491,436,14,50,136,200,1.39,0.043577459481644536,613,"You'd better start giving me answers, or the next thing my partner twists into a cute little animal won't be your balloon."
4911,436,11,56,133,200,1.39,0.04181197443352981,613,He does birthday parties and indictments.
357,436,13,52,135,200,1.39,0.042997019880370364,613,Start talking or my partner will use enhanced humor methods.
184,436,16,46,138,200,1.39,0.04471574093579559,613,"You give me a name, I give you a Happy Meal."
730,436,14,50,136,200,1.39,0.043577459481644536,613,Ever since they banned waterboarding we've had to be more creative.
6940,443,17,43,138,198,1.3888888888888888,0.04558539110011436,613,"You either start talking, or I'm going to turn you over to this clown."
6598,443,14,49,135,198,1.3888888888888888,0.043865765614001496,613,"Coulrophobia. C-O-U-L-R-O-P-H-O-B-I-A. Look it up, punk."
4951,443,15,47,136,198,1.3888888888888888,0.04444636718396461,613,"Trust me, balloons aren't the only thing he can twist."
4439,443,17,43,138,198,1.3888888888888888,0.04558539110011436,613,"Alright, this is my partners last balloon. Is this the dog you saw leaving the scene or not?"
3522,443,19,39,140,198,1.3888888888888888,0.04669664021799604,613,What makes you so sure I’m the bad cop?
3480,443,16,45,137,198,1.3888888888888888,0.04501948154744895,613,"Fine, deny you stole the car, but we got 40 witnesses in the back seat."
6742,443,21,35,142,198,1.3888888888888888,0.04778205242083627,613,"I can do this all day, but Officer Yorick is a fellow of finite jest."
3179,443,20,37,141,198,1.3888888888888888,0.04724246363811116,613,We're saving him for the President Trump interrogation.
2231,443,11,55,132,198,1.3888888888888888,0.042075918338815216,613,Do you think this is all fun and games!?
1671,443,16,45,137,198,1.3888888888888888,0.04501948154744895,613,Maybe a few minutes in the bounce house will refresh your memory.
1200,443,19,39,140,198,1.3888888888888888,0.04669664021799604,613,"Good Cop, Batshit Crazy Cop!"
1143,443,11,55,132,198,1.3888888888888888,0.042075918338815216,613,We found your fingerprints all over it.
266,443,15,47,136,198,1.3888888888888888,0.04444636718396461,613,A lot of us have side jobs.
3472,443,20,37,141,198,1.3888888888888888,0.04724246363811116,613,President Trump has volunteered to give you some legal advice ...
7047,457,15,46,135,196,1.3877551020408163,0.04474785812790965,613,My partner also has the right to remain silent.
5510,457,14,48,134,196,1.3877551020408163,0.04415928196062901,613,What makes you think this is a joke?
3233,457,19,38,139,196,1.3877551020408163,0.04702855836685099,613,Tell that to the jury. Sargent O'Donnell says he had 37 witnesses in his patrol car that would identify you as the perp!
2859,457,18,40,138,196,1.3877551020408163,0.04646887859962962,613,"Because the composite sketch guy is on vacation. Now, is this the dog you saw the night of the murder?"
469,457,13,50,133,196,1.3877551020408163,0.04356275426922797,613,"Actually, he's the bad cop, but a surprisingly good clown."
2886,457,13,50,133,196,1.3877551020408163,0.04356275426922797,613,You think you're funny? I'll show you funny.
5855,463,37,100,312,449,1.3875278396436526,0.029961310750578323,613,"No, I am the good cop."
4098,464,30,110,299,439,1.387243735763098,0.02921969548113253,613,"""Good cop, bad clown"" is a lesser known, but highly effective interrogation technique."
4050,465,11,54,132,197,1.385786802030457,0.04217495583348904,613,You hear that Carl? He thinks this is some kind of joke.
3685,466,14,47,134,195,1.3846153846153846,0.04427399076616325,613,"If you think you can make clowns of us, I warn you it's been done!"
7197,466,16,43,136,195,1.3846153846153846,0.045452419589860384,613,"Ok, tough guy.. you can make this easy and talk to the ""good cop"", or take your chances with Pennywise here..."
6065,466,16,43,136,195,1.3846153846153846,0.045452419589860384,613,He's from our Not Very Serious Crime Unit
5687,466,12,51,132,195,1.3846153846153846,0.04306332627830662,613,"If you give us a name, we will call off the dog."
4743,466,13,49,133,195,1.3846153846153846,0.04367285385977313,613,"Won't talk, huh? Ditch the dog, Happy, and get the seltzer."
3655,466,19,37,139,195,1.3846153846153846,0.04716488872973566,613,"We’re nowhere near done with you, we’ve still got magic tricks and the unicycle."
1033,466,14,47,134,195,1.3846153846153846,0.04427399076616325,613,What happened to that balloon wasn’t an accident
2887,466,13,49,133,195,1.3846153846153846,0.04367285385977313,613,My partner here is going to see if he can twist your arm.
1923,466,12,51,132,195,1.3846153846153846,0.04306332627830662,613,"Our sketch artist is away, does your missing dog look like this?"
3152,466,19,37,139,195,1.3846153846153846,0.04716488872973566,613,Oh no. He’s just on temporary loan from the White House.
361,466,13,49,133,195,1.3846153846153846,0.04367285385977313,613,It's Suspect Appreciation Day.
147,466,14,47,134,195,1.3846153846153846,0.04427399076616325,613,You think I'm clowning around?
7043,478,17,40,136,193,1.383419689119171,0.04635544478895621,613,You RANSOMED the birthday piñata???
6858,478,13,48,132,193,1.383419689119171,0.04396518846755736,613,We have ways of making you talk. But this isn't one of them.
6780,478,14,46,133,193,1.383419689119171,0.04457477047766339,613,"No, it’s not all fun and games here."
5587,478,14,46,133,193,1.383419689119171,0.04457477047766339,613,Does this look like a joke to you?
5141,478,15,44,134,193,1.383419689119171,0.04517612786953861,613,"Believe me, you don't want to see 'bad clown',"
4776,478,13,48,132,193,1.383419689119171,0.04396518846755736,613,"So, are you gonna talk? Or does my partner here have to make you a hat?"
5628,478,16,42,135,193,1.383419689119171,0.0457695848291574,613,You'll be working for Earl-- he's our last clown. The previous one became president.
2904,478,11,52,130,193,1.383419689119171,0.04271993755485576,613,As you can see this is no laughing matter.
1991,478,12,50,131,193,1.383419689119171,0.04334703485636944,613,Start talking or you'll see what happens to the balloon.
1938,478,17,40,136,193,1.383419689119171,0.04635544478895621,613,"we've found good cop, sad cop works better."
4220,478,12,50,131,193,1.383419689119171,0.04334703485636944,613,"You think this is rough? Trust me, you do NOT want him to put on the shoes."
620,478,17,40,136,193,1.383419689119171,0.04635544478895621,613,"We're done clowning around, tell us or your little wiener dog says ""bye-bye""."
290,478,18,38,137,193,1.383419689119171,0.046933992241556644,613,Just think about this: I'm the good cop.
73,478,8,58,127,193,1.383419689119171,0.040780828415386314,613,You think you're funny? I'll show you funny.
3884,492,18,37,136,191,1.382198952879581,0.04727325875275872,613,"Oh, tough guy huh? Alright, bring in the Mime!!"
6287,492,10,53,128,191,1.382198952879581,0.042354081092253776,613,"After this, he goes for the seltzer .. and then .. pies! Oh yes, there will be pies!"
1761,492,11,51,129,191,1.382198952879581,0.0429997649547206,613,Don't make me resort to face painting.
6818,495,13,48,133,194,1.3814432989690721,0.04378260751976595,613,It's San Francisco. Here we have a bad cop and a fun cop.
618,496,18,36,135,189,1.380952380952381,0.047619047619047616,613,Did you see what he did with that balloon? You're next!
1966,496,13,46,130,189,1.380952380952381,0.04456609972272542,613,"O.K Sonny, what’ll it be? The Big House or the Fun House?"
3762,496,11,50,128,189,1.380952380952381,0.04328467007886533,613,Ok wise guy. We know how to deal with clowns like you.
3902,496,17,38,134,189,1.380952380952381,0.0470243171754283,613,"‘There’s 11 more of them in a squad car outside, so I suggest you start talking.’"
7110,496,17,38,134,189,1.380952380952381,0.0470243171754283,613,You really don’t want me to leave you alone with this clown!
6877,501,20,124,287,431,1.3805104408352669,0.027640956713013094,613,If we can't make you talk we'll at least make you smile.
1854,502,18,37,137,192,1.3802083333333333,0.04706851175614475,613,"No, it's good cop, creepy cop."
1031,502,13,47,132,192,1.3802083333333333,0.04407671936366513,613,Do I look like a clown to you?
138,502,12,49,131,192,1.3802083333333333,0.043453649651649336,613,The sketch artist has the day off. Work with me here.
684,502,15,43,134,192,1.3802083333333333,0.04529715480571943,613,"I'm going to ask you one more time. Did you, or did you not, try to pass that dachshund off as a labradoodle?"
6722,506,10,51,126,187,1.3796791443850267,0.0429099308856588,613,You will now undergo a polylaugh test.
7235,506,13,45,129,187,1.3796791443850267,0.04487499512439912,613,This seem like a joke to you?
7163,506,13,45,129,187,1.3796791443850267,0.04487499512439912,613,"Kid, does it look like my partner is here to entertain you?"
6926,506,13,45,129,187,1.3796791443850267,0.04487499512439912,613,"You're lucky, Detective B'Ozo wants to charge you as a juvenile."""
5436,506,13,45,129,187,1.3796791443850267,0.04487499512439912,613,"OH, BY THE WAY, HAPPY BIRTHDAY!"
4281,506,13,45,129,187,1.3796791443850267,0.04487499512439912,613,Somethin' funny?
4146,506,15,41,131,187,1.3796791443850267,0.04613856521338807,613,"Yes, it's cruel, but it isn't unusual."
4514,506,14,43,130,187,1.3796791443850267,0.04551116559353819,613,That's right. HE'S the bad cop.
3556,506,15,41,131,187,1.3796791443850267,0.04613856521338807,613,We ran out of Good Cops.
3532,506,14,43,130,187,1.3796791443850267,0.04551116559353819,613,What clown?
3021,506,12,47,128,187,1.3796791443850267,0.044229675345261524,613,"After what he just did to that innocent, little balloon, you still think he's the 'good cop?'"
1741,506,16,39,132,187,1.3796791443850267,0.04675754705090584,613,"Give us some answers kid, don’t make us use the pin."
1166,506,13,45,129,187,1.3796791443850267,0.04487499512439912,613,"Enough clowning around with you, buddy! I have a pie and I'm not afraid to use it!"
939,506,13,45,129,187,1.3796791443850267,0.04487499512439912,613,"Surprise, HE'S the bad cop!"
174,506,14,43,130,187,1.3796791443850267,0.04551116559353819,613,What do you mean the trial was a circus?
3580,506,10,51,126,187,1.3796791443850267,0.0429099308856588,613,Do you think I’m here to amuse you?
2224,522,14,44,132,190,1.3789473684210527,0.04499939337865333,613,Bad news - I'M the good cop.
2552,522,14,44,132,190,1.3789473684210527,0.04499939337865333,613,Tell us what we want to know or we pop the dog.
4013,522,17,38,135,190,1.3789473684210527,0.04681911769840908,613,"You better worry, because I'm the ""Good Cop"""
4491,522,12,48,130,190,1.3789473684210527,0.04374420898099534,613,"Good cop, bad cop was feeling a little stale."
4129,526,12,46,127,185,1.3783783783783783,0.044534910029383784,613,I hope you didn't just call my partner what I think you just called my partner.
5170,526,14,42,129,185,1.3783783783783783,0.045835215986033004,613,There are 28 more just like him waiting in the squad car downstairs.
4032,526,17,36,132,185,1.3783783783783783,0.04771928587298615,613,Is this your dog?
7203,526,11,48,126,185,1.3783783783783783,0.043870306640651766,613,You're lucky we're charging you as a juvenile.
7280,526,13,44,128,185,1.3783783783783783,0.04518974018409269,613,Unless you want to relive your 6-year-old birthday party you’d better cooperate.
6864,526,14,42,129,185,1.3783783783783783,0.045835215986033004,613,You might as well talk. Your accomplice has already squeaked.
3389,526,17,36,132,185,1.3783783783783783,0.04771928587298615,613,Im bad cop. He is worse cop.
2804,526,14,42,129,185,1.3783783783783783,0.045835215986033004,613,Keep this up and you will also be facing a media circus.
1536,526,17,36,132,185,1.3783783783783783,0.04771928587298615,613,"OK son, can you explain Facebook to the Congressman again."
1293,526,19,32,134,185,1.3783783783783783,0.048935049375562735,613,Now your final test as nominee for Secretary of State
1283,526,11,48,126,185,1.3783783783783783,0.043870306640651766,613,"What do you mean funny, funny how?"
1206,526,13,44,128,185,1.3783783783783783,0.04518974018409269,613,"According to your driver’s license, today is your birthday."
815,526,18,34,133,185,1.3783783783783783,0.04833099058376798,613,"And I say YOU'RE the one who's acting like a Bozo, young man."
797,526,19,32,134,185,1.3783783783783783,0.048935049375562735,613,"Talk now, or we bring in the mime!"
7285,540,12,45,126,183,1.3770491803278688,0.04484592897627189,613,I get the feeling you're not taking us seriously.
6861,540,8,53,122,183,1.3770491803278688,0.042082780139106615,613,Start talking now or the juggling bear comes out next.
5956,540,15,39,129,183,1.3770491803278688,0.046811377536621915,613,"You think I’m scary, wait until you meet my partner."
5824,540,12,45,126,183,1.3770491803278688,0.04484592897627189,613,Is this an accurate depiction of the dog in question?
6336,540,13,43,127,183,1.3770491803278688,0.04551051072139196,613,He can use seltzer in ways that never leave a mark.
5005,540,13,43,127,183,1.3770491803278688,0.04551051072139196,613,It’s not that weird. Everyone has emotional support animals these days.
4295,540,17,35,131,183,1.3770491803278688,0.048077058433626835,613,Do we really look that stupid?
3774,540,20,29,134,183,1.3770491803278688,0.04991544118568619,613,"No, he can't make you a sword."
953,540,15,39,129,183,1.3770491803278688,0.046811377536621915,613,You think this funny? I’ll show you funny.
5700,540,18,33,132,183,1.3770491803278688,0.04869756449769822,613,Better start talking or I'm bringing in the mime...
338,550,10,48,123,181,1.3756906077348066,0.04378256962687061,613,"Tell us the truth, or you'll be getting a very unhappy meal."
1109,550,17,34,130,181,1.3756906077348066,0.04844197438758054,613,What makes you think he's the good cop?
2412,550,14,40,127,181,1.3756906077348066,0.046502288330273686,613,"You think this is all a big joke, don't you?"
3322,550,14,40,127,181,1.3756906077348066,0.046502288330273686,613,Don’t make me pop it.
6381,550,11,46,124,181,1.3756906077348066,0.0444780930047232,613,"Confess, or I'll turn you over to ""Tickles""."
6844,550,9,50,122,181,1.3756906077348066,0.04307581744931533,613,"Give us a name, and we’ll throw in some cotton candy."
6860,550,15,38,128,181,1.3756906077348066,0.04715771595568367,613,"Talk to us, or your friend here gets popped."
6878,550,13,42,126,181,1.3756906077348066,0.0458374897408974,613,My partner tends to overplay the good cop role
3277,558,29,100,293,422,1.3744075829383886,0.02971229034115361,613,Enough clowning around. Let's see how you hold up against the K9 unit.
6948,559,16,35,128,179,1.3743016759776536,0.048167012877517554,613,Balloons aren't the only thing he can twist into silly shapes!
5034,559,17,33,129,179,1.3743016759776536,0.04881425845161245,613,Is this all a big joke to you?
5324,559,17,33,129,179,1.3743016759776536,0.04881425845161245,613,Our corrections officer knows every trick in the book.
3694,559,16,35,128,179,1.3743016759776536,0.048167012877517554,613,"Save it, carny. We had a man on the inside the whole time!"
3388,559,9,49,121,179,1.3743016759776536,0.043366648926079256,613,You can laugh at my partner but he just broke the stolen piñata case wide open!
4629,559,16,35,128,179,1.3743016759776536,0.048167012877517554,613,"If we don't get some answers quick, I'm sending in the mime."
2546,565,16,72,190,278,1.3741007194244603,0.03550854297063691,613,The good cop is off today. This is the best we could come up with.
875,566,13,40,125,178,1.3707865168539326,0.0462962269517056,613,"Okay, tough guy... You really want me to bring out the mime?"
1260,566,13,40,125,178,1.3707865168539326,0.0462962269517056,613,Good luck remaining silent.
3238,566,13,40,125,178,1.3707865168539326,0.0462962269517056,613,Confess or we send in the mime.
4290,566,12,42,124,178,1.3707865168539326,0.04560548933949749,613,"Now you're probably wondering, ""Who's this Bozo?"""
5245,566,14,38,126,178,1.3707865168539326,0.04697680919382077,613,Yes he's the good cop. Its just that he's not a very good good cop
5444,566,10,46,122,178,1.3707865168539326,0.044191636242137435,613,We have other ways of making you talk.
5475,566,9,48,121,178,1.3707865168539326,0.04346746762451871,613,"He also plays the accordion, if you won't talk."
5826,566,11,44,123,178,1.3707865168539326,0.044904127714790396,613,"Listen kid, don't make me send in the bad clown."
6433,566,18,30,130,178,1.3707865168539326,0.04960585137166676,613,Don't make me get the mime.
7172,566,14,38,126,178,1.3707865168539326,0.04697680919382077,613,ONLY because it's your birthday.
4747,576,15,35,126,176,1.3693181818181819,0.048010523123358205,613,Don’t make me bring in the face painter.
4320,576,12,41,123,176,1.3693181818181819,0.04593696916181256,613,Trust me. You don't want the good cop.
2707,576,13,39,124,176,1.3693181818181819,0.046638398350590714,613,What the hell are you laughing at?
2381,576,14,37,125,176,1.3693181818181819,0.047329433396602665,613,...and if you don’t cooperate there’s a lot more like him back in the squad car.
335,580,16,32,126,174,1.367816091954023,0.04906262722045015,613,You think this is funny?
3865,580,9,46,119,174,1.367816091954023,0.044068764600178036,613,What do you take us for?
4083,580,10,44,120,174,1.367816091954023,0.04481625577222157,613,"Actually ,it's bad cop, worse cop."
5809,580,11,42,121,174,1.367816091954023,0.04555148240723305,613,You have the right to remain silent. As long as you can keep a straight face.
7055,580,14,36,124,174,1.367816091954023,0.04768920059785337,613,You know the sound of a balloon getting twisted--Mario can do that all night.
643,585,14,37,126,177,1.3672316384180792,0.04710750836205875,613,Talk or we'll send in the mime next
3131,585,12,41,124,177,1.3672316384180792,0.045724333492199565,613,"Yeah? What else do you see? Am I a clown, too?"
4405,585,14,37,126,177,1.3672316384180792,0.04710750836205875,613,There is no good clown.
6103,588,6,51,115,172,1.3662790697674418,0.042016855061145005,613,You think we brought you in just for fun?
7260,588,12,39,121,172,1.3662790697674418,0.0466198760750753,613,"Dammit, I said look at me when I'm talking to you!"
6914,588,12,39,121,172,1.3662790697674418,0.0466198760750753,613,The easy way or do we need the slapstick?
6321,588,12,39,121,172,1.3662790697674418,0.0466198760750753,613,"You may not believe it, but my partner’s not as stable as I am."
5983,588,14,35,123,172,1.3662790697674418,0.04805633940765861,613,So you deny trying to steal Bozo's service animal?
3094,588,11,41,120,172,1.3662790697674418,0.045884783853157966,613,We have ways of making you chuckle.
4647,588,15,33,124,172,1.3662790697674418,0.048758703974453976,613,Do we look like we're clowning around?
4528,588,11,41,120,172,1.3662790697674418,0.045884783853157966,613,Did you just call him a bozo?
4036,588,11,41,120,172,1.3662790697674418,0.045884783853157966,613,I'll ask you one more time-- do you recognize that dog?
5534,588,13,37,122,172,1.3662790697674418,0.0473435560690125,613,For an extra $45 you can have a tape of this interrogation to share with your kids.
1899,588,13,37,122,172,1.3662790697674418,0.0473435560690125,613,"Oh, I'm sorry, is Circus Jail just one big joke to you?"
1256,599,11,42,122,175,1.3657142857142857,0.04533918357195701,613,We couldn't get a sketch artist but I assure you my partner is a professional.
7146,600,13,36,121,170,1.3647058823529412,0.04770698770351928,613,We know how to deal with clowns like you.
6112,600,11,40,119,170,1.3647058823529412,0.046224770277365185,613,I bet you're thinking were just a bunch of clowns.
4421,600,9,44,117,170,1.3647058823529412,0.04469342343842804,613,This was found at the crime scene; our expert recognized your work.
4315,600,15,32,123,170,1.3647058823529412,0.049144521203205296,613,So latex sensitive are we? Don't make me send in the clown.
3568,600,14,34,122,170,1.3647058823529412,0.04843108836293086,613,"No, it's not torture according to the latest court ruling."
372,600,11,40,119,170,1.3647058823529412,0.046224770277365185,613,My partner here has a way of making kids squeal.
2476,606,25,86,263,374,1.3636363636363635,0.03128588227338872,613,"That's right, Johnson here was undercover the whole time. Why?! Because art plagiarism is a serious crime Mr. Koons!"
6536,607,13,35,120,168,1.3630952380952381,0.048077967549085616,613,. . .and he can get 26 officers in one car.
5787,607,16,29,123,168,1.3630952380952381,0.05025285028672568,613,"Unfortunately for you, I'm the good cop."
5741,607,14,33,121,168,1.3630952380952381,0.04881369647015724,613,Anything you say will be used in his act.
3742,607,12,37,119,168,1.3630952380952381,0.04733080354506162,613,You’re lucky it’s your birthday.
3197,607,16,29,123,168,1.3630952380952381,0.05025285028672568,613,"Sorry, our sketch artist is on vacation."
5035,607,17,27,124,168,1.3630952380952381,0.05095718753394635,613,"Young man, Agent Adams is going to teach you how to be the President of the United States."
1728,607,15,31,122,168,1.3630952380952381,0.04953849980076459,613,Don’t make him get out the seltzer.
2432,607,17,27,124,168,1.3630952380952381,0.05095718753394635,613,Tell us where Waldo is and no one gets hurt.
1139,607,8,45,115,168,1.3630952380952381,0.044216071359884174,613,We can do this the easy way . . . or whatever it is that he does.
1116,607,17,27,124,168,1.3630952380952381,0.05095718753394635,613,"Ok, Come clean or you get 4 hours of this guy and then a mime."
862,607,14,33,121,168,1.3630952380952381,0.04881369647015724,613,"Let me tell you this up front, buddy — he’s the bad cop."
300,618,10,42,119,171,1.3625730994152048,0.04524917362411762,613,"I’ve got a carload of these guys, all dying to take a crack at you."
504,618,11,40,120,171,1.3625730994152048,0.046003121233998294,613,"Now you would hate to see something happen to little doggy, wouldn't you?"
1226,618,12,38,121,171,1.3625730994152048,0.046744910021031684,613,"You wanna play games, pal?"
4964,618,18,26,127,171,1.3625730994152048,0.050969435061620674,613,"If you insist on a trial, the President's lawyer will be your court-appointed counsel."
7010,618,16,30,125,171,1.3625730994152048,0.049601254130233044,613,"We can do this the fun way, or the funnier way"
4378,623,13,50,147,210,1.361904761904762,0.04119850586231023,613,It's up to you: This can be really hard or really funny.
6361,624,18,24,124,166,1.3614457831325302,0.052087932579539635,613,Our sketch artist will work with you to come up with a balloon representation of the perp.
6055,624,10,40,116,166,1.3614457831325302,0.046141065434040375,613,"Oh, him? He's here for emotional support."
5676,624,8,44,114,166,1.3614457831325302,0.044530430259911345,613,"He makes you laugh, I make you cry."
5401,624,12,36,118,166,1.3614457831325302,0.04769734394747745,613,I assure you we take this very seriously.
5359,624,11,38,117,166,1.3614457831325302,0.04692565683627859,613,"He's a good cop and a great partner, but I hate it when we take his car to a crime scene."
5283,624,12,36,118,166,1.3614457831325302,0.04769734394747745,613,"What can I tell you, the sketch artist is on vacation. Does this look like your missing dog or what?"
4758,624,12,36,118,166,1.3614457831325302,0.04769734394747745,613,Where were you the night of the circus?
3921,624,9,42,115,166,1.3614457831325302,0.045342899877054754,613,"And don't try anything funny, Kid. There's a lot more cops in that tiny car parked outside."
3679,624,12,36,118,166,1.3614457831325302,0.04769734394747745,613,We can do this the easy way or we can do this the silly way.
3525,624,13,34,119,166,1.3614457831325302,0.04845674328482825,613,"Do you think we're a couple of clowns, kid? Well, do you?"
3485,624,16,28,122,166,1.3614457831325302,0.05066669537432947,613,"I'm finished clowning around with you, but apparently my partner isn't."
943,624,14,32,120,166,1.3614457831325302,0.04920442378383809,613,"And for your own good, keep in mind that I'm the good cop."
3144,624,6,48,112,166,1.3614457831325302,0.042859310760641735,613,I don't think you grasp the seriousness of this situation
3242,624,12,36,118,166,1.3614457831325302,0.04769734394747745,613,"If you do not have a balloon dog, one will be appointed to you by the clown."
1506,624,10,40,116,166,1.3614457831325302,0.046141065434040375,613,That’s our final offer. Give us a name you get the dog. For a swan you have to wear a wire.
1564,624,11,38,117,166,1.3614457831325302,0.04692565683627859,613,Tell me more about this gang. You say they’re called the Ringling Brothers?
1858,624,14,32,120,166,1.3614457831325302,0.04920442378383809,613,That's nothing compared to the shape you'll be in after Sergeant Bozo is through with you.
135,624,15,30,121,166,1.3614457831325302,0.04994091178610294,613,"We can do this the easy way, or we can do this the hardy-har-hard way."
2063,624,12,36,118,166,1.3614457831325302,0.04769734394747745,613,Start talkin' or your balloon friend gets it
2366,624,12,36,118,166,1.3614457831325302,0.04769734394747745,613,We're not clowning around here...yet.
2657,624,13,34,119,166,1.3614457831325302,0.04845674328482825,613,We’re not here to entertain you.
2713,624,11,38,117,166,1.3614457831325302,0.04692565683627859,613,You wouldn't like to meet my partner. He's got a funny way of doing things.
1901,624,14,32,120,166,1.3614457831325302,0.04920442378383809,613,What are you looking at? Do you think this is funny?
4780,647,9,41,114,164,1.3597560975609757,0.045677433003903214,613,It's casual Friday.
6678,647,7,45,112,164,1.3597560975609757,0.04400902734271225,613,"Quit stalling pal, or the dog gets it."
6187,647,11,37,116,164,1.3597560975609757,0.04728700967496823,613,"You don't know anything, huh? Well, we have ways of making you squeak."
6053,647,7,45,112,164,1.3597560975609757,0.04400902734271225,613,We don’t have a 'good cop'.
6694,647,13,33,118,164,1.3597560975609757,0.04884357360160098,613,He just got a confession out of that dog.
5688,647,12,35,117,164,1.3597560975609757,0.048071592267032046,613,Trust me. You don’t want to see him pop the ballon.
5630,647,8,43,113,164,1.3597560975609757,0.04485098869299127,613,"Ok Jimmy, show's over."
5557,647,14,31,119,164,1.3597560975609757,0.04960354202334999,613,"Confess Bozo, or he pops the puppy!"
5228,647,11,37,116,164,1.3597560975609757,0.04728700967496823,613,Recognize him now?
4688,647,14,31,119,164,1.3597560975609757,0.04960354202334999,613,You misunderstand ... I'M the good cop.
1552,647,13,33,118,164,1.3597560975609757,0.04884357360160098,613,"We're not just fooling around here, mister."
4455,647,16,27,121,164,1.3597560975609757,0.0510895760350066,613,Show me on the balloon animal where the clown touched you.
3560,647,13,33,118,164,1.3597560975609757,0.04884357360160098,613,"Ya' askin' me what's next, what's next?: A little song, a little dance, a little seltzer down the pants."
3310,647,8,43,113,164,1.3597560975609757,0.04485098869299127,613,"No, I'm the bad cop and he is the funny cop."
2180,647,12,35,117,164,1.3597560975609757,0.048071592267032046,613,"What part of ""he also works birthday parties"" don't you understand?"
1663,647,13,33,118,164,1.3597560975609757,0.04884357360160098,613,You think this is some kind of joke!? Do we look like we’re kidding around?
574,647,9,41,114,164,1.3597560975609757,0.045677433003903214,613,"If this doesn't make you talk, we're prepared to bring in the mime."
444,647,11,37,116,164,1.3597560975609757,0.04728700967496823,613,"No, I'm the good cop. He's the very bad cop."
294,647,12,35,117,164,1.3597560975609757,0.048071592267032046,613,"Listen you little punk, second degree manslaughter and a balloon animal is the best deal your going to get today"
4594,647,13,33,118,164,1.3597560975609757,0.04884357360160098,613,"Believe me, he will twist your arm."
6794,667,10,38,114,162,1.3580246913580247,0.04684451629808652,613,"First you confess, then you get the balloon dog."
6762,667,11,36,115,162,1.3580246913580247,0.04765595391242546,613,"Not laughing now, are you punk?"
6709,667,11,36,115,162,1.3580246913580247,0.04765595391242546,613,Joking? You think we're joking?
6196,667,13,32,117,162,1.3580246913580247,0.04923872881692085,613,"It’s either me, or your worst nightmare."
6023,667,12,34,116,162,1.3580246913580247,0.048453804591639095,613,"Look here, young man, this is no laughing matter."
4740,667,17,24,121,162,1.3580246913580247,0.05226066742697012,613,Show us on the clown where the balloon dog touched you
4664,667,9,40,113,162,1.3580246913580247,0.04601877302906031,613,"Ok we have given you what you asked for, now tell us what we want to know."
4147,667,14,30,118,162,1.3580246913580247,0.05001133523120331,613,"Talk now, or we bring in the mime!"
2615,667,9,40,113,162,1.3580246913580247,0.04601877302906031,613,"I'm going to step out for a minute, now, and you should know that my partner here is fresh out of party balloons."
2055,667,6,46,110,162,1.3580246913580247,0.043447482813111164,613,"Turns out, I'm the good cop."
1182,667,8,42,112,162,1.3580246913580247,0.04517793969404362,613,"WE'RE ASKING THE QUESTIONS MISTER! But, yes, Detective Fratellini does have a second job."
1080,667,10,38,114,162,1.3580246913580247,0.04684451629808652,613,"Don't let him fool you, I'm the good cop."
729,667,14,30,118,162,1.3580246913580247,0.05001133523120331,613,What do you mean you didn't know he was cop?
533,667,14,30,118,162,1.3580246913580247,0.05001133523120331,613,"Listen bud, we're not clowning around."
4376,667,19,20,123,162,1.3580246913580247,0.05370791219285504,613,Yes - he is the Presidents pick for director of the FBI
4858,682,10,37,113,160,1.35625,0.04720728660710158,613,This is not a circus.
6544,682,11,35,114,160,1.35625,0.0480327415520527,613,"No, a llama. Officer Coco's unspoken questions are only going to get tougher, son."
6166,682,9,39,112,160,1.35625,0.0463671387580016,613,We can promise you immunity if you're willing to wear a hand buzzer.
5735,682,10,37,113,160,1.35625,0.04720728660710158,613,"Look, kid, we have ways of making you laugh."
5067,682,6,45,109,160,1.35625,0.04375000000000001,613,"Something funny, punk?"
5038,682,12,33,115,160,1.35625,0.048844248517174955,613,"No, actually -- he's the bad cop."
4797,682,10,37,113,160,1.35625,0.04720728660710158,613,You only get to keep the balloon animal AFTER you've answered our questions.
140,682,11,35,114,160,1.35625,0.0480327415520527,613,Does this look like fun and games to you?!
3862,682,10,37,113,160,1.35625,0.04720728660710158,613,"Unless you want to know how many more clowns are behind that door, I suggest you start talking."
3438,682,10,37,113,160,1.35625,0.04720728660710158,613,"As you can see, we are ready to entertain any statement you are ready to make."
2318,682,13,31,116,160,1.35625,0.049642491531034234,613,He takes good cop to another level.
1718,682,11,35,114,160,1.35625,0.0480327415520527,613,"It's up to you son. You want to do this the easy way, or the ironic way?"
566,682,10,37,113,160,1.35625,0.04720728660710158,613,What's so funny?
286,682,11,35,114,160,1.35625,0.0480327415520527,613,There's twenty-two more in a little car back there if you don't like his questions.
4289,682,9,39,112,160,1.35625,0.0463671387580016,613,"We're trying something new, pal! It's called good cop/sad cop."
5221,697,28,81,277,386,1.354922279792746,0.031169006221703995,613,"No, I'm the good cop. Why do you ask?"
5655,698,17,22,119,158,1.3544303797468353,0.053179144365017354,613,"No, I'm the good cop. He's Jeff Koons."
4595,698,9,38,111,158,1.3544303797468353,0.046722758423789326,613,You have the right to remain silent - but you won't be able to once you see his act.
4617,698,8,40,110,158,1.3544303797468353,0.0458518320205892,613,The Canine Unit has taken the biggest hit from the recent budget cuts.
5372,698,13,30,115,158,1.3544303797468353,0.05005515732730811,613,"Start talking, or I am turning you over to the Clown."
4909,698,13,30,115,158,1.3544303797468353,0.05005515732730811,613,I did not kill Cathy & I don't believe that's her clown.
5291,698,15,26,117,158,1.3544303797468353,0.051640779285642674,613,"Talk, or I'll let him do card tricks."
4024,698,12,32,114,158,1.3544303797468353,0.04924320379481943,613,"First of all, it's 'Officer' Bobo. And secondly, no he will not make you a phone to call your lawyer."
4862,698,9,38,111,158,1.3544303797468353,0.046722758423789326,613,"That’s Detective Sergeant Bozo to you, punk!"
3889,698,12,32,114,158,1.3544303797468353,0.04924320379481943,613,Don't make me bring in the elephant.
1995,698,8,40,110,158,1.3544303797468353,0.0458518320205892,613,Start talking or we’ll send in the rest of the clowns.
2722,698,10,36,112,158,1.3544303797468353,0.047577744900438736,613,"No, he’s the good cop. The bad cop is the mime."
1637,698,13,30,115,158,1.3544303797468353,0.05005515732730811,613,Talk or the balloon gets it.
1383,698,12,32,114,158,1.3544303797468353,0.04924320379481943,613,Can you describe him to our stretch artist?
451,698,12,32,114,158,1.3544303797468353,0.04924320379481943,613,"No, he’s the Bad Cop."
416,698,12,32,114,158,1.3544303797468353,0.04924320379481943,613,Wait until you see what he can twist you into.
380,698,14,28,116,158,1.3544303797468353,0.05085414860308856,613,"Make no mistake, I'm the only guy between you and the seltzer."
223,698,11,34,113,158,1.3544303797468353,0.04841763588708841,613,"If you won't talk, we might have to do some arm twisting."
3746,698,11,34,113,158,1.3544303797468353,0.04841763588708841,613,You are sentenced to 30 days of community circus.
7239,716,9,39,113,161,1.3540372670807452,0.046131342574406986,613,"If I need reinforcements, there’s forty more like him in a squad car out front."
377,717,5,48,111,164,1.353658536585366,0.04214783984900274,613,"For a full confession, he can make that a reindeer."
4271,718,11,33,112,156,1.3525641025641026,0.04881091213090623,613,"Listen, we can either do this the hard way or the funny way."
4470,718,12,31,113,156,1.3525641025641026,0.04965096302177674,613,"Sorry, he doesn’t do lawyers...just doggies and snakes."
4674,718,11,33,112,156,1.3525641025641026,0.04881091213090623,613,What? You think being a detective covers the bills?
5004,718,12,31,113,156,1.3525641025641026,0.04965096302177674,613,Talk! Or we bring in the mime. You decide.
5107,718,9,37,110,156,1.3525641025641026,0.04708587018600659,613,"And if you tell us what we want to know, we'll let you use the bouncy house."
5503,718,9,37,110,156,1.3525641025641026,0.04708587018600659,613,You probably think we're just a bunch of Bozos.
6838,718,8,39,109,156,1.3525641025641026,0.046199201131996555,613,Don't make him put on the shoes.
5636,718,13,29,114,156,1.3525641025641026,0.05047703552040902,613,"Well, if you didn't make the balloon animal, then who did?"
5847,718,8,39,109,156,1.3525641025641026,0.046199201131996555,613,Trust me he's not the good cop...
6495,718,12,31,113,156,1.3525641025641026,0.04965096302177674,613,You don't seem to understand the seriousness of your crime.
3900,718,11,33,112,156,1.3525641025641026,0.04881091213090623,613,"You think we're clowning around, don't you?"
7090,718,15,25,116,156,1.3525641025641026,0.05208989428676371,613,Don't make me subject you to excessive farce.
5533,718,8,39,109,156,1.3525641025641026,0.046199201131996555,613,Start talking or the puppy gets popped.
3273,718,6,43,107,156,1.3525641025641026,0.044372741783183595,613,"You think this is all fun and games, Punk?"
3449,718,11,33,112,156,1.3525641025641026,0.04881091213090623,613,Don't make me bring in the juggler.
102,718,10,35,111,156,1.3525641025641026,0.04795614827227325,613,Does your missing dog look like this?
2896,718,12,31,113,156,1.3525641025641026,0.04965096302177674,613,This is Officer Bubbles of the K-9 unit. Don't make him use his slapstick.
208,718,15,25,116,156,1.3525641025641026,0.05208989428676371,613,What do you think this is? Some kind of a joke?
524,718,10,35,111,156,1.3525641025641026,0.04795614827227325,613,"If you don’t talk, my partner’s gonna get sad. You wouldn’t like him when he’s sad."
693,718,8,39,109,156,1.3525641025641026,0.046199201131996555,613,"For you it's bad cop, worse cop."
825,718,12,31,113,156,1.3525641025641026,0.04965096302177674,613,Show us exactly where he asked you to sniff.
1012,718,7,41,108,156,1.3525641025641026,0.045295178543592024,613,How can we believe you when you can’t even keep a straight face?
706,718,10,35,111,156,1.3525641025641026,0.04795614827227325,613,Do you wanna talk to me ...or do you wanna take your chances with a man that would do that to a cute little balloon.
1369,718,7,41,108,156,1.3525641025641026,0.045295178543592024,613,"Sure, you have the right to remain silent -- but I'd laugh if I were you, smartguy."
1551,718,9,37,110,156,1.3525641025641026,0.04708587018600659,613,what other detective?
1984,718,12,31,113,156,1.3525641025641026,0.04965096302177674,613,"I'm bad cop, he prefers not to be labeled."
2110,718,19,17,120,156,1.3525641025641026,0.05517435120199773,613,Where on the balloon did you touch the dog?
2639,718,10,35,111,156,1.3525641025641026,0.04795614827227325,613,Don't make me put you in the bouncy house!
1259,718,12,31,113,156,1.3525641025641026,0.04965096302177674,613,... or the doggie gets it.
7250,747,9,36,109,154,1.3506493506493507,0.04745672266003775,613,What makes you so sure I’m the bad cop?
5009,747,9,36,109,154,1.3506493506493507,0.04745672266003775,613,"As you can see, we do good cop, bad cop a little differently around here."
5101,747,12,30,112,154,1.3506493506493507,0.05006783237870982,613,Does THAT jog your memory?
5570,747,15,24,115,154,1.3506493506493507,0.05254935920231022,613,I'll let you decide if he's good or bad
6008,747,14,26,114,154,1.3506493506493507,0.051735410646382346,613,The media is waiting for your statement. It's a circus out there!
4550,747,12,30,112,154,1.3506493506493507,0.05006783237870982,613,Our sketch artist called in sick.
6099,747,9,36,109,154,1.3506493506493507,0.04745672266003775,613,"If you won't talk to me, my partner has a few tricks he would like to try."
6363,747,9,36,109,154,1.3506493506493507,0.04745672266003775,613,"As a matter of fact, we ARE playing ""Good Cop, Bad Cop."" Guess who's who."
6435,747,11,32,111,154,1.3506493506493507,0.04921285808890771,613,"Give up 3 more witnesses, and he'll make you a flower."
6530,747,7,40,107,154,1.3506493506493507,0.04563305435739002,613,"We can do this the easy way or the squeaky way, your choice."
6983,747,13,28,113,154,1.3506493506493507,0.05090844995603576,613,"We don't do Good Cop, Bad Cop anymore. We do Bad Cop, Cop Who Will Haunt Your Nightmares."
6029,747,9,36,109,154,1.3506493506493507,0.04745672266003775,613,"What are you, 5? I said, look at me when I’m talking to you."
4131,747,8,38,108,154,1.3506493506493507,0.0465538192612392,613,"You've got ten seconds to talk, or I leave the room, and let Binky go full Ringling on you."
5869,747,12,30,112,154,1.3506493506493507,0.05006783237870982,613,We can do this the hard way or we can do this the fun way.
3876,747,14,26,114,154,1.3506493506493507,0.051735410646382346,613,"A lawyer, eh? We'll need more balloons, but I think we can make that for you."
3413,747,8,38,108,154,1.3506493506493507,0.0465538192612392,613,"Officer Chuckles found your balloon animal at the crime scene. Not so funny now, is it?"
3365,747,10,34,110,154,1.3506493506493507,0.04834276536830878,613,"They say to dress for the job you want, not the job you have"
3284,747,7,40,107,154,1.3506493506493507,0.04563305435739002,613,"Well, are we having fun, yet?"
3132,747,7,40,107,154,1.3506493506493507,0.04563305435739002,613,We're done clowning around. Now talk!
1631,747,12,30,112,154,1.3506493506493507,0.05006783237870982,613,"Yes, 'shrooms' are known to cause strange hallucinations. Why do you ask?"
1370,747,11,32,111,154,1.3506493506493507,0.04921285808890771,613,"Don't make us play good cop, fell-short-of-his-own-expectations cop."
1111,747,9,36,109,154,1.3506493506493507,0.04745672266003775,613,Clancy is modeling the only witness protection identity we have left —take it or leave it !
907,747,11,32,111,154,1.3506493506493507,0.04921285808890771,613,"I'm telling you, we're not clowning around here."
839,747,12,30,112,154,1.3506493506493507,0.05006783237870982,613,Talk or the clown kills your Mr. Binky.
823,747,8,38,108,154,1.3506493506493507,0.0465538192612392,613,"Do we look like we're joking, kid?"
98,747,18,18,118,154,1.3506493506493507,0.05491887167490124,613,"Don’t bother, they’re here."
4125,747,9,36,109,154,1.3506493506493507,0.04745672266003775,613,Does it look like we're clowning around?
78,774,9,37,111,157,1.3503184713375795,0.046838861899201376,613,Tell the truth or we'll pop this dog
3119,775,29,81,287,397,1.350125944584383,0.030716752799062365,613,Oh yeah-and there's a joker to my right!
3165,776,16,43,156,215,1.3488372093023255,0.04191597179643256,613,I'd advise you to come clean to the clown. You don't want to have to talk to the mime . . .
5835,777,8,37,107,152,1.3486842105263157,0.04691592379601754,613,"I told you, you get the poodle when you stop giving me the runaround."
5427,777,8,37,107,152,1.3486842105263157,0.04691592379601754,613,"The bad news is, I'm the good cop."
5098,777,6,41,105,152,1.3486842105263157,0.04502029713531856,613,What makes you think I'm the bad cop?
4908,777,11,31,110,152,1.3486842105263157,0.04962377487511157,613,Just how limber are you?
4481,777,11,31,110,152,1.3486842105263157,0.04962377487511157,613,"Think he's a laugh, huh? Just wait until tou meet your court-appointed lawyer."
3909,777,9,35,108,152,1.3486842105263157,0.04783557547865815,613,"Oh, you find this amusing, do you?"
3901,777,14,25,113,152,1.3486842105263157,0.05219132265116283,613,Sorry. Our regular sketch artist is on maternity leave.
7187,777,12,29,111,152,1.3486842105263157,0.050494132417504015,613,"First you answer the questions, then he makes you a bicycle. Got it?"
3642,777,11,31,110,152,1.3486842105263157,0.04962377487511157,613,"Ya better start talkin', cause my friend here, will twist you like that cute little dog!"
2858,777,11,31,110,152,1.3486842105263157,0.04962377487511157,613,You have the right to say Stop during a tickle.
2789,777,8,37,107,152,1.3486842105263157,0.04691592379601754,613,We're not clowning around here! Well ... at least I'm not.
3734,777,6,41,105,152,1.3486842105263157,0.04502029713531856,613,"If you think we're clowning around, punk, you're very much ... Peters! This is NOT the time!"
1832,777,7,39,106,152,1.3486842105263157,0.045977880876493744,613,Chuckles has ways for making you talk.
2213,777,9,35,108,152,1.3486842105263157,0.04783557547865815,613,"Send in the clowns. Don't worry, they're here."
224,777,11,31,110,152,1.3486842105263157,0.04962377487511157,613,"If you give us any trouble, I’ve got twenty partners in the squad car outside."
573,777,9,35,108,152,1.3486842105263157,0.04783557547865815,613,Maybe a pie in the face would change your story!
868,777,14,25,113,152,1.3486842105263157,0.05219132265116283,613,You think this is funny? I'll show you funny.
1003,777,15,23,114,152,1.3486842105263157,0.05301954861952767,613,Confess or we bring in the mime!
519,777,12,29,111,152,1.3486842105263157,0.050494132417504015,613,Tell what you know or the balloon dog gets it
1126,777,10,33,109,152,1.3486842105263157,0.0487378770271652,613,"No, I'm the good cop. Why do you ask?"
1349,777,12,29,111,152,1.3486842105263157,0.050494132417504015,613,"And if you don't want to hear that squeaky noise again, Start Talkin'"
1496,777,10,33,109,152,1.3486842105263157,0.0487378770271652,613,We can do this the funny way or the creepy way.
1596,777,11,31,110,152,1.3486842105263157,0.04962377487511157,613,"OK, tell him where you buried the other balloon dogs."
1006,777,12,29,111,152,1.3486842105263157,0.050494132417504015,613,"You either talk to us, or we bring in the mime."
5975,801,9,36,110,155,1.3483870967741935,0.04720379688623911,613,"If you're going to clown around, we're going to clown around."
3581,802,28,98,317,443,1.347629796839729,0.028268034983307946,613,"Let me tell you son, the Geneva Convention don't say nothing about cruel and unusual squeaking"
5022,803,10,32,108,150,1.3466666666666667,0.04914177696321292,613,"Mr. Zuckerberg, we have advanced techniques for getting you to talk."
7136,803,9,34,107,150,1.3466666666666667,0.048222699888011124,613,You think I’m the bad cop? Wait till you see what my friend Mr. Tickles does with his little balloon.
6562,803,12,28,110,150,1.3466666666666667,0.05093019890328443,613,"We need to know. How did you figure out he was an undercover cop?"""
5393,803,12,28,110,150,1.3466666666666667,0.05093019890328443,613,Talk or we untie the dog.
5172,803,13,26,111,150,1.3466666666666667,0.05180126078524624,613,"Look, we can do this the easy way or the odd way."
4867,803,14,24,112,150,1.3466666666666667,0.052657915621054215,613,"Does it look like we’re clowning around, buddy?"
2929,803,11,30,109,150,1.3466666666666667,0.050043977676790835,613,I'll ask one last time — where did you hide the LSD?
3817,803,11,30,109,150,1.3466666666666667,0.050043977676790835,613,I don't think you appreciate the seriousness of this situation!
3107,803,9,34,107,150,1.3466666666666667,0.048222699888011124,613,Does Officer Giggles look like he's joking around right now?
2441,803,9,34,107,150,1.3466666666666667,0.048222699888011124,613,You'd better start taking this seriously.
610,803,14,24,112,150,1.3466666666666667,0.052657915621054215,613,TRUST ME! HE IS THE BAD COP!!
526,803,8,36,106,150,1.3466666666666667,0.04728576240134247,613,This is our 3-D specialist. Does this look like your dog?
4509,803,6,40,104,150,1.3466666666666667,0.04535385770417178,613,"The precinct is experimenting with Good Cop, Creepy Cop. After the interrogation, we’d appreciate your feedback."
1492,816,11,31,111,153,1.34640522875817,0.04935101822127012,613,Do you realize how serious this is?
5120,816,12,29,112,153,1.34640522875817,0.050214761888130455,613,This meets the commission's requirement of diversity in the work force.
7137,818,8,35,105,148,1.3445945945945945,0.04766359355101678,613,"You wouldn’t want anything to happen to your dog, would you?"
6821,818,8,35,105,148,1.3445945945945945,0.04766359355101678,613,"Listen, clown! Yes, I'm talking to you!"
6248,818,10,31,107,148,1.3445945945945945,0.0495547724937871,613,Why do you immediately assume I'm the bad cop?
6192,818,8,35,105,148,1.3445945945945945,0.04766359355101678,613,Did he or did he not get the ears right?
6043,818,9,33,106,148,1.3445945945945945,0.04861837938016613,613,"Listen, I thought the sketch balloonist was a bad idea, too, but budgets are tight."
5778,818,7,37,104,148,1.3445945945945945,0.046689286638792134,613,Does this accurately represent the dog you saw?
4144,818,15,21,112,148,1.3445945945945945,0.05399369216581852,613,Are you ready to talk?? Or do we bring-in the mime???
3873,818,9,33,106,148,1.3445945945945945,0.04861837938016613,613,"Now, son, let me remind you, this is no laughing matter."
2643,818,13,25,110,148,1.3445945945945945,0.05226338552928525,613,Do you want him to put on the suit? And the shoes? Is that what you really want?!
1043,818,9,33,106,148,1.3445945945945945,0.04861837938016613,613,"Yes, this is protocol for all new Oval Office interns. Now, pay attention."
121,818,10,31,107,148,1.3445945945945945,0.0495547724937871,613,"just to be clear, I am the 'good cop'"
4625,818,10,31,107,148,1.3445945945945945,0.0495547724937871,613,"Good cop, bad cop? Oh, we're way past that, buddy boy!"
2898,830,10,32,109,151,1.3443708609271523,0.04886920654135704,613,Do you think you are dealing with a bunch of clowns?
3937,831,23,99,300,422,1.3436018957345972,0.028189398974325156,613,"If you don't talk soon, Detective Bozo will do to you what he did to that balloon. He's dangerous."
54,832,15,53,174,242,1.3429752066115703,0.03807124552915778,613,"You're in trouble, but not too serious."
6675,833,9,32,105,146,1.3424657534246576,0.049022910364568545,613,Now pay attention as my partner mimes your Miranda rights.
6165,833,12,26,108,146,1.3424657534246576,0.051833055808829215,613,"Now talk, or we bring in the mime!"
6140,833,10,30,106,146,1.3424657534246576,0.04997718531392182,613,I bet you thought I was the “bad cop.”
4224,833,12,26,108,146,1.3424657534246576,0.051833055808829215,613,You don't want him to start juggling...do you?
3892,833,12,26,108,146,1.3424657534246576,0.051833055808829215,613,NO the dog that bit me had a much longer tail
3421,833,8,34,104,146,1.3424657534246576,0.04804968708871018,613,"You better start talkin, we got a whole tiny car full o' these guys"
3276,833,10,30,106,146,1.3424657534246576,0.04997718531392182,613,"Tell us what you know, or we'll stuff you into a car with 23 other suspects."
1107,833,13,24,109,146,1.3424657534246576,0.05273650524798515,613,This is just a sample. If you dont talk were bringing in the accordion.
2426,833,8,34,104,146,1.3424657534246576,0.04804968708871018,613,For every lie we’re going to start letting air out.
2409,833,7,36,103,146,1.3424657534246576,0.047056339828267575,613,Good cop. Bad prop.
7109,833,12,26,108,146,1.3424657534246576,0.051833055808829215,613,"Well, since we can't get you to talk, let's see if we can't make you laugh..."
871,833,13,24,109,146,1.3424657534246576,0.05273650524798515,613,Start from the top. The big top.
704,833,9,32,105,146,1.3424657534246576,0.049022910364568545,613,Talk or face seltzer water boarding.
393,833,9,32,105,146,1.3424657534246576,0.049022910364568545,613,"Under the new administration, you also have the right to assistance of clownsel."
3048,833,6,38,102,146,1.3424657534246576,0.04604156607614298,613,"So, you think this funny?"
4608,848,8,35,106,149,1.342281879194631,0.04739907804334821,613,Perhaps you'd be more comfortable talking to Officer McDonald.
3858,848,9,33,107,149,1.342281879194631,0.04834632686075147,613,Talk or we pop the dog!
600,848,12,27,110,149,1.342281879194631,0.05108279050353684,613,"He's a loose cannon, which is also how he commutes to work."
4683,851,21,105,304,430,1.341860465116279,0.0274250963841809,613,"If you don't talk, I am going to send in the clowns."
6143,852,12,46,147,205,1.3414634146341464,0.040941093613098375,613,Won't talk? We will see about that. Officer Bozo here knows a thing or two about arm twisting.
6553,853,13,23,108,144,1.3402777777777777,0.053221030550852366,613,"Either you start spilling to me, or I’m gonna let Sgt. McDonald do it his way."
5864,853,11,27,106,144,1.3402777777777777,0.05136368268187715,613,You have the right to remain unamused.
4579,853,7,35,102,144,1.3402777777777777,0.04743129252027798,613,"It's good cop, funny cop now."
3324,853,5,39,100,144,1.3402777777777777,0.04533737217675925,613,"If you think 2 hours of talking to him was cruel, next we bring in a mime!!"
3256,853,5,39,100,144,1.3402777777777777,0.04533737217675925,613,"Start talking or Bobo makes the balloon dog squeak. You ever heard a balloon dog squeak, Jimmy?"
3950,853,8,33,103,144,1.3402777777777777,0.04844432482003723,613,Don't make him pull the quarter from behind your ear.
2602,853,11,27,106,144,1.3402777777777777,0.05136368268187715,613,"You're next, pal."
1258,853,13,23,108,144,1.3402777777777777,0.053221030550852366,613,Give it up. It's your word against Detective Twinkles and the 17 other officers in the car tailing you.
770,853,12,25,107,144,1.3402777777777777,0.05230060225054453,613,Humor him. He's up for a White House job.
443,853,8,33,103,144,1.3402777777777777,0.04844432482003723,613,"Let's go back to the scene of the mime, shall we?"
129,853,10,29,105,144,1.3402777777777777,0.050409352321959755,613,If you don't cooperate we can entertain you indefinitely.
3158,853,14,21,109,144,1.3402777777777777,0.05412580890868845,613,"Just like in the White House, you should be afraid of the clown."
4642,865,10,28,104,142,1.3380281690140845,0.050851626499619204,613,We can do this the easy way or the harlequin way.
6945,865,11,26,105,142,1.3380281690140845,0.0518244926509061,613,"That's right punk, first one who talks gets the balloon doggie."
6891,865,10,28,104,142,1.3380281690140845,0.050851626499619204,613,Meet Detective Columbozo.
7293,865,12,24,106,142,1.3380281690140845,0.052779429320435695,613,I can assure you that this was indeed a laughing matter.
6138,865,8,32,102,142,1.3380281690140845,0.04884780113702849,613,And there are 20 five-year-olds waiting right outside.
5314,865,7,34,101,142,1.3380281690140845,0.04781440740044402,613,"Believe me, you don’t want to have to deal with my partner."
5258,865,7,34,101,142,1.3380281690140845,0.04781440740044402,613,Do I look like a clown to you?
5090,865,6,36,100,142,1.3380281690140845,0.046758180398606075,613,He made the dog! So do we have a deal?
4522,865,10,28,104,142,1.3380281690140845,0.050851626499619204,613,Did you hear that Sgt. MacDougal? This wiseguy thinks you’re a clown.
6627,865,7,34,101,142,1.3380281690140845,0.04781440740044402,613,Oh a serious guy huh? Well we have ways of making you laugh.
4092,865,9,30,103,142,1.3380281690140845,0.04985978135521382,613,Let me totally clear. I'M the good cop!
391,865,7,34,101,142,1.3380281690140845,0.04781440740044402,613,"Listen buddy, we're not clowning around here. (long pause) He's standing right behind me, isn't he?"
1075,865,10,28,104,142,1.3380281690140845,0.050851626499619204,613,You'd be amazed what he can do with a small intestine.
1177,865,7,34,101,142,1.3380281690140845,0.04781440740044402,613,"Next, we'll bring in a Mime."
4193,865,10,28,104,142,1.3380281690140845,0.050851626499619204,613,"Talk, or I bring in the unicyclist."
2294,865,9,30,103,142,1.3380281690140845,0.04985978135521382,613,The balloon squealed.
2336,865,11,26,105,142,1.3380281690140845,0.0518244926509061,613,You'll be tried as a juvenile.
3590,865,9,30,103,142,1.3380281690140845,0.04985978135521382,613,What do you think this is? Some kind of a joke?
2001,865,13,22,107,142,1.3380281690140845,0.05371739271649279,613,"I'm bad cop, he's just a sad, sad man."
7265,884,21,106,312,439,1.3371298405466971,0.026993373655696127,613,"Alright, punk, start talking. I need adult conversation."
440,885,16,57,191,264,1.3371212121212122,0.03620193793897093,613,"Now, we can do this the easy way, or we can do this the painfully corny way."
1527,886,23,78,267,368,1.3369565217391304,0.030811761448957427,613,"NOW, do you recognize Detective Taylor??"
3395,887,14,112,291,417,1.3357314148681054,0.026410321541473252,613,"HEY! Only the Mayor gets to call us clowns, ya hear!"
5446,888,10,27,103,140,1.3357142857142856,0.05130437785033452,613,"No, he’s the bad cop. I’m the good cop."
4570,888,7,33,100,140,1.3357142857142856,0.04820595832315205,613,And what makes you think we are clowning around?
5214,888,9,29,102,140,1.3357142857142856,0.05029278540398302,613,Do you think this police department is a joke?
5220,888,7,33,100,140,1.3357142857142856,0.04820595832315205,613,"All we know is that you're allergic to latex. So, better start talking."
5455,888,5,37,98,140,1.3357142857142856,0.04602460833093375,613,Is this all just a joke to you?
6531,888,7,33,100,140,1.3357142857142856,0.04820595832315205,613,How many times I gotta tell ya? No cake and ice cream till you sign the confession.
5903,888,10,27,103,140,1.3357142857142856,0.05130437785033452,613,"The mime is coming in next, he'll make you talk"
5981,888,12,23,105,140,1.3357142857142856,0.05326996369857512,613,We can do this the easy way or the squeaky way.
6153,888,6,35,99,140,1.3357142857142856,0.047127905692218745,613,So you're absolutely sure that this is your dog ?
6270,888,4,39,97,140,1.3357142857142856,0.044894205072559736,613,"No, nitwit, he's the bad cop."
4389,888,6,35,99,140,1.3357142857142856,0.047127905692218745,613,"If I don’t get the answers I’m looking for, Detective Popo is going to give the balloon a few more twists."
6572,888,11,25,104,140,1.3357142857142856,0.052296406277379165,613,Did you or did you not say..'send in the clowns'?
5675,888,8,31,101,140,1.3357142857142856,0.049260423676337574,613,Maybe this will refresh your memory.
4044,888,10,27,103,140,1.3357142857142856,0.05130437785033452,613,Any other final requests?
4443,888,12,23,105,140,1.3357142857142856,0.05326996369857512,613,"No more wise cracks, kid. Our regular sketch artist is out sick today, okay? Now, does this or does this not look like the the little doggie that bit ya?"
2662,888,8,31,101,140,1.3357142857142856,0.049260423676337574,613,"Despite what you’re thinking, this is no laughing matter."
2518,888,11,25,104,140,1.3357142857142856,0.052296406277379165,613,"Our sketch artist isn't in today, does this look like the man that stole your wallet?"
1996,888,14,19,107,140,1.3357142857142856,0.055165558805156015,613,Tell us what we need to know or the dog gets popped.
1992,888,11,25,104,140,1.3357142857142856,0.052296406277379165,613,I'm asking for the last time: is that your dog?
1983,888,10,27,103,140,1.3357142857142856,0.05130437785033452,613,"OK buddy ,it’s speak or squeak."
1977,888,11,25,104,140,1.3357142857142856,0.052296406277379165,613,Who's that clown? He's your worst nightmare.
1950,888,9,29,102,140,1.3357142857142856,0.05029278540398302,613,"Oh, so you think this is funny?!"
1918,888,9,29,102,140,1.3357142857142856,0.05029278540398302,613,"No, he won't make you a phone so you can call your lawyer."
1597,888,9,29,102,140,1.3357142857142856,0.05029278540398302,613,"Our sketch artist is on leave, but you can describe the suspect to Officer Toodles."
771,888,5,37,98,140,1.3357142857142856,0.04602460833093375,613,We treat every complaint seriously..
488,888,3,41,96,140,1.3357142857142856,0.04373459415815174,613,"The fun and games are over, pal."
330,888,6,35,99,140,1.3357142857142856,0.047127905692218745,613,Does this look like a circus to you?
72,888,7,33,100,140,1.3357142857142856,0.04820595832315205,613,Judy Collin's lawyer is here to see you
59,888,9,29,102,140,1.3357142857142856,0.05029278540398302,613,Please show Officer Bobo what happened to your dog
3938,888,10,27,103,140,1.3357142857142856,0.05130437785033452,613,"Let´s think back, Patterson, to your fifth birthday. . ."
5457,918,16,50,179,245,1.3346938775510204,0.03805120206513603,613,...and you're telling me this officer assaulted you with a slapstick?
4388,919,18,96,281,395,1.3341772151898734,0.028214283587137026,613,"Won't talk, eh? Well how about a couple of hours with this guy..."
1845,920,10,26,102,138,1.3333333333333333,0.05176799439992394,613,You think he is the good cop? The name Stephen King mean anything to you?
4025,920,10,26,102,138,1.3333333333333333,0.05176799439992394,613,We're booking you on attempted rubbery.
4824,920,9,28,101,138,1.3333333333333333,0.05073597068543737,613,"I don't care what Sean Hannity told you, the clown ain't your lawyer."
4997,920,12,22,104,138,1.3333333333333333,0.053772653735747016,613,Talk now or spend the next 48 hours making balloon animals with this guy.
5153,920,8,31,102,141,1.3333333333333333,0.04896772986418029,613,"Yeah, he's bad."
5267,920,8,31,102,141,1.3333333333333333,0.04896772986418029,613,In case you're wondering - I'm the good cop.
6595,920,9,25,95,129,1.3333333333333333,0.053162274125368995,613,"He's doing the clown thing again, isn't he?"
7066,920,5,37,99,141,1.3333333333333333,0.04575901223005343,613,He’s only here in case you try something funny.
5299,928,9,35,116,160,1.33125,0.045834226692265556,613,What makes you think he was just kidding?
6992,929,10,25,101,136,1.3308823529411764,0.052242883263882905,613,"Don't confess yet, all my other partners are still getting out of the car."
6911,929,8,29,99,136,1.3308823529411764,0.0501144083869741,613,You should be afraid. There are 50 more just like him behind the mirror.
6867,929,6,33,97,136,1.3308823529411764,0.047891429340009714,613,"Yes, you can have water, but don't be surprised if it's in a dribble cup."
6623,929,9,27,100,136,1.3308823529411764,0.05118970980431573,613,That's his doggie. You don't want to see his crocodile.
6357,929,9,27,100,136,1.3308823529411764,0.05118970980431573,613,"Because of your age, I must now turn the interview over to Officer Clowny, our specialist in juvenile interrogation."
6173,929,6,33,97,136,1.3308823529411764,0.047891429340009714,613,You want to do this the hard way or the most fun way?
5946,929,4,37,95,136,1.3308823529411764,0.04556011501831252,613,"Think that's funny, wise guy? Wait 'til he gets the pie."
5537,929,9,27,100,136,1.3308823529411764,0.05118970980431573,613,Where were you on the night of April 1st?
6959,929,10,25,101,136,1.3308823529411764,0.052242883263882905,613,"Yeah, I'm the 'bad' cop. But believe me, you don't want to meet the 'good' cop."
4847,929,9,27,100,136,1.3308823529411764,0.05118970980431573,613,Can we get you a happy meal?
4464,929,8,29,99,136,1.3308823529411764,0.0501144083869741,613,"No, buddy, I'm the Good Cop. He's...well, ever seen 'Halloween'?"
2763,929,8,29,99,136,1.3308823529411764,0.0501144083869741,613,"Yeah, and I'm the good cop."
2642,929,12,21,103,136,1.3308823529411764,0.054287970817400916,613,"I'm the funny one, it's him you have to worry about."
2205,929,8,29,99,136,1.3308823529411764,0.0501144083869741,613,He’s not smiling on the inside.
2044,929,8,29,99,136,1.3308823529411764,0.0501144083869741,613,"Without an animal-specific sketch artist available, this is as close as we can come to your canine assailant based on the description you've given us."
5130,929,4,37,95,136,1.3308823529411764,0.04556011501831252,613,"Let's get one thing straight, punk! We're not here for your amusement!"
1919,929,9,27,100,136,1.3308823529411764,0.05118970980431573,613,"Oh you think this is funny, huh? Well, we'll see who's laughing when Officer Chuckles is finished with his routine."
6390,946,9,42,131,182,1.3296703296703296,0.04203976690817024,613,Exactly how much LSD did you take?!
7132,947,9,26,99,134,1.328358208955224,0.05165439327085039,613,"Actually, we're both good clowns. And bad cops."
6967,947,7,30,97,134,1.328358208955224,0.04943414450470018,613,"It's your choice, either you talk to me or you talk to your worst nightmare."
6824,947,11,22,101,134,1.328358208955224,0.05378306467139791,613,"“Talk, or we'll bring in the mimes and accordionists."
6016,947,8,28,98,134,1.328358208955224,0.05055645847511103,613,"This is Officer Bannon, Circus Crimes Division."
5928,947,7,30,97,134,1.328358208955224,0.04943414450470018,613,You're not the first clown we've had in here.
5424,947,13,18,103,134,1.328358208955224,0.055830634482476243,613,"No, Bozo I’m talking to you."
4576,947,6,32,96,134,1.328358208955224,0.04828575144157467,613,Give a complete description of the perpetrator to our balloon artist.
3720,947,9,26,99,134,1.328358208955224,0.05165439327085039,613,And that's just a taste of what prison's like
4316,947,10,24,100,134,1.328358208955224,0.05272947178584024,613,Joke's on you...I'm the good cop!
2827,947,9,26,99,134,1.328358208955224,0.05165439327085039,613,Don't even think of trying to twist this around.
2187,947,7,30,97,134,1.328358208955224,0.04943414450470018,613,"You just had to get arrested during the captain’s birthday party, huh?"
1458,947,6,32,96,134,1.328358208955224,0.04828575144157467,613,"Don’t let the face fool you, he’s the bad cop!"
778,947,4,36,94,134,1.328358208955224,0.04590285493310231,613,We can do this the easy way or the squeaky way.
4339,947,4,36,94,134,1.328358208955224,0.04590285493310231,613,"Things aren't so funny now, are they kid ..."
4613,961,9,26,100,135,1.325925925925926,0.05132800216725753,613,"Believe me, balloon animals aren't the only the only thing he can twist."
5831,961,8,28,99,135,1.325925925925926,0.05023948135648348,613,"Oh, I can ask Lieutenant Chuckles to stop, but if you don't start answering my questions, I'm bringing the mime back in."
4124,963,10,23,99,132,1.3257575757575757,0.05322820875194869,613,I'm done with you. But my partner might not be so nice
5269,963,10,23,99,132,1.3257575757575757,0.05322820875194869,613,"So, tough guy, you think you are funny? I'll show you who's funny."
3471,963,7,29,96,132,1.3257575757575757,0.04986242015716074,613,What are you looking at him for?
842,963,5,33,94,132,1.3257575757575757,0.047486209597327994,613,You don't want him to use the seltzer.
17,963,8,27,97,132,1.3257575757575757,0.05100903218973246,613,Your choice: confess or 2 hours alone with the clown.
2917,963,6,31,95,132,1.3257575757575757,0.048688813118880785,613,"There's nothing funny about this, young man."
4492,969,15,40,160,215,1.3255813953488371,0.040964598009235714,613,"You have the right to one balloon. If you cannot afford one, a poodle will be provided for you."
774,970,7,29,97,133,1.3233082706766917,0.04954667149963756,613,"So, you think that's funny, do you? I'll show you funny!"
4741,971,7,28,95,130,1.323076923076923,0.05030068754013894,613,"Stick to the subject! This is an interrogation room, not a circus!"
4787,971,8,26,96,130,1.323076923076923,0.05147251452365186,613,"Don't wanna talk eh? Fine, Kill the puppy Bobo!"
4790,971,8,26,96,130,1.323076923076923,0.05147251452365186,613,"He is the bad cop, and he can twist more than just balloons."
4860,971,5,32,93,130,1.323076923076923,0.04787105595510675,613,"Even sketch artists get holidays, OK? So, does it or does it not look like Mrs Schwarz's dog?"
4969,971,7,28,95,130,1.323076923076923,0.05030068754013894,613,And we have ten more just like him waiting out in the car.
5064,971,9,24,97,130,1.323076923076923,0.05261825097591534,613,Could you hurry up and confess? Wehave a birthday party to get to.
5315,971,10,22,98,130,1.323076923076923,0.05373956568619883,613,...And he just picked up 30 more of your accomplices in his cruiser
5838,971,7,28,95,130,1.323076923076923,0.05030068754013894,613,Is this the balloon animal that attacked your wife??
5984,971,7,28,95,130,1.323076923076923,0.05030068754013894,613,"""If you don't cooperate, we'll have to throw the pie at you""."
5994,971,10,22,98,130,1.323076923076923,0.05373956568619883,613,The bad news for you is that I’m the good cop.
6316,971,6,30,94,130,1.323076923076923,0.04910090205519472,613,We've got fifteen more just like him in the squad car outside.
6516,971,5,32,93,130,1.323076923076923,0.04787105595510675,613,"Word of advice, kid- take the balloon dog or he gets out the big shoes."
6761,971,9,24,97,130,1.323076923076923,0.05261825097591534,613,You’re accused of clowning around and blowing things out of proportion.
6957,971,8,26,96,130,1.323076923076923,0.05147251452365186,613,"So, we can do this the EASY way, or we can do this the FUNNY way..."
7142,971,6,30,94,130,1.323076923076923,0.04910090205519472,613,"Look, I’m trying to help you here, but he’s got a seltzer bottle and knows how to use it."
7200,971,9,24,97,130,1.323076923076923,0.05261825097591534,613,"And what, he just magically appeared behind you?"
7222,971,12,18,100,130,1.323076923076923,0.05591477522886956,613,"The driver of the car survived, but you killed seventeen passengers."
7241,971,7,28,95,130,1.323076923076923,0.05030068754013894,613,"Johnson, looks like this guy wants to play games."
7251,971,6,30,94,130,1.323076923076923,0.04910090205519472,613,"Oh, he's just getting started."
6050,971,7,28,95,130,1.323076923076923,0.05030068754013894,613,We have ways of making you squeal!
4638,971,9,24,97,130,1.323076923076923,0.05261825097591534,613,Do you recognize this?
7186,971,7,28,95,130,1.323076923076923,0.05030068754013894,613,Did he look something like that?
4575,971,8,26,96,130,1.323076923076923,0.05147251452365186,613,"You can talk to me, or you can talk to Scruffles..."
4622,971,8,26,96,130,1.323076923076923,0.05147251452365186,613,"Tell me again, exactly how many of you were in the car?"
522,971,7,28,95,130,1.323076923076923,0.05030068754013894,613,Trust me: you don't want to see the Bad Clown.
698,971,7,28,95,130,1.323076923076923,0.05030068754013894,613,Do we look like a bunch of clowns to you?
892,971,10,22,98,130,1.323076923076923,0.05373956568619883,613,"If you don't talk, Peanuts takes a pin to the dog!"
999,971,9,24,97,130,1.323076923076923,0.05261825097591534,613,"If you don't tell us what you know, I'll bring in the mime."
2021,971,6,30,94,130,1.323076923076923,0.04910090205519472,613,Still think this is a joke?
2124,971,7,28,95,130,1.323076923076923,0.05030068754013894,613,....and that's Lieutenant Jeffries from our Juvenile Division.
2385,971,12,18,100,130,1.323076923076923,0.05591477522886956,613,You think you are the class clown? I know the class clown. You are no class clown
2407,971,9,24,97,130,1.323076923076923,0.05261825097591534,613,Talk ... or there will be face painting.
301,971,7,28,95,130,1.323076923076923,0.05030068754013894,613,"When good cop/bad cop fails, we bring in the clown. Any other questions smart pants?"
2746,971,10,22,98,130,1.323076923076923,0.05373956568619883,613,Look at me dammit! I'm talking to you.
3008,971,7,28,95,130,1.323076923076923,0.05030068754013894,613,Funny HOW?
3024,971,5,32,93,130,1.323076923076923,0.04787105595510675,613,We'll see who has the last laugh
3139,971,4,34,92,130,1.323076923076923,0.04660876971000305,613,"Now, who's the Bozo?"
3240,971,9,24,97,130,1.323076923076923,0.05261825097591534,613,"Oh, I wish you hadn't laughed at him."
4351,971,9,24,97,130,1.323076923076923,0.05261825097591534,613,Let me introduce you to the really bad cop.
3262,971,9,24,97,130,1.323076923076923,0.05261825097591534,613,Are you sure he had a bushier tail?
3323,971,9,24,97,130,1.323076923076923,0.05261825097591534,613,"So you wanna play hardball?, go ahead Jonesy make the balloon nightstick!"
3545,971,9,24,97,130,1.323076923076923,0.05261825097591534,613,Talk or he'll squeak.
2653,971,8,26,96,130,1.323076923076923,0.05147251452365186,613,We can do this the easy way or the har-har-hard way.
374,1014,12,18,101,131,1.3206106870229009,0.05554108536513469,613,You think this is funny?
1280,1014,6,30,95,131,1.3206106870229009,0.04878701969745001,613,"Clown college is hard time, son."
6291,1014,11,20,100,131,1.3206106870229009,0.05447359315705986,613,who are you calling a bozo now
7118,1017,9,32,115,156,1.3205128205128205,0.046362454761498015,613,"OK, McCollough, we met your demands. Now talk!"
4756,1018,5,31,92,128,1.3203125,0.048264151965111926,613,"You might as well confess now, kid--in two minutes we bring in the mime."
4701,1018,10,21,97,128,1.3203125,0.054264038231838015,613,Bozo and I need your help...how do we get off Facebook?
4381,1018,7,27,94,128,1.3203125,0.05074929907927204,613,He did a better job with Stormy Daniels’ description
5244,1018,10,21,97,128,1.3203125,0.054264038231838015,613,"No, I'm actually the good cop."
4467,1018,6,29,93,128,1.3203125,0.0495223167973229,613,"So you think you can make clowns out of us, huh?"
6241,1018,6,29,93,128,1.3203125,0.0495223167973229,613,"Listen buddy, a lawyer just isn’t necessary. You don’t want two clowns in here, do you?"
7169,1018,12,17,99,128,1.3203125,0.05648582864181389,613,I don't think you understand which one of us is the bad cop...
6765,1018,11,19,98,128,1.3203125,0.05538607533748325,613,"Who do you think you're dealing with, a bunch of clowns."
7038,1018,5,31,92,128,1.3203125,0.048264151965111926,613,If you want your face painted you are going to have to start giving us answers.
7057,1018,7,27,94,128,1.3203125,0.05074929907927204,613,First some answers. Then your juice box.
7070,1018,11,19,98,128,1.3203125,0.05538607533748325,613,My partner knows how to handle jokers like you.
7114,1018,11,19,98,128,1.3203125,0.05538607533748325,613,Can you explain how the boss's therapy dog ended up in your cubicle?
4113,1018,9,23,96,128,1.3203125,0.053118305217348435,613,we're asking the questions here!
7211,1018,6,29,93,128,1.3203125,0.0495223167973229,613,"He's a good cop, but a very bad clown."
6631,1018,9,23,96,128,1.3203125,0.053118305217348435,613,"Your choice, bad-cop or tedious-clown"
3744,1018,4,33,91,128,1.3203125,0.04697229895213162,613,"Well, what if I told you that your buddy in the next room wanted his face painted?"
4239,1018,9,23,96,128,1.3203125,0.053118305217348435,613,Looks can be deceiving. Ever heard of John Wayne Gacy?
3234,1018,8,25,95,128,1.3203125,0.05194730842979638,613,"Unlucky for you, he and his canine partner showed up when they did."
3686,1018,7,27,94,128,1.3203125,0.05074929907927204,613,We can do this the easy way or the har-har-hard way.
234,1018,8,25,95,128,1.3203125,0.05194730842979638,613,"No, he’s the Bad Cop."
575,1018,10,21,97,128,1.3203125,0.054264038231838015,613,"If you want to enter the Witness Protection Program, and you want to stay in town, this is your best and only option."
721,1018,10,21,97,128,1.3203125,0.054264038231838015,613,We hear you're into twisted stuff.
844,1018,7,27,94,128,1.3203125,0.05074929907927204,613,Don't make us play good clown bad clown.
1152,1018,11,19,98,128,1.3203125,0.05538607533748325,613,I said we can work this out by talking. But Artie here sometimes gets a little crazy.
1395,1018,7,27,94,128,1.3203125,0.05074929907927204,613,"If I find out you're lying to me, you can forget about the giraffe."
688,1018,10,21,97,128,1.3203125,0.054264038231838015,613,"No, that's supposed to be a dog, not a horse. And stop trying to change the subject - I'm the one asking the questions here."
1957,1018,8,25,95,128,1.3203125,0.05194730842979638,613,Does it look like we are clowning around here?
2069,1018,11,19,98,128,1.3203125,0.05538607533748325,613,So you want Officer Doodles and I to believe this heroin-filled doggie just climbed up your ass?
2242,1018,8,25,95,128,1.3203125,0.05194730842979638,613,"No, I'm the bad cop and he's the bad clown."
3062,1018,7,27,94,128,1.3203125,0.05074929907927204,613,"Alright, mac, if you don't start spilling the beans, i'm gonna hand you over to this Bozo."
3187,1018,10,21,97,128,1.3203125,0.054264038231838015,613,"And if you don't talk, he keeps making them."
3214,1018,8,25,95,128,1.3203125,0.05194730842979638,613,"No, I'm the good cop...he's just a clown."
1849,1018,6,29,93,128,1.3203125,0.0495223167973229,613,Officer Finn has ways to make you talk...you don’t even want to know about.
1064,1051,5,36,103,144,1.3194444444444444,0.044787309001208295,613,Still won't talk? Let's see what he can pull from your ear.
6020,1052,12,41,151,204,1.3186274509803921,0.04060812710072781,613,The sketch artist is unavailable but he can make a balloon animal of the perp.
3735,1053,17,110,326,453,1.3178807947019868,0.025411993836598177,613,"No, I'm the bad cop!"
718,1054,10,21,98,129,1.317829457364341,0.05389896893478054,613,You are accused of defacing an officer of the law and wringing his dog's neck.
3821,1055,7,26,93,126,1.3174603174603174,0.05120862235283609,613,You said a dog ate your homework. Is this the dog?!
4099,1055,9,22,95,126,1.3174603174603174,0.05363106615799874,613,We came here to do two things: solve crimes and make balloon animals. And we're all out of crimes.
3930,1055,8,24,94,126,1.3174603174603174,0.05243383573857162,613,He had floppy ears? That'll be harder
3905,1055,9,22,95,126,1.3174603174603174,0.05363106615799874,613,"Who do you think we are? A bunch of clowns? JIM, NOT NOW"
3730,1055,8,24,94,126,1.3174603174603174,0.05243383573857162,613,"Look, we're not... I mean, I am not clowning around with you!"
2787,1055,5,30,91,126,1.3174603174603174,0.04866574513255838,613,Does this look sort of like the dog that bit you?
3469,1055,10,20,96,126,1.3174603174603174,0.05480214762422878,613,This is our Forensic Clown. He will make a balloon replica of the dog that was stolen based on your description.
3019,1055,6,28,92,126,1.3174603174603174,0.04995336701656112,613,I assure you this is no laughing matter!
2976,1055,5,30,91,126,1.3174603174603174,0.04866574513255838,613,"The good cop called in sick today, so you're in for a treat"
4110,1055,8,24,94,126,1.3174603174603174,0.05243383573857162,613,Show me on the balloon animal where you stabbed him.
3508,1055,10,20,96,126,1.3174603174603174,0.05480214762422878,613,According to the president that guy represents the FBI
4227,1055,9,22,95,126,1.3174603174603174,0.05363106615799874,613,"Mr. Cohen, my buddy here can make anyone squeak."
5727,1055,6,28,92,126,1.3174603174603174,0.04995336701656112,613,"Young man, you do not seem to understand the seriousness of your situation!"
4682,1055,9,22,95,126,1.3174603174603174,0.05363106615799874,613,Is that your story? You think we’re fools?
4801,1055,7,26,93,126,1.3174603174603174,0.05120862235283609,613,Are you calling Sergeant Egelko a clown?
4921,1055,8,24,94,126,1.3174603174603174,0.05243383573857162,613,"You think this is something to laugh about, pal?"
5308,1055,7,26,93,126,1.3174603174603174,0.05120862235283609,613,Who's Jeff Koons?
5384,1055,10,20,96,126,1.3174603174603174,0.05480214762422878,613,"No, I'm the good cop. He's not even a good clown."
5539,1055,8,24,94,126,1.3174603174603174,0.05243383573857162,613,Don’t get smart kid. We are not clowning around!
5552,1055,9,22,95,126,1.3174603174603174,0.05363106615799874,613,"This can happen the easy way, or the squeaky way."
5664,1055,6,28,92,126,1.3174603174603174,0.04995336701656112,613,"So, now you're trying to tell me that there's a cop standing behind me, at the door, with a clown wig, a clown nose, and a dog balloon? And, you arrived at the Station in a Clown Car? You're going for an insanity defense already?"
6309,1055,7,26,93,126,1.3174603174603174,0.05120862235283609,613,Don't make me get the piñata!
7077,1055,8,24,94,126,1.3174603174603174,0.05243383573857162,613,We're not clowning around anymore. After this.
2676,1055,7,26,93,126,1.3174603174603174,0.05120862235283609,613,"By the time he brings out the bicycle, you’ll talk."
4650,1055,6,28,92,126,1.3174603174603174,0.04995336701656112,613,"Clowning around is our job, and we take it very seriously."
2659,1055,10,20,96,126,1.3174603174603174,0.05480214762422878,613,Do you have any idea how many of these guys are behind that mirror?
1040,1055,7,26,93,126,1.3174603174603174,0.05120862235283609,613,"We have ways of making you laugh, Mr. Tough Guy."
2601,1055,5,30,91,126,1.3174603174603174,0.04866574513255838,613,"Look pal, we can do this the easy way, or the grotesquely comical way."
7,1055,10,20,96,126,1.3174603174603174,0.05480214762422878,613,Is this some joke to you?
198,1055,9,22,95,126,1.3174603174603174,0.05363106615799874,613,This is indeed a laughing matter.
214,1055,6,28,92,126,1.3174603174603174,0.04995336701656112,613,You think this is my first circus?
263,1055,6,28,92,126,1.3174603174603174,0.04995336701656112,613,I don't have a sense of humor like my partner.
371,1055,5,30,91,126,1.3174603174603174,0.04866574513255838,613,We're through clowning around with you.
389,1055,9,22,95,126,1.3174603174603174,0.05363106615799874,613,Let's see if Officer Koonz can wipe that smile off your face.
552,1055,13,14,99,126,1.3174603174603174,0.05817411593810554,613,"What is this, good cop, bad prop?"
785,1055,8,24,94,126,1.3174603174603174,0.05243383573857162,613,"I don’t believe your story, but apparently my partner is willing to entertain it."
831,1055,7,26,93,126,1.3174603174603174,0.05120862235283609,613,"You wanted a Coke? My bad, thought you said joke...."
859,1055,9,22,95,126,1.3174603174603174,0.05363106615799874,613,Talk or I turn you over to that clown over there
1056,1055,8,24,94,126,1.3174603174603174,0.05243383573857162,613,Let's get serious.
2611,1055,11,18,97,126,1.3174603174603174,0.05594872215888305,613,"Listen, kid, this is no joking matter."
1161,1055,9,22,95,126,1.3174603174603174,0.05363106615799874,613,You can talk to me now or you can talk to that Bozo later.
1097,1055,7,26,93,126,1.3174603174603174,0.05120862235283609,613,If you think i'm tough wait until this clown gets ahold of you.
1191,1055,8,24,94,126,1.3174603174603174,0.05243383573857162,613,You can have it only if you're completely honest with me and tell the truth.
1203,1055,6,28,92,126,1.3174603174603174,0.04995336701656112,613,It's not polite to refer to police office with a badge as a bozo.
1330,1055,10,20,96,126,1.3174603174603174,0.05480214762422878,613,Who you're calling a clown kid?
1556,1055,11,18,97,126,1.3174603174603174,0.05594872215888305,613,Wrong! I'm the good cop.
1701,1055,7,26,93,126,1.3174603174603174,0.05120862235283609,613,"You think this is funny?"""" Wait til we break out the helium."
1905,1055,7,26,93,126,1.3174603174603174,0.05120862235283609,613,"I can do this all night! Jerry, bring in the mimes..."
2243,1055,5,30,91,126,1.3174603174603174,0.04866574513255838,613,Did you or did you not call him a clown?
2417,1055,10,20,96,126,1.3174603174603174,0.05480214762422878,613,"Did you think you would talking to a pair of clowns today, Mr. Zuckerberg?"
2566,1055,8,24,94,126,1.3174603174603174,0.05243383573857162,613,Sing or I send in the clown.
2586,1055,6,28,92,126,1.3174603174603174,0.04995336701656112,613,"Well, no, not exactly a sketch artist, per se..."
248,1107,8,31,110,149,1.3154362416107384,0.04673955797712791,613,Little did you know we had an undercover agent at the party.
3245,1108,23,87,312,422,1.3151658767772512,0.027777581411048663,613,"Listen Bozo, we're not clowning around anymore...this is serious."
227,1109,8,24,95,127,1.31496062992126,0.05207935668547331,613,You'd best talk to me or you get my partner who has serious and dark issues
358,1109,9,22,96,127,1.31496062992126,0.05326578423083279,613,Next stop for you is the bouncy house!
3778,1109,8,24,95,127,1.31496062992126,0.05207935668547331,613,"Frank, I swear, if I turn around and you're in that getup again...I just don't know what."
405,1112,9,61,181,251,1.3147410358565736,0.033905295374903506,613,But you don’t have the right to remain unamused.
3949,1113,8,23,93,124,1.314516129032258,0.0529325381108483,613,"Due to budget cuts, we can no longer afford the bad cop."
4349,1113,10,19,95,124,1.314516129032258,0.05535444226057568,613,If you ever want to see your doggie again..............
4370,1113,9,21,94,124,1.314516129032258,0.05415703033233919,613,Talk now or we send in the mime!
4390,1113,7,25,92,124,1.314516129032258,0.051679040696349106,613,You won't believe where he'll pull a balloon from next.
4409,1113,4,31,89,124,1.314516129032258,0.04772140208135556,613,Now tell us who took the money or it’s a one-way ticket to the bouncy house.
4435,1113,6,27,91,124,1.314516129032258,0.05039437373093753,613,Chuckles here is just getting started. You don't wanna see what else he can twist that piece of rubber into.
4495,1113,6,27,91,124,1.314516129032258,0.05039437373093753,613,Does Officer Butterscotch look like he's joking?
4537,1113,7,25,92,124,1.314516129032258,0.051679040696349106,613,There are six more just like him coming out of a a Mini Cooper
4689,1113,5,29,90,124,1.314516129032258,0.04907608949551611,613,"Ok, looks like we're going to have to do this the hard way."
4900,1113,4,31,89,124,1.314516129032258,0.04772140208135556,613,Don't make me take out my pin.
4986,1113,5,29,90,124,1.314516129032258,0.04907608949551611,613,"If you think I’m tough, wait until you have to deal with the clown behind me."
3820,1113,8,23,93,124,1.314516129032258,0.0529325381108483,613,We heard it was your birthday.
5555,1113,7,25,92,124,1.314516129032258,0.051679040696349106,613,You have the right to remain squeaky.
6297,1113,9,21,94,124,1.314516129032258,0.05415703033233919,613,"OK son, just tell Captain Crusty where you stashed his scooter and happy pants, or you and your little friend will be finding out that life is no circus"
6439,1113,4,31,89,124,1.314516129032258,0.04772140208135556,613,"We can do this the easy way, or the weepy-peepy-creepy way."
6443,1113,8,23,93,124,1.314516129032258,0.0529325381108483,613,You know what's scary? I'm the good cop.
6543,1113,10,19,95,124,1.314516129032258,0.05535444226057568,613,"For the thousandth time, didn't you ingest hallucinogens today?"
6546,1113,6,27,91,124,1.314516129032258,0.05039437373093753,613,"No, I'm good cop."
7209,1113,5,29,90,124,1.314516129032258,0.04907608949551611,613,Things will go easier for you...if you book him two weeks in advance.
7005,1113,11,17,96,124,1.314516129032258,0.05652649486339045,613,You have the right to pantomime.
7009,1113,3,33,88,124,1.314516129032258,0.046327118117242154,613,"Actually, I'm the bad cop. He's the Krazy Kop."
4931,1113,8,23,93,124,1.314516129032258,0.0529325381108483,613,"Look here, punk, you're dealing with New York's Funniest!"""
6804,1113,4,31,89,124,1.314516129032258,0.04772140208135556,613,Something funny here? We're not laughing.
3758,1113,10,19,95,124,1.314516129032258,0.05535444226057568,613,Or would you rather tell it to a mime?
3533,1113,6,27,91,124,1.314516129032258,0.05039437373093753,613,The sketch artist was busy.
14,1113,6,27,91,124,1.314516129032258,0.05039437373093753,613,You think this is funny? Do you have any idea how many guys like you my partner has put behind imaginary bars?
382,1113,6,27,91,124,1.314516129032258,0.05039437373093753,613,"You think this is funny, punk?"
421,1113,5,29,90,124,1.314516129032258,0.04907608949551611,613,We're through clowning around.
637,1113,9,21,94,124,1.314516129032258,0.05415703033233919,613,"Either you start talking, or Detective Blinky here goes to get his squirting flower!"
739,1113,4,31,89,124,1.314516129032258,0.04772140208135556,613,"Oh, yeah? Well, Chuckles here says it was you who killed at The Comedy Café last Saturday night."
762,1113,8,23,93,124,1.314516129032258,0.0529325381108483,613,You have the right to remain stoic.
781,1113,7,25,92,124,1.314516129032258,0.051679040696349106,613,"That's right, your in Jeff Session's justice system."
1173,1113,9,21,94,124,1.314516129032258,0.05415703033233919,613,This Career Day you'll get to see where being Class Clown will lead you.
1324,1113,6,27,91,124,1.314516129032258,0.05039437373093753,613,"It all started with a typo in the training manual: The ""goof cop, bad cop"" incident."
1423,1113,9,21,94,124,1.314516129032258,0.05415703033233919,613,My partner here is gonna wipe that smirk right onto your face.
1341,1113,7,25,92,124,1.314516129032258,0.051679040696349106,613,You want the balloon? I want to know who threw that pie.
1712,1113,6,27,91,124,1.314516129032258,0.05039437373093753,613,"So, do you want another 20 minutes of Freckles or are you ready to talk?"
1723,1113,9,21,94,124,1.314516129032258,0.05415703033233919,613,Perhaps this will refresh your memory
1782,1113,7,25,92,124,1.314516129032258,0.051679040696349106,613,Tell us what happens or the clown hurts the dog
2230,1113,11,17,96,124,1.314516129032258,0.05652649486339045,613,You have the right to remain silent and pretend he's the president.
2547,1113,7,25,92,124,1.314516129032258,0.051679040696349106,613,We have ways to make you talk.
2587,1113,10,19,95,124,1.314516129032258,0.05535444226057568,613,Our sketch artist retired.
2738,1113,6,27,91,124,1.314516129032258,0.05039437373093753,613,"If you think I'm scary, you really don't want to deal with my partner."
2820,1113,10,19,95,124,1.314516129032258,0.05535444226057568,613,Dog means you're lying. I'd better start seeing some goddam giraffes.
3293,1113,11,17,96,124,1.314516129032258,0.05652649486339045,613,"He looks harmless, but his act is torture."
3359,1113,6,27,91,124,1.314516129032258,0.05039437373093753,613,Talk or Officer Puddles will kill that dog.
1538,1113,3,33,88,124,1.314516129032258,0.046327118117242154,613,"Tell us, about how many would you say got out of the car?"
3594,1113,6,27,91,124,1.314516129032258,0.05039437373093753,613,That's not the only thing he can twist into a fun shape.
3846,1161,9,32,118,159,1.3144654088050314,0.045617039804286615,613,"You might think otherwise pal, but we're not playing games here."
3724,1162,9,30,114,153,1.3137254901960784,0.04680227627595454,613,Tell us what you saw or the dog gets it.
6301,1163,8,23,94,125,1.312,0.05256762158125168,613,He minored in theater at the police academy.
7091,1163,8,23,94,125,1.312,0.05256762158125168,613,"You can talk to me or you can talk to Detective Bozo. And believe me, you don't wanna clown around with him."
3080,1163,6,27,92,125,1.312,0.05005287526786693,613,Confess or the dog goes pop.
2790,1163,10,19,96,125,1.312,0.05496743904202477,613,"Don't think for a minute, kid, that you know which of us is the bad cop."
4729,1167,6,26,90,122,1.3114754098360655,0.05084566947610128,613,Do you take us for clowns?
4916,1167,7,24,91,122,1.3114754098360655,0.05216095380029806,613,You do have the right to remain silent - but my partner Barry here could really use some consctructive criticism.
4941,1167,6,26,90,122,1.3114754098360655,0.05084566947610128,613,My partner here is not going to be as straight with you. He's kind of funny like that.
5017,1167,9,20,93,122,1.3114754098360655,0.0546967192354771,613,"Confess, or it's the bouncy castle for you."
5112,1167,9,20,93,122,1.3114754098360655,0.0546967192354771,613,"Hey, listen! I'm not clowning around here!"
5225,1167,6,26,90,122,1.3114754098360655,0.05084566947610128,613,Don't make me call in the bad clown!
5249,1167,7,24,91,122,1.3114754098360655,0.05216095380029806,613,He's part of our diversity program.
5274,1167,5,28,89,122,1.3114754098360655,0.049495445321656076,613,You really expect me to believe my partner planted the evidence?
5773,1167,8,22,92,122,1.3114754098360655,0.05344387802396753,613,"Listen. I don't know what you slipped in Officer Wilson's drink, but I need answers."
5783,1167,8,22,92,122,1.3114754098360655,0.05344387802396753,613,That's Detective Bozo to you kid.
6049,1167,8,22,92,122,1.3114754098360655,0.05344387802396753,613,"A word to the wise, we have a mime practicing in the next room."
6105,1167,10,18,94,122,1.3114754098360655,0.05592149937196339,613,"If you don't cooperate, we'll kill the dog."
6123,1167,6,26,90,122,1.3114754098360655,0.05084566947610128,613,Waddaya mean you'd rather work with a sketch artist?
6242,1167,7,24,91,122,1.3114754098360655,0.05216095380029806,613,"What do you think this is, a birthday party?"
6261,1167,5,28,89,122,1.3114754098360655,0.049495445321656076,613,If you can't tell... I'm the bad cop.
6329,1167,9,20,93,122,1.3114754098360655,0.0546967192354771,613,"So, who’s laughing now!"
6684,1167,8,22,92,122,1.3114754098360655,0.05344387802396753,613,Confess now or Bozo pops the pooch.
6806,1167,6,26,90,122,1.3114754098360655,0.05084566947610128,613,"You're good...real good, but my partner Tim here is great at getting to the bottom of any funny business."
6875,1167,7,24,91,122,1.3114754098360655,0.05216095380029806,613,"Now talk, or we’ll break out the seltzer."
6892,1167,2,34,86,122,1.3114754098360655,0.04520343036692429,613,"So you think you're funny, huh?"
6970,1167,4,30,88,122,1.3114754098360655,0.048107339468163854,613,Budget cuts -- we had to restructure the K-9 unit.
7050,1167,8,22,92,122,1.3114754098360655,0.05344387802396753,613,Good cop or bad clown. Your choice.
7153,1167,4,30,88,122,1.3114754098360655,0.048107339468163854,613,"Won't talk, eh? Maybe three hours of watching someone in a fright wig making balloon animals will loosen your tongue!"
7188,1167,8,22,92,122,1.3114754098360655,0.05344387802396753,613,And there are 20 more of them waiting in the Volkswagen outside.
6237,1167,7,24,91,122,1.3114754098360655,0.05216095380029806,613,And wrap your head around this: I'm the good cop.
4593,1167,6,26,90,122,1.3114754098360655,0.05084566947610128,613,Don't make us pop another one!
1067,1167,5,28,89,122,1.3114754098360655,0.049495445321656076,613,"Look, we can do this good clown/bad clown thing all day, or you can tell us who stole the elephant."
4327,1167,8,22,92,122,1.3114754098360655,0.05344387802396753,613,I don’t think you’re taking me seriously...
388,1167,5,28,89,122,1.3114754098360655,0.049495445321656076,613,Really...so you have no idea what this is?
874,1167,5,28,89,122,1.3114754098360655,0.049495445321656076,613,"I'll put it this way, pal - I'm the good cop."
896,1167,10,18,94,122,1.3114754098360655,0.05592149937196339,613,"You have the right to a balloon dog. If you cannot afford a balloon dog, one will be provided for you. Do you understand the rights I have just read to you?"
1050,1167,6,26,90,122,1.3114754098360655,0.05084566947610128,613,"Oh, so is this whole thing a joke to you?"
1077,1167,5,28,89,122,1.3114754098360655,0.049495445321656076,613,Funny ha or funny haha?
1417,1167,5,28,89,122,1.3114754098360655,0.049495445321656076,613,Don't think for a second that I won't pop it.
1688,1167,6,26,90,122,1.3114754098360655,0.05084566947610128,613,"Detective Bozo, and his partner K-9 are not buying your story either."
1748,1167,6,26,90,122,1.3114754098360655,0.05084566947610128,613,"Start talking jimmy, or chuckles takes over"
2019,1167,8,22,92,122,1.3114754098360655,0.05344387802396753,613,We get answers....or no balloon.
2081,1167,6,26,90,122,1.3114754098360655,0.05084566947610128,613,"Wipe that grin off your face, buddy, this is no laughing matter."
2086,1167,8,22,92,122,1.3114754098360655,0.05344387802396753,613,"Okay, so we agreed to your demand. Now, tell us where you buried the body."
2173,1167,8,22,92,122,1.3114754098360655,0.05344387802396753,613,The agency was out of good cops.
4476,1167,8,22,92,122,1.3114754098360655,0.05344387802396753,613,"Want to play rough, do you? Well, Bozo's just getting started -- and those are EXTRA squeaky balloons."
3013,1167,7,24,91,122,1.3114754098360655,0.05216095380029806,613,What do you thing we are around here - a bunch of clowns!?
4303,1167,7,24,91,122,1.3114754098360655,0.05216095380029806,613,My partner doesn't look tough but that balloon dog used to be a German Shepherd.
2998,1167,6,26,90,122,1.3114754098360655,0.05084566947610128,613,"I can help you, son. Captain Krusty from our K9 Unit, won't be so nice!"
4198,1167,5,28,89,122,1.3114754098360655,0.049495445321656076,613,No......actually I'm the bad cop.
4156,1167,8,22,92,122,1.3114754098360655,0.05344387802396753,613,Are you saying my partner fabricated the evidence?
4078,1167,5,28,89,122,1.3114754098360655,0.049495445321656076,613,Don't laugh - he minored in Criminal Justice at Clown College.
4249,1167,9,20,93,122,1.3114754098360655,0.0546967192354771,613,"If he doesn't make you talk, then I'll send in the mime."
3797,1167,6,26,90,122,1.3114754098360655,0.05084566947610128,613,"This part of our improved customer experience program. Once I have charged you with first degree murder, he will cheer you up."
3771,1167,8,22,92,122,1.3114754098360655,0.05344387802396753,613,We can't afford a sketch artist right now.
3492,1167,6,26,90,122,1.3114754098360655,0.05084566947610128,613,"Stop laughing, punk. Do you see anything funny about this?"
3216,1167,4,30,88,122,1.3114754098360655,0.048107339468163854,613,You have a right to remain silent. He's made a career of it.
3813,1167,5,28,89,122,1.3114754098360655,0.049495445321656076,613,We can do this the fun way or the boring way
6733,1220,20,91,311,422,1.3104265402843602,0.027085184230868756,613,"Now talk! Otherwise, Officer Binky puts your dog to sleep"
807,1221,9,21,96,126,1.3095238095238095,0.05340980911546648,613,"Ready to talk, kid? Or should Po-Po here twist up wiener dog #613?"
3493,1222,4,29,87,120,1.3083333333333333,0.04850110936577174,613,"Officer Donald prefers to lighten the mood before he begins ""enhanced"" interrogations."
3684,1222,9,19,92,120,1.3083333333333333,0.05525068073567392,613,"OK, we can do this the easy way or the scary clown way...."
3689,1222,5,27,88,120,1.3083333333333333,0.04992407868072794,613,Officer Chuckles has ways of making you talk.
3990,1222,7,23,90,120,1.3083333333333333,0.052654778291598966,613,Do you really want me to send in the clowns?
4554,1222,9,19,92,120,1.3083333333333333,0.05525068073567392,613,It would be a shame if we accidentally left you alone with the police dog.
4592,1222,7,23,90,120,1.3083333333333333,0.052654778291598966,613,"If you thought this was no laughing matter, then you were wrong."
4770,1222,5,27,88,120,1.3083333333333333,0.04992407868072794,613,Quit clowning around or we'll leave it to the man who really knows how to twist an arm...
5060,1222,1,35,84,120,1.3083333333333333,0.04395667801920045,613,"He may look like the good cop, but he’ll twist you like that little balloon if you don’t start talking."
6686,1222,8,21,91,120,1.3083333333333333,0.05396833978682692,613,Rumples will give you this balloon doggie if you just tell us who gave you the cocaine.
5254,1222,4,29,87,120,1.3083333333333333,0.04850110936577174,613,"Don't be fooled by the costume, I'm the nice guy."
5568,1222,9,19,92,120,1.3083333333333333,0.05525068073567392,613,"The balloon animal already talked, so you might as well confess."
5573,1222,6,25,89,120,1.3083333333333333,0.05130759840928513,613,Perhaps THIS will refresh your recollection.
5747,1222,8,21,91,120,1.3083333333333333,0.05396833978682692,613,Our sketch artist took the day off and Chuckles is all we could get on such short notice. Is this what the dog that attacked you looks like?
6139,1222,5,27,88,120,1.3083333333333333,0.04992407868072794,613,Do you know what happens to suspects when Detective Dimples runs out of twister balloons?
3264,1222,7,23,90,120,1.3083333333333333,0.052654778291598966,613,And what makes you think he plays the good cop.
6901,1222,8,21,91,120,1.3083333333333333,0.05396833978682692,613,We are done clowning around
7198,1222,8,21,91,120,1.3083333333333333,0.05396833978682692,613,You ever hear of seltzerboarding?
7253,1222,6,25,89,120,1.3083333333333333,0.05130759840928513,613,You have the right to turn that frown upside down.
5089,1222,7,23,90,120,1.3083333333333333,0.052654778291598966,613,"Listen, kid, you're better off talking to me. Once my partner gets done with you, he'll forever haunt your dreams."
3134,1222,7,23,90,120,1.3083333333333333,0.052654778291598966,613,"If you think I'm twisting your words, just wait until you see what Detective Bozo does to you."
4877,1222,8,21,91,120,1.3083333333333333,0.05396833978682692,613,Quit clowning around. I get enough of that from Lieutenant Bozo over there
2828,1222,5,27,88,120,1.3083333333333333,0.04992407868072794,613,"Listen kid, I'd hate to turn this interview over to Officer Friendly."
2950,1222,5,27,88,120,1.3083333333333333,0.04992407868072794,613,You won't be laughing when we call your mother.
116,1222,7,23,90,120,1.3083333333333333,0.052654778291598966,613,"That will be all, Sgt. Blinky. I am through clowning around with this guy."
298,1222,6,25,89,120,1.3083333333333333,0.05130759840928513,613,"Lets take it from the top, so you, a dog and a clown were at the birthday party and ..."
404,1222,5,27,88,120,1.3083333333333333,0.04992407868072794,613,"Not gonna giggle and clap your hands together, eh? Well, we have ways of making people giggle and clap their hands together."
417,1222,7,23,90,120,1.3083333333333333,0.052654778291598966,613,"Listen balloon man, Officer McDonald is holding your breathalyzer evidence in his hand."
506,1222,7,23,90,120,1.3083333333333333,0.052654778291598966,613,OK! We're done clowning around.
656,1222,7,23,90,120,1.3083333333333333,0.052654778291598966,613,"Well, how's it going to be, punk? Good cop, bad clown or bad cop, good clown?"
1015,1222,6,25,89,120,1.3083333333333333,0.05130759840928513,613,"Your choice - you can talk now, or I'll leave you alone with Detective McTwisty."
1344,1222,6,25,89,120,1.3083333333333333,0.05130759840928513,613,You have the right to laugh silently.
1418,1222,6,25,89,120,1.3083333333333333,0.05130759840928513,613,"I'm fine playing Good Cop, Bad Cop, but you really want me to be the bad cop..."
3598,1222,6,25,89,120,1.3083333333333333,0.05130759840928513,613,This is Portnoy. He’s filling in for our sketch artist.
1812,1222,8,21,91,120,1.3083333333333333,0.05396833978682692,613,"Frankly, your history as class clown makes you an ideal candidate for FBI leadership."
1928,1222,8,21,91,120,1.3083333333333333,0.05396833978682692,613,I know he's new on the job but just tell Bob what you saw and he'll try to make it.
2006,1222,9,19,92,120,1.3083333333333333,0.05525068073567392,613,"Tell us what Putin knows, Zuckerberg, or the little dog gets popped!"
2025,1222,9,19,92,120,1.3083333333333333,0.05525068073567392,613,"You asked for a lawyer, so lucky you; you get Gary Cohen."
2212,1222,5,27,88,120,1.3083333333333333,0.04992407868072794,613,We're not clowning around. This puppy's gonna pop unless you talk.
2226,1222,6,25,89,120,1.3083333333333333,0.05130759840928513,613,And my partner here says that anything you mime can and will be held against you.
2654,1222,5,27,88,120,1.3083333333333333,0.04992407868072794,613,"Not afraid of clowns, are you? We’ll see."
1667,1222,9,19,92,120,1.3083333333333333,0.05525068073567392,613,"So, you think this is funny, do you?"
2668,1222,6,25,89,120,1.3083333333333333,0.05130759840928513,613,Tell us where the money is or the dog gets it!
2675,1222,9,19,92,120,1.3083333333333333,0.05525068073567392,613,"Yeah, and I'm the good cop."
2085,1265,7,27,99,133,1.3082706766917294,0.04912129579514996,613,This interrogation is going nowhere..... Send in the clown!
278,1266,7,39,126,172,1.308139534883721,0.0415056475240337,613,"Happy birthday, scumbag."
6674,1267,8,21,92,121,1.3057851239669422,0.05358109017229101,613,Do you recognize this dog?
2113,1267,8,21,92,121,1.3057851239669422,0.05358109017229101,613,"It's time we got serious, kid."
2071,1267,6,25,90,121,1.3057851239669422,0.05094557027247088,613,A wise guy eh? Joe here’ll break every funnybone in your body.
6499,1270,5,26,87,118,1.305084745762712,0.05036226086531086,613,Good cop and bad cop have left for the day. He’s a different kind of cop.
7180,1270,5,26,87,118,1.305084745762712,0.05036226086531086,613,"OK, no more Mister Nice Guy."
5548,1270,3,30,85,118,1.305084745762712,0.047398609854901824,613,Jerry went undercover for a while. He's never been the same.
5306,1270,6,24,88,118,1.305084745762712,0.051780516327184625,613,We've already got a funny guy.
5032,1270,9,18,91,118,1.305084745762712,0.05581949055699516,613,Really? Well our canine unit says otherwise.
5027,1270,6,24,88,118,1.305084745762712,0.051780516327184625,613,"I should warn you, he has a needle and he's not afraid to use it."
4848,1270,4,28,86,118,1.305084745762712,0.048902891201046676,613,"No, it is not your birthday today!"
7213,1270,6,24,88,118,1.305084745762712,0.051780516327184625,613,You think this is all fun and games? We’ll show you fun and games!
4734,1270,8,20,90,118,1.305084745762712,0.05450643057840294,613,"On the other hand, a court-appointed attorney is always an option."
4184,1270,7,22,89,118,1.305084745762712,0.05316094828682091,613,"That's right. Good cop, scary cop."
3818,1270,5,26,87,118,1.305084745762712,0.05036226086531086,613,Do you think we’re clowning around here?
3599,1270,13,10,95,118,1.305084745762712,0.060788763210147014,613,Isn’t it rich?
3376,1270,6,24,88,118,1.305084745762712,0.051780516327184625,613,What do you mean that’s a funny question?
2262,1270,12,12,94,118,1.305084745762712,0.05958531011058942,613,“I’m James Comey and this is my Attorney General”.
2862,1270,7,22,89,118,1.305084745762712,0.05316094828682091,613,Your problem? I'm the good cop.
2747,1270,7,22,89,118,1.305084745762712,0.05316094828682091,613,"Did you swallow those drugs, son?"
2583,1270,6,24,88,118,1.305084745762712,0.051780516327184625,613,"Start talking, or or you can kiss the cake and ice cream goodbye!"
2421,1270,9,18,91,118,1.305084745762712,0.05581949055699516,613,My partner's been out there dealing with the media circus.
2114,1270,6,24,88,118,1.305084745762712,0.051780516327184625,613,Now you're in for it--Officer Bozo is a member of our 'Laugh 'till it hurts' unit.
1818,1270,3,30,85,118,1.305084745762712,0.047398609854901824,613,I'm the good cop -- so just imagine what he can do to you.-
1724,1270,6,24,88,118,1.305084745762712,0.051780516327184625,613,"“Let me assure you young man, this is no laughing matter”."
1540,1270,9,18,91,118,1.305084745762712,0.05581949055699516,613,Tell us what you saw or the dog gets it.
1273,1270,4,28,86,118,1.305084745762712,0.048902891201046676,613,"I’m not clowning around, that comes next."
66,1270,7,22,89,118,1.305084745762712,0.05316094828682091,613,"Look, you can either call a lawyer or see the tiny tricycle act -- your choice."
2920,1270,6,24,88,118,1.305084745762712,0.051780516327184625,613,"He's serious. Talk! Or, the dog gets it."
1073,1270,3,30,85,118,1.305084745762712,0.047398609854901824,613,"Now it's a cute puppy, but if you don't start talkin' that can easily change."
1758,1296,22,85,318,425,1.3035294117647058,0.02725355783088642,613,"No I don't think it's funny that the monkey got drunk and fell on the elephant's trunk, and neither does he."
6639,1297,5,27,90,122,1.3032786885245902,0.04923110777692677,613,We're not clowning around here! Either confess or we let the air out of your dog.
3271,1298,5,26,88,119,1.3025210084033614,0.05000302205471872,613,"There's only one class clown, got it?"
2093,1298,7,22,90,119,1.3025210084033614,0.05277463331184015,613,"For him, punks like you are child's play..."
1796,1298,6,24,89,119,1.3025210084033614,0.05140750983953548,613,You think we're tough? Wait till the bearded lady shows up!
649,1298,5,26,88,119,1.3025210084033614,0.05000302205471872,613,"That's where you're wrong, punk...I'm the good cop."
1308,1302,22,73,292,387,1.302325581395349,0.028999728186531664,613,"yeah, we're going undercover. Should fit right in almost everywhere in DC."
4382,1303,8,19,89,116,1.3017241379310345,0.055058681501890964,613,You seriously want to talk to that clown?
4500,1303,6,23,87,116,1.3017241379310345,0.05226479057419202,613,You don't like the squeaky noise when he makes a balloon animal? Then talk.
4552,1303,8,19,89,116,1.3017241379310345,0.055058681501890964,613,"In the criminal justice system, Clown based offenses are considered especially heinous. In New York City, the dedicated detectives who investigate these vicious felonies are members of an elite squad known as the Silly Victims Unit."
4610,1303,6,23,87,116,1.3017241379310345,0.05226479057419202,613,Clown? We haven't even begun to Clown.
4831,1303,8,19,89,116,1.3017241379310345,0.055058681501890964,613,Try again Mike. The kid says it still doesn't ring a bell.
5024,1303,7,21,88,116,1.3017241379310345,0.053679915901996444,613,Where were you on the day of Steven's birthday party?
5558,1303,7,21,88,116,1.3017241379310345,0.053679915901996444,613,"So you think I'm the bad cop, huh?"
5739,1303,10,15,91,116,1.3017241379310345,0.057717488542808136,613,Don't be afraid. This is the president of the United States.
5796,1303,5,25,86,116,1.3017241379310345,0.05081026762656237,613,I don’t know why you think this is some kind of game!
6223,1303,6,23,87,116,1.3017241379310345,0.05226479057419202,613,Talk quick or in one minute 11 of his friends are coming in here in a VW Bug
6447,1303,6,23,87,116,1.3017241379310345,0.05226479057419202,613,Either tell me the truth or I'll turn you over to some Bozo who will make your life a living hell
6483,1303,6,23,87,116,1.3017241379310345,0.05226479057419202,613,This isn’t funny!
6509,1303,4,27,85,116,1.3017241379310345,0.04931286098779539,613,Punk. You think we're just clowning around here?
6655,1303,9,17,90,116,1.3017241379310345,0.05640375383082166,613,… and time served on Balloon Island will morph you into a balloon animal.
6974,1303,6,23,87,116,1.3017241379310345,0.05226479057419202,613,"Who's the clown now, punk!"
7012,1303,7,21,88,116,1.3017241379310345,0.053679915901996444,613,Who's the funny guy now?
7234,1303,5,25,86,116,1.3017241379310345,0.05081026762656237,613,"Ok, now I really want my lawyer."
4358,1303,7,21,88,116,1.3017241379310345,0.053679915901996444,613,"It's a balloon-dog eat balloon-dog world out there, kid."
4100,1303,7,21,88,116,1.3017241379310345,0.053679915901996444,613,"Just who do you think the courts will believe?! You, or Detective Bozo?"
5669,1303,5,25,86,116,1.3017241379310345,0.05081026762656237,613,Who’s laughing now?
2908,1303,7,21,88,116,1.3017241379310345,0.053679915901996444,613,Don't make him take out the seltzer bottle.
148,1303,9,17,90,116,1.3017241379310345,0.05640375383082166,613,"You want to clown around? Fine, two can play that game."
350,1303,7,21,88,116,1.3017241379310345,0.053679915901996444,613,"I'm the ""good cop""."
359,1303,5,25,86,116,1.3017241379310345,0.05081026762656237,613,Wrong! I'm the good cop.
583,1303,6,23,87,116,1.3017241379310345,0.05226479057419202,613,You think we're clowning around?
3850,1303,6,23,87,116,1.3017241379310345,0.05226479057419202,613,He is not just ANY clown. He's a Millennial Stress Reducing Interrogation Professional.
1123,1303,5,25,86,116,1.3017241379310345,0.05081026762656237,613,"Consider yourself lucky, kid. Detective Bozo left the big shoes at home."
1276,1303,7,21,88,116,1.3017241379310345,0.053679915901996444,613,Sam's a clown; you're an idiot. Big difference.
1357,1303,4,27,85,116,1.3017241379310345,0.04931286098779539,613,"Give it a rest, Phil. We're just not getting through to this guy."
1558,1303,4,27,85,116,1.3017241379310345,0.04931286098779539,613,"He's detective Ringling. No, I'm not his brother."
927,1303,5,25,86,116,1.3017241379310345,0.05081026762656237,613,And I'm the good cop!
4600,1303,7,21,88,116,1.3017241379310345,0.053679915901996444,613,"Bad news for you, I'm the good cop."
2026,1303,5,25,86,116,1.3017241379310345,0.05081026762656237,613,Quit being a bozo.
2146,1303,8,19,89,116,1.3017241379310345,0.055058681501890964,613,"Budget cuts, kid. We’re BOTH bad cops. Talk."
2371,1303,7,21,88,116,1.3017241379310345,0.053679915901996444,613,"I know what you're thinking, you're thinking good cop bad cop and I'm the bad cop but you're wrong you're so wrong"
2396,1303,5,25,86,116,1.3017241379310345,0.05081026762656237,613,"Depending on your phobias, we might both be bad cop."
2492,1303,6,23,87,116,1.3017241379310345,0.05226479057419202,613,Do you think this man is joking?
2500,1303,4,27,85,116,1.3017241379310345,0.04931286098779539,613,"No, buddy, I’m the good cop. You are really in for it!"
2772,1303,6,23,87,116,1.3017241379310345,0.05226479057419202,613,"Ok Bob, we can do this two ways, but you won't like Bozo's way!"
1970,1303,10,15,91,116,1.3017241379310345,0.057717488542808136,613,Talk or the puppy gets it!
6624,1343,5,25,87,117,1.2991452991452992,0.05044008690880406,613,"If you don't squeal, he'll make it squeak."
2137,1343,3,29,85,117,1.2991452991452992,0.04742866153194965,613,"We can make balloon animals all day, buddy."
3424,1345,10,38,146,194,1.2989690721649485,0.04025046902561554,613,"Doug, you think this is funny? My partner will show you funny!!"
5396,1346,5,24,85,114,1.2982456140350878,0.0512683781845818,613,"You think you're funny, huh."
5563,1346,5,24,85,114,1.2982456140350878,0.0512683781845818,613,"He just won't crack... Johnson, make the giraffe!"
5815,1346,6,22,86,114,1.2982456140350878,0.05276079981200326,613,I’ll only confess if he makes a giraffe.
5944,1346,6,22,86,114,1.2982456140350878,0.05276079981200326,613,"You better talk, or the dog gets it."
6116,1346,7,20,87,114,1.2982456140350878,0.05421215169984737,613,"OK, here's the deal: We can do this the easy way or the very creepy way."
6131,1346,10,14,90,114,1.2982456140350878,0.05835000923138064,613,If you thought water boarding was excruciating ...
6235,1346,8,18,88,114,1.2982456140350878,0.0556256486438787,613,"That's it, scumbag...we're sending in the clowns"
5394,1346,3,28,83,114,1.2982456140350878,0.0481449458554825,613,"Don't smile, it only encourages him."
2149,1346,5,24,85,114,1.2982456140350878,0.0512683781845818,613,"No, YOU stop clowning around!"
6411,1346,7,20,87,114,1.2982456140350878,0.05421215169984737,613,"I can assure you that Detective Bozo has heard all the jokes about his name before, so don't bother!"
6541,1346,8,18,88,114,1.2982456140350878,0.0556256486438787,613,"What do you think, we're just clowning around here?"
6603,1346,7,20,87,114,1.2982456140350878,0.05421215169984737,613,"Look, I have all night and he can make 678 figures so whenever you are ready to talk go ahead."
6850,1346,9,16,89,114,1.2982456140350878,0.05700410671326431,613,We can play good cop or insufferable cop.
6950,1346,9,16,89,114,1.2982456140350878,0.05700410671326431,613,Don't make us play good clown bad clown.
7064,1346,7,20,87,114,1.2982456140350878,0.05421215169984737,613,"All right, no more clowning around... No, not you, Larry."
5329,1346,5,24,85,114,1.2982456140350878,0.0512683781845818,613,"Okay, so the perp doesn't look like a dachshund. Sam, do the teddybear, and maybe this guy's tongue will loosen up."
6312,1346,5,24,85,114,1.2982456140350878,0.0512683781845818,613,"...so you better come clean, see? You don't want me telling my partner here it's your birthday."
4854,1346,4,26,84,114,1.2982456140350878,0.049731189474537224,613,You have the right to become terrified.
302,1346,6,22,86,114,1.2982456140350878,0.05276079981200326,613,"No, your wrong, I'M the Good cop!"
4524,1346,4,26,84,114,1.2982456140350878,0.049731189474537224,613,"Look, I believe you. But my partner here, well, he thinks there's something about your story that seems a little funny."
4607,1346,6,22,86,114,1.2982456140350878,0.05276079981200326,613,"If you tell me one more time that Sergeant James is dressing like a clown and pulling out a balloon dog whenever I turn my back, I’m going to lock you up for a month in solitary confinement"
166,1346,3,28,83,114,1.2982456140350878,0.0481449458554825,613,We actually are here for fun and games. What’d you think?
969,1346,7,20,87,114,1.2982456140350878,0.05421215169984737,613,"You think you're funny? Let me assure you, you don't want to see funny."
1048,1346,5,24,85,114,1.2982456140350878,0.0512683781845818,613,We have ways of making you talk!
1440,1346,4,26,84,114,1.2982456140350878,0.049731189474537224,613,Take this seriously. We're not clowning around!
1766,1346,5,24,85,114,1.2982456140350878,0.0512683781845818,613,"Unlucky for you, I am NOT the ""bad cop""."
2225,1346,9,16,89,114,1.2982456140350878,0.05700410671326431,613,Guess what? I'm the good cop.
161,1346,8,18,88,114,1.2982456140350878,0.0556256486438787,613,We call this phase of the interrogation: good cop; childhood nightmare cop.
3352,1346,5,24,85,114,1.2982456140350878,0.0512683781845818,613,Listen Buddy! Your not taking your situation very seriously.
3373,1346,7,20,87,114,1.2982456140350878,0.05421215169984737,613,Start talking or you’ll have to answer to this clown.
3627,1346,4,26,84,114,1.2982456140350878,0.049731189474537224,613,"This is a little thing we call good cop, sad cop."
3643,1346,7,20,87,114,1.2982456140350878,0.05421215169984737,613,I don't think you appreciate the seriousness of the situation you are in!
3891,1346,7,20,87,114,1.2982456140350878,0.05421215169984737,613,"You know, he can also make an electric chair."
4374,1346,4,26,84,114,1.2982456140350878,0.049731189474537224,613,"See my partner there?? Well, that's Detective Bozo...and he doesn't just do that trick with balloons. So start talking, buddy..."
2637,1346,8,18,88,114,1.2982456140350878,0.0556256486438787,613,"So you think I'm the bad cop, huh?"
1894,1381,10,28,123,161,1.2981366459627328,0.045653230223973267,613,"Ok, our sketch artist is sick today, so Officer Chuckles is stepping in for him..."
1825,1382,10,35,141,186,1.2956989247311828,0.04131539549214824,613,Don't make us send in the clowns.
6315,1383,5,24,86,115,1.2956521739130435,0.050886741087754414,613,Can't you see it makes Inspector Hector sad when you demand a lawyer?
5940,1383,4,26,85,115,1.2956521739130435,0.04936501916575575,613,"The first thing for you to know, I am the good cop."
5929,1383,8,18,89,115,1.2956521739130435,0.05520078190046145,613,"If you don't confess to me you'll have to talk to Sergeant Bozo, and if that doesn't work there are eight more just like him in the tiny car outside."
5514,1383,7,20,88,115,1.2956521739130435,0.05380121765467388,613,"Joe, give this young man a little clue about life inside the pen."
433,1383,8,18,89,115,1.2956521739130435,0.05520078190046145,613,"For the last time, the balloon is the truth, the dog is your twisted lies, and the clown is ...well, he just likes dressing up."
3434,1383,8,18,89,115,1.2956521739130435,0.05520078190046145,613,You don't want to be left alone in this room with my partner!
4377,1389,6,50,154,210,1.2952380952380953,0.03562265148818217,613,I've seen clowns like you before
7275,1390,5,23,84,112,1.2946428571428572,0.05173687396429152,613,Don't let his appearance entertain you.
4132,1390,10,13,89,112,1.2946428571428572,0.059000677385711346,613,This the best we can do with the new Witness Protection budget!
4153,1390,3,27,82,112,1.2946428571428572,0.04852786628161868,613,Do I look like I’m joking?
4288,1390,8,17,87,112,1.2946428571428572,0.0562079141244582,613,Talk! Or we'll bring in the accordion player.
4663,1390,7,19,86,112,1.2946428571428572,0.0547581450502782,613,“Quit calling my partner a ‘Bozo’ and answer my question!
5129,1390,5,23,84,112,1.2946428571428572,0.05173687396429152,613,If you confess he will make an elephant for you.
5585,1390,3,27,82,112,1.2946428571428572,0.04852786628161868,613,Guess which one of us is the ‘bad’ cop?
3869,1390,4,25,83,112,1.2946428571428572,0.0501580399011148,613,My partner can be very....entertaining.
5878,1390,9,15,88,112,1.2946428571428572,0.05762121806329357,613,If you don’t confess we’ll...” “They’re already here.
5883,1390,7,19,86,112,1.2946428571428572,0.0547581450502782,613,"Look around, I'm the only friend you've got."
5943,1390,5,23,84,112,1.2946428571428572,0.05173687396429152,613,If you don't talk we can do good cop bad clown all night.
6685,1390,6,21,85,112,1.2946428571428572,0.05326893361493307,613,"We can do this the easy way, or the disturbing feels-like-you're-in-a-David Lynch-movie way."
7139,1390,9,15,88,112,1.2946428571428572,0.05762121806329357,613,"“Listen,doofus—I’ll give you one more chance to come clean—otherwise I’ll have to turn you over to Sgt. Bozo here—and what you saw him do to that balloon is nothing compared to what he’s got in store for you!"
7270,1390,6,21,85,112,1.2946428571428572,0.05326893361493307,613,"I said we need to make him crack, not crack up."
5861,1390,4,25,83,112,1.2946428571428572,0.0501580399011148,613,"Don’t mess with me kid. If I leave, he’s your worst nightmare."
3346,1390,7,19,86,112,1.2946428571428572,0.0547581450502782,613,"No more Mister Nice Guy. You squeal, or I send in the clown."
5252,1390,6,21,85,112,1.2946428571428572,0.05326893361493307,613,We're done clowning around here...
3178,1390,2,29,81,112,1.2946428571428572,0.046840993210771086,613,Do we look like a couple of clowns to you?
3319,1390,9,15,88,112,1.2946428571428572,0.05762121806329357,613,"Listen up, buddy! I happened to be the good cop."
117,1390,4,25,83,112,1.2946428571428572,0.0501580399011148,613,What more can you tell us about the Bozos who were with you?
217,1390,3,27,82,112,1.2946428571428572,0.04852786628161868,613,"Something funny, punk?"
822,1390,5,23,84,112,1.2946428571428572,0.05173687396429152,613,"No attorney - you get a doggie. And, if you cooperate, maybe cake."
872,1390,6,21,85,112,1.2946428571428572,0.05326893361493307,613,Look pal - do you really want to be left alone with that clown?
1183,1390,6,21,85,112,1.2946428571428572,0.05326893361493307,613,"Oh he can make a lot of things: dogs, parrots... the murder weapon."
2253,1390,7,19,86,112,1.2946428571428572,0.0547581450502782,613,The toy is yours if you confess
2165,1390,7,19,86,112,1.2946428571428572,0.0547581450502782,613,"Ironically, when he dresses like that, he's not clowning around."
2868,1390,6,21,85,112,1.2946428571428572,0.05326893361493307,613,"Here's how it is: we can do this the hard way, or we can do this the punchinello way."
2919,1390,9,15,88,112,1.2946428571428572,0.05762121806329357,613,NOW do you remember seeing anything funny that night?
3076,1390,5,23,84,112,1.2946428571428572,0.05173687396429152,613,"Now that my partner is here, would you like to amend your testimony characterizing this investigation as a circus?"
3103,1390,6,21,85,112,1.2946428571428572,0.05326893361493307,613,In this city its Good Cop - Scary Cop.
3147,1390,5,23,84,112,1.2946428571428572,0.05173687396429152,613,"Okay tough guy, we’re gonna stop clowning around."
3168,1390,8,17,87,112,1.2946428571428572,0.0562079141244582,613,"We can do this the easy way, or the painfully ironic way."
2296,1390,5,23,84,112,1.2946428571428572,0.05173687396429152,613,"“This is serious son, no more clowning around”."
401,1423,13,34,157,204,1.2941176470588236,0.040627069838263766,613,Perhaps this will refresh your memory
5960,1424,6,20,83,109,1.2935779816513762,0.05421849601211906,613,Just don't make me call in the accordion player!
2882,1424,7,50,161,218,1.2935779816513762,0.03537880160336058,613,Or we can do it Bofo’s way.
3615,1426,6,26,98,130,1.2923076923076924,0.04815765434045453,613,"Either you cooperate, or we pop the dog."
6750,1427,6,32,113,151,1.2913907284768211,0.043661758287244556,613,Our sketch artist is off on vacation.
6856,1428,8,16,86,110,1.290909090909091,0.05680608711972661,613,We have your fingerprints on the ballon dog.
3934,1428,6,20,84,110,1.290909090909091,0.053789591847013624,613,"Trust me, you won't like him when he's frowny."
4400,1428,5,22,83,110,1.290909090909091,0.05221603699703269,613,Bad news for you is - I'm the good cop.
4453,1428,5,22,83,110,1.290909090909091,0.05221603699703269,613,Spill your guts now or I'll leave you alone with Officer Chuckles!
4471,1428,6,20,84,110,1.290909090909091,0.053789591847013624,613,"Start talkin', or you're headed to the Big Top."
4567,1428,11,10,89,110,1.290909090909091,0.06105201510214426,613,Show me where he touched you.
4769,1428,7,18,85,110,1.290909090909091,0.0553184043737809,613,"Give it up, kid. There are twenty-six more of us in the squad car."
5006,1428,9,14,87,110,1.290909090909091,0.05825579117346873,613,"You think this is funny? Honkers, get the squirt flower."
5178,1428,7,18,85,110,1.290909090909091,0.0553184043737809,613,I've got news for you. We are not clowning around here!
3695,1428,7,18,85,110,1.290909090909091,0.0553184043737809,613,"Look kid, we’ve been in this room since you were 5 years old, tell us who did it and we can all go home."
5277,1428,8,16,86,110,1.290909090909091,0.05680608711972661,613,"Not so funny now, is it?"
5627,1428,5,22,83,110,1.290909090909091,0.05221603699703269,613,Don’t look at him. I’m the good cop.
5659,1428,6,20,84,110,1.290909090909091,0.053789591847013624,613,Bad cop? You wish!
5885,1428,7,18,85,110,1.290909090909091,0.0553184043737809,613,We're done clowning around with you!
5934,1428,7,18,85,110,1.290909090909091,0.0553184043737809,613,"Ohh, so you won't sing, eh? Well let's see if we can make you laugh."
6459,1428,6,20,84,110,1.290909090909091,0.053789591847013624,613,"Good cop has been phased out. Now, only bad cop and psychiatric cop"
6528,1428,7,18,85,110,1.290909090909091,0.0553184043737809,613,"'' Mr. Zuckerberg, We are here to help you."""
6549,1428,6,20,84,110,1.290909090909091,0.053789591847013624,613,"You're not gonna' like Detective ""Jingles"" interrogation methods."
6803,1428,6,20,84,110,1.290909090909091,0.053789591847013624,613,Don't let Detective Johnson fool you. He's the bad cop.
5296,1428,6,20,84,110,1.290909090909091,0.053789591847013624,613,"Do you think this interview is some kind of joke, punk?"
3542,1428,7,18,85,110,1.290909090909091,0.0553184043737809,613,This is where we find out if you’ve got any sharp objects on you.
5408,1428,5,22,83,110,1.290909090909091,0.05221603699703269,613,Let's see if the K-9 unit can make you talk.
3170,1428,3,26,81,110,1.290909090909091,0.04891730958351892,613,He's a rescue
146,1428,8,16,86,110,1.290909090909091,0.05680608711972661,613,You’re not scared of clowns? You’re going to be.
523,1428,4,24,82,110,1.290909090909091,0.050593565285346906,613,You can’t lie to Mr. Jingles.
611,1428,7,18,85,110,1.290909090909091,0.0553184043737809,613,"Listen Son, there’s only one Bozo in this room and it’s not me."
617,1428,7,18,85,110,1.290909090909091,0.0553184043737809,613,"That's right, it's a balloon doggie and a clown wig with your name inside it. Now do you want to tell us how they got inside Michael Cohen's safe deposit box?"
728,1428,5,22,83,110,1.290909090909091,0.05221603699703269,613,We can do this the hard way or the hilarious way
929,1428,5,22,83,110,1.290909090909091,0.05221603699703269,613,Is this your dog?
971,1428,6,20,84,110,1.290909090909091,0.053789591847013624,613,"Tell us what we need to know, or the dog gets it!"
1098,1428,6,20,84,110,1.290909090909091,0.053789591847013624,613,Watson here thinks it’s very curious that the dog didn’t bark that night.
1208,1428,6,20,84,110,1.290909090909091,0.053789591847013624,613,"You think this is funny, don’t you?"
743,1428,6,20,84,110,1.290909090909091,0.053789591847013624,613,I'm getting Weary Willy. We can do this with or without a pie.
3113,1428,6,20,84,110,1.290909090909091,0.053789591847013624,613,"Yeah, well I'm the good clown."
1356,1428,3,26,81,110,1.290909090909091,0.04891730958351892,613,You thought this was funny?
2764,1428,4,24,82,110,1.290909090909091,0.050593565285346906,613,What do you mean when you say you are a cat person?
2593,1428,6,20,84,110,1.290909090909091,0.053789591847013624,613,Guess who is the 'bad one'!
2447,1428,8,16,86,110,1.290909090909091,0.05680608711972661,613,"If you don't want to talk, Officer Balloony will take you for a little ride in his very tiny squad car along with 12 of his fellow officers."
3220,1428,8,16,86,110,1.290909090909091,0.05680608711972661,613,Ted here can make balloon animals all day. So start talking.
1745,1428,3,26,81,110,1.290909090909091,0.04891730958351892,613,...And he’s available for parole hearings.
1601,1428,6,20,84,110,1.290909090909091,0.053789591847013624,613,"A state mandate has forced some changes to our good cop, bad cop dynamic."
1502,1428,7,18,85,110,1.290909090909091,0.0553184043737809,613,I think the clowning around is pretty much over.
1999,1428,6,20,84,110,1.290909090909091,0.053789591847013624,613,"Oh trust me, we have ways of making you talk."
5057,1471,17,53,230,300,1.29,0.03267522013924729,613,And neither of us is the good cop.
1010,1472,3,25,79,107,1.2897196261682242,0.04970259956151918,613,Confess to me or Jacko the Clown will apply the balloon squeak technique.
3335,1472,7,17,83,107,1.2897196261682242,0.05635327298563374,613,"As you can tell, my partner has taken this good cop bad cop routine to a whole new level."
5622,1474,5,23,86,114,1.2894736842105263,0.05095529609423011,613,NOW you are telling me you are NOT Stephen Sondheim!?!?”
5039,1475,6,23,92,121,1.2892561983471074,0.05039515550327353,613,Talk! You don't want Mr. Wiffles to ask the questions.
1657,1476,5,20,79,104,1.2884615384615385,0.05409496552888029,613,These charges are very serious.
3966,1477,5,22,84,111,1.2882882882882882,0.05180981314684307,613,I can assure you that impersonating Jeff Koons is no laughing matter.
5278,1477,5,22,84,111,1.2882882882882882,0.05180981314684307,613,Don’t make me bring in the Ringmaster.
4155,1477,4,24,83,111,1.2882882882882882,0.05020414897705795,613,"You can have Mr Nasty, or Mr Nice. Think vee..ry carefully."
6853,1477,6,20,85,111,1.2882882882882882,0.05336718937803411,613,I got news for ya kid. Happy the Clown he ain't.
3935,1477,5,22,84,111,1.2882882882882882,0.05180981314684307,613,"Wrong...try good cop, disturbing cop."
2141,1477,5,22,84,111,1.2882882882882882,0.05180981314684307,613,You're not going to like how he does a cavity search.
1924,1477,4,24,83,111,1.2882882882882882,0.05020414897705795,613,One more wisecrack out of you and I'll send my partner out for the seltzer bottle.
1922,1477,6,20,85,111,1.2882882882882882,0.05336718937803411,613,"You think you're funny, wise guy? You don't know funny."
20,1477,4,24,83,111,1.2882882882882882,0.05020414897705795,613,"If you think I am tough, just wait until Bozo from our K-9 unit is done with you"
2872,1477,8,16,87,111,1.2882882882882882,0.05635297001677271,613,"Son, this is serious. Or do you think we are just clowning around?"
2623,1487,11,27,132,170,1.2882352941176471,0.04449369838025287,613,Show us where he touched you . . .
4999,1488,6,19,83,108,1.287037037037037,0.05432318376671947,613,"What makes you think I'm ""bad cop"" in this scenario?"
4968,1488,6,19,83,108,1.287037037037037,0.05432318376671947,613,Does he look like a clown to you?
4512,1488,4,23,81,108,1.287037037037037,0.0510379051440824,613,You think this is funny? I'll show you funny.
4395,1488,8,15,85,108,1.287037037037037,0.05742080483247509,613,Detective Bozo knows all sorts of tricks to make you talk...
4297,1488,2,27,79,108,1.287037037037037,0.047526068935268895,613,You think we don't know what you did? We're not a couple of clowns!
3866,1488,5,21,82,108,1.287037037037037,0.052706147914873866,613,"Okay, Larry looks like we'll have to play good cop, creepy cop. You're up."
5137,1488,8,15,85,108,1.287037037037037,0.05742080483247509,613,"Meet my partner. He'll make you fold under questioning and maybe you'll eventually pop. Will there be children crying? Yes, I like to imagine there will be children crying in extraordinary quantities."
3754,1488,6,19,83,108,1.287037037037037,0.05432318376671947,613,Talk or the clown's dog gets it.
3496,1488,4,23,81,108,1.287037037037037,0.0510379051440824,613,"So you think you're a tough guy, huh. We'll see how many kiddie parties you can sit through with Mr. Bozo here before you talk."
3459,1488,5,21,82,108,1.287037037037037,0.052706147914873866,613,"Okay, start talking or Officer Muldoon will make even scarier balloon animals."
3440,1488,5,21,82,108,1.287037037037037,0.052706147914873866,613,Sitting through his act makes waterboarding seem like a walk in the park.
4182,1488,6,19,83,108,1.287037037037037,0.05432318376671947,613,"Now ya' gottta answer to Bad Clown, and Bad Clown don't play around."
5426,1488,7,17,84,108,1.287037037037037,0.05589345722963452,613,I'm gettin' too old for this skit.
5866,1488,6,19,83,108,1.287037037037037,0.05432318376671947,613,You think this is supposed to be funny?!
5733,1488,6,19,83,108,1.287037037037037,0.05432318376671947,613,"Either you start cooperating with my partner here, or I bring in Detective Tickle Monster."
5910,1488,5,21,82,108,1.287037037037037,0.052706147914873866,613,"See, punk. We can play rough, too."
5997,1488,4,23,81,108,1.287037037037037,0.0510379051440824,613,"I could turn you over to Binky, and you don't want me to turn you over to Binky!"
6041,1488,2,27,79,108,1.287037037037037,0.047526068935268895,613,This routine is getting old.
6113,1488,8,15,85,108,1.287037037037037,0.05742080483247509,613,Don't let the props fool you. He's the bad cop.
6193,1488,6,19,83,108,1.287037037037037,0.05432318376671947,613,We can make this hard or we can make this silly.
6308,1488,7,17,84,108,1.287037037037037,0.05589345722963452,613,"That's old school! Now we do bad cop, REALLY bad clown!"
6538,1488,6,19,83,108,1.287037037037037,0.05432318376671947,613,No you can't play with it! It's his K-9 partner.
6889,1488,5,21,82,108,1.287037037037037,0.052706147914873866,613,Facebook tells us you'll spill your guts to Mr Zippo here
6949,1488,8,15,85,108,1.287037037037037,0.05742080483247509,613,"Facebook let us in on your little phobia, so it’s time to start talkin’ or we bring in the clown..."
7015,1488,8,15,85,108,1.287037037037037,0.05742080483247509,613,"If you don't start talking soon, there's a whole circus waiting for you outside that door."
3349,1488,7,17,84,108,1.287037037037037,0.05589345722963452,613,"Yes, he is the bad cop."
5465,1488,8,15,85,108,1.287037037037037,0.05742080483247509,613,"Listen up, punk! If you think Officer Gacy is the ""good cop"" and I'm the ""bad,"" then you're in for a nasty surprise."
3292,1488,7,17,84,108,1.287037037037037,0.05589345722963452,613,"So you’re telling me that your dog, Mr. Ruffers, looks nothing like this balloon replica, which was forensically compiled from the witness statement by our top balloon-animalologist? Well I beg to differ."
3701,1488,7,17,84,108,1.287037037037037,0.05589345722963452,613,It’s DETECTIVE Bozo now
3196,1488,8,15,85,108,1.287037037037037,0.05742080483247509,613,"Tell us what you know fella, or we bring in Bad Clown!"
18,1488,3,25,80,108,1.287037037037037,0.049313258815131475,613,Talk. Or we’ll bring in the mime.
137,1488,7,17,84,108,1.287037037037037,0.05589345722963452,613,"Trust me, no will ever notice that you're in the Witness Protection Program."
317,1488,7,17,84,108,1.287037037037037,0.05589345722963452,613,"You think we're a bunch of Bozos here. Well, you'll soon find out otherwise!"
383,1488,3,25,80,108,1.287037037037037,0.049313258815131475,613,"You can talk to me, or you can talk to this bozo."
507,1488,5,21,82,108,1.287037037037037,0.052706147914873866,613,"Maybe you’ll have more to say in a high pitched, squeaky voice."
556,1488,6,19,83,108,1.287037037037037,0.05432318376671947,613,Last time I brought you in you thought it was funny....now it is.
628,1488,7,17,84,108,1.287037037037037,0.05589345722963452,613,We have ways of making you talk funny.
757,1488,5,21,82,108,1.287037037037037,0.052706147914873866,613,You won't like us when we get silly.
972,1488,5,21,82,108,1.287037037037037,0.052706147914873866,613,"Well yes, new laws have made us change our interrogation strategies."
985,1488,5,21,82,108,1.287037037037037,0.052706147914873866,613,He can do this all day.
1068,1488,6,19,83,108,1.287037037037037,0.05432318376671947,613,We take our job very seriously
1095,1488,4,23,81,108,1.287037037037037,0.0510379051440824,613,Any comment before Sargeant Sparkles reveals the results of your breathalyzer test?
1554,1488,4,23,81,108,1.287037037037037,0.0510379051440824,613,You think I’m scary?
3266,1488,7,17,84,108,1.287037037037037,0.05589345722963452,613,"All right, we got you an interpreter. Start honking."
1979,1488,7,17,84,108,1.287037037037037,0.05589345722963452,613,"Well if this doesn't refresh your recollection, you had a lousy childhood."
1684,1488,5,21,82,108,1.287037037037037,0.052706147914873866,613,No ! ... I'm the funny one.
3176,1488,4,23,81,108,1.287037037037037,0.0510379051440824,613,Officer Chuckles here is going to make you laugh until you spill your guts
3078,1488,6,19,83,108,1.287037037037037,0.05432318376671947,613,"Honestly, we're both surprised you didn't see this coming."
2744,1488,7,17,84,108,1.287037037037037,0.05589345722963452,613,We don't have any lawyers available right now but how about a giraffe?
2690,1488,8,15,85,108,1.287037037037037,0.05742080483247509,613,"Either you work with me and Sgt. Bozo, or I call in the mime and the bear on a unicycle."
3184,1488,5,21,82,108,1.287037037037037,0.052706147914873866,613,Nope. I’m the good cop.
2265,1488,7,17,84,108,1.287037037037037,0.05589345722963452,613,I'm going to ask just once more...now where did you stash the LSD?
2200,1488,4,23,81,108,1.287037037037037,0.0510379051440824,613,He's missing his daughter's birthday party. Quit clownin' around.
2142,1488,6,19,83,108,1.287037037037037,0.05432318376671947,613,Your Facebook account says your afraid of clowns.
2054,1488,6,19,83,108,1.287037037037037,0.05432318376671947,613,Just answer the question: was he or was he not believable in his undercover role?
1987,1488,7,17,84,108,1.287037037037037,0.05589345722963452,613,"It's actually bad cop, sad cop this time."
2367,1488,5,21,82,108,1.287037037037037,0.052706147914873866,613,I get the good cop/bad cop but what if I'm afraid of clowns?
6597,1545,13,58,222,293,1.286689419795222,0.031689622655277305,613,You've Seen THIS routine before?
5279,1546,5,20,80,105,1.2857142857142858,0.053647686871343615,613,"Now, let's talk about the elephant in the room!"
5418,1546,5,20,80,105,1.2857142857142858,0.053647686871343615,613,We can do this the sad way or the funny way. Your choice
5498,1546,6,18,81,105,1.2857142857142858,0.05532833351724881,613,"No, it's a horsie. Only a sick, criminal mind like yours could say it's a doggie."
5621,1546,5,20,80,105,1.2857142857142858,0.053647686871343615,613,"After his deep cover sting brought down Ringling Brothers, Jones was still having a hard time readjusting."
6339,1546,3,24,78,105,1.2857142857142858,0.0501176011032588,613,It's time to come clean. Squeaky clean.
5862,1546,7,16,82,105,1.2857142857142858,0.0569594125052752,613,Don't make him use the seltzer bottle.
6907,1546,3,24,78,105,1.2857142857142858,0.0501176011032588,613,Let me tell you about a nice balloon that didn’t cooperate.
5190,1546,1,28,76,105,1.2857142857142858,0.04631925705411305,613,Clown Scene Investigation. Of course that's what CSI stands for.
7045,1546,6,18,81,105,1.2857142857142858,0.05532833351724881,613,You don't want to know what happens when Officer Binky runs out of balloons.
5653,1546,7,16,82,105,1.2857142857142858,0.0569594125052752,613,"I don’t know how much more of this YOU can take, son, but I’m pretty close to MY limit."
4954,1546,5,20,80,105,1.2857142857142858,0.053647686871343615,613,"Tell us who did it, my partner's done playing around."
4102,1546,8,14,83,105,1.2857142857142858,0.05854506688096174,613,"This interrogation is nothing, compared to the hours of torture that listening to the squeaking sounds of balloon animals being made will be."
4808,1546,3,24,78,105,1.2857142857142858,0.0501176011032588,613,"This is a serious matter, Larry."
4938,1546,3,24,78,105,1.2857142857142858,0.0501176011032588,613,You can come clean now or I can leave you with him for an hour.
1445,1546,4,22,79,105,1.2857142857142858,0.05191265860554197,613,"Good cop, Carrot Top."
1709,1546,5,20,80,105,1.2857142857142858,0.053647686871343615,613,"Ready to spill it now, or do we have to bring in the mime?"
1836,1546,7,16,82,105,1.2857142857142858,0.0569594125052752,613,Ok funny man. You think you're funny. You ain't seen nothin yet.
670,1546,4,22,79,105,1.2857142857142858,0.05191265860554197,613,We've found court's prohibition of cruel and unusual punishment focuses more on the former than the latter.
2792,1546,6,18,81,105,1.2857142857142858,0.05532833351724881,613,Of course he's grumpy! His patrol car holds 20 other cops!
3664,1546,5,20,80,105,1.2857142857142858,0.053647686871343615,613,"""You have the right to remain silent. Anything you say can and probably will be used in Detective Schwartz's next appearance on Sesame Street."
4353,1546,6,18,81,105,1.2857142857142858,0.05532833351724881,613,Where were you when the circus left town?
2018,1546,5,20,80,105,1.2857142857142858,0.053647686871343615,613,Still think this is funny?
7201,1568,10,31,138,179,1.2849162011173185,0.04209878718218982,613,We have ways of dealing with twisted individuals like yourself.
6956,1569,4,23,82,109,1.2844036697247707,0.050636021231477236,613,If you won’t tell me right now who did it I’ll get some bozo in here to make you tell me!
6548,1569,5,21,83,109,1.2844036697247707,0.05228672213346447,613,Does THAT jog your memory?
5857,1569,7,17,85,109,1.2844036697247707,0.055440875192200395,613,Is this the dog that bit you?
5719,1569,3,25,81,109,1.2844036697247707,0.04892966360856269,613,"Believe me, it's not pretty when he runs out of balloons."
5677,1569,6,19,84,109,1.2844036697247707,0.05388688130491161,613,Yeah...Bad cop is on administrative leave.
5642,1569,4,23,82,109,1.2844036697247707,0.050636021231477236,613,"Pay no attention to him, he's the class clown."
5023,1569,6,19,84,109,1.2844036697247707,0.05388688130491161,613,"We can do this the hard way, or we can do this silly way."
4751,1569,7,17,85,109,1.2844036697247707,0.055440875192200395,613,There’s only one place you could have learned to make a dog like that.
3415,1569,7,17,85,109,1.2844036697247707,0.055440875192200395,613,Have you seen this dog?
3300,1569,5,21,83,109,1.2844036697247707,0.05228672213346447,613,"That's right punk, we are taking good cop, bad cop, to a whole different level."
2822,1569,5,21,83,109,1.2844036697247707,0.05228672213346447,613,You think playing hooky from clown school is funny?
2177,1569,3,25,81,109,1.2844036697247707,0.04892966360856269,613,"Unless you talk, this will be the weirdest experience of your life."
1553,1569,6,19,84,109,1.2844036697247707,0.05388688130491161,613,CONFESS....or we'll send in the clown !
250,1569,7,17,85,109,1.2844036697247707,0.055440875192200395,613,Do we look like we're clowning around?
4121,1569,4,23,82,109,1.2844036697247707,0.050636021231477236,613,"As you can see, our K9 unit has undergone significant budget cuts, so I'm going to ask you one more time: where did you stash the drugs?"
3569,1584,9,43,163,215,1.283720930232558,0.03661777147658807,613,"Good cop, Wacko cop"
5734,1585,9,33,138,180,1.2833333333333334,0.04114666203229312,613,"Cooperate and you get the doggy. Otherwise, Officer Bob comes back with a pie."
6963,1586,6,18,82,106,1.2830188679245282,0.05487012679245056,613,"It's on his bucket list, okay?"
6839,1586,6,18,82,106,1.2830188679245282,0.05487012679245056,613,"You need to understand, son. I am the good cop."
6325,1586,7,16,83,106,1.2830188679245282,0.056483850201068636,613,Don’t look him in the eye. Let’s just slowly make our way towards the door...
6084,1586,6,18,82,106,1.2830188679245282,0.05487012679245056,613,"Now listen here, Buster, you've made a circus of this town for long enough!"
5800,1586,1,28,77,106,1.2830188679245282,0.04595931045646569,613,He wants to know how you got twisted up in something like this.
4246,1586,8,14,84,106,1.2830188679245282,0.05805273337969472,613,Aren't we a pair?
3714,1586,2,26,78,106,1.2830188679245282,0.0478743432012488,613,"Did you, or didn't you, pin the tail on the donkey?"
3640,1586,6,18,82,106,1.2830188679245282,0.05487012679245056,613,Fine Bill. We can try the good cop/sad cop routine.
4717,1586,3,24,79,106,1.2830188679245282,0.04971566409360453,613,OK -- one more chance. Then he does his Liza Minnelli.
3210,1586,6,18,82,106,1.2830188679245282,0.05487012679245056,613,"Don’t get funny with me boy, that’s Gary’s job."
3306,1586,2,26,78,106,1.2830188679245282,0.0478743432012488,613,Wipe that smile off your face!
346,1586,4,22,80,106,1.2830188679245282,0.05149118153223209,613,Don’t make me bring in the seltzer bottle.
860,1586,8,14,84,106,1.2830188679245282,0.05805273337969472,613,"Oh, you think this is funny? That’s a drug sniffing balloon animal dog."
2117,1586,7,16,83,106,1.2830188679245282,0.056483850201068636,613,Get this through your head. We’re going light on you now but there’s a mime coming.
205,1586,6,18,82,106,1.2830188679245282,0.05487012679245056,613,Admit it! It's a dog!
2718,1586,2,26,78,106,1.2830188679245282,0.0478743432012488,613,I’m bad cop..... unless you’re afraid of clowns that is.
3069,1586,7,16,83,106,1.2830188679245282,0.056483850201068636,613,"I know it might be confusing, but I'm actually the 'good cop' in this situation..."
2424,1586,7,16,83,106,1.2830188679245282,0.056483850201068636,613,"Look at him. Look at Carl! Is that what you want for your life? Is it?! He’s a clown, Stuart. He’s a clown."
3659,1604,17,91,334,442,1.2828054298642535,0.025186361876026683,613,"Good cop, bad cop...guess who’s who!"
6621,1605,8,24,110,142,1.2816901408450705,0.04726692437588792,613,"If I was in as much trouble as you, bud, I wouldn’t be laughing."
5246,1606,6,17,80,103,1.2815533980582525,0.05590485057956849,613,"'Wait 'till the bad cop shows up."""
4882,1606,5,19,79,103,1.2815533980582525,0.05417550100575275,613,Don't be fooled. He's our bad cop.
5222,1606,6,17,80,103,1.2815533980582525,0.05590485057956849,613,"Trust me, he can do that to you if you don't talk."
7283,1606,4,21,78,103,1.2815533980582525,0.0523890971493569,613,"His technique may be unconventional, but he's the best sketch artist in the city."
4952,1606,6,17,80,103,1.2815533980582525,0.05590485057956849,613,"I told you, this was gonna be a circus."
4726,1606,3,23,77,103,1.2815533980582525,0.05053958934365407,613,Free animal balloon with plea bargain!
3848,1606,5,19,79,103,1.2815533980582525,0.05417550100575275,613,Officer giggles is part of an outreach program.
4209,1606,7,15,81,103,1.2815533980582525,0.057582286576893085,613,I hate working with these clowns. That's D.C. for ya.
4164,1606,5,19,79,103,1.2815533980582525,0.05417550100575275,613,"Okay, you're taking the ""good cop"" thing way too far."
3908,1606,3,23,77,103,1.2815533980582525,0.05053958934365407,613,“We’ll stop clowning around when you start giving us the truth!”.
3741,1606,7,15,81,103,1.2815533980582525,0.057582286576893085,613,"No, he is not the president. He is just another clown to entertain the inmates"
5282,1606,9,11,83,103,1.2815533980582525,0.06079847486263587,613,Did you honestly just ask for a Happy Meal?
4693,1606,4,21,78,103,1.2815533980582525,0.0523890971493569,613,"Look kid, I know you think we're clownin' around here, but, this is no laughing matter!"
5939,1606,7,15,81,103,1.2815533980582525,0.057582286576893085,613,"You might as well confess, we have been following you for 10 birthday parties."
7165,1606,4,21,78,103,1.2815533980582525,0.0523890971493569,613,"Everybody knew “bad cop—good cop,” so we thought we’d try a variation."
6206,1606,4,21,78,103,1.2815533980582525,0.0523890971493569,613,Confess now or karaoke comes next!
6292,1606,4,21,78,103,1.2815533980582525,0.0523890971493569,613,"Well, Birthday Boy? Ever hear of the leash law?"
6338,1606,4,21,78,103,1.2815533980582525,0.0523890971493569,613,"As a condition to your plea agreement, you consented to teach him more than one balloon animal."
6350,1606,2,25,76,103,1.2815533980582525,0.04861977665441945,613,"The bad news is, I'm the good cop."
6383,1606,7,15,81,103,1.2815533980582525,0.057582286576893085,613,Officer Chuckles has ways of making you talk.
6463,1606,3,23,77,103,1.2815533980582525,0.05053958934365407,613,"Tell us, or he releases the hound."
6565,1606,2,25,76,103,1.2815533980582525,0.04861977665441945,613,"Mr. Yorke, this is concerning your behavior at your eighth birthday party."
6570,1606,6,17,80,103,1.2815533980582525,0.05590485057956849,613,"Listen, BUDDY. We're working with Facebook data to use your deepest fears and insecurities against you. So you'd better tell us everything we need to know, NOW!"
6800,1606,6,17,80,103,1.2815533980582525,0.05590485057956849,613,"You think this is twisted, buddy? Wait till you see what Jenkins can do with a balloon."
6862,1606,4,21,78,103,1.2815533980582525,0.0523890971493569,613,You didn't expect good cop and clown cop did you?
6918,1606,5,19,79,103,1.2815533980582525,0.05417550100575275,613,...And my partner here had to come in on his day off you little scumbag....
7044,1606,2,25,76,103,1.2815533980582525,0.04861977665441945,613,Your latex allergy is the least of your problems.
3671,1606,3,23,77,103,1.2815533980582525,0.05053958934365407,613,"Keep lying, buddy. Your partner has already laughed at everything."
5961,1606,7,15,81,103,1.2815533980582525,0.057582286576893085,613,Alright tough guy . .. you got your Clown and Doggie.. NOW TALK !
3573,1606,5,19,79,103,1.2815533980582525,0.05417550100575275,613,Ya better come clean with me kid. Or you'll be talkin ta this bozo.
4991,1606,3,23,77,103,1.2815533980582525,0.05053958934365407,613,"Maybe my partner buys your story, but do you really expect me to believe you had 22 people in your little car?!?"
2979,1606,6,17,80,103,1.2815533980582525,0.05590485057956849,613,Detective Jones couldn't help but notice that Detective Tobin's personal life had begun to affect his job performance.
3163,1606,6,17,80,103,1.2815533980582525,0.05590485057956849,613,"Look, it's bring your millennial-son-to-work day."
158,1606,6,17,80,103,1.2815533980582525,0.05590485057956849,613,I’m the good cop. You can guess what Officer Bozo is.
629,1606,8,13,82,103,1.2815533980582525,0.059212221175387464,613,"For the last time, how many other dogs have you blown up?"
653,1606,4,21,78,103,1.2815533980582525,0.0523890971493569,613,"Think what you will, but I'm the good cop in this scenario."
673,1606,5,19,79,103,1.2815533980582525,0.05417550100575275,613,Talk or the dog gets it.
841,1606,6,17,80,103,1.2815533980582525,0.05590485057956849,613,You can either deal with me or this clown!
1058,1606,8,13,82,103,1.2815533980582525,0.059212221175387464,613,The charges against you are ballooning
1087,1606,5,19,79,103,1.2815533980582525,0.05417550100575275,613,"You're right, we are playing good cop, bad cop."
1120,1606,5,19,79,103,1.2815533980582525,0.05417550100575275,613,"Fess up, or your future is sucking helium like this clown."
1153,1606,3,23,77,103,1.2815533980582525,0.05053958934365407,613,"We practically invented good cop, bad clown."
1305,1606,9,11,83,103,1.2815533980582525,0.06079847486263587,613,"Just so we're clear, I'm the good cop."
1602,1606,4,21,78,103,1.2815533980582525,0.0523890971493569,613,"Look, we've all got somewhere we want to be, so let's make this quick"
1737,1606,5,19,79,103,1.2815533980582525,0.05417550100575275,613,Don't make him get his squirt flower.
1784,1606,5,19,79,103,1.2815533980582525,0.05417550100575275,613,"You had a chance to tell me your version; now, you'll have to deal with this clown!"
1180,1606,5,19,79,103,1.2815533980582525,0.05417550100575275,613,"Spill the beans buster, or I'll bring in the mime"
1886,1606,5,19,79,103,1.2815533980582525,0.05417550100575275,613,"If you think my partner is a clown, wait until you see the circus we have in county lock-up."
2955,1606,7,15,81,103,1.2815533980582525,0.057582286576893085,613,"OK, we're finished clowning around here!"
2855,1606,7,15,81,103,1.2815533980582525,0.057582286576893085,613,"Cooperate, kid, and we’ll get you community service ...and a giraffe."
1785,1606,3,23,77,103,1.2815533980582525,0.05053958934365407,613,"Look son, you either confess or you get to spend an endless night with Uncle Chuckles."
2807,1606,5,19,79,103,1.2815533980582525,0.05417550100575275,613,The sketch artist was busy.
2771,1606,6,17,80,103,1.2815533980582525,0.05590485057956849,613,Ok! We can do this the easy way or the Pennyway!
2606,1606,4,21,78,103,1.2815533980582525,0.0523890971493569,613,"The sooner you confess, the quicker we can all have cake and ice cream."
2829,1606,7,15,81,103,1.2815533980582525,0.057582286576893085,613,You have a right to refuse cotton candy but anything you say will be made into a balloon.
2337,1606,8,13,82,103,1.2815533980582525,0.059212221175387464,613,Did you just call him a bozo?
2222,1606,4,21,78,103,1.2815533980582525,0.0523890971493569,613,"If you confess right now, we'll throw in a balloon."
2012,1606,5,19,79,103,1.2815533980582525,0.05417550100575275,613,He has a few tricks up his sleeve to make you talk...and a very impressive unrelated trick in which he produces a bewildering number of handkerchiefs from his mouth.
1982,1606,3,23,77,103,1.2815533980582525,0.05053958934365407,613,Who you callin' a clown?
1953,1606,3,23,77,103,1.2815533980582525,0.05053958934365407,613,"Listen punk, do we look like we're clowning around here?!"
2509,1606,3,23,77,103,1.2815533980582525,0.05053958934365407,613,Dammit we don't have a sketch artist! This is the best we can do!
4935,1667,17,91,336,444,1.2815315315315314,0.02508892108706367,613,"Choice is yours, full confession or the music will commence and my partner will run the interview from here"
4068,1668,7,33,127,167,1.281437125748503,0.04151227176145364,613,You can talk to me or you can talk to the clown...what's it gonna be?
2884,1669,6,22,93,121,1.28099173553719,0.05010064319414108,613,You think I'm the bad cop? Wait 'til this clown gets you alone in a room!
1936,1670,7,30,120,157,1.2802547770700636,0.043181490241751705,613,Confess now or the show will begin.
5109,1671,5,32,113,150,1.28,0.042431679524773294,613,I’m through clowning around. That’s my partner’s job.
1063,1672,7,27,113,147,1.2789115646258504,0.04505384898202644,613,"He’s Stephen King’s worst nightmare, and soon he will be yours."
6002,1673,5,19,80,104,1.2788461538461537,0.053720313317805364,613,"No, Son--I'M the ""good cop."""
7140,1673,6,17,81,104,1.2788461538461537,0.05543084484607181,613,Hey! I'm the one who asks the questions.
7011,1673,4,21,79,104,1.2788461538461537,0.05195349425762494,613,"Eyes over here, big guy."
3530,1673,5,19,80,104,1.2788461538461537,0.053720313317805364,613,"You think we’re just clowning around, Bub?"
7266,1673,5,19,80,104,1.2788461538461537,0.053720313317805364,613,You perps never get wise to our undercover K-9 unit until it's too late.
876,1673,4,21,79,104,1.2788461538461537,0.05195349425762494,613,You think this is a joke?
104,1673,7,15,82,104,1.2788461538461537,0.05709014851737027,613,"Yes, he’ll make you a giraffe!"
19,1673,5,19,80,104,1.2788461538461537,0.053720313317805364,613,"Something funny, funny guy?"
3181,1673,4,21,79,104,1.2788461538461537,0.05195349425762494,613,“I wouldn’t laugh if I were you”.
6646,1682,9,73,245,327,1.2782874617737003,0.028016724954142806,613,"Believe me, you'd rather confess than hear his life story."
1593,1683,6,20,89,115,1.2782608695652173,0.05173986756649167,613,Look punk. Captain Snuggles here has methods to make you talk.
6449,1684,6,26,105,137,1.2773722627737227,0.04602014676247625,613,"That’s right, I’m the good cop and he’s the bad joke cop."
5564,1685,5,18,78,101,1.2772277227722773,0.05471584902830932,613,Don't be stupid! We don't do good-cop/bad-cop any more. You've been watching too many TV cop shows.
5532,1685,4,20,77,101,1.2772277227722773,0.05287536603096511,613,"Listen punk, what kind of a clown do you take me for?"
5501,1685,5,18,78,101,1.2772277227722773,0.05471584902830932,613,Just answer the question and don't give us any funny business!
5417,1685,6,16,79,101,1.2772277227722773,0.05649640640668161,613,If you won't talk to us I've got 36 other partners crammed in my car outside.
5342,1685,4,20,77,101,1.2772277227722773,0.05287536603096511,613,"You know what, Bobby, this kid thinks you're funny."
5114,1685,6,16,79,101,1.2772277227722773,0.05649640640668161,613,And if Lt. Bozo can't get you to talk we'll bring in Capt. Kangaroo.
5111,1685,4,20,77,101,1.2772277227722773,0.05287536603096511,613,That's right - I'm the good cop.
5072,1685,3,22,76,101,1.2772277227722773,0.0509684660444901,613,"Blinky, he's not cooperating, bring in the helium..."
4775,1685,5,18,78,101,1.2772277227722773,0.05471584902830932,613,"every day it's clowns to the left of me, jokers to the right... i'm getting too old for this #$%^."
4794,1685,7,14,80,101,1.2772277227722773,0.058222536348471916,613,"Cut the bullshit, guy- we know it was you. Even Chuck here can't tie a balloon animal like that!"
5870,1685,3,22,76,101,1.2772277227722773,0.0509684660444901,613,I’ve had it with your fun and games!
4765,1685,5,18,78,101,1.2772277227722773,0.05471584902830932,613,"Miranda? We ain't got no freakin' Carmen Miranda for you, you get Bozo and think yourself lucky"
4698,1685,5,18,78,101,1.2772277227722773,0.05471584902830932,613,He's extremely effective on bozos like you.
4548,1685,5,18,78,101,1.2772277227722773,0.05471584902830932,613,Confess and you get to keep the balloon dog.
4449,1685,5,18,78,101,1.2772277227722773,0.05471584902830932,613,Answer the question and you can have the doggie
4348,1685,5,18,78,101,1.2772277227722773,0.05471584902830932,613,"No, I am the good cop."
4311,1685,6,16,79,101,1.2772277227722773,0.05649640640668161,613,"Time to come clean, kid . . . unless you want him to squeak that balloon again!"
4279,1685,3,22,76,101,1.2772277227722773,0.0509684660444901,613,"Perhaps this will refresh your memory, Mr. Koons."
4910,1685,4,20,77,101,1.2772277227722773,0.05287536603096511,613,Think very carefully now... He has quite a few tricks up his sleeve.
6001,1685,2,24,75,101,1.2772277227722773,0.04898739357169499,613,...and this is where the Farmingdale clown murder case takes a bizarre balloon twist....
6265,1685,5,18,78,101,1.2772277227722773,0.05471584902830932,613,Well... It’s the bad cop-silly cop routine then!
6147,1685,7,14,80,101,1.2772277227722773,0.058222536348471916,613,We got ways to make you talk that Homeland Security didn't even think of yet.
4225,1685,3,22,76,101,1.2772277227722773,0.0509684660444901,613,You can hold the doggy when you start talking.
7219,1685,3,22,76,101,1.2772277227722773,0.0509684660444901,613,Tell us where the tiny bike is or Bozo here will make ya laugh 'til it hurts!
7129,1685,6,16,79,101,1.2772277227722773,0.05649640640668161,613,"This only gets harder on you, son. Next step is the giraffe."
7083,1685,7,14,80,101,1.2772277227722773,0.058222536348471916,613,Keep stalling and Woofy gets the needle.
7030,1685,3,22,76,101,1.2772277227722773,0.0509684660444901,613,"You think this is funny, punk? Good, because we've been practicing."
6946,1685,6,16,79,101,1.2772277227722773,0.05649640640668161,613,Don't force him to bring in the rubber chicken!
6924,1685,6,16,79,101,1.2772277227722773,0.05649640640668161,613,Tell me what I want to know or Ozzie here has some more knock knock jokes.
7248,1685,5,18,78,101,1.2772277227722773,0.05471584902830932,613,You’re wrong. Good cop/clown cop IS a thing!
6085,1685,4,20,77,101,1.2772277227722773,0.05287536603096511,613,Cooperate and we have a little gift for you.
6885,1685,3,22,76,101,1.2772277227722773,0.0509684660444901,613,"The good cop, bad clown treatment hasn't even started yet."
6680,1685,7,14,80,101,1.2772277227722773,0.058222536348471916,613,"You say no one likes a rat, but what about a dog?"
6641,1685,4,20,77,101,1.2772277227722773,0.05287536603096511,613,Is this some kind of joke to you?
6522,1685,6,16,79,101,1.2772277227722773,0.05649640640668161,613,Look at me! We’re not clowning around anymore.
6473,1685,5,18,78,101,1.2772277227722773,0.05471584902830932,613,"I just paused the recorder, the next 5 minutes with Buggles is off the record."
6388,1685,5,18,78,101,1.2772277227722773,0.05471584902830932,613,After 2 hours of his interrogation you'll realize I was the good cop.
6355,1685,5,18,78,101,1.2772277227722773,0.05471584902830932,613,Dis you just call my partner a Bozo?
6323,1685,8,12,81,101,1.2772277227722773,0.05989894440496703,613,"And if my partner here can't make you talk, there's more where he came from - a whole tiny squad car full!"
6322,1685,9,10,82,101,1.2772277227722773,0.06152969480510633,613,"Believe me... you don't want my partner to use his very particular set of skills to make you talk."""
6716,1685,8,12,81,101,1.2772277227722773,0.05989894440496703,613,You’re wrong. This is actually known as “Good Cop. Big Top.”
4169,1685,6,16,79,101,1.2772277227722773,0.05649640640668161,613,"You think this is funny, huh? Let me tell you, son, I'm the GOOD cop."
6902,1685,3,22,76,101,1.2772277227722773,0.0509684660444901,613,"Alright, this is the last time I'm going to ask nicely. What did you do with my partner's other balloon animal?"
4061,1685,6,16,79,101,1.2772277227722773,0.05649640640668161,613,"Yeah? Well, I am [ital.] the good cop."
1566,1685,6,16,79,101,1.2772277227722773,0.05649640640668161,613,What makes you think *I'm* playing the bad cop?
1505,1685,3,22,76,101,1.2772277227722773,0.0509684660444901,613,"No, I'm the good cop. HE'S the bad cop."
1470,1685,3,22,76,101,1.2772277227722773,0.0509684660444901,613,Do you think we’re fooling around in here?
1435,1685,3,22,76,101,1.2772277227722773,0.0509684660444901,613,He pops the dog and then gets real crazy.
1339,1685,5,18,78,101,1.2772277227722773,0.05471584902830932,613,You can talk to me or you can talk to a guy who makes balloons squeal.
1213,1685,7,14,80,101,1.2772277227722773,0.058222536348471916,613,So you want to do this the hard way?
1100,1685,7,14,80,101,1.2772277227722773,0.058222536348471916,613,"That's Detective Bozo to you, punk!"
900,1685,3,22,76,101,1.2772277227722773,0.0509684660444901,613,Look at me while I’m talking to you!
1888,1685,3,22,76,101,1.2772277227722773,0.0509684660444901,613,"You know, he makes handcuffs too."
877,1685,6,16,79,101,1.2772277227722773,0.05649640640668161,613,He can come back with his selzter bottle.
708,1685,6,16,79,101,1.2772277227722773,0.05649640640668161,613,Talk or he'll put on the floppy shoes too!
672,1685,6,16,79,101,1.2772277227722773,0.05649640640668161,613,Start talking or he'll make another one and start rubbing them together.
603,1685,2,24,75,101,1.2772277227722773,0.04898739357169499,613,You had your chance. We are done clowning around.
400,1685,6,16,79,101,1.2772277227722773,0.05649640640668161,613,"Don't mess with Sgt. Bozo; he has a pin, and he's not afraid to use it!"
216,1685,4,20,77,101,1.2772277227722773,0.05287536603096511,613,"Okay, tough guy. Since you won't laugh at my jokes, I've called in a Pro."
13,1685,5,18,78,101,1.2772277227722773,0.05471584902830932,613,You won't even know which one of us is the bad cop until it's too late.
11,1685,7,14,80,101,1.2772277227722773,0.058222536348471916,613,You may think we are a bunch of bozos...
4108,1685,4,20,77,101,1.2772277227722773,0.05287536603096511,613,"So...you won't talk! Well, I'll be turning you over to Sargent Squeaky and his VERY persuasive partner, Ruffles."
866,1685,5,18,78,101,1.2772277227722773,0.05471584902830932,613,"OK, you got your balloon animal. Now where you last Tuesday?"
2036,1685,4,20,77,101,1.2772277227722773,0.05287536603096511,613,"Describe the shape of the assailant to our balloon artist Sargent Droopy, and then mark on the features."
2125,1685,6,16,79,101,1.2772277227722773,0.05649640640668161,613,"I'm giving you one last chance before we resort to ""good cop, bad clown."""
2186,1685,7,14,80,101,1.2772277227722773,0.058222536348471916,613,Spill the beans or else we pop the dog and laugh about it.
3986,1685,5,18,78,101,1.2772277227722773,0.05471584902830932,613,"Good cop/bad cop? You've been watching too many movies, kid."
3941,1685,7,14,80,101,1.2772277227722773,0.058222536348471916,613,"Are you going to talk, or are we going to have to twist it our of you?"
3871,1685,4,20,77,101,1.2772277227722773,0.05287536603096511,613,Meet Bad-Cop the Clown...
3837,1685,5,18,78,101,1.2772277227722773,0.05471584902830932,613,Good Cop is on vacation. This is Chuckles the Cop.
3819,1685,4,20,77,101,1.2772277227722773,0.05287536603096511,613,Don't make me send Sgt. Kelowitz for the Seltzer Bottle.......
3745,1685,5,18,78,101,1.2772277227722773,0.05471584902830932,613,Tell us the truth or the dog get's it!
3699,1685,4,20,77,101,1.2772277227722773,0.05287536603096511,613,"We've found 'good cop, bad clown' to be much more effective."
3505,1685,4,20,77,101,1.2772277227722773,0.05287536603096511,613,"Believe me, I'm the good guy."
3495,1685,3,22,76,101,1.2772277227722773,0.0509684660444901,613,"Look, he'll make you the monkey after you sign the confession."
3348,1685,6,16,79,101,1.2772277227722773,0.05649640640668161,613,"Either you answer the questions, or I'm leaving the room."
3278,1685,8,12,81,101,1.2772277227722773,0.05989894440496703,613,"If you're thinking I'm the good cop, you've got a lot to learn about balloon animals."
3135,1685,5,18,78,101,1.2772277227722773,0.05471584902830932,613,"Yeah, my partner's a Bozo! So what?"
2995,1685,7,14,80,101,1.2772277227722773,0.058222536348471916,613,We brought in our composite sketch artist to work with you.
2935,1685,4,20,77,101,1.2772277227722773,0.05287536603096511,613,Nope. I’m the good cop.
2911,1685,6,16,79,101,1.2772277227722773,0.05649640640668161,613,"Ok, kid, spill it, or I'll bring in the clowns."
2902,1685,2,24,75,101,1.2772277227722773,0.04898739357169499,613,It will go easy on you if you talk to Sergeant Clown; otherwise we'll have to bring in Lieutenant Mime.
2805,1685,6,16,79,101,1.2772277227722773,0.05649640640668161,613,You better talk with me - my pal hasn't got much sense of humor.
2279,1685,7,14,80,101,1.2772277227722773,0.058222536348471916,613,You gonna tell me what happened? Or should I let my evidence expert do it for you?
2219,1685,5,18,78,101,1.2772277227722773,0.05471584902830932,613,"Yes.....we are playing Good Cop-Creepy, Disturbing Horror-film Evoking Cop."
5392,1770,10,33,149,192,1.2760416666666667,0.03989576284744001,613,Its our party and we can make you cry if we want to.
3490,1771,3,42,129,174,1.2758620689655173,0.03679697041533762,613,"You think this is funny, young man?"
182,1772,22,78,344,444,1.2747747747747749,0.025952408997616413,613,"Get ready for good clown, bad clown."
689,1773,4,20,78,102,1.2745098039215685,0.05242491509755116,613,I can’t guarantee the safety of the balloon dog unless we get your full cooperation.
1156,1773,7,14,81,102,1.2745098039215685,0.05771293533758396,613,Wait'll you see the bad cop.
1489,1773,5,18,79,102,1.2745098039215685,0.05424489638436364,613,"We’ve held up our end of the bargain, now spill it."
4763,1776,19,72,310,401,1.2743142144638404,0.02710299884128384,613,"Oh yeh? You either talk or you spend the next 24 hours with this clown, and believe me that’s nothing to laugh about!"
5051,1777,6,14,75,95,1.2736842105263158,0.05880882775937453,613,"I can see him too, but he says he didn't tell you to kill anybody."
5400,1778,17,49,238,304,1.2730263157894737,0.032002735647250265,613,If you think this is his first rodeo you're sadly mistaken
5526,1779,5,17,77,99,1.2727272727272727,0.05526902742339265,613,Blowing things up is no joke.
5505,1779,5,17,77,99,1.2727272727272727,0.05526902742339265,613,"It's time we play good cop, nightmare cop."
5481,1779,4,19,76,99,1.2727272727272727,0.053371549809255195,613,"Talk to me now, punk! Otherwise, Officer Gacy has ways of encouraging scum like you to cooperate."
5459,1779,4,19,76,99,1.2727272727272727,0.053371549809255195,613,What kind of sicko does that with a balloon?
5289,1779,3,21,75,99,1.2727272727272727,0.05140407829886543,613,I bet you think we're ALL a bunch of Bozos.
5226,1779,3,21,75,99,1.2727272727272727,0.05140407829886543,613,"Listen punk, your're not turning my investigation into a circus."
5174,1779,6,15,78,99,1.2727272727272727,0.057103488996852456,613,You don't want to know why they call him Bozo.
5163,1779,6,15,78,99,1.2727272727272727,0.057103488996852456,613,"Alright Mac, quit stalling. We know about the latex allergy."
4840,1779,5,17,77,99,1.2727272727272727,0.05526902742339265,613,"Listen up, bozo."
4901,1779,2,23,74,99,1.2727272727272727,0.04935824351078518,613,"Maybe Officer Buttons here has different methods, but we can both make you squeal."
5595,1779,6,15,78,99,1.2727272727272727,0.057103488996852456,613,What you did is no laughing matter
4773,1779,4,19,76,99,1.2727272727272727,0.053371549809255195,613,"I'll ask you one last time, ""Why aren't you smiling?"""
4684,1779,5,17,77,99,1.2727272727272727,0.05526902742339265,613,You get your animal balloon or one phone call -- you decide.
4654,1779,6,15,78,99,1.2727272727272727,0.057103488996852456,613,"So you like to party, huh kid?"
4269,1779,8,11,80,99,1.2727272727272727,0.0606060606060606,613,"No, I’m the good cop. He’s the annoying cop."
4103,1779,6,15,78,99,1.2727272727272727,0.057103488996852456,613,"Did you, or did you not, laugh at his face?"
7258,1779,8,11,80,99,1.2727272727272727,0.0606060606060606,613,Come clean or we pop the puppy.
5693,1779,4,19,76,99,1.2727272727272727,0.053371549809255195,613,I’m going to ask you one more time. Why so serious?
5875,1779,6,15,78,99,1.2727272727272727,0.057103488996852456,613,Okay. Son I want you to explain to officer Giggles here how you managed to fit twelve bodies in the trunk of your car.
5843,1779,6,15,78,99,1.2727272727272727,0.057103488996852456,613,"'… and believe me, he's a lot more scary than he looks.'"
7133,1779,4,31,108,143,1.2727272727272727,0.04231764219233889,613,"Am I the good cop, or the bad cop? That depends on how you feel about clowns."
7026,1779,7,13,79,99,1.2727272727272727,0.05888082471314044,613,And we've got your little dog too.
6834,1779,5,17,77,99,1.2727272727272727,0.05526902742339265,613,"Yes, he is the bad cop."
6767,1779,4,19,76,99,1.2727272727272727,0.053371549809255195,613,We will give you the balloon dog AND fresh caramel corn if you tell us how you hacked our server
6593,1779,4,19,76,99,1.2727272727272727,0.053371549809255195,613,He's the chief's son-in-law.
6581,1779,4,19,76,99,1.2727272727272727,0.053371549809255195,613,"Oh, you'll talk alright,when I leave you alone with this guy. He mimes the entire Bambi movie."
6374,1779,6,15,78,99,1.2727272727272727,0.057103488996852456,613,"After three hours with a mime, yeah, you'll talk."
6337,1779,4,19,76,99,1.2727272727272727,0.053371549809255195,613,"We used to do the whole good clown, bad clown routine, but let's face it, there's something creepy about all clowns."
6306,1779,7,13,79,99,1.2727272727272727,0.05888082471314044,613,We can make this easy or we can make this a world of fun!
6276,1779,3,21,75,99,1.2727272727272727,0.05140407829886543,613,On no - I'm the funny one.
6259,1779,5,17,77,99,1.2727272727272727,0.05526902742339265,613,Book 'em Bozo
6144,1779,5,17,77,99,1.2727272727272727,0.05526902742339265,613,"If the President can learn to make balloon animals, you can, too."
5990,1779,5,17,77,99,1.2727272727272727,0.05526902742339265,613,"Your choice, Bobby. Talk to me and you’re outta’ here. Or - I go for a nice long lunch and you get to spend some quality time with Sgt. Billings and his friend Mr. Screetchy-Scritchy."
5971,1779,4,19,76,99,1.2727272727272727,0.053371549809255195,613,"He might look like the good cop, but that used to be a Rottweiler"
5909,1779,4,19,76,99,1.2727272727272727,0.053371549809255195,613,Where's the pinata?
5896,1779,5,17,77,99,1.2727272727272727,0.05526902742339265,613,Was it really worth seeing who’s on the other side of the glass?
4016,1779,3,21,75,99,1.2727272727272727,0.05140407829886543,613,"What do you mean, ""Which is the good clown and which is the bad clown?"""
5762,1779,5,17,77,99,1.2727272727272727,0.05526902742339265,613,"Well, you won't be laughing when he pulls out his seltzer bottle!"
3936,1779,6,15,78,99,1.2727272727272727,0.057103488996852456,613,"Yes we've cutback the K-9 Unit, but now we do birthday parties."
2987,1779,4,19,76,99,1.2727272727272727,0.053371549809255195,613,And if you don't talk he is going to start to juggle! And then he will blow bubbles! You want that? Do you?
3653,1779,4,19,76,99,1.2727272727272727,0.053371549809255195,613,"Tell us what we wanna hear, and he'll make a hat for you"
1352,1779,6,15,78,99,1.2727272727272727,0.057103488996852456,613,No funny business!
1250,1779,5,17,77,99,1.2727272727272727,0.05526902742339265,613,"You're in big trouble now, they've sent in the clowns!"
1232,1779,4,19,76,99,1.2727272727272727,0.053371549809255195,613,"Good cop, weird cop..."
1201,1779,4,19,76,99,1.2727272727272727,0.053371549809255195,613,Don't force me to sen in the clown.
1103,1779,4,19,76,99,1.2727272727272727,0.053371549809255195,613,You think that's funny?
857,1779,5,17,77,99,1.2727272727272727,0.05526902742339265,613,"You think this funny, kid?"
837,1779,6,15,78,99,1.2727272727272727,0.057103488996852456,613,Don't make us send in the clowns.
1375,1779,4,19,76,99,1.2727272727272727,0.053371549809255195,613,Do you know what happens to those who twist the truth?
795,1779,6,15,78,99,1.2727272727272727,0.057103488996852456,613,Or you can take your chances with my partner who'll twist it out of you.
579,1779,5,17,77,99,1.2727272727272727,0.05526902742339265,613,So you think you're Mr. Funny Man? I'll show you funny.
537,1779,4,19,76,99,1.2727272727272727,0.053371549809255195,613,"You may think I'm mean, but this guy can twist the truth out of anybody."
509,1779,2,23,74,99,1.2727272727272727,0.04935824351078518,613,The charges against me are inflated.
481,1779,8,11,80,99,1.2727272727272727,0.0606060606060606,613,"So help me, Kevin, if I turn around and the dog's tail is only half inflated again. . ."
3743,1779,3,21,75,99,1.2727272727272727,0.05140407829886543,613,And now for the fun part...
271,1779,3,21,75,99,1.2727272727272727,0.05140407829886543,613,Don't make him hide the handkerchief.
128,1779,5,17,77,99,1.2727272727272727,0.05526902742339265,613,"A balloon phone book doesn't leave any bruises, does it Detective Chuckles?"
735,1779,2,23,74,99,1.2727272727272727,0.04935824351078518,613,"Fortunately for you, this is the Juvenile Division!"
1426,1779,3,21,75,99,1.2727272727272727,0.05140407829886543,613,"So you think I'm a clown, huh? I'll show you who's a clown!"
456,1779,6,15,78,99,1.2727272727272727,0.057103488996852456,613,"No kid, it’s bad cop - WORSE cop in THIS precinct!"
1513,1779,1,25,73,99,1.2727272727272727,0.047223861968119965,613,"Save yourself, dammit. Just pretend he's funny!"
1510,1779,5,17,77,99,1.2727272727272727,0.05526902742339265,613,You think I'm tough! You won't be laughing when my partner takes over the intreview.
3626,1779,4,19,76,99,1.2727272727272727,0.053371549809255195,613,"You want the giraffe, confess."
3565,1779,4,19,76,99,1.2727272727272727,0.053371549809255195,613,Listen up buddy. We do not tolerate any funny business here.
3342,1779,7,13,79,99,1.2727272727272727,0.05888082471314044,613,The regular sketch artist is off today!
3167,1779,3,21,75,99,1.2727272727272727,0.05140407829886543,613,"If you're the good cop, then who the heck is that bozo?"
3166,1779,5,17,77,99,1.2727272727272727,0.05526902742339265,613,"For your information Mister, the officer you refer to as ""the Bozo behind me"" is one of our best K-9 officers and he and his partner are going to make you sorry you were ever born."
3011,1779,6,15,78,99,1.2727272727272727,0.057103488996852456,613,"No, seriously, you think this is funny?"
2928,1779,4,19,76,99,1.2727272727272727,0.053371549809255195,613,Not even a smile? You really are a hardened criminal.
3222,1779,6,15,78,99,1.2727272727272727,0.057103488996852456,613,"Oh, so my partner here's a bozo, huh?"
2448,1779,3,21,75,99,1.2727272727272727,0.05140407829886543,613,"Oh, no, no, no. I'm the good cop."
2150,1779,3,21,75,99,1.2727272727272727,0.05140407829886543,613,You missed your balloon payment.
2083,1779,6,15,78,99,1.2727272727272727,0.057103488996852456,613,"Talk first, then he'll make you and elephant."
1592,1779,5,17,77,99,1.2727272727272727,0.05526902742339265,613,"You think this is bad? Co-operate, or we bring in the mime."
2038,1779,4,19,76,99,1.2727272727272727,0.053371549809255195,613,Still think it's funny?
2031,1779,6,15,78,99,1.2727272727272727,0.057103488996852456,613,Who you callin' a clown?
1898,1779,6,15,78,99,1.2727272727272727,0.057103488996852456,613,He's back.
2726,1779,8,11,80,99,1.2727272727272727,0.0606060606060606,613,"Despite what this looks like, we don't want any funny business."
5974,1857,10,75,266,351,1.2706552706552707,0.026959284226501366,613,Aha! He made you smile!
5325,1858,4,19,77,100,1.27,0.052905480802936666,613,If you're not holding then why does our drug-sniffing dog find you so very interesting?
6525,1858,3,21,76,100,1.27,0.05096047190685834,613,"What do you take us for, a couple of bozos?"
5613,1860,11,83,296,390,1.2692307692307692,0.0255105108908801,613,"That's right, punk, its the ol' clown cop/bad cop and guess which one I am..."
5625,1861,4,18,75,97,1.268041237113402,0.05387769319682185,613,Start talking or things get zany.
5185,1861,6,14,77,97,1.268041237113402,0.05772658909736201,613,I've got bad news for you. I'm the GOOD cop.
5150,1861,5,16,76,97,1.268041237113402,0.0558353154957798,613,"I suppose you think we're clowns, Zuckerberg."
5626,1861,4,18,75,97,1.268041237113402,0.05387769319682185,613,It's not torture. It's enhanced inflation techniques.
5132,1861,6,14,77,97,1.268041237113402,0.05772658909736201,613,"Come on, kid. We can do it the easy way, or we can do it the ridiculous way."
4056,1861,3,20,74,97,1.268041237113402,0.051846207112077713,613,We need to take a break. Detective Blinky is expressing the need to see a man about a horsie.
4623,1861,7,12,78,97,1.268041237113402,0.059557835094285284,613,"OK, so he's an ex-White House staffer. But you better answer his question if you don't want to get deported."
4275,1861,4,18,75,97,1.268041237113402,0.05387769319682185,613,What you might find disturbing is that he's the bad cop.
4141,1861,4,18,75,97,1.268041237113402,0.05387769319682185,613,Why was this in your carry-on?
4073,1861,3,20,74,97,1.268041237113402,0.051846207112077713,613,"Zaza and Pokey have the best nose of any K-9 unit in the city. If they say you have drug residue on you, you have drug residue on you."
5662,1861,6,14,77,97,1.268041237113402,0.05772658909736201,613,You like that? Of course you do. Everybody loves balloon-twist animals. Would you like to see the animals he makes with your arms and legs?
4932,1861,4,18,75,97,1.268041237113402,0.05387769319682185,613,Don't you hate casual fridays...?
5744,1861,8,10,79,97,1.268041237113402,0.061334430407565414,613,Joke's on you. We consulted our expert and it aint no dog...it's a horsie.
7168,1861,6,14,77,97,1.268041237113402,0.05772658909736201,613,"Yes, you’ll get a goodie bag, too. Now, did you murder Mr. Miller?"
6012,1861,5,16,76,97,1.268041237113402,0.0558353154957798,613,Spill the beans kid or your doggie is going to get popped
6198,1861,4,18,75,97,1.268041237113402,0.05387769319682185,613,You shouldn’t have chosen your phobia as your bank’s security question
6217,1861,6,14,77,97,1.268041237113402,0.05772658909736201,613,"Okay, fella, you've had plenty of time to come clean. Time to send in the clowns."
6231,1861,3,20,74,97,1.268041237113402,0.051846207112077713,613,Do you think I am clown?
6272,1861,6,14,77,97,1.268041237113402,0.05772658909736201,613,"Wrong answer, its a doggie."
6305,1861,5,16,76,97,1.268041237113402,0.0558353154957798,613,"If we twist your arm, believe me, you'll talk."
6492,1861,5,16,76,97,1.268041237113402,0.0558353154957798,613,You may be looking at a long stretch.
6703,1861,6,14,77,97,1.268041237113402,0.05772658909736201,613,"If you don't start talking, he's going to twist that dog into shapes that will make your head spin."
7125,1861,5,16,76,97,1.268041237113402,0.0558353154957798,613,"There's only bad cop, scary clown cop."
7244,1861,3,20,74,97,1.268041237113402,0.051846207112077713,613,Do we look like clowns to you?
7284,1861,6,14,77,97,1.268041237113402,0.05772658909736201,613,That IS his partner.
3948,1861,5,16,76,97,1.268041237113402,0.0558353154957798,613,It's what he does with the balloon that makes him the bad cop.
5799,1861,5,16,76,97,1.268041237113402,0.0558353154957798,613,"You better talk now because Giggles found your little toy at the crime scene, and he ain't laughing."
3852,1861,5,16,76,97,1.268041237113402,0.0558353154957798,613,He wants to bring out your “inner child” so we can arrest what is left.
3338,1861,5,16,76,97,1.268041237113402,0.0558353154957798,613,"Tell us what you know, or that dog gets popped."
3566,1861,2,22,73,97,1.268041237113402,0.04973180631754744,613,"I’m getting a little agitated right now, so we’re gonna do this the engaging and whimsical way."
687,1861,4,18,75,97,1.268041237113402,0.05387769319682185,613,Yeah he's a clown cop. He's a DAMN good clown cop
696,1861,4,18,75,97,1.268041237113402,0.05387769319682185,613,Any Bozo can see you’re lying.
723,1861,4,18,75,97,1.268041237113402,0.05387769319682185,613,"I know you're afraid of clowns; that's why I'm the ""Good Cop"
772,1861,2,22,73,97,1.268041237113402,0.04973180631754744,613,"Look, Billy. You can make this easy. Or you can make this har-dee-har-har-hard.”"
1193,1861,2,22,73,97,1.268041237113402,0.04973180631754744,613,His hair is the least of your worries.
1243,1861,5,16,76,97,1.268041237113402,0.0558353154957798,613,Don't make us bring in the Mime!
1422,1861,4,18,75,97,1.268041237113402,0.05387769319682185,613,Is this a closer to what you saw that night?
1574,1861,6,14,77,97,1.268041237113402,0.05772658909736201,613,"No, I'm the good cop. HE'S the bad cop."
1665,1861,3,20,74,97,1.268041237113402,0.051846207112077713,613,Do you think crime is a laughing matter?
1826,1861,7,12,78,97,1.268041237113402,0.059557835094285284,613,"If you don't talk, I'm gonna bring in the mime."
1833,1861,5,16,76,97,1.268041237113402,0.0558353154957798,613,"So what do you say? More talking, or more squeaking?"
1874,1861,3,20,74,97,1.268041237113402,0.051846207112077713,613,"I'm not gonna twist your arm, Jason. But Captain Blinky might."
2056,1861,2,22,73,97,1.268041237113402,0.04973180631754744,613,Come clean or he’ll squirt you with seltzer.
2300,1861,6,14,77,97,1.268041237113402,0.05772658909736201,613,"Look, we can do this the easy way or Bozo's way."
2512,1861,2,22,73,97,1.268041237113402,0.04973180631754744,613,"..yes, water boarding is off the table, but need I say more?"
2548,1861,4,18,75,97,1.268041237113402,0.05387769319682185,613,"And now, ‘Good Cop, Bad Clown’"
2612,1861,2,22,73,97,1.268041237113402,0.04973180631754744,613,"Not so funny anymore, is it?"
2651,1861,4,18,75,97,1.268041237113402,0.05387769319682185,613,Don't you get it? I'm the good cop here!
2685,1861,8,10,79,97,1.268041237113402,0.061334430407565414,613,My partner has ways to make you talk.
2825,1861,5,16,76,97,1.268041237113402,0.0558353154957798,613,"Believe me, the good cop is even worse..."
2943,1861,0,26,71,97,1.268041237113402,0.04520729249801675,613,Talk or the dog gets popped.
2968,1861,3,20,74,97,1.268041237113402,0.051846207112077713,613,"Believe me, Leroy, you don't want to deal with the clown."
3101,1861,4,18,75,97,1.268041237113402,0.05387769319682185,613,"Depending on how you feel about clowns, he can play either the good cop or the bad cop."
3601,1861,6,14,77,97,1.268041237113402,0.05772658909736201,613,"No, punk, I'm the good cop."
3401,1861,4,18,75,97,1.268041237113402,0.05387769319682185,613,"He's not clowning around, punk!"
634,1861,5,16,76,97,1.268041237113402,0.0558353154957798,613,Confess - or the puppy dies.
585,1861,6,14,77,97,1.268041237113402,0.05772658909736201,613,"Since you are a juvenile, Officer Friendly will be advising you of your Miranda rights."
1402,1918,5,28,109,142,1.267605633802817,0.04346804432924327,613,"Confess, or the balloon is history."
1074,1919,8,38,156,202,1.2673267326732673,0.03699341554048712,613,"Or else what? Or else Mr. Funno will make squeaky balloon noises until you talk, that's what!"
238,1920,5,29,112,146,1.2671232876712328,0.04269067470972507,613,"I'm not clowning around here, buster."
6470,1921,7,53,191,251,1.2669322709163346,0.031714749003582676,613,"You think this is some kind of joke, bub?"
4982,1922,8,28,129,165,1.2666666666666666,0.0422337609523278,613,"First the truth, the whole truth and nothing but the truth. Then you get the balloon dog."
5217,1922,6,24,105,135,1.2666666666666666,0.04607298269767254,613,Budget cuts for the K9 unit
7206,1922,11,18,121,150,1.2666666666666666,0.047924872850462895,613,"Thanks, your description of the dog in question has allowed my colleague detective Bubbles to nail the likeness."
6330,1925,8,25,121,154,1.2662337662337662,0.0442253182039528,613,Don't make me bring in The Three Stooges.
4076,1926,3,28,97,128,1.265625,0.0436470597159808,613,What's so funny?
1859,1927,4,18,76,98,1.2653061224489797,0.05339518462605429,613,All you need to know is I’m the “good” cop.
3585,1927,3,20,75,98,1.2653061224489797,0.051387277662137534,613,My partner is floating a trial balloon. I suggest you consider it.
4716,1927,3,20,75,98,1.2653061224489797,0.051387277662137534,613,we found your dog
7149,1927,4,18,76,98,1.2653061224489797,0.05339518462605429,613,"What now? If this doesn't work, the dentist is gonna be next."
2450,1931,5,21,91,117,1.264957264957265,0.0491501042000611,613,Anything look familiar so far? You say Baxter's tail was a little more waggly?
2731,1932,3,21,78,102,1.2647058823529411,0.050094979848922264,613,"It’s good cop or squeaky, rubbing balloon sounds for the next 48 hours."
2809,1933,7,32,135,174,1.264367816091954,0.03986518060165665,613,We all pop eventually.
1178,1934,22,66,329,417,1.26378896882494,0.02684176998747577,613,Don't force me to sen in the clown.
6745,1935,3,19,73,95,1.263157894736842,0.052294553631162456,613,"We can twist more than your arm, buddy."
6202,1935,3,19,73,95,1.263157894736842,0.052294553631162456,613,If the clown doesn't get you to talk we'll bring in the accordion player.
6011,1935,6,13,76,95,1.263157894736842,0.05836619601004484,613,"We can do this the easy way, or we can do this the clown way."
5543,1935,3,19,73,95,1.263157894736842,0.052294553631162456,613,"The sketch artist didn’t make the budget, so we’ll need you to describe the suspect to my associate, Giggles."
5363,1935,5,15,75,95,1.263157894736842,0.05641496850082867,613,We have ways of making you wince.
4841,1935,2,26,86,114,1.263157894736842,0.04501656887425199,613,"Trust me, you don’t want him to make another ballon animal"
4653,1935,5,15,75,95,1.263157894736842,0.05641496850082867,613,You'll find out soon enough which one of us is the bad cop.
4161,1935,5,15,75,95,1.263157894736842,0.05641496850082867,613,Keep it up and I will send sad clown home and bring in the angry clown.
4009,1935,3,19,73,95,1.263157894736842,0.052294553631162456,613,"Alright, son. Detective Punchinello has some enhanced interrogation techniques he'd like to demonstrate."
3799,1935,6,13,76,95,1.263157894736842,0.05836619601004484,613,"There’s nothing funny about my paranoid fear of clowns. Now, stop saying there’s one behind me."
3661,1935,7,11,77,95,1.263157894736842,0.06025426957831666,613,A guy in your spot would be makin a mistake to refuse a gift from Officer Bozo.
3570,1935,6,13,76,95,1.263157894736842,0.05836619601004484,613,Anything you say can be taken down and twisted into a balloon!
3442,1935,8,19,106,133,1.263157894736842,0.048788859341711004,613,"Uh-oh, the three of us all think you're telling a little fib here."
4498,1935,2,21,72,95,1.263157894736842,0.050107446290437146,613,"If you keep this up, he'll be here all week."
2667,1935,3,19,73,95,1.263157894736842,0.052294553631162456,613,Looks like we’re gonna laugh here all night
2560,1935,5,15,75,95,1.263157894736842,0.05641496850082867,613,"No good guys here, buddy: only bad guy, bad clown."
2538,1935,3,19,73,95,1.263157894736842,0.052294553631162456,613,"Listen, kid, I think YOUR the one blowing this all out of proportion; not Officer Hornhonker."
2311,1935,6,13,76,95,1.263157894736842,0.05836619601004484,613,...you have the right to honk his nose...
2074,1935,6,13,76,95,1.263157894736842,0.05836619601004484,613,"Listen kid, you're better off dealing with me; that guy is a balloonatic."
1622,1935,9,22,121,152,1.263157894736842,0.04547955437628567,613,Tell me now or the dog deflates!
3029,1935,3,19,73,95,1.263157894736842,0.052294553631162456,613,Is something funny to you?!
1504,1935,5,15,75,95,1.263157894736842,0.05641496850082867,613,Now we don't want to a media circus out there
1367,1935,4,17,74,95,1.263157894736842,0.054393791053906224,613,"Not funny? Yeah, well, you have 5 minutes to come up with a good caption or you are history around here."
1004,1935,3,19,73,95,1.263157894736842,0.052294553631162456,613,You think my partner is a clown?
950,1935,2,21,72,95,1.263157894736842,0.050107446290437146,613,This is a bad cop/clown cop scenario and we'll have you squealing like that balloon in no time.
747,1935,5,15,75,95,1.263157894736842,0.05641496850082867,613,"You've been known to stretch the truth, so I brought in a specialist."
366,1935,4,17,74,95,1.263157894736842,0.054393791053906224,613,You think this is a joke? We're not clowning around here!
354,1935,7,11,77,95,1.263157894736842,0.06025426957831666,613,"Yea, I switched the condoms with his balloons, but I didn't know he was an undercover Cop."
120,1963,10,47,198,255,1.2627450980392156,0.032732600958828705,613,"Actually, he’s the “bad cop.”"
4981,1964,8,26,126,160,1.2625,0.042970938694972025,613,"Tell us where you hid the cash, or the dog gets popped."
3436,1965,3,23,85,111,1.2612612612612613,0.04739177802487477,613,"Y'know that horrible squeaking sound balloons make when you twist them into animal shapes, kid? Well, DO YA?? You're gonna be hearing a lot of that kid, unless you start talking, real fast."
5160,1966,6,12,74,92,1.2608695652173914,0.05960044783456795,613,"Now I know I said we weren’t doing the good cop bad cop routine, but my partner’s been practicing for weeks."
5133,1966,4,16,72,92,1.2608695652173914,0.055447545442538,613,Cruel AND unusual
5053,1966,4,16,72,92,1.2608695652173914,0.055447545442538,613,Looks like my partner is going to have a little fun with you.
4972,1966,5,14,73,92,1.2608695652173914,0.05756146140293596,613,You think this is funny? Because nobody else does.
5257,1966,5,14,73,92,1.2608695652173914,0.05756146140293596,613,No more tricks. Either you come clean or the seltzer bottle comes out.
4957,1966,5,14,73,92,1.2608695652173914,0.05756146140293596,613,Ignore him. He's here for our diversity training.
4942,1966,5,14,73,92,1.2608695652173914,0.05756146140293596,613,"Our good cop is ill, you're stuck with bad and mad."
4937,1966,5,14,73,92,1.2608695652173914,0.05756146140293596,613,"Unlucky for you, it's a bad cop crazy cop situation."
4918,1966,4,16,72,92,1.2608695652173914,0.055447545442538,613,That's our final offer ! Take the balloon dog or five to ten upstate !
4793,1966,5,14,73,92,1.2608695652173914,0.05756146140293596,613,"What's so funny, punk?"
4772,1966,4,16,72,92,1.2608695652173914,0.055447545442538,613,We've brought in the K-9 unit.
4732,1966,4,16,72,92,1.2608695652173914,0.055447545442538,613,"You can talk to me or him. Just remember, I’m the good cop."
4199,1966,2,20,70,92,1.2608695652173914,0.05095730771070601,613,Don't make me leave you in here with the clown.
4587,1966,4,16,72,92,1.2608695652173914,0.055447545442538,613,??Isn’t it rich? Are we a pair? I’m actually the good cop. You should be scared.??
4560,1966,4,16,72,92,1.2608695652173914,0.055447545442538,613,"Talk now, or my partner may just have a few tricks up his sleeve!"
4466,1966,3,18,71,92,1.2608695652173914,0.053249777017025594,613,Tell me what I want to know or Sergeant Pickles will introduce Mr. Balloon Dog to Mr. Pointy Object.
4418,1966,2,20,70,92,1.2608695652173914,0.05095730771070601,613,"If you think he's funny, wait until you see the Judge."
4266,1966,5,14,73,92,1.2608695652173914,0.05756146140293596,613,I got news for you - I'm the good cop!
4223,1966,3,18,71,92,1.2608695652173914,0.053249777017025594,613,"People have been calling for a change in policing tactics, so I should of seen this coming."
5370,1966,7,10,75,92,1.2608695652173914,0.06157194917590659,613,Just tell us where you hid the big red shoes or well throw sparky into the needle pile.
4026,1966,6,12,74,92,1.2608695652173914,0.05960044783456795,613,Hey punk meet our new Officer R. McDonald. Now tell us where the hamburgalur is.
3923,1966,4,16,72,92,1.2608695652173914,0.055447545442538,613,Talk now--or we bring in the pony.
3881,1966,5,14,73,92,1.2608695652173914,0.05756146140293596,613,Familiar with Stephen King? I'm the good cop.
3793,1966,4,16,72,92,1.2608695652173914,0.055447545442538,613,So you think this is funny? I'll give you something to laugh about!
3736,1966,2,20,70,92,1.2608695652173914,0.05095730771070601,613,We can do this the hard way or the hilarious way
4635,1966,4,16,72,92,1.2608695652173914,0.055447545442538,613,This is serious.
5492,1966,4,16,72,92,1.2608695652173914,0.055447545442538,613,"Listen pal, I'm the good cop."
5893,1966,3,18,71,92,1.2608695652173914,0.053249777017025594,613,"""Really? This is what the guy looked like""?"
5643,1966,4,16,72,92,1.2608695652173914,0.055447545442538,613,"That's right, it's a little doggie. Now tell us what we want to know or he'll make a giraffe next."
3295,1966,3,18,71,92,1.2608695652173914,0.053249777017025594,613,"Listen, punk -- I'm not clowning around here! That's his job..."
7183,1966,4,16,72,92,1.2608695652173914,0.055447545442538,613,"You feel lucky, punk? Go ahead, ask him how many balloons he’s got left."
7078,1966,4,16,72,92,1.2608695652173914,0.055447545442538,613,You want to explain what this was doing in your apartment?
7021,1966,1,22,69,92,1.2608695652173914,0.048556726268192844,613,You leaked the clown's data Zuckerburg. Sad!
6995,1966,5,14,73,92,1.2608695652173914,0.05756146140293596,613,"So your saying a clown with a gun, a badge, and a ballon dog set-you-up?"
6876,1966,2,20,70,92,1.2608695652173914,0.05095730771070601,613,"Alright punk, one more mister nice guy!"
6830,1966,4,16,72,92,1.2608695652173914,0.055447545442538,613,"Laugh, punk! We have ways of making you laugh."
6825,1966,4,16,72,92,1.2608695652173914,0.055447545442538,613,Who's going to twist it out of you? Me or Mr. BoBo?
6702,1966,3,18,71,92,1.2608695652173914,0.053249777017025594,613,We have ways to make you talk.
6640,1966,4,16,72,92,1.2608695652173914,0.055447545442538,613,Don’t make me bring in Bozo!
6628,1966,4,16,72,92,1.2608695652173914,0.055447545442538,613,We have ways of dealing with clowns like you.
6523,1966,4,16,72,92,1.2608695652173914,0.055447545442538,613,"Start talkin', or you get to be alone with him"
6466,1966,4,16,72,92,1.2608695652173914,0.055447545442538,613,We have ways of making you giggle.
6445,1966,4,16,72,92,1.2608695652173914,0.055447545442538,613,"That's right, he's a terrifying mix of bad cop/sad cop."
6424,1966,3,18,71,92,1.2608695652173914,0.053249777017025594,613,Listen. We don't have time for any more shenanigans. Corporal Stevens is already late for his other job.
6384,1966,3,18,71,92,1.2608695652173914,0.053249777017025594,613,You have the right to remain silent - or to laugh and clap wildly at some of the best ballon tricks in the world.
6215,1966,3,18,71,92,1.2608695652173914,0.053249777017025594,613,"Ok, Sport, Lie again and Detective Jingles Pops the Dog!"
6119,1966,5,14,73,92,1.2608695652173914,0.05756146140293596,613,Words getting around you think we're a bunch of clowns here
5933,1966,6,12,74,92,1.2608695652173914,0.05960044783456795,613,I didn't know they brought in clowns at every governmental level.
5914,1966,6,12,74,92,1.2608695652173914,0.05960044783456795,613,Do you think that this is funny?
5860,1966,5,14,73,92,1.2608695652173914,0.05756146140293596,613,"So disturbing the peace is fun for you? Well, meet Agent Bozo...a party animal’s worst nightmare."
5770,1966,1,22,69,92,1.2608695652173914,0.048556726268192844,613,"The funny thing is, I am the ""good cop""."
5721,1966,4,16,72,92,1.2608695652173914,0.055447545442538,613,Did you really think you could steal that little doggy in the window. And get away with it?
5695,1966,5,14,73,92,1.2608695652173914,0.05756146140293596,613,"We can switch to water-boarding, if you prefer."
5654,1966,6,12,74,92,1.2608695652173914,0.05960044783456795,613,"Waddya think we are, a couple of clowns?"
5512,1966,4,16,72,92,1.2608695652173914,0.055447545442538,613,'Fess up or your going to McJail.
3288,1966,2,20,70,92,1.2608695652173914,0.05095730771070601,613,This isn't going to be entirely fun and games.
4429,1966,5,14,73,92,1.2608695652173914,0.05756146140293596,613,We can do this the easy way or we can do this the psychotic way.
3248,1966,5,14,73,92,1.2608695652173914,0.05756146140293596,613,"If there's any clowning around to do, WE will do it."
1562,1966,5,14,73,92,1.2608695652173914,0.05756146140293596,613,You think this is some kind of joke? I suggest you start taking this seriously and answer Detective Squeaky's question
1494,1966,3,18,71,92,1.2608695652173914,0.053249777017025594,613,"I’m detective Joe Smith, this is my partner, detective Harley Quinn; now wipe that smile off your face!"
1490,1966,5,14,73,92,1.2608695652173914,0.05756146140293596,613,"Give me one more name, THEN you'll get your butterfly."
1391,1966,4,16,72,92,1.2608695652173914,0.055447545442538,613,Hey buddy. We're not all bozos on this bus.
1373,1966,3,18,71,92,1.2608695652173914,0.053249777017025594,613,That's what you think! He can twist you into a poodle.
1176,1966,4,16,72,92,1.2608695652173914,0.055447545442538,613,You expect us to believe that Jeff Koons is involved?
1142,1966,4,16,72,92,1.2608695652173914,0.055447545442538,613,You don't want to see what he can do with those balloons...
1047,1966,4,16,72,92,1.2608695652173914,0.055447545442538,613,"You have it backwards, I AM the good cop."
3286,1966,2,20,70,92,1.2608695652173914,0.05095730771070601,613,That IS the good clown.
928,1966,2,20,70,92,1.2608695652173914,0.05095730771070601,613,We're not clowning around here...yet.
912,1966,6,12,74,92,1.2608695652173914,0.05960044783456795,613,"Believe me, you don't want us going all 'bad clown' on ya."
887,1966,4,16,72,92,1.2608695652173914,0.055447545442538,613,Do you take me for some kind of Bozo?
1668,1966,4,16,72,92,1.2608695652173914,0.055447545442538,613,This is serious! We are not clowning around!
836,1966,2,20,70,92,1.2608695652173914,0.05095730771070601,613,"If you want the little doggie balloon, you are going to have to answer some questions."
631,1966,3,18,71,92,1.2608695652173914,0.053249777017025594,613,This is your last chance before we send in the clowns.
614,1966,3,18,71,92,1.2608695652173914,0.053249777017025594,613,What if I told you I was the good cop?
445,1966,5,14,73,92,1.2608695652173914,0.05756146140293596,613,I'll ask you one last time--is this the dog that bit you?
370,1966,4,16,72,92,1.2608695652173914,0.055447545442538,613,"Yes, we're both the bad cop."
327,1966,3,18,71,92,1.2608695652173914,0.053249777017025594,613,"You think this is funny, punk? We'll show you funny."
291,1966,3,18,71,92,1.2608695652173914,0.053249777017025594,613,"Pay attention, Dr. Leary, we're not clowning around here!"
207,1966,3,18,71,92,1.2608695652173914,0.053249777017025594,613,"Don't be fooled, I'm the good guy."
202,1966,3,18,71,92,1.2608695652173914,0.053249777017025594,613,"Big mistake, Billy. Bozo here is really Officer Bozio."
173,1966,5,14,73,92,1.2608695652173914,0.05756146140293596,613,You do NOT want to get on the bad side of the scary clown.
159,1966,3,18,71,92,1.2608695652173914,0.053249777017025594,613,The good cop / bad cop routine was becoming a bit of a circus.
125,1966,3,18,71,92,1.2608695652173914,0.053249777017025594,613,Don't make him break out the seltzer bottle
32,1966,4,16,72,92,1.2608695652173914,0.055447545442538,613,Did the dog you lost look something like this?
806,1966,5,14,73,92,1.2608695652173914,0.05756146140293596,613,I suppose you think this is a circus?
1686,1966,3,18,71,92,1.2608695652173914,0.053249777017025594,613,"These are serious charges, son. We're not just clowning around here."
1000,1966,1,22,69,92,1.2608695652173914,0.048556726268192844,613,"Oh, you think you're funny do you? Yeah, of course you do. We all think we're pretty funny around here."
1777,1966,1,22,69,92,1.2608695652173914,0.048556726268192844,613,I really don't think you want to find out what Sgt. Beppo's interrogation technique is.
3236,1966,6,12,74,92,1.2608695652173914,0.05960044783456795,613,A 'happy meal'? Do I look happy to you?
3037,1966,5,14,73,92,1.2608695652173914,0.05756146140293596,613,We can do this allllllllll day long.
1722,1966,2,20,70,92,1.2608695652173914,0.05095730771070601,613,"I said, 'What do you want him to make next!?'"
2912,1966,5,14,73,92,1.2608695652173914,0.05756146140293596,613,"OK Jack, you wanna tell my partner here what you told me about how many of you were in the car?"
2888,1966,2,20,70,92,1.2608695652173914,0.05095730771070601,613,I suppose you think this is funny!
2869,1966,2,20,70,92,1.2608695652173914,0.05095730771070601,613,"The good cop is in another interview, so you get clown cop."
2810,1966,2,20,70,92,1.2608695652173914,0.05095730771070601,613,"Keep laughing, funny guy. Because in prison...You're the clown car."
2788,1966,3,18,71,92,1.2608695652173914,0.053249777017025594,613,"Johnny, did this guy offer you candy?"
2687,1966,2,20,70,92,1.2608695652173914,0.05095730771070601,613,"I don't like this good cop, funny cop routine. But we did find your condom at the crime scene."
2641,1966,4,16,72,92,1.2608695652173914,0.055447545442538,613,"Don't smirk, you little punk -- I'm the good cop."
2633,1966,4,16,72,92,1.2608695652173914,0.055447545442538,613,I heard it's your birthday.
2491,1966,4,16,72,92,1.2608695652173914,0.055447545442538,613,Remain silent! We want a mimed confession.
3023,1966,6,12,74,92,1.2608695652173914,0.05960044783456795,613,"Tell us where you were Saturday, or my partner pops your balloon."
2364,1966,4,16,72,92,1.2608695652173914,0.055447545442538,613,"No smart ass, we ran out of the ‘bad’ cops!"
1804,1966,5,14,73,92,1.2608695652173914,0.05756146140293596,613,"Oh, you'll talk alright. In fact, you'll be honking like a comical bulb horn."
1806,1966,3,18,71,92,1.2608695652173914,0.053249777017025594,613,Is this the dog that made your hair stand on end?
1846,1966,2,20,70,92,1.2608695652173914,0.05095730771070601,613,Start chirping or we send you to the Big Top.
2394,1966,2,20,70,92,1.2608695652173914,0.05095730771070601,613,Better talk now. You don’t want our mime in here.
1879,1966,5,14,73,92,1.2608695652173914,0.05756146140293596,613,So what'll it be? Bad cop or totally frightening-you-to-death cop?
1959,1966,4,16,72,92,1.2608695652173914,0.055447545442538,613,"Just tell him it’s really good, then he’ll leave."
1878,1966,5,14,73,92,1.2608695652173914,0.05756146140293596,613,"Talk, or my partner will show you a different definition of 'balloon payment!'"""
1974,1966,4,16,72,92,1.2608695652173914,0.055447545442538,613,"And if ya still don't talk, we're bringing in the mime cop!"
2073,1966,4,16,72,92,1.2608695652173914,0.055447545442538,613,"Giggles, release the hounds!"
2101,1966,3,18,71,92,1.2608695652173914,0.053249777017025594,613,"Well, you asked for someone who would work pro-Bozo..."
2284,1966,4,16,72,92,1.2608695652173914,0.055447545442538,613,Ok - what’s it to be: good cop or ridiculous cop?
1969,1966,4,16,72,92,1.2608695652173914,0.055447545442538,613,"Look pal, if we could afford a regular sketch artist, Jenkins here wouldn't have to moonlight to make ends meet."
7160,2080,3,19,74,96,1.2604166666666667,0.05181950723819513,613,"What do you think we are, a bunch of clowns?"
6900,2080,4,17,75,96,1.2604166666666667,0.05389396604466397,613,The jig is up. The dog identified you in the line up
6486,2080,4,17,75,96,1.2604166666666667,0.05389396604466397,613,Here at the EPA the Secretary has strict guideline for new hires.
5686,2080,1,23,72,96,1.2604166666666667,0.04739899618326624,613,"Don’t toy with me kid, my partner knows how to twist you into shape!"
5378,2080,3,19,74,96,1.2604166666666667,0.05181950723819513,613,"What do you take me for, some kind of clown?"
4761,2080,5,15,76,96,1.2604166666666667,0.055891482550004236,613,"Trust me, you're better off talking to me than Officer John W. Gacy over there."
3336,2080,5,15,76,96,1.2604166666666667,0.055891482550004236,613,Send in the clowns! Don't bother; they're here.
2435,2080,6,13,77,96,1.2604166666666667,0.05782003171264664,613,Okay. We can do this the easy way or the clown way. It's up to you.
491,2080,2,21,73,96,1.2604166666666667,0.04965846438217077,613,We can either do this the easy way or the Scary Clown way.
77,2080,4,17,75,96,1.2604166666666667,0.05389396604466397,613,Don’t make my partner here bring in the car!
71,2080,4,17,75,96,1.2604166666666667,0.05389396604466397,613,I said the suspect looked like the clown from IT not grumpy Ronald McDonald!
4407,2080,6,13,77,96,1.2604166666666667,0.05782003171264664,613,"You think I was tough, huh? Wait to you getta load of this Bozo!"
1242,2092,5,25,105,135,1.2592592592592593,0.04456405500702562,613,I’m the nice one.
1303,2093,5,21,94,120,1.2583333333333333,0.04806600464972997,613,"Don't be confused, punk. I'm the good cop and he's the bad cop."
7121,2094,3,18,72,93,1.2580645161290323,0.05274872249394527,613,You won't be laughing when he's through with you.
6348,2094,2,20,71,93,1.2580645161290323,0.050484390003709675,613,So...are you saying the dog that bit you is more fluffy..is that what I'm hearing? Do you know how hard it is to make a fluffy balloon dog?
5958,2094,5,14,74,93,1.2580645161290323,0.057008209111814964,613,"Oh you'll talk - or you'll have to watch my partners twelve hour act, which mostly involves crying and broken dreams."
4985,2094,4,16,73,93,1.2580645161290323,0.054919776177983784,613,"And after he turns you into a poodle, you get stuffed in a tiny cell with 75 others!"
4425,2094,4,16,73,93,1.2580645161290323,0.054919776177983784,613,Did You Notice Anything Odd About Him?
3895,2094,5,14,74,93,1.2580645161290323,0.057008209111814964,613,Can you describe the suspect to detective Ronald?
3851,2094,3,18,72,93,1.2580645161290323,0.05274872249394527,613,"We take leash laws seriously in this town, mister."
3302,2094,7,10,76,93,1.2580645161290323,0.06097084620972221,613,"Look, it's no skin off my nose, but if you tell my partner here it's not your birthday...well, I can't be held responsible."
3028,2094,5,14,74,93,1.2580645161290323,0.057008209111814964,613,"You think this is funny? No, seriously, any notes would be greatly appreciated."
2783,2094,3,18,72,93,1.2580645161290323,0.05274872249394527,613,So you're saying the Hamburglar did it.
49,2094,5,14,74,93,1.2580645161290323,0.057008209111814964,613,This is what we call 'Bad Cop-Really Bad Clown'
738,2094,5,14,74,93,1.2580645161290323,0.057008209111814964,613,"We're through clowning around! Tell us what we want to know, or your dog gets it!"
3202,2094,4,16,73,93,1.2580645161290323,0.054919776177983784,613,He's a master arm-twister.
2257,2094,3,42,141,186,1.2580645161290323,0.03477536299072212,613,"Something funny, Scumbag?!"
2517,2094,3,18,72,93,1.2580645161290323,0.05274872249394527,613,Never mind the wig; this is the balloon full of drugs we recovered from your digestive tract.
1110,2094,3,18,72,93,1.2580645161290323,0.05274872249394527,613,Which of you is the good cop?
1269,2110,7,54,203,264,1.2575757575757576,0.03047537120148325,613,"I am the good cop, kid!"
5509,2111,6,14,81,101,1.2574257425742574,0.055674914532711096,613,You want this to go the easy way or the magically enchanting way?
6511,2112,6,18,93,117,1.2564102564102564,0.05027751771692531,613,"Hey, focus!"
5441,2113,2,19,69,90,1.2555555555555555,0.05135154867031013,613,"We don’t play “Good cop, bad cop” around here, do we Officer Sprinkles?"
5500,2113,4,15,71,90,1.2555555555555555,0.056003190365495135,613,"I don't think Good Cop, Funny Cop is working on this guy."
5522,2113,4,15,71,90,1.2555555555555555,0.056003190365495135,613,"Is this your idea of a joke, turning Officer Clowney's balloon into a four-legged animal?"
5629,2113,3,17,70,90,1.2555555555555555,0.05372773437412524,613,Guess which one of us plays bad cop.
5656,2113,3,17,70,90,1.2555555555555555,0.05372773437412524,613,We're not clowning around. Talk or we pop off the poodle.
5715,2113,2,19,69,90,1.2555555555555555,0.05135154867031013,613,Say it's a llama one more time.
5841,2113,3,17,70,90,1.2555555555555555,0.05372773437412524,613,"We’re mixing it up. Bad cop, bad clown."
5782,2113,3,17,70,90,1.2555555555555555,0.05372773437412524,613,I've brought in our sketch comedy artist to help us.
5856,2113,4,15,71,90,1.2555555555555555,0.056003190365495135,613,Don't make it about him. This is about you.
5391,2113,4,15,71,90,1.2555555555555555,0.056003190365495135,613,I'm gonna' make this real simple: You don't want to upset my partner here.
5874,2113,4,15,71,90,1.2555555555555555,0.056003190365495135,613,"He's doing the clown thing again, isn't he?"
5912,2113,1,21,68,90,1.2555555555555555,0.048859939221226036,613,Diversity hiring is no joke!
5760,2113,2,19,69,90,1.2555555555555555,0.05135154867031013,613,"For the last time, do you or don't you see a man standing behind me dressed as a clown?"
5388,2113,2,19,69,90,1.2555555555555555,0.05135154867031013,613,"Ah, the old good cop clown cop routine"
4853,2113,2,19,69,90,1.2555555555555555,0.05135154867031013,613,Agent Ruffles here specializes in outlandish interrogation techniques.
5041,2113,2,19,69,90,1.2555555555555555,0.05135154867031013,613,"We can do this the hard way, or we can do this the hilarious way."
4226,2113,4,15,71,90,1.2555555555555555,0.056003190365495135,613,Call us a bunch of clowns again. I dare you!
4268,2113,5,13,72,90,1.2555555555555555,0.058189734672459324,613,"You may not believe this, but I'm the GOOD cop!"
4335,2113,2,19,69,90,1.2555555555555555,0.05135154867031013,613,That attorney of yours is turning this into a circus.
4609,2113,3,17,70,90,1.2555555555555555,0.05372773437412524,613,The sketch artist is unavailable. We’re gonna need you to use your imagination.
4634,2113,2,19,69,90,1.2555555555555555,0.05135154867031013,613,"Sorry for the cramped ride, kid. I hate taking Detective Bozo's car too."
4648,2113,4,15,71,90,1.2555555555555555,0.056003190365495135,613,We found this balloon animal in the glove box of your car. It contains 100 grams of cocaine. You mean to tell me this was planted?
5364,2113,2,19,69,90,1.2555555555555555,0.05135154867031013,613,"Now start talkin', or the doggie gets it!"
4669,2113,2,19,69,90,1.2555555555555555,0.05135154867031013,613,"So, you think you're pretty funny, huh, playing me with THAT alibi? Well, you AIN'T SEEN FUNNY YET!"
4814,2113,4,15,71,90,1.2555555555555555,0.056003190365495135,613,Does my partner amuse you?
4821,2113,4,15,71,90,1.2555555555555555,0.056003190365495135,613,Perhaps a little alone time with Sgt. McDonald might jog your memory.
4838,2113,2,19,69,90,1.2555555555555555,0.05135154867031013,613,We have ways of making you talk - or at least giggle.
5979,2113,3,17,70,90,1.2555555555555555,0.05372773437412524,613,He just came off undercover at a nine-year old's birthday party.
4963,2113,4,15,71,90,1.2555555555555555,0.056003190365495135,613,"If you don't want to spend another birthday in here, I suggest you start taking."
5014,2113,3,17,70,90,1.2555555555555555,0.05372773437412524,613,"Next, we're gonna play a little game I like to call 'Good Cop, Bad Cop.'"
4746,2113,2,19,69,90,1.2555555555555555,0.05135154867031013,613,"So you wanted to pull some funny business, huh? We’ll show you some real funny business."
6017,2113,4,15,71,90,1.2555555555555555,0.056003190365495135,613,You say he looked like this. Would you recognize him again?
6207,2113,4,15,71,90,1.2555555555555555,0.056003190365495135,613,You exercised your right to an attorney....here he is!
6052,2113,7,9,74,90,1.2555555555555555,0.06233314528824831,613,"Believe me, Pal, you don't want to see the OCD cop...."
4188,2113,2,19,69,90,1.2555555555555555,0.05135154867031013,613,We're done clowning around Tommy... who stole the cotton candy?
7262,2113,4,15,71,90,1.2555555555555555,0.056003190365495135,613,He's the bad humor cop.
7256,2113,5,13,72,90,1.2555555555555555,0.058189734672459324,613,I want you to look into my partner's eyes and tell him it wasn't you who totaled his squad car and hospitalized twelve of our finest.
7191,2113,5,13,72,90,1.2555555555555555,0.058189734672459324,613,Or maybe I let officer Gacy take you home.
7190,2113,1,21,68,90,1.2555555555555555,0.048859939221226036,613,You have the right to remain silent and request a unicyclist who juggles.
7123,2113,5,13,72,90,1.2555555555555555,0.058189734672459324,613,You think it's all fun and games in here.
7088,2113,4,15,71,90,1.2555555555555555,0.056003190365495135,613,Tell the truth or the doggy gets it.
7072,2113,3,17,70,90,1.2555555555555555,0.05372773437412524,613,"Recognize him? Yeah, we twisted his arm a bit, but he told us everything."
7071,2113,5,13,72,90,1.2555555555555555,0.058189734672459324,613,"Yeah, that’s right, smart guy. We DO have a large, female officer ready to sing."
7068,2113,4,15,71,90,1.2555555555555555,0.056003190365495135,613,"Talk to me, or else this guy is gonna twist you into such a painful position, you won’t know whether you’re a dog or a rabbit."
7023,2113,3,17,70,90,1.2555555555555555,0.05372773437412524,613,You do not want to see what comes after the balloon kitty.
6955,2113,4,15,71,90,1.2555555555555555,0.056003190365495135,613,One more crack about budget cuts - and we'll put you in the lineup.
6929,2113,3,17,70,90,1.2555555555555555,0.05372773437412524,613,"Believe me, you don’t want him to break out the squeaky horn..."
6927,2113,4,15,71,90,1.2555555555555555,0.056003190365495135,613,You're sayin' these charges are inflated?
6019,2113,2,19,69,90,1.2555555555555555,0.05135154867031013,613,I know it is an odd tradition but it is your birthday and we are committed to the tenets of community policing regardless of the circumstances.
6785,2113,7,9,74,90,1.2555555555555555,0.06233314528824831,613,Do you think you have what it takes to be an undercover clown?
6743,2113,5,13,72,90,1.2555555555555555,0.058189734672459324,613,Confess or we bring in the mime!
6710,2113,2,19,69,90,1.2555555555555555,0.05135154867031013,613,Our composite artist is exploring new mediums.
6620,2113,3,17,70,90,1.2555555555555555,0.05372773437412524,613,"I didn’t tie it. He didn’t tie it. So, you tell me…who tied the balloon!"
6571,2113,1,21,68,90,1.2555555555555555,0.048859939221226036,613,You think we just a bunch of clowns around here?
6514,2113,4,15,71,90,1.2555555555555555,0.056003190365495135,613,Bring me the whoopee cushions.
6501,2113,4,15,71,90,1.2555555555555555,0.056003190365495135,613,Still think I'm the bad cop?
6472,2113,5,13,72,90,1.2555555555555555,0.058189734672459324,613,"Look, this clown has been impersonating an officer all over town and you're our only witness."
6438,2113,4,15,71,90,1.2555555555555555,0.056003190365495135,613,"Wilkes may look funny, but get this: I'm the good cop."
6376,2113,4,15,71,90,1.2555555555555555,0.056003190365495135,613,We resent your referring to Precinct 69 as a circus.
6370,2113,4,15,71,90,1.2555555555555555,0.056003190365495135,613,Tell us where he is or the dog gets it!
6300,2113,4,15,71,90,1.2555555555555555,0.056003190365495135,613,You better tell me. I don't think you're going to like Ronald's methods.
6214,2113,3,17,70,90,1.2555555555555555,0.05372773437412524,613,He's got nothin' to lose.
6199,2113,3,17,70,90,1.2555555555555555,0.05372773437412524,613,"We can do this the easy way, or I can turn this over to Lieutenant Noodles."
6159,2113,4,15,71,90,1.2555555555555555,0.056003190365495135,613,"Let me get this straight, you thought that dog was real?!"
6760,2113,3,17,70,90,1.2555555555555555,0.05372773437412524,613,Don't kid yourself -- I'm the GOOD cop!
4139,2113,5,13,72,90,1.2555555555555555,0.058189734672459324,613,The dog didn't bark. That's how we nailed you.
1124,2113,2,19,69,90,1.2555555555555555,0.05135154867031013,613,I know you signed up because you thought this would be easy. But Clown College is no joke.
4112,2113,4,15,71,90,1.2555555555555555,0.056003190365495135,613,"""You still think our undercover man is funny?"
1873,2113,3,17,70,90,1.2555555555555555,0.05372773437412524,613,He'll twist your arm and tickle you into telling the truth.
1839,2113,1,21,68,90,1.2555555555555555,0.048859939221226036,613,Flip and you get a happy meal!
1795,2113,6,11,73,90,1.2555555555555555,0.06029704065199671,613,What made you think it would be a giraffe?
1765,2113,5,13,72,90,1.2555555555555555,0.058189734672459324,613,Talk to me or prepare to be entertained. Your choice.
1650,2113,5,13,72,90,1.2555555555555555,0.058189734672459324,613,Balloon animals is not the only thing he twists.
1646,2113,0,23,67,90,1.2555555555555555,0.046234248891536815,613,"So you think this is funny, do you? I’ll show you something funny."
1606,2113,5,13,72,90,1.2555555555555555,0.058189734672459324,613,Around here we use the 'Good cop. Clown cop' approach!
1425,2113,4,15,71,90,1.2555555555555555,0.056003190365495135,613,"The old ""goof cop bad cop"" routine"
1361,2113,4,15,71,90,1.2555555555555555,0.056003190365495135,613,Confess and he'll perform at your next birthday party.
1292,2113,6,11,73,90,1.2555555555555555,0.06029704065199671,613,We're bad cop and absolutely terrifying cop.
724,2113,6,11,73,90,1.2555555555555555,0.06029704065199671,613,He specializes in cases with surprise twists.
717,2113,2,19,69,90,1.2555555555555555,0.05135154867031013,613,"Find this amusing, do you?"
702,2113,4,15,71,90,1.2555555555555555,0.056003190365495135,613,"What do you mean, which one of us is Good Cop?"
686,2113,2,19,69,90,1.2555555555555555,0.05135154867031013,613,Believe me. You don't want to see him do the hokey-pokey.
1921,2113,2,19,69,90,1.2555555555555555,0.05135154867031013,613,Lootenant Crusty here will wipe that smile off your face.
677,2113,2,19,69,90,1.2555555555555555,0.05135154867031013,613,You want to run away and join the circus? Officer Bozo is here to talk some sense into you.
549,2113,5,13,72,90,1.2555555555555555,0.058189734672459324,613,"OK, kid. Start speaking, or there's more squeaking."
478,2113,2,19,69,90,1.2555555555555555,0.05135154867031013,613,"We call it good cop, really bad cop."
387,2113,2,19,69,90,1.2555555555555555,0.05135154867031013,613,"If you're twisting the facts, he'll know."
337,2113,3,17,70,90,1.2555555555555555,0.05372773437412524,613,No! You get serious.
279,2113,3,17,70,90,1.2555555555555555,0.05372773437412524,613,We know how to handle clowns like you.
260,2113,4,15,71,90,1.2555555555555555,0.056003190365495135,613,The witness said today was your birthday.
230,2113,3,17,70,90,1.2555555555555555,0.05372773437412524,613,I bet you're into some real twisted stuff.
228,2113,4,15,71,90,1.2555555555555555,0.056003190365495135,613,"You think it’s funny, do you Jimmy?"
215,2113,2,19,69,90,1.2555555555555555,0.05135154867031013,613,"Okay, punk! The fun and games are over!"
164,2113,3,17,70,90,1.2555555555555555,0.05372773437412524,613,And we have a tiny black and white filled with twenty more just like him on the way.
75,2113,5,13,72,90,1.2555555555555555,0.058189734672459324,613,Welcome to our “scared straight” program.
47,2113,4,15,71,90,1.2555555555555555,0.056003190365495135,613,We found this balloon animal and 30 kilos of heroin behind your ear...
8,2113,4,15,71,90,1.2555555555555555,0.056003190365495135,613,Does this refresh your recollection?
4135,2113,2,19,69,90,1.2555555555555555,0.05135154867031013,613,Your lawyer's running late. Can I get you some peanuts or cotton candy while we wait?
595,2113,3,17,70,90,1.2555555555555555,0.05372773437412524,613,"No, I'm playing the good cop. We were assuming you're afraid of clowns."
1925,2113,3,17,70,90,1.2555555555555555,0.05372773437412524,613,And if you think what he's done to that balloon is cruel and unusual...
666,2113,7,9,74,90,1.2555555555555555,0.06233314528824831,613,"Wrong again, buddy — I'm the good cop."
1964,2113,8,7,75,90,1.2555555555555555,0.06430481235228978,613,It's time to bring out the big puns.
3991,2113,5,13,72,90,1.2555555555555555,0.058189734672459324,613,"Sir, we’re transferring your case to the silly victims unit."
3982,2113,5,13,72,90,1.2555555555555555,0.058189734672459324,613,You think he's scary? I got a mini-car with 20 more just like him anxious to interrogate you.
3959,2113,2,19,69,90,1.2555555555555555,0.05135154867031013,613,Don’t make him get out the pins
3907,2113,3,17,70,90,1.2555555555555555,0.05372773437412524,613,Don't try to pin this on the dog.
3883,2113,1,21,68,90,1.2555555555555555,0.048859939221226036,613,The balloon artist has come up with a rough draft.
3816,2113,6,11,73,90,1.2555555555555555,0.06029704065199671,613,I've got 49 more partners waiting in that closet - we can do this all night if we have to!
3767,2113,5,13,72,90,1.2555555555555555,0.058189734672459324,613,"So you think this is some kind of joke, huh!"
3678,2113,5,13,72,90,1.2555555555555555,0.058189734672459324,613,They wont' find that balloon for weeks.
3639,2113,3,17,70,90,1.2555555555555555,0.05372773437412524,613,This is your right hemisphere on drugs. This is your left hemisphere on drugs.
3614,2113,5,13,72,90,1.2555555555555555,0.058189734672459324,613,We do things differently around here. Meet Funny Cop.
3534,2113,3,17,70,90,1.2555555555555555,0.05372773437412524,613,That’s Detective Clown for you buddy..
3429,2113,2,19,69,90,1.2555555555555555,0.05135154867031013,613,I'm not clowning around. He is.
3406,2113,6,11,73,90,1.2555555555555555,0.06029704065199671,613,"In this case, kid, you should really choose the bad cop. Really."
3124,2113,3,17,70,90,1.2555555555555555,0.05372773437412524,613,"No, not him. Me! I'm the good cop. You'll see."
1955,2113,6,11,73,90,1.2555555555555555,0.06029704065199671,613,"This is no laughing matter, the Supreme Court is about to outlaw his next trick."
3034,2113,5,13,72,90,1.2555555555555555,0.058189734672459324,613,You think I’m the good cop? Brace yourself!
3007,2113,2,19,69,90,1.2555555555555555,0.05135154867031013,613,"Oh, you think I'M a clown . . . ?"
2008,2113,3,17,70,90,1.2555555555555555,0.05372773437412524,613,"Despite appearances, we're not clowning around."
2027,2113,5,13,72,90,1.2555555555555555,0.058189734672459324,613,Who are you calling a clown?
2133,2113,3,17,70,90,1.2555555555555555,0.05372773437412524,613,"The new strategy of good cop, clown cop wasn't as effective as the department hoped."
2260,2113,2,19,69,90,1.2555555555555555,0.05135154867031013,613,"If you don't start cooperating, I'll bring in the bad clown."
2273,2113,3,17,70,90,1.2555555555555555,0.05372773437412524,613,"I'm gonna say this once. If you don't talk, and I turn you over to the lieutenant, you'll never sleep through the night again."
2282,2113,4,15,71,90,1.2555555555555555,0.056003190365495135,613,Just so you know...I'm the good cop.
2347,2113,5,13,72,90,1.2555555555555555,0.058189734672459324,613,"See what Murphy did there? Now, imagine that, instead of a balloon ..."
2573,2113,2,19,69,90,1.2555555555555555,0.05135154867031013,613,"There's nothing funny about animal cruelty, Mr. Peterson."
2627,2113,3,17,70,90,1.2555555555555555,0.05372773437412524,613,Ready to confess? We're getting tired of playing games.
4063,2113,4,15,71,90,1.2555555555555555,0.056003190365495135,613,"If you come clean, you'll get one of these."
2646,2113,4,15,71,90,1.2555555555555555,0.056003190365495135,613,"...and if you don't, the mime is next."
2721,2113,5,13,72,90,1.2555555555555555,0.058189734672459324,613,"I'd like to help you, son. But my partner here - he's kind of funny."
2830,2113,1,21,68,90,1.2555555555555555,0.048859939221226036,613,"Good cop bad cop? Not so easy, is it?"
2525,2113,4,15,71,90,1.2555555555555555,0.056003190365495135,613,You have the right to remain silent...and good luck with that when I turn things over to Mr. Giggles!
3987,2246,15,51,251,317,1.2555205047318612,0.03002462071811157,613,Justice doesn't stop for Red Nose Day.
319,2247,6,12,76,94,1.2553191489361701,0.05845601743271815,613,"So, we can do this the EASY way, or we can do this the FUNNY way..."
7226,2248,2,23,81,106,1.2547169811320755,0.04655484115909928,613,You're not leaving until you talk or we run outta balloons.
5366,2249,3,25,94,122,1.2540983606557377,0.044416577170868034,613,"you got a problem with ""good cop, clown cop?"""
6318,2249,2,27,93,122,1.2540983606557377,0.042864313020177805,613,"You wouldn't want the nice doggy to go pop, would you?"
4939,2251,3,27,100,130,1.2538461538461538,0.04273245867758954,613,"You're in trouble now,here comes the bad cop."
5293,2252,12,73,298,383,1.2532637075718016,0.02567336037461924,613,"I'm gonna ask you one more time, and then the clown's put you through the wringer."
2089,2253,4,15,72,91,1.2527472527472527,0.055455504374433896,613,"You don't talk to me, you get to deal with the Bad Clown."
4892,2253,5,13,73,91,1.2527472527472527,0.057615216823536305,613,Do you wanna ride in the Clown Car?
5551,2253,3,17,71,91,1.2527472527472527,0.05320820163492291,613,Officer Smith here clocked your tricycle at ninety miles per hour.
794,2256,1,22,72,95,1.2526315789473683,0.04725006989129982,613,When are you gonna wise up and stop acting like we're here to entertain you ?
2189,2257,3,29,107,139,1.2517985611510791,0.04096317835579747,613,"Now tell us who did it, and leave the funny business to us!"
3462,2258,6,24,113,143,1.2517482517482517,0.04378944124821906,613,Look at me! I'M the bad cop!
2285,2259,9,21,125,155,1.2516129032258065,0.04446163400948276,613,"Your mistake was when you called me 'literally a twisted cop.' You meant 'figuratively,' now, didn't you?"
4321,2260,5,12,71,88,1.25,0.0588331327829961,613,"Listen punk, we can do this the hard way....or the funny way."
4446,2260,3,16,69,88,1.25,0.05421135926495693,613,"Good cop-Bad cop is just something you see on TV, kid."
4450,2260,5,12,71,88,1.25,0.0588331327829961,613,"Ha! No, he's not the good cop."
7117,2260,4,14,70,88,1.25,0.056569466085583144,613,Pennywise for your thoughts.
4555,2260,4,14,70,88,1.25,0.056569466085583144,613,"Listen, son. Be careful what you wish for. I'm the good one."
4655,2260,2,18,68,88,1.25,0.051745902770176135,613,"Come on, admit you're guilty and my boss's balloon is your's"
4736,2260,2,18,68,88,1.25,0.051745902770176135,613,"No, actually I’m the ‘good cop.’"
4830,2260,3,16,69,88,1.25,0.05421135926495693,613,Good cop/bad cop was getting stale.
4883,2260,3,16,69,88,1.25,0.05421135926495693,613,"We have ways of making you talk, mwahahahahabeepbeep."
5156,2260,4,14,70,88,1.25,0.056569466085583144,613,"Don't care for juvenile humor? Not a problem, we'll charge you as an adult."
5186,2260,5,21,98,124,1.25,0.04669091947809488,613,"You think that's bad? You should see what he looks like when he gets to be the ""bad cop."""
6468,2260,5,12,71,88,1.25,0.0588331327829961,613,Isn't it rich? Are we a pair? Me here at last on the ground...
5666,2260,5,12,71,88,1.25,0.0588331327829961,613,We are not a bunch of clowns.
6015,2260,1,20,67,88,1.25,0.049156946952051576,613,Stealing a police officer's balloon animal- you're looking at 20 years to life buddy.
6227,2260,2,18,68,88,1.25,0.051745902770176135,613,"There is no 'good cop'--Al here has replaced him, so you have to talk to me."
4306,2260,3,16,69,88,1.25,0.05421135926495693,613,We can make this easy. Or we can make this fun.
6564,2260,5,12,71,88,1.25,0.0588331327829961,613,Is it is it not a real Jeff Koons?
6575,2260,3,25,96,124,1.25,0.043792479657892625,613,'Your'e mistaken if you think I'm the bad cop.'
6673,2260,3,16,69,88,1.25,0.05421135926495693,613,"We're trying out something new: good cop, nightmare cop"
6829,2260,4,14,70,88,1.25,0.056569466085583144,613,who's that clown? well he's your worst nightmare
6952,2260,7,33,148,188,1.25,0.037428583339959215,613,One more chance before you go to Crazy-Cop
7105,2260,3,16,69,88,1.25,0.05421135926495693,613,Sorry. Our sketch artist is doing a birthday party.
5616,2260,3,16,69,88,1.25,0.05421135926495693,613,Your wrong!!! I am the good cop!!!!
4305,2260,4,14,70,88,1.25,0.056569466085583144,613,"Look pal, I’m not clowning around here. He might be, but I’m not."
2823,2260,4,14,70,88,1.25,0.056569466085583144,613,Who are you calling Bozo?
3893,2260,7,65,244,316,1.25,0.02712720168627994,613,"If you don't give me that name, I'm gonna have to send in ""The Joker""!"
4028,2260,2,18,68,88,1.25,0.051745902770176135,613,"One more animal balloon, Officer Chuckles, and this time, let's make the twisty-squeaky sound really horrendous."
82,2260,4,14,70,88,1.25,0.056569466085583144,613,"Not now Officer Chuckles, this guy is about to break."
333,2260,4,14,70,88,1.25,0.056569466085583144,613,You blew it.
719,2260,3,16,69,88,1.25,0.05421135926495693,613,I'm sorry if the ride here in the squad car was a little cramped.
737,2260,2,18,68,88,1.25,0.051745902770176135,613,"Now, we're gonna have to send in the clowns."
830,2260,4,14,70,88,1.25,0.056569466085583144,613,You think you see a clown cop sniffing a balloon dog. Tell us what else you see.
978,2260,4,14,70,88,1.25,0.056569466085583144,613,We’re not all clowns.
1181,2260,3,16,69,88,1.25,0.05421135926495693,613,We'll see how tough you are when I leave you alone with Detective Sprinkles.
1224,2260,4,14,70,88,1.25,0.056569466085583144,613,"What makes you think this is the good cop, bad cop routine?"
1447,2260,2,18,68,88,1.25,0.051745902770176135,613,You think we're fooling around?
1690,2260,3,16,69,88,1.25,0.05421135926495693,613,Confess or we break your funny bone.
1333,2260,3,16,69,88,1.25,0.05421135926495693,613,Send in the clowns....don’t bother they’re here.
1842,2260,5,12,71,88,1.25,0.0588331327829961,613,See what 'Officer Twisty' made out of the last guy that wouldn't come clean?
3723,2260,3,16,69,88,1.25,0.05421135926495693,613,How would you like it if I contorted your Weiner?!
3137,2260,3,16,69,88,1.25,0.05421135926495693,613,"So you like to play games, huh!"
1775,2260,3,21,84,108,1.25,0.04766075165356461,613,"Good cop, bad cop? You wish. It's bad cop, bad clown around here."
2847,2260,6,10,72,88,1.25,0.061012871862545205,613,Don't make him put on the big green shoes.
2714,2260,1,20,67,88,1.25,0.049156946952051576,613,I suppose you think we're just clowning around here...
3067,2260,5,12,71,88,1.25,0.0588331327829961,613,"Still nothing, huh? That's it--no more doing it by the book."
2635,2260,3,16,69,88,1.25,0.05421135926495693,613,"Look, kid, you can talk to me or you can find out what the ""C"" in ""NCIS"" really stands for!"
2422,2260,4,14,70,88,1.25,0.056569466085583144,613,"Since we got the body cams, he treats every arrest as an audition"
2029,2260,3,16,69,88,1.25,0.05421135926495693,613,"Good cop, clown cop is how we interrogate little snots like you."
2688,2260,6,10,72,88,1.25,0.061012871862545205,613,We can do this the easy way or we can do it the Twisty the Balloon Clown Cop Way
3110,2309,4,20,89,113,1.247787610619469,0.047919703189289425,613,"Son, you are in deep trouble. You see... I'm the GOOD cop."
51,2310,17,73,342,432,1.2476851851851851,0.02479806789909721,613,"Let’s get this straight, kid. I’m not answering your questions about Detective Miller here until you answer my questions about last night's robbery."
4582,2311,2,21,78,101,1.2475247524752475,0.04752475247524752,613,"So you don’t think it’s funny, do you?"
2211,2312,3,16,70,89,1.247191011235955,0.05367233771366558,613,"Better talk now, you don’t want to make him get funny!"
5508,2313,7,18,105,130,1.2461538461538462,0.04767903329604257,613,Talk or Bozo punctures the dog.
4815,2314,2,19,73,94,1.2446808510638299,0.04944480181598743,613,Now... where are the drugs?
7093,2315,3,16,71,90,1.2444444444444445,0.0531436493707595,613,My partner here thinks your little story's a little twisted
3719,2316,5,11,70,86,1.244186046511628,0.05949179784969777,613,You want to end up like this clown....
5138,2316,2,17,67,86,1.244186046511628,0.0521390504107696,613,Does he look like he's joking? Now does that look like the dog you saw or not?
5056,2316,3,15,68,86,1.244186046511628,0.05469989386602394,613,We'll see who's laughing once my partner is through with you
4976,2316,4,13,69,86,1.244186046511628,0.05714609523118613,613,"We're trying something different, good cop and crazy-as-a-loon cop."
4950,2316,1,19,66,86,1.244186046511628,0.049445755798847524,613,"Stop clowning around, this isn’t a circus."
4907,2316,6,9,71,86,1.244186046511628,0.0617484560341942,613,"That's right, Sergei. The President's been working undercover this whole time."
4871,2316,6,9,71,86,1.244186046511628,0.0617484560341942,613,Don't mind Jerry - he's only here because it's 'Bring the Black Sheep of Your Family To Work Day'.
4869,2316,2,17,67,86,1.244186046511628,0.0521390504107696,613,"What do you mean ""I'm funny?"" I'm funny how, I mean, funny like I'm a clown? I amuse you? I make you laugh, I'm here to amuse you? What do you mean funny, how am I funny?"
4868,2316,4,13,69,86,1.244186046511628,0.05714609523118613,613,Forget good cop/bad cop. This is good cop/killer clown.
4796,2316,3,15,68,86,1.244186046511628,0.05469989386602394,613,"If you don't cooperate, I'll have to leave you alone with Officer Bobo."
4749,2316,1,19,66,86,1.244186046511628,0.049445755798847524,613,"Just to add pressure, we brought in Mr. Giggles..."
4659,2316,3,15,68,86,1.244186046511628,0.05469989386602394,613,Talk or we go to bad cop clown cop.
4442,2316,2,17,67,86,1.244186046511628,0.0521390504107696,613,"Give it up, kid - I can make your worst nightmare come true."
3612,2316,2,17,67,86,1.244186046511628,0.0521390504107696,613,"12 years undercover in clown college sure was worth it to take you down, sicko"
4414,2316,5,11,70,86,1.244186046511628,0.05949179784969777,613,"So, is this ""IT?"""
4368,2316,5,11,70,86,1.244186046511628,0.05949179784969777,613,"Listen Kid. Work with me. Chuckles, here, ain't the kinda cop you want to play around with."
4325,2316,4,13,69,86,1.244186046511628,0.05714609523118613,613,At least I know who the bad cop is...
4082,2316,2,17,67,86,1.244186046511628,0.0521390504107696,613,This is a serious matter! Tell Mr. Giggles where you were on the night of the murder!
4045,2316,1,19,66,86,1.244186046511628,0.049445755798847524,613,Did you or did you not resist arrest by officer Twisty?
4031,2316,2,17,67,86,1.244186046511628,0.0521390504107696,613,"You've got a choice, good cop or clown cop."
3989,2316,2,17,67,86,1.244186046511628,0.0521390504107696,613,"When you lie on your resume, but then get the job"
3969,2316,2,17,67,86,1.244186046511628,0.0521390504107696,613,What do you mean it was planted?
3828,2316,1,19,66,86,1.244186046511628,0.049445755798847524,613,"Detective Bobo made the little doggie especially for you. Now say, ""Thank you Detective Bobo"" before you hurt his feelings, son!"
3783,2316,4,13,69,86,1.244186046511628,0.05714609523118613,613,"Son, you think this a laughing matter?"
3782,2316,3,15,68,86,1.244186046511628,0.05469989386602394,613,He won't crack. Not even a smile. Let's bring in the bearded lady.
3772,2316,2,17,67,86,1.244186046511628,0.0521390504107696,613,"No big shoes, no confession."
3761,2316,2,17,67,86,1.244186046511628,0.0521390504107696,613,"Good cop, bad cop. Guess which I am."
3740,2316,5,11,70,86,1.244186046511628,0.05949179784969777,613,"This is my partner, and he's gonna be your worst nightmare, Sparks."
5152,2316,4,13,69,86,1.244186046511628,0.05714609523118613,613,Intimidated yet?
5159,2316,5,11,70,86,1.244186046511628,0.05949179784969777,613,"What's it gonna be, Kid -- the Big House or the Big Top?"
6220,2316,3,15,68,86,1.244186046511628,0.05469989386602394,613,"alright, son, now officer koons here is going to read you your rights."
5301,2316,3,15,68,86,1.244186046511628,0.05469989386602394,613,"Relax, he's in charge of our witness protection program."
3603,2316,3,15,68,86,1.244186046511628,0.05469989386602394,613,"This is a little game we call Good Cop, Bad Clown"
7240,2316,1,19,66,86,1.244186046511628,0.049445755798847524,613,What makes you so sure he's the good cop?
7089,2316,1,19,66,86,1.244186046511628,0.049445755798847524,613,"You think this is funny pal? Well, my partner over here isn't laughing."
7024,2316,3,15,68,86,1.244186046511628,0.05469989386602394,613,Do you see this poor balloon animal? It no longer has a mother due to your pin-happy antics.
6980,2316,1,19,66,86,1.244186046511628,0.049445755798847524,613,My partner has some pretty... unorthodox methods...
6919,2316,3,15,68,86,1.244186046511628,0.05469989386602394,613,"You think this is funny, mister? I'll show you funny!"
6837,2316,4,13,69,86,1.244186046511628,0.05714609523118613,613,You don't wanna see his next trick!
6831,2316,5,11,70,86,1.244186046511628,0.05949179784969777,613,Are you the party we are looking for?
6734,2316,2,17,67,86,1.244186046511628,0.0521390504107696,613,"Stop clowning around, he's the bad cop and I'm the good cop."
6732,2316,4,13,69,86,1.244186046511628,0.05714609523118613,613,You think we're fooling around?
6713,2316,3,15,68,86,1.244186046511628,0.05469989386602394,613,"My partner might be a real Bozo, but he's a good cop!"
6547,2316,4,13,69,86,1.244186046511628,0.05714609523118613,613,You want a lawyer or a doggie?
6446,2316,1,19,66,86,1.244186046511628,0.049445755798847524,613,"Here's our new composite artist, Blinky. Does this balloon look like your guy?"
5273,2316,2,17,67,86,1.244186046511628,0.0521390504107696,613,Be straight with us--no funny business.
6440,2316,1,19,66,86,1.244186046511628,0.049445755798847524,613,... and I am the GOOD Cop ...
6221,2316,4,13,69,86,1.244186046511628,0.05714609523118613,613,See if you can guess who's the good cop!
6091,2316,2,17,67,86,1.244186046511628,0.0521390504107696,613,Good cop or bad clown. Your choice.
6069,2316,2,17,67,86,1.244186046511628,0.0521390504107696,613,"Believe it or not, punk, I'm the good cop in this room."
5988,2316,4,13,69,86,1.244186046511628,0.05714609523118613,613,"Ever heard of 'good cop, worse cop'?"
5887,2316,1,19,66,86,1.244186046511628,0.049445755798847524,613,"Doesn't matter, you still have to curb your dog."
5830,2316,6,9,71,86,1.244186046511628,0.0617484560341942,613,"The arc of the moral universe is long, but it bends into this fun skeaky poodle."
5711,2316,2,17,67,86,1.244186046511628,0.0521390504107696,613,"OK, you want to play games?"
5671,2316,4,13,69,86,1.244186046511628,0.05714609523118613,613,We can do this the easy way ... or the balloon animal way.
5594,2316,2,17,67,86,1.244186046511628,0.0521390504107696,613,"The good cop is not here today, it's must me and this clown."
5463,2316,4,13,69,86,1.244186046511628,0.05714609523118613,613,"Is this your dog, Larry?"
5442,2316,1,19,66,86,1.244186046511628,0.049445755798847524,613,"Ok, wiseass. Now you get the bad cop."
5416,2316,1,19,66,86,1.244186046511628,0.049445755798847524,613,You wanna clown around? I'll show you clowning around!
5349,2316,2,17,67,86,1.244186046511628,0.0521390504107696,613,"No, it stands for Clown Scene Investigation."
6226,2316,0,21,65,86,1.244186046511628,0.04659704878317674,613,My partner takes his good-cop role seriously.
3564,2316,4,13,69,86,1.244186046511628,0.05714609523118613,613,This is serious.
448,2316,3,15,68,86,1.244186046511628,0.05469989386602394,613,Our undercover clown already has you on two counts of using environmentally hazardous polymers and gas.
3541,2316,3,15,68,86,1.244186046511628,0.05469989386602394,613,"Sorry that we've never found your lost dog, but we hope you'll take some comfort in Officer Felix's attempt in making your day a little brighter."
1264,2316,5,11,70,86,1.244186046511628,0.05949179784969777,613,"Yeah, well after you watch this guy for a couple of hours you'll realize that I am the good cop."
1207,2316,4,13,69,86,1.244186046511628,0.05714609523118613,613,"""Joke""? As long as you think this is a joke, I've invited Officer Gambino in to break your funny bone."
1190,2316,4,13,69,86,1.244186046511628,0.05714609523118613,613,"You better confess, because we're not clowning around! I mean, we're gonna stop now."
1164,2316,3,15,68,86,1.244186046511628,0.05469989386602394,613,Don't make me call in the lion tamer.
1093,2316,3,15,68,86,1.244186046511628,0.05469989386602394,613,You can talk to us... or the mime!
1081,2316,4,13,69,86,1.244186046511628,0.05714609523118613,613,My partner got him to squeal.
1014,2316,4,13,69,86,1.244186046511628,0.05714609523118613,613,"You think you’re a funny guy, huh? Well wait until you meet my partner..."
984,2316,4,13,69,86,1.244186046511628,0.05714609523118613,613,"You think you're funny, do ya?"
983,2316,2,17,67,86,1.244186046511628,0.0521390504107696,613,"Listen kid, we're not clowning around here."
968,2316,3,15,68,86,1.244186046511628,0.05469989386602394,613,Detective Giggles here will interrogate you now. He's been terrifying little boys for decades.
873,2316,2,17,67,86,1.244186046511628,0.0521390504107696,613,Yeah. That's right. We're done playing good cop bad cop.
870,2316,1,19,66,86,1.244186046511628,0.049445755798847524,613,Tell me everything and Chuckles will leave your precious Fido alone
780,2316,5,11,70,86,1.244186046511628,0.05949179784969777,613,Let’s see if Officer Chuckles can wipe that smirk off your face.
1311,2316,3,15,68,86,1.244186046511628,0.05469989386602394,613,Start talking. We are *not* clowning around here.
635,2316,5,11,70,86,1.244186046511628,0.05949179784969777,613,"So, that's it! You really want this clown to take over."
559,2316,4,13,69,86,1.244186046511628,0.05714609523118613,613,Start squealing or he starts squeaking.
512,2316,3,15,68,86,1.244186046511628,0.05469989386602394,613,Good cop or bad clown? It's your choice.
472,2316,3,15,68,86,1.244186046511628,0.05469989386602394,613,Isn't the good cop/clown cop routine a little dated?
460,2316,3,15,68,86,1.244186046511628,0.05469989386602394,613,"Enough Good Cop, Bad Cop. Talk! or Clown Cop is next."
3549,2316,3,15,68,86,1.244186046511628,0.05469989386602394,613,"Son, don't make us play good clown, bad clown."
395,2316,2,17,67,86,1.244186046511628,0.0521390504107696,613,We can do this the easy way. Or we can do this the wacky way.
345,2316,0,21,65,86,1.244186046511628,0.04659704878317674,613,Confess or it’s five hours of balloon animals; it’s your choice.
309,2316,2,17,67,86,1.244186046511628,0.0521390504107696,613,"You see, I'm actually the ""good"" cop."
275,2316,6,9,71,86,1.244186046511628,0.0617484560341942,613,And where would we find this clown that did it?
91,2316,3,15,68,86,1.244186046511628,0.05469989386602394,613,You didn't think we could trace it to you; well we flew in an expert.
89,2316,1,19,66,86,1.244186046511628,0.049445755798847524,613,You think I'm tough? Wait'll Detective Yucko has a go at ya.
29,2316,2,17,67,86,1.244186046511628,0.0521390504107696,613,"What's the big deal? Clowns are everywhere these days...circuses, White House, precincts...."
9,2316,6,9,71,86,1.244186046511628,0.0617484560341942,613,"Okay, I'm going to take a little walk, and then...well, let's just say you better like giraffes."
622,2316,4,13,69,86,1.244186046511628,0.05714609523118613,613,He's about to put the dogs to you. Don't make him get his sword.
1465,2316,2,17,67,86,1.244186046511628,0.0521390504107696,613,"Look, do me a favor. Just let him do his act and pretend you enjoy it. He’s worked hard on it."
473,2316,3,15,68,86,1.244186046511628,0.05469989386602394,613,I'm tired of playing games with you.
1523,2316,4,13,69,86,1.244186046511628,0.05714609523118613,613,I'm getting too old for this shtick
3430,2316,2,17,67,86,1.244186046511628,0.0521390504107696,613,So now you have what you wanted; it is your turn to tell what you know!
3409,2316,2,17,67,86,1.244186046511628,0.0521390504107696,613,"A classic ""clown cop, bad cop"" maneuver."
3203,2316,2,17,67,86,1.244186046511628,0.0521390504107696,613,I fail to see how this is funny!
3169,2316,2,17,67,86,1.244186046511628,0.0521390504107696,613,"You thought I was the bad cop? Think again, pal."
3162,2316,4,13,69,86,1.244186046511628,0.05714609523118613,613,My partner here is deep undercover.
3030,2316,1,19,66,86,1.244186046511628,0.049445755798847524,613,"The shoes, kid, the big floppy shoes. I’m your last chance. Then it gets ugly."
3004,2316,3,15,68,86,1.244186046511628,0.05469989386602394,613,Wait til he gets to screeching the latex balloons.
2985,2316,5,11,70,86,1.244186046511628,0.05949179784969777,613,"You think you're pretty funny, huh? Detective Stevens, here, is funny—you sir, are not!"
2923,2316,3,15,68,86,1.244186046511628,0.05469989386602394,613,"The frightening thing is, I AM the good cop."
2880,2316,3,15,68,86,1.244186046511628,0.05469989386602394,613,Sergeant Slappy is going to show you what he'll do to your dog unless you give us the info.
2757,2316,6,9,71,86,1.244186046511628,0.0617484560341942,613,"This is Bozo, he’s the head of our canine unit."
1474,2316,3,15,68,86,1.244186046511628,0.05469989386602394,613,"Oh you think this is funny, do ya?"
2743,2316,3,15,68,86,1.244186046511628,0.05469989386602394,613,I'm tired of this clowning around here. We've got jugglers and card tricks too!
2706,2316,5,11,70,86,1.244186046511628,0.05949179784969777,613,You want nice cop or clown cop?
2737,2316,2,17,67,86,1.244186046511628,0.0521390504107696,613,One of us isn't taking this seriously!
2160,2316,2,17,67,86,1.244186046511628,0.0521390504107696,613,"Answer, or he'll undo the dog."
2626,2316,2,17,67,86,1.244186046511628,0.0521390504107696,613,"Listen, we've already got too many of you clowns out there working under cover."
2591,2316,2,17,67,86,1.244186046511628,0.0521390504107696,613,"If you think I’m scary, wait til you meet my partner."
2563,2316,4,13,69,86,1.244186046511628,0.05714609523118613,613,"So, which way is it gonna be?"
2528,2316,4,13,69,86,1.244186046511628,0.05714609523118613,613,"Just to be clear, I'm the bad cop in this scenario."
2375,2316,6,9,71,86,1.244186046511628,0.0617484560341942,613,This is what you can expect to be if you don't study in school.
2370,2316,3,15,68,86,1.244186046511628,0.05469989386602394,613,What made you think you could outwit our senior clown expert?
2312,2316,2,17,67,86,1.244186046511628,0.0521390504107696,613,"You better start talking, pal. We’re looking at a whole different kind of bad cop here"
2665,2316,3,15,68,86,1.244186046511628,0.05469989386602394,613,Is this the dingo w’ate your baby?
2005,2316,4,13,69,86,1.244186046511628,0.05714609523118613,613,"As you can tell, this isn't our first rodeo."
1885,2316,5,11,70,86,1.244186046511628,0.05949179784969777,613,"Our sketch artist has a cold, we are doing the best we can."
1811,2316,3,15,68,86,1.244186046511628,0.05469989386602394,613,I'm not clowning around here. He is but I'm not....
1807,2316,1,19,66,86,1.244186046511628,0.049445755798847524,613,So you think we're not serious?
1586,2316,3,15,68,86,1.244186046511628,0.05469989386602394,613,Let’s not waste anymore time. My partner here has a birthday he has to get to.
3682,2441,4,21,94,119,1.2436974789915967,0.04616990623084198,613,Lt. Bozo has ways of making you talk.
188,2442,6,25,121,152,1.243421052631579,0.04174303385499957,613,My partner doesn't think what you did is funny.
4700,2443,5,25,114,144,1.2430555555555556,0.04209745577362661,613,"So you think this is funny, do you, wise guy?"
434,2444,1,32,107,140,1.2428571428571429,0.0377575820492033,613,"Not sure what you ran over, huh? Well, maybe this should jog your memory."
7120,2445,5,12,74,91,1.2417582417582418,0.05707707305723797,613,"Listen, if anyone is going to clown around it'll be us."
678,2446,3,15,69,87,1.2413793103448276,0.054140306109441066,613,ever wonder what happen to Timothy Leary
1076,2446,4,13,70,87,1.2413793103448276,0.0565551142867373,613,One last chance to fess up before I turn you over to Bozo.
1090,2446,3,15,69,87,1.2413793103448276,0.054140306109441066,613,"No, he's not funny. Want to know what's really funny? Your alibi!"
1154,2446,5,11,71,87,1.2413793103448276,0.058870953435016256,613,So you wanna talk to the bad cop?!
2621,2446,3,15,69,87,1.2413793103448276,0.054140306109441066,613,Does my colleague here remind you of anyone you are afraid of?
4151,2446,4,13,70,87,1.2413793103448276,0.0565551142867373,613,Talk or this dog becomes a snake.
4154,2446,3,15,69,87,1.2413793103448276,0.054140306109441066,613,"Yes, we sometimes moonlight. Why the question?"
6904,2446,2,17,68,87,1.2413793103448276,0.05161263933632969,613,Does this look like the dog that attacked you?
1148,2454,5,24,112,141,1.2411347517730495,0.04258695047244958,613,Listen clown. You’re no match for us.
3091,2455,5,34,144,183,1.2404371584699454,0.03610667498180677,613,"I'm not clowning around here: my partner is."""
3748,2456,5,37,154,196,1.239795918367347,0.0345902197578636,613,"Unlike officer Bonzo, I’m not clowning around."
6990,2457,11,77,325,413,1.2397094430992737,0.023909091129617886,613,"Sorry fellow, but we cannot accept anyone in the FBI who can't make balloon animals."
3571,2458,12,80,342,434,1.23963133640553,0.02342043176356921,613,"So today we have a ""goofy copy"" instead of a ""good cop."" Deal with it."
157,2459,6,22,114,142,1.2394366197183098,0.04348422450636393,613,"To answer your question, this is the next step up from intern."
6211,2460,7,13,93,113,1.238938053097345,0.05224773279335481,613,"I’m done Clowning around. Start talking, or the poodle loses a leg."
7199,2461,3,14,67,84,1.2380952380952381,0.055192376276423635,613,"Time to bring out the dog, which you'll see is no laughing matter."
6724,2461,3,14,67,84,1.2380952380952381,0.055192376276423635,613,"So, you're wise to the whole ""Good Cop-Bad Cop"" routine? Well, let's see how you deal with ""Bad Cop-Scary Clown."""
6556,2461,1,18,65,84,1.2380952380952381,0.049723987508531534,613,"My new partner just finished the psychological profile on the perp … and that’s bad news for you, chump."
6299,2461,3,14,67,84,1.2380952380952381,0.055192376276423635,613,Detective Gacy will be taking over the interview.
5674,2461,0,20,64,84,1.2380952380952381,0.04675054225464914,613,I'm scary cop; my partner here is scarier cop.
5198,2461,2,16,66,84,1.2380952380952381,0.05252938859717925,613,"There's only room in this place for one clown, and it's not you!"
5040,2461,5,25,117,147,1.2380952380952381,0.04133335136970877,613,"Here's the thing buddy, Bozo's K9 unit can twist the truth out of anyone!"
5031,2461,3,14,67,84,1.2380952380952381,0.055192376276423635,613,Do you really want to find out which one's the bad cop?
464,2461,3,14,67,84,1.2380952380952381,0.055192376276423635,613,"This isn't all fun and games, regardless of how it looks."
3138,2461,5,10,69,84,1.2380952380952381,0.060165786493056504,613,I'm not talking to this clown
1265,2461,1,18,65,84,1.2380952380952381,0.049723987508531534,613,Admit it - you kidnapped the dog at the circus - do I have to draw a picture?
647,2461,3,14,67,84,1.2380952380952381,0.055192376276423635,613,I suggest to cooperate; I am not as nice as Mr. Clowney!
554,2461,3,14,67,84,1.2380952380952381,0.055192376276423635,613,We couldn’t afford a sketch artist. Describe the mugger and Officer Fizbo here will work him up in balloon.
548,2461,3,14,67,84,1.2380952380952381,0.055192376276423635,613,I think you’re twisted and full of hot air!
521,2461,2,16,66,84,1.2380952380952381,0.05252938859717925,613,There's 117 more of him behind that door.
167,2461,2,16,66,84,1.2380952380952381,0.05252938859717925,613,No you can't choose waterboarding that would be illegal.
3584,2461,5,10,69,84,1.2380952380952381,0.060165786493056504,613,"Hey punk, that's Sergeant McDonald to you!"
6801,2478,12,80,346,438,1.2374429223744292,0.02323190723582287,613,"Tell us the truth, or we will tickle your funny bone!"
2473,2479,4,25,110,139,1.2374100719424461,0.04158111389481739,613,Why do you keep laughing when I ask you who blew up this dog?
1112,2480,6,35,157,198,1.2373737373737375,0.03502236463018241,613,Talk and I'll have the clown make you a sword.
2148,2481,7,28,142,177,1.2372881355932204,0.0384411091430224,613,"He can do dogs, fish, birds, and justice."
2939,2482,9,33,173,215,1.2372093023255815,0.03516728908689528,613,"I'm not the ""bad cop"" - just more serious by comparison."
1319,2483,5,13,79,97,1.2371134020618557,0.05438897522798766,613,You are being charged with homicide and cruelty to balloon animals by deflation.
1843,2483,2,19,76,97,1.2371134020618557,0.048102294430135445,613,You want to clown around? My partner will show you clowning around!
6477,2485,13,67,313,393,1.2366412213740459,0.025091664327251528,613,"Good-Cop, Clown-Cop; always more effective when they bring in the dogs."
4294,2486,5,24,115,144,1.2361111111111112,0.04179596617581002,613,I asked for my lawyer.
4059,2487,3,14,68,85,1.2352941176470589,0.05461107413662156,613,"So, you have no idea how Officer Squishy's dog made it into your apartment?"
4618,2487,2,16,67,85,1.2352941176470589,0.05198324127579627,613,"This is your last chance, kid. Talk to me or I’m leaving you with Officer Pagliacci."
5088,2487,2,16,67,85,1.2352941176470589,0.05198324127579627,613,I thought you said we were doing bad cop clown cop
5691,2487,3,14,68,85,1.2352941176470589,0.05461107413662156,613,My partner here won't put up with any funny business.
5776,2487,3,14,68,85,1.2352941176470589,0.05461107413662156,613,"Alright buddy, we can do this two ways..."
5899,2487,6,8,71,85,1.2352941176470589,0.06182803209555806,613,It’s only entrapment if you were invited to the party.
6073,2487,2,16,67,85,1.2352941176470589,0.05198324127579627,613,Laugh if you saw that dog on the night of May 7th.
6577,2487,5,10,70,85,1.2352941176470589,0.05951969008648676,613,There are 19 more just like him in a car outside!
6366,2487,2,16,67,85,1.2352941176470589,0.05198324127579627,613,"...and if you tell us the truth you get to keep ""IT"""
3711,2487,4,12,69,85,1.2352941176470589,0.0571181360267779,613,Whether I'm the good cop or the bad cop depends on you... and the extent of your coulrophibia.
6622,2487,3,14,68,85,1.2352941176470589,0.05461107413662156,613,"Yes, he's the good cop, but also funny crazy"
6630,2487,2,16,67,85,1.2352941176470589,0.05198324127579627,613,Maybe a minute alone with Officer Pennywise will help jog your memory.
6692,2487,4,12,69,85,1.2352941176470589,0.0571181360267779,613,You WILL tell us the truth.....we have ways to make you talk. And Rocko here is an expert in dealing with Millennials!
7227,2487,3,14,68,85,1.2352941176470589,0.05461107413662156,613,There’s no clowning around in prison!
6088,2487,3,14,68,85,1.2352941176470589,0.05461107413662156,613,Now you'll sweat. He's homeschooled.
3680,2487,3,14,68,85,1.2352941176470589,0.05461107413662156,613,You can't even look me in the eye when you say you're innocent!
6587,2487,2,16,67,85,1.2352941176470589,0.05198324127579627,613,Start talking or the dog gets it!
2824,2487,4,12,69,85,1.2352941176470589,0.0571181360267779,613,I told you he wasn't kidding.
3411,2487,2,16,67,85,1.2352941176470589,0.05198324127579627,613,We can do this the easy way - or the Jangles way.
154,2487,1,18,66,85,1.2352941176470589,0.04921529567847502,613,"Wipe that smile off your face, punk."
406,2487,4,12,69,85,1.2352941176470589,0.0571181360267779,613,"It's your choice, pal. We can either do this the easy way or the 'Wobbity WOOP! Zing-smabbity-BAM! Mwah-HOOOOGA!’ way."
818,2487,1,18,66,85,1.2352941176470589,0.04921529567847502,613,Officer Patches has ways of making you talk
944,2487,3,14,68,85,1.2352941176470589,0.05461107413662156,613,So you're telling us there were 50 suspects packed into a tiny car?
1485,2487,2,16,67,85,1.2352941176470589,0.05198324127579627,613,...and NO funny business!
1828,2487,3,14,68,85,1.2352941176470589,0.05461107413662156,613,Wait till you meet the bad clown!
28,2487,3,26,107,136,1.2352941176470589,0.040738410567967114,613,Trust me. I'm the good cop!
2022,2487,4,12,69,85,1.2352941176470589,0.0571181360267779,613,"Now that you've seen what my partner can do with a balloon, are you ready to talk?"
2416,2487,4,12,69,85,1.2352941176470589,0.0571181360267779,613,"Since federal law enforcement is now such a joke according to the President, they have adopted a new look and are now investigating adolescent humor."
2494,2487,3,14,68,85,1.2352941176470589,0.05461107413662156,613,We can do this the easy way or the clown way.
2578,2487,4,12,69,85,1.2352941176470589,0.0571181360267779,613,You think this is joke do you?
2750,2487,3,14,68,85,1.2352941176470589,0.05461107413662156,613,"Yeah, it's good cop, balloon cop"
1831,2487,4,12,69,85,1.2352941176470589,0.0571181360267779,613,"Alright kid, you're about to get a hefty dose of the good cop, bad cop routine."
2806,2487,1,18,66,85,1.2352941176470589,0.04921529567847502,613,"Tell me where you hid the body, or Binky here will twist that dog into a flower!"
1159,2520,12,61,289,362,1.2348066298342542,0.026102865921423815,613,No; he's the good cop!
588,2521,9,62,270,341,1.2346041055718475,0.026141635878328986,613,"This is your last chance to talk, or I turn you over to the clown."
4157,2522,2,15,64,81,1.2345679012345678,0.05349398529208222,613,"Bad news, the kid talked."
4190,2522,3,13,65,81,1.2345679012345678,0.05630495926415497,613,Him? He's the comic relief.
4217,2522,2,15,64,81,1.2345679012345678,0.05349398529208222,613,You think I'm clowning around?! I'll show you who's clowning around!
4228,2522,2,15,64,81,1.2345679012345678,0.05349398529208222,613,"You might not talk to me, but I bet you'll talk to BoboCop."
4234,2522,1,17,63,81,1.2345679012345678,0.050526868962175626,613,Don't ask.
4878,2522,3,13,65,81,1.2345679012345678,0.05630495926415497,613,"Man, I hope the cell is more spacious than that clown car cruiser."
4393,2522,4,11,66,81,1.2345679012345678,0.05898211943501855,613,Bobo's canine unit proved ineffective at intimidating the suspect
4521,2522,2,15,64,81,1.2345679012345678,0.05349398529208222,613,"Ever since his father retired, Bobo has had big shoes to fill."
4879,2522,3,13,65,81,1.2345679012345678,0.05630495926415497,613,-What do you mean “The real murderer is a clown cop” ? -...
4106,2522,3,13,65,81,1.2345679012345678,0.05630495926415497,613,Rights!? What rights did you give that giraffe and that swan!?
5095,2522,3,13,65,81,1.2345679012345678,0.05630495926415497,613,"Between you and me, I'm the bad cop, but he's much worse."
4313,2522,3,13,65,81,1.2345679012345678,0.05630495926415497,613,"The latest in police interrogation , Bad cop , clown cop."
4043,2522,1,17,63,81,1.2345679012345678,0.050526868962175626,613,You'll have to forgive us – our sketch artist is at home sick today.
3328,2522,6,7,68,81,1.2345679012345678,0.06400136220162878,613,Work with me or see the ballon dog get hurt.
3971,2522,2,15,64,81,1.2345679012345678,0.05349398529208222,613,The sketch artist can't draw dogs but luckily Deputy Bonzo stepped up to the plate.
3805,2522,4,11,66,81,1.2345679012345678,0.05898211943501855,613,and he bites too!
7210,2522,2,15,64,81,1.2345679012345678,0.05349398529208222,613,He told me you had a lot more to say at your 12th birthday party.
3747,2522,3,13,65,81,1.2345679012345678,0.05630495926415497,613,You should see the squad car...
3725,2522,5,9,67,81,1.2345679012345678,0.061542931262293925,613,"Now, I KNOW you don't want to see what else he can do with that balloon."
3636,2522,4,11,66,81,1.2345679012345678,0.05898211943501855,613,"Listen, if I walk out that door balloon animals won’t be the only thing Bubbles will twist."
3332,2522,2,15,64,81,1.2345679012345678,0.05349398529208222,613,The real orange clown was at Mar-a-Lago but this guy is a more than capable substitute
3212,2522,4,11,66,81,1.2345679012345678,0.05898211943501855,613,I'm stop. This is Frisk. Together we're known as - oh never mind.
3123,2522,2,15,64,81,1.2345679012345678,0.05349398529208222,613,Quit your clowning kid - that's JoJo's job.
3112,2522,3,13,65,81,1.2345679012345678,0.05630495926415497,613,"Kid, where do you think my partner, Ronald, learned to make unbelievably lifelike balloon animals? Prison."
3051,2522,4,11,66,81,1.2345679012345678,0.05898211943501855,613,"Look, we're not clowning around here!"
2996,2522,3,13,65,81,1.2345679012345678,0.05630495926415497,613,"We can help each other. You give me names, I'll give you this cool balloon."
5103,2522,5,9,67,81,1.2345679012345678,0.061542931262293925,613,"Listen wise guy, its a figure of speech that directly refers to one thing by mentioning another for rhetorical effect."
3984,2522,1,17,63,81,1.2345679012345678,0.050526868962175626,613,"This is the old good cop, bad clown routine."
5164,2522,3,13,65,81,1.2345679012345678,0.05630495926415497,613,"Ok, we are done clowning around here!"
6669,2522,3,13,65,81,1.2345679012345678,0.05630495926415497,613,"So you've never heard of 'good cop, sad cop'?"
5287,2522,1,17,63,81,1.2345679012345678,0.050526868962175626,613,We know the circus has a mole in our department -- why won't you tell Officer Chuckles and me who it is?
7158,2522,4,11,66,81,1.2345679012345678,0.05898211943501855,613,Maybe now that you have seen the way Mike handled that ballon you would like to tell us what really happened.
7145,2522,2,15,64,81,1.2345679012345678,0.05349398529208222,613,"Talk now, or we'll leave you alone in the room with Bozo until you do!"
7036,2522,3,13,65,81,1.2345679012345678,0.05630495926415497,613,"He can do them all, and his shift's just starting."
6961,2522,1,17,63,81,1.2345679012345678,0.050526868962175626,613,You flip kid and the balloon is yours.
6896,2522,4,11,66,81,1.2345679012345678,0.05898211943501855,613,"Inform on the cartel and the dog is yours."""
6854,2522,1,17,63,81,1.2345679012345678,0.050526868962175626,613,"Okay, buster, this is your last chance to man up. Otherwise, it's enhanced interrogation!"
6808,2522,4,11,66,81,1.2345679012345678,0.05898211943501855,613,"You have the right to remain stoic. Should you give up that right, any amusement can and will be used against you..."
6715,2522,4,11,66,81,1.2345679012345678,0.05898211943501855,613,"Alright, bud. You give us what we want and we'll give you what you want."
6695,2522,2,15,64,81,1.2345679012345678,0.05349398529208222,613,Okay - time to get serious about this.
2890,2522,2,15,64,81,1.2345679012345678,0.05349398529208222,613,You have the right not to laugh.......
6580,2522,5,9,67,81,1.2345679012345678,0.061542931262293925,613,"A Mr Jeff Koons says it’s his, not yours."
6566,2522,5,9,67,81,1.2345679012345678,0.061542931262293925,613,What kind of a wise guy asks for an English bulldog
6341,2522,3,13,65,81,1.2345679012345678,0.05630495926415497,613,"Take my word for it, he's the bad cop."
6148,2522,4,11,66,81,1.2345679012345678,0.05898211943501855,613,"No, CSI does not stand for Clown Scene Investigation"
6146,2522,1,17,63,81,1.2345679012345678,0.050526868962175626,613,Can you believe this Bozo?
6136,2522,1,17,63,81,1.2345679012345678,0.050526868962175626,613,"Listen up dirtbag! Detective Bozo has a very large safety pin in his pocket, and he's not afraid to use it!"
5953,2522,5,9,67,81,1.2345679012345678,0.061542931262293925,613,Last chance to confess or it’s 100 Trump Tweets recited in the “Crazy Klown “ voice !
5848,2522,1,17,63,81,1.2345679012345678,0.050526868962175626,613,And that's what Officer Puddles will do to you if you don't start talkin'.
5827,2522,0,19,62,81,1.2345679012345678,0.047374281121851596,613,All right. You know why we're in here. Now laugh.
5825,2522,2,15,64,81,1.2345679012345678,0.05349398529208222,613,You don't want us to bring in the bad clown
5823,2522,3,13,65,81,1.2345679012345678,0.05630495926415497,613,"Damn it, Johnson. I told you that ""Good cop, Hilarious cop"" wouldn't work."
5757,2522,2,15,64,81,1.2345679012345678,0.05349398529208222,613,They were out of ponies.
5650,2522,3,13,65,81,1.2345679012345678,0.05630495926415497,613,OKAY! No more clowning around.
5606,2522,4,11,66,81,1.2345679012345678,0.05898211943501855,613,Talk now or I’ll sic the good cop on you.
5476,2522,3,13,65,81,1.2345679012345678,0.05630495926415497,613,Kenny had become disillusioned with his position at the K9 department.
5322,2522,6,7,68,81,1.2345679012345678,0.06400136220162878,613,"I know what you asked for, but isn't this guy a lot more fun than some stuffy old lawyer?"
5303,2522,1,17,63,81,1.2345679012345678,0.050526868962175626,613,"Good Cop, Clown Cop. Works every time..."
5209,2522,2,15,64,81,1.2345679012345678,0.05349398529208222,613,There's an 82.6% chance you have a fear of clowns. Are you sure you want me leave you alone with Donald or are you ready to confess?
2873,2522,3,13,65,81,1.2345679012345678,0.05630495926415497,613,Law & Order: Jester Victims Unit
2307,2522,4,11,66,81,1.2345679012345678,0.05898211943501855,613,We have ways to make you squeak.
2734,2522,4,11,66,81,1.2345679012345678,0.05898211943501855,613,Do you have any idea why that balloon animal doesn't speak? It's a little hoarse!
1421,2522,5,9,67,81,1.2345679012345678,0.061542931262293925,613,"Listen, kid, you don't want to get on Bozo's bad side."
1399,2522,4,11,66,81,1.2345679012345678,0.05898211943501855,613,No! I'm the good clown.
1225,2522,2,15,64,81,1.2345679012345678,0.05349398529208222,613,"Don't play the fool here! That's Jeremy's job, and he's got a family to support."
1096,2522,4,11,66,81,1.2345679012345678,0.05898211943501855,613,Come clean or I'll leave you here with your worst nightmare.
1072,2522,4,11,66,81,1.2345679012345678,0.05898211943501855,613,Don't make me play Good Cop Bad Clown
1059,2522,2,15,64,81,1.2345679012345678,0.05349398529208222,613,He's much more effective than water-boarding
1013,2522,2,15,64,81,1.2345679012345678,0.05349398529208222,613,"This is serious business, son."
1007,2522,2,15,64,81,1.2345679012345678,0.05349398529208222,613,'Fess up now or I call in the mime.
966,2522,1,17,63,81,1.2345679012345678,0.050526868962175626,613,Only a bunch of clowns would believe that story!
955,2522,3,13,65,81,1.2345679012345678,0.05630495926415497,613,WE WERE UNDERCOVER!
949,2522,9,39,195,243,1.2345679012345678,0.03237307542504143,613,"Unless you tell us what you know, you're going to find out why this precinct is called the Fun House!"
901,2522,4,11,66,81,1.2345679012345678,0.05898211943501855,613,"Now that you've confessed, I'll send him out of the room."
1450,2522,4,11,66,81,1.2345679012345678,0.05898211943501855,613,"Come clean, or the puppy gets it."
893,2522,5,9,67,81,1.2345679012345678,0.061542931262293925,613,"Actually, he’s the “bad cop.”"
802,2522,3,13,65,81,1.2345679012345678,0.05630495926415497,613,"You’re a former member of the Clown Crime Syndicate...we know they have a man on the inside, so just tell us who!"
759,2522,4,11,66,81,1.2345679012345678,0.05898211943501855,613,"How about we play a little good cop, gag cop?"
725,2522,3,13,65,81,1.2345679012345678,0.05630495926415497,613,Anything you say can and will be used against you in a chortle of law.
675,2522,4,11,66,81,1.2345679012345678,0.05898211943501855,613,"Trust me, the next trick will be much worse."
630,2522,5,9,67,81,1.2345679012345678,0.061542931262293925,613,You wanna guess which one of us is the good cop?!
616,2522,4,11,66,81,1.2345679012345678,0.05898211943501855,613,"Now we're gonna play a little game I call Bad Cop, Idiot Cop."
487,2522,2,15,64,81,1.2345679012345678,0.05349398529208222,613,"Listen kid, do you think this is just fun & games?"
446,2522,3,13,65,81,1.2345679012345678,0.05630495926415497,613,You need to know that I'm the good cop.
316,2522,3,13,65,81,1.2345679012345678,0.05630495926415497,613,"“Ever hear of good cop, mad cop?"
220,2522,3,13,65,81,1.2345679012345678,0.05630495926415497,613,"Talk ... or so help me, no more mister nice clown!!"
95,2522,3,13,65,81,1.2345679012345678,0.05630495926415497,613,"Just because it's Bring Your Adult Son to Work Day, that doesn't mean I have to be proud of him."
2802,2522,2,15,64,81,1.2345679012345678,0.05349398529208222,613,"You don't get a prize, kid...he's just a bozo."
856,2522,4,11,66,81,1.2345679012345678,0.05898211943501855,613,I don’t see what’s so funny.
1469,2522,2,15,64,81,1.2345679012345678,0.05349398529208222,613,"You take my partner for a bozo, kid?"
1286,2522,3,13,65,81,1.2345679012345678,0.05630495926415497,613,"Looks like it's time for good cop, sad cop."
1518,2522,4,11,66,81,1.2345679012345678,0.05898211943501855,613,Now sing- and it better not be the aria from Pagliacci!
2727,2522,4,11,66,81,1.2345679012345678,0.05898211943501855,613,"We don't actually think of it as a ""Good cop/Bad cop-- it's more ""Monologist Cop/Clown cop."""
2683,2522,4,11,66,81,1.2345679012345678,0.05898211943501855,613,"Dammit Johnson, Bad Cop! Not bad clown!"
2636,2522,4,11,66,81,1.2345679012345678,0.05898211943501855,613,I’m the good cop; he’s silly cop.
2619,2522,3,13,65,81,1.2345679012345678,0.05630495926415497,613,"Just tell us who your exotic pet supplier is son, and we can make this all disappear."
2605,2522,3,13,65,81,1.2345679012345678,0.05630495926415497,613,"If you won't talk for him, we've got 57 more waiting in the car downstairs."
2486,2522,2,15,64,81,1.2345679012345678,0.05349398529208222,613,"Jimmy, I’m trying to help you here. Tell me who did it before my partner seltzers you."
2440,2522,1,17,63,81,1.2345679012345678,0.050526868962175626,613,You'll crack up in no time now.
2428,2522,5,9,67,81,1.2345679012345678,0.061542931262293925,613,You look at me when I'm talking to you!!
2356,2522,5,28,129,162,1.2345679012345678,0.038711722910830054,613,well do you want the dog or not
1514,2522,1,17,63,81,1.2345679012345678,0.050526868962175626,613,Funny? Koons didnt think it was funny!
2266,2522,3,13,65,81,1.2345679012345678,0.05630495926415497,613,"NO, It's Not President Trump! The First Family Does Not Have a Dog!"
2194,2522,2,15,64,81,1.2345679012345678,0.05349398529208222,613,Tell us what you know or Officer Bozo will pop the dog.
2166,2522,4,11,66,81,1.2345679012345678,0.05898211943501855,613,"Our sketch artist quit, so this will have to do."
2163,2522,2,15,64,81,1.2345679012345678,0.05349398529208222,613,This case is still evolving.
2355,2522,3,13,65,81,1.2345679012345678,0.05630495926415497,613,"That's right, punk. If you don't start talking fast, I leave you alone with the Lieutenant until Monday."
2015,2522,4,11,66,81,1.2345679012345678,0.05898211943501855,613,"If you know what's good for you, you'll quit treating us like a couple of Bozos."
1652,2522,5,9,67,81,1.2345679012345678,0.061542931262293925,613,"No, we're not Benson and Stabler. We're Barnum and Bailey."
2102,2522,2,15,64,81,1.2345679012345678,0.05349398529208222,613,"Yeah, that's right! He's bad cop"
1771,2522,1,17,63,81,1.2345679012345678,0.050526868962175626,613,He's here to twist you into a stool pigeon!
1857,2522,2,15,64,81,1.2345679012345678,0.05349398529208222,613,Budget cuts - no sketch artist. Well?
1881,2522,1,17,63,81,1.2345679012345678,0.050526868962175626,613,Fail to cooperate--and you'll look like that balloon animal...
1703,2522,3,13,65,81,1.2345679012345678,0.05630495926415497,613,I’m the good cop. I don’t think you want to mess with him!
1902,2522,3,13,65,81,1.2345679012345678,0.05630495926415497,613,"We used to have a ""Good Cop"" and a ""Bad Cop"" but after the budget cuts this was all we could afford"
1906,2522,2,15,64,81,1.2345679012345678,0.05349398529208222,613,My partner would like to ask you a few questions - and no funny business!
1941,2522,2,15,64,81,1.2345679012345678,0.05349398529208222,613,"This is the FBI, Zuckerberg. You seem to think that we are clowning around."
1963,2522,5,9,67,81,1.2345679012345678,0.061542931262293925,613,My other partners are still in the car.
1981,2522,3,13,65,81,1.2345679012345678,0.05630495926415497,613,Admit it. You killed the balloon dog with a pin!
1892,2522,2,15,64,81,1.2345679012345678,0.05349398529208222,613,"And if you won't cooperate with Officer Chuckles, I have plenty of other partners waiting out in my cruiser."
5740,2642,7,30,151,188,1.2340425531914894,0.03683571865661232,613,We found this in your suitcase; did you think you could pull something over on a well trained TSA clown?
977,2643,4,27,119,150,1.2333333333333334,0.039478328284971595,613,"so you think this is just some sort of circus , do ya"
5640,2644,4,28,123,155,1.232258064516129,0.038639791683679696,613,"So, who's the ""clown"" now?"
5106,2645,4,11,67,82,1.2317073170731707,0.058328572493308625,613,"""Ever hear of 'good cop, bad clown'""?"
7304,2645,5,9,68,82,1.2317073170731707,0.060855044912969156,613,Officer Flopsy's dog says drugs...that's good enough for me.
6519,2645,3,13,66,82,1.2317073170731707,0.05568759508952443,613,"Our sketch artist is out sick, but Detective Pagliacci is filling in. Just don't go crazy with details, ok pal?"
6298,2645,5,9,68,82,1.2317073170731707,0.060855044912969156,613,Sorry. The regular good cop is sick.
5379,2645,2,15,65,82,1.2317073170731707,0.05291497070397462,613,No you said he's funny! Funny how??!! Like he's a clown? Like he amuses you?!
5338,2645,2,15,65,82,1.2317073170731707,0.05291497070397462,613,Nobody will believe you that a clown beat the truth out of you.
4601,2645,3,13,66,82,1.2317073170731707,0.05568759508952443,613,"Yes, it's his real hair. Now what else can you tell us about the dog?"
2317,2645,1,17,64,82,1.2317073170731707,0.04998879876882579,613,"No, that is not Trump, that is one of our officers."
3228,2645,3,13,66,82,1.2317073170731707,0.05568759508952443,613,You wanna wind up like dis guy?
2841,2645,3,13,66,82,1.2317073170731707,0.05568759508952443,613,TELL THE TRUTH AND YOU GET THE PUPPY?
2453,2645,2,15,65,82,1.2317073170731707,0.05291497070397462,613,Budget Cuts Have Reduced Our Good Cop-Bad Cop Routine to a Bare Minimum.
3307,2645,3,13,66,82,1.2317073170731707,0.05568759508952443,613,"If you think we're about to play a game of ""bad cop, good cop"", you'd better think again."
699,2645,3,13,66,82,1.2317073170731707,0.05568759508952443,613,"It ain't no laughing matter, Punk."
515,2645,1,17,64,82,1.2317073170731707,0.04998879876882579,613,"We have someone that can place you at the circus, right Donny?"
16,2645,2,15,65,82,1.2317073170731707,0.05291497070397462,613,"OK, bud. You clown around with us, we clown around with you!"
6212,2660,5,21,108,134,1.2313432835820894,0.043567459954432904,613,we will not turn this trial into a circus
5865,2661,5,25,122,152,1.230263157894737,0.04011832744092849,613,"Sure, you can wait for your lawyer to get here... But I should tell you -- Birthday Boy's down the hall, singin' and blowin' out candles!"
4538,2662,2,25,99,126,1.2301587301587302,0.04088341676880569,613,You don't really want to work here -- the place is a circus!
1702,2663,0,26,87,113,1.2300884955752212,0.039770298027183626,613,"Actually, he's the bad cop...and he will squeeze the truth out of you!"
3513,2664,4,26,118,148,1.2297297297297298,0.03964193778960474,613,"Today’s your lucky day, pal. Meet special agent Bozo, from our twisted crimes division..."
4890,2665,2,29,113,144,1.2291666666666667,0.03780952291830754,613,I'm a sweetheart compared to my partner here. He'll have you in stitches.
2135,2665,7,52,229,288,1.2291666666666667,0.028015700965364404,613,"That's right, this isn't your Dad's good cop, bad cop."
864,2667,4,11,68,83,1.2289156626506024,0.05768911891870085,613,"Believe me punk, you're gonna wanna deal with me."
5982,2667,6,26,134,166,1.2289156626506024,0.03883160526811961,613,"Listen Bozo, we know how to deal with someone like you."
5951,2669,2,25,100,127,1.2283464566929134,0.04060068959075312,613,"You think we are funny, funny how, like clowns, we amuse you - how are we funny?"
4687,2670,3,12,64,79,1.2278481012658229,0.05682662691885053,613,"Thanks to undercover officer Jangles here, you have heisted your last teeny weeny tiny car."
4712,2670,3,12,64,79,1.2278481012658229,0.05682662691885053,613,I have a balloon gun. Don't try me.
4745,2670,2,14,63,79,1.2278481012658229,0.0538952278235385,613,It’s called an Unhappy Meal.
4759,2670,2,14,63,79,1.2278481012658229,0.0538952278235385,613,"Go easy on him, the divorce has been rough."
4686,2670,2,14,63,79,1.2278481012658229,0.0538952278235385,613,"Look, he's the President of the company! Just tell him it looks like a dog!"
4766,2670,2,14,63,79,1.2278481012658229,0.0538952278235385,613,"All right, now we're putting on the kid gloves."
4844,2670,7,4,68,79,1.2278481012658229,0.06728703668810705,613,"Alright, Sondheim, you asked for it"
4899,2670,1,16,62,79,1.2278481012658229,0.050794937122985086,613,"No, this is not a litmus test. But what public figure does this man remind you of?"
4905,2670,2,14,63,79,1.2278481012658229,0.0538952278235385,613,It's not just a balloon to this clown!
5206,2670,3,12,64,79,1.2278481012658229,0.05682662691885053,613,Don't be fooled. I'm the good cop. He'll twist it out of you!
4913,2670,4,10,65,79,1.2278481012658229,0.059614054314375706,613,"So, you think we're just playing around with you, huh?"
4944,2670,3,12,64,79,1.2278481012658229,0.05682662691885053,613,"Yeah, Einstein!! I am the bad guy here!!"
4946,2670,1,16,62,79,1.2278481012658229,0.050794937122985086,613,Clowns and elephants are the pegs on which justice is hung!
5012,2670,2,14,63,79,1.2278481012658229,0.0538952278235385,613,"All right, bud, you wanna talk about the elephant in the room? Sure. But we can't exactly find him. He's probably with the 50 other clowns, also in this room."
5047,2670,5,8,66,79,1.2278481012658229,0.062276844947544076,613,Budget cuts
5076,2670,4,10,65,79,1.2278481012658229,0.059614054314375706,613,"Talk or I send in the clowns!"""
4680,2670,3,12,64,79,1.2278481012658229,0.05682662691885053,613,"Even Mr. Miffles doesn't buy your alibi, punk."
5297,2670,6,6,67,79,1.2278481012658229,0.06483035833190771,613,"No, stupid! I'M the good cop."
5312,2670,5,8,66,79,1.2278481012658229,0.062276844947544076,613,"Oh that, Derrick.. that's a little thing we call an 'enhanced interrogation technique,' aka 'the night terror,' aka 'sweet dreams a**hole' ... Tootles he's all yours.."
4912,2670,3,12,64,79,1.2278481012658229,0.05682662691885053,613,Please cooperate or you’ll get good cop bad clown.
4662,2670,3,12,64,79,1.2278481012658229,0.05682662691885053,613,You ain’t seen a bad cop ‘til you’ve tangled with Detective Chuckles here.
4369,2670,4,10,65,79,1.2278481012658229,0.059614054314375706,613,''We're testing a new Tough Cop - Fun Cop interrogation protocol.
4632,2670,4,10,65,79,1.2278481012658229,0.059614054314375706,613,"Wipe that smile off your face, the party is over!"
5334,2670,4,10,65,79,1.2278481012658229,0.059614054314375706,613,"That's right, he called you a little girl because big boys always go for the sword."
3788,2670,4,10,65,79,1.2278481012658229,0.059614054314375706,613,"Listen pal, you think he’s annoying? I’ll give you one last chance to tell me what you saw, or else I’m bringing in the mime!"
3765,2670,2,14,63,79,1.2278481012658229,0.0538952278235385,613,And you though I was your worst nightmare!
3842,2670,2,14,63,79,1.2278481012658229,0.0538952278235385,613,"No good cop here. It's bad cop, evil clown!"
3978,2670,2,14,63,79,1.2278481012658229,0.0538952278235385,613,Wise up kid! You’re not dealing with a couple of Bozo’s here.
4008,2670,3,12,64,79,1.2278481012658229,0.05682662691885053,613,I can't work with this clown anymore!
4095,2670,4,10,65,79,1.2278481012658229,0.059614054314375706,613,"Look, I'm on your side here kid, but I can only protect you from Detective Chuckles if you work with me on this."
4165,2670,1,16,62,79,1.2278481012658229,0.050794937122985086,613,Say hello to my little friend!
4177,2670,3,12,64,79,1.2278481012658229,0.05682662691885053,613,You think we're just clowning-around with you?
4232,2670,1,16,62,79,1.2278481012658229,0.050794937122985086,613,Squeakers here smelled contraband on your person
4241,2670,3,12,64,79,1.2278481012658229,0.05682662691885053,613,"Do you really think we're clowning around, bozo?"
4278,2670,1,16,62,79,1.2278481012658229,0.050794937122985086,613,Ten minutes alone with Officer Jingles and you’ll wish you never heard of static electricity.
4293,2670,3,12,64,79,1.2278481012658229,0.05682662691885053,613,confess or we'll let him tell jokes.
4364,2670,4,10,65,79,1.2278481012658229,0.059614054314375706,613,"Alright, that's it! No more funny business!"
4412,2670,2,14,63,79,1.2278481012658229,0.0538952278235385,613,"Trust me son, you'll talk."
4434,2670,3,12,64,79,1.2278481012658229,0.05682662691885053,613,You don't wanna see the bad cop.
4468,2670,4,10,65,79,1.2278481012658229,0.059614054314375706,613,"Talk, or next he’ll make you a fluffy hat."
4486,2670,1,16,62,79,1.2278481012658229,0.050794937122985086,613,Don't toy with us. You'll be sorry!
4606,2670,3,12,64,79,1.2278481012658229,0.05682662691885053,613,"Yeah sure, I’m the bad cop. But believe me, he ain’t so good either."
4637,2670,2,14,63,79,1.2278481012658229,0.0538952278235385,613,"It's our good cop, creepy cop routine. You got a problem with that?"
5341,2670,4,10,65,79,1.2278481012658229,0.059614054314375706,613,Officer Miranda says you have the right to this balloon dog.
7273,2670,4,10,65,79,1.2278481012658229,0.059614054314375706,613,You're ignoring the elephant in the room.
5356,2670,3,12,64,79,1.2278481012658229,0.05682662691885053,613,I want you to show me on this dog where he popped you.
6539,2670,1,16,62,79,1.2278481012658229,0.050794937122985086,613,"Have you heard of good cop, deranged cop?"
6551,2670,2,14,63,79,1.2278481012658229,0.0538952278235385,613,"You've got exactly 5 minutes to come clean. After that, we release the police dog."
6554,2670,1,16,62,79,1.2278481012658229,0.050794937122985086,613,"Yes, we have it on file that you are allergic to dogs."
6633,2670,5,8,66,79,1.2278481012658229,0.062276844947544076,613,You won't be laughing after my partner is through with you.
6644,2670,2,14,63,79,1.2278481012658229,0.0538952278235385,613,Is this entertaining to you?
6656,2670,2,14,63,79,1.2278481012658229,0.0538952278235385,613,Why does nobody ever believe I'm the good cop?
6681,2670,2,14,63,79,1.2278481012658229,0.0538952278235385,613,"Then, when your daughter wasn’t looking you just threw this little fellow into the trash."
6731,2670,1,16,62,79,1.2278481012658229,0.050794937122985086,613,And don't say it's a horse of a different color.
6752,2670,0,18,61,79,1.2278481012658229,0.04749269093771061,613,Don’t mess with me son. For the last time I’m officer Bubbles and he’s officer O’Reilly.
6784,2670,2,14,63,79,1.2278481012658229,0.0538952278235385,613,You think this is some kind of a joke!
6796,2670,3,12,64,79,1.2278481012658229,0.05682662691885053,613,Oh yea? I'll show you not-funny.
6989,2670,5,8,66,79,1.2278481012658229,0.062276844947544076,613,Enough already! Just tell us why you didn't listen when this clown instructed you to place your laptop in a separate bin.
7094,2670,2,14,63,79,1.2278481012658229,0.0538952278235385,613,Why didn't you tell us it's your birthday?
7116,2670,3,12,64,79,1.2278481012658229,0.05682662691885053,613,A final bit of advice? Don't make the clown cry.
7173,2670,3,12,64,79,1.2278481012658229,0.05682662691885053,613,Maybe this will help you to remember...
7174,2670,2,14,63,79,1.2278481012658229,0.0538952278235385,613,Unfortunately for you our good clown is off tonight.
7264,2670,2,14,63,79,1.2278481012658229,0.0538952278235385,613,"No, we're not playing good cop, sad cop."
7281,2670,5,8,66,79,1.2278481012658229,0.062276844947544076,613,"Still think you're the life of the party, punk?"
3755,2670,4,10,65,79,1.2278481012658229,0.059614054314375706,613,Don't play dumb with me ? that's his job.
7296,2670,3,12,64,79,1.2278481012658229,0.05682662691885053,613,‘ After I’m through with you my partner would like you to cheer him up.’
5344,2670,2,14,63,79,1.2278481012658229,0.0538952278235385,613,"Not so funny now, is it?"
6471,2670,3,12,64,79,1.2278481012658229,0.05682662691885053,613,"'Listen, we take our undercover K-9 team extremely seriously."""
6190,2670,5,8,66,79,1.2278481012658229,0.062276844947544076,613,"For the last time, we can't afford a real sketch artist!"
5411,2670,3,12,64,79,1.2278481012658229,0.05682662691885053,613,And just who are you calling a clown?
5458,2670,2,14,63,79,1.2278481012658229,0.0538952278235385,613,"You give us any more static, and this canine is gonna be all over you."
5485,2670,3,12,64,79,1.2278481012658229,0.05682662691885053,613,You think this is bad? Wait until he brings out the dummy.
5489,2670,0,18,61,79,1.2278481012658229,0.04749269093771061,613,"I’m not going to fall for the old good cop, bad clown routine."
5520,2670,5,8,66,79,1.2278481012658229,0.062276844947544076,613,One more lie and the balloon gets it!
5523,2670,2,14,63,79,1.2278481012658229,0.0538952278235385,613,"No more clowning around Rocky , the pies come out next !"
5571,2670,3,12,64,79,1.2278481012658229,0.05682662691885053,613,Spill it or the dog gets it!
5690,2670,4,10,65,79,1.2278481012658229,0.059614054314375706,613,"Per your plea deal, you get an hour with Gary the fun cop."
5774,2670,1,16,62,79,1.2278481012658229,0.050794937122985086,613,Trust me - you don't want to see him blow and twist YOU into a dog!
5811,2670,4,10,65,79,1.2278481012658229,0.059614054314375706,613,Son. It's about tradition.
5845,2670,2,14,63,79,1.2278481012658229,0.0538952278235385,613,And just what about this situation do you find funny?
5871,2670,3,12,64,79,1.2278481012658229,0.05682662691885053,613,You think this is funny? We aren't clowning around here!
5873,2670,3,12,64,79,1.2278481012658229,0.05682662691885053,613,Yes! This is our forensic team.
5884,2670,2,14,63,79,1.2278481012658229,0.0538952278235385,613,No you blew it out of proportion.
5947,2670,5,8,66,79,1.2278481012658229,0.062276844947544076,613,"Mr. Zuckerberg, traditionally we have here the good-cop and the bad-cop. We decided to hire a clown-cop, in case you keep answering as you did in Congress."
6025,2670,5,8,66,79,1.2278481012658229,0.062276844947544076,613,Why him? Our bad cop's in anger management training.
6094,2670,4,10,65,79,1.2278481012658229,0.059614054314375706,613,"Good cop, bozo cop."
6097,2670,3,12,64,79,1.2278481012658229,0.05682662691885053,613,Guess you can teach an old cop new tricks
6160,2670,4,10,65,79,1.2278481012658229,0.059614054314375706,613,"Look sir, this is your final chance to sing before I “Send in The Clowns!”"
6441,2670,4,10,65,79,1.2278481012658229,0.059614054314375706,613,Meet Detective. Boswell...he’s angry and he’s got all night.
3718,2670,3,12,64,79,1.2278481012658229,0.05682662691885053,613,"We don’t want to get officer Jekyl angry now, do we?"
6526,2670,2,14,63,79,1.2278481012658229,0.0538952278235385,613,No one ever made a difference by being like everyone else.
3501,2670,2,14,63,79,1.2278481012658229,0.0538952278235385,613,"No, you can’t waive your rights to an attorney in exchange for a red balloon dog."
1132,2670,1,16,62,79,1.2278481012658229,0.050794937122985086,613,What part of 20 years to life do you find so funny?
1165,2670,4,10,65,79,1.2278481012658229,0.059614054314375706,613,"Bear with us, our shrink is on vacation, so we're kind of winging it here. Now can you show me on this doll where the scary clown touched you?"
1188,2670,2,14,63,79,1.2278481012658229,0.0538952278235385,613,We're not playing around here!
1221,2670,2,14,63,79,1.2278481012658229,0.0538952278235385,613,I think you know which is the good cop and which is the bad...
1323,2670,2,14,63,79,1.2278481012658229,0.0538952278235385,613,He’s the bad cop. I’m the worse cop.
1327,2670,1,16,62,79,1.2278481012658229,0.050794937122985086,613,Alright well this clearly isn’t working. Let’s just bring in the sketch artist.
1355,2670,1,16,62,79,1.2278481012658229,0.050794937122985086,613,"It's good cop, evil clown cop now?!"
1364,2670,5,8,66,79,1.2278481012658229,0.062276844947544076,613,"Is this, or is this not, the horse you rode in on?"
1394,2670,3,12,64,79,1.2278481012658229,0.05682662691885053,613,Let's go over your story one more time. A dog and a clown walked into a bar...
1430,2670,4,10,65,79,1.2278481012658229,0.059614054314375706,613,We have ways to make you laugh.
1516,2670,4,10,65,79,1.2278481012658229,0.059614054314375706,613,You're going to have work a lot harder if you want to be the class clown.
1541,2670,2,14,63,79,1.2278481012658229,0.0538952278235385,613,What do you mean IT is right behind me?
1576,2670,4,10,65,79,1.2278481012658229,0.059614054314375706,613,He's investigating funny money.
1577,2670,4,10,65,79,1.2278481012658229,0.059614054314375706,613,Do you think we’re clowning around here?
1581,2670,3,12,64,79,1.2278481012658229,0.05682662691885053,613,The bad cop is on vacation.
1587,2670,2,14,63,79,1.2278481012658229,0.0538952278235385,613,"Believe me, I have an even badder cop...."
1599,2670,2,14,63,79,1.2278481012658229,0.0538952278235385,613,"You should be scared, where you’re going, the party is over."
1664,2670,2,14,63,79,1.2278481012658229,0.0538952278235385,613,That's right - I'm the good cop.
1689,2670,3,12,64,79,1.2278481012658229,0.05682662691885053,613,Show us where he touched you . . .
1070,2670,1,16,62,79,1.2278481012658229,0.050794937122985086,613,We have whimsical ways to make you talk.
1704,2670,1,16,62,79,1.2278481012658229,0.050794937122985086,613,Let's not blow this out of proportion.
1018,2670,2,14,63,79,1.2278481012658229,0.0538952278235385,613,You want the mime?
902,2670,1,16,62,79,1.2278481012658229,0.050794937122985086,613,Can you guess which one of us is the bad cop?
3528,2670,2,14,63,79,1.2278481012658229,0.0538952278235385,613,"Well if I thought you were telling the truth, do you think I'd have brought in this clown?"
48,2670,2,14,63,79,1.2278481012658229,0.0538952278235385,613,"You can't make a clown out of Jim, because he already is one."
60,2670,2,14,63,79,1.2278481012658229,0.0538952278235385,613,"Good cop? No, he’s the VERY bad cop."
96,2670,5,8,66,79,1.2278481012658229,0.062276844947544076,613,You have the right to an attorney. Officer Grant has your attorney.
131,2670,3,12,64,79,1.2278481012658229,0.05682662691885053,613,"'YES! He does parties too"""
244,2670,1,16,62,79,1.2278481012658229,0.050794937122985086,613,You're really not gonna like it when he starts honking his nose and chuckling.
329,2670,3,12,64,79,1.2278481012658229,0.05682662691885053,613,Still won't talk? How about we bring in a mime.
409,2670,2,14,63,79,1.2278481012658229,0.0538952278235385,613,You think I'm the bad cop?
426,2670,3,12,64,79,1.2278481012658229,0.05682662691885053,613,We have ways of getting answers out of people.
436,2670,1,16,62,79,1.2278481012658229,0.050794937122985086,613,That's right. Tell us the truth and it's all yours.
493,2670,2,14,63,79,1.2278481012658229,0.0538952278235385,613,"Good cop wasn't working out, so we've brought in funny cop."
496,2670,5,8,66,79,1.2278481012658229,0.062276844947544076,613,"And if we can tell you're not giving us the whole story, it'll be the entire birthday party package."
505,2670,3,12,64,79,1.2278481012658229,0.05682662691885053,613,"And if you still won't talk, we'll bring in the mime."
530,2670,4,10,65,79,1.2278481012658229,0.059614054314375706,613,We know you're lying kid. This ain't our first rodeo ...
562,2670,3,12,64,79,1.2278481012658229,0.05682662691885053,613,I suppose you think this is funny!
584,2670,3,12,64,79,1.2278481012658229,0.05682662691885053,613,"You think this is funny, punk?"
621,2670,1,16,62,79,1.2278481012658229,0.050794937122985086,613,"Answer the question, pal, or your next stop is the fun house."
722,2670,2,14,63,79,1.2278481012658229,0.0538952278235385,613,"Look, kid, Detective Binky wants to give you that balloon. Nothing'd make him happier. The question is, am I gonna let him?"
821,2670,4,10,65,79,1.2278481012658229,0.059614054314375706,613,Come on kid...How much is that doggie with the weirdo?
973,2670,3,12,64,79,1.2278481012658229,0.05682662691885053,613,So you say you've never seen this balloon before?
1773,2670,4,10,65,79,1.2278481012658229,0.059614054314375706,613,"We're done playing nice, answer my questions or I bring in a mime."
1041,2670,1,16,62,79,1.2278481012658229,0.050794937122985086,613,"Do we look like we're clowning around, buddy?"
1851,2670,5,8,66,79,1.2278481012658229,0.062276844947544076,613,"Now for a little ""good cop, bad cop, balloon prop."""
2856,2670,2,14,63,79,1.2278481012658229,0.0538952278235385,613,How did you know he was an undercover cop?
2881,2670,3,12,64,79,1.2278481012658229,0.05682662691885053,613,There's something funny going on here!
2948,2670,2,14,63,79,1.2278481012658229,0.0538952278235385,613,"What do you mean, ""too representational?"" Mr. Giggles' work is in the MET!"
3059,2670,2,14,63,79,1.2278481012658229,0.0538952278235385,613,You had better think again. I'm not the bad cop!
3068,2670,2,14,63,79,1.2278481012658229,0.0538952278235385,613,I'm not clowning around!
3085,2670,3,12,64,79,1.2278481012658229,0.05682662691885053,613,"Kid, this is not the time to clown around."
3095,2670,6,6,67,79,1.2278481012658229,0.06483035833190771,613,"Alright Charlie, who do you think we are, the Keystone Cops?"
3129,2670,3,12,64,79,1.2278481012658229,0.05682662691885053,613,This is all part of the routine.
2720,2670,3,12,64,79,1.2278481012658229,0.05682662691885053,613,He's only here because you're a minor. The trial should be a full-blown circus.
3150,2670,4,10,65,79,1.2278481012658229,0.059614054314375706,613,"Look, Scumbag. You either tell me what happened or I send in the clowns."
3204,2670,3,12,64,79,1.2278481012658229,0.05682662691885053,613,"So what's it gonna be, Dinky... You talk or THE GIRAFFE?"
3219,2670,3,12,64,79,1.2278481012658229,0.05682662691885053,613,Your alibi doesn’t wash. What kind of clowns do you take us for?
3314,2670,2,14,63,79,1.2278481012658229,0.0538952278235385,613,"Start singing, pal, or I send in the clown."
3330,2670,2,14,63,79,1.2278481012658229,0.0538952278235385,613,Jeff Koons's gap year
3347,2670,4,10,65,79,1.2278481012658229,0.059614054314375706,613,"He says you blew his friends up, too."
3364,2670,2,14,63,79,1.2278481012658229,0.0538952278235385,613,"You should trust me, I'M the good cop."
3425,2670,2,14,63,79,1.2278481012658229,0.0538952278235385,613,Talk to me or you'll have to deal with him!!
3473,2670,2,14,63,79,1.2278481012658229,0.0538952278235385,613,Failed Interrogation Technic # 4. Sad Cop / Funny Cop.
3190,2670,1,16,62,79,1.2278481012658229,0.050794937122985086,613,Don't make me bring in the Bad Clown.
2694,2670,4,10,65,79,1.2278481012658229,0.059614054314375706,613,No. I'm the good cop. You don't wanna meet this sicko.
1801,2670,3,12,64,79,1.2278481012658229,0.05682662691885053,613,I hear you are the ringmaster...
2671,2670,4,10,65,79,1.2278481012658229,0.059614054314375706,613,Does it look like we are clowning around here?
1861,2670,3,12,64,79,1.2278481012658229,0.05682662691885053,613,Start talkin' or Bobo will be glad to take you on a ride with seven of his friends in a tiny police cruiser.
1864,2670,4,10,65,79,1.2278481012658229,0.059614054314375706,613,Now quit making a clown outta my partner
1912,2670,2,14,63,79,1.2278481012658229,0.0538952278235385,613,Don't look at It! Look at me!
2077,2670,4,10,65,79,1.2278481012658229,0.059614054314375706,613,"Listen, if you won't tell me what happened, Officer Koons here is going to make you appreciate his latest ""work of art."""
2099,2670,1,16,62,79,1.2278481012658229,0.050794937122985086,613,"Bad cop, clown cop, kid. Your choice."
2144,2670,3,12,64,79,1.2278481012658229,0.05682662691885053,613,"Yea, yea, you guessed it he's the good cop, I'm the bad cop."
2188,2670,1,16,62,79,1.2278481012658229,0.050794937122985086,613,The Bad Cop routine wasn’t scary enough.
2218,2670,4,10,65,79,1.2278481012658229,0.059614054314375706,613,He says you're the ringleader.
2237,2670,6,6,67,79,1.2278481012658229,0.06483035833190771,613,He is the good cop. I am the bad cop.
2269,2670,1,16,62,79,1.2278481012658229,0.050794937122985086,613,"Good cop, bad cop was not working."
2309,2670,2,14,63,79,1.2278481012658229,0.0538952278235385,613,"Either you tell us what you know, or the dog dies."
2313,2670,2,14,63,79,1.2278481012658229,0.0538952278235385,613,"Listen kid, either talk to me now or I’ll give you a fate worse than death: 8 hours worth of watching Bozo over there make little balloon animals. It’s your choice."
2353,2670,5,8,66,79,1.2278481012658229,0.062276844947544076,613,This is a bad and an even worse cop scenario.
2402,2670,1,16,62,79,1.2278481012658229,0.050794937122985086,613,"We're gonna play a little game called good cop, clown cop."
2433,2670,1,16,62,79,1.2278481012658229,0.050794937122985086,613,"You think you’re Mr. Funny Business, don’t ya. Well, we’ll see who’s laughing when Detective Bubbles is through with you."
2452,2670,5,8,66,79,1.2278481012658229,0.062276844947544076,613,You don't want to know what the bad cop has prepared...
2574,2670,5,8,66,79,1.2278481012658229,0.062276844947544076,613,Is this funny to you?
2594,2670,1,16,62,79,1.2278481012658229,0.050794937122985086,613,Now imagine what he’ll do to your intestines if you don’t tell me what I want to know.
2655,2670,0,18,61,79,1.2278481012658229,0.04749269093771061,613,"I suppose you think we're just a bunch of clowns, well do ya punk?"
3478,2670,2,14,63,79,1.2278481012658229,0.0538952278235385,613,It's up to you: talk or we send in Carrot Top.
3498,2670,1,16,62,79,1.2278481012658229,0.050794937122985086,613,"Good cop? Buddy, I am the good cop."
742,2851,7,19,119,145,1.2275862068965517,0.04348869979860371,613,"But what if we’re actually playing ‘Bad cop, Really bad clown?’"
1714,2852,5,22,114,141,1.2269503546099292,0.04194944891243331,613,We can do this all day Bozo.
1262,2853,4,14,79,97,1.2268041237113403,0.05182484925036314,613,"You've got your choice, good cop or bad clown."
3252,2854,4,11,69,84,1.2261904761904763,0.057063317179970284,613,"Budget cuts are step this year, we can't afford our usual K-9 units"
3148,2855,4,26,121,151,1.2251655629139073,0.03893979666458652,613,Don't make him bring out the water hose!
35,2856,4,10,66,80,1.225,0.05893302355914539,613,You better start squawking. I'm Good Cop.
1245,2856,2,14,64,80,1.225,0.0532934318037197,613,And you thought I was the bad cop!
2457,2856,4,10,66,80,1.225,0.05893302355914539,613,We can do this the hard way or we can do this the fun way.
3172,2856,1,16,63,80,1.225,0.050236781119167954,613,Funny how? Like he’s here to amuse you?
4469,2856,3,12,65,80,1.225,0.056184033048725275,613,You gonna confess--or does my partner need to squirt some WATER onto your FACE?!
6455,2856,2,14,64,80,1.225,0.0532934318037197,613,You have a right to remain entertained
2295,2862,13,52,282,347,1.2247838616714697,0.026836263915928745,613,Fun cop or fu@k you up cop; take your pick.
402,2863,9,62,286,357,1.2240896358543418,0.025100563975055105,613,Him dressed as a clown doesn’t make me the bad cop
4626,2864,2,21,89,112,1.2232142857142858,0.04340298844712003,613,"Wipe that smile off your face, punk."
2340,2865,5,56,235,296,1.222972972972973,0.026492071732485453,613,I told you were not clowning around
2632,2866,5,24,124,153,1.2222222222222223,0.03958659589207586,613,"Jamison, you've failed the exam for the last time. We can't let clowns like you on the force."
210,2866,1,24,92,117,1.2222222222222223,0.04046428004051277,613,"If you think I’m the bad cop, wait until you hear his joke."
4160,2868,2,13,62,77,1.2207792207792207,0.05428770923216617,613,"That phone call thing is old news. These days, you get a balloon animal."
4426,2868,1,15,61,77,1.2207792207792207,0.05104303942770242,613,This case is a joke! It's absolutely inflated!
4444,2868,2,13,62,77,1.2207792207792207,0.05428770923216617,613,"Talk now, or he makes the dog squik."
4529,2868,3,11,63,77,1.2207792207792207,0.057349096534596404,613,The balloon animal isn't what you think it's for!
4553,2868,2,13,62,77,1.2207792207792207,0.05428770923216617,613,Talk! Or you are going to hear that balloon squeak again.
4920,2868,3,11,63,77,1.2207792207792207,0.057349096534596404,613,"Everybody loves a clown, what is your problem?"
4971,2868,1,15,61,77,1.2207792207792207,0.05104303942770242,613,We know how to make you talk.
4987,2868,3,11,63,77,1.2207792207792207,0.057349096534596404,613,"Don't take us for clowns, pal."
5145,2868,3,11,63,77,1.2207792207792207,0.057349096534596404,613,The polygraph machine is broken.
5158,2868,3,11,63,77,1.2207792207792207,0.057349096534596404,613,Are we goint to do this the easy way or the clown way?
5231,2868,1,15,61,77,1.2207792207792207,0.05104303942770242,613,Talk or the dog gets it. No funny business.
5319,2868,2,13,62,77,1.2207792207792207,0.05428770923216617,613,"That's right, he was undercover. You sold this blow to a cop."
5399,2868,1,15,61,77,1.2207792207792207,0.05104303942770242,613,So you're saying it was all just fun and games until some clown and his dog showed up.
6611,2868,2,13,62,77,1.2207792207792207,0.05428770923216617,613,"Yes, that is a dog"
5918,2868,2,13,62,77,1.2207792207792207,0.05428770923216617,613,"Look, I’m the good cop. You don’t want to have to deal with the bad cop."
6018,2868,1,15,61,77,1.2207792207792207,0.05104303942770242,613,"You've never heard of good cop, clown cop?"
6230,2868,4,9,64,77,1.2207792207792207,0.06025514395462593,613,You think this is funny?! Wait until you see the next guy.
6275,2868,1,15,61,77,1.2207792207792207,0.05104303942770242,613,I'm the bad good cop and he's the good bad cop.
6462,2868,3,11,63,77,1.2207792207792207,0.057349096534596404,613,Good cop / bad cop doesn't seem to work anymore. We're trying something new.
6489,2868,4,9,64,77,1.2207792207792207,0.06025514395462593,613,"Confess now, or else we give you the Third Hee-Hee!"
3985,2868,1,15,61,77,1.2207792207792207,0.05104303942770242,613,"If you want that balloon animal, you better start talking."
6660,2868,3,11,63,77,1.2207792207792207,0.057349096534596404,613,"Tell us where the money is, and Bonzo will make a giraffe."
6841,2868,3,11,63,77,1.2207792207792207,0.057349096534596404,613,It's time for 'bad cop' to turn you over to 'mad cop'!
6951,2868,6,5,66,77,1.2207792207792207,0.0656826413317032,613,This is no joke. Meet my partner Bozo.
7007,2868,2,13,62,77,1.2207792207792207,0.05428770923216617,613,You better tell me what I need to know ‘cause this guy’s not clowning around.
7220,2868,3,11,63,77,1.2207792207792207,0.057349096534596404,613,This isn’t a joke. Our sketch artist is out sick.
5832,2868,0,17,60,77,1.2207792207792207,0.0475776037055225,613,What the hell did you just call my partner?
3973,2868,2,13,62,77,1.2207792207792207,0.05428770923216617,613,"Listen cadet, you've got some big shoes to fill."
3073,2868,4,9,64,77,1.2207792207792207,0.06025514395462593,613,"You're so stupid, you got tracked down by a balloon dog."
3604,2868,1,15,61,77,1.2207792207792207,0.05104303942770242,613,"So, you really think you got what it takes to be my Secretary of State?! Huh?!! Huh?!!!"
3693,2868,1,15,61,77,1.2207792207792207,0.05104303942770242,613,"Do you think this is some kind of joke, Kowalsky?"
283,2868,3,11,63,77,1.2207792207792207,0.057349096534596404,613,Is this what your dog looks like?
306,2868,3,11,63,77,1.2207792207792207,0.057349096534596404,613,We’re done playing games.
447,2868,4,9,64,77,1.2207792207792207,0.06025514395462593,613,"Look, this is turning into a real circus"
497,2868,3,11,63,77,1.2207792207792207,0.057349096534596404,613,"Or we can watch ""Call me by my name"" again. You decide."
627,2868,4,9,64,77,1.2207792207792207,0.06025514395462593,613,And on your birthday no less
659,2868,2,13,62,77,1.2207792207792207,0.05428770923216617,613,Bozo will help you uninhibit those memories.
740,2868,3,11,63,77,1.2207792207792207,0.057349096534596404,613,"There's no such thing as an ""innocent party"" as Frank here will demonstrate."
1150,2868,3,11,63,77,1.2207792207792207,0.057349096534596404,613,This Clown’s not messing around. If you don’t talk you’ll gonna get Chuckles!
1281,2868,3,11,63,77,1.2207792207792207,0.057349096534596404,613,"Ok pal, we're done clowning around."
1378,2868,4,9,64,77,1.2207792207792207,0.06025514395462593,613,Wrong! I'm good cop. He's your worst nightmare.
1403,2868,3,11,63,77,1.2207792207792207,0.057349096534596404,613,"Dont make us go all 'Good Cop, Clown Cop' on you, Mr. King!"
1647,2868,0,17,60,77,1.2207792207792207,0.0475776037055225,613,You asked for it. No more good cop. Now it's crazy clown.
518,2868,5,7,65,77,1.2207792207792207,0.06302734226231446,613,Let's just say he has a method for handling bozos like you...
1687,2868,3,11,63,77,1.2207792207792207,0.057349096534596404,613,"Uhh, no, we're alone. Just how many magic mushrooms did you take, Kid?"
3476,2868,2,13,62,77,1.2207792207792207,0.05428770923216617,613,This is your last chance to confess before I bring in the mime.
1673,2868,5,7,65,77,1.2207792207792207,0.06302734226231446,613,"Balloon static doesn't leave marks, just scars."
3423,2868,1,15,61,77,1.2207792207792207,0.05104303942770242,613,I'm the good cop. His jokes will kill you.
3396,2868,5,7,65,77,1.2207792207792207,0.06302734226231446,613,You'll talk or no more bad cop / bozo cop.
2944,2868,4,9,64,77,1.2207792207792207,0.06025514395462593,613,"Good cop, scary cop."
3417,2868,1,15,61,77,1.2207792207792207,0.05104303942770242,613,"Look kid, we're sensitive cops, and we want make sure you enjoy the moment."
2672,2868,3,11,63,77,1.2207792207792207,0.057349096534596404,613,Is this the person you voted for?
2604,2868,1,15,61,77,1.2207792207792207,0.05104303942770242,613,Don’t think for a second we can’t Mutt and Jocko you all day long bub.
2595,2868,3,11,63,77,1.2207792207792207,0.057349096534596404,613,Last chance or he goes from puppies to swords.
2059,2868,1,15,61,77,1.2207792207792207,0.05104303942770242,613,"And, no, he cannot make balloon keys."
2719,2868,2,13,62,77,1.2207792207792207,0.05428770923216617,613,"Alright buddy, no more funny business!"
3933,2924,4,29,135,168,1.2202380952380953,0.036242060808333754,613,"Look, kid, this ain’t a circus, and we’re not a bunch of clowns, ya know!"
5454,2925,4,13,79,96,1.21875,0.05173126620824946,613,"OK, no more Mr. Nice Guy...Joe he's all yours"
3951,2926,2,13,63,78,1.2179487179487178,0.05366189554465242,613,We've got an eye witness here who says you did it.
4039,2926,4,9,65,78,1.2179487179487178,0.059544938487211936,613,Now show me on the balloon animal where the bad man touched you.
4516,2926,2,13,63,78,1.2179487179487178,0.05366189554465242,613,"And if you don’t come clean Downtown, we might have to take you to Clowntown...Trust me, nobody wants that."
4240,2926,3,11,64,78,1.2179487179487178,0.05667979681019967,613,Detectives Davis and Frazier implement the department's new 'bad cop - funny cop' interrogation technique.
4251,2926,4,9,65,78,1.2179487179487178,0.059544938487211936,613,"Scene from “Dirty Bono” I know what you’re thinking. Did he make 6 twists or only 5? But before he brings in his seltzer bottle, that would wash your face clean off, You’ve got to ask yourself one question: “Do I feel lucky?” Well, do ya, punk?"
4270,2926,3,11,64,78,1.2179487179487178,0.05667979681019967,613,Can you honestly say you've never seen this dog?
5134,2926,2,13,63,78,1.2179487179487178,0.05366189554465242,613,"Sorry sir, we don't clown around when it comes to crime, just ask my colleague."
6883,2926,4,9,65,78,1.2179487179487178,0.059544938487211936,613,Lawyer or balloon animal. Your choice.
5405,2926,1,15,62,78,1.2179487179487178,0.05046383557008775,613,We're through clowning around with you.
5545,2926,2,13,63,78,1.2179487179487178,0.05366189554465242,613,"Still won't talk, eh? Detective Chuckles, get the tricycle!"
5610,2926,3,11,64,78,1.2179487179487178,0.05667979681019967,613,And now you'll see why I'm the GOOD cop.
6285,2926,2,13,63,78,1.2179487179487178,0.05366189554465242,613,"Listen sonny, the gig’s not over until I say it’s over."
7069,2926,2,13,63,78,1.2179487179487178,0.05366189554465242,613,"If you don’t start talking, Officer Bozo will make balloon animals all night long."
7225,2926,3,11,64,78,1.2179487179487178,0.05667979681019967,613,He double-majored in cops and clowns.
3831,2926,4,9,65,78,1.2179487179487178,0.059544938487211936,613,"After him, we bring in a mime."
5361,2926,2,13,63,78,1.2179487179487178,0.05366189554465242,613,You think this is funny? A man is dead!
3586,2926,4,9,65,78,1.2179487179487178,0.059544938487211936,613,You tell me the truth or deal with the Fixer.
6696,2926,3,11,64,78,1.2179487179487178,0.05667979681019967,613,"Say hello to our Good Cop, you slimeball."
3050,2926,3,11,64,78,1.2179487179487178,0.05667979681019967,613,Book this clown.
3563,2926,2,13,63,78,1.2179487179487178,0.05366189554465242,613,"Look, kid; you can either talk to me, or I turn you over to our K-9 officer and his partner, Killer."
276,2926,5,7,66,78,1.2179487179487178,0.06227840743344507,613,"Give it up now, punk, because we all know Detective Chuckles will break you."
424,2926,3,11,64,78,1.2179487179487178,0.05667979681019967,613,Are you ticklish?
438,2926,1,15,62,78,1.2179487179487178,0.05046383557008775,613,We have ways of making you talk!
789,2926,2,13,63,78,1.2179487179487178,0.05366189554465242,613,"Oh, so you want to do this the squeaky way."
880,2926,2,13,63,78,1.2179487179487178,0.05366189554465242,613,"This IS a laughing matter, buster."
1032,2926,3,11,64,78,1.2179487179487178,0.05667979681019967,613,"OK, he's a bit of a Bozo, but that's what happens when a good cop turns bad"
264,2926,3,11,64,78,1.2179487179487178,0.05667979681019967,613,Now tell us what you want on your birthday cake!
1978,2926,1,15,62,78,1.2179487179487178,0.05046383557008775,613,It's time to get down to monkey business.
2043,2926,3,11,64,78,1.2179487179487178,0.05667979681019967,613,"That’s right, Buster... Bobo was the po-po."
2092,2926,2,13,63,78,1.2179487179487178,0.05366189554465242,613,"Just tell us what happened, no funny stuff."
2175,2926,4,9,65,78,1.2179487179487178,0.059544938487211936,613,"If this doesn't break you, we'll stage a mime marathon."
2556,2926,2,13,63,78,1.2179487179487178,0.05366189554465242,613,"We'll see if you still remain silent with our good cop, bad joke cop routine."
2679,2926,1,15,62,78,1.2179487179487178,0.05046383557008775,613,"No, I'm the Good Cop. So you'd better start talking."
2901,2926,1,15,62,78,1.2179487179487178,0.05046383557008775,613,Don't cooperate and he makes the Trump balloon.
1680,2926,3,11,64,78,1.2179487179487178,0.05667979681019967,613,"Confess, or he’ll start juggling."
6158,2961,4,33,152,189,1.216931216931217,0.0335964874667931,613,"Talk, or he'll bust your balloon!"
362,2962,4,18,98,120,1.2166666666666666,0.04456973469931287,613,"If you don't confess soon, we'll bring on the dancing horses."
6537,2963,2,25,107,134,1.2164179104477613,0.038723226962894895,613,Confess and he’s all yours.
4861,2964,2,12,60,74,1.2162162162162162,0.05533469992039017,613,So you go back in there and mix with the kids. Listen for any smack talk about snatching Officer Bobo's shower cap.
4820,2964,3,10,61,74,1.2162162162162162,0.05858465893239631,613,"It's your call, kid. Either talk to me now or Agent Squeaky takes us down balloon animal Highway to Hell."
4799,2964,3,10,61,74,1.2162162162162162,0.05858465893239631,613,"OK, we're done....the clown squeeks the dog until you talk."
4777,2964,2,12,60,74,1.2162162162162162,0.05533469992039017,613,"We're gonna play a little game. It's called good cop,bad clown."
4738,2964,3,10,61,74,1.2162162162162162,0.05858465893239631,613,"Alright, no more funny business."
4292,2964,2,12,60,74,1.2162162162162162,0.05533469992039017,613,"And if you give up your supplier, he'll also make you a cool sword."
4711,2964,3,10,61,74,1.2162162162162162,0.05858465893239631,613,Made you look.
4541,2964,4,8,62,74,1.2162162162162162,0.06166356711357833,613,"I suggest you tell me, otherwise I'll leave you with the clown . . ."
4413,2964,4,8,62,74,1.2162162162162162,0.06166356711357833,613,"You have the right to remain silent, but we'll go easier on you if you do it while pretending to be stuck in a tiny box."
4989,2964,4,8,62,74,1.2162162162162162,0.06166356711357833,613,This is your last chance to come clean before I turn the interrogation over to my partner.
4243,2964,2,12,60,74,1.2162162162162162,0.05533469992039017,613,I'm the good cop. He's the bad cop. And there are 23 more like him waiting in the squad car.
3499,2964,3,10,61,74,1.2162162162162162,0.05858465893239631,613,You say the man you saw leaving Trump Tower wore a RED tie?
4117,2964,4,8,62,74,1.2162162162162162,0.06166356711357833,613,The courts banned using a rubber hose. But this is going to hurt just as much.
4067,2964,0,16,58,74,1.2162162162162162,0.04818155789706759,613,Talk or the balloon hat is next!
4058,2964,2,12,60,74,1.2162162162162162,0.05533469992039017,613,If you can not afford an attorney Officer Bozo will be appointed to make balloon figures for you.
3996,2964,1,14,59,74,1.2162162162162162,0.05188155518422758,613,"Yeah, I'm the ""bad cop,"" but your only other option is the ""bad clown."""
3812,2964,3,10,61,74,1.2162162162162162,0.05858465893239631,613,"Or, if you do decide to testify, we can get you started with Clara here who has been in our Witness Protection program since she was about your age."
3789,2964,2,12,60,74,1.2162162162162162,0.05533469992039017,613,"Our Community Relations Officer, Sergeant Kelso, will be performing some magic tricks prior to your interrogation."
3779,2964,1,14,59,74,1.2162162162162162,0.05188155518422758,613,"Hey punk, stop staring and show some respect for the chief's craftsmanship."
3753,2964,2,12,60,74,1.2162162162162162,0.05533469992039017,613,Day 24 of the sketch artist strike...
5192,2964,4,8,62,74,1.2162162162162162,0.06166356711357833,613,My partner doesn’t play games.
3296,2964,2,12,60,74,1.2162162162162162,0.05533469992039017,613,I'll answer your questions when you guys stop clowning around.
3177,2964,1,14,59,74,1.2162162162162162,0.05188155518422758,613,"Yes, as a matter of fact, our new interrogation technique is ""good clown, bad clown""."
2981,2964,2,12,60,74,1.2162162162162162,0.05533469992039017,613,"Yeah? Well, we know just how to deal with a Bozo like you!"
4140,2964,4,8,62,74,1.2162162162162162,0.06166356711357833,613,My partner here says you're the ringleader!
5407,2964,0,16,58,74,1.2162162162162162,0.04818155789706759,613,So you admit to Officer Bozo that this is your counterfeit ballon dog?
6046,2964,1,14,59,74,1.2162162162162162,0.05188155518422758,613,"Well look at the time, it's happy hour."
5461,2964,4,8,62,74,1.2162162162162162,0.06166356711357833,613,Quit clowning around!
2969,2964,1,14,59,74,1.2162162162162162,0.05188155518422758,613,Don’t tell me you’re sorry! Tell it to the dog!
7175,2964,2,12,60,74,1.2162162162162162,0.05533469992039017,613,"OK mister! We're through clowning around! You tell us what we wanna know, or we'll sic the dog on you!!"
7124,2964,4,8,62,74,1.2162162162162162,0.06166356711357833,613,"LIMERICK: Bozo the Cop, in a costume he'd dress...Designed his routine to encourage duress...He'd twist up your nuts...Like balloon animal mutts...and, in the end, you'd confess."
7115,2964,2,12,60,74,1.2162162162162162,0.05533469992039017,613,"Let me guess...good cop, bad clown."
7054,2964,1,14,59,74,1.2162162162162162,0.05188155518422758,613,"Trust me. You do NOT want the ""Good Cop/Bad Clown"" treatment."
6988,2964,4,8,62,74,1.2162162162162162,0.06166356711357833,613,"Officer, that is not my dog. It doesn’t even look like him."
6776,2964,1,14,59,74,1.2162162162162162,0.05188155518422758,613,He specializes in juvenile interrogation.
6672,2964,3,10,61,74,1.2162162162162162,0.05858465893239631,613,"They were finally able to coerce a confession from the suspect using the classic ""Good Cop, Clown Cop"" tactic."
6632,2964,1,14,59,74,1.2162162162162162,0.05188155518422758,613,Think of it as inviting some friends to your little party.
6605,2964,1,14,59,74,1.2162162162162162,0.05188155518422758,613,There's no such thing as 'good clown.'
6578,2964,3,10,61,74,1.2162162162162162,0.05858465893239631,613,"It might seem this way to you, buddy, but this is not a circus!!"
6529,2964,1,14,59,74,1.2162162162162162,0.05188155518422758,613,You want to explain why our top dog was sniffing your luggage?
6510,2964,2,12,60,74,1.2162162162162162,0.05533469992039017,613,"I know it won't help us find Rover, but just tell him it's a good likeness. He needs this."
6491,2964,3,10,61,74,1.2162162162162162,0.05858465893239631,613,This isn't going to be a good Bozo bad Pennywise kind of interrogation.
6394,2964,1,14,59,74,1.2162162162162162,0.05188155518422758,613,Answer my questions or you deal with the clown
6371,2964,2,12,60,74,1.2162162162162162,0.05533469992039017,613,Do you think this is funny? No seriously... do you?
6271,2964,2,12,60,74,1.2162162162162162,0.05533469992039017,613,"Listen, we've all got our vices."
6078,2964,1,14,59,74,1.2162162162162162,0.05188155518422758,613,"You'd be better off confessing now, son ... we are your worst nightmare!"
5980,2964,3,10,61,74,1.2162162162162162,0.05858465893239631,613,"Okay, Pagliacci, it's time to face your inner demon."
5973,2964,3,10,61,74,1.2162162162162162,0.05858465893239631,613,"A new take on police interrogation. Bad cop, terrifying cop."
5767,2964,2,12,60,74,1.2162162162162162,0.05533469992039017,613,"Alright, Bozo...we'll do it your way."
5748,2964,2,12,60,74,1.2162162162162162,0.05533469992039017,613,"Your call, Bozo."
5615,2964,1,14,59,74,1.2162162162162162,0.05188155518422758,613,"Frankly, we're both a little sick of the ""Good Cop - Bad Cop"" analogy..."
5561,2964,2,12,60,74,1.2162162162162162,0.05533469992039017,613,Do you want the good cop or the bad cop?
5541,2964,2,12,60,74,1.2162162162162162,0.05533469992039017,613,"Kid, you better start laughing or else the little dog dies."
5414,2964,3,10,61,74,1.2162162162162162,0.05858465893239631,613,Big mistake ... he's NOT the good cop.
2794,2964,1,14,59,74,1.2162162162162162,0.05188155518422758,613,"Are you in serious trouble? What do you think, kid?"
2555,2964,2,12,60,74,1.2162162162162162,0.05533469992039017,613,"This is our sketch artist Frank. He's the best we've got, when it comes to cases like yours."
2723,2964,2,12,60,74,1.2162162162162162,0.05533469992039017,613,The balloon holds air but your story doesn't.
1198,2964,4,8,62,74,1.2162162162162162,0.06166356711357833,613,"We submitted to all your demands, now spill the beans."
1186,2964,4,8,62,74,1.2162162162162162,0.06166356711357833,613,The undercover clown saw what you did to this balloon animal..
1038,2964,3,10,61,74,1.2162162162162162,0.05858465893239631,613,We use Sargeant Bozo when we interrogate millennials.
990,2964,2,12,60,74,1.2162162162162162,0.05533469992039017,613,"What is this? Bad cop, clown cop?"
982,2964,2,12,60,74,1.2162162162162162,0.05533469992039017,613,You gotta another thing coming if you think we're clowning around!
979,2964,1,14,59,74,1.2162162162162162,0.05188155518422758,613,He lost the coin toss.
881,2964,4,8,62,74,1.2162162162162162,0.06166356711357833,613,NO! Guess again. I got ALL night.
800,2964,2,12,60,74,1.2162162162162162,0.05533469992039017,613,"My partner's got ways of making you talk, and don't say I didn't warn you...he's pretty twisted."
751,2964,1,14,59,74,1.2162162162162162,0.05188155518422758,613,"The bad news is, as of today you're no longer a minor. The good news is, Detective Russo loves birthdays."
695,2964,2,12,60,74,1.2162162162162162,0.05533469992039017,613,"Ok, kid, describe the guy to our balloon artist, Sgt. Chuckles."
632,2964,2,12,60,74,1.2162162162162162,0.05533469992039017,613,"'We can do this the easy way, or the silly way'"
1312,2964,4,8,62,74,1.2162162162162162,0.06166356711357833,613,We can make this hard or we can make this hilarious.
608,2964,1,14,59,74,1.2162162162162162,0.05188155518422758,613,You're in no position to clown around with us.
463,2964,3,10,61,74,1.2162162162162162,0.05858465893239631,613,"Okay kid, tell me what I want to know or I leave you alone in the room with the clown."
428,2964,1,14,59,74,1.2162162162162162,0.05188155518422758,613,"So, you think this is funny, do you?"
386,2964,3,10,61,74,1.2162162162162162,0.05858465893239631,613,"So this is what you guys mean when you talk about ""good cop, bad cop""?"
356,2964,1,14,59,74,1.2162162162162162,0.05188155518422758,613,You’re really starting to upset my partner.
272,2964,0,16,58,74,1.2162162162162162,0.04818155789706759,613,Your puppy mill is going down.
268,2964,2,12,60,74,1.2162162162162162,0.05533469992039017,613,"Diversity Regulations require ""good cop bad clown"" once per week, so don't get any ideas bucko!"
241,2964,2,12,60,74,1.2162162162162162,0.05533469992039017,613,Lets see if Mr Tickle can make you talk.
193,2964,4,8,62,74,1.2162162162162162,0.06166356711357833,613,You want to clown around with us? You got it!
162,2964,4,8,62,74,1.2162162162162162,0.06166356711357833,613,You wanna play tough? This will be your colon in jail!
123,2964,5,6,63,74,1.2162162162162162,0.0645958880743686,613,"Actually, I'm the good cop."
46,2964,4,8,62,74,1.2162162162162162,0.06166356711357833,613,We’ll see if your statement matches the survellience footage on Officer Bozo’s dash cam...
470,2964,2,12,60,74,1.2162162162162162,0.05533469992039017,613,"A confession now or, POP GOES YOUR POODLE!"
1321,2964,3,10,61,74,1.2162162162162162,0.05858465893239631,613,"So you don't want to talk to local cops? OK. Maybe you'll be a bit more cooperative with my colleague and former Director of the FBI, James Comey."
528,2964,2,12,60,74,1.2162162162162162,0.05533469992039017,613,It’s up to you. You can deal with good cop or clown cop.
1408,2964,2,12,60,74,1.2162162162162162,0.05533469992039017,613,stop clowning around and answer the question !
2652,2964,3,10,61,74,1.2162162162162162,0.05858465893239631,613,Is the president joining us?
2647,2964,2,12,60,74,1.2162162162162162,0.05533469992039017,613,"That's right we're playing good guy, clown guy."
2760,2964,4,8,62,74,1.2162162162162162,0.06166356711357833,613,"All right, wise guy, we'll see if 'Mr. Good Cop' can get anything out of you."
2534,2964,3,10,61,74,1.2162162162162162,0.05858465893239631,613,Which one of you is supposed to be the bad cop?
2524,2964,2,12,60,74,1.2162162162162162,0.05533469992039017,613,"You think this funny, kid?"
2498,2964,0,16,58,74,1.2162162162162162,0.04818155789706759,613,You talk now or I turn you over to Mr Wiggly Buggly.
2485,2964,2,12,60,74,1.2162162162162162,0.05533469992039017,613,"Additionally, anything you say may be used in my partner's upcoming biopic, Patch Adams 2."
2379,2964,3,10,61,74,1.2162162162162162,0.05858465893239631,613,"We got ways of makin' ya talk, kid."
2335,2964,2,12,60,74,1.2162162162162162,0.05533469992039017,613,We have ways of making you squeal!
2174,2964,4,8,62,74,1.2162162162162162,0.06166356711357833,613,"Admit to your plagiarism Koons, or IT can get ugly."
2138,2964,2,12,60,74,1.2162162162162162,0.05533469992039017,613,"It's up to you, pal. We can do this the easy way, or we can do it the scary clown way."
1336,2964,2,12,60,74,1.2162162162162162,0.05533469992039017,613,You think we're clowning around?
2065,2964,2,12,60,74,1.2162162162162162,0.05533469992039017,613,"Don't mind Kowalski... he came in last minute, from his other job, in order to help out."
1883,2964,2,12,60,74,1.2162162162162162,0.05533469992039017,613,"Yes, I am the ""bad cop,"" but we found him to be much more effective than the ""good cop."
1821,2964,1,14,59,74,1.2162162162162162,0.05188155518422758,613,Trust me; stay away from that clown.
1814,2964,2,12,60,74,1.2162162162162162,0.05533469992039017,613,"C'mon, kid, come clean. We're dead serious about this."
1810,2964,2,12,60,74,1.2162162162162162,0.05533469992039017,613,Trust me. You won't like Officer Giggles when he gets angry.
1774,2964,2,12,60,74,1.2162162162162162,0.05533469992039017,613,"Just so you know, I'm the good one."
1739,2964,1,14,59,74,1.2162162162162162,0.05188155518422758,613,"If not a dog balloon, how about a solitary room?"
1639,2964,1,14,59,74,1.2162162162162162,0.05188155518422758,613,We do the good cop-bad cop routine a little differently.
1605,2964,3,10,61,74,1.2162162162162162,0.05858465893239631,613,Tell us where he is and then you can have a balloon animal!!
1584,2964,1,14,59,74,1.2162162162162162,0.05188155518422758,613,"'If he doesn't make you talk, he will certainly wipe the smile off your face!'"
1559,2964,1,14,59,74,1.2162162162162162,0.05188155518422758,613,"Look, we've been at this for hours... now who's the ringleader!?"
1535,2964,4,8,62,74,1.2162162162162162,0.06166356711357833,613,We can play it straight or play it your way.
1428,2964,3,10,61,74,1.2162162162162162,0.05858465893239631,613,"...”and, to encourage you to reconsider, you will be left in this room with Officer ‘Horsey,’ who will perform knock-knock jokes, gorilla imitations and squeaky ballon twisting for an extended period of time."
2661,2964,1,14,59,74,1.2162162162162162,0.05188155518422758,613,"Confess, or I'll leave you alone in here with him, and turn the lights off."
2091,3075,10,64,315,389,1.2159383033419022,0.02385106463290858,613,It's time to stop clowning around.
2938,3076,5,20,114,139,1.2158273381294964,0.041805999871785085,613,"Tell us what you know or Joe will pop that poodle, one body part at a time."
2644,3077,3,25,116,144,1.2152777777777777,0.038376121913807286,613,"Don’t laugh, Punk, this is serious."
636,3078,2,13,64,79,1.2151898734177216,0.05305006140654649,613,We take pride in what we do.
1404,3078,3,28,127,158,1.2151898734177216,0.03629829314129352,613,"John has a tendency to carry the ""good cop"" roll a little overboard."
7150,3078,1,15,63,79,1.2151898734177216,0.049897285200852806,613,"Here we play ""bad cop, clown cop."""
4926,3081,1,21,85,107,1.2149532710280373,0.04205117626598721,613,It's time to give us something---Chuckles here is not your typical good cop.
4302,3082,3,21,102,126,1.2142857142857142,0.04156791017675276,613,We're not clowning around.
6788,3082,4,7,59,70,1.2142857142857142,0.06400329036203155,613,Tell us what we want to hear or he deflates the balloon animal
6594,3084,0,16,59,75,1.2133333333333334,0.04762213632196553,613,"Okay fella, we can do this the easy way or the hard way— and I don’t think you know which one is which"
6561,3084,2,12,61,75,1.2133333333333334,0.054667985042331585,613,Stop smirking. Funny cop-bad cop always get their man to sing.
5805,3084,4,8,63,75,1.2133333333333334,0.06090409928165189,613,Listen Bozo; we can do this the easy way or the hard way.
5660,3084,2,12,61,75,1.2133333333333334,0.054667985042331585,613,You can't outwit the Chief of Funny Business and his balloon K-9 here.
4956,3084,3,10,62,75,1.2133333333333334,0.057870104103491554,613,Hold up guys...he said he wanted his lawyer pro-BONO.
4599,3084,0,16,59,75,1.2133333333333334,0.04762213632196553,613,Tell us what happened or we Send for the Clowns who squirt seltzer.
3558,3084,3,10,62,75,1.2133333333333334,0.057870104103491554,613,He's got a few tricks up your ass.
2689,3084,2,12,61,75,1.2133333333333334,0.054667985042331585,613,The old tricks just don't work anymore Steve
2508,3084,4,8,63,75,1.2133333333333334,0.06090409928165189,613,"Jo-Jo prefers to use intestines, so I’d recommend talking now."
954,3084,2,12,61,75,1.2133333333333334,0.054667985042331585,613,"Believe me, I'm the good guy."
793,3084,1,14,60,75,1.2133333333333334,0.051266248431382506,613,Wipe that stupid grin off your face.
347,3084,1,14,60,75,1.2133333333333334,0.051266248431382506,613,"If we don't hear something that makes sense, he starts dancing the hokey-pokey."
336,3084,2,12,61,75,1.2133333333333334,0.054667985042331585,613,"Listen up scumbag, my partner has a few jokes he'd like to tell you."
142,3084,4,8,63,75,1.2133333333333334,0.06090409928165189,613,"Want to play games, do you?"
2781,3084,2,12,61,75,1.2133333333333334,0.054667985042331585,613,‘You better answer my questions; I guarantee you won’t enjoy talking with Sergeant Sprinkles.”
1980,3099,2,13,65,80,1.2125,0.05245175601312849,613,"You better start talking, or I'll turn you over to ""The Clown."""
5412,3099,3,11,66,80,1.2125,0.05538630160123793,613,"Just talk already, we've been juggling witnesses all day."
6057,3101,3,9,59,71,1.2112676056338028,0.05989760866882798,613,"Yes, this is the only clown speaking interpreter we could find...now listen!"
7230,3101,3,24,115,142,1.2112676056338028,0.038489855490454264,613,"Speaking as the good cop, trust me--you don't want to mess with Clown Cop..."
4433,3103,5,24,132,161,1.2111801242236024,0.037806652903188076,613,"You don't wanna get into the funny business, pal."
6586,3104,6,83,361,450,1.211111111111111,0.020743951625702015,613,Bozo is filling in for the good guy
3732,3104,1,17,72,90,1.211111111111111,0.04605388052294923,613,"You think this is funny? You think I’m joking? How ‘bout you talk to my partner, tough guy?"
6403,3104,2,15,73,90,1.211111111111111,0.04868929863285577,613,"Am I starting to look more like the ‘bad cop’ now, buddy?"
2100,3107,4,23,120,147,1.2108843537414966,0.038891657713431366,613,"Okay, I'm going to ask you one more time or my friend here will put a pie in your face!"
5513,3108,4,8,64,76,1.2105263157894737,0.060162905963095606,613,Is this how he looked just before you shot him?
6109,3109,5,27,144,176,1.2102272727272727,0.03568512682153709,613,"Don't look at him, look at me, I'm the real cop."
6281,3110,4,25,128,157,1.2101910828025477,0.03729355185255694,613,Talk or he'll do the same thing to you.
2181,3111,6,43,214,263,1.209125475285171,0.02837987858977104,613,You'd better talk right now or Officer Bubbles will be late for his other gig.
5352,3112,2,11,59,72,1.2083333333333333,0.05572645856918899,613,"Well now I understand how you made it, but smuggling it must have been uncomfortable."
4826,3112,1,13,58,72,1.2083333333333333,0.05209800262902861,613,No more balloon animals until you answer some of my questions.
4817,3112,2,11,59,72,1.2083333333333333,0.05572645856918899,613,One of us is joking
4750,3112,4,7,61,72,1.2083333333333333,0.06235311378048466,613,Y'know what's funny? I'm actually the funny cop...
4696,3112,2,11,59,72,1.2083333333333333,0.05572645856918899,613,"Fine, he’ll put on the big shoes and the striped suit - but you’ve got to start talking!"
4672,3112,3,9,60,72,1.2083333333333333,0.05913268547421808,613,No kidding!
4649,3112,2,11,59,72,1.2083333333333333,0.05572645856918899,613,"I didn't want to have to resort to this, but you left me no choice. Clown, begin the squeak torture!"
4640,3112,3,9,60,72,1.2083333333333333,0.05913268547421808,613,He can do alot else with that balloon. Talk whle you can.
4545,3112,3,9,60,72,1.2083333333333333,0.05913268547421808,613,Work with me Kid or things can can get pretty scary...
4562,3112,2,11,59,72,1.2083333333333333,0.05572645856918899,613,"Now, tell me everything you know, or you're going to get It."
4559,3112,1,13,58,72,1.2083333333333333,0.05209800262902861,613,We don't do the good cop bad cop routine in this town son !
4828,3112,2,11,59,72,1.2083333333333333,0.05572645856918899,613,"Detective Johnson is actually there, but we like to pretend we can't see him to make you admit you're high."
4534,3112,1,13,58,72,1.2083333333333333,0.05209800262902861,613,"On a scale of cop to clown, how would you rate your visit here today?"
4456,3112,1,13,58,72,1.2083333333333333,0.05209800262902861,613,"I suggest you answer my questions. Despite his appearance,my partner doesn't clown around"
4430,3112,4,7,61,72,1.2083333333333333,0.06235311378048466,613,You can either answer my questions or you can sit through Captain Bobo's magic balloon extravaganza.
4428,3112,1,13,58,72,1.2083333333333333,0.05209800262902861,613,He can also make a sword and a hat.
4566,3112,3,9,60,72,1.2083333333333333,0.05913268547421808,613,"I did not invite the President, he just showed up!"
4852,3112,0,15,57,72,1.2083333333333333,0.048197153144195225,613,Are you trying to make a laughing matter of our criminal justice system?
4919,3112,3,9,60,72,1.2083333333333333,0.05913268547421808,613,"Good cop bad cop got nixed by Justice, so we are trying something new"
4880,3112,2,11,59,72,1.2083333333333333,0.05572645856918899,613,"Are you saying the ""Clown Cop, Bad cop"" strategy isn't effective?"
5345,3112,0,15,57,72,1.2083333333333333,0.048197153144195225,613,"My partner here thinks he's holding the scales of justice, and who am I to say otherwise?"
5276,3112,1,13,58,72,1.2083333333333333,0.05209800262902861,613,Look I'm pooched so lets not clown around!
5264,3112,1,13,58,72,1.2083333333333333,0.05209800262902861,613,"Look, we all heard the pop!"
5243,3112,1,13,58,72,1.2083333333333333,0.05209800262902861,613,"Maybe ""Good Cop, Bad Cop"" didn't work, but ""Send In the Clowns"" never fails."
5157,3112,2,11,59,72,1.2083333333333333,0.05572645856918899,613,"Your buddy cracked, and now you're going to crack a smile too."
5148,3112,2,11,59,72,1.2083333333333333,0.05572645856918899,613,"You see him too? Oh, thank God. I was afraid all those years of keistering 'shrooms had finally caught up with me."
5147,3112,4,7,61,72,1.2083333333333333,0.06235311378048466,613,"Your story seems reasonable, but something doesn't check out. Does that look like a poodle to you? Does it punk?"
4855,3112,1,13,58,72,1.2083333333333333,0.05209800262902861,613,"Listen, fella, all I'll say is that I'm the good cop in this scenario."
5119,3112,2,11,59,72,1.2083333333333333,0.05572645856918899,613,Remember that little circus incident when you were a kid?
5091,3112,3,9,60,72,1.2083333333333333,0.05913268547421808,613,"stop clowning with me kid, we know the who, what, where and when; tell us why a dog!"
5087,3112,2,11,59,72,1.2083333333333333,0.05572645856918899,613,"Listen here, Bozo."
5070,3112,2,11,59,72,1.2083333333333333,0.05572645856918899,613,Don't make him take out the seltzer!
5019,3112,1,13,58,72,1.2083333333333333,0.05209800262902861,613,And he'll continue to make that squeaky noise until you squeal!
4993,3112,1,13,58,72,1.2083333333333333,0.05209800262902861,613,"I was going to play the bad cop, but it looks like that's changed."
4929,3112,2,11,59,72,1.2083333333333333,0.05572645856918899,613,"We're not fooling around here, fess up!"
4419,3112,1,13,58,72,1.2083333333333333,0.05209800262902861,613,"Look, we can do this the easy way, or we can do this the annoying way."
5100,3112,1,13,58,72,1.2083333333333333,0.05209800262902861,613,"Hey, we're not kidding around here young man. Right Detective Bozo?"
4401,3112,2,11,59,72,1.2083333333333333,0.05572645856918899,613,"You can remain silent, but I have to send in the clown."
4343,3112,2,11,59,72,1.2083333333333333,0.05572645856918899,613,"I was just clowning around, officer."
4344,3112,3,9,60,72,1.2083333333333333,0.05913268547421808,613,"Okay punk, are you ready to be scared silly?"
3833,3112,2,11,59,72,1.2083333333333333,0.05572645856918899,613,"Listen, kid. This isn't a circus."
3826,3112,2,11,59,72,1.2083333333333333,0.05572645856918899,613,Detective Ronald thinks you're twisting the truth.
3823,3112,3,9,60,72,1.2083333333333333,0.05913268547421808,613,"This way we get confessions quicker than with the old good cop, bad cop routine."
3810,3112,0,15,57,72,1.2083333333333333,0.048197153144195225,613,"Sir, the other balloon dog didn’t just walk away by itself."
3796,3112,2,11,59,72,1.2083333333333333,0.05572645856918899,613,Your choice. Come clean now or we'll coax the truth out of you.
3795,3112,4,7,61,72,1.2083333333333333,0.06235311378048466,613,Bad cop or bad clown?
3756,3112,1,13,58,72,1.2083333333333333,0.05209800262902861,613,"Look, you can answer my questions or I can send in the clowns."
3727,3112,3,9,60,72,1.2083333333333333,0.05913268547421808,613,No; he's the good cop!
3688,3112,1,13,58,72,1.2083333333333333,0.05209800262902861,613,"You can talk to me and I won't squirt you in the face, honk your nose, or buzz your palm, but my partner, here, he can't make any promises."
3672,3112,2,11,59,72,1.2083333333333333,0.05572645856918899,613,We are not monkeying around here!!
3666,3112,3,9,60,72,1.2083333333333333,0.05913268547421808,613,He's the only sketch artist we've got.
3663,3112,2,11,59,72,1.2083333333333333,0.05572645856918899,613,I'm the sardonic one
3628,3112,0,15,57,72,1.2083333333333333,0.048197153144195225,613,"Clowns? I don't see any clowns! All I see is a witness who doesn't know the difference between a ""party entertainer"" and an accomplished sculptor making a statement."
3622,3112,2,11,59,72,1.2083333333333333,0.05572645856918899,613,"Just answer my questions, and no clowning around."
3613,3112,3,9,60,72,1.2083333333333333,0.05913268547421808,613,Well? Is this funny to you?
3836,3112,2,11,59,72,1.2083333333333333,0.05572645856918899,613,Our sketch artist is on vacation so please describe your assailant to Detective Chuckles.
3861,3112,2,11,59,72,1.2083333333333333,0.05572645856918899,613,Do you think we’re just clowning around?
3863,3112,2,11,59,72,1.2083333333333333,0.05572645856918899,613,The new allergy friendly K-9 unit has been surprisingly effective at eliciting confessions.
3888,3112,3,9,60,72,1.2083333333333333,0.05913268547421808,613,Confess and you get the balloon toy!
4317,3112,3,9,60,72,1.2083333333333333,0.05913268547421808,613,"So you’re telling me that right now, you’re seeing a clown doing balloon magic. Take him away!"
4282,3112,4,7,61,72,1.2083333333333333,0.06235311378048466,613,"You think it's all fun games. I'm warning you, tough guy, don't make me bring in the mime!"
7289,3112,1,13,58,72,1.2083333333333333,0.05209800262902861,613,"It's up to you, we can keep clowning around or you can start answering questions."
4237,3112,3,9,60,72,1.2083333333333333,0.05913268547421808,613,Are you ready to get serious?
4229,3112,3,9,60,72,1.2083333333333333,0.05913268547421808,613,"So you get that he's good-cop, right?"
4173,3112,1,13,58,72,1.2083333333333333,0.05209800262902861,613,Well what did you think the C in CSI stood for!?
4170,3112,1,13,58,72,1.2083333333333333,0.05209800262902861,613,Now we send in the clowns
4380,3112,1,13,58,72,1.2083333333333333,0.05209800262902861,613,"We get serious about clowning-around, bud!"
4145,3112,1,13,58,72,1.2083333333333333,0.05209800262902861,613,We take having fun as a team very seriously.
4088,3112,1,13,58,72,1.2083333333333333,0.05209800262902861,613,Talk! or ready to face your deepest fear.
4077,3112,2,11,59,72,1.2083333333333333,0.05572645856918899,613,"We have finished clowning around,"
4030,3112,3,9,60,72,1.2083333333333333,0.05913268547421808,613,"New sketch artist. Did the assailant happen to be a dog, giraffe, or flower?"
4022,3112,3,9,60,72,1.2083333333333333,0.05913268547421808,613,"Look kid, we can do this the hard way..."
3958,3112,3,9,60,72,1.2083333333333333,0.05913268547421808,613,Let's not blow this out of proportion.
3952,3112,3,9,60,72,1.2083333333333333,0.05913268547421808,613,Don't make us water nose you.
3919,3112,1,13,58,72,1.2083333333333333,0.05209800262902861,613,"It would make my day, to make your day."
4136,3112,2,11,59,72,1.2083333333333333,0.05572645856918899,613,Don't make me pull a rabbit out of my hat!
5365,3112,3,9,60,72,1.2083333333333333,0.05913268547421808,613,"Listen here, what type of people do you peg us as?"
6444,3112,3,9,60,72,1.2083333333333333,0.05913268547421808,613,"Cough it up, Higgins, or the dog gets it."
5452,3112,10,50,276,336,1.2083333333333333,0.025884609907967652,613,Is he the good cop?
6817,3112,2,11,59,72,1.2083333333333333,0.05572645856918899,613,"Now, tell us the truth. Why did you place the balloon toy on Detective Bozhair's desk?"
6795,3112,1,13,58,72,1.2083333333333333,0.05209800262902861,613,We found the murder weapon. Do you still think we're joking?
6753,3112,0,15,57,72,1.2083333333333333,0.048197153144195225,613,Officer Wiggles certainly does know how to make something other than a dog. We've given you your hippo; now tell us where the stash is hidden!
6748,3112,4,7,61,72,1.2083333333333333,0.06235311378048466,613,Talk now or he'll sick the dog on you.
6697,3112,3,9,60,72,1.2083333333333333,0.05913268547421808,613,This isn't your father's Justice Department.
6659,3112,3,9,60,72,1.2083333333333333,0.05913268547421808,613,That's not actually why we call him Twister.
6657,3112,2,11,59,72,1.2083333333333333,0.05572645856918899,613,"One more time, from the top."
6865,3112,0,15,57,72,1.2083333333333333,0.048197153144195225,613,"This bad cop, scary clown routine won’t intimidate me ... I want to see my lawyer."
6642,3112,1,13,58,72,1.2083333333333333,0.05209800262902861,613,"Detective Tickles has a way of getting into your head, and nightmares."
6559,3112,4,7,61,72,1.2083333333333333,0.06235311378048466,613,Ok we got bad cop and we got sick cop
6496,3112,1,13,58,72,1.2083333333333333,0.05209800262902861,613,Last chance to confess before I leave you with Detective Bozo and his police dog.
6487,3112,3,9,60,72,1.2083333333333333,0.05913268547421808,613,"Believe me, you don't want to talk to my partner..."
6451,3112,2,11,59,72,1.2083333333333333,0.05572645856918899,613,"I never had a clown at my birthday party either, but that's not the point."
6442,3112,2,11,59,72,1.2083333333333333,0.05572645856918899,613,Without your confession the dog gets it
6405,3112,0,15,57,72,1.2083333333333333,0.048197153144195225,613,You choose. Bad Cop or Good Cop?
6373,3112,2,11,59,72,1.2083333333333333,0.05572645856918899,613,"Listen Collins, either you confess or we send in the clown."
6592,3112,3,9,60,72,1.2083333333333333,0.05913268547421808,613,Tell me again why I should believe this is not your balloon doggie.
6332,3112,2,11,59,72,1.2083333333333333,0.05572645856918899,613,Are you sure that's what he looked like?
6866,3112,1,13,58,72,1.2083333333333333,0.05209800262902861,613,"Yeah, well, only some cops are clowns."
6913,3112,1,13,58,72,1.2083333333333333,0.05209800262902861,613,SAY YOU LOVE CLOWNS
3606,3112,2,11,59,72,1.2083333333333333,0.05572645856918899,613,You're gonna need to find a zombie because I got over my fear of clowns.
7254,3112,3,9,60,72,1.2083333333333333,0.05913268547421808,613,This is my partner Spanky; you don’t wanna see him when he’s angry.
7221,3112,2,11,59,72,1.2083333333333333,0.05572645856918899,613,"Alright kid, we’re not here for fun and games."
7162,3112,2,11,59,72,1.2083333333333333,0.05572645856918899,613,"It’s never to late to create repressed childhood memories, don’t test us."
7092,3112,2,11,59,72,1.2083333333333333,0.05572645856918899,613,"Actually, we are both pretty bad."
7076,3112,1,13,58,72,1.2083333333333333,0.05209800262902861,613,"Trust me kid, the nightmare is just beginning."
7067,3112,2,11,59,72,1.2083333333333333,0.05572645856918899,613,Do we look like we're playing games here?
6873,3112,2,11,59,72,1.2083333333333333,0.05572645856918899,613,Officer Barns is here to demonstrate in his own unique way what we do to someone who assaults one of our officers.
7060,3112,1,13,58,72,1.2083333333333333,0.05209800262902861,613,Do we have to bring in the tricycle?
7033,3112,2,11,59,72,1.2083333333333333,0.05572645856918899,613,Office Wacky and his dog Bites would like to meet you.
7031,3112,2,11,59,72,1.2083333333333333,0.05572645856918899,613,Tell the truth now or be forced to watch his act.
7003,3112,0,15,57,72,1.2083333333333333,0.048197153144195225,613,"You'd better give us some answers, because the good cop, bad clown routine is only gonna get worse from here."
6996,3112,1,13,58,72,1.2083333333333333,0.05209800262902861,613,My final offer is that you confess to the murder and sad cop will make you a pony AND a flower.
6966,3112,4,7,61,72,1.2083333333333333,0.06235311378048466,613,"I can’t speak for my partner, but I, for one, am not clowning around."
6920,3112,1,13,58,72,1.2083333333333333,0.05209800262902861,613,"And after Detective Giggles, there are 20 more clowns waiting to burst through that door."
6917,3112,0,15,57,72,1.2083333333333333,0.048197153144195225,613,"There's nothing funny about legal weed, son."
7042,3112,2,11,59,72,1.2083333333333333,0.05572645856918899,613,"It’s called ‘good cop, bad clown’."
5428,3112,3,9,60,72,1.2083333333333333,0.05913268547421808,613,"I'm the good cop, dumbass."
6320,3112,1,13,58,72,1.2083333333333333,0.05209800262902861,613,O.K. Stop clowning around - do you know this guy Koons or not?!!
6256,3112,2,11,59,72,1.2083333333333333,0.05572645856918899,613,Don't think we cannot do more than twist your arm.
5692,3112,2,11,59,72,1.2083333333333333,0.05572645856918899,613,You better start talking. I'm the good cop!
5683,3112,1,13,58,72,1.2083333333333333,0.05209800262902861,613,"If you think I'm clowning around, just wait'll my partner gets to you."
5678,3112,4,7,61,72,1.2083333333333333,0.06235311378048466,613,"So, you can talk to me--or Bonzo will show you his whole menagerie."
5668,3112,2,11,59,72,1.2083333333333333,0.05572645856918899,613,Affirmative action has really gotten out of hand
5638,3112,1,13,58,72,1.2083333333333333,0.05209800262902861,613,Book 'em Bozo
5608,3112,2,11,59,72,1.2083333333333333,0.05572645856918899,613,I was sure they had nothing on me. Then the forensic specialist walked in.
5605,3112,4,7,61,72,1.2083333333333333,0.06235311378048466,613,"I want to see a lawyer, not one of your legal clowns."
5706,3112,4,7,61,72,1.2083333333333333,0.06235311378048466,613,I’m going to ask you one last time. Why so serious?
5598,3112,2,11,59,72,1.2083333333333333,0.05572645856918899,613,"That's us, Good Cop and Very Bad Cop."
5583,3112,1,13,58,72,1.2083333333333333,0.05209800262902861,613,"Maybe you think this is funny, kid ?"
5572,3112,0,15,57,72,1.2083333333333333,0.048197153144195225,613,Is this an accurate balloon rendering of the offending canine?
5529,3112,1,13,58,72,1.2083333333333333,0.05209800262902861,613,Does this amuse you?
5528,3112,1,13,58,72,1.2083333333333333,0.05209800262902861,613,"Good cop, bad cop, you know the drill."
5524,3112,3,9,60,72,1.2083333333333333,0.05913268547421808,613,If he's the 'good cop' just imagine what I am !
5490,3112,2,11,59,72,1.2083333333333333,0.05572645856918899,613,"So, you think all cops are clowns, eh?"
5464,3112,2,11,59,72,1.2083333333333333,0.05572645856918899,613,"Bimbo. But it's officer Bimbo to you, kid."
5592,3112,2,11,59,72,1.2083333333333333,0.05572645856918899,613,"Ok, Sondheim! Do you deny telling us to send in the clowns?"
6286,3112,1,13,58,72,1.2083333333333333,0.05209800262902861,613,"If you weren't high, why did you ask him if his dog could smell your weed?"
5725,3112,2,11,59,72,1.2083333333333333,0.05572645856918899,613,Nobody likes a clown buddy!
5807,3112,0,15,57,72,1.2083333333333333,0.048197153144195225,613,Does this put your fear of dogs in perspective?
6249,3112,2,11,59,72,1.2083333333333333,0.05572645856918899,613,Officer Kelly will tell you your rights.
6247,3112,2,11,59,72,1.2083333333333333,0.05572645856918899,613,Red Nose Day is in May!
6229,3112,2,11,59,72,1.2083333333333333,0.05572645856918899,613,"So, what makes you think you see strange things?"
6203,3112,2,11,59,72,1.2083333333333333,0.05572645856918899,613,Don't take this to mean we're clowning around with you
6191,3112,4,7,61,72,1.2083333333333333,0.06235311378048466,613,Don't make me subject you to our clownish methods of interrogation.
6174,3112,0,15,57,72,1.2083333333333333,0.048197153144195225,613,"Oh, so you think you're a funny guy, huh? I'll show you funny!"
6059,3112,1,13,58,72,1.2083333333333333,0.05209800262902861,613,Do you know why we’ve brought you in for this improvisation?
5786,3112,3,9,60,72,1.2083333333333333,0.05913268547421808,613,"Yep, we ARE doing the good cop/scary-kinda-creepy-clown-cop-with-balloon-animals cop routine. Now talk, or you get squirted ny the daisy again!"
6010,3112,4,7,61,72,1.2083333333333333,0.06235311378048466,613,"If you can tell me whose the good cop and the bad cop in this scenario, Bobo won't twist you up like this golden balloon-doodle."
5987,3112,2,11,59,72,1.2083333333333333,0.05572645856918899,613,Look at me when I'm talking to you!
5978,3112,3,9,60,72,1.2083333333333333,0.05913268547421808,613,What good cop/bad cop routine?
5915,3112,1,13,58,72,1.2083333333333333,0.05209800262902861,613,"Listen pal, this isn't a game of good cop sad clown."
5902,3112,2,11,59,72,1.2083333333333333,0.05572645856918899,613,We have been directed to use police tactics that mirror those of the lawyers who will handle the case.
5886,3112,3,9,60,72,1.2083333333333333,0.05913268547421808,613,"...and I'm the Good Cop, Jenkins. Just keep that in mind."
5882,3112,1,13,58,72,1.2083333333333333,0.05209800262902861,613,Our special department was set up to catch clowns like you.
5816,3112,3,9,60,72,1.2083333333333333,0.05913268547421808,613,Don’t make me get the clown involved.
5989,3112,2,11,59,72,1.2083333333333333,0.05572645856918899,613,We can do this the sad way or the funny way. Up to you . . .
3600,3112,3,9,60,72,1.2083333333333333,0.05913268547421808,613,"If you don't stop pretending you see a Police Clown, I'm 5150-ing you. Now again, tell me what you saw the night the Circus came to town."
3551,3112,2,11,59,72,1.2083333333333333,0.05572645856918899,613,You can confess now or spend you can spend hours watching more of Sargent Bozo's balloon tricks.
3587,3112,1,13,58,72,1.2083333333333333,0.05209800262902861,613,Here's how he solved the crime in pantomime.
1389,3112,3,9,60,72,1.2083333333333333,0.05913268547421808,613,You were the only one at the party with Crazy Glue.
1385,3112,1,13,58,72,1.2083333333333333,0.05209800262902861,613,"Stop clowning around Johnson, we've got an interrogation to do!"
1363,3112,1,13,58,72,1.2083333333333333,0.05209800262902861,613,The good guy bad guy routine is not what we are about.
1338,3112,4,7,61,72,1.2083333333333333,0.06235311378048466,613,I'm the good cop. He's the bad clown.
1335,3112,3,9,60,72,1.2083333333333333,0.05913268547421808,613,He's staying until you tell us what you know.
1284,3112,2,11,59,72,1.2083333333333333,0.05572645856918899,613,Admit your guilt or that clown will force you to watch balloon tricks till you do.
1253,3112,2,11,59,72,1.2083333333333333,0.05572645856918899,613,"Kid, you better come clean now, because I promise you, you are not gonna like my partner."
1251,3112,2,11,59,72,1.2083333333333333,0.05572645856918899,613,...and there's an accordian player waiting in lineup.
1249,3112,2,11,59,72,1.2083333333333333,0.05572645856918899,613,"Oh? You think this is funny?? We can play this game aaaall day, kid."
1247,3112,1,13,58,72,1.2083333333333333,0.05209800262902861,613,"Sir, does this interrogation seem funny to you?"
1192,3112,2,11,59,72,1.2083333333333333,0.05572645856918899,613,"If you think we're not serious, we'll bring in the bad clown."
1136,3112,2,11,59,72,1.2083333333333333,0.05572645856918899,613,"Okay, there's your dog. Now talk."
1079,3112,1,13,58,72,1.2083333333333333,0.05209800262902861,613,Swipe that smile off your face. I’m the good cop.
1061,3112,2,11,59,72,1.2083333333333333,0.05572645856918899,613,"You’re absolutely right – playing good cop, bad cop isn’t going to work on you. So we’re just gonna move right ahead to bad cop, evil clown."
1026,3112,3,9,60,72,1.2083333333333333,0.05913268547421808,613,"You cooperate or it’s another good cop, bad clown routine"
1390,3112,1,13,58,72,1.2083333333333333,0.05209800262902861,613,"So you think this is funny, punk!!"
1436,3112,1,13,58,72,1.2083333333333333,0.05209800262902861,613,"Listen buddy, I asked you to stop singing Sondheim."
1443,3112,1,13,58,72,1.2083333333333333,0.05209800262902861,613,"So, you won't talk? Ok then. Neither does my partner!"
1463,3112,2,11,59,72,1.2083333333333333,0.05572645856918899,613,"If you can be a good little witness, my partner will give you the puppy."
1769,3112,2,11,59,72,1.2083333333333333,0.05572645856918899,613,"Quit clowning around, my eyes are right here."
1729,3112,1,13,58,72,1.2083333333333333,0.05209800262902861,613,OK buddy. This is how it is. - regular cop - not so funny cop. Take your pick.
1640,3112,2,11,59,72,1.2083333333333333,0.05572645856918899,613,"Hold up, who are you calling a bozo?"
1632,3112,2,11,59,72,1.2083333333333333,0.05572645856918899,613,Talk or will sic the dog on you...
1627,3112,2,11,59,72,1.2083333333333333,0.05572645856918899,613,I don’t need punks like you out there making my department look like a Circus!
1623,3112,1,13,58,72,1.2083333333333333,0.05209800262902861,613,"Ah, the old good cop clown cop routine"
1604,3112,1,13,58,72,1.2083333333333333,0.05209800262902861,613,Stop clowning around and tell us who the bozo was!
1019,3112,1,13,58,72,1.2083333333333333,0.05209800262902861,613,"Ok, kid. Good cop here, very bad cop there!"
1600,3112,3,9,60,72,1.2083333333333333,0.05913268547421808,613,Because HR says I have to embrace a climate of cultural diversity! Now answer the damn question!
1560,3112,3,9,60,72,1.2083333333333333,0.05913268547421808,613,"Listen son, we're done jumping through hoops here."
1534,3112,4,7,61,72,1.2083333333333333,0.06235311378048466,613,You wanna do this the hard way or the fun way?
1528,3112,2,11,59,72,1.2083333333333333,0.05572645856918899,613,You think we're clowning around here?
1500,3112,3,9,60,72,1.2083333333333333,0.05913268547421808,613,"no, no, it's not my birthday!"
1499,3112,3,9,60,72,1.2083333333333333,0.05913268547421808,613,"When this guy’s done with you, you’re going to wish you were dead."
1497,3112,4,7,61,72,1.2083333333333333,0.06235311378048466,613,"Talk, or we'll send in the clowns."
1486,3112,0,15,57,72,1.2083333333333333,0.048197153144195225,613,"OK, no more good cop."
1598,3112,0,15,57,72,1.2083333333333333,0.048197153144195225,613,"C'mon, Mikey. I want some answers. This ain't no Three-Ring Circus!"
1011,3112,1,13,58,72,1.2083333333333333,0.05209800262902861,613,"Yeah, he was a bad clown, but now he's the bad cop!"
1009,3112,4,7,61,72,1.2083333333333333,0.06235311378048466,613,Tell me if you recognize Donald Trump!
908,3112,4,7,61,72,1.2083333333333333,0.06235311378048466,613,"Good Cop, Really Bad Clown Cop"
242,3112,1,13,58,72,1.2083333333333333,0.05209800262902861,613,"It’s storytime, fella! Spit it out."
240,3112,3,9,60,72,1.2083333333333333,0.05913268547421808,613,"Look, Kid, I hope you don't think we're clowning around here."
235,3112,1,13,58,72,1.2083333333333333,0.05209800262902861,613,"You're right. This is classic good clown, bad cop."
233,3112,0,15,57,72,1.2083333333333333,0.048197153144195225,613,This clown has only one thing in mind...
232,3112,3,9,60,72,1.2083333333333333,0.05913268547421808,613,Trust me. I'm the good cop!
229,3112,3,9,60,72,1.2083333333333333,0.05913268547421808,613,Well Bozo over here says he caught you trying to blow up a puppy!
222,3112,2,11,59,72,1.2083333333333333,0.05572645856918899,613,"You think I'm unreasonable, but this guy's hysterical!"
295,3112,2,11,59,72,1.2083333333333333,0.05572645856918899,613,Better get the squirting flower for this one.
178,3112,2,11,59,72,1.2083333333333333,0.05572645856918899,613,Do you think this is some kind of joke?
126,3112,1,13,58,72,1.2083333333333333,0.05209800262902861,613,That's not the good cop. That's my brother-in-law.
124,3112,3,9,60,72,1.2083333333333333,0.05913268547421808,613,"Officer Chortles, looks like today's the day you'll be able to exercise that itchy seltzer finger."
110,3112,1,13,58,72,1.2083333333333333,0.05209800262902861,613,"Well you had your chance, now my partner will have a little fun with you!"
97,3112,2,11,59,72,1.2083333333333333,0.05572645856918899,613,"We've been monitoring you. If he can't get you to talk, a bag of snakes is outside."
63,3112,2,11,59,72,1.2083333333333333,0.05572645856918899,613,"Confess! ""You were caught in the act, giving this animal balloon to an undercover clown"""
31,3112,2,11,59,72,1.2083333333333333,0.05572645856918899,613,He can and will make anything.
3593,3112,2,11,59,72,1.2083333333333333,0.05572645856918899,613,"Yeah well I thought I’d seen it all too kid, and then they made Wavy Gravy my new partner."
141,3112,0,15,57,72,1.2083333333333333,0.048197153144195225,613,"You wanna know why you didn't hear our Canine Unit on your trail, kid?"
1822,3112,3,9,60,72,1.2083333333333333,0.05913268547421808,613,Spill the beans already! Does it look like we're clowning around here?
307,3112,2,11,59,72,1.2083333333333333,0.05572645856918899,613,You can confess now or spend the next ten years with Sgt. Bobo here.
355,3112,1,13,58,72,1.2083333333333333,0.05209800262902861,613,It's worse than you think -- HE'S the 'bad cop.'
835,3112,3,9,60,72,1.2083333333333333,0.05913268547421808,613,Are you or are you not a member of the Teachers Clown Union?
784,3112,0,15,57,72,1.2083333333333333,0.048197153144195225,613,Tell me why my undercover partner found 100 kilos of tide pods in these balloons.
752,3112,1,13,58,72,1.2083333333333333,0.05209800262902861,613,"We heard about your fear of clowns see... now are you going to talk, or perhaps you'd rather talk to Agent Bubbles here!"
726,3112,1,13,58,72,1.2083333333333333,0.05209800262902861,613,"Yeah, it's confusing. I'm the good cop."
710,3112,2,11,59,72,1.2083333333333333,0.05572645856918899,613,"You mean to tell me that after all his creative work, you stand by your story that you see a giraffe and not a dog?"
676,3112,1,13,58,72,1.2083333333333333,0.05209800262902861,613,Officer Collins here has been deep undercover in your black market children's party racket for two years now.
640,3112,2,11,59,72,1.2083333333333333,0.05572645856918899,613,"This method is a little something we call ""Good Cop, Clown Cop""!"
325,3112,1,13,58,72,1.2083333333333333,0.05209800262902861,613,"We're trying out our good cop, sad clown cop routine."
626,3112,2,11,59,72,1.2083333333333333,0.05572645856918899,613,Next week on CSI.
550,3112,2,11,59,72,1.2083333333333333,0.05572645856918899,613,"""Don't clown around with us kid. Did you or did you not pop a balloon animal like this one during an NRA rally last week?"
529,3112,1,13,58,72,1.2083333333333333,0.05209800262902861,613,"I'm done playing nice. It's time for Sargent Peepers, whose got a few tricks up his sleeve."
471,3112,3,9,60,72,1.2083333333333333,0.05913268547421808,613,"Confess, before the Joker comes in and you'll be stuck. In the middle. With me, punk!"
450,3112,4,7,61,72,1.2083333333333333,0.06235311378048466,613,"You may think I'm the bad cop in this situation, but you've clearly not seen 'It'"
422,3112,3,9,60,72,1.2083333333333333,0.05913268547421808,613,You are one twisted dog.
414,3112,3,9,60,72,1.2083333333333333,0.05913268547421808,613,You don't want to know the other ways we have to make you laugh.
403,3112,4,7,61,72,1.2083333333333333,0.06235311378048466,613,"Talk, Punk, or be seltzer-boarded."
596,3112,2,11,59,72,1.2083333333333333,0.05572645856918899,613,"Listen here, dirtbag, it still makes more sense than your alibi."
1834,3112,3,9,60,72,1.2083333333333333,0.05913268547421808,613,Surprise! Detective Bozo found the murder weapon.
745,3112,2,11,59,72,1.2083333333333333,0.05572645856918899,613,"Expecting the ol' Good Cop/Bad Cop routine were ya?....Well my friend, you're in Sarasota now."
1927,3112,0,15,57,72,1.2083333333333333,0.048197153144195225,613,"Ok let's get this straight, we don't want any funny business. Right partner ?"
3102,3112,2,11,59,72,1.2083333333333333,0.05572645856918899,613,"You see, Mr. Chuckles here is one of our finest undercover operatives."
3079,3112,3,9,60,72,1.2083333333333333,0.05913268547421808,613,You're insulting the man who breathed life into our K9 unit.
3065,3112,0,15,57,72,1.2083333333333333,0.048197153144195225,613,"Unless you play nice, we're prepared to send in the clowns."
3049,3112,2,11,59,72,1.2083333333333333,0.05572645856918899,613,And I see dead people! Cut the crap.
2977,3112,2,11,59,72,1.2083333333333333,0.05572645856918899,613,"OK Jimmy have it your way. The party is over. Let me introduce you to Chuckles. Don't let the name fool you, he knows every trick in the book."
2962,3112,3,9,60,72,1.2083333333333333,0.05913268547421808,613,"That's right,Sonny,I'm the good cop."
2960,3112,2,11,59,72,1.2083333333333333,0.05572645856918899,613,Now you're gonna tell us everything - except your honest opinion on the role of clowns.
2934,3112,2,11,59,72,1.2083333333333333,0.05572645856918899,613,Your temporary insanity plea is gonna get you sent straight to the baloony bin.
2922,3112,2,11,59,72,1.2083333333333333,0.05572645856918899,613,You think we're just here to clown around?
2909,3112,1,13,58,72,1.2083333333333333,0.05209800262902861,613,We have ways of making you talk and/or squeal with joy.
2897,3112,4,7,61,72,1.2083333333333333,0.06235311378048466,613,"Ya' better come clean, son, or I'll have to leave you alone in this room with my new partner, Jim Comey."
2892,3112,3,9,60,72,1.2083333333333333,0.05913268547421808,613,Officer McDonald from the K-9 unit will be taking over the interrogation now.
3524,3112,1,13,58,72,1.2083333333333333,0.05209800262902861,613,Good cop bad clown - you’d better talk
2891,3112,1,13,58,72,1.2083333333333333,0.05209800262902861,613,Is this the clown that arrested you?
2874,3112,3,9,60,72,1.2083333333333333,0.05913268547421808,613,Talk or I turn you over to the good cop.
3121,3112,1,13,58,72,1.2083333333333333,0.05209800262902861,613,"If we don’t get some answers, we’re gonna have to go birthday clown on you, and you don’t want that, Carl."
3188,3112,4,7,61,72,1.2083333333333333,0.06235311378048466,613,I was clowning around. Is that a crime?
3205,3112,1,13,58,72,1.2083333333333333,0.05209800262902861,613,What don't you understand about no more funny business?
3213,3112,1,13,58,72,1.2083333333333333,0.05209800262902861,613,"Sure, it's all fun and laughs, until it ISN'T!"
1852,3112,4,7,61,72,1.2083333333333333,0.06235311378048466,613,Admit it. You are a acupuncturist.
3514,3112,2,11,59,72,1.2083333333333333,0.05572645856918899,613,Wipe that smirk off your face. Did you or did you not blow his clown cover by mocking his balloon animal?
3488,3112,0,15,57,72,1.2083333333333333,0.048197153144195225,613,"Look, we're not joking around here."
3486,3112,3,9,60,72,1.2083333333333333,0.05913268547421808,613,Detective Blizzo here is a fully certified forensic balloon artist. Just tell him which animal the suspect looks like and we will begin our investigation.
3474,3112,3,9,60,72,1.2083333333333333,0.05913268547421808,613,"Alright buddy, you've left us no choice but to resort to the ridiculous cop"
3463,3112,1,13,58,72,1.2083333333333333,0.05209800262902861,613,"Maybe you didn't hear me the first time. I said, ""Is this your balloon doggy!"""
3410,3112,0,15,57,72,1.2083333333333333,0.048197153144195225,613,Quit messing with me. Do I look like a clown to you?
2865,3112,1,13,58,72,1.2083333333333333,0.05209800262902861,613,"Uh oh, his happy face is turning into a sad face."
3390,3112,1,13,58,72,1.2083333333333333,0.05209800262902861,613,"You tell the truth, you get the dog. We think you're lying, it gets popped."
3299,3112,2,11,59,72,1.2083333333333333,0.05572645856918899,613,"Now, Detective Angelini here is going to help jog your memory: There was a large McDonald's bag on the front seat of our cruiser...."
3291,3112,1,13,58,72,1.2083333333333333,0.05209800262902861,613,Your choice! Bad cop or Clown cop - there is no good cop.
3285,3112,5,5,62,72,1.2083333333333333,0.06541519016903742,613,Had enough?
3282,3112,1,13,58,72,1.2083333333333333,0.05209800262902861,613,"This is serious. Look at me when I'm talking to you, I'm not some clown."
3272,3112,2,11,59,72,1.2083333333333333,0.05572645856918899,613,"is that where you touched the clown, or not?"
3267,3112,2,11,59,72,1.2083333333333333,0.05572645856918899,613,Who gave you the idea of transferring to clown school?
3221,3112,1,13,58,72,1.2083333333333333,0.05209800262902861,613,"I don’t know much about art, but I know what I like."
3369,3112,0,15,57,72,1.2083333333333333,0.048197153144195225,613,"Ironically, he's the bad cop."
2857,3112,2,11,59,72,1.2083333333333333,0.05572645856918899,613,He also draws missing people.
2973,3112,3,9,60,72,1.2083333333333333,0.05913268547421808,613,Tell me the truth or the clown will take over...you do NOT want that to happen.
2784,3112,1,13,58,72,1.2083333333333333,0.05209800262902861,613,"The department is under a consent decree with the DOJ, so we're trying a new spin on the old ""good cop/bad cop"" routine."
2325,3112,2,11,59,72,1.2083333333333333,0.05572645856918899,613,Fess up or he makes more animals with squeaky balloons.
2323,3112,3,9,60,72,1.2083333333333333,0.05913268547421808,613,Ok. No ore funny business
2319,3112,1,13,58,72,1.2083333333333333,0.05209800262902861,613,We've replaced good cop/bad cop with bad cop/creepy clown cop.
2306,3112,2,11,59,72,1.2083333333333333,0.05572645856918899,613,Enough with the balloon animals. If you don’t tell us what we want to know Lieutenant Matthews will bring out the puppets.
2292,3112,2,11,59,72,1.2083333333333333,0.05572645856918899,613,"Good Cop, Bozo Cop. Don’t make me do it."
2289,3112,1,13,58,72,1.2083333333333333,0.05209800262902861,613,We're not clowning around.
2247,3112,1,13,58,72,1.2083333333333333,0.05209800262902861,613,We have a witness to the cruelty to animals charge
2378,3112,2,11,59,72,1.2083333333333333,0.05572645856918899,613,With your help we’re gonna pin the tail on this donkey.
2236,3112,2,11,59,72,1.2083333333333333,0.05572645856918899,613,"Good cop/bad cop just wasn't working anymore, so we're trying out angry cop/sullen clown this week. So far, it's testing under last week's silly cop/angry bartender, but if you'd just fill out our questionnaire..."
2852,3112,4,7,61,72,1.2083333333333333,0.06235311378048466,613,"Sir, we're trying to find the dog that bit you but our sketch artist is off today."""
2191,3112,2,11,59,72,1.2083333333333333,0.05572645856918899,613,Somebody must have wanted that balloon pretty bad to pull a twisted stunt like that!
2104,3112,4,7,61,72,1.2083333333333333,0.06235311378048466,613,"So, you say it was Bozo, in the romper room, with the ballon dog."
2096,3112,3,9,60,72,1.2083333333333333,0.05913268547421808,613,"The confetti was a match and now your going to the big top for a long, long time !"
2080,3112,3,9,60,72,1.2083333333333333,0.05913268547421808,613,"Well, Mark, we'd like to talk with you about the shortcomings of using Facebook to recruit new agents."
2017,3112,3,9,60,72,1.2083333333333333,0.05913268547421808,613,"In New York City, the dedicated detectives who investigate vicious felonies are members of an elite squad known as the Special Victims Unit."
1943,3112,1,13,58,72,1.2083333333333333,0.05209800262902861,613,Don't make me bring in the Bad Clown.
2221,3112,4,7,61,72,1.2083333333333333,0.06235311378048466,613,Don’t want to talk? Then I’m sending in the clown.
2382,3112,2,11,59,72,1.2083333333333333,0.05572645856918899,613,"Oh, wiseguy, huh? Think you're a joker? Take over, Bob..."
2210,3112,2,11,59,72,1.2083333333333333,0.05572645856918899,613,"Actually, he plays Psycho-Cop. Tell the truth or the dog pops!"
2414,3112,1,13,58,72,1.2083333333333333,0.05209800262902861,613,You'll wish you talked to me. I'm the good guy here.
2388,3112,1,13,58,72,1.2083333333333333,0.05209800262902861,613,He's the good clown. I'M the bad clown.
2761,3112,0,15,57,72,1.2083333333333333,0.048197153144195225,613,Won't talk? No problem. Twisty here can squeak all day.
2758,3112,0,15,57,72,1.2083333333333333,0.048197153144195225,613,"Alright pal, I guess we're gonna do this the hard way."
2742,3112,2,11,59,72,1.2083333333333333,0.05572645856918899,613,We know about twisted guys like you.
2733,3112,0,15,57,72,1.2083333333333333,0.048197153144195225,613,"We're doing sensible cop, silly cop."
2634,3112,2,11,59,72,1.2083333333333333,0.05572645856918899,613,You wanna talk to the good cop? Trust me detective Pennywise is NOT your friend!
2620,3112,3,9,60,72,1.2083333333333333,0.05913268547421808,613,"No, he's not a clown----he was born that way!"
2599,3112,2,11,59,72,1.2083333333333333,0.05572645856918899,613,Let’s just say you don’t want to see his bad clown.
2616,3112,3,9,60,72,1.2083333333333333,0.05913268547421808,613,He lives in a Volkswagen with nine brothers. Don't mess with him!
2527,3112,2,11,59,72,1.2083333333333333,0.05572645856918899,613,My partner will be continuing your interrogation. He’s no one to laugh at.
2762,3112,1,13,58,72,1.2083333333333333,0.05209800262902861,613,Once he twists your arm you'll start talking.
2495,3112,3,9,60,72,1.2083333333333333,0.05913268547421808,613,"Well, maybe I'm NOT the bad cop!"
2460,3112,2,11,59,72,1.2083333333333333,0.05572645856918899,613,There are 14 more of him in the squad car.
2456,3112,3,9,60,72,1.2083333333333333,0.05913268547421808,613,You think he's the good cop? He's got a seltzer bottle . . . and he'll use it.
2449,3112,2,11,59,72,1.2083333333333333,0.05572645856918899,613,OK. We can do this the hard way or the zany way.
2442,3112,1,13,58,72,1.2083333333333333,0.05209800262902861,613,"Cooperate or the clown, here, will squeeze and twist you like he did that balloon."
2581,3112,3,9,60,72,1.2083333333333333,0.05913268547421808,613,"Okay, okay. You're right. I'm the bad cop, he's the good cop."
4695,3426,2,12,63,77,1.2077922077922079,0.05338078923628006,613,C'mon buddy......this is the last chance to identify your missing dog. Our baloon artist has important government cases. Stormy Daniels and her lawyer are waiting in the next room.
594,3426,3,10,64,77,1.2077922077922079,0.05649134587834131,613,Our sketch artist has today off
6401,3428,4,20,111,135,1.2074074074074075,0.040853655275838514,613,You think you can just steal balloons? Ronald here can track anyone down.
2258,3429,7,16,122,145,1.206896551724138,0.0425442655708546,613,Surely you've heard of Good Cop - Bad Cop.
3379,3430,12,65,354,431,1.2064965197215778,0.022595541946640835,613,"Huh, guess it's been a bad day for everybody."
4308,3431,2,11,60,73,1.2054794520547945,0.055031830105908446,613,Start singing before I bring the cake or no gift bag!
4573,3431,0,15,58,73,1.2054794520547945,0.04761793062697309,613,It's the newest thing in police sketch artists - 3D likenesses. You're sure this isn't the perp you saw?
4586,3431,0,15,58,73,1.2054794520547945,0.04761793062697309,613,"We have the best sketch artist in town and this surely looks like your dog, Jimmy."
5049,3431,3,9,61,73,1.2054794520547945,0.05838681211207499,613,Do you think this is a funny?!
5200,3431,1,13,59,73,1.2054794520547945,0.051458573833719844,613,"OK Buddy, listen up! Yeah, I'm the BAD cop, he's the GOOD cop, but we're not clowning around!"
5387,3431,1,13,59,73,1.2054794520547945,0.051458573833719844,613,Detective Sondheim has a 2:00 pm matinee.
5440,3431,2,11,60,73,1.2054794520547945,0.055031830105908446,613,Which of us is the scarier one?
5468,3431,1,13,59,73,1.2054794520547945,0.051458573833719844,613,"Don’t let appearances fool you, he’s going to play the bad cop."
5470,3431,2,11,60,73,1.2054794520547945,0.055031830105908446,613,"So, you're going to sit here, watch, and laugh just enough to make it believable. He really needs this. If you can do that then you're free to go."
5728,3431,2,11,60,73,1.2054794520547945,0.055031830105908446,613,You don't want to see Bad Clown
5897,3431,3,9,61,73,1.2054794520547945,0.05838681211207499,613,It's been 30 years George. It's O.K. to take the balloon.
5923,3431,0,15,58,73,1.2054794520547945,0.04761793062697309,613,"I told you, I’m not talking to that clown!"
6048,3431,2,11,60,73,1.2054794520547945,0.055031830105908446,613,"Good cop, bad cop. I get it!"
6331,3431,3,9,61,73,1.2054794520547945,0.05838681211207499,613,These are weird times kid. Dualism is dead.
6475,3431,4,7,62,73,1.2054794520547945,0.06155921809457883,613,Your first mistake was to piss off Sgt. Bozo
6677,3431,3,9,61,73,1.2054794520547945,0.05838681211207499,613,Just tell it to us straight or he'll twist your words into a story you won't recognize
6683,3431,1,13,59,73,1.2054794520547945,0.051458573833719844,613,Lucky for you it’s good cop vs. guy-you-can’t-take-seriously cop.
7018,3431,3,9,61,73,1.2054794520547945,0.05838681211207499,613,"Tell me, or you get Trump!"
4264,3431,4,7,62,73,1.2054794520547945,0.06155921809457883,613,"""The ""Good Cop"" was busy."
7119,3431,1,13,59,73,1.2054794520547945,0.051458573833719844,613,"What do you mean by ""good cop, bad clown""?"
4118,3431,4,7,62,73,1.2054794520547945,0.06155921809457883,613,And if you still don't talk- God help you if I have to bring out the mime.
64,3431,2,11,60,73,1.2054794520547945,0.055031830105908446,613,No more funny business!
3786,3431,0,15,58,73,1.2054794520547945,0.04761793062697309,613,You gotta give us something.....or the dog gets it.....
3946,3431,2,11,60,73,1.2054794520547945,0.055031830105908446,613,There is no law that says you always get a good cop with your bad cop.
185,3431,3,9,61,73,1.2054794520547945,0.05838681211207499,613,My partner here's looking for an excuse to make his gun go 'BANG!'
577,3431,3,9,61,73,1.2054794520547945,0.05838681211207499,613,"OK. To start with, which one is the good cop?"
919,3431,2,11,60,73,1.2054794520547945,0.055031830105908446,613,"well, obviously, i’m the bad cop"
922,3431,2,11,60,73,1.2054794520547945,0.055031830105908446,613,"Okay kid...just guess which one of us is the ""bad"" cop and we'll let you go"
975,3431,2,11,60,73,1.2054794520547945,0.055031830105908446,613,"Yes Sir, I believe I am hallucinating."
1603,3431,2,11,60,73,1.2054794520547945,0.055031830105908446,613,"My partner is an artist. Is this a good likeness of your dog, or not?"
1951,3431,4,7,62,73,1.2054794520547945,0.06155921809457883,613,And just in case you're wondering- I'm the good cop.
2271,3431,3,9,61,73,1.2054794520547945,0.05838681211207499,613,"You don't know jack from torture, kid. Five minutes with my partner, and you'll be tellin' us you're John Wilkes Booth, Vladimir Putin, and Trump's barber rolled into one."
1546,3431,2,11,60,73,1.2054794520547945,0.055031830105908446,613,Trust me – you don’t want the bad cop.
2358,3431,3,9,61,73,1.2054794520547945,0.05838681211207499,613,My partner's telling me he's got a funny feeling about your story.
2320,3431,2,11,60,73,1.2054794520547945,0.055031830105908446,613,"Yes, but we can put a lot of them one car."
3484,3431,1,13,59,73,1.2054794520547945,0.051458573833719844,613,"If you think we’re just clowning around here, young man, your sadly mistaken!"
3174,3431,1,13,59,73,1.2054794520547945,0.051458573833719844,613,Go ahead. I dare you to say it.
3164,3431,3,9,61,73,1.2054794520547945,0.05838681211207499,613,Believeme pal I'm the good cop!
3494,3431,2,11,60,73,1.2054794520547945,0.055031830105908446,613,You think I’m tough? He’ll tickle you to death.
2946,3431,2,11,60,73,1.2054794520547945,0.055031830105908446,613,We've decided our 'good cop' approach was not painful enough.
2698,3431,4,7,62,73,1.2054794520547945,0.06155921809457883,613,"Listen, wise guy, if you want we can not only go through this little performance again later, but three times on Saturday and Sunday...."
2624,3431,2,11,60,73,1.2054794520547945,0.055031830105908446,613,Your choice: be a teacher like me and earn $7.24 an hour or...
2964,3431,1,13,59,73,1.2054794520547945,0.051458573833719844,613,"No worries - we can get you a circus gig under the Witness Protection Program, and my partner here will be your undercover bodyguard."
6637,3474,3,39,179,221,1.2036199095022624,0.02933413797976694,613,"We’ve got hundreds more balloon animals to make, and word on the street is you’re a pro."
2444,3475,1,21,91,113,1.2035398230088497,0.04006807583246643,613,"Believe me kid, it's a slippery slope. One day it's dogs and the next thing you know it's bunnies and other stuff you don't even know what it is."
1078,3476,8,32,196,236,1.2033898305084745,0.031272244339962216,613,No--YOU'RE the clown here!
2122,3477,5,30,162,197,1.2030456852791878,0.032933107550008986,613,Bad cop didn't break you? Let's see how you do with good cop.
4624,3478,3,9,62,74,1.2027027027027026,0.057659296687798345,613,I have no idea why the President of the United States wants to listen to your testimony
811,3478,3,9,62,74,1.2027027027027026,0.057659296687798345,613,"Pay attention, pal. Do you think we do this for our own entertainment?"
1267,3478,4,7,63,74,1.2027027027027026,0.060785094731168506,613,Now for some smart cop dumb cop.
2153,3478,2,11,61,74,1.2027027027027026,0.05435403616647045,613,The traditional 'good cop / bad cop' routine seems to be running out of gas so we thought we'd try something new.
5320,3478,2,11,61,74,1.2027027027027026,0.05435403616647045,613,"Jokes on you kid, i'm the good cop."
5804,3483,3,15,86,104,1.2019230769230769,0.04609429503917236,613,"Just imagine what he will do to you, if you don’t start answering the questions."
5281,3484,5,54,259,318,1.20125786163522,0.02462332481744559,613,For many juvies he is Bad Cop.
7052,3485,10,33,221,264,1.2007575757575757,0.029969030103848403,613,"Don’t let the wig and balloon animals get to you. When I tell you, I’m the “good cop”, you can trust me."
2952,3486,1,12,57,70,1.2,0.05227733021739333,613,You think this is funny? We'll I don't!
3040,3486,4,6,60,70,1.2,0.06304883249912806,613,There are different meanings of bad cop.
3275,3486,2,10,58,70,1.2,0.056098109857700425,613,"Good cop, really bad cop."
2894,3486,2,10,58,70,1.2,0.056098109857700425,613,That's for you to discover.
3510,3486,1,12,57,70,1.2,0.05227733021739333,613,"You two options for this interrogation, me or that clown over there."
3619,3486,0,14,56,70,1.2,0.04815434123430769,613,Any laughter you make can be held against you.
3763,3486,2,10,58,70,1.2,0.056098109857700425,613,I'd ask you to describe the guy but my partner can only make dogs.
3856,3486,1,12,57,70,1.2,0.05227733021739333,613,Don't make him do a meaner animal
3894,3486,2,10,58,70,1.2,0.056098109857700425,613,We know you've been up to some funny business.
4048,3486,0,14,56,70,1.2,0.04815434123430769,613,"Listen, pal, you're not the only bozo in town."
4392,3486,2,10,58,70,1.2,0.056098109857700425,613,Don’t try any funny business
4424,3486,0,14,56,70,1.2,0.04815434123430769,613,Do you think this is a joke?!?!
4479,3486,1,12,57,70,1.2,0.05227733021739333,613,Talk or he’ll slapstick you silly.
4962,3486,2,10,58,70,1.2,0.056098109857700425,613,Talk now or he will make a bunny next!
5113,3486,1,12,57,70,1.2,0.05227733021739333,613,I swear this worked in Batman.
5135,3486,2,10,58,70,1.2,0.056098109857700425,613,"Alright, mister: no more funny business!"
5240,3486,3,8,59,70,1.2,0.05967475684537697,613,"Alright, buster. No more funny stuff."
5318,3486,1,12,57,70,1.2,0.05227733021739333,613,We know you're the ringleader.
5381,3486,0,14,56,70,1.2,0.04815434123430769,613,"Listen kid, we're not clowning around here."
5382,3486,3,8,59,70,1.2,0.05967475684537697,613,"Actually it's ""good cop/sicko clown cop."""
5420,3486,1,12,57,70,1.2,0.05227733021739333,613,Do you deny the charge ? : refigurement of a clown's baloon !
5467,3486,4,21,120,145,1.2,0.03865556717425341,613,I suggest you talk. You don't want to make the clown angry...
5942,3486,1,12,57,70,1.2,0.05227733021739333,613,If you don’t talk I’ll leave you with him.
5972,3486,2,10,58,70,1.2,0.056098109857700425,613,"Believe me, you don't want to see 'bad clown',"
6314,3486,2,10,58,70,1.2,0.056098109857700425,613,"This is not good cop/bad cop, this is bad cop/worse cop."
6863,3486,1,12,57,70,1.2,0.05227733021739333,613,Don't look at It! Look at me!
6898,3486,0,14,56,70,1.2,0.04815434123430769,613,He also wears a body cam.
7019,3486,2,10,58,70,1.2,0.056098109857700425,613,Why do you think your here Young Mister? This is not laughing matter!
2812,3486,1,12,57,70,1.2,0.05227733021739333,613,He claims you're the one who stole his tricycle.
3491,3486,0,14,56,70,1.2,0.04815434123430769,613,"If you don't tell us now, somebody here is going to start squeaking, and it ain't gonna be me."
2693,3486,3,8,59,70,1.2,0.05967475684537697,613,"The ACLU is behind the glass, so give me a big smile."
2697,3486,1,12,57,70,1.2,0.05227733021739333,613,"We do ""good cop, bad cop"" a little differently."
88,3486,2,10,58,70,1.2,0.056098109857700425,613,"Well, it's like that, only I'm the straight man."
180,3486,3,8,59,70,1.2,0.05967475684537697,613,We have our ways to make you talk.
246,3486,3,8,59,70,1.2,0.05967475684537697,613,"Don't you howdy doody me, son. I'm not clowning around here."
399,3486,2,10,58,70,1.2,0.056098109857700425,613,You can tell me now or Smiles here will make you wish you had.
796,3486,2,10,58,70,1.2,0.056098109857700425,613,"Given the times we are living in, you now have a choice: a lawyer or bozo!"
801,3486,3,8,59,70,1.2,0.05967475684537697,613,"Remember, snitches are left in stitches!"
890,3486,0,14,56,70,1.2,0.04815434123430769,613,"Clowning around? You think this is funny, Johnson?"
956,3486,4,6,60,70,1.2,0.06304883249912806,613,The Judge doesn't like clowns like you!
1044,3486,1,12,57,70,1.2,0.05227733021739333,613,You can talk to me or you can talk to my partner. I don't recommend talking to my partner.
1204,3486,1,12,57,70,1.2,0.05227733021739333,613,Good cop; Glad cop
1464,3486,0,14,56,70,1.2,0.04815434123430769,613,Don't be ridiculous! There's no such thing as a 'good clown'!
1509,3486,2,10,58,70,1.2,0.056098109857700425,613,Guess! Good cop; bad cop?
94,3486,1,12,57,70,1.2,0.05227733021739333,613,"It's a 'Clown cop, bad cop' initiative, why do you all assume I'm the good cop?"
1710,3486,3,8,59,70,1.2,0.05967475684537697,613,"It's worse than you think, punk. I'm the ""good cop."""
2541,3486,3,8,59,70,1.2,0.05967475684537697,613,"Talk, or I'll lock you into the bouncy castle with this clown"
2386,3486,1,12,57,70,1.2,0.05227733021739333,613,"You have two options, Joey: spill your guts, or split a gut."
1529,3486,0,14,56,70,1.2,0.04815434123430769,613,"Ignore him, I’m not clowning around!"
2368,3486,2,10,58,70,1.2,0.056098109857700425,613,OK punk. We're through fooling around with you.
2344,3486,1,20,89,110,1.2,0.04043136875805354,613,"Better start talking, or you're looking at CLOWN time Punk!"
2159,3486,2,10,58,70,1.2,0.056098109857700425,613,Does he match your description of a sad clown with an equine fetish?
2208,3486,2,10,58,70,1.2,0.056098109857700425,613,I'm sure you figured out that what you did is no laughing matter.
1910,3486,1,12,57,70,1.2,0.05227733021739333,613,.......and he was on Sullivan!
1820,3486,6,24,150,180,1.2,0.03558502813246158,613,Either you can cooperate and admit you tried to pop Bozo's K-9 or the next thing Bozo makes will be handcuffs
1791,3486,1,12,57,70,1.2,0.05227733021739333,613,"OK kid, the rules have changed. I'm still the bad cop but Sargent Franko is now the silly cop."
1757,3486,0,14,56,70,1.2,0.04815434123430769,613,You're right. He's the bad cop.
1730,3486,3,8,59,70,1.2,0.05967475684537697,613,You are wrong. HE is the bad cop.
2108,3486,0,14,56,70,1.2,0.04815434123430769,613,"If you think this get up is bad, you should see what's going on behind that two way mirror."
6063,3545,4,28,149,181,1.1988950276243093,0.033626600799421584,613,It's not going to be all laughs and balloon animals if I have to get the the scary clown.
5008,3546,5,19,122,146,1.1986301369863013,0.03962490999463604,613,You’re kidding me right?
5199,3547,3,17,96,116,1.1982758620689655,0.04280254792505459,613,"At Acme Clown College, plagiarism is no laughing matter."
1747,3548,10,67,362,439,1.1981776765375853,0.02160571184943483,613,"So, punk, you think you’re so tough?"
79,3549,6,29,172,207,1.1980676328502415,0.03244172221974344,613,"Smile while you can, buddy! Number three is behind that door!"
334,3550,1,17,78,96,1.1979166666666667,0.043477640116023786,613,"Ten to twenty is no joke, son."
6737,3551,6,20,136,162,1.1975308641975309,0.03800837566741917,613,"Yes, it's hard to find a stolen dog, but we got someone who's lots better than your standard sketch artist."
6711,3552,2,10,59,71,1.1971830985915493,0.05537404657552627,613,This wasn't the first time you've tied one on.
6416,3552,2,10,59,71,1.1971830985915493,0.05537404657552627,613,We’re getting too old for this shtick
5900,3552,3,8,60,71,1.1971830985915493,0.05889566640314108,613,Can you go yet? This party's just getting started.
5834,3552,3,8,60,71,1.1971830985915493,0.05889566640314108,613,you're not going to find my partner so funny
4565,3552,3,8,60,71,1.1971830985915493,0.05889566640314108,613,He's from our Circus Division.
4404,3552,0,14,57,71,1.1971830985915493,0.04755476905953276,613,You think this is funny? Wait until Detective McDonald starts in on you.
2628,3552,3,8,60,71,1.1971830985915493,0.05889566640314108,613,"Clown? Wrong, punk. Try undercover balloon torture technician."
2523,3552,2,10,59,71,1.1971830985915493,0.05537404657552627,613,Wipe that smirk off your face and answer my questions.
2305,3552,1,12,58,71,1.1971830985915493,0.051612697538755165,613,"So, ya gonna talk? Or do I have to send in the sad clown."
1935,3552,0,14,57,71,1.1971830985915493,0.04755476905953276,613,"If you think I'm the bad cop, wait till It gets hold of you."
1933,3552,2,10,59,71,1.1971830985915493,0.05537404657552627,613,"Maybe you fooled this bozo, but you don't fool me."
1792,3552,2,10,59,71,1.1971830985915493,0.05537404657552627,613,You don't want my partner to get crazy!
1493,3552,2,10,59,71,1.1971830985915493,0.05537404657552627,613,The Clown College faculty suspects you've committed plagiarism.
930,3552,2,10,59,71,1.1971830985915493,0.05537404657552627,613,Come clean now if you know what's good for you. My partner doesn't like jokers like you.
364,3552,2,10,59,71,1.1971830985915493,0.05537404657552627,613,"You think this is funny? Murder, you sick bastard, is never funny."
2061,3567,1,23,103,127,1.1968503937007875,0.03714496993192504,613,I'm not the funny one kid!
7048,3568,4,28,151,183,1.1967213114754098,0.033293391424347805,613,He had a difficult childhood.
5702,3569,4,15,98,117,1.1965811965811965,0.04416984246846932,613,Drew always pushes the limit on business casual Fridays.
6009,3570,14,60,374,448,1.1964285714285714,0.02220226260489039,613,I thought we were here for fun
4192,3571,5,19,124,148,1.195945945945946,0.039133358230548296,613,His name is Miranda. Miranda the clown.
3311,3572,4,27,148,179,1.1955307262569832,0.033686525727636175,613,"""Good cop, bad cop"" is so passe - now it's ""Grim cop, funny cop""."
4191,3573,10,49,294,353,1.1954674220963173,0.024651959906835278,613,Coming this fall to CBS - Clown-Cop
4005,3574,3,25,131,159,1.1949685534591195,0.035103072972858924,613,Look clown you better start talking before this thing turns into a media circus.
5423,3575,2,10,60,72,1.1944444444444444,0.054668187059789194,613,We are going to stop this clowning around
6461,3575,0,14,58,72,1.1944444444444444,0.04696954399337483,613,Welcome to the circus.
4710,3577,1,11,55,67,1.1940298507462686,0.053119792298663225,613,We've got three witnesses describing this as the balloon animal at the scene of the crime.
4721,3577,4,5,58,67,1.1940298507462686,0.06464181647334705,613,"Using the enhanced interrogation technique, good-cop/ clown-cop, it was only a matter of time before the suspect confessed."
4724,3577,2,9,56,67,1.1940298507462686,0.057218846267874955,613,Don't clown with me. Your twisted story is full of hot air.
4731,3577,2,9,56,67,1.1940298507462686,0.057218846267874955,613,"Look buddy, you don’t want to clown around with us. We'll twist you up like a balloon."
4760,3577,2,9,56,67,1.1940298507462686,0.057218846267874955,613,We’re the ones asking questions here! But yes he’s running for precinct chief.
5601,3577,1,11,55,67,1.1940298507462686,0.053119792298663225,613,"Oh, you think this is funny? Just wait until he goes all Pennywise on you, then we'll see who's laughing."
4702,3577,0,13,54,67,1.1940298507462686,0.04867677371683064,613,"Sorry, Vinnie, but you rolled the dice, and instead of Good Cop / Bad Cop, you got Bad Cop / Bad balloon artist."
4829,3577,2,9,56,67,1.1940298507462686,0.057218846267874955,613,Feeling lucky punk? Which of us is the good cop?
4744,3577,2,9,56,67,1.1940298507462686,0.057218846267874955,613,"""Don't be fooled by the clown playing the good cop. I'm the only clown here""."
4697,3577,2,9,56,67,1.1940298507462686,0.057218846267874955,613,"Oh yeah? Well, we can play ‘bad cop, Life-of-the-party cop’ all day."
4621,3577,2,9,56,67,1.1940298507462686,0.057218846267874955,613,"I know he looks silly, but we’re short handed."
4645,3577,1,11,55,67,1.1940298507462686,0.053119792298663225,613,"Still won't talk? Well, my partner can twist a confession out of anyone."
4833,3577,0,13,54,67,1.1940298507462686,0.04867677371683064,613,Don't make light of the situation. You made it personal when you used the seltzer.
4612,3577,1,11,55,67,1.1940298507462686,0.053119792298663225,613,"OK, tough guy, we tried the easy way. Now he's gonna mime."
4597,3577,2,9,56,67,1.1940298507462686,0.057218846267874955,613,"OK punk, we can do this the easy way, or the goofy way!"
4558,3577,0,13,54,67,1.1940298507462686,0.04867677371683064,613,You're lucky I'm the GOOD cop!
4551,3577,2,9,56,67,1.1940298507462686,0.057218846267874955,613,DO YOU THINK IT'S A CIRCUS HERE?
4536,3577,1,11,55,67,1.1940298507462686,0.053119792298663225,613,"Since you're clearly a Caucasian, we brought in some entertainment to alleviate the stress."
4525,3577,2,9,56,67,1.1940298507462686,0.057218846267874955,613,"Haven't you ever heard of good cop, clown cop?"
4523,3577,0,13,54,67,1.1940298507462686,0.04867677371683064,613,Detective Boffo here is from our canine balloon unit.
4675,3577,1,11,55,67,1.1940298507462686,0.053119792298663225,613,Confess and we’ll bring in the cake and ice cream.
4875,3577,0,13,54,67,1.1940298507462686,0.04867677371683064,613,The old good cop/funny copy routine was getting tired.
4917,3577,2,9,56,67,1.1940298507462686,0.057218846267874955,613,Don't play stupid with me buddy..have you ever seen this man before ?
4904,3577,2,9,56,67,1.1940298507462686,0.057218846267874955,613,Not exactly. It’s bad cop/creepy cop.
5553,3577,1,11,55,67,1.1940298507462686,0.053119792298663225,613,"Wipe that smug look off your face and start talking, we’re through clowning around!"
5527,3577,2,9,56,67,1.1940298507462686,0.057218846267874955,613,Success? Like you he too skipped school at your age!
5466,3577,2,9,56,67,1.1940298507462686,0.057218846267874955,613,"No, he’s the bad cop. I’m the good cop."
5445,3577,1,11,55,67,1.1940298507462686,0.053119792298663225,613,"You can tell me the truth now, or spend an hour alone in the room with him!"
5355,3577,2,9,56,67,1.1940298507462686,0.057218846267874955,613,Our forensic expert has identified the balloon.
5346,3577,0,13,54,67,1.1940298507462686,0.04867677371683064,613,"And now, here’s Detective Sprinkles with a surprising twist."
5305,3577,0,13,54,67,1.1940298507462686,0.04867677371683064,613,It looks like we have a real funny man on our hands Agent Bobo...
5286,3577,2,9,56,67,1.1940298507462686,0.057218846267874955,613,He's just been sent in.
5260,3577,3,7,57,67,1.1940298507462686,0.061043266644244185,613,I thought you said no more funny business.
4902,3577,3,7,57,67,1.1940298507462686,0.061043266644244185,613,Stop calling me 'Mr. Pence.'
5251,3577,2,9,56,67,1.1940298507462686,0.057218846267874955,613,We've got a witness. My partner was one of the twenty-five inside the vehicle during your little carjacking.
5232,3577,2,9,56,67,1.1940298507462686,0.057218846267874955,613,Ok pal. Where's the rest of the suit?
5215,3577,1,11,55,67,1.1940298507462686,0.053119792298663225,613,Good cop? He looks like a Bozo to me.
5207,3577,2,9,56,67,1.1940298507462686,0.057218846267874955,613,"There is no good cop, dirtbag - it's just me or scary clown cop here."
5204,3577,1,11,55,67,1.1940298507462686,0.053119792298663225,613,"You think I'm tough as the bad cop, well meet the good cop."""
5171,3577,2,9,56,67,1.1940298507462686,0.057218846267874955,613,Well if that doesn't scare you into a confession we'll bring in the water guns next!
5165,3577,0,13,54,67,1.1940298507462686,0.04867677371683064,613,"You better start talking, even the ""good cop"" is loosing his patience!"
5136,3577,1,11,55,67,1.1940298507462686,0.053119792298663225,613,"You'll notice he has rubber gloves on, were not clowning around here!"
5083,3577,2,9,56,67,1.1940298507462686,0.057218846267874955,613,For today's interrogation the role of Good Cop will be played by Clown Cop.
4502,3577,2,9,56,67,1.1940298507462686,0.057218846267874955,613,"What do we look like, a couple of bozos?"
5237,3577,0,13,54,67,1.1940298507462686,0.04867677371683064,613,We have 20 more officers in our canine patrol car who spotted you at the circus tent.
4493,3577,0,13,54,67,1.1940298507462686,0.04867677371683064,613,You're gonna tell us what happened or he keeps twisting balloons.
3974,3577,2,9,56,67,1.1940298507462686,0.057218846267874955,613,If you say 'shenanigans' one more time...
4448,3577,0,13,54,67,1.1940298507462686,0.04867677371683064,613,I'm not the bad cop. He's the bad cop.
4002,3577,2,9,56,67,1.1940298507462686,0.057218846267874955,613,"Good cop or bad clown, you decide."
3977,3577,2,9,56,67,1.1940298507462686,0.057218846267874955,613,"Our regular artist is out sick. If this looks like the dog that attacked you, we'll send out an APB."
5602,3577,2,9,56,67,1.1940298507462686,0.057218846267874955,613,That's right- he's the good cop. Now start talking!
3943,3577,2,9,56,67,1.1940298507462686,0.057218846267874955,613,we need youthful creativity here. Do you still think he's funny?
3931,3577,1,11,55,67,1.1940298507462686,0.053119792298663225,613,Can the act! We already have one Bozo in the room!
3926,3577,2,9,56,67,1.1940298507462686,0.057218846267874955,613,Come clean. Don't make us play good clown/scary clown.
3924,3577,0,13,54,67,1.1940298507462686,0.04867677371683064,613,"In return for your cooperation, you'll get this wonderful balloon deer -- now talk!"
3912,3577,2,9,56,67,1.1940298507462686,0.057218846267874955,613,Mark Zuckerberg testifies before Congress
3903,3577,0,13,54,67,1.1940298507462686,0.04867677371683064,613,We have ways of making you talk. Do you want the good cop/bad clown treatment?
3896,3577,0,13,54,67,1.1940298507462686,0.04867677371683064,613,"The punchline now, or we pop the dog!"
3878,3577,2,9,56,67,1.1940298507462686,0.057218846267874955,613,Trust me! You don't want to see him pop that one.
3839,3577,1,11,55,67,1.1940298507462686,0.053119792298663225,613,No more clowning around. Did you hit my partner in the juggler ?
3829,3577,2,9,56,67,1.1940298507462686,0.057218846267874955,613,You don't want the crying-on-the-inside cop.
3803,3577,1,11,55,67,1.1940298507462686,0.053119792298663225,613,Let's see you swallow this.
3802,3577,1,11,55,67,1.1940298507462686,0.053119792298663225,613,"You should be scared, because I’m the Good Cop, buddy!"
3801,3577,2,9,56,67,1.1940298507462686,0.057218846267874955,613,"Your choice. We can do this the hard way, or we can do this the cheesy way."
3791,3577,1,11,55,67,1.1940298507462686,0.053119792298663225,613,"Confess, or we'll make your dog talk. And that's not gonna be pretty."
3769,3577,1,11,55,67,1.1940298507462686,0.053119792298663225,613,Six balloon dogs and you'll break. Seven tops.
3750,3577,2,9,56,67,1.1940298507462686,0.057218846267874955,613,There is nothing funny about this.
3731,3577,1,11,55,67,1.1940298507462686,0.053119792298663225,613,"I respect your right to remain silent, but I can't say the same for Officer McGiggles."
3729,3577,3,7,57,67,1.1940298507462686,0.061043266644244185,613,"This is clown school, not Harvard."
4006,3577,2,9,56,67,1.1940298507462686,0.057218846267874955,613,"Ironically, it was his car. So you're facing charges of one count auto theft and 17 counts of abduction."
4465,3577,1,11,55,67,1.1940298507462686,0.053119792298663225,613,"Yep, the training here is mighty intense!"
4018,3577,2,9,56,67,1.1940298507462686,0.057218846267874955,613,Better tell Clown Cop who put the banana peel in front of the police station.
4079,3577,2,9,56,67,1.1940298507462686,0.057218846267874955,613,"When we need more your basic name, rank and serial number we bring out the clown!!!"
4438,3577,0,13,54,67,1.1940298507462686,0.04867677371683064,613,You think this is funny? Just wait till my partner takes a crack at ya.
4432,3577,2,9,56,67,1.1940298507462686,0.057218846267874955,613,Don't cross my partner. He's having an extremely bad hair day.
4420,3577,2,9,56,67,1.1940298507462686,0.057218846267874955,613,"So you think you’re funny, we can be funny too!"
4406,3577,3,7,57,67,1.1940298507462686,0.061043266644244185,613,Now will you answer my questions?
4398,3577,3,7,57,67,1.1940298507462686,0.061043266644244185,613,I’m going to ask you one more time- who’s the bad cop.
4365,3577,2,9,56,67,1.1940298507462686,0.057218846267874955,613,You like turning my precent into some type of a circus?? You think this is a joke??? Quit clowning around tough guy because my partner here has some tricks up his sleeve that  are NO laughing matter!
4357,3577,1,11,55,67,1.1940298507462686,0.053119792298663225,613,"You better answer me; I'm the good cop. Look at my partner over there. Ever seen ""IT?"""
4345,3577,3,7,57,67,1.1940298507462686,0.061043266644244185,613,"Well, MOST of us aren't clowning around!"
4333,3577,3,7,57,67,1.1940298507462686,0.061043266644244185,613,"In this division of Trump University we offer a double major in clowning or balloon tying to double your career opportunities. Meet Bozo J. Trump, our master instructor. For no additional tuition, he will also teach you how to style your hair."
4307,3577,1,11,55,67,1.1940298507462686,0.053119792298663225,613,You have the right to remain silent. Anything you say can and will be rubbed against you In a court of law.
4274,3577,3,7,57,67,1.1940298507462686,0.061043266644244185,613,"Give it to me straight, or spend the afternoon in Bobo's balloon animal class!"
4261,3577,2,9,56,67,1.1940298507462686,0.057218846267874955,613,"Just because he's the bad cop, who says he can't also be a halfway decent balloon artist?"
4257,3577,1,11,55,67,1.1940298507462686,0.053119792298663225,613,"Now, do you want good cop or clown cop?"
4254,3577,2,9,56,67,1.1940298507462686,0.057218846267874955,613,You have the right to remain infantile.
4222,3577,3,7,57,67,1.1940298507462686,0.061043266644244185,613,"Bad news, buddy: Good cop is off today. So this guy is filling in."
4213,3577,0,13,54,67,1.1940298507462686,0.04867677371683064,613,No more clowing around!
4205,3577,2,9,56,67,1.1940298507462686,0.057218846267874955,613,Whata’ya mean 'it’s so odd that he has two pens in his pocket?'
4202,3577,0,13,54,67,1.1940298507462686,0.04867677371683064,613,"This is Officer Jenkins, so stop clowning, he's broken tougher guys than you with his balloon animals."
4158,3577,3,7,57,67,1.1940298507462686,0.061043266644244185,613,It’s time to get that smirk back on your face...
4149,3577,2,9,56,67,1.1940298507462686,0.057218846267874955,613,In what world does it looks like a bird?
4115,3577,1,11,55,67,1.1940298507462686,0.053119792298663225,613,"Good cop is ill. His pal Bozo is covering for him. Yo can confess now, or be bored to death by Bozo."
4070,3577,2,9,56,67,1.1940298507462686,0.057218846267874955,613,Have you ever heard of a little thing called diversity?
5670,3577,3,7,57,67,1.1940298507462686,0.061043266644244185,613,It's that or the hotdog cart at Macys.Welcome to Vice.
6260,3577,1,11,55,67,1.1940298507462686,0.053119792298663225,613,"If you think he’s the “good cop,’” then you’re in for a big surprise!"
5685,3577,2,9,56,67,1.1940298507462686,0.057218846267874955,613,Don't be fooled by his get up. I'm the good cop.
6879,3577,2,9,56,67,1.1940298507462686,0.057218846267874955,613,"Well, guess what? I’m the good cop."
6868,3577,3,7,57,67,1.1940298507462686,0.061043266644244185,613,Where'd you ditch the LSD?
6835,3577,3,7,57,67,1.1940298507462686,0.061043266644244185,613,You don't want to make me have to call for the bad clown.
6815,3577,1,11,55,67,1.1940298507462686,0.053119792298663225,613,"I'm funny how, Jimmy, funny like I'm a clown? I'm here to amuse you?"
6759,3577,0,13,54,67,1.1940298507462686,0.04867677371683064,613,"Good cop retired, now it's Bad Cop, Clown Cop routine."
6756,3577,2,9,56,67,1.1940298507462686,0.057218846267874955,613,"Listen, we can do this the hard way or the funny way."
6740,3577,3,7,57,67,1.1940298507462686,0.061043266644244185,613,"For the millionth time, I assure you this is not the ""good cop, clown cop"" routine!"
6738,3577,3,7,57,67,1.1940298507462686,0.061043266644244185,613,Either you start talking or he starts tickling.
6728,3577,0,13,54,67,1.1940298507462686,0.04867677371683064,613,Did you or did you not make denigrating comments about Officer Burke's balloon in Central Park?
6887,3577,2,9,56,67,1.1940298507462686,0.057218846267874955,613,We have ways of making you talk funny.
6705,3577,3,7,57,67,1.1940298507462686,0.061043266644244185,613,"You best tell me; or my partner here, Bozo, will twist the truth out of you."
6699,3577,3,7,57,67,1.1940298507462686,0.061043266644244185,613,Now it's time for the bad cop.
6691,3577,2,9,56,67,1.1940298507462686,0.057218846267874955,613,"Listen son, if you and I can't work something out, you're gonna have to deal with Dectecive Pickles"
6682,3577,2,9,56,67,1.1940298507462686,0.057218846267874955,613,Five minutes alone with him and you’ll be begging for Good Cop/Bad Cop.
6671,3577,2,9,56,67,1.1940298507462686,0.057218846267874955,613,My partner’s not happy about the handcuffs you popped.
6662,3577,2,9,56,67,1.1940298507462686,0.057218846267874955,613,The blood of every popped balloon animal is on your hands.
6651,3577,1,11,55,67,1.1940298507462686,0.053119792298663225,613,Don't make me play Good Cop Bad Clown
6643,3577,0,13,54,67,1.1940298507462686,0.04867677371683064,613,"How many times do we have to tell you, we're not clowning around"
6626,3577,1,11,55,67,1.1940298507462686,0.053119792298663225,613,Isn’t it true that the balloon animals you’re selling are not genuine clown-made items?
6607,3577,0,13,54,67,1.1940298507462686,0.04867677371683064,613,Three guys walked into a bank...
6704,3577,1,11,55,67,1.1940298507462686,0.053119792298663225,613,That's no balloon; my partner removed the sigmoid colon of your accomplice.
6890,3577,1,11,55,67,1.1940298507462686,0.053119792298663225,613,"No funny business, just answer the question"
6894,3577,0,13,54,67,1.1940298507462686,0.04867677371683064,613,"We might appear to you to be a bunch of clowns, but we’ve got you dead to rights."
6903,3577,3,7,57,67,1.1940298507462686,0.061043266644244185,613,You don't want to see the bad clown.
3667,3577,0,13,54,67,1.1940298507462686,0.04867677371683064,613,You either come clean with us right now or we're sending in the clowns.
7302,3577,2,9,56,67,1.1940298507462686,0.057218846267874955,613,"Spill it, Shorty, before my partner twists you into his favorite animal."
7292,3577,1,11,55,67,1.1940298507462686,0.053119792298663225,613,"Detective Chuckles says you stole his design, Mr. Koons."
7272,3577,1,11,55,67,1.1940298507462686,0.053119792298663225,613,You better talk to me...'cause my partner is your worst nightmare.
7268,3577,1,11,55,67,1.1940298507462686,0.053119792298663225,613,"Just clowning around, you say? I'm afraid we don't share your sense of humor."
7252,3577,2,9,56,67,1.1940298507462686,0.057218846267874955,613,"You think you're tough? Let's see how tough you are when 1,000 mimes spill out of that closet and mimic your every move!"
7217,3577,1,11,55,67,1.1940298507462686,0.053119792298663225,613,"Well, well, it looks like we have a real comedian on our hands, a real funny guy--Officer Sprinkles show 'em what we do to make them laugh."
7216,3577,0,13,54,67,1.1940298507462686,0.04867677371683064,613,"Listen here, we know all the tricks on the book."
7196,3577,1,11,55,67,1.1940298507462686,0.053119792298663225,613,We can do easy- or we can do clown.
7185,3577,3,7,57,67,1.1940298507462686,0.061043266644244185,613,"Actually, I'm the good cop; Buffo will, if necessary, show you how he can twist-tie something else."
7178,3577,1,11,55,67,1.1940298507462686,0.053119792298663225,613,Any laughs will be held against you.
7159,3577,2,9,56,67,1.1940298507462686,0.057218846267874955,613,Start talking or our Klown-9 unit will start making your hair real staticky.
7143,3577,2,9,56,67,1.1940298507462686,0.057218846267874955,613,Now start talking or the next balloon animal ain't going to be a giraffe if you know what I'm saying.
7138,3577,1,11,55,67,1.1940298507462686,0.053119792298663225,613,"No funny business buddy, or Bongo will make you laugh until it hurts."
7134,3577,3,7,57,67,1.1940298507462686,0.061043266644244185,613,So you won't talk to me. Maybe you'll talk to this Trump appointee.
7096,3577,1,11,55,67,1.1940298507462686,0.053119792298663225,613,Ever heard of the license to thrill?
7087,3577,2,9,56,67,1.1940298507462686,0.057218846267874955,613,"""Won't talk eh?"" ""We'll see if you change your mind after Officer Zu Zu here works you over with a rubber nose""."
7079,3577,0,13,54,67,1.1940298507462686,0.04867677371683064,613,"sure. be tough. don't answer my questions. but the guy behind me, he will really mess yo up."
6993,3577,0,13,54,67,1.1940298507462686,0.04867677371683064,613,Confess and he'll make you a lightsaber.
6944,3577,3,7,57,67,1.1940298507462686,0.061043266644244185,613,"Unable to discern which cop was the good cop, Alvin cracked."
6931,3577,1,11,55,67,1.1940298507462686,0.053119792298663225,613,"I suggest you start talking, or Sergeant Bobo might just have to twist your dog into a bunny."
6602,3577,3,7,57,67,1.1940298507462686,0.061043266644244185,613,He'll keep going until you start cooperating.
6600,3577,2,9,56,67,1.1940298507462686,0.057218846267874955,613,Enough with the funny business...where's the money?
6599,3577,1,11,55,67,1.1940298507462686,0.053119792298663225,613,We have ways to make you giggle.
6590,3577,1,11,55,67,1.1940298507462686,0.053119792298663225,613,Don’t make him juggle the facts.
6152,3577,2,9,56,67,1.1940298507462686,0.057218846267874955,613,"And if you don't cooperate with him, we're sending in the mime cop."
6141,3577,5,3,59,67,1.1940298507462686,0.06805033777541054,613,"So you wanna play Good Cop, Bad Cop? Meet Joey."
6137,3577,2,9,56,67,1.1940298507462686,0.057218846267874955,613,Good cop Bad cop run amok
6133,3577,2,9,56,67,1.1940298507462686,0.057218846267874955,613,"aren't you guys taking the bad cop, good cop routine a little far?"
6125,3577,1,11,55,67,1.1940298507462686,0.053119792298663225,613,"We have a stick and we're not afraid to use it -- Fred, bring out the slapstick"
6071,3577,2,9,56,67,1.1940298507462686,0.057218846267874955,613,Your heroin smuggling days are- is he playing with the evidence again?
5970,3577,2,9,56,67,1.1940298507462686,0.057218846267874955,613,"I'm telling you for the last time, I am not the bad cop."
5962,3577,3,7,57,67,1.1940298507462686,0.061043266644244185,613,How could you possibly know it’s a male?
5932,3577,2,9,56,67,1.1940298507462686,0.057218846267874955,613,"If you don't tell me what you were doing the night of your little sister's birthday party, Officer Funny's gonna kill that dog."
5852,3577,2,9,56,67,1.1940298507462686,0.057218846267874955,613,"Your mother and I have something to tell you, Tim."
5850,3577,2,9,56,67,1.1940298507462686,0.057218846267874955,613,NYPD online social network now gives options of talking to a real detective or one that echos your worldview.
5846,3577,3,7,57,67,1.1940298507462686,0.061043266644244185,613,You can't insult the head of the school board. He looks like that because only a clown can be elected these days.
5837,3577,2,9,56,67,1.1940298507462686,0.057218846267874955,613,Full confession and you get the elephant.
5789,3577,4,5,58,67,1.1940298507462686,0.06464181647334705,613,Will you confess already? I'm running late for my next gig
5766,3577,1,11,55,67,1.1940298507462686,0.053119792298663225,613,This is what we did to the last guy who didn't spill his beans.
5764,3577,2,9,56,67,1.1940298507462686,0.057218846267874955,613,You think we're a couple of clowns? We KNOW you did it.
5763,3577,0,13,54,67,1.1940298507462686,0.04867677371683064,613,Really!? It’s a poodle!
5751,3577,2,9,56,67,1.1940298507462686,0.057218846267874955,613,"You don't fess up, we bring in the juggler....and he's got bowling pins."
5713,3577,0,13,54,67,1.1940298507462686,0.04867677371683064,613,"Yeah, that’s right, undercover work has a lot of twisted logic."
5701,3577,1,11,55,67,1.1940298507462686,0.053119792298663225,613,You’ve forced us to unorthodox means!
5696,3577,2,9,56,67,1.1940298507462686,0.057218846267874955,613,"So Mr. King, you took your dog Cujo out for his daily walk with your girlfriend Carrie. Then proceeded through the Pet Sematary. You were then seen running from Salem's Lot. Why were you running from IT."
6179,3577,2,9,56,67,1.1940298507462686,0.057218846267874955,613,A word of warning: Pop the balloon dog and you’ll wish you’d never been born.
5682,3577,2,9,56,67,1.1940298507462686,0.057218846267874955,613,"First time as ""good cop""?"
6180,3577,0,13,54,67,1.1940298507462686,0.04867677371683064,613,"If you don’t start talking, it’s gonna get really scary."
6243,3577,1,11,55,67,1.1940298507462686,0.053119792298663225,613,Chief told us to act more cheerful.
6558,3577,0,13,54,67,1.1940298507462686,0.04867677371683064,613,Now...Look at him straight in the eye and say it
6527,3577,1,11,55,67,1.1940298507462686,0.053119792298663225,613,And the beauty for us is that he doesn't fall under the torture laws.
6520,3577,1,11,55,67,1.1940298507462686,0.053119792298663225,613,"Okay tough guy, now let's see how you stand up to Bozo, the bad cop."
6515,3577,3,7,57,67,1.1940298507462686,0.061043266644244185,613,Is this a Labrador or a Chihuahua?
6465,3577,2,9,56,67,1.1940298507462686,0.057218846267874955,613,"Just remember son, he’s the good clown."
6464,3577,0,13,54,67,1.1940298507462686,0.04867677371683064,613,Trust me. I’m the “good cop” here.
6432,3577,1,11,55,67,1.1940298507462686,0.053119792298663225,613,Clown? Balloon? Next thing you'll tell me he's a cop.
6425,3577,2,9,56,67,1.1940298507462686,0.057218846267874955,613,"If you don't work with me, my partner will release the dog on you."
6409,3577,2,9,56,67,1.1940298507462686,0.057218846267874955,613,How can I be serious with that guy in the room?
6408,3577,0,13,54,67,1.1940298507462686,0.04867677371683064,613,We’re not clowning around anymore!
6389,3577,2,9,56,67,1.1940298507462686,0.057218846267874955,613,"Guess which one of us is the ""Good Cop""."
6385,3577,2,9,56,67,1.1940298507462686,0.057218846267874955,613,"You think this is funny? Why don't you talk to my partner, then."
6358,3577,1,11,55,67,1.1940298507462686,0.053119792298663225,613,You'll get the giraffe when we get a full confession.
6352,3577,2,9,56,67,1.1940298507462686,0.057218846267874955,613,"You take over, Harry. I'm gettin' nowhere with him."
6324,3577,1,11,55,67,1.1940298507462686,0.053119792298663225,613,You should be taking this seriously.
6295,3577,1,11,55,67,1.1940298507462686,0.053119792298663225,613,"FOR YOUR INFORMATION, WE ARE BOTH BAD COPS."
6267,3577,1,11,55,67,1.1940298507462686,0.053119792298663225,613,"Listen, confess or I have to turn you over to The Clown...it won't be funny."
6263,3577,2,9,56,67,1.1940298507462686,0.057218846267874955,613,"I'll bet you've never seen the good cop, bad clown routine before"
6254,3577,1,11,55,67,1.1940298507462686,0.053119792298663225,613,"Due to budget cuts, he's both good cop and bad cop."
6250,3577,3,7,57,67,1.1940298507462686,0.061043266644244185,613,"And now for a little Good Clown, Bad Clown."
6245,3577,2,9,56,67,1.1940298507462686,0.057218846267874955,613,Let's take a break from the questions and hear a word from our sponsor.
6232,3577,4,5,58,67,1.1940298507462686,0.06464181647334705,613,It's just me and funny cop. Today is good cop's day off.
3660,3577,0,13,54,67,1.1940298507462686,0.04867677371683064,613,What makes you think we have time for your funny business?
1588,3577,2,9,56,67,1.1940298507462686,0.057218846267874955,613,Tell us what you know! Does it look like we're clowning around?
3650,3577,2,9,56,67,1.1940298507462686,0.057218846267874955,613,"Greg, I swear... I told you we're not doing good cop clown cop again"
1498,3577,2,9,56,67,1.1940298507462686,0.057218846267874955,613,"My partner will now translate my questions into ""dumb ass"" for you."
1480,3577,0,13,54,67,1.1940298507462686,0.04867677371683064,613,So we hear you have a phobia of clowns...
1467,3577,0,13,54,67,1.1940298507462686,0.04867677371683064,613,You and I both know you don't want to hear my partner make balloon animals.
1431,3577,1,11,55,67,1.1940298507462686,0.053119792298663225,613,We now present the mid- interview entertainment.
1419,3577,1,11,55,67,1.1940298507462686,0.053119792298663225,613,"No, I'm the good cop. You don't want to know what we call him."
1400,3577,1,11,55,67,1.1940298507462686,0.053119792298663225,613,"You think this is funny, kid? Well, you won't be laughing when my partner gets through with you."
1396,3577,1,11,55,67,1.1940298507462686,0.053119792298663225,613,Let’s see you try to look away.
1381,3577,2,9,56,67,1.1940298507462686,0.057218846267874955,613,Which one of us does your president most resemble?
1379,3577,2,9,56,67,1.1940298507462686,0.057218846267874955,613,"Alright, tough guy, enough Mr Nice Cop. Say hello to Mr Squeaky Cop."
1508,3577,2,9,56,67,1.1940298507462686,0.057218846267874955,613,You could face up to 5 years of clown school
1353,3577,3,7,57,67,1.1940298507462686,0.061043266644244185,613,"You heard of the good guy/bad guy routine? Well, I'm the good guy!"
1340,3577,1,11,55,67,1.1940298507462686,0.053119792298663225,613,"What, you think this is some kind of circus?"
1322,3577,0,13,54,67,1.1940298507462686,0.04867677371683064,613,About time we bring in the Extra Special Victims Unit.
1294,3577,0,13,54,67,1.1940298507462686,0.04867677371683064,613,Believe it or not I'm the good cop.
1287,3577,4,5,58,67,1.1940298507462686,0.06464181647334705,613,Tell us the truth or the dog get's it!
1240,3577,2,9,56,67,1.1940298507462686,0.057218846267874955,613,You have one minute then he starts tickling.
1211,3577,2,9,56,67,1.1940298507462686,0.057218846267874955,613,"You'll be expected to provide your own balloons and nose during the six week trial period, but the wig's on us."
1205,3577,0,13,54,67,1.1940298507462686,0.04867677371683064,613,Where did you get the idea this was clown school?
1160,3577,3,7,57,67,1.1940298507462686,0.061043266644244185,613,I'm going to ask you one more time punk. Do you think my partner is funny?
1122,3577,2,9,56,67,1.1940298507462686,0.057218846267874955,613,I assure you we take complaints of police brutality very seriously- would you like to repeat your concerns to our internal investigations officer?
1346,3577,0,13,54,67,1.1940298507462686,0.04867677371683064,613,"Just remember, I’m the good clown.”"
1511,3577,0,13,54,67,1.1940298507462686,0.04867677371683064,613,We can do this the easy way or the clown way.
1515,3577,0,13,54,67,1.1940298507462686,0.04867677371683064,613,"Alright, let's try this again. This time we're not clowning around."
1531,3577,4,5,58,67,1.1940298507462686,0.06464181647334705,613,You’re laughing now but that man over there almost was our next Secretary of State
1867,3577,3,7,57,67,1.1940298507462686,0.061043266644244185,613,You better talk--we have 48 more of these guys waiting in our patrol car for their crack at you
1865,3577,0,13,54,67,1.1940298507462686,0.04867677371683064,613,You want the bad news first? I'm the good cop!
1862,3577,1,11,55,67,1.1940298507462686,0.053119792298663225,613,"Your in some trouble young man! Serious trouble? Well no, not serious trouble."
1860,3577,2,9,56,67,1.1940298507462686,0.057218846267874955,613,Your sister told us how to get you to talk.
1841,3577,3,7,57,67,1.1940298507462686,0.061043266644244185,613,"If you truly believe that’s the murder weapon, you should be interrogating the clown behind you."
1837,3577,1,11,55,67,1.1940298507462686,0.053119792298663225,613,"Are you telling me this Jeff Koons figurine just ""slipped"" in your pocket?!"
1793,3577,1,11,55,67,1.1940298507462686,0.053119792298663225,613,"The fun police would like to talk to you about misuse of latex, Terry."
1786,3577,2,9,56,67,1.1940298507462686,0.057218846267874955,613,This isn't our first rodeo
1762,3577,1,11,55,67,1.1940298507462686,0.053119792298663225,613,You are now going to be interrogated by a clown making balloon animals.
1744,3577,1,11,55,67,1.1940298507462686,0.053119792298663225,613,Don't clown around! Whose toy is it?
1740,3577,1,11,55,67,1.1940298507462686,0.053119792298663225,613,Start talking--or you may not see your next birthday.
1726,3577,1,11,55,67,1.1940298507462686,0.053119792298663225,613,"This guy's not talking. Boofy, he's all yours...and give him the works."
1707,3577,3,7,57,67,1.1940298507462686,0.061043266644244185,613,Did you lure Bozo into your truck with this balloon dog?
1694,3577,1,11,55,67,1.1940298507462686,0.053119792298663225,613,"So you figured out we're playing good cop/bad cop. But what you don't know is, he's the bad cop."
1693,3577,1,11,55,67,1.1940298507462686,0.053119792298663225,613,And you thought I was the bad cop!
1648,3577,1,11,55,67,1.1940298507462686,0.053119792298663225,613,"That’s my partner, Bozo!"
1635,3577,1,11,55,67,1.1940298507462686,0.053119792298663225,613,We're done clowning around here...
1613,3577,1,11,55,67,1.1940298507462686,0.053119792298663225,613,You better tell us the story kid and quit clowning around!
3654,3577,2,9,56,67,1.1940298507462686,0.057218846267874955,613,You are not the class clown.
1571,3577,0,13,54,67,1.1940298507462686,0.04867677371683064,613,You bet your sweet bippy he's the Bad Cop.
1539,3577,1,11,55,67,1.1940298507462686,0.053119792298663225,613,"Listen, Bradford, my partner is ready to hear your confession which should be amusing"
1117,3577,1,11,55,67,1.1940298507462686,0.053119792298663225,613,"Nevermind, Hank. He's allergic to latex. We'll get sued."
1872,3577,1,11,55,67,1.1940298507462686,0.053119792298663225,613,You only said balloon animal. You needed to specify a giraffe if that's what you wanted.
1114,3577,1,11,55,67,1.1940298507462686,0.053119792298663225,613,We're both bad clowns so don't get any funny ideas.
1086,3577,1,11,55,67,1.1940298507462686,0.053119792298663225,613,We're going to bore you into confessing.
597,3577,0,13,54,67,1.1940298507462686,0.04867677371683064,613,"Okay, dude, we're through clowning around!"
586,3577,1,11,55,67,1.1940298507462686,0.053119792298663225,613,He can make every animal on earth and he's happy to do it. Is that what you want?
546,3577,1,11,55,67,1.1940298507462686,0.053119792298663225,613,Let me introduce you to our office clown.
543,3577,2,9,56,67,1.1940298507462686,0.057218846267874955,613,Confess now or I'm turning you over to the scariest guy on the force.
513,3577,1,11,55,67,1.1940298507462686,0.053119792298663225,613,I'm the bad cop. This is the goofy cop.
439,3577,2,9,56,67,1.1940298507462686,0.057218846267874955,613,He already sent your lawyer screaming from the building.
396,3577,2,9,56,67,1.1940298507462686,0.057218846267874955,613,You don't want to tell us what you know? My friend here has dozens of party tricks as his disposal and they're all terrible. You'll crack.
373,3577,0,13,54,67,1.1940298507462686,0.04867677371683064,613,How dare you confuse our undercover cop with our president? Ralph here is much more qualified for his job.
348,3577,2,9,56,67,1.1940298507462686,0.057218846267874955,613,The old department sketch artist wasn't getting the job done quick enough
604,3577,2,9,56,67,1.1940298507462686,0.057218846267874955,613,Don't make me turn things over to clown cop.
344,3577,4,5,58,67,1.1940298507462686,0.06464181647334705,613,"You're gonna talk, and you're gonna talk now, because my partner starts his second job in 20 minutes."
258,3577,3,7,57,67,1.1940298507462686,0.061043266644244185,613,What do you think we're joking with you?
251,3577,2,9,56,67,1.1940298507462686,0.057218846267874955,613,He's new.
212,3577,2,9,56,67,1.1940298507462686,0.057218846267874955,613,Good cop and bad cop have gone home for the day. He's a different kind of cop.
204,3577,3,7,57,67,1.1940298507462686,0.061043266644244185,613,"You want clowns, buddy? I'll give you clowns. Open your eyes, pal. They're here."
201,3577,2,9,56,67,1.1940298507462686,0.057218846267874955,613,And I'm the good cop!
139,3577,1,11,55,67,1.1940298507462686,0.053119792298663225,613,Tell us what we want now or you can feign amusement until you break.
37,3577,0,13,54,67,1.1940298507462686,0.04867677371683064,613,Just so you know...I'm the good cop.
30,3577,0,13,54,67,1.1940298507462686,0.04867677371683064,613,"Listen kid, you’re smart. You’re not gonna fall for the Ol’ Good Cop, Unprofessional Cop Routine. So why don’t you start talking?"
5,3577,1,11,55,67,1.1940298507462686,0.053119792298663225,613,It seems Mr. Darwin was trying to leave us a message.
324,3577,1,11,55,67,1.1940298507462686,0.053119792298663225,613,Wipe that smile off hour face! You think we're clowning around?
613,3577,0,13,54,67,1.1940298507462686,0.04867677371683064,613,No this is not Good Cop Sad Cop!
623,3577,1,11,55,67,1.1940298507462686,0.053119792298663225,613,"You're just a clown... I mean our guy is a clown... Oh hell, just get out of here but don't let me catch you again."
624,3577,1,11,55,67,1.1940298507462686,0.053119792298663225,613,Boss said it's not brutality if we kill you with laughter.
988,3577,0,13,54,67,1.1940298507462686,0.04867677371683064,613,Better talk to me or face my partner.
957,3577,2,9,56,67,1.1940298507462686,0.057218846267874955,613,"If you’ve seen “It,” you may be wondering which of us is the good cop."
951,3577,2,9,56,67,1.1940298507462686,0.057218846267874955,613,"Last chance, do you recognize this object and the fool it came in with?"
946,3577,1,11,55,67,1.1940298507462686,0.053119792298663225,613,"Good FBI, Trump’s FBI"
938,3577,2,9,56,67,1.1940298507462686,0.057218846267874955,613,"OK, no more clowning around, it is time for you to confess!"""
935,3577,0,13,54,67,1.1940298507462686,0.04867677371683064,613,"It may look funny to you, but my friend here isn't clowning around!"
915,3577,1,11,55,67,1.1940298507462686,0.053119792298663225,613,You might say my partner has a vested interest. Now tell us who the ringleader is!
891,3577,1,11,55,67,1.1940298507462686,0.053119792298663225,613,Don't make me break out the ass clown.
851,3577,1,11,55,67,1.1940298507462686,0.053119792298663225,613,"I'm the good cop, if you didn't know."
846,3577,2,9,56,67,1.1940298507462686,0.057218846267874955,613,"You can come clean and confess or be entertain by Detective Johnson our resident clown, the rest of the day. It's your choice."
804,3577,1,11,55,67,1.1940298507462686,0.053119792298663225,613,"It's simple. Cooperate, you get a ducky. Resist, you are a ducky."
799,3577,3,7,57,67,1.1940298507462686,0.061043266644244185,613,"So you won't laugh, eh?"
776,3577,2,9,56,67,1.1940298507462686,0.057218846267874955,613,We know how to get tough with clowns like you.
769,3577,3,7,57,67,1.1940298507462686,0.061043266644244185,613,"Well, he thinks it's funny, but I sure don't, mister."
733,3577,0,13,54,67,1.1940298507462686,0.04867677371683064,613,Our sketch artist helped ID your dog!
685,3577,3,7,57,67,1.1940298507462686,0.061043266644244185,613,I'm easy. My partner's a nightmare.
682,3577,4,5,58,67,1.1940298507462686,0.06464181647334705,613,Bozo says you did it!
680,3577,1,11,55,67,1.1940298507462686,0.053119792298663225,613,Wanna you do it the easy way or his way?
664,3577,1,11,55,67,1.1940298507462686,0.053119792298663225,613,Don't make him use his squirting flower.
660,3577,3,7,57,67,1.1940298507462686,0.061043266644244185,613,"You've never heard of good cop, bad clown?"
658,3577,1,11,55,67,1.1940298507462686,0.053119792298663225,613,"The whole good cop, bad cop act was getting stale."
1113,3577,1,11,55,67,1.1940298507462686,0.053119792298663225,613,"He’ll make you spill your guts. And, he won’t go easy on you."
1900,3577,0,13,54,67,1.1940298507462686,0.04867677371683064,613,Captain Twisty the clown will now illustrate our latest interviewing techniques.
592,3577,1,11,55,67,1.1940298507462686,0.053119792298663225,613,We have blurred the lines of the traditional good cop-bad cop interrogation
1932,3577,1,11,55,67,1.1940298507462686,0.053119792298663225,613,"And after the Bad Clown comes the Simple Clown, and then the Clown who Doesn’t Know How to Ask!"
3303,3577,0,13,54,67,1.1940298507462686,0.04867677371683064,613,We can do this the easy way or the ha - ha - hard way.
3253,3577,3,7,57,67,1.1940298507462686,0.061043266644244185,613,"Oh he's not the bad cop, he's here to represent you."
3246,3577,1,11,55,67,1.1940298507462686,0.053119792298663225,613,"Now tell me, which of us do you think has a better chance of becoming CEO of this stupid company?"
3244,3577,1,11,55,67,1.1940298507462686,0.053119792298663225,613,"We do a good cop/bad cop/funny cop thing here, but the funny cop is away at a lamaze class today"
3201,3577,2,9,56,67,1.1940298507462686,0.057218846267874955,613,"Trust me, I'm not clowning around..."
3192,3577,3,7,57,67,1.1940298507462686,0.061043266644244185,613,Jerry hated that he always had to be the balloon animal cop.
3175,3577,4,5,58,67,1.1940298507462686,0.06464181647334705,613,"Yes, he’s my partner. Budget cuts. He didn’t have time to change from his other part time job. Do you have a problem with that?"
3117,3577,2,9,56,67,1.1940298507462686,0.057218846267874955,613,"Silence is for mimes. Confess now or my associate, Mr. Tweekers, will demonstrate how we ""Twist the Poodle""."
3084,3577,3,7,57,67,1.1940298507462686,0.061043266644244185,613,"Since it's your birthday, we're only going to ask you really easy questions."
3304,3577,0,13,54,67,1.1940298507462686,0.04867677371683064,613,You'd better tell us the truth. I can't control him when he gets like this!
3075,3577,1,11,55,67,1.1940298507462686,0.053119792298663225,613,"Just answer the questions, let's not blow anything out of proportions."
3055,3577,2,9,56,67,1.1940298507462686,0.057218846267874955,613,Don't make me bring in the tickle clown
3041,3577,3,7,57,67,1.1940298507462686,0.061043266644244185,613,"Nope, now it's good cop/bad clown."
3036,3577,1,11,55,67,1.1940298507462686,0.053119792298663225,613,"Listen punk, do you think I'm some kind of a clown?"
3035,3577,1,11,55,67,1.1940298507462686,0.053119792298663225,613,"Until you tell us what you did with the Krispy Kremes, you got NO chance a gettin' that poodle!"
3027,3577,2,9,56,67,1.1940298507462686,0.057218846267874955,613,Now tell us where you stashed the peanuts and I'll make him go away.
3018,3577,0,13,54,67,1.1940298507462686,0.04867677371683064,613,"Keep it up tough guy, Mr. Chuckles can make balloon Portuguese Water Dogs, and I can listlessly pop them with a sharpened #2 pencil, until approximately 3:45 pm."
3006,3577,1,11,55,67,1.1940298507462686,0.053119792298663225,613,Don't let the clown makeup fool you. Chauncey used to be a Republican.
3000,3577,1,11,55,67,1.1940298507462686,0.053119792298663225,613,"Yes. Its time for good cop, bad clown! Now tell us everything!"
2997,3577,1,11,55,67,1.1940298507462686,0.053119792298663225,613,Things are going only get scarier if you don't cooperate.
3072,3577,1,11,55,67,1.1940298507462686,0.053119792298663225,613,"He's really working the ""good cop"" angle this week."
3317,3577,2,9,56,67,1.1940298507462686,0.057218846267874955,613,"OK. Let’s move on to bad clown, worse clown."
3320,3577,2,9,56,67,1.1940298507462686,0.057218846267874955,613,"Look, Junior... the ‘good cop/sad clown’ interrogation technique is a myth."
3337,3577,2,9,56,67,1.1940298507462686,0.057218846267874955,613,"And remember, no funny business this time!"
1916,3577,1,11,55,67,1.1940298507462686,0.053119792298663225,613,"Confess now, or he pops the balloon doggie!"
3641,3577,1,11,55,67,1.1940298507462686,0.053119792298663225,613,"All right buddy, star talking or Bozo here is gonna make your little friend here scream til he pops!"
3632,3577,3,7,57,67,1.1940298507462686,0.061043266644244185,613,"'...and don't try giving us the funny business!"""
3625,3577,3,7,57,67,1.1940298507462686,0.061043266644244185,613,"And if you don't give us what we want, maybe your friend in the next room will crack up first."
3623,3577,2,9,56,67,1.1940298507462686,0.057218846267874955,613,We don't appreciate your kind of humor.
3575,3577,2,9,56,67,1.1940298507462686,0.057218846267874955,613,If this happens again the confetti cannons come out!
3559,3577,2,9,56,67,1.1940298507462686,0.057218846267874955,613,"Listen up, kid. Officer Scott here will teach you a drug-free way of getting high."
3554,3577,1,11,55,67,1.1940298507462686,0.053119792298663225,613,"Still not talking ? Maybe our 9 foot , purple friend Barney will open you up."
3517,3577,2,9,56,67,1.1940298507462686,0.057218846267874955,613,Trust me. Talk now or I leave you with him.
3500,3577,1,11,55,67,1.1940298507462686,0.053119792298663225,613,Chuckles is our interpreter for the balloon art impaired.
3468,3577,2,9,56,67,1.1940298507462686,0.057218846267874955,613,You wanna clown around? Fine! I'm gonna leave you hear with T-Bag and his interrogation dog.
3461,3577,2,9,56,67,1.1940298507462686,0.057218846267874955,613,I told you today was my birthday in CONFIDENCE!
3450,3577,3,7,57,67,1.1940298507462686,0.061043266644244185,613,"They won't let us use waterboarding any more,so......"
3414,3577,1,11,55,67,1.1940298507462686,0.053119792298663225,613,"In case you didn’t know, I’m the good cop!"
3407,3577,2,9,56,67,1.1940298507462686,0.057218846267874955,613,The clown will leave when you talk. Stay silent and we'll bring two clowns.
3393,3577,0,13,54,67,1.1940298507462686,0.04867677371683064,613,You’re not taking this seriously!
3392,3577,2,9,56,67,1.1940298507462686,0.057218846267874955,613,"If you don't deal with me, my partner is gonna rub that thing on his head and then stick it on you."
3375,3577,1,11,55,67,1.1940298507462686,0.053119792298663225,613,..Now show us on the doll where he touched you.
3372,3577,1,11,55,67,1.1940298507462686,0.053119792298663225,613,"You're just begging to be Chuckled, aren't ya, punk?"
3354,3577,2,9,56,67,1.1940298507462686,0.057218846267874955,613,You can tell us what you know now ... or we can scare it out of you.
3339,3577,3,7,57,67,1.1940298507462686,0.061043266644244185,613,"No, it's ""Good cop, sad cop""."
2972,3577,3,7,57,67,1.1940298507462686,0.061043266644244185,613,"You're about to enter a world of pain, my friend."
2953,3577,3,7,57,67,1.1940298507462686,0.061043266644244185,613,"Don't look at him, look at me. He's just getting ready for a birthday party later."
3053,3577,1,11,55,67,1.1940298507462686,0.053119792298663225,613,"So you want to play games, huh?"
2876,3577,1,11,55,67,1.1940298507462686,0.053119792298663225,613,"Do you think this is a joke, mister?"
2361,3577,1,11,55,67,1.1940298507462686,0.053119792298663225,613,He's the bad cop.
2351,3577,3,7,57,67,1.1940298507462686,0.061043266644244185,613,"Now, Peters, let's see the respectful reaction when the president enters your classroom on Tuesday morning"
2350,3577,2,9,56,67,1.1940298507462686,0.057218846267874955,613,"Okay buddy, now it's time for you to meet the bad cop."
2302,3577,1,11,55,67,1.1940298507462686,0.053119792298663225,613,"Oh, you think me and Detective Giggles are here for your entertainment?"
2299,3577,1,11,55,67,1.1940298507462686,0.053119792298663225,613,"Look, kid, you can either talk to me or do it the hard way with Maxie."
2272,3577,3,7,57,67,1.1940298507462686,0.061043266644244185,613,"Talk, or we'll send in the clowns."
2877,3577,0,13,54,67,1.1940298507462686,0.04867677371683064,613,"Quit your stalling, kid! You promised to tell us where the bones are buried if officer Buckley did his poodle bozo act."
2251,3577,3,7,57,67,1.1940298507462686,0.061043266644244185,613,"Bad news for you, I'm the good cop."
2217,3577,2,9,56,67,1.1940298507462686,0.057218846267874955,613,Admit it now...or I'm leaving the room!
2195,3577,1,11,55,67,1.1940298507462686,0.053119792298663225,613,Ya wanna do time with this guy? Stop clowning and talk!
2164,3577,2,9,56,67,1.1940298507462686,0.057218846267874955,613,"Neither of us is the 'good guy' on this interrogation, get it?"
2154,3577,1,11,55,67,1.1940298507462686,0.053119792298663225,613,Don't play games with me!
2140,3577,2,9,56,67,1.1940298507462686,0.057218846267874955,613,"So kid, you ready to play good cop crazy cop?"
2090,3577,2,9,56,67,1.1940298507462686,0.057218846267874955,613,Who are you calling Bozo?
2088,3577,4,5,58,67,1.1940298507462686,0.06464181647334705,613,Who you calling a clown Sonny Boy?
2040,3577,1,11,55,67,1.1940298507462686,0.053119792298663225,613,He's even a worse clown.
2039,3577,1,11,55,67,1.1940298507462686,0.053119792298663225,613,And if you think I’m clowning with you... you ain’t seen nothing yet!!
1988,3577,2,9,56,67,1.1940298507462686,0.057218846267874955,613,You expect us to believe that you didn't steal this animal but made it yourself?
1986,3577,2,9,56,67,1.1940298507462686,0.057218846267874955,613,"Trust me kid, I am the good cop."
1973,3577,1,11,55,67,1.1940298507462686,0.053119792298663225,613,"If you come clean, we'll give you a balloon doggie and a cell by yourself."
1934,3577,3,7,57,67,1.1940298507462686,0.061043266644244185,613,You call this a horse?
2376,3577,1,11,55,67,1.1940298507462686,0.053119792298663225,613,That's right! We've got a new way of doing things around here. Your pick: bad cop or clown cop?
2390,3577,1,11,55,67,1.1940298507462686,0.053119792298663225,613,‘He might be full of gas but take him seriously.’
2259,3577,2,9,56,67,1.1940298507462686,0.057218846267874955,613,Our decoy for a potential shooter attack is here to talk to us about our school's security plan.
2419,3577,1,11,55,67,1.1940298507462686,0.053119792298663225,613,"I'm the good cop. If you don't cooperate, I'll turn you over to the infamous clown cop."
2864,3577,2,9,56,67,1.1940298507462686,0.057218846267874955,613,If you don't confess now...Detective Bo will laugh it out of you...
2399,3577,2,9,56,67,1.1940298507462686,0.057218846267874955,613,Don't get the wrong idea. We're not clowning around
2851,3577,2,9,56,67,1.1940298507462686,0.057218846267874955,613,Detective Chuckles from the K-9 squad has some questions for you.
2843,3577,3,7,57,67,1.1940298507462686,0.061043266644244185,613,"This is not a joke... you know it was Jeff Koons, right?"
2821,3577,3,7,57,67,1.1940298507462686,0.061043266644244185,613,I take that back; we ARE clowning with you.
2775,3577,2,9,56,67,1.1940298507462686,0.057218846267874955,613,Think hard. Was it wearing a collar? Did it have any identifying marks?
2754,3577,0,13,54,67,1.1940298507462686,0.04867677371683064,613,It's good cop- clown cop; is there a problem?
2752,3577,2,9,56,67,1.1940298507462686,0.057218846267874955,613,Witnesses who don't talk don't get balloon animals isn't that right Detective Killjoy?
2705,3577,2,9,56,67,1.1940298507462686,0.057218846267874955,613,"I'm actually the good cop. You don't want to talk to Bozo here, he's got some serious issues."
2695,3577,1,11,55,67,1.1940298507462686,0.053119792298663225,613,This will only be fun for one of us. I'm just not sure which.
2684,3577,2,9,56,67,1.1940298507462686,0.057218846267874955,613,I don't buy it! Do I look like a bozo to you?
2853,3577,3,7,57,67,1.1940298507462686,0.061043266644244185,613,If he doesn't make you laugh for a total of 10 minutes you can go free!
2613,3577,1,11,55,67,1.1940298507462686,0.053119792298663225,613,"I told him not to quit his day job, and here we are."
2431,3577,3,7,57,67,1.1940298507462686,0.061043266644244185,613,"And if you don't straighten out, you'll end up like him."
2608,3577,2,9,56,67,1.1940298507462686,0.057218846267874955,613,"Go ahead, kid, take your chances if you're so sure we'll be laughed out of court."
2567,3577,1,11,55,67,1.1940298507462686,0.053119792298663225,613,"You heard of ""good cop, bad cop"". Well, I'm the good cop, punk. So, start talking."
2557,3577,3,7,57,67,1.1940298507462686,0.061043266644244185,613,"You've heard of good cop-bad cop. Guess what, I'm the good cop."
2493,3577,0,13,54,67,1.1940298507462686,0.04867677371683064,613,"I said crime ring, not three ring."
2478,3577,0,13,54,67,1.1940298507462686,0.04867677371683064,613,"I think you're confusing the good cop with the bad cop, buster!"
2445,3577,2,9,56,67,1.1940298507462686,0.057218846267874955,613,"By the time he finishes with you, he'll have you twisted up like that balloon poodle. Make it easy on yourself; start talking."
2664,3577,0,13,54,67,1.1940298507462686,0.04867677371683064,613,And remember: I'm the good cop.
2437,3577,2,9,56,67,1.1940298507462686,0.057218846267874955,613,Have you had enough of our good cop/ bad cop routine?
5801,3968,12,58,353,423,1.1938534278959811,0.022467030349043387,613,Let's do some math here: a carrot to a stick is like fun to: ?
4015,3969,2,21,106,129,1.193798449612403,0.03824758596122199,613,"We're doing the best we can to find your child. In the meantime, Bluzo is here to help you find your inner child."
340,3970,3,37,182,222,1.1936936936936937,0.028791925852863803,613,"You think you're tough. 'A balloon doggie, how bad can it be?' you think. Trust me, you don't want to know."
4589,3971,5,18,122,145,1.193103448275862,0.03950914308574072,613,"Trust me, you have no idea how bad the acrobats are."
3186,3972,4,14,96,114,1.1929824561403508,0.04471301471151162,613,"Good Cop , Clown Cop,interrogation."
437,3973,3,21,116,140,1.1928571428571428,0.037791591330285236,613,"We're through playing Goofy Cop Bad Cop with you, punk!"
68,3974,1,18,85,104,1.1923076923076923,0.041166983308659526,613,We're done clowning around with you!
6142,3974,3,19,108,130,1.1923076923076923,0.039520310737412155,613,"Don't you think for a minute, we are clowning around here."
1155,3976,4,20,122,146,1.1917808219178083,0.03803768175341878,613,Bad Cop - Me? No. You will know him when you see him.
4771,3977,5,17,119,141,1.1914893617021276,0.0401553387193002,613,I swear officer - I have no idea where that balloon animal came from!
6869,3978,1,11,56,68,1.1911764705882353,0.052410519678289844,613,"Detective Bozo here will make you squeal, I guarantee it."
6114,3978,0,13,55,68,1.1911764705882353,0.048040410179077814,613,"Fine, if that doesn't scare you enough to talk then we're bringing in Alex Jones and making you watch InfoWars."
5750,3978,1,11,56,68,1.1911764705882353,0.052410519678289844,613,"What’ll it be, me or the dog?"
4994,3978,1,11,56,68,1.1911764705882353,0.052410519678289844,613,Tell us where the drugs are or the balloon animal gets it!
3265,3978,2,9,57,68,1.1911764705882353,0.056443282467648626,613,Hey kid ever hear of Coulrophobia?
4730,3978,1,11,56,68,1.1911764705882353,0.052410519678289844,613,The boss said we needed to try more modern methods of intimidation since clown horror movies are doing so well with younger demographics.
3906,3978,1,11,56,68,1.1911764705882353,0.052410519678289844,613,You've never seen this dog before? Do you think I'm a bozo?
3879,3978,2,9,57,68,1.1911764705882353,0.056443282467648626,613,"Look, budget cuts have hit the K-9 unit pretty hard."
3840,3978,2,9,57,68,1.1911764705882353,0.056443282467648626,613,Do you think this is some kind of act?
3269,3978,0,13,55,68,1.1911764705882353,0.048040410179077814,613,Bozo and his little horsey know the truth.
7058,3978,3,7,58,68,1.1911764705882353,0.060206525381366546,613,You'd be surprised how often this works. Crooks hate clowns. You're free to go.
3260,3978,2,9,57,68,1.1911764705882353,0.056443282467648626,613,"You haven't sung yet, but I'm guessing Chuckles here is going to crack you like a confetti-filled egg."
4965,3978,1,11,56,68,1.1911764705882353,0.052410519678289844,613,And this whole time you thought I was the bad cop.
2551,3978,1,11,56,68,1.1911764705882353,0.052410519678289844,613,"Yes Billy, he did host a Mexican talk show."
2369,3978,2,9,57,68,1.1911764705882353,0.056443282467648626,613,There's an easy way and a hard way.
2016,3978,0,13,55,68,1.1911764705882353,0.048040410179077814,613,Silly cop is subbing for good cop today.
1787,3978,0,13,55,68,1.1911764705882353,0.048040410179077814,613,"Look, you and I both realize this is no time to be clowning around. . . ."
1609,3978,3,7,58,68,1.1911764705882353,0.060206525381366546,613,I bet your thinking I'm the mean one.
1388,3978,2,9,57,68,1.1911764705882353,0.056443282467648626,613,We can do this the easy way or the amusing way.
1083,3978,2,9,57,68,1.1911764705882353,0.056443282467648626,613,I told you 'Good Cop' would be a nice jester
639,3978,1,11,56,68,1.1911764705882353,0.052410519678289844,613,"Hey, we'll be asking the questions here."
427,3978,3,7,58,68,1.1911764705882353,0.060206525381366546,613,"Stop clowning around, and tell us where the real Koons is!!!"
293,3978,0,13,55,68,1.1911764705882353,0.048040410179077814,613,"We're out of fries. How do like that, Mr. Tough Guy?"
52,3978,1,11,56,68,1.1911764705882353,0.052410519678289844,613,Either you talk or he'll escalate into bad celebrity impressions.
3026,3978,0,13,55,68,1.1911764705882353,0.048040410179077814,613,Come clean or my partner here may have to try something funny.
3232,4003,9,46,280,335,1.191044776119403,0.024971721306937453,613,I am the good cop. We replaced the bad cop with a clown.
4399,4004,2,12,70,84,1.1904761904761905,0.049310188462709244,613,"McCoy, we know Bobo's Circus Gang has a mole in the department, and my money says it's you."
2158,4005,4,27,153,184,1.190217391304348,0.03285279273165827,613,"No, I'M Wilson, HE'S Detective Dippity-Do."
6744,4006,3,24,131,158,1.1898734177215189,0.03495184918142526,613,"Either you quit clowning around, or I send in my partner with the K-9 unit."
4162,4007,2,18,96,116,1.1896551724137931,0.0404505975246002,613,Don't upset my partner. He's a human cannonball.
5544,4008,5,25,155,185,1.1891891891891893,0.03357751365976393,613,"You called his balloon dog, 'primitive'?"
1895,4009,6,19,139,164,1.1890243902439024,0.03727405566929457,613,"So you expect me to believe you've never seen this balloon dog? You accusing us of planting evidence, punk?"
1268,4010,1,11,57,69,1.1884057971014492,0.05171962876419153,613,"We're playing good cop, bad joke cop, okay?"
3189,4011,1,22,105,128,1.1875,0.036367410997721096,613,There's nothing funny about your situation.
4513,4011,2,23,119,144,1.1875,0.03549071855205391,613,You think clowns are scary punk? You don't know scary.
1590,4013,7,37,229,273,1.1868131868131868,0.027332112612861274,613,"Let's see how you hold up under a good cop, bad clown grilling."
1699,4014,7,48,277,332,1.1867469879518073,0.024212130560704696,613,"Listen, he is not a clown... your dad is a respected officer of the law."
2276,4015,4,20,126,150,1.1866666666666668,0.03710637308053225,613,"No, he's not the Good Clown."
6884,4016,3,5,51,59,1.1864406779661016,0.0660949508765778,613,"It's Presidents Day,"
2975,4017,4,18,118,140,1.1857142857142857,0.03871751104384216,613,"Mr. Peterson, I think you know by now that I'm playing the good cop."
239,4018,3,19,113,135,1.1851851851851851,0.0381802555851705,613,Cooperate with dad or deal with your mother.
3108,4018,5,20,137,162,1.1851851851851851,0.03634035344372932,613,Do you want this to get ugly?
4309,4020,2,8,55,65,1.1846153846153846,0.05756395979652216,613,"We can cut this short, or you can spend the next eight hours with the department mime."
4340,4020,2,8,55,65,1.1846153846153846,0.05756395979652216,613,Do you like dogs?
4379,4020,1,10,54,65,1.1846153846153846,0.053224432704223244,613,"Just so you know, I'm the Good Cop here."
4394,4020,3,6,56,65,1.1846153846153846,0.06159852837710371,613,Get serious or you're never going to make it in this business.
4427,4020,2,8,55,65,1.1846153846153846,0.05756395979652216,613,Impressive breathalyzer test ... care to explain?
4441,4020,0,12,53,65,1.1846153846153846,0.048498154665071104,613,"Again, the nose and ears look like your assailant's?"
4475,4020,2,8,55,65,1.1846153846153846,0.05756395979652216,613,"Unfortunately for you, you chose not to comply on the night of the precinct’s talent show. Good luck."
4489,4020,2,8,55,65,1.1846153846153846,0.05756395979652216,613,"OK, so my good cop routine didn't work, you asked for this..."
4561,4020,0,12,53,65,1.1846153846153846,0.048498154665071104,613,OK - it's time for Funny Cop/Dour Cop; you're gonna crumble like a cheap cupcake.
4602,4020,1,10,54,65,1.1846153846153846,0.053224432704223244,613,That’s nice but...I asked for a dragon.
4627,4020,2,8,55,65,1.1846153846153846,0.05756395979652216,613,Officer Bozo handles all our Juvenile cases!
5294,4020,1,10,54,65,1.1846153846153846,0.053224432704223244,613,We aren't clowning around with this one
4666,4020,1,10,54,65,1.1846153846153846,0.053224432704223244,613,You stole 15 cents and we want it back!
4785,4020,1,10,54,65,1.1846153846153846,0.053224432704223244,613,"Actually we're trying a new routine: 'funny cop, humorless cop' - whatta ya think?"
4835,4020,1,10,54,65,1.1846153846153846,0.053224432704223244,613,"Bet you didn't know you tried to sell that stolen helium to our undercover clown,Detective Funny Bone?"
4872,4020,1,10,54,65,1.1846153846153846,0.053224432704223244,613,"Tell me the truth, what are you afraid of?"
4888,4020,2,8,55,65,1.1846153846153846,0.05756395979652216,613,I meant more like personality-wise...
4889,4020,0,12,53,65,1.1846153846153846,0.048498154665071104,613,So he missed his calling. You got a problem with that?
4943,4020,2,8,55,65,1.1846153846153846,0.05756395979652216,613,you have the right to be unimpressed
5054,4020,1,10,54,65,1.1846153846153846,0.053224432704223244,613,Officers Jack and Bozo put into practice the good cop / bad clown interrogation tactic.
5085,4020,0,12,53,65,1.1846153846153846,0.048498154665071104,613,"Have it your way then, but don't say I didn't warn you about Officer Chuckles."
5168,4020,3,6,56,65,1.1846153846153846,0.06159852837710371,613,The floor show is about to end!
4265,4020,1,10,54,65,1.1846153846153846,0.053224432704223244,613,I'll give you one more chance. Where is the cat?
4263,4020,4,4,57,65,1.1846153846153846,0.06538461538461537,613,"If you do not tell us want we want, my partner is going to take coulrophobia to a whole new level."
3847,4020,0,12,53,65,1.1846153846153846,0.048498154665071104,613,"No, that's the good clown!"
4195,4020,1,10,54,65,1.1846153846153846,0.053224432704223244,613,And you think I'm the good cop.
3537,4020,2,8,55,65,1.1846153846153846,0.05756395979652216,613,"Aw right ... so you’ve seen good cop, bad cop and now, here comes creepy cop!"
3546,4020,0,12,53,65,1.1846153846153846,0.048498154665071104,613,"Alright, we’re finished with good cop/bad cop."
3555,4020,2,8,55,65,1.1846153846153846,0.05756395979652216,613,Does it look like we're messing around here?
3567,4020,4,4,57,65,1.1846153846153846,0.06538461538461537,613,That's right ya punk! Bad cop ... asinine cop!
3574,4020,1,10,54,65,1.1846153846153846,0.053224432704223244,613,Perhaps you'd feel more talkative with Bad Clown Cop
3657,4020,2,8,55,65,1.1846153846153846,0.05756395979652216,613,"You think you're funny, kid? I got a colleague right here who can show you ""funny..."""
3710,4020,1,10,54,65,1.1846153846153846,0.053224432704223244,613,We received some complaints about our old interrogation method.
3717,4020,0,12,53,65,1.1846153846153846,0.048498154665071104,613,Talk or have him make a giraffe.
3781,4020,2,8,55,65,1.1846153846153846,0.05756395979652216,613,"Tell us where the drugs are or we pop it. And remember, he still has your nose."
3790,4020,1,10,54,65,1.1846153846153846,0.053224432704223244,613,"Cut! Man, we really need to rethink this It sequel."
3804,4020,1,10,54,65,1.1846153846153846,0.053224432704223244,613,He's an undercover officer by day and night.
5304,4020,1,10,54,65,1.1846153846153846,0.053224432704223244,613,"Contrary to popular belief, not all cops are clowns."
3849,4020,2,8,55,65,1.1846153846153846,0.05756395979652216,613,"At least one of us here isn't a Bozo, so you better tell us what you did."
3898,4020,0,12,53,65,1.1846153846153846,0.048498154665071104,613,I'll let you guess which of us is the bad cop.
3956,4020,1,10,54,65,1.1846153846153846,0.053224432704223244,613,"Our department's Rewards Fund has been cut, so this will have to do"
3964,4020,1,10,54,65,1.1846153846153846,0.053224432704223244,613,You think this is all fund and games huh?! Well you just wait 'til my partner gets a hold of you!
3965,4020,4,4,57,65,1.1846153846153846,0.06538461538461537,613,The NYPD program that uses Big Data to determine a perp's worst fear has had mixed results.
3968,4020,1,10,54,65,1.1846153846153846,0.053224432704223244,613,You wanna talk or wind up like Frank here with a useless side hustle?
4001,4020,2,8,55,65,1.1846153846153846,0.05756395979652216,613,"I think he's taken the ""good cop"" routine too far."
4075,4020,3,6,56,65,1.1846153846153846,0.06159852837710371,613,"Thanks to Officer Wiggin's undercover work, we have fifty witnesses in a car outside willing to testify against you."
4116,4020,1,10,54,65,1.1846153846153846,0.053224432704223244,613,"So, you don't think this is funny, eh?"
4180,4020,0,12,53,65,1.1846153846153846,0.048498154665071104,613,"You're right, we are playing good cop/bad cop. I'm the good one."
4183,4020,2,8,55,65,1.1846153846153846,0.05756395979652216,613,The party's over. We'll burst your pretty balloon.
4203,4020,1,10,54,65,1.1846153846153846,0.053224432704223244,613,"You clown us, we clown you."
5350,4020,0,12,53,65,1.1846153846153846,0.048498154665071104,613,"Good cop’s on r&r. So, you get funny cop. Just try and concentrate and answer my questions."
5936,4020,2,8,55,65,1.1846153846153846,0.05756395979652216,613,"""You won't be smiling when that cell door slams behind you at Sing Sing."
5506,4020,1,10,54,65,1.1846153846153846,0.053224432704223244,613,"Bad cop, worse clown — seriously?"
6474,4020,1,10,54,65,1.1846153846153846,0.053224432704223244,613,Don't make us bring out the broccoli and flu shot.
6482,4020,3,6,56,65,1.1846153846153846,0.06159852837710371,613,You have the right to remain horrified...
6505,4020,0,12,53,65,1.1846153846153846,0.048498154665071104,613,"Based on our composite, I'd suggest getting a lawyer."
6589,4020,1,10,54,65,1.1846153846153846,0.053224432704223244,613,We found your Voo-doo doll - now turn this clown’s frown upside down
6610,4020,2,8,55,65,1.1846153846153846,0.05756395979652216,613,I repeat...Did you or did you not steal his dog?
6667,4020,1,10,54,65,1.1846153846153846,0.053224432704223244,613,"Don't think you'll crack, huh? Guess you've never been through the ol' Good Cop, Clown Cop routine."
6690,4020,1,10,54,65,1.1846153846153846,0.053224432704223244,613,"I don't have all day, sonny. But Det. Balloon Clown can make balloon animals all night."
6717,4020,2,8,55,65,1.1846153846153846,0.05756395979652216,613,You're gonna laugh till it hurts!
6813,4020,4,4,57,65,1.1846153846153846,0.06538461538461537,613,One more twist and Fido's history if you don't start talkin'
6816,4020,0,12,53,65,1.1846153846153846,0.048498154665071104,613,He was a good cop before he started acting funny.
6457,4020,2,8,55,65,1.1846153846153846,0.05756395979652216,613,"Last chance to talk Perkins, or it's you and Lt. Bozo till 1:00 AM."
6855,4020,2,8,55,65,1.1846153846153846,0.05756395979652216,613,You have been accused of calling this a zebra.
6910,4020,1,10,54,65,1.1846153846153846,0.053224432704223244,613,You have the right to remain silent but it'll be a first for us.
6978,4020,3,6,56,65,1.1846153846153846,0.06159852837710371,613,Ok. No ore funny business
7037,4020,2,8,55,65,1.1846153846153846,0.05756395979652216,613,"Better spill the beans, kid, or would you prefer to have Officer Bozo here do a little arm twisting"
7082,4020,1,10,54,65,1.1846153846153846,0.053224432704223244,613,"Trust me, you don’t want him using his balloon techniques on you."
7102,4020,0,12,53,65,1.1846153846153846,0.048498154665071104,613,"I tried to be nice, but these shenanigans aren't going to fly with Detective Bozo."
7131,4020,2,8,55,65,1.1846153846153846,0.05756395979652216,613,You got two choices. You can either talk to me or this other bozo.
7151,4020,1,10,54,65,1.1846153846153846,0.053224432704223244,613,Before the circus went under I used to saw people in half.
7232,4020,2,8,55,65,1.1846153846153846,0.05756395979652216,613,"Fess up, or we'll stick it to the dog."
7295,4020,2,8,55,65,1.1846153846153846,0.05756395979652216,613,And I suppose YOU could make a better doggie?
3509,4020,1,10,54,65,1.1846153846153846,0.053224432704223244,613,We lost our sketch artist to budget cuts.
6874,4020,2,8,55,65,1.1846153846153846,0.05756395979652216,613,So you're saying it's your balloon?
6448,4020,1,10,54,65,1.1846153846153846,0.053224432704223244,613,Never mind... He was just recently transferred to us from the White House.
6399,4020,2,8,55,65,1.1846153846153846,0.05756395979652216,613,Ve haff vays uff making you talk.
6396,4020,0,12,53,65,1.1846153846153846,0.048498154665071104,613,"Alright, no more funny business."
5517,4020,1,10,54,65,1.1846153846153846,0.053224432704223244,613,And now... let the torture begin!
5581,4020,2,8,55,65,1.1846153846153846,0.05756395979652216,613,EPA Sonny. Focus.
5649,4020,0,12,53,65,1.1846153846153846,0.048498154665071104,613,That's where you're wrong kid. I'm the good cop.
5661,4020,1,10,54,65,1.1846153846153846,0.053224432704223244,613,"Mr. Smith, WE’LL be the ones asking the questions here."
5714,4020,1,10,54,65,1.1846153846153846,0.053224432704223244,613,"Trust me, you don't want me to get the funny cop in here."
5723,4020,2,8,55,65,1.1846153846153846,0.05756395979652216,613,"We'll never understand why you did it, but the Clown wants to know how you did it."
5756,4020,1,10,54,65,1.1846153846153846,0.053224432704223244,613,"Something funny, kid? Think this is a joke? We're not clowning around here!"
5788,4020,1,10,54,65,1.1846153846153846,0.053224432704223244,613,He's wearing gloves and you don't want to know what he can do with that dog.
5792,4020,2,8,55,65,1.1846153846153846,0.05756395979652216,613,He's got a Jack Sparrow costume in the back as well
5877,4020,2,8,55,65,1.1846153846153846,0.05756395979652216,613,"If you don't mind, I'd rather talk to the good clown."
5920,4020,2,8,55,65,1.1846153846153846,0.05756395979652216,613,"It's worse thank you think, kid; I'm the good cop."
5937,4020,1,10,54,65,1.1846153846153846,0.053224432704223244,613,"Detective Smith's performance of the ""good cop"" role is complex."
5986,4020,3,6,56,65,1.1846153846153846,0.06159852837710371,613,"Good cop, bad cop? I hate to pop your balloon, pal."
6004,4020,1,10,54,65,1.1846153846153846,0.053224432704223244,613,"For the last time, Brinkley, ‘Chief Superintendent Clownface, SIR!’”"
6032,4020,2,8,55,65,1.1846153846153846,0.05756395979652216,613,This is where it turns into your personal horror movie.
6081,4020,3,6,56,65,1.1846153846153846,0.06159852837710371,613,We're still adjusting to the new moonlighting policy.
6086,4020,3,6,56,65,1.1846153846153846,0.06159852837710371,613,"Bad news, kid. Officer Chuckles is holding the murder weapon."
6157,4020,1,10,54,65,1.1846153846153846,0.053224432704223244,613,"'Ronnie, this is your parole officer John Gacy to whom you'll report once a week...'"
6317,4020,1,10,54,65,1.1846153846153846,0.053224432704223244,613,The sergeant doesn't do baby elephants.
6326,4020,3,6,56,65,1.1846153846153846,0.06159852837710371,613,"Young man, continue down this path, and you, too, may end up as president of the US."
6359,4020,1,10,54,65,1.1846153846153846,0.053224432704223244,613,You think you’re the first to take us for a clowns?
6377,4020,1,10,54,65,1.1846153846153846,0.053224432704223244,613,You sure you haven't seen this Jeff Koons forgery before?
6378,4020,1,10,54,65,1.1846153846153846,0.053224432704223244,613,That bogus delusion defense won't hold up in court
5403,4020,3,6,56,65,1.1846153846153846,0.06159852837710371,613,Quit clowning around!
3489,4020,1,10,54,65,1.1846153846153846,0.053224432704223244,613,You might as well confess now. Good cop / Clown cop never fails!
6810,4020,0,12,53,65,1.1846153846153846,0.048498154665071104,613,Have it your way. Let's see if you think the K9 Unit is all fun and games.
3457,4020,2,8,55,65,1.1846153846153846,0.05756395979652216,613,Can you explain how this and 15 clowns got into your car?
933,4020,1,10,54,65,1.1846153846153846,0.053224432704223244,613,"We don't do ""Good cop bad cop""."
952,4020,3,6,56,65,1.1846153846153846,0.06159852837710371,613,This is what Theater Arts major are trained for.
997,4020,2,8,55,65,1.1846153846153846,0.05756395979652216,613,You think we're clowns here to amuse you?
1005,4020,2,8,55,65,1.1846153846153846,0.05756395979652216,613,Ya wanna be treated like a child?
1042,4020,4,4,57,65,1.1846153846153846,0.06538461538461537,613,"No, I'm the bad cop!"
1101,4020,2,8,55,65,1.1846153846153846,0.05756395979652216,613,"That's all very interesting, but my associate is here with a witness who tells a very different version of the events of last evening."
1119,4020,1,10,54,65,1.1846153846153846,0.053224432704223244,613,Detective Beppo is here to blow up your alibi.
1125,4020,1,10,54,65,1.1846153846153846,0.053224432704223244,613,Would you care to explain why our police dog here smelled frosting on your person?
1144,4020,3,6,56,65,1.1846153846153846,0.06159852837710371,613,"Forget “good cop, bad cop.” We’re “mean cop, creepy cop.”"
1179,4020,1,10,54,65,1.1846153846153846,0.053224432704223244,613,Ok wise guy you had your chance with Mr. Fun Cop now it's time you met Mr. Sad Cop
931,4020,2,8,55,65,1.1846153846153846,0.05756395979652216,613,"Nice try, but I know the responsible desicion is to say nothing until my lawyer is present."
1230,4020,3,6,56,65,1.1846153846153846,0.06159852837710371,613,"We didn’t budget for a sketch artist this year, so Officer Twisty is going to take a shot at getting a likeness of your perp."
1318,4020,1,10,54,65,1.1846153846153846,0.053224432704223244,613,"You think I'm scary? Kid, you'd better believe I'M the good cop!"
1366,4020,1,10,54,65,1.1846153846153846,0.053224432704223244,613,Don’t be fooled. I’m the good cop.
1371,4020,1,10,54,65,1.1846153846153846,0.053224432704223244,613,"Believe me, there's nothing funny about what he's planning to do to you."
1413,4020,2,8,55,65,1.1846153846153846,0.05756395979652216,613,You think you're funny?
1462,4020,1,10,54,65,1.1846153846153846,0.053224432704223244,613,Looks like you blew things into proportion Chet; but why? That's not going to get you anywhere.
1512,4020,3,6,56,65,1.1846153846153846,0.06159852837710371,613,Who's that? He's the clown who's going to ruin your party!
1524,4020,1,10,54,65,1.1846153846153846,0.053224432704223244,613,"What’da ya mean it’s not ‘good cop, sad cop’?"
1589,4020,1,10,54,65,1.1846153846153846,0.053224432704223244,613,Next you’ll see that I was the ‘funny’ one.
1591,4020,2,8,55,65,1.1846153846153846,0.05756395979652216,613,All right. Then it's going to have to be the mime next time.
1625,4020,3,6,56,65,1.1846153846153846,0.06159852837710371,613,"Would you be surprised to learn that I'm playing the ""good cop"" in this scenario?"
1290,4020,2,8,55,65,1.1846153846153846,0.05756395979652216,613,"We can play this good cop/clown cop routine all night, I ain't squealin'!"
921,4020,1,10,54,65,1.1846153846153846,0.053224432704223244,613,"Believe me, you'd better talk now because you don't want to see why he's bad cop."
895,4020,0,12,53,65,1.1846153846153846,0.048498154665071104,613,"Look me in the eye and look me in the eye good ....""I'm the good cop!"""
810,4020,2,8,55,65,1.1846153846153846,0.05756395979652216,613,"Funny guy, eh? Let's see how well you clown around with my partner."
26,4020,0,12,53,65,1.1846153846153846,0.048498154665071104,613,"We like to employ a little interrogation technique that we call “Good cop, clown cop.”"
61,4020,4,4,57,65,1.1846153846153846,0.06538461538461537,613,Talk now or get a private performance from Popo!
80,4020,1,10,54,65,1.1846153846153846,0.053224432704223244,613,"'okay, I tried, but you won't cooperate. Now Pookie's gonna' have'ta get rough!"""
103,4020,2,8,55,65,1.1846153846153846,0.05756395979652216,613,"We're not clowning, Mark! How do you protect users' privacy?"
152,4020,1,10,54,65,1.1846153846153846,0.053224432704223244,613,I'm the cop cop! He's the clown cop.!
196,4020,2,8,55,65,1.1846153846153846,0.05756395979652216,613,If you don't talk you're forcing me to bring in a mime.
284,4020,1,10,54,65,1.1846153846153846,0.053224432704223244,613,Don't make me resort to scare tactics.
312,4020,2,8,55,65,1.1846153846153846,0.05756395979652216,613,Don’t let my partner’s sad impression give you the wrong impression.
313,4020,2,8,55,65,1.1846153846153846,0.05756395979652216,613,Enough already -- now I've got to bring in Mr. Sprinkles.
320,4020,2,8,55,65,1.1846153846153846,0.05756395979652216,613,You think this is a joke? Because it clearly is.
418,4020,2,8,55,65,1.1846153846153846,0.05756395979652216,613,"Do you want to answer my questions, or his riddles?"
420,4020,2,8,55,65,1.1846153846153846,0.05756395979652216,613,"You can talk to me, or you can deal with evil clown cop."
441,4020,3,6,56,65,1.1846153846153846,0.06159852837710371,613,"What makes you think we're playing serious cop, funny cop?"
3487,4020,1,10,54,65,1.1846153846153846,0.053224432704223244,613,we know you have them now where are the balloons
461,4020,2,8,55,65,1.1846153846153846,0.05756395979652216,613,"You can call him a bozo, but his creep factor saps even hardened criminals."
462,4020,0,12,53,65,1.1846153846153846,0.048498154665071104,613,"""You'll confess, even if we have to tickle it out of you""."
531,4020,3,6,56,65,1.1846153846153846,0.06159852837710371,613,Our Clown Scene Investigation unit has all the evidence it needs on you.
564,4020,3,6,56,65,1.1846153846153846,0.06159852837710371,613,"If you could explain why this was in your possession, it would be a nice jester."
567,4020,2,8,55,65,1.1846153846153846,0.05756395979652216,613,"Confess, or face your deepest, darkest fears."
581,4020,3,6,56,65,1.1846153846153846,0.06159852837710371,613,"believe me there,s nothing funny here."
651,4020,0,12,53,65,1.1846153846153846,0.048498154665071104,613,"Yeah, I'm the good cop. Why do you ask?"
763,4020,0,12,53,65,1.1846153846153846,0.048498154665071104,613,Our sketch artist is on vacation.
805,4020,1,10,54,65,1.1846153846153846,0.053224432704223244,613,"We can do this the easy way, or we can do this the hard way..."
1666,4020,1,10,54,65,1.1846153846153846,0.053224432704223244,613,Look...we're not clowning around! Where did you bury the body?
1697,4020,1,10,54,65,1.1846153846153846,0.053224432704223244,613,You're telling me that the Joker is posing as a cop?!
1141,4020,1,10,54,65,1.1846153846153846,0.053224432704223244,613,We take joke stealing very seriously
1735,4020,3,6,56,65,1.1846153846153846,0.06159852837710371,613,"You're here for the bathos, you idiot, not the bath salts."
2766,4020,1,10,54,65,1.1846153846153846,0.053224432704223244,613,"Don't let him fool you, I'm the good cop."
2779,4020,3,6,56,65,1.1846153846153846,0.06159852837710371,613,"I'm not ""bad cop"" - just more serious by comparison."
2798,4020,2,8,55,65,1.1846153846153846,0.05756395979652216,613,hi there
2808,4020,2,8,55,65,1.1846153846153846,0.05756395979652216,613,What? Do we look like a couple of clowns to you?!
2833,4020,1,10,54,65,1.1846153846153846,0.053224432704223244,613,"Good cop-Bad cop"" is not as productive as ""Good cop- Bozo"
2838,4020,3,6,56,65,1.1846153846153846,0.06159852837710371,613,"I call his next trick, ""the singing canary."""
2844,4020,1,10,54,65,1.1846153846153846,0.053224432704223244,613,Look! He's not the Bozo. YOU'RE the Bozo!
2967,4020,1,10,54,65,1.1846153846153846,0.053224432704223244,613,"You want the dog, bozo? Start talking."
3009,4020,1,10,54,65,1.1846153846153846,0.053224432704223244,613,I think at this point you should realize we are NOT clowning around!
3054,4020,1,10,54,65,1.1846153846153846,0.053224432704223244,613,Do you wanna talk to the good clown or the bad clown?
3071,4020,1,10,54,65,1.1846153846153846,0.053224432704223244,613,You don’t wanna know what he’ll use for the next one if you’re lying.
3090,4020,2,8,55,65,1.1846153846153846,0.05756395979652216,613,You can deal with the good cop or you can deal with the insane clown cop.
3109,4020,2,8,55,65,1.1846153846153846,0.05756395979652216,613,You better answer my questions or I'll send the bad cop in.
1734,4020,1,10,54,65,1.1846153846153846,0.053224432704223244,613,"The Sarasota P.D. has ways of making you talk, kid."
3154,4020,1,10,54,65,1.1846153846153846,0.053224432704223244,613,"I’m warning you. If you don’t cooperate, I’ll btung in the mime."
3185,4020,2,8,55,65,1.1846153846153846,0.05756395979652216,613,He broke the Hamburgler
3249,4020,1,10,54,65,1.1846153846153846,0.053224432704223244,613,Does the balloon animal help more than the sketch?
3297,4020,0,12,53,65,1.1846153846153846,0.048498154665071104,613,This is not a frown cop clown cop act.
3341,4020,1,10,54,65,1.1846153846153846,0.053224432704223244,613,"It's like this, turn over the stolen clown car, before he inflates you too."
3345,4020,1,10,54,65,1.1846153846153846,0.053224432704223244,613,"Don't underestimate this drug ring, Kelly. Their mules are like nothing we've ever seen before."
3360,4020,0,12,53,65,1.1846153846153846,0.048498154665071104,613,"Whatever you may think of his appearance, believe me, he’s no joke"
3377,4020,1,10,54,65,1.1846153846153846,0.053224432704223244,613,"That’s Frivolous Cop, not Good Cop. He’s on vacation."
3381,4020,2,8,55,65,1.1846153846153846,0.05756395979652216,613,"Unlike Office Rollins, here, you'll find that I don't clown around."
2588,4020,0,12,53,65,1.1846153846153846,0.048498154665071104,613,"You're thinking he's the good cop, right?"
2526,4020,2,8,55,65,1.1846153846153846,0.05756395979652216,613,You choose. I can twist your arm or Chuckles here can twist you a very--cute--doggie.
3136,4020,1,10,54,65,1.1846153846153846,0.053224432704223244,613,The dog said you did it
2497,4020,1,10,54,65,1.1846153846153846,0.053224432704223244,613,Sergeant Bozo thinks you're full of hot air and acting like a canine.
2510,4020,1,10,54,65,1.1846153846153846,0.053224432704223244,613,"When that's the best the good cop can pull off, you know how much trouble you're in!"
1770,4020,2,8,55,65,1.1846153846153846,0.05756395979652216,613,"So, punk...you still refuse to talk. I assure you that Chuckles has other deadly beasts up his sleeve."
1798,4020,2,8,55,65,1.1846153846153846,0.05756395979652216,613,Answer our questions or it's back to the spinning plates on a unicycle.
1817,4020,2,8,55,65,1.1846153846153846,0.05756395979652216,613,This is the precinct safe space.
1856,4020,0,12,53,65,1.1846153846153846,0.048498154665071104,613,"Did you hear that, Bobocop? This guy thinks I’m the bad cop."
1868,4020,1,10,54,65,1.1846153846153846,0.053224432704223244,613,Okay. Kid. If you don’t talk to me I’ll have Bozo here tickle the truth out of you.
1871,4020,2,8,55,65,1.1846153846153846,0.05756395979652216,613,"The old good cop, hack cop routine"
1904,4020,0,12,53,65,1.1846153846153846,0.048498154665071104,613,This isn’t a joke.
1993,4020,1,10,54,65,1.1846153846153846,0.053224432704223244,613,"I’m good cop, he’s clown cop and this ain’t no funny business."
2000,4020,2,8,55,65,1.1846153846153846,0.05756395979652216,613,"Well, if that's how you want to play it, we just happen to have a resident expert in Clown Talk."
2032,4020,0,12,53,65,1.1846153846153846,0.048498154665071104,613,I regular composite sketch artist is off today... would you say the perpetrator was more of a doggy or giraffe?
2045,4020,1,10,54,65,1.1846153846153846,0.053224432704223244,613,"Would you believe me if I told you that I'm the ""good"" cop?"
1844,4020,1,10,54,65,1.1846153846153846,0.053224432704223244,613,"Regardless of how the situation looks kid,we are not clowning around here!"
2245,4020,3,6,56,65,1.1846153846153846,0.06159852837710371,613,"You don't have to believe it, but I AM the good cop."
2250,4020,1,10,54,65,1.1846153846153846,0.053224432704223244,613,This is what happened to the last guy who didn't confess.
2496,4020,0,12,53,65,1.1846153846153846,0.048498154665071104,613,Confess now or I send in the clown
2330,4020,0,12,53,65,1.1846153846153846,0.048498154665071104,613,"Listen up, kid. If you don't wear a tie to a job interview, how do you expect us to take you seriously?"
2343,4020,1,10,54,65,1.1846153846153846,0.053224432704223244,613,"So you want to be a funny guy, eh?"
2345,4020,1,10,54,65,1.1846153846153846,0.053224432704223244,613,You don’t get Mirandized in a standardized student-teacher interrogation assessment! Rights are for clown colleague alumni only!
2349,4020,2,8,55,65,1.1846153846153846,0.05756395979652216,613,This is serious! You think we're clowning around?
2097,4020,2,8,55,65,1.1846153846153846,0.05756395979652216,613,Do you want to guess which of us is the good cop?
2461,4020,2,8,55,65,1.1846153846153846,0.05756395979652216,613,Bad cop. Sesame cop.
2467,4020,3,6,56,65,1.1846153846153846,0.06159852837710371,613,This is “Twist” our undercover clown.He was at the cabinet meeting and saw when you didn’t laugh when the POTUS said”Rocket man”!
2470,4020,1,10,54,65,1.1846153846153846,0.053224432704223244,613,"I'm the official bad guy, kid"
6484,4230,1,17,85,103,1.1844660194174756,0.04080750877967151,613,We can do this the easy way or the hard way- my partner can be very persuasive
1466,4231,3,24,136,163,1.1840490797546013,0.033973921729726284,613,Start talking or I’ll leave you with the bad joke cop.
6763,4232,2,27,140,169,1.183431952662722,0.03213191841922153,613,"I know you probably have a lot of questions right now, but WE'RE the ones asking the questions here."
3405,4233,2,34,172,208,1.1826923076923077,0.02853479930145945,613,Perhaps a balloon dog and a visit from Ponzi the clown will convince you to talk.
4196,4234,1,10,55,66,1.1818181818181819,0.052486388108147784,613,"You think he meant “good cop, bad cop”? Goof cop, mad cop doesn’t seem to be cutting it."
4218,4234,1,10,55,66,1.1818181818181819,0.052486388108147784,613,"I'm asking you to talk to me. He won't ask, he NEVER does!"
4304,4234,2,8,56,66,1.1818181818181819,0.05675404305280447,613,“Now you get the bad cop”.
4332,4234,1,10,55,66,1.1818181818181819,0.052486388108147784,613,Start talking now or Detective Chuckles will make your little Bowser into a pretzel.
4397,4234,0,12,54,66,1.1818181818181819,0.047839528325837946,613,"We couldn't find that drug-selling circus you described, but we picked up some skills along the way."
4422,4234,2,8,56,66,1.1818181818181819,0.05675404305280447,613,"Okay, smartass; we're done clowning around here."
4431,4234,2,14,83,99,1.1818181818181819,0.04393459551987973,613,"Whether it's with the details or with laughter, we'll make you squeal."
4477,4234,1,10,55,66,1.1818181818181819,0.052486388108147784,613,a penny for your thoughts
4630,4234,3,6,57,66,1.1818181818181819,0.060722498870188546,613,"Your choice, me or the clown and his dog..."
4691,4234,1,10,55,66,1.1818181818181819,0.052486388108147784,613,I plead insanity.
4692,4234,0,12,54,66,1.1818181818181819,0.047839528325837946,613,"No, I'd still say you're the good cop."
4823,4234,4,4,58,66,1.1818181818181819,0.06444705063259697,613,I am the teacher. He is a clown.
4940,4234,1,10,55,66,1.1818181818181819,0.052486388108147784,613,You haven't seen anything yet. I AM the good cop!
5010,4234,1,10,55,66,1.1818181818181819,0.052486388108147784,613,If you think you’re scared now just wait until Officer Bobo starts questioning you.
7101,4234,1,10,55,66,1.1818181818181819,0.052486388108147784,613,The judge issued a gag order.
5326,4234,3,6,57,66,1.1818181818181819,0.060722498870188546,613,so... which one of you is the good cop?
5565,4234,0,12,54,66,1.1818181818181819,0.047839528325837946,613,Come clean - or we'll start clowning around treatment.
5694,4234,1,10,55,66,1.1818181818181819,0.052486388108147784,613,Seriously. He's not clownin' around.
5905,4234,1,10,55,66,1.1818181818181819,0.052486388108147784,613,I’m the bad cop. Bozo’s the good cop.
5968,4234,2,8,56,66,1.1818181818181819,0.05675404305280447,613,If you don't confess I'm gonna let him pop that doggie balloon.
6089,4234,2,8,56,66,1.1818181818181819,0.05675404305280447,613,My dogs are tired and you're not funny
6096,4234,2,8,56,66,1.1818181818181819,0.05675404305280447,613,"That’s right, it WAS an undercover clown car."
6200,4234,1,10,55,66,1.1818181818181819,0.052486388108147784,613,Stop clowning around. This dog is trained to see right through you.
6591,4234,0,12,54,66,1.1818181818181819,0.047839528325837946,613,"Officer Britches and I take opposite approaches, sure, but we’re each after the same thing."
6805,4234,1,10,55,66,1.1818181818181819,0.052486388108147784,613,Who you callin' Bozo now?
7001,4234,0,12,54,66,1.1818181818181819,0.047839528325837946,613,Make it easy on yourself: confess to me or I'll turn you over to my partner.
7027,4234,3,6,57,66,1.1818181818181819,0.060722498870188546,613,DUI is 20 hours walking Bozo's helium dog in front of Police Headquarters.
4104,4234,0,12,54,66,1.1818181818181819,0.047839528325837946,613,"Okay, kid, stop fooling with us."
5143,4234,0,12,54,66,1.1818181818181819,0.047839528325837946,613,"Admit it, you stuffed Jack in the box!"
4017,4234,1,10,55,66,1.1818181818181819,0.052486388108147784,613,I don't think you told the sketch artist the truth.
3064,4234,3,6,57,66,1.1818181818181819,0.060722498870188546,613,He's the funny guy around here.
3815,4234,1,10,55,66,1.1818181818181819,0.052486388108147784,613,"If his ole Disappearing Coin trick didn't make you spill your guts, trust me, this next one will."
3957,4234,2,8,56,66,1.1818181818181819,0.05675404305280447,613,My partner Bosco Billy has tied this all together.
23,4234,2,8,56,66,1.1818181818181819,0.05675404305280447,613,After a life of crime the Joker sought redemption and a new challenge
122,4234,1,10,55,66,1.1818181818181819,0.052486388108147784,613,"Does it look like we're clowning around, punk?"
127,4234,1,10,55,66,1.1818181818181819,0.052486388108147784,613,The perpetrator had shorter ears and a bushier tail
452,4234,2,8,56,66,1.1818181818181819,0.05675404305280447,613,We don't want you to lie...just laugh.
503,4234,2,8,56,66,1.1818181818181819,0.05675404305280447,613,"""Good Cop"" is on vacation. ""Clown Cop"" is the best we can do right now."
510,4234,1,10,55,66,1.1818181818181819,0.052486388108147784,613,Start talking or we'll make 6 more of these.
534,4234,2,8,56,66,1.1818181818181819,0.05675404305280447,613,He’s on a trial - good cop wasn’t getting results.
545,4234,2,8,56,66,1.1818181818181819,0.05675404305280447,613,We're extraditing you to the circus.
652,4234,1,10,55,66,1.1818181818181819,0.052486388108147784,613,"Just so you know, I'm the Good Cop here."
1282,4234,1,10,55,66,1.1818181818181819,0.052486388108147784,613,"Still up to your old tricks, aren't you, Jones?"
1309,4234,2,8,56,66,1.1818181818181819,0.05675404305280447,613,He won't talk we will make him laugh.
1479,4234,1,10,55,66,1.1818181818181819,0.052486388108147784,613,So who do you think will be playing the bad cop today?
1483,4234,1,10,55,66,1.1818181818181819,0.052486388108147784,613,Don't let appearances fool you. I'm the good cop. He's the bad cop and that used to be a real dog.
261,4234,1,10,55,66,1.1818181818181819,0.052486388108147784,613,"Everyone expects the good cop, so we're trying out the sad one."
1903,4234,1,10,55,66,1.1818181818181819,0.052486388108147784,613,"... and, trust me, you do NOT want Detective Squeaker to take over."
2033,4234,1,10,55,66,1.1818181818181819,0.052486388108147784,613,Critics are hailing Police Academy 8 “a movie” and “rated PG-13.”
2202,4234,1,12,64,77,1.1818181818181819,0.0479493093842668,613,Is he a clown? Does he amuse you?
2232,4234,1,10,55,66,1.1818181818181819,0.052486388108147784,613,"For your information, this Bozo can be pretty tough."
2321,4234,2,8,56,66,1.1818181818181819,0.05675404305280447,613,"And guess which one of us is ""good cop""?"
2342,4234,0,12,54,66,1.1818181818181819,0.047839528325837946,613,Don't be a smart-ass! I'm through clowning around!!
2392,4234,1,10,55,66,1.1818181818181819,0.052486388108147784,613,"Oh you think this is funny, do ya?"
2514,4234,2,8,56,66,1.1818181818181819,0.05675404305280447,613,US ! Your the clown !
2818,4234,2,8,56,66,1.1818181818181819,0.05675404305280447,613,"Talk, or I'll go for the juggler, too."
3426,4234,1,10,55,66,1.1818181818181819,0.052486388108147784,613,Just how did you plan to get that through customs?
1754,4234,0,12,54,66,1.1818181818181819,0.047839528325837946,613,It's time for you to stop clowning around and confess.
3118,4234,2,8,56,66,1.1818181818181819,0.05675404305280447,613,We call this good cop crazy cop interrogation
3380,4234,1,10,55,66,1.1818181818181819,0.052486388108147784,613,"Eddie over here believes that if he dresses like one, he might be able to understand how you clowns end up getting yourselves in here."
5447,4294,1,31,150,182,1.1813186813186813,0.029678873200206908,613,"Yeah, but that squeaky-squeaky balloon animal can be very persuasive."
5519,4295,4,15,108,127,1.1811023622047243,0.040950649993179,613,Fess up now because I promise you won't find prison so amusing.
4148,4296,6,13,120,139,1.1798561151079137,0.041164113769754394,613,We found Chuckles' dog at the scene and your prints are all over him. TELL US WHERE CHUCKLES IS!
6563,4297,1,10,56,67,1.1791044776119404,0.051768249597247296,613,"I AM the good cop!” “So cooperate, or you belong to Squeaky."
948,4297,2,8,57,67,1.1791044776119404,0.05596638009319954,613,And here’s the good cop.
2666,4299,2,20,113,135,1.1777777777777778,0.03622097078895108,613,He is trying to make your story the second funniest thing in this room.
3716,4300,2,7,53,62,1.1774193548387097,0.058737796974655074,613,"Sir, we know about the needles, we have a witness"
5188,4300,0,11,51,62,1.1774193548387097,0.04891305893000953,613,"There's a Bozo in this room, and I'm looking right at him."
5154,4300,1,9,52,62,1.1774193548387097,0.054049126391304346,613,Its only one day and Mr. Giggles will show you how to face paint and do animal balloons.
5007,4300,1,9,52,62,1.1774193548387097,0.054049126391304346,613,Maybe this hideous sight will help jog your memory.
4843,4300,0,11,51,62,1.1774193548387097,0.04891305893000953,613,I am the good cop and he is the clown cop.
4728,4300,1,9,52,62,1.1774193548387097,0.054049126391304346,613,"Good cop, bozo cop."
4598,4300,1,9,52,62,1.1774193548387097,0.054049126391304346,613,"We used to give cigarettes, but no one is smoking anymore."
4572,4300,4,3,55,62,1.1774193548387097,0.06713993039154131,613,"OK fine, he'll make a poodle if you confess."
4544,4300,0,11,51,62,1.1774193548387097,0.04891305893000953,613,"We called in an expert, and it's definitely your face paint on the victim."
4532,4300,1,9,52,62,1.1774193548387097,0.054049126391304346,613,I would take the dog. It might be worth something when you get out!
4328,4300,1,9,52,62,1.1774193548387097,0.054049126391304346,613,Believe me...we do not clown around.
4324,4300,2,7,53,62,1.1774193548387097,0.058737796974655074,613,"Everybody says they want to save the Rec Center, but nobody wants to do the grunt work."
4200,4300,2,7,53,62,1.1774193548387097,0.058737796974655074,613,We warned you! - If you don't stop your funny business we start ours.
4185,4300,2,7,53,62,1.1774193548387097,0.058737796974655074,613,I'm the bad clown
3980,4300,2,7,53,62,1.1774193548387097,0.058737796974655074,613,"Yes, it's good cop, bad clown."
5213,4300,2,7,53,62,1.1774193548387097,0.058737796974655074,613,"We can do this the easy way or the clown way, your choice."
5290,4300,3,5,54,62,1.1774193548387097,0.063078915044636,613,Listen Buddy! You better talk or he's gonna release the hound on you.
7051,4300,3,5,54,62,1.1774193548387097,0.063078915044636,613,Please accept my job offer so I can get rid of this clown.
5362,4300,1,9,52,62,1.1774193548387097,0.054049126391304346,613,"Did you really think I would crack under that old good cop, clown cop routine?"
7204,4300,1,9,52,62,1.1774193548387097,0.054049126391304346,613,We are not amused.
7062,4300,1,9,52,62,1.1774193548387097,0.054049126391304346,613,Good cop is stressed.
3715,4300,0,11,51,62,1.1774193548387097,0.04891305893000953,613,Are you sure that isn’t your dog?
7006,4300,1,9,52,62,1.1774193548387097,0.054049126391304346,613,"Good cop, Wacko cop"
6985,4300,2,7,53,62,1.1774193548387097,0.058737796974655074,613,"No officer, I would never say that cops are clowns."
6979,4300,2,7,53,62,1.1774193548387097,0.058737796974655074,613,No. This is the good clown.
6822,4300,1,9,52,62,1.1774193548387097,0.054049126391304346,613,I'm tired of this its time to start clowning around!
6634,4300,3,5,54,62,1.1774193548387097,0.063078915044636,613,...so you think my partner Gacy here is the good cop?...
6569,4300,1,9,52,62,1.1774193548387097,0.054049126391304346,613,Don’t make us poke holes in your story.
6395,4300,0,11,51,62,1.1774193548387097,0.04891305893000953,613,He'll just keep making them so you better talk!
6343,4300,0,11,51,62,1.1774193548387097,0.04891305893000953,613,"Nooooo, I'm the good cop!"
6162,4300,1,9,52,62,1.1774193548387097,0.054049126391304346,613,Sources tell us that some of you clowns have even wormed your way onto the police force!
6145,4300,1,9,52,62,1.1774193548387097,0.054049126391304346,613,The dog is all the probable cause we need.
6044,4300,1,9,52,62,1.1774193548387097,0.054049126391304346,613,"No, he doesn’t do birthday parties. But does this resemble the dog you saw at the scene of the crime?"
6013,4300,2,7,53,62,1.1774193548387097,0.058737796974655074,613,Murder is no laughing matter.
5749,4300,2,7,53,62,1.1774193548387097,0.058737796974655074,613,Better talk fast...before he becomes the bad cop.
5657,4300,1,9,52,62,1.1774193548387097,0.054049126391304346,613,That's right. It's the old good cop bad clown routine.
5333,4300,3,5,54,62,1.1774193548387097,0.063078915044636,613,"And when Clown Cop third degrees your funny bone, you'll be tickled pink to talk."
3670,4300,1,9,52,62,1.1774193548387097,0.054049126391304346,613,Now we can do this easy or we can do this hard. I'm easy.
2786,4300,1,9,52,62,1.1774193548387097,0.054049126391304346,613,"It's about time you made up your mind, Ronald - Law studies or acting classes?"
3497,4300,2,7,53,62,1.1774193548387097,0.058737796974655074,613,"We can do this the easy way, or we can do this the funny way...and safe word Uncle won't do you any good here."
899,4300,2,7,53,62,1.1774193548387097,0.058737796974655074,613,Here's the bad news: *I'm* the good cop.
803,4300,2,7,53,62,1.1774193548387097,0.058737796974655074,613,I'm sorry about your wife's murder.
786,4300,0,11,51,62,1.1774193548387097,0.04891305893000953,613,Tell us now or this place is going to fill up in a way you won't believe.
720,4300,1,9,52,62,1.1774193548387097,0.054049126391304346,613,So your saying that your company was hacked and the information used was to predict the next President?
707,4300,2,7,53,62,1.1774193548387097,0.058737796974655074,613,Imagine yourself in the Oval Office
3592,4300,0,11,51,62,1.1774193548387097,0.04891305893000953,613,Getting him out of those ridiculous shoes was no small feat.
667,4300,0,11,51,62,1.1774193548387097,0.04891305893000953,613,Don't make me release Chuckles on you.
615,4300,1,9,52,62,1.1774193548387097,0.054049126391304346,613,"OK, I’m a patient man, but at some point we’re gonna’ have to stop all this clowning around."
532,4300,1,9,52,62,1.1774193548387097,0.054049126391304346,613,"No, I'M the good cop. He's the idiot cop."
502,4300,0,11,51,62,1.1774193548387097,0.04891305893000953,613,Art will explain our strict guidelines for clowning around.
458,4300,3,5,54,62,1.1774193548387097,0.063078915044636,613,The entire Clown Precinct is here in their Volkswagen. You'll be spilling your guts before the day ends!
379,4300,2,7,53,62,1.1774193548387097,0.058737796974655074,613,We know you stole the cotton candy machine! Your accomplices here - Happy and Hoppy - they're undercover agents...
369,4300,1,9,52,62,1.1774193548387097,0.054049126391304346,613,"Listen, buddy. Either you start talking, or I introduce you to Sgt. Bozo over there."
165,4300,0,11,51,62,1.1774193548387097,0.04891305893000953,613,So what is it?....the idea of a consecutive life sentence amuses you somehow?
86,4300,2,7,53,62,1.1774193548387097,0.058737796974655074,613,"No, this is serious cop - funny cop."
992,4300,2,7,53,62,1.1774193548387097,0.058737796974655074,613,"For the last time, we are both bad cops!"
1146,4300,0,11,51,62,1.1774193548387097,0.04891305893000953,613,"You're gonna want to talk to me. Most people find Officer Squeakums to be even more... well, persuasive..."
705,4300,1,9,52,62,1.1774193548387097,0.054049126391304346,613,"Mr. Bannon , give the President one good reason to rehire you for the Whitehouse staff."
1326,4300,2,7,53,62,1.1774193548387097,0.058737796974655074,613,"Is he a cop or clown? Is that a dog or ballon? Not trying to be difficult, but i have rights, this is America the Unusal!"
1272,4300,3,5,54,62,1.1774193548387097,0.063078915044636,613,"Oh, you think this is some trial balloon from a bunch of bozo's?"
3355,4300,0,11,51,62,1.1774193548387097,0.04891305893000953,613,"This is no laughing matter, Bud"
3343,4300,1,9,52,62,1.1774193548387097,0.054049126391304346,613,My colleague won't be as nice as me
3247,4300,0,11,51,62,1.1774193548387097,0.04891305893000953,613,Only one of us appears to be taking this seriously.
3088,4300,1,9,52,62,1.1774193548387097,0.054049126391304346,613,"Tell us everything you know now, or my pal ""Twisty"" here is going to be late to a birthday party."
2949,4300,1,9,52,62,1.1774193548387097,0.054049126391304346,613,"For the last time, is this the clown you saw in that Russian peeing video?"
2933,4300,0,11,51,62,1.1774193548387097,0.04891305893000953,613,"What makes you think this is a ""good cop, bad cop"" interrogation?"
2725,4300,2,7,53,62,1.1774193548387097,0.058737796974655074,613,Don't let the balloon animal and the rubber nose fool you... he's the bad cop.
3368,4300,2,7,53,62,1.1774193548387097,0.058737796974655074,613,"We're employ a different policing ethic. no more rubber hoses, now it's balloon animals. When we want to get rough, we bring in his partner, the mime."
2365,4300,0,11,51,62,1.1774193548387097,0.04891305893000953,613,"My friend Bozo will talk to you now. No funny business, okay?"
2334,4300,3,5,54,62,1.1774193548387097,0.063078915044636,613,You'd better own up to it! I'm the good cop!
2223,4300,2,7,53,62,1.1774193548387097,0.058737796974655074,613,"Confess, or the dog gets it."
2050,4300,2,7,53,62,1.1774193548387097,0.058737796974655074,613,"All you tech-bros think this is funny, do ya? I 'll show you funny."
2023,4300,1,9,52,62,1.1774193548387097,0.054049126391304346,613,He prefers not to be labeled.
1579,4300,2,7,53,62,1.1774193548387097,0.058737796974655074,613,"He used to be a punk like you, but he wised up and went straight."
1472,4300,0,11,51,62,1.1774193548387097,0.04891305893000953,613,no clowning around
2503,4300,3,5,54,62,1.1774193548387097,0.063078915044636,613,#unamused
4089,4376,0,14,65,79,1.1772151898734178,0.04323607918126412,613,"Good, bad or funny and mad, just answer my questions!"
2010,4377,1,10,57,68,1.1764705882352942,0.051069236647683494,613,Your cover has been blown!
7008,4378,4,8,79,91,1.1758241758241759,0.05086169950977225,613,"And believe me, there's plenty more where that came from."
4955,4379,2,16,96,114,1.1754385964912282,0.03988341579297831,613,Stop smirking. This is serious!
779,4380,4,17,122,143,1.1748251748251748,0.037548596588295395,613,Tell me again exactly where you were and the exact time that you said some clown stole your toy balloon.
3521,4380,2,21,120,143,1.1748251748251748,0.03482687171239298,613,"No, I'm the GOOD cop. Can't you see he's a CLOWN?"
3702,4382,1,9,53,63,1.1746031746031746,0.053258792666124335,613,"Tough guy, huh? All right, Simmons, take over."
4038,4382,0,11,52,63,1.1746031746031746,0.04821271851032602,613,We've found the murder weapon. Now tell me - how the hell are we blowing this out of proportion?
4445,4382,2,7,54,63,1.1746031746031746,0.057866499516996066,613,"I'm Pennywise an' this here's my partner, Twisty. Don't make us play ""bad clown, really bad clown."""
5210,4382,0,11,52,63,1.1746031746031746,0.04821271851032602,613,"Look pal, either you tell us who else was at the scene or Bozo here is going to give you an intimate demonstration in the art of making balloon animals.."
5437,4382,1,9,53,63,1.1746031746031746,0.053258792666124335,613,Now I'm going to show you a clown with class.
5603,4382,1,9,53,63,1.1746031746031746,0.053258792666124335,613,"Yes, he’s the bad cop. Where have you been?"
7034,4382,2,7,54,63,1.1746031746031746,0.057866499516996066,613,Fred decided today is the day he'd follow his true passion.
2799,4389,5,14,119,138,1.173913043478261,0.03971900066574726,613,The reason we called you in here Mr. Robertson is that we need you to go undercover as a class clown.
5732,4389,2,16,97,115,1.173913043478261,0.03956450490133908,613,"So if you're the bad cop, what's he?"
3418,4391,3,23,141,167,1.1736526946107784,0.032876693687441956,613,I'm The Bad Cop- He's The Good Cop !
1954,4392,2,21,121,144,1.1736111111111112,0.0346054758377287,613,"Alright, no more funny business! That's Officer Bozo's M.O."
4757,4393,4,22,147,173,1.1734104046242775,0.033199713745508355,613,You get the clown costume back when you teach me how to make that balloon animal!
4384,4394,2,37,198,237,1.1729957805907174,0.026033377990061543,613,You're telling me this is what the clown looked like?
6859,4395,2,50,262,314,1.1719745222929936,0.022263176051898155,613,"It wasn't me. Really, I'm not the one clowning around."
136,4396,0,11,53,64,1.171875,0.04753177456453702,613,You either speak to me or deal with this clown
257,4397,0,14,68,82,1.170731707317073,0.04180826184428594,613,Coco's got the stolen Rococo and you know nothing what am I Bozo ?
6779,4398,4,17,126,147,1.1700680272108843,0.03659914869499552,613,You don't believe I'm serious? I'll show you serious!
1314,4399,4,10,92,106,1.169811320754717,0.045402657171187806,613,"You've never SEEN good cop, bad cop."
2053,4400,1,8,50,59,1.1694915254237288,0.054876421247483355,613,Are you saying Officer Trumpet is making fake evidence?
6481,4400,1,8,50,59,1.1694915254237288,0.054876421247483355,613,He's from CSI: Clown Squad Interrogation.
4922,4402,2,28,159,189,1.1693121693121693,0.029337505930974915,613,"You should know, he's the ""GOOD"" cop!"
3325,4403,1,21,114,136,1.1691176470588236,0.03390867373631621,613,You better deal with me. I’m the good cop.
1542,4404,3,18,121,142,1.1690140845070423,0.03599663546847113,613,I can make it worse than “good cop / bad cop.”
4960,4405,0,10,50,60,1.1666666666666667,0.04851854247829848,613,Detective Chuckles won't talk either. His seltzer does the talking.
4983,4405,1,8,51,60,1.1666666666666667,0.05402796234942498,613,Ok now for some bad cop....clown cop
5055,4405,0,10,50,60,1.1666666666666667,0.04851854247829848,613,"Ah, so I see you are going with the old bad cop, annoying cop routine."
5108,4405,1,8,51,60,1.1666666666666667,0.05402796234942498,613,"No, we don't play ""good cop- bad cop"" here. Right, Sgt. Sillibubs?"
5139,4405,1,8,51,60,1.1666666666666667,0.05402796234942498,613,"After a disappointing 1 star rating on yelp, the interrogation department starts to experiment with new customer satisfaction initiatives"
5280,4405,2,6,52,60,1.1666666666666667,0.059025354442335316,613,He claims he wasn't with you that night.
5241,4405,2,6,52,60,1.1666666666666667,0.059025354442335316,613,Should we do this the easy way? Or the delightful way?
5275,4405,0,10,50,60,1.1666666666666667,0.04851854247829848,613,"""You better talk, or the balloon dog gets it."" *holds pin*"
5288,4405,0,10,50,60,1.1666666666666667,0.04851854247829848,613,He's all fun and games now but you're gonna see how rough it can get if he has to go back and put on his angry face.
4786,4405,1,8,51,60,1.1666666666666667,0.05402796234942498,613,Do you think you're the first Bozo to come through this station-house?
5166,4405,2,6,52,60,1.1666666666666667,0.059025354442335316,613,Time to stop clowning around. We need answers!
4708,4405,2,6,52,60,1.1666666666666667,0.059025354442335316,613,"We do have a support animal with a histrionics voice coach, if that helps."
4273,4405,2,6,52,60,1.1666666666666667,0.059025354442335316,613,"First your information has to lead to an arrest, then you can have the reward."
4457,4405,3,4,53,60,1.1666666666666667,0.06363147191803552,613,"Yes, it’s a serious crime to lie to a clown."
4372,4405,1,8,51,60,1.1666666666666667,0.05402796234942498,613,"Officer Smiley, give him the tickles!"
4337,4405,1,8,51,60,1.1666666666666667,0.05402796234942498,613,Why bring Jeff goons into this?
4323,4405,1,8,51,60,1.1666666666666667,0.05402796234942498,613,"Just to be clear, he likes balloons and that’s how he treats them."
5340,4405,2,6,52,60,1.1666666666666667,0.059025354442335316,613,Don't even think about running - I have a squad car with 30 more officers parked outside.
4258,4405,1,8,51,60,1.1666666666666667,0.05402796234942498,613,"His act is so bad, you will be talking to skip the show."
4235,4405,1,8,51,60,1.1666666666666667,0.05402796234942498,613,Guess which one is funny cop.
4187,4405,1,8,51,60,1.1666666666666667,0.05402796234942498,613,Don't tempt Lenny. He can make a Shepherd just as fast.
4166,4405,0,10,50,60,1.1666666666666667,0.04851854247829848,613,"I want to go easy on you, but my partner here wants to annoy you with squeaky noises."
4133,4405,1,8,51,60,1.1666666666666667,0.05402796234942498,613,"Look for the last time, we're not clowning around here. Whatever gives you that idea?"
3775,4405,2,6,52,60,1.1666666666666667,0.059025354442335316,613,Satisfied? Now tell us what you did to Frank.
3696,4405,1,8,51,60,1.1666666666666667,0.05402796234942498,613,"If your chosen method of interrogation is confusion, you got me."
4678,4405,0,10,50,60,1.1666666666666667,0.04851854247829848,613,The clown? He used to work at the White House.
5390,4405,1,8,51,60,1.1666666666666667,0.05402796234942498,613,"Let's see how airtight your alibi is, clown."
5614,4405,1,8,51,60,1.1666666666666667,0.05402796234942498,613,Do you really wanna face Blinky the Bad Cop?
5484,4405,1,8,51,60,1.1666666666666667,0.05402796234942498,613,Talk now or we send him to your kid’s birthday party for a couple of hours.”
7053,4405,1,8,51,60,1.1666666666666667,0.05402796234942498,613,"Why didn't you agree to hire Artie for your kid's birthday party? What, you think he doesn't have kids to feed too?"
7022,4405,2,6,52,60,1.1666666666666667,0.059025354442335316,613,"We're still working on the good cop, bad cop act."
7013,4405,2,6,52,60,1.1666666666666667,0.059025354442335316,613,We'll soon be able to tell if you are serious or not.
6999,4405,1,8,51,60,1.1666666666666667,0.05402796234942498,613,"Coney Island ring a bell? How 'bout the flash mob working the balloon animals? Quite the tactical diversion! Give me a break, kid. We know you were in on the hot dog heist. You were made by undercover!"
6886,4405,1,8,51,60,1.1666666666666667,0.05402796234942498,613,"Now, for the last time, stop calling Officer Bozo a clown."
6880,4405,1,8,51,60,1.1666666666666667,0.05402796234942498,613,"talk here downtown, or we take a ride in the car."
6782,4405,0,10,50,60,1.1666666666666667,0.04851854247829848,613,"If you act like a five-year-old, we are going to treat you like a five-year-old!"
6726,4405,2,6,52,60,1.1666666666666667,0.059025354442335316,613,Still “No Comment”?
6693,4405,0,10,50,60,1.1666666666666667,0.04851854247829848,613,"See the look on his face, it means we have stopped clowning around."
6533,4405,0,10,50,60,1.1666666666666667,0.04851854247829848,613,"No way, punk. The deal was ONE horsie, not two. Now answer the question--! You won't like Jiggles when he's angry..."
6134,4405,2,6,52,60,1.1666666666666667,0.059025354442335316,613,"I don't know their real names, but Jeffy K. and Gogo told me we could get a million in ransom."
6130,4405,2,6,52,60,1.1666666666666667,0.059025354442335316,613,Officer Bozo says he caught you molesting his balloon bitch.
5482,4405,0,10,50,60,1.1666666666666667,0.04851854247829848,613,Intellectual property theft without artistic license is no laughing matter
6031,4405,1,8,51,60,1.1666666666666667,0.05402796234942498,613,Suck it up! Coulrophobia is not in the DSM 5.
5925,4405,1,8,51,60,1.1666666666666667,0.05402796234942498,613,"Well if you don't know what ""ignorantia juris non excusat"" means - maybe you've heard of a little something called a leash law!!!"
5913,4405,3,4,53,60,1.1666666666666667,0.06363147191803552,613,You can either sign a confession or face dying of laughter.
5908,4405,0,10,50,60,1.1666666666666667,0.04851854247829848,613,"It's called ""Good cop, fun cop."""
5876,4405,1,8,51,60,1.1666666666666667,0.05402796234942498,613,"So, you think I'm the bad cop? Wait until Sgt. Pennywise here takes over the interrogation!"
5822,4405,0,10,50,60,1.1666666666666667,0.04851854247829848,613,"Alright smart guy, we don’t look kindly at those who pop animal balloons."
5806,4405,0,10,50,60,1.1666666666666667,0.04851854247829848,613,You know the drill. We can do this the hard way. The easy way. Or the silly way.
5795,4405,0,10,50,60,1.1666666666666667,0.04851854247829848,613,"Tim, I care about you. Tell me what happened and I won't have to leave you alone with ""Sex Game Larry."""
5635,4405,2,6,52,60,1.1666666666666667,0.059025354442335316,613,"No, we are not playing good clown, bad clown."
3624,4405,2,6,52,60,1.1666666666666667,0.059025354442335316,613,Say hello to Officer Chuckles.
5547,4405,2,6,52,60,1.1666666666666667,0.059025354442335316,613,"Sending in the bad cop, huh?"
5536,4405,2,6,52,60,1.1666666666666667,0.059025354442335316,613,He arrests guilty parties and then plays kids' parties.
5496,4405,0,10,50,60,1.1666666666666667,0.04851854247829848,613,"So you say you've never seen this balloon animal before in your life, huh?"
5959,4405,1,8,51,60,1.1666666666666667,0.05402796234942498,613,"Actually, I'm the good cop. He's the bad cop--a very bad cop."
3538,4405,2,6,52,60,1.1666666666666667,0.059025354442335316,613,"Talk to me, or my partner is gonna rub that thing on his head and stick it on you."
3739,4405,1,8,51,60,1.1666666666666667,0.05402796234942498,613,"Oh, you think you’re funny, do ya? Well, let’s see if you think this funny."
3398,4405,1,8,51,60,1.1666666666666667,0.05402796234942498,613,"Don’t clown around with me, our dog smelled the dope on you."
1343,4405,1,8,51,60,1.1666666666666667,0.05402796234942498,613,Listen! I really don't want to release the juvy K-9 unit on you.
1300,4405,1,8,51,60,1.1666666666666667,0.05402796234942498,613,"Won’t talk, tough guy? Just wait until he breaks out the squirting boutonniere and whoopie cushion, you’ll talk."
1238,4405,3,4,53,60,1.1666666666666667,0.06363147191803552,613,You be the judge. He learned his technique from John Wayne Gacy.
1140,4405,1,8,51,60,1.1666666666666667,0.05402796234942498,613,Our sketch guy is sick kid so use your imagination.
1062,4405,1,8,51,60,1.1666666666666667,0.05402796234942498,613,"Listen, this is your last chance. If you don't start talking, I'll bring in a mime next."
1036,4405,2,6,52,60,1.1666666666666667,0.059025354442335316,613,"What is this? Bad cop, silly cop?"
3412,4405,0,10,50,60,1.1666666666666667,0.04851854247829848,613,"No, this is not the old 'good cop nightmare cop' routine."
959,4405,1,8,51,60,1.1666666666666667,0.05402796234942498,613,Jeff Koons said that he wasn't anywhere near the kid's party
926,4405,0,10,50,60,1.1666666666666667,0.04851854247829848,613,Yeah I'm the bad cop and the other is REALLY good
914,4405,0,10,50,60,1.1666666666666667,0.04851854247829848,613,"Look, I know he's a Bozo, but he's our Bozo and he makes whatever animal he wants. Got it!?"
766,4405,2,6,52,60,1.1666666666666667,0.059025354442335316,613,"Larry found your missing dog, sir."
754,4405,3,4,53,60,1.1666666666666667,0.06363147191803552,613,And if you wanna play it hard - my trick is sawing someone in half.
1412,4405,0,10,50,60,1.1666666666666667,0.04851854247829848,613,"Hard nut to crack, huh? Well we can play games too!"
749,4405,1,8,51,60,1.1666666666666667,0.05402796234942498,613,"Time for the old ""good cop, clown cop"" routine"
587,4405,1,8,51,60,1.1666666666666667,0.05402796234942498,613,You’d better start telling the truth otherwise he’ll bring out the custard pie detector.
578,4405,1,8,51,60,1.1666666666666667,0.05402796234942498,613,I am going to give you five minutes to confess to the good cop before I return.
500,4405,1,8,51,60,1.1666666666666667,0.05402796234942498,613,"Start talking, jackass. We've got 42 more just like him behind that door."
489,4405,0,10,50,60,1.1666666666666667,0.04851854247829848,613,We have the party animal's ID....so let it out.
479,4405,1,8,51,60,1.1666666666666667,0.05402796234942498,613,"Help me help you, pal. You do NOT want to smell Detective Whiptickle's flower."
430,4405,0,10,50,60,1.1666666666666667,0.04851854247829848,613,"Or we can go to see Spider-Man musical, you decide."
352,4405,0,10,50,60,1.1666666666666667,0.04851854247829848,613,"Good cop, funny cop did not prove to be effective."
190,4405,1,8,51,60,1.1666666666666667,0.05402796234942498,613,I'll be the one asking the questions!
93,4405,1,8,51,60,1.1666666666666667,0.05402796234942498,613,"No, this is a good-cop/clown-cop routine. Can you identify the dog?"
90,4405,1,8,51,60,1.1666666666666667,0.05402796234942498,613,How about my partner here ties a scenario you may not like?
84,4405,1,8,51,60,1.1666666666666667,0.05402796234942498,613,You've got it backwards: I'M good cop.
4,4405,2,6,52,60,1.1666666666666667,0.059025354442335316,613,This killer is one cladistic son of a gun.
683,4405,1,8,51,60,1.1666666666666667,0.05402796234942498,613,if you're not going to answer my question he's going to pop the dog.
1416,4405,1,8,51,60,1.1666666666666667,0.05402796234942498,613,"Now we're gonna play a little round of Good Cop, Clown Cop."
1016,4405,0,10,50,60,1.1666666666666667,0.04851854247829848,613,Aren't you supposed to try bad cop/good cop not bad cop/clown cop?
1522,4405,2,6,52,60,1.1666666666666667,0.059025354442335316,613,"Okay, so who’s the good cop again? Remember, I’m afraid of clowns."
3394,4405,1,8,51,60,1.1666666666666667,0.05402796234942498,613,"Listen punk, ya can't lie to us like we're BOTH clowns."
3386,4405,1,8,51,60,1.1666666666666667,0.05402796234942498,613,We’ve brought in a interpreter who speaks ‘wise guy’ for you.
3156,4405,1,8,51,60,1.1666666666666667,0.05402796234942498,613,Good Cop vs Clown Cop
1449,4405,1,8,51,60,1.1666666666666667,0.05402796234942498,613,"You realize you're facing twenty years in the slammer, pal! What's so funny!"
3100,4405,1,8,51,60,1.1666666666666667,0.05402796234942498,613,"The usual tactics weren't working, so the detective had to resort to good cop clown cop."
3083,4405,2,6,52,60,1.1666666666666667,0.059025354442335316,613,"Time to play “good cop, bad cop”."
3077,4405,0,10,50,60,1.1666666666666667,0.04851854247829848,613,Did you make this Jeff Koons' dog and try to sell it on the black market to the Bozo cop?
2974,4405,2,6,52,60,1.1666666666666667,0.059025354442335316,613,Tell the truth or your dog is a goner!
2751,4405,0,10,50,60,1.1666666666666667,0.04851854247829848,613,This can be easy or it can be hard. You either tell me what I want to know or Bozo here will make you sit through 2 hours of him making balloon animals.
2748,4405,2,6,52,60,1.1666666666666667,0.059025354442335316,613,"Our department prefers to not clown around, kid."
2729,4405,0,10,50,60,1.1666666666666667,0.04851854247829848,613,Now we start the ballon-boarding!
2617,4405,4,19,139,162,1.1666666666666667,0.03419632802726443,613,Talk. He can make a sword next...
2550,4405,0,10,50,60,1.1666666666666667,0.04851854247829848,613,Soooo...no more sketch artists ever?
3143,4405,1,8,51,60,1.1666666666666667,0.05402796234942498,613,"If you think I'm tough, wait till you meet Bozo."
2480,4405,1,8,51,60,1.1666666666666667,0.05402796234942498,613,You need any arm twisting?
2439,4405,1,8,51,60,1.1666666666666667,0.05402796234942498,613,"No, I am not Mr. Rogers and you cannot have a kitty cat."
2389,4405,0,10,50,60,1.1666666666666667,0.04851854247829848,613,"A clown, a tramp, a police detective. Tonight's cast of players on the odd stage-known as- the Twilight Zone......."
2227,4405,2,6,52,60,1.1666666666666667,0.059025354442335316,613,"So, who's playing bad cop today?"
2183,4405,2,6,52,60,1.1666666666666667,0.059025354442335316,613,Who's asking the questions around here? Budget cuts are none of your concern.
2106,4405,1,8,51,60,1.1666666666666667,0.05402796234942498,613,"Is this funny to you, punk?"
2041,4405,1,8,51,60,1.1666666666666667,0.05402796234942498,613,"I’m not falling for the good-cop, bad-clown routine."
1914,4405,0,10,50,60,1.1666666666666667,0.04851854247829848,613,How old were you last night?
1897,4405,2,6,52,60,1.1666666666666667,0.059025354442335316,613,Talk... if you want to avoid this becoming a circus
1742,4405,1,8,51,60,1.1666666666666667,0.05402796234942498,613,"If you won't talk to me, I'll have to turn you over to Detective Pennywise!"
2531,4405,0,10,50,60,1.1666666666666667,0.04851854247829848,613,"The good cop / bad clown routine always breaks 'em down, son. You may as well spill."
1700,4405,1,8,51,60,1.1666666666666667,0.05402796234942498,613,"What's so funny, punk?"
1575,4405,2,7,57,66,1.1666666666666667,0.05539993744719456,613,Blinky's makes balloon animals and gets people to talk. And he's all out of balloons...
226,4521,4,16,125,145,1.1655172413793105,0.03663764931151547,613,"Guess this is making you feel afraid, huh pal? Afraid and kinda helpless. I get that. And maybe even a little angry. Am I right?"
5071,4522,4,14,115,133,1.1654135338345866,0.03874961120027727,613,The academy didn't prepare me for this...
2927,4523,4,22,156,182,1.164835164835165,0.03167694119470642,613,We know where you've been smuggling the goods.
6189,4524,1,21,118,140,1.1642857142857144,0.03302295175825108,613,"Ve haff veys of making you talk, schweinehund!"
6161,4525,1,19,108,128,1.1640625,0.03468315483177166,613,"""This is a classroom not a circus!)"
6811,4526,1,8,52,61,1.1639344262295082,0.05320507735360911,613,You'd better help us here or else things might get funnier.
6736,4526,1,8,52,61,1.1639344262295082,0.05320507735360911,613,He knows when you are lying.
6467,4526,1,8,52,61,1.1639344262295082,0.05320507735360911,613,We have ways of making you smile and you're not going to like them.
6110,4526,0,10,51,61,1.1639344262295082,0.04779468766266639,613,"If you don't confess, it will be good cop bad cop."
5935,4526,2,6,53,61,1.1639344262295082,0.05811392555691986,613,"""No, he doesn't know how to juggle, and I think you might have something to do with that!"
5753,4526,2,6,53,61,1.1639344262295082,0.05811392555691986,613,"Excuse my partner, its his first day and he went a little overboard."
5439,4526,2,6,53,61,1.1639344262295082,0.05811392555691986,613,And that's when I stopped eating edibles
5421,4526,0,10,51,61,1.1639344262295082,0.04779468766266639,613,You'll be singing a different tune when I turn you over to Crazbo the Clown.
5395,4526,0,10,51,61,1.1639344262295082,0.04779468766266639,613,"When it comes to getting confessions, my partner doesn't clown around."
5380,4526,2,6,53,61,1.1639344262295082,0.05811392555691986,613,Do you or do you not pledge your loyalty?!
5058,4526,0,10,51,61,1.1639344262295082,0.04779468766266639,613,"You'll either talk to me, the good clown, or him, the bad clown, but you'll talk."
4391,4526,1,8,52,61,1.1639344262295082,0.05320507735360911,613,"Look, you have to work with me here... Twinkles here has no patience for others clowning around."
4119,4526,0,10,51,61,1.1639344262295082,0.04779468766266639,613,"We have plenty more balloons. And colorful make up. And the clown's not going nowhere, no time soon."
4094,4526,2,6,53,61,1.1639344262295082,0.05811392555691986,613,You have the right to remain horrified...
3939,4526,3,4,54,61,1.1639344262295082,0.0626392563099764,613,"The sooner you tell us the truth, the sooner we can all go back to our jobs."
1128,4526,1,8,52,61,1.1639344262295082,0.05320507735360911,613,Soda? Coffee? Seltzer?
3705,4526,1,8,52,61,1.1639344262295082,0.05320507735360911,613,But can a sketch artist do ... this?
3860,4526,0,10,51,61,1.1639344262295082,0.04779468766266639,613,Don't make him bring out the lie detector.
1567,4526,1,8,52,61,1.1639344262295082,0.05320507735360911,613,And in our diversion program you get to work with Officer Kelly our special clown-face and twisted balloon instructor.
1733,4526,1,8,52,61,1.1639344262295082,0.05320507735360911,613,"If you're innocent, then why'd ya run?"
1819,4526,0,10,51,61,1.1639344262295082,0.04779468766266639,613,"You don't want Officer Giggles Dimples to get angry, do you!?"
2199,4526,1,8,52,61,1.1639344262295082,0.05320507735360911,613,"Did you, or did you not, try to steal my partner's balloon doggie?"
2429,4526,1,8,52,61,1.1639344262295082,0.05320507735360911,613,"Terrified - mimes too, why do you ask?"
1891,4526,2,6,53,61,1.1639344262295082,0.05811392555691986,613,"Listen here, bub. That “creepy ass juggalo” has a name. It’s Ronny, and he has feelings too."
2905,4526,3,4,54,61,1.1639344262295082,0.0626392563099764,613,You could soon be looking at long stretch.
3061,4526,2,6,53,61,1.1639344262295082,0.05811392555691986,613,"You're facing 25 to life. So let's get this straight. Funny how, funny like a clown?"
3093,4526,1,8,52,61,1.1639344262295082,0.05320507735360911,613,"Nobody does "" good cop, bad cop anymore""."
3237,4526,2,6,53,61,1.1639344262295082,0.05811392555691986,613,You think I'm the bad cop? Wait 'til you meet my friend Gacy!
3456,4526,0,10,51,61,1.1639344262295082,0.04779468766266639,613,This clown will make balloon animals until you talk!!
3511,4526,3,4,54,61,1.1639344262295082,0.0626392563099764,613,"Yes, this my first day at this precinct! What the hell does that have to do with where you were at 9:00 last night?"
2663,4526,2,6,53,61,1.1639344262295082,0.05811392555691986,613,"Trust me, he’s got as many balloons as you’ve got hot air."
76,4557,2,24,145,171,1.1637426900584795,0.030709534290374745,613,"Start talking, kid, or Detective Robozo is gonna keep making clever balloon figures."
612,4558,3,11,90,104,1.1634615384615385,0.04344778940130919,613,Tell us where you've stashed the others.
3125,4559,3,23,153,179,1.1620111731843576,0.03083875298237478,613,You prefer to talk to a real funny guy?
3552,4560,2,6,54,62,1.1612903225806452,0.05723003388035403,613,"Either talk to me or I'll let the bozos work on you. Your choice, punk."
4330,4561,1,11,69,81,1.1604938271604939,0.04464119686855444,613,"Does this balloon dog look like a liar to you? Our clown detail found him weeping under a bush, said you called him an airdog, said he couldn't smell or mark things."
3504,4562,1,10,64,75,1.16,0.04665379487862243,613,"Let's not have any misunderstandings here, young man. Schmidt here is the bad cop. I am the good cop."
6362,4563,2,18,119,139,1.158273381294964,0.034262403496756605,613,"You’ve got one last chance, so stop clowning around."
4739,4564,2,33,199,234,1.1581196581196582,0.025390668500632325,613,"We are trying something new at the department. We call this “bad cop, clown cop.”"
5272,4565,2,5,50,57,1.1578947368421053,0.06022864581803467,613,Don't take me for a fool.
4628,4565,2,5,50,57,1.1578947368421053,0.06022864581803467,613,"I'm Penn. This is my partner, Teller."
4671,4565,0,9,48,57,1.1578947368421053,0.04872737367223956,613,I know what you think---but I'M not clowning around!
4737,4565,0,9,48,57,1.1578947368421053,0.04872737367223956,613,Can you not see that neither of them is half as smart as our president?
4798,4565,2,5,50,57,1.1578947368421053,0.06022864581803467,613,"So, we can make this easy -- or we can introduce you to my partner here, Mr. Balloon Dog."
4832,4565,0,9,48,57,1.1578947368421053,0.04872737367223956,613,"I'm the bad cop. The good cop couldn't be here, this is his replacement."
4834,4565,1,7,49,57,1.1578947368421053,0.054780684196477185,613,"Yeah I know, YOU want the ‘Good Cop!"
4961,4565,1,7,49,57,1.1578947368421053,0.054780684196477185,613,"Believe me, you don’t want to be left in here with the ‘good cop’."
4975,4565,0,9,48,57,1.1578947368421053,0.04872737367223956,613,I'm not kidding... but he is!
4996,4565,2,5,50,57,1.1578947368421053,0.06022864581803467,613,I'm the good cop. He's the bad clown.
5003,4565,0,9,48,57,1.1578947368421053,0.04872737367223956,613,stop saying the President did it.
5043,4565,2,5,50,57,1.1578947368421053,0.06022864581803467,613,Our sketch artist is out on maternity leave.
5077,4565,0,9,48,57,1.1578947368421053,0.04872737367223956,613,Cooperate... or I leave you alone with the clown.
5397,4565,1,7,49,57,1.1578947368421053,0.054780684196477185,613,"Tell us what we need to know, or he starts doing close up magic."
5079,4565,2,5,50,57,1.1578947368421053,0.06022864581803467,613,"You want to clown around with me? Talk, or you're next!"
5092,4565,1,7,49,57,1.1578947368421053,0.054780684196477185,613,"There's no point in lying, Detective Clown is an expert at solving cases of the giggles."
5102,4565,2,5,50,57,1.1578947368421053,0.06022864581803467,613,"Now before we start, I want you to wipe that smile off your face!"
5140,4565,3,3,51,57,1.1578947368421053,0.06522312621390028,613,"Listen pal, we can get the truth the easy way.....or Detective Giggle's way. But no matter what, we're going to find who stole the cookie from the cookie jar."
5173,4565,1,7,49,57,1.1578947368421053,0.054780684196477185,613,You think I'm tough? Wait till my partner gets a hold of you!
5230,4565,2,5,50,57,1.1578947368421053,0.06022864581803467,613,Don't make him make a flower. He doesn't like making flowers.
4585,4565,2,5,50,57,1.1578947368421053,0.06022864581803467,613,Please don't encourage him.
4569,4565,1,7,49,57,1.1578947368421053,0.054780684196477185,613,Let me put it this way: Your story has more twists than my partner Bozo's balloon.
4055,4565,2,5,50,57,1.1578947368421053,0.06022864581803467,613,"Listen, I'm not here to debate whether it's good art. Just look at the sketch and tell me again, with a straight face, that you didn't steal Koons' ""Balloon Dog."""
4416,4565,0,9,48,57,1.1578947368421053,0.04872737367223956,613,"Listen up you coulrophobic scum bag, I;m the good cop!"
3618,4565,1,7,49,57,1.1578947368421053,0.054780684196477185,613,"Talk, or he keeps going until he runs out of balloons."
3629,4565,1,7,49,57,1.1578947368421053,0.054780684196477185,613,"So, you think I’M clowning around, kid?...just wait till you meet my partner!"
3704,4565,0,9,48,57,1.1578947368421053,0.04872737367223956,613,"Talk to me, or I make you talk to the goofy cop!"
3737,4565,3,3,51,57,1.1578947368421053,0.06522312621390028,613,"Now, I've brought in our best balloon artist, so tell me, is this your snake?"
3887,4565,0,9,48,57,1.1578947368421053,0.04872737367223956,613,Still think this is a laughing matter? Then deal with my partner.
3928,4565,0,9,48,57,1.1578947368421053,0.04872737367223956,613,"I said poker face, not joker face."
3976,4565,1,7,49,57,1.1578947368421053,0.054780684196477185,613,"We're trying out a new type of ""Good Cop, Bad Cop"""
3998,4565,0,9,48,57,1.1578947368421053,0.04872737367223956,613,My co-worker told me to go for It...... this was my best impression.
3999,4565,0,9,48,57,1.1578947368421053,0.04872737367223956,613,Confess...or we will make this very funny for you!
4012,4565,1,7,49,57,1.1578947368421053,0.054780684196477185,613,"Yeah...but now we call it ""Community Policing Cop, Bad Cop""."
4019,4565,1,7,49,57,1.1578947368421053,0.054780684196477185,613,You leave me no alternative but to threaten you with torture.
4021,4565,0,9,48,57,1.1578947368421053,0.04872737367223956,613,"Now You're going to talk to my friend here. Officer Jingles, no funny business, okay?"
5425,4565,1,7,49,57,1.1578947368421053,0.054780684196477185,613,What are you looking at?? I'm just part time.
4072,4565,0,9,48,57,1.1578947368421053,0.04872737367223956,613,Just don't try any funny business.
4096,4565,2,5,50,57,1.1578947368421053,0.06022864581803467,613,"Ya, so I’m the mean guy. You guessed it, huh?"
4174,4565,1,7,49,57,1.1578947368421053,0.054780684196477185,613,"No, I'm the 'good cop'. We're the Pun Police."
4208,4565,1,7,49,57,1.1578947368421053,0.054780684196477185,613,You must've gone to school with my lawyer!
4212,4565,0,9,48,57,1.1578947368421053,0.04872737367223956,613,You think we're just clowning around...?
4244,4565,0,9,48,57,1.1578947368421053,0.04872737367223956,613,"""That's right...this is BAD COP AND CREEPY COP"" !"
4253,4565,0,9,48,57,1.1578947368421053,0.04872737367223956,613,"I get the reference officer, but honestly I don't care what shape he makes it into as long as he blows it up first."
4342,4565,1,7,49,57,1.1578947368421053,0.054780684196477185,613,Why bring Jeff goons into this?
4483,4565,2,5,50,57,1.1578947368421053,0.06022864581803467,613,"We have highly trained units, for pranksters like you."
5493,4565,2,5,50,57,1.1578947368421053,0.06022864581803467,613,"Right, talk to me, or it’s the creepy clown your friends posted in the woods behind your house."
5771,4565,0,9,48,57,1.1578947368421053,0.04872737367223956,613,I'll give you one more chance to talk or he'll do mime impressions next!
5516,4565,1,7,49,57,1.1578947368421053,0.054780684196477185,613,"Let me tell you, he takes the theatricality of playing ""good cop"" far more seriously than you'd think."
6431,4565,2,5,50,57,1.1578947368421053,0.06022864581803467,613,"talk to me, kid, before the bad cop muscles in."
6479,4565,0,9,48,57,1.1578947368421053,0.04872737367223956,613,...And it was recording your rigged ring toss game the whole time...
6493,4565,1,7,49,57,1.1578947368421053,0.054780684196477185,613,"Everyone here at the station happens to think Officer O'Hara's Joe Pesci impression is VERY GOOD, Mr. Critical."
6604,4565,1,7,49,57,1.1578947368421053,0.054780684196477185,613,"To you it's a simple dog balloon, but to me it's evidence."
6614,4565,0,9,48,57,1.1578947368421053,0.04872737367223956,613,You must be joking.
6658,4565,1,7,49,57,1.1578947368421053,0.054780684196477185,613,"The routine in this precinct is good cop, clown cop."
6670,4565,1,7,49,57,1.1578947368421053,0.054780684196477185,613,Thats him! Thats the clown that stole my dog!
6746,4565,2,5,50,57,1.1578947368421053,0.06022864581803467,613,You rearended the wrong cop car.
6768,4565,1,7,49,57,1.1578947368421053,0.054780684196477185,613,"So, what'll it be? Confess or one more round of Good Cop/Clown Cop?"
6420,4565,1,7,49,57,1.1578947368421053,0.054780684196477185,613,Thought I was the bad cop? Well my partner here is a real Joker.
6787,4565,1,7,49,57,1.1578947368421053,0.054780684196477185,613,"We're getting nowhere with the good cop / bad cop routine. Now it's time to introduce ""clown cop""! He'll get to the truth. even if it requires seltzer-boarding!"
6936,4565,0,9,48,57,1.1578947368421053,0.04872737367223956,613,We work in pairs. I'm the straight man.
6968,4565,3,3,51,57,1.1578947368421053,0.06522312621390028,613,"Surprisingly, he’s about as accurate as the other sketch artists we’ve had here."
6973,4565,1,7,49,57,1.1578947368421053,0.054780684196477185,613,Do you think we're joking around!?
7086,4565,0,9,48,57,1.1578947368421053,0.04872737367223956,613,There ain't no nice cop but we have got the next best thing.
7103,4565,2,5,50,57,1.1578947368421053,0.06022864581803467,613,"Who's the bozo now, kid?"
7202,4565,0,9,48,57,1.1578947368421053,0.04872737367223956,613,"Maybe this will make you break, or at least break up laughing."
7255,4565,2,5,50,57,1.1578947368421053,0.06022864581803467,613,Officer Coons will be heading up the balloon animal investigation.
7278,4565,1,7,49,57,1.1578947368421053,0.054780684196477185,613,It would help if he would hop on a unicycle.
3608,4565,0,9,48,57,1.1578947368421053,0.04872737367223956,613,"Not serious. Not SERIOUS! What the hell gives you that idea, Williams?"
6832,4565,1,7,49,57,1.1578947368421053,0.054780684196477185,613,We made you with the clown. Now tell us about the dog.
6397,4565,2,5,50,57,1.1578947368421053,0.06022864581803467,613,"'Don't let the 'balloon animal' fool you, Arron.'"
6319,4565,1,7,49,57,1.1578947368421053,0.054780684196477185,613,"Don't worry --- this is the last audition for ""Law and Order: Circus Clown."""
6302,4565,1,7,49,57,1.1578947368421053,0.054780684196477185,613,You'll really think it's funny when Officer Chuckles makes an angry Doberman with no leash.
5521,4565,2,5,50,57,1.1578947368421053,0.06022864581803467,613,Who farted?
5579,4565,0,9,48,57,1.1578947368421053,0.04872737367223956,613,"You think your partners care about you? Hell, they've already juggled."
5599,4565,1,7,49,57,1.1578947368421053,0.054780684196477185,613,Your twisted alibi just doesn't come together.
5618,4565,1,7,49,57,1.1578947368421053,0.054780684196477185,613,You didn’t get my coffee?
5631,4565,1,7,49,57,1.1578947368421053,0.054780684196477185,613,Your dad will get here any minute. I want him to know what you did in class yesterday!
5647,4565,3,3,51,57,1.1578947368421053,0.06522312621390028,613,"Pro Bono lawyer, eh? Meet our Pro Bozo cop!"
5667,4565,0,9,48,57,1.1578947368421053,0.04872737367223956,613,"Brendan, did you see the clown with a dog?"
5705,4565,0,9,48,57,1.1578947368421053,0.04872737367223956,613,"OK smart guy. When I say ‘time to stop clowning around,’ I mean ‘time for YOU to stop clowning around.’"
5810,4565,1,7,49,57,1.1578947368421053,0.054780684196477185,613,"Despite budget cuts, the Police Department still managed to add to the K9 task force."
5952,4565,1,7,49,57,1.1578947368421053,0.054780684196477185,613,"What is this? Bad cop, clown cop?"
5993,4565,1,7,49,57,1.1578947368421053,0.054780684196477185,613,Now I’m only gonna ask you one more time. What happened to the sword?
6040,4565,1,7,49,57,1.1578947368421053,0.054780684196477185,613,"Own up pal, or you get the squirting flower."
6075,4565,1,7,49,57,1.1578947368421053,0.054780684196477185,613,"For the last time, Jimmy, did the clown make a Labradoodle like this one or not?"
6098,4565,1,7,49,57,1.1578947368421053,0.054780684196477185,613,"Look, son, I’m the good guy; so work with me."
6132,4565,1,7,49,57,1.1578947368421053,0.054780684196477185,613,We're trying to make this easy on ya...and fun
6156,4565,0,9,48,57,1.1578947368421053,0.04872737367223956,613,"Unless you come clean with me, you'll have to deal with my not-so-friendly partner here."
6194,4565,0,9,48,57,1.1578947368421053,0.04872737367223956,613,Enough stonewalling. Quick! Poodle or giraffe?
6205,4565,0,9,48,57,1.1578947368421053,0.04872737367223956,613,"OK, so opera didn't work, eh?"
6224,4565,1,7,49,57,1.1578947368421053,0.054780684196477185,613,"Okay, fella, you've had all night to come clean. Time to send in the clown."
6255,4565,1,7,49,57,1.1578947368421053,0.054780684196477185,613,Either come clean or it's juvenile regression time.
6266,4565,1,7,49,57,1.1578947368421053,0.054780684196477185,613,"Funny or not funny? And no, your lawyer can’t advise you."
5504,4565,2,11,82,95,1.1578947368421053,0.04315598280527234,613,"Tell me now, my partner is very scary"
3602,4565,0,9,48,57,1.1578947368421053,0.04872737367223956,613,"This Doom Cop, Balloon Cop thing won't work on me."
3479,4565,1,7,49,57,1.1578947368421053,0.054780684196477185,613,"Listen, no more clowning around, this interrogation is serious."
572,4565,0,9,48,57,1.1578947368421053,0.04872737367223956,613,Fun and games are over.
655,4565,0,9,48,57,1.1578947368421053,0.04872737367223956,613,"Trust me, you're probably better off choosing 'bad cop'."
703,4565,0,9,48,57,1.1578947368421053,0.04872737367223956,613,"If you think we were clowning around before, just wait until you see ..."
758,4565,0,9,48,57,1.1578947368421053,0.04872737367223956,613,"Fuggedaboutit, Officer Koons here, will twist your description into a 3D perp bulletin."
777,4565,1,7,49,57,1.1578947368421053,0.054780684196477185,613,What he can do with that stuffed dog makes waterboarding a board game.
783,4565,2,5,50,57,1.1578947368421053,0.06022864581803467,613,"You'll sit there until ""Send in the Clowns"" replays often enough in your brain to make you sing."
981,4565,1,7,49,57,1.1578947368421053,0.054780684196477185,613,How many people did you see exiting the car?
1039,4565,2,5,50,57,1.1578947368421053,0.06022864581803467,613,New protocol from those clowns in Washington.
1069,4565,1,7,49,57,1.1578947368421053,0.054780684196477185,613,"If you won't work with me, you're gonna have to deal with clown cop! It's your choice, knucklehead."
1094,4565,4,1,52,57,1.1578947368421053,0.06986145295622233,613,This rescue balloon pet was exposed to toxic levels of kimchi.
598,4565,1,7,49,57,1.1578947368421053,0.054780684196477185,613,"Trust me, you don't want him driving you downtown in the squad car."
1174,4565,1,7,49,57,1.1578947368421053,0.054780684196477185,613,"Actually, I'm the good cop, and he's the bad cop."
1212,4565,1,7,49,57,1.1578947368421053,0.054780684196477185,613,The only way you're getting out here is if you apologize for calling Officer Gigglepants a clown.
1219,4565,2,5,50,57,1.1578947368421053,0.06022864581803467,613,"No, I'm the good cop - don't make me leave you alone with him..."
1254,4565,0,9,48,57,1.1578947368421053,0.04872737367223956,613,"So, you gonna talk here or do you want Officer Wise to take you to his office?"
1348,4565,1,7,49,57,1.1578947368421053,0.054780684196477185,613,"Well kid, you had better come clean because you won't make a Bozzo out of me!"
1362,4565,1,7,49,57,1.1578947368421053,0.054780684196477185,613,"He's new to ""good cop bad cop""."
1415,4565,0,9,48,57,1.1578947368421053,0.04872737367223956,613,We're clowns with guns. Nice hoody.
1429,4565,1,7,49,57,1.1578947368421053,0.054780684196477185,613,This isn't our first rodeo
1433,4565,2,5,50,57,1.1578947368421053,0.06022864581803467,613,"Look, kid, tell us what we want to know, or my partner will tag you on Facebook!"
1451,4565,2,5,50,57,1.1578947368421053,0.06022864581803467,613,"In this situation, “good cop, bad cop” is a matter of perspective, son."
1185,4565,1,7,49,57,1.1578947368421053,0.054780684196477185,613,What makes you think this crime is a laughing matter?
1530,4565,0,9,48,57,1.1578947368421053,0.04872737367223956,613,"No, I'm actually the good cop. He always dresses like that."
544,4565,0,9,48,57,1.1578947368421053,0.04872737367223956,613,He’s sulking. His car doors won’t fall off.
516,4565,1,7,49,57,1.1578947368421053,0.054780684196477185,613,Better tell everything you know if you don't want to see the dogie hurt.
34,4565,2,5,50,57,1.1578947368421053,0.06022864581803467,613,Well I'm no Sherlock Holmes but I'm certain ONE of these victims wasn't a Politician
39,4565,1,7,49,57,1.1578947368421053,0.054780684196477185,613,We don't think good cop/bad cop works anymore.
44,4565,1,7,49,57,1.1578947368421053,0.054780684196477185,613,Now we're gonna show YOU some funny business!
50,4565,2,5,50,57,1.1578947368421053,0.06022864581803467,613,How would you like to talk to someone from your end of the spectrum?
58,4565,0,9,48,57,1.1578947368421053,0.04872737367223956,613,I'm done playin' good cop/clown cop! Answer the question or Detective Chuckles will twist you up like a poodle!
106,4565,1,7,49,57,1.1578947368421053,0.054780684196477185,613,"I'm the ""good cop""."
189,4565,1,7,49,57,1.1578947368421053,0.054780684196477185,613,"If you find me intimidating, wait until you meet my partner. The puppy is child's play - you don't want to make him build you a balloon tricycle."
191,4565,2,5,50,57,1.1578947368421053,0.06022864581803467,613,"Be warned, it's good cop - clown cop time until you confess."
199,4565,0,9,48,57,1.1578947368421053,0.04872737367223956,613,"You think you're funny, huh."
538,4565,2,5,50,57,1.1578947368421053,0.06022864581803467,613,He ditched the fruit because he finished your Carmen Miranda warning.
200,4565,0,9,48,57,1.1578947368421053,0.04872737367223956,613,Good cop; Glad cop
219,4565,2,5,50,57,1.1578947368421053,0.06022864581803467,613,"We are trying out our new ""Good Cop, Bad Cop"" routine."
255,4565,0,9,48,57,1.1578947368421053,0.04872737367223956,613,That's all that's left of the last guy who didn't cooperate
259,4565,0,9,48,57,1.1578947368421053,0.04872737367223956,613,"Allright, let's go over your story one more time, and this time we want some serious answers."
269,4565,0,9,48,57,1.1578947368421053,0.04872737367223956,613,This is Detective It from our K9 unit.
398,4565,0,9,48,57,1.1578947368421053,0.04872737367223956,613,Don't make me laugh!
419,4565,1,7,49,57,1.1578947368421053,0.054780684196477185,613,How dare you tell my husband his balloon “doesn’t look anything like a dog”
429,4565,0,9,48,57,1.1578947368421053,0.04872737367223956,613,"Bad news, bucko. I'm the GOOD cop."
480,4565,1,7,49,57,1.1578947368421053,0.054780684196477185,613,"Correct. I am the good cop, and he is the very bad clown."
498,4565,1,7,49,57,1.1578947368421053,0.054780684196477185,613,You don't want to even MEET our bad cop.
213,4565,1,7,49,57,1.1578947368421053,0.054780684196477185,613,Your call; you can either deal with the good cop or the bad clown.
1550,4565,0,9,48,57,1.1578947368421053,0.04872737367223956,613,"You had better tell the truth and I’m not clowning around, yet."
1115,4565,1,7,49,57,1.1578947368421053,0.054780684196477185,613,"Confess, or I turn my partner loose on you?"
1570,4565,0,9,48,57,1.1578947368421053,0.04872737367223956,613,We can’t have two class clowns!
2819,4565,1,7,49,57,1.1578947368421053,0.054780684196477185,613,Officer Clarabelle knows exactly how to deal with people who won't talk like you.
2826,4565,0,9,48,57,1.1578947368421053,0.04872737367223956,613,You don't want to see his giraffe.
2834,4565,1,7,49,57,1.1578947368421053,0.054780684196477185,613,Don't think this is gonna be the usual good cop bad cop thing.
2903,4565,1,7,49,57,1.1578947368421053,0.054780684196477185,613,Give it up or you’ll never see another birthday
2910,4565,0,9,48,57,1.1578947368421053,0.04872737367223956,613,"Didn't expect the good cop/clown cop routine, did ya?"
2970,4565,3,3,51,57,1.1578947368421053,0.06522312621390028,613,"You're not cooperating, Steve...So the cameras are off, and it's time for your enema..."
2989,4565,0,9,48,57,1.1578947368421053,0.04872737367223956,613,Talk or he makes a funny hat.
2992,4565,2,5,50,57,1.1578947368421053,0.06022864581803467,613,"That's right, smart guy. Bad cop. Bad clown"
3081,4565,1,7,49,57,1.1578947368421053,0.054780684196477185,613,I asked for my lawyer.
3082,4565,1,7,49,57,1.1578947368421053,0.054780684196477185,613,"Wipe that smile off your face, scumbag."
1569,4565,1,7,49,57,1.1578947368421053,0.054780684196477185,613,Talk or my partner here fills you with wonderment.
3114,4565,0,9,48,57,1.1578947368421053,0.04872737367223956,613,"You see, Larry, we already know how much you love balloon animals."
3128,4565,1,7,49,57,1.1578947368421053,0.054780684196477185,613,"Listen pal, my deputy hasn't seen balloon animals this good in 15 years. Unless you can tell us where you found this thing, you have some explaining to do."
3133,4565,2,5,50,57,1.1578947368421053,0.06022864581803467,613,Would you like to explain tbis?
3182,4565,0,9,48,57,1.1578947368421053,0.04872737367223956,613,Let me introduce you to the other half of the good cop and bad cop duo.
3207,4565,0,9,48,57,1.1578947368421053,0.04872737367223956,613,"See, I'm in a good mood. I wanna help you. Officer Bobo, now he's in a real bad mood."
3211,4565,2,5,50,57,1.1578947368421053,0.06022864581803467,613,It’s something our Community Outreach Dept is trying out
3258,4565,0,9,48,57,1.1578947368421053,0.04872737367223956,613,Jenkins here used to be the bad cop until he went for his Master's in Performance Arts.
3281,4565,1,7,49,57,1.1578947368421053,0.054780684196477185,613,"Yeah, it's the new good cop/bad cop thing. Question is, which is he?"
3301,4565,1,7,49,57,1.1578947368421053,0.054780684196477185,613,"Can you describe what your assailant and his pony looked like? This is Sergeant Chuckles, our police balloon artist."
3464,4565,0,9,48,57,1.1578947368421053,0.04872737367223956,613,Either you start talking or the clown starts his mime routine.
2769,4565,0,9,48,57,1.1578947368421053,0.04872737367223956,613,"At most police stations, they would call you 'a person of interest,' but here in DC you have to be a true zany to be held over."
2756,4565,1,7,49,57,1.1578947368421053,0.054780684196477185,613,Don't make me bring in the good cop.
3096,4565,1,7,49,57,1.1578947368421053,0.054780684196477185,613,"Kid, you have two choices. Either answer my questions, or Sparkles the Clown will inflate and twist a very nasty surprise."
2740,4565,1,7,49,57,1.1578947368421053,0.054780684196477185,613,At least my partner can successfully stage a 12 man getaway.
1633,4565,1,7,49,57,1.1578947368421053,0.054780684196477185,613,He didn't think working two jobs would be a problem.
1649,4565,1,7,49,57,1.1578947368421053,0.054780684196477185,613,Boss! Here's the witness. Detective stop clowning around.
1808,4565,0,9,48,57,1.1578947368421053,0.04872737367223956,613,"OK, caulrophobe. Choose me or it."
1815,4565,1,7,49,57,1.1578947368421053,0.054780684196477185,613,"You better talk, because we are sick of working for peanuts."
1830,4565,1,7,49,57,1.1578947368421053,0.054780684196477185,613,"If you don't confess, the poodle is history."
2064,4565,1,7,49,57,1.1578947368421053,0.054780684196477185,613,I'm the good cop. You don't want to deal with Detective Clowny.
2103,4565,1,7,49,57,1.1578947368421053,0.054780684196477185,613,"If you're feeling too stressed, we now have an emotional support clown on staff."
2139,4565,1,7,49,57,1.1578947368421053,0.054780684196477185,613,Cruel “This constitutes cruel and unusual punishment!
2197,4565,2,5,50,57,1.1578947368421053,0.06022864581803467,613,"Now you wouldn't want Chuckles to turn this nice balloon dog into, shall we say a cat."
2277,4565,0,9,48,57,1.1578947368421053,0.04872737367223956,613,I'm the bad cop! He's the funny cop.
3518,4565,1,7,49,57,1.1578947368421053,0.054780684196477185,613,"You wanna play it that way? Okay, you can talk to the bad cop."
2674,4565,0,9,48,57,1.1578947368421053,0.04872737367223956,613,"You think you're funny, wise guy? ... we'll show you funny."
2391,4565,1,7,49,57,1.1578947368421053,0.054780684196477185,613,"We can do this the easy way, or we can do this the hard way..."
2425,4565,0,9,48,57,1.1578947368421053,0.04872737367223956,613,"Try to be thorough in your description, because we are not just looking for any old clown here!"
2430,4565,1,7,49,57,1.1578947368421053,0.054780684196477185,613,He's the bad cop.
2533,4565,0,9,48,57,1.1578947368421053,0.04872737367223956,613,I guess he is the good cop
2535,4565,1,7,49,57,1.1578947368421053,0.054780684196477185,613,This is your last chance to confess before I turn you over to the 'Good Cop'.
2592,4565,0,9,48,57,1.1578947368421053,0.04872737367223956,613,"We tried it the easy way; Detective Wiggled, he's all yours."
2640,4565,1,7,49,57,1.1578947368421053,0.054780684196477185,613,"Tell us what you know unless you want to see what else our new interrogator, inspector clown, can do with balloon animals."
2328,4565,1,7,49,57,1.1578947368421053,0.054780684196477185,613,"I tried working with you son, but now you’ll have to deal the ‘Bad Clown’ instead of the ‘Good Cop’!"
2735,4565,1,7,49,57,1.1578947368421053,0.054780684196477185,613,He’ll scare away any school shooters and he works for peanuts.
3208,4757,6,43,300,349,1.157593123209169,0.021915556648679592,613,You better come clean now or I'll turn you over to Detective Emit!
1316,4758,4,35,234,273,1.1575091575091576,0.024404981720375172,613,"So you've got coulrophobia, I guess that make me ""Good Cop."""
2770,4759,5,44,295,344,1.1569767441860466,0.02169257866490534,613,You called a detective a Sikh clown. Does this look like a Sikh clown to you?
834,4760,2,22,142,166,1.1566265060240963,0.03076706515158886,613,"The 'good cop,' 'bad cop' thing wasn't working."
4499,4760,1,11,71,83,1.1566265060240963,0.04364365530634865,613,"I know my rights, give me my one fun call!"
4542,4762,6,32,243,281,1.1565836298932384,0.02498355338140441,613,"Yes, his trousers are made ot of cheap police-jester, so what?"
2274,4763,0,10,54,64,1.15625,0.045745315919462494,613,I'm not clowning around here. You're in serious trouble.
6219,4764,2,18,121,141,1.1560283687943262,0.03381169612215245,613,Talk or you'll be pleading for good cop bad cop.
5074,4765,1,27,158,186,1.1559139784946237,0.027739862816224307,613,"We didn't arm our teachers, but one more outburst from you, and believe me, you WILL get squirted in the face by Mr. Johnson's boutineer!"
5104,4766,2,5,51,58,1.1551724137931034,0.05924369135592007,613,See what he's holding? That's what's left of the last guy who didn't play ball.
5737,4766,1,7,50,58,1.1551724137931034,0.05389670015798332,613,"This is no laughing matter, young man!"
5736,4766,1,7,50,58,1.1551724137931034,0.05389670015798332,613,"What kind of fool do you take me for, son?"
5716,4766,2,5,51,58,1.1551724137931034,0.05924369135592007,613,“You’ ve heard of ... ‘good cop’... ‘bad cop’? I’m the good cop.
5597,4766,0,9,49,58,1.1551724137931034,0.04795720603166536,613,We're all bad cops here. Now talk!
5591,4766,0,9,49,58,1.1551724137931034,0.04795720603166536,613,His defense is air tight.
5530,4766,1,7,50,58,1.1551724137931034,0.05389670015798332,613,Pollard The Clown Will Teach You A Dog Trick Then You Can Woof Up The Names.
5495,4766,2,5,51,58,1.1551724137931034,0.05924369135592007,613,"Our Annual Family Day Picnic starts in an hour. If you can make balloon animals like this for the kids, we'll drop all the charges against you. fifteen minutes."
5480,4766,1,7,50,58,1.1551724137931034,0.05389670015798332,613,"You assumed right, I’m the bad cop."
5462,4766,0,9,49,58,1.1551724137931034,0.04795720603166536,613,Choose your words wisely clown.
5402,4766,1,7,50,58,1.1551724137931034,0.05389670015798332,613,"Wont talk to me, huh kid? Guess I'll have to get Slappy."
5335,4766,1,7,50,58,1.1551724137931034,0.05389670015798332,613,Only the clown can blow in public!
5259,4766,1,7,50,58,1.1551724137931034,0.05389670015798332,613,This dog is just the beginning of torture unless you spill the beans.
5255,4766,1,7,50,58,1.1551724137931034,0.05389670015798332,613,"We think you balloon animal is counterfeit, so we brought in an expert."
5253,4766,0,9,49,58,1.1551724137931034,0.04795720603166536,613,You're telling me THIS is what stole the show?
5110,4766,0,9,49,58,1.1551724137931034,0.04795720603166536,613,"So good cop/bad cop doesn't scare you huh? How about clown cop/mime cop, tough guy?"
4644,4766,1,7,50,58,1.1551724137931034,0.05389670015798332,613,I'd stop clowning around if I were you.
5738,4766,3,3,52,58,1.1551724137931034,0.06414651699844254,613,...for failure to renew your balloon artist license.
5790,4766,1,7,50,58,1.1551724137931034,0.05389670015798332,613,"If you thought being a crook was bad, check out what police work is like..."
5911,4766,1,7,50,58,1.1551724137931034,0.05389670015798332,613,Confess now or face the creepy clown cop and his vicious police dog
4620,4766,0,9,49,58,1.1551724137931034,0.04795720603166536,613,Maybe this will jog your memory.
7176,4766,1,7,50,58,1.1551724137931034,0.05389670015798332,613,"You'd better talk, son. Jones here has an unlimited supply of balloons."
7164,4766,1,7,50,58,1.1551724137931034,0.05389670015798332,613,"There are so many of you criminals, we started using Johnson's car to transport you all at once."
7122,4766,1,7,50,58,1.1551724137931034,0.05389670015798332,613,"OK, have it your way. Since you won't talk me, I'm turning you over to this Bozo."
7041,4766,0,9,49,58,1.1551724137931034,0.04795720603166536,613,"This can go easy, or it can go hard."
6773,4766,1,7,50,58,1.1551724137931034,0.05389670015798332,613,And now my good friend Sergeant Pennywise will use a leftover party favor courtesy of your tax dollars and the Oaks Elementary Second Grade Room 1 Room-moms to demonstrate what happens to jailbirds who clown around in the yard.
6723,4766,1,7,50,58,1.1551724137931034,0.05389670015798332,613,"you got caught in the ""John 3:16 sting"" sting"
6706,4766,2,5,51,58,1.1551724137931034,0.05924369135592007,613,"Glad you're here Det. Sparkles, this perp is a tough nut to crack... you're gonna need the bigger balloons"
5854,4766,2,5,51,58,1.1551724137931034,0.05924369135592007,613,Ignore him. He doesn’t work here.
6689,4766,0,9,49,58,1.1551724137931034,0.04795720603166536,613,Detective Jingles was new to the K-9 unit.
6429,4766,1,7,50,58,1.1551724137931034,0.05389670015798332,613,"Waddya mean, Good Cop-Bad Cop?"
6417,4766,0,9,49,58,1.1551724137931034,0.04795720603166536,613,"Sorry, our sketch artist is out today. Is this guy who picked your pocket at the Macy's parade?"
6351,4766,1,7,50,58,1.1551724137931034,0.05389670015798332,613,"We're getting tired of playing ""good cop, bad cop."""
6280,4766,0,9,49,58,1.1551724137931034,0.04795720603166536,613,"Wait, which of you is the good cop?"
6080,4766,2,5,51,58,1.1551724137931034,0.05924369135592007,613,"Have you heard the sound of balloon animals being made? Well, trust me, you better talk or you will."
6034,4766,1,7,50,58,1.1551724137931034,0.05389670015798332,613,He can keep this up as long as he needs to.
6024,4766,2,5,51,58,1.1551724137931034,0.05924369135592007,613,We’re officially done with this dog and pony show.
6003,4766,0,9,49,58,1.1551724137931034,0.04795720603166536,613,"That's right kid...the 'old good cop, bad cop' routine."
6488,4766,2,5,51,58,1.1551724137931034,0.05924369135592007,613,"Remember that clown you mugged in front of the Party Store last night? Well that clown was, undercover Officer Ringley."
4490,4766,1,7,50,58,1.1551724137931034,0.05389670015798332,613,"We know you have a very short attention span, but we need you to focus on us long enough to answer our question!"
249,4766,2,5,51,58,1.1551724137931034,0.05924369135592007,613,Guantanamo is nothing compared to this.
4301,4766,1,7,50,58,1.1551724137931034,0.05389670015798332,613,What was Bozo's horsey doing in your hoodie?
1501,4766,1,7,50,58,1.1551724137931034,0.05389670015798332,613,Our sketch artist is working a birthday party.
1289,4766,1,7,50,58,1.1551724137931034,0.05389670015798332,613,You talk and we’ll make ‘It’ go away.
1217,4766,1,7,50,58,1.1551724137931034,0.05389670015798332,613,"Once more, mister! So...after you hung up the phone you ran out of the house. But you left the kids there?"
1172,4766,1,7,50,58,1.1551724137931034,0.05389670015798332,613,"Better believe me when I say, ""I'm the good cop."""
1170,4766,1,7,50,58,1.1551724137931034,0.05389670015798332,613,"Don't make me leave you alone with my partner and his really long, multi-colored handkerchiefs he only just started practicing with."
1162,4766,0,9,49,58,1.1551724137931034,0.04795720603166536,613,"Look, if there is any clowning around to do here, we'll take care of it. Now where's the party?"
1105,4766,1,7,50,58,1.1551724137931034,0.05389670015798332,613,"This is Bubbles, he’s the good clown. Tell us what you know, and I won’t have to bring out the bad clown."
909,4766,2,5,51,58,1.1551724137931034,0.05924369135592007,613,We’re going to break you like a piñata
829,4766,0,9,49,58,1.1551724137931034,0.04795720603166536,613,It would be a real shame if my partner here made you laugh so hard it hurt.
820,4766,0,9,49,58,1.1551724137931034,0.04795720603166536,613,"Okay, so we're sort of clowning around with you..."
716,4766,1,7,50,58,1.1551724137931034,0.05389670015798332,613,I'm good cop; he's bad clown cop.
4423,4766,0,9,49,58,1.1551724137931034,0.04795720603166536,613,"If you don't give us what we want to know, I'll be forced to turn you over to Bingo."
593,4766,0,9,49,58,1.1551724137931034,0.04795720603166536,613,Clown cop - bad cop in action...... “You better confess or I will have the dog attack you.”
331,4766,2,5,51,58,1.1551724137931034,0.05924369135592007,613,You can talk to the clown. Or we can bring in the stripper. It's your party.
303,4766,2,5,51,58,1.1551724137931034,0.05924369135592007,613,"You can say goodbye to easy street, kid -- welcome to Clowntown!"
81,4766,0,9,49,58,1.1551724137931034,0.04795720603166536,613,You can talk to me or you can make animal balloons at my kid's birthday party - your choice!
56,4766,0,9,49,58,1.1551724137931034,0.04795720603166536,613,"Confess, you twisted dog!"
1893,4766,1,7,50,58,1.1551724137931034,0.05389670015798332,613,"It's called Silly Cop/Stern Cop, but enough about us."
2084,4766,0,9,49,58,1.1551724137931034,0.04795720603166536,613,I'm the bad cop...he's the clown cop.
679,4766,1,7,50,58,1.1551724137931034,0.05389670015798332,613,We always gets the last laugh.
2303,4766,2,5,51,58,1.1551724137931034,0.05924369135592007,613,"No, he's the bad cop, son."
2193,4766,2,5,51,58,1.1551724137931034,0.05924369135592007,613,"We're not allowed to do Good-Cop, Bad-Cop anymore, so now its Funny-Cop, Serious-Cop."
4260,4766,0,9,49,58,1.1551724137931034,0.04795720603166536,613,"No, I'm the good cop. Marcel over there? He's the bad cop."
4034,4766,1,7,50,58,1.1551724137931034,0.05389670015798332,613,"I'm leaving you alone with Officer Chucklez but beware, he can blow up any case"
3979,4766,0,9,49,58,1.1551724137931034,0.04795720603166536,613,If you think that's scary? Wait until he makes an inflatable hat!
3540,4766,0,9,49,58,1.1551724137931034,0.04795720603166536,613,"which one of you are the police, am I going t jail or not?"
3447,4766,2,5,51,58,1.1551724137931034,0.05924369135592007,613,Whaddya mean by “Is he the Good Clown or the Bad Clown?”?
3193,4766,0,9,49,58,1.1551724137931034,0.04795720603166536,613,One of you is getting the needle so you better start talking.
3003,4766,0,9,49,58,1.1551724137931034,0.04795720603166536,613,I don't think you're taking these Miranda rights seriously.
3308,4766,2,5,51,58,1.1551724137931034,0.05924369135592007,613,You want to see what a real American looks like?
2785,4766,1,7,50,58,1.1551724137931034,0.05389670015798332,613,He's trying to impress Stormy Daniels.
2755,4766,3,3,52,58,1.1551724137931034,0.06414651699844254,613,"Yes, there are more balloons like that in jail. Only they will be bigger and hurt more. So tell us who stole Bozo's clown suit."
2712,4766,0,9,49,58,1.1551724137931034,0.04795720603166536,613,Just think what he could do to you.
2709,4766,1,7,50,58,1.1551724137931034,0.05389670015798332,613,"""Just tell us where the balloon pony is""."
2669,4766,2,5,51,58,1.1551724137931034,0.05924369135592007,613,He's the bad clown. All the clowns are bad clowns.
2607,4766,0,9,49,58,1.1551724137931034,0.04795720603166536,613,"We can do this the hard way, or the noisy way."
2565,4766,2,5,51,58,1.1551724137931034,0.05924369135592007,613,"If you try to twist or stretch things, my partner's not gonna be impressed."
2506,4766,2,5,51,58,1.1551724137931034,0.05924369135592007,613,Now for the Fun Part!
2848,4766,2,5,51,58,1.1551724137931034,0.05924369135592007,613,Is this what you want to be when you grow up?
3010,4847,2,9,74,85,1.1529411764705881,0.04585289580871799,613,We call it good cop - scary clown cop!
6485,4847,2,9,74,85,1.1529411764705881,0.04585289580871799,613,"You're playing a dangerous game here, Top Dawg! This toy poodle tells me you're still in the business!"
5191,4849,1,7,51,59,1.152542372881356,0.05304056717493127,613,"He's a bad cop who also does birthday parties, do you have kids?"
5431,4849,0,9,50,59,1.152542372881356,0.04721067919755555,613,Officer Pennywise cleaned up his act - you can too.
5233,4849,1,7,51,59,1.152542372881356,0.05304056717493127,613,"Won't talk, huh. Well, after 15 minutes with Bozo I'm predicting you'll be singing like a canary."
5196,4849,0,9,50,59,1.152542372881356,0.04721067919755555,613,How did you figure out I'm the 'bad cop'?
5045,4849,0,9,50,59,1.152542372881356,0.04721067919755555,613,So tell me what happened. You don't want to piss him off.
3708,4849,1,7,51,59,1.152542372881356,0.05304056717493127,613,"HR encourages employees to think and strategize ""outside the box"""
4782,4849,2,5,52,59,1.152542372881356,0.058290267645485117,613,It's time to stop clowning around and give us some straight answers. If you don't start cooperating we're going to send in the clowns.
4319,4849,0,9,50,59,1.152542372881356,0.04721067919755555,613,"If you don’t play ball, he’ll have you howling before you know it."
4284,4849,2,5,52,59,1.152542372881356,0.058290267645485117,613,Detective Bubbles is taking over...and he does NOT take requests
5633,4849,2,5,52,59,1.152542372881356,0.058290267645485117,613,Do you find this funny?
4980,4849,2,5,52,59,1.152542372881356,0.058290267645485117,613,Stealing union jobs is no joke.
5679,4849,1,7,51,59,1.152542372881356,0.05304056717493127,613,"You know the drill kid: “good cop, bad clown”"
6953,4849,0,9,50,59,1.152542372881356,0.04721067919755555,613,Our canine unit found the evidence!
5754,4849,2,5,52,59,1.152542372881356,0.058290267645485117,613,"Does it look like we're clowning around, Tommy?"
5836,4849,1,7,51,59,1.152542372881356,0.05304056717493127,613,Do I look stupid to you son? That's a poodle!
5964,4849,0,9,50,59,1.152542372881356,0.04721067919755555,613,"I'm the good cop, you're the bad cop, he's the crime scene."
6083,4849,2,5,52,59,1.152542372881356,0.058290267645485117,613,"Take it Georgie, or next time you'll get Michael Jackson and Bubbles"
6188,4849,0,9,50,59,1.152542372881356,0.04721067919755555,613,"No sir, Joe Pesci is not available."
6714,4849,2,5,52,59,1.152542372881356,0.058290267645485117,613,"""We KNOW what happened at the birthday party."" (italics on know)"
6881,4849,1,7,51,59,1.152542372881356,0.05304056717493127,613,"Yes, you have options--may we begin?"
6897,4849,1,7,51,59,1.152542372881356,0.05304056717493127,613,"So, you say the dog that ran off with your grandma's brownies was a brighter blue with a more solemn expression."
7061,4849,1,7,51,59,1.152542372881356,0.05304056717493127,613,You think he's scary now? Wait till he starts doing pantomime.
7179,4849,1,7,51,59,1.152542372881356,0.05304056717493127,613,"Could we just do good cop, bad cop instead."
3656,4849,1,7,51,59,1.152542372881356,0.05304056717493127,613,"""I don't care if you were dared to do it, snorting a balloon animal is dangerous and unsanitary! Now apologize to Mr. McDonald."
5708,4849,2,5,52,59,1.152542372881356,0.058290267645485117,613,He will pop that balloon if you don't tell us what you know.
3404,4849,1,7,51,59,1.152542372881356,0.05304056717493127,613,Hear that Murphy? He says he'll make us look like clowns! Ha!
2169,4849,0,9,50,59,1.152542372881356,0.04721067919755555,613,Do I look like someone to play games with?
3217,4849,2,5,52,59,1.152542372881356,0.058290267645485117,613,Wipe that smirk off your face. There's nothing funny about all the twists and turns in our evidence.
87,4849,1,7,51,59,1.152542372881356,0.05304056717493127,613,"My partner's a damn good balloon-artist; what his little critters sell, juries buy. Better have a good alibi, 'cause the shape he keeps getting about 2 minutes in is a dead ringer for you."
156,4849,0,9,50,59,1.152542372881356,0.04721067919755555,613,"No, we are NOT playing ‘good cop, bad cop’."
308,4849,0,9,50,59,1.152542372881356,0.04721067919755555,613,OK !!...I'll talk!
315,4849,0,9,50,59,1.152542372881356,0.04721067919755555,613,So Kelly Conway stole your dog?
466,4849,2,5,52,59,1.152542372881356,0.058290267645485117,613,"You've never heard of Good Cop, Bad Clown? You think this is a joke?"
508,4849,0,9,50,59,1.152542372881356,0.04721067919755555,613,"No, I'm the bad cop, he's the good cop, there is no scary cop."
1189,4849,2,5,52,59,1.152542372881356,0.058290267645485117,613,"Okay, if you won't confess to the cabaret robbery we'll have to send in the clown!"
1358,4849,0,9,50,59,1.152542372881356,0.04721067919755555,613,We've had enough of this clowning around!
1360,4849,2,5,52,59,1.152542372881356,0.058290267645485117,613,I asked for a *lawyer*
1424,4849,0,9,50,59,1.152542372881356,0.04721067919755555,613,"That’s right. A traditional clown, not a new-style performance-art clown. So basically two bad cops."
1475,4849,1,7,51,59,1.152542372881356,0.05304056717493127,613,All our balloon folding composites point to you and your tail-wagger.
1615,4849,1,7,51,59,1.152542372881356,0.05304056717493127,613,Not talking? Wait till Larry lets his dogs on you and mimes the questions.
1034,4849,0,9,50,59,1.152542372881356,0.04721067919755555,613,"In case you were wondering, I'm the good cop."
1743,4849,1,7,51,59,1.152542372881356,0.05304056717493127,613,"It's been seventeen years but we've got you now, kid."
1674,4849,2,5,52,59,1.152542372881356,0.058290267645485117,613,"Talk, or we can do worse.. you don't want to know what he can make with a potter's wheel and some clay.."
3151,4849,1,7,51,59,1.152542372881356,0.05304056717493127,613,Agent Rednose is a clown
3092,4849,2,5,52,59,1.152542372881356,0.058290267645485117,613,He'll shove that up your a** I swear it
2980,4849,2,5,52,59,1.152542372881356,0.058290267645485117,613,"That's right, we were the clowns the whole time!"
2454,4849,1,7,51,59,1.152542372881356,0.05304056717493127,613,"It's time for the good cop, bad clown routine."
2932,4849,1,7,51,59,1.152542372881356,0.05304056717493127,613,"It's a variation on ""good cop/bad cop""."
2352,4849,1,7,51,59,1.152542372881356,0.05304056717493127,613,"No immunity deals anymore, kid. But I think we have something you might want."
2301,4849,2,5,52,59,1.152542372881356,0.058290267645485117,613,"Hey dude, this serious business."
3370,4849,1,7,51,59,1.152542372881356,0.05304056717493127,613,"You got it wrong buddy, I’m the good cop!"
1896,4849,1,7,51,59,1.152542372881356,0.05304056717493127,613,We can do this one three ways.
2418,4849,0,9,50,59,1.152542372881356,0.04721067919755555,613,Forget the clown - fear the balloon dog.
5924,4902,2,5,53,60,1.15,0.05736689334430969,613,"Your silence makes me think you've never heard of ""good cop, bad clown."""
3420,4902,2,5,53,60,1.15,0.05736689334430969,613,"Maybe so, but you’ve never seen the good cop, bad clown routine."
5292,4902,0,9,51,60,1.15,0.046486739497974515,613,"So, you're the punk that rented every single pair of clown shoes from the costume shop."
4571,4902,1,7,52,60,1.15,0.05221100171960861,613,"We gave you what you wanted. Now, where did you hide the body?"
3031,4902,2,5,53,60,1.15,0.05736689334430969,613,"You could talk to me, or I will ask Officer Pennywise to take over."
1460,4902,0,9,51,60,1.15,0.046486739497974515,613,"Good cop, clown cop. Either way, you're going to tell us what we want to know."
2778,4902,1,7,52,60,1.15,0.05221100171960861,613,Your rights now require that the “good-cop / bad-cop” thing has to be more transparent now.
2360,4902,1,7,52,60,1.15,0.05221100171960861,613,Pennywise for your thoughts.
1971,4902,1,7,52,60,1.15,0.05221100171960861,613,"We couldn't get the goddman rhinoceros, now where are the hostages?"
2900,4902,1,7,52,60,1.15,0.05221100171960861,613,"Yep, I'm the good cop and he's the bad clown cop."
3548,4912,0,8,46,54,1.1481481481481481,0.04879689797371372,613,I think you’ll be more forthcoming after my partner shows you his centipede.
494,4913,1,20,128,149,1.1476510067114094,0.03067627458534626,613,O'LEARY WILL MAKE TOU SING IF ANYBODY CAN.
7300,4914,3,3,55,61,1.1475409836065573,0.061119186499368025,613,We've got ways of making you crack … a smile.
3897,4914,1,7,53,61,1.1475409836065573,0.051406797055264415,613,"You wanna stay alone with ..... ""A Clown""????"
3529,4914,1,7,53,61,1.1475409836065573,0.051406797055264415,613,"When good cop, bad cop misses the mark."
2030,4914,2,5,54,61,1.1475409836065573,0.056472177848147814,613,"OK Snyder, it's time for good cop, bad clown."
4667,4918,1,18,117,136,1.1470588235294117,0.03221897397089213,613,Is this the reason my kids set me up? To be a better dad?
1329,4919,3,16,132,151,1.1456953642384107,0.03308608211071999,613,"Maybe you’re a dreamer, but you’re not the only one."
4851,4920,2,4,49,55,1.1454545454545455,0.06040370257667094,613,"Yes, it's the bad cop-clown cop routine."
4781,4920,0,8,47,55,1.1454545454545455,0.04797713974560777,613,Nobody expects the Spanish Inquisition!
4768,4920,1,6,48,55,1.1454545454545455,0.05454545454545457,613,You’ve really done it this time...he’s done playing Mister Nice Guy.
4753,4920,2,4,49,55,1.1454545454545455,0.06040370257667094,613,"Oh yeah,,,who you calling Bozo?"
4735,4920,1,6,48,55,1.1454545454545455,0.05454545454545457,613,Plea bargain? Do you think we went undercover for 13 weeks to cut a deal?
4722,4920,0,8,47,55,1.1454545454545455,0.04797713974560777,613,"...and if you think I was the bad cop, wait for Agent Giggles."
4714,4920,2,4,49,55,1.1454545454545455,0.06040370257667094,613,"No, we are NOT playing ‘good cop, bad cop’."
4681,4920,1,6,48,55,1.1454545454545455,0.05454545454545457,613,"Yes, Good Cop Bad Clown AGAIN!"
4646,4920,0,8,47,55,1.1454545454545455,0.04797713974560777,613,"Forget Good Cop /Bad Cop. We got  ""Happy - The Sad Clown"" Cop."
4633,4920,1,6,48,55,1.1454545454545455,0.05454545454545457,613,Guess which one of us is the ‘bad’ cop?
4605,4920,0,8,47,55,1.1454545454545455,0.04797713974560777,613,What do you mean my partner's IT?
4581,4920,1,6,48,55,1.1454545454545455,0.05454545454545457,613,"No, this ain’t good cop, funny cop."
4533,4920,2,4,49,55,1.1454545454545455,0.06040370257667094,613,This job’s no joke.
4511,4920,1,6,48,55,1.1454545454545455,0.05454545454545457,613,"We’re running low on cop cars, so the only way you’re getting to the station is with bozo and all of his friends."
4897,4920,1,6,48,55,1.1454545454545455,0.05454545454545457,613,"""Clowns to the left of me, Jokers to the right, here I am, Stuck in the middle with you"" so it's time for you to fess up!"
4934,4920,0,8,47,55,1.1454545454545455,0.04797713974560777,613,We had out courtroom clown artist make a quick rendering of the perpetrator that ripped up your garden.
4978,4920,2,4,49,55,1.1454545454545455,0.06040370257667094,613,This is your last chance before i give Sgt. Zany a crack at you.
4484,4920,0,8,47,55,1.1454545454545455,0.04797713974560777,613,You got the shave and the haircut. Now cough up the two bits!
5256,4920,1,6,48,55,1.1454545454545455,0.05454545454545457,613,"Believe me, I'm the good cop. Meaning... we either do this my way, or you get to spend some quality time alone with my partner, Pennywise."
5248,4920,0,8,47,55,1.1454545454545455,0.04797713974560777,613,This is what clowning around looks like. Taking a joyride in a cop car isn’t.
5242,4920,0,8,47,55,1.1454545454545455,0.04797713974560777,613,"We're giving you another chance to tell us who you voted for. Otherwise, Claudio here will endeavour to entertain you!"
5235,4920,0,8,47,55,1.1454545454545455,0.04797713974560777,613,How you could even walk after swallowing that much heroin is beyond me and Detective Snuggles!
5212,4920,0,8,47,55,1.1454545454545455,0.04797713974560777,613,You don't think this is funny? Now I know you're lying!
5187,4920,0,8,47,55,1.1454545454545455,0.04797713974560777,613,"You guys really have the ""good cop"", ""bad cop"" thing down. don't you?"
5078,4920,2,4,49,55,1.1454545454545455,0.06040370257667094,613,Ya things have gone a bit sideways since Comey got fired.
5075,4920,1,6,48,55,1.1454545454545455,0.05454545454545457,613,That's right. Inspector Koons and me was on the take. And we woulda gotta away with it if it wasn't for you rotten kids.
5069,4920,2,4,49,55,1.1454545454545455,0.06040370257667094,613,For thou child thought thou was a fool but thou was doing nothing out of the ordinary
5066,4920,2,4,49,55,1.1454545454545455,0.06040370257667094,613,"He's not only the good cop, he's the fun cop as well."
5048,4920,1,6,48,55,1.1454545454545455,0.05454545454545457,613,Don't fall for that disguise -- he's NOT good cop.
5044,4920,1,6,48,55,1.1454545454545455,0.05454545454545457,613,You're all bozos as far as I'm concerned.
5020,4920,2,4,49,55,1.1454545454545455,0.06040370257667094,613,"Good cop, Clown Cop. ""Talk or the dog pops"""
5002,4920,1,6,48,55,1.1454545454545455,0.05454545454545457,613,This is our new sketch artist.
5309,4920,0,8,47,55,1.1454545454545455,0.04797713974560777,613,"If you don't straighten up, you're going to end up like this clown."
4973,4920,2,4,49,55,1.1454545454545455,0.06040370257667094,613,"Look kid, I'm not clowning around."
4482,4920,0,8,47,55,1.1454545454545455,0.04797713974560777,613,Found undercover. Static charge. Dusted for hair.
3890,4920,0,8,47,55,1.1454545454545455,0.04797713974560777,613,"you think you're a real funny guy, huh? a real cut-up? well, let's see if you still feel that way after talking to Detective Chuckles, who, due to an alimony situation, is PROFESSIONALLY funny on the weekends when he doesn't have his kids with him"
4459,4920,0,8,47,55,1.1454545454545455,0.04797713974560777,613,"Alright, wise guy. You think we're playing Good Cop-Clown Cop, but that doggy balloon isn't here to entertain you."
3864,4920,1,6,48,55,1.1454545454545455,0.05454545454545457,613,That look anything like the supplier you call 'Dawg'?
3800,4920,1,6,48,55,1.1454545454545455,0.05454545454545457,613,"You try any funny stuff, you'll wind up with HIM!"
3776,4920,1,6,48,55,1.1454545454545455,0.05454545454545457,613,And you're sure the murderer wasn't a good boy?
3766,4920,1,6,48,55,1.1454545454545455,0.05454545454545457,613,He's from White House Security. They're trying to fit in.
3759,4920,0,8,47,55,1.1454545454545455,0.04797713974560777,613,That's the last time we're going to play good cop.
3687,4920,0,8,47,55,1.1454545454545455,0.04797713974560777,613,"You've been arrested for assult and clownery--wait, that's has to be a typo..."" ""No it isn't."
3669,4920,0,8,47,55,1.1454545454545455,0.04797713974560777,613,"With Happy here, you're not going to leave us with pie on our faces this time."
3665,4920,1,6,48,55,1.1454545454545455,0.05454545454545457,613,"Well, son, if ya don’ wanna talk, ya’re lookin’ at some serious clown time."
3651,4920,1,6,48,55,1.1454545454545455,0.05454545454545457,613,If you want to go home you better tell Sgt.Cosmo and I How this got in the clam chowder.
3634,4920,0,8,47,55,1.1454545454545455,0.04797713974560777,613,"If you think this is funny, wait till he does your strip search."
3611,4920,0,8,47,55,1.1454545454545455,0.04797713974560777,613,Is that it? He can put out a cigarette through a freaking quarter. Answer the question!
3591,4920,0,8,47,55,1.1454545454545455,0.04797713974560777,613,I'm going to ask you one more time. Where were you on the night of Bim Bam's show?
3516,4920,2,4,49,55,1.1454545454545455,0.06040370257667094,613,How many times do I need to slap my colleague before you finally confess?
3507,4920,1,6,48,55,1.1454545454545455,0.05454545454545457,613,"Detention is not supposed to be a safe space, the clown stays!"
3475,4920,2,4,49,55,1.1454545454545455,0.06040370257667094,613,Bozo is gonna keep making balloon animals until you start talking
3932,4920,0,8,47,55,1.1454545454545455,0.04797713974560777,613,Now listen up Pal! We're gettin a little tired of your lies so we're gonna play a little bad cop/fun cop now!
4463,4920,1,6,48,55,1.1454545454545455,0.05454545454545457,613,"'So. If you don't talk to me, it's gonna be Detective Chuckles ...'"
3945,4920,1,6,48,55,1.1454545454545455,0.05454545454545457,613,Now let me make this crystal clear. I'm the good cop.
4051,4920,1,6,48,55,1.1454545454545455,0.05454545454545457,613,Meanwhile in Guantanamo Bay...
4447,4920,1,6,48,55,1.1454545454545455,0.05454545454545457,613,"Start talking now, or 3 hours of ""entertainment' courtesy of Sgt.Smith!"
4417,4920,1,6,48,55,1.1454545454545455,0.05454545454545457,613,Do you really expect me to fall into this boring cop/fanny cop tactic?
4361,4920,2,4,49,55,1.1454545454545455,0.06040370257667094,613,You like turning my precent into some type of a circus?? You think this is a joke??? Quit clowning around tough guy because my partner here has some tricks up his sleeve are NO laughing matter!
5321,4920,0,8,47,55,1.1454545454545455,0.04797713974560777,613,I can't speak for anyone else in the department kid but I ain't clowning around.
4250,4920,1,6,48,55,1.1454545454545455,0.05454545454545457,613,Talk! Otherwise you will be tortured by a clown.
4216,4920,1,6,48,55,1.1454545454545455,0.05454545454545457,613,"Are you gonna talk, or is he gonna turn it into a snake?"
4210,4920,0,8,47,55,1.1454545454545455,0.04797713974560777,613,"We'll be asking the questions here, sir."
4159,4920,0,8,47,55,1.1454545454545455,0.04797713974560777,613,"Ya got it wrong, slimeball. I'm the good cop."
4138,4920,1,6,48,55,1.1454545454545455,0.05454545454545457,613,"Now, after the rabbit jumped out of the clown’s hat and grabbed the lady’s diamond necklace, then what happened?"
4137,4920,2,4,49,55,1.1454545454545455,0.06040370257667094,613,"What do you mean you can see though the good-cop, bad-cop routine?"
4130,4920,1,6,48,55,1.1454545454545455,0.05454545454545457,613,"So you think your wise to the old ""Clown cop, bad cop"" routine?"
4085,4920,2,4,49,55,1.1454545454545455,0.06040370257667094,613,Your prints are all over him.
4081,4920,0,8,47,55,1.1454545454545455,0.04797713974560777,613,"No, we can't charge you as a juvenile."
4080,4920,1,6,48,55,1.1454545454545455,0.05454545454545457,613,"All you need to know at this stage bud, it that I’m the good cop."
4060,4920,0,8,47,55,1.1454545454545455,0.04797713974560777,613,"You're sure he asked, ""What would you like me to blow up?"""
4014,4920,1,6,48,55,1.1454545454545455,0.05454545454545457,613,"Look, kid. Our roles here are very rigidly defined."
5339,4920,0,8,47,55,1.1454545454545455,0.04797713974560777,613,did you at any fair or at any time aid and abet Jeff Koons!
4291,4920,1,6,48,55,1.1454545454545455,0.05454545454545457,613,This is not the routine I had in mind.
5389,4920,2,4,49,55,1.1454545454545455,0.06040370257667094,613,"Actually, I'm the good guy. He's the bad guy in disguise."
6799,4920,1,6,48,55,1.1454545454545455,0.05454545454545457,613,Do you think what you did to our drug sniffing dog is funny?
6791,4920,1,6,48,55,1.1454545454545455,0.05454545454545457,613,I have 3 more just like him ready for the line up. I'll give you one last chance.
6781,4920,0,8,47,55,1.1454545454545455,0.04797713974560777,613,"Oh yeah, oh yeah, we know -- we know it's your birthday, Punk !"
6777,4920,2,4,49,55,1.1454545454545455,0.06040370257667094,613,"No funny business. Got it, buddy?"
6721,4920,1,6,48,55,1.1454545454545455,0.05454545454545457,613,"I consider myself the “good cop,” but seeing how that apparently isn’t working..."
6707,4920,0,8,47,55,1.1454545454545455,0.04797713974560777,613,Our good cop is stuck at his kid's birthday party.
6701,4920,0,8,47,55,1.1454545454545455,0.04797713974560777,613,"Brace yourself, kid. I was the good cop"
6700,4920,0,8,47,55,1.1454545454545455,0.04797713974560777,613,This crime is no laughing matter... you broke this balloon animal's funny bone!
6650,4920,2,4,49,55,1.1454545454545455,0.06040370257667094,613,"I'm not gonna fall for this ""Good Cop Sad Clown"" routine."
6613,4920,0,8,47,55,1.1454545454545455,0.04797713974560777,613,We've got methods to make you talk. And make you believe in the healing power of laughter.
6567,4920,2,4,49,55,1.1454545454545455,0.06040370257667094,613,0K. Will you tell us who dunnit if it were a cat?
6560,4920,0,8,47,55,1.1454545454545455,0.04797713974560777,613,I told you before...the dog is yours if you join the police circus this year!
6540,4920,0,8,47,55,1.1454545454545455,0.04797713974560777,613,I'll ask just one more time. You want Cracker Jacks or cotton candy?
6521,4920,0,8,47,55,1.1454545454545455,0.04797713974560777,613,Give it to me straight. Don't you love farce?
6500,4920,0,8,47,55,1.1454545454545455,0.04797713974560777,613,"If you think that guy’s a clown, wait till you see who’s behind the mirror… punk!"
6823,4920,1,6,48,55,1.1454545454545455,0.05454545454545457,613,Forget him. He's just there to distract you while the rest of us trample all over your rights.
6450,4920,0,8,47,55,1.1454545454545455,0.04797713974560777,613,Start talking or we bring out the Sad Clown.
6851,4920,0,8,47,55,1.1454545454545455,0.04797713974560777,613,I thought I said no funny business?
6905,4920,1,6,48,55,1.1454545454545455,0.05454545454545457,613,Don't let the wig and balloon animal fool you - I'm the good cop and HE's the bad one.
3455,4920,1,6,48,55,1.1454545454545455,0.05454545454545457,613,"The chief told us to stop being so heavy handed and lighten up. Bozo is what they sent us, so go with it, Chester."
7290,4920,0,8,47,55,1.1454545454545455,0.04797713974560777,613,Don't get any ideas we are just another three ring circus.
7277,4920,1,6,48,55,1.1454545454545455,0.05454545454545457,613,He doesn't make phone calls.
7218,4920,1,6,48,55,1.1454545454545455,0.05454545454545457,613,These are serious charges. I'm not clowning around!
7208,4920,0,8,47,55,1.1454545454545455,0.04797713974560777,613,One more time. Did you follow this officer on his off duty gig and stick pins in his creations?
7194,4920,1,6,48,55,1.1454545454545455,0.05454545454545457,613,Talk now or it's the Tickle Monster next.
7166,4920,1,6,48,55,1.1454545454545455,0.05454545454545457,613,"‘No, YOU’RE the only Bozo in this room! And unlike my partner here, it’s time to stop clowning around.’ - The local PD try a new spin on good cop, bad cop."
7161,4920,1,6,48,55,1.1454545454545455,0.05454545454545457,613,You think this is funny? We'll show you something that is funny.
7056,4920,0,8,47,55,1.1454545454545455,0.04797713974560777,613,"Think you're tough, eh? So did Seinfeld and Louis C.K. till they fell to their knees beggin' for mercy from Officer Claribel here."
7016,4920,1,6,48,55,1.1454545454545455,0.05454545454545457,613,The ' GOOD COP BAD COP' Training School
7000,4920,2,4,49,55,1.1454545454545455,0.06040370257667094,613,He does ALL occasions.
6991,4920,2,4,49,55,1.1454545454545455,0.06040370257667094,613,Do I have to get my colleague to tickle the confession out of you?
6986,4920,1,6,48,55,1.1454545454545455,0.05454545454545457,613,Turn that frown… over to the special counsel
6954,4920,0,8,47,55,1.1454545454545455,0.04797713974560777,613,Think you can clown around with us? Game over!
6942,4920,1,6,48,55,1.1454545454545455,0.05454545454545457,613,I know what you are doing officer! Good cop - bad clown!
6899,4920,2,4,49,55,1.1454545454545455,0.06040370257667094,613,"He does this all night, every night. How would you like to listen to that, Charlie Boy?"
5368,4920,1,6,48,55,1.1454545454545455,0.05454545454545457,613,Is this your twisted idea of a joke?
6428,4920,0,8,47,55,1.1454545454545455,0.04797713974560777,613,"Let me assure you, young man, this interview is no laughing matter."
6419,4920,0,8,47,55,1.1454545454545455,0.04797713974560777,613,Look at the balloon and tell me again who's the good cop.
5917,4920,3,2,50,55,1.1454545454545455,0.06574198018292114,613,Our expert has confirmed it's a forgery.
5916,4920,0,8,47,55,1.1454545454545455,0.04797713974560777,613,"I hope you understand, I was the good cop."
5904,4920,0,8,47,55,1.1454545454545455,0.04797713974560777,613,"We take this good cop, bad cop approach very seriously here"
5890,4920,0,8,47,55,1.1454545454545455,0.04797713974560777,613,Bad Cop...Bad Clown.
5794,4920,1,6,48,55,1.1454545454545455,0.05454545454545457,613,You think you’re tongue-tied now...?
5772,4920,0,8,47,55,1.1454545454545455,0.04797713974560777,613,"Drop the act, Anderson, we know it was you. No more clowning around."
5758,4920,2,4,49,55,1.1454545454545455,0.06040370257667094,613,"So, who’s laughing now!"
5731,4920,2,4,49,55,1.1454545454545455,0.06040370257667094,613,"Ronald, go get Grimace. We’ll get this punk talking yet"
5720,4920,2,4,49,55,1.1454545454545455,0.06040370257667094,613,"Either start talking, or the next one's gonna be a giraffe."
5717,4920,0,8,47,55,1.1454545454545455,0.04797713974560777,613,You play ball with me or you play balloons with him.
5698,4920,0,8,47,55,1.1454545454545455,0.04797713974560777,613,Here's the deal: you tell me where the body is or Mr. Wiggly gets it.
5648,4920,2,4,49,55,1.1454545454545455,0.06040370257667094,613,Meet Sargeant O'Brien of our Balloon Animal Recovery Department.
5637,4920,1,6,48,55,1.1454545454545455,0.05454545454545457,613,"A pigeon? You want a pigeon? How about a STOOL pigeon, smart guy???"
5422,4920,0,8,47,55,1.1454545454545455,0.04797713974560777,613,Don't YOU get funny with me too!!
5419,4920,0,8,47,55,1.1454545454545455,0.04797713974560777,613,"I’ve brought the clown. Now, tell me where the 10 girls are!"
5957,4920,1,6,48,55,1.1454545454545455,0.05454545454545457,613,He calls the dog Miranda!
6421,4920,1,6,48,55,1.1454545454545455,0.05454545454545457,613,"THIS harlequin is the king's sage, you fool!"
5985,4920,1,6,48,55,1.1454545454545455,0.05454545454545457,613,You are NOT getting to play with Good Cop until you come across with some information.
6042,4920,2,4,49,55,1.1454545454545455,0.06040370257667094,613,You won't think this is so funny in front of the judge!
6412,4920,1,6,48,55,1.1454545454545455,0.05454545454545457,613,Wouldn't you rather talk to me than the crazy clown?
6387,4920,0,8,47,55,1.1454545454545455,0.04797713974560777,613,Don't give me that you and your clown friend business
6369,4920,0,8,47,55,1.1454545454545455,0.04797713974560777,613,"Proof that Hollywood has finally run out of ideas: Coming Summer 2018, ""Turner & Hoops"""
6364,4920,1,6,48,55,1.1454545454545455,0.05454545454545457,613,"Now see here, we got ways of making balloon animals. Who got ways of making you talk."
6303,4920,2,4,49,55,1.1454545454545455,0.06040370257667094,613,"On the contrary, your opinion of Jeff Koons could save your life."
6296,4920,2,4,49,55,1.1454545454545455,0.06040370257667094,613,We're not clowning around here! We found Hillary's comfort dog in your trunk.
6269,4920,0,8,47,55,1.1454545454545455,0.04797713974560777,613,"""If this doesn't make you talk, I start rubbing my shoes together""."
6258,4920,0,8,47,55,1.1454545454545455,0.04797713974560777,613,In case your haven't figured it out ---- I'm the bad cop.
6239,4920,0,8,47,55,1.1454545454545455,0.04797713974560777,613,Is he the good cop or the bad cop?
6216,4920,1,6,48,55,1.1454545454545455,0.05454545454545457,613,"Don't mind him, he's always wanted to be in the K9 unit."
6169,4920,0,8,47,55,1.1454545454545455,0.04797713974560777,613,"And that's when I said, 'That's not a fish; that's a submarine!'"
6126,4920,1,6,48,55,1.1454545454545455,0.05454545454545457,613,"Him? Well, the freelance economy and all..."
6115,4920,1,6,48,55,1.1454545454545455,0.05454545454545457,613,"I get it, it's the old 'good cop, clown cop' routine."
6072,4920,0,8,47,55,1.1454545454545455,0.04797713974560777,613,CONFESS!...You keep clowning around with us and we'll twist you up like a dog!
6061,4920,1,6,48,55,1.1454545454545455,0.05454545454545457,613,I'm the good cop. I'm the good cop.
5999,4920,1,6,48,55,1.1454545454545455,0.05454545454545457,613,Does your dog bite?
3451,4920,0,8,47,55,1.1454545454545455,0.04797713974560777,613,Confess now or we bring in the Bearded Lady and the contortionist
3155,4920,0,8,47,55,1.1454545454545455,0.04797713974560777,613,"OK clown, don't cooperate. Detective Pennywise is trained in the latest methods of interrogation."
3437,4920,0,8,47,55,1.1454545454545455,0.04797713974560777,613,"and now we're gonna play a little good cop, clown cop..."
1151,4920,0,8,47,55,1.1454545454545455,0.04797713974560777,613,Don't be a Bozo... study hard before the exam!
1149,4920,0,8,47,55,1.1454545454545455,0.04797713974560777,613,"We'll be the ones asking the questions here, got it?"
1147,4920,2,4,49,55,1.1454545454545455,0.06040370257667094,613,"Good Clown, Bad Cop!"
1138,4920,1,6,48,55,1.1454545454545455,0.05454545454545457,613,I'm not clowning around!
1130,4920,1,6,48,55,1.1454545454545455,0.05454545454545457,613,Want to take a stab at who the good cop is?
1121,4920,1,6,48,55,1.1454545454545455,0.05454545454545457,613,Crown Prince Michael? We thought you said you 've been a clown since high school!
1108,4920,1,6,48,55,1.1454545454545455,0.05454545454545457,613,"I am not joking, he is."
1091,4920,1,6,48,55,1.1454545454545455,0.05454545454545457,613,Lawyer.
1065,4920,0,8,47,55,1.1454545454545455,0.04797713974560777,613,"Ok punk, we're through clowning around with you."
1046,4920,0,8,47,55,1.1454545454545455,0.04797713974560777,613,"I'm telling you up front, I am the good cop."
987,4920,0,8,47,55,1.1454545454545455,0.04797713974560777,613,Do you want to take the Lol-ygraph?
980,4920,1,6,48,55,1.1454545454545455,0.05454545454545457,613,"Enough with this good cop, bad clown routine. I want a lawyer."
965,4920,2,4,49,55,1.1454545454545455,0.06040370257667094,613,We've officially merged with the clown academy.
947,4920,0,8,47,55,1.1454545454545455,0.04797713974560777,613,Give it to me straight or I'll leave you to the clown.
941,4920,1,6,48,55,1.1454545454545455,0.05454545454545457,613,And we're not clowning around....
1218,4920,1,6,48,55,1.1454545454545455,0.05454545454545457,613,You wanna play? Let's play!
918,4920,2,4,49,55,1.1454545454545455,0.06040370257667094,613,He's a bad clown and a bad cop.
3445,4920,0,8,47,55,1.1454545454545455,0.04797713974560777,613,"If you think he's the good cop, wait till you see me do my Mr. Rogers' impression."
1246,4920,1,6,48,55,1.1454545454545455,0.05454545454545457,613,"My partner thinks you’re guilty, and he’s no Bozo."
1669,4920,1,6,48,55,1.1454545454545455,0.05454545454545457,613,Did he own a Dalmatian? We can do this the hard way or the fun way.
1661,4920,0,8,47,55,1.1454545454545455,0.04797713974560777,613,"So you think this is funny, huh. Wipe that smile of your face or I will."
1644,4920,0,8,47,55,1.1454545454545455,0.04797713974560777,613,That's right Johnny... I'm the good cop here.
1643,4920,1,6,48,55,1.1454545454545455,0.05454545454545457,613,He had a real dog and he wasn't that funny looking.
1595,4920,1,6,48,55,1.1454545454545455,0.05454545454545457,613,Tricks? Tricks are what whores do for money.
1573,4920,0,8,47,55,1.1454545454545455,0.04797713974560777,613,You can either talk now or end up like the last guy in Koko's artful hands.
1532,4920,2,4,49,55,1.1454545454545455,0.06040370257667094,613,"Believe it or not, I'm the ""good cop"" kid... He twists perps into pretzels"
1519,4920,1,6,48,55,1.1454545454545455,0.05454545454545457,613,Is that Rob Corddry?
1517,4920,1,6,48,55,1.1454545454545455,0.05454545454545457,613,Your story has more twists than a balloon animal.
1471,4920,1,6,48,55,1.1454545454545455,0.05454545454545457,613,"The Department is working on a new procedural TV pilot, ""Guffaw & Order."""
1342,4920,0,8,47,55,1.1454545454545455,0.04797713974560777,613,My partner denies he committed balloon animal cruelty by twisting too hard.
1304,4920,0,8,47,55,1.1454545454545455,0.04797713974560777,613,Just start talking so that we can get back to our Ethics Committee meeting.
1302,4920,0,8,47,55,1.1454545454545455,0.04797713974560777,613,Does it look like i'm the good cop!
1278,4920,1,6,48,55,1.1454545454545455,0.05454545454545457,613,Maybe a little good-cop bad-clown will help you remember.
1275,4920,2,4,49,55,1.1454545454545455,0.06040370257667094,613,"Yeah, yeah we're playing good cop, clown cop. But you better spill now, because next we bring in the mime detective!"
1239,4920,1,6,48,55,1.1454545454545455,0.05454545454545457,613,And now tell Ralph what you did next...
1678,4920,1,6,48,55,1.1454545454545455,0.05454545454545457,613,"Yeah, I'm actually the evil twin. Got it?"
884,4920,0,8,47,55,1.1454545454545455,0.04797713974560777,613,I think you will find the substitute teacher more to your liking...
863,4920,2,4,49,55,1.1454545454545455,0.06040370257667094,613,"We know you committed this crime, and we have the evidence!"
453,4920,1,6,48,55,1.1454545454545455,0.05454545454545457,613,"if you think I'm the bad cop in this situation, you've clearly not seen 'It'"
368,4920,1,6,48,55,1.1454545454545455,0.05454545454545457,613,"OK then, you get both the bad cop and bad clown routine.'"
341,4920,0,8,47,55,1.1454545454545455,0.04797713974560777,613,Answer the question or puppytown gets it!
328,4920,1,6,48,55,1.1454545454545455,0.05454545454545457,613,"If you don't start talking real soon, Johnson here is gonna start making those squeaky sounds with that balloon dog"
311,4920,2,4,49,55,1.1454545454545455,0.06040370257667094,613,"Make up your mind, him or water boarding?"
296,4920,1,6,48,55,1.1454545454545455,0.05454545454545457,613,no this is not good cop clown cop
253,4920,1,6,48,55,1.1454545454545455,0.05454545454545457,613,"Surprise, Happy Birthday!"
252,4920,3,2,50,55,1.1454545454545455,0.06574198018292114,613,"Unless your memory improves, yer gonna hafta spend some time with Officer Chucky here."
225,4920,0,8,47,55,1.1454545454545455,0.04797713974560777,613,I'll have you describe the perp to my partner. He's a sketch artist.
206,4920,2,4,49,55,1.1454545454545455,0.06040370257667094,613,We can do this the easy way or the Mr. Tickles way and you won't like Mr. Tickles when he gets funny.
203,4920,0,8,47,55,1.1454545454545455,0.04797713974560777,613,I'm the bad cop? Wait until you see my partner's clown routine.
155,4920,0,8,47,55,1.1454545454545455,0.04797713974560777,613,You say it raced to the door when the doorbell rang?
150,4920,1,6,48,55,1.1454545454545455,0.05454545454545457,613,"Don't get smart with me, that good cop/bad cop crap is just TV fiction!"
99,4920,1,6,48,55,1.1454545454545455,0.05454545454545457,613,Just so we're all on the same page; I'm the 'Good Cop'.
62,4920,1,6,48,55,1.1454545454545455,0.05454545454545457,613,"(Voiceover:) Yes, it's the latest odd-couple cop show, The Mullets. Business on the left, party on the right."
477,4920,1,6,48,55,1.1454545454545455,0.05454545454545457,613,You better confess before this clown twists and turns you into a balloon animal.
883,4920,1,6,48,55,1.1454545454545455,0.05454545454545457,613,You won't be smirking when the judge gives you 10 to 20!
514,4920,1,6,48,55,1.1454545454545455,0.05454545454545457,613,Just so we're clear - I'm the Good Cop in this scenario.
570,4920,1,6,48,55,1.1454545454545455,0.05454545454545457,613,"You got it, Good Cop, Bad Cop. But we're a bit short staffed here, so if I give you a balloon animal would you mind kicking yourself in the teeth?"
849,4920,1,6,48,55,1.1454545454545455,0.05454545454545457,613,You ever heard of Good Cop/Goofy Cop?
782,4920,2,4,49,55,1.1454545454545455,0.06040370257667094,613,"...No, I am good the Cop!"
736,4920,2,4,49,55,1.1454545454545455,0.06040370257667094,613,"The good cop/clown cop routine isn’t gonna work on me, officer"
731,4920,1,6,48,55,1.1454545454545455,0.05454545454545457,613,"What is this supposed to be... a game of Bad cop, Clown cop?"
694,4920,0,8,47,55,1.1454545454545455,0.04797713974560777,613,Whether I'm good or bad depends on how you feel about clowns.
691,4920,0,8,47,55,1.1454545454545455,0.04797713974560777,613,Ok so he is a clown but you won't be laughing when he takes out his gun
690,4920,1,6,48,55,1.1454545454545455,0.05454545454545457,613,Believe it or not I'm the good cop.
665,4920,0,8,47,55,1.1454545454545455,0.04797713974560777,613,Our budget was cut; he's moonlighting.
663,4920,0,8,47,55,1.1454545454545455,0.04797713974560777,613,"I know you're scared kid. Trust me, it's better if you talk to me."
662,4920,1,6,48,55,1.1454545454545455,0.05454545454545457,613,The balloon animal is yours if you answer our questions.
654,4920,1,6,48,55,1.1454545454545455,0.05454545454545457,613,Bad cop. Scary clown.
650,4920,0,8,47,55,1.1454545454545455,0.04797713974560777,613,"We found these on your bike, and we want to know how we can break into this line of entertainment."
644,4920,1,6,48,55,1.1454545454545455,0.05454545454545457,613,You have two minutes to act like a man.
625,4920,1,6,48,55,1.1454545454545455,0.05454545454545457,613,Stop being Harry Potter. Get him off the clown spell...NOW !
601,4920,1,6,48,55,1.1454545454545455,0.05454545454545457,613,"Is this somekind of joke , I didn’t blow anything up!"
551,4920,0,8,47,55,1.1454545454545455,0.04797713974560777,613,We're not just here to poke holes in your story.
1715,4920,1,6,48,55,1.1454545454545455,0.05454545454545457,613,This is going to be your prison uniform if you don't start talking.
1237,4920,1,6,48,55,1.1454545454545455,0.05454545454545457,613,"If you don’t start talkin,’ Detective Squeaks’ll do to you what he just did to that balloon there!"
1779,4920,2,4,49,55,1.1454545454545455,0.06040370257667094,613,"O.K., no more Good Cop - Clown Cop...and no wise guy, he didn't arrive in a squad car with twelve other Clown Cops."
2916,4920,0,8,47,55,1.1454545454545455,0.04797713974560777,613,"Come on, Billie... do you really think you can resist the ol' ""Good Cop, Bad Clown Cop"" routine?"
2854,4920,1,6,48,55,1.1454545454545455,0.05454545454545457,613,Leave the clowning around to us; just stick to the facts.
2831,4920,1,6,48,55,1.1454545454545455,0.05454545454545457,613,"Listen, I believe you, you seem like a good kid, but Officer Blinky thinks you did it."
2815,4920,2,4,49,55,1.1454545454545455,0.06040370257667094,613,"OK, pal, think of me as the dead serious cop."
2813,4920,2,4,49,55,1.1454545454545455,0.06040370257667094,613,Do you understand these rights as performed by Boing-A-Lot?
2793,4920,1,6,48,55,1.1454545454545455,0.05454545454545457,613,"Now that you guys have the smoking gun, I canno longer ""bs"" you."
2940,4920,0,8,47,55,1.1454545454545455,0.04797713974560777,613,Confess or we're bringin' in the clown car.
2791,4920,1,6,48,55,1.1454545454545455,0.05454545454545457,613,I wouldn't exactly describe him as the 'good cop'.
2773,4920,1,6,48,55,1.1454545454545455,0.05454545454545457,613,"No, this is clown cop, bad cop."
2749,4920,0,8,47,55,1.1454545454545455,0.04797713974560777,613,"If you want to be a secret agent, you need to be willing to twist."
2732,4920,2,4,49,55,1.1454545454545455,0.06040370257667094,613,I warned you. Here comes the bad cop.
2715,4920,1,6,48,55,1.1454545454545455,0.05454545454545457,613,You think we're clowning around here?
2708,4920,0,8,47,55,1.1454545454545455,0.04797713974560777,613,"He's just an intern, don't pay attention to him."
2681,4920,1,6,48,55,1.1454545454545455,0.05454545454545457,613,So which ones the Good Cop??
2774,4920,0,8,47,55,1.1454545454545455,0.04797713974560777,613,He'll twist you into a pretzel if you don't talk
2986,4920,0,8,47,55,1.1454545454545455,0.04797713974560777,613,"It's a classic case of good cop, clown cop."
3033,4920,2,4,49,55,1.1454545454545455,0.06040370257667094,613,You can make a balloon animal AFTER you admit to the murder
1746,4920,1,6,48,55,1.1454545454545455,0.05454545454545457,613,Don't play the fool. We're not a couple of bozos.
3367,4920,1,6,48,55,1.1454545454545455,0.05454545454545457,613,We can break your pulley bone or your funny one. What'll it be?
3357,4920,1,6,48,55,1.1454545454545455,0.05454545454545457,613,Tell us now or we'll tease it out of you!
3353,4920,1,6,48,55,1.1454545454545455,0.05454545454545457,613,"You're in trouble mister, I am not clowning around. That is his job."
3350,4920,1,6,48,55,1.1454545454545455,0.05454545454545457,613,"No, punk, I'm the good cop."
3321,4920,2,4,49,55,1.1454545454545455,0.06040370257667094,613,"If you're caught clowning around again, we'll have to transfer you to Mr. Bozo's class."
3289,4920,1,6,48,55,1.1454545454545455,0.05454545454545457,613,I don't care if he
3261,4920,1,6,48,55,1.1454545454545455,0.05454545454545457,613,Trust me—in this case you’re better off working with bad cop.
3241,4920,0,8,47,55,1.1454545454545455,0.04797713974560777,613,My partner is not clowning around he is about to take the air out of your alibi.
3230,4920,1,6,48,55,1.1454545454545455,0.05454545454545457,613,"Confess to the murder, and you'll get the balloon animal. Final offer."
3226,4920,0,8,47,55,1.1454545454545455,0.04797713974560777,613,I think you have blown and twisted this story more than you realize. We have evidence!
3180,4920,0,8,47,55,1.1454545454545455,0.04797713974560777,613,"Better tell us where the drug ring is, because my boy Spot here will find it either way"
3140,4920,2,4,49,55,1.1454545454545455,0.06040370257667094,613,We know you're the ring leader and have the evidence to prove it.
3120,4920,1,6,48,55,1.1454545454545455,0.05454545454545457,613,"Due to our budget cuts, Chuckles is the next best thing we have to a police sketch artist."
3115,4920,0,8,47,55,1.1454545454545455,0.04797713974560777,613,Ecce homicidem!
3046,4920,0,8,47,55,1.1454545454545455,0.04797713974560777,613,Before there was bad cop good cop - there was bad cop funny cop.
2680,4920,1,6,48,55,1.1454545454545455,0.05454545454545457,613,Balloons? You can’t handle balloons!
2658,4920,2,4,49,55,1.1454545454545455,0.06040370257667094,613,"All right - if you want to play hardball, we're going to play Good Cop/Stupid Cop."
3038,4920,2,4,49,55,1.1454545454545455,0.06040370257667094,613,Well if you won't talk then Mr. Muffins here will take you downtown to clown town
2629,4920,1,6,48,55,1.1454545454545455,0.05454545454545457,613,"Just try to roll with it - we’re gonna try out some new material if you don’t mind, the classics are getting a little stale, you know?"
2116,4920,0,8,47,55,1.1454545454545455,0.04797713974560777,613,He’s the good cop
2112,4920,0,8,47,55,1.1454545454545455,0.04797713974560777,613,"Enough clowning around! My colleague seems to have taken the whole good cop thing a little too seriously. You like baloon animals kid? Well, I'll make sure you don't get it twisted with this interro-gaitor!"
2111,4920,1,6,48,55,1.1454545454545455,0.05454545454545457,613,"You may think he’s a clown, but he has a way of twisting uncooperative suspects to his will."
2094,4920,0,8,47,55,1.1454545454545455,0.04797713974560777,613,Confess already! Don't make me bring out my other 12 friends waiting in the car.
2650,4920,0,8,47,55,1.1454545454545455,0.04797713974560777,613,Stephen's youthful misadventures had a profound effect on his career.
2057,4920,0,8,47,55,1.1454545454545455,0.04797713974560777,613,"Listen buster, I'll have you know our new interrogation techniques ARE effective..."
2009,4920,1,6,48,55,1.1454545454545455,0.05454545454545457,613,"For the last time, we're not clowning around...are you SURE the dog that stole your GMO vegan hot dog in Central Park was a poodle and not a golden doodle?!"
1976,4920,1,6,48,55,1.1454545454545455,0.05454545454545457,613,"Due to budget cut-backs, this interrogation will be administered by Chuckles: The Insane Clown Cop."
1960,4920,1,6,48,55,1.1454545454545455,0.05454545454545457,613,okay. now tell me ... this is how the person who stole your nose when you were a child
1952,4920,1,6,48,55,1.1454545454545455,0.05454545454545457,613,How bout you sugg my cugg? (-:
1946,4920,1,6,48,55,1.1454545454545455,0.05454545454545457,613,Our undercover agent did see you pop the little doggy like this one.
1920,4920,1,6,48,55,1.1454545454545455,0.05454545454545457,613,He’s the bad clown. Guess who I am.
1870,4920,1,6,48,55,1.1454545454545455,0.05454545454545457,613,Ringling Brothers is out of business. We had an opening. It made sense at the time.
1855,4920,1,6,48,55,1.1454545454545455,0.05454545454545457,613,"listen to me you stupid fuck, Juggaloism and Koons are entirely consistent"
1840,4920,2,4,49,55,1.1454545454545455,0.06040370257667094,613,Have you read 1984? It's like that.
2126,4920,1,6,48,55,1.1454545454545455,0.05454545454545457,613,Laugh one more time and Officer Five-o there might just lose his grip on Rin Tin Tin.
1827,4920,1,6,48,55,1.1454545454545455,0.05454545454545457,613,"Yeah, we work mostly for tips"
2136,4920,0,8,47,55,1.1454545454545455,0.04797713974560777,613,"Stop clowning around, this is serious."
2207,4920,1,6,48,55,1.1454545454545455,0.05454545454545457,613,"We do good cop, bad cop. Either way you're in trouble."
2571,4920,1,6,48,55,1.1454545454545455,0.05454545454545457,613,"First we laugh, then you sing."
2554,4920,0,8,47,55,1.1454545454545455,0.04797713974560777,613,"YOU THINK I'M CLOWNING AROUND? Well, maybe I am, but if you don't start giving me some answers soon the balloon dog gets the air let out of him.... slowly."
2532,4920,0,8,47,55,1.1454545454545455,0.04797713974560777,613,Quit clowning around and tell us where you hid the money.
2520,4920,0,8,47,55,1.1454545454545455,0.04797713974560777,613,"Alright, we are through clowning around who is Trump's hair stylist?"
2487,4920,1,6,48,55,1.1454545454545455,0.05454545454545457,613,"I have enjoyed my time as sub, but now here is your teacher back from sick leave."
2477,4920,0,8,47,55,1.1454545454545455,0.04797713974560777,613,"Now, since you are eighteen, you have two options: Go to adult jail or be stuck with a bozo like him in juvie."
2466,4920,0,8,47,55,1.1454545454545455,0.04797713974560777,613,I'm the bad cop! He's the funny cop.
2458,4920,1,6,48,55,1.1454545454545455,0.05454545454545457,613,"He might be clowning around, but I'm not."
2405,4920,1,6,48,55,1.1454545454545455,0.05454545454545457,613,Leaving Snoopy in your car is a felony
2395,4920,1,6,48,55,1.1454545454545455,0.05454545454545457,613,It's his version of good cop for juveniles.
2373,4920,1,6,48,55,1.1454545454545455,0.05454545454545457,613,"Alright, enough clowning around with you Bozo..."
2315,4920,1,6,48,55,1.1454545454545455,0.05454545454545457,613,Please excuse my partner! He's really pushing to be the good cop...
2293,4920,1,6,48,55,1.1454545454545455,0.05454545454545457,613,Don't listen to him . . . that's fake news.
2275,4920,1,6,48,55,1.1454545454545455,0.05454545454545457,613,"So, you think you're the big class clown, do ya?"
2220,4920,0,8,47,55,1.1454545454545455,0.04797713974560777,613,"No, you're the bozo around here."
2151,4920,1,6,48,55,1.1454545454545455,0.05454545454545457,613,We may not have computers- but we have a great career counseling department.
5162,5219,1,7,54,62,1.1451612903225807,0.050626817657001666,613,"So, you really think this good cop, bad cop strategy will work?"
4616,5220,3,15,127,145,1.1448275862068966,0.033873935697221545,613,"Sorry I'm late, officer. I just got off the night shift."
6849,5221,2,14,109,125,1.144,0.03538543531254157,613,"If you lie, this is what could become of you."
5219,5222,1,6,49,56,1.1428571428571428,0.053625513823539174,613,"OK. Do you want to do this the easy way, or the hard way?"
5184,5222,2,4,50,56,1.1428571428571428,0.059372101042402405,613,what do you take us for? A couple of bozos off the street!
5081,5222,0,8,48,56,1.1428571428571428,0.047184161362558326,613,"And if you thought I was the bad cop, just wait until he starts throwing pies..."
5062,5222,0,8,48,56,1.1428571428571428,0.047184161362558326,613,"You will not speak of what just happened in this room, for all of our sakes."
5046,5222,2,4,50,56,1.1428571428571428,0.059372101042402405,613,This is no laughing matter Zuckerberg!
5011,5222,0,8,48,56,1.1428571428571428,0.047184161362558326,613,Bring your kid to work day!
4863,5222,1,6,49,56,1.1428571428571428,0.053625513823539174,613,Sting op: Gathering of the Juggalos
4859,5222,0,8,48,56,1.1428571428571428,0.047184161362558326,613,"No more Mr. Nice Guy. Try giving that story to my partner, Mr. Nicer Guy."
4811,5222,0,8,48,56,1.1428571428571428,0.047184161362558326,613,I hope you're taking this seriously. We are.
4778,5222,0,8,48,56,1.1428571428571428,0.047184161362558326,613,"Yeah we do carpool together, why do you ask?"
4764,5222,1,6,49,56,1.1428571428571428,0.053625513823539174,613,That’s total balooney!
4665,5222,1,6,49,56,1.1428571428571428,0.053625513823539174,613,And it was your understanding that you did NOT have to bring the fun?
4267,5222,0,8,48,56,1.1428571428571428,0.047184161362558326,613,"Oh no, pal. I was doing 'Good Cop'..."
4230,5222,1,6,49,56,1.1428571428571428,0.053625513823539174,613,"""And stop calling me 'good clown'""!"
4084,5222,0,8,48,56,1.1428571428571428,0.047184161362558326,613,"You can talk to me, or you talk to my partner 'happy.'"
5577,5222,1,6,49,56,1.1428571428571428,0.053625513823539174,613,We are your good cop and bad comic team.
5641,5222,0,8,48,56,1.1428571428571428,0.047184161362558326,613,The awesomely effective good cop-bad hair day technique.
5755,5222,0,8,48,56,1.1428571428571428,0.047184161362558326,613,"Detective, can you remind our young friend why even one balloon animal is a serious quality of life offense."
5777,5222,0,8,48,56,1.1428571428571428,0.047184161362558326,613,Him? That's just God. Sometimes he likes to play policeman.
7035,5222,1,6,49,56,1.1428571428571428,0.053625513823539174,613,I'm not so sure about this good cop-bad cop's thing
7004,5222,1,6,49,56,1.1428571428571428,0.053625513823539174,613,"It's funny, don't you think, how we construct theories and predictions when the only constant is change; how we expect meaning when the only answer proffered is unrelenting silence."
6998,5222,0,8,48,56,1.1428571428571428,0.047184161362558326,613,"Well, I suppose LSD is, in fact, illegal."
6826,5222,0,8,48,56,1.1428571428571428,0.047184161362558326,613,So your accomplice tells us you swallowed the entire stash.
6769,5222,0,8,48,56,1.1428571428571428,0.047184161362558326,613,I'm the good cop. You don't even want to imagine . . .
6747,5222,1,6,49,56,1.1428571428571428,0.053625513823539174,613,"Frank, your dog was in my locker again"
6735,5222,1,6,49,56,1.1428571428571428,0.053625513823539174,613,"Let me get this straight. You picked the clown out of the lineup rather than Stoolie Steve, Rick the Rat, Ned the Nark, or Knuckles Ken because you like hamburgers?"
7189,5222,0,8,48,56,1.1428571428571428,0.047184161362558326,613,When was the last time you went to second grader's birthday party?
6668,5222,1,6,49,56,1.1428571428571428,0.053625513823539174,613,"We tried everything, good cop , bad cop NOW we're sending in the clowns"
6414,5222,0,8,48,56,1.1428571428571428,0.047184161362558326,613,He robbed the wrong circus...
6177,5222,0,8,48,56,1.1428571428571428,0.047184161362558326,613,"Frank took Good Cop, Sad Cop a little too far..."
6122,5222,1,6,49,56,1.1428571428571428,0.053625513823539174,613,"OK, here's the deal: We can do this the hard way or the really creepy way."
6014,5222,2,4,50,56,1.1428571428571428,0.059372101042402405,613,You think I'm the bad cop? You just wait until he starts his five hour long good clown bad puppet routine.
5919,5222,1,6,49,56,1.1428571428571428,0.053625513823539174,613,Talk or we'll lock you up with this guy.
5808,5222,1,6,49,56,1.1428571428571428,0.053625513823539174,613,Will you talk if my partner makes you laugh?
5785,5222,1,6,49,56,1.1428571428571428,0.053625513823539174,613,It's a condom dog. Want to ask Detective Hannibal if that's suspect meat inside it?
6612,5222,1,6,49,56,1.1428571428571428,0.053625513823539174,613,"Yes, he's the good clown and I'm the bad clown."
3806,5222,2,4,50,56,1.1428571428571428,0.059372101042402405,613,"This is a very serious situation, young man."
3874,5222,1,6,49,56,1.1428571428571428,0.053625513823539174,613,"No, *I'm* the Bad Clown in this Good Clown Bad Clown interrogation."
3644,5222,1,6,49,56,1.1428571428571428,0.053625513823539174,613,"You weren't prepared for the ol' ""good cop, clown cop"" routine, were you?"
1989,5222,0,8,48,56,1.1428571428571428,0.047184161362558326,613,''Let's take a step back and see what evolves''
1967,5222,1,6,49,56,1.1428571428571428,0.053625513823539174,613,"Actually, he’s supposed to be playing the bad cop."
1958,5222,1,6,49,56,1.1428571428571428,0.053625513823539174,613,Your story is ballooning hilariously out of control.
1890,5222,2,4,50,56,1.1428571428571428,0.059372101042402405,613,You wanna be a cop? You gotta face your fears. All of them. Say hello to Bobo the Angry Clown.
1876,5222,2,4,50,56,1.1428571428571428,0.059372101042402405,613,Start talkin' or it's confetti for you!
1764,5222,1,6,49,56,1.1428571428571428,0.053625513823539174,613,"If this mini-Koons floats then you're post-Capitalist. If it sinks, you're an aesthete."
1630,5222,1,6,49,56,1.1428571428571428,0.053625513823539174,613,Stop clowning. We have your dog.
1533,5222,1,6,49,56,1.1428571428571428,0.053625513823539174,613,"Listen son, this is no laughing matter."
1438,5222,0,8,48,56,1.1428571428571428,0.047184161362558326,613,"You've got it wrong, Gary. I'm the good cop -- he's actually the clown from ""Poltergeist."""
1271,5222,1,6,49,56,1.1428571428571428,0.053625513823539174,613,"No, this isn't Bad Cop, Good Cop. Why does you ask?"
1263,5222,3,2,51,56,1.1428571428571428,0.06460957383809222,613,"No, I’m the goodcop. No, I’m the good cop. You’d be much better off if Ronald here doesn’t have to step in."
1244,5222,0,8,48,56,1.1428571428571428,0.047184161362558326,613,"And I have to tell, I'm the GOOD COP in this interrogation."
917,5222,0,8,48,56,1.1428571428571428,0.047184161362558326,613,Confess. Or he’s gonna make a cat next!
53,5222,0,8,48,56,1.1428571428571428,0.047184161362558326,613,What do you mean you think someone in this PD is framing you for being behind all those clown scares last year? Perps will say anything to get out of here.
36,5222,0,8,48,56,1.1428571428571428,0.047184161362558326,613,"What kind of psycho kills a man, his pet monkey, his dog, his iguana, and his goldfish?"
2066,5222,1,6,49,56,1.1428571428571428,0.053625513823539174,613,"Our knot tying expert recognized your half-hitch technique when he got to the crime scene, sir."
2078,5222,1,6,49,56,1.1428571428571428,0.053625513823539174,613,"Make it easy on yourself, punk. He's just back from the Children's Ward."
3662,5222,1,6,49,56,1.1428571428571428,0.053625513823539174,613,"So Ya' think we're just going to play ""good clown, bad clown"" with ya'?"
2252,5222,0,8,48,56,1.1428571428571428,0.047184161362558326,613,Planted evidence?! What makes you think it was planted?
2095,5222,1,6,49,56,1.1428571428571428,0.053625513823539174,613,I'm not clowning around. (with I'm italicized)
3620,5222,1,6,49,56,1.1428571428571428,0.053625513823539174,613,Fine! Now I’ll introduce you to my partner and his little friend.
3531,5222,2,4,50,56,1.1428571428571428,0.059372101042402405,613,Really? You can't tell which of us is the good cop?
3443,5222,0,8,48,56,1.1428571428571428,0.047184161362558326,613,I want you to think deeply about innovation. Your future is on the line.
3435,5222,1,6,49,56,1.1428571428571428,0.053625513823539174,613,To qualify for a college athletic scholarship Boo-Boo here will take you through the math and science requirements.
3334,5222,1,6,49,56,1.1428571428571428,0.053625513823539174,613,Last chance before I turn you over to the clown.
3070,5222,0,8,48,56,1.1428571428571428,0.047184161362558326,613,Oh really? Well my witness here has proof you were just blowing a lot of hot air.
3060,5222,2,4,50,56,1.1428571428571428,0.059372101042402405,613,Balooney!
3408,5222,0,8,48,56,1.1428571428571428,0.047184161362558326,613,"Just so you know - we don't do 'bad-cop, good-cop' anymore."
2963,5222,0,8,48,56,1.1428571428571428,0.047184161362558326,613,You think I'm funny? Well let's see if you find this humorous.
2941,5222,1,6,49,56,1.1428571428571428,0.053625513823539174,613,"Are you sure he went to law school, he really doesn't understand this good-cop bad-cop thing?"
2759,5222,1,6,49,56,1.1428571428571428,0.053625513823539174,613,"Yeah well, here, it's good cop, bad clown."
2579,5222,0,8,48,56,1.1428571428571428,0.047184161362558326,613,"No good cop, bad cop in this precinct, buddy."
2475,5222,2,4,50,56,1.1428571428571428,0.059372101042402405,613,Show me on the doggie where the bad man touched you.
2359,5222,0,8,48,56,1.1428571428571428,0.047184161362558326,613,You’re never too old to have a delinquent childhood.
2341,5222,0,8,48,56,1.1428571428571428,0.047184161362558326,613,I’m not clowning around. Detective Ramsey is another matter altogether.
3002,5222,0,8,48,56,1.1428571428571428,0.047184161362558326,613,A classic case of good cop -clown cop.
1975,5297,3,28,208,239,1.1422594142259415,0.0248631781840906,613,You better start remembering or things can take an ugly turn.
4090,5298,5,14,150,169,1.1420118343195267,0.03282493887727472,613,"You better talk to me, he's not clowning around with that dog!"
5284,5299,0,8,49,57,1.1403508771929824,0.046416689667799826,613,"Give it up, Marcos. We've got you on the left-handed French knot."
4312,5299,1,6,50,57,1.1403508771929824,0.05273590328947571,613,I'M THE GOOD COP. HE'S THE BAD COP. THAT BALLOON DOG USED TO BE YOUR PARTNER.
4742,5299,1,6,50,57,1.1403508771929824,0.05273590328947571,613,"So, Mr Koons, you can stick with your story or you can tell my friend Bozo here what you REALLY did with his dog."
4802,5299,0,8,49,57,1.1403508771929824,0.046416689667799826,613,"No use lying, kid. We found your dog at the scene."
5224,5299,3,2,52,57,1.1403508771929824,0.06351541803245206,613,Are you sure you want Detective Bozzo here with the dog-balloon to demonstrate his unorthodox technique for getting tongue-tied perps like you to talk?
5376,5299,1,6,50,57,1.1403508771929824,0.05273590328947571,613,"It’s called ‘good cop, bad clown’."
6619,5299,1,6,50,57,1.1403508771929824,0.05273590328947571,613,"What, never heard of ""Good Cop, Bad Clown""?"
5639,5299,0,8,49,57,1.1403508771929824,0.046416689667799826,613,It might surprise you to hear that I am the good cop
5781,5299,1,6,50,57,1.1403508771929824,0.05273590328947571,613,"It’s not Jenkins’ first rodeo, scumbag."
5965,5299,1,6,50,57,1.1403508771929824,0.05273590328947571,613,"How do you plead, funny or not funny?"
6033,5299,0,8,49,57,1.1403508771929824,0.046416689667799826,613,He's here to show you what that song is really about!
6107,5299,1,6,50,57,1.1403508771929824,0.05273590328947571,613,We need you to go undercover.
6274,5299,1,6,50,57,1.1403508771929824,0.05273590328947571,613,"Your about to get the good cop, bozo the cop treatment."
5576,5299,0,8,49,57,1.1403508771929824,0.046416689667799826,613,"The law now says we gotta first demonstrate what we're gonna do to make you talk and furthermore, it can't be in a quote, threatening or negative manner, unquote."
3773,5299,0,8,49,57,1.1403508771929824,0.046416689667799826,613,"From your perspective, is this going well?"
3814,5299,1,6,50,57,1.1403508771929824,0.05273590328947571,613,James Comey exclusive: “My final days in the FBI had me feeling like a joke.”
3557,5299,0,8,49,57,1.1403508771929824,0.046416689667799826,613,Rule #1 in this school-no clowning around.
3595,5299,0,8,49,57,1.1403508771929824,0.046416689667799826,613,I'm done clowning around here. Confess. Or my partner is prepared to use harsher interrogation measures.
38,5299,2,4,51,57,1.1403508771929824,0.05837501102181511,613,"Admit you were at the crime scene or else Officer ""Clowny"" will twist you into a donkey."
991,5299,0,8,49,57,1.1403508771929824,0.046416689667799826,613,"Believe it or not, he's the bad cop."
1118,5299,1,6,50,57,1.1403508771929824,0.05273590328947571,613,"The sketch artist was out today, but we had Bob take a shot: does this look like the dog that hacked your website?"
1478,5299,2,4,51,57,1.1403508771929824,0.05837501102181511,613,"So you think hacking the launch codes server is funny, young man? Agent Bobo, here, from cyber crimes division might give you a dose of reality!"
1612,5299,1,6,50,57,1.1403508771929824,0.05273590328947571,613,"If you don't tell us where you hid the loot, Bozo is going to make you look like that balloon."
1805,5299,1,6,50,57,1.1403508771929824,0.05273590328947571,613,"Listen here, Bozo- I need for you to quit clowning around and tell us where you hid the drugs."
2885,5299,2,4,51,57,1.1403508771929824,0.05837501102181511,613,"I will not tolerate clowning around in my classroom. Well, except from Ted here."
2513,5299,2,4,51,57,1.1403508771929824,0.05837501102181511,613,"Yes, THAT Jeff Koons. He won't press charges if you give him his kitsch back."
3039,5299,2,4,51,57,1.1403508771929824,0.05837501102181511,613,Our best shot is if you plead insanity. But we’re gonna have to make it seem realistic.” “There’s a clown behind you holding a balloon animal.” “Exactly Bill! Just like that!
3391,5299,1,6,50,57,1.1403508771929824,0.05273590328947571,613,"So, who flew over the cuckoo nest?"
3481,5299,1,6,50,57,1.1403508771929824,0.05273590328947571,613,You'd better hope I'm the bad cop.
3502,5299,1,6,50,57,1.1403508771929824,0.05273590328947571,613,"No, he doesn't do Bar Mitzvahs anymore, the kids were too confused by his bodycam videos."
3539,5299,1,6,50,57,1.1403508771929824,0.05273590328947571,613,"Believe it or not, I'm the good police."
1994,5299,0,8,49,57,1.1403508771929824,0.046416689667799826,613,Does it look like we're clowning around?
1880,5331,2,17,132,151,1.1390728476821192,0.031221964164657206,613,a CHINESE balloon animal ?
6204,5332,1,8,63,72,1.1388888888888888,0.04556013565281042,613,"OK, Mr. Big Shot: I've about had enough of you. How did you make Sgt. Silly's dog bark?"
7148,5333,0,8,50,58,1.1379310344827587,0.04567352955396704,613,"It's a second generation interrogation technique, OK? Bad cop / surprisingly good cop."
6994,5333,1,6,51,58,1.1379310344827587,0.051875157633235774,613,Your claim that the invigilator ´allowed distractions’ during the exam has been referred to an external consultant.
6772,5333,1,6,51,58,1.1379310344827587,0.051875157633235774,613,He thinks he’s the office funny guy.
6712,5333,0,8,50,58,1.1379310344827587,0.04567352955396704,613,Don't kid yourself. This is not a trial balloon.
5623,5333,1,6,51,58,1.1379310344827587,0.051875157633235774,613,"Good cop, bad clown - it’s your choice."
3947,5333,1,6,51,58,1.1379310344827587,0.051875157633235774,613,This is not good cop -bad cop. This is good cop-clown cop . No one knows what the clown may do.
3453,5333,2,4,52,58,1.1379310344827587,0.05741073642646485,613,"Yes, but he can also make a balloon version of the murder weapon."
2171,5333,0,8,50,58,1.1379310344827587,0.04567352955396704,613,"The good cop, wag cop routine."
1945,5333,1,6,51,58,1.1379310344827587,0.051875157633235774,613,Did you really think Bubbles would offload your entire supply?
1750,5333,1,6,51,58,1.1379310344827587,0.051875157633235774,613,Talk Winston! Or he makes a rat.
1444,5333,2,4,52,58,1.1379310344827587,0.05741073642646485,613,Don’t look at me they’re the ones who said I couldn’t wear my costume
1229,5333,1,6,51,58,1.1379310344827587,0.051875157633235774,613,Spit out the truth Bobby!! Or the next puppy is gonna have teeth!
172,5333,1,6,51,58,1.1379310344827587,0.051875157633235774,613,"Don't make me play 'good clown, bad clown.' There is no good clown."
2957,5333,0,8,50,58,1.1379310344827587,0.04567352955396704,613,Let’s get one thing straight. I don’t care if you’re scared of Emmett Kelly wannabes.
701,5333,1,6,51,58,1.1379310344827587,0.051875157633235774,613,"... no, perp, it’s him who’s the bad cop ... you know, balloon animal twisting noises don’t fall under the Eighth Amendment ..."
5888,5348,2,12,103,117,1.1367521367521367,0.03622713595638704,613,I'm giving you one more chance. Look at me; who's the good clown here?
6720,5349,1,7,58,66,1.1363636363636365,0.04772866020849245,613,"Sir, IT was a movie. This man is just a really silly cop."
7106,5350,0,8,51,59,1.1355932203389831,0.04495355820696532,613,Can you describe the thief describe him in terms of balloon animals?
3239,5350,0,8,51,59,1.1355932203389831,0.04495355820696532,613,"My partner the ""good cop"" just got off a birthday clown gig, and he is definitely not happy."
6739,5350,1,6,52,59,1.1355932203389831,0.05104190368129809,613,"You decide, good cop or bad cop"
6311,5350,1,6,52,59,1.1355932203389831,0.05104190368129809,613,"Now hear me out, young man: That teacher is a clown—I am not!"
3834,5350,0,8,51,59,1.1355932203389831,0.04495355820696532,613,So you're into hot music!
2530,5350,1,6,52,59,1.1355932203389831,0.05104190368129809,613,"Pay attention! We're playing bad cop, fun cop."
970,5350,0,8,51,59,1.1355932203389831,0.04495355820696532,613,What makes you think we're doing good-cop-clown-cop?
906,5350,1,6,52,59,1.1355932203389831,0.05104190368129809,613,"Your choice - you can have the dog, or we can pop it in your face."
385,5350,0,8,51,59,1.1355932203389831,0.04495355820696532,613,"No. The dog is not Lassie, and she's not gonna help you."
33,5350,1,6,52,59,1.1355932203389831,0.05104190368129809,613,"Sir, I think there more than a link that's missing here."
1021,5350,1,6,52,59,1.1355932203389831,0.05104190368129809,613,"Are you sayin' that this is what the perp looked like? Oh, now it's a red balloon dog. What happened to the blue one? Get your story straight 'cause our sketch artist will see right through you."
4896,5361,1,5,46,52,1.1346153846153846,0.055121189353288455,613,"Police interrogation reenacts ""clown boys"" hoist of the department's police dog."
4887,5361,1,5,46,52,1.1346153846153846,0.055121189353288455,613,"I thought he said ""good cop, ?????? cop."""
4866,5361,1,5,46,52,1.1346153846153846,0.055121189353288455,613,We've brought in an artist to recreate your assailant's features.
4857,5361,1,5,46,52,1.1346153846153846,0.055121189353288455,613,Clowning Around is our job bozo!
4856,5361,0,7,45,52,1.1346153846153846,0.04779328093727965,613,"""No, Stephen King is NOT the brother of Carole King. And no, my partner is NOT the good cop."
4842,5361,2,3,47,52,1.1346153846153846,0.0615832227858564,613,"Listen, I’m Mr. Nice Guy, the next guy won’t be so nice."
4837,5361,0,7,45,52,1.1346153846153846,0.04779328093727965,613,I'm the bad clown
4822,5361,2,3,47,52,1.1346153846153846,0.0615832227858564,613,"Sir, I think you'll want to see this"
4816,5361,1,5,46,52,1.1346153846153846,0.055121189353288455,613,Are you able to multitask?
4792,5361,1,5,46,52,1.1346153846153846,0.055121189353288455,613,"Ronald here tells me you deserve a break today, but only if you give it to me straight."
4805,5361,0,7,45,52,1.1346153846153846,0.04779328093727965,613,Officers are interrogating a student to see if he popped one of the ballons.
4755,5361,1,5,46,52,1.1346153846153846,0.055121189353288455,613,"Believe me, kid, you don't want to deal with Clown Cop."
4676,5361,0,7,45,52,1.1346153846153846,0.04779328093727965,613,Is he with you?
4660,5361,1,5,46,52,1.1346153846153846,0.055121189353288455,613,So. In this scenario am I the good cop or the bad cop?
4652,5361,0,7,45,52,1.1346153846153846,0.04779328093727965,613,Why did I put this on my resumé?
4643,5361,0,7,45,52,1.1346153846153846,0.04779328093727965,613,"So, you’re saying in Moscow, with the girls in the bed, Trump came back into the room looking like this!"
4631,5361,2,3,47,52,1.1346153846153846,0.0615832227858564,613,You don't want me to turn you over to the good cop
4603,5361,1,5,46,52,1.1346153846153846,0.055121189353288455,613,Is this the balloon animal that fueled your irrational hatred of clowns?
4596,5361,1,5,46,52,1.1346153846153846,0.055121189353288455,613,"Confess now, or I'll be forced to bring in Mr. Happy Clown."
4807,5361,0,7,45,52,1.1346153846153846,0.04779328093727965,613,"Talk to this clown or the balloon dog gets poked!"""
4903,5361,1,5,46,52,1.1346153846153846,0.055121189353288455,613,"Frown Cop, Clown Cop."
4949,5361,1,5,46,52,1.1346153846153846,0.055121189353288455,613,"Yeah, I'm the 'bad cop.' Frank here is the 'worse cop.' I suggest you to talk to me."
4959,5361,0,7,45,52,1.1346153846153846,0.04779328093727965,613,Fess up or we'll have no choice but to interrogate you as a juvenile.
5194,5361,1,5,46,52,1.1346153846153846,0.055121189353288455,613,"C'mon. Good cop, bad clown is not going to work on me."
5183,5361,0,7,45,52,1.1346153846153846,0.04779328093727965,613,"According to the vice clown, the bone went missing when Jane blew out the candles."
5125,5361,1,5,46,52,1.1346153846153846,0.055121189353288455,613,you clowns are all alike!
5123,5361,1,5,46,52,1.1346153846153846,0.055121189353288455,613,Tell me what you know or the dog gets it
5117,5361,2,3,47,52,1.1346153846153846,0.0615832227858564,613,And which one of you is supposed to be the bad cop?
5105,5361,1,5,46,52,1.1346153846153846,0.055121189353288455,613,It took some clowning around but we finally gotcha.
5096,5361,1,5,46,52,1.1346153846153846,0.055121189353288455,613,"Talk, or the clown will make that balloon animal squeak!"
5082,5361,1,5,46,52,1.1346153846153846,0.055121189353288455,613,"Okay! Kid, I'm the Grinch Cop and this is my partner the Funny Cop."
5063,5361,1,5,46,52,1.1346153846153846,0.055121189353288455,613,"No, Inspector Koons is not a clown, but that's how you made him feel when mocked his Balloon Dog."
5059,5361,1,5,46,52,1.1346153846153846,0.055121189353288455,613,"We both know Bill's gonna kill you if you don't bring the dog home, Georgie."
5052,5361,2,3,47,52,1.1346153846153846,0.0615832227858564,613,Meet my friend. Captain Hearts and Minds.
5029,5361,1,5,46,52,1.1346153846153846,0.055121189353288455,613,"It looks like your play date is here. I'll leave you two alone, unless you have something you want to say?"
5026,5361,0,7,45,52,1.1346153846153846,0.04779328093727965,613,- Don't make us laugh ! it wasn't even your birthday !
5001,5361,0,7,45,52,1.1346153846153846,0.04779328093727965,613,He is also making his own shoes...which is no small feat
4998,5361,0,7,45,52,1.1346153846153846,0.04779328093727965,613,"Forgive my partner. Detective Brinkley takes Casual Fridays a little too far. Now, where were you on the night of the 20th?"
4992,5361,1,5,46,52,1.1346153846153846,0.055121189353288455,613,Detective Bozo found this in your apartment. He's not clowning around!
4979,5361,0,7,45,52,1.1346153846153846,0.04779328093727965,613,You upset Ronald....It's his favorite puppy...
4977,5361,0,7,45,52,1.1346153846153846,0.04779328093727965,613,He'll have you laughing all the way to the clank
4966,5361,1,5,46,52,1.1346153846153846,0.055121189353288455,613,Talk to me or talk to the CIA.
4936,5361,0,7,45,52,1.1346153846153846,0.04779328093727965,613,"Lieutenant, of course it is not entrapment. I just distracted the suspect with a funny hat."
4588,5361,1,5,46,52,1.1346153846153846,0.055121189353288455,613,"OK wiseguy, enough of your clowning around. Let’s see if Sgt. Bozo and his K-9 Twist think it’s funny."
4539,5361,1,5,46,52,1.1346153846153846,0.055121189353288455,613,I don't want any more funny business!
4543,5361,0,7,45,52,1.1346153846153846,0.04779328093727965,613,You’re gonna pray for the ol’ good cop-bad cop routine once my partner is done with you.
4069,5361,1,5,46,52,1.1346153846153846,0.055121189353288455,613,"You know who we have on the other side of that door, but the clown wig and the balloon dog was the only way we could elicit a presidential confession..."
4053,5361,1,5,46,52,1.1346153846153846,0.055121189353288455,613,Meanwhile in Guantanamo Bay...
4047,5361,1,5,46,52,1.1346153846153846,0.055121189353288455,613,I told you not to clown around with that crap!
4011,5361,0,7,45,52,1.1346153846153846,0.04779328093727965,613,"Alright funny guy, what did you do with the Christmas tree."
4003,5361,0,7,45,52,1.1346153846153846,0.04779328093727965,613,Does this jog any of those infancy memories?
4000,5361,2,3,47,52,1.1346153846153846,0.0615832227858564,613,I'm the serious cop.
3995,5361,0,7,45,52,1.1346153846153846,0.04779328093727965,613,"You've heard of ""Good Cop/Bad Cop""? We've got something worse! We've got ""Good Cop/Clown Cop""!!"
3983,5361,1,5,46,52,1.1346153846153846,0.055121189353288455,613,You're not leaving here until you've mastered the art of clowning about.
3981,5361,0,7,45,52,1.1346153846153846,0.04779328093727965,613,Start talking and maybe he'll make you that bunny rabbit.
3960,5361,1,5,46,52,1.1346153846153846,0.055121189353288455,613,"He can also make handcuffs, Jerry!"
3925,5361,0,7,45,52,1.1346153846153846,0.04779328093727965,613,Think you're tough! Wait until you have 10 minutes with Mr. Goodcop Happyface... you'll sing like a canary!!
3922,5361,1,5,46,52,1.1346153846153846,0.055121189353288455,613,"""Kelly throw him and the other 24 suspects in YOUR car and take'm to Rikers""!"
3916,5361,0,7,45,52,1.1346153846153846,0.04779328093727965,613,"Quit clowning around, that’s his job"
7298,5361,2,3,47,52,1.1346153846153846,0.0615832227858564,613,Don't even think for one minute we're foolin' around here!
3857,5361,1,5,46,52,1.1346153846153846,0.055121189353288455,613,"Does Officer Whiplash frighten you Mr. Cramer? WHERE'S THE MONEY? Talk, or Mr. ""good cop"" back there will turn YOU into a twisted poodle!"
3808,5361,1,5,46,52,1.1346153846153846,0.055121189353288455,613,"It's the old 'good pop, bad pop' routine."
3792,5361,1,5,46,52,1.1346153846153846,0.055121189353288455,613,We have ways of making you pennywise guys talk.
3785,5361,1,5,46,52,1.1346153846153846,0.055121189353288455,613,"If you take the plea deal, we'll offer you a job. We're desperate, here."
5195,5361,0,7,45,52,1.1346153846153846,0.04779328093727965,613,This aint no joking matter.
4109,5361,0,7,45,52,1.1346153846153846,0.04779328093727965,613,Now stop stalling and tell us where you got the illicit seltzer or you'll have to answer to Det. Bojangles.
4123,5361,2,3,47,52,1.1346153846153846,0.0615832227858564,613,It's time that you stopped clowning around
4179,5361,1,5,46,52,1.1346153846153846,0.055121189353288455,613,You can't lie your way out of this one....recognize this guy?
4194,5361,0,7,45,52,1.1346153846153846,0.04779328093727965,613,"No, I AM the one who's going to be asking the questions today!"
4531,5361,2,3,47,52,1.1346153846153846,0.0615832227858564,613,"Forget good cop, bad cop!"
4508,5361,0,7,45,52,1.1346153846153846,0.04779328093727965,613,Honk.
4473,5361,1,5,46,52,1.1346153846153846,0.055121189353288455,613,"Believe it or not, we're not clowning around here."
4461,5361,1,5,46,52,1.1346153846153846,0.055121189353288455,613,Know what's really scary? I'm the good cop.
4437,5361,0,7,45,52,1.1346153846153846,0.04779328093727965,613,Please don´t try to make fools of ourselves and answer the goddamn question!
4436,5361,1,5,46,52,1.1346153846153846,0.055121189353288455,613,Mike took “good cop” very seriously.
4403,5361,1,5,46,52,1.1346153846153846,0.055121189353288455,613,Undercover sting operation nets man's arrest and detective's dignity.
4387,5361,0,7,45,52,1.1346153846153846,0.04779328093727965,613,"Prefer the Good Cop, ey? ""The Donald"" is only here Tuesday and Thursday mornings right after his tweet-storm."
4338,5361,0,7,45,52,1.1346153846153846,0.04779328093727965,613,Bribery is a serious offense!
4568,5361,0,7,45,52,1.1346153846153846,0.04779328093727965,613,When good cops go Bozo.
4329,5361,2,3,47,52,1.1346153846153846,0.0615832227858564,613,"Emmett adds a new character to the good cop, bad cop routine."
4296,5361,0,7,45,52,1.1346153846153846,0.04779328093727965,613,Leaving the clowning around to us.
4280,5361,0,7,45,52,1.1346153846153846,0.04779328093727965,613,"'You better believe I'm the good cop and Bozo is not!"""
4272,5361,2,3,47,52,1.1346153846153846,0.0615832227858564,613,Confess now or spend five hours with this clown-school dropout.
4255,5361,0,7,45,52,1.1346153846153846,0.04779328093727965,613,"We've met all your requests: soda, bathroom break, live entertainment; now 'fess up."
4247,5361,1,5,46,52,1.1346153846153846,0.055121189353288455,613,Your clowning around is ballooning out of hand.
4233,5361,1,5,46,52,1.1346153846153846,0.055121189353288455,613,"We tried the good cop, bad cop routine. It's time for something altogether different."
4231,5361,1,5,46,52,1.1346153846153846,0.055121189353288455,613,No I told you before he is not Jeff Koons.
4211,5361,2,3,47,52,1.1346153846153846,0.0615832227858564,613,"What do you mean, I’m bummin your trip?"
4201,5361,1,5,46,52,1.1346153846153846,0.055121189353288455,613,We know all of your tricks. Don't try to clown around with us.
4310,5361,2,3,47,52,1.1346153846153846,0.0615832227858564,613,Did you do IT?!
5234,5361,0,7,45,52,1.1346153846153846,0.04779328093727965,613,"That concludes the ""good cop"" portion of this interrogation."
3733,5361,0,7,45,52,1.1346153846153846,0.04779328093727965,613,The good cop is out sick today.
5310,5361,1,5,46,52,1.1346153846153846,0.055121189353288455,613,This is our good clown/bad clown technique.
6518,5361,1,5,46,52,1.1346153846153846,0.055121189353288455,613,And this is just how the victim described you looking that night!
6504,5361,0,7,45,52,1.1346153846153846,0.04779328093727965,613,"Have you ever heard of scale in business, young man?"
6502,5361,1,5,46,52,1.1346153846153846,0.055121189353288455,613,This guy's rubbin' me the wrong way
6498,5361,0,7,45,52,1.1346153846153846,0.04779328093727965,613,"Enough fooling around, we know you have the skills to pull it off"
6478,5361,0,7,45,52,1.1346153846153846,0.04779328093727965,613,So you're saying this is the animal that bit that poor lady?
6476,5361,0,7,45,52,1.1346153846153846,0.04779328093727965,613,Yeah... I think it would be Pennywise if me to ask for a lawyer...
6460,5361,0,7,45,52,1.1346153846153846,0.04779328093727965,613,You're really telling me Cambridge Analytica's profiling is that good?
6436,5361,0,7,45,52,1.1346153846153846,0.04779328093727965,613,"Think about this: If you don't cooperate he's going to squeeze your dog to death, and he's the good cop!"
6418,5361,0,7,45,52,1.1346153846153846,0.04779328093727965,613,"Don’t be fooled, he’s the head of the Witness Protection Program."
6386,5361,1,5,46,52,1.1346153846153846,0.055121189353288455,613,"I know our sketch artist isn't here, but please try to concentrate."
6382,5361,0,7,45,52,1.1346153846153846,0.04779328093727965,613,Now give us the information or I'll have him do the sword.
6379,5361,0,7,45,52,1.1346153846153846,0.04779328093727965,613,You tried to pass this off as a Koons?
6349,5361,0,7,45,52,1.1346153846153846,0.04779328093727965,613,You don't talk to me I turn you over to the clown cop.
6310,5361,1,5,46,52,1.1346153846153846,0.055121189353288455,613,No. No caramel corn and no damn swirly hat.
6279,5361,1,5,46,52,1.1346153846153846,0.055121189353288455,613,"Now, Detective Kelly here is going to squeak the dog until you freakin' talk!"
6268,5361,0,7,45,52,1.1346153846153846,0.04779328093727965,613,"As you may have guessed, I'm the Good Cop. Sal here, on the other hand, doesn't joke around."
6246,5361,0,7,45,52,1.1346153846153846,0.04779328093727965,613,Ain't you never heard of Bad Cop/Goof Cop?
6222,5361,0,7,45,52,1.1346153846153846,0.04779328093727965,613,Does this match your description? Koons is gonna be pissed!
6213,5361,0,7,45,52,1.1346153846153846,0.04779328093727965,613,I’ll stop calling you a Clown if you stop referring to my partner as a Bozo.
6550,5361,0,7,45,52,1.1346153846153846,0.04779328093727965,613,You think this is funny? Well it ain't funny.
6574,5361,1,5,46,52,1.1346153846153846,0.055121189353288455,613,"Ignore my colleague, he's got somewhere to be straight after this."
6583,5361,0,7,45,52,1.1346153846153846,0.04779328093727965,613,"So, is the Good Cop on his way, or . . ."
6616,5361,1,5,46,52,1.1346153846153846,0.055121189353288455,613,"If we resort to enhanced interrogation techniques, it won't be pretty."
7291,5361,0,7,45,52,1.1346153846153846,0.04779328093727965,613,"Who screwed the pooch, Bozo?"
7237,5361,0,7,45,52,1.1346153846153846,0.04779328093727965,613,"So then, what did you do after your dog pooped?"
7229,5361,1,5,46,52,1.1346153846153846,0.055121189353288455,613,Coulrophobia a problem for you?
7207,5361,0,7,45,52,1.1346153846153846,0.04779328093727965,613,Anything Ringling a bell?
7156,5361,0,7,45,52,1.1346153846153846,0.04779328093727965,613,"It's good cop, clown cop."
7100,5361,0,7,45,52,1.1346153846153846,0.04779328093727965,613,The canine unit has detected the presence of cotton candy . . .
7097,5361,0,7,45,52,1.1346153846153846,0.04779328093727965,613,"He's a barrel of laughs and lets you go out the door after you confess. With me, you just go out the window."
7081,5361,1,5,46,52,1.1346153846153846,0.055121189353288455,613,"Alright Bucko. If good cop doesn’t work, let’s see what passive-aggressive cop does."
7065,5361,1,5,46,52,1.1346153846153846,0.055121189353288455,613,"If you cooperate, we'll put you in the balloon twisting program."
6210,5361,1,5,46,52,1.1346153846153846,0.055121189353288455,613,"To sum up, Jon, be more proactive and learn from your leaders"
6981,5361,1,5,46,52,1.1346153846153846,0.055121189353288455,613,"Actually, that's a balloon dog in his pocket, and he's not pleased to see you."
6935,5361,0,7,45,52,1.1346153846153846,0.04779328093727965,613,"Mr. Jones, the evidence against you is not over-inflated."
6933,5361,0,7,45,52,1.1346153846153846,0.04779328093727965,613,Okay if my partner practices his act or are you ready to confess?
6842,5361,1,5,46,52,1.1346153846153846,0.055121189353288455,613,"Why not talk now? If you think this is scary, wait till you see what's behind the door."
6836,5361,1,5,46,52,1.1346153846153846,0.055121189353288455,613,"Give it up now, punk, or you're his for the rest of the night."
6792,5361,1,5,46,52,1.1346153846153846,0.055121189353288455,613,WE ARE REPLACING OUR CLOWN AND APPOINTING YOU AS OUR NEW WASHINGTON LOBBYIST. YOUR AGE ASSURES IMPROVED COMMUNICATION ATE THEIR LEVEL.
6789,5361,1,5,46,52,1.1346153846153846,0.055121189353288455,613,We'll draw you a picture. Did you say Trump isn't qualified to be a dogcatcher?
6774,5361,1,5,46,52,1.1346153846153846,0.055121189353288455,613,We pulled him off the Jeff Koons sting. Why?
6629,5361,0,7,45,52,1.1346153846153846,0.04779328093727965,613,So what if he makes balloon animals?
6617,5361,2,3,47,52,1.1346153846153846,0.0615832227858564,613,So you plead the fifth?
6977,5361,1,5,46,52,1.1346153846153846,0.055121189353288455,613,Where were you the night of the 14th? And no funny business this time!
5300,5361,2,3,47,52,1.1346153846153846,0.0615832227858564,613,"...and crack you will, he’s highly trained in psychological tactics."
6184,5361,0,7,45,52,1.1346153846153846,0.04779328093727965,613,You do NOT want me to bring in scary clown.
6128,5361,0,7,45,52,1.1346153846153846,0.04779328093727965,613,"Okay, smart guy, now it gets ugly..."
5634,5361,2,3,47,52,1.1346153846153846,0.0615832227858564,613,The Judge denied your final request...to go to the circus... so we’re meeting you half way.
5609,5361,1,5,46,52,1.1346153846153846,0.055121189353288455,613,"And what makes you think we're playing good cop, bad cop?"
5588,5361,0,7,45,52,1.1346153846153846,0.04779328093727965,613,"OK, you bozo, answer to one of your own ilk."
5584,5361,0,7,45,52,1.1346153846153846,0.04779328093727965,613,Because of the city's new LGBTQC policy.
5567,5361,3,1,48,52,1.1346153846153846,0.06742878570509606,613,You’ve heard of the good-cop bad-cop routine. Guess which one I am.
5566,5361,1,5,46,52,1.1346153846153846,0.055121189353288455,613,We know you know. Just say the magic words and we'll pop this thing wide open.
5554,5361,1,5,46,52,1.1346153846153846,0.055121189353288455,613,"Oh, you think our K-9 unit’s a bunch of clowns, huh?"
5525,5361,0,7,45,52,1.1346153846153846,0.04779328093727965,613,Look at me! I'm not clowning around.
5515,5361,0,7,45,52,1.1346153846153846,0.04779328093727965,613,"Okay, Mister Funny Guy, let's give it up for a real funny man."
5502,5361,1,5,46,52,1.1346153846153846,0.055121189353288455,613,Joe here is part of our crack undercover team that works the circus each year and we know this is yours. We just don't know if it's supposed to be a dog or what?
5499,5361,0,7,45,52,1.1346153846153846,0.04779328093727965,613,"Officer Chuckles disagrees with you, and he's got the evidence to prove it!"
5491,5361,1,5,46,52,1.1346153846153846,0.055121189353288455,613,"I thought you said blow-up dog , you pervert."
5450,5361,1,5,46,52,1.1346153846153846,0.055121189353288455,613,"...and if you're telling me that we're just full of hot air, and barking up the wrong tree, I've got a twist for you, sir - dammit is he doing it again?"
5413,5361,0,7,45,52,1.1346153846153846,0.04779328093727965,613,"OK, let's play angry cop, fun cop."
5410,5361,2,3,47,52,1.1346153846153846,0.0615832227858564,613,Your evidence is the real joke.
5398,5361,1,5,46,52,1.1346153846153846,0.055121189353288455,613,"If you think my Bad Cop is harsh, wait 'til you get Bad Clown Cop!"
5337,5361,0,7,45,52,1.1346153846153846,0.04779328093727965,613,"What makes you think we are doing 'good cop, bad cop?'"
5331,5361,2,3,47,52,1.1346153846153846,0.0615832227858564,613,We're the Jeff Koons squad. I'm good cop and he's goofy cop. Don't make us use the dog...
5327,5361,0,7,45,52,1.1346153846153846,0.04779328093727965,613,"Man, cops are a joke."
5665,5361,0,7,45,52,1.1346153846153846,0.04779328093727965,613,No funny business!
5673,5361,2,3,47,52,1.1346153846153846,0.0615832227858564,613,"The old good cop, funny cop routine."
5689,5361,1,5,46,52,1.1346153846153846,0.055121189353288455,613,"IF YOU CONFESS, GEORGE HERE WILL GIVE YOU THE ANIMAL BALLOON AND THROW IN SOME MAGIC!"
5775,5361,0,7,45,52,1.1346153846153846,0.04779328093727965,613,"no detective, i don't see anything funny going on here."
6124,5361,0,7,45,52,1.1346153846153846,0.04779328093727965,613,"...and by the way, I'm the good cop."
6104,5361,1,5,46,52,1.1346153846153846,0.055121189353288455,613,You were seen fondling the balloon. Don't deny it!
6079,5361,0,7,45,52,1.1346153846153846,0.04779328093727965,613,Don't let the makeup fool you young man. Greg's not as nice as he looks.
6056,5361,1,5,46,52,1.1346153846153846,0.055121189353288455,613,"You're looking at 25 years, pal. So tell me, what about all of this is funny?"
6045,5361,1,5,46,52,1.1346153846153846,0.055121189353288455,613,So yes it is a laughing matter!
6039,5361,1,5,46,52,1.1346153846153846,0.055121189353288455,613,We don't do good-cop-bad-cop here. We do bad-cop/nightmare.
6036,5361,1,5,46,52,1.1346153846153846,0.055121189353288455,613,What’s it gonna be? Good cop or clown cop?
5998,5361,1,5,46,52,1.1346153846153846,0.055121189353288455,613,"Mr. Jay, it's good to know you've followed your dream of becoming a circus clown."
5976,5361,1,5,46,52,1.1346153846153846,0.055121189353288455,613,He will only sing happy birthday if you confess
6170,5361,0,7,45,52,1.1346153846153846,0.04779328093727965,613,"So, do you want to talk now or do I turn you over to Koko the juvenile officer?"
5931,5361,1,5,46,52,1.1346153846153846,0.055121189353288455,613,He identified you as the bristle-blower.
5906,5361,1,5,46,52,1.1346153846153846,0.055121189353288455,613,"We know about your fear of clowns, kid, so confess now or I'm going to have to leave you alone with my partner, Bozo, and he doesn't play games."
5895,5361,2,3,47,52,1.1346153846153846,0.0615832227858564,613,It's career day for students in detention. Any questions?
5868,5361,1,5,46,52,1.1346153846153846,0.055121189353288455,613,You’ve gone and done it now. You thought I was bad cop?
5844,5361,0,7,45,52,1.1346153846153846,0.04779328093727965,613,Officer Bozo will make the balloon doggie squeak for the next three hours.
5833,5361,1,5,46,52,1.1346153846153846,0.055121189353288455,613,Do you really expect us to believe that a balloon did it?
5818,5361,0,7,45,52,1.1346153846153846,0.04779328093727965,613,And no facial hair? A mustache maybe?
5812,5361,2,3,47,52,1.1346153846153846,0.0615832227858564,613,"Hey, my partner over there used to be a clown like you. Now look at him."
5803,5361,0,7,45,52,1.1346153846153846,0.04779328093727965,613,My partner doesn’t clown around.
5798,5361,0,7,45,52,1.1346153846153846,0.04779328093727965,613,Just imagine what you do with you if you don’t start answering the question.
5907,5361,0,7,45,52,1.1346153846153846,0.04779328093727965,613,"So, which one is the good clown and which the bad one?"
3712,5361,1,5,46,52,1.1346153846153846,0.055121189353288455,613,"Listen, all I said was ""Why the long face?"" so can you let me go?"
3633,5361,0,7,45,52,1.1346153846153846,0.04779328093727965,613,"Yes, it's the updated version of twisting in the wind."
3706,5361,1,5,46,52,1.1346153846153846,0.055121189353288455,613,"This is good cop, clown cop, right?"
1432,5361,0,7,45,52,1.1346153846153846,0.04779328093727965,613,Pardon me a sec -- I'm the only guy in the office who can get the feet right.
1384,5361,1,5,46,52,1.1346153846153846,0.055121189353288455,613,"I got bad new for you, pal. I'm the good clown."
1372,5361,2,3,47,52,1.1346153846153846,0.0615832227858564,613,"My 4/16 magazine arrived today, April 16, 2018. If there's any concession to those of us who still read the New Yorker on paper, here's my suggestion for the drawing in the April 16 issue: ""Yep, victims of intelligent design."""
1359,5361,1,5,46,52,1.1346153846153846,0.055121189353288455,613,Admit you ate at Chick-Fillet or you have to eat this ballon hot dog!
1334,5361,0,7,45,52,1.1346153846153846,0.04779328093727965,613,"Look buddy, you either tell us what we wanna know, or my partner here is gonna start cryin'."
1279,5361,2,3,47,52,1.1346153846153846,0.0615832227858564,613,Bad cop's on his honeymoon
1274,5361,1,5,46,52,1.1346153846153846,0.055121189353288455,613,He'll kill his doggie ... when you don't play with him.
1252,5361,0,7,45,52,1.1346153846153846,0.04779328093727965,613,"Good cop, yada, yada, yada."
1241,5361,2,3,47,52,1.1346153846153846,0.0615832227858564,613,"We already have a class clown , Jensen ."
1235,5361,0,7,45,52,1.1346153846153846,0.04779328093727965,613,You think this investigation is a circus?
1233,5361,0,7,45,52,1.1346153846153846,0.04779328093727965,613,Yeah but are you SURE which is good cop and which is bad cop?
1227,5361,1,5,46,52,1.1346153846153846,0.055121189353288455,613,You’re in a lot of trouble son!
1214,5361,0,7,45,52,1.1346153846153846,0.04779328093727965,613,It's ME or HIM!
1194,5361,1,5,46,52,1.1346153846153846,0.055121189353288455,613,And don't be fooled by the street shoes.
1171,5361,0,7,45,52,1.1346153846153846,0.04779328093727965,613,Thanks Noob Noob. This guy gets it.
1158,5361,1,5,46,52,1.1346153846153846,0.055121189353288455,613,"After the success of “It,” Affirmative Action now includes these clowns."
1106,5361,0,7,45,52,1.1346153846153846,0.04779328093727965,613,You think this is funny? Just wait.
1104,5361,2,3,47,52,1.1346153846153846,0.0615832227858564,613,"Just tell me where the jewels are, Thompson, 'cause, trust me, you don't want me to let this bozo have his turn."
1092,5361,0,7,45,52,1.1346153846153846,0.04779328093727965,613,"Listen, pal, I'm not clowning around."
1441,5361,1,5,46,52,1.1346153846153846,0.055121189353288455,613,No more clowning around. Where did you bury the bodies?
1053,5361,0,7,45,52,1.1346153846153846,0.04779328093727965,613,"You won't talk?! Detective Lawrence, show this Punk! what they will do to him in prison."
1448,5361,1,5,46,52,1.1346153846153846,0.055121189353288455,613,"We're not clowning around here, tell us what you know!"
1455,5361,1,5,46,52,1.1346153846153846,0.055121189353288455,613,I'm the guy who's going to burst your poodle if you don't tell me the whole kit and caboodle.
1789,5361,0,7,45,52,1.1346153846153846,0.04779328093727965,613,Who's full of hot air now?
1763,5361,2,3,47,52,1.1346153846153846,0.0615832227858564,613,I'm not the bad cop -- he's the bad cop. We know about your irrational fear of clowns!
1753,5361,0,7,45,52,1.1346153846153846,0.04779328093727965,613,Let's just go back to good cop/bad cop.
1732,5361,1,5,46,52,1.1346153846153846,0.055121189353288455,613,"The good cop, bad cop routine grew stale."
1725,5361,0,7,45,52,1.1346153846153846,0.04779328093727965,613,"Spill, or we'll be forced to bring out the bunny."
1719,5361,2,3,47,52,1.1346153846153846,0.0615832227858564,613,"Pay attention, this is most likely to be on the Regents Exam this year"
1682,5361,1,5,46,52,1.1346153846153846,0.055121189353288455,613,"My partner moonlights at kids parties, so this is not a good cop/bad cop tactic."
1653,5361,0,7,45,52,1.1346153846153846,0.04779328093727965,613,"Before you answer, just remember--clowns are people too!"""
1651,5361,0,7,45,52,1.1346153846153846,0.04779328093727965,613,Does this look like the suspect?
1641,5361,2,3,47,52,1.1346153846153846,0.0615832227858564,613,He's suffering from post Etrade baby syndrome.
1619,5361,0,7,45,52,1.1346153846153846,0.04779328093727965,613,"We're not tolerant of hate crimes here, sir."
1618,5361,0,7,45,52,1.1346153846153846,0.04779328093727965,613,"Now listen, pal. I’m the straight man in his comedy act, and I ain’t carryin’ a rubber..."
1611,5361,0,7,45,52,1.1346153846153846,0.04779328093727965,613,"Okay, kid, from now on it's no more 'Mr. Nice Guy'."
1568,5361,1,5,46,52,1.1346153846153846,0.055121189353288455,613,The old silent treatment eh? Well we have ways of making you speak
1548,5361,1,5,46,52,1.1346153846153846,0.055121189353288455,613,Do you recognize that clowning around can be a serious offense?
1487,5361,0,7,45,52,1.1346153846153846,0.04779328093727965,613,The bad news for you is that I’m the good cop.
1481,5361,1,5,46,52,1.1346153846153846,0.055121189353288455,613,What is this some sort of twisted fantasy?
1473,5361,0,7,45,52,1.1346153846153846,0.04779328093727965,613,You want to be another clown in witness protection?
1461,5361,1,5,46,52,1.1346153846153846,0.055121189353288455,613,We're gonna take a little ride downtown. Sorry in advance about the legroom.
1454,5361,0,7,45,52,1.1346153846153846,0.04779328093727965,613,"You keep saying the truth will hurt, but Twisty tends to run out of balloons and want to use parts of your body."
1029,5361,1,5,46,52,1.1346153846153846,0.055121189353288455,613,Should have chosen bad cop over bad joker?
1008,5361,1,5,46,52,1.1346153846153846,0.055121189353288455,613,We can do this the easy way or the hard way. Which is it going to be?
994,5361,0,7,45,52,1.1346153846153846,0.04779328093727965,613,That's right! It's scared straight time.
392,5361,1,5,46,52,1.1346153846153846,0.055121189353288455,613,What makes you think I'm the bad cop?
384,5361,0,7,45,52,1.1346153846153846,0.04779328093727965,613,"You gotta ask yourself, punk, am I the good clown? Or the bad clown?"
378,5361,1,5,46,52,1.1346153846153846,0.055121189353288455,613,"Detective MacDonald here moonlights in fast food, you got a problem with that?"
365,5361,1,5,46,52,1.1346153846153846,0.055121189353288455,613,"I'm the 'Good Cop.' He's the pervert, and I'm going to leave if you don't start talking."
342,5361,0,7,45,52,1.1346153846153846,0.04779328093727965,613,Officer Bozo will take your statement now.
288,5361,1,5,46,52,1.1346153846153846,0.055121189353288455,613,"If you don't think he''s bad, wait 'til you see who we've got in the car."
267,5361,0,7,45,52,1.1346153846153846,0.04779328093727965,613,He can do this all day too…
256,5361,0,7,45,52,1.1346153846153846,0.04779328093727965,613,How do I know you are serious about wanting a position here?
237,5361,1,5,46,52,1.1346153846153846,0.055121189353288455,613,Don't make me leave you here with a bit of whimsy.
231,5361,0,7,45,52,1.1346153846153846,0.04779328093727965,613,"And now the bad news, I am the good cop."
218,5361,0,7,45,52,1.1346153846153846,0.04779328093727965,613,Do you want to end up like us?
183,5361,2,3,47,52,1.1346153846153846,0.0615832227858564,613,We know a ring leader when we see one.
149,5361,0,7,45,52,1.1346153846153846,0.04779328093727965,613,"You laugh, but he nabbed John Wayne Gacy"
143,5361,0,7,45,52,1.1346153846153846,0.04779328093727965,613,"Sgt. Buffo, why don't you make a balloon sock full of nickels for our friend here."
133,5361,1,5,46,52,1.1346153846153846,0.055121189353288455,613,I don't care if you're on mushrooms!
108,5361,1,5,46,52,1.1346153846153846,0.055121189353288455,613,Confess now or I leave you in alone with him.
43,5361,1,5,46,52,1.1346153846153846,0.055121189353288455,613,"So far, you're not in serious trouble, but that could change."
1,5361,1,5,46,52,1.1346153846153846,0.055121189353288455,613,Something about this case looks fishy.
3709,5361,0,7,45,52,1.1346153846153846,0.04779328093727965,613,"Your going to tell me exactly what happened you clow... uh, sorry Frank."
397,5361,0,7,45,52,1.1346153846153846,0.04779328093727965,613,"Of course you can have the good cop, but there will be an entertainment fee."
408,5361,0,7,45,52,1.1346153846153846,0.04779328093727965,613,"If you don't cooperate, we'll see what kind animals he can make with your limbs."
410,5361,2,3,47,52,1.1346153846153846,0.0615832227858564,613,It was done in the interrogation room by Mr. Clown with the doggie balloon!
412,5361,0,7,45,52,1.1346153846153846,0.04779328093727965,613,"We can play good clown bad clown all day long, so talk!"
942,5361,0,7,45,52,1.1346153846153846,0.04779328093727965,613,I’M good cop. You don’t wanna mess with clown cop.
855,5361,0,7,45,52,1.1346153846153846,0.04779328093727965,613,Talk! Or Detective Bozo will teach you a thing or two about balloon puppets.
848,5361,1,5,46,52,1.1346153846153846,0.055121189353288455,613,"Trust me, after 2 hours of watching balloon animals get made, you will be spilling your guts. Tells us what we want to know and you can avoid that suffering."
764,5361,1,5,46,52,1.1346153846153846,0.055121189353288455,613,You're going to have to be pretty damn convincing if that's your claim to insanity.
761,5361,1,5,46,52,1.1346153846153846,0.055121189353288455,613,We are here to entertain the truth!!!
727,5361,1,5,46,52,1.1346153846153846,0.055121189353288455,613,Principal Presley has had a small breakdown.
715,5361,0,7,45,52,1.1346153846153846,0.04779328093727965,613,Keep laughing and you'll really screw the pooch.
714,5361,0,7,45,52,1.1346153846153846,0.04779328093727965,613,No doubt you already know my role...punk.
713,5361,1,5,46,52,1.1346153846153846,0.055121189353288455,613,"That's highly offensive what you did, just sitting there looking like a normal guy."
1816,5361,1,5,46,52,1.1346153846153846,0.055121189353288455,613,You think I'm the bad cop?
712,5361,0,7,45,52,1.1346153846153846,0.04779328093727965,613,We are trying new approach to interagtion.
571,5361,0,7,45,52,1.1346153846153846,0.04779328093727965,613,You won't see the good cop until this bad cop is done with you.
468,5361,1,5,46,52,1.1346153846153846,0.055121189353288455,613,"Look, Mac, I'm the good cop. You don't want the bad cop dogging you..."
465,5361,2,3,47,52,1.1346153846153846,0.0615832227858564,613,Confess or I'll send in more clowns.
455,5361,0,7,45,52,1.1346153846153846,0.04779328093727965,613,We have ways of making you guffaw.
442,5361,1,5,46,52,1.1346153846153846,0.055121189353288455,613,The guy who sold you the van is my partner.
435,5361,1,5,46,52,1.1346153846153846,0.055121189353288455,613,"If you don't tell the truth, will set Mueller on you."
431,5361,0,7,45,52,1.1346153846153846,0.04779328093727965,613,We’re hiring only those with a sense of humor
415,5361,0,7,45,52,1.1346153846153846,0.04779328093727965,613,Keeping your mouth shut? We have ways of making a man squeak.
413,5361,0,7,45,52,1.1346153846153846,0.04779328093727965,613,And there's no 'goodie bag' either until you confess.
606,5361,1,5,46,52,1.1346153846153846,0.055121189353288455,613,Don't MAKE me send in the bad cop.
1847,5361,1,5,46,52,1.1346153846153846,0.055121189353288455,613,"Believe me, you don't want to be tickled until you talk."
45,5361,0,7,45,52,1.1346153846153846,0.04779328093727965,613,"If he can do that with a condom, you don’t want to know what he’ll do to you if you don’t come clean."
1909,5361,0,7,45,52,1.1346153846153846,0.04779328093727965,613,"Don't be so sure, punk. You may think I'm bad…"
3089,5361,1,5,46,52,1.1346153846153846,0.055121189353288455,613,"Look kid, there is a hierarchy. You, then me, then this guy, the latex predator."
3044,5361,0,7,45,52,1.1346153846153846,0.04779328093727965,613,Don't try to kid a kidder.
2994,5361,1,5,46,52,1.1346153846153846,0.055121189353288455,613,"I understand your fear of Uncle Doodles, but you must stop sniveling. We are trying to sell this to the Real Cop Show for big bucks. Don't screw this up!"
2958,5361,2,3,47,52,1.1346153846153846,0.0615832227858564,613,Officer Brown has been working undercover for weeks with his smart surveillance balloons. You sure you have nothing to say?
2956,5361,2,3,47,52,1.1346153846153846,0.0615832227858564,613,Keep lyin' and my colleague will pop your little balloon.
2947,5361,1,5,46,52,1.1346153846153846,0.055121189353288455,613,No more mister nice cop - he's gotta pick up an extra shift at the rodeo.
2937,5361,0,7,45,52,1.1346153846153846,0.04779328093727965,613,Confess and you get a nice doggy.
2921,5361,1,5,46,52,1.1346153846153846,0.055121189353288455,613,Your first mistake was forgetting that we take law enforcement more seriously here than they do in the Burger Kingdom.
2883,5361,1,5,46,52,1.1346153846153846,0.055121189353288455,613,"Confess, or the dog gets it."
2871,5361,1,5,46,52,1.1346153846153846,0.055121189353288455,613,"How could you break his heart like this? Sure, he wasn't actually a clown. But you weren't really a bearded lady."
2850,5361,0,7,45,52,1.1346153846153846,0.04779328093727965,613,Talk or I’ll ler the sad clown take over!
2845,5361,2,3,47,52,1.1346153846153846,0.0615832227858564,613,"Say, what did you do to my partner?"
2835,5361,0,7,45,52,1.1346153846153846,0.04779328093727965,613,"OK kid, I bought in the clown. Now talk."
2832,5361,2,3,47,52,1.1346153846153846,0.0615832227858564,613,"And you can take this to the bank, I'm the good cop!"
2801,5361,0,7,45,52,1.1346153846153846,0.04779328093727965,613,Here’s your FAIR trial!
2800,5361,1,5,46,52,1.1346153846153846,0.055121189353288455,613,"""Now we're going to play bad cop,Mr.President""."
2795,5361,1,5,46,52,1.1346153846153846,0.055121189353288455,613,"Okay wiseguy, unlike my partner here, you won't make a clown out of me!!"
2753,5361,0,7,45,52,1.1346153846153846,0.04779328093727965,613,We can do this the easy way or the party way.
2745,5361,0,7,45,52,1.1346153846153846,0.04779328093727965,613,"We're going to reenact everything you remember, starting from the beginning."
3183,5361,1,5,46,52,1.1346153846153846,0.055121189353288455,613,That's no balloon. That's the last guy who wouldn't confess.
2741,5361,1,5,46,52,1.1346153846153846,0.055121189353288455,613,Ignore him! He’s a reject from the interrogations training program.
3215,5361,1,5,46,52,1.1346153846153846,0.055121189353288455,613,How dare you judge a man by the colors of his skin!
3250,5361,2,3,47,52,1.1346153846153846,0.0615832227858564,613,You think you've been mistreated already?
3692,5361,2,3,47,52,1.1346153846153846,0.0615832227858564,613,If you think we’re pulling the old good cop bad clown routine on you you’ve got another thing coming.
3690,5361,0,7,45,52,1.1346153846153846,0.04779328093727965,613,"Yeah, well, that's what happens with an undercover clown!"
3668,5361,0,7,45,52,1.1346153846153846,0.04779328093727965,613,Do you really want to deal with Bozo the cop?
1887,5361,1,5,46,52,1.1346153846153846,0.055121189353288455,613,Ned was working under cover and saw you take the doggie.
3638,5361,1,5,46,52,1.1346153846153846,0.055121189353288455,613,Don't make me pull out the loot bag.
3572,5361,0,7,45,52,1.1346153846153846,0.04779328093727965,613,"Ok, Ok, I'll talk! A clown will do it everytime."
3544,5361,0,7,45,52,1.1346153846153846,0.04779328093727965,613,"You think I'm bad cop, kid? How'd you like to meet clown cop?"
3519,5361,0,7,45,52,1.1346153846153846,0.04779328093727965,613,"And now, a few question from Clown Cop and his little blow-up friend."
3515,5361,0,7,45,52,1.1346153846153846,0.04779328093727965,613,"Come clean you scumbag. Detective Boopsy found this by the vic, and he says it matches your MO."
3477,5361,1,5,46,52,1.1346153846153846,0.055121189353288455,613,Talk to me now 'cause the bad cop just arrived.
3465,5361,1,5,46,52,1.1346153846153846,0.055121189353288455,613,"Alright ya hoser, I'm giving ya one last chance to talk before Vinny says 'Please.'"
3458,5361,0,7,45,52,1.1346153846153846,0.04779328093727965,613,"Seriously, he's the bad cop."
3416,5361,0,7,45,52,1.1346153846153846,0.04779328093727965,613,Is he dressed as a clown again?
3403,5361,2,3,47,52,1.1346153846153846,0.0615832227858564,613,"Good President, Bad President?!?! Nope. Uh-uh. Guess again."
3382,5361,0,7,45,52,1.1346153846153846,0.04779328093727965,613,Stop laughing a woman is dead.
3378,5361,0,7,45,52,1.1346153846153846,0.04779328093727965,613,Wrong! He’s the useless cop.
3362,5361,1,5,46,52,1.1346153846153846,0.055121189353288455,613,"Roscoe here wants to know the trick, how you get the balloon back out squeaky clean."
3331,5361,1,5,46,52,1.1346153846153846,0.055121189353288455,613,"Sir, you have been reported harassing this balloon at 0300 hours this morning"
3263,5361,0,7,45,52,1.1346153846153846,0.04779328093727965,613,"Let you know, I am not the bad one..."
3235,5361,1,5,46,52,1.1346153846153846,0.055121189353288455,613,"So you won't answer? Then no more 'good cop', now it's 'clown cop'!"
2736,5361,0,7,45,52,1.1346153846153846,0.04779328093727965,613,A Lawyer? Officer Ruffles gots your lawyer right here.
2867,5361,2,3,47,52,1.1346153846153846,0.0615832227858564,613,You think this is funny? Keep laughing! Pennywise is next!
2692,5361,1,5,46,52,1.1346153846153846,0.055121189353288455,613,Don't pull any of that twisted carnival talk in this room.
2228,5361,0,7,45,52,1.1346153846153846,0.04779328093727965,613,"(Sheriff): ""You think waterboarding is bad..."""
2204,5361,0,7,45,52,1.1346153846153846,0.04779328093727965,613,"You can't have your phone call, but Officer Giggles can make you a pretty sweet giraffe"
2179,5361,1,5,46,52,1.1346153846153846,0.055121189353288455,613,"Listen, pal, make no mistake- I am the good cop."
2178,5361,1,5,46,52,1.1346153846153846,0.055121189353288455,613,"Alright, Barry. I've had enough of your crap. Either tell Officer Moreen- excuse me - Reeny the Ride-a-dick-ulous- you love his balloons, or face criminal punishment to the highest degree."
2167,5361,1,5,46,52,1.1346153846153846,0.055121189353288455,613,"Yeah. The bad cop was intimidating, but we think this guy is truly terrifying."
2162,5361,0,7,45,52,1.1346153846153846,0.04779328093727965,613,Guess it's time to play Good Cop/Bad Cop. Guess which one I am!
2157,5361,0,7,45,52,1.1346153846153846,0.04779328093727965,613,Memories of childhood trauma is not considered torture!
2155,5361,0,7,45,52,1.1346153846153846,0.04779328093727965,613,Detective Chuckles has conclusive proof you blew up the zoo.
2129,5361,0,7,45,52,1.1346153846153846,0.04779328093727965,613,He's got every trick in the book to make you confess.
2234,5361,1,5,46,52,1.1346153846153846,0.055121189353288455,613,Stop acting like we're a couple of clowns!
2699,5361,1,5,46,52,1.1346153846153846,0.055121189353288455,613,If you would stop clowning around maybe we could get a confession for this guy.
2072,5361,2,3,47,52,1.1346153846153846,0.0615832227858564,613,"Not gonna talk? In that case, we've got a business proposition for you."
2058,5361,1,5,46,52,1.1346153846153846,0.055121189353288455,613,Eating kimchi prior to blowing into balloon animals is punishable by death.
2037,5361,0,7,45,52,1.1346153846153846,0.04779328093727965,613,Stop clownin' around!
2034,5361,1,5,46,52,1.1346153846153846,0.055121189353288455,613,Say hello to my little friend!
2007,5361,0,7,45,52,1.1346153846153846,0.04779328093727965,613,If you think he's the 'good' cop you probably missed The Dark Knight...
1990,5361,2,3,47,52,1.1346153846153846,0.0615832227858564,613,He's our missing dog artist.
1968,5361,0,7,45,52,1.1346153846153846,0.04779328093727965,613,"Look: We can do this the easy way, or we can do this the *honk* way."
1961,5361,1,5,46,52,1.1346153846153846,0.055121189353288455,613,"Who do you think you’re talking to, son, the Bearded Lady?"
1944,5361,0,7,45,52,1.1346153846153846,0.04779328093727965,613,Just answer the question. Are you or are you not down to clown?
2075,5361,0,7,45,52,1.1346153846153846,0.04779328093727965,613,"Look, you can confess & take my deal, or some clown is gonna come in and show you nothin' but a bad time"
2238,5361,2,3,47,52,1.1346153846153846,0.0615832227858564,613,"You’ve heard about good cop, bad cop? Get a load of bad cop, worse cop."
2107,5361,0,7,45,52,1.1346153846153846,0.04779328093727965,613,Had enough of the bad cop?
2286,5361,1,5,46,52,1.1346153846153846,0.055121189353288455,613,"Yeah, we got bad cop, balloon cop, clown cop... And a carful more outside the door"
2572,5361,0,7,45,52,1.1346153846153846,0.04779328093727965,613,You got two choices: Confess or Doug’s act for his clown college showcase?
2569,5361,1,5,46,52,1.1346153846153846,0.055121189353288455,613,"I’m gonna put you in solitary confinement, but he’s gonna give you a trophy if you answers all of our questions."
2542,5361,0,7,45,52,1.1346153846153846,0.04779328093727965,613,My partner is a master negotiator. So start talking.
2521,5361,0,7,45,52,1.1346153846153846,0.04779328093727965,613,"Now you'd like to see him with some big clown feet, is that right?"
2507,5361,1,5,46,52,1.1346153846153846,0.055121189353288455,613,He’s holding the last person to ever get on his bad side. Do not test him.
2502,5361,1,5,46,52,1.1346153846153846,0.055121189353288455,613,"Ok kid, don't make me turn this over to totally ridiculous cop."
2483,5361,0,7,45,52,1.1346153846153846,0.04779328093727965,613,Police Officer: What’d you see boy? A robber?! Suspect-An air trick.
2469,5361,1,5,46,52,1.1346153846153846,0.055121189353288455,613,"Now we can keep this fun, or we can start popping things. You're choice."
2670,5361,0,7,45,52,1.1346153846153846,0.04779328093727965,613,"Just give us the names of the other two guys, and Officer Bozo here will let you play with his balloon toy."
2240,5361,1,5,46,52,1.1346153846153846,0.055121189353288455,613,No good cop bad cop here!
2410,5361,1,5,46,52,1.1346153846153846,0.055121189353288455,613,"'Admit it, Moriarty, it was you who blew it up'"
2387,5361,0,7,45,52,1.1346153846153846,0.04779328093727965,613,Does this look like fun and games to you?!
2377,5361,1,5,46,52,1.1346153846153846,0.055121189353288455,613,Where is our black and white balloon?
2333,5361,2,3,47,52,1.1346153846153846,0.0615832227858564,613,He twists more than balloons into interesting shapes.
2326,5361,0,7,45,52,1.1346153846153846,0.04779328093727965,613,"Terrifying isn't he? Talk now, or he's gonna throw you a birthday party."
2297,5361,1,5,46,52,1.1346153846153846,0.055121189353288455,613,"""The old good cop, bad clown routine""?"
2291,5361,0,7,45,52,1.1346153846153846,0.04779328093727965,613,Murder and you laugh. What kind of monster are you?
2290,5361,0,7,45,52,1.1346153846153846,0.04779328093727965,613,"My partner here will blow up big time if you don't cooperate,"
2455,5361,2,3,47,52,1.1346153846153846,0.0615832227858564,613,"Just who are calling a clown, sonny boy?"
2673,5361,1,5,46,52,1.1346153846153846,0.055121189353288455,613,"You're damn right it's a dog! And it's the best damn balloon dog you've ever seen, ain't that right? Well, ain't it!"
4175,5731,1,6,53,60,1.1333333333333333,0.05023485333552976,613,"It time for bad cop, bad clown."
2472,5731,1,6,53,60,1.1333333333333333,0.05023485333552976,613,"So it’s bad cop good clown, wanna make something of it?"
1544,5733,2,53,374,429,1.132867132867133,0.01705800078092621,613,we will crack you down!
657,5734,3,11,114,128,1.1328125,0.035720738792360485,613,"Kid, we're taking your education along a different path. Meet Bubbles."
343,5735,8,41,381,430,1.1325581395348838,0.018835305186097086,613,This appears to be the work of a serial killer who planned and coordinated his actions over a time period from 3.8 billion years ago to today.
4245,5736,0,7,46,53,1.1320754716981132,0.04695159976668159,613,Now will you talk?
4371,5736,1,5,47,53,1.1320754716981132,0.05413078722488102,613,"Good clown balloon sculptor, bad cop."
4709,5736,0,7,46,53,1.1320754716981132,0.04695159976668159,613,"Look kid, you ever see the movie IT? Trust me, I'm the good cop."
4788,5736,1,5,47,53,1.1320754716981132,0.05413078722488102,613,You thought fingernails on the chalkboard were bad? Meet Lt. Phalanges and Mr. Bubbles.
4881,5736,0,7,46,53,1.1320754716981132,0.04695159976668159,613,The CEO is welcoming in person all recently hired millennials.
4885,5736,1,5,47,53,1.1320754716981132,0.05413078722488102,613,"Every clown must be prepared whenever, and wherever we call."
4898,5736,1,5,47,53,1.1320754716981132,0.05413078722488102,613,Bad new kid. I'm the good cop.
5093,5736,2,3,48,53,1.1320754716981132,0.06046347269649694,613,"It's our new interrogation concept: dull cop, funny cop."
5343,5736,0,7,46,53,1.1320754716981132,0.04695159976668159,613,"Our good cop, bad cop routine will make you talk."
5367,5736,1,5,47,53,1.1320754716981132,0.05413078722488102,613,"I thought we were doing good cop, sad clown cop."
5433,5736,0,7,46,53,1.1320754716981132,0.04695159976668159,613,This is not the future a bright young man like you should be aspiring to.
6070,5736,1,5,47,53,1.1320754716981132,0.05413078722488102,613,Good Cop Bad Cop Fail
6588,5736,0,7,46,53,1.1320754716981132,0.04695159976668159,613,We found your voo-doo doll - now talk
6609,5736,1,5,47,53,1.1320754716981132,0.05413078722488102,613,"Not in costume on international clown week officer Jones, it’s no wonder you’re not getting taken seriously."
6888,5736,0,7,46,53,1.1320754716981132,0.04695159976668159,613,You thought I was the bad cop?
6912,5736,0,7,46,53,1.1320754716981132,0.04695159976668159,613,"Nobody, and I mean nobody, hides their laughter from Agent Bozo."
6938,5736,2,3,48,53,1.1320754716981132,0.06046347269649694,613,"Wait, you're calling me the bozo?"
5360,5736,0,7,46,53,1.1320754716981132,0.04695159976668159,613,Tell me who we're working for.
3927,5736,0,7,46,53,1.1320754716981132,0.04695159976668159,613,"Yes, I'm ""bad cop"" but I'm telling you there is no such thing as ""good clown."""
7085,5736,0,7,46,53,1.1320754716981132,0.04695159976668159,613,"I must inform you that my colleague, the Good Cop, has taken classes in acting and mime at the Academy."
3798,5736,0,7,46,53,1.1320754716981132,0.04695159976668159,613,Hannity would later point to Gary's unjust arrest and torture by clown show to prove that white men in hoodies had it just as bad.
3870,5736,1,5,47,53,1.1320754716981132,0.05413078722488102,613,You may be prepared for good cop and bad cop but no one can handle bad cop and mad cop.
289,5736,0,7,46,53,1.1320754716981132,0.04695159976668159,613,"I recommend you start talking, or else Officer Smiley here will make a sword. And I assure you I will not hold him back."
376,5736,1,5,47,53,1.1320754716981132,0.05413078722488102,613,We can do this the east way or the hard way.
748,5736,1,5,47,53,1.1320754716981132,0.05413078722488102,613,... you don't want to get on his bad side!
1306,5736,1,5,47,53,1.1320754716981132,0.05413078722488102,613,So this is good clown bad cop?
1405,5736,0,7,46,53,1.1320754716981132,0.04695159976668159,613,"Now that you are sufficiently amused, I'm the bad cop."
1439,5736,0,7,46,53,1.1320754716981132,0.04695159976668159,613,Does this match the description of the dog that are your homework?
1695,5736,0,7,46,53,1.1320754716981132,0.04695159976668159,613,Pay no attention to the man with the red nose!
993,5736,0,7,46,53,1.1320754716981132,0.04695159976668159,613,"Don't worry, whatever you tell him, he won't remember."
2462,5736,0,7,46,53,1.1320754716981132,0.04695159976668159,613,"Listen buddy, you see my partner here, I'm the good cop."
2519,5736,3,1,49,53,1.1320754716981132,0.06619305806090786,613,I'm bad cop and this is the guy who ATE good cop...
2704,5736,0,7,46,53,1.1320754716981132,0.04695159976668159,613,We don't want to get ruff-ruff.
2782,5736,1,5,47,53,1.1320754716981132,0.05413078722488102,613,"You know nothing, eh? Try sellin’ your lies to Sgt. Smiley from N.C.I.-R.C.U.S.!!!"
1781,5736,1,5,47,53,1.1320754716981132,0.05413078722488102,613,I'm Robo cop; he's Bozo cop.
3287,5736,1,5,47,53,1.1320754716981132,0.05413078722488102,613,"Whoa, whoa. Twenty years minimum, kid, before you can even sniff undercover carnival work."
3553,5736,1,5,47,53,1.1320754716981132,0.05413078722488102,613,Is this what you did to Bozo’s dog!?
3577,5736,0,7,46,53,1.1320754716981132,0.04695159976668159,613,You’ve heard of good cop bad cop? Well I’m the good cop…
3617,5736,0,7,46,53,1.1320754716981132,0.04695159976668159,613,It's no use lying! The dog can smell the cocaine from a mile away; he gets his nose from his father.
511,5775,0,8,53,61,1.1311475409836065,0.04357902084672543,613,We're serious. This technique is called Good Cop/Clown Cop.
5432,5776,3,11,117,131,1.1297709923664123,0.03494303150780469,613,"Make up your mind - was he wearing a badge on his belt, or around his neck?"
709,5777,2,3,49,54,1.1296296296296295,0.059383604691421,613,"Tough guy, eh? You like poetry, tough guy?"
3315,5777,0,7,47,54,1.1296296296296295,0.04613879568230499,613,You stop clowning around and so will we.
3683,5777,1,5,48,54,1.1296296296296295,0.053175186756420724,613,What we do in our private time is none of your business.
6372,5777,1,5,48,54,1.1296296296296295,0.053175186756420724,613,Focus! Seems to me you're the only clown in this room.
4052,5781,3,12,124,139,1.129496402877698,0.03361035814992439,613,"Look George, you have no idea what IT can go to you, so you better start talking now."
7184,5782,3,12,125,140,1.1285714285714286,0.03338223789797184,613,I got the parties mixed up!
2717,5783,8,40,390,438,1.1278538812785388,0.01840536104157136,613,"Cooperate, and I can make sure you keep your good arm..."
4356,5784,1,5,49,55,1.1272727272727272,0.05225259457122248,613,"My colleague here has been working on his balloon folding skills for the past three months, so you better speak."
153,5785,3,11,120,134,1.126865671641791,0.03419832608176,613,Jim just blew-up your alibi. For the last time—Where's your homework!
6195,5786,2,20,169,191,1.12565445026178,0.026238563199606678,613,Is this the dog that you stole from Steven Clown?
2206,5787,3,19,177,199,1.1256281407035176,0.026590465437835074,613,This man is an example of the type of successful person we are looking for.
4219,5788,1,12,99,112,1.125,0.03385610020713433,613,"No studying required! Our mission at Clown Charter is to make school so much fun, you can't help but learn."
6238,5788,1,5,50,56,1.125,0.05136133772583239,613,"You better talk, ‘cuz we’re taking good cop, bad cop to a whole new level."
236,5790,4,20,201,225,1.1244444444444444,0.02539980141293587,613,And you can have fries with that!
5479,5791,1,14,114,129,1.124031007751938,0.031143718372070146,613,"You're looking at the new It Cop around here, so laugh it up buddy."
1157,5792,5,24,247,276,1.1231884057971016,0.022902552976568208,613,"If you don't sign the confession now, I will turn you over to Pogo the Clown."""
7267,5793,1,13,108,122,1.1229508196721312,0.03204172876304025,613,Don't be fooled. He's both the good cop and the good clown.
4641,5794,1,4,44,49,1.1224489795918366,0.055578689246150295,613,"Oh you'll talk, all right. Either to me or to Jiggles, the bad cop."
4864,5794,0,6,43,49,1.1224489795918366,0.04731438007905969,613,"Okay, who did you pull off that job with? Look, we're not fooling around, here."
4818,5794,0,6,43,49,1.1224489795918366,0.04731438007905969,613,"Enough good cop, time for bad clown"
4809,5794,0,6,43,49,1.1224489795918366,0.04731438007905969,613,"After Bubbles here explains the curriculum, I'll be back to go over your financing options."
4784,5794,2,2,45,49,1.1224489795918366,0.06276408873212902,613,Get your act together!
4699,5794,1,4,44,49,1.1224489795918366,0.055578689246150295,613,"You had best confess now, or we are going to let our precinct mascot interrogate you."
4748,5794,1,4,44,49,1.1224489795918366,0.055578689246150295,613,...’Fess up! We don’t want anymore of your funny business!
5438,5794,1,4,44,49,1.1224489795918366,0.055578689246150295,613,"No fear, huh? How does your buddy in the other room feel about them?"
4685,5794,1,4,44,49,1.1224489795918366,0.055578689246150295,613,"...and if you still won't talk, here's the good cop."
4673,5794,0,6,43,49,1.1224489795918366,0.04731438007905969,613,"Now Mark, just tell us exactly how the information people share on Facebook is going to be used and the nice little balloon doggie lives."
4783,5794,0,6,43,49,1.1224489795918366,0.04731438007905969,613,"Yes, it’s your birthday, son. It’s also Bring Your Kid to Work Day. Cut me some slack."
4874,5794,1,4,44,49,1.1224489795918366,0.055578689246150295,613,"Well, if the clown doesn't make you confess then wait till you see the mime."
5042,5794,2,2,45,49,1.1224489795918366,0.06276408873212902,613,He's the good clown. You'd better start talking.
4933,5794,0,6,43,49,1.1224489795918366,0.04731438007905969,613,So you say he was wearing a big top?
5025,5794,1,4,44,49,1.1224489795918366,0.055578689246150295,613,We are trying out a more 3D caricature artist
5146,5794,1,4,44,49,1.1224489795918366,0.055578689246150295,613,"That'soun  He is not a clown, Sgt. O'Day is our balloon man."
5149,5794,1,4,44,49,1.1224489795918366,0.055578689246150295,613,Sane cop or nut job. Who you want to talk to?
5182,5794,0,6,43,49,1.1224489795918366,0.04731438007905969,613,Our sketch artist is out sick. Was the purse-snatcher the clown or the balloon dog?
5227,5794,0,6,43,49,1.1224489795918366,0.04731438007905969,613,Maybe Sergeant Funny Bones here a few tricks up his sleeves that will get you to talk
5271,5794,0,6,43,49,1.1224489795918366,0.04731438007905969,613,This is our new security clown. He will scare the pants off any armed intruder.
5330,5794,0,6,43,49,1.1224489795918366,0.04731438007905969,613,No one floats down here.
5348,5794,1,4,44,49,1.1224489795918366,0.055578689246150295,613,"Listen up! I'm the good cop, he's the bad cop."
5351,5794,1,4,44,49,1.1224489795918366,0.055578689246150295,613,"You have the right to remain silent, but we wouldn't use a little laugh against you."
5354,5794,1,4,44,49,1.1224489795918366,0.055578689246150295,613,"We can do this for hours, punk."
4924,5794,0,6,43,49,1.1224489795918366,0.04731438007905969,613,"Listen up you punk. I'm going out for a minute for phone call and when I get back, you will tell me who you were with. Meanwhile, I'm going to leave you here with my partner McDonald."
4604,5794,1,4,44,49,1.1224489795918366,0.055578689246150295,613,Confess. We know you're the mastermind behind balloon puppy farms.
3880,5794,1,4,44,49,1.1224489795918366,0.055578689246150295,613,"Alright, alright, I'll confess. Just don't pop my balloon dog!!!"
4530,5794,0,6,43,49,1.1224489795918366,0.04731438007905969,613,"Does this this look familiar? You are one twisted balloon, son."
3681,5794,1,4,44,49,1.1224489795918366,0.055578689246150295,613,You might as well talk - the dog's already blown.
3691,5794,0,6,43,49,1.1224489795918366,0.04731438007905969,613,"You want to clown around,eh?"
3721,5794,1,4,44,49,1.1224489795918366,0.055578689246150295,613,You understand -- we will do whatever it takes to break you!
3738,5794,1,4,44,49,1.1224489795918366,0.055578689246150295,613,"'Fess up, Johnson, or Bubbles here is going to burst your bubble."
3770,5794,1,4,44,49,1.1224489795918366,0.055578689246150295,613,Didn’t steal the rugs huh? Our hound says you reek of static electricity!
3832,5794,0,6,43,49,1.1224489795918366,0.04731438007905969,613,Let's say hi to the new special ed teacher.
3835,5794,1,4,44,49,1.1224489795918366,0.055578689246150295,613,"If you don't talk soon, he turns into the bad clown."
3868,5794,0,6,43,49,1.1224489795918366,0.04731438007905969,613,"Alright, Donald, no more clowning around!"
3872,5794,0,6,43,49,1.1224489795918366,0.04731438007905969,613,"You claim this is a piece a piece of art, Mr Koons?"
5488,5794,0,6,43,49,1.1224489795918366,0.04731438007905969,613,You think this is funny? Detective Kelly here will show you FUNNY.
3910,5794,1,4,44,49,1.1224489795918366,0.055578689246150295,613,I suppose you think there is something funny about our integration techniques.
3914,5794,0,6,43,49,1.1224489795918366,0.04731438007905969,613,We're not just clowning around here. You're in big trouble.
4584,5794,0,6,43,49,1.1224489795918366,0.04731438007905969,613,You know the real scary part? Detective Cuddles is playing good cop.
3917,5794,0,6,43,49,1.1224489795918366,0.04731438007905969,613,"Start talking, punk, or I'll send in Sgt. Mime next."
3953,5794,0,6,43,49,1.1224489795918366,0.04731438007905969,613,"Detective Jones knew that “the good cop, bad cop routine” would not be enough to break “sneaky” Ricky Comey."
3961,5794,2,2,45,49,1.1224489795918366,0.06276408873212902,613,You're an even bigger clown than Officer Carl.
4042,5794,1,4,44,49,1.1224489795918366,0.055578689246150295,613,Now either you'll cooperate with us or you'll have to answer to my friend Pennywise and his attack dog.
4049,5794,1,4,44,49,1.1224489795918366,0.055578689246150295,613,"Give this lying perp a poke with the doggie, Bozo."
4054,5794,1,4,44,49,1.1224489795918366,0.055578689246150295,613,"Lesser Known Moments in Law Enforcement History: Sarasota, Florida tries using a balloon artist instead of a sketch artist. Sadly it didn't last, as he could only make dogs, flowers and swords."
4111,5794,0,6,43,49,1.1224489795918366,0.04731438007905969,613,It may look like we're clowning around sonny but this is very serious.
4206,5794,1,4,44,49,1.1224489795918366,0.055578689246150295,613,"Quit clowning, or else you’ll get the real clown"
4287,5794,1,4,44,49,1.1224489795918366,0.055578689246150295,613,"This is not what I anticipated muling for ""dirty cops"" would be like."
4341,5794,0,6,43,49,1.1224489795918366,0.04731438007905969,613,Sure gets dark early around here.
4402,5794,1,4,44,49,1.1224489795918366,0.055578689246150295,613,This is the city of brotherly love and I get a bad clown and a bad cop!
4487,5794,0,6,43,49,1.1224489795918366,0.04731438007905969,613,"You want us to believe you were just ""selling balloon animals"" outside of Madison Square Garden at 11 o'clock at night? 3 for $20 is far too expensive!"
4526,5794,0,6,43,49,1.1224489795918366,0.04731438007905969,613,Who you callin’ a Bozo?!
3929,5794,1,4,44,49,1.1224489795918366,0.055578689246150295,613,"You want ""I should call in the clowns?"""
5497,5794,1,4,44,49,1.1224489795918366,0.055578689246150295,613,"He's the fun cop, and I'm the annoying one."
5963,5794,1,4,44,49,1.1224489795918366,0.055578689246150295,613,"Trust me, there is no good cop in this situation."
5556,5794,2,2,45,49,1.1224489795918366,0.06276408873212902,613,Last chance to tell me what happened or I send in the clown.
6347,5794,2,2,45,49,1.1224489795918366,0.06276408873212902,613,"Once again, Good Cop is not auditioning for the role of Attorney General."
6375,5794,1,4,44,49,1.1224489795918366,0.055578689246150295,613,Let me be very clear. I am the good cop in the room.
6391,5794,0,6,43,49,1.1224489795918366,0.04731438007905969,613,Is this your dog?? You didn’t pick up his poop.
6427,5794,1,4,44,49,1.1224489795918366,0.055578689246150295,613,Look. I’m trying to be nice here. Don’t make me bring in Badkop the Clown....... budget cuts.
6458,5794,0,6,43,49,1.1224489795918366,0.04731438007905969,613,You'd better talk. Bozo can make some darn frightening animals.
6507,5794,1,4,44,49,1.1224489795918366,0.055578689246150295,613,"Clearly we aren't monkeying around... however, some funny business is inevitable."
6557,5794,1,4,44,49,1.1224489795918366,0.055578689246150295,613,"We can do this the hard way, or we can do it the clown way."
6636,5794,1,4,44,49,1.1224489795918366,0.055578689246150295,613,I bet you thought I was the bad cop.  (Italic “I” if you please)
6648,5794,1,4,44,49,1.1224489795918366,0.055578689246150295,613,"We like to switch up the good-cop bad-cop routine. This is Officer Bozo, and I will be playing Pennywise."
6793,5794,1,4,44,49,1.1224489795918366,0.055578689246150295,613,"Mister Anderson, meet Special Agent Juggles. Thanks to his brilliant undercover work, we've foiled your plot to kidnap Eric Trump."
6798,5794,0,6,43,49,1.1224489795918366,0.04731438007905969,613,He hates guns.
6819,5794,1,4,44,49,1.1224489795918366,0.055578689246150295,613,Any more funny business from you and you'll be charged with obstruction!
6820,5794,0,6,43,49,1.1224489795918366,0.04731438007905969,613,"Oh, You thought I was doing bad cop."
6965,5794,1,4,44,49,1.1224489795918366,0.055578689246150295,613,"That’s nothing. If you don’t talk soon, he’ll be the one singing."
6971,5794,0,6,43,49,1.1224489795918366,0.04731438007905969,613,"So the first guy to do anything funny gets it, eh?!"
6972,5794,1,4,44,49,1.1224489795918366,0.055578689246150295,613,Tell us everything or hell Tell us everything or he’ll cry.
7107,5794,0,6,43,49,1.1224489795918366,0.04731438007905969,613,Their 'good cop- bad cop' routine worked every time!
7126,5794,0,6,43,49,1.1224489795918366,0.04731438007905969,613,"well, you haven't cooperated so far. Perhaps you can tell us what sort of animal our friend Cyrus has made out of his ballooons."
7147,5794,0,6,43,49,1.1224489795918366,0.04731438007905969,613,"Kid, you're gonna be real sorry if you force us to stoop to the old good cop, bad cop routine."
7155,5794,0,6,43,49,1.1224489795918366,0.04731438007905969,613,You're better off with him than Cat Woman or the Penguin.
7171,5794,1,4,44,49,1.1224489795918366,0.055578689246150295,613,What do you think we are?
7238,5794,0,6,43,49,1.1224489795918366,0.04731438007905969,613,Cooperate or he will break out the seltzer water!
7276,5794,0,6,43,49,1.1224489795918366,0.04731438007905969,613,Now tell us where you got this Jeff Koons piece.
7299,5794,0,6,43,49,1.1224489795918366,0.04731438007905969,613,"In lieu of a confession, I'd like you to reenact the crime, with the help of my partner."
3673,5794,0,6,43,49,1.1224489795918366,0.04731438007905969,613,Don't you think I'm a clown here. I don't play tricks.
6313,5794,1,4,44,49,1.1224489795918366,0.055578689246150295,613,"Believe it or not, I’m the good guy here."
6307,5794,0,6,43,49,1.1224489795918366,0.04731438007905969,613,"Listen, Bud. This is for real. We don't clown around in here."
6244,5794,0,6,43,49,1.1224489795918366,0.04731438007905969,613,In here its more like good cop/clown cop. Whatever.
6228,5794,0,6,43,49,1.1224489795918366,0.04731438007905969,613,"Kid, I'am the good cop ... '"
5574,5794,0,6,43,49,1.1224489795918366,0.04731438007905969,613,It was good enough for Emmett Kelly. What makes you think you're better than him?
5582,5794,0,6,43,49,1.1224489795918366,0.04731438007905969,613,It’s the deal of a lifetime: Bozo the Cop will make an animal-balloon of your choosing to the first perp that talks.
5596,5794,1,4,44,49,1.1224489795918366,0.055578689246150295,613,"Lissen, kid: WHY, WHY, WHY is it Rich?"
5611,5794,0,6,43,49,1.1224489795918366,0.04731438007905969,613,"We can do this the easy way or the ""Bumbles"" way..."
5652,5794,0,6,43,49,1.1224489795918366,0.04731438007905969,613,"OK! Is it going to be ""Good Clown"" or ""Bad Clown"""
5680,5794,0,6,43,49,1.1224489795918366,0.04731438007905969,613,"Yeah, well my partner swears he's not vaccinated."
5699,5794,1,4,44,49,1.1224489795918366,0.055578689246150295,613,"How high are you? No, police officer, it's hi, how are you?"
5745,5794,0,6,43,49,1.1224489795918366,0.04731438007905969,613,You’re here because you called the boss a clown.
5769,5794,0,6,43,49,1.1224489795918366,0.04731438007905969,613,"I actually don’t know if he plays the good cop or the bad cop, we didn’t rehearse this enough"
5793,5794,1,4,44,49,1.1224489795918366,0.055578689246150295,613,"Okay, kid. First, I for one want to make clear that you are in serious trouble!"
5802,5794,0,6,43,49,1.1224489795918366,0.04731438007905969,613,I'd hate to see Officer Sunshine's dog pop and present a choking hazard while we left you alone to think things over.
5813,5794,0,6,43,49,1.1224489795918366,0.04731438007905969,613,You're going to regret no cooperating. I'm going to step out of the room now and leave you with my partner who has a perverse way of getting to the truth with balloons. Good luck.
5507,5794,0,6,43,49,1.1224489795918366,0.04731438007905969,613,"So, which do you remember....THINK about it it.....the balloon poodle or the multi-color clown wig? And if you say both you lose all credibility."
5821,5794,0,6,43,49,1.1224489795918366,0.04731438007905969,613,"You give us what we want, and we'll give you something in trade."
5891,5794,0,6,43,49,1.1224489795918366,0.04731438007905969,613,"Ok, which of those two did it."
5901,5794,0,6,43,49,1.1224489795918366,0.04731438007905969,613,"Your lawyer? I told you, he's playing in the bouncy castle."
5966,5794,1,4,44,49,1.1224489795918366,0.055578689246150295,613,We’re just gonna flor some names and see if anything pops to mind.
5991,5794,0,6,43,49,1.1224489795918366,0.04731438007905969,613,"No doubt, it's a clear evidence for evolution"
6005,5794,1,4,44,49,1.1224489795918366,0.055578689246150295,613,He's one of our clown college recruits.
6027,5794,1,4,44,49,1.1224489795918366,0.055578689246150295,613,"I'll confess anything you want, just don't leave me with the good cop, please!"
6028,5794,0,6,43,49,1.1224489795918366,0.04731438007905969,613,"You're not who we're after, just tell us who the real buyer is!"
6066,5794,1,4,44,49,1.1224489795918366,0.055578689246150295,613,"Coulrophobia is nothing to be ashamed of. If you're willing to testify against Big George, I'll have Officer Bippo leave the room."
6067,5794,0,6,43,49,1.1224489795918366,0.04731438007905969,613,"Oh good, my dad finally made it."
6127,5794,0,6,43,49,1.1224489795918366,0.04731438007905969,613,If you don't come clean I am going to show you why I am the weird cop in this precinct.
6182,5794,0,6,43,49,1.1224489795918366,0.04731438007905969,613,"You know the drill. Good cop, clown cop."
6185,5794,0,6,43,49,1.1224489795918366,0.04731438007905969,613,What were you doing on the night of the twelfth?
5853,5794,0,6,43,49,1.1224489795918366,0.04731438007905969,613,our good cop bad clown routine has a high success rate
3647,5794,0,6,43,49,1.1224489795918366,0.04731438007905969,613,So you're telling me you asked for an elephant?
6062,5794,0,6,43,49,1.1224489795918366,0.04731438007905969,613,"You may think I’m the bad cop, but that’s Pennywise."
3630,5794,1,4,44,49,1.1224489795918366,0.055578689246150295,613,"I'm playing ""good cop"" today."
986,5794,0,6,43,49,1.1224489795918366,0.04731438007905969,613,"Look pal, start showing detective Bim Bam some respect or we're gonna have a problem."
989,5794,1,4,44,49,1.1224489795918366,0.055578689246150295,613,"Again Jared, I’m Chief of Staff. You may only call HIM “Daddy.”"
1024,5794,0,6,43,49,1.1224489795918366,0.04731438007905969,613,He's the funny cop. I'm the serious cop.
3645,5794,1,4,44,49,1.1224489795918366,0.055578689246150295,613,"I tell you, I AM the bad cop!"
1030,5794,0,6,43,49,1.1224489795918366,0.04731438007905969,613,"If you'd just tell me where you hid your weed, I won't have to make you show where using Officer McChuckles' mini Koons replica"
1045,5794,0,6,43,49,1.1224489795918366,0.04731438007905969,613,"So, Good Cop doesn't work, eh? Well..."
1054,5794,0,6,43,49,1.1224489795918366,0.04731438007905969,613,"You've forced us to play good cop, bad clown, Jeff Koons."
1102,5794,1,4,44,49,1.1224489795918366,0.055578689246150295,613,Went lent Bobo out to a kids birthday party so Karl will have to do.
1187,5794,0,6,43,49,1.1224489795918366,0.04731438007905969,613,Do you have a problem with our sketch artist Mr. Johnson?
1195,5794,0,6,43,49,1.1224489795918366,0.04731438007905969,613,Officer Pogo will be taking over the investigation from here.
1202,5794,0,6,43,49,1.1224489795918366,0.04731438007905969,613,"Trust me fella, you do not wanna have me turn you over to Sargent Pennywise here."
1234,5794,0,6,43,49,1.1224489795918366,0.04731438007905969,613,Tell us what you know or Giggles pops the dog.
1266,5794,0,6,43,49,1.1224489795918366,0.04731438007905969,613,I want my lawyer present BEFORE I talk!
1407,5794,0,6,43,49,1.1224489795918366,0.04731438007905969,613,"You heard me, role reversal-- one of the psychodrama techniques that demonstrate a protagonist's intrapersonal conflicts deeply and explicitly"
1411,5794,1,4,44,49,1.1224489795918366,0.055578689246150295,613,Are you calling me the good clown or the bad clown?
1437,5794,0,6,43,49,1.1224489795918366,0.04731438007905969,613,"The detectives soon realized 'Bad cop, clown cop' wasn't as effective as the news surveys said it would be."
1495,5794,0,6,43,49,1.1224489795918366,0.04731438007905969,613,That's Detective Bozo to you kid.
1549,5794,0,6,43,49,1.1224489795918366,0.04731438007905969,613,"You think I'm clowning around? Well, I suggest you start talkin, mister. Because believe me, things are about to get a whole lot worse."
1594,5794,1,4,44,49,1.1224489795918366,0.055578689246150295,613,I’m the good cop! You don’t want to talk to him.
1628,5794,0,6,43,49,1.1224489795918366,0.04731438007905969,613,We know you are scared from clowns Mr. Zuckerberg. We were here long before you guys.
1655,5794,0,6,43,49,1.1224489795918366,0.04731438007905969,613,Now we are going to play good cop bad cop & I'm the good cop!
1656,5794,0,6,43,49,1.1224489795918366,0.04731438007905969,613,Can I see you in a Batman costume again?
1662,5794,0,6,43,49,1.1224489795918366,0.04731438007905969,613,"It may look like it, but we're not clowning around here."
1696,5794,2,2,45,49,1.1224489795918366,0.06276408873212902,613,I'm not clowning around! I told you that our sketch artist was trying to make a weasel but it went pop.
1736,5794,0,6,43,49,1.1224489795918366,0.04731438007905969,613,"Answer my question, or the clown will squeak the balloon dog again."
936,5794,0,6,43,49,1.1224489795918366,0.04731438007905969,613,Your education qualifies you to intern under Ronald here.
920,5794,0,6,43,49,1.1224489795918366,0.04731438007905969,613,"Yes, serious cop, funny cop! Get it!"
905,5794,0,6,43,49,1.1224489795918366,0.04731438007905969,613,"Don’t make us be good cop, bad clown!"
853,5794,1,4,44,49,1.1224489795918366,0.055578689246150295,613,"You may think this clown is very funny, but I can assure you, he's not."
107,5794,0,6,43,49,1.1224489795918366,0.04731438007905969,613,Tell the clown everything you know or be prepared to face a technophobic congressman
176,5794,1,4,44,49,1.1224489795918366,0.055578689246150295,613,We've been working vice at the carnival for years and we finally caught you. We always knew those games were fixed!
187,5794,0,6,43,49,1.1224489795918366,0.04731438007905969,613,That’s Bozo doing his good cop routine.
197,5794,0,6,43,49,1.1224489795918366,0.04731438007905969,613,"Hear that, Roberts? This guy says we planted it. Really think that'll hold up in court, pal?"
211,5794,1,4,44,49,1.1224489795918366,0.055578689246150295,613,"Well, that’s progress for ya."
310,5794,0,6,43,49,1.1224489795918366,0.04731438007905969,613,Inspector Bozo can be very persuasive.
339,5794,1,4,44,49,1.1224489795918366,0.055578689246150295,613,"And if you think we're playing good-cop bad-clown here, you're sadly mistaken."
363,5794,0,6,43,49,1.1224489795918366,0.04731438007905969,613,"Look, I'm trying to let you off easy. As for my partner, he might just twist your limbs."
375,5794,1,4,44,49,1.1224489795918366,0.055578689246150295,613,"What the heck is coulrophobia? No, I am the bad cop, don't you get it."
394,5794,1,4,44,49,1.1224489795918366,0.055578689246150295,613,"Get ready, funny guy - unlike me, Detective Gibbons wears his badge on his belt!"
457,5794,0,6,43,49,1.1224489795918366,0.04731438007905969,613,Maybe bad cop/worse cop will get through to you.
484,5794,1,4,44,49,1.1224489795918366,0.055578689246150295,613,"What ""good cop"" is saying, Stubbles, is that we'll chase your accomplices down as many rabbit holes as we we need to."
1752,5794,0,6,43,49,1.1224489795918366,0.04731438007905969,613,"Tell us where it is, you know, the bigger one."
499,5794,0,6,43,49,1.1224489795918366,0.04731438007905969,613,When they dare challenge you with their primitive skills
558,5794,2,2,45,49,1.1224489795918366,0.06276408873212902,613,“Wrong. He’s the Bad Cop”.
560,5794,0,6,43,49,1.1224489795918366,0.04731438007905969,613,You're going to talk now. He's our best man in Arrested Development.
561,5794,1,4,44,49,1.1224489795918366,0.055578689246150295,613,Spill the beans else Detective Bozo here will twist you up too!
668,5794,0,6,43,49,1.1224489795918366,0.04731438007905969,613,‘Anything for a joke’ doesn’t work here anymore.
711,5794,0,6,43,49,1.1224489795918366,0.04731438007905969,613,"We've got a real bozo on our hands, eh partner?"
768,5794,1,4,44,49,1.1224489795918366,0.055578689246150295,613,"Sir, no clowning around with TSA"
775,5794,1,4,44,49,1.1224489795918366,0.055578689246150295,613,"What else could this ""Bozo"" do?"
792,5794,0,6,43,49,1.1224489795918366,0.04731438007905969,613,"ok buddy we're tired of your clowning around here , what makes you think we don't mean business ?"
817,5794,1,4,44,49,1.1224489795918366,0.055578689246150295,613,"Alright pal, quit clowning us around!"
819,5794,0,6,43,49,1.1224489795918366,0.04731438007905969,613,Ask yourself one question. If he can make a dog out of biodegradable imprintable latex!?
832,5794,0,6,43,49,1.1224489795918366,0.04731438007905969,613,This is the job that class jokers can look forward to!
847,5794,1,4,44,49,1.1224489795918366,0.055578689246150295,613,"I’m bad cop, he’s trying to be funny cop!"
547,5794,1,4,44,49,1.1224489795918366,0.055578689246150295,613,At least we know where the killer came from
1756,5794,0,6,43,49,1.1224489795918366,0.04731438007905969,613,"For the last time, admit that it's proportionally more of a llama than a dog...DO IT!!!"
1380,5794,0,6,43,49,1.1224489795918366,0.04731438007905969,613,See if any of them have fossil records.
1790,5794,1,4,44,49,1.1224489795918366,0.055578689246150295,613,"He also knows how to make a sword, so you better start talking."
2631,5794,1,4,44,49,1.1224489795918366,0.055578689246150295,613,"That's nothing, you wouldn't believe the ride in to the office when we carpool."
2648,5794,0,6,43,49,1.1224489795918366,0.04731438007905969,613,Listen guy.. Does this look like some sort of game to you?
2660,5794,0,6,43,49,1.1224489795918366,0.04731438007905969,613,"Engage your inner nonsense and let us proceed, Donny."
2678,5794,0,6,43,49,1.1224489795918366,0.04731438007905969,613,"All right, Bobo, he won't budge. Bring in the dogs."
2716,5794,0,6,43,49,1.1224489795918366,0.04731438007905969,613,"Oh, ignore him, he's just an intern."
2730,5794,0,6,43,49,1.1224489795918366,0.04731438007905969,613,Keep that up and I'll turn you over to the good cop.
2765,5794,0,6,43,49,1.1224489795918366,0.04731438007905969,613,So you still deny selling counterfeit animals .
2811,5794,2,2,45,49,1.1224489795918366,0.06276408873212902,613,You're gonna learn what it means to be bound and gagged.
2816,5794,0,6,43,49,1.1224489795918366,0.04731438007905969,613,"No clowning around, kid. This is serious business."
2914,5794,1,4,44,49,1.1224489795918366,0.055578689246150295,613,"Yeah, I'M the good cop. You got a problem with that?"
2984,5794,1,4,44,49,1.1224489795918366,0.055578689246150295,613,Sir...You are not Jeff Koons!
1759,5794,0,6,43,49,1.1224489795918366,0.04731438007905969,613,You just don't get it. I'm the GOOD cop.
2625,5794,0,6,43,49,1.1224489795918366,0.04731438007905969,613,Do we look like clowns? Talk – or we'll unleash the K-9 unit.
3058,5794,0,6,43,49,1.1224489795918366,0.04731438007905969,613,You better talk before he puts on his clown shoes.
3159,5794,1,4,44,49,1.1224489795918366,0.055578689246150295,613,Confess and we'll give you a balloon.
3198,5794,1,4,44,49,1.1224489795918366,0.055578689246150295,613,Come clean kid...Where's his teddy bear?
3268,5794,1,4,44,49,1.1224489795918366,0.055578689246150295,613,"Well you should believe it. Your dad, over there, wants you to get a real job like he has."
3298,5794,0,6,43,49,1.1224489795918366,0.04731438007905969,613,I don't care of he's your dad! Here he's the watch commander!
3316,5794,0,6,43,49,1.1224489795918366,0.04731438007905969,613,You're not going to like Detective Bobo's canine when he's angry.
3329,5794,0,6,43,49,1.1224489795918366,0.04731438007905969,613,"Tell me the truth, or Bozo gets a real wiener."
3397,5794,1,4,44,49,1.1224489795918366,0.055578689246150295,613,"We'll show you ""Clowning Around""!"
3422,5794,0,6,43,49,1.1224489795918366,0.04731438007905969,613,"Son, are you still determined to apply for admission to the Police Academy knowing you might be assigned a partner like mine?"
3427,5794,0,6,43,49,1.1224489795918366,0.04731438007905969,613,that's a doggy. next up will be a piggy
3432,5794,0,6,43,49,1.1224489795918366,0.04731438007905969,613,"Wipe that smirk off your face, kid. We aren't clownin' around!"
3526,5794,0,6,43,49,1.1224489795918366,0.04731438007905969,613,Yes this is the good cop bad cop routine.
3589,5794,1,4,44,49,1.1224489795918366,0.055578689246150295,613,It's anyone's guess who the bad cop is !
3141,5794,1,4,44,49,1.1224489795918366,0.055578689246150295,613,We do composite ballon sculptures in this precinct.
2568,5794,1,4,44,49,1.1224489795918366,0.055578689246150295,613,"Yes, it was a pretty big bang. But who did it?"
3014,5794,1,4,44,49,1.1224489795918366,0.055578689246150295,613,This is Career Week. Not Show and Tell.
2490,5794,0,6,43,49,1.1224489795918366,0.04731438007905969,613,What do you call a dog who gets bounced out of a bar?
1823,5794,2,2,45,49,1.1224489795918366,0.06276408873212902,613,I suggest you take the deal-the dog is his best.
1829,5794,1,4,44,49,1.1224489795918366,0.055578689246150295,613,Did you or did you not swap our horse for this one?
1848,5794,1,4,44,49,1.1224489795918366,0.055578689246150295,613,"Look, I would hire you, but we don't need another teen-age clown gumming up the works."
1926,5794,0,6,43,49,1.1224489795918366,0.04731438007905969,613,"It's a game of good cop, discount rate clown."
1949,5794,0,6,43,49,1.1224489795918366,0.04731438007905969,613,It's up to you... he can be the good cop or the terrifying cop.
1997,5794,2,2,45,49,1.1224489795918366,0.06276408873212902,613,Your twist pattern on the doggie puts you at the scene...........
2011,5794,0,6,43,49,1.1224489795918366,0.04731438007905969,613,"Ok, kid now it's time for Bozo-Cop"
2013,5794,1,4,44,49,1.1224489795918366,0.055578689246150295,613,"Whadduya mean, you're not scared of clowns?!"
2062,5794,0,6,43,49,1.1224489795918366,0.04731438007905969,613,"Put that away, Carl...I think our boy's gonna talk."
2115,5794,0,6,43,49,1.1224489795918366,0.04731438007905969,613,Listen to me closely. You better confess everything because I'm good cop.
2505,5794,0,6,43,49,1.1224489795918366,0.04731438007905969,613,"I don't care how he looks, you can't call him a clown."
1809,5794,1,4,44,49,1.1224489795918366,0.055578689246150295,613,Hey don't be a fool; I'm the good cop.
2127,5794,0,6,43,49,1.1224489795918366,0.04731438007905969,613, 
2214,5794,1,4,44,49,1.1224489795918366,0.055578689246150295,613,"Cohen & Trump 2021 ""He made America great again. Just think what he could do for your kid's party!"""
2215,5794,0,6,43,49,1.1224489795918366,0.04731438007905969,613,"Tell the truth, or I'll give Voodoo the Clown a safety pin."
2264,5794,0,6,43,49,1.1224489795918366,0.04731438007905969,613,"No more clowning around, did you take his BIG shoes?"
2327,5794,1,4,44,49,1.1224489795918366,0.055578689246150295,613,"The typical ""good cop/bad cop"" ploy just got a lot more complicated, bozo."
2331,5794,0,6,43,49,1.1224489795918366,0.04731438007905969,613,Just wait til you meet his partner.
2332,5794,0,6,43,49,1.1224489795918366,0.04731438007905969,613,"OK, come clean or learn how to make balloon animals."
2404,5794,1,4,44,49,1.1224489795918366,0.055578689246150295,613,"Alright bub, you're clowning up."
2415,5794,0,6,43,49,1.1224489795918366,0.04731438007905969,613,"Okay you clown, now you've made us resort to the good bozo bad bozo routine."
2427,5794,1,4,44,49,1.1224489795918366,0.055578689246150295,613,This is the last time Jeff Koons will get away with THIS!
2451,5794,0,6,43,49,1.1224489795918366,0.04731438007905969,613,"No, I'm the good cop and he's not very funny!"
2484,5794,1,4,44,49,1.1224489795918366,0.055578689246150295,613,...or he kills this dog!
2143,5794,2,2,45,49,1.1224489795918366,0.06276408873212902,613,"Afraid of clowns? Oh. Well.... can I get you something to drink? And, sorry I hit you with the phone book."
1794,5794,0,6,43,49,1.1224489795918366,0.04731438007905969,613,Talk...or else it’s gonna be the clown next.
3596,6026,4,21,212,237,1.1223628691983123,0.024455552184184222,613,"He's dressed as a clown for an undercover thing, right?"
2121,6027,1,14,116,131,1.1221374045801527,0.030695406140269943,613,"This is the best deal you're gonna get. . .. .take it or you're goin' away for a long time!"""
3954,6028,1,4,45,50,1.12,0.05451081150953976,613,"We can do this the easy way... or, the hard way. Your choice, punk."
3955,6028,0,6,44,50,1.12,0.046423076597919784,613,Bear with him. He's new in clown.
3992,6028,0,6,44,50,1.12,0.046423076597919784,613,I'll ask you one last time before I leave you with him!
4040,6028,1,4,45,50,1.12,0.05451081150953976,613,Listen you Crusty Bastard Were not Clowning around anymore
4062,6028,0,6,44,50,1.12,0.046423076597919784,613,"If you think I'm bad, wait until Detective Chuckles is through with you!"
4661,6028,0,6,44,50,1.12,0.046423076597919784,613,"Hey Bozo, Busted stealing this from a kid’s birthday party and trying to sell it on 1st Dibs as a Jeff Koonz"
4958,6028,0,6,44,50,1.12,0.046423076597919784,613,O.k. Just what do you recall. ..let’s start at the beginning ....
5021,6028,0,6,44,50,1.12,0.046423076597919784,613,"Okay, I'm turning you over to our Good Cop Bad Clown guy."
5374,6028,0,6,44,50,1.12,0.046423076597919784,613,"Contrary to what you may have heard, Dusty, the Special Clown Division isn't all wigs and balloon animals."
5448,6028,0,6,44,50,1.12,0.046423076597919784,613,"What? You're not familiar with ""funny cop, unfunny cop?"""
5456,6028,0,6,44,50,1.12,0.046423076597919784,613,Admit it—you mugged Bobo and tried to grab his balloon dachshund.
5578,6028,0,6,44,50,1.12,0.046423076597919784,613,Which of you is the good cop?
5880,6028,0,6,44,50,1.12,0.046423076597919784,613,"Ah, I see: that’s why you have that smirk on your face, Detective!"
5926,6028,1,4,45,50,1.12,0.05451081150953976,613,"The Good, The Bad, and The Ugly"
6035,6028,1,4,45,50,1.12,0.05451081150953976,613,"No, I have to warn you, I AM the good cop."
6051,6028,0,6,44,50,1.12,0.046423076597919784,613,"Are you going to talk, or do I need to unleash some clown on you?"
6121,6028,0,6,44,50,1.12,0.046423076597919784,613,"He's the ""good cop""; which entitles him to blow up balloon animals and dress like a clown."
6150,6028,1,4,45,50,1.12,0.05451081150953976,613,"No doubt about it, that's the guy. I would recognize that animal anywhere."
6426,6028,1,4,45,50,1.12,0.05451081150953976,613,"Ok that's it! No more good cop, bad cop."
6576,6028,1,4,45,50,1.12,0.05451081150953976,613,"Now no more clowning around! Either you confess or you’ll hear the Law and Order “ding ding,” and it’ll be LOUD!"
6653,6028,1,4,45,50,1.12,0.05451081150953976,613,"Look, Lt. Grimaldi can't change public perception all on his own, and we think the hoodie is enough to get a conviction."
6827,6028,3,12,135,150,1.12,0.03125989776140817,613,A new twist on your story will blow up your alibi
6870,6028,0,6,44,50,1.12,0.046423076597919784,613,My point is your situation is no laughing mater.
6960,6028,0,6,44,50,1.12,0.046423076597919784,613,You expect us to believe this pair master-minded the bank heist.
7049,6028,1,4,45,50,1.12,0.05451081150953976,613,"Yeah right, a real Jeff Koons! And you think we're just a couple of buffoons."
3899,6028,1,4,45,50,1.12,0.05451081150953976,613,"Stop clowning around, Mr. Gacy: This will be the death of you yet!"
3722,6028,0,6,44,50,1.12,0.046423076597919784,613,"He's our IT guy, so you'd better talk."
1768,6028,0,6,44,50,1.12,0.046423076597919784,613,"You either start talking; or I'm going to leave you with this ""CLOWN""!"
3658,6028,0,6,44,50,1.12,0.046423076597919784,613,I don't care where you inflated? WHAT ABOUT THE CLOWN!!!??
3697,6028,1,4,45,50,1.12,0.05451081150953976,613,I'd like to call my ringmaster.
6,6028,2,2,46,50,1.12,0.061544740652965765,613,"I have a theory, officer. But it’s only a theory."
520,6028,1,4,45,50,1.12,0.05451081150953976,613,So are you Jeff Koons' lolve child !
790,6028,0,6,44,50,1.12,0.046423076597919784,613,We're not all a bunch of red-nosed clowns.
824,6028,0,6,44,50,1.12,0.046423076597919784,613,"And because you keep acting like a clown, Mr. Barnum, I felt it necessary to talk with your father!"
1071,6028,0,6,44,50,1.12,0.046423076597919784,613,"If you think that was a clown question, wait until you talk to Sparky here."
1228,6028,1,4,45,50,1.12,0.05451081150953976,613,"Scared of clowns, are you? Officer Bozo will take over the interrogation."
1298,6028,1,4,45,50,1.12,0.05451081150953976,613,"After the ride-along with Barnum’s, now he’s the greatest cop on earth."
1398,6028,1,4,45,50,1.12,0.05451081150953976,613,"Since there are no good clowns, I guess you know what that makes me."
1406,6028,1,4,45,50,1.12,0.05451081150953976,613,We seem to have an evolving crime scene.
1410,6028,1,4,45,50,1.12,0.05451081150953976,613,"Party's over, kid. We're through playing good cop, bad clown."
1537,6028,0,6,44,50,1.12,0.046423076597919784,613,"You can either talk with me, or with my partner who will put a scare in you that will never go away."
1629,6028,1,4,45,50,1.12,0.05451081150953976,613,"Resistance is futile, the clown will have you singing along in no time."
814,6028,0,6,44,50,1.12,0.046423076597919784,613,"And after he has tuned you up , be sure to tell your public defender exactly what he looked like ; yeah, and don’t forget Police dog Spike!"
1778,6028,2,2,46,50,1.12,0.061544740652965765,613,The detective flunked out of clown school before he attended the police academy; so what?
3224,6028,0,6,44,50,1.12,0.046423076597919784,613,Can you recognize our undercover sad clown?
3506,6028,0,6,44,50,1.12,0.046423076597919784,613,"Look kid, we were policing birthday parties before you were making snakes!!"
2501,6028,0,6,44,50,1.12,0.046423076597919784,613,"I SEE WHAT YOU ARE DOING..THAT GOOD COP, CLOWN COP STUFF WON'T WORK ON ME."
2420,6028,0,6,44,50,1.12,0.046423076597919784,613,"I can only make a dog, but we know you stole the giraffe from the zoo!"
2288,6028,0,6,44,50,1.12,0.046423076597919784,613,Pay attention. Sergeant Miranda will be reading your Ringmaster Rights
2589,6028,1,4,45,50,1.12,0.05451081150953976,613,If you don’t want to be a balloon pony you’ll start talking.
2156,6028,0,6,44,50,1.12,0.046423076597919784,613,Don't make me ask you again. We can do this the clown way or the easy way...
2079,6028,0,6,44,50,1.12,0.046423076597919784,613,I'll take bad cop.
1911,6028,0,6,44,50,1.12,0.046423076597919784,613,You're really going to enjoy this new teacher
1800,6028,1,4,45,50,1.12,0.05451081150953976,613,"Still won't talk, eh? Well then, let me introduce you to my partner, John Wayne Gacy, III."
2263,6028,1,4,45,50,1.12,0.05451081150953976,613,"Trust me. ""Good Cop"" isn't going to go any easier on you."
6380,6083,0,11,82,93,1.118279569892473,0.03366870454347981,613,"It's our version of 'bad cop, good cop."
4836,6084,5,19,222,246,1.1178861788617886,0.024297428620079053,613,A is for Adult. B is for Boy. C is for Clown. Know your ABCs!
4839,6085,1,4,46,51,1.1176470588235294,0.05348306547837592,613,"No! I’m the good cop, bitch."
5181,6085,0,6,45,51,1.1176470588235294,0.04556450995538139,613,You get just one shot at figuring out who's the good cop.
5211,6085,1,4,46,51,1.1176470588235294,0.05348306547837592,613,Bad cop? I only see two clowns.
5239,6085,1,4,46,51,1.1176470588235294,0.05348306547837592,613,We know about your acute fear of clowns.
5336,6085,1,4,46,51,1.1176470588235294,0.05348306547837592,613,"Dog, huh? We say Horse, without a license!"
5729,6085,0,6,45,51,1.1176470588235294,0.04556450995538139,613,"The electricity’s static, but it gets the lips moving!"
5941,6085,1,4,46,51,1.1176470588235294,0.05348306547837592,613,"None of that good cop, bad cop thing. Here we go with clown cop, bad cop. And now it's my turn, pal."
5948,6085,1,4,46,51,1.1176470588235294,0.05348306547837592,613,You're under arrest and under oath. Why did you take that from him?
6975,6085,0,6,45,51,1.1176470588235294,0.04556450995538139,613,"We're done clowning around, just confess already!"
6404,6085,0,6,45,51,1.1176470588235294,0.04556450995538139,613,I'm legally required to inform you that Captain Bozo don't play that.
6512,6085,0,6,45,51,1.1176470588235294,0.04556450995538139,613,Balloon lives matter!
6635,6085,0,6,45,51,1.1176470588235294,0.04556450995538139,613,"No. I'm the good cop. And let me tell you, this clown kills."
6729,6085,3,0,48,51,1.1176470588235294,0.06655122646461625,613,Don't make us turn you into a balloon dog.
7195,6085,0,6,45,51,1.1176470588235294,0.04556450995538139,613,"I demand to speak to my therapist, too."
7112,6085,1,6,61,68,1.1176470588235294,0.044590674528640815,613,Do you want to go to jail or join this clown in the circus ?
4283,6085,0,6,45,51,1.1176470588235294,0.04556450995538139,613,"Never heard of Jeff Koons, Ronald McDonald?"
6257,6085,0,6,45,51,1.1176470588235294,0.04556450995538139,613,I don't care what the 'Good Cop' tells you. I have the power to take away your toys.
4207,6085,1,4,46,51,1.1176470588235294,0.05348306547837592,613,"We are not clowning around, Mr. Smith. Your fingerprints were all over his balloon animal."
6400,6085,1,4,46,51,1.1176470588235294,0.05348306547837592,613,"Ok. Before we start, full disclosure. I'm the good cop. I'm not very nice. He's the bad cop. That's all we're going to say about that. I leave it to your imagination on how you want to play it."
3312,6085,0,6,45,51,1.1176470588235294,0.04556450995538139,613,I'm giving you one last chance to come clean before I call in the clowns.
3470,6085,0,6,45,51,1.1176470588235294,0.04556450995538139,613,"Listen, you, this is your last chance to come clean. Don't blow it."
245,6085,0,6,45,51,1.1176470588235294,0.04556450995538139,613,Good cop bad clown
280,6085,1,4,46,51,1.1176470588235294,0.05348306547837592,613,"If you don't want to talk to me, fine, but my partner and his little friend Uncle Peanut Butter are going to have a word."
318,6085,0,6,45,51,1.1176470588235294,0.04556450995538139,613,The good clown/bad clown routine never fails.
454,6085,0,6,45,51,1.1176470588235294,0.04556450995538139,613,I'll be the judge of who's the 'good clown' and who's the 'bad clown!'
619,6085,0,6,45,51,1.1176470588235294,0.04556450995538139,613,"You know those balloons are only for law enforcement, son."
773,6085,1,4,46,51,1.1176470588235294,0.05348306547837592,613,He's about to leave. No more clowning around!
958,6085,0,6,45,51,1.1176470588235294,0.04556450995538139,613,"Listen, punk, I'm through playin' games with ya."
882,6085,0,6,45,51,1.1176470588235294,0.04556450995538139,613,"""Yeah, that's right, good clown-bad clown and we're going to bust your balloon""."
1350,6085,1,4,46,51,1.1176470588235294,0.05348306547837592,613,Killer clown turns his life around.
1797,6085,0,6,45,51,1.1176470588235294,0.04556450995538139,613,"Wanna play good cop/bad cop? Well do ya, punk?"
2035,6085,0,6,45,51,1.1176470588235294,0.04556450995538139,613,Are you really saying that officer Trumpet can't identify fake evidence when he sees it?
2076,6085,1,4,46,51,1.1176470588235294,0.05348306547837592,613,"Let's try this again: where is that missing helium? Your story doesn't fly with Detective Sprinkles here, and honestly everything you've said sounds a little ridiculous to me."
2564,6085,0,6,45,51,1.1176470588235294,0.04556450995538139,613,"Don’t joke with me, pal. We know what you’ve been doing. You do not want to go up against my partner."
3171,6085,0,6,45,51,1.1176470588235294,0.04556450995538139,613,Enough with the funny business!
3194,6085,0,6,45,51,1.1176470588235294,0.04556450995538139,613,"Bad Cop's O.K., but Good Cop could use a little work."
1299,6085,0,6,45,51,1.1176470588235294,0.04556450995538139,613,"Now when you look at the line up, even if your memory is little fuzzy, I want to you to pick the first guy who comes to mind, ok?"
2363,6122,1,23,192,216,1.1157407407407407,0.02278351923045646,613,So which ones the Good Cop??
4657,6123,0,6,46,52,1.1153846153846154,0.044736922925984586,613,We KNOW that you’re the infamous clown assassin so I’m going to ask you again: where did you hide your costume?
2134,6123,0,6,46,52,1.1153846153846154,0.044736922925984586,613,They said we need to take care of this matter more seriously
6964,6123,1,4,47,52,1.1153846153846154,0.05249323847751087,613,"When all else failed, they resorted to the infamous ""Good Cop; Bad Clown, which had been been perfected by the French."
114,6123,0,6,46,52,1.1153846153846154,0.044736922925984586,613,Suddenly you come up with Pauly Auchi as your accomplice . . . . I don't think so.
734,6123,0,6,46,52,1.1153846153846154,0.044736922925984586,613,Ain't you taking the good cop / bad cop routine one step too far?
1297,6128,1,17,148,166,1.1144578313253013,0.026216514451159318,613,"Looks like the good cop bad cop routine isn't working, cooperate or the dog gets it."
746,6129,1,4,48,53,1.1132075471698113,0.051539276936327136,613,"Did you, or did you not invent this thing?"
4564,6130,1,4,49,54,1.1111111111111112,0.050619272401046675,613,He's no better than I. You'll probably get life in juvie.
3988,6131,1,3,42,46,1.108695652173913,0.05584883729854405,613,"Alright, enough! Send in the clowns."
4114,6131,1,3,42,46,1.108695652173913,0.05584883729854405,613,"He liked pot too much back in med school. Now, who took the penguins?"
4355,6131,1,3,42,46,1.108695652173913,0.05584883729854405,613,In his family “good” meant funny.
4639,6131,0,5,41,46,1.108695652173913,0.04639945099589022,613,"Cooperate, son, or else, well, Juvy's a very scary place."
4704,6131,0,5,41,46,1.108695652173913,0.04639945099589022,613,I'm the good guy. Clowns are the bad guys now.
4715,6131,1,3,42,46,1.108695652173913,0.05584883729854405,613,so... which one of you is the good cop?
4953,6131,0,5,41,46,1.108695652173913,0.04639945099589022,613,We take things very seriously around here! Now tell us - what do you think of this balloon animal
4974,6131,2,1,43,46,1.108695652173913,0.06391616542376796,613,...But you should see him handle a gun.
5238,6131,0,5,41,46,1.108695652173913,0.04639945099589022,613,"Auspiciously, you have been selected to participate in our new good cop-better cop investigation technique."
7080,6131,0,5,41,46,1.108695652173913,0.04639945099589022,613,"Look, start talking to me... or we'll do it the hard way."
5473,6131,0,5,41,46,1.108695652173913,0.04639945099589022,613,"So you won’t talk, eh! Bozo here is a pretty bad clown. You’ll Talk to him."
5538,6131,0,5,41,46,1.108695652173913,0.04639945099589022,613,"I'm gonna ask you just one more time, where did you get the balloons?"
5549,6131,1,3,42,46,1.108695652173913,0.05584883729854405,613,Tell me who you got those drugs from!
6082,6131,0,5,41,46,1.108695652173913,0.04639945099589022,613,We know it was you. Stop clowning around.
6730,6131,0,5,41,46,1.108695652173913,0.04639945099589022,613,Enough already ! Does this one look anything like your assailants’puppy?
6882,6131,1,3,42,46,1.108695652173913,0.05584883729854405,613,Don't get your hopes up. I may be the bad cop but he's an even worse clown.
6921,6131,0,5,41,46,1.108695652173913,0.04639945099589022,613,"It's nothing to laugh at, Punk!"
3145,6131,0,5,41,46,1.108695652173913,0.04639945099589022,613,"If you don't cooperate, Nigel will fold the balloon before we remove it from your body."
5386,6131,0,5,41,46,1.108695652173913,0.04639945099589022,613,Oh you'll laugh all right and before we leave today!
3025,6131,0,5,41,46,1.108695652173913,0.04639945099589022,613,Is this some kind of sick joke?
1002,6131,2,1,43,46,1.108695652173913,0.06391616542376796,613,"We know your deepest fears, Jimmy. So, give us the names! Or he'll take out the horn!!!"
2600,6131,0,5,41,46,1.108695652173913,0.04639945099589022,613,You deserve a break today
7182,6131,0,5,41,46,1.108695652173913,0.04639945099589022,613,"Before you confess, do you have a kid's birthday coming up? Doug needs the money."
292,6131,1,3,42,46,1.108695652173913,0.05584883729854405,613,Welcome to Corporate Security 101!
482,6131,0,5,41,46,1.108695652173913,0.04639945099589022,613,Answer now or you'll be subjected to the squirting flower treatment.
541,6131,0,5,41,46,1.108695652173913,0.04639945099589022,613,...park and ride is more stable .p
642,6131,1,3,42,46,1.108695652173913,0.05584883729854405,613,Still not funny! Now get outta here...
840,6131,0,5,41,46,1.108695652173913,0.04639945099589022,613,"I feel it only fair to warn you, my partner does a particularly creative ""bad cop."""
913,6131,0,5,41,46,1.108695652173913,0.04639945099589022,613,"Look it, kid, you spill the beans on your friends or Detective Clown here, will laugh it out of you! I can tell you from personal experience, just the sound he makes twisting a balloon into a puppy dog will haunt you for the rest of your life!"
1001,6131,1,3,42,46,1.108695652173913,0.05584883729854405,613,If you continue to refuse to cooperate we'll have to sick the dog on you. No joking.
1270,6131,1,3,42,46,1.108695652173913,0.05584883729854405,613,"Yes Timmy, you can identify any animal. Even a tiny balloon poodle."
1374,6131,0,5,41,46,1.108695652173913,0.04639945099589022,613,Good Cop.. Bad Cop has gotten out of hand !!
1582,6131,1,3,42,46,1.108695652173913,0.05584883729854405,613,"He's the kid cop. I'm the grownup cop.,"
1614,6131,0,5,41,46,1.108695652173913,0.04639945099589022,613,"One more chance to fess up Brad, or I'll be forced to exploit your severe coulrophobia."
1616,6131,1,3,42,46,1.108695652173913,0.05584883729854405,613,Anything you say may be used against you in a court of laughs!
1767,6131,0,5,41,46,1.108695652173913,0.04639945099589022,613,Good that you called 911 but Jack here is part of the school liaison police officer program.
1772,6131,0,5,41,46,1.108695652173913,0.04639945099589022,613,"I know what you were expecting, but we've moved on from that old ""Good Cop/Bad Cop"" routine."
1908,6131,0,5,41,46,1.108695652173913,0.04639945099589022,613,Now repeat it to my partner without that smug smile on your face.
2130,6131,0,5,41,46,1.108695652173913,0.04639945099589022,613,Wuh?
2170,6131,0,5,41,46,1.108695652173913,0.04639945099589022,613,"I think we all know who the sick puppy is, now don’t we?"
2254,6131,0,5,41,46,1.108695652173913,0.04639945099589022,613,"You know if you don't tell me, I'll just leave. And my partner here will twist your words to fit the facts of the animalistic attack."
2945,6131,0,5,41,46,1.108695652173913,0.04639945099589022,613,"Now sir, for the last time, is this IT?"
4071,6173,2,42,382,426,1.107981220657277,0.01577122830862236,613,"Often we imitate a circus,but possessing an explosive device is illegal."
6101,6174,1,5,59,65,1.1076923076923078,0.04452244962611625,613,"LOOK at me! Start from the beginning, tell us everything you know, or he’ll tickle your feet."
6006,6175,3,11,145,159,1.1069182389937107,0.029037576944627767,613,You think you got what it takes?
4105,6176,2,1,44,47,1.1063829787234043,0.06258420823527418,613,"""Just be straight with us, we know that you were part of that Runaway Circus, Scary Clown Group"" we know about the schoolyards.."
4134,6176,1,3,43,47,1.1063829787234043,0.05469656058869374,613,Co-operate and Officer Giggles will make you a balloon dog house to go with that puppy
4331,6176,0,5,42,47,1.1063829787234043,0.04546036031565445,613,"Mr Sanders, detective Funnybone here will explain what exactly happened to your inner child."
4336,6176,0,5,42,47,1.1063829787234043,0.04546036031565445,613,My friend my look like a clown burt his dog is vicious!
4619,6176,0,5,42,47,1.1063829787234043,0.04546036031565445,613,"Next time, Leave YOUR FATHER at HOME!"
5015,6176,1,3,43,47,1.1063829787234043,0.05469656058869374,613,"Something funny, Chucklehead?"
5347,6176,0,5,42,47,1.1063829787234043,0.04546036031565445,613,Don't let the clown get-up fool ya. In five minutes you'll tell us everything we wanna know!
5443,6176,0,5,42,47,1.1063829787234043,0.04546036031565445,613,"Look kid, stop clowning around - did you rob the concession stand at the circus, or not?"
5453,6176,0,5,42,47,1.1063829787234043,0.04546036031565445,613,"Damn it, you are exhausting our patience; either tell us about last night or we bring in a mime ready to do his entire act."
5471,6176,0,5,42,47,1.1063829787234043,0.04546036031565445,613,You want to keep clowning around? You want to keep clowning around? I'll show you clowning around!
5535,6176,0,5,42,47,1.1063829787234043,0.04546036031565445,613,"Oh, you'll talk alright...but first, enjoy some knee-slappin' hijinks from Popo The Clown!"
5550,6176,0,5,42,47,1.1063829787234043,0.04546036031565445,613,It was an illicit clowndestine case...a real twister
5703,6176,1,3,43,47,1.1063829787234043,0.05469656058869374,613,"“You guessed it, smarty mouth. Your sweet dreams are over. Meet Clown Cop.”  Your"
6155,6176,1,3,43,47,1.1063829787234043,0.05469656058869374,613,"Don’t bother, they’re here."
6778,6176,0,5,42,47,1.1063829787234043,0.04546036031565445,613,You think you'r the only clown in this class room You think you'r the only clown in this classroom !!!
7020,6176,0,5,42,47,1.1063829787234043,0.04546036031565445,613,You’re right. It’s good cop or clown cop. Your choice.
7279,6176,1,3,43,47,1.1063829787234043,0.05469656058869374,613,"When Bobo gets through with you, you'll be crying like a baby."
3942,6176,0,5,42,47,1.1063829787234043,0.04546036031565445,613,"Good cap, bad cap"
3607,6176,1,3,43,47,1.1063829787234043,0.05469656058869374,613,Talk or the clown fucks you...doggy style
6026,6176,1,3,43,47,1.1063829787234043,0.05469656058869374,613,Talk or Rollo will balloon you.
3191,6176,1,3,43,47,1.1063829787234043,0.05469656058869374,613,"Let me introduce you to my partner, Police Brutality the Clown."
10,6176,1,3,43,47,1.1063829787234043,0.05469656058869374,613,"Yes, he's pretty scary, but wait till you see his brother, John 3:16."
113,6176,0,5,42,47,1.1063829787234043,0.04546036031565445,613,"It's simple kid. Second amendment, good clown. Any hesitation, bad clown."
134,6176,0,5,42,47,1.1063829787234043,0.04546036031565445,613,Start talking or the clown going to make you were a ball on hat.
607,6176,0,5,42,47,1.1063829787234043,0.04546036031565445,613,I bet you think this funny you sick #%?!.
760,6176,0,5,42,47,1.1063829787234043,0.04546036031565445,613,I think I see a pattern here…
3229,6176,1,3,43,47,1.1063829787234043,0.05469656058869374,613,"To be accepted at Comedy College, you have to explain exactly why this guy is funny."
1163,6176,0,5,42,47,1.1063829787234043,0.04546036031565445,613,Confess or ... suffer the consequences
1169,6176,0,5,42,47,1.1063829787234043,0.04546036031565445,613,Seeing our balloon sketch of the killer must be like looking in our funhouse mirror for you.
940,6176,1,3,43,47,1.1063829787234043,0.05469656058869374,613,"OK....you're right.......we ARE doing the 'good guy, bad guy' routine!"
1351,6176,1,3,43,47,1.1063829787234043,0.05469656058869374,613,"Now, I order you to suspend your disbelief, because Stephen King really ruined Officer Kirkpatrick and my good-cop-bad-cop vibe."
1547,6176,0,5,42,47,1.1063829787234043,0.04546036031565445,613,"Stop looking at him, Craig! The clown is not real! He's just a manifestation of your nightmares. Now tell me.. Did you kill the President?!"
1720,6176,1,3,43,47,1.1063829787234043,0.05469656058869374,613,". . . you have the right to talk to a lawyer . . . if you cannot afford one, one will be appointed to you by the court."
2198,6176,1,3,43,47,1.1063829787234043,0.05469656058869374,613,"""After eight hours of 'Good Cop / Bad Cop,' we're contractually obligated to switch to 'Magic Clown / Sad Clown.'"
2268,6176,0,5,42,47,1.1063829787234043,0.04546036031565445,613,"Yes, Detective! Knot any doubt about it! THAT's the twisted animal who popped my beloved Rex!"
2434,6176,0,5,42,47,1.1063829787234043,0.04546036031565445,613,"What do you think this is, “N.Y. Confidential”?"
2443,6176,0,5,42,47,1.1063829787234043,0.04546036031565445,613,You think I’m tough kid? Wait till ya get a load of him!
3142,6176,0,5,42,47,1.1063829787234043,0.04546036031565445,613,Don't make us get all Presidential on you.
1331,6176,0,5,42,47,1.1063829787234043,0.04546036031565445,613,But the Captain asked me to do a press conference defending the arrest of that Bozo?
5898,6215,3,8,121,132,1.106060606060606,0.03272208901639702,613,You’ll never make it in this world if you don’t believe in clowns.
2384,6216,1,20,188,209,1.105263157894737,0.02233402495193875,613,You had “good cop” and that didn’t work so now it’s my turn and I warn you no more closing around.
4519,6216,1,8,86,95,1.105263157894737,0.035012984986988224,613,"I’ll tell ya this, Sweeney: it’s a case for the ages."
4723,6216,1,12,120,133,1.105263157894737,0.028765038157895835,613,My balloon just popped young sir.
1049,6219,2,10,122,134,1.1044776119402986,0.030461708591563774,613,"His name is John, and he was born on March 16th."
5718,6220,0,5,43,48,1.1041666666666667,0.044558346215878446,613,"No, that's not a gun he's brandishing though his afro may lead you to think so."
6167,6220,1,3,44,48,1.1041666666666667,0.053590773834580184,613,"1) Well, Mr. Art Critic, just what DID the mugger look like? 2) Well yes, equal opportunity guidelines have gutted our sketch artist ranks."
7157,6220,1,3,44,48,1.1041666666666667,0.053590773834580184,613,The only clown in the room is you kid!
5589,6220,0,5,43,48,1.1041666666666667,0.044558346215878446,613,You'll float down here. We all float down here.
6676,6220,0,5,43,48,1.1041666666666667,0.044558346215878446,613,Start talking or the flower that squirts water is next
5144,6220,0,5,43,48,1.1041666666666667,0.044558346215878446,613,Did you really think this clown had a gun?
517,6220,1,3,44,48,1.1041666666666667,0.053590773834580184,613,Good cop bad clown
2544,6220,2,1,45,48,1.1041666666666667,0.06130657275434796,613,Officer Bozo here observed you from the time you entered the kiosk until you left with all the money.
2471,6220,1,3,44,48,1.1041666666666667,0.053590773834580184,613,Want to hear something really scary? I’m the bad cop in this box.
2308,6220,0,5,43,48,1.1041666666666667,0.044558346215878446,613,Do yourself a favor and confess. I’m just as Bad as that guy is Good.
1376,6220,0,5,43,48,1.1041666666666667,0.044558346215878446,613,Hey! I told you not to give me any hints. I want to guess what he made by myself.
904,6220,0,5,43,48,1.1041666666666667,0.044558346215878446,613,"A case of bad cop, worst cop interrogation."
4057,6220,0,5,43,48,1.1041666666666667,0.044558346215878446,613,Did you guys call for the K-9 unit?
3087,6233,0,11,95,106,1.1037735849056605,0.029761692857236104,613,Tune in next week for another episode of Millennium Hrs.
1948,6234,2,11,132,145,1.103448275862069,0.028907531815998363,613,Suppose we just tell the press our investigation is evolving.
6354,6234,1,4,53,58,1.103448275862069,0.04724506633555822,613,"Tell me, did Henry, the Balloon Man, molest you as a young boy?"
3066,6236,0,9,79,88,1.1022727272727273,0.0324857203870887,613,You have to chuck the hoodie and show people you feel their pain.
934,6237,0,5,44,49,1.1020408163265305,0.0436912672743712,613,Good Cop Bad Clown Balloon Dog Orange?
1248,6237,2,11,134,147,1.1020408163265305,0.02853012976982037,613,Stop clowning around in class.
1705,6237,0,5,44,49,1.1020408163265305,0.0436912672743712,613,"Yeah, but you still have to answer the question if he is just clowning around or is giving a detailed explanation of the balloon animal conundrum."
3967,6237,1,3,45,49,1.1020408163265305,0.05252872520911736,613,"Exactly what time did ""some Bozo from the Canine Division"" show up?"
4299,6237,1,3,45,49,1.1020408163265305,0.05252872520911736,613,"One more time... How old are you, and how much TV do you watch..?"
5028,6237,0,5,44,49,1.1020408163265305,0.0436912672743712,613,There is more where that came from if you don't start talking...
6273,6237,0,5,44,49,1.1020408163265305,0.0436912672743712,613,Your circus enhanced interrogation techniques will not make me flip.
6925,6237,1,3,45,49,1.1020408163265305,0.05252872520911736,613,We will go easy on you if you confess our k-9 picked up the scent of illegal cotton candy in your car.
7224,6237,0,5,44,49,1.1020408163265305,0.0436912672743712,613,"Listen pal, you don't get to talk to your lawyer until Lieutenant Chuckles is done with his act."
3707,6246,1,16,160,177,1.1016949152542372,0.024150627520305588,613,"If you don't start talking NOW, the clown will get you!"
24,6247,1,3,46,50,1.1,0.05150787536377128,613,Looks like his past caught up with him.
6175,6247,1,3,46,50,1.1,0.05150787536377128,613,He’s just getting started. He can twist the Macy’s Thanksgiving Parade’s Snoopy into Old Yeller after he’s been bitten.
6638,6247,1,3,46,50,1.1,0.05150787536377128,613,"Focus ! Stop singing "" Send in the clowns "" ."
1220,6250,1,11,123,135,1.0962962962962963,0.027567844998135898,613,We have millions of children who corroborate his story Mr. Koon. What did you do with the 58 million?!
2362,6251,2,9,125,136,1.0955882352941178,0.02929579533392265,613,He personally selected the best instructors.
1131,6252,2,16,192,210,1.0952380952380953,0.022437091162047666,613,We have a lot of cop clowns on the beat to get the public's favor Excuse us.... but is this the one that couldn't make a proper poodle?
4591,6253,0,4,39,43,1.0930232558139534,0.04481972612369448,613,"Look, kid, you better start talking or old Henry over here is gonna twist this thing into whatever he wants."
4651,6253,0,4,39,43,1.0930232558139534,0.04481972612369448,613,Detective Bo Bo recognizes this twisted behavior.
4658,6253,1,2,40,43,1.0930232558139534,0.055823181223160837,613,"...but I bet you’ve never seen Good Cop, Bad Clown in action...."
4668,6253,1,2,40,43,1.0930232558139534,0.055823181223160837,613,Mr. Barnum ... you’re denying your Clown College was a scam? So you think a sucker is born every minute?
4694,6253,1,2,40,43,1.0930232558139534,0.055823181223160837,613,"Him? Oh, this is just his part-time job."
4706,6253,0,4,39,43,1.0930232558139534,0.04481972612369448,613,"You're not doing yourself any favors with that ""bad clown, real clown"" stuff."
4849,6253,0,4,39,43,1.0930232558139534,0.04481972612369448,613,"The old clown cop, frown cop routine."
4800,6253,1,2,40,43,1.0930232558139534,0.055823181223160837,613,"Annie are you ok, you ok, you ok , Annie?"
4515,6253,1,2,40,43,1.0930232558139534,0.055823181223160837,613,"Up for a little round of good cop, bad cop?"
4865,6253,1,2,40,43,1.0930232558139534,0.055823181223160837,613,I'm the good cop. He's the clown
4984,6253,0,4,39,43,1.0930232558139534,0.04481972612369448,613,"Believe it or not, I'm actually the good cop."
5203,6253,0,4,39,43,1.0930232558139534,0.04481972612369448,613,"Won't talk, huh? That's fine. We'll just have to give you the FOURTH degree!"
5265,6253,0,4,39,43,1.0930232558139534,0.04481972612369448,613,I am gonna ask you ONE more time. We're not clowning around any more.
4774,6253,1,2,40,43,1.0930232558139534,0.055823181223160837,613,"You better talk, or my partner here will start his mime routine next!!"
4510,6253,0,4,39,43,1.0930232558139534,0.04481972612369448,613,"Once again, what funny business is going on?"
4352,6253,0,4,39,43,1.0930232558139534,0.04481972612369448,613,"You can work with me on this, or we can do it the hard way."
4363,6253,0,4,39,43,1.0930232558139534,0.04481972612369448,613,The class clown isn't always the best to hire.
5358,6253,0,4,39,43,1.0930232558139534,0.04481972612369448,613,"“So you are admitting you are in fact delusional, and therefore guilty of the murder, Right...?"
4252,6253,0,4,39,43,1.0930232558139534,0.04481972612369448,613,"First of all I want to put you at ease by saying you are not a ""target"" of this game"
4242,6253,1,2,40,43,1.0930232558139534,0.055823181223160837,613,"Sorry, our sketch artist is sick. I hope the guy who mugged you looked like a dog."
3841,6253,1,2,40,43,1.0930232558139534,0.055823181223160837,613,"Ok son, No more Mr Funny Guy!!"
3838,6253,0,4,39,43,1.0930232558139534,0.04481972612369448,613,"Are you playing Good Cop, Bad Cop with me?"""
3794,6253,1,2,40,43,1.0930232558139534,0.055823181223160837,613,The way you tell the story?
3652,6253,1,2,40,43,1.0930232558139534,0.055823181223160837,613,I had a dog once!
3621,6253,0,4,39,43,1.0930232558139534,0.04481972612369448,613,"And if you're thinking I'm not serious, young man, you're sadly mistaken . . ."
3605,6253,0,4,39,43,1.0930232558139534,0.04481972612369448,613,"I'm warning you, Kid, you're forcing us to play ""good cop, bad clown!"""
3597,6253,0,4,39,43,1.0930232558139534,0.04481972612369448,613,"You've heard of Good Cop/Bad Cop? Yeah, well we're going to do our version of that now."
3535,6253,0,4,39,43,1.0930232558139534,0.04481972612369448,613,We know you did a porn with a clown ... what do you have to say to that?
3433,6253,0,4,39,43,1.0930232558139534,0.04481972612369448,613,"It's a Laugh Detector Test...fool proof, if you get my drift."
3283,6253,0,4,39,43,1.0930232558139534,0.04481972612369448,613,"Can you describe what your assailant and his pony looked like? This is Sergeant Chuckles, our police balloon artist."
4496,6253,0,4,39,43,1.0930232558139534,0.04481972612369448,613,"Listen, Kid. You're in big trouble. And I'm not clowning around!"
5651,6253,0,4,39,43,1.0930232558139534,0.04481972612369448,613,Are you scared of clowns? Tell me how it happened of my partner stays.
5742,6253,0,4,39,43,1.0930232558139534,0.04481972612369448,613,"since we can't get you to talk,we are going to have so much fun!"
5709,6253,0,4,39,43,1.0930232558139534,0.04481972612369448,613,I'm trying to help you avoid finding out how this guy treats you.
7297,6253,1,2,40,43,1.0930232558139534,0.055823181223160837,613,"You pick...bad cop, or bad clown."
7228,6253,0,4,39,43,1.0930232558139534,0.04481972612369448,613,"Honestly, I thought you were the clown..."
7181,6253,0,4,39,43,1.0930232558139534,0.04481972612369448,613,"This is your last chance, Mikey. If you don’t talk to Officer Bobo, we’re going to tell your Mom."
7128,6253,0,4,39,43,1.0930232558139534,0.04481972612369448,613,"I promise, you don't want me to play good cop."
7108,6253,0,4,39,43,1.0930232558139534,0.04481972612369448,613,"""He got that out of the last ""tough guy""!"
7099,6253,0,4,39,43,1.0930232558139534,0.04481972612369448,613,"He's a good cop, a lot of fun, and cleans up after every confession."
6976,6253,0,4,39,43,1.0930232558139534,0.04481972612369448,613,"Listen, kid. I wanna help ya. My partner can”t always control himself, and he’s packin’ “BANG!”"
6947,6253,1,2,40,43,1.0930232558139534,0.055823181223160837,613,"If that’s all there is, I have to send in the clowns..."
6943,6253,1,2,40,43,1.0930232558139534,0.055823181223160837,613,"Here comes the ""Good cop, bad clown"" tactic."
6922,6253,1,2,40,43,1.0930232558139534,0.055823181223160837,613,Stop clowning around; one last chance to tell the truth
6872,6253,0,4,39,43,1.0930232558139534,0.04481972612369448,613,You were outwitted by our K-9 unit.
6807,6253,0,4,39,43,1.0930232558139534,0.04481972612369448,613,"Look, we busted you for smoking a joint, my partner here will tell you just how much serious trouble you're in mister!"
6751,6253,0,4,39,43,1.0930232558139534,0.04481972612369448,613,"All right, funny man. Let's see how you like a taste of your own medicine."
6645,6253,1,2,40,43,1.0930232558139534,0.055823181223160837,613,You are aware it is not permissible to pet police dogs.
5672,6253,1,2,40,43,1.0930232558139534,0.055823181223160837,613,"Listen up, clown! The whole plan's blowing up right here in your face ..."
6513,6253,0,4,39,43,1.0930232558139534,0.04481972612369448,613,I laughed when all of my balloons popped before they were half way blown up.
6367,6253,1,2,40,43,1.0930232558139534,0.055823181223160837,613,Twister for your hoodie.
6289,6253,0,4,39,43,1.0930232558139534,0.04481972612369448,613,"We're doing good cop, bad clown."
6253,6253,0,4,39,43,1.0930232558139534,0.04481972612369448,613,"Now Jordon, this is a real class clown!"
6240,6253,0,4,39,43,1.0930232558139534,0.04481972612369448,613,"Sorry about my colleague, he says the rainbow wig helps him think better. I’m not really sure why he’s gotta add the ballon animal and red nose but I can’t judge, i’ve spent the last 42 years looking like every father-in-law you’ve ever had.?"
6168,6253,0,4,39,43,1.0930232558139534,0.04481972612369448,613,Your alibi's blown.
6129,6253,0,4,39,43,1.0930232558139534,0.04481972612369448,613,So he is your father...
6092,6253,0,4,39,43,1.0930232558139534,0.04481972612369448,613,Too late now.
6087,6253,1,2,40,43,1.0930232558139534,0.055823181223160837,613,We'll drop the kid's party theft charge if you tell us how to make a better tail on the giraffe.
6022,6253,0,4,39,43,1.0930232558139534,0.04481972612369448,613,"Better talk now because he's next, and then the mime - and all consistent with the new anti-torture guidelines passed by the City Council."
5967,6253,0,4,39,43,1.0930232558139534,0.04481972612369448,613,You’d better deal with the serious cop—the clown cop’s not that funny.
5927,6253,0,4,39,43,1.0930232558139534,0.04481972612369448,613,"ah, the old “good cop, bad cop” routine."
5879,6253,1,2,40,43,1.0930232558139534,0.055823181223160837,613,And you're saying I'm the clown here?
5863,6253,0,4,39,43,1.0930232558139534,0.04481972612369448,613,"really?, did you think this its funny?"
3270,6253,0,4,39,43,1.0930232558139534,0.04481972612369448,613,"Why, exactly, would you need a back channel to the strongman, Kyle?"
6368,6253,1,2,40,43,1.0930232558139534,0.055823181223160837,613,Who me – a clown?
3218,6253,0,4,39,43,1.0930232558139534,0.04481972612369448,613,"Hey, Mac, the good cop's out today. Now, shut up, and I'll ask the questions."
2537,6253,0,4,39,43,1.0930232558139534,0.04481972612369448,613,Maybe you want to deal with the bad clown?
3157,6253,0,4,39,43,1.0930232558139534,0.04481972612369448,613,No I am funny cop. He's funny ha-ha cop
1642,6253,0,4,39,43,1.0930232558139534,0.04481972612369448,613,We have your entire FaceBook history and you know what is coming next! So what do you say? let's just skip that and get down to the truth!
1621,6253,1,2,40,43,1.0930232558139534,0.055823181223160837,613,I hope you're good at multi-tasking.
1617,6253,1,2,40,43,1.0930232558139534,0.055823181223160837,613,"Oh you probably think us a couple of clowns huh. Not that there's anything wrong with that. Hey common, you know I didn't mean it like that Steve. You know I have a friend who's a clown."
1607,6253,1,2,40,43,1.0930232558139534,0.055823181223160837,613,"I am here for theeee..clown show???...but it looks like a s**t show.??? Hey, sorry."
1557,6253,0,4,39,43,1.0930232558139534,0.04481972612369448,613,"This is seriously you guys idea of good cop, bad cop?"
1545,6253,1,2,40,43,1.0930232558139534,0.055823181223160837,613,"Listen, you little punk, confess or I'll let *him* have a go at you."
1521,6253,0,4,39,43,1.0930232558139534,0.04481972612369448,613,Got it wrong pal. I'm the GOOD cop. . .
1507,6253,0,4,39,43,1.0930232558139534,0.04481972612369448,613,"You think you're a mugger? You got another thing coming, buddy boy!"
1456,6253,0,4,39,43,1.0930232558139534,0.04481972612369448,613,Let's go over this again. Do you keep seeing a vision of a uniformed clown making balloon dogs?
1401,6253,0,4,39,43,1.0930232558139534,0.04481972612369448,613,You said the dog looked deflated.
1277,6253,1,2,40,43,1.0930232558139534,0.055823181223160837,613,"He meant to go to Clown U, but accidentally came to Brown. Whatever you do, don't you dare laugh."
1145,6253,0,4,39,43,1.0930232558139534,0.04481972612369448,613,Tell us what we need to know or Jeff Koons will give you one of his stupid sculptures.
1129,6253,0,4,39,43,1.0930232558139534,0.04481972612369448,613,Saying he's your Dad won't reduce the charges.
1099,6253,0,4,39,43,1.0930232558139534,0.04481972612369448,613,Special Agent Bozo has a way with balloons that will make even the toughest guy confess
1681,6253,0,4,39,43,1.0930232558139534,0.04481972612369448,613,So you want to clown around before you talk?
1037,6253,1,2,40,43,1.0930232558139534,0.055823181223160837,613,Kimchi breath while blowing up defenseless balloon animals is against the law!
1017,6253,1,2,40,43,1.0930232558139534,0.055823181223160837,613,"Look, WE do the funny business here, not you. Got it, punk?"
888,6253,0,4,39,43,1.0930232558139534,0.04481972612369448,613,"I warned you if you weren't willing to cooperate, my partner was going to make things really uncomfortable for you."
827,6253,0,4,39,43,1.0930232558139534,0.04481972612369448,613,What's the password for it?
816,6253,0,4,39,43,1.0930232558139534,0.04481972612369448,613,What's the password of the balloon?
767,6253,0,4,39,43,1.0930232558139534,0.04481972612369448,613,"C'mon, what do you take us for?"
732,6253,1,2,40,43,1.0930232558139534,0.055823181223160837,613,"Just come clean kid, you don't want to deal with Sgt. Funnybone."
661,6253,0,4,39,43,1.0930232558139534,0.04481972612369448,613,You blew it . . . He leaked!
535,6253,0,4,39,43,1.0930232558139534,0.04481972612369448,613,"When we're done here you're going to wish it had really been ""good cop, bad cop."""
3173,6253,0,4,39,43,1.0930232558139534,0.04481972612369448,613,You're lucky he's not performing the slapstick routine.
332,6253,0,4,39,43,1.0930232558139534,0.04481972612369448,613,When the other cop doesn’t have the “It” factor.
321,6253,1,2,40,43,1.0930232558139534,0.055823181223160837,613,I bet you're wondering which is the good cop or bad cop.
186,6253,0,4,39,43,1.0930232558139534,0.04481972612369448,613,"Have it your way, now the bad cop."
132,6253,0,4,39,43,1.0930232558139534,0.04481972612369448,613,Nobody believes you're Mark Zuckerberg.
74,6253,0,4,39,43,1.0930232558139534,0.04481972612369448,613,Now you can play tour games with the Attorney General.
1035,6253,0,4,39,43,1.0930232558139534,0.04481972612369448,613,You’d better confesss. I’m good cop. He’s bad cop!
1692,6253,2,0,41,43,1.0930232558139534,0.06498959358193226,613,How'd you know he wasn't a clown?
449,6253,0,4,39,43,1.0930232558139534,0.04481972612369448,613,"We've got you dead to rights - look closely, he was under your bed!"
1738,6253,1,2,40,43,1.0930232558139534,0.055823181223160837,613,You have the right to be a mime.
1698,6253,1,2,40,43,1.0930232558139534,0.055823181223160837,613,Listen up you Millennial Snowflake or the dog gets it!
3116,6253,0,4,39,43,1.0930232558139534,0.04481972612369448,613,"I'll get you Mr. Pretty . . . and your little dog, too."
3022,6253,0,4,39,43,1.0930232558139534,0.04481972612369448,613,"He may be a clown now, but one day he'll be a ""slime ball"
3015,6253,0,4,39,43,1.0930232558139534,0.04481972612369448,613,"Ok.... he showed you how, now tell us where you hid the clown car."
3005,6253,1,2,40,43,1.0930232558139534,0.055823181223160837,613,You deny trying to sell officer Bozo here a blow up sex puppy?
3001,6253,0,4,39,43,1.0930232558139534,0.04481972612369448,613,"You can come clean now, or you can deal with Coco. Your choice!"
2906,6253,2,0,41,43,1.0930232558139534,0.06498959358193226,613,You think I'm tough ? my partner Jeff he does not clown around.
2682,6253,1,2,40,43,1.0930232558139534,0.055823181223160837,613,"Just humour him. We told him McDonald's would sponsor a K-9 unit, if he wore the clown get-up...."
2649,6253,0,4,39,43,1.0930232558139534,0.04481972612369448,613,Oh? You think I'm the bad cop?
2576,6253,0,4,39,43,1.0930232558139534,0.04481972612369448,613,So you are the other client of this fixer.
2479,6253,0,4,39,43,1.0930232558139534,0.04481972612369448,613,"Oh, you think things are blown out of proportion now? Just wait till you see what else is up our sleeve."
2403,6253,0,4,39,43,1.0930232558139534,0.04481972612369448,613,And I'm the tears. Get it?
2383,6253,1,2,40,43,1.0930232558139534,0.055823181223160837,613,"Hey! You going to answer my question, Bozo?"
2346,6253,1,2,40,43,1.0930232558139534,0.055823181223160837,613,"You mean to tell me, kid that you don't see Bobo, the baloon jerk behind me?...and you want a job as a security guy?..."
3020,6253,0,4,39,43,1.0930232558139534,0.04481972612369448,613,"Good cop, bad cop begins to take on a new meaning when your partner reconsiders his career choices."
2270,6253,1,2,40,43,1.0930232558139534,0.055823181223160837,613,Look! This is serious. We aren't clowns blowing up evidence like it was little doggy balloons?
2310,6253,0,4,39,43,1.0930232558139534,0.04481972612369448,613,"I have Coulrophobia, clown phobia. I don't want a lawyer, I want a therapist."
1835,6253,0,4,39,43,1.0930232558139534,0.04481972612369448,613,The Joker got a new job I guess...
1853,6253,1,2,40,43,1.0930232558139534,0.055823181223160837,613,You want to play games with me? Now for Want to play games with us tough guy? Well we’re see how tough you are.
1875,6253,0,4,39,43,1.0930232558139534,0.04481972612369448,613,"Your toy gun is a problem, but these are a BIG problem."
1882,6253,0,4,39,43,1.0930232558139534,0.04481972612369448,613,"Well, what did you think 'Good cop, bad cop' meant?"
1998,6253,0,4,39,43,1.0930232558139534,0.04481972612369448,613,Forget the clown suit! Was the burglar a clown or not?!
1838,6253,1,2,40,43,1.0930232558139534,0.055823181223160837,613,Come clean or my partner will twist your arm!
2067,6253,1,2,40,43,1.0930232558139534,0.055823181223160837,613,"Finally, we have a credible witness you stole this from MOMA"
2255,6253,1,2,40,43,1.0930232558139534,0.055823181223160837,613,We can do this either the hard way...or the funny way.
2002,6253,0,4,39,43,1.0930232558139534,0.04481972612369448,613,"We're not clowning around. That's a Tazer he's holding, kid."
2147,6253,1,2,40,43,1.0930232558139534,0.055823181223160837,613,You want me to believe that you see clowns everywhere?
1780,6253,0,4,39,43,1.0930232558139534,0.04481972612369448,613,"Stephen King should never have starred in his own procedural (CBS, Sunday nights)."
2128,6253,0,4,39,43,1.0930232558139534,0.04481972612369448,613,"“ Your therapist suggested this may facilitate the interrogation, so this is our best version of Bozo the clown circa 1990’s”."
2118,6253,0,4,39,43,1.0930232558139534,0.04481972612369448,613,We only need to get one of your multiple personalities to confess.
2060,6385,2,23,267,292,1.0924657534246576,0.018315155124501426,613,"Confused! So, was he the suspect, or me?"
5177,6386,0,4,40,44,1.0909090909090908,0.04384025656094653,613,"This interrogation has been difficult. Therefore, we have flown in our Chief Los Angeles Psychiatric Investigator, Mr. Larry."
5586,6386,0,4,40,44,1.0909090909090908,0.04384025656094653,613,You won’t think it’s funny when I turn you over to officer Koons.
5644,6386,1,2,41,44,1.0909090909090908,0.054580679253385125,613,How dare he steal my balloon!
5483,6386,0,4,40,44,1.0909090909090908,0.04384025656094653,613,"Oh, so you think I'm funny? That's good. You want funny? I got your funny right here."
5472,6386,1,2,41,44,1.0909090909090908,0.054580679253385125,613,FUNNY UNFUNNY
5385,6386,0,4,40,44,1.0909090909090908,0.04384025656094653,613,Oh so just because he's a clown he planted that dog at the scene? I'll have you know he doesn't even DO balloon animals.
5373,6386,0,4,40,44,1.0909090909090908,0.04384025656094653,613,Admit that you intentionally scared our K-9 unit
5307,6386,0,4,40,44,1.0909090909090908,0.04384025656094653,613,"No, that's not the principal; it's your future if things don't change."
5295,6386,0,4,40,44,1.0909090909090908,0.04384025656094653,613,"No, dirtbag -- I'm the GOOD cop!"
5620,6386,0,4,40,44,1.0909090909090908,0.04384025656094653,613,"Face it kid, if the squeaky balloon animals won't make you talk, the seltzer down your pants will."
5575,6386,0,4,40,44,1.0909090909090908,0.04384025656094653,613,"Believe me, it’s ME who is the good cop."
4504,6386,0,4,40,44,1.0909090909090908,0.04384025656094653,613,It’s time for the ol’ bad cop/clown cop routine.
7263,6386,0,4,40,44,1.0909090909090908,0.04384025656094653,613,You better come clean with me. I’m not clowning around.
4812,6386,0,4,40,44,1.0909090909090908,0.04384025656094653,613,He helps us keep up with the twists and turns of testimony.
4810,6386,1,2,41,44,1.0909090909090908,0.054580679253385125,613,"Tell me Jeff, WHERE'S THE SHOES?"
4677,6386,1,2,41,44,1.0909090909090908,0.054580679253385125,613,"He's not lying, this floats too."
4547,6386,1,2,41,44,1.0909090909090908,0.054580679253385125,613,"We're from the government and we're here to help...remember that? Ha, ha. Where're the brown kids? We're here for a travel game. ICE is funny, see. Ha, ha!"
4454,6386,0,4,40,44,1.0909090909090908,0.04384025656094653,613,"OK. To show you the seriousness of your crime, Sgt. Chuckles is going to do his comedy act--until you remember how the guppies got into Mrs. Smith's chowder."
4346,6386,0,4,40,44,1.0909090909090908,0.04384025656094653,613,"Some say it's the most gruesome torture ever devised. We'll see how you hold up, but my money's on Captain Chuckles."
4300,6386,1,2,41,44,1.0909090909090908,0.054580679253385125,613,"Just confess, did you or did you not purposefully skate board over a clown's pet balloon while at the county fair?"
4298,6386,0,4,40,44,1.0909090909090908,0.04384025656094653,613,You think we're clowning around right now mister?
5681,6386,0,4,40,44,1.0909090909090908,0.04384025656094653,613,We found all the balloon animals and their outfits. Youre going to need a good lawyer kid.
4087,6386,0,4,40,44,1.0909090909090908,0.04384025656094653,613,"Oh yeah, I'll show you a clown!"
5068,6386,0,4,40,44,1.0909090909090908,0.04384025656094653,613,"Drop your trousers, sir. Our customs dog can sniff out a mule a mile away."
5684,6386,0,4,40,44,1.0909090909090908,0.04384025656094653,613,Stop clowning around and tell us who the perp is.
6601,6386,0,4,40,44,1.0909090909090908,0.04384025656094653,613,I don't get it.
5819,6386,0,4,40,44,1.0909090909090908,0.04384025656094653,613,Tell us where the birthday party is or the doggie gets it.
3915,6386,0,4,40,44,1.0909090909090908,0.04384025656094653,613,"If you don't talk now you're gonna find out what else he does with a balloon! (The old ""Good Cop - Bad Clown Cop"" routine?)"
7261,6386,0,4,40,44,1.0909090909090908,0.04384025656094653,613,That's not what I meant. You're twisting my words around
7212,6386,1,2,41,44,1.0909090909090908,0.054580679253385125,613,You think I’m some kind of Bozo?
7074,6386,1,2,41,44,1.0909090909090908,0.054580679253385125,613,And if you don’t start talking he can mime all night.
7073,6386,0,4,40,44,1.0909090909090908,0.04384025656094653,613,There’ll be more where that came from once you start answering some questions.
6969,6386,0,4,40,44,1.0909090909090908,0.04384025656094653,613,Good cop bad cop?? This is 2018 buddy!
6846,6386,1,2,41,44,1.0909090909090908,0.054580679253385125,613,"Yeah, we’ll what do YOU do to maximize your potential?!"
6802,6386,1,2,41,44,1.0909090909090908,0.054580679253385125,613,"Tell us the truth, or we will tickle your funny bone!"
6725,6386,1,2,41,44,1.0909090909090908,0.054580679253385125,613,"Don't be fooled, I'm the good guy."
6654,6386,0,4,40,44,1.0909090909090908,0.04384025656094653,613,"Well, we couldn't get a suit on death or public speaking."
6606,6386,1,2,41,44,1.0909090909090908,0.054580679253385125,613,"'You're gonna get popped for this, one way or another, bozo. Where are the puppies?"""
5722,6386,1,2,41,44,1.0909090909090908,0.054580679253385125,613,"This is no good cop, bad cop routine."
6490,6386,0,4,40,44,1.0909090909090908,0.04384025656094653,613,"Officer, is this one of the clowns you said you work with?"
6365,6386,0,4,40,44,1.0909090909090908,0.04384025656094653,613,He's the crying on the inside type.
6356,6386,1,2,41,44,1.0909090909090908,0.054580679253385125,613,I’m the bad cop and he’s the evil clown.
6283,6386,0,4,40,44,1.0909090909090908,0.04384025656094653,613,Who'dja expect A good cop?
6234,6386,1,2,41,44,1.0909090909090908,0.054580679253385125,613,"Stupid autocorrect. I said ""make a dramatic entrance as a bad COP!"""
6058,6386,0,4,40,44,1.0909090909090908,0.04384025656094653,613,"Just tell us what we want to know, and then we'll all have a good laugh."
6000,6386,0,4,40,44,1.0909090909090908,0.04384025656094653,613,"No more ""Good cop, bad cop!"""
5995,6386,0,4,40,44,1.0909090909090908,0.04384025656094653,613,Go on: admit you stole the dog from Jeff Koons
5892,6386,0,4,40,44,1.0909090909090908,0.04384025656094653,613,"Okay, we're through fooling around! Tell us where you hid the floppy shoes!"
5867,6386,0,4,40,44,1.0909090909090908,0.04384025656094653,613,We seem to have a failure to communicate so that's why Doofus the Clown will takes over.
5849,6386,0,4,40,44,1.0909090909090908,0.04384025656094653,613,A man. A clown. A dog. It's breakthrough!! It'll set next season on it's ear!
5840,6386,0,4,40,44,1.0909090909090908,0.04384025656094653,613,Take a look at this clown.
6410,6386,0,4,40,44,1.0909090909090908,0.04384025656094653,613,"Oh, I get it. The old good cop, clown cop routine."
3859,6386,0,4,40,44,1.0909090909090908,0.04384025656094653,613,"Be aware, if you don’t confess with the “good cop-bad cop” routine, it’ll get tougher."
2836,6386,0,4,40,44,1.0909090909090908,0.04384025656094653,613,After the series closed Rusty was unable to transition away from the character he had played for thirty seasons.
3419,6386,1,2,41,44,1.0909090909090908,0.054580679253385125,613,What kind of a monster would steal a kid's balloon animal?
2048,6386,0,4,40,44,1.0909090909090908,0.04384025656094653,613,Was this the guy who stole your birthday cake?
1866,6386,0,4,40,44,1.0909090909090908,0.04384025656094653,613,listen to me fuckface Juggaloism is entirely consistent with appreciating Jeff Koons
1751,6386,0,4,40,44,1.0909090909090908,0.04384025656094653,613,"Now John, my partner here does not clown around. Tell us the truth."
1731,6386,0,4,40,44,1.0909090909090908,0.04384025656094653,613,And I’ll became the mime cop unless we start getting some answers.
1572,6386,1,2,41,44,1.0909090909090908,0.054580679253385125,613,Better talk or we'll use the laughing gas on ya!
1446,6386,0,4,40,44,1.0909090909090908,0.04384025656094653,613,"I'm the mean-ass cop and he's the dumb-ass cop...Either way, you don't get the balloon toy."
1196,6386,0,4,40,44,1.0909090909090908,0.04384025656094653,613,Make the clown laugh or we’ll go Bozo on you.
1084,6386,0,4,40,44,1.0909090909090908,0.04384025656094653,613,"You had better tell me everything I wanna know because, trust me, he’s not great at parties either."
1052,6386,0,4,40,44,1.0909090909090908,0.04384025656094653,613,"OK, good cop/bad cop didn't work."
964,6386,0,4,40,44,1.0909090909090908,0.04384025656094653,613,What makes you think it was an inside job?!!!
961,6386,0,4,40,44,1.0909090909090908,0.04384025656094653,613,"Being Class Clown won't get you anywhere son. Look at your Dad, he's still here."
903,6386,0,4,40,44,1.0909090909090908,0.04384025656094653,613,Our undercover agent lost two weeks at the circus to get it
850,6386,0,4,40,44,1.0909090909090908,0.04384025656094653,613,"You have the right to remain silent, but he has the professional duty to."
645,6386,1,2,41,44,1.0909090909090908,0.054580679253385125,613,??? Isn't it rich? Isn't it queer? Losing my timing this late in my career…???
599,6386,0,4,40,44,1.0909090909090908,0.04384025656094653,613,This case is still evolving.
501,6386,0,4,40,44,1.0909090909090908,0.04384025656094653,613,"Look, Glick: I'm the good cop!"
475,6386,1,2,41,44,1.0909090909090908,0.054580679253385125,613,"I'm done playing. Wilcox, bring in the face paint."
270,6386,0,4,40,44,1.0909090909090908,0.04384025656094653,613,"This is a serious matter, son. What can you remember?"
243,6386,0,4,40,44,1.0909090909090908,0.04384025656094653,613,The thief is known to appear like a clown. Have you seen him anywhere?
181,6386,0,4,40,44,1.0909090909090908,0.04384025656094653,613,It's Officer Momo fo you!
85,6386,1,12,141,154,1.0909090909090908,0.025000868100769392,613,"Okay Jesse James, the clowning around is over. You’re under arrest."
3,6386,0,4,40,44,1.0909090909090908,0.04384025656094653,613,God did it.
3809,6386,0,4,40,44,1.0909090909090908,0.04384025656094653,613,"No more clowning around, Mr. Z. It's time you got serious on data privacy."
2132,6386,0,4,40,44,1.0909090909090908,0.04384025656094653,613,Pete and Repeat are sitting on a fence. Pete falls off. Who’s left? Repeat
2182,6386,0,4,40,44,1.0909090909090908,0.04384025656094653,613,You think that's strange? The two-way mirror makes you look disproportionate!
1257,6386,1,2,41,44,1.0909090909090908,0.054580679253385125,613,No more clowning around. You scared straight yet?
2235,6386,1,2,41,44,1.0909090909090908,0.054580679253385125,613,Cooperate or we'll send in the nasty clown.
3387,6386,0,4,40,44,1.0909090909090908,0.04384025656094653,613,Quit clowning around and answer the question!
3366,6386,0,4,40,44,1.0909090909090908,0.04384025656094653,613,Work with this officer to get a rendering of the assailant.
3305,6386,0,4,40,44,1.0909090909090908,0.04384025656094653,613,You see Bozo here will make a puppet out of you if you don't cooperate
2190,6386,0,4,40,44,1.0909090909090908,0.04384025656094653,613,"If we're the ""good"" cops... can you guess how bad are the ""bad""ones?"
3016,6386,0,4,40,44,1.0909090909090908,0.04384025656094653,613,"So you say it’s impossible that you're the ""Downtown Pick-Pocket Clown""? ….. let’s see how coulrophobic you really are!"
2990,6386,0,4,40,44,1.0909090909090908,0.04384025656094653,613,"Yeah, he's a clown and a cop. And in case you're wondering, good cop/ bad cop, I'm the good cop. So last chance, answer me now or scream for me after 4 hours of his act..."
2988,6386,2,0,42,44,1.0909090909090908,0.06353056744742798,613,"Why, Mr. Koons, why?"
2915,6386,0,4,40,44,1.0909090909090908,0.04384025656094653,613,... ‘fess up tough guy or we’re gonna tickle every bone in your body.
2907,6386,0,4,40,44,1.0909090909090908,0.04384025656094653,613,"No punk, we aren't trying to good cop, bad clown you."
2849,6386,0,4,40,44,1.0909090909090908,0.04384025656094653,613,Don't make me walk out of this room.
2840,6386,0,4,40,44,1.0909090909090908,0.04384025656094653,613,"OK wise guy, you got your balloon animal now talk!"
2711,6386,0,4,40,44,1.0909090909090908,0.04384025656094653,613,Dad is it you?
3231,6386,0,4,40,44,1.0909090909090908,0.04384025656094653,613,"If ya think he's clowning, wait'll he sics the mutt on ya!"
2691,6386,0,4,40,44,1.0909090909090908,0.04384025656094653,613,This is no laughing matter.
2700,6386,0,4,40,44,1.0909090909090908,0.04384025656094653,613,"He won’t hurt you, he’s just a little funny."
2278,6386,1,2,41,44,1.0909090909090908,0.054580679253385125,613,Enough of this serious cop-silly cop!
2474,6386,0,4,40,44,1.0909090909090908,0.04384025656094653,613,"If you agree to testify, we’ll have Chuckles reveal how he makes any money getting in and out of tiny cars."
2515,6386,1,2,41,44,1.0909090909090908,0.054580679253385125,613,Admit it. You put a spell on my partner and turned him into a good cop!
2543,6386,0,4,40,44,1.0909090909090908,0.04384025656094653,613,Do you still think this is the guy that did it?
2511,6386,0,4,40,44,1.0909090909090908,0.04384025656094653,613,"BAD COP, GOOD COP. Do ya feel lucky kid? Your pick."
2585,6386,0,4,40,44,1.0909090909090908,0.04384025656094653,613,Did you or did you not make mimicking gestures of our agent when he was working undercover?
2590,6386,0,4,40,44,1.0909090909090908,0.04384025656094653,613,I’m here to report that I found another Bozo working in the mailroom
2614,6386,0,4,40,44,1.0909090909090908,0.04384025656094653,613,I told you he can beat you silly.
2686,6386,0,4,40,44,1.0909090909090908,0.04384025656094653,613,Clown cop- bad cop
2580,6386,0,4,40,44,1.0909090909090908,0.04384025656094653,613,He saw you take the girls bunny
425,6493,1,11,134,146,1.0890410958904109,0.025570916840605952,613,"So the arrestee is thinking to himself ... ""I know police departments are being encouraged to make an effort to better connect with ordinary citizens ... but a cop dressed up as a clown with a balloon in hand shaped like Fido isn't working for me!"""
6573,6494,0,4,41,45,1.0888888888888888,0.042902546629485463,613,"So you're not gonna talk, huh? Well neither does Detective McDonald!"
3867,6494,0,4,41,45,1.0888888888888888,0.042902546629485463,613,Pay attention in class and this can be your future.
5743,6494,0,4,41,45,1.0888888888888888,0.042902546629485463,613,Cool it! That's my balloon toy. You get one if you confess.
5590,6494,1,2,42,45,1.0888888888888888,0.05339222337940409,613,What do you know about Jeff Koons and his ties to Pootin the Poodle?
4894,6494,0,4,41,45,1.0888888888888888,0.042902546629485463,613,This is IT! Confess or face the consequences.
4458,6494,0,4,41,45,1.0888888888888888,0.042902546629485463,613,Is this the man that interrupted your party?
3452,6494,0,4,41,45,1.0888888888888888,0.042902546629485463,613,Never thought we'd need an undercover cop at a kid's party.
937,6494,0,4,41,45,1.0888888888888888,0.042902546629485463,613,Guess again--I'm the good cop.
2049,6494,0,4,41,45,1.0888888888888888,0.042902546629485463,613,"We call this type of interrogation good clown, bad clown."
1913,6494,0,4,41,45,1.0888888888888888,0.042902546629485463,613,"White privilege aside, you'll be charged as an adult."
1716,6494,1,2,42,45,1.0888888888888888,0.05339222337940409,613,"Are you SURE it's not ""good cop, clown cop""?"
1672,6494,0,4,41,45,1.0888888888888888,0.042902546629485463,613,"You think your so smart, son, but you didn't even realize Rollo over there was an under cover clown."
681,6494,0,4,41,45,1.0888888888888888,0.042902546629485463,613,"That's right punk. It's the bad cop, bad clown routine."
67,6494,0,4,41,45,1.0888888888888888,0.042902546629485463,613,Only you can keep him from popping it; where's the body?
2248,6494,2,0,43,45,1.0888888888888888,0.06213558181506949,613,"The choice is yours, punk. Bad cop or scary cop?"
5313,6509,1,11,135,147,1.08843537414966,0.02540359171638416,613,"""You fit the description given by a five year old. Now, are you going to confess or not?"" "" I want my lawyer""..."
2539,6510,0,4,42,46,1.0869565217391304,0.04200399056866503,613,"Okay, wise guy, you play 'good cop'."
2438,6510,0,4,42,46,1.0869565217391304,0.04200399056866503,613,Confess or be eaten!
1660,6510,0,4,42,46,1.0869565217391304,0.04200399056866503,613,Let's get serious now.
2406,6510,0,4,42,46,1.0869565217391304,0.04200399056866503,613,"If that didn't help, maybe some Nirvana played on the kazoo will jog your memory!"
1675,6514,0,4,43,47,1.0851063829787233,0.041142194186747603,613,Do you remember seeing this as a child in Toys 'R' Us?
4037,6514,1,2,44,47,1.0851063829787233,0.05116394748945358,613,Watch it buddy. My partner here prefers non-gendered pronouns.
6340,6514,0,4,43,47,1.0851063829787233,0.041142194186747603,613,You think that's funny?
6151,6517,1,3,56,60,1.0833333333333333,0.04312422383919018,613,"Rex from the K-9 Corps probably didn’t think Bobo could do it either. Talk, or it’s your turn, pal."
2152,6518,1,9,135,145,1.0758620689655172,0.02413793103448277,613,Lt. Dever's tracing techniques are evolving nicely
5559,6519,0,3,37,40,1.075,0.04217636961434866,613,Tell us what we want or he's taking you clowntown!
5127,6519,0,3,37,40,1.075,0.04217636961434866,613,"I demand my clown costume, NOW!"
5084,6519,0,3,37,40,1.075,0.04217636961434866,613,"This is not Mi Shebeirach Mr. Zuckerberg, this is serious!"
5065,6519,0,3,37,40,1.075,0.04217636961434866,613,And i'm the mentally unstable one
5050,6519,0,3,37,40,1.075,0.04217636961434866,613,Where's the funny?
5037,6519,0,3,37,40,1.075,0.04217636961434866,613,My undercover sources tell me you're the ringleader.
4923,6519,0,3,37,40,1.075,0.04217636961434866,613,"This is officer Blinko from our Reverse Psychology Dept., he's here to make you talk."
5016,6519,0,3,37,40,1.075,0.04217636961434866,613,"Sorry, pal. These days we do ""Bad Cop, Worse Cop""."
4930,6519,0,3,37,40,1.075,0.04217636961434866,613,"Is this your balloon or do you think he may be in on this?"" ""Looks can be deceiving."
5128,6519,0,3,37,40,1.075,0.04217636961434866,613,I thought there was a kid... there wasn't ... it was A TEENAGER...UGHH
4895,6519,1,1,38,40,1.075,0.055325377864931344,613,Wrong. He's NOT Albert Einstein!
4893,6519,0,3,37,40,1.075,0.04217636961434866,613,"Tell us who your dealer is, now clowning around. No offence, John. 'None taken, Brad.'"
5018,6519,1,1,38,40,1.075,0.055325377864931344,613,Tracking you down was no small feet.
5131,6519,0,3,37,40,1.075,0.04217636961434866,613,Tell me one more time. Where where you Friday night at nine thirty?
5193,6519,0,3,37,40,1.075,0.04217636961434866,613,The fact that you haven't figured out that I'm the bad cop probably explains why we caught you so quickly.
5169,6519,0,3,37,40,1.075,0.04217636961434866,613,Send in the clowns.
4873,6519,0,3,37,40,1.075,0.04217636961434866,613,Our precinct can no longer profile suspects. Each officer will be both good cop and bad cop from now on.
5202,6519,0,3,37,40,1.075,0.04217636961434866,613,We have done everything you asked..... now give up the names!
5285,6519,0,3,37,40,1.075,0.04217636961434866,613,Listen good Perp; this is not a laughing matter. Officer Pinky is always the good cop.
5317,6519,0,3,37,40,1.075,0.04217636961434866,613,"Haven't you ever heard of 'bad cop', 'funny cop'?!"
5353,6519,1,1,38,40,1.075,0.055325377864931344,613,"I told yah already, it was an inside job."
5371,6519,0,3,37,40,1.075,0.04217636961434866,613,Another robot
5375,6519,0,3,37,40,1.075,0.04217636961434866,613,"Just answer the question, son."
5377,6519,0,3,37,40,1.075,0.04217636961434866,613,"Look, this isn't funny...you're looking at five years in the slammer."
5429,6519,0,3,37,40,1.075,0.04217636961434866,613,"So, you think you are made out of tough stuff? We'll just let Mr. Laffy have a turn at you!"
5430,6519,0,3,37,40,1.075,0.04217636961434866,613,"Listen here, willie..."
5434,6519,0,3,37,40,1.075,0.04217636961434866,613,His father is Jeff Koons.
5469,6519,0,3,37,40,1.075,0.04217636961434866,613,Sargent McDonald has this graphic representation of the poodle you allegedly popped. You were caught with a pin and fragments that match the latex type of the victim.
5487,6519,0,3,37,40,1.075,0.04217636961434866,613,"Oh, it's worse than that. We're playing good cop, zany cop."
5167,6519,0,3,37,40,1.075,0.04217636961434866,613,"That’s right pal...we’re using bad cop creepy clown, so unless you want a ride downtown in a miniature car you’d better start talking."
4813,6519,0,3,37,40,1.075,0.04217636961434866,613,We're through clowning around. Tell us where you hid the elephant!
4795,6519,0,3,37,40,1.075,0.04217636961434866,613,Excuse me there Mr. Clown but your Poodle looks more like a Mexican Hairless.
4804,6519,0,3,37,40,1.075,0.04217636961434866,613,"Let me make it simple. Either you talk, or he uses the squirt-flower-thingy."
4093,6519,0,3,37,40,1.075,0.04217636961434866,613,"Let's get this over with, he's about to start his night shift."
4163,6519,0,3,37,40,1.075,0.04217636961434866,613,"Tell us one more time, Pogo wants to be sure he understands that little stunt you tried to pull at the birthday party."
4171,6519,0,3,37,40,1.075,0.04217636961434866,613,"Okay, smart boy, so you think clown college is a joke?"
4172,6519,0,3,37,40,1.075,0.04217636961434866,613,Have you seen the boss's son yet?
4186,6519,0,3,37,40,1.075,0.04217636961434866,613,I went to clown college for this?
4214,6519,0,3,37,40,1.075,0.04217636961434866,613,"What were saying about the Keystone Kops, again?"
4318,6519,0,3,37,40,1.075,0.04217636961434866,613,Simmons here decided that auto theft prevention is actually the best medicine.
4322,6519,1,1,38,40,1.075,0.055325377864931344,613,"You may think he’s clowning around, but I’d be careful punk, his name is a Dirty Harry!"
4347,6519,0,3,37,40,1.075,0.04217636961434866,613,We have our own software to break you.
4354,6519,0,3,37,40,1.075,0.04217636961434866,613,"Good cop, bad cop wasn't working anymore so we've switched our model to ringmaster cop, clown cop."
4408,6519,0,3,37,40,1.075,0.04217636961434866,613,We can make this easy or we can make it hard. Your choice.
4411,6519,0,3,37,40,1.075,0.04217636961434866,613,"We're going to play our favorite game ""Good Cop/Bad Cop"". You have to guess which is which. Are you feeling lucky?"
4440,6519,0,3,37,40,1.075,0.04217636961434866,613,Tell us where the drugs are and he'll make as many tied together handkerchiefs come out of his sleeve as you want.
4806,6519,0,3,37,40,1.075,0.04217636961434866,613,"Have you ever heard the 'good cop, crazy cop' routine?"
4474,6519,0,3,37,40,1.075,0.04217636961434866,613,It's the required uniform. Do not fight the rules. Got it?
4505,6519,0,3,37,40,1.075,0.04217636961434866,613,Wuh?
4527,6519,0,3,37,40,1.075,0.04217636961434866,613,"You confess and I'll let you play with Officer Clowny and get a swell balloon animal, or you can keep quiet and I'll pistol-whip you. What'll be?"
4577,6519,0,3,37,40,1.075,0.04217636961434866,613,"This is not punishment, but education."
4614,6519,0,3,37,40,1.075,0.04217636961434866,613,The clown cop says this is no weiner dog.
4670,6519,0,3,37,40,1.075,0.04217636961434866,613,You either talk to me or Bozo here sprays seltzer down your pants.
4690,6519,0,3,37,40,1.075,0.04217636961434866,613,The new boss is not clowning around.
4718,6519,0,3,37,40,1.075,0.04217636961434866,613,Tell us where IT is!
4725,6519,0,3,37,40,1.075,0.04217636961434866,613,"If you can figure him out, you can make it too."
4752,6519,0,3,37,40,1.075,0.04217636961434866,613,"Ok, listen. We can do this my way or Billy's way, but I warn you he makes a mean balloon dog."
4754,6519,0,3,37,40,1.075,0.04217636961434866,613,Don't believe me? Wait'll you see his act.
4762,6519,0,3,37,40,1.075,0.04217636961434866,613,"Still not talking, huh, Jimmy? If I leave here without some straight answers, the next face you see will belong to a mime!"
4779,6519,0,3,37,40,1.075,0.04217636961434866,613,"Yeah you wait, he can make balloon flowers and balloon snakes all night long."
4791,6519,1,1,38,40,1.075,0.055325377864931344,613,Sergeant Bippy here believes you swallowed all the psychedelic drugs before your arrest. You got any comment on that?
4485,6519,0,3,37,40,1.075,0.04217636961434866,613,"If you must know, it’s a funhouse mirror on the other side."
5569,6519,0,3,37,40,1.075,0.04217636961434866,613,"Guess where this is going, asshole?"
6506,6519,0,3,37,40,1.075,0.04217636961434866,613,Sic 'em.
5617,6519,0,3,37,40,1.075,0.04217636961434866,613,He'll give it back to you if you give him his comb.
6453,6519,0,3,37,40,1.075,0.04217636961434866,613,"Listen Mr. Facebook, I know what this looks like, but you won't be subject to enhanced interrogation for what you've done. My partner's not a neoclown. Some of us have to take second jobs to make ends meet."
6454,6519,0,3,37,40,1.075,0.04217636961434866,613,"Look Bozo, if you don’t come clean with the truth, we’re bringing out the thumb tacks for your dog Bubbles!"
6497,6519,0,3,37,40,1.075,0.04217636961434866,613,The good/bad cop routine was discovered the day Harry stopped wearing the clown's outfit.
4041,6519,0,3,37,40,1.075,0.04217636961434866,613,"""Don't look at him, look at me. Where'd you put the money, Jim?"
6508,6519,0,3,37,40,1.075,0.04217636961434866,613,"""I hate being Bozo, the interrogation scare tactic."" - Dave, who lost a bet"
6535,6519,0,3,37,40,1.075,0.04217636961434866,613,We don't do the good cop and bad cop shtick anymore ...
6582,6519,0,3,37,40,1.075,0.04217636961434866,613,I'll have you know the President has taken it upon himself to handpick the only THE BEST investigators in this case.
6618,6519,0,3,37,40,1.075,0.04217636961434866,613,where is the fun in making giraffes with the size of dog's neck?
6625,6519,0,3,37,40,1.075,0.04217636961434866,613,"With success rates for Good Cop/Bad Cop falling, the NYPD has begun experimenting with alternatives"
6665,6519,0,3,37,40,1.075,0.04217636961434866,613,Cheer up. Here comes the clown.
6666,6519,0,3,37,40,1.075,0.04217636961434866,613,Too bad about your coulrophobia. Talk - or in he comes.
6688,6519,0,3,37,40,1.075,0.04217636961434866,613,Confess now or I'll sick him on you.
6771,6519,0,3,37,40,1.075,0.04217636961434866,613,"For the last three years, you've known the man behind me as ""Coco...."
6434,6519,0,3,37,40,1.075,0.04217636961434866,613,Good cop or bad cop all depends on your perception of clowns.
6845,6519,0,3,37,40,1.075,0.04217636961434866,613,"'Listen perp, there's an easy way to do this or we have the bad clown if you want to try your luck with him. It's your choice.'"
6893,6519,0,3,37,40,1.075,0.04217636961434866,613,Not talking eh. Well now my partner bad cop will terrorize you with scary clown antics until you confess!
6915,6519,0,3,37,40,1.075,0.04217636961434866,613,"If you want to celebrate your birthday, you better corporate."
7130,6519,0,3,37,40,1.075,0.04217636961434866,613,"You think you're being funny, buddy?"
7135,6519,0,3,37,40,1.075,0.04217636961434866,613,"No more good cop, bad cop. . . . Isn't it rich? Are we a pair?"
7141,6519,0,3,37,40,1.075,0.04217636961434866,613,"My eyes are over here, kid."
7154,6519,0,3,37,40,1.075,0.04217636961434866,613,"If you still believe in the good cop - bad cop cliche, we ain't getting anywhere..."
7205,6519,0,3,37,40,1.075,0.04217636961434866,613,You think this is funny? Don’t make me draw your attention to the center ring.
7231,6519,0,3,37,40,1.075,0.04217636961434866,613,"If we need to play good cop - bad clown, be sure we will."
7242,6519,0,3,37,40,1.075,0.04217636961434866,613,"Listen up, Bozo... I mean, punk!"
7246,6519,0,3,37,40,1.075,0.04217636961434866,613,How can you explain the evidence we found hidden under your bed?
7247,6519,0,3,37,40,1.075,0.04217636961434866,613,"City policy, after hospital performance improved 20 percent."
7286,6519,0,3,37,40,1.075,0.04217636961434866,613,It’s an air-tight alibi.
7294,6519,0,3,37,40,1.075,0.04217636961434866,613,"I don't think you know, you've gotten yourself into."
6852,6519,0,3,37,40,1.075,0.04217636961434866,613,"Twisty dog, twisty suspect.Bonzo doesn't care..TALK!!!"
6415,6519,0,3,37,40,1.075,0.04217636961434866,613,You're busted. Bobo and the dog go way back.
6393,6519,0,3,37,40,1.075,0.04217636961434866,613,"Okay, sicko, we know you froze Officer Chuckles best friend."
6360,6519,0,3,37,40,1.075,0.04217636961434866,613,You mess with the wrong circus boy
5624,6519,0,3,37,40,1.075,0.04217636961434866,613,"And remember, if you pop a balloon, you're cooked!"
5663,6519,0,3,37,40,1.075,0.04217636961434866,613,"I want answers, no more clowning around."
5707,6519,1,1,38,40,1.075,0.055325377864931344,613,Now do you remember Mr. Speckles?
5724,6519,0,3,37,40,1.075,0.04217636961434866,613,"Listen son, this is no laughing matter."
5761,6519,0,3,37,40,1.075,0.04217636961434866,613,"Talk, or you get the clown."
5814,6519,0,3,37,40,1.075,0.04217636961434866,613,I'm the cop cop! He's the clown cop.!
5842,6519,0,3,37,40,1.075,0.04217636961434866,613,I bet Mr. Binky would say otherwise!
5859,6519,0,3,37,40,1.075,0.04217636961434866,613,I think you have a little something on your face...
5930,6519,0,3,37,40,1.075,0.04217636961434866,613,"Seriously, you’ve got smiles to go to make it on board."
5949,6519,0,3,37,40,1.075,0.04217636961434866,613,That's right. And Bob's allergic to rubber balloons.
5955,6519,1,1,38,40,1.075,0.055325377864931344,613,I thought City Hall was supposed to be the circus
5977,6519,0,3,37,40,1.075,0.04217636961434866,613,"Good cop, scary cop."
6030,6519,0,3,37,40,1.075,0.04217636961434866,613,"It's simple. Either you tell me where you were Wednesday night, or I turn you over to the bad cop."
6054,6519,0,3,37,40,1.075,0.04217636961434866,613,Remember now. Only beef in a Big Mac.
6077,6519,1,1,38,40,1.075,0.055325377864931344,613,"If you don’t tell us what we want to know, he’s just going to keep making crazier animals. You DON’T want to see that. Trust me."
6090,6519,0,3,37,40,1.075,0.04217636961434866,613,"Your choice pal... Talk to us, or you want me to bring in the Mime?"
6095,6519,0,3,37,40,1.075,0.04217636961434866,613,"The department's canine unit ain't a laughing matter, pal!"
6100,6519,0,3,37,40,1.075,0.04217636961434866,613,Dress up!
6117,6519,0,3,37,40,1.075,0.04217636961434866,613,Are you just clowning around?
6163,6519,0,3,37,40,1.075,0.04217636961434866,613,He's big for his age.
6172,6519,0,3,37,40,1.075,0.04217636961434866,613,Confess! - This is no joke - or you'll die laughing when he's done with you.
6176,6519,0,3,37,40,1.075,0.04217636961434866,613,That’s right smart ass-I’m bad cop and this is patch Adams cop!
6178,6519,0,3,37,40,1.075,0.04217636961434866,613,"You have to come clean , if you want to win the Parole Doggie."
6186,6519,0,3,37,40,1.075,0.04217636961434866,613,"Okay, so we are clowning around."
6197,6519,0,3,37,40,1.075,0.04217636961434866,613,The only thing he could catch with that disguise was a toy dog.
6218,6519,0,3,37,40,1.075,0.04217636961434866,613,"No, he's a twister."
6233,6519,0,3,37,40,1.075,0.04217636961434866,613,This is the guy that will be interrogating you.
6278,6519,0,3,37,40,1.075,0.04217636961434866,613,We’re not clowning around. It’s a good collar.
6346,6519,0,3,37,40,1.075,0.04217636961434866,613,Now look! Bozo here has a right to express himself with his blow-up transitional object.
5604,6519,1,1,38,40,1.075,0.055325377864931344,613,No more clown openings - you will have to actually work!!
4023,6519,0,3,37,40,1.075,0.04217636961434866,613,You're in luck; we have a new routine.
5261,6519,1,1,38,40,1.075,0.055325377864931344,613,"It may have taken six months and a thorough undercover investigation, but John here has you pinned at the time and location of when the baby's candy was taken. Now where the hell are the Skittles?!"
4010,6519,0,3,37,40,1.075,0.04217636961434866,613,Didn't they teach you what happens when you assume? It makes an ass out of you and them.
911,6519,0,3,37,40,1.075,0.04217636961434866,613,No more funny business!
932,6519,0,3,37,40,1.075,0.04217636961434866,613,"So this is your lost dog? Why isn't he wearing his leash ...BECAUSE, he doesn't want to ...or need to go for a walk ... AND, there is NO filing a lost person's report!"
960,6519,0,3,37,40,1.075,0.04217636961434866,613,"Maybe you've heard ""...you can't tell a book by it's cover""? Well, I can tell you that this guy is way smarter than the guy with the dip-doo hair cut."
967,6519,0,3,37,40,1.075,0.04217636961434866,613,We can give you an emotional support puppy if that'll help you talk.
974,6519,0,3,37,40,1.075,0.04217636961434866,613,"You think I'm the bad cop? Oh, you just wait."
995,6519,0,3,37,40,1.075,0.04217636961434866,613,You can’t threaten me by vowing to vote!! The nice clown will escort you out to the door and will give you a balloon for promising to just play video games. Okay?
1023,6519,0,3,37,40,1.075,0.04217636961434866,613,Why don't you like Him?
1088,6519,0,3,37,40,1.075,0.04217636961434866,613,I hope you appreciate the trouble to which the constable has gone to find your pup!
1197,6519,0,3,37,40,1.075,0.04217636961434866,613,"Frankly, I’m done clowning around."
1231,6519,0,3,37,40,1.075,0.04217636961434866,613,"Hey, Buddy! This Good Cop, Bad Cop, is a Serious Game! We don't just Clown around!"
1261,6519,0,3,37,40,1.075,0.04217636961434866,613,If you don't confess now we'll send in the Real Pennywise!
1295,6519,0,3,37,40,1.075,0.04217636961434866,613,"Still won't talk? Detective Gumshoe, show him your lapel flower..."
1347,6519,0,3,37,40,1.075,0.04217636961434866,613,"If you think I'm scary, meet my partner."
1365,6519,0,3,37,40,1.075,0.04217636961434866,613,"Wipe that smirk off your face, police questioning is no laughing matter!"
1392,6519,0,3,37,40,1.075,0.04217636961434866,613,What makes you think we're playing 'good cop; bad cop'?
1420,6519,0,3,37,40,1.075,0.04217636961434866,613,"No, you asked for a dog."
1427,6519,0,3,37,40,1.075,0.04217636961434866,613,Confess now or the next squeaky balloon is a pit bull with dreadlocks.
1468,6519,0,3,37,40,1.075,0.04217636961434866,613,"Won't talk, eh. OK -- now it's time for the third degree."
1477,6519,0,3,37,40,1.075,0.04217636961434866,613,"If you think you can be like him, go ahead."
1484,6519,0,3,37,40,1.075,0.04217636961434866,613,For only 63 cents a day you can plea bargain the animal cruelty charge away with the ADPCA.
1488,6519,0,3,37,40,1.075,0.04217636961434866,613,We have our ways of making your crack!
1620,6519,0,3,37,40,1.075,0.04217636961434866,613,"No, kid. I'm the good cop. He's the bad clown. And if you don't start cooperating I'm going to let him twist you up like one of his balloon animals."
1645,6519,0,3,37,40,1.075,0.04217636961434866,613,"Believe me, I'm not the bad cop!"
1654,6519,0,3,37,40,1.075,0.04217636961434866,613,"Okay pal, maybe you'd like to undergo several hours of Bad Clown antics now."
1670,6519,0,3,37,40,1.075,0.04217636961434866,613,"Next time you’re handed a balloon model, don’t try to talk your way out of it."
1677,6519,0,3,37,40,1.075,0.04217636961434866,613,The evidence is quite damning.
1776,6519,1,1,38,40,1.075,0.055325377864931344,613,"If you won't talk for the clown, we'll be forced to bring out the mime artist"
1813,6519,0,3,37,40,1.075,0.04217636961434866,613,Nobody reads my emails.
1850,6519,1,1,38,40,1.075,0.055325377864931344,613,Your choice. Cooperate or he will damage your IQ.
910,6519,0,3,37,40,1.075,0.04217636961434866,613,"Good copy. Bad cop. Which one do you want, sonny boy!"
1863,6519,0,3,37,40,1.075,0.04217636961434866,613,listen to me you stupid fuck Juggaloism is entirely consistent with a sincere appreciation of Jeff Koons
885,6519,0,3,37,40,1.075,0.04217636961434866,613,"You think I'm the bad cop, but that balloon dog is a demonstration of what he's going to do to you if you don't talk."
865,6519,0,3,37,40,1.075,0.04217636961434866,613,"I take your point about Detective Smith, but I'm definitely still the bad cop."
4020,6519,0,3,37,40,1.075,0.04217636961434866,613,My partner's prepared to lay a mischief rap on you right now.
0,6519,0,3,37,40,1.075,0.04217636961434866,613,The killer's methods seem to have evolved.
15,6519,1,1,38,40,1.075,0.055325377864931344,613,Now we're going to play a little good cop/clown cop.
27,6519,0,3,37,40,1.075,0.04217636961434866,613,"If you're going to lie about doing the assignment, say that your dog ate your homework; don't *make* a dog for your homework."
57,6519,0,3,37,40,1.075,0.04217636961434866,613,"Come clean, punk - don't make him bring out the joy buzzer!"
65,6519,0,3,37,40,1.075,0.04217636961434866,613,"Okay, can you confess so my partner and I can go on with our other day job."
92,6519,0,3,37,40,1.075,0.04217636961434866,613,"Unless you tell us what we need to know, the possum will be next"
112,6519,0,3,37,40,1.075,0.04217636961434866,613,Don't get comfortable.I'm the good guy.
118,6519,0,3,37,40,1.075,0.04217636961434866,613,"It's time you started taking both of us seriously, not just him."
144,6519,0,3,37,40,1.075,0.04217636961434866,613,"Zuck, cooperate with me or that clown from the House."
175,6519,0,3,37,40,1.075,0.04217636961434866,613,"No more funny business, pal. It's time to talk."
194,6519,0,3,37,40,1.075,0.04217636961434866,613,"Don't make me play 'Good cop, bad clown' with you."
285,6519,0,3,37,40,1.075,0.04217636961434866,613,"What's it going to be, clown? My way or the hard way?"
299,6519,0,3,37,40,1.075,0.04217636961434866,613,This isn't the time to clown around!
314,6519,0,3,37,40,1.075,0.04217636961434866,613,"Although Jerry always thought the legal justice system was a joke, he was certain of it after having been treated to a show featuring balloon animals made by a cop dressed in clown gear named Clem."
360,6519,0,3,37,40,1.075,0.04217636961434866,613,Bring in the Kansas State Board of Education for questioning.
459,6519,0,3,37,40,1.075,0.04217636961434866,613,Or we can see the 13 percent on Rotten Tomatoes show. You decide.
467,6519,0,3,37,40,1.075,0.04217636961434866,613,So you're the bad clown?
565,6519,0,3,37,40,1.075,0.04217636961434866,613,Better confess before we call in Officer Pennywise.
580,6519,0,3,37,40,1.075,0.04217636961434866,613,"THis is the good cop-bad cop interview. Guess, who is who?"
589,6519,0,3,37,40,1.075,0.04217636961434866,613,"Good Cop, funny cop"
646,6519,0,3,37,40,1.075,0.04217636961434866,613,True Detective s01e03
700,6519,0,3,37,40,1.075,0.04217636961434866,613,I’ll give you one last chance to answer...otherwise I’ll sic Bruno on you...and don’t be fooled by his elasticity.
788,6519,0,3,37,40,1.075,0.04217636961434866,613,Yeah? And you think I'M the Bad Cop!!
812,6519,0,3,37,40,1.075,0.04217636961434866,613,So you're gonna make us play good cop/insane-make-you-laugh-until-your-head-explodes cop!
852,6519,0,3,37,40,1.075,0.04217636961434866,613,"Listen Mr. Koons, we can let you off easy this time, but this plagiarism has to stop!"
854,6519,0,3,37,40,1.075,0.04217636961434866,613,You don’t want to make me bring in clown cop.
858,6519,0,3,37,40,1.075,0.04217636961434866,613,You're saying this toy did WHAT to you?
861,6519,1,1,38,40,1.075,0.055325377864931344,613,"So you wanna be a clown in my classroom, huh?"
867,6519,0,3,37,40,1.075,0.04217636961434866,613,"Bad cop, clown cop"
1884,6519,0,3,37,40,1.075,0.04217636961434866,613,"Well, maybe Sgt. Skelton isn't, but I'm finished clowning around!"
1626,6519,1,1,38,40,1.075,0.055325377864931344,613,Before we get started: Don't count on Shackles being the GOOD cop.
1939,6519,0,3,37,40,1.075,0.04217636961434866,613,"Origami?, you really think Geremias will fall for that? — I no longer do physical-humor, Steve..."
3057,6519,0,3,37,40,1.075,0.04217636961434866,613,"Ok kid, we know you stole the balloons from the clown at the birthday party. We found one piece of evidence that has your name on it. My clown is showing it to you now."
3063,6519,0,3,37,40,1.075,0.04217636961434866,613,"Is this good cop, bad cop?"
3099,6519,0,3,37,40,1.075,0.04217636961434866,613,You should just tell me what I want to know. He's the bad cop.
3127,6519,0,3,37,40,1.075,0.04217636961434866,613,"Our sophisticated data mining of your personal social media profiles has identified a weakness with clowns. Mr Coco, the suspect is all yours."
3206,6519,0,3,37,40,1.075,0.04217636961434866,613,It's his turn to be the bad cop.
3225,6519,0,3,37,40,1.075,0.04217636961434866,613,"Alright you clown, we found your nose and wig, now where's the Koons?"
1889,6519,0,3,37,40,1.075,0.04217636961434866,613,I'm not clowning around. He is.
3274,6519,0,3,37,40,1.075,0.04217636961434866,613,There’s only one person in this room who is allowed to clown around!
3318,6519,0,3,37,40,1.075,0.04217636961434866,613,No way . That was a Mac attack.
3326,6519,0,3,37,40,1.075,0.04217636961434866,613,"If you think this infraction is child's play, well, you wait until you meet the dean of discipline!"
3333,6519,0,3,37,40,1.075,0.04217636961434866,613,We moonlight as clowns too!
3358,6519,0,3,37,40,1.075,0.04217636961434866,613,"Funny guy, eh? Well, let me introduce you to my Sgt. Shish Kebab ..."
3363,6519,0,3,37,40,1.075,0.04217636961434866,613,"You got it twisted, punk. You blew his cover."
3454,6519,0,3,37,40,1.075,0.04217636961434866,613,"So you think that tail won't tickle like hell when someone waggles it under your chin? Ha! Show him, Floopsy!"
3467,6519,0,3,37,40,1.075,0.04217636961434866,613,"You think this is funny business, punk? Let’s see who’s laughing when the lawyer starts juggling your options."
3483,6519,0,3,37,40,1.075,0.04217636961434866,613,"Oh, you’ll squeal alright…Bring in the puppies"
3512,6519,0,3,37,40,1.075,0.04217636961434866,613,"Sometimes, It happens...."
3561,6519,0,3,37,40,1.075,0.04217636961434866,613,Thanks for your contribution to the Ronald McDonald Foundation. Can we take your order?
3579,6519,0,3,37,40,1.075,0.04217636961434866,613,"Rocket scientist, or clow? Yo choose."
3583,6519,0,3,37,40,1.075,0.04217636961434866,613,Don't lie. Our forensic clown got the goods on you.
3648,6519,0,3,37,40,1.075,0.04217636961434866,613,You called your teacher what?
3726,6519,0,3,37,40,1.075,0.04217636961434866,613,"No, I’m the bad cop. He’s the whimsical cop."
3757,6519,0,3,37,40,1.075,0.04217636961434866,613,"Now, do you want to confess, or am I going to have to hand you over Clown Cop?"
3784,6519,0,3,37,40,1.075,0.04217636961434866,613,You won't be laughing when my partner gets here
3830,6519,0,3,37,40,1.075,0.04217636961434866,613,"You think pin pricking helpless animals is funny, don't you?"
3877,6519,1,1,38,40,1.075,0.055325377864931344,613,"Am I? Am I? Am I? Am I? Am I? Am I? Am I? Tripping balls? Which whuh whuh, my itchy my itchy down there. Oh, ok, I was dreaming, thank God, I didn't want to miss getting interrogated. Then I lost my legs."
3904,6519,0,3,37,40,1.075,0.04217636961434866,613,"Since you are afraid of clowns, detective Smith will be questioning you."
3940,6519,0,3,37,40,1.075,0.04217636961434866,613,"Can we do this this the easy way, or will I have to bring in the top dogs?"
3944,6519,0,3,37,40,1.075,0.04217636961434866,613,"We're needing an explanation, kid. Whether we get it my way or Beezo's way is entirely up to you."
3043,6519,0,3,37,40,1.075,0.04217636961434866,613,Now will you answer his questions??
2991,6519,0,3,37,40,1.075,0.04217636961434866,613,Are clowns good or bad?
3251,6519,0,3,37,40,1.075,0.04217636961434866,613,"Wow, I was expecting the clown to be the good cop here."
2961,6519,0,3,37,40,1.075,0.04217636961434866,613,"As required by state policy, Mr. Claribel, our assistant principal, will amuse you should you find yourself bored during detention."
1956,6519,0,3,37,40,1.075,0.04217636961434866,613,My partner would like to have some yuks with you.
1985,6519,0,3,37,40,1.075,0.04217636961434866,613,"No, you're the suspect, I'm the bad cop, and he's looking for the bathroom."
2042,6519,0,3,37,40,1.075,0.04217636961434866,613,Any advice?
2046,6519,0,3,37,40,1.075,0.04217636961434866,613,He can't help you. No one will be able to hear you over the squeaking.
2082,6519,0,3,37,40,1.075,0.04217636961434866,613,"Mr. King, I'd like to introduce you to Detective Pennywise."
2982,6519,0,3,37,40,1.075,0.04217636961434866,613,You've heard of Good Cop Bad Cop? Get ready for Good Cop Bad Clown sucker!
2123,6519,0,3,37,40,1.075,0.04217636961434866,613,"For the last time, say uncle, or we'll have to tickle it out."
2172,6519,0,3,37,40,1.075,0.04217636961434866,613,"Enough with the clown show, now 'fess up!"
2201,6519,0,3,37,40,1.075,0.04217636961434866,613,Brian confessed to taking crystal meth as soon as they introduced him to Chief Detective Pennywise.
2209,6519,0,3,37,40,1.075,0.04217636961434866,613,"With Officer Good-Cop & Officer Bad-Cop assigned elsewhere, the department had no choice but to send in Officers Lawful-Evil & Chaotic-Neutral."
2241,6519,0,3,37,40,1.075,0.04217636961434866,613,Either talk with me or I let my partner Sad Clown loose on you. You're gonna sing like a little baby!
2298,6519,0,3,37,40,1.075,0.04217636961434866,613,"Oh, I see — it’s the old good cop, clown cop routine again."
2304,6519,0,3,37,40,1.075,0.04217636961434866,613,You'd better wise up or Chuckles here is gonna make a balloon animal out of you.
2316,6519,0,3,37,40,1.075,0.04217636961434866,613,Bad cop. Good cop.
2105,6519,0,3,37,40,1.075,0.04217636961434866,613,Can you guess who's the good cop and who's the bad cop?
2398,6519,0,3,37,40,1.075,0.04217636961434866,613,Tell It!
2329,6519,1,1,38,40,1.075,0.055325377864931344,613,Quit your clowning around! We can play that game too!
2924,6519,0,3,37,40,1.075,0.04217636961434866,613,"Oh, no, no, no. I'm the good cop."
2777,6519,0,3,37,40,1.075,0.04217636961434866,613,I seriously advise you not to clown around with my partner.
2703,6519,0,3,37,40,1.075,0.04217636961434866,613,"Corporate didn’t fund it, they just suggested it."
2561,6519,0,3,37,40,1.075,0.04217636961434866,613,I thought we were doing good clown bad clown.
2558,6519,0,3,37,40,1.075,0.04217636961434866,613,Better come clean...do you think we're clowning around?
2549,6519,0,3,37,40,1.075,0.04217636961434866,613,"We're gonna have a squealing contest, an' it won't be pretty."
2702,6519,0,3,37,40,1.075,0.04217636961434866,613,We mean business. We are not clowning around!
2522,6519,0,3,37,40,1.075,0.04217636961434866,613,We know you popped all those balloon animals. You snapchatted it.
2504,6519,0,3,37,40,1.075,0.04217636961434866,613,It’s not funny once he breaks the glass on his emergency herring jar.
2481,6519,0,3,37,40,1.075,0.04217636961434866,613,"Listen up...if you don’t level with me, I’m gonna have to get the Good Cop back over here..."
2464,6519,0,3,37,40,1.075,0.04217636961434866,613,"""Ok scuzball, You got 10 seconds to start talking or my partner Detective Jingles is gonna get in your face and start the good cop...clown cop routine""."
2413,6519,0,3,37,40,1.075,0.04217636961434866,613,"We're the FBI, son - we never clown around...."
6037,6777,0,3,38,41,1.0731707317073171,0.04117547077105886,613,"Markie Zuckerberg, where were you and all of your friends on the night of November 8, 2016?"
4285,6777,0,3,38,41,1.0731707317073171,0.04117547077105886,613,"All right, all right, I'll talk. Just no more clowns, I beg you!"
4583,6777,0,3,38,41,1.0731707317073171,0.04117547077105886,613,Last chance; Laugh or we turn him loose!
4846,6777,0,3,38,41,1.0731707317073171,0.04117547077105886,613,"Steve, a hoodie? It’s called Casual Friday"
5435,6777,0,3,38,41,1.0731707317073171,0.04117547077105886,613,You should talk. He’ll make a balloon hat before you can cry for your mommy.
5477,6777,0,3,38,41,1.0731707317073171,0.04117547077105886,613,"I am NOT a bad clown, and don't you forget it."
5779,6777,0,3,38,41,1.0731707317073171,0.04117547077105886,613,"I've done everything I can, but it won't say a word."
4507,6777,0,3,38,41,1.0731707317073171,0.04117547077105886,613,Perhaps Mr. Wiggles can make you talk.
6413,6777,0,3,38,41,1.0731707317073171,0.04117547077105886,613,"It's great that Jenkins quit smoking, but he just couldn't drop the oral fixation"
6797,6777,0,3,38,41,1.0731707317073171,0.04117547077105886,613,This isn't any old good-cop-bad-cop routine
6480,6777,0,3,38,41,1.0731707317073171,0.04117547077105886,613,"It's called a day job, okay? Now...would you like another?"
6503,6777,0,3,38,41,1.0731707317073171,0.04117547077105886,613,Trying to pat officer bozo's service do is a very serious offence.
6608,6777,0,3,38,41,1.0731707317073171,0.04117547077105886,613,"I would like to have you meet with the school's counselor, Mr. Wimpy."
6749,6777,0,3,38,41,1.0731707317073171,0.04117547077105886,613,Tell us now and we'll cover your kid's birthday. Don't tell us and you don't get the nice balloon doggy.
6814,6777,0,3,38,41,1.0731707317073171,0.04117547077105886,613,You won't think this is so funny when you're facing 5 to 10 in jail.
6848,6777,0,3,38,41,1.0731707317073171,0.04117547077105886,613,He's not the nice cop. I am. Wanna talk?
6984,6777,0,3,38,41,1.0731707317073171,0.04117547077105886,613,"No, I'm the good cop. Don't ask."
4197,6777,0,3,38,41,1.0731707317073171,0.04117547077105886,613, 
7014,6777,0,3,38,41,1.0731707317073171,0.04117547077105886,613,You find the Bozo Squad funny?
6423,6777,0,3,38,41,1.0731707317073171,0.04117547077105886,613,“Is this a confession? My partner’s already late for his day job”.
4142,6777,0,3,38,41,1.0731707317073171,0.04117547077105886,613,Talk or I'll have Johnson set the dog on you.
4876,6777,0,3,38,41,1.0731707317073171,0.04117547077105886,613,"You got jokes, huh? We got jokes, too."
4101,6777,0,3,38,41,1.0731707317073171,0.04117547077105886,613,"OK, Buster! For the last time, where did you hide my partner’s other balloon?"
4120,6777,0,3,38,41,1.0731707317073171,0.04117547077105886,613,"Son, if you don't start talking, we're going to have to play a little good cop bad cop. Unfortunately for you, Officer Nickelwise over here ISN'T the good cop."
2,6777,0,3,38,41,1.0731707317073171,0.04117547077105886,613,I guess we have to reconcile evolution with original victim.
765,6777,0,3,38,41,1.0731707317073171,0.04117547077105886,613,You have no idea how badly I want to meet Mike Tyson.
945,6777,0,3,38,41,1.0731707317073171,0.04117547077105886,613,"I advise you to confess now, or else Bobo will entertain you for an hour."
1255,6777,1,1,39,41,1.0731707317073171,0.05399010639311867,613,You really want clown around? Because Sgt. Blinky here can clown around!
1301,6777,1,1,39,41,1.0731707317073171,0.05399010639311867,613,Confess now if you don't want to be twisted into a human pretzel!
1313,6777,0,3,38,41,1.0731707317073171,0.04117547077105886,613,"Last chance, kid. My partner can be merciless."
1386,6777,0,3,38,41,1.0731707317073171,0.04117547077105886,613,"It’s good you admitted copying, but we can’t tolerate wiener envy."
1397,6777,0,3,38,41,1.0731707317073171,0.04117547077105886,613,"Ok punk, smiles are a dime a dozen. What I want is a big guffaw."
1082,6777,0,3,38,41,1.0731707317073171,0.04117547077105886,613,"So, you think this funny?"
2645,6777,0,3,38,41,1.0731707317073171,0.04117547077105886,613,"This is a little game we play called good cop, bad cop, capich?"
2863,6777,0,3,38,41,1.0731707317073171,0.04117547077105886,613,The New Republic.
2870,6777,0,3,38,41,1.0731707317073171,0.04117547077105886,613,"Clown squeezes balloon. Screeching squeaks. Squeamish, you squeal."
2878,6777,0,3,38,41,1.0731707317073171,0.04117547077105886,613,Your teachers recommended you speak with Mr. Zippo about our new circus-prep curriculum.
3153,6777,0,3,38,41,1.0731707317073171,0.04117547077105886,613,"It's a new system we're trying out. It's called bad cop, evil clown cop."
3243,6777,0,3,38,41,1.0731707317073171,0.04117547077105886,613,"Bon cop, mauvais clown"
3279,6777,0,3,38,41,1.0731707317073171,0.04117547077105886,613,"your note going to make a clown outa me, now answer the question!"
3384,6777,0,3,38,41,1.0731707317073171,0.04117547077105886,613,Y’all backward.
3646,6777,0,3,38,41,1.0731707317073171,0.04117547077105886,613,"No, he's not undercover. Just explain what is wrong with you, with that smirk on your face, and stomping on his squeakies."
1543,6777,0,3,38,41,1.0731707317073171,0.04117547077105886,613,"Meanwhile, talk to the good cop."
5562,6820,0,3,39,42,1.0714285714285714,0.04022089331224806,613,"I have to say, that's a pretty twisted story."
4947,6820,0,3,39,42,1.0714285714285714,0.04022089331224806,613,"I can leave you to Mr. Doodles, but beware — he works for tips and we took your wallet."
4825,6820,0,3,39,42,1.0714285714285714,0.04022089331224806,613,We know how you got them in.
4517,6820,0,3,39,42,1.0714285714285714,0.04022089331224806,613,"Confess, or you're gonna rue today is the day you were born."
4503,6820,0,3,39,42,1.0714285714285714,0.04022089331224806,613,Ignore him...He handles the search dogs.
1368,6820,0,3,39,42,1.0714285714285714,0.04022089331224806,613,"You might well ask, ""Who's the clown?"" Well, you'll have to give us what we want to find out."
3853,6820,0,3,39,42,1.0714285714285714,0.04022089331224806,613,Tell me the truth now or it's balloons and bad jokes.
3609,6820,1,1,40,42,1.0714285714285714,0.05271774316741633,613,"Confess, or we shoot the dog."
3340,6820,0,3,39,42,1.0714285714285714,0.04022089331224806,613,There must be something wrong with you-this is no laughing matter.
119,6820,0,3,39,42,1.0714285714285714,0.04022089331224806,613,Can you prove this is the officer that arrested your Barbie Doll?
5730,6820,0,3,39,42,1.0714285714285714,0.04022089331224806,613,"Ok, tough guy. My partner's going to do the ""chicken dance song"" until you start talking..."
4074,6820,0,3,39,42,1.0714285714285714,0.04022089331224806,613,"I know its only a toy, but with your arrest we get our picture on the bulletin board."
7046,6832,0,3,40,43,1.069767441860465,0.03930950021993099,613,I will check the Halloween policy for next year
3466,6832,0,3,40,43,1.069767441860465,0.03930950021993099,613,"You don't want to end up as a politician, do you?"
5409,6834,0,3,41,44,1.0681818181818181,0.03843843094202265,613,Admit it now or he'll tickle you to death.
6962,6834,1,10,165,176,1.0681818181818181,0.02068770431438181,613,"Yeah, you're right, we're playing good cop bad cop. The thing is ... I'm the food cop."
2803,6836,0,14,194,208,1.0673076923076923,0.017414715148125856,613,"You’d think, gawdamnit, but he’s about as fun as that dang dawg of ‘is."
3698,6837,1,7,129,137,1.0656934306569343,0.023635769249705223,613,"I know I can't get away with sneaking something inside a cake, but you can still bake one for me."
4967,6838,0,2,35,37,1.054054054054054,0.03768738858261605,613,"Now listen up champ. We aren’t playing ‘Good cap, Bad cap’ here."
4948,6838,0,2,35,37,1.054054054054054,0.03768738858261605,613,I think you may have overly inflated this case officer.
4915,6838,0,2,35,37,1.054054054054054,0.03768738858261605,613,Not impressed. Can he do a dinosaur?
4906,6838,0,2,35,37,1.054054054054054,0.03768738858261605,613,"We’re going to need you to quit clowning around sir, this is serious."
4884,6838,0,2,35,37,1.054054054054054,0.03768738858261605,613,Manic Depressive Teacher. It's not just guns!
4827,6838,0,2,35,37,1.054054054054054,0.03768738858261605,613,The Clown Liaison Unit wants to remind you that nonconsensual untwirling and retwirling of the tail is a Class A felony - haven't you heard of #meblew?
5302,6838,1,0,36,37,1.054054054054054,0.05405405405405408,613,"No, I'm the good copy and he's the bad clown."
4789,6838,0,2,35,37,1.054054054054054,0.03768738858261605,613,I'm the good cop. He's one wacky clown.
4719,6838,1,0,36,37,1.054054054054054,0.05405405405405408,613,"We'll let you decide who is the ""good cop"" and who is the ""bad cop."""
4705,6838,0,2,35,37,1.054054054054054,0.03768738858261605,613,Don't tell me to stop clowning around
4578,6838,0,2,35,37,1.054054054054054,0.03768738858261605,613,Listen up. It's joke no joke.
4850,6838,0,2,35,37,1.054054054054054,0.03768738858261605,613,"The war on drugs may be a mockery, but this is getting ridiculous."
4990,6838,0,2,35,37,1.054054054054054,0.03768738858261605,613,You think the squeaky crunch of a balloon terrier is grating? Bozo - a poodle!
5061,6838,0,2,35,37,1.054054054054054,0.03768738858261605,613,"Unlike my partner, the charges against you are *very* serious."
4546,6838,0,2,35,37,1.054054054054054,0.03768738858261605,613,"Come clean, otherwise we'll have to turn the attack dog lose on you"
5073,6838,0,2,35,37,1.054054054054054,0.03768738858261605,613,Umm...did Penny wise lose his way to the movie set?
5097,6838,0,2,35,37,1.054054054054054,0.03768738858261605,613,"Mr Sugarman, tell us why your 126 million followers cast vote for a clown with dog show?"
5099,6838,0,2,35,37,1.054054054054054,0.03768738858261605,613,"Well well, we’ve got one sick puppy here don’t we?"
5161,6838,0,2,35,37,1.054054054054054,0.03768738858261605,613,Amy Schumer is as good at solving crimes as she is at telling jokes.
5175,6838,0,2,35,37,1.054054054054054,0.03768738858261605,613,And just were exactly do you think we found the Coke-r Spaniel?
5180,6838,0,2,35,37,1.054054054054054,0.03768738858261605,613,"OK, the clowning around is over. Let's get real."
5197,6838,0,2,35,37,1.054054054054054,0.03768738858261605,613,Remember punching this clown? Not a clown!
5205,6838,0,2,35,37,1.054054054054054,0.03768738858261605,613,"Just wait until I bring in Jeff Koons, then we’ll see who’s laughing."
5208,6838,0,2,35,37,1.054054054054054,0.03768738858261605,613,"They call him LAPD's Killer Clown because his jokes leave the room dead, and also because he shot an unarmed twelve-year-old in Tulsa. Turns out if you resign before they fire you, you don't have to disclose it on your application."
5236,6838,0,2,35,37,1.054054054054054,0.03768738858261605,613,"Yeah, he's ""good cop""!"
5250,6838,0,2,35,37,1.054054054054054,0.03768738858261605,613,You think you can clown around-huh?
5263,6838,0,2,35,37,1.054054054054054,0.03768738858261605,613,Would you rather...?
5030,6838,0,2,35,37,1.054054054054054,0.03768738858261605,613,"You may be a con, but my partner's an expert in funny business."
4520,6838,0,2,35,37,1.054054054054054,0.03768738858261605,613,You said you weren’t talking and were going to take the 5th. The 8th amendment is the one that would’ve protected you from this cruel and unusual punishment!
4046,6838,0,2,35,37,1.054054054054054,0.03768738858261605,613,Give me the truth and the wiener dog is yours.
4501,6838,0,2,35,37,1.054054054054054,0.03768738858261605,613,"I’m tired of you guys playing good clown, bad cop with me."
3700,6838,0,2,35,37,1.054054054054054,0.03768738858261605,613,You did it...You blew it up!
3764,6838,0,2,35,37,1.054054054054054,0.03768738858261605,613,This is what you describe when you were drunk at the Trump rally.
3780,6838,0,2,35,37,1.054054054054054,0.03768738858261605,613,"No, we're playing 'Good Cop, Nonsensical Cop'."
3824,6838,0,2,35,37,1.054054054054054,0.03768738858261605,613,"Quit clowning around Kowalski, and tell us where the money is!"
3827,6838,0,2,35,37,1.054054054054054,0.03768738858261605,613,"You turned the sergeant into a clown, weirdo, when he learned the solid-gold doggie you stole is worth a fortune on the street."
3843,6838,0,2,35,37,1.054054054054054,0.03768738858261605,613,"Listen - when he's finished clowning around, you're going to wish you talked to me, and only me"
3844,6838,0,2,35,37,1.054054054054054,0.03768738858261605,613,You better talk because that clown is awful horny.
3911,6838,0,2,35,37,1.054054054054054,0.03768738858261605,613,"So you can open up to me, the good copy, or him, the bad clown."
3962,6838,1,0,36,37,1.054054054054054,0.05405405405405408,613,Does it look like we are playing around? There were children murdered!
3970,6838,0,2,35,37,1.054054054054054,0.03768738858261605,613,If course the suspect wasn't wearing a badge.
4035,6838,0,2,35,37,1.054054054054054,0.03768738858261605,613,"Ok, Pauly, since you think this whole case is a joke. Detective Ferguson here, is going to have a word with you."
5311,6838,0,2,35,37,1.054054054054054,0.03768738858261605,613,"Tag, he's It!"
4091,6838,0,2,35,37,1.054054054054054,0.03768738858261605,613,Are you prepared to admit this strikes the right note of middle-aged whimsy?
4518,6838,0,2,35,37,1.054054054054054,0.03768738858261605,613,We're finished clowning around with you.
4097,6838,0,2,35,37,1.054054054054054,0.03768738858261605,613,"The dog? Oh, that was the last perp that didn't confess."
4126,6838,0,2,35,37,1.054054054054054,0.03768738858261605,613,"Like it or not, learning to tie balloon animals is good for your soul !"
4167,6838,1,0,36,37,1.054054054054054,0.05405405405405408,613,"I might have twisted the balloon into a dog, but that cop was always a clown."
4168,6838,0,2,35,37,1.054054054054054,0.03768738858261605,613,And now let's all give a big welcome to 'Comey the Clown' proudly sent to us from Washington's National Human Resource Recovery Agency!
4178,6838,1,0,36,37,1.054054054054054,0.05405405405405408,613,"Cop Left: ""Knock Knock"" Suspect: ""Who's there?"" Cop Left: ""You, stuck in the middle with us!"""
4189,6838,0,2,35,37,1.054054054054054,0.03768738858261605,613,"Is this how Tommy DeVito looked on the night of the alleged murder attempt when he said ""I'm funny how, I mean funny like I'm a clown, I amuse you?"" Spider's interrogation when authorities finally caught on he was still alive."
4256,6838,0,2,35,37,1.054054054054054,0.03768738858261605,613,Tell Jerry that his dog is real.
4259,6838,0,2,35,37,1.054054054054054,0.03768738858261605,613,"Trust me pal. In the pen, the balloon's bite is just as deadly as Bubba's bark."
4286,6838,0,2,35,37,1.054054054054054,0.03768738858261605,613,"The worm, the snake, the eel... were you, or were you not, handling balloons without a license?"
4326,6838,0,2,35,37,1.054054054054054,0.03768738858261605,613,Pay attention! It's the principal!
4396,6838,0,2,35,37,1.054054054054054,0.03768738858261605,613,"Fine! Sgt. Bozo will now make balloon animals and rub them in your hair, shuffle on the floor and carefully not touch you on the nose but be very close. See how long you can stand that, Mr. Non-Conductor Man!"
4452,6838,0,2,35,37,1.054054054054054,0.03768738858261605,613,"I am sure you are familiar with good cop bad cop. Well this is bad cop , funny cop"
4472,6838,0,2,35,37,1.054054054054054,0.03768738858261605,613,"Sure, you might be smiling now, punk, but Officer Beebo has a couple more tricks up his sleeve!"
4480,6838,0,2,35,37,1.054054054054054,0.03768738858261605,613,I'm not the scary cop. My partner -- he's the scary cop.
4107,6838,0,2,35,37,1.054054054054054,0.03768738858261605,613,"No, this isn’t the old good-cop-clown-cop routine!"
5369,6838,0,2,35,37,1.054054054054054,0.03768738858261605,613,Let's blame global warming.
6135,6838,0,2,35,37,1.054054054054054,0.03768738858261605,613,The scariest day of my life....
5415,6838,0,2,35,37,1.054054054054054,0.03768738858261605,613,"It's called ""Pin the Tail on the Donkey"". he was ""pinned"" last month; now he passes it on to the next ""Donkey"". Stand up."
6698,6838,0,2,35,37,1.054054054054054,0.03768738858261605,613,Wigs of any kind sort of set Sgt. Jakes free.He wants you to think he’s funny.And pretty.
6719,6838,0,2,35,37,1.054054054054054,0.03768738858261605,613,And this clown will prove it!
6727,6838,0,2,35,37,1.054054054054054,0.03768738858261605,613,We can pin your dog’s tail on our jackass right now.
6741,6838,0,2,35,37,1.054054054054054,0.03768738858261605,613,bottom text
6754,6838,0,2,35,37,1.054054054054054,0.03768738858261605,613,"We all do things we regret afterwards, right Harold?"
6758,6838,0,2,35,37,1.054054054054054,0.03768738858261605,613,Best case you're looking at a minimum two years confined to a very small car with a lot of other inmates and time off for zany behavior.
6766,6838,0,2,35,37,1.054054054054054,0.03768738858261605,613,They coerced a confession with the old good cop/clown cop routine.
6775,6838,0,2,35,37,1.054054054054054,0.03768738858261605,613,Georgie wouldn't talk to me either. You wanna be like Georgie and talk to my colleague here instead?
6790,6838,0,2,35,37,1.054054054054054,0.03768738858261605,613,"Officer ""Fuzzy the Clown"" infiltrates another illegal backyard puppy mill."
6828,6838,0,2,35,37,1.054054054054054,0.03768738858261605,613,This is NOT a bad cop - balloon modelling cop situation.
6843,6838,0,2,35,37,1.054054054054054,0.03768738858261605,613,"Can't break you, huh? This is the guy who broke John Wayne Gacy!"
6847,6838,0,2,35,37,1.054054054054054,0.03768738858261605,613,Don’t do the crime if you can’t do the time
6939,6838,0,2,35,37,1.054054054054054,0.03768738858261605,613,You can work with me or I leave you alone with this merry-andrew.
6958,6838,0,2,35,37,1.054054054054054,0.03768738858261605,613,Officer Bozo will take your statement now.
6982,6838,0,2,35,37,1.054054054054054,0.03768738858261605,613,"You've heard of good cop-bad cop? Well this is serious cop-funny cop. Get it, smart guy?"
7025,6838,0,2,35,37,1.054054054054054,0.03768738858261605,613,I decided a red balloon isn’t scary enough
7039,6838,0,2,35,37,1.054054054054054,0.03768738858261605,613,If you don't want to take this seriously we have other ways.
7040,6838,1,0,36,37,1.054054054054054,0.05405405405405408,613,"Talk to me while you can, kid. I'm the good cop."
7059,6838,0,2,35,37,1.054054054054054,0.03768738858261605,613,Tell us your the mass murderer we've been looking for and you’ll get a balloon dog from officer McDonald .
7075,6838,0,2,35,37,1.054054054054054,0.03768738858261605,613,"ON THE FOLLOWING DAY'S NEWS CONCERNING THE DOUBLE HOMICIDE, IT WOULD BE REPORTED THAT DETECTIVE MADISON WAS UNFORTUNATELY UNAWARE OF THE SUSPECT'S FATAL FEAR OF CLOWNS WHEN THE DETECTIVE ATTEMPTED TO EMPLOY THE ""GOOD COP, BAD COP"" SCENARIO."
7177,6838,0,2,35,37,1.054054054054054,0.03768738858261605,613,"We don’t bother with ‘good Cop’ anymore, buddy. It’s just ‘bad Cop and clown Cop’, and you won’t like his tricks."
7223,6838,0,2,35,37,1.054054054054054,0.03768738858261605,613,"Alright, Jonesy --- aren't you getting a little old for this?"
7243,6838,0,2,35,37,1.054054054054054,0.03768738858261605,613,Forget your mommy. Better call Giuliani.
7257,6838,0,2,35,37,1.054054054054054,0.03768738858261605,613,"This is my identical twin brother Carl. iI you don't cooperate with us we will find your identical twin brother, Lars and dress him up like a donkey and make him follow you around."
7271,6838,0,2,35,37,1.054054054054054,0.03768738858261605,613,WHAT IS THIS CLOWN TRYING TO TELL YOU?
7282,6838,0,2,35,37,1.054054054054054,0.03768738858261605,613,How'd he do it?
3676,6838,0,2,35,37,1.054054054054054,0.03768738858261605,613,"Are you gonna talk, or is Bozo here gonna have to twist some more balloons squeaks?"
6664,6838,0,2,35,37,1.054054054054054,0.03768738858261605,613,"You better come clean now before the real ""fun"" starts."
6615,6838,0,2,35,37,1.054054054054054,0.03768738858261605,613,"Confess, or we'll bring you back to childhood"
6584,6838,0,2,35,37,1.054054054054054,0.03768738858261605,613,And yet you did say you wanted to lawyer up.
6579,6838,1,0,36,37,1.054054054054054,0.05405405405405408,613,He will be your mentor and will show you how to work and play with others here.
5451,6838,0,2,35,37,1.054054054054054,0.03768738858261605,613,So...Is this how the guy in the sewer looked like
5474,6838,0,2,35,37,1.054054054054054,0.03768738858261605,613,"It was an inside job, wasn't it? I can't quite put my finger on it, but something about the entire force in this town is just... funny."
5478,6838,0,2,35,37,1.054054054054054,0.03768738858261605,613,"Don't mind him, the new administration has started making changes. Now I'll ask again, ""where did I leave my car keys?!"""
5511,6838,0,2,35,37,1.054054054054054,0.03768738858261605,613,Gary Larson owns.
5540,6838,0,2,35,37,1.054054054054054,0.03768738858261605,613,We're not playing here!
5600,6838,0,2,35,37,1.054054054054054,0.03768738858261605,613,"'I know I? to big for this stuff pa, I? sorry, all right?'"
5612,6838,0,2,35,37,1.054054054054054,0.03768738858261605,613,What made you think school was “just a clown show?”
5632,6838,0,2,35,37,1.054054054054054,0.03768738858261605,613,Quit clowning around and tell the detective who your ringleader is of this ballooning criminal activity.
5697,6838,0,2,35,37,1.054054054054054,0.03768738858261605,613,We’re all through clowning around . . .
5704,6838,0,2,35,37,1.054054054054054,0.03768738858261605,613,"Your'e in for it now, pal. You ruined Malone's son's DeMolay Installation."
5851,6838,0,2,35,37,1.054054054054054,0.03768738858261605,613,"The wig won't come off, and it's starting to seriously affect our relationship."
5858,6838,0,2,35,37,1.054054054054054,0.03768738858261605,613,"Tell us what you know, and there’s more where that came from."
5889,6838,0,2,35,37,1.054054054054054,0.03768738858261605,613,If we catch you one more time he'll throw the pie at throw the pie at you
5383,6838,0,2,35,37,1.054054054054054,0.03768738858261605,613,"You leave us no choice, here comes the worst cop."
5938,6838,0,2,35,37,1.054054054054054,0.03768738858261605,613,"If you want a job at Dept of Education, Security, you will have to take a series of challenging tests."
6120,6838,0,2,35,37,1.054054054054054,0.03768738858261605,613,"You play bad cop, I’ll play Applebee’s-on-your-birthday—that’s how we’ll get him."
6171,6838,0,2,35,37,1.054054054054054,0.03768738858261605,613,"Believe me, you don't want to talk to the 'Bad Cop' over there!"
6201,6838,0,2,35,37,1.054054054054054,0.03768738858261605,613,"Since you won't talk, we're going to start the good clown, bad clown routine."
6209,6838,0,2,35,37,1.054054054054054,0.03768738858261605,613,"""So you're telling me that you're NOT the clown behind these murders?"" It was then that Eric knew that he was in some funny business."
6288,6838,0,2,35,37,1.054054054054054,0.03768738858261605,613,We are interrupting the enhanced interrogation so that Rocko the Clown here can teach you how to make animals from balloons.
6290,6838,0,2,35,37,1.054054054054054,0.03768738858261605,613,"If you don’t talk, the dog will die."
6304,6838,0,2,35,37,1.054054054054054,0.03768738858261605,613,"My thought is me: that's why I can't stop. I exist because I think… and I can't stop myself from thinking. At this very moment - it's frightful - if I exist, it is because I am horrified at existing."
6335,6838,0,2,35,37,1.054054054054054,0.03768738858261605,613,Just be honest with us and it’ll be better for you.
7288,6838,0,2,35,37,1.054054054054054,0.03768738858261605,613,"You can call him Officer Bozo if you want, but his canine caught you dead to rights."
6345,6838,0,2,35,37,1.054054054054054,0.03768738858261605,613,"Ok, Frankie, one last chance—-are you going to the captain’s puppet show?"
6532,6838,0,2,35,37,1.054054054054054,0.03768738858261605,613,You can't fool me with that good clown bad clown act.
6534,6838,0,2,35,37,1.054054054054054,0.03768738858261605,613,It's either a boring lawyer or Crafty the Clown.
6552,6838,0,2,35,37,1.054054054054054,0.03768738858261605,613,"So Build The Block still has a few kinks. C'mon, work with us here."
5992,6838,0,2,35,37,1.054054054054054,0.03768738858261605,613,We ain't clowning around here bub!
3616,6838,0,2,35,37,1.054054054054054,0.03768738858261605,613,"With all due respect, I believe Detective Good Cop would be more interesting to talk with."
1089,6838,0,2,35,37,1.054054054054054,0.03768738858261605,613,"Look, kid - we got your DNA on the weapon."
3576,6838,0,2,35,37,1.054054054054054,0.03768738858261605,613,"Okay, so tell us again how it went down."
924,6838,0,2,35,37,1.054054054054054,0.03768738858261605,613,Clown cop- bad cop
996,6838,0,2,35,37,1.054054054054054,0.03768738858261605,613,"OK, so you figured out we’re using a bad guy- good guy approach - now talk!"
1027,6838,0,2,35,37,1.054054054054054,0.03768738858261605,613,"I'm tired of you clowning around, Jerry. This is the third one we've found without a permit!"
1051,6838,0,2,35,37,1.054054054054054,0.03768738858261605,613,"Okay, so this clown doesn't scare you... Next, we're bringing President Spanky the Clown. He will scare the crap out of you."
1127,6838,0,2,35,37,1.054054054054054,0.03768738858261605,613,"Well, it’s his interpretation of YOLO. It... it’s a very limiting medium. Now talk!"
1133,6838,0,2,35,37,1.054054054054054,0.03768738858261605,613,You see this? THIS is your future if you keep committing crimes like a toddler!
1168,6838,0,2,35,37,1.054054054054054,0.03768738858261605,613,"Ok, Mr. Hard Case. Just remember we had this conversation when you get a lopsided giraffe balloon instead of a dog balloon..."
1175,6838,0,2,35,37,1.054054054054054,0.03768738858261605,613,Good luck figuring out which of us is the good cop and which of us is the sad clown holding a balloon animal cop.
1184,6838,0,2,35,37,1.054054054054054,0.03768738858261605,613,"Don't expect the whole ""good cop/silly cop"" routine from us."
1222,6838,0,2,35,37,1.054054054054054,0.03768738858261605,613,"You thought I was playing bad cop, wait til It starts grilling you."
1291,6838,0,2,35,37,1.054054054054054,0.03768738858261605,613,"No no no, I said 'Jeez, thought it was legal', not 'Please, wrought me a beagle.'"
1307,6838,0,2,35,37,1.054054054054054,0.03768738858261605,613,"So let me get this right, you're saying you didn't steal the balloon dog design from Jeff Koons?"
1320,6838,1,0,36,37,1.054054054054054,0.05405405405405408,613,"“Boo ba di di di di boo ba, circus! Boo ba di di di di boo ba, afro! Circus, afro, circus, afro, Polkadot, polkadot, polkadot, afro!” Segue to “Move It” con brio, and you’ll be top of New Agent class at Quantico. Welcome to the President’s new FBI!"
1393,6838,0,2,35,37,1.054054054054054,0.03768738858261605,613,"Yeah, you clam up now. But you'll talk. They always talk."
1409,6838,0,2,35,37,1.054054054054054,0.03768738858261605,613,"""Let me get this straight. You did say, ""Let's blow this puppy up"", you were just clowning around, and now you can see how ridiculous that sounds?"" The PD's new Interrogation Interpreter seemed to be getting results."
1459,6838,0,2,35,37,1.054054054054054,0.03768738858261605,613,You messed with the wrong dog. This is no joke.
1476,6838,0,2,35,37,1.054054054054054,0.03768738858261605,613,"See, Mr. Class Clown, you can be replaced."
1503,6838,0,2,35,37,1.054054054054054,0.03768738858261605,613,I can't take this seriously with a clown in the room
1520,6838,0,2,35,37,1.054054054054054,0.03768738858261605,613,So… what you see is still juggling.
1525,6838,0,2,35,37,1.054054054054054,0.03768738858261605,613,"Hey! look at me --You'll get a better job, so forget the pain."
1610,6838,0,2,35,37,1.054054054054054,0.03768738858261605,613,"Don't let his clown face and balloon dog fool you, kid. I'm the good cop."
1634,6838,0,2,35,37,1.054054054054054,0.03768738858261605,613,"In conclusion, John will illustrate your position with a screw balloon."
1636,6838,0,2,35,37,1.054054054054054,0.03768738858261605,613,"This is Bob, our office humorist. He isn't paid."" ""This is Bob, our office humorist. He's retiring."
1638,6838,1,0,36,37,1.054054054054054,0.05405405405405408,613,"You must be clowning, ""I wouldn't have enough hot air to blow that balloon horse even if I had as much hot air as D. Trump."
1691,6838,0,2,35,37,1.054054054054054,0.03768738858261605,613,This is his interrogation plan for you.
1711,6838,0,2,35,37,1.054054054054054,0.03768738858261605,613,"Listen kid, I’m trying to help you out, but my partner here doesn’t play so nice with Party Poopers."
1727,6838,1,0,36,37,1.054054054054054,0.05405405405405408,613,I said I wanted a llama Steve and this is clearly an alpaca.
898,6838,0,2,35,37,1.054054054054054,0.03768738858261605,613,"Wasn't just the elephants who got let go by the circus and, be careful, this guy is still full of clown envy."
1755,6838,0,2,35,37,1.054054054054054,0.03768738858261605,613,Try not to laugh. HA. HA. HA.
878,6838,0,2,35,37,1.054054054054054,0.03768738858261605,613,But had promised that I get to be the clown this year.
838,6838,0,2,35,37,1.054054054054054,0.03768738858261605,613,I find the interrogation room to be a tired premise also. I am angry!
3610,6838,0,2,35,37,1.054054054054054,0.03768738858261605,613,"Once more Harry. This is an course in Economics. Pennywise is an expression. Not a clown. So no more talk about clowns, penny or otherwise."
21,6838,0,2,35,37,1.054054054054054,0.03768738858261605,613,So ballon animals didn't do the trick--fine. We're gonna tickle that confession outta you.
55,6838,0,2,35,37,1.054054054054054,0.03768738858261605,613,Homey don’t play that.
109,6838,0,2,35,37,1.054054054054054,0.03768738858261605,613,"‘Our witness has made it clear that he was happy to come in without the enticement of ballon animals. This “clown hero” bit is getting old, detective’"
168,6838,0,2,35,37,1.054054054054054,0.03768738858261605,613,"Trust me, you don’t want him to make his sword."
170,6838,0,2,35,37,1.054054054054054,0.03768738858261605,613,Talk or my partner the clown here does his act on you
179,6838,0,2,35,37,1.054054054054054,0.03768738858261605,613,Next time you'll think twice about stealing a toy at a kid's party.
273,6838,0,2,35,37,1.054054054054054,0.03768738858261605,613,"Got any fancy theories to explain this one, Det. Darwin?"
277,6838,0,2,35,37,1.054054054054054,0.03768738858261605,613,"Johnny, meet Bob, our new principal."""
282,6838,0,2,35,37,1.054054054054054,0.03768738858261605,613,where do you get off throwing a balloon animal at a cop?
305,6838,0,2,35,37,1.054054054054054,0.03768738858261605,613,"At that rate, he can't have gotten far."
349,6838,0,2,35,37,1.054054054054054,0.03768738858261605,613,"If we want, we can hold you indefinitely...Welcome to the Big Apple son."
411,6838,0,2,35,37,1.054054054054054,0.03768738858261605,613,"Jimmy, meet Officer Bobo from Circus Division and his K9 officer, Wolfie. Now let’s talk about the missing confetti..."
476,6838,0,2,35,37,1.054054054054054,0.03768738858261605,613,"Your choice kid...bad cop, bozo cop."
483,6838,1,0,36,37,1.054054054054054,0.05405405405405408,613,"I love this clown, this clown is my husband, but he smells like garbage."
485,6838,0,2,35,37,1.054054054054054,0.03768738858261605,613,"Fine, don't talk. But Old Clowny here knows your weak spots."
490,6838,0,2,35,37,1.054054054054054,0.03768738858261605,613,"No, that is not Elliot Stabler of ""Clown S.V.U."""
563,6838,0,2,35,37,1.054054054054054,0.03768738858261605,613,The ASPCA tipped us off and I think you know why.
568,6838,0,2,35,37,1.054054054054054,0.03768738858261605,613,And he's the good clown...
602,6838,0,2,35,37,1.054054054054054,0.03768738858261605,613,"I'd start talking, or he'll switch to mime. I hear his pantomime stairs routine broke Robert Gates..."
605,6838,0,2,35,37,1.054054054054054,0.03768738858261605,613,Best to cooperate. You really don't want to meet Bad Clown!
674,6838,1,0,36,37,1.054054054054054,0.05405405405405408,613,Up for a little bad cop - balloon cop?
697,6838,0,2,35,37,1.054054054054054,0.03768738858261605,613,"I believe you thought he was neglected, but K-9 sent a clown that thinks you fed his dog to your pit bulls. 'Be back soon, you wanted a soda?"
741,6838,0,2,35,37,1.054054054054054,0.03768738858261605,613,"Now Roger here, knows how to dress for a job interview!"
750,6838,0,2,35,37,1.054054054054054,0.03768738858261605,613,"Now start talking, or Sgt. Blake does his entire repertoire!"
798,6838,0,2,35,37,1.054054054054054,0.03768738858261605,613,I'm Mutt. He's Bozo.
809,6838,0,2,35,37,1.054054054054054,0.03768738858261605,613,"And no more of those ""Clown cop, bad cop"" wisecracks, okay?"
843,6838,0,2,35,37,1.054054054054054,0.03768738858261605,613,"This is your last chance before we bring in Bonzo, he magician."
1962,6838,0,2,35,37,1.054054054054054,0.03768738858261605,613,You really thought cracking the window would be OK!?!?
1317,6838,0,2,35,37,1.054054054054054,0.03768738858261605,613,"Just answer the question, and he'll perform free at your next birthday party . . . wherever it is."
2003,6838,0,2,35,37,1.054054054054054,0.03768738858261605,613,We're trying something new here: good cop/bad cop was getting cliche
2925,6838,0,2,35,37,1.054054054054054,0.03768738858261605,613,Nobody's gonna believe that detective Buster planted this on you.
2936,6838,0,2,35,37,1.054054054054054,0.03768738858261605,613,We can do this the east way or the hard way.
3017,6838,0,2,35,37,1.054054054054054,0.03768738858261605,613,You do fear if Mr. Clown shape-shifts to a balloon dog!
3042,6838,0,2,35,37,1.054054054054054,0.03768738858261605,613,We want to know where you hid his search dog's mate?
3045,6838,0,2,35,37,1.054054054054054,0.03768738858261605,613,It's a pet-friendly police station.
3052,6838,0,2,35,37,1.054054054054054,0.03768738858261605,613,Bad luck! The clown you didn't laugh at has a son on the police force.
3074,6838,0,2,35,37,1.054054054054054,0.03768738858261605,613,Where's Georgie?
3105,6838,0,2,35,37,1.054054054054054,0.03768738858261605,613,His stage name is 'Dirty Harry Scary' and he keeps the kids in line like nobody's business. And stop changing the subject.
3146,6838,0,2,35,37,1.054054054054054,0.03768738858261605,613,"Billy, I think you take this class too seriously."
3149,6838,0,2,35,37,1.054054054054054,0.03768738858261605,613,Stop clowning around mister! Where are the rest of the balloons you stole?
3195,6838,0,2,35,37,1.054054054054054,0.03768738858261605,613,Our good cop - bad prop technique doesn't seem to be working
3223,6838,0,2,35,37,1.054054054054054,0.03768738858261605,613,"You've heard of ""good cop, bad cop?"" He's good cop."
3254,6838,0,2,35,37,1.054054054054054,0.03768738858261605,613,No caption -- I'm serious about that as my entry. This brilliant cartoon is very funny and completely self-explanatory.
2918,6838,0,2,35,37,1.054054054054054,0.03768738858261605,613,This was the weapon found near the victim
3255,6838,0,2,35,37,1.054054054054054,0.03768738858261605,613,Seems like we'll be resorting to a Third-Degree Circus.
1972,6838,0,2,35,37,1.054054054054054,0.03768738858261605,613,A Magnum Evolver was found in the church dumpster next door. I think there's enough evidence to put the case to rest.
3313,6838,0,2,35,37,1.054054054054054,0.03768738858261605,613,You've made it necessary for me to bring in my Luten-IT.
3327,6838,0,2,35,37,1.054054054054054,0.03768738858261605,613,He’s the good cop
3374,6838,0,2,35,37,1.054054054054054,0.03768738858261605,613,We can do this hard or we can do this easy.
3399,6838,0,2,35,37,1.054054054054054,0.03768738858261605,613,Last words before I turn you over to the good cop?
3402,6838,0,2,35,37,1.054054054054054,0.03768738858261605,613,"Late hex? What are you, a warlock?"
3428,6838,0,2,35,37,1.054054054054054,0.03768738858261605,613,lesson #1 - you would never know that this guy is a pedaphile
3446,6838,0,2,35,37,1.054054054054054,0.03768738858261605,613,You start telling us what you know; or I step out and it's just you and Sparkles.
3448,6838,0,2,35,37,1.054054054054054,0.03768738858261605,613,It lacks a human element.
3460,6838,0,2,35,37,1.054054054054054,0.03768738858261605,613,":'Pretent you don't know him when he dashes into the meeting dressed as a Killer Clown."""
3523,6838,0,2,35,37,1.054054054054054,0.03768738858261605,613,Only you can help us stop this plague of party balloon fetishes.
3543,6838,0,2,35,37,1.054054054054054,0.03768738858261605,613,Come clean or your only bed will be heap of balloon critters and clown wigs.
3550,6838,0,2,35,37,1.054054054054054,0.03768738858261605,613,"Yeah, right! Who do we look like, Bozo the clown?"
3257,6838,0,2,35,37,1.054054054054054,0.03768738858261605,613,"Ever see ""It?"""
2879,6838,0,2,35,37,1.054054054054054,0.03768738858261605,613,For the last time....You don't look anything like your Dad.
3259,6838,0,2,35,37,1.054054054054054,0.03768738858261605,613,The school already has enough clowns. So don’t try anything funny.
2846,6838,0,2,35,37,1.054054054054054,0.03768738858261605,613,Alright you bitch it's time for bad cop clown cop and I'm not the bad cop
2024,6838,0,2,35,37,1.054054054054054,0.03768738858261605,613,What kind of psychedelic drug is in the dog!
2866,6838,0,2,35,37,1.054054054054054,0.03768738858261605,613,"You might want to take that ‘i’m crazy’ defense down the road, Pal."
2087,6838,0,2,35,37,1.054054054054054,0.03768738858261605,613,His cancellation policy is outrageous.
2196,6838,0,2,35,37,1.054054054054054,0.03768738858261605,613,"Is it too late to enter April 16 contest? Check out the speedy evolution, but the car was moving faster."
2216,6838,0,2,35,37,1.054054054054054,0.03768738858261605,613,'Look Mister' - Don't play around us police officers!
2261,6838,1,0,36,37,1.054054054054054,0.05405405405405408,613,"Without copyright, there wouldn't be art."
2267,6838,1,0,36,37,1.054054054054054,0.05405405405405408,613,"We do ""good cop/bad cop"" here. He's in training for ""good cop""."
2281,6838,0,2,35,37,1.054054054054054,0.03768738858261605,613,Is your car big enough for the entire staff?
2322,6838,0,2,35,37,1.054054054054054,0.03768738858261605,613,"Not even uncle Bobo is going to get you out of this one, pal."
2372,6838,0,2,35,37,1.054054054054054,0.03768738858261605,613,Now you're in for it - bring on the balloon dog!
2374,6838,0,2,35,37,1.054054054054054,0.03768738858261605,613,"Look, I don't know what the cops are like in Pittsburgh, but in this department we ain't clownin' around."
2436,6838,0,2,35,37,1.054054054054054,0.03768738858261605,613,Meet Officer Pagliacco from our office in Rome.
2465,6838,0,2,35,37,1.054054054054054,0.03768738858261605,613,"If you think I'm rough on you, just wait till I sick my partner ""THE DOG"" on you."
2482,6838,0,2,35,37,1.054054054054054,0.03768738858261605,613,"No, we don't play 'good cop, bad cop,' anymore."" This here is my Captain."
2280,6838,0,2,35,37,1.054054054054054,0.03768738858261605,613,"Spiders, snakes, roaches...nothing bothers you?? Coulrophobia???"
2516,6838,1,0,36,37,1.054054054054054,0.05405405405405408,613,We can do this the easy way or the hard way. You have the power here.
2796,6838,0,2,35,37,1.054054054054054,0.03768738858261605,613,"I'm the hard man here, understand?"
2842,6838,0,2,35,37,1.054054054054054,0.03768738858261605,613,Don't look at him. He's the bad cop.
2488,6838,0,2,35,37,1.054054054054054,0.03768738858261605,613,"Pennywise? Just observing, punk."
2728,6838,0,2,35,37,1.054054054054054,0.03768738858261605,613,I see a creepy cop and a bad cop!
2724,6838,0,2,35,37,1.054054054054054,0.03768738858261605,613,I Promise. ... I'm the good cop.
2598,6838,1,0,36,37,1.054054054054054,0.05405405405405408,613,And you'll be working with all the rest of the clowns
2610,6838,0,2,35,37,1.054054054054054,0.03768738858261605,613,"You don't really want us to play good clown, bad clown, do you?"
2575,6838,0,2,35,37,1.054054054054054,0.03768738858261605,613,"Um, John the suspect is in my uniform."
2545,6838,0,2,35,37,1.054054054054054,0.03768738858261605,613,It (2017)
2536,6838,0,2,35,37,1.054054054054054,0.03768738858261605,613,What clown? I don't see a clown. You've been reading too much of what's his name.
2529,6838,0,2,35,37,1.054054054054054,0.03768738858261605,613,Trust me his bark is worse than his bite.
2597,6838,0,2,35,37,1.054054054054054,0.03768738858261605,613,Shirt sleeves to shirt sleeves.
4891,7086,0,2,36,38,1.0526315789473684,0.0367097806559429,613,"If you think this is just another 'good clown, bad cop' routine, you're in for a shock, punk."
4383,7086,0,2,36,38,1.0526315789473684,0.0367097806559429,613,"WE'RE clowning around?! No, YOU'RE clowning around, buddy!"
4870,7086,0,2,36,38,1.0526315789473684,0.0367097806559429,613,See the balloon dog kid? That'll be you if Superintendent Giggles thinks you're lying. Capiche?
4615,7086,0,2,36,38,1.0526315789473684,0.0367097806559429,613,I'm guessing he'll rollover first.
5176,7086,0,2,36,38,1.0526315789473684,0.0367097806559429,613,"So, you really think this good cop, bad cop strategy will work?"
4334,7086,0,2,36,38,1.0526315789473684,0.0367097806559429,613,"""Listen, kid, I brought in the CCU -the special criminal clown unit. Now, fess up!"
3383,7086,0,2,36,38,1.0526315789473684,0.0367097806559429,613,"Don't get cute with me, wait for Tim's turn"
4143,7086,0,2,36,38,1.0526315789473684,0.0367097806559429,613,"WHERE ARE THE BODIES BURIED, BOZO?"
3751,7086,0,2,36,38,1.0526315789473684,0.0367097806559429,613,"I had to call Jack back from the Circus to watch you so trust me, we're really not clowning around here."
3482,7086,0,2,36,38,1.0526315789473684,0.0367097806559429,613,"Yeah... it's ""good cop, bad cop"". Your choice."
3371,7086,0,2,36,38,1.0526315789473684,0.0367097806559429,613,Either you answer my question or you will have to deal with that clown!
3104,7086,0,2,36,38,1.0526315789473684,0.0367097806559429,613,"You wanna play hardball,kid? Meet my partner,Officer ‘Mad Dog’Hendrikson!"
5316,7086,0,2,36,38,1.0526315789473684,0.0367097806559429,613,"And crack you will, we’re not playing games here."
3047,7086,0,2,36,38,1.0526315789473684,0.0367097806559429,613,I'm Inspectof Clouseau and I believe you know my partner.
4277,7086,0,2,36,38,1.0526315789473684,0.0367097806559429,613,"Look, if Dectective Bozo says it's a hot dog, it's a hot dog. Don't keep on laughing."
5546,7086,0,2,36,38,1.0526315789473684,0.0367097806559429,613,I'm the bad cop and he's the purge cop
7029,7086,0,2,36,38,1.0526315789473684,0.0367097806559429,613,Your Attorney is here and you can confess now
5817,7086,0,2,36,38,1.0526315789473684,0.0367097806559429,613,NYPD Balloon
3012,7086,0,2,36,38,1.0526315789473684,0.0367097806559429,613,We brought him in because it's your birthday!
7233,7086,0,2,36,38,1.0526315789473684,0.0367097806559429,613,You have the right to not smile. Any smile in a police station can and will be used against you.
7215,7086,0,2,36,38,1.0526315789473684,0.0367097806559429,613,Your behavior is ballooning out of control.
7152,7086,0,2,36,38,1.0526315789473684,0.0367097806559429,613,"Won't talk, huh? Maybe a fright wig and a balloon doggie will change your mind."
7144,7086,0,2,36,38,1.0526315789473684,0.0367097806559429,613,Maybe you'll be more cooperative with Officer Pennywise.
6916,7086,0,2,36,38,1.0526315789473684,0.0367097806559429,613,Stop clowning around! It is indisputable from the balloon animal found at the crime scene that you were the ringmaster of this crime.
6812,7086,0,2,36,38,1.0526315789473684,0.0367097806559429,613,"Unfortunately for you, this investigation only has room for one clown and it looks like Detective Smith called dibs."
5645,7086,0,2,36,38,1.0526315789473684,0.0367097806559429,613,Start talking; He just got back from Guantanamo
6786,7086,0,2,36,38,1.0526315789473684,0.0367097806559429,613,You actually want us to believe that this a dog?
6718,7086,1,0,37,38,1.0526315789473684,0.0526315789473684,613,"Stop clowning around, we know all about your little magician scheme."
6708,7086,0,2,36,38,1.0526315789473684,0.0367097806559429,613,We had to lay off the German Sheperds in the budget cuts.
6585,7086,0,2,36,38,1.0526315789473684,0.0367097806559429,613,"....and if you don't cooperate, the consequences won't be funny."
6282,7086,0,2,36,38,1.0526315789473684,0.0367097806559429,613,We are not clowning around ! Is this the Dog you saw that night ....
5954,7086,0,2,36,38,1.0526315789473684,0.0367097806559429,613,"No, I'm the good guy and he's the bad guy."
5945,7086,0,2,36,38,1.0526315789473684,0.0367097806559429,613,Tell us where he went and Boo Boo here will give you the doggie and a blunt!
5921,7086,0,2,36,38,1.0526315789473684,0.0367097806559429,613,I'm only gonna ask this once. Tell my partner Mr. Buttercup if you can place this balloon animal at the scene of the crime.
6755,7086,0,2,36,38,1.0526315789473684,0.0367097806559429,613,Come clean or deal with menacing cop.
2978,7086,0,2,36,38,1.0526315789473684,0.0367097806559429,613,And that looks like a GUN to you?
4557,7086,0,2,36,38,1.0526315789473684,0.0367097806559429,613,You’d prefer water boarding?
2814,7086,0,2,36,38,1.0526315789473684,0.0367097806559429,613,"Well, we’ll see Mr. Tough Guy. I bet Mr Chuckles and his friend Bobo will make you talk."
1199,7086,0,2,36,38,1.0526315789473684,0.0367097806559429,613,Okay. This is the testing ground for new strategies against Russia.
1167,7086,0,2,36,38,1.0526315789473684,0.0367097806559429,613,The facts in this case are evolving rapidly!
1137,7086,0,2,36,38,1.0526315789473684,0.0367097806559429,613,"We can do it the easy way, or we can do it the Clown Way."
1134,7086,0,2,36,38,1.0526315789473684,0.0367097806559429,613,He's new here---still learning the routine.
998,7086,0,2,36,38,1.0526315789473684,0.0367097806559429,613,"No, we’re not trying to play good cop Bozo cop."
894,7086,0,2,36,38,1.0526315789473684,0.0367097806559429,613,Don't make us sic the dogs on you.
638,7086,0,2,36,38,1.0526315789473684,0.0367097806559429,613,We call it Juvenile Justice.
590,7086,0,2,36,38,1.0526315789473684,0.0367097806559429,613,Our undercover agent shows you the evidence you left behind when you were spotted trying to lure children into the woods.
553,7086,0,2,36,38,1.0526315789473684,0.0367097806559429,613,The undercover clown saw you twist the dog's leg.
351,7086,0,2,36,38,1.0526315789473684,0.0367097806559429,613,Do you guys ever switch roles as good cop bad cop?
265,7086,0,2,36,38,1.0526315789473684,0.0367097806559429,613,Looks like we have a real chameleon on our hands.
145,7086,0,2,36,38,1.0526315789473684,0.0367097806559429,613,"From now on it's ""Mr. President SIR""."
115,7086,0,2,36,38,1.0526315789473684,0.0367097806559429,613,So you flunked out of Mime School the thought of being a clown was degrading.
69,7086,0,2,36,38,1.0526315789473684,0.0367097806559429,613,Talk now or he breaks your funny bone!
2895,7086,0,2,36,38,1.0526315789473684,0.0367097806559429,613,"Confess, 'cause clown cop cracks criminal craniums."
1236,7086,0,2,36,38,1.0526315789473684,0.0367097806559429,613,You want me to turn you over to ICE or Rainbow ICE?
1296,7086,1,0,37,38,1.0526315789473684,0.0526315789473684,613,He doesn't clown around when he knows the suspect is telling the truth.
41,7086,0,2,36,38,1.0526315789473684,0.0367097806559429,613,The Chief says we can't use good cop/bad copy to intimidate anyone. Well let's just see how you go with a bit of good cop/clown cop then.
1414,7086,0,2,36,38,1.0526315789473684,0.0367097806559429,613,I’ll let Johnny take it from here “squeak squeak”
1332,7086,0,2,36,38,1.0526315789473684,0.0367097806559429,613,...and then the drugs kicked in...
2710,7086,0,2,36,38,1.0526315789473684,0.0367097806559429,613,"You’ve heard of bad cop/good cop? Well, we’re bad cop/clown cop."
2609,7086,0,2,36,38,1.0526315789473684,0.0367097806559429,613,My superego is right behind me!
2596,7086,0,2,36,38,1.0526315789473684,0.0367097806559429,613,Now tell us where you were last night; or you'll be the next human cannonball at the Big Apple Circus.
2577,7086,0,2,36,38,1.0526315789473684,0.0367097806559429,613,Now my partner will play the 'bad cop'
2570,7086,0,2,36,38,1.0526315789473684,0.0367097806559429,613,"You may not admire our principal here, but he really understands you young people."
2047,7086,0,2,36,38,1.0526315789473684,0.0367097806559429,613,What do you mean “ He’s guilty of animal cruelty”?
2459,7086,0,2,36,38,1.0526315789473684,0.0367097806559429,613,"No, I'm the good cop--just wait and see what this bad cop does."
1917,7086,0,2,36,38,1.0526315789473684,0.0367097806559429,613,Nobody else has a problem fitting in.
1915,7086,0,2,36,38,1.0526315789473684,0.0367097806559429,613,I guess you could say I'm 'Good Cop' and he's Bozo the Cop.
1907,7086,0,2,36,38,1.0526315789473684,0.0367097806559429,613,You better talk or he’ll pop that thing.
1713,7086,0,2,36,38,1.0526315789473684,0.0367097806559429,613,Isn’t it rich?
1565,7086,0,2,36,38,1.0526315789473684,0.0367097806559429,613,You aren't getting out of here until you tell us how you made this.
1563,7086,0,2,36,38,1.0526315789473684,0.0367097806559429,613,"As you can see, I know Bozo and you, sir, are no Bozo."
1442,7086,0,2,36,38,1.0526315789473684,0.0367097806559429,613,"Talk, or my partner here will make your worst nightmares come true."
1931,7086,0,2,36,38,1.0526315789473684,0.0367097806559429,613,"Good cap, bad cap"
3635,7159,0,2,37,39,1.0512820512820513,0.03578157512432619,613,"Seriously you want to have a serious conversation with me, with Bozo standing behind you ."
6555,7159,0,2,37,39,1.0512820512820513,0.03578157512432619,613,You'll have to excuse Frank... It's just that he figured a con artist like you would want something more creative than a dog.
5247,7159,0,2,37,39,1.0512820512820513,0.03578157512432619,613,"Fess up, we know that it was you who rubbed that balloon over my colleagues head while he was asleep."
4027,7159,0,2,37,39,1.0512820512820513,0.03578157512432619,613,It is not just another balloon! That's Snoopy from the Macy's Thanksgiving Day Parade.
3441,7159,0,2,37,39,1.0512820512820513,0.03578157512432619,613,"You're the clown here. You'll talk to me, or you'll never see your dog again."
3807,7159,0,2,37,39,1.0512820512820513,0.03578157512432619,613,So when can I sign up?
2837,7159,0,2,37,39,1.0512820512820513,0.03578157512432619,613,"Good Cop, funny cop"
2540,7159,0,2,37,39,1.0512820512820513,0.03578157512432619,613,"Yes, this is still executive time."
1824,7159,0,2,37,39,1.0512820512820513,0.03578157512432619,613,We found this clear evidence of balloon abuse in your locker. Anything more you want to tell us about your twisted animal fantasies before we search your apartment?
1457,7159,0,2,37,39,1.0512820512820513,0.03578157512432619,613,"Anders and Clancey made good clown, bad cop look easy."
2860,7159,0,2,37,39,1.0512820512820513,0.03578157512432619,613,"Officer, was the arrest captured on the car-cam?"
4127,7170,0,1,33,34,1.0294117647058822,0.029854071701326604,613,Good guy...Bad clown!
4314,7170,0,1,33,34,1.0294117647058822,0.029854071701326604,613,"What, now you're gonna try and scare it outta me?"
4713,7170,0,1,33,34,1.0294117647058822,0.029854071701326604,613,Our psychiatric evaluator has been studying you from behind the one way mirror for nearly an hour. Are you ready for your first session?
4995,7170,0,1,33,34,1.0294117647058822,0.029854071701326604,613,So then what? You got ruff?
5013,7170,0,1,33,34,1.0294117647058822,0.029854071701326604,613,Training for mail delivery starts now.
5122,7170,0,1,33,34,1.0294117647058822,0.029854071701326604,613,"Get it together, Josh!!"
5124,7170,0,1,33,34,1.0294117647058822,0.029854071701326604,613,Those clowns didn't like me at SVU auditions
5155,7170,0,1,33,34,1.0294117647058822,0.029854071701326604,613,The preliminary testing stages of “Good Cop Clown Cop” yielded promising results.
5216,7170,0,1,33,34,1.0294117647058822,0.029854071701326604,613,"When ""Good Cop-Bad Cop"" didn't work, they transitioned to ""Good Cop-Clown Cop""."
5262,7170,0,1,33,34,1.0294117647058822,0.029854071701326604,613,"Okay, start talking. It's time for you to turn this clown's frown upside down."
5406,7170,0,1,33,34,1.0294117647058822,0.029854071701326604,613,Tell me what you know or I swear he'll start miming.
5765,7170,0,1,33,34,1.0294117647058822,0.029854071701326604,613,"After this, you won't be smiling again!"
6047,7170,0,1,33,34,1.0294117647058822,0.029854071701326604,613,Why do you think we call it an interror-gation?
6225,7170,0,1,33,34,1.0294117647058822,0.029854071701326604,613,Jeremy completely denied taking LSD!
6334,7170,0,1,33,34,1.0294117647058822,0.029854071701326604,613,You can have these doggie toys when you tell us why you shot your cats and put them in a soup.
6344,7170,0,1,33,34,1.0294117647058822,0.029854071701326604,613,Clowns aren't necessarily the GOOD COP!
6517,7170,0,1,33,34,1.0294117647058822,0.029854071701326604,613,"As you well know, pets aren’t allowed through airport security"
6764,7170,0,1,33,34,1.0294117647058822,0.029854071701326604,613,"But I'm funny how, I mean funny like I'm a clown?"
6906,7170,0,1,33,34,1.0294117647058822,0.029854071701326604,613,The Joker’s just a mad dog. I want whoever let him off the leash.
3963,7170,0,1,33,34,1.0294117647058822,0.029854071701326604,613,"""I'm going to upfront with you kid, we've scrapped ""good cop, bad cop"" for indifferent and pathetic."
5298,7170,0,1,33,34,1.0294117647058822,0.029854071701326604,613,POP! Goes the weasel.
3854,7170,0,1,33,34,1.0294117647058822,0.029854071701326604,613,Can he make a monkey?
7269,7170,0,1,33,34,1.0294117647058822,0.029854071701326604,613,Does THIS look familiar?!
3787,7170,0,1,33,34,1.0294117647058822,0.029854071701326604,613,"Now, tell him you wanna have a good time! We have an audience."
3822,7170,0,1,33,34,1.0294117647058822,0.029854071701326604,613,You call this a responsible-bred English badger dog?!
100,7170,0,1,33,34,1.0294117647058822,0.029854071701326604,613,"Bad cop, clown cop"
101,7170,0,1,33,34,1.0294117647058822,0.029854071701326604,613,Say that again. -officer I’m so- Say That Again!
791,7170,0,1,33,34,1.0294117647058822,0.029854071701326604,613,I’m going to ask you one more time. I that a dog or a deer Sgt. Poundfoolish is holding?
828,7170,0,1,33,34,1.0294117647058822,0.029854071701326604,613,Enough 'bad cop'. Let's see if you crack for 'obnoxious cop'.
869,7170,0,1,33,34,1.0294117647058822,0.029854071701326604,613,We have our ways. Have you been read your Bozo Rights?
1215,7170,0,1,33,34,1.0294117647058822,0.029854071701326604,613,Yeah - we hire your worst nightmares to make you talk.
1310,7170,0,1,33,34,1.0294117647058822,0.029854071701326604,613,"Charles, we have reason to suspect you plagiarized your final exam."
1434,7170,0,1,33,34,1.0294117647058822,0.029854071701326604,613,"No not good cop, bad cop. We're good cop, funny cop."
1708,7170,0,1,33,34,1.0294117647058822,0.029854071701326604,613,How does it feel to be a contestant on the hit reality show good cop -bad cop?
1022,7170,0,1,33,34,1.0294117647058822,0.029854071701326604,613,"Seriously, we are not clowning around!"
1942,7170,0,1,33,34,1.0294117647058822,0.029854071701326604,613,This is a good cop bad clown situation here and I suggest you cooperate.
1799,7170,0,1,33,34,1.0294117647058822,0.029854071701326604,613,"Good guess, wiseguy. That bozo is the ""good cop""."
3503,7170,0,1,33,34,1.0294117647058822,0.029854071701326604,613,"If you think Monty Python’s Killer Bunny was bad, wait until you see the fangs of the Rabid Balloon Dog."
3161,7170,0,1,33,34,1.0294117647058822,0.029854071701326604,613,Just forget it detective Clancy appealing to his inner child isn't getting a confession from this hard ass
2776,7170,0,1,33,34,1.0294117647058822,0.029854071701326604,613,"Listen, pal, what you need to understand is that I'M the good cop."
3713,7170,0,1,33,34,1.0294117647058822,0.029854071701326604,613,My buddy at clowning around... who sold you this balloon animal?
2401,7170,0,1,33,34,1.0294117647058822,0.029854071701326604,613,Good Cop/Guilt Cop: My partner put on a ridiculous wig and makeup to be the good cop. Do you know how hard it was to twist that balloon into a dog? The least you could do is confess.
2028,7170,0,1,33,34,1.0294117647058822,0.029854071701326604,613,"just to be clear, I am the 'good cop'"
2014,7170,0,1,33,34,1.0294117647058822,0.029854071701326604,613,"Don't make your situation blow up any bigger than it needs to. Tell the truth, and quit twisting things out of proportion! If my partner can learn that, so could you."
2468,7170,0,1,33,34,1.0294117647058822,0.029854071701326604,613,It's not Good Cop/Bad Cop. He earned his badge by making the best chalk drawings around the victims.
4350,7215,0,1,34,35,1.0285714285714285,0.028988551782622423,613,We know you know what this is you clown.
7245,7215,0,1,34,35,1.0285714285714285,0.028988551782622423,613,...first you steal his SmartBones...next you shrink his Manhood...
6895,7215,0,1,34,35,1.0285714285714285,0.028988551782622423,613,This ain't no time for clowning around!
6293,7215,0,1,34,35,1.0285714285714285,0.028988551782622423,613,Is that Joe Davola?
6277,7215,0,1,34,35,1.0285714285714285,0.028988551782622423,613,"OK, we're doing interrogation this the old fashion way Mr, so who's up first, good clown or bad clown?"
5560,7215,0,1,34,35,1.0285714285714285,0.028988551782622423,613,Well dammit ....there just ought to be!
5404,7215,0,1,34,35,1.0285714285714285,0.028988551782622423,613,"He's got an act in 5 minutes, now tell us, where did you hid his horn?"
5121,7215,0,1,34,35,1.0285714285714285,0.028988551782622423,613,"This is your classic good cop, bad clown interrogation, so pay attention."
4574,7215,0,1,34,35,1.0285714285714285,0.028988551782622423,613,Bozo's holding circus-stantial evidence that links you to the crime.
4152,7215,0,1,34,35,1.0285714285714285,0.028988551782622423,613,"“I DON’T LIKE CLOWNS!” The colored hair, the balloon dog, the runny red nose, ...especially the runny RED NOSE. ??"
6596,7215,0,1,34,35,1.0285714285714285,0.028988551782622423,613,"All right, Wyatt, Sergeant Burns and I have had enough of your clowning around."
3674,7215,0,1,34,35,1.0285714285714285,0.028988551782622423,613,Confess or we will go clown on your ass.
2966,7215,0,1,34,35,1.0285714285714285,0.028988551782622423,613,I'm de good cop; he was the funny.
2951,7215,0,1,34,35,1.0285714285714285,0.028988551782622423,613,We're not kidding around!
2930,7215,0,1,34,35,1.0285714285714285,0.028988551782622423,613,"This is my Uncle Earl Bob, he is my third client."
2446,7215,0,1,34,35,1.0285714285714285,0.028988551782622423,613,"Work cop, Play cop: ""Jack, you are too dull"""
1930,7215,0,1,34,35,1.0285714285714285,0.028988551782622423,613,"Look Bozo, either start telling the truth or I'm going to sic your namesake on you!"
1929,7215,0,1,34,35,1.0285714285714285,0.028988551782622423,613,Wipe that smirk off your face! The Clown Scared Straight Program is no laughing matter!
3768,7215,0,1,34,35,1.0285714285714285,0.028988551782622423,613,"With new psychoanalysis techniques, Bandi can finally combine passion and career."
1676,7215,0,1,34,35,1.0285714285714285,0.028988551782622423,613,"“The Citizen’s Review Board may think this levels the playing field, but rest assured he’s the ‘bad cop’ so give him a reason to leave."
1526,7215,0,1,34,35,1.0285714285714285,0.028988551782622423,613,"Okay, son. This is enough clowning around. Detective Goodcop will be stepping out while you tell me where you took the dog."
7111,7236,0,1,35,36,1.0277777777777777,0.028171808490950554,613,"And if that doesn’t do the trick, you’ll be spilling your guts in no time to stop Det. Bozo from doing his mime routine."
6118,7236,0,1,35,36,1.0277777777777777,0.028171808490950554,613,"Good cop, balloons. Bad cop, balloons. Your choice."
1877,7236,0,1,35,36,1.0277777777777777,0.028171808490950554,613,I'm not clowning around! Wait 'till my partner gets his hands on you.
6183,7236,0,1,35,36,1.0277777777777777,0.028171808490950554,613,This was probably not an act of God.
527,7236,0,1,35,36,1.0277777777777777,0.028171808490950554,613,"I'm more into Korn and Tool, but Jenkins there is a Juggalo. He totally sucks, and I hate him."
423,7236,0,1,35,36,1.0277777777777777,0.028171808490950554,613,Here's your safe space. How about a little face painting to go with the puppy and the clown?
83,7236,0,1,35,36,1.0277777777777777,0.028171808490950554,613,"I've heard that evidence given by police dogs is admissible in court these days, but this has just been blown out of proportions."
1055,7236,0,1,35,36,1.0277777777777777,0.028171808490950554,613,"What's the big idea? -Officer Bozo looked a little depressed, so I thought I'd make him feel like a Wiener today."
833,7244,0,1,36,37,1.027027027027027,0.02739983121755955,613,No more clowing around!
5607,7244,0,1,36,37,1.027027027027027,0.02739983121755955,613,"...and in you think I’m clowning around, you must have me mistaken for somebody else!"
5086,7246,0,0,31,31,1.0,0.032791291789197645,613,"That's right. The precinct is on the take, and there's nothing you rotten kids and your big stupid dog can do about it."
5036,7246,0,0,32,32,1.0,0.031750031750047626,613,...And is this the outfit you wore to scare Trick or Treatters?
4886,7246,0,0,31,31,1.0,0.032791291789197645,613,"Look, son, you cooperate with me or I turn you over to this David Remnick impersonator."
4720,7246,0,0,31,31,1.0,0.032791291789197645,613,"Now tell me again, why think this really isn’t art...."
4580,7246,0,0,31,31,1.0,0.032791291789197645,613,This balloon was found at the crime scene and so far you're the only suspect
4494,7246,0,0,31,31,1.0,0.032791291789197645,613,Confess! Or he’ll dog you ‘til the end of your days.
3400,7246,0,0,32,32,1.0,0.031750031750047626,613,"We know you blew it, we know blew it!"
4086,7246,0,0,31,31,1.0,0.032791291789197645,613,"Is this the guy who stole your balloon animal?"" ""No. He was smiling."
3875,7246,0,0,31,31,1.0,0.032791291789197645,613,"Our Latest system requires that the criminals interrogate the criminals, so im going to be losing my job soon!"
3760,7246,0,0,31,31,1.0,0.032791291789197645,613,What kind of bozo do you take me for?
5118,7246,0,0,31,31,1.0,0.032791291789197645,613,"Oh crap, wrong set!"
4540,7246,0,0,31,31,1.0,0.032791291789197645,613,"We can do this the easy way or the hard way... but either way, we'll have you in stitches"
5142,7246,0,0,31,31,1.0,0.032791291789197645,613,Is this related to the “break” I was promised?
6997,7246,0,0,31,31,1.0,0.032791291789197645,613,If you want to see the show- confess!
5332,7246,0,0,31,31,1.0,0.032791291789197645,613,And three counts of counterfeit kittens...now give us Banksy
5486,7246,0,0,31,31,1.0,0.032791291789197645,613,It's called 'humane detention'.
5922,7246,0,0,31,31,1.0,0.032791291789197645,613,You won't talk? This is IT!
6252,7246,0,0,31,31,1.0,0.032791291789197645,613,It's just me and you now.
6333,7246,0,0,31,31,1.0,0.032791291789197645,613,What got you in that seat is your comment on safe sex Mr.
6430,7246,0,0,31,31,1.0,0.032791291789197645,613,"Whadda ya' mean I've got the wrong guy?! Oh you mean him. No, budget cuts have simply forced us to embrace alternative sketch artists. Now where are the jewels, Kat Burglar?"
6871,7246,0,0,31,31,1.0,0.032791291789197645,613,"Don't mind that guy, he's a joker."
6930,7246,0,0,31,31,1.0,0.032791291789197645,613,"Ok, what will it be; bad cop or clown cop?"
7095,7246,0,0,31,31,1.0,0.032791291789197645,613,"Work with us on this. The Chief initiated a new procedure he calls Good Clown Bad Clown."" Complete the survey after the interview."
7002,7246,0,0,31,31,1.0,0.032791291789197645,613,Did you pick your feet In Clown Town? Or maybe was that POUGHKEEPSIE?
7017,7246,0,0,31,31,1.0,0.032791291789197645,613,Bet your having trouble getting your 45 year old head around this crazy dream!
7032,7246,0,0,31,31,1.0,0.032791291789197645,613,He inflated his artistic skills during the interview.
3385,7246,0,0,31,31,1.0,0.032791291789197645,613,"As your ""woke"" teacher, I am prepared to differentiate my instruction for you."
5189,7246,0,0,31,31,1.0,0.032791291789197645,613,"If you plead guilty, he'll break out the baloons."
3126,7246,0,0,31,31,1.0,0.032791291789197645,613,"No, it's his every day mask. Why do you ask?"
609,7246,0,0,31,31,1.0,0.032791291789197645,613,"Listen wiseguy, you think we're all just here for a chuckle?"
3086,7246,0,0,31,31,1.0,0.032791291789197645,613,"Listen up son, I want no funny business alright !"
7167,7246,0,0,31,31,1.0,0.032791291789197645,613,You STILL think I'm joking? Then maybe it's time you talk with Sergeant Krusty.
12,7246,0,0,31,31,1.0,0.032791291789197645,613,"Hey intern, my boss is about to audition for the next batman movie. What do you think?"
432,7246,0,0,31,31,1.0,0.032791291789197645,613,"Seriously, if you can't sing, you better at least be able to bark like one of those shivering lap dogs that's not really a service animal."
539,7246,0,0,31,31,1.0,0.032791291789197645,613,You're funnier than he is so how is this supposed to work?
692,7246,0,0,31,31,1.0,0.032791291789197645,613,"Not going to take this seriously, huh? Then why don't we go about it ANOTHER way?"
755,7246,0,0,31,31,1.0,0.032791291789197645,613,"Here’s the deal, kid; I’m the good cop!"
756,7246,0,0,31,31,1.0,0.032791291789197645,613,It all happened in 7 days
879,7246,0,0,31,31,1.0,0.032791291789197645,613,I’m the good cop - he’s the bad one.
976,7246,0,0,31,31,1.0,0.032791291789197645,613,Tell us who your supplier is or we have to lock you up.
1209,7246,0,0,31,31,1.0,0.032791291789197645,613,"There's a ""tale"" in here somewhere."
1325,7246,0,0,31,31,1.0,0.032791291789197645,613,"If Mr Chuckles can't loosen your tongue, maybe I'll need to bring out the juggling clubs."
1382,7246,0,0,31,31,1.0,0.032791291789197645,613,"How many people could fit in this clowns car? One, and he took him in for questioning."
1561,7246,0,0,32,32,1.0,0.031750031750047626,613,"Okay buddy, stop your clowning around."
1624,7246,0,0,31,31,1.0,0.032791291789197645,613,Stop clowning around. Tell us where you got that rabbit from!
1683,7246,0,0,31,31,1.0,0.032791291789197645,613,"I could be Rodney Dangerfield. I could be Joe Friday. I haven't decided yet. The point is, he's the good one."
1706,7246,0,0,31,31,1.0,0.032791291789197645,613,"""OK son, we want the truth or my partner brings in the seltzer bottle""."
2068,7246,0,0,31,31,1.0,0.032791291789197645,613,"Either tell ME, or I'll turn you over to FRANK. He's been to the new training."
2109,7246,0,0,31,31,1.0,0.032791291789197645,613,"Oh, I'll give you someone to clown around with, smart guy."
2161,7246,0,0,31,31,1.0,0.032791291789197645,613,"and that's just a sample size. yeah, my partner's the Bad Clown you've maybe heard about."
2176,7246,0,0,31,31,1.0,0.032791291789197645,613,"Look, don’t make us play bad cop, clown cop—‘cause it won’t be pretty."
2229,7246,0,0,31,31,1.0,0.032791291789197645,613,"Time for a rousing round of Bad Cop, Clown Cop!"
2338,7246,0,0,31,31,1.0,0.032791291789197645,613,We can't afford to hire the real Andy Samberg.
2357,7246,0,0,31,31,1.0,0.032791291789197645,613,"Yeah, I know. It isn't easy being a clown wearing a tie these days."
2393,7246,0,0,31,31,1.0,0.032791291789197645,613,Here’s the bad news. He’s the bad cop.
2400,7246,0,0,33,33,1.0,0.030772872744833184,613,"No more of your clowning around. Was he or she singing, ""Send in the clowns"" or not?"
2408,7246,0,0,31,31,1.0,0.032791291789197645,613,It's thoughtless clowns like you that are giving a bad name to law-abiding people like partner.
2767,7246,0,0,31,31,1.0,0.032791291789197645,613,"If you think he's good, it's only because you haven't heard me do my Jay-Z impression."
3122,7246,0,0,31,31,1.0,0.032791291789197645,613,Looks like the perp punctuated their equilibriums.
7236,7246,0,0,31,31,1.0,0.032791291789197645,613,This puts a whole new meaning to good-cop-bad-cop intimidation. I’m pretty sure good cop will be more effective in this case.
