target_id,rank,funny,somewhat_funny,unfunny,count,score,precision,contest,caption
2418,1,1289,1429,1379,4097,1.9780327068586772,0.012604307368783945,617,But before we head down... a short fire-safety video...
1402,2,1657,1484,1884,5025,1.9548258706467663,0.011826067596268877,617,"No, this is Purgatory. Hell has FOX 24/7."
2923,3,1255,1854,1723,4832,1.9031456953642385,0.0112085589052766,617,I wonder if he moved that pitchfork a little left would we get better reception?
2011,4,1339,1351,1832,4522,1.8909774436090225,0.012348193182437383,617,"No, purgatory. In hell, it's Fox News 24/7."
7296,5,1086,1675,1607,4368,1.8807234432234432,0.011743990829089283,617,It gets worse. The commercials are for air conditioning.
702,6,1267,1628,1873,4768,1.8729026845637584,0.011608639168010804,617,It's either this or the PBS pledge drive.
3318,7,538,907,854,2299,1.8625489343192692,0.015976863280081088,617,I didn’t know there would be an orientation video.
4325,8,560,987,907,2454,1.858598207008965,0.015347650127227577,617,It's not really eternal - if you watch closely it's a forty-five minute loop.
3249,9,1171,1523,1846,4540,1.8513215859030836,0.011896892851073527,617,I hear the 1% get real fire...
8131,10,823,1191,1355,3369,1.84208964084298,0.013584727459569946,617,This is boring as hell.
3238,11,1156,1720,1917,4793,1.84122678906739,0.011337278779907235,617,"No, only the Catholics have real flames. We’re all Episcopalians."
4795,12,612,866,1025,2503,1.8349980023971235,0.01582767818444009,617,Is it wrong to say you look hot?
576,13,227,303,379,909,1.8327832783278328,0.026522063682153766,617,He wants to make Hell great again.
1304,14,560,765,939,2264,1.8325971731448762,0.0167389930206048,617,"Good news! If this were hell, they'd be showing Fox News."
6094,15,836,1221,1434,3491,1.8287023775422515,0.01333823390128651,617,"This is it? Well, I'll be damned!"
5116,16,1076,1473,1830,4379,1.8278145695364238,0.01203366308664486,617,I guess it didn't really matter if I had on clean underwear after all.
4508,17,979,1634,1766,4379,1.8202786024206439,0.01165355371680629,617,"No, you ask him to change the channel."
7777,18,1093,1175,1849,4117,1.8163711440369201,0.012861662579695083,617,They've been making due with this ever since the place froze over in 2016.
2004,19,741,1157,1364,3262,1.8090128755364807,0.013663875201474098,617,"One channel, one show, no remote, welcome to hell!"
6952,20,1051,1466,1898,4415,1.808154020385051,0.011957723539142404,617,So this is ironic... last week I was standing next to a fire and watching naked people on TV.
6697,21,582,675,1057,2314,1.7947277441659464,0.01697077447210849,617,It's a live feed from the White House.
4056,22,639,983,1257,2879,1.7853421326849601,0.014588209094252751,617,It gets worse. In February they start showing reruns of The Apprentice.
6923,23,223,363,447,1033,1.7831558567279768,0.024143766326826466,617,Sometimes he changes the channel to Hannity
6559,24,844,1404,1734,3982,1.7764942240080361,0.012250612236968024,617,We only get two stations. Fire and Brimstone.
444,25,658,873,1290,2821,1.7759659695143566,0.015068919970108292,617,"Did you give to the Trump campaign, too?"
6618,26,863,1227,1735,3825,1.7720261437908498,0.012807347108109645,617,We're all Congressional staff. White House is two circles down.
3411,27,831,1171,1687,3689,1.7679587964217944,0.013056762050279848,617,The last thing I remember was accepting a White House appointment.
7177,28,258,363,535,1156,1.7603806228373702,0.023328423353366393,617,666 channels and nothing is on.
6091,29,433,802,1000,2235,1.7463087248322147,0.016068397447720772,617,"So this is hell - a 15-inch screen, rabbit ears and no clicker!"
1136,30,638,967,1405,3010,1.7451827242524918,0.014282504310570843,617,The cable guy said he'd be here between now and eternity.
5636,31,716,1089,1597,3402,1.7410346854791299,0.013423541155396675,617,Well the ride in the hand basket was fun
2024,32,246,462,588,1296,1.7361111111111112,0.021051163502717646,617,In heaven they have flat screens.
3237,33,377,726,918,2021,1.7323107372587827,0.016785105869984364,617,"Wow, turns out stealing cable IS a big deal."
3501,34,474,927,1180,2581,1.7264626113909338,0.014811662359284583,617,I can never tell the news from the weather.
4160,35,760,1005,1714,3479,1.7257832710549008,0.013521957009789448,617,"...and then, when he said, 'You have a choice: It's either the flames of hell, or Fox News', well, that was a no-brainer."
8080,36,210,365,515,1090,1.7201834862385321,0.02321378926883514,617,Hell hath no cable.
130,37,523,820,1276,2619,1.7124856815578464,0.015192159970651096,617,Wish I hadn't pulled the tag off our mattress.
4339,38,372,793,1024,2189,1.7021470991320238,0.01584052399588723,617,In heaven they have flat screens.
4637,39,575,1102,1569,3246,1.693776956253851,0.013215444630930235,617,The irony is that I'm here for stealing cable.
1422,40,616,919,1595,3130,1.687220447284345,0.01394596163341689,617,"And after this, we have to watch 14 seasons of The Apprentice."
1358,41,550,964,1491,3005,1.686855241264559,0.01390884451668762,617,"So, you're a lawyer too?"
6727,42,396,595,1036,2027,1.6842624568327578,0.017305862330798373,617,There sure are a lot of white people down here!
5623,43,532,960,1476,2968,1.6819407008086253,0.013925849027068544,617,666 channels and nothing to watch.
8091,44,349,805,1073,2227,1.674898967220476,0.015471570384147296,617,The Bible made this sound a lot worse.
234,45,430,763,1216,2409,1.6737235367372354,0.015477112245798367,617,"When I first got here, we could only listen to the fire on the radio."
4940,46,26,48,75,149,1.6711409395973154,0.06204314471922767,617,I really hate it when they give everything away in the previews.
7343,47,169,300,482,951,1.6708727655099895,0.02462813646106819,617,At least it's a dry heat.
7999,48,324,536,907,1767,1.6700622524052067,0.018244006292782444,617,"This is purgatory. Down there, they show reruns of The Apprentice."
1805,49,479,855,1372,2706,1.6699926090169992,0.014581412706953253,617,It's either this or the PBS pledge drive.
4968,50,356,742,1103,2201,1.6606088141753748,0.015778208963978885,617,"Nine circles of hell, and we get stuck in the one without cable."
2357,51,393,755,1191,2339,1.658828559213339,0.015487715985013641,617,"Yes, but its a dry heat."
3005,52,394,693,1189,2276,1.6507029876977153,0.01587741571996246,617,Do we really need a 24 hour weather station down here?
1462,53,304,540,942,1786,1.6427771556550952,0.01787037383262058,617,"If one more person says, “At least it’s not FOX.”...."
2471,54,297,554,942,1793,1.6402677077523704,0.01770311516864211,617,This training video is taking an eternity.
3160,55,273,369,788,1430,1.6398601398601398,0.020699072218105127,617,The Devil Wears Nada.
1862,56,205,371,655,1231,1.6344435418359058,0.0214322051726195,617,I'd sell my soul for Netflix right now....oh wait....
4599,57,200,304,606,1110,1.6342342342342342,0.02311108413395241,617,"""And it only plays Fox news""."
3481,58,150,280,493,923,1.628385698808234,0.02461292973462243,617,"Hey, at least it's not Hannity."
5571,59,266,389,821,1476,1.6239837398373984,0.02008560723574117,617,Do you believe he can make Hell great again?
7466,60,232,421,771,1424,1.6214887640449438,0.019856887422318538,617,He makes us watch this fire safety video once a year.
3422,61,211,452,744,1407,1.621179815209666,0.01951117379064434,617,"No, we're in Purgatory. This is just a trailer."
1219,62,137,240,453,830,1.619277108433735,0.02612703154281638,617,Cool! They have Hell-To-Pay-Per-View.
5113,63,216,402,731,1349,1.6182357301704966,0.02031388564981585,617,"Yes, but its a dry heat."
7224,64,120,278,441,839,1.6174016686531585,0.024964692857437375,617,Back in the old days we had real fire.
7036,65,222,380,733,1335,1.6172284644194757,0.02064989366898313,617,This orientation video is taking forever.
8045,66,112,257,414,783,1.6143039591315453,0.025861469121305273,617,I've seen this episode before. It doesn't end well.
6065,67,214,355,706,1275,1.6141176470588234,0.021201423139112024,617,"Yes, I'm sure we're in hell--black and white, no cable, one channel, and no remote."
225,68,213,348,701,1262,1.613312202852615,0.021348655380786213,617,It becomes hell when they switch to Trump's press conference.
25,69,107,301,433,841,1.6123662306777646,0.024197422324621572,617,"On the plus side, there's no ads."
3315,70,184,360,645,1189,1.6122792262405383,0.021455795133749265,617,I'd kill again for a recliner.
4088,71,219,299,689,1207,1.6106048053024027,0.022317060948025488,617,"In the 9th circle, I hear it's just ""Hannity"" on a loop."
6483,72,188,335,645,1168,1.6087328767123288,0.021907630535940272,617,It's the weather report.
929,73,207,302,668,1177,1.6083262531860663,0.022398811373239978,617,"There's only one channel, but liberals see Fox, and conservatives see MSNBC."
2174,74,213,279,668,1160,1.6077586206896552,0.02285923950767401,617,I don't understand...all I did was vote for Donald Trump.
5611,75,157,389,611,1157,1.6076058772687987,0.02100033994196162,617,"Yeah, it's hot, but I've heard the second season is even hotter."
8038,75,207,289,661,1157,1.6076058772687987,0.022710814164653786,617,It’s pretty much just this and Hannity.
7286,77,110,202,385,697,1.60545193687231,0.028226259974932166,617,He's trying to reduce his carbon footprint.
5421,78,154,360,592,1106,1.6039783001808319,0.021644380536834207,617,I think the only way to get through this is to imagine everybody with their clothes on.
5694,79,149,342,573,1064,1.6015037593984962,0.022112603617761815,617,False idols. And you?
2135,80,158,316,579,1053,1.6001899335232668,0.02265749575861277,617,One channel and no remote? This is really Hell.
81,81,178,263,592,1033,1.5992255566311713,0.023804386688594626,617,At least it's not Fox News.
5770,82,162,266,562,990,1.595959595959596,0.023966282415869334,617,So television really is the tool of the devil
7275,83,76,149,282,507,1.593688362919132,0.03269892759101259,617,These timeshares are always a scam.
1816,84,162,238,548,948,1.5928270042194093,0.02481516251382454,617,The only programming we get down here is Fox News and the eternal fire. We leave it on the fire.
2948,85,164,229,548,941,1.59192348565356,0.02505558562581831,617,"If I’d known that this is all it amounts to, I would’ve killed your mother right off the bat."
5441,86,148,253,527,928,1.5915948275862069,0.02459106547921971,617,I knew we shouldn't have removed the mattress tag.
390,87,105,252,425,782,1.5907928388746804,0.02556152628442212,617,Is this it or are we in the waiting room?
867,88,150,248,530,928,1.5905172413793103,0.024689713956975837,617,"Well, what do you know. It turns out that Hell was fake news!"
375,89,152,241,530,923,1.590465872156013,0.02488970694833573,617,"Well, I'll be damned!"
2743,90,123,259,477,859,1.5878928987194412,0.024822313759787853,617,Do you dare me to tell him we’ll get better reception if he raises that pitchfork a bit?
4825,91,152,219,519,890,1.5876404494382022,0.025628043407960092,617,"They use to show us FOX News, but even they thought that was cruel and unusual punishment."
644,92,109,265,451,825,1.5854545454545454,0.024803596104947277,617,It's hotter in HD.
6249,93,132,233,486,851,1.5840188014101058,0.02551041558345774,617,Dante would be so embarrassed.
4996,94,133,223,483,839,1.5828367103694876,0.025854886473848575,617,We've done it this way since it froze over.
7821,95,128,229,476,833,1.582232893157263,0.025724144049606813,617,What’s the point of a fire-safety video?
7851,96,101,241,421,763,1.5806028833551768,0.02582618066444274,617,Boy I hate these workplace training videos.
427,97,111,245,449,805,1.5801242236024844,0.02541585733091071,617,"Of course, everyone has the option to upgrade to Premium Hell."
1517,98,111,231,443,785,1.5770700636942676,0.02592332574477023,617,Typical. 9 Circles of Hell and nothing on.
3500,99,134,173,460,767,1.57496740547588,0.0278421789338292,617,The Devil Wears Nada.
6382,100,123,184,443,750,1.5733333333333333,0.02764987613890809,617,We’re waiting for Sarah Huckabee Sanders to take the podium.
6775,101,125,174,442,741,1.572199730094467,0.028048440610495644,617,"This is just the weather channel. If you complain, they send you down to watch political coverage."
2266,102,92,216,396,704,1.5681818181818181,0.026847519389029618,617,Orientation videos are a waste of time.
2431,103,82,231,384,697,1.5667144906743184,0.026284345193893107,617,"I hate being the devil's advocate, but I am kind of chilly."
4814,104,102,188,402,692,1.5664739884393064,0.027964700115766496,617,Is that Morgan Freeman's voice?
1190,105,94,197,390,681,1.565345080763583,0.02770099359245753,617,You expected real flames? There are way too many lawyers down here for that kind of liability!
1328,106,96,192,392,680,1.5647058823529412,0.027890119184185953,617,We only get local stations
542,107,89,190,376,655,1.5618320610687022,0.028141530722383096,617,I’ll be damned. Hell really is having 500 channels with nothing worth watching.
6145,108,95,168,377,640,1.559375,0.029160116216137656,617,"With all the Comcast employees down here, you'd think we'd get better reception."
7585,108,78,202,360,640,1.559375,0.027697918018484452,617,I understand this is just until the boiler gets fixed.
64,110,85,175,360,620,1.5564516129032258,0.029011912315458844,617,Another scorcher tomorrow.
2495,111,94,155,368,617,1.5559157212317667,0.02992343026602821,617,"On the bright side, half the people here are from the cable company."
5708,112,85,169,357,611,1.5548281505728314,0.02934325626428298,617,They said we’d only need to listen to the talk for an hour before we had full access to the resort.
1620,113,88,158,357,603,1.5538971807628523,0.029921521311212777,617,"When they really want to punish us, they switch it to White House press conferences."
8027,113,81,172,350,603,1.5538971807628523,0.029269960401973577,617,Before we get started please observe a short video which will help you discover that there is no nearest exit.
7460,115,71,193,341,605,1.5537190082644627,0.028243999888880333,617,"I don't know about you, but standing naked with a bunch of strangers while watching the news go up in flames is not my worst day."
3656,116,93,147,362,602,1.553156146179402,0.030419816965450788,617,I guess the Devil wears nada.
1056,117,100,133,370,603,1.5522388059701493,0.03101135966156396,617,I knew if we voted for him we'd all go to hell.
6471,118,78,172,344,594,1.5521885521885521,0.02932353162551864,617,"The Meet Up Group read, 'hot, nude, adult entertainment.' I think I had something else in mind."
1116,119,89,147,353,589,1.5517826825127334,0.030570696601212664,617,The picture looks like hell.
3490,120,76,165,334,575,1.551304347826087,0.029857842338253227,617,We're literally in virtual hell.
5557,121,77,168,340,585,1.5504273504273505,0.029571857733716796,617,These welcome videos take an eternity.
5542,122,85,149,346,580,1.55,0.030556254876017135,617,I can’t believe we all used to work at the White House.
5472,123,87,137,343,567,1.5485008818342152,0.031300604859293306,617,This is just a commercial. Hannity's next.
2090,124,82,148,339,569,1.5483304042179262,0.03071590426487236,617,I always took it as hyperbole when customers used to say there is a certain place in hell for people who run cable companies.
602,125,74,162,330,566,1.547703180212014,0.030020892593357853,617,The only other channel is brimstone.
3616,126,69,170,324,563,1.547069271758437,0.029614964975674455,617,"Ever the optimist, Carl pointed out that they were dressed perfectly for the climate."
1472,127,76,154,330,560,1.5464285714285715,0.030478384938349687,617,At least it’s not the Kardashians.
1420,127,76,154,330,560,1.5464285714285715,0.030478384938349687,617,He keeps it tuned to world news to show us how good we have it down here.
1801,129,94,115,346,555,1.545945945945946,0.03254066350290284,617,Break’s over. Ten years of Fox News coming up.
2664,129,89,125,341,555,1.545945945945946,0.03203702987141105,617,"Get ready everybody, He’s on his way to make Hell great again."
7657,131,95,111,346,552,1.5452898550724639,0.03278239666337699,617,It only plays Fox News.
5185,132,73,150,321,544,1.5441176470588236,0.030839571400999816,617,Hell! Another rerun!
6580,133,64,169,313,546,1.543956043956044,0.029754349019315562,617,"I knew it would be bad, but I never dared imagine rabbit ears."
2754,134,76,140,322,538,1.5427509293680297,0.03143673967886916,617,It's still better than Fox news
131,135,72,146,317,535,1.5420560747663552,0.031127085315277574,617,"Ironically, I’m here for watching videos of naked people."
4014,136,82,124,326,532,1.5413533834586466,0.032374938994431,617,Cheer up. One level below us all they have to watch is Hannity.
5137,136,72,144,316,532,1.5413533834586466,0.031262408893171556,617,I hear heaven has a flat-screen.
5410,138,63,154,302,519,1.5394990366088632,0.030794323067212845,617,Apparently it's better for the environment.
7268,138,93,94,332,519,1.5394990366088632,0.034226740234774566,617,Is this your first Trump rally?
5879,140,67,147,307,521,1.5393474088291748,0.031183374458301983,617,I bet they have a flat screen in heaven.
2857,141,70,138,308,516,1.5387596899224807,0.0317702772461928,617,Jerry Falwell was wrong about a lot if things.
6162,141,76,126,314,516,1.5387596899224807,0.03247318026615182,617,"Turns out, there is a special place for all who ignored the final PBS pledge drive."
4888,143,69,136,305,510,1.5372549019607844,0.031938063451029466,617,"A crowd gathers to watch the ever-popular ""Face The dam-Nation."""
3276,143,67,140,303,510,1.5372549019607844,0.0316959142941989,617,Maybe if he turned his trident a skosh to the left?
4118,143,77,120,313,510,1.5372549019607844,0.03288883630092605,617,That's why they call it Hell. We only get Fox News here.
6887,146,63,144,296,503,1.536779324055666,0.03153270291328093,617,I'd sell my soul for the remote. Again.
5401,147,75,122,310,507,1.5364891518737673,0.03280456351294932,617,It only plays Fox News.
2544,148,57,149,286,492,1.5345528455284554,0.031283260684609224,617,This orientation is taking an eternity.
250,149,80,104,310,494,1.534412955465587,0.03408325292818761,617,The other channel is Fox News.
4707,150,76,113,307,496,1.534274193548387,0.03349285744932605,617,One day you're working for Fox News and then suddenly....
8136,151,84,92,312,488,1.5327868852459017,0.034900483785407936,617,It's all fake news since hell froze over.
3263,152,61,136,288,485,1.531958762886598,0.03215808797752951,617,"I’m really not supposed to be here, I’m an agnostic."
3024,153,62,131,287,480,1.53125,0.03254535203541752,617,There's no remote. What else do you need to know about Hell?
6095,153,57,141,282,480,1.53125,0.03187015139757551,617,At least there are no pledge drives...
4932,155,60,133,284,477,1.530398322851153,0.03243118989115283,617,These overflow rooms never really capture the mood.
5294,155,62,129,286,477,1.530398322851153,0.03270166949091422,617,What did I miss?
5108,157,55,130,268,453,1.5298013245033113,0.03299026029915342,617,"Somehow, it never seems real until you see it on TV."
3055,158,68,111,288,467,1.5289079229122056,0.0340532557145398,617,Not so bad. I thought we’d have to watch Fox.
7534,159,61,123,280,464,1.5280172413793103,0.0332587885612525,617,At least it's not tuned to Fox News.
5530,159,58,129,277,464,1.5280172413793103,0.032836233285554475,617,Didn't think I would be staring at a screen all day down here too.
4041,161,58,126,275,459,1.5272331154684096,0.033106341460660986,617,Guess who owns the media.
4876,162,52,135,268,455,1.5252747252747252,0.03244557003740629,617,"I expected fire and brimstone, but never fake news."
340,163,61,110,272,443,1.5237020316027088,0.03445875124640218,617,Fox News: Giving hope to the damned since 2016.
6058,163,65,102,276,443,1.5237020316027088,0.03504657335393359,617,At least he doesn't make us watch Sean Hannity.
7057,165,68,97,280,445,1.5235955056179775,0.03535728927110682,617,He's trying to reduce his carbon footprint.
780,166,50,134,263,447,1.523489932885906,0.03257147606237985,617,I hate orientation.
852,166,66,102,279,447,1.523489932885906,0.03494872081019113,617,If this is really hell they'd be showing 'Apprentice' reruns.
3661,166,60,114,273,447,1.523489932885906,0.03407669399675896,617,It's just not the same as being there.
38,169,53,125,264,442,1.5226244343891402,0.03330975831271339,617,"Yep, every channel."
6777,170,59,109,268,436,1.5206422018348624,0.03458177386335547,617,You'd think with the corporate tax cuts they could afford a flat screen down here.
59,171,60,103,266,429,1.5198135198135199,0.03516741350056627,617,"So far, it's just been 4,000 years of waiting for the cable guy."
546,172,68,88,275,431,1.519721577726218,0.03625350995008776,617,"Oh look, FOX news."
4466,172,51,122,258,431,1.519721577726218,0.033628268565494675,617,"If I’m being honest, this is actually one of the better orientation videos I’ve seen. But then again ... being honest isnt really my thing."
4280,174,46,128,250,424,1.5188679245283019,0.03321344160589851,617,I suppose this means we're not going to get internet down here either.
2646,175,49,123,254,426,1.5187793427230047,0.0335960181339361,617,"Well, the training video seems relatively straightforward."
3033,176,58,103,262,423,1.5177304964539007,0.03523507071781362,617,We’re singe watching.
6056,176,51,117,255,423,1.5177304964539007,0.034103980298498156,617,"Nothing's ever on, but I hear we're getting Cosby soon."
7090,176,49,121,253,423,1.5177304964539007,0.033773854707925655,617,That reminds me - did you turn off the stove?
6044,179,52,121,262,435,1.5172413793103448,0.0335593289415667,617,"Great, another time share presentation that will last an eternity."
2385,180,54,108,256,418,1.5167464114832536,0.034906272702289076,617,I thought there’d be more tattoos.
5580,180,50,116,252,418,1.5167464114832536,0.034242540452635195,617,I didn’t think there’d be an orientation.
154,182,50,114,251,415,1.5156626506024096,0.03442833826017442,617,Showing a safety video before we enter seems like overkill.
973,182,64,86,265,415,1.5156626506024096,0.03671894877077221,617,We get 187 channels. But they're all Fox News.
3019,182,61,92,262,415,1.5156626506024096,0.03624029388599647,617,Fox 24-7 and no remote.
3697,182,43,128,244,415,1.5156626506024096,0.033223863616686534,617,It could be worse - at least we're not on the phone with the cable company.
6641,182,43,128,244,415,1.5156626506024096,0.033223863616686534,617,"It's just like everything else these days - instead of actually burning in hell, you experience it on reality T.V."
4691,187,50,110,248,408,1.5147058823529411,0.03487012675840444,617,Season five seems like it goes on for eternity.
4204,188,43,125,242,410,1.5146341463414634,0.03351976169022926,617,"The guy with the pitchfork has the remote, but try getting it from him."
1748,188,52,107,251,410,1.5146341463414634,0.035084403236762644,617,Have you noticed that no one here has a tattoo?
5518,190,55,99,253,407,1.5135135135135136,0.03579111729051531,617,Before the cutbacks the flames were real.
2098,191,60,85,255,400,1.5125,0.03712215660866426,617,"Well, I was right. Hell IS watching Fox News."
4726,192,42,122,238,402,1.5124378109452736,0.03382515276314493,617,I'm more bothered than I am hot.
2454,193,58,88,253,399,1.5112781954887218,0.036854992889392854,617,Is this your first Trump rally?
3589,193,50,104,245,399,1.5112781954887218,0.035461755488384754,617,"Eternal damnation I can handle, but no cable is just plain cruel."
514,195,56,88,248,392,1.510204081632653,0.037011443672768374,617,Oh No. Not the pledge drive again.
4211,195,57,86,249,392,1.510204081632653,0.03718730509841325,617,God IS merciful! I thought I was going to have to watch Trump.
866,197,52,93,242,387,1.5090439276485788,0.03665594331151089,617,I was the president's former press secretary. What are you in here for?
5318,197,47,103,237,387,1.5090439276485788,0.035731158817132,617,"If I knew there was no cable, I would have led a better life."
453,199,50,98,241,389,1.5089974293059125,0.03614790831831479,617,I used to make orientation videos like this. Now I see why I'm down here.
174,200,46,107,238,391,1.5089514066496164,0.035272346616157954,617,We only get the weather channel.
3383,201,55,86,245,386,1.5077720207253886,0.037274471224766625,617,It’s what we get for watching Fox.
6527,202,47,100,236,383,1.5065274151436032,0.03601149475631114,617,"If this is all they've got, we might as well get back to sinning."
7579,202,40,114,229,383,1.5065274151436032,0.03465743641811244,617,"Apparently, that’s the forecast for the rest of eternity."
1039,202,48,98,237,383,1.5065274151436032,0.036200797421357386,617,Brimstone is on after this
6334,202,48,98,237,383,1.5065274151436032,0.036200797421357386,617,First time at Burning Man?
4461,206,50,90,236,376,1.5053191489361701,0.037091927368385895,617,"How ironic. Lots of nudity, but no cable."
8120,206,54,82,240,376,1.5053191489361701,0.037849024618265885,617,"When the sponsor break is over, it goes back to Fox News."
299,208,43,105,230,378,1.5052910052910053,0.03558846834273799,617,"I know, it really feels like you're there."
3604,208,47,97,234,378,1.5052910052910053,0.036368627498910844,617,"You think this is bad, wait until he switches to the news."
4586,210,44,99,228,371,1.5040431266846361,0.03628641390551477,617,I told you it was one of those timeshare scams.
21,211,49,90,234,373,1.5040214477211795,0.03712513033207737,617,It's not the same as being there.
5340,212,40,109,226,375,1.504,0.03519682371020129,617,"No, it's not the orientation video...This IS Hell..."
6134,212,56,77,242,375,1.504,0.038301180036088484,617,It’s the fork! Perfect picture everytime he stands there.
5062,214,46,98,233,377,1.5039787798408488,0.03624737699790067,617,I guess we all thought hot singles in your area meant something very different.
1599,215,49,86,231,366,1.5027322404371584,0.03766296453836874,617,I'm actually good with this. You know upstairs they are watching Sean Hannity.
1119,216,42,98,223,363,1.5013774104683195,0.03646700852962427,617,"Great, another ""fireside chat."""
5336,216,47,88,228,363,1.5013774104683195,0.03749590293583685,617,This is the 8th circle. In the 9th circle you have to deal with the cable company.
4408,218,56,71,238,365,1.5013698630136987,0.03911266617529616,617,"No remote, no cable, and just one local station? I'll be damned."
5718,218,55,73,237,365,1.5013698630136987,0.038919753540190644,617,So you voted for him too huh...
4792,220,35,109,214,358,1.5,0.035326834384226916,617,"According to the orientation video, it’s a dry heat."
2081,220,32,117,213,362,1.5,0.03438399663626696,617,I bet you never thought you'd miss your cable company.
28,222,42,94,221,357,1.4985994397759104,0.03692127047790443,617,"I know we lied, but setting our pants on fire seems petty."
549,222,40,98,219,357,1.4985994397759104,0.03649256020396334,617,Looks like another day of record temperatures.
7171,224,50,76,227,353,1.498583569405099,0.038923151000654035,617,"This or Fox News, your choice."
3357,225,45,86,223,354,1.497175141242938,0.037794333414785566,617,Brimstone comes on after this.
1269,226,47,81,224,352,1.4971590909090908,0.03838021598992149,617,At least we're not watching the Kardashians for eternity.
2115,226,42,91,219,352,1.4971590909090908,0.03731090187191197,617,"Everyone's relieved when they first arrive, but after it a while it gets to be as boring as hell."
7546,226,46,83,223,352,1.4971590909090908,0.03816874982555112,617,I bet the One Percenters get to burn in HD.
7903,226,41,93,218,352,1.4971590909090908,0.03709334013415249,617,"The hottest places in Hell are now reserved for Congress, so it's standing room only in the waiting lounge."
2428,230,41,91,217,349,1.495702005730659,0.0373296339750141,617,Is anyone else a little cold?
6206,230,43,87,219,349,1.495702005730659,0.03776819289687837,617,And next month it's 'The Apprentice'.
5048,232,38,96,213,347,1.4956772334293948,0.0368170561833927,617,"This really isn't my idea of ""Making Hell Great Again""."
7926,232,42,88,217,347,1.4956772334293948,0.037711110644217616,617,I don’t know why we even bother. The 7-day forecast has not changed in forever.
5773,234,42,86,216,344,1.494186046511628,0.03795625241696957,617,"Great, another one of his crappy home movies..."
4416,234,45,80,219,344,1.494186046511628,0.03862030557474681,617,Spoiler alert.
774,234,56,58,230,344,1.494186046511628,0.040963170306458165,617,"Here, we only get flames. For Fox News, you need to go down more levels."
342,237,39,90,211,340,1.4941176470588236,0.037604413639379185,617,"This is a commercial. Otherwise it's Fox News, 24 /7."
3820,237,39,90,211,340,1.4941176470588236,0.037604413639379185,617,"With all the billionaires down here, you'd think they'd spring for a plasma."
7638,237,46,76,218,340,1.4941176470588236,0.03918617664650471,617,"No, the TRULY damned are in the real hell. We're VIRTUALLY damned."
587,240,36,95,208,339,1.4926253687315634,0.03698452400413596,617,"The regular guy is out sick, so we're just watching a video today."
5582,241,46,73,216,335,1.492537313432836,0.03963044760267224,617,It's a repeat.
6932,242,41,82,211,334,1.4910179640718564,0.03857165653543323,617,I’ve seen this one. Everyone dies in the end.
550,243,30,103,199,332,1.4909638554216869,0.036069806424777515,617,Better reception than I expected.
1347,243,37,89,206,332,1.4909638554216869,0.03779455971801511,617,It will be a cold day in hell before we get cable down here.
7222,245,35,92,203,330,1.490909090909091,0.03747495891354348,617,Who the hell voted for the weather channel?
55,246,38,86,207,331,1.4894259818731117,0.03811845337318203,617,"It could be worse, I hear in the next Circle down they have to watch Fox News!"
362,246,47,68,216,331,1.4894259818731117,0.04022196390593107,617,This is just the preview for us new arrivals. In real Hell he makes you watch Fox News.
4771,246,41,80,210,331,1.4894259818731117,0.038832286204381214,617,That's it? I should have had more fun.
6320,249,43,74,210,327,1.489296636085627,0.03966432697071382,617,"I expected fire and brimstone, but “FOX and Friends” is overkill."
5507,250,32,95,199,326,1.4877300613496933,0.03705166733548938,617,Don’t you think we can skip the instructional video? We all know why we are here.
5106,250,42,75,209,326,1.4877300613496933,0.03951701328880469,617,The only other option was Fox News.
5860,250,37,85,204,326,1.4877300613496933,0.03830417987379013,617,Look on the bright side—it's not PowerPoint.
3597,250,40,79,207,326,1.4877300613496933,0.03903640200994461,617,I think the book is better.
4743,250,36,87,203,326,1.4877300613496933,0.03805697527538006,617,These cooking shows are all the same.
5886,250,38,83,205,326,1.4877300613496933,0.03854979927958703,617,"No, it's just the orientation video."
2333,256,47,64,213,324,1.4876543209876543,0.04088688015781805,617,Could be worse. Could be FOX News.
5139,257,33,91,198,322,1.4875776397515528,0.03764130714147018,617,There are certain advantages to being in the overflow section.
6202,257,52,53,217,322,1.4875776397515528,0.04224343674899093,617,They usually just make us watch Fox News.
4873,259,39,76,202,317,1.4858044164037856,0.03961265252019751,617,I hear in Heaven they get Netflix.
5720,259,37,80,200,317,1.4858044164037856,0.039105382258112484,617,"Purgatory isn’t that bad, in Hell they have commercials."
1053,261,35,83,198,316,1.4841772151898733,0.03867933400153088,617,He’s reducing his carbon footprint.
5004,261,38,77,201,316,1.4841772151898733,0.039450832111238565,617,It used to be a loop of Trump's inauguration.
7241,261,41,71,204,316,1.4841772151898733,0.04020752951545619,617,Make Hell Great Again
7950,261,26,101,189,316,1.4841772151898733,0.03626650041568026,617,The real torture is that they hide the batteries for the remote
7652,265,33,85,194,312,1.483974358974359,0.03851260454162187,617,I think you're hot.
1303,266,35,78,194,307,1.482084690553746,0.03951057072933186,617,"""You're fired"" takes on a whole new meaning here, huh?"
2853,266,40,68,199,307,1.482084690553746,0.040835448560887735,617,The cable guy's supposed to be here sometime between 8am and eternity.
3118,266,34,80,193,307,1.482084690553746,0.039240227667474877,617,That’s the point; there is no remote.
3908,266,26,96,185,307,1.482084690553746,0.0370064536492902,617,"If the Bible had said there would be no remote for the TV, I'd have been in church every Sunday."
2446,270,30,86,188,304,1.480263157894737,0.03840804363106106,617,"We've been ordered to watch re-runs of ""The Apprentice""."
6251,271,38,69,196,303,1.4785478547854785,0.040704267311882335,617,I hate these timeshare presentations.
4082,271,31,83,189,303,1.4785478547854785,0.0387794010449316,617,The First Circle gets cable.
940,271,32,81,190,303,1.4785478547854785,0.03906018990850444,617,"Fox canceled it, but Hell picked it up for another season."
183,271,39,67,197,303,1.4785478547854785,0.040971866782976374,617,I thought the devil wore Prada.
4199,275,37,70,194,301,1.478405315614618,0.04063581530645226,617,Who has the remote?
5358,275,33,78,190,301,1.478405315614618,0.03953069577751484,617,Do you find the laugh track a little creepy?
207,277,42,58,198,298,1.476510067114094,0.042296349775398534,617,The channel changer is in heaven.
7938,277,34,74,190,298,1.476510067114094,0.04010240017822148,617,One channel? This IS hell.
2033,279,39,62,193,294,1.4761904761904763,0.04191406896925582,617,Could be worse. In the next circle they have to watch Fox News.
2445,279,43,54,197,294,1.4761904761904763,0.043007663154717456,617,Its a shame fox is the only channel down here
3312,279,30,80,184,294,1.4761904761904763,0.0393424945129537,617,I could have done without the orientation video.
4786,279,32,76,186,294,1.4761904761904763,0.039928271071220274,617,"If we're good, they let us watch the White House Press briefing."
5811,279,33,74,187,294,1.4761904761904763,0.040217960028504335,617,"It’s been a century, would it kill him to change it to the smoldering ember channel?"
7079,279,33,74,187,294,1.4761904761904763,0.040217960028504335,617,This is the orientation video.
4728,285,36,68,191,295,1.4745762711864407,0.04096711102572188,617,For good intentions. You?
4780,286,29,81,183,293,1.4744027303754266,0.03913871529563112,617,I thought the book was scarier.
2608,286,34,71,188,293,1.4744027303754266,0.040604452276735835,617,"You're lucky, he used to do a PowerPoint."
1635,286,36,67,190,293,1.4744027303754266,0.04117614052548171,617,At least it won’t carry ads for erectile disfunction.
807,286,29,81,183,293,1.4744027303754266,0.03913871529563112,617,"If you wanted cable, you should have led a better life."
613,290,27,83,179,289,1.4740484429065743,0.03891665452163849,617,I never thought I'd find myself praying for commercial breaks.
1057,290,34,69,186,289,1.4740484429065743,0.04102085488959504,617,It's amazing we still get Fox News down here.
5211,290,34,69,186,289,1.4740484429065743,0.04102085488959504,617,And that's the weather forecast forever.
5836,290,29,79,181,289,1.4740484429065743,0.03952928582985614,617,I'm actually relieved. I thought we’d be watching cable news.
7060,290,26,85,178,289,1.4740484429065743,0.03860669345625984,617,I saw this one before. It does not end well.
7545,290,41,55,193,289,1.4740484429065743,0.04302226252290622,617,"You can tell it's Fake Hell. If it were Real Hell, Fox News would be on tv."
1411,296,34,68,186,288,1.4722222222222223,0.04112272387282603,617,Before the budget cuts we used to have real flames.
101,297,28,78,178,284,1.471830985915493,0.03971584606173575,617,Told you they wouldn't have cable.
196,297,24,86,174,284,1.471830985915493,0.03844231101478444,617,Black and white? This really is damnation.
2218,297,30,74,180,284,1.471830985915493,0.04033753840432666,617,The actual fire just made everyone uncomfortable.
2456,297,33,68,183,284,1.471830985915493,0.04125251348344831,617,I bet heaven gets cable.
7847,301,38,57,188,283,1.469964664310954,0.042844313051420196,617,He's worried about his carbon footprint
7221,301,31,71,181,283,1.469964664310954,0.04074567160125187,617,This is just the commercial. Fox News will be back in a minute.
4947,301,28,77,178,283,1.469964664310954,0.0398124030563096,617,If you think this fire safety video is out of date just wait until you see the sexual harassment orientation
2787,301,26,81,176,283,1.469964664310954,0.03917787503645445,617,"If you wanted high def, you should have been a better person."
2612,301,28,77,178,283,1.469964664310954,0.0398124030563096,617,What kind of sin do you have to commit to get a real fire?
1375,301,30,73,180,283,1.469964664310954,0.04043697542922887,617,I’m amazed at the reception we get down here.
795,307,34,64,183,281,1.4697508896797153,0.04187898696956288,617,"With so many lawyers here, HR insist on these health and safety videos."
4337,307,33,66,182,281,1.4697508896797153,0.04157439270945041,617,You think this is hell? Wait until the pledge breaks every ten minutes.
4828,307,33,66,182,281,1.4697508896797153,0.04157439270945041,617,"Is it hot in here, or is it just you?"
5281,310,27,77,175,279,1.4695340501792116,0.03990186761997738,617,At least the Weather Channel is more accurate down here.
6214,311,23,76,162,261,1.4674329501915708,0.04043915648109964,617,He's really been working on lowering his carbon footprint.
3829,312,30,69,177,276,1.4673913043478262,0.04117934068595296,617,At least it's a break from Fox News.
1028,313,24,80,170,274,1.467153284671533,0.039414374901537604,617,The brochure promised it would be someplace really warm with clothing optional.
5290,313,29,70,175,274,1.467153284671533,0.04107528714387866,617,One channel and only a 27 inch screen? This is Hell!
5458,313,40,48,186,274,1.467153284671533,0.04451167259397204,617,It's a nice break from Fox News.
5994,313,27,74,173,274,1.467153284671533,0.04041911315111742,617,The only thing worse than Hell is watching re-runs of Hell.
991,317,32,63,177,272,1.4669117647058822,0.042269530795811784,617,"You can ask, but I think this is the only channel they get."
4136,317,32,63,177,272,1.4669117647058822,0.042269530795811784,617,Look on the bright side - at least its not the golf channel.
5940,319,11,33,74,118,1.4661016949152543,0.06099541687129677,617,It’s an effort to reduce greenhouse gases...
4539,320,26,74,171,271,1.4649446494464944,0.0403986175605405,617,"Even Dante couldn't have imagined this circle of hell: no digital, no remote, and a single channel."
1217,321,30,65,174,269,1.4646840148698885,0.041957739414327164,617,We're toast!
5183,321,31,63,175,269,1.4646840148698885,0.042287045605085095,617,"At Christmas, they put a yule log on."
7533,321,32,61,176,269,1.4646840148698885,0.042613807096438944,617,I should have been suspicious when he promised I’d even get to spend eternity with an old flame.
3918,324,24,76,167,267,1.4644194756554307,0.04013648271910556,617,So who is going to ask if we can change the channel?
5371,324,22,80,165,267,1.4644194756554307,0.039428627522884355,617,"This can't be Hell, there's no commercials."
7906,326,32,60,176,268,1.462686567164179,0.042726097327116346,617,"This would be hell, but for the nudity."
6700,327,27,69,170,266,1.462406015037594,0.0412810985616785,617,Who the Hell's got the remote?
6995,327,23,77,166,266,1.462406015037594,0.0398828010939654,617,"I agree, checking the weather before getting dressed makes sense."
7635,327,25,73,168,266,1.462406015037594,0.04058797187320292,617,I wish we could watch something besides the weather channel
3554,330,26,70,168,264,1.4621212121212122,0.04115882685562473,617,The 'Shopping Network' comes on at 5. That's when the torture really begins.
2317,331,32,57,173,262,1.4618320610687023,0.043453327125856256,617,Rumor has it the ninth circle is watching Trump on FOX twenty-four seven.
5016,331,32,57,173,262,1.4618320610687023,0.043453327125856256,617,It froze over after the election.
6038,331,31,59,172,262,1.4618320610687023,0.04311547489619095,617,It's just the opening graphics. Bill O'Reilly will be on in 60 seconds.
7737,331,32,57,173,262,1.4618320610687023,0.043453327125856256,617,Welcome to the White House!
2344,335,26,61,158,245,1.4612244897959183,0.0434543927945828,617,You're hot.
426,336,27,64,165,256,1.4609375,0.042445426141901874,617,"Wish they would hurry up with the orientation, I’m freezing out here."
992,337,30,60,171,261,1.4597701149425288,0.04288924079800142,617,I'm not sure this orientation video is necessary.
98,338,29,61,169,259,1.4594594594594594,0.04278550651647967,617,It's the same forecast everyday---hotter than hell.
1771,338,33,53,173,259,1.4594594594594594,0.04416243446443292,617,"It’s true, we only get FOX down here."
1989,338,30,59,170,259,1.4594594594594594,0.04313385944197582,617,"It's the Trump Channel, welcome to Hell."
2402,338,16,87,156,259,1.4594594594594594,0.03796717207697326,617,The new fall line-up looks really hot.
4683,338,25,69,165,259,1.4594594594594594,0.04136276729037984,617,I thought virtual hell was just an expression.
4779,338,29,61,169,259,1.4594594594594594,0.04278550651647967,617,"No cable, no flat screen ... this is hell."
4995,338,26,67,166,259,1.4594594594594594,0.04172300061604532,617,The weather channel again?
5973,338,26,67,166,259,1.4594594594594594,0.04172300061604532,617,I can't believe they're making us sit through previews for an eternity
7435,338,28,63,168,259,1.4594594594594594,0.042434293977670026,617,It looks like freezing over is off the table.
8052,338,28,63,168,259,1.4594594594594594,0.042434293977670026,617,How long have you been on the Republican campaign?
1880,348,35,48,174,257,1.4591439688715953,0.04509990323474175,617,I told you Hell would be watching Fox all day.
2258,348,30,58,169,257,1.4591439688715953,0.04338210585436056,617,Thank you for coming to hell. We hope you enjoy this informative preview of eternity.
7002,348,31,56,170,257,1.4591439688715953,0.04373106379958953,617,"I swear to God, if he shows us one more home movie—"
4426,351,34,50,174,258,1.4573643410852712,0.044623286659575254,617,"I hear the next circle down watches ""Hannity."""
359,352,18,81,157,256,1.45703125,0.039046412128285385,617,"Personally, I'm in heaven right now. The reception here is way better than in my old apartment."
1646,352,28,61,167,256,1.45703125,0.04279012560289488,617,Of course there's only one channel--it's hell.
2331,352,27,63,166,256,1.45703125,0.04243062095008225,617,The brilliant part is that we each still get a cable bill.
5885,352,29,59,168,256,1.45703125,0.04314663490949764,617,"He's in a good mood today. Usually, we have to watch C-SPAN."
7300,352,30,57,169,256,1.45703125,0.04350022251570032,617,The Democrats in the catacomb next door have to watch Fox News.
418,357,29,58,167,254,1.4566929133858268,0.0433968247568859,617,On Christmas we get to watch the yule log.
2169,358,27,61,164,252,1.4563492063492063,0.04292030614150323,617,The repair guy gave us a window of noon to eternity.
2279,358,31,53,168,252,1.4563492063492063,0.04436925617370632,617,The other channel runs political ads.
2860,358,29,57,166,252,1.4563492063492063,0.04365079365079366,617,Art imitates afterlife.
2868,358,34,47,171,252,1.4563492063492063,0.04542564863602598,617,When lunch break is over they turn it back to Fox News.
6456,358,26,63,163,252,1.4563492063492063,0.042550359878013436,617,"If we smack it on the side, do you think could get snow?"
7192,358,34,47,171,252,1.4563492063492063,0.04542564863602598,617,"666 channels, and still nothing good on."
8098,358,26,63,163,252,1.4563492063492063,0.042550359878013436,617,"For a guy, not having the remote is really the most painful part..."
4079,365,25,64,162,251,1.454183266932271,0.04228966844145254,617,"This is hell, there is no remote."
2156,365,26,62,163,251,1.454183266932271,0.04266483993698026,617,"Thank god they changed the channel, I really needed a break from all the bad news."
1141,365,32,50,169,251,1.454183266932271,0.04485001255974297,617,"Maybe if we all peed at once..,"
1426,365,29,56,166,251,1.454183266932271,0.04377106460584006,617,Hell of a show.
4647,369,30,53,166,249,1.4538152610441768,0.0443969823021495,617,"After the on-boarding video, I hear it's a continuous loop of Sean Hannity."
5258,369,31,51,167,249,1.4538152610441768,0.04476024634107154,617,"You think this is bad. Wait 'til he switches to ""Hannity."""
8116,369,31,51,167,249,1.4538152610441768,0.04476024634107154,617,Did you work for Comcast too?
3766,372,19,74,154,247,1.4534412955465588,0.04040840494986858,617,"This reminds me of your 50th birthday, most of your friends are here too."
4004,372,19,74,154,247,1.4534412955465588,0.04040840494986858,617,Wanna cool off? I've got a picture of water back at my place.
4987,372,21,70,156,247,1.4534412955465588,0.041214922157064814,617,"Oh, I've seen this inferno thousands of times; it goes on and on for, like, ever."
5206,372,28,56,163,247,1.4534412955465588,0.04392125875682676,617,They call it Hell-a-vision.
6571,372,29,54,164,247,1.4534412955465588,0.04429438203310105,617,What in Hell are we watching?
7790,372,35,42,170,247,1.4534412955465588,0.04647024997947988,617,Fox & Friends will return after a brief word from our sponsor.
6942,378,26,59,160,245,1.453061224489796,0.04342138408139712,617,"Sure, it's hot. But it's a dry heat."
2488,378,27,57,161,245,1.453061224489796,0.043804938088041714,617,I always figured hell’s cable would be set to Fox News
3947,378,34,43,168,245,1.453061224489796,0.046401127554919326,617,"It's black and white and only three channels. Channel 6 FIRE, 66 BRIMSTONE, 666 FOX NEWS"
4174,378,28,55,162,245,1.453061224489796,0.044185162738753475,617,At least we don't have to watch Fox and Friends.
4764,382,24,62,158,244,1.4508196721311475,0.04275986189650184,617,"If you think this is painful, wait until you see the commercials."
6628,382,24,62,158,244,1.4508196721311475,0.04275986189650184,617,So what brings you here?
3378,382,30,50,164,244,1.4508196721311475,0.045064331460015775,617,They call it Fox & Friends.
2656,385,6,29,56,91,1.4505494505494505,0.06492925851581094,617,"Trust me, just keep pretending you are really hot. It beats the alternative."
237,386,25,59,158,242,1.4504132231404958,0.04341026523573193,617,Thank God I remembered my glasses.
886,386,29,51,162,242,1.4504132231404958,0.04496243582208532,617,It’s either this or FOX.
1032,386,26,57,159,242,1.4504132231404958,0.043803464527834235,617,I feel naked without my iPhone.
2712,386,28,53,161,242,1.4504132231404958,0.044579460048889165,617,Shhh... The President is about to welcome us to Trump University Post Graduate School.
2731,386,22,65,155,242,1.4504132231404958,0.042208695756001356,617,I hear in Purgatory they get cable.
3054,386,32,45,165,242,1.4504132231404958,0.046092274466216686,617,"Sorry, this is the only place that would host the 2020 Republican Convention."
4016,386,21,67,154,242,1.4504132231404958,0.04180049785131812,617,"One TV, no cable - this really is hell"
4138,386,29,51,162,242,1.4504132231404958,0.04496243582208532,617,"I knew it, 'hell' is watching reality TV."
4807,386,33,43,166,242,1.4504132231404958,0.04646278233461365,617,I had a feeling watching Fox News would be mandatory here.
5369,386,25,59,158,242,1.4504132231404958,0.04341026523573193,617,I don't get too close because the radiation from those old TV sets can kill you.
3952,396,27,54,159,240,1.45,0.04446332699763643,617,It could be worse; the next circle down is the all Kardashian channel
7833,396,23,62,155,240,1.45,0.04286627384963315,617,The lawyers in the next room say a real fire is too much liability.
2528,398,26,50,151,227,1.449339207048458,0.045917797556210255,617,It’s the Christmas music that really gets to me.
7970,399,24,60,157,241,1.4481327800829875,0.04313157756502228,617,He says we'll get a flat screen when heaven freezes over.
2592,400,27,53,159,239,1.4476987447698744,0.04458991488716859,617,It only gets two channels ... this and Fox News.
3262,400,21,65,153,239,1.4476987447698744,0.04215800592222728,617,I so hate orientation videos.
3851,400,28,51,160,239,1.4476987447698744,0.04498245232713163,617,I hear season 2 is even hotter
6475,400,23,61,155,239,1.4476987447698744,0.042983932797895696,617,"I hear that he's out of brimstone, too."
6546,400,21,65,153,239,1.4476987447698744,0.04215800592222728,617,The worst part is we still have to pay for the bundled phone service.
6562,400,25,57,157,239,1.4476987447698744,0.04379428609087578,617,"I know you're all disappointed, but we're making the switch to a more sustainable method of eternal damnation."
7161,400,25,57,157,239,1.4476987447698744,0.04379428609087578,617,He just hasn't been the same since hell froze over.
175,407,28,49,158,235,1.446808510638298,0.04554834652256637,617,"Quit complaining, at least its not Fox News"
1023,407,29,47,159,235,1.446808510638298,0.04594586075019153,617,"And now, back to 'The Apprentice'"
4558,407,29,47,159,235,1.446808510638298,0.04594586075019153,617,"This is the part where he says, “You’re fired”"
4656,407,27,51,157,235,1.446808510638298,0.045147332388565074,617,"Yeah, it's been like this since we ran out of fossil fuels for the brimstone."
7431,407,26,53,156,235,1.446808510638298,0.04474272424280143,617,"Ironically, it's the Yule Log."
4323,412,25,54,154,233,1.446351931330472,0.044611066326860814,617,You think this is bad? This time last week I was at Mar-a-Lago.
3636,412,28,48,157,233,1.446351931330472,0.04583822905570661,617,"So, this is Trump TV."
3243,412,24,56,153,233,1.446351931330472,0.04419444049619391,617,We got naked for this?
1478,412,25,54,154,233,1.446351931330472,0.044611066326860814,617,Do you have any plans after the show?
1311,412,22,60,151,233,1.446351931330472,0.0433491780161484,617,I always hate the coming attractions.
1268,412,19,66,148,233,1.446351931330472,0.04204943793360231,617,I thought it would be a little more hands on.
2733,418,28,47,157,232,1.4439655172413792,0.045973804280583994,617,I voted for Jill Stein in Michigan. Why are you here?
5816,418,25,53,154,232,1.4439655172413792,0.04473962082450755,617,"Hell, I hate reality TV."
363,420,24,54,152,230,1.4434782608695653,0.04459918269266915,617,Welcome to the United States Immigration Process.
1529,420,21,60,149,230,1.4434782608695653,0.04330323609325053,617,“Naked and Afraid” is quite popular here.
4347,420,28,46,156,230,1.4434782608695653,0.04627068421577308,617,""" Has to be better than a Sarah Huckleberry Sanders News / Press Conference""."
5578,420,24,54,152,230,1.4434782608695653,0.04459918269266915,617,Spoiler Alert: It doesn't get better.
7603,424,20,61,147,228,1.4429824561403508,0.04312606232789439,617,"So, probably no wifi either..."
5527,424,20,61,147,228,1.4429824561403508,0.04312606232789439,617,I would’ve been more diligent if I’d known eternity was without cable.
4854,424,32,37,159,228,1.4429824561403508,0.048203439751418414,617,We’ll have a real one when Trump gets here.
3540,424,23,55,150,228,1.4429824561403508,0.04444981259689663,617,It's not the worst timeshare presentation I've been to.
2632,428,29,39,152,220,1.440909090909091,0.04826414326979194,617,Are all the TVs tuned to Fox?
8031,429,19,62,146,227,1.4405286343612336,0.04279318642142462,617,"I'm going to get some popcorn and forbidden fruit juice, you want anything?"
7990,429,25,50,152,227,1.4405286343612336,0.04544409547448541,617,He's had to give up using fossil fuels.
7376,429,30,40,157,227,1.4405286343612336,0.047540403742398596,617,The only channel we can get is Fox.
7236,429,21,58,148,227,1.4405286343612336,0.04369469617582034,617,This is just the warm up.
5232,429,23,54,150,227,1.4405286343612336,0.04457797823696917,617,I'm just relieved that it's not Fox News
5175,429,27,46,154,227,1.4405286343612336,0.046294011311319674,617,Great. We finally get a TV down here and he leaves it set on the Yule log channel.
1768,429,24,52,151,227,1.4405286343612336,0.04501312007176265,617,"C'mon, rabbit ears? I really am in Hell."
4622,429,28,44,155,227,1.4405286343612336,0.046713170714390795,617,"Oh, Hell. Eternal reruns."
2901,429,23,54,150,227,1.4405286343612336,0.04457797823696917,617,"a nice fire, enjoying it in the nude----this must be heaven."
2113,429,18,64,145,227,1.4405286343612336,0.042335233189384654,617,I hate when the previews give everything away.
1990,429,25,50,152,227,1.4405286343612336,0.04544409547448541,617,At least it's not a White House press briefing.
364,429,26,48,153,227,1.4405286343612336,0.04587102188084946,617,"When we get to the next layer, they read us his tweets."
4878,429,23,54,150,227,1.4405286343612336,0.04457797823696917,617,What! No cable! Oh hell!
3181,442,24,51,150,225,1.44,0.04530321128111066,617,Wait til the millennials get here and don't know what horizontal hold is.
2078,442,24,51,150,225,1.44,0.04530321128111066,617,Heeeyyy ... the women have breasts but none of the men have penises! This MUST be Hell!
5517,444,28,42,153,223,1.4394618834080717,0.04733702304515847,617,"Well, at least it's not ""Roseanne""."
5143,444,24,50,149,223,1.4394618834080717,0.04559821462102695,617,"""I'm going to Korea"" he said. ""What could go wrong"" he said..."
4680,444,22,54,147,223,1.4394618834080717,0.04470345500684396,617,This does seem pretty severe for using my neighbors Netflix account.
3335,444,23,52,148,223,1.4394618834080717,0.04515305120462048,617,Why do we even bother watching the weather channel?
313,448,24,49,148,221,1.4389140271493213,0.045898260714552774,617,This orientation video is so boring. I wish they'd just let us in.
380,448,24,49,148,221,1.4389140271493213,0.045898260714552774,617,He calls it reality TV.
1685,448,28,41,152,221,1.4389140271493213,0.04765702128367852,617,"Considering where we are, I would have expected Fox and Friends."
3594,448,20,57,144,221,1.4389140271493213,0.04406936572732956,617,666 channels and nothin' on.
6870,448,22,53,146,221,1.4389140271493213,0.0449931068733322,617,What’d I miss.
3496,453,20,56,144,220,1.4363636363636363,0.0441959416224663,617,Coming attractions.
5409,453,23,50,147,220,1.4363636363636363,0.04558304791412899,617,"If I had known there was no cable, I would have been a better person."
6268,453,20,56,144,220,1.4363636363636363,0.0441959416224663,617,And we still have to pay $149 a month for it.
6889,456,19,57,142,218,1.4357798165137614,0.044003963721679515,617,What are you doing after orientation?
6242,456,25,45,148,218,1.4357798165137614,0.04679761141439563,617,Hannity's up next!
7929,456,27,41,150,218,1.4357798165137614,0.04769247639181747,617,Six hundred and sixty-six channels and nothing on
4505,456,23,49,146,218,1.4357798165137614,0.04588529790468268,617,"If I knew this was it, I would have cheated on my wife and my taxes."
705,456,24,47,147,218,1.4357798165137614,0.046343699668316564,617,"The damned today are so detached from perdition. Back in the day, we had to stand IN the flames."
4759,456,20,55,143,218,1.4357798165137614,0.04448175759077573,617,Apparently new regulations force them to show us this instructional video before they get to the actual burning.
7874,462,24,46,146,216,1.4351851851851851,0.04665665096299271,617,I hear the Fifth Circle has a flat screen.
7484,462,18,58,140,216,1.4351851851851851,0.04380005874728926,617,Has anyone tried changing the channel?
5658,462,23,48,145,216,1.4351851851851851,0.04619282148717957,617,Wow. Looks like we left Earth just in time.
5523,462,24,46,146,216,1.4351851851851851,0.04665665096299271,617,We're in hell's the remote?
4911,462,26,42,148,216,1.4351851851851851,0.04757074440614428,617,"I heard that in the seventh circle, they have it tuned to Fox News."
4802,462,20,54,142,216,1.4351851851851851,0.04477251155048341,617,No cable and it’s black and white. This place is worse than I thought.
3726,462,22,50,144,216,1.4351851851851851,0.04572428714381832,617,I heard the people upstairs have Netflix.
1000,462,21,52,143,216,1.4351851851851851,0.045250901788519746,617,I honestly thought it would be warmer.
979,462,24,46,146,216,1.4351851851851851,0.04665665096299271,617,And you said there was no way in hell anybody could cancel Comcast.
683,462,21,52,143,216,1.4351851851851851,0.045250901788519746,617,I hate reality shows.
578,462,24,46,146,216,1.4351851851851851,0.04665665096299271,617,You think this is torture? It's just the screensaver before Fox News comes on.
3844,462,17,60,139,216,1.4351851851851851,0.04330564425256714,617,You'd think the the first circle would have better reception.
3236,474,27,39,148,214,1.4345794392523366,0.04835590854506554,617,"I expected no hope, not no cable."
7344,474,26,41,147,214,1.4345794392523366,0.04790007225714549,617,Whoa! I didn't know The New Yorker could show boobs.
5825,474,20,53,141,214,1.4345794392523366,0.04506833820284326,617,Hot and naked? I think I've died and gone to heaven.
2757,474,22,49,143,214,1.4345794392523366,0.046031609208497457,617,"Since they outsourced hell, the punishment hasn't been the same."
74,474,20,53,141,214,1.4345794392523366,0.04506833820284326,617,At least it's a dry heat.
1138,474,21,51,142,214,1.4345794392523366,0.04555251998896268,617,Safety video. Oh he's good.
1014,474,26,41,147,214,1.4345794392523366,0.04790007225714549,617,I was worried it would be tuned to Fox News.
2782,474,20,53,141,214,1.4345794392523366,0.04506833820284326,617,This is it? No clothes. No cable.
2216,482,24,47,148,219,1.4337899543378996,0.04617449512671855,617,You would think the Prince of Darkness could afford a flat screen.
5617,483,20,52,141,213,1.431924882629108,0.04520181191188976,617,It's a prequel to Dante.
4776,483,25,42,146,213,1.431924882629108,0.04758842625429884,617,I would have lived a better life if I knew there was no cable
4050,483,18,56,139,213,1.431924882629108,0.04421110714312261,617,I guess in this case ending up in the overflow room isn't so bad.
3930,483,20,52,141,213,1.431924882629108,0.04520181191188976,617,"Is it just me, or does it seem like this show lasts for an eternity?"
7185,483,26,40,147,213,1.431924882629108,0.04805152667719762,617,He won't get cable—something about Comcast being too evil.
1376,483,20,52,141,213,1.431924882629108,0.04520181191188976,617,"'No cable? Yes, we are in hell'"
1167,483,26,40,147,213,1.431924882629108,0.04805152667719762,617,I should have guessed the first abomination of hell would be an orientation video.
1099,483,20,52,141,213,1.431924882629108,0.04520181191188976,617,I was dying to see this show. Now I’m not so sure.
1668,483,21,50,142,213,1.431924882629108,0.045689109235861176,617,I like it better on screen than in person...
652,492,21,49,141,211,1.4312796208530805,0.045998428658013006,617,I'm just thankful this is my last orientation meeting ever.
970,492,30,31,150,211,1.4312796208530805,0.05022035723941151,617,The rules for these White House press briefings have become humiliating.
1486,492,27,37,147,211,1.4312796208530805,0.04885360444400712,617,"Yes, we’ve been waiting forever for the cable guy to get here."
4412,492,18,55,138,211,1.4312796208530805,0.04450220022564853,617,I knew I’d run into some old flames down here but this is ridiculous.
5234,492,21,49,141,211,1.4312796208530805,0.045998428658013006,617,I hear heaven has HD and flat screens.
5980,492,20,51,140,211,1.4312796208530805,0.0455051524662733,617,"He says this is the largest audience, period."
6597,492,22,47,142,211,1.4312796208530805,0.04648647090319769,617,Welcome to Heck.
7491,492,21,49,141,211,1.4312796208530805,0.045998428658013006,617,...and every day from 6 to 9 he makes us stand here and watch Fox News.
7644,492,18,55,138,211,1.4312796208530805,0.04450220022564853,617,Forecast calls for flame.
7991,492,23,45,143,211,1.4312796208530805,0.0469694423541666,617,"I didn’t see seasons one through six-thousand, but it’s surprisingly easy to follow."
7266,502,20,50,139,209,1.430622009569378,0.0458139136497404,617,We're reducing our carbon footprint.
4999,502,25,40,144,209,1.430622009569378,0.04825917331115232,617,It froze over.
7771,502,25,40,144,209,1.430622009569378,0.04825917331115232,617,A black and white portable with rabbit ears! Welcome to hell.
2520,502,20,50,139,209,1.430622009569378,0.0458139136497404,617,It's a closed circuit feed. The main room is full. Not that I'm complaining.
557,502,18,54,137,209,1.430622009569378,0.04479845347774723,617,For real? The Weather Channel.
3302,502,26,38,145,209,1.430622009569378,0.04873350422070867,617,Breaking News: Global warming is not fake news.
3639,508,24,41,142,207,1.429951690821256,0.048118850248967816,617,"Coincidentally, I think I'm here because of a night a lot like this one."
6427,508,19,51,137,207,1.429951690821256,0.045617027225100866,617,The book's better.
2815,508,17,55,135,207,1.429951690821256,0.04457700014900952,617,All they play down here is election coverage.
7525,508,20,49,138,207,1.429951690821256,0.046128248266555635,617,"Whatever you do, don't fart."
3135,512,28,34,148,210,1.4285714285714286,0.049474009698502915,617,It was this or The 700 Club.
2741,512,23,44,143,210,1.4285714285714286,0.047115128170706164,617,Welcome to orientation.
1429,514,24,40,142,206,1.4271844660194175,0.04827298425135577,617,I hear in the 7th circle of hell they put the flames to accordion music.
3303,514,19,50,137,206,1.4271844660194175,0.04575459019641573,617,I thought there'd be more gays.
7240,514,22,44,140,206,1.4271844660194175,0.04728172601265485,617,I dare you to change it to the Snow Channel
236,517,16,47,122,185,1.427027027027027,0.047642687186267955,617,Casual Fryday.
4312,518,22,43,139,204,1.4264705882352942,0.04761709446508934,617,It really doesn't compare to experiencing it live.
4238,518,20,47,137,204,1.4264705882352942,0.046591816073374925,617,It feels like we’ve had to watch this for an eternity.
3341,518,23,41,140,204,1.4264705882352942,0.04812154263360916,617,I’ve heard the 2nd season sucks.
6958,518,21,45,138,204,1.4264705882352942,0.04710724472049092,617,"Rabbit ears, really?!?! You'd think there'd be at least one cable installer down here."
2550,518,22,43,139,204,1.4264705882352942,0.04761709446508934,617,"In Life, I had 100s of channels to watch and no friends. Now, I have one and I'm surrounded by naked people. Despite eternal damnation, I consider this a win."""
1800,518,23,41,140,204,1.4264705882352942,0.04812154263360916,617,The real punishment is that there's no remote.
1286,518,19,49,136,204,1.4264705882352942,0.046070621277275785,617,What did I miss?
2749,518,19,49,136,204,1.4264705882352942,0.046070621277275785,617,The reception down here is surprisingly good.
1356,526,18,50,134,202,1.4257425742574257,0.04585851356280935,617,He said it might not be the hell we want but it's the hell we all deserve
2358,526,16,54,132,202,1.4257425742574257,0.04477148592321189,617,Too bad we can't clear this place out by yelling 'fire'.
2993,526,22,42,138,202,1.4257425742574257,0.04795871031446099,617,I should have had WAY more fun up there.
7424,526,19,48,135,202,1.4257425742574257,0.04639247701297457,617,Maybe Hell is not being able to change the channel.
3781,530,19,47,134,200,1.425,0.046720326890162256,617,"I asked him to change the channel but all he said was “Hell, no!”"
42,530,16,53,131,200,1.425,0.04507810084596951,617,"Oh no, he's making us watch another one of his crappy home videos."
1683,530,15,55,130,200,1.425,0.04451723171534804,617,"Wow, I wish I'd known we were only in for virtual hell."
2816,533,20,42,131,193,1.4248704663212435,0.04849878860061305,617,It only picks up local programming.
4799,534,18,48,133,199,1.4221105527638191,0.046321110041386095,617,Who knew that the cable companies were owned and operated by Satan.
7076,534,16,52,131,199,1.4221105527638191,0.045212028775634606,617,Rabbit ears! The Time Warner merger must have gone through.
5771,534,19,46,134,199,1.4221105527638191,0.04686580928774082,617,You want HDTV? Where the Hell do yo think you are?
5193,534,20,44,135,199,1.4221105527638191,0.04740425007236786,617,Is this supposed to be actual or virtual Hell?
4767,534,22,40,137,199,1.4221105527638191,0.04846318823995152,617,For how much longer do you think Satan is going to make us watch this Trump press conference?
8065,534,19,46,134,199,1.4221105527638191,0.04686580928774082,617,"Oh I’ve seen it before, it’s the re-run from Hell."
4172,534,17,50,132,199,1.4221105527638191,0.045769928891549586,617,Why did we have to get naked for this?
3660,534,15,54,130,199,1.4221105527638191,0.044647157818612795,617,It's a decent adaptation but I thought the book was better.
3052,534,16,52,131,199,1.4221105527638191,0.045212028775634606,617,It's just the coming attractions.
1759,534,21,42,136,199,1.4221105527638191,0.047936643287283705,617,They're trying to lower their carbon footprint.
53,534,17,50,132,199,1.4221105527638191,0.045769928891549586,617,This is the waiting room. He thinks it's funny.
4297,534,21,42,136,199,1.4221105527638191,0.047936643287283705,617,I hate this episode.
7571,546,20,43,134,197,1.4213197969543148,0.04774801582200197,617,"Trust me, it's better than live."
7511,546,28,27,142,197,1.4213197969543148,0.05190618426052443,617,The Fox and Friends Marathon is next!
6236,546,25,33,139,197,1.4213197969543148,0.05038710011904339,617,We used to wanna watch Fox News. Now we have to.
6029,546,25,33,139,197,1.4213197969543148,0.05038710011904339,617,It will really be hell if they start showing Roseanne re-runs.
2983,546,19,45,133,197,1.4213197969543148,0.04720249618658403,617,Orientation video
4982,546,16,51,130,197,1.4213197969543148,0.045526734345475176,617,Hell Inc. has been ordered to reduce it's carbon footprint.
7831,546,26,31,140,197,1.4213197969543148,0.05089849926176776,617,I heard this is just the warm-up--we watch Fox News for the rest of eternity.
724,546,18,47,132,197,1.4213197969543148,0.046650597826295964,617,We get to watch this whenever this place ‘freezes over.
627,546,15,53,129,197,1.4213197969543148,0.04495426755570375,617,My favorite flame is coming up next! It has a little tinge of green to it.
5764,546,16,51,130,197,1.4213197969543148,0.045526734345475176,617,That's just the coming attraction.
5495,556,23,36,136,195,1.4205128205128206,0.04971979340939826,617,There are a lot more white people here than I was expecting.
6863,556,12,58,125,195,1.4205128205128206,0.04347998184815582,617,"If I had known how backwards the TV programming and technology are down here, I would have thought twice about coveting you."
2473,556,20,42,133,195,1.4205128205128206,0.0480983739263358,617,Do we have to stand through the entire orientation?
5411,559,15,44,117,176,1.4204545454545454,0.048646072583549985,617,"And, he's got the remote for eternity!"
7593,560,17,50,133,200,1.42,0.0455893842884393,617,"No, it's too late to say you believe in global warming now."
289,561,22,37,134,193,1.4196891191709844,0.04955686112478243,617,"At first, Fox News was on, but then the Devil thought it was too much for him."
2499,561,13,55,125,193,1.4196891191709844,0.044386159883506304,617,Honestly? Not the worst house warming party I’ve been to...
2584,561,19,43,131,193,1.4196891191709844,0.04789535871141771,617,I thought I was safe. I voted for Hilary.
3612,561,21,39,133,193,1.4196891191709844,0.04900928604246791,617,It'll be a cold day in hell before we get cable.
5261,565,19,45,134,198,1.4191919191919191,0.047011676160371565,617,There's a special place in Hell for hogging the remote.
6599,565,17,49,132,198,1.4191919191919191,0.04590805342757487,617,It's nice to have a break from the brimstone channel.
873,567,18,44,130,192,1.4166666666666667,0.04747860116256264,617,Zenith. How ironic.
7870,567,16,48,128,192,1.4166666666666667,0.04631568335589659,617,Don't tell me how it ends.
6321,567,19,42,131,192,1.4166666666666667,0.04804950665895232,617,It was either this or reruns of The Apprentice.
4821,567,20,40,132,192,1.4166666666666667,0.048613708066590766,617,I knew it! All RERUNS!
3700,567,22,36,134,192,1.4166666666666667,0.04972290876058771,617,"So listen up! All that ""fire and brimstone"" stuff -- fake news."
3601,567,17,46,129,192,1.4166666666666667,0.04690074675885967,617,Because real flames are a fire hazard.
2591,567,16,48,128,192,1.4166666666666667,0.04631568335589659,617,The word is we're getting cable when hell freezes over.
926,567,16,48,128,192,1.4166666666666667,0.04631568335589659,617,"Remember when you said......""it would be a cold day in hell."
3645,575,13,36,100,149,1.4161073825503356,0.053109949253230496,617,Next time let ME pick the resort.
7949,576,21,37,132,190,1.4157894736842105,0.04954615286463248,617,The other channel is brimstone.
7723,576,26,27,137,190,1.4157894736842105,0.05228092602823728,617,I hear that in the Ninth Circle it's Fox and Friends 24-7
7375,576,19,41,130,190,1.4157894736842105,0.048409004106795404,617,I brought the marshmallows. Just need to borrow his fork.
4966,576,19,41,130,190,1.4157894736842105,0.048409004106795404,617,Hell froze over a while back and the reception has been terrible ever since.
609,580,15,48,125,188,1.4148936170212767,0.04638431481967617,617,Brimstone comes on next.
3167,580,14,50,124,188,1.4148936170212767,0.04576696808677472,617,It gets worse. This is just orientation.
4164,580,18,42,128,188,1.4148936170212767,0.0481889255077944,617,I didn't expect an orientation video.
5685,580,17,44,127,188,1.4148936170212767,0.047594991839066236,617,I heard the price of real fire and brimstone has gone through the roof.
7625,580,17,44,127,188,1.4148936170212767,0.047594991839066236,617,"Well, at least Hannity's not on."
3945,585,19,39,128,186,1.413978494623656,0.0491495993154933,617,It's only heaven if you were Norwegian.
8134,585,16,45,125,186,1.413978494623656,0.04734253052562927,617,At least it's not Fox & Friends.
7206,585,11,55,120,186,1.413978494623656,0.044166752232093535,617,These orientation videos are always so predictable.
4178,585,21,35,130,186,1.413978494623656,0.05031827094017778,617,Where's Donald?
2247,585,20,37,129,186,1.413978494623656,0.04973736775947577,617,Trump decided all the TVs have to play Fox News.
1698,585,14,49,123,186,1.413978494623656,0.046098480658634935,617,At Christmastime there's a log on the fire.
1430,585,16,45,125,186,1.413978494623656,0.04734253052562927,617,"I know it's just an orientation video, but I pictured things being much more hellish."
2872,585,18,41,127,186,1.413978494623656,0.04855471629106424,617,"In heaven, they have flat screen tvs and cable."
4306,593,16,29,103,148,1.412162162162162,0.05584847883483093,617,Do you think God knows that Satan is using His Netflix account?
1275,594,11,48,111,170,1.411764705882353,0.046893199667082774,617,At least they let me keep my Glasses...
3174,595,13,27,89,129,1.4108527131782946,0.05886976813598464,617,Isn't this Scandinavian heaven?
6846,596,15,46,124,185,1.4108108108108108,0.04686981569556909,617,Whaddya say we skip the orientation and just go straight in?
6447,596,14,48,123,185,1.4108108108108108,0.0462387847672938,617,Should I ask him to change the damned channel?
7163,596,20,36,129,185,1.4108108108108108,0.04990542712209848,617,We got naked to watch this?
7078,596,17,42,126,185,1.4108108108108108,0.04810705183751756,617,Don’t forget the camera adds 400 degrees.
5698,596,21,34,130,185,1.4108108108108108,0.05049065322234974,617,I'm so glad that we can get Fox News down here.
4625,596,18,40,127,185,1.4108108108108108,0.04871388757919137,617,I liked the book better.
3430,596,17,42,126,185,1.4108108108108108,0.04810705183751756,617,Isn't that our old Zenith?
2611,596,13,50,122,185,1.4108108108108108,0.045599022030912324,617,"Don’t worry, these orientation videos always make things out to be way worse than they really are."
2058,596,12,52,121,185,1.4108108108108108,0.04495015465596457,617,You come here often?
1966,596,20,36,129,185,1.4108108108108108,0.04990542712209848,617,Even in Hell you can't escape the news from the White House.
14,596,17,42,126,185,1.4108108108108108,0.04810705183751756,617,The cable repair window is between 8 am and eternity.
4125,596,19,38,128,185,1.4108108108108108,0.04931325632787383,617,Wait until you see the Brimstone channel!
899,608,18,35,120,173,1.4104046242774566,0.05115327822579655,617,"Is it hot down here, or is it you?"
1506,609,17,41,125,183,1.4098360655737705,0.048474691179218994,617,Really? Virtual Hell?
7592,609,25,25,133,183,1.4098360655737705,0.05319952638828212,617,It's Fox News 24-7.
5817,609,17,41,125,183,1.4098360655737705,0.048474691179218994,617,Everybody naked and watching tv instead of an orgy? What kind of hell is this?
4923,609,15,45,123,183,1.4098360655737705,0.047219669674473934,617,Seriously ? A review of fire safety regs for new arrivals !
4395,609,15,45,123,183,1.4098360655737705,0.047219669674473934,617,"Oh, really? I worked for Fox News too!"
3786,609,20,35,128,183,1.4098360655737705,0.05029854278258943,617,"The cable guy is scheduled to arrive between 9 a.m. and eternity. Until then, we only get public access channels."
3643,609,18,39,126,183,1.4098360655737705,0.04909017137164792,617,Wait...you worked at Fox too?
1104,609,17,41,125,183,1.4098360655737705,0.048474691179218994,617,"Only one channel, this really is hell."
3376,609,15,45,123,183,1.4098360655737705,0.047219669674473934,617,How can the heat wave be 'breaking news' every day?
7905,609,11,53,119,183,1.4098360655737705,0.04460381421647701,617,Things sure have changed since Roger Ailes arrived.
969,609,15,45,123,183,1.4098360655737705,0.047219669674473934,617,"Just our luck, a hemorrhoid commercial on a loop for all eternity."
688,609,15,45,123,183,1.4098360655737705,0.047219669674473934,617,I hate these mandatory HR trainings.
612,609,16,43,124,183,1.4098360655737705,0.04785129511876918,617,"Welcome to the ""Hell For Dummies"" workshop."
3510,609,15,45,123,183,1.4098360655737705,0.047219669674473934,617,I heard it's been renewed for another ten million seasons.
8122,609,19,37,127,183,1.4098360655737705,0.049698029796711965,617,"It could be worse.... in the 3rd Circle, they make them watch Fox News 24/7!"
6070,624,18,38,125,181,1.408839779005525,0.04947417068714564,617,No! I did NOT touch your ass!
6593,624,17,40,124,181,1.408839779005525,0.0488498332748003,617,And then the Brimstones are on at 8.
5536,624,18,38,125,181,1.408839779005525,0.04947417068714564,617,"He said reruns of ""The Apprentice"" start in half an hour."
7528,624,20,34,127,181,1.408839779005525,0.05069978573515758,617,"It's a sting. The invitation said ""swingers"" weekend."
7290,624,15,44,122,181,1.408839779005525,0.047576585654770555,617,I dare you to change the channel
5209,624,14,46,121,181,1.408839779005525,0.04692700873016184,617,It's really hell when you don't have cable.
7158,624,18,38,125,181,1.408839779005525,0.04947417068714564,617,Heaven has cable.
4374,624,17,40,124,181,1.408839779005525,0.0488498332748003,617,"I'll be damned, I always thought this is where Fox News was born."
4364,624,16,42,123,181,1.408839779005525,0.04821741238153239,617,I can't believe it's only Monday--feels like an eternity.
3698,624,19,36,126,181,1.408839779005525,0.05009072688019065,617,Be grateful; I hear in the ninth circle they make them watch THE NEWS.
2448,624,15,44,122,181,1.408839779005525,0.047576585654770555,617,Damned right this is hell. That's a Sony Trinitron from 1996.
2283,624,14,46,121,181,1.408839779005525,0.04692700873016184,617,"Including my last marriage, this is my second virtual hell."
392,624,17,40,124,181,1.408839779005525,0.0488498332748003,617,"Hey, we're lucky. It's usually Fox & Friends."
5076,624,16,42,123,181,1.408839779005525,0.04821741238153239,617,I really like his devil-may-care attitude.
8014,638,18,35,121,174,1.4080459770114941,0.05091310796732307,617,Analogue?! Now I know it’s hell.
8143,639,16,41,122,179,1.4078212290502794,0.048591048784202055,617,He calls it singe-watching.
7668,639,18,37,124,179,1.4078212290502794,0.04986613499384583,617,"Analog TV and no remote? I guess you're right, we are in hell."
7367,639,17,39,123,179,1.4078212290502794,0.049232720020191655,617,Reality TV...? This really is hell.
5454,639,19,35,125,179,1.4078212290502794,0.05049160442947254,617,It wouldn't be hell without reruns.
5601,639,17,39,123,179,1.4078212290502794,0.049232720020191655,617,I hear they have premium cable in Heaven.
2269,639,18,37,124,179,1.4078212290502794,0.04986613499384583,617,My definition of hell has always been losing the remote
1225,639,22,29,128,179,1.4078212290502794,0.05232317090712259,617,Welcome to Phoenix. Where are you from?
843,639,21,31,127,179,1.4078212290502794,0.05171985610128941,617,"After orientation, do you want to get a drink?"
3922,639,13,47,119,179,1.4078212290502794,0.04661306604413699,617,"'Serves us right for answering that ""free vacation"" robo call.'"
7969,648,14,44,119,177,1.4067796610169492,0.04764344720249893,617,"This must be hell, I've seen this episode like a hundred times."
7233,648,13,46,118,177,1.4067796610169492,0.04696484563957948,617,There's nothing but reality TV down here.
5302,648,11,50,116,177,1.4067796610169492,0.045577341466719795,617,Orientation is always so awkward
4796,648,18,36,123,177,1.4067796610169492,0.050266324740211595,617,"...and, thanks to relaxed EPA regulations, BRIMSTONE IS BACK!"
3116,648,17,38,122,177,1.4067796610169492,0.04962360393502906,617,Somehow I thought watching TV with our clothes off would be more fun.
2639,648,18,36,123,177,1.4067796610169492,0.050266324740211595,617,Im hoping its fake news
5081,648,16,40,121,177,1.4067796610169492,0.048972448704479296,617,"Well, I always did think that whole ""flames of hell"" thing was allegorical."
2046,648,18,36,123,177,1.4067796610169492,0.050266324740211595,617,I TOLD you not to vote for him! Welcome to hell!
1038,648,15,42,120,177,1.4067796610169492,0.048312518012675346,617,You expected more than one channel?
897,648,13,46,118,177,1.4067796610169492,0.04696484563957948,617,Last week they made us watch the news.
611,648,16,40,121,177,1.4067796610169492,0.048972448704479296,617,No high-def? What the hell?
114,648,18,36,123,177,1.4067796610169492,0.050266324740211595,617,"He has the remote, but God has the batteries."
2123,648,15,42,120,177,1.4067796610169492,0.048312518012675346,617,Who knew they'd make you watch a video tutorial on how to suffer eternal damnation?
4972,661,14,43,119,176,1.4034090909090908,0.04779486555639339,617,"So, you're into fashion and high-definition cable TV. Welcome to hell."
7297,661,12,47,117,176,1.4034090909090908,0.04641636611889808,617,Tomorrow's weather forecast.
7126,661,15,41,120,176,1.4034090909090908,0.04846941549563791,617,Black and white. No remote. No cable. This is going to be hell.
6610,661,14,43,119,176,1.4034090909090908,0.04779486555639339,617,Thank Heavens we still get the Weather Channel down here.
6298,661,11,49,116,176,1.4034090909090908,0.04571153004164841,617,"Welcome to a kindler, gentler Hell."
6123,661,14,43,119,176,1.4034090909090908,0.04779486555639339,617,"Well, we know where the remote ISN'T…"
5501,661,19,33,124,176,1.4034090909090908,0.051078610966127924,617,Amazing how far Trump's budget cuts are reaching.
5365,661,12,47,117,176,1.4034090909090908,0.04641636611889808,617,"I always thought the flames of Hell would be painful, but painfully boring might be worse."
5330,661,15,41,120,176,1.4034090909090908,0.04846941549563791,617,He's getting soft ... it is usually Fox News.
4628,661,10,51,115,176,1.4034090909090908,0.0449956543881013,617,It's not working. I still feel cold.
3818,661,12,47,117,176,1.4034090909090908,0.04641636611889808,617,At least we don't have to watch slides from his vacation.
3923,661,17,37,122,176,1.4034090909090908,0.04979110732208026,617,"After seeing the Sistine chapel, this is not at all what I was expecting."
3592,661,21,29,126,176,1.4034090909090908,0.052334449725770255,617,Hopefully this video will answer all your burning questions.
1804,661,13,45,118,176,1.4034090909090908,0.047110658121264394,617,"But in high def, you think you can feel the heat."
1725,661,18,35,123,176,1.4034090909090908,0.05043896740907747,617,I feel like we’ve been watching the same show for an eternity.
1524,661,20,31,125,176,1.4034090909090908,0.05171034290317662,617,The only other channel they get down here is Fox News.
1251,661,14,43,119,176,1.4034090909090908,0.04779486555639339,617,Come here often ?
1025,661,17,37,122,176,1.4034090909090908,0.04979110732208026,617,You're right. It is worse in Washington.
420,661,7,57,112,176,1.4034090909090908,0.04277620505617889,617,Remember how we used to see snow when the signal was bad...
399,661,15,41,120,176,1.4034090909090908,0.04846941549563791,617,"I've seen this show before, believe me it doesn't end well."
4028,661,20,31,125,176,1.4034090909090908,0.05171034290317662,617,Sean Hannity must be on vacation.
7961,682,14,42,118,174,1.4022988505747127,0.04816721990120218,617,It's his new show 'As the World Burns'. It's the hottest thing on Hellavision.
7077,682,15,40,119,174,1.4022988505747127,0.04885204029583663,617,Do you think this was shot on location?
4848,682,16,38,120,174,1.4022988505747127,0.04952739251284409,617,"These old TVs, they only get local stations."
4547,682,18,34,122,174,1.4022988505747127,0.05085119610424008,617,At least we don’t have to hear about Trump’s tweets anymore
1359,682,17,36,121,174,1.4022988505747127,0.05019365873471073,617,It's a repeat.
4604,682,16,38,120,174,1.4022988505747127,0.04952739251284409,617,"Ugh, another time share presentation."
3380,688,13,29,95,137,1.4014598540145986,0.05623420441796927,617,I hope the torture isn’t as medieval as the technology.
4567,689,18,33,121,172,1.4011627906976745,0.05127232257480401,617,At least it’s not Hannity.
7890,689,14,41,117,172,1.4011627906976745,0.048547432869281044,617,Christmas he changes it to the Yule Log Show.
8010,689,17,35,120,172,1.4011627906976745,0.050604857535718896,617,A black and white Zenith with rabbit ears and no remote! What more hell can we endure?
6120,689,16,37,119,172,1.4011627906976745,0.04992847033713384,617,The Devil does not wear Prada - welcome to reality TV
5803,689,9,51,112,172,1.4011627906976745,0.044909419481614206,617,I hear the coffee's still room temperature
5028,689,14,41,117,172,1.4011627906976745,0.048547432869281044,617,Spoiler alert: it gets worse
4363,689,13,43,116,172,1.4011627906976745,0.047841966746706786,617,This show seems like an eternity.
7393,689,15,39,118,172,1.4011627906976745,0.049242793322492394,617,Don't worry. It is fake news!
2943,689,16,37,119,172,1.4011627906976745,0.04992847033713384,617,Have you seen the remote?
2133,689,11,47,114,172,1.4011627906976745,0.04639886712177673,617,You would think he could afford cable.
1871,689,16,37,119,172,1.4011627906976745,0.04992847033713384,617,The first class assholes get rooms with real fire.
1505,689,17,35,120,172,1.4011627906976745,0.050604857535718896,617,This isn't so bad. I'm actually kind of glad I killed my mother-in-law now.
1284,689,13,43,116,172,1.4011627906976745,0.047841966746706786,617,"TV is fine, but it doesn't really capture the live experience, does it?"
1109,689,19,31,122,172,1.4011627906976745,0.051931209481573884,617,Rabbit ears. We really are damned.
4183,689,9,51,112,172,1.4011627906976745,0.044909419481614206,617,It's not eternal... it's just a loop.
23,704,11,46,113,170,1.4,0.0467532718663873,617,And he lets us stay up as late as we want.
530,704,11,46,113,170,1.4,0.0467532718663873,617,"Eh, the book was better"
2416,704,17,34,119,170,1.4,0.05102499677469847,617,Glad we made it out of the US...
5061,704,12,44,114,170,1.4,0.04749191588561783,617,"It doesn't have quite the same effect, but I hear he's saving a fortune on gas."
5715,704,13,42,115,170,1.4,0.04821924635206234,617,I love this scene.
6978,704,19,30,121,170,1.4,0.05237153410400104,617,I TOLD you Fox news was going to burn in hell.
6899,710,16,37,120,173,1.3988439306358382,0.04969316011474871,617,Black and white! Tube! Rabbit ears! Is there no end to their cruelty?
6986,711,14,39,115,168,1.3988095238095237,0.04933249977552187,617,Rabbit ears and analog. We really ARE in Hell!
3975,711,20,27,121,168,1.3988095238095237,0.0534921632641655,617,Don't blame me. I voted for Hillary.
3228,711,16,35,117,168,1.3988095238095237,0.050756945662256796,617,Ive seen this one.
974,711,18,31,119,168,1.3988095238095237,0.05214249257391435,617,All we ever get is the Fireplace Channel.
515,711,15,37,116,168,1.3988095238095237,0.05004979054433272,617,We must be in the overflow room.
5003,716,16,35,118,169,1.3964497041420119,0.05051086921300528,617,Turns out the only actual burning down here is the chlamydia.
8113,717,13,40,114,167,1.3952095808383234,0.04876224534537923,617,I would have been a better person if I knew I’d be stuck watching standard definition for eternity.
6116,717,11,44,112,167,1.3952095808383234,0.04725956873837844,617,Another orientation video? You've got to be kidding me.
6114,717,19,28,120,167,1.3952095808383234,0.053015335257633536,617,It’s still better than ‘Keeping Up With The Karashians’.
6083,717,13,40,114,167,1.3952095808383234,0.04876224534537923,617,I guess we're all about to feel the burn.
5615,717,17,32,118,167,1.3952095808383234,0.05163657655861628,617,The only other channel is Fox News.
5085,717,17,32,118,167,1.3952095808383234,0.05163657655861628,617,I never thought I would miss ads for hemorrhoid cream.
4981,717,14,38,115,167,1.3952095808383234,0.04949647904665218,617,Don't worry. The camera adds 100 degrees.
4926,717,17,32,118,167,1.3952095808383234,0.05163657655861628,617,I love movie night.
4904,717,19,28,120,167,1.3952095808383234,0.053015335257633536,617,It was either this or reruns of The Apprentice.
4710,717,15,36,116,167,1.3952095808383234,0.050219979140859856,617,"Hey, turns out there really is a special place in hell for people who spoil movies!"
8141,717,15,36,116,167,1.3952095808383234,0.050219979140859856,617,I can’t believe we have to watch a safety video first.
4025,717,16,34,117,167,1.3952095808383234,0.050933203038893204,617,"The devil just said, ""What you see on the screen is virtual hell. The real hell is other people."""
3970,717,15,36,116,167,1.3952095808383234,0.050219979140859856,617,I guess they were right. There is a special place in Hell for TV Satellite executives.
2015,717,11,44,112,167,1.3952095808383234,0.04725956873837844,617,"At the risk of sounding ungrateful, I'm a little disappointed."
2298,717,16,34,117,167,1.3952095808383234,0.050933203038893204,617,What's puzzling me is the nature of his game.
2715,717,9,48,110,167,1.3952095808383234,0.04570751692612579,617,Damn it! I've seen this one.
95,717,16,34,117,167,1.3952095808383234,0.050933203038893204,617,"Welcome, contestants, to the final season of ""Survivor'."
271,717,12,42,113,167,1.3952095808383234,0.04801678565075173,617,Why does he always get to choose the channel?
422,717,22,22,123,167,1.3952095808383234,0.055018727476718716,617,I knew Hell would be a timeshare presentation.
1110,717,15,36,116,167,1.3952095808383234,0.050219979140859856,617,"Seriously, the overflow room? The old TV, the crowding. It's all going in my Yelp review."
845,717,12,42,113,167,1.3952095808383234,0.04801678565075173,617,And the phones are rotary.
1482,717,19,28,120,167,1.3952095808383234,0.053015335257633536,617,"No cable, no high-definition, no big screen, no remote. This is hell."
1576,717,16,34,117,167,1.3952095808383234,0.050933203038893204,617,Fancy seeing an old flame here.
1787,717,13,40,114,167,1.3952095808383234,0.04876224534537923,617,"Watching the fireplace channel for eternity may be hell, but it sure beats watching Trump."
1972,717,11,44,112,167,1.3952095808383234,0.04725956873837844,617,"I know his art films seem bad, but trust me, his poetry is the real torture."
2082,717,13,40,114,167,1.3952095808383234,0.04876224534537923,617,The first season was better.
1210,717,17,32,118,167,1.3952095808383234,0.05163657655861628,617,"Wait, everyone here was a Nielsen family? Small world, isn't it!"
4927,744,19,27,119,165,1.393939393939394,0.05347977610372158,617,Could be worse. I heard Circle Nine only gets Fox News.
7448,744,19,27,119,165,1.393939393939394,0.05347977610372158,617,It kinda takes the fun out of all of us being naked.
6627,744,12,41,112,165,1.393939393939394,0.04840162850620269,617,"It’s okay, I guess. I just wish it was more like the book."
4924,744,14,37,114,165,1.393939393939394,0.04990528330815521,617,Isn't this a rerun?
598,744,14,37,114,165,1.393939393939394,0.04990528330815521,617,"Rabbit ear antenna, we must be in Hell!"
2478,744,17,31,117,165,1.393939393939394,0.052079427724288675,617,Network TV and Rabbit Ears! This Is Hell!
760,744,18,29,118,165,1.393939393939394,0.052784245965030126,617,I hate reality TV.
4597,744,16,33,116,165,1.393939393939394,0.05136493903512412,617,Only one channel? This is Hell!
1434,752,15,31,109,155,1.3935483870967742,0.052977356177695535,617,Shortest orientation I've ever seen
4740,753,16,32,115,163,1.392638036809816,0.05180640763462849,617,I didn't think hell would be so... ironic.
7861,753,16,32,115,163,1.392638036809816,0.05180640763462849,617,The program is okay but nobody can act to save their soul.
7456,753,15,34,114,163,1.392638036809816,0.051070182200246374,617,"This is a rerun, the real fire went out centuries ago."
5734,753,17,30,116,163,1.392638036809816,0.052532316092517975,617,No wonder this Airbnb was so cheap.
4791,753,15,34,114,163,1.392638036809816,0.051070182200246374,617,"It may cost me an eternity, but I still say, ""The book was better""."
4554,753,17,30,116,163,1.392638036809816,0.052532316092517975,617,Well I’ll be damned... Rabbit Ears!
6379,753,10,44,109,163,1.392638036809816,0.047217175897883906,617,I think it's a rerun.
4287,753,16,32,115,163,1.392638036809816,0.05180640763462849,617,"Looks like they have Comcast down here, too."
2581,753,15,34,114,163,1.392638036809816,0.051070182200246374,617,"It's worse than I imagined! No color, no sound, no cable."
1962,753,15,34,114,163,1.392638036809816,0.051070182200246374,617,It's fake news — that's all we get down here.
1586,753,12,40,111,163,1.392638036809816,0.04879490161737772,617,"Hi, I'm Phil. I like to think of myself as a devil may care sort of guy."
643,753,17,30,116,163,1.392638036809816,0.052532316092517975,617,I murdered my entire family for this?
243,753,19,26,118,163,1.392638036809816,0.05395484184132212,617,"I can take the heat, but these White House press conferences are murder."
4467,753,12,40,111,163,1.392638036809816,0.04879490161737772,617,"I agree, pledge week is torture."
777,767,13,39,114,166,1.391566265060241,0.04891976307278726,617,I got burned on a similar time-share two years ago.
8101,768,16,31,114,161,1.391304347826087,0.05225795508662071,617,On Tuesdays we get reruns of 'Here Comes Honey Boo Boo'.
7478,768,21,21,119,161,1.391304347826087,0.05584883729854403,617,I sure hope that’s just a TV Yule log !!
4868,768,10,43,108,161,1.391304347826087,0.04759259774921409,617,This is not how I pictured it.
7210,768,17,29,115,161,1.391304347826087,0.05299560001913426,617,"So, it really is just other people."
6698,768,14,35,112,161,1.391304347826087,0.05075051099969022,617,Travelogs always make the place look way better then it is.
6407,768,15,33,113,161,1.391304347826087,0.051509747798668876,617,We're okay. You can tell this is only Purgatory. No advertisements.
5035,768,12,39,110,161,1.391304347826087,0.049196898922839516,617,Due to budget cuts you must watch Hell instead of living in it
4484,768,12,39,110,161,1.391304347826087,0.049196898922839516,617,When I said those fireplace videos were my version of Hell I didn't think anyone was listening.
1590,768,19,25,117,161,1.391304347826087,0.054440914067396526,617,It's The Sean Hannity Show. 24/7 for Eternity.
3685,768,12,39,110,161,1.391304347826087,0.049196898922839516,617,Brimstone is not nearly as frightening in black-and-white.
5,768,14,35,112,161,1.391304347826087,0.05075051099969022,617,I missed last week’s episode; what happened?
2629,768,18,27,116,161,1.391304347826087,0.053723117677037864,617,we're in analog hell...
3046,768,11,41,109,161,1.391304347826087,0.04840139576573482,617,This is the hellfire...Hannity's on at 9:00 for the brimstone.
4274,768,10,43,108,161,1.391304347826087,0.04759259774921409,617,That damn pitchfork is screwing up the reception
3252,768,13,37,111,161,1.391304347826087,0.049979742047922604,617,"Limited channels, but excellent reception."
3282,768,12,39,110,161,1.391304347826087,0.049196898922839516,617,"To be fair it’s his first film, but I agree it’s a little obvious."
3224,768,13,37,111,161,1.391304347826087,0.049979742047922604,617,What do you say we slip out for a cold one?
2037,785,7,50,107,164,1.3902439024390243,0.04453711850334636,617,At least in purgatory we had high definition.
7919,786,12,38,109,159,1.389937106918239,0.04960792835476189,617,"Well, I'll be damned --- the cooking channel!"
7653,786,13,36,110,159,1.389937106918239,0.05040394876942873,617,"Yes, in fact I did play the devil's advocate...I was an attorney for Donald Trump."
7291,786,17,28,114,159,1.389937106918239,0.05346965527428832,617,They say this is the birthplace of reality TV.
6584,786,15,32,112,159,1.389937106918239,0.05195941727301426,617,The screen-saver from Hell
5466,786,12,38,109,159,1.389937106918239,0.04960792835476189,617,Rabbit ears and a CRT? What kind of a hell-hole is this anyways?
5179,786,15,32,112,159,1.389937106918239,0.05195941727301426,617,Damn. Another infernal commercial.
4670,786,17,28,114,159,1.389937106918239,0.05346965527428832,617,"You were a co-host of 'Fox and Friends,' too?"
6457,786,13,36,110,159,1.389937106918239,0.05040394876942873,617,"For $19.95 a month, you get 666 channels."
4102,786,13,36,110,159,1.389937106918239,0.05040394876942873,617,I guess this is the origin of that fireplace log video.
2839,786,15,32,112,159,1.389937106918239,0.05195941727301426,617,The Weather Report says it will be hot as hell tomorrow
2181,786,8,46,105,159,1.389937106918239,0.046287153423505714,617,It's pretty much the same forecast every day.
1953,786,13,36,110,159,1.389937106918239,0.05040394876942873,617,They say the camera adds 10 degrees
1710,786,12,38,109,159,1.389937106918239,0.04960792835476189,617,"You must be new here, we haven't had real fire since 2013. Now we just stream Netflix and and chill."
1072,786,16,30,113,159,1.389937106918239,0.052719944416237965,617,I hear in heaven they're watching The Ten Commandments.
4394,786,10,42,107,159,1.389937106918239,0.047976281263257294,617,"I know this is important, but I wonder if you're busy later."
2304,801,13,25,93,131,1.3893129770992367,0.05792712035255454,617,"They’ve lost some of the ambiance, but it’s much better for air quality."
6570,802,11,39,107,157,1.3885350318471337,0.04920541385484286,617,They do switch to Hannity at 10.
4145,802,15,31,111,157,1.3885350318471337,0.052419557628224894,617,I'm sorry. That really was my hand.
3168,802,11,39,107,157,1.3885350318471337,0.04920541385484286,617,"Look on the bright side, it could be Fox News."
1135,802,9,43,105,157,1.3885350318471337,0.047516882452136394,617,I gotta say the reception down here is better than I expected...
2252,802,11,39,107,157,1.3885350318471337,0.04920541385484286,617,"If you wanted cable, you would have had to lead a much better life."
2129,802,11,39,107,157,1.3885350318471337,0.04920541385484286,617,Cutbacks.
7178,802,11,39,107,157,1.3885350318471337,0.04920541385484286,617,"I heard that, in the 5th circle, they let you watch the flames from an app on your phone."
2570,802,13,35,109,157,1.3885350318471337,0.0508378932223059,617,"I don't want a timeshare either, but we don't get the buffet tickets until after the presentation."
72,810,11,40,109,160,1.3875,0.04855417450266476,617,..I thought this would be a more immersive experience.
7669,810,11,40,109,160,1.3875,0.04855417450266476,617,At least the news is the same down here.
8026,812,16,31,116,163,1.3865030674846626,0.0517256213654816,617,"I get the whole eternal damnation thing, but does Satan really need to hog the remote?"
2579,813,13,35,110,158,1.3860759493670887,0.05057492850291102,617,It's hell when he controls the remote
6843,813,19,23,116,158,1.3860759493670887,0.055150497038333635,617,How did I know that they would only get FOX news?
282,815,9,24,76,109,1.385321100917431,0.061008982701100924,617,I hate reality programming.
7432,816,14,34,113,161,1.3850931677018634,0.050664920270924924,617,"The real torture? He keeps repeating that ""hell-evision"" joke."
4039,817,16,28,112,156,1.3846153846153846,0.05338929430324382,617,It’s better than watching Fox.
7817,817,18,24,114,156,1.3846153846153846,0.054916688884855104,617,"Since Hell froze over on November 8, 2016, there are only fake flames."
7169,817,8,44,104,156,1.3846153846153846,0.04678368154269225,617,"Now that it's frozen over, do you think they'll give us coats?"
7000,817,14,32,110,156,1.3846153846153846,0.051816896610283394,617,I bet in heaven it's a flat screen.
6919,817,11,38,107,156,1.3846153846153846,0.04936447929943576,617,I love movie night.
5307,817,14,32,110,156,1.3846153846153846,0.051816896610283394,617,An analog TV and only one channel? These guys are damned good at this Hell thing.
5018,817,14,32,110,156,1.3846153846153846,0.051816896610283394,617,Rabbit ears? This MUST be Hell.
7654,817,16,28,112,156,1.3846153846153846,0.05338929430324382,617,Apparently the only other channel is Fox News.
3879,817,13,34,109,156,1.3846153846153846,0.05101252579888596,617,"I'm going to ask him if we can put the game on, just this once."
2516,817,13,34,109,156,1.3846153846153846,0.05101252579888596,617,I didn't sin as much as I did just to end up watching shitty tv.
1301,817,16,28,112,156,1.3846153846153846,0.05338929430324382,617,Welcome to hell for millenials!
810,817,14,32,110,156,1.3846153846153846,0.051816896610283394,617,Thank God. We are finally free of all the Religious nut jobs.
512,817,12,36,108,156,1.3846153846153846,0.05019526673346018,617,At least there are no commercials.
503,817,12,36,108,156,1.3846153846153846,0.05019526673346018,617,At least now I know why they let me keep my glasses.
333,817,12,36,108,156,1.3846153846153846,0.05019526673346018,617,At least it's commercial-free.
198,817,17,26,113,156,1.3846153846153846,0.05415837638017942,617,Having to watch Sarah Huckabee Sanders and Kellyanne Conway for Eternity....Why do you think they call this HELL
3814,817,10,40,106,156,1.3846153846153846,0.04851946857258052,617,On Tuesdays we get to watch paint dry.
2433,834,10,33,95,138,1.3840579710144927,0.05276894838329535,617,"That concludes the orientation. Please exit on the left into the flames, and remember: don't swim in the lake of fire after eating."
7001,835,16,27,111,154,1.3831168831168832,0.05387776923898438,617,I heard the book's better
4992,835,14,31,109,154,1.3831168831168832,0.05227857249889311,617,I bet they have a flat screen in heaven.
5305,835,11,37,106,154,1.3831168831168832,0.04978354978354979,617,You know what's worse? The remote's missing.
3802,835,11,37,106,154,1.3831168831168832,0.04978354978354979,617,"Well, at least it's not reruns of ""The Apprentice"""
5962,835,14,31,109,154,1.3831168831168832,0.05227857249889311,617,This is hell - analog tv with no remote!
6608,835,12,35,107,154,1.3831168831168832,0.050628887671711635,617,Have I missed anything?
5796,835,8,43,103,154,1.3831168831168832,0.04715670170379113,617,"Due to funding cuts, eternal torment has been outsourced to Capita."
2696,835,14,31,109,154,1.3831168831168832,0.05227857249889311,617,I hate documentaries.
2054,835,9,41,104,154,1.3831168831168832,0.048048277319836886,617,It's just a preview of coming attractions.
2575,835,17,25,112,154,1.3831168831168832,0.05465982488073728,617,Why are waiting room televisions always tuned to Fox News?
2695,835,10,39,105,154,1.3831168831168832,0.048923607708626374,617,"Hell is apparently now on earth, so they are providing us with video."
462,835,14,31,109,154,1.3831168831168832,0.05227857249889311,617,Hannity's coming on.
709,835,12,35,107,154,1.3831168831168832,0.050628887671711635,617,Doesn't he know this would be more evil on Facebook live-stream?
1846,835,13,33,108,154,1.3831168831168832,0.051460341086106386,617,The commercials are worse.
2429,835,10,39,105,154,1.3831168831168832,0.048923607708626374,617,It appears we're in Hell's green room
1790,835,11,37,106,154,1.3831168831168832,0.04978354978354979,617,"Yes, it's PBS. But, it could have been reruns of The Apprentice!"
2154,851,9,42,106,157,1.3821656050955413,0.04741826550227909,617,"Ugh, I've seen this safety video a thousand times."
5740,851,13,34,110,157,1.3821656050955413,0.050745730584523654,617,It’s either this or FOX.
8090,853,12,34,106,152,1.381578947368421,0.05107267845279518,617,I thought the Trump Channel was only on cable.
8075,853,13,32,107,152,1.381578947368421,0.051918752489666826,617,Talk about the orientation from hell.
7757,853,11,36,105,152,1.381578947368421,0.05021235016011432,617,"Uh-oh, it's a cooking show."
6508,853,12,34,106,152,1.381578947368421,0.05107267845279518,617,Do you still think watching the promotional video for a free stay was a good idea?
3041,853,10,38,104,152,1.381578947368421,0.04933702192939149,617,"I know I shouldn't complain, but I was expecting something more interactive."
1151,853,16,26,110,152,1.381578947368421,0.05437804692433624,617,"Yes, this is hell. Heaven has a flat screen with 600 channels of cable."
276,853,14,30,108,152,1.381578947368421,0.052751258144464776,617,I found this tour on Groupon.
69,853,10,38,104,152,1.381578947368421,0.04933702192939149,617,"I knew this was going to be avant-garde, but Jerry, give me one good reason why we're naked."
571,861,10,34,98,142,1.380281690140845,0.051674965934241146,617,I heard he's trying to lower his carbon footprint.
5213,862,14,29,107,150,1.38,0.05323536864034032,617,Black and white TV? Now I know we're in hell!
5692,862,13,31,106,150,1.38,0.05238815720809384,617,I heard the previews last forever.
5693,862,10,37,103,150,1.38,0.049760050641262696,617,It’s perpetually Episode 1 Season 1. Get used to it.
5717,862,13,31,106,150,1.38,0.05238815720809384,617,Did I miss anything?
2547,862,12,33,105,150,1.38,0.05152701773872595,617,It's either this or Fox News.
6538,862,12,33,105,150,1.38,0.05152701773872595,617,Apparently hell means no diversity.
7265,862,14,29,107,150,1.38,0.05323536864034032,617,The first circle is just black and white.
7283,862,13,31,106,150,1.38,0.05238815720809384,617,The Weather Channel is monotonous here.
7734,862,11,35,104,150,1.38,0.05065123985090596,617,It's not so much the heat as the humidity
7744,862,14,29,107,150,1.38,0.05323536864034032,617,"If I'd known this was all it was going to be, I'd have killed a LOT more people."
5959,862,17,23,110,150,1.38,0.05569973833073056,617,I assume he doesn't realize that this is less torturous than 24 hours of Fox News.
5159,862,14,29,107,150,1.38,0.05323536864034032,617,Please watch this safety video before we proceed to the river Styx.
2127,862,14,29,107,150,1.38,0.05323536864034032,617,"It's nice, but I miss the searing heat."
3921,862,14,29,107,150,1.38,0.05323536864034032,617,It's nice to get some news from the world above.
4218,862,15,27,108,150,1.38,0.05406930675425666,617,It's the Weather Channel.
61,862,9,39,102,150,1.38,0.048852606698190144,617,There's a 30 minute orientation on fire and brimstone followed by a hot lunch.
317,862,11,35,104,150,1.38,0.05065123985090596,617,"We're ""virtually"" burning in hell..."
663,862,15,27,108,150,1.38,0.05406930675425666,617,He signed on to the Paris Climate Accord.
115,862,15,27,108,150,1.38,0.05406930675425666,617,It's true . . . I always hated those fake fireplaces
1906,862,10,37,103,150,1.38,0.049760050641262696,617,It'll be an eternity until they upgrade to cable.
1910,862,12,33,105,150,1.38,0.05152701773872595,617,"I don’t know about you, but I was expecting real flames"
2116,862,8,41,101,150,1.38,0.04792798475416087,617,I hear they have cable upstairs.
2195,862,14,29,107,150,1.38,0.05323536864034032,617,I saw this one in the theaters. You don't see the end coming.
1222,862,10,37,103,150,1.38,0.049760050641262696,617,"It's Lucifer's remake of the classic ""Some Like It Hot"""
7702,886,16,20,101,137,1.3795620437956204,0.05872864699823437,617,"12” screen, rabbit ears and only 1 channel; this really is hell!"
6959,887,9,40,104,153,1.3790849673202614,0.04819277447040354,617,You could say we are comfortably dressed for the occasion.
4829,888,7,39,94,140,1.3785714285714286,0.04911117193599372,617,Things have gotten much better down here since we went virtual.
4850,889,11,34,103,148,1.3783783783783783,0.051100596386336745,617,I've never been a fan of Reality TV.
4732,889,16,24,108,148,1.3783783783783783,0.055415830480337165,617,"Hey, turns out there really is a special place in hell for people who spoil the ending!"
4903,889,12,32,104,148,1.3783783783783783,0.0519923034149914,617,"This is just the warm-up. Next is ""Keeping Up with the Kardashians."""
7748,889,12,32,104,148,1.3783783783783783,0.0519923034149914,617,I think it would look better in color --- just sayin.
6861,889,16,24,108,148,1.3783783783783783,0.055415830480337165,617,"After the safety video, I’ll need you to sign the liability waiver."
7646,889,11,34,103,148,1.3783783783783783,0.051100596386336745,617,"I was expecting fire and brimstone, not ""Fox and Friends."""
6146,889,13,30,105,148,1.3783783783783783,0.0528689727321589,617,Hannity'll be on after the informercial
2837,889,9,38,101,148,1.3783783783783783,0.04926878955611577,617,I found the book to be a lot more compelling.
1950,889,13,30,105,148,1.3783783783783783,0.0528689727321589,617,"Don't worry, these presentations exaggerate everything. I used to sell timeshares."
1783,889,13,30,105,148,1.3783783783783783,0.0528689727321589,617,I love previews!
1601,889,15,26,107,148,1.3783783783783783,0.05458008432082376,617,Rabbit ears? In 2018? Really?
1355,889,10,36,102,148,1.3783783783783783,0.050193050193050204,617,I miss fake news.
1313,889,11,34,103,148,1.3783783783783783,0.051100596386336745,617,Reruns.
818,889,10,36,102,148,1.3783783783783783,0.050193050193050204,617,"""This is hell, it's stuck on the local weather channel""."
813,889,11,34,103,148,1.3783783783783783,0.051100596386336745,617,You gotta give the devil his due. It is more environmentally friendly.
543,889,11,34,103,148,1.3783783783783783,0.051100596386336745,617,And I thought daytime TV was hell.
2814,889,14,28,106,148,1.3783783783783783,0.053731340399351624,617,I guess we're not freezing over anytime soon.
4662,906,8,36,94,138,1.3768115942028984,0.05059980710723712,617,"Ah...to set the mood, I guess..."
3931,907,10,35,101,146,1.3767123287671232,0.050636394945208656,617,"I hear we have to watch all the ads down here, too."
4252,907,15,25,106,146,1.3767123287671232,0.05510363916743573,617,I'm so tired of reality TV
5407,907,14,27,105,146,1.3767123287671232,0.05423963254120916,617,Who would have believed the Scientologists were right?
5704,907,7,41,98,146,1.3767123287671232,0.04775588507376311,617,AND there is no remote control
6151,907,10,35,101,146,1.3767123287671232,0.050636394945208656,617,He waits until we're late into each episode before he spoils the ending.
7604,907,9,37,100,146,1.3767123287671232,0.049694780226474417,617,Last season was way better
7133,907,14,27,105,146,1.3767123287671232,0.05423963254120916,617,It's either this or reruns of Sean Hannity.
7164,907,10,35,101,146,1.3767123287671232,0.050636394945208656,617,"Yes, I heard this happens when you try to get out of your cable contract."
3462,907,12,31,103,146,1.3767123287671232,0.05246895382629879,617,"My cousin on the level below says they're showing season two of ""The Jersey Shore"""
7830,907,13,29,104,146,1.3767123287671232,0.05336163815809851,617,The news doesn't look any different down here.
6370,907,12,31,103,146,1.3767123287671232,0.05246895382629879,617,Who knew my punishment in hell would be watching the burning log channel for eternity?
3140,907,15,25,106,146,1.3767123287671232,0.05510363916743573,617,"Oh great, I've seen this one."
4684,907,13,29,104,146,1.3767123287671232,0.05336163815809851,617,"I heard next week we start getting ""Cosby Show"" reruns."
2800,907,15,25,106,146,1.3767123287671232,0.05510363916743573,617,At least they have FOX News down here....
2671,907,11,33,102,146,1.3767123287671232,0.051560816560026604,617,You were in entertainment litigation? So was I!
2215,907,12,31,103,146,1.3767123287671232,0.05246895382629879,617,Damned if I know.
1933,907,12,31,103,146,1.3767123287671232,0.05246895382629879,617,I wonder what it did to end up down here
1773,907,11,33,102,146,1.3767123287671232,0.051560816560026604,617,This year's Burning Man is on a whole other level
1112,907,13,29,104,146,1.3767123287671232,0.05336163815809851,617,I heard in Purgatory they get Dish TV and HBO.
1008,907,11,33,102,146,1.3767123287671232,0.051560816560026604,617,Can we switch to the airconditioning channel?
761,907,15,25,106,146,1.3767123287671232,0.05510363916743573,617,Steve's cock is smaller than I'd pictured.
736,907,15,25,106,146,1.3767123287671232,0.05510363916743573,617,This really is hell. We liberals get only Fox New forever while the conservatives get all of PBS.
335,907,10,35,101,146,1.3767123287671232,0.050636394945208656,617,"The hellfire is just virtual? Wow, if I'd known that, I would have done a whole lot more sinning."
117,907,13,29,104,146,1.3767123287671232,0.05336163815809851,617,When does the State of the Union address start?
2897,907,12,31,103,146,1.3767123287671232,0.05246895382629879,617,Rabbit ears?!? I knew there was a special place in hell reserved for those!
3392,932,13,30,106,149,1.3758389261744965,0.052574314972969716,617,No cable and no flatscreens. Well... I guess we’re really here.
6654,933,11,33,103,147,1.3741496598639455,0.051272943800614215,617,It's called HELLevision!
3424,933,13,29,105,147,1.3741496598639455,0.05305931290746281,617,Thank goodness we still get Fox News
3112,933,11,33,103,147,1.3741496598639455,0.051272943800614215,617,It's one of their original series.
1922,936,15,22,102,139,1.3741007194244603,0.05710254628196958,617,"Oh, hey Susan."
5228,937,11,32,102,145,1.3724137931034484,0.05173690774679033,617,I haven’t seen rabbit ears for eternity.
8138,937,11,32,102,145,1.3724137931034484,0.05173690774679033,617,And you thought reality TV was hell before we died.
7891,937,11,32,102,145,1.3724137931034484,0.05173690774679033,617,I don't mind the overflow room.
7787,937,10,34,101,145,1.3724137931034484,0.05080277731174612,617,Coming Attractions! Isn't that a little over the top?
7770,937,9,36,100,145,1.3724137931034484,0.04985114584414123,617,Don't you miss marshmallows?
8140,937,12,30,103,145,1.3724137931034484,0.05265446860251198,617,Let's offer him our souls in exchange for cable.
6708,937,12,30,103,145,1.3724137931034484,0.05265446860251198,617,This is the tenth circle of Hell - political junkies. We are condemned to watch local C-SPAN for eternity.
6531,937,10,34,101,145,1.3724137931034484,0.05080277731174612,617,Orientations are Hell.
6344,937,8,38,99,145,1.3724137931034484,0.048880991206815896,617,It's just a preview of coming attractions.
5337,937,11,32,102,145,1.3724137931034484,0.05173690774679033,617,Only the big sinners get to be there in person.
5282,937,14,26,105,145,1.3724137931034484,0.054443217622023164,617,Worst.Timeshare.Promo.Ever.
4482,937,13,28,104,145,1.3724137931034484,0.05355631152745628,617,The commentator said the definition of hell is nudity over forty.
7692,937,10,34,101,145,1.3724137931034484,0.05080277731174612,617,No remote....
3551,937,12,30,103,145,1.3724137931034484,0.05265446860251198,617,"Oh good. We can see ""Fox and Friends"""
353,937,10,34,101,145,1.3724137931034484,0.05080277731174612,617,Reception is good here.
614,937,10,34,101,145,1.3724137931034484,0.05080277731174612,617,"The nudity is a surprise, but it's still hell without a remote."
649,937,16,22,107,145,1.3724137931034484,0.05617503739442482,617,It was this or Fox and Friends.
1097,937,11,32,102,145,1.3724137931034484,0.05173690774679033,617,"A cathode ray TV, of course this is Hell."
1388,937,9,36,100,145,1.3724137931034484,0.04985114584414123,617,"If you think this is hell, just wait for the infomercial!"
3840,937,13,28,104,145,1.3724137931034484,0.05355631152745628,617,"Welcome to Hell. After you finish watching the informative video, you will have a chance to use the sauna."
1469,937,12,30,103,145,1.3724137931034484,0.05265446860251198,617,Finally. He promised he'd be here to install it in 1956.
2497,937,10,34,101,145,1.3724137931034484,0.05080277731174612,617,"Well, at least there are no commercials."
3419,937,15,24,106,145,1.3724137931034484,0.05531590535869408,617,Roseanne is on next.
3475,937,9,36,100,145,1.3724137931034484,0.04985114584414123,617,Orientation is so boring. Let's get started already. Right?
1466,937,14,26,105,145,1.3724137931034484,0.054443217622023164,617,Didn’t I see you at the innaugaration?
5010,962,9,33,95,137,1.3722627737226278,0.05181060406570431,617,I hear there's a hot tub in every room.
7386,963,10,33,100,143,1.3706293706293706,0.05126040808888811,617,"We get real fire only when Hell starts to freeze over. Otherwise, it's just reruns."
5012,963,15,23,105,143,1.3706293706293706,0.05585780803645111,617,"God warned Eve not to get an Apple TV but she just had to get one, didn't she?"
7040,963,10,33,100,143,1.3706293706293706,0.05126040808888811,617,We got him off coal but going solar is gonna be an uphill battle.
3198,963,16,21,106,143,1.3706293706293706,0.056732598872928044,617,24-hour Fox News. Who knew.
4228,963,12,29,102,143,1.3706293706293706,0.053147112338474384,617,They say TV adds 10 degrees.
5632,968,12,30,104,146,1.36986301369863,0.05235475319726407,617,It's not the heat -- it's the morbidity.
5158,969,10,32,99,141,1.3687943262411348,0.05172931213846941,617,Whaaat? Black and white? This is hell!
5279,969,11,30,100,141,1.3687943262411348,0.05269951476923594,617,In heaven you get to change the channel.
5283,969,7,38,96,141,1.3687943262411348,0.04870287842148597,617,Can we move closer? I'm still cold.
5592,969,9,34,98,141,1.3687943262411348,0.05074056179946652,617,I’ve never been a fan of the coming attractions.
6362,969,6,40,95,141,1.3687943262411348,0.04765137189991832,617,Thank Satan we don't have to watch any more cat videos.
6368,969,13,26,102,141,1.3687943262411348,0.054588213948620394,617,It could be worse. They could be showing 'Hannity'.
7096,969,10,32,99,141,1.3687943262411348,0.05172931213846941,617,They were right it did go to hell.
7125,969,13,26,102,141,1.3687943262411348,0.054588213948620394,617,Do you think it would be rude if I asked to change the channel?
7452,969,14,24,103,141,1.3687943262411348,0.05550846984644841,617,Fox News is all they can get here
7470,969,13,26,102,141,1.3687943262411348,0.054588213948620394,617,"Yes, we are in the real Hell, rabbit ears reception on a Black and White TV"
7587,969,13,26,102,141,1.3687943262411348,0.054588213948620394,617,"Another orientation meeting? Boy, this place really is Hell"
8129,969,14,24,103,141,1.3687943262411348,0.05550846984644841,617,The only other two channels are a burning fireplace and Billy Graham.
7029,969,13,26,102,141,1.3687943262411348,0.054588213948620394,617,Rabbit ears? We’re in heaven...Hell has 800 cable channels but nothing’s on....
8012,969,10,32,99,141,1.3687943262411348,0.05172931213846941,617,"This may sound stupid, but I can't help but feel disappointed."
4925,969,13,26,102,141,1.3687943262411348,0.054588213948620394,617,Who here thinks this is fake news?
4862,969,14,24,103,141,1.3687943262411348,0.05550846984644841,617,So ... are you here for eternity ... or ...
4711,969,12,28,101,141,1.3687943262411348,0.05365217590654302,617,"Hey, turns out there really is a special place in hell for people who spoil movies!"
4439,969,12,28,101,141,1.3687943262411348,0.05365217590654302,617,"0h, no --another Oval Office meltdown!"
3349,969,10,32,99,141,1.3687943262411348,0.05172931213846941,617,I dare you to change the channel
2756,969,14,24,103,141,1.3687943262411348,0.05550846984644841,617,This is pure hell. It's the same on every channel.
2533,969,12,28,101,141,1.3687943262411348,0.05365217590654302,617,The only thing worse than Hell is this orientation video.
2496,969,11,30,100,141,1.3687943262411348,0.05269951476923594,617,I heard if Satan doesn't show up in the first 15 minutes you can leave.
2392,969,10,32,99,141,1.3687943262411348,0.05172931213846941,617,The road to hell is paved with fake news.
1589,969,8,36,97,141,1.3687943262411348,0.04973215749524408,617,"Black and White with rabbit ears, this must be hell"
1393,969,10,32,99,141,1.3687943262411348,0.05172931213846941,617,My ministry swindled enough people of their life savings to afford this upgrade. And you?
1103,969,8,36,97,141,1.3687943262411348,0.04973215749524408,617,So the Devil does NOT wear Prada?
878,969,10,32,99,141,1.3687943262411348,0.05172931213846941,617,There's no chance we'll get a snowy picture.
4879,969,11,30,100,141,1.3687943262411348,0.05269951476923594,617,There was a much better selection of channels in purgatory.
7539,997,15,21,103,139,1.3669064748201438,0.056984198908569525,617,It’s Purgatory ... with benefits.
7026,997,12,27,100,139,1.3669064748201438,0.05417015489718928,617,It's the 13495738293584635th season and they will never cancel it.
5783,997,10,31,98,139,1.3669064748201438,0.052209930592511375,617,(Sigh) So it’s true. All they have down here is the Hallmark channel.
1163,997,7,37,95,139,1.3669064748201438,0.049123147382969246,617,Looks like McLuhan was right - the medium is the message.
1074,997,10,31,98,139,1.3669064748201438,0.052209930592511375,617,So it's going to be an eternity of watching the Yule Log channel?
594,997,15,21,103,139,1.3669064748201438,0.056984198908569525,617,Spoiler alert.
5712,997,11,29,99,139,1.3669064748201438,0.053199072050461246,617,Last season was better...
2879,1004,15,22,105,142,1.3661971830985915,0.056075203545290414,617,Firefox. How ironic.
3064,1004,11,30,101,142,1.3661971830985915,0.052391487564083974,617,But it's a dry heat.
3207,1004,11,30,101,142,1.3661971830985915,0.052391487564083974,617,It's the preview of what's next.
7614,1004,11,30,101,142,1.3661971830985915,0.052391487564083974,617,"Just to let you know, the weather reports here are totally predictable."
5957,1008,11,28,98,137,1.364963503649635,0.053711448983492366,617,Notice how they're showing more boobs in The New Yorker?
5054,1008,10,30,97,137,1.364963503649635,0.05270272805985026,617,It’s hell. Only reality TV.
5128,1008,12,26,99,137,1.364963503649635,0.054701571813450464,617,This is a rerun.
5166,1008,12,26,99,137,1.364963503649635,0.054701571813450464,617,I knew it. Eternal Fox news.
5402,1008,12,26,99,137,1.364963503649635,0.054701571813450464,617,"Worse yet, it's reruns."
5663,1008,13,24,100,137,1.364963503649635,0.05567408881892773,617,And now for a brief message from our sponsor.
5743,1008,10,30,97,137,1.364963503649635,0.05270272805985026,617,It's not what I would call 'binge-worthy.'
6031,1008,11,28,98,137,1.364963503649635,0.053711448983492366,617,This is the hottest show on tv.
5047,1008,8,34,95,137,1.364963503649635,0.0506250247509962,617,”It looks so much hotter in the ad”.
6332,1008,17,16,104,137,1.364963503649635,0.05940515965504136,617,I had no idea hell meant I'd have to watch fox news forever.
6339,1008,9,32,96,137,1.364963503649635,0.051674319908391185,617,"It's either this or re-runs of ""The Apprentice""."
6356,1008,13,24,100,137,1.364963503649635,0.05567408881892773,617,We're toast!
6594,1008,12,26,99,137,1.364963503649635,0.054701571813450464,617,The cable installer said he would come when hell freezes over.
6729,1008,10,30,97,137,1.364963503649635,0.05270272805985026,617,The worst part is there’s no remote.
7837,1008,13,24,100,137,1.364963503649635,0.05567408881892773,617,"Reality TV producer? Me, too!"
8020,1008,7,36,94,137,1.364963503649635,0.049553515759057934,617,Must be a preview of coming attractions.
6113,1008,11,28,98,137,1.364963503649635,0.053711448983492366,617,If money is the root of all evil you'd think they could afford HDTV.
4884,1008,8,34,95,137,1.364963503649635,0.0506250247509962,617,"Turns out, the road to hell was paved with bad reality TV."
2515,1008,13,24,100,137,1.364963503649635,0.05567408881892773,617,It's more fuel efficient.
4219,1008,8,34,95,137,1.364963503649635,0.0506250247509962,617,Here comes the safety video
113,1008,11,28,98,137,1.364963503649635,0.053711448983492366,617,No cable or satellite. This really is hell!
367,1008,14,22,101,137,1.364963503649635,0.05662990705248975,617,"Now first, we're going to watch a short video about our sexual harassment policies here."
762,1008,11,28,98,137,1.364963503649635,0.053711448983492366,617,The only show we get is the Hawaiian lava flow.
811,1008,12,26,99,137,1.364963503649635,0.054701571813450464,617,This is Dante's sixth level of hell. They make us watch FOX News.
1127,1008,11,28,98,137,1.364963503649635,0.053711448983492366,617,"You all said ""over hell or high water"" you'd support the president, well, guess what?"
1944,1008,10,30,97,137,1.364963503649635,0.05270272805985026,617,They're working on getting a live feed from the White House.
2128,1008,10,30,97,137,1.364963503649635,0.05270272805985026,617,"First level: black and white. Next level, no remote. Third, remotes for each of us."
318,1008,9,32,96,137,1.364963503649635,0.051674319908391185,617,"We're lucky, I heard that if you were really bad they make you watch ""The View""."
2994,1008,10,30,97,137,1.364963503649635,0.05270272805985026,617,Let's hope this Inferno thing is just one season.
3372,1008,11,28,98,137,1.364963503649635,0.053711448983492366,617,It feels like we’ve been waiting an eternity for the cable guy to show up.
3429,1008,12,26,99,137,1.364963503649635,0.054701571813450464,617,I can deal with the heat. Having to watch Hannity on an endless loop is the real torture.
3514,1008,11,28,98,137,1.364963503649635,0.053711448983492366,617,Who knew that the ads would still be the worst part.
3590,1008,11,28,98,137,1.364963503649635,0.053711448983492366,617,This focus group sucks.
3995,1008,12,26,99,137,1.364963503649635,0.054701571813450464,617,"‘That’s the power of prayer for you,Fox News went to Hell.’"
4054,1008,9,32,96,137,1.364963503649635,0.051674319908391185,617,I remember White House press briefings a bit differently.
4582,1008,11,28,98,137,1.364963503649635,0.053711448983492366,617,Brimstone shortage. It's all digital now.
5426,1044,9,31,95,135,1.362962962962963,0.052158926470433443,617,This isn't the worse part. Wait until you see the commercials.
5449,1044,9,31,95,135,1.362962962962963,0.052158926470433443,617,"When I said I wanted to heat things up in the bedroom, this isn't what I had in mind."
5489,1044,12,25,98,135,1.362962962962963,0.05524697791815144,617,I wonder if they have flat screens in heaven.
5588,1044,14,21,100,135,1.362962962962963,0.05721315590068249,617,Fox and Friends has gone to hell lately.
6086,1044,13,23,99,135,1.362962962962963,0.05623866008896599,617,Better reception than I expected.
6143,1044,12,25,98,135,1.362962962962963,0.05524697791815144,617,An analog TV? What kind of hell is this?
7030,1044,11,27,97,135,1.362962962962963,0.05423716668093172,617,Are you sure this is the right Burning Man?
6465,1044,12,25,98,135,1.362962962962963,0.05524697791815144,617,An eternity of watching the Yule Log on an old Philco. Who knew?
6524,1044,8,33,94,135,1.362962962962963,0.051088113011096226,617,It lowers our carbon footprint.
7301,1044,12,25,98,135,1.362962962962963,0.05524697791815144,617,At least there's no commercials.
7365,1044,8,33,94,135,1.362962962962963,0.051088113011096226,617,Rumor is that it streams live on all 666 channels.
5387,1044,10,29,96,135,1.362962962962963,0.05320819420034499,617,Looks like we only get the Hellmark Channel down here.
6197,1044,11,27,97,135,1.362962962962963,0.05423716668093172,617,It’s the only way he can get Baby Boomers to pay attention.
4773,1044,15,19,101,135,1.362962962962963,0.05817132908597966,617,Looks like Trump stiffed the cable company again.
4709,1044,11,27,97,135,1.362962962962963,0.05423716668093172,617,"I know it's hell, but still...rabbit ears??"
4542,1044,11,27,97,135,1.362962962962963,0.05423716668093172,617,"It gets worse, the only other channel is Fox News."
4404,1044,11,27,97,135,1.362962962962963,0.05423716668093172,617,This is Naked and Afraid. Truth or Consequences is in studio B.
4372,1044,9,31,95,135,1.362962962962963,0.052158926470433443,617,Previews of coming attractions
4322,1044,9,31,95,135,1.362962962962963,0.052158926470433443,617,My wife told me I'd end up here if I kept watching porn videos. Guess I got the last laugh.
4262,1044,10,29,96,135,1.362962962962963,0.05320819420034499,617,One tv station was always my vision of hell.
4098,1044,12,25,98,135,1.362962962962963,0.05524697791815144,617,Art really does imitate life.
2477,1044,11,27,97,135,1.362962962962963,0.05423716668093172,617,Is this Channel 666?
2406,1044,10,29,96,135,1.362962962962963,0.05320819420034499,617,What the hell? Does he ever let anyone else choose what to watch?
2343,1044,13,23,99,135,1.362962962962963,0.05623866008896599,617,They call this hell?!? I used to be in charge of Trump's tweets!
814,1044,6,37,92,135,1.362962962962963,0.04887615627284384,617,At least down here the weather report is accurate.
666,1044,11,27,97,135,1.362962962962963,0.05423716668093172,617,I never pay attention to orientation videos
528,1044,9,31,95,135,1.362962962962963,0.052158926470433443,617,"Well, at least the news is better."
312,1044,12,25,98,135,1.362962962962963,0.05524697791815144,617,Fake news.
230,1044,13,23,99,135,1.362962962962963,0.05623866008896599,617,I hate reality shows.
3980,1073,9,32,97,138,1.3623188405797102,0.051366628445700904,617,I'm late to the orientation - did they already give out the wi-fi password?
295,1073,9,32,97,138,1.3623188405797102,0.051366628445700904,617,He knew about global warming centuries ago.
4479,1075,9,30,94,133,1.3609022556390977,0.05265598496720429,617,When I said those fireplace videos were my vision of Hell I didn't think anybody was listening.
7698,1075,9,30,94,133,1.3609022556390977,0.05265598496720429,617,"And now, your Local on the 8s. Chance of hellfire 100%"
7359,1075,10,28,95,133,1.3609022556390977,0.05372684542590594,617,These orientation videos bore the hell out of me
7318,1075,7,34,92,133,1.3609022556390977,0.050446114020417404,617,Press Briefing.
7037,1075,10,28,95,133,1.3609022556390977,0.05372684542590594,617,Only C-SPAN? We really are in hell.
6816,1075,9,30,94,133,1.3609022556390977,0.05265598496720429,617,"Oh, great--an eternity of black & white TV"
6340,1075,8,32,93,133,1.3609022556390977,0.05156288962338804,617,Damn! I would have been a better person if Revelation had warned about an eternity of Reality TV instead of just the whole 'fiery lake of burning sulfur' thing.
6300,1075,11,26,96,133,1.3609022556390977,0.05477677505998263,617,"Frankly, I'm getting tired of reality TV."
6089,1075,15,18,100,133,1.3609022556390977,0.05878928263027979,617,"No cable, no remote- this really IS Hell."
5753,1075,10,28,95,133,1.3609022556390977,0.05372684542590594,617,He’s very pleased. Nothing but Kilauea on every channel.
5725,1075,8,32,93,133,1.3609022556390977,0.05156288962338804,617,He said to watch closely. The devil is in the details
5352,1075,6,36,91,133,1.3609022556390977,0.04930404905490225,617,We're spillover in Hades2. The 1% are getting actual fire and brimstone.
5242,1075,8,32,93,133,1.3609022556390977,0.05156288962338804,617,It's in SD -- slow damnation.
5186,1075,7,34,92,133,1.3609022556390977,0.050446114020417404,617,Fake News. Let’s go to the beach.
4421,1075,9,30,94,133,1.3609022556390977,0.05265598496720429,617,"And if we sign up today, we get one free week at any Trump property worldwide."
5641,1075,12,24,97,133,1.3609022556390977,0.05580695523431359,617,I wish I'd never invented reality TV.
4071,1075,10,28,95,133,1.3609022556390977,0.05372684542590594,617,"According to the weather report, it will be hot like hell for the foreseeable future."
122,1075,13,22,98,133,1.3609022556390977,0.05681846019629031,617,I expected Fox News.
226,1075,9,30,94,133,1.3609022556390977,0.05265598496720429,617,What time does Hannity start?
497,1075,13,22,98,133,1.3609022556390977,0.05681846019629031,617,"Welcome to hell, where your only news source for all eternity is Fox News! Muahahaha!"
1336,1075,8,32,93,133,1.3609022556390977,0.05156288962338804,617,"That’s right, no flatscreens for you sinners."
1937,1075,11,26,96,133,1.3609022556390977,0.05477677505998263,617,I usually skip orientation.
4144,1075,12,24,97,133,1.3609022556390977,0.05580695523431359,617,"No remote, no hi-def , no flat screen : I’m starting to get it."
1951,1075,13,22,98,133,1.3609022556390977,0.05681846019629031,617,"No cable, no flat screen ... this is hell."
1942,1075,10,28,95,133,1.3609022556390977,0.05372684542590594,617,The whole fire and brimstone thing loses its effect when you are watching the live feed here in the overflow room
2231,1075,12,24,97,133,1.3609022556390977,0.05580695523431359,617,"I can't believe this show got picked up for a 74,853th season."
2430,1075,11,26,96,133,1.3609022556390977,0.05477677505998263,617,It's the sequel to Liar Liar. It's called Pants on Fire.
3562,1075,12,24,97,133,1.3609022556390977,0.05580695523431359,617,"After age 40, nudity is hell."
3764,1075,10,28,95,133,1.3609022556390977,0.05372684542590594,617,They say it's just a preview of what's to come.
3889,1075,13,22,98,133,1.3609022556390977,0.05681846019629031,617,"The only problem is, it’s either this, Fox News, or the Home Shopping Network.”"
3969,1075,6,36,91,133,1.3609022556390977,0.04930404905490225,617,"Wow, Great to see you here."
2159,1075,8,32,93,133,1.3609022556390977,0.05156288962338804,617,"Sure, it’s not bad so far but I think this is just the orientation video"
6949,1107,7,35,94,136,1.3602941176470589,0.04969711541718935,617,"It could be worse, it could be reality T.V."
6945,1107,8,33,95,136,1.3602941176470589,0.050781253850836316,617,"I knew it wasn't going to be plush, but seriously, no cable?"
6441,1107,5,39,92,136,1.3602941176470589,0.04745459258114185,617,The good news is you can watch as much TV as you want...
5701,1107,11,27,98,136,1.3602941176470589,0.05390299739610028,617,Apparently the energy costs were just killing them.
5272,1107,10,29,97,136,1.3602941176470589,0.052882895783139136,617,20 minutes of previews and it already seems like an eternity.
4094,1107,10,29,97,136,1.3602941176470589,0.052882895783139136,617,Wait. Fox News comes on next.
3113,1107,8,33,95,136,1.3602941176470589,0.050781253850836316,617,"Due to recent budget constraints, we will only be offering simulated hellfire for the next quarter."
912,1107,11,27,98,136,1.3602941176470589,0.05390299739610028,617,Wow... It feels so real.
153,1107,11,27,98,136,1.3602941176470589,0.05390299739610028,617,"""You said you'd only see me again when Hell freezes over""."
4609,1107,12,25,99,136,1.3602941176470589,0.05490414911605162,617,24/7 reality TV?! This is going to be hell alright.
5222,1117,14,19,98,131,1.3587786259541985,0.05842792940734652,617,I still think things would have turned out worse if Hillary had won.
5322,1117,7,33,91,131,1.3587786259541985,0.05090917648278907,617,Last year we had a flat screen LED. Everything’s just going to hell.
5385,1117,10,27,94,131,1.3587786259541985,0.05425922674020213,617,"No flatscreen TV? Well, this is hell."
5952,1117,15,17,99,131,1.3587786259541985,0.059424428873369656,617,"Gosh, GOP really DOES have 'a Special Place in Hell'!"
6006,1117,10,27,94,131,1.3587786259541985,0.05425922674020213,617,At least we're not watching golf.
6319,1117,9,29,93,131,1.3587786259541985,0.05316600299390923,617,Never thought I’d spend eternity reliving the 60’s.
6491,1117,10,27,94,131,1.3587786259541985,0.05425922674020213,617,"I know it feels fine, but Fox News says it's scorching hot down here, so it must be true."
6757,1117,12,23,96,131,1.3587786259541985,0.05638211871362469,617,"Hi, what's a nice girl like you doing in a place like this ?"
7053,1117,7,33,91,131,1.3587786259541985,0.05090917648278907,617,Did you remember to turn off the stove?
7097,1117,5,37,89,131,1.3587786259541985,0.04854755015408257,617,"You know, the camera adds a few degrees."
7573,1117,8,31,92,131,1.3587786259541985,0.052049822883964404,617,We’re being forced to watch ‘Apprentice’ reruns for all eternity.
6111,1117,10,27,94,131,1.3587786259541985,0.05425922674020213,617,It’s still better than ‘Keeping Up With The Karashians’.
5194,1117,9,29,93,131,1.3587786259541985,0.05316600299390923,617,Trailers these days always seem to give away the ending.
3007,1117,13,21,97,131,1.3587786259541985,0.057414136958884684,617,The first person to complain about not having cable reincarnates as White House Press Secretary.
2765,1117,10,27,94,131,1.3587786259541985,0.05425922674020213,617,At least it's less of a disaster than the White House.
477,1117,11,25,95,131,1.3587786259541985,0.05533085485098677,617,"In purgatory, they're still waiting for the cable guy."
726,1117,14,19,98,131,1.3587786259541985,0.05842792940734652,617,"Every time I see this show, it's always the same episode. It's like being in Limbo or something."
1786,1117,8,31,92,131,1.3587786259541985,0.052049822883964404,617,At least it's not the Big Bang Theory again...
1797,1117,11,25,95,131,1.3587786259541985,0.05533085485098677,617,"For these folks, hell is the endless reoccurring epiphany of discovering that Fox News is actually broadcast from hell."
1670,1117,6,35,90,131,1.3587786259541985,0.049742380703575735,617,What are you doing after orientation?
2140,1117,11,25,95,131,1.3587786259541985,0.05533085485098677,617,The ad said “Hot Weather- Great Reception” so who knew ?
2190,1117,6,35,90,131,1.3587786259541985,0.049742380703575735,617,"So, got any plans after the show?"
2364,1117,8,31,92,131,1.3587786259541985,0.052049822883964404,617,"Fire and brimstone on a large screen would be bad enough, but having to watch it for eternity on that thing is really hell!"
2554,1117,9,29,93,131,1.3587786259541985,0.05316600299390923,617,"Orientation videos are the worst, right?"
2103,1117,11,25,95,131,1.3587786259541985,0.05533085485098677,617,The eternal fire was just too expensive.
4009,1117,10,27,94,131,1.3587786259541985,0.05425922674020213,617,Let's find a cool place to make out after this video is over.
2056,1143,5,38,91,134,1.3582089552238805,0.04785018642125032,617,"If I knew there was no HBO, I would have been a lot nicer up there."
6649,1143,12,24,98,134,1.3582089552238805,0.055454362271932615,617,Must be election season again.
2620,1145,10,27,95,132,1.356060606060606,0.05391515828627825,617,You come here often?
6884,1146,10,26,94,130,1.353846153846154,0.05445182830200418,617,Thank Satan they finally turned off the Royal Wedding!
6956,1146,13,20,97,130,1.353846153846154,0.057643589049967504,617,"Somehow, I expected it would be ""live."""
6948,1146,11,24,95,130,1.353846153846154,0.05553613409130857,617,There is only one station and it's Hell.
5768,1146,8,30,92,130,1.353846153846154,0.052215710630778706,617,It could be worse - we could be watching Keeping Up With The Kardashians.
6679,1146,6,34,90,130,1.353846153846154,0.04987944734982024,617,I’ve seen this one before. But then I have been here for two hundred years.
5839,1146,11,24,95,130,1.353846153846154,0.05553613409130857,617,You just knew it would be reality tv.
7021,1146,6,34,90,130,1.353846153846154,0.04987944734982024,617,In the next scene hell freezes over.
6747,1146,9,28,93,130,1.353846153846154,0.05334548735417158,617,Let’s start screaming in agony—we don’t want them catching on that we’re really just fine without HDTV.
7094,1146,8,30,92,130,1.353846153846154,0.052215710630778706,617,He said ‘to hell with cable !’
7793,1146,10,26,94,130,1.353846153846154,0.05445182830200418,617,"Oh hell, Rabbit Ears, really?"
7181,1146,11,24,95,130,1.353846153846154,0.05553613409130857,617,"Well what did you expect, HBO?"
7214,1146,11,24,95,130,1.353846153846154,0.05553613409130857,617,It's a state-run network.
7247,1146,11,24,95,130,1.353846153846154,0.05553613409130857,617,What's worse is still having to pay for all those other channels...
7483,1146,11,24,95,130,1.353846153846154,0.05553613409130857,617,"So, is this your first time visiting Florida?"
7505,1146,9,28,93,130,1.353846153846154,0.05334548735417158,617,Could be worse. On the level below us all they get is C-SPAN.
7857,1146,12,22,96,130,1.353846153846154,0.05659967114908593,617,No Netflix? This is going to be hell.
8108,1146,10,26,94,130,1.353846153846154,0.05445182830200418,617,'He likes to begin with a short travelogue.'
5716,1146,12,22,96,130,1.353846153846154,0.05659967114908593,617,Good thing we died and got out of America just in time.
7119,1146,15,16,99,130,1.353846153846154,0.05967666652315007,617,White Supremacist Convention.
5524,1146,9,28,93,130,1.353846153846154,0.05334548735417158,617,And he only lets us watch the Weather Channel.
4766,1146,8,30,92,130,1.353846153846154,0.052215710630778706,617,"I thought hellfire would be bad, but it's the endless safety videos that really get you."
5167,1146,12,22,96,130,1.353846153846154,0.05659967114908593,617,I guess he's really going to make us watch the royal wedding from beginning to end.
436,1146,8,30,92,130,1.353846153846154,0.052215710630778706,617,These welcome to newcomers videos are so lame.
479,1146,11,24,95,130,1.353846153846154,0.05553613409130857,617,"Somehow, this is even worse."
892,1146,12,22,96,130,1.353846153846154,0.05659967114908593,617,I'm not really interested in a timeshare. I just wanted the free trip.
955,1146,10,26,94,130,1.353846153846154,0.05445182830200418,617,This is the easy part. The live Trump rally coverage airs in five minutes.
1154,1146,9,28,93,130,1.353846153846154,0.05334548735417158,617,Somehow I'm not surprised that the only channel we get here is reality T.V.
1281,1146,10,26,94,130,1.353846153846154,0.05445182830200418,617,Finally! True news. Who thought we'd get it here?
1407,1146,8,30,92,130,1.353846153846154,0.052215710630778706,617,Waiting for Hannity.
1957,1146,12,22,96,130,1.353846153846154,0.05659967114908593,617,I thought Hell would be to watch the Kardashians over and over again
2352,1146,9,28,93,130,1.353846153846154,0.05334548735417158,617,When do you think people will catch on that they are watching 'fake hell'.
5251,1146,9,28,93,130,1.353846153846154,0.05334548735417158,617,Is this your first Burning Man vacation tour?
3469,1146,9,28,93,130,1.353846153846154,0.05334548735417158,617,Which season are we on?
3473,1146,10,26,94,130,1.353846153846154,0.05445182830200418,617,It's either this or C-SPAN.
3646,1146,10,26,94,130,1.353846153846154,0.05445182830200418,617,"Could've been worse, Florence. I mean, at least it's not Fox News."
3759,1146,8,30,92,130,1.353846153846154,0.052215710630778706,617,Should I ask to use his trident to see if we can pick up a few more channels?
4392,1146,10,26,94,130,1.353846153846154,0.05445182830200418,617,Not even a flatscreen TV. We really are in hell.
2882,1146,8,30,92,130,1.353846153846154,0.052215710630778706,617,Looks like another scorcher to day.
4957,1146,9,28,93,130,1.353846153846154,0.05334548735417158,617,You can't trust everything you see on TV anymore... I heard hell froze over last year.
5093,1146,12,22,96,130,1.353846153846154,0.05659967114908593,617,Don't complain or he will switch it to coverage of Trump.
5145,1146,12,22,96,130,1.353846153846154,0.05659967114908593,617,"Well, no worries about our clothes catching fire!"
6315,1187,10,27,96,133,1.3533834586466165,0.053575175847163696,617,I hear the seventh circle has high-def.
4715,1188,13,19,96,128,1.3515625,0.05826164907301108,617,The sub always makes us watch a video of our damnation. It's just lazy tormenting.
4844,1188,6,33,89,128,1.3515625,0.05033089786866263,617,Hell is freezing over. What did you expect?
4896,1188,11,23,94,128,1.3515625,0.0561102197516701,617,What in hell is that supposed to mean?
5136,1188,11,23,94,128,1.3515625,0.0561102197516701,617,It's better than looking at Facebook all day...
5395,1188,7,31,90,128,1.3515625,0.05153863382287835,617,I so hate orientation videos.
4714,1188,9,27,92,128,1.3515625,0.05387294096719358,617,Can you believe it over 500 channels and that's all the hell that's on.
5519,1188,9,27,92,128,1.3515625,0.05387294096719358,617,It's worse than I thought. No cable.
5539,1188,9,27,92,128,1.3515625,0.05387294096719358,617,I’m surprised they get any reception down here.
6216,1188,13,19,96,128,1.3515625,0.05826164907301108,617,I just heard it's going to be replaced by Hannity's show.
6464,1188,10,25,93,128,1.3515625,0.05500295687067847,617,I bet Heaven has HD.
7182,1188,8,29,91,128,1.3515625,0.05271870894086588,617,On the next level down they have Facebook.
6710,1188,7,31,90,128,1.3515625,0.05153863382287835,617,"Hey, at least it isn't Fox News."
6914,1188,9,27,92,128,1.3515625,0.05387294096719358,617,At least it’s better than the room where you spend eternity waiting for the cable technician.
6976,1188,8,29,91,128,1.3515625,0.05271870894086588,617,It's hell all right--no A.C. and you only get one channel.
7320,1188,7,31,90,128,1.3515625,0.05153863382287835,617,Remember back when there was more than one channel?
7493,1188,8,29,91,128,1.3515625,0.05271870894086588,617,Guess it's not really a surprise that Satan has Comcast.
7618,1188,8,29,91,128,1.3515625,0.05271870894086588,617,Where’s the remote?
7829,1188,12,21,95,128,1.3515625,0.057196051058125516,617,Winter is not coming.
4642,1188,7,31,90,128,1.3515625,0.05153863382287835,617,Could be worse. Remember the Yule log?
8016,1188,9,27,92,128,1.3515625,0.05387294096719358,617,"If you think this is bad, you should have seen last year's pledge drive."
6606,1188,10,25,93,128,1.3515625,0.05500295687067847,617,"You know, I hear in Heaven they got 200 more channels than we do."
4485,1188,7,31,90,128,1.3515625,0.05153863382287835,617,"Wow, they get great reception down here."
7860,1188,8,29,91,128,1.3515625,0.05271870894086588,617,"Look around, this special place in Hell is for the White House press corps."
4153,1188,9,27,92,128,1.3515625,0.05387294096719358,617,Not watching in high definition is the first eternal torment.
4260,1188,7,31,90,128,1.3515625,0.05153863382287835,617,"Before the budget cuts, they at least used actual fire."
34,1188,6,33,89,128,1.3515625,0.05033089786866263,617,"If they really wanted to punish us, they would've put on cable news."
208,1188,9,27,92,128,1.3515625,0.05387294096719358,617,"Apparently, Keeping Up With the Kardashians was considered inhumane."
251,1188,12,21,95,128,1.3515625,0.057196051058125516,617,And I thought watching the yule log channel at Christmas on my big screen was hell....
347,1188,7,31,90,128,1.3515625,0.05153863382287835,617,What’s a women like you doing in a place like this?
396,1188,11,23,94,128,1.3515625,0.0561102197516701,617,I should have done more sins
622,1188,7,31,90,128,1.3515625,0.05153863382287835,617,I love our mandatory Fox News breaks.
746,1188,8,29,91,128,1.3515625,0.05271870894086588,617,666 channels and there's still never anything good on.
891,1188,8,29,91,128,1.3515625,0.05271870894086588,617,I dare you to start caroling.
985,1188,10,25,93,128,1.3515625,0.05500295687067847,617,I was a producer for reality TV. How about you?
1108,1188,8,29,91,128,1.3515625,0.05271870894086588,617,I just *knew* The Inferno was fake news.
1569,1188,8,29,91,128,1.3515625,0.05271870894086588,617,He told me no judicial experience was necessary for the appointment....you too?
1829,1188,9,27,92,128,1.3515625,0.05387294096719358,617,"Hmmm, never mind the TV; I always thought he'd be bigger, you know, down there."
2165,1188,10,25,93,128,1.3515625,0.05500295687067847,617,Watching television via antennae? Even hell doesn't force us to use Comcast.
2237,1188,7,31,90,128,1.3515625,0.05153863382287835,617,"American education IS dead, if he needs a video to explain who he is."
2781,1188,11,23,94,128,1.3515625,0.0561102197516701,617,"Analog TV, local channels only and no remote, now this is Hell!"
3034,1188,9,27,92,128,1.3515625,0.05387294096719358,617,"Alright kids, Mr. Lucifer has jury duty, so we'll be watching a movie today."
3121,1188,8,29,91,128,1.3515625,0.05271870894086588,617,The orientation video doesn't do it justice.
3801,1188,6,33,89,128,1.3515625,0.05033089786866263,617,Cathode ray and rabbit ears - this place is worse than I'd thought.
3824,1188,7,31,90,128,1.3515625,0.05153863382287835,617,This is the most interesting orientation I've been to. Mostly because of the nudity.
3988,1188,8,29,91,128,1.3515625,0.05271870894086588,617,"Season 4,643,342 was better"
7015,1233,15,16,100,131,1.3511450381679388,0.05928093700116953,617,"Everyday, it's either this or Fox News."
7089,1234,8,28,90,126,1.3492063492063493,0.05323498112064656,617,"The fire is fake, but the cattle prod is real."
5462,1234,9,26,91,126,1.3492063492063493,0.054414587583659246,617,Everything looks worse in black and white.
6173,1234,10,24,92,126,1.3492063492063493,0.05556915933216778,617,It's a very short orientation video
1309,1237,11,23,95,129,1.3488372093023255,0.05574022100104517,617,At least it’s not Fox...!
3957,1238,9,25,90,124,1.346774193548387,0.05497103025369925,617,"Oh, hell. I hear the Infernomercial takes forever."
4075,1238,7,29,88,124,1.346774193548387,0.05253145229317498,617,Joke’s on him. I love reality TV.
4126,1238,9,25,90,124,1.346774193548387,0.05497103025369925,617,There's just no escaping workplace safety videos.
8062,1238,8,27,89,124,1.346774193548387,0.053765079964523614,617,"I'm telling you, it's got to be just a bad dream, the devil has a bellybutton."
4494,1238,11,21,92,124,1.346774193548387,0.05730684823191831,617,Fox News 24/7. This is Hell!
4557,1238,10,23,91,124,1.346774193548387,0.056151086460678734,617,An old black and white tube set with built in rabbit ears and one channel...yup...we’re in Hell.
4631,1238,11,21,92,124,1.346774193548387,0.05730684823191831,617,I would have thought for sure they'd have Fox News here.
5204,1238,6,31,87,124,1.346774193548387,0.051268149337269996,617,"Like everything else, hell isn't what it used to be."
5319,1238,9,25,90,124,1.346774193548387,0.05497103025369925,617,We never had TV until Trump arrived.
6329,1238,8,27,89,124,1.346774193548387,0.053765079964523614,617,Things changed after Comcast bought them out.
7058,1238,11,21,92,124,1.346774193548387,0.05730684823191831,617,"You think the commercials are bad? Wait 'til 'One Million Years of Fox and Friends"" comes on!"
7159,1238,8,27,89,124,1.346774193548387,0.053765079964523614,617,An eternity of terrible reception.
7339,1238,8,27,89,124,1.346774193548387,0.053765079964523614,617,Thanks God it's not The Bachelor.
7361,1238,7,29,88,124,1.346774193548387,0.05253145229317498,617,I think this is a rerun.
7520,1238,5,33,86,124,1.346774193548387,0.04997292059613004,617,It's not the reception I was expecting.
7706,1238,7,29,88,124,1.346774193548387,0.05253145229317498,617,"If I knew this is what they meant by burning in hell, I would've committed more crimes."
7977,1238,11,21,92,124,1.346774193548387,0.05730684823191831,617,"So, hell is the Yule log for eternity."
8007,1238,7,29,88,124,1.346774193548387,0.05253145229317498,617,Still beats Comcast.
5681,1238,11,21,92,124,1.346774193548387,0.05730684823191831,617,He's seriously reducing the carbon footprint of this place
3917,1238,8,27,89,124,1.346774193548387,0.053765079964523614,617,"Actually, its better than most of the network shows last season."
2576,1238,10,23,91,124,1.346774193548387,0.056151086460678734,617,It's the only show we get here and it was just renewed for an eternity of seasons.
3688,1238,10,23,91,124,1.346774193548387,0.056151086460678734,617,24/7 Fox News
3898,1238,7,29,88,124,1.346774193548387,0.05253145229317498,617,It's just the previews.
319,1238,7,29,88,124,1.346774193548387,0.05253145229317498,617,No High Def. Told you this was Hell.
740,1238,8,27,89,124,1.346774193548387,0.053765079964523614,617,You would think the King of Darkness could afford satellite.
752,1238,10,23,91,124,1.346774193548387,0.056151086460678734,617,"At least it's not ""The View."""
864,1238,7,29,88,124,1.346774193548387,0.05253145229317498,617,Do you ever wish for clothes captioning?
931,1238,9,25,90,124,1.346774193548387,0.05497103025369925,617,"Yeah, maybe we shouldn’t have voted yes for net neutrality."
987,1238,10,23,91,124,1.346774193548387,0.056151086460678734,617,All the shows are sindicated.
1140,1238,8,27,89,124,1.346774193548387,0.053765079964523614,617,"No cable, one channel, this must be Hell."
1540,1238,10,23,91,124,1.346774193548387,0.056151086460678734,617,"Last episode, Sisyphus was voted off."
263,1238,8,27,89,124,1.346774193548387,0.053765079964523614,617,Is this because I told my cable company to go to hell?
1744,1238,11,21,92,124,1.346774193548387,0.05730684823191831,617,What's with the rabbit ears? I'd swear my cable bundle included hell in the package.
1853,1238,9,25,90,124,1.346774193548387,0.05497103025369925,617,I see what you mean by 'cult classic.'
1902,1238,9,25,90,124,1.346774193548387,0.05497103025369925,617,This must be hell - there’s no remote.
2262,1238,9,25,90,124,1.346774193548387,0.05497103025369925,617,"Normally we watch dumpster fires, but this white house press briefing is pretty hot"
2303,1238,6,31,87,124,1.346774193548387,0.051268149337269996,617,At least it isn't a bunch of stupid cat videos.
2727,1238,11,21,92,124,1.346774193548387,0.05730684823191831,617,I love this part!
2892,1238,9,25,90,124,1.346774193548387,0.05497103025369925,617,"Hey, I've already seen this 10000 times!"
3570,1238,7,29,88,124,1.346774193548387,0.05253145229317498,617,"We hope this brief training video has been helpful. And now, on behalf of Satan -- Welcome to Hell!"
1667,1238,9,25,90,124,1.346774193548387,0.05497103025369925,617,This is the first time I've felt lucky to be in the overflow room.
4938,1279,7,30,90,127,1.3464566929133859,0.05169052239748573,617,"So, someone put on Fox News and lost the remote. And now we're here."
4834,1280,13,16,93,122,1.3442622950819672,0.060224135174893445,617,Nice rack.
4560,1280,8,26,88,122,1.3442622950819672,0.054309589145420556,617,This is a rerun. They think of everything.
4266,1280,10,22,90,122,1.3442622950819672,0.05674942701835997,617,Lacks the warmth of the original.
4286,1280,8,26,88,122,1.3442622950819672,0.054309589145420556,617,You'd think the Ruler of the Underworld would have a flat-screen.
4841,1280,7,28,87,122,1.3442622950819672,0.053047605754270304,617,Don't worry.They change the channel every thousand years or so.
4349,1280,10,22,90,122,1.3442622950819672,0.05674942701835997,617,Yep. We just wait for the cable guy.
4901,1280,9,24,89,122,1.3442622950819672,0.05554290656806028,617,HR says we can't use real fire anymore.
6240,1280,10,22,90,122,1.3442622950819672,0.05674942701835997,617,It's sweeps week for the Dante Channel.
5594,1280,8,26,88,122,1.3442622950819672,0.054309589145420556,617,60” flat screen back at my place. You want to get outta here?
5868,1280,12,18,92,122,1.3442622950819672,0.059088606860205686,617,"Two thousand channels, and nothing's on."
5960,1280,7,28,87,122,1.3442622950819672,0.053047605754270304,617,What the Hell?
6789,1280,8,26,88,122,1.3442622950819672,0.054309589145420556,617,I expected a more immersive experience from this evangelical theme park.
7449,1280,6,30,86,122,1.3442622950819672,0.051754859475962256,617,They finally put it down here where it belongs.
7828,1280,8,26,88,122,1.3442622950819672,0.054309589145420556,617,"Frankly, I'm underwhelmed by the orientation so far."
3913,1280,9,24,89,122,1.3442622950819672,0.05554290656806028,617,Using real fire was killing our budget.
5121,1280,7,28,87,122,1.3442622950819672,0.053047605754270304,617,I think they just want us to get warmed up.
3229,1280,6,30,86,122,1.3442622950819672,0.051754859475962256,617,It’s hell trying to get a signal down here
641,1280,11,20,91,122,1.3442622950819672,0.05793082481543013,617,Watching Having to watch the Yuletide Log burn forever is bad enough. But the perpetual Christmas music is sheer hell.
2642,1280,9,24,89,122,1.3442622950819672,0.05554290656806028,617,"No commercials, that’s a positive..."
296,1280,11,20,91,122,1.3442622950819672,0.05793082481543013,617,I refuse to believe we’re in hell until they change the channel to Dr. Phil.
350,1280,10,22,90,122,1.3442622950819672,0.05674942701835997,617,I think it’s the Weather Channel...
421,1280,11,20,91,122,1.3442622950819672,0.05793082481543013,617,"It could be worse. In heaven they have to watch reruns of ""Touched by an Angel""."
434,1280,5,32,85,122,1.3442622950819672,0.05042898454750709,617,"In hell, you still have to get up to adjust the antenna."
2677,1280,10,22,90,122,1.3442622950819672,0.05674942701835997,617,"We used to get HBO, but this place has really gone to, well, you know."
725,1280,9,24,89,122,1.3442622950819672,0.05554290656806028,617,"I knew hell would be awful, but I never dreamed that we would have to watch reality TV for eternity."
798,1280,13,16,93,122,1.3442622950819672,0.060224135174893445,617,First Fake News...Now Fake Flames.
501,1280,5,32,85,122,1.3442622950819672,0.05042898454750709,617,It's either this or brimstone.
1559,1280,6,30,86,122,1.3442622950819672,0.051754859475962256,617,This is the hottest show on tv.
1720,1280,12,18,92,122,1.3442622950819672,0.059088606860205686,617,"Look on the bright side, they could have streamed Fox News."
1784,1280,8,26,88,122,1.3442622950819672,0.054309589145420556,617,"I heard that in the First Circle, they get to watch something other than Fox News."
2297,1280,5,32,85,122,1.3442622950819672,0.05042898454750709,617,Could be worse.
2316,1280,11,20,91,122,1.3442622950819672,0.05793082481543013,617,It's part of a new carbon neutral initiative.
2600,1280,7,28,87,122,1.3442622950819672,0.053047605754270304,617,Great- another local interest story.
1363,1280,10,22,90,122,1.3442622950819672,0.05674942701835997,617,This is virtual Hell!
5775,1314,7,27,86,120,1.3416666666666666,0.053577652921938605,617,"7,500 degrees again today? And you believe Dopler Radar?"
4827,1314,7,27,86,120,1.3416666666666666,0.053577652921938605,617,"So far, I've only abandoned all hope that we'll get to watch the playoffs."
5270,1314,5,31,84,120,1.3416666666666666,0.050896491507821925,617,On the bright side it looks like they have their own cable news channel.
5380,1314,9,23,88,120,1.3416666666666666,0.05613089111569176,617,Is there a remote chance in Hell of getting a better reception?
5476,1314,7,27,86,120,1.3416666666666666,0.053577652921938605,617,It's a warm-up video.
5678,1314,8,25,87,120,1.3416666666666666,0.054869125335043206,617,Only one screen for all of us and no cable?! What kind of place is this?!
6141,1314,9,23,88,120,1.3416666666666666,0.05613089111569176,617,Right as the couple announces which house they'll choose he switches to this channel.
7628,1314,13,15,92,120,1.3416666666666666,0.06091716529088906,617,That's the live stream from 666 Fifth Avenue.
6482,1314,8,25,87,120,1.3416666666666666,0.054869125335043206,617,It’s either this or the Kardashians.
6500,1314,5,31,84,120,1.3416666666666666,0.050896491507821925,617,"Get used to it, there's only one channel down here."
6659,1314,9,23,88,120,1.3416666666666666,0.05613089111569176,617,I've got a corner suite down in the 4th circle with two pals from Wharton. You have any plans for later?
6711,1314,11,19,90,120,1.3416666666666666,0.058572937285572176,617,Orientation is always Hell.
6908,1314,11,19,90,120,1.3416666666666666,0.058572937285572176,617,I'm so relieved! I always thought it was going to be Fox News.
7315,1314,9,23,88,120,1.3416666666666666,0.05613089111569176,617,He’s making us watch his home videos again.
4650,1314,9,23,88,120,1.3416666666666666,0.05613089111569176,617,"It's not the heat I miss so much, it's the humidity."
6261,1314,6,29,85,120,1.3416666666666666,0.052254271310724,617,Who knew there would be hell to pay for cutting the cable.?
4451,1314,8,25,87,120,1.3416666666666666,0.054869125335043206,617,Would a fake log be too much to ask?
4348,1314,4,33,83,120,1.3416666666666666,0.04950148306259951,617,Trust me this is much better than when we just had radio.
4201,1314,8,25,87,120,1.3416666666666666,0.054869125335043206,617,I guess oil prices are effecting everyone
678,1314,9,23,88,120,1.3416666666666666,0.05613089111569176,617,"Next level down, it's Here Comes Honey Boo Boo in VR."
1240,1314,9,23,88,120,1.3416666666666666,0.05613089111569176,617,My parents had that TV in the '80s... it was torture to watch then too.
1516,1314,12,17,91,120,1.3416666666666666,0.05975654779744672,617,"Oh No, just the FOX NEWS Channel down here!"
1677,1314,9,23,88,120,1.3416666666666666,0.05613089111569176,617,It's a touch ironic since I never believed in literal fire and brimstone.
2025,1314,10,21,89,120,1.3416666666666666,0.05736491052769635,617,Get used to it kids... Still think global warming is a myth?
2466,1314,5,31,84,120,1.3416666666666666,0.050896491507821925,617,This is much more pleasant than the focus group on torture.
2803,1314,8,25,87,120,1.3416666666666666,0.054869125335043206,617,At least it's not C-Span.
228,1314,9,23,88,120,1.3416666666666666,0.05613089111569176,617,A box tv? This really is Hell.
2890,1314,10,21,89,120,1.3416666666666666,0.05736491052769635,617,I didn't expect they would have Fox News here.
3035,1314,8,25,87,120,1.3416666666666666,0.054869125335043206,617,I’m surprised they get reception down here.
3251,1314,8,25,87,120,1.3416666666666666,0.054869125335043206,617,Orientation videos are always the worst.
3406,1314,9,23,88,120,1.3416666666666666,0.05613089111569176,617,Glad we’re in the overflow room.
3568,1314,11,19,90,120,1.3416666666666666,0.058572937285572176,617,"Honestly, I prefer it to watching Fox News."
4130,1314,9,23,88,120,1.3416666666666666,0.05613089111569176,617,At least it's not snow.
2886,1314,12,17,91,120,1.3416666666666666,0.05975654779744672,617,"Is it me, or does this episode seem to be lasting forever?"
167,1348,10,22,91,123,1.3414634146341464,0.056355704114164365,617,"Let me guess. Hot as Hell with a chance of Fire & Brimstone. Surprise, surprise."
223,1348,9,24,90,123,1.3414634146341464,0.055160541738442335,617,At least there are no commercials.
5124,1348,9,24,90,123,1.3414634146341464,0.055160541738442335,617,In heaven it's clouds and a flat-screen.
6426,1348,12,18,93,123,1.3414634146341464,0.05867303834686635,617,"This is the floor for Everyone Who Ever Made Fun Of The Yule Log. If you're looking for Taking Forever To Order At Starbucks, that's on six."
3138,1352,9,19,81,109,1.3394495412844036,0.06004328414700874,617,No streaming? This IS Hell.
8032,1353,7,26,85,118,1.3389830508474576,0.05412217974983691,617,"Down here we call it ""singe-watching."""
7794,1353,9,22,87,118,1.3389830508474576,0.05673569814642349,617,"I thought at least we would be able to wear our ""Make America Great Again"" hats."
7712,1353,9,22,87,118,1.3389830508474576,0.05673569814642349,617,I liked Season 1 better.
7612,1353,8,24,86,118,1.3389830508474576,0.05544434049132399,617,This is one hell of an orientation video.
6795,1353,6,28,84,118,1.3389830508474576,0.0527669005080784,617,"Hey, so... do you come here often?"
6136,1353,9,22,87,118,1.3389830508474576,0.05673569814642349,617,It's almost like they named it Tinder as a warning.
5831,1353,9,22,87,118,1.3389830508474576,0.05673569814642349,617,It's a slight improvement from Fox & Friends.
5626,1353,8,24,86,118,1.3389830508474576,0.05544434049132399,617,"No Netflix?!? Christ, this IS Hell!"
5356,1353,7,26,85,118,1.3389830508474576,0.05412217974983691,617,Oh we could change it - we just can’t find the remote.
4695,1353,5,30,83,118,1.3389830508474576,0.051375881866740074,617,The budget cuts must've hit his department the hardest
3379,1353,10,20,88,118,1.3389830508474576,0.057998310284061674,617,"Well, at least it's a dry heat."
687,1353,8,24,86,118,1.3389830508474576,0.05544434049132399,617,These instructional videos are always so dated.
3339,1353,9,22,87,118,1.3389830508474576,0.05673569814642349,617,I’m just going to stay up until they give the forecast for the weekend...
3356,1353,8,24,86,118,1.3389830508474576,0.05544434049132399,617,Somehow I suspect it’s not going to be quite the same kind of ‘fireside chat’ our grandparents got from President Roosevelt.
681,1353,8,24,86,118,1.3389830508474576,0.05544434049132399,617,Don't worry - TV cameras add like 10 degrees.
802,1353,7,26,85,118,1.3389830508474576,0.05412217974983691,617,I used to think reality TV was torture.
1616,1353,9,22,87,118,1.3389830508474576,0.05673569814642349,617,Did you read the book?
339,1353,10,20,88,118,1.3389830508474576,0.057998310284061674,617,Ironic don't you think--all this is heaven for an arsonist.
2500,1353,9,22,87,118,1.3389830508474576,0.05673569814642349,617,I recognize that guy from the DMV.
2912,1353,9,22,87,118,1.3389830508474576,0.05673569814642349,617,Heaven has a big screen with cable.
2929,1353,8,24,86,118,1.3389830508474576,0.05544434049132399,617,Glad I'm down here and not a White House staffer!
3162,1353,12,16,90,118,1.3389830508474576,0.06044446293164263,617,Somehow the heat is lost in the translation!
2145,1353,8,24,86,118,1.3389830508474576,0.05544434049132399,617,"Sure, it'll get picked up for next season. It always gets picked up for next season."
846,1376,9,23,89,121,1.3388429752066116,0.05573663845400196,617,Streaming hell is cheaper these days
5331,1376,9,23,89,121,1.3388429752066116,0.05573663845400196,617,That women in front is pretty hot.
7641,1376,6,29,86,121,1.3388429752066116,0.05189749247946631,617,"Wow, no flat screens. This really is hell."
5335,1379,3,30,74,107,1.3364485981308412,0.051333694229270845,617,These are just the previews.
5363,1380,6,27,83,116,1.3362068965517242,0.053293289823542506,617,This must be hell. There’s no cable.
5008,1380,8,23,85,116,1.3362068965517242,0.05603592432697633,617,It finally froze over.
5349,1380,6,27,83,116,1.3362068965517242,0.053293289823542506,617,And they still need more evidence for global warming!!
5155,1380,8,23,85,116,1.3362068965517242,0.05603592432697633,617,"I won't spoil it for you, but I know how this ends."
5080,1380,7,25,84,116,1.3362068965517242,0.054681804813825945,617,I hear the place upstairs has a real fireplace.
4800,1380,6,27,83,116,1.3362068965517242,0.053293289823542506,617,I don't think the trailer does it justice.
4284,1380,10,19,87,116,1.3362068965517242,0.058650446632068684,617,"This just means that when I wake up, Hannity will still be raving."
4638,1380,8,23,85,116,1.3362068965517242,0.05603592432697633,617,We should've thought about this before we started working for Trump.
4559,1380,6,27,83,116,1.3362068965517242,0.053293289823542506,617,I always thought there would be hell to pay for cutting cable.
4345,1380,8,23,85,116,1.3362068965517242,0.05603592432697633,617,These commercials are hell.
8135,1380,8,23,85,116,1.3362068965517242,0.05603592432697633,617,The circle under this only has radio.
4304,1380,7,25,84,116,1.3362068965517242,0.054681804813825945,617,Figures he would have us watch an intro to hell on an analog tv
5428,1380,10,19,87,116,1.3362068965517242,0.058650446632068684,617,So this is hell-no cable TV.
4006,1380,4,31,81,116,1.3362068965517242,0.05040163355739157,617,I've seen this one already.
4646,1380,9,21,86,116,1.3362068965517242,0.057358084457728165,617,Somehow I thought we'd be wearing Prada.
5528,1380,10,19,87,116,1.3362068965517242,0.058650446632068684,617,what the hell is this?
6429,1380,7,25,84,116,1.3362068965517242,0.054681804813825945,617,The medium is the message.
5854,1380,7,25,84,116,1.3362068965517242,0.054681804813825945,617,Where in the hell is the remote?
3926,1380,6,27,83,116,1.3362068965517242,0.053293289823542506,617,"Same ol' forecast: ""Mostly hot with a chance of fire and brimstone."""
7937,1380,8,23,85,116,1.3362068965517242,0.05603592432697633,617,I've always hated reality TV.
7879,1380,9,21,86,116,1.3362068965517242,0.057358084457728165,617,The laugh track is a bit over the top.
7690,1380,8,23,85,116,1.3362068965517242,0.05603592432697633,617,That's the weather channel. The usual foercast.
7596,1380,6,27,83,116,1.3362068965517242,0.053293289823542506,617,At least it's not cable news.
7590,1380,9,21,86,116,1.3362068965517242,0.057358084457728165,617,Just a quick one. What are they going to do--punish us?
5646,1380,8,23,85,116,1.3362068965517242,0.05603592432697633,617,Hell is other white people.
7526,1380,11,17,88,116,1.3362068965517242,0.0599149391022172,617,The “Woman Scorned” symposium was WAY scarier.
7131,1380,4,31,81,116,1.3362068965517242,0.05040163355739157,617,Hard to tell but it looks like a rerun
6537,1380,6,27,83,116,1.3362068965517242,0.053293289823542506,617,It gets worse -- at night they run nothing but informercials.
6422,1380,7,25,84,116,1.3362068965517242,0.054681804813825945,617,"""It's a training film for those who never experienced hell on earth""."
6323,1380,6,27,83,116,1.3362068965517242,0.053293289823542506,617,I just watch for the commercials.
6034,1380,8,23,85,116,1.3362068965517242,0.05603592432697633,617,Which Fox News show did you say you worked on?
5979,1380,9,21,86,116,1.3362068965517242,0.057358084457728165,617,The seventh circle is currently under construction. Please stand by.
7502,1380,13,13,90,116,1.3362068965517242,0.06236705863342374,617,"Hey, at least it's not Hannity."
3808,1380,7,25,84,116,1.3362068965517242,0.054681804813825945,617,The picture quality is so lifelike...it's the damnedest thing.
4315,1380,9,21,86,116,1.3362068965517242,0.057358084457728165,617,Nothing but Fox interrupted only by the Cars for Kids jingle. for eternity.
3721,1380,8,23,85,116,1.3362068965517242,0.05603592432697633,617,I hear heaven has a big screen with Netflix.
2047,1380,8,23,85,116,1.3362068965517242,0.05603592432697633,617,I was talking to Ed down on Level 3 and he said they get to have real fire.
2036,1380,8,23,85,116,1.3362068965517242,0.05603592432697633,617,"... and then Trump said ""You're Fired""."
1736,1380,8,23,85,116,1.3362068965517242,0.05603592432697633,617,We've been praying to find the remote for ages
1489,1380,9,21,86,116,1.3362068965517242,0.057358084457728165,617,The weather channel again?
1362,1380,8,23,85,116,1.3362068965517242,0.05603592432697633,617,Nuts! It’s a rerun.
1098,1380,7,25,84,116,1.3362068965517242,0.054681804813825945,617,I heard St. Peter bought a 65 inch 4K Ultra HD for the upstairs rec room
2148,1380,6,27,83,116,1.3362068965517242,0.053293289823542506,617,The flames look better in HD.
1045,1380,9,21,86,116,1.3362068965517242,0.057358084457728165,617,"The ""hell"" part is that you can't change the damned channel."
751,1380,10,19,87,116,1.3362068965517242,0.058650446632068684,617,I am the Pearly Gates when somebody asked if I'd like to get naked and watch something hot and here I am. What about you?
597,1380,8,23,85,116,1.3362068965517242,0.05603592432697633,617,I can't believe they picked this up for another season.
385,1380,8,23,85,116,1.3362068965517242,0.05603592432697633,617,I knew there'd be infomercials in Hell.
205,1380,8,23,85,116,1.3362068965517242,0.05603592432697633,617,"When I sold my soul for the hottest channels on TV, this isn't what I expected!"
109,1380,9,21,86,116,1.3362068965517242,0.057358084457728165,617,This is the weirdest Groupon ever.
3737,1380,7,25,84,116,1.3362068965517242,0.054681804813825945,617,""" Fox and Friends "" is on in fifteen minutes!"
841,1380,6,27,83,116,1.3362068965517242,0.053293289823542506,617,Do you have any plans for later?
2173,1380,7,25,84,116,1.3362068965517242,0.054681804813825945,617,I'm actually relieved-no more pharma commercials.
40,1380,9,21,86,116,1.3362068965517242,0.057358084457728165,617,"You know, I think it's great the White House is bringing back fireside chats."
2236,1380,9,21,86,116,1.3362068965517242,0.057358084457728165,617,"It's the Trump White House, on an endless loop. It makes me think we're better off here."
2187,1380,10,19,87,116,1.3362068965517242,0.058650446632068684,617,He is doing what he can to reduce his carbon footprint.
3683,1380,13,13,90,116,1.3362068965517242,0.06236705863342374,617,...and I thought Keeping Up with the Kardashians was Hell.
3677,1380,11,17,88,116,1.3362068965517242,0.0599149391022172,617,They only have this and Fox News
3618,1380,14,11,91,116,1.3362068965517242,0.06355765131017803,617,"ADULTERERS Anonymous ?? Confidential as AA ?? Obviously, NOT !!!"
3591,1380,8,23,85,116,1.3362068965517242,0.05603592432697633,617,Typical news it's all fire and brimstone.
3408,1380,7,25,84,116,1.3362068965517242,0.054681804813825945,617,"Don't fret over the remote, the real torment sets in when you realize we only get one channel."
3404,1380,5,29,82,116,1.3362068965517242,0.05186761709134939,617,It's an EPA thing.
3696,1380,6,27,83,116,1.3362068965517242,0.053293289823542506,617,"there used to be an actual fire but, you know...budget cuts are hell."
3158,1380,8,23,85,116,1.3362068965517242,0.05603592432697633,617,"Like hell, isn't it?"
2980,1380,6,27,83,116,1.3362068965517242,0.053293289823542506,617,The devil is always in the details with these cable packages.
2819,1380,11,17,88,116,1.3362068965517242,0.0599149391022172,617,It's apparently a live transmission of the opening of the US Embassy in Jerusalem.
2798,1380,6,27,83,116,1.3362068965517242,0.053293289823542506,617,Really? I got naked for this?
2393,1380,8,23,85,116,1.3362068965517242,0.05603592432697633,617,They're trying to reduce their carbon footprint.
2386,1380,9,21,86,116,1.3362068965517242,0.057358084457728165,617,It's the same Trump speech over and over again.
3173,1380,5,29,82,116,1.3362068965517242,0.05186761709134939,617,Apparently Norwegians in heaven also watch this show for all eternity
2253,1380,6,27,83,116,1.3362068965517242,0.053293289823542506,617,It’s the only reality TV show they have down here.
7877,1450,11,18,90,119,1.3361344537815125,0.058803178769601686,617,What the devil is going on?
5404,1451,5,28,81,114,1.3333333333333333,0.05237218072483384,617,It’s probably more breaking news.
5291,1451,8,18,76,102,1.3333333333333333,0.06126431676042262,617,"Long range forecast, expect no break from the heat and humidity."
4898,1451,7,24,83,114,1.3333333333333333,0.05525718147105061,617,A CRT with rabbit ears? This is hell.
4865,1451,8,22,84,114,1.3333333333333333,0.05664460697409419,617,"Well, I'll be damned!"
4839,1451,7,24,83,114,1.3333333333333333,0.05525718147105061,617,They add two years to eternity if you switch channels
4273,1451,8,22,84,114,1.3333333333333333,0.05664460697409419,617,Well that answers the question...an eternity of the Channel 9 Yule Log.
4648,1451,5,28,81,114,1.3333333333333333,0.05237218072483384,617,No spoilers please. I haven't seen this episode yet.
4275,1451,8,22,84,114,1.3333333333333333,0.05664460697409419,617,To hell with it!
4222,1451,9,21,87,117,1.3333333333333333,0.056938289043578914,617,Rabbit ears on black-and-white TV set with only one Channel and no cable ..... we really are in Hell.
4142,1451,8,22,84,114,1.3333333333333333,0.05664460697409419,617,"Hell of a party, isn’t it?"
4092,1451,8,22,84,114,1.3333333333333333,0.05664460697409419,617,In hell there is one community tv with one channel to watch & the devil is the only one who gets the tv remote; in heaven everybody gets their own tv with unlimited cable & a personalized tv remote with your initials engraved on it.
5851,1451,9,20,85,114,1.3333333333333333,0.05799885252636107,617,It's hell not having cable.
4757,1451,11,16,87,114,1.3333333333333333,0.0606166452768919,617,Yes! Finally no political commercials.
5874,1451,7,24,83,114,1.3333333333333333,0.05525718147105061,617,No cable down here. So it's either this or PBS.
7047,1451,8,22,84,114,1.3333333333333333,0.05664460697409419,617,"Turn up the volume, we're freezing here!"
6013,1451,11,16,87,114,1.3333333333333333,0.0606166452768919,617,We're trying to be more fuel efficient.
6238,1451,9,20,85,114,1.3333333333333333,0.05799885252636107,617,I always figured hell would involve a lot more Hannity.
6250,1451,7,25,85,117,1.3333333333333333,0.05428852849870469,617,Do you know if this Orientation covers the dress code?
6254,1451,9,20,85,114,1.3333333333333333,0.05799885252636107,617,THIS is CNN....
6689,1451,9,20,85,114,1.3333333333333333,0.05799885252636107,617,That TSA Screener was right! This pre-boarding process is absolute Hell!
7005,1451,7,24,83,114,1.3333333333333333,0.05525718147105061,617,"I've seen this show before, spoiler alert."
7166,1451,6,26,82,114,1.3333333333333333,0.053834010708841286,617,"Eco-friendly, renewable, sustainable - call it what you will; it's freezing down here."
7191,1451,7,24,83,114,1.3333333333333333,0.05525718147105061,617,I heard everyone in heaven gets an iPad
7204,1451,6,26,82,114,1.3333333333333333,0.053834010708841286,617,I can't believe that we have to watch this in black and white.
7369,1451,2,34,78,114,1.3333333333333333,0.047718750282249804,617,Isn't this the same news we heard yesterday?
7385,1451,6,26,82,114,1.3333333333333333,0.053834010708841286,617,It just hasn't been the same since the budget cuts
7826,1451,9,20,85,114,1.3333333333333333,0.05799885252636107,617,"You think this is hell, wait till he changes the channel to reality TV."
7966,1451,10,18,86,114,1.3333333333333333,0.05932219053187063,617,The Yule Log isn't so bad; the 24-hour Christmas music is the real torture.
4072,1451,10,18,86,114,1.3333333333333333,0.05932219053187063,617,"Trump's America and hell look pretty similar, don't you think?"
5976,1451,8,22,84,114,1.3333333333333333,0.05664460697409419,617,The remote doesn't work. This is the real torture.
4047,1451,7,24,83,114,1.3333333333333333,0.05525718147105061,617,Fake Hell !
3544,1451,7,24,83,114,1.3333333333333333,0.05525718147105061,617,You'd think we'd at least get to get FOX News down here.
3628,1451,7,25,85,117,1.3333333333333333,0.05428852849870469,617,"Lousy reception,no Hi Def, nowhere to sit , and no AC.This really is HELL."
3718,1451,6,26,82,114,1.3333333333333333,0.053834010708841286,617,Actual flames are too much of a safety risk.
12,1451,7,24,83,114,1.3333333333333333,0.05525718147105061,617,"Look at the TV. Rabbit ear antennae, no remote, VHF and UHF dials, no color, and one channel. OMG THIS IS HELL!!!"
22,1451,7,24,83,114,1.3333333333333333,0.05525718147105061,617,It’s hell without cable.
341,1451,9,20,85,114,1.3333333333333333,0.05799885252636107,617,"Honestly, I'm just glad they're not making us read a book."
428,1451,9,20,85,114,1.3333333333333333,0.05799885252636107,617,It's better for the environment but boring as hell.
764,1451,6,26,82,114,1.3333333333333333,0.053834010708841286,617,Twenty-four seven local news coverage. That's the hell of it.
1017,1451,8,22,84,114,1.3333333333333333,0.05664460697409419,617,Where in the hell is the remote?
1040,1451,10,18,86,114,1.3333333333333333,0.05932219053187063,617,This is it. One channel.
1095,1451,9,21,87,117,1.3333333333333333,0.056938289043578914,617,Looks like Fox News has dropped all pretense.
1192,1451,7,25,85,117,1.3333333333333333,0.05428852849870469,617,So ... which Hollywood executive did you represent?
1261,1451,5,28,81,114,1.3333333333333333,0.05237218072483384,617,"Well, that looks like the hell fire. I wonder if the damnation is also virtual?"
1367,1451,7,24,83,114,1.3333333333333333,0.05525718147105061,617,I'd sell another soul for a flat screen
1382,1451,7,24,83,114,1.3333333333333333,0.05525718147105061,617,"... but first, a brief ""Welcome to Hell"" orientation video."
1497,1451,9,20,85,114,1.3333333333333333,0.05799885252636107,617,As if we didn't already know that hell is basic cable.
1459,1451,6,27,84,117,1.3333333333333333,0.05291391225591752,617,I heard the next season is a lot darker.
2933,1451,12,14,88,114,1.3333333333333333,0.061884029278558794,617,This infomercial continues until Hell freezes over.
1545,1451,7,24,83,114,1.3333333333333333,0.05525718147105061,617,"You haven't missed anything, it's just the trailer."
1567,1451,12,14,88,114,1.3333333333333333,0.061884029278558794,617,I’ve seen it a million times and it still makes me laugh.
1577,1451,8,22,84,114,1.3333333333333333,0.05664460697409419,617,"What the Hell?"" ""Another political rally"" ""This is torture!"
1648,1451,9,20,85,114,1.3333333333333333,0.05799885252636107,617,"If they show any more Hannity, I may ask to go back to the pit of flame."
1722,1451,10,19,88,117,1.3333333333333333,0.05821796093593344,617,Anybody seen the remote?
1840,1451,10,18,86,114,1.3333333333333333,0.05932219053187063,617,"And you still get ads, even after you upgrade."
2122,1451,8,22,84,114,1.3333333333333333,0.05664460697409419,617,It's better than a lot of shows we watched when alive.
1527,1451,5,28,81,114,1.3333333333333333,0.05237218072483384,617,Don't worry this is just one of those dreams where u appear naked in public
3074,1451,8,22,84,114,1.3333333333333333,0.05664460697409419,617,I always said adjusting those rabbit ears was hell.
3287,1451,7,24,83,114,1.3333333333333333,0.05525718147105061,617,The previews are starting.
3346,1451,7,24,83,114,1.3333333333333333,0.05525718147105061,617,Paying the extra for the virtual hell experience was a good choice...
3442,1451,11,16,87,114,1.3333333333333333,0.0606166452768919,617,I told you it was worse in DC.
3448,1451,8,22,84,114,1.3333333333333333,0.05664460697409419,617,You think we adulterers have it bad--the murderers have to watch Full House.
4824,1513,7,24,84,115,1.3304347826086957,0.05485121562134054,617,It's going to be hell without cable.
5066,1513,10,18,87,115,1.3304347826086957,0.05887547672018421,617,Summer reruns.
4196,1513,10,18,87,115,1.3304347826086957,0.05887547672018421,617,So glad Fox News is on down here.
1007,1513,8,22,85,115,1.3304347826086957,0.056224649011225605,617,It wouldn't be half as bad down here if I hadn't left the remote in my pocket.
2397,1513,8,22,85,115,1.3304347826086957,0.056224649011225605,617,No cable? This IS hell!
1920,1513,6,26,83,115,1.3304347826086957,0.0534424976385093,617,The next circle only has dial-up.
3950,1513,9,20,86,115,1.3304347826086957,0.057565323396401004,617,This is what I call virtual hell.
4501,1520,8,21,83,112,1.3303571428571428,0.05727116186073789,617,What does it tell you about our president when even the devil is working on reducing is carbon footprint?
4678,1520,7,23,82,112,1.3303571428571428,0.05584900017013445,617,The book's better.
4741,1520,8,21,83,112,1.3303571428571428,0.05727116186073789,617,"So, Hell is waiting eternity for the cable installer?"
5252,1520,9,19,84,112,1.3303571428571428,0.05865885390760716,617,It was either the weather forecast or Fox & Friends ... the one time he actually gave us what we asked for.
5386,1520,10,17,85,112,1.3303571428571428,0.060014467444351786,617,The new screensaver for Fox News viewers.
5651,1520,8,21,83,112,1.3303571428571428,0.05727116186073789,617,Do we get clothes if Hell freezes over?
5876,1520,7,23,82,112,1.3303571428571428,0.05584900017013445,617,"I should have known we'd all have to share the same tv, but seriously, the Weather Channel?"
5950,1520,6,25,81,112,1.3303571428571428,0.05438966500290765,617,Wanna get something to eat before the last circle?
6108,1520,11,15,86,112,1.3303571428571428,0.06134012930785459,617,"Oh, there is no actual ride. We just stand in line forever."
6212,1520,7,23,82,112,1.3303571428571428,0.05584900017013445,617,"C’mon, no cable!?! That’s just inhumane!"
6347,1520,7,23,82,112,1.3303571428571428,0.05584900017013445,617,In ten minutes we get reruns of 'The PTL Club'. Then the real Hell begins.
6539,1520,10,17,85,112,1.3303571428571428,0.060014467444351786,617,I guess this means we’re in Purgatory.
6586,1520,11,15,86,112,1.3303571428571428,0.06134012930785459,617,"I sold mine for a bitcoin, what'd you sell yours for?"
6724,1520,4,29,79,112,1.3303571428571428,0.05134671690944023,617,An eternity of watching television... this really is hell.
7031,1520,8,21,83,112,1.3303571428571428,0.05727116186073789,617,When the cable's out we watch the Yule Log... and the cable's always out.
7173,1520,9,19,84,112,1.3303571428571428,0.05865885390760716,617,I’m skeptical this global warming protest will have any impact.
7261,1520,10,17,85,112,1.3303571428571428,0.060014467444351786,617,I've seen this one already.
7481,1520,8,21,83,112,1.3303571428571428,0.05727116186073789,617,It's the yule log from hell.
7699,1520,6,25,81,112,1.3303571428571428,0.05438966500290765,617,I've heard it gets better after the third season.
7791,1520,10,17,85,112,1.3303571428571428,0.060014467444351786,617,Count yourself lucky we got purgatory; I hear hell has nothing but 24/7 cable news.
7814,1520,8,21,83,112,1.3303571428571428,0.05727116186073789,617,Not sure whether this is the reward--or the punishment.
4493,1520,8,21,83,112,1.3303571428571428,0.05727116186073789,617,"There's only one channel, one show, one episode, and it's all repeats."
8126,1520,9,19,84,112,1.3303571428571428,0.05865885390760716,617,My feet are cold.
4428,1520,7,23,82,112,1.3303571428571428,0.05584900017013445,617,I've never been to a cable company corporate retreat before.
1785,1520,7,23,82,112,1.3303571428571428,0.05584900017013445,617,I bet Heaven has HD.
4393,1520,8,21,83,112,1.3303571428571428,0.05727116186073789,617,"Could be worse, I heard the ninth circle only shows the news."
4422,1520,9,19,84,112,1.3303571428571428,0.05865885390760716,617,Only the worst sinners have to spend eternity without cable.
27,1520,5,27,80,112,1.3303571428571428,0.052890079393524796,617,"It's not much different than cable news, but the sick part is that you miss the commercials."
87,1520,7,23,82,112,1.3303571428571428,0.05584900017013445,617,I'm just here for the free set of golf clubs you get for sitting through the presentation.
377,1520,6,25,81,112,1.3303571428571428,0.05438966500290765,617,Welcome to Dante's placebo.
449,1520,8,21,83,112,1.3303571428571428,0.05727116186073789,617,I've seen this one before.
478,1520,7,23,82,112,1.3303571428571428,0.05584900017013445,617,Want me to tell you how it ends?
508,1520,4,29,79,112,1.3303571428571428,0.05134671690944023,617,"Apparently, ""fire and fury like the world has never seen"" plays well down here - it's on every channel."
680,1520,9,19,84,112,1.3303571428571428,0.05865885390760716,617,I really thought they'd have cable.
877,1520,6,25,81,112,1.3303571428571428,0.05438966500290765,617,"I'm not sure about you, but these team building retreats are getting stranger and stranger..."
2209,1520,6,25,81,112,1.3303571428571428,0.05438966500290765,617,This freshmen orientation is making me a bit nervous.
1619,1520,7,23,82,112,1.3303571428571428,0.05584900017013445,617,"Everything is old school down here, but considering where we are the reception is fantastic."
2361,1520,4,29,79,112,1.3303571428571428,0.05134671690944023,617,It's a perpetual weather channel.
2390,1520,10,17,85,112,1.3303571428571428,0.060014467444351786,617,It's Trump's State of the Union address.
2534,1520,8,21,83,112,1.3303571428571428,0.05727116186073789,617,Heaven is a 60” 4K flatscreen.
2596,1520,8,21,83,112,1.3303571428571428,0.05727116186073789,617,"They've really lost their touch lately, but just wait 'till Gina Haspel gets down here. Then we'll see some torture."
2637,1520,15,7,90,112,1.3303571428571428,0.06637855155850393,617,Welcome to FOX AND FRIENDS!
2902,1520,4,29,79,112,1.3303571428571428,0.05134671690944023,617,It's a made for TV version of Dante's Inferno.
3471,1520,11,15,86,112,1.3303571428571428,0.06134012930785459,617,It's eternal reruns of the Yule log.
4104,1520,4,29,79,112,1.3303571428571428,0.05134671690944023,617,I’m so glad I remembered my glasses.
4161,1520,7,23,82,112,1.3303571428571428,0.05584900017013445,617,Purgatory was so much more interesting.
4230,1520,6,25,81,112,1.3303571428571428,0.05438966500290765,617,It picks up after the first season.
2210,1520,6,25,81,112,1.3303571428571428,0.05438966500290765,617,It's the televangelists again
6815,1568,3,28,72,103,1.3300970873786409,0.05233615211597353,617,Are you enjoying the reception?
3719,1569,4,29,80,113,1.3274336283185841,0.05097419756442106,617,Orientation is taking forever.
5002,1569,4,29,80,113,1.3274336283185841,0.05097419756442106,617,Rabbit ears and a CRT. This really is hell.
3520,1569,9,19,85,113,1.3274336283185841,0.05821089143632811,617,This is Hell! No remote and rabbit ears!
2910,1569,9,19,85,113,1.3274336283185841,0.05821089143632811,617,The dammed take a quick break to watch coverage of the Trump administration...
2889,1569,7,23,83,113,1.3274336283185841,0.0554297055379319,617,This isn't so bad! I thought for orientation you had to sit through some godawful long poem.
2615,1569,8,21,84,113,1.3274336283185841,0.056837312294978445,617,I never would've guessed that Hell would have a weather channel.
4595,1575,8,20,82,110,1.3272727272727274,0.0579164088164167,617,"Now, where in the hell did I put the remote?!"
4778,1575,8,20,82,110,1.3272727272727274,0.0579164088164167,617,"If you want to see the corrupt politicians dunked in boiling tar, you have to subscribe to Netflix."
4861,1575,5,26,79,110,1.3272727272727274,0.05342184380954881,617,It's actually the power of suggestion that makes it so hot down here.
5181,1575,9,18,83,110,1.3272727272727274,0.059338992926937485,617,At least we've moved on from fake news to the naked truth!
5353,1575,10,16,84,110,1.3272727272727274,0.06072826156721403,617,I'm new here. When does the screaming part begin?
5364,1575,10,16,84,110,1.3272727272727274,0.06072826156721403,617,Of course this is hell ... that's an analog TV!
5494,1575,7,22,81,110,1.3272727272727274,0.05645799092066138,617,I hate when they show you everything in the previews.
5639,1575,10,16,84,110,1.3272727272727274,0.06072826156721403,617,Thank God those flames aren't real.
5721,1575,6,24,80,110,1.3272727272727274,0.05496088670504376,617,Evidently the televangelists were wrong about the Rapture.
5730,1575,12,12,86,110,1.3272727272727274,0.06341555878301176,617,"Wow - no cable, satellite, or streaming; and no remote. We are in Hell!"
5968,1575,7,22,81,110,1.3272727272727274,0.05645799092066138,617,No high definition? This really is Hell.
6257,1575,6,24,80,110,1.3272727272727274,0.05496088670504376,617,It’s not so much the heat as it is poor picture resolution that gets to you.
6424,1575,12,12,86,110,1.3272727272727274,0.06341555878301176,617,Hell has been outsourced to Fox News
6558,1575,8,20,82,110,1.3272727272727274,0.0579164088164167,617,I think I've already seen this episode
6607,1575,10,16,84,110,1.3272727272727274,0.06072826156721403,617,I guess he followed through on the whole “fire and fury” thing.
6939,1575,6,24,80,110,1.3272727272727274,0.05496088670504376,617,"It's not so bad, it's like the Yule Log, but for the unforgiven."
7099,1575,3,30,77,110,1.3272727272727274,0.05020241083081741,617,At least it's not the fire place log again.
7197,1575,9,18,83,110,1.3272727272727274,0.059338992926937485,617,Just reruns again.
7410,1575,9,18,83,110,1.3272727272727274,0.059338992926937485,617,Every time a flame leaps a devil gets its horns.
7513,1575,6,24,80,110,1.3272727272727274,0.05496088670504376,617,"Man, it feels like we've been watching the same orientation video for 1000 years."
7600,1575,7,22,81,110,1.3272727272727274,0.05645799092066138,617,There...right after that third crackle...that's where the tape resets.
8061,1575,5,26,79,110,1.3272727272727274,0.05342184380954881,617,"Hey, no spoilers! I'm new here."
4517,1575,5,26,79,110,1.3272727272727274,0.05342184380954881,617,"...still, it's nice that we're watching all together."
4502,1575,6,24,80,110,1.3272727272727274,0.05496088670504376,617,"This is going to be hell, no internet!"
4593,1575,5,26,79,110,1.3272727272727274,0.05342184380954881,617,"The demonic iconography would indicate this is a Catholic image, yet our genitals are angled away from the frame in a sop to Puritanical Protestant sensibilities. Also, why does this devil have a trident rather than the traditional pitchfork?"
4458,1575,4,28,78,110,1.3272727272727274,0.05183712689394543,617,It really makes you appreciate a real fire.
309,1575,9,18,83,110,1.3272727272727274,0.059338992926937485,617,They only get Fox News down here.
401,1575,6,24,80,110,1.3272727272727274,0.05496088670504376,617,It's the extended forecast on The Weather Channel.
419,1575,7,22,81,110,1.3272727272727274,0.05645799092066138,617,The worst part is the poor image quality.
460,1575,5,26,79,110,1.3272727272727274,0.05342184380954881,617,It's hell with no cable.
529,1575,6,24,80,110,1.3272727272727274,0.05496088670504376,617,"Frankly, I expected worse."
1122,1575,9,18,83,110,1.3272727272727274,0.059338992926937485,617,The only remote is upstairs.
1166,1575,10,16,84,110,1.3272727272727274,0.06072826156721403,617,"We used to get some televangelists, but they're all down here now."
1339,1575,8,20,82,110,1.3272727272727274,0.0579164088164167,617,It's either this or Fox News.
1353,1575,8,20,82,110,1.3272727272727274,0.0579164088164167,617,This is the only reality show where you want to be the first one voted off the island.
1752,1575,9,18,83,110,1.3272727272727274,0.059338992926937485,617,I can’t believe it isn’t set to FOX NEWS.
1964,1575,6,24,80,110,1.3272727272727274,0.05496088670504376,617,"New here? It's not so bad, now. They used to make us watch Maury."
1980,1575,7,22,81,110,1.3272727272727274,0.05645799092066138,617,Do you suppose he tapes Colbert?
2221,1575,8,20,82,110,1.3272727272727274,0.0579164088164167,617,The frackers pumped out all the gas...
3130,1575,7,22,81,110,1.3272727272727274,0.05645799092066138,617,I wonder what they're watching upstairs.
3218,1575,5,26,79,110,1.3272727272727274,0.05342184380954881,617,Do you feel a draft..? I feel a draft.
3370,1575,4,28,78,110,1.3272727272727274,0.05183712689394543,617,You think we can fast-forward?
3611,1575,9,18,83,110,1.3272727272727274,0.059338992926937485,617,And you’ll all be issued utterly useless remotes.
3652,1575,6,24,80,110,1.3272727272727274,0.05496088670504376,617,"Remind me again, whats the difference between a Religion and a Cult?"
3996,1575,5,26,79,110,1.3272727272727274,0.05342184380954881,617,"God, orientation week is such a bore!"
4059,1575,8,20,82,110,1.3272727272727274,0.0579164088164167,617,"This is the audition for ' Naked and Afraid', right?"
4155,1575,8,20,82,110,1.3272727272727274,0.0579164088164167,617,"I know a guy who can get us cable down here, but he's a real sleazeball."
4474,1575,9,18,83,110,1.3272727272727274,0.059338992926937485,617,"As soon as I saw the rabbit ears and the crummy reception, I knew I was in Hell."
4436,1575,7,22,81,110,1.3272727272727274,0.05645799092066138,617,Do you feel a draft?
1983,1575,7,22,81,110,1.3272727272727274,0.05645799092066138,617,It's all about reducing carbon dioxide emissions—the devil is in the details.
1945,1625,5,28,84,117,1.3247863247863247,0.05125748502853041,617,I think we have to bare our soul as well.
6237,1626,5,26,80,111,1.3243243243243243,0.05302042034279939,617,Wanna get out of here?
3882,1626,4,28,79,111,1.3243243243243243,0.051452549106210194,617,Budget cuts. We used to get the real thing.
7565,1626,8,20,83,111,1.3243243243243243,0.05746795163156267,617,Now he's claiming he reinvented fire. Another stunning inroad into his Make Hell Great Again blah de blah.
3202,1626,7,22,82,111,1.3243243243243243,0.05602468474634608,617,Marshall McLuhan was right - the medium is the message.
3523,1626,5,26,80,111,1.3243243243243243,0.05302042034279939,617,The weather report is always the same!
5608,1631,6,23,79,108,1.3240740740740742,0.05554834382636888,617,I always wondered what they'd do with a masochist in Hell.
5827,1631,3,29,76,108,1.3240740740740742,0.050659724656455275,617,This is something of a reprieve. I left a woman scorned.
5863,1631,5,25,78,108,1.3240740740740742,0.05396802975210679,617,All this punishment because of a stupid fig leaf ?
5975,1631,7,21,80,108,1.3240740740740742,0.05708492592953681,617,I guess there's a special place in hell for couch potatoes!
6008,1631,7,21,80,108,1.3240740740740742,0.05708492592953681,617,"Apparently, cable and flatscreen are only for the 1%"
6019,1631,4,27,77,108,1.3240740740740742,0.05234002262892206,617,Where am I supposed to pin my orientation name tag?
6093,1631,6,23,79,108,1.3240740740740742,0.05554834382636888,617,Cheer up! The previews only last 1000 years.
6144,1631,4,27,77,108,1.3240740740740742,0.05234002262892206,617,I prefer the U.K. version.
6192,1631,8,19,81,108,1.3240740740740742,0.05858121742426419,617,"TV for eternity, that's the punishment."
6267,1631,4,27,77,108,1.3240740740740742,0.05234002262892206,617,I always did hate reality TV.
6313,1631,2,31,75,108,1.3240740740740742,0.04892174808548497,617,I bet Scott Pruitt will be shocked when he finds out Hades has gone carbon neutral.
6355,1631,7,21,80,108,1.3240740740740742,0.05708492592953681,617,I hate these previews of upcoming events!
6473,1631,10,15,83,108,1.3240740740740742,0.06146462045734388,617,Perhaps they have brimstone on another channel.
6498,1631,7,21,80,108,1.3240740740740742,0.05708492592953681,617,"No, we have 665 other channels, but all they show are “Real Housewives” marathons."
6547,1631,7,21,80,108,1.3240740740740742,0.05708492592953681,617,"No, really! That's the whole difference, up there they have flat screen."
6933,1631,9,17,82,108,1.3240740740740742,0.060040230691071846,617,At first I was skeptical. But this timeshare presentation has me thinking.
6969,1631,5,25,78,108,1.3240740740740742,0.05396802975210679,617,AND no WiFi.
7115,1631,3,29,76,108,1.3240740740740742,0.050659724656455275,617,Do you think he could turn it up?
7144,1631,6,23,79,108,1.3240740740740742,0.05554834382636888,617,You were expecting a flat-screen TV in Hell?
7402,1631,7,21,80,108,1.3240740740740742,0.05708492592953681,617,I love the Yule Log channel.
7423,1631,10,15,83,108,1.3240740740740742,0.06146462045734388,617,It's either this or The Bachelor.
7436,1631,9,17,82,108,1.3240740740740742,0.060040230691071846,617,...masochists get only the televised version...
7551,1631,6,23,79,108,1.3240740740740742,0.05554834382636888,617,And you thought I was cheap.
7643,1631,10,15,83,108,1.3240740740740742,0.06146462045734388,617,Glasses are useless ‘cause they keep fogging up.
7705,1631,7,21,80,108,1.3240740740740742,0.05708492592953681,617,Thank God the State of the Union address is only once a year.
7871,1631,7,21,80,108,1.3240740740740742,0.05708492592953681,617,At least we don’t have to watch “The Apprentice” for eternity.
8074,1631,8,19,81,108,1.3240740740740742,0.05858121742426419,617,Welcome to the logical conclusion of reality television evolution.
5430,1631,6,23,79,108,1.3240740740740742,0.05554834382636888,617,Have you seen the remote control?
6709,1631,4,27,77,108,1.3240740740740742,0.05234002262892206,617,Looks like its going to be another scorcher.
5015,1631,6,23,79,108,1.3240740740740742,0.05554834382636888,617,We only get the first season down here.
6669,1631,5,25,78,108,1.3240740740740742,0.05396802975210679,617,So Burning in Hell for Eternity is just another reality tv show?
4588,1631,4,27,77,108,1.3240740740740742,0.05234002262892206,617,I knew it! No cable.
97,1631,6,23,79,108,1.3240740740740742,0.05554834382636888,617,I'll always think you're hot.
730,1631,3,29,76,108,1.3240740740740742,0.050659724656455275,617,I guess we all have to play our part in curbing global warming.
745,1631,9,17,82,108,1.3240740740740742,0.060040230691071846,617,"No, I don't have the remote in my pocket!"
909,1631,5,25,78,108,1.3240740740740742,0.05396802975210679,617,An old tube TV? That settles it. We're in hell.
1042,1631,7,21,80,108,1.3240740740740742,0.05708492592953681,617,Coming up next...Dante’s Inferno...stay tuned
1288,1631,8,19,81,108,1.3240740740740742,0.05858121742426419,617,If you think it’s so bad here keep it up and I’ll send you to the White House!
1385,1631,5,25,78,108,1.3240740740740742,0.05396802975210679,617,"We're about to head to the open bar, but first this short presentation about an exciting real estate opportunity!"
1435,1631,5,25,78,108,1.3240740740740742,0.05396802975210679,617,At least the weather forcast is always accurate..!
1515,1631,9,17,82,108,1.3240740740740742,0.060040230691071846,617,When we were first dating you used to take me to live shows.
1583,1631,7,21,80,108,1.3240740740740742,0.05708492592953681,617,Look on the bright side - we won't be fighting over the remote.
2268,1631,6,23,79,108,1.3240740740740742,0.05554834382636888,617,Damn! Looks like the evangelicals were right.
2369,1631,7,21,80,108,1.3240740740740742,0.05708492592953681,617,The reception is hell on these old sets.
2506,1631,7,21,80,108,1.3240740740740742,0.05708492592953681,617,"No, Honey I don't think that's the Yule log!"
4750,1631,7,21,80,108,1.3240740740740742,0.05708492592953681,617,Here comes the timeshare pitch.
2684,1631,4,27,77,108,1.3240740740740742,0.05234002262892206,617,It 's not as hot as it looks
3901,1631,6,23,79,108,1.3240740740740742,0.05554834382636888,617,I just figured we’d be watching “Keeping up with the Kardashian’s” forever.
2840,1631,7,21,80,108,1.3240740740740742,0.05708492592953681,617,"That's right, no cable, no remote control, and you have to use the dog ears for reception. Welcome to hell."
2873,1631,9,17,82,108,1.3240740740740742,0.060040230691071846,617,"No cable, no color. This really is hell."
3388,1631,8,19,81,108,1.3240740740740742,0.05858121742426419,617,Reruns are hell.
3390,1631,9,17,82,108,1.3240740740740742,0.060040230691071846,617,If anyone changes the channel they put the Donald on for eternity.
3588,1631,7,21,80,108,1.3240740740740742,0.05708492592953681,617,"These old tube sets have warmer tones, don't they?"
3741,1631,9,17,82,108,1.3240740740740742,0.060040230691071846,617,What's a good girl like you doing here?
3777,1631,8,19,81,108,1.3240740740740742,0.05858121742426419,617,It still beats watching Fox News with my parents in Omaha.
2716,1631,8,19,81,108,1.3240740740740742,0.05858121742426419,617,"Good morning everyone, and welcome to orientation!"
3935,1631,5,25,78,108,1.3240740740740742,0.05396802975210679,617,Satan's decided to go green. Saving a bundle on fuel.
3967,1631,4,27,77,108,1.3240740740740742,0.05234002262892206,617,Horrible reception.
4137,1631,7,21,80,108,1.3240740740740742,0.05708492592953681,617,Does anyone know how to change the channel?
4257,1631,6,23,79,108,1.3240740740740742,0.05554834382636888,617,This is my first time doing performance art.
4334,1631,9,17,82,108,1.3240740740740742,0.060040230691071846,617,Fake news! They’re just warming us up.
4352,1631,9,17,82,108,1.3240740740740742,0.060040230691071846,617,I'm not surprised that eternal punishment begins with an employee onboarding video.
135,1693,3,27,72,102,1.3235294117647058,0.0524339906477096,617,It's a virtual Hell here!
2274,1693,7,19,76,102,1.3235294117647058,0.05937905033177693,617,Apparently Hell is carbon neutral now.
5107,1695,7,15,68,90,1.3222222222222222,0.06482046227105415,617,White House daily press briefing.
800,1696,5,25,79,109,1.3211009174311927,0.05355321319699775,617,"You know, I think the reception is better down here."
6449,1696,6,23,80,109,1.3211009174311927,0.0551166155440499,617,Mind if I change channels?
6170,1696,7,21,81,109,1.3211009174311927,0.05663687821850806,617,"The Seventh Circle has cable, but there's nothing on."
5702,1696,6,23,80,109,1.3211009174311927,0.0551166155440499,617,I hear they're running out of room.
5390,1696,6,23,80,109,1.3211009174311927,0.0551166155440499,617,"Last year's ""State of Etenal Damnation Address"" took 600 hours."
6767,1696,6,23,80,109,1.3211009174311927,0.0551166155440499,617,"It’s got the viewing audience of the super bowl, plus you can’t wait for the commercials"
4090,1696,5,25,79,109,1.3211009174311927,0.05355321319699775,617,"Usually I avoid watching the trailers, I like to be surprised."
3257,1696,5,25,79,109,1.3211009174311927,0.05355321319699775,617,"And you will not be permitted to pause, rewind or fast forward."
1439,1696,4,27,78,109,1.3211009174311927,0.05194277599835789,617,Apparently the fuel bill to run the old fire pit was costing him an arm and a cloven hoof !
1398,1696,6,23,80,109,1.3211009174311927,0.0551166155440499,617,"It’s either this or Hell’s newest hit show, Chicago Sanitation."
5324,1696,6,23,80,109,1.3211009174311927,0.0551166155440499,617,This is worse than Hell! We have to watch Fox!
5001,1707,6,22,78,106,1.320754716981132,0.056152740312667544,617,This is why it's called Limbo!
3672,1707,8,18,80,106,1.320754716981132,0.05926651063843898,617,It’s hell without cable.
3708,1707,6,22,78,106,1.320754716981132,0.056152740312667544,617,Coming attractions.
3810,1707,5,24,77,106,1.320754716981132,0.05452921900508679,617,The carbon tax here must be hell.
4021,1707,8,18,80,106,1.320754716981132,0.05926651063843898,617,"Who needs to watch ""Naked & Afraid"" when you can be naked and afraid."
4189,1707,9,16,81,106,1.320754716981132,0.06076358944773886,617,It's this or Fox News.
4220,1707,7,20,79,106,1.320754716981132,0.057730622410805864,617,Must be a cooking channel.
8132,1707,7,20,79,106,1.320754716981132,0.057730622410805864,617,"Typical, we only get the Fireplace Channel."
4994,1707,9,16,81,106,1.320754716981132,0.06076358944773886,617,Lucky we're not in Hawaii.
5059,1707,5,24,77,106,1.320754716981132,0.05452921900508679,617,Season 1 was better.
7179,1707,5,24,77,106,1.320754716981132,0.05452921900508679,617,funny how I used to hate pledge week and now I miss it
5443,1707,4,26,76,106,1.320754716981132,0.05285585309109633,617,No one's made it to the end so there's no spoilers!
5929,1707,8,18,80,106,1.320754716981132,0.05926651063843898,617,The first circle of hell is just fire safety training videos.
6852,1707,6,22,78,106,1.320754716981132,0.056152740312667544,617,"We knew it would be bad, but, for the love of GOD we don't even get cable?"
3577,1707,7,20,79,106,1.320754716981132,0.057730622410805864,617,Glad I was able to squeeze into this orientation session. What'd I miss?
7195,1707,9,16,81,106,1.320754716981132,0.06076358944773886,617,"The other place has HD, cable, and a remote that works."
7512,1707,6,22,78,106,1.320754716981132,0.056152740312667544,617,Showing 'The Naked and The Dead' every night does not mean he's witty.
7586,1707,5,24,77,106,1.320754716981132,0.05452921900508679,617,He keeps promising us a bathroom break at the next commercial.
7783,1707,5,24,77,106,1.320754716981132,0.05452921900508679,617,Pretty good reception down here.
8022,1707,6,22,78,106,1.320754716981132,0.056152740312667544,617,The torture is that there's no remote.
5199,1707,6,22,78,106,1.320754716981132,0.056152740312667544,617,"For what I did, I don't deserve to be in the overflow room."
2645,1707,8,18,80,106,1.320754716981132,0.05926651063843898,617,They don't even have cable. It really *is* hell.
4226,1707,6,22,78,106,1.320754716981132,0.056152740312667544,617,His Dad set these parental controls after the Fall.
2607,1707,4,26,76,106,1.320754716981132,0.05285585309109633,617,This is white collar Hell.
2613,1707,4,26,76,106,1.320754716981132,0.05285585309109633,617,Orientation.
156,1707,5,24,77,106,1.320754716981132,0.05452921900508679,617,"No cable and only ABC, CBS, NBC, CNN & FOX... this really IS Hell."
206,1707,7,20,79,106,1.320754716981132,0.057730622410805864,617,He's gone carbon neutral.
272,1707,8,18,80,106,1.320754716981132,0.05926651063843898,617,"Unfortunately, it's not fake news."
493,1707,7,20,79,106,1.320754716981132,0.057730622410805864,617,During orientation you will learn it is not so much the heat as it is the humidity.
567,1707,6,22,78,106,1.320754716981132,0.056152740312667544,617,"You will now be divided into four groups as follows. Rare, medium rare, medium and well done."
684,1707,6,22,78,106,1.320754716981132,0.056152740312667544,617,I swear to God touch me one more time and I'll call him over!
731,1707,7,20,79,106,1.320754716981132,0.057730622410805864,617,"We only get one channel, it's Hillary's burning emails."
1086,1707,6,22,78,106,1.320754716981132,0.056152740312667544,617,"Eh, the book was better"
1234,1707,7,20,79,106,1.320754716981132,0.057730622410805864,617,No more actual brimstone; blame legal.
809,1707,9,16,81,106,1.320754716981132,0.06076358944773886,617,The reception is good but the content is hell.
1552,1707,9,16,81,106,1.320754716981132,0.06076358944773886,617,What in Hell are we watching?
2409,1707,4,26,76,106,1.320754716981132,0.05285585309109633,617,This isn't exactly the reception I expected....
2230,1707,8,18,80,106,1.320754716981132,0.05926651063843898,617,No flat screen? Now I know we're in hell.
1406,1707,4,26,76,106,1.320754716981132,0.05285585309109633,617,"Actually, you don't get the full experience without the smell of brimstone."
2002,1707,5,24,77,106,1.320754716981132,0.05452921900508679,617,I heard that this part of the orientation lasts 1000 years.
1978,1707,5,24,77,106,1.320754716981132,0.05452921900508679,617,Is this the prequel?
2040,1707,6,22,78,106,1.320754716981132,0.056152740312667544,617,The GOOD news is that you’ll have TV. The BAD news is that you’ll have TV.
1574,1707,7,20,79,106,1.320754716981132,0.057730622410805864,617,The Rapture will be televised.
1573,1707,6,22,78,106,1.320754716981132,0.056152740312667544,617,I hate it when he makes us watch the news
1563,1707,7,20,79,106,1.320754716981132,0.057730622410805864,617,This show is so hot right now.
1808,1707,4,26,76,106,1.320754716981132,0.05285585309109633,617,So this is where all the ratings are coming from.
3203,1753,6,20,74,100,1.32,0.05839607015973771,617,So is this today's weather or the forecast?
2400,1754,5,25,80,110,1.3181818181818181,0.053144362821652726,617,"The reception isn't great, but we also get Fox News down here."
5083,1754,6,23,81,110,1.3181818181818181,0.05469121475257513,617,On Christmas they switch to the yule log!
7148,1756,7,20,80,107,1.3177570093457944,0.057267051827607045,617,Good thing you’re not in that shithole
7981,1756,4,26,77,107,1.3177570093457944,0.05244528572960927,617,"Is it me, or has Satan been absolutely insufferable ever since he landed the deal with Netflix?"
4883,1756,7,20,80,107,1.3177570093457944,0.057267051827607045,617,Eternal Damnation Yule Log ... Priceless.
4487,1756,9,16,82,107,1.3177570093457944,0.06026762573335826,617,This is just until they complete the natural gas installation.
4217,1756,10,14,83,107,1.3177570093457944,0.06171322755124143,617,But there weren't enough of us to help him win the popular vote
3559,1756,5,24,78,107,1.3177570093457944,0.054100311815326124,617,The real sin here is analog TV.
6220,1762,6,21,77,104,1.3173076923076923,0.05677481802775082,617,"Just when I thought it couldn't get worse, now we have to watch 'Reality TV in Hell'."
6075,1762,4,25,75,104,1.3173076923076923,0.053385081879791116,617,Note to Sartre: Hell is TV without cable.
5680,1762,6,21,77,104,1.3173076923076923,0.05677481802775082,617,The worst part is there are no subtitles
5604,1762,4,25,75,104,1.3173076923076923,0.053385081879791116,617,It's like the new museum but without the exit through the gift shop.
5602,1762,5,23,76,104,1.3173076923076923,0.05510602022191505,617,I was a fixer for a major client. And you?
5534,1762,8,17,79,104,1.3173076923076923,0.05997326868577731,617,Hannity isn't even trying anymore
5486,1762,8,17,79,104,1.3173076923076923,0.05997326868577731,617,I thought this was a place for rich people.
5464,1762,8,17,79,104,1.3173076923076923,0.05997326868577731,617,"So what, they just alternate this and The Jersey Shore?"
5425,1762,7,19,78,104,1.3173076923076923,0.05839594557390375,617,Well it is better than the View.
5397,1762,5,23,76,104,1.3173076923076923,0.05510602022191505,617,"Oh, great, more reruns."
5392,1762,7,19,78,104,1.3173076923076923,0.05839594557390375,617,I heard that this is just temporary...till the icecaps are melted
5381,1762,6,21,77,104,1.3173076923076923,0.05677481802775082,617,The picture is great! It’s almost as if we are there.
4361,1762,6,21,77,104,1.3173076923076923,0.05677481802775082,617,At the commercial break we get to watch infomercials for 170 years.
5280,1762,7,19,78,104,1.3173076923076923,0.05839594557390375,617,The first season was so much better.
5278,1762,7,19,78,104,1.3173076923076923,0.05839594557390375,617,The only channel we get down here is FOX News.
5255,1762,7,19,78,104,1.3173076923076923,0.05839594557390375,617,"You really do know this is hell. No cable, just rabbit ears and the same damn channel."
5236,1762,6,21,77,104,1.3173076923076923,0.05677481802775082,617,"""...devilishly funny.."" Peter Travers, Rolling Stone"
5118,1762,6,21,77,104,1.3173076923076923,0.05677481802775082,617,This place seems to be outdated. Wanna get the hell outta here?
5092,1762,6,21,77,104,1.3173076923076923,0.05677481802775082,617,"You know, I thought watching C-SPAN was painful enough."
4959,1762,5,23,76,104,1.3173076923076923,0.05510602022191505,617,Commercial free is not always a good thing.
4765,1762,5,23,76,104,1.3173076923076923,0.05510602022191505,617,The orientation IS hell.
4610,1762,10,13,81,104,1.3173076923076923,0.06300957031775932,617,"Forget about the outdated television, I thought there'd be more be more Black people here."
4385,1762,4,25,75,104,1.3173076923076923,0.053385081879791116,617,At least they don't get cable news down here.
6425,1762,6,21,77,104,1.3173076923076923,0.05677481802775082,617,It doesn't really pack the same punch on the small screen.
8133,1762,6,21,77,104,1.3173076923076923,0.05677481802775082,617,Rabbit ears. Now there's your real hell.
7321,1762,6,21,77,104,1.3173076923076923,0.05677481802775082,617,"From what I hear,viewer discretion is advised."
6609,1762,2,29,73,104,1.3173076923076923,0.04976498741625264,617,In Purgatory we just get the trailer.
4268,1762,7,19,78,104,1.3173076923076923,0.05839594557390375,617,One channel and there's nothing to see.
8110,1762,7,19,78,104,1.3173076923076923,0.05839594557390375,617,It was either this or Fox & Friends.
7908,1762,6,21,77,104,1.3173076923076923,0.05677481802775082,617,This is only the 6th Level. The 7th makes you deal with cable.
7895,1762,6,21,77,104,1.3173076923076923,0.05677481802775082,617,"I can't say much for their customer service, but it's a helluva improvement over Comcast's."
7855,1762,10,13,81,104,1.3173076923076923,0.06300957031775932,617,At least on the other channels you get snow.
7716,1762,7,19,78,104,1.3173076923076923,0.05839594557390375,617,"No matter what he says, don't pull his tail."
7691,1762,9,15,80,104,1.3173076923076923,0.061510157325782765,617,Ugh. Reality TV again tonight.
7563,1762,8,17,79,104,1.3173076923076923,0.05997326868577731,617,Looks like our Amazon Fire account runs through eternity.
7498,1762,7,19,78,104,1.3173076923076923,0.05839594557390375,617,So far so good--no long PowerPoints and no icebreaker games.
7461,1762,7,19,78,104,1.3173076923076923,0.05839594557390375,617,It's a commercial for your new home; it runs twenty-four seven.
7394,1762,3,27,74,104,1.3173076923076923,0.05160678705292447,617,I’m surprised how good the reception is down here.
6474,1762,6,21,77,104,1.3173076923076923,0.05677481802775082,617,"Oh this again, I've seen this a least thousand times."
7260,1762,7,19,78,104,1.3173076923076923,0.05839594557390375,617,Welcome to orientation.
7064,1762,5,23,76,104,1.3173076923076923,0.05510602022191505,617,He’s just trying to scare us. It’s only a movie on a crappy old TV.
7062,1762,4,25,75,104,1.3173076923076923,0.053385081879791116,617,"You know, I directed this."
6997,1762,7,19,78,104,1.3173076923076923,0.05839594557390375,617,Did I miss Judge Judy?
6980,1762,6,21,77,104,1.3173076923076923,0.05677481802775082,617,"Well, looks like Sartre got it all wrong !"
6903,1762,8,17,79,104,1.3173076923076923,0.05997326868577731,617,"Of course, no cable."
6850,1762,7,19,78,104,1.3173076923076923,0.05839594557390375,617,Must be Christmas Eve.
6804,1762,6,21,77,104,1.3173076923076923,0.05677481802775082,617,I think I'm in the wrong orientation session.
6694,1762,8,17,79,104,1.3173076923076923,0.05997326868577731,617,Must be Purgatory. Hell would be Trump.
6690,1762,10,13,81,104,1.3173076923076923,0.06300957031775932,617,I heard the new torture is having to watch & listen to a Sarah Huckabee Sanders press briefing...on a loop...
6688,1762,6,21,77,104,1.3173076923076923,0.05677481802775082,617,"And there's no way to ""skip ad""."
6629,1762,11,11,82,104,1.3173076923076923,0.06447412232062384,617,It’s worse than I thought. 24 hours a day of Fox News.
7211,1762,5,23,76,104,1.3173076923076923,0.05510602022191505,617,I just hope there are no ads.
4256,1762,10,13,81,104,1.3173076923076923,0.06300957031775932,617,Tomorrow we watch C-Span.
2643,1762,9,15,80,104,1.3173076923076923,0.061510157325782765,617,Not one of us is really looking at the TV.
4184,1762,6,21,77,104,1.3173076923076923,0.05677481802775082,617,I wish it was fake news.
2208,1762,7,19,78,104,1.3173076923076923,0.05839594557390375,617,I hear he's working on a syndication deal with Fox.
2176,1762,9,15,80,104,1.3173076923076923,0.061510157325782765,617,How did you end up in economy class?
1959,1762,9,15,80,104,1.3173076923076923,0.061510157325782765,617,I hear heaven has cable.
1918,1762,7,19,78,104,1.3173076923076923,0.05839594557390375,617,"If it were heaven, that'd be a digital flat screen."
1869,1762,8,17,79,104,1.3173076923076923,0.05997326868577731,617,Isn't this a bit of overkill?
1473,1762,5,23,76,104,1.3173076923076923,0.05510602022191505,617,"When he's mad, he switches it to ""Everybody Loves Raymond."""
1446,1762,7,19,78,104,1.3173076923076923,0.05839594557390375,617,"I brought a doctor's note to Jury Duty, too, and they didn't make me stay for Orientation. Just saying..."
1319,1762,4,25,75,104,1.3173076923076923,0.053385081879791116,617,The naked truth ... this is virtual hell!
1237,1762,7,19,78,104,1.3173076923076923,0.05839594557390375,617,"I heard that in the 8th Circle, the only thing you get to watch are ""The Apprentice"" reruns."
1146,1762,4,25,75,104,1.3173076923076923,0.053385081879791116,617,He'd probably get more heat if he put a little tin foil on the antenna.
1114,1762,7,19,78,104,1.3173076923076923,0.05839594557390375,617,To hell with Amazon Fire TV.
996,1762,10,13,81,104,1.3173076923076923,0.06300957031775932,617,Standby for words from Donald F. Trump.
934,1762,9,15,80,104,1.3173076923076923,0.061510157325782765,617,What are you doing after the movie?
853,1762,6,21,77,104,1.3173076923076923,0.05677481802775082,617,"I was prepared for the heat, but standard definition?"
735,1762,5,23,76,104,1.3173076923076923,0.05510602022191505,617,I hate re-runs...
717,1762,8,17,79,104,1.3173076923076923,0.05997326868577731,617,We should have researched the timeshare before we took the free vacation.
650,1762,4,25,75,104,1.3173076923076923,0.053385081879791116,617,"I've seen this one before, it's another re-heat."
637,1762,5,23,76,104,1.3173076923076923,0.05510602022191505,617,In Heaven they have a 60 inch flat screen
492,1762,4,25,75,104,1.3173076923076923,0.053385081879791116,617,TV helps me take my mind off of things.
238,1762,7,19,78,104,1.3173076923076923,0.05839594557390375,617,What the Hell?
194,1762,9,15,80,104,1.3173076923076923,0.061510157325782765,617,"They switch it to the Yule Log once a year, but in July, just to mess with us."
105,1762,5,23,76,104,1.3173076923076923,0.05510602022191505,617,"Could be a lot worse, like old Lawrence Welk shows."
4200,1762,6,21,77,104,1.3173076923076923,0.05677481802775082,617,Anybody seen the remote?
2363,1762,5,23,76,104,1.3173076923076923,0.05510602022191505,617,It's more consuming than I expected.
2572,1762,5,23,76,104,1.3173076923076923,0.05510602022191505,617,The safety videos always bore me.
1686,1762,7,19,78,104,1.3173076923076923,0.05839594557390375,617,Thinking 'bout changing my church membership.
2653,1762,10,13,81,104,1.3173076923076923,0.06300957031775932,617,Think he'd turn on the ball game if I asked nicely?
4122,1762,6,21,77,104,1.3173076923076923,0.05677481802775082,617,At least it's real news.
4109,1762,6,21,77,104,1.3173076923076923,0.05677481802775082,617,"I'm not sure the network is ready for ""Naked Apprentices""."
4101,1762,5,23,76,104,1.3173076923076923,0.05510602022191505,617,Apparently there's also a special place in hell for nudists.
4099,1762,5,23,76,104,1.3173076923076923,0.05510602022191505,617,"You're a newbie? Well, we've just completed 400 years of 24/7 Gilligan's Island reruns. Next is The Apprentice."
2614,1762,7,19,78,104,1.3173076923076923,0.05839594557390375,617,It used to be a PowerPoint.
4037,1762,7,19,78,104,1.3173076923076923,0.05839594557390375,617,"I know our EPA boss says we have to watch FOX, but did they have to take our clothes too?"
3875,1762,4,25,75,104,1.3173076923076923,0.053385081879791116,617,I've seen it before. It's not so hot.
3853,1762,9,15,80,104,1.3173076923076923,0.061510157325782765,617,It's this or Fox.
3624,1762,5,23,76,104,1.3173076923076923,0.05510602022191505,617,Even Hades accepts climate change as a reality.
3599,1762,8,17,79,104,1.3173076923076923,0.05997326868577731,617,The ultimate punishment...Reality TV!
3545,1762,4,25,75,104,1.3173076923076923,0.053385081879791116,617,This may be a case where the movie is actually better than the book!
3417,1762,5,23,76,104,1.3173076923076923,0.05510602022191505,617,And right when this orientation was looking promising.
4060,1762,6,21,77,104,1.3173076923076923,0.05677481802775082,617,If I knew we couldn't get cable I would have behaved better.
3413,1762,5,23,76,104,1.3173076923076923,0.05510602022191505,617,I always saw Lucifer as a Fox News kinda guy.
3195,1762,6,21,77,104,1.3173076923076923,0.05677481802775082,617,No cable! What the hell?
3104,1762,7,19,78,104,1.3173076923076923,0.05839594557390375,617,It only gets PBS
3095,1762,5,23,76,104,1.3173076923076923,0.05510602022191505,617,Eternity is a long replay
2978,1762,7,19,78,104,1.3173076923076923,0.05839594557390375,617,This next bit's my favorite.
3415,1762,6,21,77,104,1.3173076923076923,0.05677481802775082,617,"Wait, and you are sure we are not in the White House?"
2941,1762,7,19,78,104,1.3173076923076923,0.05839594557390375,617,I was pretty confident we would be able to get Fox News down here.
2888,1762,7,19,78,104,1.3173076923076923,0.05839594557390375,617,I heard the orientation makes it seem worse than it is.
2773,1762,6,21,77,104,1.3173076923076923,0.05677481802775082,617,I'm actually a fan of reality TV.
2768,1762,5,23,76,104,1.3173076923076923,0.05510602022191505,617,Next up: 30 continuous days of 'Keeping up with the Kardashians'
2687,1762,6,21,77,104,1.3173076923076923,0.05677481802775082,617,It's not as bad as having to watch reruns of The Apprentice.
3354,1868,4,23,71,98,1.316326530612245,0.05541750716194502,617,I'm more confused than ever about this whole purgatory thing.
3593,1868,8,15,75,98,1.316326530612245,0.06255136963283417,617,"No, I think the punishment here is that it's an old model tube television."
4380,1870,6,23,82,111,1.3153153153153154,0.05427201483361608,617,Anything less than 3840 x 2160 pixels is hell for me.
2213,1871,9,16,83,108,1.3148148148148149,0.059779432109329844,617,"It's called ""The Insurance Channel."""
3298,1871,6,22,80,108,1.3148148148148149,0.05526635236497289,617,"I hear if you don't behave, they send you back."
3855,1871,8,18,82,108,1.3148148148148149,0.0583138940286598,617,We’ll damn! The rumors about hell being owned by the cable companies are true!
7930,1871,6,22,80,108,1.3148148148148149,0.05526635236497289,617,"In Heaven, I hear it's fluffy clouds on HD Flat Screens."
7253,1875,7,19,79,105,1.3142857142857143,0.0579160149081082,617,I am naked and afraid.
6998,1875,5,23,77,105,1.3142857142857143,0.0546622759911792,617,Who says this is worse than trying to unsubscribe from Comcast?
6360,1875,7,19,79,105,1.3142857142857143,0.0579160149081082,617,"In an act of pure torture, the devil played fire and brimstone on TV instead of the royal wedding."
5759,1875,10,13,82,105,1.3142857142857143,0.06247971936786177,617,The first season was so much better.
5719,1875,7,19,79,105,1.3142857142857143,0.0579160149081082,617,I bet you I can flip this place in a week with an upgraded home theater system and central air install.
5481,1875,7,19,79,105,1.3142857142857143,0.0579160149081082,617,"Damn, another rerun."
4785,1875,6,21,78,105,1.3142857142857143,0.05631265044096245,617,"Reruns, again? It's like they want us to suffer."
3608,1875,7,19,79,105,1.3142857142857143,0.0579160149081082,617,"Hey, I love the Yule Log!"
3434,1875,7,19,79,105,1.3142857142857143,0.0579160149081082,617,"For an orientation video, the production values aren't bad."
2493,1875,8,17,80,105,1.3142857142857143,0.05947617141331808,617,"Well, it's better than Fox."
2915,1875,9,15,81,105,1.3142857142857143,0.06099643554451832,617,They said there was a special place for television show critics...
255,1875,8,17,80,105,1.3142857142857143,0.05947617141331808,617,I didn't realize pre-marital counseling was so intense.
344,1875,7,19,79,105,1.3142857142857143,0.0579160149081082,617,"Actually, this isn’t the hellish part. Just wait for Fox News to begin."
358,1875,9,15,81,105,1.3142857142857143,0.06099643554451832,617,I hate reality TV.
732,1875,8,17,80,105,1.3142857142857143,0.05947617141331808,617,"Last week it was reruns of ""Keeping Up with the Kardashians"" and ""Here Comes Honey Boo Boo."""
3142,1875,6,21,78,105,1.3142857142857143,0.05631265044096245,617,I've been to worse orientations.
1751,1875,9,15,81,105,1.3142857142857143,0.06099643554451832,617,Direct feed to Fox News...this is hell!
2669,1875,8,17,80,105,1.3142857142857143,0.05947617141331808,617,You'll receive a certificate when you complete your orientation.
948,1875,4,25,76,105,1.3142857142857143,0.052960496914074194,617,I hate when people force you to watch their favorite TV show.
6023,1894,2,28,72,102,1.3137254901960784,0.0501993543873733,617,"To be honest, I never saw boobs on Earth."
5467,1894,7,18,77,102,1.3137254901960784,0.0590818117929164,617,It's not even HD. Can it get any worse?
8152,1894,6,20,76,102,1.3137254901960784,0.0574153587811545,617,God I'd kill to watch The Crown right now.
6016,1894,5,22,75,102,1.3137254901960784,0.05569906967987701,617,I didn't know that watching the world go up in flames would get such high ratings.
5878,1894,7,18,77,102,1.3137254901960784,0.0590818117929164,617,Heaven must have cable.
5835,1894,8,16,78,102,1.3137254901960784,0.060702533270848714,617,"If that is all hell is, it was worth it."
5755,1894,6,20,76,102,1.3137254901960784,0.0574153587811545,617,Huh - more fake news.
5739,1894,6,20,76,102,1.3137254901960784,0.0574153587811545,617,It's an orientation video. I'm told it's narrated by the President.
5689,1894,8,16,78,102,1.3137254901960784,0.060702533270848714,617,In heaven they get flatscreens.
5647,1894,7,18,77,102,1.3137254901960784,0.0590818117929164,617,I guess the cable deal I sold my soul for expired when I died.
5447,1894,7,18,77,102,1.3137254901960784,0.0590818117929164,617,The recession sure is hitting Hell hard.
5221,1894,8,16,78,102,1.3137254901960784,0.060702533270848714,617,They’re trying to reduce global warming
5394,1894,7,18,77,102,1.3137254901960784,0.0590818117929164,617,I don’t know what’s worse — being naked or having Spectrum as our cable provider.
5367,1894,5,22,75,102,1.3137254901960784,0.05569906967987701,617,Forced to stand and watch the Weather Channel forever... about what I expected.
6036,1894,5,22,75,102,1.3137254901960784,0.05569906967987701,617,It's like the holiday yule log video only with brimstone.
5153,1894,2,28,72,102,1.3137254901960784,0.0501993543873733,617,"Well, where would you hide the remote?"
5098,1894,7,18,77,102,1.3137254901960784,0.0590818117929164,617,It's exactly like they pictured it on TV.
5056,1894,9,14,79,102,1.3137254901960784,0.062281093489624885,617,reality tv.
4939,1894,7,18,77,102,1.3137254901960784,0.0590818117929164,617,The cable companies are in a different circle of Hell.
4897,1894,5,22,75,102,1.3137254901960784,0.05569906967987701,617,"Their virtual reality isn't exactly cutting-edge, is it?"
4737,1894,8,16,78,102,1.3137254901960784,0.060702533270848714,617,"Yes, you are dead, and this is hell, so, abandon all hope and uh yada yada yada. Shut up and watch the orientation program already!"
4611,1894,8,16,78,102,1.3137254901960784,0.060702533270848714,617,"Are they serving lunch after the promotional video, or do we have to listen to him pitch the place as well?"
4418,1894,3,26,73,102,1.3137254901960784,0.052097142356121555,617,"They're going to force us to watch ""Towering Inferno"" in black & white."
4360,1894,8,16,78,102,1.3137254901960784,0.060702533270848714,617,We got a much better view than the folks who are going to be looking at the side of the TV for eternity.
5414,1894,6,20,76,102,1.3137254901960784,0.0574153587811545,617,Reality TV has gone to hell.
6258,1894,4,24,74,102,1.3137254901960784,0.05392818653022643,617,You have to watch the sales pitch to get the free vacation.
6598,1894,6,20,76,102,1.3137254901960784,0.0574153587811545,617,"Aw, hell, I think it’s a rerun!"
6450,1894,2,28,72,102,1.3137254901960784,0.0501993543873733,617,"I got here late, but it think it's the ""Coming Attractions""."
4327,1894,6,20,76,102,1.3137254901960784,0.0574153587811545,617,Don’t you hate it when the previews gives away the ending?
8093,1894,4,24,74,102,1.3137254901960784,0.05392818653022643,617,"On the plus side, it's commercial-free."
8079,1894,9,14,79,102,1.3137254901960784,0.062281093489624885,617,It'll be much worse once they get HDTV...
8004,1894,5,22,75,102,1.3137254901960784,0.05569906967987701,617,I hope he votes me off on tonight's episode.
7968,1894,8,16,78,102,1.3137254901960784,0.060702533270848714,617,Don't worry about the picture quality. ?Beelzebub announced that the cable installer would be here between 8 a.m. and eternity.
7838,1894,10,12,80,102,1.3137254901960784,0.0638206210172566,617,I don’t remember reading about this in the Terms and Conditions.
7713,1894,7,18,77,102,1.3137254901960784,0.0590818117929164,617,Seriously?
7645,1894,7,18,77,102,1.3137254901960784,0.0590818117929164,617,The smoke alarm kept going off.
7597,1894,7,18,77,102,1.3137254901960784,0.0590818117929164,617,In Heaven the streets are lined with 110 inch Ultra HD TV's and angels bring you buttered popcorn.
7362,1894,6,20,76,102,1.3137254901960784,0.0574153587811545,617,And I thought Satan ran the cable TV industry.
7346,1894,6,20,76,102,1.3137254901960784,0.0574153587811545,617,"Makes me hot, how about you?"
6305,1894,6,20,76,102,1.3137254901960784,0.0574153587811545,617,It’s a documentary about the environment.
7194,1894,5,22,75,102,1.3137254901960784,0.05569906967987701,617,Nice of him to ease us into it.
7134,1894,7,18,77,102,1.3137254901960784,0.0590818117929164,617,I wrote GEICO ads when I was alive. You?
7075,1894,4,24,74,102,1.3137254901960784,0.05392818653022643,617,These days they just make us watch the fireplace channel
7065,1894,7,18,77,102,1.3137254901960784,0.0590818117929164,617,"I can handle the heat, but having to watch Fox News is just the worst."
6897,1894,6,20,76,102,1.3137254901960784,0.0574153587811545,617,Orientation. I can see why they don't go to a lot of expense. It's a pretty easy concept to grasp.
6885,1894,8,16,78,102,1.3137254901960784,0.060702533270848714,617,Let's hope it's fake news.
6877,1894,6,20,76,102,1.3137254901960784,0.0574153587811545,617,No! No! It’s just a prelude to the White House press briefing.
6736,1894,8,16,78,102,1.3137254901960784,0.060702533270848714,617,The worst part is finding out that Hell hasn't gone digital yet.
6670,1894,4,24,74,102,1.3137254901960784,0.05392818653022643,617,Don't worry folks. IT'S DRY HEAT!
6621,1894,4,24,74,102,1.3137254901960784,0.05392818653022643,617,Local news — always with such doom and gloom.
6602,1894,6,20,76,102,1.3137254901960784,0.0574153587811545,617,All this plasma here and He can’t manage to scare up a flat screen tv?
6510,1894,8,16,78,102,1.3137254901960784,0.060702533270848714,617,amazing reception for rabbit ears
7193,1894,4,24,74,102,1.3137254901960784,0.05392818653022643,617,I have had enough of this reality TV!
4316,1894,6,20,76,102,1.3137254901960784,0.0574153587811545,617,Spoiler Alert. It doesn’t end well.
2692,1894,5,22,75,102,1.3137254901960784,0.05569906967987701,617,I'm just glad it's not another 'Roseanne' rerun.
4023,1894,7,18,77,102,1.3137254901960784,0.0590818117929164,617,I heard they have all the cable channels in heaven.
1895,1894,6,20,76,102,1.3137254901960784,0.0574153587811545,617,It really doesn't live up to the hype.
1732,1894,7,18,77,102,1.3137254901960784,0.0590818117929164,617,I hear that in the seventh circle they have Netflix
1664,1894,8,16,78,102,1.3137254901960784,0.060702533270848714,617,Something tells me this isn’t fake news.
1640,1894,7,18,77,102,1.3137254901960784,0.0590818117929164,617,"The fire orientation is very retro, but I heard the brimstone orientation is a multimedia extravaganza!"
1564,1894,4,24,74,102,1.3137254901960784,0.05392818653022643,617,"No, actually, this is Hellish."
1316,1894,8,16,78,102,1.3137254901960784,0.060702533270848714,617,It's really not that different from home.
1283,1894,6,20,76,102,1.3137254901960784,0.0574153587811545,617,"It's less painful than I had imagined, but more depressing."
1248,1894,6,20,76,102,1.3137254901960784,0.0574153587811545,617,They did say that the timeshare pitch would be for a hell of a trip to a hotspot destination.
1183,1894,6,20,76,102,1.3137254901960784,0.0574153587811545,617,I never knew how much I'd miss cable.
1102,1894,7,18,77,102,1.3137254901960784,0.0590818117929164,617,"The cable is down, surprise"
1092,1894,5,22,75,102,1.3137254901960784,0.05569906967987701,617,I never imagined it would be this chilly here.
1081,1894,4,24,74,102,1.3137254901960784,0.05392818653022643,617,I don't think we really need a preview.
4045,1894,4,24,74,102,1.3137254901960784,0.05392818653022643,617,Today's forecast: Hot with a 20% chance of brimstone
960,1894,5,22,75,102,1.3137254901960784,0.05569906967987701,617,This is kinda nice. The wife and I used to watch a Yule Log on TV around the holidays.
817,1894,5,22,75,102,1.3137254901960784,0.05569906967987701,617,Hell is not having cable.
799,1894,4,24,74,102,1.3137254901960784,0.05392818653022643,617,Don’t worry the pilot is always the worst episode
654,1894,8,16,78,102,1.3137254901960784,0.060702533270848714,617,This really is hell....no cable!
621,1894,8,16,78,102,1.3137254901960784,0.060702533270848714,617,I totally just saw where the loop started again.
455,1894,5,22,75,102,1.3137254901960784,0.05569906967987701,617,It's definitely hell because there's no remote.
221,1894,8,16,78,102,1.3137254901960784,0.060702533270848714,617,"I heard heaven has a 52"" flat panel."
210,1894,7,18,77,102,1.3137254901960784,0.0590818117929164,617,I can't change it! Someone's stolen the remote.
120,1894,6,20,76,102,1.3137254901960784,0.0574153587811545,617,I’m beginning to think this fire and brimstone talk is fake news
20,1894,7,18,77,102,1.3137254901960784,0.0590818117929164,617,The genius of this place is not having a remote.
1971,1894,5,22,75,102,1.3137254901960784,0.05569906967987701,617,You would think he could afford a flatscreen.
2085,1894,5,22,75,102,1.3137254901960784,0.05569906967987701,617,"When I first got here I was relieved, but after a while it's as boring as hell."
998,1894,7,18,77,102,1.3137254901960784,0.0590818117929164,617,You are hot. So am I.
2355,1894,6,20,76,102,1.3137254901960784,0.0574153587811545,617,Mind telling me what the hell is going on?
3839,1894,7,18,77,102,1.3137254901960784,0.0590818117929164,617,These virtual tours are okay but they just don't capture the soul of eternal damnation.
3817,1894,6,20,76,102,1.3137254901960784,0.0574153587811545,617,It's just not the same experience when viewed online.
3798,1894,5,22,75,102,1.3137254901960784,0.05569906967987701,617,"For every show, from Walking Dead to Game of Thrones, they cut the last ten minutes. I tell you, it's hell."
3755,1894,10,12,80,102,1.3137254901960784,0.0638206210172566,617,"Hey, it could be worse. In the innermost circle they have to stand on stilettos and watch The Kardashians for eternity."
3750,1894,9,14,79,102,1.3137254901960784,0.062281093489624885,617,Clothed captioning is only available on the upstairs TV.
3679,1894,4,24,74,102,1.3137254901960784,0.05392818653022643,617,Do you think they get cable in heaven?
3648,1894,2,28,72,102,1.3137254901960784,0.0501993543873733,617,Okay...the fight against global warming has gotten seriously out of hand!
3470,1894,2,28,72,102,1.3137254901960784,0.0501993543873733,617,Every so often the antenna picks up brimstone.
3326,1894,4,24,74,102,1.3137254901960784,0.05392818653022643,617,¨Who keeps telling him not to change it?¨
3311,1894,5,22,75,102,1.3137254901960784,0.05569906967987701,617,I heard they have flat screens in heaven. I shouldn't have used the carpool lane alone...
3221,1894,7,18,77,102,1.3137254901960784,0.0590818117929164,617,"Turns out, the worst thing really is waiting for the cable guy."
2152,1894,8,16,78,102,1.3137254901960784,0.060702533270848714,617,I hear you get an iPod in heaven.
3127,1894,7,18,77,102,1.3137254901960784,0.0590818117929164,617,"Welcome to Hell, it’s cable with only one channel!"
3076,1894,6,20,76,102,1.3137254901960784,0.0574153587811545,617,On Tuesday’s we watch Backdraft.
3061,1894,7,18,77,102,1.3137254901960784,0.0590818117929164,617,What the hell... no flat screen!?
3032,1894,7,18,77,102,1.3137254901960784,0.0590818117929164,617,Don't say a word otherwise it's back to Fox News!
2919,1894,9,14,79,102,1.3137254901960784,0.062281093489624885,617,"It's called ""Hell on Earth"". It's our favorite show since Trump took office."
2914,1894,4,24,74,102,1.3137254901960784,0.05392818653022643,617,This movie is making me hot!
2828,1894,5,22,75,102,1.3137254901960784,0.05569906967987701,617,He's saving tons with this fire video since the price of oil went up.
2821,1894,6,20,76,102,1.3137254901960784,0.0574153587811545,617,24/7 newstainment...this must be hell.
2738,1894,4,24,74,102,1.3137254901960784,0.05392818653022643,617,Coming up next: brimstone!
2720,1894,5,22,75,102,1.3137254901960784,0.05569906967987701,617,It's mandatory viewing once every thousand years. Seems the people in HR just don't get it.
2644,1894,6,20,76,102,1.3137254901960784,0.0574153587811545,617,I hear the other place has Hulu.
2510,1894,3,26,73,102,1.3137254901960784,0.052097142356121555,617,Do we have to watch is vacation videos again?
3108,1894,5,22,75,102,1.3137254901960784,0.05569906967987701,617,Don’t even think about changing the channel.
7370,2002,5,20,71,96,1.3125,0.05794829062159566,617,Wow! Great reception for rabbit ears!
3637,2003,5,23,78,106,1.3113207547169812,0.054225259009760544,617,"Oh, we're in Hell alright; not only is that not a flat screen, it's the only channel."
1914,2004,7,14,69,90,1.3111111111111111,0.06446639602026245,617,"Sound is terrible, but it's a Hell of a picture!"
638,2005,5,22,76,103,1.3106796116504855,0.05523968887866249,617,Fox News would have been hell.
1238,2005,4,24,75,103,1.3106796116504855,0.05348883825913465,617,Beats watching the news.
3279,2005,8,16,79,103,1.3106796116504855,0.06018741940563755,617,I never liked the Yule log much either
3456,2005,7,18,78,103,1.3106796116504855,0.05858462294502332,617,These time-share presentations are hell!
4500,2005,9,14,80,103,1.3106796116504855,0.061748626412331455,617,Down here you can't expect more than local programming.
7583,2005,4,24,75,103,1.3106796116504855,0.05348883825913465,617,At least they let me keep my glasses for this.
4725,2011,6,19,75,100,1.31,0.05807518637703431,617,"Actually, I would rather be cast into a real lake of fire."
4787,2011,5,21,74,100,1.31,0.05630903187506485,617,It's a lot cheaper than keeping those fires going constantly.
4864,2011,6,19,75,100,1.31,0.05807518637703431,617,A blatant violation of net neutrality.
4951,2011,4,23,73,100,1.31,0.05448565745851716,617,"One person sues Hell one time, and now we all have to attend the annual safety presentation."
5029,2011,6,19,75,100,1.31,0.05807518637703431,617,It looks a lot less scary on a black and white TV.
5746,2011,8,15,77,100,1.31,0.061455412103147394,617,That's right. 66 episodes of Game of Thrones... we will never play the 67th.
5852,2011,5,21,74,100,1.31,0.05630903187506485,617,"When Millenials said we Baby Boomers would go to Hell for what we did to the environment, they weren't kidding."
6097,2011,8,15,77,100,1.31,0.061455412103147394,617,We finally got it-nothing is real to us unless we see it on TV.
6118,2011,4,23,73,100,1.31,0.05448565745851716,617,Who'd a thought we'd be the one's to benefit from global warming?!
6357,2011,7,17,76,100,1.31,0.05978919195596703,617,"No cable and a small vintage '50s TV. Yeah, it's hell."
6266,2011,7,17,76,100,1.31,0.05978919195596703,617,"“Heat rises, so they get global warming up top and mark my words, we’ll start to freeze down here”."
6281,2011,8,15,77,100,1.31,0.061455412103147394,617,Anywhere else and all we'd get would be snow.
4621,2011,7,17,76,100,1.31,0.05978919195596703,617,"McLuhan was obviously wrong, but I didn't think I'd learn it this way."
6541,2011,3,25,72,100,1.31,0.052599112793531654,617,It's Hell alright. Not even flat screen TV.
6557,2011,6,19,75,100,1.31,0.05807518637703431,617,This is the snowball episode. One of my favorites.
6601,2011,7,17,76,100,1.31,0.05978919195596703,617,...ZERO plot development.
6632,2011,6,19,75,100,1.31,0.05807518637703431,617,See? Even hell signed the Paris Agreement. That was our Downfall.
7299,2011,9,13,78,100,1.31,0.06307763374436201,617,It could be worse - they could play Fox News.
7357,2011,1,29,70,100,1.31,0.04860685407045246,617,You know those old tube sets gave off a lot of heat.
6193,2011,8,15,77,100,1.31,0.061455412103147394,617,Of course it's Hell. They don't have cable.
4279,2011,8,15,77,100,1.31,0.061455412103147394,617,I'm not afraid and I'm available for infinity.
5219,2011,7,17,76,100,1.31,0.05978919195596703,617,"I think this new format of ""Fox and Friends"" really sizzles."
3984,2011,6,19,75,100,1.31,0.05807518637703431,617,How is this different?
77,2011,3,25,72,100,1.31,0.052599112793531654,617,Flat screens and cable would be heaven.
304,2011,7,17,76,100,1.31,0.05978919195596703,617,Well this a let down.
484,2011,8,15,77,100,1.31,0.061455412103147394,617,"Nothing but white people and basic cable, clearly this is hell."
673,2011,7,17,76,100,1.31,0.05978919195596703,617,"After the introductory video , we pair off and resume sinning."
716,2011,6,19,75,100,1.31,0.05807518637703431,617,I heard that people started complaining about the smoke so the board was forced to make changes.
950,2011,7,17,76,100,1.31,0.05978919195596703,617,Enough Weather Channel already.
1034,2011,4,23,73,100,1.31,0.05448565745851716,617,"Well, this is one benefit to the soaring price of oil."
1212,2011,8,15,77,100,1.31,0.061455412103147394,617,The forecast for tonight is extra crispy!
1344,2011,6,19,75,100,1.31,0.05807518637703431,617,"So, THIS is hot sex. It's worse than I thought"
1346,2011,6,19,75,100,1.31,0.05807518637703431,617,Rumor has it they’re watching Roseanne in heaven.
1955,2011,8,15,77,100,1.31,0.061455412103147394,617,The worst part is there is an ad every 5 minutes.
2970,2011,5,21,74,100,1.31,0.05630903187506485,617,At least it's commercial-free.
3039,2011,6,19,75,100,1.31,0.05807518637703431,617,"""Naked and Afraid' is wickedly popular down here."
4250,2011,5,21,74,100,1.31,0.05630903187506485,617,If we want the Super Bowl we have to put up with the local ads.
3043,2011,4,23,73,100,1.31,0.05448565745851716,617,Last time we only had to throw our books in.
3120,2011,5,21,74,100,1.31,0.05630903187506485,617,You wanna Netflix and burn in hell tonight?
3291,2011,6,19,75,100,1.31,0.05807518637703431,617,I sold my soul to cable tv when I was 12. How about you?
3426,2011,6,19,75,100,1.31,0.05807518637703431,617,These YouTube instructional videos really are helpful
3595,2011,5,21,74,100,1.31,0.05630903187506485,617,The people of the United States gathering to watch Trump's State of the Union address
1642,2011,7,17,76,100,1.31,0.05978919195596703,617,This must be Hell. No cable!
3989,2054,6,13,62,81,1.308641975308642,0.06722446118549126,617,It's official. Trump is the only person anywhere not trying to reduce carbon emissions.
4634,2055,3,23,68,94,1.3085106382978724,0.054591504674966845,617,That's why it's called Hell. There's only one channel and only one show.
7622,2055,7,15,72,94,1.3085106382978724,0.062412777380097484,617,This IS Hell! --3 channels with nothing on.
4655,2057,6,20,78,104,1.3076923076923077,0.056465675359676025,617,Just what I expected. All commercials.
603,2057,7,18,79,104,1.3076923076923077,0.05809543003722783,617,"When the commercials come on, they try to sell you Kool-Aid"
7117,2059,6,19,76,101,1.306930693069307,0.057579173657618665,617,Is Gordon Ramsay going to come out?
275,2059,9,13,79,101,1.306930693069307,0.06252536001523543,617,It's like his soul's not in this anymore.
1054,2059,6,19,76,101,1.306930693069307,0.057579173657618665,617,It’s something called Honey Boo Boo.
1107,2059,6,19,76,101,1.306930693069307,0.057579173657618665,617,None of us read the fine print on that Amazon Fire stick.
4310,2059,7,17,77,101,1.306930693069307,0.059273780384537685,617,"All their pants were on fire, and the news covered it."
4399,2059,4,23,74,101,1.306930693069307,0.05403074712729605,617,"With all that fracking up top, they ran out of things to burn."
5977,2059,8,15,78,101,1.306930693069307,0.060921267575901626,617,"I find the fake flames kind of tacky, but he says the gas bill was getting out of hand."
6781,2059,8,15,78,101,1.306930693069307,0.060921267575901626,617,"Climate change, my ass!"
5810,2067,5,20,73,98,1.3061224489795917,0.0569365998949401,617,Reality tv for eternity - my personal hell.
5845,2067,3,24,71,98,1.3061224489795917,0.05311298839405369,617,"Try thinking of it as a Yule log, 24/365."
6363,2067,6,18,74,98,1.3061224489795917,0.05875516865196881,617,This is NOT what it looked like in the brochure...
5931,2067,3,24,71,98,1.3061224489795917,0.05311298839405369,617,I've already seen this one
5999,2067,5,20,73,98,1.3061224489795917,0.0569365998949401,617,Beelzebub said it’s to minimize our carbon footprint.
5714,2067,3,24,71,98,1.3061224489795917,0.05311298839405369,617,My lawyer says I'll be out in 3 months.
5922,2067,5,20,73,98,1.3061224489795917,0.0569365998949401,617,"'You'll burn in hell,' "" was a little overstated, wasn't it?"
5298,2067,4,22,72,98,1.3061224489795917,0.05505799643895233,617,Dang! I already saw this one!
4989,2067,5,20,73,98,1.3061224489795917,0.0569365998949401,617,"Apparently Hell doesn't have cable, either."
5065,2067,3,24,71,98,1.3061224489795917,0.05311298839405369,617,I heard they get basic cable in Limbo.
5037,2067,6,18,74,98,1.3061224489795917,0.05875516865196881,617,My parents warned me there was only one channel down here.
4998,2067,3,24,71,98,1.3061224489795917,0.05311298839405369,617,I know the guy that directed this.
4964,2067,6,18,74,98,1.3061224489795917,0.05875516865196881,617,I’m glad we all get together to watch Flame Of Thrones.
4660,2067,4,22,72,98,1.3061224489795917,0.05505799643895233,617,"Hi, I'm Stu. I'm a sagittarius, love cats, and cultural immersion vacations."
4565,2067,8,14,76,98,1.3061224489795917,0.06223308376395074,617,I really need a hearing aid- I thought she told me to go to Haiti...
4496,2067,6,18,74,98,1.3061224489795917,0.05875516865196881,617,Grey's Anatomy has gotten ridiculous.
5120,2067,6,18,74,98,1.3061224489795917,0.05875516865196881,617,The weather report is for continued hot.
6411,2067,5,20,73,98,1.3061224489795917,0.0569365998949401,617,Hell is a TV with only one channel.
7915,2067,4,22,72,98,1.3061224489795917,0.05505799643895233,617,Rabbit ears! When was the last time you saw rabbit ears!
6555,2067,6,18,74,98,1.3061224489795917,0.05875516865196881,617,I’ve been to better orientation sessions
8146,2067,8,14,76,98,1.3061224489795917,0.06223308376395074,617,One channel for eternity? I should have been a better person.
4358,2067,5,20,73,98,1.3061224489795917,0.0569365998949401,617,No Netflix. Figures.
7914,2067,4,22,72,98,1.3061224489795917,0.05505799643895233,617,Who the H..E.. double hockey sticks died and made this guy lord of the under world?
7885,2067,6,18,74,98,1.3061224489795917,0.05875516865196881,617,It’s just a fireplace video he’s using while he switches to geothermal.
7743,2067,2,26,70,98,1.3061224489795917,0.05109399280171864,617,Oh no. It’s that damned Yule log again.
7599,2067,5,20,73,98,1.3061224489795917,0.0569365998949401,617,You know you're in Hell when you only get one channel on the box.
7506,2067,1,28,69,98,1.3061224489795917,0.04899186324990376,617,Orientation Day video. Ugh! This is gonna be hell.
6535,2067,6,18,74,98,1.3061224489795917,0.05875516865196881,617,"This OSHA safety video is supposed to be 15 minutes long, but it feels like an eternity!"
7378,2067,5,20,73,98,1.3061224489795917,0.0569365998949401,617,"Once again, it's going to be a scorcher."
7081,2067,7,16,75,98,1.3061224489795917,0.0605191149889529,617,I'll be damned. It's the Yule Log.
7006,2067,8,14,76,98,1.3061224489795917,0.06223308376395074,617,"Just as I suspected, no remote."
6954,2067,5,20,73,98,1.3061224489795917,0.0569365998949401,617,Of course I think you're hot......
6765,2067,8,14,76,98,1.3061224489795917,0.06223308376395074,617,Ever since the election it’s been too cold to go outside.
6716,2067,5,20,73,98,1.3061224489795917,0.0569365998949401,617,If I new it was going to be like this I would have been a lot badder.
6637,2067,3,24,71,98,1.3061224489795917,0.05311298839405369,617,These public service announcements are always about fire safety.
6591,2067,7,16,75,98,1.3061224489795917,0.0605191149889529,617,"We call it ""Netflix and Burn."""
7363,2067,5,20,73,98,1.3061224489795917,0.0569365998949401,617,It's worse than I imagined... No cable!
4247,2067,6,18,74,98,1.3061224489795917,0.05875516865196881,617,Apparently they've got flat screens in the other place
2917,2067,4,22,72,98,1.3061224489795917,0.05505799643895233,617,This program may contain some nudity.
4147,2067,6,18,74,98,1.3061224489795917,0.05875516865196881,617,"I guess this means that hell has finally frozen over, huh?"
1412,2067,9,12,77,98,1.3061224489795917,0.0639010966298366,617,I heard God let’s his souls watch Judge Judy
1329,2067,9,12,77,98,1.3061224489795917,0.0639010966298366,617,These safety training videos always crack me up
1325,2067,4,22,72,98,1.3061224489795917,0.05505799643895233,617,Bah...another reality show...
1173,2067,8,14,76,98,1.3061224489795917,0.06223308376395074,617,"Orientation videos - seen one, seen them all..."
1149,2067,6,18,74,98,1.3061224489795917,0.05875516865196881,617,This is where we came in
1137,2067,5,20,73,98,1.3061224489795917,0.0569365998949401,617,It came down to paying the gas or the cable bill.
993,2067,6,18,74,98,1.3061224489795917,0.05875516865196881,617,Hell is not having cable and all you get is reruns of the apocalypse.
4185,2067,5,20,73,98,1.3061224489795917,0.0569365998949401,617,"The accommodations are OK, but the reception is lousy."
879,2067,10,10,78,98,1.3061224489795917,0.06552666317019751,617,And I found out about my eternal damnation via text message.
790,2067,9,12,77,98,1.3061224489795917,0.0639010966298366,617,Wow. They're using an Amazon fire stick.
776,2067,7,16,75,98,1.3061224489795917,0.0605191149889529,617,We can pick this or Roseanne.
758,2067,3,24,71,98,1.3061224489795917,0.05311298839405369,617,"Oh cool, I love this show!"
407,2067,8,14,76,98,1.3061224489795917,0.06223308376395074,617,I would have lived my life differently if I'd known there was no basic cable.
199,2067,7,16,75,98,1.3061224489795917,0.0605191149889529,617,"OMG, it's worst than I feared, It's black and white only."
182,2067,4,22,72,98,1.3061224489795917,0.05505799643895233,617,It's horrid. And they won't let us see the first season.
84,2067,7,16,75,98,1.3061224489795917,0.0605191149889529,617,I hear they have cable in heaven.
806,2067,6,18,74,98,1.3061224489795917,0.05875516865196881,617,Analog? What kind of hellhole is this?!
2066,2067,7,16,75,98,1.3061224489795917,0.0605191149889529,617,This must be Heaven... heh heh... boobs.
1413,2067,3,24,71,98,1.3061224489795917,0.05311298839405369,617,I heard NBC picked up another eternity of this after it got cancelled.
2382,2067,7,16,75,98,1.3061224489795917,0.0605191149889529,617,Things certainly have changed down here ever since the Cubs won the World Series.
4026,2067,6,18,74,98,1.3061224489795917,0.05875516865196881,617,"Well, at least there aren't any commercials on Hellovision..."
3900,2067,1,28,69,98,1.3061224489795917,0.04899186324990376,617,It reminds me of our honeymoon cruise and the only DVD they had was Titanic.
3843,2067,6,18,74,98,1.3061224489795917,0.05875516865196881,617,"It was on TLC, but we complained."
3694,2067,6,18,74,98,1.3061224489795917,0.05875516865196881,617,"I find his rallies very motivating - if he can get elected president, then any of us can."
3674,2067,5,20,73,98,1.3061224489795917,0.0569365998949401,617,I love The Real Housewives of Hades
3622,2067,3,24,71,98,1.3061224489795917,0.05311298839405369,617,"Down here, they can only pick up three channels: Fox, Home Shopping Network, and the Yule Log."
2326,2067,5,20,73,98,1.3061224489795917,0.0569365998949401,617,I'll play the devils advocate and say its the weather channel.
3366,2067,8,14,76,98,1.3061224489795917,0.06223308376395074,617,I still don't understand what this has to do with white privilege.
3443,2067,9,12,77,98,1.3061224489795917,0.0639010966298366,617,I heard they're cutting down on heating costs
3194,2067,6,18,74,98,1.3061224489795917,0.05875516865196881,617,These timeshare presentations really are hellish
3171,2067,4,22,72,98,1.3061224489795917,0.05505799643895233,617,"So, hell is having no cable."
2921,2067,7,16,75,98,1.3061224489795917,0.0605191149889529,617,Hell gets 300 channels and it’s flames on every one of them!
2908,2067,6,18,74,98,1.3061224489795917,0.05875516865196881,617,It's to reduce their carbon emissions.
2771,2067,7,16,75,98,1.3061224489795917,0.0605191149889529,617,These timeshare promotions keep getting more intense.
2682,2067,10,10,78,98,1.3061224489795917,0.06552666317019751,617,"Well, at least it's better than watching Fox News"
2590,2067,5,20,73,98,1.3061224489795917,0.0569365998949401,617,Don’t tell him it’s a rerun.
3210,2067,8,14,76,98,1.3061224489795917,0.06223308376395074,617,"It's not as bad as I thought it would be, and yet, it's also kinda worse."
838,2144,4,23,75,102,1.303921568627451,0.053582971776036166,617,"I don't know about you, but the laugh track really takes me out of the moment."
6225,2145,4,22,73,99,1.303030303030303,0.05458666758839174,617,There are no flatscreens in hell.
7738,2145,7,16,76,99,1.303030303030303,0.059984443552168906,617,It is truly hell without cable.
7486,2145,8,14,77,99,1.303030303030303,0.06167881752716453,617,"I mean, how cheap can you get?"
7327,2145,6,18,75,99,1.303030303030303,0.05824079674057883,617,Hell is not having a remote.
2736,2145,6,18,75,99,1.303030303030303,0.05824079674057883,617,"Yeah, but it's a hell of a channel!"
3530,2145,5,20,74,99,1.303030303030303,0.0564433108675554,617,This is good. I was afraid Bill O’Reilly would be doing orientation.
1004,2145,6,18,75,99,1.303030303030303,0.05824079674057883,617,I guess we really are in Hell... they don't even have basic cable.
719,2145,5,20,74,99,1.303030303030303,0.0564433108675554,617,"And now,a word from our sponsor."
590,2145,6,18,75,99,1.303030303030303,0.05824079674057883,617,"They get 60"" flat screens up in Purgatory."
224,2145,4,22,73,99,1.303030303030303,0.05458666758839174,617,Budget Cuts
1399,2145,3,24,72,99,1.303030303030303,0.05266461065193263,617,Your AccuWeather forecast says it's going to be hotter than hell today.
7033,2156,5,19,72,96,1.3020833333333333,0.05758249548734154,617,"An ""Introduction to Hell"" video? What a thoughtful gesture toward us atheists!"
6542,2156,3,23,70,96,1.3020833333333333,0.05363904636849576,617,"Now, we just have to watch this quick fire-safety video before we can start all of the fun."
6381,2156,6,17,73,96,1.3020833333333333,0.05945621945737674,617,These timeshare videos are so boring.
6002,2156,6,17,73,96,1.3020833333333333,0.05945621945737674,617,He's trying to cut down on CO2 emissions
5898,2156,6,17,73,96,1.3020833333333333,0.05945621945737674,617,They can't get cable.
5779,2156,6,17,73,96,1.3020833333333333,0.05945621945737674,617,It would look a lot worse in HD.
5631,2156,5,19,72,96,1.3020833333333333,0.05758249548734154,617,"And, on cable we get The Omen , and , one day per year , we get to watch the Yule Log."
5640,2156,8,13,75,96,1.3020833333333333,0.06303680292806588,617,"Well, at least we have the Yule Log channel."
6738,2156,4,21,71,96,1.3020833333333333,0.055645714488500135,617,Don't complain or he'll put on C-Span.
5435,2156,5,19,72,96,1.3020833333333333,0.05758249548734154,617,OH HECK!
5328,2156,6,17,73,96,1.3020833333333333,0.05945621945737674,617,Oh no! It's another Trump rally!
5122,2156,5,19,72,96,1.3020833333333333,0.05758249548734154,617,"This is the first circle. Second circle, Home Shopping Network."
4772,2156,9,11,76,96,1.3020833333333333,0.06475289004365635,617,I produced “Project Runway”. You?
5669,2156,6,17,73,96,1.3020833333333333,0.05945621945737674,617,It kinda reminds me of the Yule Log we used to watch on Christmas Eve.
6875,2156,5,19,72,96,1.3020833333333333,0.05758249548734154,617,He always shows his vacation videos at this time of year.
6985,2156,7,15,74,96,1.3020833333333333,0.0612726715410531,617,This is the special hell for baby boomers.
6953,2156,4,21,71,96,1.3020833333333333,0.055645714488500135,617,You think this is punishing? Wait until the car insurance commercials start.
4734,2156,7,15,74,96,1.3020833333333333,0.0612726715410531,617,"Next, they will tell us it is freezing over!"
6992,2156,6,17,73,96,1.3020833333333333,0.05945621945737674,617,There's a lower level for advanced sinners. Down there they show non-stop commercials.
7014,2156,5,19,72,96,1.3020833333333333,0.05758249548734154,617,"It's not the heat, it's the humidity"
7091,2156,6,17,73,96,1.3020833333333333,0.05945621945737674,617,"If I knew we wouldn't have HD, I would've paid more attention to those commandments..."
7154,2156,7,15,74,96,1.3020833333333333,0.0612726715410531,617,It's probably a lot more effective in the theater in IMAX with multi-channel sound and big subwoofers.
7217,2156,3,23,70,96,1.3020833333333333,0.05363904636849576,617,It's fake torment.
7281,2156,8,13,75,96,1.3020833333333333,0.06303680292806588,617,"We lucked out, channel 56 is showing penguins walking on their own excrement."
7464,2156,3,23,70,96,1.3020833333333333,0.05363904636849576,617,At least we have VHF.
7516,2156,7,15,74,96,1.3020833333333333,0.0612726715410531,617,200 channels and nothing on.
7632,2156,4,21,71,96,1.3020833333333333,0.055645714488500135,617,It's a cost-cutting measure. The price of burning sulfur has gone thru the.. whatever they have here for a roof.
7722,2156,7,15,74,96,1.3020833333333333,0.0612726715410531,617,This is a short preview of your ultimate destination.
7816,2156,9,11,76,96,1.3020833333333333,0.06475289004365635,617,“I hear they’re having trouble making a sequel because this one’s eternal.
6928,2156,6,17,73,96,1.3020833333333333,0.05945621945737674,617,"Of course, the worst part are the commercials."
4713,2156,7,15,74,96,1.3020833333333333,0.0612726715410531,617,"Damn, it's the Yule Log."
6509,2156,5,19,72,96,1.3020833333333333,0.05758249548734154,617,It's going to be hell down here without cable.
4407,2156,4,21,71,96,1.3020833333333333,0.055645714488500135,617,He’s calling this reality TV
369,2156,4,21,71,96,1.3020833333333333,0.055645714488500135,617,You'd think it would at least be in colour.
394,2156,6,17,73,96,1.3020833333333333,0.05945621945737674,617,"No, it's just like heaven here, but without cable."
468,2156,5,19,72,96,1.3020833333333333,0.05758249548734154,617,This movie goes on forever.
655,2156,4,21,71,96,1.3020833333333333,0.055645714488500135,617,"You can literally feel the heat, can't you?"
787,2156,7,15,74,96,1.3020833333333333,0.0612726715410531,617,It beats watching FOX.
801,2156,5,19,72,96,1.3020833333333333,0.05758249548734154,617,I hope this first date isn't moving too fast for you.
1124,2156,5,19,72,96,1.3020833333333333,0.05758249548734154,617,Analog TV? We really ARE in hell!
1162,2156,3,23,70,96,1.3020833333333333,0.05363904636849576,617,It's virtually hell
1185,2156,5,19,72,96,1.3020833333333333,0.05758249548734154,617,"I guess you know you're in hell when you realize you've avoided every opportunity to look good naked, and this is the result. That, and there's only one channel..."
1379,2156,4,21,71,96,1.3020833333333333,0.055645714488500135,617,"Don't let the hot flames get to you, after midnight we get snow."
1615,2156,3,23,70,96,1.3020833333333333,0.05363904636849576,617,It's not even in HD! Now I know what hell is!
1837,2156,5,19,72,96,1.3020833333333333,0.05758249548734154,617,It's pledge week.
1842,2156,5,19,72,96,1.3020833333333333,0.05758249548734154,617,We thought it was going to be in color.
1858,2156,3,23,70,96,1.3020833333333333,0.05363904636849576,617,Looks like a lot of people went through hell to get into this program.
1968,2156,5,19,72,96,1.3020833333333333,0.05758249548734154,617,Real Housewives of Hell is on next
2104,2156,6,17,73,96,1.3020833333333333,0.05945621945737674,617,"Relax, it’s a nudist colony. What the hell can go wrong?"
4696,2156,7,15,74,96,1.3020833333333333,0.0612726715410531,617,"Same old hellfire, brimstone and eternal damnation. Nothing but reruns again."
2211,2156,3,23,70,96,1.3020833333333333,0.05363904636849576,617,"Yes, but after we learned they only get C-SPAN in the other place, no one really complains here anymore."
2335,2156,7,15,74,96,1.3020833333333333,0.0612726715410531,617,Welcome to Heck.
2631,2156,3,23,70,96,1.3020833333333333,0.05363904636849576,617,I bet heaven is just as over-hyped.
2848,2156,6,17,73,96,1.3020833333333333,0.05945621945737674,617,"At least, there are no commercials. That would be torture."
3494,2156,5,19,72,96,1.3020833333333333,0.05758249548734154,617,I so hate it when the trailer reveals all the best scenes.
3607,2156,4,21,71,96,1.3020833333333333,0.055645714488500135,617,"As a loyal viewer of Fox & Friends, how bad can it be?"
3664,2156,6,17,73,96,1.3020833333333333,0.05945621945737674,617,The real hell is watching the ads before the video starts.
3868,2156,5,19,72,96,1.3020833333333333,0.05758249548734154,617,I would have been a better person if I'd known hell was an eternity without streaming and only one local channel to watch.
3878,2156,6,17,73,96,1.3020833333333333,0.05945621945737674,617,I can't believe we lost the remote
3904,2156,7,15,74,96,1.3020833333333333,0.0612726715410531,617,No one here has ever paid for Netflix.
3934,2156,5,19,72,96,1.3020833333333333,0.05758249548734154,617,You'd better wake up Donald. Fox & Friends is about to start.
4015,2156,6,17,73,96,1.3020833333333333,0.05945621945737674,617,"Eternal flames I could take, but eternal re-runs?"
82,2156,5,19,72,96,1.3020833333333333,0.05758249548734154,617,No 4K 80 inch flat screen? This really is Hell.
79,2156,4,21,71,96,1.3020833333333333,0.055645714488500135,617,What will burn our eyes is this old screen resolution.
2861,2220,4,19,67,90,1.3,0.05795085954795724,617,Break's over. Back to Fox News.
218,2221,7,15,75,97,1.2989690721649485,0.06071762365664818,617,You'd think he could afford an HDTV.
8150,2221,7,15,75,97,1.2989690721649485,0.06071762365664818,617,Here we go with another episode of Satan’s Got Talent.
6035,2221,4,21,72,97,1.2989690721649485,0.055157047832558495,617,Looks like we have the correct attire!
5914,2221,5,19,73,97,1.2989690721649485,0.05707080302488788,617,I hope it warms up after orientation!
5870,2221,3,23,71,97,1.2989690721649485,0.053174460912177944,617,Has anyone tried adjusting the brightness control?
5284,2221,5,19,73,97,1.2989690721649485,0.05707080302488788,617,I can’t remember. Is it a virtual or literal hell in here?
4673,2221,6,17,74,97,1.2989690721649485,0.05892243367519672,617,This isn't the Disco Inferno I was expecting.
4261,2221,5,19,73,97,1.2989690721649485,0.05707080302488788,617,Is this virtual reality?
8069,2221,6,17,74,97,1.2989690721649485,0.05892243367519672,617,Who knew the budget cuts would reach these depths?
3294,2221,3,23,71,97,1.2989690721649485,0.053174460912177944,617,What? One channel...one program...!?! This IS pure hell!
2829,2221,4,21,72,97,1.2989690721649485,0.055157047832558495,617,They said it would be just like we were there...
1721,2221,4,21,72,97,1.2989690721649485,0.055157047832558495,617,I've heard it gets better in season two.
1608,2221,4,21,72,97,1.2989690721649485,0.055157047832558495,617,Welcome to virtual hell.
915,2221,4,21,72,97,1.2989690721649485,0.055157047832558495,617,Hell of a show.
526,2221,6,17,74,97,1.2989690721649485,0.05892243367519672,617,"Breaking news, my ass."
247,2221,6,17,74,97,1.2989690721649485,0.05892243367519672,617,This isn't even the worst part. They don't have free wifi.
4248,2221,6,17,74,97,1.2989690721649485,0.05892243367519672,617,Fake news - they didn't get the climate change update - hell WILL be freezing over.
5815,2238,6,16,72,94,1.297872340425532,0.060179300526514684,617,"I never thought I would say this, but let's get dressed and find cable."
5338,2238,3,22,69,94,1.297872340425532,0.054177545289954394,617,You’d expect Lucifer to have cable.
5241,2238,3,22,69,94,1.297872340425532,0.054177545289954394,617,And yet no one cares the TSA has gone this far.
4874,2238,1,26,67,94,1.297872340425532,0.04977595016506183,617,I wish he would get to the brimstone channel already.
4842,2238,5,18,71,94,1.297872340425532,0.05824746872144231,617,"When Amazon asked me to test its Fire TV, this isn't what I had in mind."
4596,2238,8,12,74,94,1.297872340425532,0.06386790595182304,617,"Trust me, this beats the Kardashians."
4255,2238,9,10,75,94,1.297872340425532,0.06563451843409901,617,This is what's waiting for Fox News.
4463,2238,5,18,71,94,1.297872340425532,0.05824746872144231,617,In Heaven they have flat screens and videos of clouds.
4294,2238,7,14,73,94,1.297872340425532,0.06205101781007094,617,He’s obviously never been to Burning Man.
4181,2238,6,16,72,94,1.297872340425532,0.060179300526514684,617,And I thought cable was hell.
4175,2238,5,18,71,94,1.297872340425532,0.05824746872144231,617,I wish I had known about the seven-hour orientation before I pulled the trigger.
4134,2238,6,16,72,94,1.297872340425532,0.060179300526514684,617,Furnace went down so we’re forced to binge watch.
5864,2238,5,18,71,94,1.297872340425532,0.05824746872144231,617,The TV reception is better than we had at the White House.
4590,2238,5,18,71,94,1.297872340425532,0.05824746872144231,617,"Actually, I'm not sure which is worse"
5918,2238,5,18,71,94,1.297872340425532,0.05824746872144231,617,"I was bad in a conventional sort of way, but if I had known that the whole fire and brimstone thing would be televised and not real, I think I would have pushed my badness factor way beyond conventional."
4097,2238,6,16,72,94,1.297872340425532,0.060179300526514684,617,"It’s an economy package, just Fox and the other local channels."
6107,2238,7,14,73,94,1.297872340425532,0.06205101781007094,617,You think in hell we'd at least get a flat screen
6511,2238,8,12,74,94,1.297872340425532,0.06386790595182304,617,I’m just here for the free buffet.
6540,2238,4,20,70,94,1.297872340425532,0.056249329000888804,617,I'm sorta enjoying this.
6595,2238,8,12,74,94,1.297872340425532,0.06386790595182304,617,They were right about hell but embarrassingly wrong about the fire.
6720,2238,5,18,71,94,1.297872340425532,0.05824746872144231,617,Who knew budget cuts would have a plus side.
6865,2238,2,24,68,94,1.297872340425532,0.05202331990790177,617,I always said 'hell is not being able to change the channel on a rerun.'
7022,2238,6,16,72,94,1.297872340425532,0.060179300526514684,617,He’s hitting all the targets now for reduced emissions.
7107,2238,4,20,70,94,1.297872340425532,0.056249329000888804,617,Lacks verisimilitude.
7313,2238,5,18,71,94,1.297872340425532,0.05824746872144231,617,"I was told we'd be watching ""The Naked and the Dead."""
7467,2238,3,22,69,94,1.297872340425532,0.054177545289954394,617,Great! I love coming attractions.
7636,2238,6,16,72,94,1.297872340425532,0.060179300526514684,617,"And mom said,""Be sure to wear clean underwear!"""
7637,2238,4,20,70,94,1.297872340425532,0.056249329000888804,617,Thank God that I don't see my parents - and that we get Fox News down here.
7796,2238,6,16,72,94,1.297872340425532,0.060179300526514684,617,It just hasn't been the same since the budget cuts
7882,2238,6,16,72,94,1.297872340425532,0.060179300526514684,617,The real hell is having to deal with rabbit ears again.
6010,2238,8,12,74,94,1.297872340425532,0.06386790595182304,617,"Slow tv, a homogenous crowd, liberal nudity? I swear, it used to be heavenly to be Danish."
4035,2238,7,14,73,94,1.297872340425532,0.06205101781007094,617,"It's okay, but the book was better."
6713,2238,5,18,71,94,1.297872340425532,0.05824746872144231,617,What the hell are we watching tonight?
3977,2238,5,18,71,94,1.297872340425532,0.05824746872144231,617,This orientation video is kinda depressing.
441,2238,4,20,70,94,1.297872340425532,0.056249329000888804,617,I guess Satan is trying to reduce his carbon hoofprint.
720,2238,6,16,72,94,1.297872340425532,0.060179300526514684,617,You don't realize how much you miss high-definition until you don't have it.
906,2238,2,24,68,94,1.297872340425532,0.05202331990790177,617,This is the part where fire burns for eternity. Spoiler alert.
961,2238,7,14,73,94,1.297872340425532,0.06205101781007094,617,I told you they don't have cable.
1055,2238,3,22,69,94,1.297872340425532,0.054177545289954394,617,I'm not sure this orientation video is necessary.
1193,2238,1,26,67,94,1.297872340425532,0.04977595016506183,617,Like drinking hot tea in summer - it'll make you feel cooler.
1298,2238,6,16,72,94,1.297872340425532,0.060179300526514684,617,Baby Boomers don't need to experience the real thing -- they find that televised flames are just as effective.
1537,2238,7,14,73,94,1.297872340425532,0.06205101781007094,617,This must be that cold day in hell that my wife kept talking about.
1693,2238,5,18,71,94,1.297872340425532,0.05824746872144231,617,He calls it reality TV.
1729,2238,6,16,72,94,1.297872340425532,0.060179300526514684,617,It's like that classic Yule log fireplace program - only with more torture.
4032,2238,7,14,73,94,1.297872340425532,0.06205101781007094,617,There's no choice. All programs are titled Burn in Hell.
1776,2238,6,16,72,94,1.297872340425532,0.060179300526514684,617,I understand they have HDTVs in heaven.
2250,2238,5,18,71,94,1.297872340425532,0.05824746872144231,617,Who died and made him God?
2312,2238,3,22,69,94,1.297872340425532,0.054177545289954394,617,It minimizes our carbon footprint.
2378,2238,7,14,73,94,1.297872340425532,0.06205101781007094,617,"I don't know why, but watching the evening news always depresses me."
1794,2238,9,10,75,94,1.297872340425532,0.06563451843409901,617,We are doomed to watch the Christmas log for eternity!
2536,2238,5,18,71,94,1.297872340425532,0.05824746872144231,617,"Thank heavens, there are no commercials!"
3966,2238,7,14,73,94,1.297872340425532,0.06205101781007094,617,We've been acquired by Sinclair.
3866,2238,3,22,69,94,1.297872340425532,0.054177545289954394,617,It's Sean Hannity's new graphic.
3710,2238,5,18,71,94,1.297872340425532,0.05824746872144231,617,"Scary stuff, but Shark Week is coming in 2 days."
3640,2238,6,16,72,94,1.297872340425532,0.060179300526514684,617,Broadcast? Non-HD? This IS Hell.
2465,2238,5,18,71,94,1.297872340425532,0.05824746872144231,617,Rabbit ears? Seriously?
3498,2238,4,20,70,94,1.297872340425532,0.056249329000888804,617,Why do they bother? Does anyone actually watch TV in the waiting room?
3347,2238,5,18,71,94,1.297872340425532,0.05824746872144231,617,It's a rerun.
3576,2238,5,18,71,94,1.297872340425532,0.05824746872144231,617,It was either this or The Disney Channel.
3163,2238,6,16,72,94,1.297872340425532,0.060179300526514684,617,They start with the fire. Then the fury. But its all rather derivative.
3152,2238,6,16,72,94,1.297872340425532,0.060179300526514684,617,I always seem to be in the overflow crowd.
3109,2238,6,16,72,94,1.297872340425532,0.060179300526514684,617,"Sarah Huckabee Sanders, Fox News, and Trump's tweets...this is hell!"
2997,2238,7,14,73,94,1.297872340425532,0.06205101781007094,617,"World's on fire, let's watch TV"
2922,2238,5,18,71,94,1.297872340425532,0.05824746872144231,617,"Sure the last resort had cable, but this place seems more upfront about the costs."
2709,2238,5,18,71,94,1.297872340425532,0.05824746872144231,617,That’s one hell of a show.
3332,2238,7,14,73,94,1.297872340425532,0.06205101781007094,617,Fox’s fake flames.
1740,2304,4,21,73,98,1.2959183673469388,0.054676493778460546,617,Now what do we do for fun? The TV’s gone to hell!
3331,2304,8,13,77,98,1.2959183673469388,0.0618958214648231,617,I wasn't expecting a full display of the nether regions.
7279,2306,7,9,62,78,1.294871794871795,0.07093161137907383,617,Next time we Netflix and chill.
6278,2307,4,20,71,95,1.2947368421052632,0.05574233678148341,617,Who would ever think that eating one apple could cause all of this?
7696,2307,3,22,70,95,1.2947368421052632,0.053695846618959604,617,This is where people go who complain about cable.
6674,2307,5,18,72,95,1.2947368421052632,0.057716308575599326,617,Guessing we shouldn’t ask about broadband.
6316,2307,4,20,71,95,1.2947368421052632,0.05574233678148341,617,"This must be Hell, they're making us watch on an analog TV."
5766,2307,5,18,72,95,1.2947368421052632,0.057716308575599326,617,I believe he said we will have to watch Fox News all day.
3536,2307,7,14,74,95,1.2947368421052632,0.061474389846998614,617,Apparently all these fires were releasing a lot of carbon dioxide into the atmosphere.
3125,2307,5,18,72,95,1.2947368421052632,0.057716308575599326,617,"After the video, want to get out of here and have a drink?"
1474,2307,7,14,74,95,1.2947368421052632,0.061474389846998614,617,Let's get the hell out of here
1415,2307,6,16,73,95,1.2947368421052632,0.059624964916780314,617,I hear this show just got picked up for another eternity of seasons.
1046,2307,7,14,74,95,1.2947368421052632,0.061474389846998614,617,Whenever Paul Ryan's on they call us up here to watch
6063,2317,5,17,70,92,1.2934782608695652,0.05893229710610973,617,Who knew that eternity too was virtual?
5944,2317,5,17,70,92,1.2934782608695652,0.05893229710610973,617,Is that it?
5909,2317,5,17,70,92,1.2934782608695652,0.05893229710610973,617,"When I said my idea of hell is not having a flat panel HDTV, I did not realize this would be taken so literally..."
5899,2317,6,15,71,92,1.2934782608695652,0.06092542314536813,617,It's the same on every channel.
5624,2317,6,15,71,92,1.2934782608695652,0.06092542314536813,617,Sure as hell he's not forking over for cable.
5579,2317,5,17,70,92,1.2934782608695652,0.05893229710610973,617,"It should be cooler when we get there, they say that television adds 20 degrees."
5569,2317,6,15,71,92,1.2934782608695652,0.06092542314536813,617,I remember when there was fire everywhere and a Hershey's Bar only cost a nickel!
5405,2317,6,15,71,92,1.2934782608695652,0.06092542314536813,617,A cost savings move by Corporate.
6318,2317,6,15,71,92,1.2934782608695652,0.06092542314536813,617,"Agreed, its not much on ambiance but so much better for air quality."
5197,2317,4,19,69,92,1.2934782608695652,0.05686935993101575,617,"See everyone wants to be a director,...don’t say anything but he’s no Hitchcock."
5104,2317,6,15,71,92,1.2934782608695652,0.06092542314536813,617,I still only hear 'Laurel.'
4522,2317,5,17,70,92,1.2934782608695652,0.05893229710610973,617,"When you live with millions of accountants, sooner or later you're going to make cuts."
4391,2317,4,19,69,92,1.2934782608695652,0.05686935993101575,617,We can't complain too much. At least they have an Amazon fire stick.
4290,2317,3,21,68,92,1.2934782608695652,0.05472871783373013,617,"we are, after all, genetically programmed to gather round the fire."
4278,2317,6,15,71,92,1.2934782608695652,0.06092542314536813,617,Looks like limbo isn't so bad at all.
5509,2317,5,17,70,92,1.2934782608695652,0.05893229710610973,617,"That may be so, but wait until they realize it’s on an infinite loop."
6435,2317,7,13,72,92,1.2934782608695652,0.06285537947289419,617,"I know he's famous for ""YOU'RE FIRED"", but I never thought he really meant ""GO TO HELL."""
6486,2317,5,17,70,92,1.2934782608695652,0.05893229710610973,617,"Eternal reruns of the Trump presidency, it's the new hell."
4253,2317,7,13,72,92,1.2934782608695652,0.06285537947289419,617,I’m really getting tired of porn. Let’s toast some marshmellows.
8037,2317,6,15,71,92,1.2934782608695652,0.06092542314536813,617,Did they say what time the Yankee's game starts?
7978,2317,7,13,72,92,1.2934782608695652,0.06285537947289419,617,I'm so tired of reality television
7881,2317,6,15,71,92,1.2934782608695652,0.06092542314536813,617,These are vanity glasses. I can see just fine.
7876,2317,4,19,69,92,1.2934782608695652,0.05686935993101575,617,Orientation is hell.
7869,2317,6,15,71,92,1.2934782608695652,0.06092542314536813,617,Is it just me or is it warm in here?
7802,2317,6,15,71,92,1.2934782608695652,0.06092542314536813,617,"I told you, it's non-stop fake news."
7680,2317,4,19,69,92,1.2934782608695652,0.05686935993101575,617,Hard to believe rabbit ears work here.
7589,2317,5,17,70,92,1.2934782608695652,0.05893229710610973,617,I'd really like to twist those knobs one last time.
7443,2317,3,21,68,92,1.2934782608695652,0.05472871783373013,617,The power of suggestion is not working. I still feel chilled.
7353,2317,8,11,73,92,1.2934782608695652,0.06472781683264851,617,Everlasting fire just became too resource-intensive.
7306,2317,4,19,69,92,1.2934782608695652,0.05686935993101575,617,"Funny thing is, it totally dominates its time slot."
7071,2317,4,19,69,92,1.2934782608695652,0.05686935993101575,617,For the holidays he throws in a Yule log.
6805,2317,6,15,71,92,1.2934782608695652,0.06092542314536813,617,"If I knew it was going to be like this, my life on earth would have been a lot rowdier."
6802,2317,6,15,71,92,1.2934782608695652,0.06092542314536813,617,"It’s okay in December, otherwise the Yule Log gets old fast."
6753,2317,5,17,70,92,1.2934782608695652,0.05893229710610973,617,It's his answer to the Yule log!
6469,2317,4,19,69,92,1.2934782608695652,0.05686935993101575,617,The programming has really gone to hell.
4227,2317,5,17,70,92,1.2934782608695652,0.05893229710610973,617,"It's endless and lacks passion, but as adaptations go, I've seen worse."
2102,2317,3,21,68,92,1.2934782608695652,0.05472871783373013,617,I hear the cable guy is going to hook us up between 'abandon hope' and 'never.'
4170,2317,5,17,70,92,1.2934782608695652,0.05893229710610973,617,"Looks like the Devil got the hell taxed out of him, too."
1843,2317,6,15,71,92,1.2934782608695652,0.06092542314536813,617,I've already seen this one on my hand-held. It goes on for an eternity!
1838,2317,5,17,70,92,1.2934782608695652,0.05893229710610973,617,I always enjoy it when Lucifer explores his more conceptual side.
4206,2317,4,19,69,92,1.2934782608695652,0.05686935993101575,617,He loves sharing his holiday videos.
1508,2317,6,15,71,92,1.2934782608695652,0.06092542314536813,617,. . . and not enough eternal tormentors either. I don't think they were counting on the number of congressmen.
1258,2317,3,21,68,92,1.2934782608695652,0.05472871783373013,617,Only one channel? This really is torture!
1205,2317,8,11,73,92,1.2934782608695652,0.06472781683264851,617,My dry cleaner and cable provider are already here.
1123,2317,4,19,69,92,1.2934782608695652,0.05686935993101575,617,Can you believe those rabbit ears get a signal down here?
1083,2317,6,15,71,92,1.2934782608695652,0.06092542314536813,617,"I""m waiting to see what Fox News has to say about the temperature today."
1069,2317,1,25,66,92,1.2934782608695652,0.050174191266479935,617,I kind of like this virtual reality stuff.
1064,2317,6,15,71,92,1.2934782608695652,0.06092542314536813,617,I expected the content to be a little more racy.
869,2317,5,17,70,92,1.2934782608695652,0.05893229710610973,617,Don't worry its just a bad dream. There's no way in Hell they could get that good a picture with just rabbit ears.
488,2317,4,19,69,92,1.2934782608695652,0.05686935993101575,617,It's hell not having a remote!
303,2317,7,13,72,92,1.2934782608695652,0.06285537947289419,617,Poor bastard put his fire and brimstone money into Bitcoin.
256,2317,5,17,70,92,1.2934782608695652,0.05893229710610973,617,This is Hell. No Wi-Fi.
11,2317,4,19,69,92,1.2934782608695652,0.05686935993101575,617,It's my first time here so I'm actually going to find this video pretty informative.
1885,2317,6,15,71,92,1.2934782608695652,0.06092542314536813,617,This was absolutely state of the art a few decades before any of us were born.
1973,2317,5,17,70,92,1.2934782608695652,0.05893229710610973,617,We watch this for six months then they show Brimstone
1639,2317,5,17,70,92,1.2934782608695652,0.05893229710610973,617,"Hell of a timeshare pitch, eh?"
3928,2317,3,21,68,92,1.2934782608695652,0.05472871783373013,617,"I guess we've made it to 'a kinder, gentler' level of Hell."
4129,2317,7,13,72,92,1.2934782608695652,0.06285537947289419,617,This is so much better than the real thing.
4029,2317,4,19,69,92,1.2934782608695652,0.05686935993101575,617,"Seriously, do we all really think the weather for tomorrow will be any different?"
2050,2317,6,15,71,92,1.2934782608695652,0.06092542314536813,617,Apparently all performance artists end up in this place.
3735,2317,6,15,71,92,1.2934782608695652,0.06092542314536813,617,"If you prefer reality TV to PBS, this is the place for you."
3669,2317,4,19,69,92,1.2934782608695652,0.05686935993101575,617,"Frankly, I think the parties have declined with Hef gone"
3323,2317,4,19,69,92,1.2934782608695652,0.05686935993101575,617,¨This reminds me of a bender of sorts I had in college¨
2710,2317,4,19,69,92,1.2934782608695652,0.05686935993101575,617,I think we picked the wrong door.
2802,2317,5,17,70,92,1.2934782608695652,0.05893229710610973,617,Don't you feel that this infomercial last an eternity?
2403,2317,4,19,69,92,1.2934782608695652,0.05686935993101575,617,"Actually, I'm not in that much of a rush to get into the main chamber."
2339,2317,7,13,72,92,1.2934782608695652,0.06285537947289419,617,Do you come here often ?
2315,2317,6,15,71,92,1.2934782608695652,0.06092542314536813,617,"It may not be ""fair and balanced"" but at least it isn't fake news."
2273,2317,3,21,68,92,1.2934782608695652,0.05472871783373013,617,Today’s temperature is heating up to a high of “Hot As Hell”
2214,2317,6,15,71,92,1.2934782608695652,0.06092542314536813,617,"And the worst is, they only show Fox News !"
2146,2317,7,13,72,92,1.2934782608695652,0.06285537947289419,617,What made you decide to audition for 'Naked and Afraid' ?
2521,2317,5,17,70,92,1.2934782608695652,0.05893229710610973,617,Not another episode of As the World Burns- can’t we at least have cable.
4317,2389,6,15,72,93,1.2903225806451613,0.060349312689902276,617,Everything went to hell after they repealed net neutrality.
3752,2389,4,19,70,93,1.2903225806451613,0.05634297969357341,617,Rumor has it in the 9th circle they get Fox News.
4267,2389,7,13,73,93,1.2903225806451613,0.062255872275956324,617,"I have no idea why he's using a 1950s video of a Yule Log instead of his usual real fire. You'll have to ask him about that. After all, the details are in the Devil."
4506,2389,5,17,71,93,1.2903225806451613,0.058380522877471835,617,"Oh, that... yeah, well they’re trying something new - televised flames are more energy efficient."
3690,2389,6,15,72,93,1.2903225806451613,0.060349312689902276,617,I guess the building doesn't allow open flames anymore.
4717,2389,5,17,71,93,1.2903225806451613,0.058380522877471835,617,"It's the rerun from ""Hell."""
5583,2389,7,13,73,93,1.2903225806451613,0.062255872275956324,617,EPA shut 'em down; excessive emissions
6087,2389,6,15,72,93,1.2903225806451613,0.060349312689902276,617,Does he know this increases our chance of freezing over?
6521,2389,5,17,71,93,1.2903225806451613,0.058380522877471835,617,I never thought global warming would lead to this.
4594,2389,5,17,71,93,1.2903225806451613,0.058380522877471835,617,The State of the Union speech is on next.
3626,2389,8,11,74,93,1.2903225806451613,0.0641057542154897,617,Quit complaining. At least it's not the Fox New Channel.
7480,2389,5,17,71,93,1.2903225806451613,0.058380522877471835,617,Did you watch the Royal wedding?
3476,2389,8,11,74,93,1.2903225806451613,0.0641057542154897,617,A virtual hellfire to cut down on carbon emissions - maybe this is environmentalist heaven.
99,2389,4,19,70,93,1.2903225806451613,0.05634297969357341,617,Orientation videos are always the real hell.
315,2389,6,15,72,93,1.2903225806451613,0.060349312689902276,617,what the hell is this?
496,2389,6,15,72,93,1.2903225806451613,0.060349312689902276,617,It's either this or brimstone.
766,2389,6,15,72,93,1.2903225806451613,0.060349312689902276,617,These budget cuts are getting out of hand.
1001,2389,5,17,71,93,1.2903225806451613,0.058380522877471835,617,Welcome to the midterm elections!
3539,2389,6,15,72,93,1.2903225806451613,0.060349312689902276,617,"Sure, the reality TV is always hell to watch, but not ever having to deal with the cable company makes it seem like heaven."
1120,2389,4,19,70,93,1.2903225806451613,0.05634297969357341,617,The heaven channel has a lot less screaming.
1781,2389,5,17,71,93,1.2903225806451613,0.058380522877471835,617,It's time for 'What Not To Wear'
2366,2389,6,15,72,93,1.2903225806451613,0.060349312689902276,617,"I was really hoping for, ‘The Devil in Miss Jones.’"
3381,2389,4,19,70,93,1.2903225806451613,0.05634297969357341,617,It just got picked up for another billion seasons.
1076,2389,6,15,72,93,1.2903225806451613,0.060349312689902276,617,"I think you're really hot, but then again, I guess we'll all be soon."
5496,2413,4,18,68,90,1.288888888888889,0.05750632477714423,617,Nah. No fires. Fake News.
5498,2413,6,14,70,90,1.288888888888889,0.06169564951963022,617,Are you here for sexual assault too?
5541,2413,6,14,70,90,1.288888888888889,0.06169564951963022,617,Look on the bright side. At least it’s not the Sean Hannity Show.
5565,2413,4,18,68,90,1.288888888888889,0.05750632477714423,617,"I was a media mogul, so yes,... I take this personally."
5607,2413,4,18,68,90,1.288888888888889,0.05750632477714423,617,It's still better than reading a book.
5907,2413,5,16,69,90,1.288888888888889,0.05963778399229569,617,The suspense is killing me. Again.
5653,2413,6,14,70,90,1.288888888888889,0.06169564951963022,617,During the holidays he plays a brightly burning but festive Yule log.
5927,2413,5,16,69,90,1.288888888888889,0.05963778399229569,617,"On the bright side, it is better to watch a virtual reality fire, than be in one for all of eternity."
5928,2413,4,18,68,90,1.288888888888889,0.05750632477714423,617,It's turning into a really cold day in hell.
5198,2413,4,18,68,90,1.288888888888889,0.05750632477714423,617,Lookit all the tits! I’m in heaven!
5938,2413,6,14,70,90,1.288888888888889,0.06169564951963022,617,What's a nice girl like you doing in a place like this?
5645,2413,3,20,67,90,1.288888888888889,0.05529276172553749,617,I’m surprised the devil doesn’t have cable
5069,2413,5,16,69,90,1.288888888888889,0.05963778399229569,617,This isn’t so bad.
4857,2413,6,14,70,90,1.288888888888889,0.06169564951963022,617,Nooooo! Not reality TV!
4993,2413,5,16,69,90,1.288888888888889,0.05963778399229569,617,No flat screen or cable bothers me more than being naked.
4978,2413,5,16,69,90,1.288888888888889,0.05963778399229569,617,"I'll watch the safety video, but I am not signing the release waiver."
4935,2413,5,16,69,90,1.288888888888889,0.05963778399229569,617,Is someone going to tell him we won’t burn in hell this way?
4871,2413,4,18,68,90,1.288888888888889,0.05750632477714423,617,Kilauea. It's their favorite program down here.
6046,2413,4,18,68,90,1.288888888888889,0.05750632477714423,617,The heating bills were out of control.
4856,2413,5,16,69,90,1.288888888888889,0.05963778399229569,617,Netflix and brimstone?
4847,2413,7,12,71,90,1.288888888888889,0.06368705566900057,617,I think it is clear. You vote for some Democrat clown you burn in hell!!
4801,2413,6,14,70,90,1.288888888888889,0.06169564951963022,617,I appreciate the orientation. I hate surprises.
4739,2413,3,20,67,90,1.288888888888889,0.05529276172553749,617,State media.
4653,2413,7,12,71,90,1.288888888888889,0.06368705566900057,617,"Theoretically I understand why people think its demeaning, but a person only gets so many opportunities to work for the White House. Am I right?"
4643,2413,4,18,68,90,1.288888888888889,0.05750632477714423,617,"Since Pope Fancis came along, the fires of Hell just haven’t been the same."
4598,2413,6,14,70,90,1.288888888888889,0.06169564951963022,617,The Weather report looks like another hot day.
4498,2413,4,18,68,90,1.288888888888889,0.05750632477714423,617,I'm guessing there's only one channel.
5039,2413,5,16,69,90,1.288888888888889,0.05963778399229569,617,"I've always been more sensitive to cold compared to everyone else, that's all"
6061,2413,5,16,69,90,1.288888888888889,0.05963778399229569,617,"Hellfire, hellfire. Yada, yada, yada."
6252,2413,6,14,70,90,1.288888888888889,0.06169564951963022,617,"Somehow, I thought it would be a little more realistic."
6082,2413,6,14,70,90,1.288888888888889,0.06169564951963022,617,Dante's 10th Circle for Millennials: 20th century TV with antenna
8048,2413,5,16,69,90,1.288888888888889,0.05963778399229569,617,At noon they turn on the Big Bang Theory.
8040,2413,4,18,68,90,1.288888888888889,0.05750632477714423,617,I guess this is what we get for not reading our cable companies user agreement
7873,2413,6,14,70,90,1.288888888888889,0.06169564951963022,617,The worst timeshare pitch ever.
7708,2413,9,8,73,90,1.288888888888889,0.06749382816273673,617,I always expected fire and brimstone to be a bit more scary and at least in HD
7687,2413,4,18,68,90,1.288888888888889,0.05750632477714423,617,Maybe the overflow room wasn't such a bad idea.
7566,2413,5,16,69,90,1.288888888888889,0.05963778399229569,617,"Hey, I thought you said we weren't going to have to stand though the timeshare pitch?"
7532,2413,6,14,70,90,1.288888888888889,0.06169564951963022,617,"This is only season 1, episode 1,283,426,735"
7422,2413,5,16,69,90,1.288888888888889,0.05963778399229569,617,Our new zero-emissions heating system
7408,2413,4,18,68,90,1.288888888888889,0.05750632477714423,617,These fake fires just don't have the feel of the real thing.
7372,2413,7,12,71,90,1.288888888888889,0.06368705566900057,617,At least we're dressed properly.
7056,2413,5,16,69,90,1.288888888888889,0.05963778399229569,617,Don't you just hate being having to be exposed to these orientation videos?
7045,2413,4,18,68,90,1.288888888888889,0.05750632477714423,617,The punishment gets worse. It's soap operas in the afternoon.
6981,2413,5,16,69,90,1.288888888888889,0.05963778399229569,617,I told you it was “Fox”.
6064,2413,5,16,69,90,1.288888888888889,0.05963778399229569,617,God forbid he ever changes the channel.
6940,2413,3,20,67,90,1.288888888888889,0.05529276172553749,617,"It's supposed to be a brief presentation, then we can go tour the hot tub"
6821,2413,5,16,69,90,1.288888888888889,0.05963778399229569,617,"Well, I'd say it's kind of got a retro, 'Make Hell Malevolent Again', vibe going for it!"
6653,2413,5,16,69,90,1.288888888888889,0.05963778399229569,617,Could be worse — over in the 9th ring they make them watch C-SPAN.
6573,2413,6,14,70,90,1.288888888888889,0.06169564951963022,617,The last thing I was expecting was a health and safety video!
6552,2413,7,12,71,90,1.288888888888889,0.06368705566900057,617,That’s where our clothes went!
6489,2413,5,16,69,90,1.288888888888889,0.05963778399229569,617,Its his way of upgrading you to Satan Prime.
6462,2413,2,22,66,90,1.288888888888889,0.05298680599073448,617,It’s hard to tell the fire from the brimstone in standard definition.
6418,2413,6,14,70,90,1.288888888888889,0.06169564951963022,617,"'""You're fired!' really means something down here."""
6401,2413,5,16,69,90,1.288888888888889,0.05963778399229569,617,I hear they have a flatscreen up in circle three.
6350,2413,4,18,68,90,1.288888888888889,0.05750632477714423,617,Is it upside down? Or not? Take your time.
6304,2413,6,14,70,90,1.288888888888889,0.06169564951963022,617,Could have been worse. We could have been forced to watch repeat episodes of Touched by an Angel.
4413,2413,5,16,69,90,1.288888888888889,0.05963778399229569,617,We’ve been getting flack for our excesdive carbon footprint.
6223,2413,4,18,68,90,1.288888888888889,0.05750632477714423,617,I'm glad we get Fox News down here.
6154,2413,7,12,71,90,1.288888888888889,0.06368705566900057,617,He likes to torture us with reality tv.
6831,2413,4,18,68,90,1.288888888888889,0.05750632477714423,617,The scriptwriters have totally run out of ideas.
4291,2413,4,18,68,90,1.288888888888889,0.05750632477714423,617,The fireplace channel is all that's available. It's Hell!
4523,2413,5,16,69,90,1.288888888888889,0.05963778399229569,617,I guess he's finally concerned about global warming
4259,2413,5,16,69,90,1.288888888888889,0.05963778399229569,617,This nudist retreat might have been a bad idea...
2586,2413,5,16,69,90,1.288888888888889,0.05963778399229569,617,No fires today- it's a spare the air day.
2582,2413,6,14,70,90,1.288888888888889,0.06169564951963022,617,The true hell is the picture quality.
2422,2413,6,14,70,90,1.288888888888889,0.06169564951963022,617,"Quite! Our ruler... the Emperor With No Clothes. is speaking.... "" Fire and Fury """
2376,2413,1,24,65,90,1.288888888888889,0.05057582148578911,617,"I hear that in heaven they get to watch everything on a 60"" flat screen!"
2321,2413,5,16,69,90,1.288888888888889,0.05963778399229569,617,Rabbit ears and the Christmas fireplace; Hell is so dated!
2254,2413,6,14,70,90,1.288888888888889,0.06169564951963022,617,I think the timeshare in Orlando was a better deal.
4288,2413,6,14,70,90,1.288888888888889,0.06169564951963022,617,I heard he got the idea from that 'Burning Yule Log' video.
1946,2413,8,10,72,90,1.288888888888889,0.065618053536536,617,Tits and TV.. you call this hell?!
1835,2413,3,20,67,90,1.288888888888889,0.05529276172553749,617,"I don't know Martha, I've seen just as much of this show as you have"
1741,2413,6,14,70,90,1.288888888888889,0.06169564951963022,617,I liked the holiday fireplace one better.
1456,2413,4,18,68,90,1.288888888888889,0.05750632477714423,617,I miss the Winter Olympics
1445,2413,3,20,67,90,1.288888888888889,0.05529276172553749,617,I'm starting to think that Satan doesn't value us as customers.
1427,2413,4,18,68,90,1.288888888888889,0.05750632477714423,617,"Don't know about you, but this bores the hell outta me."
1159,2413,6,14,70,90,1.288888888888889,0.06169564951963022,617,I hate flying out of LaGuardia.
963,2413,5,16,69,90,1.288888888888889,0.05963778399229569,617,Every channel is Breaking News.
962,2413,5,16,69,90,1.288888888888889,0.05963778399229569,617,Another lie perpetuated by Fox News.
954,2413,4,18,68,90,1.288888888888889,0.05750632477714423,617,We do apologize for the inconvenience but are experiencing technical difficulties. Thank you for your patience.
905,2413,6,14,70,90,1.288888888888889,0.06169564951963022,617,This is Hell. Did you expect a flat-screen TV?
823,2413,4,18,68,90,1.288888888888889,0.05750632477714423,617,I wish we got Sin-a-max.
788,2413,5,16,69,90,1.288888888888889,0.05963778399229569,617,The worst part is we have to wait a year for season two.
623,2413,4,18,68,90,1.288888888888889,0.05750632477714423,617,The next hour is going to be psoriasis treatment ads.
562,2413,5,16,69,90,1.288888888888889,0.05963778399229569,617,These orgies are getting a little too avant garde for my taste.
443,2413,5,16,69,90,1.288888888888889,0.05963778399229569,617,He puts it on every Christmas.
424,2413,5,16,69,90,1.288888888888889,0.05963778399229569,617,Were you expecting high-def?
348,2413,4,18,68,90,1.288888888888889,0.05750632477714423,617,"Don't go anywhere, Charlie's Fallen Angels is on at 8."
330,2413,6,14,70,90,1.288888888888889,0.06169564951963022,617,Just think of it as binge watching the Yule Log. Forever.
169,2413,3,20,67,90,1.288888888888889,0.05529276172553749,617,Do you ever take a moment and reflect on how you ended up here?
2676,2413,3,20,67,90,1.288888888888889,0.05529276172553749,617,eternal damnation without cable?
2694,2413,5,16,69,90,1.288888888888889,0.05963778399229569,617,I'm seeing a tremendous opportunity to modernize the tech down here.
2021,2413,4,18,68,90,1.288888888888889,0.05750632477714423,617,I hear that Harvey Weinstein and Bill Cosby are the guests of honor at tonight's screening.
2847,2413,6,14,70,90,1.288888888888889,0.06169564951963022,617,"Live from New York, it's Saturday Night."
4124,2413,6,14,70,90,1.288888888888889,0.06169564951963022,617,I guess I was wrong Sharon. It looks like climate change really does effect everyone after all.
4087,2413,2,22,66,90,1.288888888888889,0.05298680599073448,617,I hate sweeps week!
4086,2413,5,16,69,90,1.288888888888889,0.05963778399229569,617,This is what we get for spreading fake nudes.
4069,2413,4,18,68,90,1.288888888888889,0.05750632477714423,617,I liked it better in theaters.
2805,2413,7,12,71,90,1.288888888888889,0.06368705566900057,617,Analog TV? This IS Hell...
4017,2413,7,12,71,90,1.288888888888889,0.06368705566900057,617,Wanna fuck?
4000,2413,5,16,69,90,1.288888888888889,0.05963778399229569,617,"In heaven, it’s the oscillating fan."
3982,2413,6,14,70,90,1.288888888888889,0.06169564951963022,617,It's only that damn hemerrhoid infomercial!
3896,2413,4,18,68,90,1.288888888888889,0.05750632477714423,617,"They said that after we watch the intro video, we get a tour of the timeshare properties."
3872,2413,6,14,70,90,1.288888888888889,0.06169564951963022,617,Is that a live feed from the 7th ring of hell?
3828,2413,5,16,69,90,1.288888888888889,0.05963778399229569,617,"This is hell, no cable!"
3812,2413,5,16,69,90,1.288888888888889,0.05963778399229569,617,"When they asked, ""Cloths or T.V.?"", it was a no-brainer."
3797,2413,6,14,70,90,1.288888888888889,0.06169564951963022,617,"I'm not worried, if this were really hell, CNN would be on the TV."
3676,2413,6,14,70,90,1.288888888888889,0.06169564951963022,617,This year's Burning Man is lame.
4034,2413,8,10,72,90,1.288888888888889,0.065618053536536,617,And I couldn't even get a signal in my basement.
3644,2413,5,16,69,90,1.288888888888889,0.05963778399229569,617,Thank God we're just in the overflow room.
3578,2413,3,20,67,90,1.288888888888889,0.05529276172553749,617,It's never as nice as they show you in the previews.
3567,2413,5,16,69,90,1.288888888888889,0.05963778399229569,617,Let's hope no one tells him about virtual reality.
3410,2413,3,20,67,90,1.288888888888889,0.05529276172553749,617,"Oh god, not another rerun!"
3338,2413,4,18,68,90,1.288888888888889,0.05750632477714423,617,I told you the earth was warming.
3205,2413,6,14,70,90,1.288888888888889,0.06169564951963022,617,Imagine the fun we could have if we weren't dead.
3192,2413,2,22,66,90,1.288888888888889,0.05298680599073448,617,Production value here has really gone to hell.
3176,2413,7,12,71,90,1.288888888888889,0.06368705566900057,617,This reality television stuff is just killing me.
3091,2413,6,14,70,90,1.288888888888889,0.06169564951963022,617,It's a virtual Hell!
2916,2413,4,18,68,90,1.288888888888889,0.05750632477714423,617,Better than Fox or CNN...
2904,2413,4,18,68,90,1.288888888888889,0.05750632477714423,617,"I know it's hell, but it's a dry heat!!"
2870,2413,7,12,71,90,1.288888888888889,0.06368705566900057,617,This is the same training video that I saw at Trump University.
2859,2413,2,22,66,90,1.288888888888889,0.05298680599073448,617,"Is this the casting call for Stormy Daniel's ""Fire Down Below""?"
3657,2413,4,18,68,90,1.288888888888889,0.05750632477714423,617,EP of Wife Swap. You?
6480,2536,4,19,71,94,1.2872340425531914,0.05582586504349464,617,It doesn't look so scary when its not high definition.
4985,2536,6,15,73,94,1.2872340425531914,0.05978368010305837,617,"Nothing is more sinful than watching ""Hell's got Talent"""
1655,2536,6,15,73,94,1.2872340425531914,0.05978368010305837,617,"Sure, we got 500 channels, but they're all the same!"
3344,2536,7,13,74,94,1.2872340425531914,0.06166740635108621,617,Reception was better in the second ring.
6664,2540,7,12,72,91,1.2857142857142858,0.06306326510375779,617,Hell is reality TV.
6117,2540,5,16,70,91,1.2857142857142858,0.05906415932819451,617,Infernal contraption!
5849,2540,5,16,70,91,1.2857142857142858,0.05906415932819451,617,"If we're going to be here for all eternity, can we at least get a flat screen?"
5807,2540,8,10,73,91,1.2857142857142858,0.06497057526101396,617,"Strangely overlooked in the classical literature, sexual harassment training takes place at the entrance to the Second Circle of Hell."
5683,2540,6,14,71,91,1.2857142857142858,0.06109644147858852,617,Do you think this could possibly be fake news?
5593,2540,2,22,67,91,1.2857142857142858,0.052497373120429694,617,"Oh, Hell. Reruns again!"
5087,2540,7,12,72,91,1.2857142857142858,0.06306326510375779,617,The next season comes out in one hundred million years.
1570,2540,6,14,71,91,1.2857142857142858,0.06109644147858852,617,"In heaven, they watch the Yule log."
871,2540,3,20,68,91,1.2857142857142858,0.054773848036684974,617,Hell or daytime TV - tough choice!
417,2540,4,18,69,91,1.2857142857142858,0.05695941250527522,617,„Not being able to change channels has proven to be much more hellish than actual hellfire.“
373,2540,6,14,71,91,1.2857142857142858,0.06109644147858852,617,The true Hell is that aspect ratio.
209,2540,5,16,70,91,1.2857142857142858,0.05906415932819451,617,I heard they serve burnt popcorn.
7129,2540,5,16,70,91,1.2857142857142858,0.05906415932819451,617,I remember watching the pilot
3740,2540,3,20,68,91,1.2857142857142858,0.054773848036684974,617,"'If you wanted to see the final episode, you should have gone to heaven!'"
7700,2554,3,21,71,95,1.2842105263157895,0.05325498655943968,617,So I guess WAS wrong to peddle all those subprime mortgages
1334,2554,5,17,73,95,1.2842105263157895,0.05730638642344382,617,This must be alternative hell.
7135,2554,8,11,76,95,1.2842105263157895,0.06289606046576776,617,"Apparently, this cuts our CO2 emissions in half."
3492,2557,4,17,67,88,1.2840909090909092,0.058160732039763394,617,So what network did you work for up there?
3508,2557,5,15,68,88,1.2840909090909092,0.060364756035743816,617,I guess I should have read their early termination clause more closely.
3511,2557,4,17,67,88,1.2840909090909092,0.058160732039763394,617,Welcome to Millennial Hell
3521,2557,3,19,66,88,1.2840909090909092,0.05586982845460912,617,"This must be the ""teaser."""
3571,2557,6,13,69,88,1.2840909090909092,0.06249109369429038,617,"Jeez, I can't wait for the season finale."""
3684,2557,3,19,66,88,1.2840909090909092,0.05586982845460912,617,Did you remember to bring the sun block?
3788,2557,1,23,64,88,1.2840909090909092,0.05098011074762423,617,"It's like ""The Sopranos"" - nobody knows how it really ends!"
3796,2557,1,23,64,88,1.2840909090909092,0.05098011074762423,617,And this circle of hell is exclusively for people who lied on their Tinder profile.
4091,2557,4,17,67,88,1.2840909090909092,0.058160732039763394,617,Safety orientation
4110,2557,3,19,66,88,1.2840909090909092,0.05586982845460912,617,It's not even in HD.
4272,2557,7,11,70,88,1.2840909090909092,0.06454742296143424,617,I hear it's a public service announcement about how the climate is changing down here too.
4859,2557,6,13,69,88,1.2840909090909092,0.06249109369429038,617,Who knew the cable company would be this pissed when we cut the cord?
5581,2557,5,15,68,88,1.2840909090909092,0.060364756035743816,617,New TSA procedures? At least we get to keep our shoes on.
5649,2557,6,13,69,88,1.2840909090909092,0.06249109369429038,617,Being stuck here with antenna TV sure is hell.
5688,2557,8,9,71,88,1.2840909090909092,0.06654023467659247,617,You are doomed to an eternity of watching FOX NEWS!
5862,2557,4,17,67,88,1.2840909090909092,0.058160732039763394,617,You are so hot.
5895,2557,3,19,66,88,1.2840909090909092,0.05586982845460912,617,Always the Weather Channel with this guy.
5987,2557,4,17,67,88,1.2840909090909092,0.058160732039763394,617,So this is it?
6209,2557,6,13,69,88,1.2840909090909092,0.06249109369429038,617,There's only one bloody hell channel down here.
6218,2557,5,15,68,88,1.2840909090909092,0.060364756035743816,617,Let's poke his eyes out with the antenna. We have nothing to lose.
6358,2557,2,21,65,88,1.2840909090909092,0.05348088174005493,617,"Hell, no cable"
6496,2557,3,19,66,88,1.2840909090909092,0.05586982845460912,617,"When they told me Hell was being forced to watch Bonanza reruns forever I didn't believe it."""
6588,2557,2,21,65,88,1.2840909090909092,0.05348088174005493,617,gone are the days when they had actual demons doing the induction to hell.
6715,2557,4,17,67,88,1.2840909090909092,0.058160732039763394,617,I feel a bit more comfort that it is not high definition.
6867,2557,5,15,68,88,1.2840909090909092,0.060364756035743816,617,It's the Irony Channel.
7621,2557,4,17,67,88,1.2840909090909092,0.058160732039763394,617,Watch and burn.
7848,2557,6,13,69,88,1.2840909090909092,0.06249109369429038,617,At least our fire and brimstone won't be in high definition.
8044,2557,7,11,70,88,1.2840909090909092,0.06454742296143424,617,"Oh great, here comes the time share pitch."
8115,2557,5,15,68,88,1.2840909090909092,0.060364756035743816,617,"Somehow, when they promised us we could be on 'Roasting With The Stars' I was expecting something different."
3460,2557,4,17,67,88,1.2840909090909092,0.058160732039763394,617,The technology is old but the message is the same
3307,2557,3,19,66,88,1.2840909090909092,0.05586982845460912,617,It's not quite what I expected.
6827,2557,5,15,68,88,1.2840909090909092,0.060364756035743816,617,Can someone change that to Fox and Friends?
3213,2557,6,13,69,88,1.2840909090909092,0.06249109369429038,617,This standing around really burns my ass.
3300,2557,6,13,69,88,1.2840909090909092,0.06249109369429038,617,At least the television here is better.
104,2557,3,19,66,88,1.2840909090909092,0.05586982845460912,617,You’re new here. Spoiler alert . . .
139,2557,4,17,67,88,1.2840909090909092,0.058160732039763394,617,"Actually, I find it less painful than commercial television."
292,2557,5,15,68,88,1.2840909090909092,0.060364756035743816,617,This is the strangest vacation pitch I have ever seen.
451,2557,5,15,68,88,1.2840909090909092,0.060364756035743816,617,I used to be in corporate videos. Think that's how I got here.
565,2557,6,13,69,88,1.2840909090909092,0.06249109369429038,617,A flatscreen would be heaven.
890,2557,6,13,69,88,1.2840909090909092,0.06249109369429038,617,"In heaven, they have Mr. Roger's Neighborhood."
894,2557,6,13,69,88,1.2840909090909092,0.06249109369429038,617,Climate change is real.
902,2557,8,9,71,88,1.2840909090909092,0.06654023467659247,617,Yep. 7 days a week. 24 hour Trump station.
1003,2557,2,21,65,88,1.2840909090909092,0.05348088174005493,617,No cable? You think he does that on purpose?
1044,2557,6,13,69,88,1.2840909090909092,0.06249109369429038,617,first they make us watch 666 seasons of hell's kitchen on a Russian analog tv...
1295,2557,4,17,67,88,1.2840909090909092,0.058160732039763394,617,"This is hell, there is no remote."
1343,2557,5,15,68,88,1.2840909090909092,0.060364756035743816,617,"But as you'll see, it wasn't until my 666th appearance on Fox and Friends that I did my best work."
1417,2557,2,21,65,88,1.2840909090909092,0.05348088174005493,617,No cable in hell.
1500,2557,3,19,66,88,1.2840909090909092,0.05586982845460912,617,"Nobody calls it a ""boob tube"" anymore."
80,2557,7,11,70,88,1.2840909090909092,0.06454742296143424,617,We all wanted Reality-TV. Now I guess we get what we asked for.
1582,2557,8,9,71,88,1.2840909090909092,0.06654023467659247,617,brimstone comes on at 10
3106,2557,5,15,68,88,1.2840909090909092,0.060364756035743816,617,You have to really check the reviews before you book one on these Groupon all inclusive getaway deals. Did you even look at the reviews Sharon?
3063,2557,5,15,68,88,1.2840909090909092,0.060364756035743816,617,So everything really is black and white.
3029,2557,5,15,68,88,1.2840909090909092,0.060364756035743816,617,"Hell, there’s no cable"
3002,2557,5,15,68,88,1.2840909090909092,0.060364756035743816,617,"As orientation videos go, it's pretty ho-hum."
2698,2557,5,15,68,88,1.2840909090909092,0.060364756035743816,617,"Of course it's hell—every time I try to adjust the picture, he pokes me!"
2670,2557,2,21,65,88,1.2840909090909092,0.05348088174005493,617,I think I’ve seen this show before.
5670,2557,4,17,67,88,1.2840909090909092,0.058160732039763394,617,He's economizing!
2373,2557,7,11,70,88,1.2840909090909092,0.06454742296143424,617,"'Just more re-runs of the Bill Cosby Show."""
2530,2557,4,17,67,88,1.2840909090909092,0.058160732039763394,617,"Welcome to the premiere of ""The Inconvenient Truth 5: The Devil Wears Nada"""
2322,2557,6,13,69,88,1.2840909090909092,0.06249109369429038,617,Big deal. I saw the original on Broadway.
2184,2557,7,11,70,88,1.2840909090909092,0.06454742296143424,617,Is it too late to change my vote? America doesn't look that great after all.
2147,2557,5,15,68,88,1.2840909090909092,0.060364756035743816,617,The other channel is Fox News.
2099,2557,5,15,68,88,1.2840909090909092,0.060364756035743816,617,They've been promising HD forever. Don't believe 'em.
2084,2557,4,17,67,88,1.2840909090909092,0.058160732039763394,617,So this is where the old TVs went.
273,2621,2,19,60,81,1.2839506172839505,0.05620335624735821,617,Figures -- I saw this one already
5168,2621,5,13,63,81,1.2839506172839505,0.06391199558293721,617,CNN? FOX? Isn't it just about choosing frying pan or fire?
4377,2623,4,18,70,92,1.2826086956521738,0.05642241999759943,617,I never thought they would be worried about a fuel shortage down here.
1551,2624,4,14,60,78,1.2820512820512822,0.0629432293078157,617,Broadcast TV? With a rabbit ears antenna. This IS Hell!
4629,2624,5,12,61,78,1.2820512820512822,0.0655351085197591,617,The outdated technology is just torture.
6140,2626,3,19,67,89,1.2808988764044944,0.05533066180784329,617,This is a rerun.
5442,2626,4,17,68,89,1.2808988764044944,0.05759205458226946,617,At least nothing will shrink where we're going.
3850,2626,3,19,67,89,1.2808988764044944,0.05533066180784329,617,It's going to be a loooong eternity
7640,2626,5,15,69,89,1.2808988764044944,0.05976794597374316,617,"You were a reality TV producer, too? Isn't that ironic?"
1782,2626,4,17,68,89,1.2808988764044944,0.05759205458226946,617,"Due to budget cuts, you will need to use your imagination"
127,2626,5,15,69,89,1.2808988764044944,0.05976794597374316,617,"After having to watch FOX every day at our Federal offices, this channel is soothing."
3011,2626,4,17,68,89,1.2808988764044944,0.05759205458226946,617,Not add a log....ANALOG
900,2626,5,15,69,89,1.2808988764044944,0.05976794597374316,617,Those are fake flames.
4105,2634,4,16,66,86,1.2790697674418605,0.05883307274731867,617,At least we don’t have to watch Fox News!
6152,2634,3,18,65,86,1.2790697674418605,0.05646000918945887,617,I really doubt his legal department requires the short intro video. I think he just like to show it.
6105,2634,5,14,67,86,1.2790697674418605,0.06111405943077911,617,Welcome to the ultimate red state where no one has any coverage.
6077,2634,4,16,66,86,1.2790697674418605,0.05883307274731867,617,From what I've heard this You Tube version sure beats the real thing!
5838,2634,6,12,68,86,1.2790697674418605,0.06331292183532768,617,Just be grateful it's virtual reality!
5672,2634,3,18,65,86,1.2790697674418605,0.05646000918945887,617,I’m not feeling the warmth.
5388,2634,1,22,63,86,1.2790697674418605,0.05138615587138972,617,"Well, at least we're dressed for it . . ."
5300,2634,6,12,68,86,1.2790697674418605,0.06331292183532768,617,"No HD, not even cable; this truely is Hell!"
5295,2634,4,16,66,86,1.2790697674418605,0.05883307274731867,617,"Apparently, he’s had a dispute over cable fees after they found out nudity was involved. For now, it’a Rabbit ears..."
5134,2634,6,12,68,86,1.2790697674418605,0.06331292183532768,617,It beats The Apprentice.
4962,2634,3,18,65,86,1.2790697674418605,0.05646000918945887,617,They say it's been picked up for another 13 weeks.
4930,2634,1,22,63,86,1.2790697674418605,0.05138615587138972,617,Is he using the fireplace app?
4761,2634,3,18,65,86,1.2790697674418605,0.05646000918945887,617,I guess you could say the naked truth is Reality TV is literally going to hell.
4538,2634,6,12,68,86,1.2790697674418605,0.06331292183532768,617,"When we talked about allying with People of Color, bright red with horns and a tail wasn’t the color I had in mind."
4319,2634,5,14,67,86,1.2790697674418605,0.06111405943077911,617,These orientations seem to last for an eternity.
4240,2634,5,14,67,86,1.2790697674418605,0.06111405943077911,617,This is where they send you when you complain about your cable bill
4133,2634,5,14,67,86,1.2790697674418605,0.06111405943077911,617,It's great here. Even get Fox News.
6160,2634,7,10,69,86,1.2790697674418605,0.0654379391679156,617,Dare we suggest to him aluminum foil for the rabbit ears?
5075,2634,6,12,68,86,1.2790697674418605,0.06331292183532768,617,Guess where I put the remote
3638,2634,6,12,68,86,1.2790697674418605,0.06331292183532768,617,Who did you vote for?
6331,2634,3,18,65,86,1.2790697674418605,0.05646000918945887,617,We'll have to take off our fig leaves.
4081,2634,5,14,67,86,1.2790697674418605,0.06111405943077911,617,This used to be a Christmas tradition.
8095,2634,5,14,67,86,1.2790697674418605,0.06111405943077911,617,Let's hope the next election doesn't have the same results.
7995,2634,7,10,69,86,1.2790697674418605,0.0654379391679156,617,I have been told we can upgrade to cable but there will be hell to pay.
7948,2634,3,18,65,86,1.2790697674418605,0.05646000918945887,617,I hate this show.
7924,2634,6,12,68,86,1.2790697674418605,0.06331292183532768,617,"No flat screen, I guess this really is hell."
7784,2634,3,18,65,86,1.2790697674418605,0.05646000918945887,617,I don't actually want the timeshare - just the free vacation.
7538,2634,5,14,67,86,1.2790697674418605,0.06111405943077911,617,I didn't know Netflix binging qualified as sloth.
7373,2634,7,10,69,86,1.2790697674418605,0.0654379391679156,617,I can't believe they only get one channel and it's the yule log.
6229,2634,4,16,66,86,1.2790697674418605,0.05883307274731867,617,"You know, the reception is much better than I was expecting."
7298,2634,2,20,64,86,1.2790697674418605,0.053982727112070486,617,It's his favorite show.
7187,2634,5,14,67,86,1.2790697674418605,0.06111405943077911,617,The experts all said we'd freeze over.
7088,2634,4,16,66,86,1.2790697674418605,0.05883307274731867,617,Rabbit ears. This must be the seventeenth circle of hell.
6904,2634,4,16,66,86,1.2790697674418605,0.05883307274731867,617,I can’t wait to see the part that explains about brimstone!
6737,2634,3,18,65,86,1.2790697674418605,0.05646000918945887,617,"A five minute break for flames, then back to news."
6512,2634,6,12,68,86,1.2790697674418605,0.06331292183532768,617,"Don't look now, but there's a naked guy at eleven o' clock."
6468,2634,3,18,65,86,1.2790697674418605,0.05646000918945887,617,They need to show the safety video first.
6440,2634,5,14,67,86,1.2790697674418605,0.06111405943077911,617,Hell yes! I'm naked and afraid!
6408,2634,5,14,67,86,1.2790697674418605,0.06111405943077911,617,But the fake news never mentions we have air conditioning.
7259,2634,3,18,65,86,1.2790697674418605,0.05646000918945887,617,It's not as bad as it looks.
4002,2634,5,14,67,86,1.2790697674418605,0.06111405943077911,617,I told you Heck was better than Hell.
1892,2634,7,10,69,86,1.2790697674418605,0.0654379391679156,617,"No cable, no flat screen, no hi def, and all they get is Fox!"
3936,2634,5,14,67,86,1.2790697674418605,0.06111405943077911,617,"Must be hell, it's all Three's Company reruns"
1809,2634,5,14,67,86,1.2790697674418605,0.06111405943077911,617,No cable. That’s the hell of it.
1793,2634,8,8,70,86,1.2790697674418605,0.0674960865070067,617,Not having a flatscreen is hell.
1770,2634,3,18,65,86,1.2790697674418605,0.05646000918945887,617,This is virtual Hell!
1737,2634,3,18,65,86,1.2790697674418605,0.05646000918945887,617,I thought hell was supposed to be other people.
1662,2634,5,14,67,86,1.2790697674418605,0.06111405943077911,617,The news is always so negative.
1584,2634,3,18,65,86,1.2790697674418605,0.05646000918945887,617,Just one boring channel -- for Eternity.
1494,2634,6,12,68,86,1.2790697674418605,0.06331292183532768,617,"I can't stand it! Not only is it low def, but it's black & white!"
1405,2634,3,18,65,86,1.2790697674418605,0.05646000918945887,617,Welcome to the orientation program!
1370,2634,2,20,64,86,1.2790697674418605,0.053982727112070486,617,"Don't blame me for climate change, I drove a Prius."
1144,2634,4,16,66,86,1.2790697674418605,0.05883307274731867,617,I'm all for safety training in case of a fire but this is ridiculous....
1082,2634,6,12,68,86,1.2790697674418605,0.06331292183532768,617,You know who I really feel bad for? The people looking at the back of the TV.
966,2634,3,18,65,86,1.2790697674418605,0.05646000918945887,617,Hell is losing its edge - could have been commercials.
941,2634,5,14,67,86,1.2790697674418605,0.06111405943077911,617,Were doomed he has the remote!
3973,2634,4,16,66,86,1.2790697674418605,0.05883307274731867,617,At least someone's trying to stop global warming.
395,2634,5,14,67,86,1.2790697674418605,0.06111405943077911,617,"You'd think that with Satan's sinful materialism, he'd at least have a Flat Screen."
245,2634,3,18,65,86,1.2790697674418605,0.05646000918945887,617,They get FOX News and CNN.
203,2634,2,20,64,86,1.2790697674418605,0.053982727112070486,617,I'm not sure they needed a 20 minute orientation video.
1836,2634,5,14,67,86,1.2790697674418605,0.06111405943077911,617,No remote?.... It's hell alright.
1894,2634,5,14,67,86,1.2790697674418605,0.06111405943077911,617,Reminds me of The Yule Log I used to watch
437,2634,3,18,65,86,1.2790697674418605,0.05646000918945887,617,I know how it ends.
2119,2634,5,14,67,86,1.2790697674418605,0.06111405943077911,617,He is sending us to Hawaii.
1900,2634,3,18,65,86,1.2790697674418605,0.05646000918945887,617,My kids were right. Living without modern technology IS Hell.
3720,2634,5,14,67,86,1.2790697674418605,0.06111405943077911,617,I never miss the previews.
3704,2634,4,16,66,86,1.2790697674418605,0.05883307274731867,617,"I don't know. It does look like Hell, but the trident looks fake."
3658,2634,6,12,68,86,1.2790697674418605,0.06331292183532768,617,Does he only get the Lava Channel?
3505,2634,3,18,65,86,1.2790697674418605,0.05646000918945887,617,Is this a preview of what’s to come
3185,2634,4,16,66,86,1.2790697674418605,0.05883307274731867,617,"He comes to the colony every year, trying to sell us time shares."
3045,2634,5,14,67,86,1.2790697674418605,0.06111405943077911,617,No flat screen? This is hell.
2989,2634,4,16,66,86,1.2790697674418605,0.05883307274731867,617,I'll bet it's fake news.
3765,2634,6,12,68,86,1.2790697674418605,0.06331292183532768,617,"Besides the humiliation of being naked, we can't change the channel."
2792,2634,4,16,66,86,1.2790697674418605,0.05883307274731867,617,This show has a real cult following.
2512,2634,4,16,66,86,1.2790697674418605,0.05883307274731867,617,"I should have known that, if I supported Donald Trump's quest for power, it would come to this!"
2482,2634,7,10,69,86,1.2790697674418605,0.0654379391679156,617,"Reminds me of my thermodynamics class in college, only way hotter."
2459,2634,6,12,68,86,1.2790697674418605,0.06331292183532768,617,"Is this the audition for,Naked and Afraid?"
2138,2634,5,14,67,86,1.2790697674418605,0.06111405943077911,617,"Honestly, I am surprised they even have an orientation!"
2444,2634,3,18,65,86,1.2790697674418605,0.05646000918945887,617,"No, I get the post-modern-techno-criticism of it. I'm just saying mine shrinks when it's cold, and that's why I wish it was a real fire."
2415,2634,5,14,67,86,1.2790697674418605,0.06111405943077911,617,"Oh, I know! You got a haircut!"
2309,2634,5,14,67,86,1.2790697674418605,0.06111405943077911,617,This is the casting call for 'Naked and Afraid: Dante's Inferno'.
2936,2634,5,14,67,86,1.2790697674418605,0.06111405943077911,617,It’s the same everyday; hot as hell again.
3649,2716,1,21,61,83,1.2771084337349397,0.05231421660412566,617,Is he really trying to sell us on Hell?
6648,2717,4,16,67,87,1.2758620689655173,0.058241299466009394,617,The trailers always oversell it.
1454,2717,6,12,69,87,1.2758620689655173,0.06266311017028485,617,Hell is other people...and standard definition.
5497,2717,6,12,69,87,1.2758620689655173,0.06266311017028485,617,Fake fire burns me up.
5829,2720,3,17,64,84,1.2738095238095237,0.0570633171799703,617,The real torture is that every channel is the same.
5525,2720,3,17,64,84,1.2738095238095237,0.0570633171799703,617,Can you believe it? Only one channel and it’s their version of the Yule log.
5562,2720,5,13,66,84,1.2738095238095237,0.06188655454031695,617,It’s the same infomercial on every channel.
5620,2720,4,15,65,84,1.2738095238095237,0.059523809523809534,617,"No commericals, though. Amiright?"
5479,2720,2,19,63,84,1.2738095238095237,0.0544918382414929,617,I've been to a lot of timeshare sales pitches but this one's amazing.
5869,2720,4,15,65,84,1.2738095238095237,0.059523809523809534,617,This level of technology will be a real turn off for millennials.
6226,2720,4,15,65,84,1.2738095238095237,0.059523809523809534,617,it's only real when you see it on television.
5988,2720,4,15,65,84,1.2738095238095237,0.059523809523809534,617,"Yeah, I was a reality TV producer, too."
5990,2720,7,9,68,84,1.2738095238095237,0.06636014691184276,617,If even these guys can do their part on global warming....
6138,2720,5,13,66,84,1.2738095238095237,0.06188655454031695,617,I heard we'll get real flames if enough of us donate to the Patreon
5383,2720,7,9,68,84,1.2738095238095237,0.06636014691184276,617,It's always Christmas down here. That's the hell of it.
6308,2720,4,15,65,84,1.2738095238095237,0.059523809523809534,617,"No carbon OR microfibre pollution, good for him!"
5880,2720,7,9,68,84,1.2738095238095237,0.06636014691184276,617,It's the usual. There's a 90 minute presentation before you collect the prize.
5361,2720,5,13,66,84,1.2738095238095237,0.06188655454031695,617,I think it got the idea from watching the Yule log.
4893,2720,6,11,67,84,1.2738095238095237,0.0641623516208414,617,"Welcome to Heaven, or as god likes to call it, “Hell”."
5312,2720,6,11,67,84,1.2738095238095237,0.0641623516208414,617,"Reality TV was hell on Earth, too."
5238,2720,4,15,65,84,1.2738095238095237,0.059523809523809534,617,"Of course it's not High Def. This is hell, you know."
5210,2720,5,13,66,84,1.2738095238095237,0.06188655454031695,617,No digital high definition flames? This really IS Hell.
5173,2720,4,15,65,84,1.2738095238095237,0.059523809523809534,617,"And if anyone complains about what’s in hell-o-vision, we’ll put it on the Hallmark Channel."
5071,2720,5,13,66,84,1.2738095238095237,0.06188655454031695,617,"No, there's no WiFi. There's not even goddam basic cable!"
5053,2720,2,19,63,84,1.2738095238095237,0.0544918382414929,617,I love reality television.
5042,2720,5,13,66,84,1.2738095238095237,0.06188655454031695,617,"If those are not real flames, then are we fake nudes?"
4977,2720,4,15,65,84,1.2738095238095237,0.059523809523809534,617,Is this the show about the dangers of infernal warming?
4931,2720,3,17,64,84,1.2738095238095237,0.0570633171799703,617,"It's a big night, after this is the season premiere of Brimstone."
4866,2720,5,13,66,84,1.2738095238095237,0.06188655454031695,617,We only get the weather channel.
4644,2720,4,15,65,84,1.2738095238095237,0.059523809523809534,617,I heard the heaven people get cable and still have their genitals.
4617,2720,5,13,66,84,1.2738095238095237,0.06188655454031695,617,Do you think he could turn it up?
4389,2720,4,15,65,84,1.2738095238095237,0.059523809523809534,617,They're conserving energy. But you get the message.
5339,2720,5,13,66,84,1.2738095238095237,0.06188655454031695,617,Dare you to tell El Diablo over there where to stick those rabbit ears.
6458,2720,4,15,65,84,1.2738095238095237,0.059523809523809534,617,The training departments video budget really has gone to Hell
6369,2720,5,13,66,84,1.2738095238095237,0.06188655454031695,617,It would seem an introductory training video on eternal suffering and damnation is a bit of overkill.
6490,2720,3,17,64,84,1.2738095238095237,0.0570633171799703,617,Another ruse- it’s colder than hell down here.
4265,2720,3,17,64,84,1.2738095238095237,0.0570633171799703,617,"I just knew it, a vast wasteland."
8054,2720,2,19,63,84,1.2738095238095237,0.0544918382414929,617,Hellfire isn't living up to my expectations.
7935,2720,6,11,67,84,1.2738095238095237,0.0641623516208414,617,Whoever owns the syndication rights to this show must be making a killing.
7928,2720,3,17,64,84,1.2738095238095237,0.0570633171799703,617,Wi-fi? we don't even get cable down here?
7921,2720,3,17,64,84,1.2738095238095237,0.0570633171799703,617,"You know, Sartre was right: 'Hell is not having basic cable."
7858,2720,3,17,64,84,1.2738095238095237,0.0570633171799703,617,"Suddenly, it seems like everyone we know is singe-watching!"
7792,2720,4,15,65,84,1.2738095238095237,0.059523809523809534,617,"Looks like Hell is watching ""Naked and Afraid"" while we ARE naked and afraid."
7766,2720,3,17,64,84,1.2738095238095237,0.0570633171799703,617,"At least it's cable, so we don't have to suffer through as many commercials."
7758,2720,4,15,65,84,1.2738095238095237,0.059523809523809534,617,"If this is hell, I'm all in."
7517,2720,3,17,64,84,1.2738095238095237,0.0570633171799703,617,"He says it’s the only station he can catch down here, but I don’t believe in him."
7309,2720,2,19,63,84,1.2738095238095237,0.0544918382414929,617,I’ll admit the programing is a little redundant
7303,2720,4,15,65,84,1.2738095238095237,0.059523809523809534,617,This is hell.
7248,2720,5,13,66,84,1.2738095238095237,0.06188655454031695,617,It's the newest teaser for coming attractions.
7199,2720,5,13,66,84,1.2738095238095237,0.06188655454031695,617,What further proof do you need of global warming?
7149,2720,6,11,67,84,1.2738095238095237,0.0641623516208414,617,Have you ever been an extra in a von Trier film before?
7103,2720,5,13,66,84,1.2738095238095237,0.06188655454031695,617,That fire feels good on my you know what.
7100,2720,5,13,66,84,1.2738095238095237,0.06188655454031695,617,I guess we should've read the fine print when we signed the contract for this pay-per-view channel.
6991,2720,3,17,64,84,1.2738095238095237,0.0570633171799703,617,Must cost too much to heat the place.
6988,2720,4,15,65,84,1.2738095238095237,0.059523809523809534,617,"All right, everyone. Mr. Lucifer couldn't make it in today; here is a video of the hellfire he would be roasting you in."
6987,2720,5,13,66,84,1.2738095238095237,0.06188655454031695,617,"I don't know which is worse--fire and brimstone for eternity, or watching Dr Phil for eternity."
6905,2720,2,19,63,84,1.2738095238095237,0.0544918382414929,617,This virtual hearth isn’t working much better than the virtual clothing.
6819,2720,2,19,63,84,1.2738095238095237,0.0544918382414929,617,It could be worse. At least there are no commercials.
6817,2720,6,11,67,84,1.2738095238095237,0.0641623516208414,617,Hey - look! It's the same screensaver we had in the eighties!
6756,2720,4,15,65,84,1.2738095238095237,0.059523809523809534,617,"I know we're all trying to be supportive, but someone needs to tell him his films lack artistic vision."
6749,2720,2,19,63,84,1.2738095238095237,0.0544918382414929,617,"By converting to this televised simulation, they save One Million annually on heating costs."
6745,2720,6,11,67,84,1.2738095238095237,0.0641623516208414,617,"It's the second season ""The Apprentice."""
6702,2720,4,15,65,84,1.2738095238095237,0.059523809523809534,617,This is America.
6581,2720,3,17,64,84,1.2738095238095237,0.0570633171799703,617,I guess this is the opposite of Netflix and chill?
6534,2720,5,13,66,84,1.2738095238095237,0.06188655454031695,617,You'll be feeling those flames when he switches to Virtual Reality headsets.
6479,2720,4,15,65,84,1.2738095238095237,0.059523809523809534,617,I guess even the afterlife has become virtual reality.
4191,2720,2,19,63,84,1.2738095238095237,0.0544918382414929,617,Great-another documentary
5415,2720,1,21,62,84,1.2738095238095237,0.05179284412244768,617,Naked ambition isn't all it's cracked up to be.
4143,2720,6,11,67,84,1.2738095238095237,0.0641623516208414,617,"Geesh, this is the orientation video from hell."
1960,2720,4,15,65,84,1.2738095238095237,0.059523809523809534,617,It's his reality show. We're forced to watch it... Word is he wants to run for higher office.
1767,2720,3,17,64,84,1.2738095238095237,0.0570633171799703,617,"I've seen this flame before. Spoiler alert, it has a cool ending."
1610,2720,5,13,66,84,1.2738095238095237,0.06188655454031695,617,"Ironically, they call it the fire station."
1609,2720,4,15,65,84,1.2738095238095237,0.059523809523809534,617,"If you think that's scary, wait until you see it in color."
1579,2720,5,13,66,84,1.2738095238095237,0.06188655454031695,617,They edited it for TV.
1557,2720,4,15,65,84,1.2738095238095237,0.059523809523809534,617,"I told you, Hell isn’t so bad. If only there were couches, this would be heaven."
1534,2720,4,15,65,84,1.2738095238095237,0.059523809523809534,617,Hell-o
1532,2720,3,17,64,84,1.2738095238095237,0.0570633171799703,617,It's much more interesting than the Brimstone channel.
1520,2720,3,17,64,84,1.2738095238095237,0.0570633171799703,617,This is the worst! I can't even see the screen!
1438,2720,2,19,63,84,1.2738095238095237,0.0544918382414929,617,"If your brought marshmallows, you're out of luck."
1421,2720,3,17,64,84,1.2738095238095237,0.0570633171799703,617,Only 1 channel? This really is hell.
1419,2720,4,15,65,84,1.2738095238095237,0.059523809523809534,617,More political ads! I never imagined that it would be THIS bad.
1410,2720,6,11,67,84,1.2738095238095237,0.0641623516208414,617,"Of course, it's Fox News."
1387,2720,3,17,64,84,1.2738095238095237,0.0570633171799703,617,"Artificial, yes--but it provides a certain warmth."
1384,2720,5,13,66,84,1.2738095238095237,0.06188655454031695,617,Wonder if the Cosby Show is on.
1377,2720,6,11,67,84,1.2738095238095237,0.0641623516208414,617,Why is there never anything on down here except “Lucifer?”
1250,2720,4,15,65,84,1.2738095238095237,0.059523809523809534,617,Orientation videos never do the real thing justice.
1195,2720,4,15,65,84,1.2738095238095237,0.059523809523809534,617,I hear that the Other Place has Oculus Rift.
1063,2720,6,11,67,84,1.2738095238095237,0.0641623516208414,617,It's the only channel. That's why they call this hell.
1060,2720,4,15,65,84,1.2738095238095237,0.059523809523809534,617,No remote....
1029,2720,7,9,68,84,1.2738095238095237,0.06636014691184276,617,White House briefings make my stay here more enjoyable.
976,2720,6,11,67,84,1.2738095238095237,0.0641623516208414,617,No HD? No cable? What kind of hell is this?
927,2720,4,15,65,84,1.2738095238095237,0.059523809523809534,617,"It’s just the one channel, but it is commercial free."
917,2720,6,11,67,84,1.2738095238095237,0.0641623516208414,617,another rerun.
217,2720,2,19,63,84,1.2738095238095237,0.0544918382414929,617,Fake news.
162,2720,5,13,66,84,1.2738095238095237,0.06188655454031695,617,This is for all of you who once said 'What Reality Show in Hell did I win?' This one!
140,2720,6,11,67,84,1.2738095238095237,0.0641623516208414,617,Comcast-Xfinity has one hell of a signal!
100,2720,7,9,68,84,1.2738095238095237,0.06636014691184276,617,I knew my old tv would end up down here. Goddamn thing sucked.
4152,2720,4,15,65,84,1.2738095238095237,0.059523809523809534,617,I wonder what they’re watching in heaven?
1981,2720,2,19,63,84,1.2738095238095237,0.0544918382414929,617,"Later, he switches to the Brimstone channel"
2083,2720,1,21,62,84,1.2738095238095237,0.05179284412244768,617,You'd think he could afford a flat screen!
2013,2720,5,13,66,84,1.2738095238095237,0.06188655454031695,617,It’s our only reality show.
2197,2720,4,15,65,84,1.2738095238095237,0.059523809523809534,617,"If you think this is hell, until last year there was only AM radio."
4111,2720,6,11,67,84,1.2738095238095237,0.0641623516208414,617,I wish they'd turn the heat up in here.
4048,2720,4,15,65,84,1.2738095238095237,0.059523809523809534,617,"It has a nostalgic, sort of PBS kind of feel, and this crowd seems to like it."
3920,2720,2,19,63,84,1.2738095238095237,0.0544918382414929,617,Hell hopes to be carbon neutral by Armageddon.
3846,2720,3,17,64,84,1.2738095238095237,0.0570633171799703,617,"I've heard that in another 10,000 years we may get to watch it in color."
3762,2720,3,17,64,84,1.2738095238095237,0.0570633171799703,617,Turns out you can't burn a finite amount of sulfur for all of eternity.
3738,2720,3,17,64,84,1.2738095238095237,0.0570633171799703,617,Sure beats the hell out of the Yule log they made us watch last Christmas.
3615,2720,5,13,66,84,1.2738095238095237,0.06188655454031695,617,"It's not so bad. The murderers have to watch ""Blossom""."
3610,2720,4,15,65,84,1.2738095238095237,0.059523809523809534,617,Hot enough for ya?
3600,2720,5,13,66,84,1.2738095238095237,0.06188655454031695,617,This seems like very politically correct eternal torment to me.
3584,2720,5,13,66,84,1.2738095238095237,0.06188655454031695,617,It's called reality TV.
3436,2720,6,11,67,84,1.2738095238095237,0.0641623516208414,617,Not even a flat screen? This place really is Hell.
3432,2720,3,17,64,84,1.2738095238095237,0.0570633171799703,617,He’s particularly proud of the special effects.
3375,2720,4,15,65,84,1.2738095238095237,0.059523809523809534,617,"We're right here, and the best view is on the television"
3267,2720,3,17,64,84,1.2738095238095237,0.0570633171799703,617,These workplace training videos are always so grim.
2132,2720,4,15,65,84,1.2738095238095237,0.059523809523809534,617,Really! Rabbit ears?
3247,2720,5,13,66,84,1.2738095238095237,0.06188655454031695,617,Nothing's on.
3137,2720,4,15,65,84,1.2738095238095237,0.059523809523809534,617,I'll take this over brimstone any day of the week.
2289,2720,5,13,66,84,1.2738095238095237,0.06188655454031695,617,"I assumed hell would be bad, but low definition TV?"
2313,2720,3,17,64,84,1.2738095238095237,0.0570633171799703,617,SOOooo much greener this way.
2329,2720,2,19,63,84,1.2738095238095237,0.0544918382414929,617,"I know we're here for eternity, but did he have to buy the box set?"
2463,2720,6,11,67,84,1.2738095238095237,0.0641623516208414,617,I don't know why we need to see the trailer. . .
3239,2720,5,13,66,84,1.2738095238095237,0.06188655454031695,617,The Brimstone Show comes on right after Fox News.
2503,2720,4,15,65,84,1.2738095238095237,0.059523809523809534,617,"Damn it, Alice, I think it's another re-run."
2501,2720,4,15,65,84,1.2738095238095237,0.059523809523809534,617,He's tired of paying fines for safety code violations.
2722,2720,5,13,66,84,1.2738095238095237,0.06188655454031695,617,"The good news is, we get cable next month."
2796,2720,2,19,63,84,1.2738095238095237,0.0544918382414929,617,"Seriously?? If he really wanted to stick it to us, he could put on an endless loop of Jersey Shore reruns."
2835,2720,5,13,66,84,1.2738095238095237,0.06188655454031695,617,"Oh no, we’re already in hell. This orientation video takes an eternity. We’re going to be standing here for centuries."
3036,2720,4,15,65,84,1.2738095238095237,0.059523809523809534,617,Feels like we've been watching the same channel for eternity.
85,2720,4,15,65,84,1.2738095238095237,0.059523809523809534,617,"My guess is, that it is Trump's innards."
3072,2720,4,15,65,84,1.2738095238095237,0.059523809523809534,617,"Actually, we all see something different. For me, it's a reel of baseball games on rain delay, followed by Stranger Things spoilers."
2618,2720,5,13,66,84,1.2738095238095237,0.06188655454031695,617,"Doesn't it just kill you, having to watch this in black and white?"
1493,2849,4,13,60,77,1.2727272727272727,0.06306254323811782,617,I suppose he’ll show us the brimstone on a slide projector.
4477,2850,2,19,64,85,1.2705882352941176,0.05394320930650174,617,"""Is rerun hell better than regular hell?'"
6638,2850,5,13,67,85,1.2705882352941176,0.06123892524153929,617,Really? This is breaking news?
3992,2850,4,15,66,85,1.2705882352941176,0.05890750308679626,617,"This isn't the time share promo, is it?"
7288,2850,4,15,66,85,1.2705882352941176,0.05890750308679626,617,At least we finally got the signal working.
3211,2850,5,13,67,85,1.2705882352941176,0.06123892524153929,617,I thought hell would be more up to date...
1202,2850,3,17,65,85,1.2705882352941176,0.05647992453166862,617,"Other than C-SPAN? Yeah, sometimes he lets us watch reruns of The Apprentice."
3651,2850,3,17,65,85,1.2705882352941176,0.05647992453166862,617,I told you Hell hadn't frozen over!
3156,2850,5,13,67,85,1.2705882352941176,0.06123892524153929,617,Let's see what's going on in the other levels of Hell.
4332,2858,4,14,64,82,1.2682926829268293,0.060233362522744895,617,I always thought television was a Hell of an idea.
4464,2858,4,14,64,82,1.2682926829268293,0.060233362522744895,617,I used to watch this every Christmas
4552,2858,3,16,63,82,1.2682926829268293,0.057679665728435664,617,I knew it was a guilty pleasure.
4600,2858,2,18,62,82,1.2682926829268293,0.05500754235822341,617,Obviously CRT is not just my idea of hell.
4810,2858,5,12,65,82,1.2682926829268293,0.0626831084347988,617,Our poor souls were addicted to porn & we must now have our eyes watch the Eternal Flames on a 1973 Non-HD 20 inch TV for all eternity!
4830,2858,5,12,65,82,1.2682926829268293,0.0626831084347988,617,The main damnation is no Wi-Fi.
4239,2858,6,10,66,82,1.2682926829268293,0.06504065040650406,617,A T.V. fireplace? Who knew satan was so cheep
3454,2858,3,16,63,82,1.2682926829268293,0.057679665728435664,617,"I'm pretty sure I was supposed to have a place at the main venue, not the remote view with you losers."
4869,2858,2,18,62,82,1.2682926829268293,0.05500754235822341,617,Apparently Senator McConnell cut off his funding.
5031,2858,4,14,64,82,1.2682926829268293,0.060233362522744895,617,Thank God it's not in HD.
5163,2858,5,12,65,82,1.2682926829268293,0.0626831084347988,617,Everything is outsourced now.
5237,2858,4,14,64,82,1.2682926829268293,0.060233362522744895,617,Back home they call this buffering.
5247,2858,3,16,63,82,1.2682926829268293,0.057679665728435664,617,It's going to be hell without a flat screen.
5357,2858,2,18,62,82,1.2682926829268293,0.05500754235822341,617,"In heaven they have HD flat TVs, but you need to wear clothes."
4863,2858,6,10,66,82,1.2682926829268293,0.06504065040650406,617,They only play the news down here? This really is hell.
4235,2858,5,12,65,82,1.2682926829268293,0.0626831084347988,617,"This is not ""fake news""...it is the naked truth!!"
4197,2858,3,16,63,82,1.2682926829268293,0.057679665728435664,617,The truly hellish part is that it’s standard definition
4158,2858,4,14,64,82,1.2682926829268293,0.060233362522744895,617,I heard purgatory has basic cable.
3491,2858,5,12,65,82,1.2682926829268293,0.0626831084347988,617,"You're in hell for human resources staff. Now watch this training video for the next hundred years, and nobody sexually harass anyone else."
3555,2858,3,16,63,82,1.2682926829268293,0.057679665728435664,617,"I know we've seen this before, but this part never gets old to me."
3625,2858,6,10,66,82,1.2682926829268293,0.06504065040650406,617,"It's either this or re-runs of ""The Apprentice""."
8121,2858,4,14,64,82,1.2682926829268293,0.060233362522744895,617,The boss thinks The Apprentice reruns will augment the Hell experience for many of the newer arrivals.
3650,2858,6,10,66,82,1.2682926829268293,0.06504065040650406,617,It’s the hottest show on television and it’s commercial free.
3670,2858,5,12,65,82,1.2682926829268293,0.0626831084347988,617,"Wow, and I thought not having clothes was the worst part of being here."
3446,2858,2,18,62,82,1.2682926829268293,0.05500754235822341,617,The Lake of Fire is full. I guess we're stuck with the simulcast.
3707,2858,4,14,64,82,1.2682926829268293,0.060233362522744895,617,It looks like the devil made us do it.
3806,2858,5,12,65,82,1.2682926829268293,0.0626831084347988,617,My plan to bring up The Apprentice television ratings has worked!
3857,2858,3,16,63,82,1.2682926829268293,0.057679665728435664,617,I thought there would at least be cable.
3874,2858,3,16,63,82,1.2682926829268293,0.057679665728435664,617,I hate re-runs...
3933,2858,4,14,64,82,1.2682926829268293,0.060233362522744895,617,I thought the idea was to bare our souls
4057,2858,4,14,64,82,1.2682926829268293,0.060233362522744895,617,Never changes.....Breaking News 24/7!
5461,2858,5,12,65,82,1.2682926829268293,0.0626831084347988,617,Only three networks and no Hi-Definition. It's torture.
3743,2858,3,16,63,82,1.2682926829268293,0.057679665728435664,617,Thank God it's not a live shot!
4084,2858,4,14,64,82,1.2682926829268293,0.060233362522744895,617,HD would make it more believable.
5576,2858,4,14,64,82,1.2682926829268293,0.060233362522744895,617,Everyone is outsourcing these days
5707,2858,6,10,66,82,1.2682926829268293,0.06504065040650406,617,The irony is McLuhan's in the other place.
7035,2858,5,12,65,82,1.2682926829268293,0.0626831084347988,617,What's cooking?
7066,2858,4,14,64,82,1.2682926829268293,0.060233362522744895,617,He won’t change that channel until hell freezes over
7155,2858,3,16,63,82,1.2682926829268293,0.057679665728435664,617,"Rabbit ears? What's next, a crummy TV dinner?"
7358,2858,3,16,63,82,1.2682926829268293,0.057679665728435664,617,Good luck trying to skip the commercials.
7411,2858,4,14,64,82,1.2682926829268293,0.060233362522744895,617,The lake of fire is out of order.
7450,2858,5,12,65,82,1.2682926829268293,0.0626831084347988,617,I will take questions after this brief introduction video.
6999,2858,4,14,64,82,1.2682926829268293,0.060233362522744895,617,I thought Hell would at least be in HD.
7608,2858,5,12,65,82,1.2682926829268293,0.0626831084347988,617,The commercials are the worst.
7685,2858,4,14,64,82,1.2682926829268293,0.060233362522744895,617,Not sure about the red test pattern but those rabbit ears suggest cable may not be available in this area.
7763,2858,6,10,66,82,1.2682926829268293,0.06504065040650406,617,I feel somehow it continues to reflect on our current reality.
7939,2858,4,14,64,82,1.2682926829268293,0.060233362522744895,617,You'd think he could afford cable?
8008,2858,6,10,66,82,1.2682926829268293,0.06504065040650406,617,This is the weirdest orientation ever.
8103,2858,6,10,66,82,1.2682926829268293,0.06504065040650406,617,Why do you think he’s showing us Fahrenheit 451.
3435,2858,3,16,63,82,1.2682926829268293,0.057679665728435664,617,Reality shows are scarier than the real thing.
7649,2858,5,12,65,82,1.2682926829268293,0.0626831084347988,617,Did someone touch the thermostat?
6951,2858,4,14,64,82,1.2682926829268293,0.060233362522744895,617,I warned you Fox News was the only network that would come in down here.
6901,2858,4,14,64,82,1.2682926829268293,0.060233362522744895,617,At least there are no ads!
6869,2858,3,16,63,82,1.2682926829268293,0.057679665728435664,617,Let’s stay in purgatory. Hawaii is just too hot.
5763,2858,2,18,62,82,1.2682926829268293,0.05500754235822341,617,And we thought that all day broadcast on Christmas day of the yule log was boring!
6043,2858,3,16,63,82,1.2682926829268293,0.057679665728435664,617,All the weather reports seem the same to me.
6067,2858,5,12,65,82,1.2682926829268293,0.0626831084347988,617,That's a fake fire.
6157,2858,5,12,65,82,1.2682926829268293,0.0626831084347988,617,The folks in the next circle of hell have it even worse: all Kathie Lee Gifford all the time.
6183,2858,4,14,64,82,1.2682926829268293,0.060233362522744895,617,This is some after party!
6207,2858,4,14,64,82,1.2682926829268293,0.060233362522744895,617,"Great offer, a timeshare at a hedonist resort!"
6314,2858,4,14,64,82,1.2682926829268293,0.060233362522744895,617,Rabbit ears? Really?
6453,2858,3,16,63,82,1.2682926829268293,0.057679665728435664,617,They’ve really reduced their carbon footprint.
6501,2858,2,18,62,82,1.2682926829268293,0.05500754235822341,617,"I always thought the ""Yule Log"" was hell when I was alive."
6616,2858,3,16,63,82,1.2682926829268293,0.057679665728435664,617,"This really is Hell, all they show is Reality TV ."
6687,2858,4,14,64,82,1.2682926829268293,0.060233362522744895,617,"God, I miss Netflix!"
6742,2858,3,16,63,82,1.2682926829268293,0.057679665728435664,617,"Fox is fine, but I prefer the Great British Bake-off"
6760,2858,5,12,65,82,1.2682926829268293,0.0626831084347988,617,I hear this channel is being bought by Disney.
6859,2858,2,18,62,82,1.2682926829268293,0.05500754235822341,617,Reruns are hell.
6864,2858,4,14,64,82,1.2682926829268293,0.060233362522744895,617,"Wow. And here I thought the only ""virtual hell"" I'd ever be in was my marriage!"
5682,2858,5,12,65,82,1.2682926829268293,0.0626831084347988,617,"Ever since our free cable trial period ended, life down here is frankly, well, hell."
3382,2858,4,14,64,82,1.2682926829268293,0.060233362522744895,617,It's a lot colder than I expected.
2977,2858,5,12,65,82,1.2682926829268293,0.0626831084347988,617,"I think this is only the third circle, so it could be worse. It's nothing but 'Jersey Shore' reruns two levels down."
3283,2858,3,16,63,82,1.2682926829268293,0.057679665728435664,617,I still say this is too much to give up for one Knicks championship.
796,2858,6,10,66,82,1.2682926829268293,0.06504065040650406,617,At least it’s not Fox...!
831,2858,5,12,65,82,1.2682926829268293,0.0626831084347988,617,It was this or an eternity of Joanie loves Chachi
847,2858,2,18,62,82,1.2682926829268293,0.05500754235822341,617,These timeshare presentations are always so uncomfortable.
1024,2858,4,14,64,82,1.2682926829268293,0.060233362522744895,617,It's not the same without the heat.
1088,2858,4,14,64,82,1.2682926829268293,0.060233362522744895,617,"Helluva sequel."""
1125,2858,1,20,61,82,1.2682926829268293,0.05219880835842336,617,"Hey, you wanna get a drink later? Ha, just kidding."
767,2858,3,16,63,82,1.2682926829268293,0.057679665728435664,617,I really thought he’d have cable since the providers are all his acolytes
1134,2858,5,12,65,82,1.2682926829268293,0.0626831084347988,617,"Just a remake of Dante, and not a very good one at that."
1224,2858,5,12,65,82,1.2682926829268293,0.0626831084347988,617,We are damned for eternity Molly ... a black and white cathode ray tube!!!
1330,2858,2,18,62,82,1.2682926829268293,0.05500754235822341,617,"You know, I think I'm starting to like reality TV."
1332,2858,5,12,65,82,1.2682926829268293,0.0626831084347988,617,At least the reception is good.
1433,2858,3,16,63,82,1.2682926829268293,0.057679665728435664,617,I'm just happy it's commercial free.
1514,2858,4,14,64,82,1.2682926829268293,0.060233362522744895,617,Ok folks back on your hands and knees - coffee break's over....
1548,2858,3,16,63,82,1.2682926829268293,0.057679665728435664,617,So it is Hell not having a Big Screen!
1223,2858,7,8,67,82,1.2682926829268293,0.06731567668495513,617,No cable! This truly is Hell.
763,2858,3,16,63,82,1.2682926829268293,0.057679665728435664,617,The orientation really does help make the transition easier.
727,2858,5,12,65,82,1.2682926829268293,0.0626831084347988,617,Pray it doesn't go on forever!
712,2858,3,16,63,82,1.2682926829268293,0.057679665728435664,617,Propaganda.
4,2858,4,14,64,82,1.2682926829268293,0.060233362522744895,617,Are you as turned on by fire porn as I am?
76,2858,5,12,65,82,1.2682926829268293,0.0626831084347988,617,I hear that season two has even more fire and brimstone than season one.
119,2858,4,14,64,82,1.2682926829268293,0.060233362522744895,617,I hate this show.
137,2858,5,12,65,82,1.2682926829268293,0.0626831084347988,617,I used to think cable news 24/7 was torture
138,2858,3,16,63,82,1.2682926829268293,0.057679665728435664,617,We don't really need the infomercial do we?
165,2858,4,14,64,82,1.2682926829268293,0.060233362522744895,617,I knew it! The Devil does wear Prada.
168,2858,3,16,63,82,1.2682926829268293,0.057679665728435664,617,I wonder what the Kardashians are up to.
269,2858,5,12,65,82,1.2682926829268293,0.0626831084347988,617,No Cable? This really is Hell.
379,2858,5,12,65,82,1.2682926829268293,0.0626831084347988,617,It's a virtual Hell!
406,2858,3,16,63,82,1.2682926829268293,0.057679665728435664,617,Don't you just love watching the Yule log on Christmas morning?
3330,2858,3,16,63,82,1.2682926829268293,0.057679665728435664,617,So apparently we all hogged the remote a bit in the land of the living.
485,2858,4,14,64,82,1.2682926829268293,0.060233362522744895,617,This orientation is taking forever!
584,2858,4,14,64,82,1.2682926829268293,0.060233362522744895,617,"If I had known they only had standard definition in hell, I wouldn't have killed my wife."
636,2858,4,14,64,82,1.2682926829268293,0.060233362522744895,617,they all die in the end
665,2858,4,14,64,82,1.2682926829268293,0.060233362522744895,617,Hell hasn't been updated in a long time.
1675,2858,5,12,65,82,1.2682926829268293,0.0626831084347988,617,"So This is Hell, No Cable, old 25’ and someone else has the remote."
1774,2858,4,14,64,82,1.2682926829268293,0.060233362522744895,617,I am still cold.
439,2858,4,14,64,82,1.2682926829268293,0.060233362522744895,617,I think I've seen this episode already.
1929,2858,3,16,63,82,1.2682926829268293,0.057679665728435664,617,Hell is so retro.
2602,2858,5,12,65,82,1.2682926829268293,0.0626831084347988,617,Is this going to be on the quiz?
2674,2858,4,14,64,82,1.2682926829268293,0.060233362522744895,617,Would you like to get a coffee after the meeting?
2855,2858,2,18,62,82,1.2682926829268293,0.05500754235822341,617,This must be the welcome video.
2987,2858,6,10,66,82,1.2682926829268293,0.06504065040650406,617,Welcome to the lowest level -- no pockets for cellphones here.
2992,2858,5,12,65,82,1.2682926829268293,0.0626831084347988,617,I hear televisions up in heaven are HD.
3026,2858,6,10,66,82,1.2682926829268293,0.06504065040650406,617,What happens now? They hand out the sticks and marshmallows.
2552,2858,2,18,62,82,1.2682926829268293,0.05500754235822341,617,Those Televangelists don't know how right they are.
3103,2858,7,8,67,82,1.2682926829268293,0.06731567668495513,617,I really thought the porn would be better here.
3189,2858,6,10,66,82,1.2682926829268293,0.06504065040650406,617,It's a rerun.
3196,2858,3,16,63,82,1.2682926829268293,0.057679665728435664,617,It's better than being chilly all the time.
3225,2858,3,16,63,82,1.2682926829268293,0.057679665728435664,617,I don’t know what’s worse - the body odor or the rabbit ears?
3227,2858,3,16,63,82,1.2682926829268293,0.057679665728435664,617,"Well, at least this channel's better than the news."
3258,2858,5,12,65,82,1.2682926829268293,0.0626831084347988,617,I wonder what's on the other channels?
1855,2858,7,8,67,82,1.2682926829268293,0.06731567668495513,617,Netflix and chill...in hell!
3110,2858,5,12,65,82,1.2682926829268293,0.0626831084347988,617,"Worst part is, it's always reruns."
2529,2858,5,12,65,82,1.2682926829268293,0.0626831084347988,617,Rabbit ears? This must be retro hell.
2850,2858,3,16,63,82,1.2682926829268293,0.057679665728435664,617,I knew it...reality TV.
2468,2858,5,12,65,82,1.2682926829268293,0.0626831084347988,617,I guess the revolutionWILL be televised
1940,2858,2,18,62,82,1.2682926829268293,0.05500754235822341,617,This is TV hell: no cable but lots of nudity
1985,2858,6,10,66,82,1.2682926829268293,0.06504065040650406,617,So 'THIS' is global warming
1995,2858,5,12,65,82,1.2682926829268293,0.0626831084347988,617,Reality TV is really hell down here
2511,2858,3,16,63,82,1.2682926829268293,0.057679665728435664,617,I wonder if they wear clothes in the other place.
2080,2858,4,14,64,82,1.2682926829268293,0.060233362522744895,617,"You think this is bad, next comes 24 hours straight of cable pundits with no breaks for advertisements."
2117,2858,5,12,65,82,1.2682926829268293,0.0626831084347988,617,"You were right, hon. No HDTV."
2118,2858,5,12,65,82,1.2682926829268293,0.0626831084347988,617,This is worse than I could possibly imagine. Watching Trump all day long over and over... this is the definition of torture!
2166,2858,3,16,63,82,1.2682926829268293,0.057679665728435664,617,"If we were in Heaven we'd be watching ""Chariots of Fire""!"
2017,2858,5,12,65,82,1.2682926829268293,0.0626831084347988,617,"Thank you for attending our ""Orientation To Hell"" Class."
2186,2858,4,14,64,82,1.2682926829268293,0.060233362522744895,617,This IS Hell. It reminds me of Christmas with my in-laws.
2202,2858,4,14,64,82,1.2682926829268293,0.060233362522744895,617,"Wanna bet, no HBO?"
2220,2858,4,14,64,82,1.2682926829268293,0.060233362522744895,617,This is it?! They sure talked it up.
2461,2858,2,18,62,82,1.2682926829268293,0.05500754235822341,617,"The worst part is, we can't skip the commercials"
2261,2858,4,14,64,82,1.2682926829268293,0.060233362522744895,617,If you ask nicely I bet they'll change it.
2420,2858,4,14,64,82,1.2682926829268293,0.060233362522744895,617,Is this the only channel?
2167,2858,4,14,64,82,1.2682926829268293,0.060233362522744895,617,I figured it would be hell down here but I wasn’t prepared for a ‘real housewives’ marathon
2702,3002,2,15,54,71,1.267605633802817,0.06003937835511715,617,I never watch the pre-flight safety videos.
1246,3002,5,9,57,71,1.267605633802817,0.06936836753184766,617,It's the 10th Circle of Hell - only one channel and it's all Trump 24/7.
1208,3004,6,11,69,86,1.2674418604651163,0.06282109007584707,617,I guess Marshall McLuhan was right. The medium's the message.
5135,3005,2,12,46,60,1.2666666666666666,0.06666666666666667,617,Oh great. Reruns again.
7105,3006,6,10,67,83,1.2650602409638554,0.06433350821297108,617,White supremecist convention in hell.
6971,3006,6,10,67,83,1.2650602409638554,0.06433350821297108,617,Consider yourself lucky. They've got cable the next circle down.
6754,3006,4,14,65,83,1.2650602409638554,0.0595909687658098,617,They say this is the boring part.
6740,3006,5,12,66,83,1.2650602409638554,0.0620075956534203,617,It's an acquired taste.
6647,3006,4,14,65,83,1.2650602409638554,0.0595909687658098,617,"Is it a bit chilly in here, or is it just me?"
5956,3006,6,10,67,83,1.2650602409638554,0.06433350821297108,617,It's Hell Fire TV. It's a lot like watching cable news 24/7.
1881,3006,4,14,65,83,1.2650602409638554,0.0595909687658098,617,"Well, at least they let us get the news down here."
5684,3006,5,12,66,83,1.2650602409638554,0.0620075956534203,617,"This IS hell! We should be seeing this on a big, high res, flat screen."
4917,3006,1,20,62,83,1.2650602409638554,0.05166728633900439,617,It's an all-inclusive package.
1604,3006,5,12,66,83,1.2650602409638554,0.0620075956534203,617,Fox and Friends laugh at Dante's fake fire.
1321,3006,6,10,67,83,1.2650602409638554,0.06433350821297108,617,What's happening on Earth puts all this in perspective.
983,3006,4,14,65,83,1.2650602409638554,0.0595909687658098,617,"They make us watch it while they're refueling the ""eternal fires of hell."""
5765,3006,5,12,66,83,1.2650602409638554,0.0620075956534203,617,Eternity watching the flames of hell in black & white. But we do have fifty shades of grey.
7295,3019,3,15,62,80,1.2625,0.0583088405482046,617,"Hell is other people, and no cable."
7110,3019,5,11,64,80,1.2625,0.06350458470442125,617,Ron Reagan says it’s fake news.
6221,3019,3,15,62,80,1.2625,0.0583088405482046,617,"So the heat is fake, I think we've been had."
5160,3019,2,17,61,80,1.2625,0.05552895811982625,617,Beats the Hell out of watching news shows back home.
6751,3019,4,13,63,80,1.2625,0.06096209135420536,617,I don't think we need to see the replay.
4188,3019,3,15,62,80,1.2625,0.0583088405482046,617,"After the commercial we dance to Earth, Wind and Fire."
2905,3019,4,13,63,80,1.2625,0.06096209135420536,617,"not really different from the hell before death, is it?"
2604,3019,3,15,62,80,1.2625,0.0583088405482046,617,I hate it when the trailer contains spoilers.
4568,3019,4,13,63,80,1.2625,0.06096209135420536,617,You the know the real hell is this analog TV's picture quality.
4378,3028,3,13,57,73,1.2602739726027397,0.061770544559217724,617,It´s a hell of a program!
5674,3029,1,18,58,77,1.2597402597402598,0.05358825519207446,617,Would you like to join me for the Welcome BBQ after the orientation is finished?
7799,3029,2,16,59,77,1.2597402597402598,0.056687428890267476,617,Boredom is Torture. And climate change is making the real flames of hell less relevant.
6110,3029,3,14,60,77,1.2597402597402598,0.059625733486870995,617,Just as I thought: Hell is so retro.
6054,3029,3,14,60,77,1.2597402597402598,0.059625733486870995,617,"Had I known there are no clothes or flat screens in hell, I would have behaved better."
6112,3029,5,10,62,77,1.2597402597402598,0.06510572243024296,617,Maybe if we ask a lot of questions after the video it'll delay things.
5965,3029,6,8,63,77,1.2597402597402598,0.06767952860963261,617,Stupid humans. Even when they're dead they can't think outside the box!
5926,3029,5,10,62,77,1.2597402597402598,0.06510572243024296,617,Are you going to hot yoga?
5828,3029,2,16,59,77,1.2597402597402598,0.056687428890267476,617,"Watch very, very closely. Every millennium they throw on a new log."
5691,3029,3,14,60,77,1.2597402597402598,0.059625733486870995,617,At 5:00 they play Gilligan’s Island reruns.
5654,3029,5,10,62,77,1.2597402597402598,0.06510572243024296,617,Spoiler alert -- she eats the apple.
4833,3029,3,14,60,77,1.2597402597402598,0.059625733486870995,617,Of course they couldn't go digital- the bureaucracy is hell around here.
5463,3029,5,10,62,77,1.2597402597402598,0.06510572243024296,617,"I know this is Hell and all, but rabbit ears?!?"
5230,3029,3,14,60,77,1.2597402597402598,0.059625733486870995,617,So it's true about the woman scorned thingy.
5064,3029,3,14,60,77,1.2597402597402598,0.059625733486870995,617,"""SPF 10,000. You?"
5023,3029,2,16,59,77,1.2597402597402598,0.056687428890267476,617,I now direct your attention to a brief video that will provide you with all the necessary information regarding your eternal stay in hell.
4936,3029,4,12,61,77,1.2597402597402598,0.06242588880829495,617,I can't believe the Devil and cable haven't partnered up.
4838,3029,3,14,60,77,1.2597402597402598,0.059625733486870995,617,Just what I was afraid of; endless reruns.
4758,3029,6,8,63,77,1.2597402597402598,0.06767952860963261,617,Looks like we just got out in time!
4633,3029,2,16,59,77,1.2597402597402598,0.056687428890267476,617,I wish it was HD at least.
4524,3029,4,12,61,77,1.2597402597402598,0.06242588880829495,617,Would you mind if I changed to The Brimstone Channel?
6115,3029,4,12,61,77,1.2597402597402598,0.06242588880829495,617,"I thought it would be worse, the reception is better than expected."
5586,3029,1,18,58,77,1.2597402597402598,0.05358825519207446,617,"The reception was better in purgatory -- and we were better dressed, too."
6159,3029,4,12,61,77,1.2597402597402598,0.06242588880829495,617,"It's just like the yule log channel, but with Nickelback instead of Christmas songs."
4434,3029,3,14,60,77,1.2597402597402598,0.059625733486870995,617,"As you can see, they all prefer vicarious experience to the real thing."
6265,3029,4,12,61,77,1.2597402597402598,0.06242588880829495,617,"The real problem is that he never changes the channel, it's all Hell all the time."
7453,3029,2,16,59,77,1.2597402597402598,0.056687428890267476,617,Is it weird to complain that I'm cold?
7421,3029,3,14,60,77,1.2597402597402598,0.059625733486870995,617,Didn't we just see this one yesterday?
7396,3029,2,16,59,77,1.2597402597402598,0.056687428890267476,617,It's amazing the picture's this good down here without cable.
7331,3029,4,12,61,77,1.2597402597402598,0.06242588880829495,617,It was either this or Canadian Netflix.
7162,3029,2,16,59,77,1.2597402597402598,0.056687428890267476,617,It's really just the Fireplace channel. But Hellfire sounds doomier.
7152,3029,5,10,62,77,1.2597402597402598,0.06510572243024296,617,Welcome to Facebook orientation. That's our Chief Privacy Officer.
7147,3029,4,12,61,77,1.2597402597402598,0.06242588880829495,617,He's reducing his carbon tail print.
7112,3029,5,10,62,77,1.2597402597402598,0.06510572243024296,617,The Travel Channel gets very repetitious down here.
7011,3029,4,12,61,77,1.2597402597402598,0.06242588880829495,617,You gotta admire someone who manages to get such great reception with nothing more than rabbit ears!
7007,3029,6,8,63,77,1.2597402597402598,0.06767952860963261,617,I know it looks bad...but I’ve heard the screen adds ten degrees.
6973,3029,4,12,61,77,1.2597402597402598,0.06242588880829495,617,"Don't worry, it's just fake news."
6972,3029,5,10,62,77,1.2597402597402598,0.06510572243024296,617,I guess reality tv is big down here too.
6946,3029,5,10,62,77,1.2597402597402598,0.06510572243024296,617,The authorities outlawed an open fire as a health hazard.
6830,3029,0,20,57,77,1.2597402597402598,0.05029848501568073,617,"Yeah Analog, that's the Hell of it."
6761,3029,5,10,62,77,1.2597402597402598,0.06510572243024296,617,Rabbit-ear TV?—Satan really has no mercy.
6750,3029,6,8,63,77,1.2597402597402598,0.06767952860963261,617,It’s hell that we can’t see this on the big screen.
6604,3029,5,10,62,77,1.2597402597402598,0.06510572243024296,617,This place is a virtual hell!
6579,3029,2,16,59,77,1.2597402597402598,0.056687428890267476,617,"Spoiler alert, no cable."
6506,3029,2,16,59,77,1.2597402597402598,0.056687428890267476,617,"Oh hell, it's not even in color."
6397,3029,4,12,61,77,1.2597402597402598,0.06242588880829495,617,"Feels a bit overkill, right?"
6326,3029,1,18,58,77,1.2597402597402598,0.05358825519207446,617,Black & White TV this is hell!
6189,3029,5,10,62,77,1.2597402597402598,0.06510572243024296,617,Welcome to Hell. No streaming.
4410,3029,3,14,60,77,1.2597402597402598,0.059625733486870995,617,reality tv.
2059,3029,1,18,58,77,1.2597402597402598,0.05358825519207446,617,I thought they’d at least have cable.
4340,3029,4,12,61,77,1.2597402597402598,0.06242588880829495,617,275 channels with nothing but hell fire and brimstone. I never thought I would miss Time-Warner.
1756,3029,3,14,60,77,1.2597402597402598,0.059625733486870995,617,Looks like a better deal than that timeshare we bought.
1447,3029,4,12,61,77,1.2597402597402598,0.06242588880829495,617,"It's on TV, so it must be real."
1256,3029,3,14,60,77,1.2597402597402598,0.059625733486870995,617,I've already seen this one
1231,3029,4,12,61,77,1.2597402597402598,0.06242588880829495,617,Apparently they have a colour TV in heaven.
1188,3029,3,14,60,77,1.2597402597402598,0.059625733486870995,617,"When I signed up for the nudist camp's ""Devil-Me-Care"" weekend getaway, I was looking for a good time. This is not at all what I had imagined. Where are we and what are we doing here??"
857,3029,4,12,61,77,1.2597402597402598,0.06242588880829495,617,I guess Fox News doesn't realize who is down here
785,3029,4,12,61,77,1.2597402597402598,0.06242588880829495,617,The new DVR system...it's still eternal damnation but you get to skip all the commercials.
749,3029,3,14,60,77,1.2597402597402598,0.059625733486870995,617,I love this show! It's soo hot right now.
631,3029,3,14,60,77,1.2597402597402598,0.059625733486870995,617,This plays instead of Fox News' commercials.
1778,3029,3,14,60,77,1.2597402597402598,0.059625733486870995,617,"Figures, reruns again."
547,3029,4,12,61,77,1.2597402597402598,0.06242588880829495,617,"Now, there's a good instructional video. Short and to the point."
466,3029,3,14,60,77,1.2597402597402598,0.059625733486870995,617,another rerun.
391,3029,2,16,59,77,1.2597402597402598,0.056687428890267476,617,"I hear in heaven, they've got plasma screens."
370,3029,5,10,62,77,1.2597402597402598,0.06510572243024296,617,No cable? This is heaven!
336,3029,5,10,62,77,1.2597402597402598,0.06510572243024296,617,"Oh, so that's it. His hair is actually made of hellfire's licking flames."
297,3029,5,10,62,77,1.2597402597402598,0.06510572243024296,617,After seeing what's happening on Earth it's not so bad down here.
222,3029,2,16,59,77,1.2597402597402598,0.056687428890267476,617,Who'd thought hell would need an overflow room?
132,3029,4,12,61,77,1.2597402597402598,0.06242588880829495,617,I think they serve snacks after this orientation video. I can't wait to try the deviled eggs.
30,3029,3,14,60,77,1.2597402597402598,0.059625733486870995,617,No cable? This IS hell!
19,3029,5,10,62,77,1.2597402597402598,0.06510572243024296,617,It’s not really hell until we loose the reception.
467,3029,5,10,62,77,1.2597402597402598,0.06510572243024296,617,They're out of fuel.
3,3029,4,12,61,77,1.2597402597402598,0.06242588880829495,617,It's the series finale of Seinfeld--over and over and over again.
1876,3029,3,14,60,77,1.2597402597402598,0.059625733486870995,617,"In hell, the only channel is the weather channel."
1915,3029,2,16,59,77,1.2597402597402598,0.056687428890267476,617,Who would have guessed that hell is watching Yule Log for eternity?
3976,3029,1,18,58,77,1.2597402597402598,0.05358825519207446,617,The Devil saw the Yule Log channel last December and had an idea for a more fuel efficient Hell.
3948,3029,2,16,59,77,1.2597402597402598,0.056687428890267476,617,I didn’t think cutting the cable would be this dire.
3838,3029,4,12,61,77,1.2597402597402598,0.06242588880829495,617,"Well, there's the fire, but where's the brimstone?"
3837,3029,1,18,58,77,1.2597402597402598,0.05358825519207446,617,This would be more effective in HD.
3799,3029,4,12,61,77,1.2597402597402598,0.06242588880829495,617,These press briefings are getting ridiculous.
3716,3029,3,14,60,77,1.2597402597402598,0.059625733486870995,617,It really IS hell when you don’t have cable.
3479,3029,4,12,61,77,1.2597402597402598,0.06242588880829495,617,"Relax, I hear orientation lasts at least forty millennia."
3474,3029,2,16,59,77,1.2597402597402598,0.056687428890267476,617,Other than the boredom it sure beats the real thing.
3444,3029,6,8,63,77,1.2597402597402598,0.06767952860963261,617,Consider it a trailer.
1912,3029,3,14,60,77,1.2597402597402598,0.059625733486870995,617,These Hades travelogs are pure hell.
3319,3029,2,16,59,77,1.2597402597402598,0.056687428890267476,617,Forcing us watch this in standard-definition is just cruel.
3241,3029,3,14,60,77,1.2597402597402598,0.059625733486870995,617,This is a demo version.
2833,3029,4,12,61,77,1.2597402597402598,0.06242588880829495,617,I knew Hell wouldn’t have cable!
2808,3029,2,16,59,77,1.2597402597402598,0.056687428890267476,617,Try not to move around too much. It messes with the reception.
2708,3029,2,16,59,77,1.2597402597402598,0.056687428890267476,617,I wonder if we can change the channel.
2559,3029,4,12,61,77,1.2597402597402598,0.06242588880829495,617,A least he changes the channel once every hundred years or so.
2518,3029,4,12,61,77,1.2597402597402598,0.06242588880829495,617,I love these home decorating shows.
2388,3029,4,12,61,77,1.2597402597402598,0.06242588880829495,617,I thought the 'Roseanne' reboot would be better.
2112,3029,4,12,61,77,1.2597402597402598,0.06242588880829495,617,The Bachelorette is on next.
1939,3029,3,14,60,77,1.2597402597402598,0.059625733486870995,617,It is C-Span all day here.
3261,3029,1,18,58,77,1.2597402597402598,0.05358825519207446,617,It’s a sneak preview.
4406,3029,4,12,61,77,1.2597402597402598,0.06242588880829495,617,"The only thing worse than watching reruns of Hell’s Kitchen, is when the rabbit ears reception screws up."
6026,3125,2,13,51,66,1.2575757575757576,0.062244746122568174,617,What'd you do?
521,3126,6,8,64,78,1.2564102564102564,0.06688914949610412,617,It's FoxNews and personally I'd have preferred fire and brimstone.
7284,3126,3,14,61,78,1.2564102564102564,0.05895046497960103,617,"When I registered for a layman's degree from Trump University, this is not what I expected."
6131,3126,3,14,61,78,1.2564102564102564,0.05895046497960103,617,These introductory videos take the edge off.
5813,3126,5,10,63,78,1.2564102564102564,0.0643518297122299,617,"We gotta watch ""Naked and Afraid"" forever? What the hell?"
5747,3126,2,16,60,78,1.2564102564102564,0.056054946153848324,617,I hear that Purgatory has high def and is clothing-optional.
5187,3126,4,12,62,78,1.2564102564102564,0.061710271870341823,617,"Oh, god, rabbit ear antenna! I had no idea hell would be so nakedly out of touch with digital technology."
4954,3126,4,12,62,78,1.2564102564102564,0.061710271870341823,617,"It's not the eternity of H.R. training that bugs me, it's the added 35 minutes for Jim's stupid questions."
4705,3126,2,16,60,78,1.2564102564102564,0.056054946153848324,617,"""NOW, do you believe""?"
6860,3126,4,12,62,78,1.2564102564102564,0.061710271870341823,617,We're doomed -- it's basic cable.
3068,3126,5,10,63,78,1.2564102564102564,0.0643518297122299,617,Don't be alarmed by our one channel. The head devil assures us it's just fake news.
2854,3126,2,16,60,78,1.2564102564102564,0.056054946153848324,617,This will be my one millionth viewing of Inferno.
2514,3126,5,10,63,78,1.2564102564102564,0.0643518297122299,617,I'm okay with analog but it's hell for the younger folks.
2260,3126,3,14,61,78,1.2564102564102564,0.05895046497960103,617,It appears cable TV really has gone to Hell!
2006,3126,3,14,61,78,1.2564102564102564,0.05895046497960103,617,Thank God for budget cuts.
651,3126,2,16,60,78,1.2564102564102564,0.056054946153848324,617,"No air-conditioning and 24/7 reruns of 'Rosanne.'"" ""Welcome to Hell!"
4521,3126,2,16,60,78,1.2564102564102564,0.056054946153848324,617,"Ugh, watching his home videos is hell!"
5285,3142,3,13,59,75,1.2533333333333334,0.060309511996344635,617,"I guess it could be worse, we could be at a Trump election ralley."
5286,3142,6,7,62,75,1.2533333333333334,0.06869001614731444,617,"You knew once he got down here, a spin-off was inevitable. ""You're fire!"" isn't as good as his original show, but at least the stakes are higher."""
5287,3142,4,11,60,75,1.2533333333333334,0.06322655769214071,617,It's an eternal Yul Log.
5333,3142,3,13,59,75,1.2533333333333334,0.060309511996344635,617,...and there is no cable.
5577,3142,3,13,59,75,1.2533333333333334,0.060309511996344635,617,Reality TV? Next he’ll be running for President of Hell.
5633,3142,3,13,59,75,1.2533333333333334,0.060309511996344635,617,I think Hell needs an electronic update.
5875,3142,3,13,59,75,1.2533333333333334,0.060309511996344635,617,Hell is no flat screen tv.
5804,3142,3,13,59,75,1.2533333333333334,0.060309511996344635,617,I heard in heaven they have a flat screen.
6191,3142,4,11,60,75,1.2533333333333334,0.06322655769214071,617,I hope your not one to fan the flames
6199,3142,4,11,60,75,1.2533333333333334,0.06322655769214071,617,"Yes, it's pretty boring, but there are no commercials"
6291,3142,3,13,59,75,1.2533333333333334,0.060309511996344635,617,I've been binge-watching this forever.
5245,3142,4,11,60,75,1.2533333333333334,0.06322655769214071,617,H.R. prepared the following orientation video.
5801,3142,4,11,60,75,1.2533333333333334,0.06322655769214071,617,Usually we only get Fox.
5244,3142,2,15,58,75,1.2533333333333334,0.05724401171194134,617,Down here you don't get to change the channel.
4794,3142,4,11,60,75,1.2533333333333334,0.06322655769214071,617,"I like the time-share pitch, but I don’t want to get burned"
5141,3142,4,11,60,75,1.2533333333333334,0.06322655769214071,617,I'd rather burn than have to watch another season of Here Comes Honey Boo Boo.
5131,3142,3,13,59,75,1.2533333333333334,0.060309511996344635,617,Haven't we suffered enough? There's no cable!
5041,3142,3,13,59,75,1.2533333333333334,0.060309511996344635,617,"...and, that concludes orientation. Questions?"
4991,3142,3,13,59,75,1.2533333333333334,0.060309511996344635,617,What a cheap devil.
4912,3142,3,13,59,75,1.2533333333333334,0.060309511996344635,617,Now I get what the expression “rot in hell” really meant
4910,3142,2,15,58,75,1.2533333333333334,0.05724401171194134,617,Is this a preview of where we are headed?
6467,3142,2,15,58,75,1.2533333333333334,0.05724401171194134,617,You think this is torture? Wait till the commercials start!
4777,3142,1,17,57,75,1.2533333333333334,0.054004782348570916,617,You would think the Devil could afford cable.
4755,3142,4,11,60,75,1.2533333333333334,0.06322655769214071,617,"“You think this looks bad, wait until you see what’s next”.,"
4730,3142,2,15,58,75,1.2533333333333334,0.05724401171194134,617,Weird sales meeting
4694,3142,2,15,58,75,1.2533333333333334,0.05724401171194134,617,"Is it me, or are these cutbacks getting ridiculous?"
4692,3142,3,13,59,75,1.2533333333333334,0.060309511996344635,617,"'I saw this movie on the flight down here."""
4627,3142,3,13,59,75,1.2533333333333334,0.060309511996344635,617,Shoulda known they wouldn't have HD in hell.
4605,3142,2,15,58,75,1.2533333333333334,0.05724401171194134,617,I can't wait for orientation week to end.
5201,3142,3,13,59,75,1.2533333333333334,0.060309511996344635,617,Looks better on TV.
6485,3142,1,17,57,75,1.2533333333333334,0.054004782348570916,617,I don’t think we’ll be getting any internet service
8017,3142,3,13,59,75,1.2533333333333334,0.060309511996344635,617,Purgatory. A low-tech illusion... Who'd have guessed.
6577,3142,3,13,59,75,1.2533333333333334,0.060309511996344635,617,I hear the other place has HD and surround sound.
4573,3142,4,11,60,75,1.2533333333333334,0.06322655769214071,617,It's hell getting cable down here.
7998,3142,4,11,60,75,1.2533333333333334,0.06322655769214071,617,Why do they keep zooming in on Prince Harry’s hair?
7962,3142,6,7,62,75,1.2533333333333334,0.06869001614731444,617,"I'm beginning to wish I hadn't robbed, cheated and stolen to quite the extent I did."
7917,3142,4,11,60,75,1.2533333333333334,0.06322655769214071,617,It is amazing they get such good reception down here with just rabbit ears!
7872,3142,5,9,61,75,1.2533333333333334,0.06601483134840198,617,I think I like Sunday's yoga instructor more.
7834,3142,3,13,59,75,1.2533333333333334,0.060309511996344635,617,You can learn to make fire watching YouTube.
7801,3142,3,13,59,75,1.2533333333333334,0.060309511996344635,617,It's lucky we landed here during a recession
7772,3142,3,13,59,75,1.2533333333333334,0.060309511996344635,617,That’s hell for you. No cable. Only one channel for eternity.
7746,3142,3,13,59,75,1.2533333333333334,0.060309511996344635,617,"Wow, the new Roseanne sucks."
7686,3142,3,13,59,75,1.2533333333333334,0.060309511996344635,617,"If he really wanted to make the sale, he'd at least use an HD television."
7655,3142,2,15,58,75,1.2533333333333334,0.05724401171194134,617,"Oooh, the new 2019's are out!"
7606,3142,3,13,59,75,1.2533333333333334,0.060309511996344635,617,"The guy with the fork has the remote, this is going to be hell."
7567,3142,3,13,59,75,1.2533333333333334,0.060309511996344635,617,No cable. They're breaking us in slowly.
7507,3142,4,11,60,75,1.2533333333333334,0.06322655769214071,617,"It's not the hellfire I mind, it's the incessant standing."
6563,3142,2,15,58,75,1.2533333333333334,0.05724401171194134,617,"This isn't so bad, I heard the Ninth Circle has to watch ""Vanderpump Rules."
7325,3142,3,13,59,75,1.2533333333333334,0.060309511996344635,617,Think we can work remotely from here?
7251,3142,5,9,61,75,1.2533333333333334,0.06601483134840198,617,Reality TV in Hell
7142,3142,1,17,57,75,1.2533333333333334,0.054004782348570916,617,Now you will watch hell of a presentation
7108,3142,4,11,60,75,1.2533333333333334,0.06322655769214071,617,I told you we should have opted for the handbasket.
7083,3142,2,15,58,75,1.2533333333333334,0.05724401171194134,617,This seems to be our virtual eternity.
7023,3142,4,11,60,75,1.2533333333333334,0.06322655769214071,617,It’s the only channel we get down here.
7019,3142,5,9,61,75,1.2533333333333334,0.06601483134840198,617,You will not need any clothing when you arrive at your destination
6955,3142,4,11,60,75,1.2533333333333334,0.06322655769214071,617,They’re just getting us ready for our trip to Hawaii.”
6938,3142,3,13,59,75,1.2533333333333334,0.060309511996344635,617,"Relax, it's just more fake news."
6881,3142,2,15,58,75,1.2533333333333334,0.05724401171194134,617,"It's sinful, that's why."
6880,3142,2,15,58,75,1.2533333333333334,0.05724401171194134,617,Sheesh--the cheapskate couldn't even spring for a flatscreen.
6832,3142,5,9,61,75,1.2533333333333334,0.06601483134840198,617,Nothing left to shed if it comes to that....
6771,3142,3,13,59,75,1.2533333333333334,0.060309511996344635,617,Watching TV naked. What's the catch?
6764,3142,4,11,60,75,1.2533333333333334,0.06322655769214071,617,The End is Near!!!
6640,3142,3,13,59,75,1.2533333333333334,0.060309511996344635,617,It's either this or MSNBC.
7274,3142,5,9,61,75,1.2533333333333334,0.06601483134840198,617,I bet it will take an eternity to get cable HDTV down here.
4401,3142,3,13,59,75,1.2533333333333334,0.060309511996344635,617,"If he's trying to make us sweat, he should just put that Simmons guy on."
5099,3142,3,13,59,75,1.2533333333333334,0.060309511996344635,617,My mother always told me it would rot my soul.
4121,3142,4,11,60,75,1.2533333333333334,0.06322655769214071,617,I hear the one percent get slow-smoked over locally sourced alder wood.
2238,3142,5,9,61,75,1.2533333333333334,0.06601483134840198,617,"Surprise surprise, Lucifer won't spring for cable..."
2062,3142,5,9,61,75,1.2533333333333334,0.06601483134840198,617,"Even though we are naked, no one at the New Yorker will like my caption...look at the screen, they are burning all of my submissions"
2049,3142,2,15,58,75,1.2533333333333334,0.05724401171194134,617,The Trump pee-pee-tape is now part of our Fire Safety education.
2005,3142,1,17,57,75,1.2533333333333334,0.054004782348570916,617,Damn! Reruns...
1928,3142,4,11,60,75,1.2533333333333334,0.06322655769214071,617,"If we're really good, he'll let us watch the Full House marathon."
1919,3142,5,9,61,75,1.2533333333333334,0.06601483134840198,617,He did say dress appropriately but this is crazy.
1761,3142,4,11,60,75,1.2533333333333334,0.06322655769214071,617,I always said old black & white TV looked like hell.
1738,3142,4,11,60,75,1.2533333333333334,0.06322655769214071,617,"This here is Hell's version of 'The Apprentice.' They really mean business when they say, 'You're fired!!!'"
1575,3142,1,17,57,75,1.2533333333333334,0.054004782348570916,617,I heard this is a hot spot.
1449,3142,3,13,59,75,1.2533333333333334,0.060309511996344635,617,"It only gets Gilligan’s Island, but at least the reception is good."
1436,3142,3,13,59,75,1.2533333333333334,0.060309511996344635,617,Why is it always the yule log? Seems like its been on this station for an eternity.
1168,3142,3,13,59,75,1.2533333333333334,0.060309511996344635,617,"It gets worse, there are only 3 Channels"
1139,3142,2,15,58,75,1.2533333333333334,0.05724401171194134,617,Budget cuts; petroleum based flames are just too gosh-darned expensive.
1093,3142,3,13,59,75,1.2533333333333334,0.060309511996344635,617,We should have gotten the plan with limited commercials.
2265,3142,1,17,57,75,1.2533333333333334,0.054004782348570916,617,Thank God for budget cuts.
930,3142,1,17,57,75,1.2533333333333334,0.054004782348570916,617,They have a new Safety Compliance Officer.
904,3142,3,13,59,75,1.2533333333333334,0.060309511996344635,617,They always told me it was just a metaphor.
741,3142,4,11,60,75,1.2533333333333334,0.06322655769214071,617,Thank goodness the Lord of Darkness provided this overflow room.
668,3142,2,15,58,75,1.2533333333333334,0.05724401171194134,617,Reality TV has gone too far.
616,3142,4,11,60,75,1.2533333333333334,0.06322655769214071,617,"Wow, who knew hell really is on earth?"
504,3142,4,11,60,75,1.2533333333333334,0.06322655769214071,617,It would be more realistic in color
416,3142,3,13,59,75,1.2533333333333334,0.060309511996344635,617,I guess I took it literally?
393,3142,2,15,58,75,1.2533333333333334,0.05724401171194134,617,"Somehow, the fact that he can’t even wangle an LED makes me feel better."
290,3142,2,15,58,75,1.2533333333333334,0.05724401171194134,617,Budget Cuts
264,3142,2,15,58,75,1.2533333333333334,0.05724401171194134,617,"I know it’s not the same, but we’re gonna save a ton on firewood..."
184,3142,4,11,60,75,1.2533333333333334,0.06322655769214071,617,I never thought of him as an environmentalist.
166,3142,3,13,59,75,1.2533333333333334,0.060309511996344635,617,"Basic Cable, no HD, this is Hell."
88,3142,4,11,60,75,1.2533333333333334,0.06322655769214071,617,"Houston won the World Series, Philly won the Super Bowl. What did you expect?"
60,3142,5,9,61,75,1.2533333333333334,0.06601483134840198,617,Now we know where all of those cable channels come from.
4383,3142,2,15,58,75,1.2533333333333334,0.05724401171194134,617,At least in the winter he shows us the Yule Log.
907,3142,3,13,59,75,1.2533333333333334,0.060309511996344635,617,"The first one of you that denounces Jesus gets a smart TV, for eternity."
2271,3142,1,17,57,75,1.2533333333333334,0.054004782348570916,617,He's been waiting all day for the cable guy
1755,3142,3,13,59,75,1.2533333333333334,0.060309511996344635,617,"He said we only have to wait one more eternal cycle, and we get to upgrade to Satellite."
2371,3142,3,13,59,75,1.2533333333333334,0.060309511996344635,617,Let's get this party started.
4067,3142,4,11,60,75,1.2533333333333334,0.06322655769214071,617,Reality TV is so edited these days
3965,3142,4,11,60,75,1.2533333333333334,0.06322655769214071,617,It’s so much better seeing it live
3942,3142,3,13,59,75,1.2533333333333334,0.060309511996344635,617,"If I don't see you again after orientation, it was nice to meet you."
3939,3142,4,11,60,75,1.2533333333333334,0.06322655769214071,617,Still not as bad as Fox News.
3911,3142,5,9,61,75,1.2533333333333334,0.06601483134840198,617,Somehow I expected a more *immersive* experience...
3886,3142,2,15,58,75,1.2533333333333334,0.05724401171194134,617,The real punishment is that it's not in HD.
2327,3142,3,13,59,75,1.2533333333333334,0.060309511996344635,617,"Fake fire? I guess the economy's bad everywhere, huh?"
3776,3142,4,11,60,75,1.2533333333333334,0.06322655769214071,617,"I don't know, I suppose I am a little disappointed. After all, this whole thing was supposed to be a really big deal."
3146,3142,4,11,60,75,1.2533333333333334,0.06322655769214071,617,"Netflix and hell, amiright?"
3143,3142,3,13,59,75,1.2533333333333334,0.060309511996344635,617,"He’s just playing devil’s advocate, I’m pretty sure Marshall McLuhan said TV was a cool medium"
3117,3142,1,17,57,75,1.2533333333333334,0.054004782348570916,617,WE'RE NOT SUPPOSED TO TOUCH THE DIALS OR WE'LL ALL HAVE TO START WEARING CLOTHES.
3102,3142,2,15,58,75,1.2533333333333334,0.05724401171194134,617,At least in Ray Bradbury’s dystopian future they got to keep their clothes.
3048,3142,1,17,57,75,1.2533333333333334,0.054004782348570916,617,Viewing the naked truth is never easy
2961,3142,6,7,62,75,1.2533333333333334,0.06869001614731444,617,I'm actually a little chilly! Who ever thought Satan would be so concerned about Global Warming?
2931,3142,0,19,56,75,1.2533333333333334,0.050558442975987265,617,Reality television. I should've known.
3789,3142,4,11,60,75,1.2533333333333334,0.06322655769214071,617,"Yep, that's the last thing I saw too."
2867,3142,5,9,61,75,1.2533333333333334,0.06601483134840198,617,I knew it. Slow TV is hell.
2381,3142,4,11,60,75,1.2533333333333334,0.06322655769214071,617,I always thought that hellfire and damnation stuff was a bit exaggerated.
2899,3142,2,15,58,75,1.2533333333333334,0.05724401171194134,617,It's the Yule Log video and there's no remote.
2504,3142,3,13,59,75,1.2533333333333334,0.060309511996344635,617,What in the hell are we watching?
2571,3142,5,9,61,75,1.2533333333333334,0.06601483134840198,617,"Ah, now that jingle will be stuck in my head FOREVER!"
2589,3142,6,7,62,75,1.2533333333333334,0.06869001614731444,617,I green lighted this show just before my heart attack.
2597,3142,3,13,59,75,1.2533333333333334,0.060309511996344635,617,Imitating the Yule Log broadcasts seems a bit antithetical to the mission.
2638,3142,5,9,61,75,1.2533333333333334,0.06601483134840198,617,Now I know we're in hell. It's the Yule Log!
2587,3142,5,9,61,75,1.2533333333333334,0.06601483134840198,617,It’s the Republicans’ new slogan: Make Hell Great Again
2648,3142,4,11,60,75,1.2533333333333334,0.06322655769214071,617,This isn't even the worst part- they show Gilligan's Island reruns all afternoon.
2655,3142,2,15,58,75,1.2533333333333334,0.05724401171194134,617,"The funny thing is, when they first announced it I was AGAINST telecommuting."
2668,3142,5,9,61,75,1.2533333333333334,0.06601483134840198,617,I guess hell is not Netflix and chill.
2703,3142,4,11,60,75,1.2533333333333334,0.06322655769214071,617,Reality TV isn't all it's seems to be.
2747,3142,4,11,60,75,1.2533333333333334,0.06322655769214071,617,I always liked the Yule Log better. And lots of blankets!!
7789,3273,3,14,62,79,1.2531645569620253,0.05828990667222849,617,If you think this is a bore wait till you get a load of the Brimstone Channel.
5728,3274,4,11,61,76,1.25,0.06247806632675042,617,"See, I told you. It was all a simulation."
4921,3274,2,15,59,76,1.25,0.056584047097789955,617,How I miss cable! It's the commercials that will really torture you.
4738,3274,3,13,60,76,1.25,0.05960395606792697,617,"You want better reception, you gotta move his trident!"
4976,3274,3,13,60,76,1.25,0.05960395606792697,617,I can’t believe we’re still binge-watching ‘A Christmas Yule Log.’
5440,3274,3,13,60,76,1.25,0.05960395606792697,617,Jeez. You would have thought it would at least be a flat screen.
5529,3274,3,13,60,76,1.25,0.05960395606792697,617,It's the first time I've watched the Dante Channel.
4909,3274,4,11,61,76,1.25,0.06247806632675042,617,He's going all in on brimstone.
6803,3274,4,11,61,76,1.25,0.06247806632675042,617,I guess it makes sense Hell has an overflow room.
7897,3274,4,11,61,76,1.25,0.06247806632675042,617,The actual fire was outsourced to China to save on expenses.
6994,3274,3,13,60,76,1.25,0.05960395606792697,617,"No ... this the commercial, we’re watching The Bill Cosby Show ."
7098,3274,3,13,60,76,1.25,0.05960395606792697,617,I guess that coal couldn’t be saved after all.
7255,3274,2,15,59,76,1.25,0.056584047097789955,617,Somehow it looks hotter on television.
7258,3274,1,17,58,76,1.25,0.05339360629309896,617,This is how I pictured it.
7273,3274,4,11,61,76,1.25,0.06247806632675042,617,Don't make him laugh. We'll lose reception.
7986,3274,3,13,60,76,1.25,0.05960395606792697,617,I hear in God's waiting room they serve buffet.
4661,3274,5,9,62,76,1.25,0.0652256541930572,617,That explains everything. The Devil has a small penis.
8100,3274,3,13,60,76,1.25,0.05960395606792697,617,It's all about the ambiance
6855,3274,6,7,63,76,1.25,0.06786208925382961,617,"Frankly, I think watching Fox News was more torturous."
2894,3274,5,9,62,76,1.25,0.0652256541930572,617,It's the season finale.
1930,3274,5,9,62,76,1.25,0.0652256541930572,617,Fossil fuels have become prohibitively expensive.
2788,3274,1,17,58,76,1.25,0.05339360629309896,617,Another predictable finale.
2856,3274,3,13,60,76,1.25,0.05960395606792697,617,I told you masturbation is a lower end sin.
316,3274,2,15,59,76,1.25,0.056584047097789955,617,The Devil is in the details- please watch this informational video before continuing the tour.
343,3274,5,9,62,76,1.25,0.0652256541930572,617,"And now,a word from our sponsor."
721,3274,3,13,60,76,1.25,0.05960395606792697,617,"This isn't so bad, really. Last week, we had to watch ""Roseanne."""
965,3274,2,15,59,76,1.25,0.056584047097789955,617,This is an ironic punishment don't you think?
1075,3274,4,11,61,76,1.25,0.06247806632675042,617,"As special effects go, it's not that realistic - but I like it!"
1215,3274,3,13,60,76,1.25,0.05960395606792697,617,It’s too hot for clothes anyway.
1323,3274,4,11,61,76,1.25,0.06247806632675042,617,"Amazing, isn't it? Perfect reception every time!"
642,3274,5,9,62,76,1.25,0.0652256541930572,617,It is better than Fox.
1803,3274,4,11,61,76,1.25,0.06247806632675042,617,I liked the Yule Log better.
1817,3274,2,15,59,76,1.25,0.056584047097789955,617,What channel is heaven?
1825,3274,3,13,60,76,1.25,0.05960395606792697,617,Hell hath no cable so... rabbit ears?
2150,3274,3,13,60,76,1.25,0.05960395606792697,617,It's not the timeshare presentations I mind so much. It's the judgmental attitude of the sales force.
2256,3274,5,9,62,76,1.25,0.0652256541930572,617,Satan said that if we take off our clothes the fire should be warmer...
2721,3274,4,11,61,76,1.25,0.06247806632675042,617,What the hell is this supposed to be?
2490,3274,2,15,59,76,1.25,0.056584047097789955,617,You'd think he could afford hi-def.
2505,3274,4,11,61,76,1.25,0.06247806632675042,617,"Ironically, he has pyrophobia."
1627,3274,3,10,51,64,1.25,0.0668153104781061,617,At least we can be grateful it's not in HD.
7559,3313,5,9,63,77,1.2467532467532467,0.06445482014559827,617,Rabbit ears! No wonder they call this hell.
5903,3313,4,11,62,77,1.2467532467532467,0.06174674356063795,617,This is what we get for watching Fox News
5040,3313,4,11,62,77,1.2467532467532467,0.06174674356063795,617,This must be Hell. He's making us watch Fake news for eternity.
6271,3316,2,14,57,73,1.2465753424657535,0.05780360228845736,617,Definitely not as good as the first season.
6228,3316,4,10,59,73,1.2465753424657535,0.06404913305527643,617,Damn!
6009,3316,2,14,57,73,1.2465753424657535,0.05780360228845736,617,We really need to find that remote!
6003,3316,4,10,59,73,1.2465753424657535,0.06404913305527643,617,Don't Let Him Get Behind You
5993,3316,4,10,59,73,1.2465753424657535,0.06404913305527643,617,I can't wait to read his tweets.
5946,3316,3,12,58,73,1.2465753424657535,0.06100634345154058,617,The only channel available is the loop of the Yule log.
5808,3316,5,8,60,73,1.2465753424657535,0.06695378218545744,617,As seen on TV
5745,3316,2,14,57,73,1.2465753424657535,0.05780360228845736,617,I thought this would be hotter.
5727,3316,2,14,57,73,1.2465753424657535,0.05780360228845736,617,Somebody wiggle the rabbit ears...I'm still freezing.
5709,3316,1,16,56,73,1.2465753424657535,0.05441267254709125,617,The amenities have really gone down here over the years.
4811,3316,2,14,57,73,1.2465753424657535,0.05780360228845736,617,Don’t you just love a great documentary?
5545,3316,5,8,60,73,1.2465753424657535,0.06695378218545744,617,I hear we’re getting a flat screen in April.
5531,3316,4,10,59,73,1.2465753424657535,0.06404913305527643,617,Oh good. So its definitely not Fox news?
5478,3316,4,10,59,73,1.2465753424657535,0.06404913305527643,617,This is not what I had in mind when the Devil promised Amazon Fire TV.
5477,3316,3,12,58,73,1.2465753424657535,0.06100634345154058,617,"That Amazon Fire TV Stick is amazing, but he won't let us watch anything else unless we can guess his password."
5359,3316,4,10,59,73,1.2465753424657535,0.06404913305527643,617,Comcast wouldn’t cancel our cable TV service.
5220,3316,1,16,56,73,1.2465753424657535,0.05441267254709125,617,The worst part is that they play the same episode over and over.
4885,3316,4,10,59,73,1.2465753424657535,0.06404913305527643,617,I told you leaving after the election was smart.
4872,3316,3,12,58,73,1.2465753424657535,0.06100634345154058,617,I hope you're wearing plenty of sunblock. This could get hot.
4846,3316,5,8,60,73,1.2465753424657535,0.06695378218545744,617,I actually produced this human resources video in my other life.
6299,3316,3,12,58,73,1.2465753424657535,0.06100634345154058,617,"Hey, I thought Hell had flatscreens?"
4702,3316,4,10,59,73,1.2465753424657535,0.06404913305527643,617,He really gets down to bare facts.
5697,3316,3,12,58,73,1.2465753424657535,0.06100634345154058,617,Merry Christmas!
6390,3316,4,10,59,73,1.2465753424657535,0.06404913305527643,617,The Yule Log is on upstairs.
7262,3316,3,12,58,73,1.2465753424657535,0.06100634345154058,617,Did it hurt when you fell from heaven?
6492,3316,3,12,58,73,1.2465753424657535,0.06100634345154058,617,"If that's the fire, we don't need to worry about the brimstone."
4449,3316,3,12,58,73,1.2465753424657535,0.06100634345154058,617,But he hasn't got anything on.
8128,3316,1,16,56,73,1.2465753424657535,0.05441267254709125,617,I hear there's also a fracking channel.
8083,3316,6,6,61,73,1.2465753424657535,0.06973755410639847,617,"Yes, television has gone to hell!"
8023,3316,4,10,59,73,1.2465753424657535,0.06404913305527643,617,They say it's the golden age of hellivision
7923,3316,3,12,58,73,1.2465753424657535,0.06100634345154058,617,Continuing hot with no chance of rain.
7892,3316,3,12,58,73,1.2465753424657535,0.06100634345154058,617,For a lifetime of sin you’d think they would’ve given us HD.
7616,3316,4,10,59,73,1.2465753424657535,0.06404913305527643,617,Welcome to hell for videophiles.
7499,3316,3,12,58,73,1.2465753424657535,0.06100634345154058,617,This isn't as bad as I thought it would be. At the other place there's no naked chicks.
7457,3316,3,12,58,73,1.2465753424657535,0.06100634345154058,617,"Same old, same old, without the cushy chair."
7379,3316,3,12,58,73,1.2465753424657535,0.06100634345154058,617,Cooking shows are a kind of hell.
6396,3316,4,10,59,73,1.2465753424657535,0.06404913305527643,617,This is the weirdest Naked and Afraid party I've ever been to.
7355,3316,4,10,59,73,1.2465753424657535,0.06404913305527643,617,The carbon footprint of the old style fire and brimstone could no longer be justified.
7333,3316,3,12,58,73,1.2465753424657535,0.06100634345154058,617,For some reason I thought they’d have a higher budget
7294,3316,4,10,59,73,1.2465753424657535,0.06404913305527643,617,Ugh. We got the overflow room again.
7225,3316,5,8,60,73,1.2465753424657535,0.06695378218545744,617,Why is it so hard to cancel cable?
7174,3316,3,12,58,73,1.2465753424657535,0.06100634345154058,617,"Well, that's a hell of a show."
7027,3316,2,14,57,73,1.2465753424657535,0.05780360228845736,617,"Rabbit ears only, with no satellite dish?,....now that's what I call sadistic torture!"
7017,3316,3,12,58,73,1.2465753424657535,0.06100634345154058,617,I guess I was wrong. Cable companies aren't owned and operated by Satan.
6967,3316,3,12,58,73,1.2465753424657535,0.06100634345154058,617,There's nothing good on.
6811,3316,0,18,55,73,1.2465753424657535,0.050795880048600424,617,"I think he was misled by the title ""The Naked and the Dead."""
6514,3316,1,16,56,73,1.2465753424657535,0.05441267254709125,617,He never wants anyone to say he has a Devil-may-care attitude toward climate change.
6493,3316,2,14,57,73,1.2465753424657535,0.05780360228845736,617,"No cable?! This is one hell of a nudist retreat you signed us up for, Dear."
7335,3316,3,12,58,73,1.2465753424657535,0.06100634345154058,617,"All right, so we're virtually damned, but let's ask for an upgrade."
4089,3316,1,16,56,73,1.2465753424657535,0.05441267254709125,617,These employee safety training videos are hilarious.
2,3316,2,14,57,73,1.2465753424657535,0.05780360228845736,617,The Resurrection will not be televised.
3792,3316,4,10,59,73,1.2465753424657535,0.06404913305527643,617,It's just hell to dispose of a old TV.
1499,3316,4,10,59,73,1.2465753424657535,0.06404913305527643,617,Analog's not bad when you consider the Virtual Reality on Level 7
1448,3316,3,12,58,73,1.2465753424657535,0.06100634345154058,617,He likes to say that he put the sin in syndication.
1403,3316,2,14,57,73,1.2465753424657535,0.05780360228845736,617,"They had me at ""no more cable."""
1327,3316,2,14,57,73,1.2465753424657535,0.05780360228845736,617,No digital? Now this is hell.
1291,3316,4,10,59,73,1.2465753424657535,0.06404913305527643,617,Told ya he'd give in on the TV if we moaned about it loud enough.
1198,3316,4,10,59,73,1.2465753424657535,0.06404913305527643,617,I actually like watching fire on old TVs.
1160,3316,4,10,59,73,1.2465753424657535,0.06404913305527643,617,The picture is so realistic you feel like you're there...
834,3316,4,10,59,73,1.2465753424657535,0.06404913305527643,617,"This may make me sound shallow, but I still love watching the Kardashian's down here."
778,3316,2,14,57,73,1.2465753424657535,0.05780360228845736,617,I wish they’d at least change it from Fox News to MSNBC during commercial breaks
608,3316,2,14,57,73,1.2465753424657535,0.05780360228845736,617,It's not even a flat screen?! What year is he stuck in?
1671,3316,3,12,58,73,1.2465753424657535,0.06100634345154058,617,I'm not getting a warm feeling about this!
588,3316,4,10,59,73,1.2465753424657535,0.06404913305527643,617,I guess I should have seen this coming when I voted.
533,3316,3,12,58,73,1.2465753424657535,0.06100634345154058,617,Energy efficiency hits Hades!
470,3316,2,14,57,73,1.2465753424657535,0.05780360228845736,617,"As far as orientations for newcomers go, this isn't really all that bad..."
409,3316,4,10,59,73,1.2465753424657535,0.06404913305527643,617,The fire is on the brimstone. Go figure.
356,3316,3,12,58,73,1.2465753424657535,0.06100634345154058,617,Political adds 24-7 — what else would you expect in hell.
324,3316,3,12,58,73,1.2465753424657535,0.06100634345154058,617,What the hell? Simulated fire? Seriously? Do you play Gin Rummy?
257,3316,5,8,60,73,1.2465753424657535,0.06695378218545744,617,It's like hot yoga but hotter.
248,3316,3,12,58,73,1.2465753424657535,0.06100634345154058,617,I hate it when Satan makes us watch his old home movies.
173,3316,2,14,57,73,1.2465753424657535,0.05780360228845736,617,"Great, another repeat."
157,3316,3,12,58,73,1.2465753424657535,0.06100634345154058,617,Somehow the Yule log makes me feel cozier.
3998,3316,3,12,58,73,1.2465753424657535,0.06100634345154058,617,Of all things: rabbit ears!
579,3316,5,8,60,73,1.2465753424657535,0.06695378218545744,617,It's better the second time you watch it.
1703,3316,3,12,58,73,1.2465753424657535,0.06100634345154058,617,Hell has been requred to cut down on CO2 emissions
191,3316,5,8,60,73,1.2465753424657535,0.06695378218545744,617,"If we break the antenna, the fire will turn to snow."
1743,3316,2,14,57,73,1.2465753424657535,0.05780360228845736,617,Strangely meditative.
1708,3316,1,16,56,73,1.2465753424657535,0.05441267254709125,617,Its so expensive keeping the hell fires going we found they  work just as well on Skype.
3686,3316,4,10,59,73,1.2465753424657535,0.06404913305527643,617,they've been using the same orientation video since the 80s
3269,3316,4,10,59,73,1.2465753424657535,0.06404913305527643,617,"Just as I feared, hell means watching reruns of ""Naked And Afraid"" in the nude."
3141,3316,4,10,59,73,1.2465753424657535,0.06404913305527643,617,No HD. Their cruelty is boundless!
3070,3316,0,18,55,73,1.2465753424657535,0.050795880048600424,617,That snowball I brought has better chances than I thought.
3018,3316,3,12,58,73,1.2465753424657535,0.06100634345154058,617,Sorry for the outdated technology - we had another budget cut this year.
3014,3316,3,12,58,73,1.2465753424657535,0.06100634345154058,617,"The hell of it is, this is the only channel!"
2832,3316,3,12,58,73,1.2465753424657535,0.06100634345154058,617,Everyone looks forward to Christmas Eve when they add the Yule log.
2822,3316,3,12,58,73,1.2465753424657535,0.06100634345154058,617,"Well I guess it's happening, hell is freezing over!"
2793,3316,1,16,56,73,1.2465753424657535,0.05441267254709125,617,"Makes you kind of miss commercials, doesn't it?"
2760,3316,4,10,59,73,1.2465753424657535,0.06404913305527643,617,"Yep, just like the televangelist said."
3564,3316,3,12,58,73,1.2465753424657535,0.06100634345154058,617,I guess nobody wanted to be overdressed for this party.
2494,3316,2,14,57,73,1.2465753424657535,0.05780360228845736,617,Looks like another day of record-breaking temperatures
2625,3316,1,16,56,73,1.2465753424657535,0.05441267254709125,617,"Hell isn't so bad today, the furnace broke."
1758,3316,2,14,57,73,1.2465753424657535,0.05780360228845736,617,Dante’s 10th circle of Hell — NO flat screen TVs.
1795,3316,4,10,59,73,1.2465753424657535,0.06404913305527643,617,I'm so glad they finally installed monitors here in the lobby. The seventh circle has been S.R.O. since 1936!
1815,3316,1,16,56,73,1.2465753424657535,0.05441267254709125,617,"Between rising energy prices and slashed budgets, we're lucky we didn't get stuck with radio"
1764,3316,5,8,60,73,1.2465753424657535,0.06695378218545744,617,I hear they have color TV in purgatory
1856,3316,4,10,59,73,1.2465753424657535,0.06404913305527643,617,They never get tired of making us watch the safety video.
2030,3316,3,12,58,73,1.2465753424657535,0.06100634345154058,617,Standard def? What new torture is this?
2455,3316,3,12,58,73,1.2465753424657535,0.06100634345154058,617,Hell.No remote?
2474,3316,4,10,59,73,1.2465753424657535,0.06404913305527643,617,I wonder if we have to stay for the free vacation after watching the timeshare presentation.
1847,3316,4,10,59,73,1.2465753424657535,0.06404913305527643,617,They're charging us how much for just this one channel again?
775,3417,4,9,56,69,1.2463768115942029,0.0665999146890887,617,"After the Bachelor/Bachelorette marathon, they're going to show every season of Big Brother and then every ""Apprentice,"" along with all Donald Trump's speeches and news conferences."
5925,3418,3,8,46,57,1.2456140350877194,0.07203061585563866,617,Looks better on a flat screen.
6714,3419,4,11,63,78,1.2435897435897436,0.06103202086660262,617,Destined to watch President Trump reruns for eternity
5007,3420,6,6,62,74,1.2432432432432432,0.06886935517697237,617,I thought we were here because we already watched too much Fox News...
5088,3420,3,12,59,74,1.2432432432432432,0.06026846888427848,617,At least all the health insurance companies end up here -- we even have vision coverage!
5207,3420,4,10,60,74,1.2432432432432432,0.06326548497088139,617,Fox News will be shown next.
5308,3420,3,12,59,74,1.2432432432432432,0.06026846888427848,617,Looks like a hell of a place
5511,3420,3,12,59,74,1.2432432432432432,0.06026846888427848,617,I should have know; Hell is analog.
5515,3420,7,4,63,74,1.2432432432432432,0.07150679219093489,617,Funny...looks alot like one of my recent campaign ads.
5555,3420,3,12,59,74,1.2432432432432432,0.06026846888427848,617,"He got one of those ""Holiday Fire"" DVD's. But do NOT say ""Christmas around him!"""
5676,3420,4,10,60,74,1.2432432432432432,0.06326548497088139,617,It’s the only channel we get down here.
6910,3420,2,14,58,74,1.2432432432432432,0.057114403566085395,617,Marshall McLuhan was right.
5933,3420,2,14,58,74,1.2432432432432432,0.057114403566085395,617,Apparently there have been budget cuts.
6302,3420,4,10,60,74,1.2432432432432432,0.06326548497088139,617,And here you can see what America is like since you left Earth....
6824,3420,2,14,58,74,1.2432432432432432,0.057114403566085395,617,"Our punishment, for not paying our cable bills."
6857,3420,1,16,57,74,1.2432432432432432,0.05377566222524919,617,solar powered. Even he thinks fossil fuels are wrong.
7216,3420,2,14,58,74,1.2432432432432432,0.057114403566085395,617,No binge-watching down here; we have to wait a whole week for the next episode.
7238,3420,4,10,60,74,1.2432432432432432,0.06326548497088139,617,"That proves it, that maddening holiday yule log was the devil's idea."
4918,3420,5,8,61,74,1.2432432432432432,0.06612680875066024,617,'Another repeat.'
7270,3420,3,12,59,74,1.2432432432432432,0.06026846888427848,617,Thank God we were bought out by Time Warner broadcasting.
5905,3420,3,12,59,74,1.2432432432432432,0.06026846888427848,617,"The plotting is weak, but the pyrotechnics are something else."
4877,3420,2,14,58,74,1.2432432432432432,0.057114403566085395,617,"With fake fire, you'd maybe think purgatory. But they can't even get a flat screen TV, so this is definitely hell."
1692,3420,2,14,58,74,1.2432432432432432,0.057114403566085395,617,I'm just glad they let me hold onto my glasses
4817,3420,4,10,60,74,1.2432432432432432,0.06326548497088139,617,The flat screen is upstairs.
7899,3420,5,8,61,74,1.2432432432432432,0.06612680875066024,617,Even the Devil would rather watch re-runs than pay for cable.
212,3420,2,14,58,74,1.2432432432432432,0.057114403566085395,617,"Ohh, it's going to get warmer downstairs."
249,3420,5,8,61,74,1.2432432432432432,0.06612680875066024,617,It’s either this or The 700 Club.
513,3420,4,10,60,74,1.2432432432432432,0.06326548497088139,617,At least we’re dressed for it.
600,3420,4,10,60,74,1.2432432432432432,0.06326548497088139,617,"I'm not sure if this is our hell, or his."
757,3420,4,10,60,74,1.2432432432432432,0.06326548497088139,617,Sometimes media is the only way for it to sink in.
1280,3420,1,16,57,74,1.2432432432432432,0.05377566222524919,617,"It's coverage of the ""Hell Week"" celebrations."
1700,3420,2,14,58,74,1.2432432432432432,0.057114403566085395,617,"No Cable, this must be HELL!"
4840,3420,4,10,60,74,1.2432432432432432,0.06326548497088139,617,One person fails to sexually assault someone and we all have to watch a training video?
1870,3420,3,12,59,74,1.2432432432432432,0.06026846888427848,617,"It almost looks cozy in vibrant black-and-white, doesn’t it?"
2301,3420,3,12,59,74,1.2432432432432432,0.06026846888427848,617,I'll explain it later.
2305,3420,5,8,61,74,1.2432432432432432,0.06612680875066024,617,"Whatever you do ""don't"" touch the rabbit ears."
3313,3420,2,14,58,74,1.2432432432432432,0.057114403566085395,617,I've always hated coming attractions
3412,3420,4,10,60,74,1.2432432432432432,0.06326548497088139,617,And you thought the Fireplace Channel at Christmas was hell!
3439,3420,2,14,58,74,1.2432432432432432,0.057114403566085395,617,Hell is analog TV.
3518,3420,4,10,60,74,1.2432432432432432,0.06326548497088139,617,I killed my wife for this.
4281,3420,2,14,58,74,1.2432432432432432,0.057114403566085395,617,It's just a teaser trailer.
4351,3420,4,10,60,74,1.2432432432432432,0.06326548497088139,617,"I swear, Estelle, if you say ""banality of evil"" one more...uh-oh, now I get it."
1991,3420,5,8,61,74,1.2432432432432432,0.06612680875066024,617,The reception is terrible down here!
7997,3420,4,10,60,74,1.2432432432432432,0.06326548497088139,617,Analogue?! Now I'm sure its hell.
1861,3461,2,12,52,66,1.2424242424242424,0.061301372768583655,617,"Worst part is, it's in standard definitio."
1169,3462,2,14,59,75,1.24,0.0564409920676948,617,Should we switch to water?
7753,3462,2,14,59,75,1.24,0.0564409920676948,617,I'm still hoping for a Presidential pardon.
7665,3462,2,14,59,75,1.24,0.0564409920676948,617,They say it'll feel 10 degrees hotter down here as soon as he upgrades to high definition.
7245,3462,3,12,60,75,1.24,0.059547845854790976,617,Did you really think there would be a flat screen TV?
6891,3462,4,10,61,75,1.24,0.06250045044882722,617,The Campaign was fun.
6186,3462,3,12,60,75,1.24,0.059547845854790976,617,"Well, hello. I know this place around the corner that has a killer happy hour. What do you say?"
5483,3462,4,10,61,75,1.24,0.06250045044882722,617,I'd say it's reality TV at its best.
7175,3462,3,12,60,75,1.24,0.059547845854790976,617,I was happy to see the flames...I thought for sure it would be “Fox and Friends”
3149,3462,4,10,61,75,1.24,0.06250045044882722,617,All this for a bite of the apple!?!
2999,3462,3,12,60,75,1.24,0.059547845854790976,617,I hear the third circle has a flat screen.
2858,3462,4,10,61,75,1.24,0.06250045044882722,617,If we had been good we’d have a jumbo flat screen.
2411,3462,4,10,61,75,1.24,0.06250045044882722,617,The liberal media got it right for once.
1554,3462,4,10,61,75,1.24,0.06250045044882722,617,"It could be worse, you know. Imagine if they upgraded to virtual reality!"
1296,3462,2,14,59,75,1.24,0.0564409920676948,617,Climate change back upstairs
3841,3462,3,12,60,75,1.24,0.059547845854790976,617,THAT IS ON CHANNEL 666
5089,3477,4,9,58,71,1.2394366197183098,0.06489362517604237,617,It figures we’d only get Fox News down here.
8151,3477,3,11,57,71,1.2394366197183098,0.06171521774706098,617,"Well actually, it's a monitor not a TV."
4616,3477,3,11,57,71,1.2394366197183098,0.06171521774706098,617,So Hell only dates back to the invention of the television set?
4894,3477,5,7,59,71,1.2394366197183098,0.06792346483661009,617,"Oh, ""eruption""! Funny, we all heard ""erection""!"
5009,3477,3,11,57,71,1.2394366197183098,0.06171521774706098,617,We finally meet as I had imagined... on our journey to hell.
5049,3477,3,11,57,71,1.2394366197183098,0.06171521774706098,617,We are all standing here naked and freezing and what do they do? Show us pictures of fire on an old TV! What the hell is wrong with them?
5074,3477,1,15,55,71,1.2394366197183098,0.054808203106141797,617,"""Roseanne"" is a little different this time around."
5149,3477,2,13,56,71,1.2394366197183098,0.05836397531564844,617,Who could have imagined that a nudist camp would be hot as hell.
5628,3477,2,13,56,71,1.2394366197183098,0.05836397531564844,617,"You know they're just kidding, right?"
5288,3477,3,11,57,71,1.2394366197183098,0.06171521774706098,617,Trump's tax cuts have had far-reaching implications.
5329,3477,3,11,57,71,1.2394366197183098,0.06171521774706098,617,Really? Ol' Beelzebub can't afford hi-def? Loser.
5375,3477,4,9,58,71,1.2394366197183098,0.06489362517604237,617,Hours of mandatory infomercials---I'd rather jump in the Lake of Fire.
5490,3477,2,13,56,71,1.2394366197183098,0.05836397531564844,617,I was worried there wouldn't be color TV
5500,3477,3,11,57,71,1.2394366197183098,0.06171521774706098,617,Even Satan cut the cord to cable.
4443,3477,1,15,55,71,1.2394366197183098,0.054808203106141797,617,"Normally we go to these timeshare pitches for the free food. I have to say, I’m a little let down with this one."
5664,3477,2,13,56,71,1.2394366197183098,0.05836397531564844,617,This is one helluva nudist colony.
5250,3477,2,13,56,71,1.2394366197183098,0.05836397531564844,617,OH HECK!
4382,3477,2,13,56,71,1.2394366197183098,0.05836397531564844,617,I didn’t think we’d get cable!
4236,3477,3,11,57,71,1.2394366197183098,0.06171521774706098,617,Can you believe there’s still no full-frontal nudity allowed on Hell-a-vision?
4338,3477,2,13,56,71,1.2394366197183098,0.05836397531564844,617,Hell's Bells! If the flames are only on a TV screen this is a great place to be!!
3418,3477,4,9,58,71,1.2394366197183098,0.06489362517604237,617,They got the idea from the Norwegian Fireplace Channel.
3431,3477,3,11,57,71,1.2394366197183098,0.06171521774706098,617,There's a two-hour Brimstone special at eight o'clock.
3529,3477,5,7,59,71,1.2394366197183098,0.06792346483661009,617,No Cable? This really is Hell.
3532,3477,3,11,57,71,1.2394366197183098,0.06171521774706098,617,"Fuel was getting expensive, so he found a Yule log channel with no cats."
3647,3477,4,9,58,71,1.2394366197183098,0.06489362517604237,617,I didn’t know they got Fox News down here!
3749,3477,1,15,55,71,1.2394366197183098,0.054808203106141797,617,That weird looking usher in red just laughed the most devilish laugh when I asked him how this ends.
3757,3477,3,11,57,71,1.2394366197183098,0.06171521774706098,617,This isn't so bad -- it's just like Christmas in Utah.
4373,3477,3,11,57,71,1.2394366197183098,0.06171521774706098,617,"I've seen this episode before. It gets better, just wait for the brimstone."
3895,3477,2,13,56,71,1.2394366197183098,0.05836397531564844,617,Thank God for the budget cuts.
3994,3477,2,13,56,71,1.2394366197183098,0.05836397531564844,617,did you really expect hi-def?
4212,3477,2,13,56,71,1.2394366197183098,0.05836397531564844,617,"Great. I like never watch this show, but what are the odds I've seen this episode?"
5667,3477,2,13,56,71,1.2394366197183098,0.05836397531564844,617,I think I understand the premise of that show Naked and Afraid.
4264,3477,1,15,55,71,1.2394366197183098,0.054808203106141797,617,"Can't get satellite tv here, so it's only local programs."
4302,3477,1,15,55,71,1.2394366197183098,0.054808203106141797,617,It figures it would be a black and white TV.
4311,3477,5,7,59,71,1.2394366197183098,0.06792346483661009,617,"Well, no-one's ever asked for a fireplace channel down Here before... ."
4314,3477,2,13,56,71,1.2394366197183098,0.05836397531564844,617,It's not as bad as I pictured it
3929,3477,1,15,55,71,1.2394366197183098,0.054808203106141797,617,Only one channel? This must be hell.
5731,3477,2,13,56,71,1.2394366197183098,0.05836397531564844,617,"No remote, no flat screen, rabbit ears-- we really are in Hell!"
6517,3477,1,15,55,71,1.2394366197183098,0.054808203106141797,617,Hell is black and white.
6057,3477,5,7,59,71,1.2394366197183098,0.06792346483661009,617,The flip side of the 60's sexual revolution.
7430,3477,2,13,56,71,1.2394366197183098,0.05836397531564844,617,This worst part is that it’s mostly commercials.
7554,3477,3,11,57,71,1.2394366197183098,0.06171521774706098,617,It's all reruns from now until fall.
7602,3477,3,11,57,71,1.2394366197183098,0.06171521774706098,617,Heaven has cable.
7617,3477,3,11,57,71,1.2394366197183098,0.06171521774706098,617,Trump’s budget cuts affect us all.
7626,3477,3,11,57,71,1.2394366197183098,0.06171521774706098,617,Where you able to smuggle in the sun screen?
7715,3477,2,13,56,71,1.2394366197183098,0.05836397531564844,617,"When Dignitas said they were having a fire sale, I didn't expect this!"
7720,3477,3,11,57,71,1.2394366197183098,0.06171521774706098,617,"Fake news again! If you can believe anything you hear from these guys, fake news started down here."
7401,3477,1,15,55,71,1.2394366197183098,0.054808203106141797,617,The only other channel is brimstone.
7773,3477,3,11,57,71,1.2394366197183098,0.06171521774706098,617,We didn't start the fire.
7842,3477,2,13,56,71,1.2394366197183098,0.05836397531564844,617,"I should have expected Hell to have a ""rabbit ears"" antenna."
7898,3477,4,9,58,71,1.2394366197183098,0.06489362517604237,617,The damnation part is there is no remote!
7927,3477,3,11,57,71,1.2394366197183098,0.06171521774706098,617,"O.K., Newt Minow was right."
7955,3477,1,15,55,71,1.2394366197183098,0.054808203106141797,617,"I think the real fire-works is broken, the fake one is on. what a lazy devil"
8003,3477,1,15,55,71,1.2394366197183098,0.054808203106141797,617,The reception is not very good down here.
8050,3477,2,13,56,71,1.2394366197183098,0.05836397531564844,617,He's too cheap to give us the real thing.
8092,3477,2,13,56,71,1.2394366197183098,0.05836397531564844,617,"If this is the seventh ring of Hell, I am very content with my sins."
7820,3477,4,9,58,71,1.2394366197183098,0.06489362517604237,617,You said you wanted to end up someplace warm and simple.
7328,3477,2,13,56,71,1.2394366197183098,0.05836397531564844,617,There's nothing good on TV any more.
7256,3477,1,15,55,71,1.2394366197183098,0.054808203106141797,617,I'm not tipping the tour guide.
7242,3477,5,7,59,71,1.2394366197183098,0.06792346483661009,617,A CRT? This IS hell.
6076,3477,3,11,57,71,1.2394366197183098,0.06171521774706098,617,So this IS Hell - no cable and no Dri-Fit
6150,3477,2,13,56,71,1.2394366197183098,0.05836397531564844,617,"What the devil, the Naked Chef is becoming a movement."
6303,3477,1,15,55,71,1.2394366197183098,0.054808203106141797,617,I understand that there's no assigned seating either.
6444,3477,0,17,54,71,1.2394366197183098,0.051005143277933866,617,So hell is standing around naked and watching TV?
6495,3477,3,11,57,71,1.2394366197183098,0.06171521774706098,617,It would have more impact on a Jumbotron
3352,3477,2,13,56,71,1.2394366197183098,0.05836397531564844,617,I hear there's basic cable in purgatory.
6544,3477,2,13,56,71,1.2394366197183098,0.05836397531564844,617,It's included in basic cable here.
6583,3477,4,9,58,71,1.2394366197183098,0.06489362517604237,617,"This reminds of of the Lost finale, only better."
6673,3477,2,13,56,71,1.2394366197183098,0.05836397531564844,617,So this is why they insisted on us signing a disclaimer at the audition
6797,3477,4,9,58,71,1.2394366197183098,0.06489362517604237,617,"Well, it's either this or the Brimstone Channel."
6835,3477,4,9,58,71,1.2394366197183098,0.06489362517604237,617,I knew it! No one here wears Prada.
6902,3477,2,13,56,71,1.2394366197183098,0.05836397531564844,617,And I thought the yule log at Christmas was boring.
6907,3477,1,15,55,71,1.2394366197183098,0.054808203106141797,617,But the next episode starts in 10 seconds
6984,3477,5,7,59,71,1.2394366197183098,0.06792346483661009,617,The Devil is INTO the details!!
7061,3477,3,11,57,71,1.2394366197183098,0.06171521774706098,617,And the best part--you won't need any clothing.
7121,3477,2,13,56,71,1.2394366197183098,0.05836397531564844,617,"Yeah, he hijacked the Fox & Friends feed for a special announcement."
7209,3477,4,9,58,71,1.2394366197183098,0.06489362517604237,617,"Hmm, Comcast. How fitting."""
5778,3477,5,7,59,71,1.2394366197183098,0.06792346483661009,617,I heard things really start hotting up next season.
3284,3477,4,9,58,71,1.2394366197183098,0.06489362517604237,617,I hear they have HD flat screens in heaven.
4589,3477,3,11,57,71,1.2394366197183098,0.06171521774706098,617,"It was clearly stated in orientation, ""no eye contact"", John."
3248,3477,4,9,58,71,1.2394366197183098,0.06489362517604237,617,"We'll get back to our show, ""Your Afterlife"" in a moment, but first, a word from our sponsor, Ice Mountain bottled water."
832,3477,2,13,56,71,1.2394366197183098,0.05836397531564844,617,Wanna Netflix and burn to death for eternity?
848,3477,4,9,58,71,1.2394366197183098,0.06489362517604237,617,Of course it took awhile to get interesting - these people practically invented the slow burn.
863,3477,6,5,60,71,1.2394366197183098,0.0708238064659881,617,Are these the auditions for Naked and Afraid?
868,3477,0,17,54,71,1.2394366197183098,0.051005143277933866,617,"Say, the reception is pretty good down here."
967,3477,4,9,58,71,1.2394366197183098,0.06489362517604237,617,"As unbearable as this is, if our sins were even greater, we would have been forced to watch this through 3D Virtual Reality glasses."
994,3477,3,11,57,71,1.2394366197183098,0.06171521774706098,617,Ask him if we can change the channel.
1041,3477,2,13,56,71,1.2394366197183098,0.05836397531564844,617,Any chance we could watch it in HD?
830,3477,2,13,56,71,1.2394366197183098,0.05836397531564844,617,It's the only channel we get.
1106,3477,4,9,58,71,1.2394366197183098,0.06489362517604237,617,"We lost the remote, so we're stuck watching reality TV."
1197,3477,2,13,56,71,1.2394366197183098,0.05836397531564844,617,"Satan forgot to pay that gas bill, but his cable is on autopay"
1209,3477,3,11,57,71,1.2394366197183098,0.06171521774706098,617,"Hell, only one channel?"
1289,3477,3,11,57,71,1.2394366197183098,0.06171521774706098,617,"It’s a limited series, 20,000 years."
1386,3477,2,13,56,71,1.2394366197183098,0.05836397531564844,617,It’s slways reruns in the summer.
1424,3477,1,15,55,71,1.2394366197183098,0.054808203106141797,617,Central air will be added to your cable bill as a courtesy.....
1442,3477,2,13,56,71,1.2394366197183098,0.05836397531564844,617,No Cable TV....this is going to be hell!
1484,3477,2,13,56,71,1.2394366197183098,0.05836397531564844,617,Looks like Hell out there.
1113,3477,2,13,56,71,1.2394366197183098,0.05836397531564844,617,"They say it won’t be fixed until tomorrow. Meanwhile, shouldn’t we all be making out?"
1492,3477,1,15,55,71,1.2394366197183098,0.054808203106141797,617,I can handle the heat but damn the reception.
783,3477,3,11,57,71,1.2394366197183098,0.06171521774706098,617,Looks much scarier than it did on the iPhone
617,3477,4,9,58,71,1.2394366197183098,0.06489362517604237,617,"With HD, you can really feel the heat."
3256,3477,4,9,58,71,1.2394366197183098,0.06489362517604237,617,I don't know - I feel like Satan's kind of phoning it in. And I was a REALLY shitty person to get here.
18,3477,3,11,57,71,1.2394366197183098,0.06171521774706098,617,See Sharon this is why I hate hanging out with your friends.
50,3477,2,13,56,71,1.2394366197183098,0.05836397531564844,617,«Is it me or is it really hot in here?”
83,3477,3,11,57,71,1.2394366197183098,0.06171521774706098,617,Analog. It just gives me shivers .
240,3477,2,13,56,71,1.2394366197183098,0.05836397531564844,617,This Lake of Fire Welcome Orientation video loop just goes on forever.
284,3477,3,11,57,71,1.2394366197183098,0.06171521774706098,617,Cuz I'm new here. Why don't you ask the red dude with the horns and pitchfork to change the channel?
329,3477,4,9,58,71,1.2394366197183098,0.06489362517604237,617,At least it isn't cable.
656,3477,1,15,55,71,1.2394366197183098,0.054808203106141797,617,"At least we could watch ""Bewitched"" in the Fifth Circle."
371,3477,4,9,58,71,1.2394366197183098,0.06489362517604237,617,"Down here, you would think they'd have cable."
506,3477,5,7,59,71,1.2394366197183098,0.06792346483661009,617,The First Circle is just an orientation class.
555,3477,4,9,58,71,1.2394366197183098,0.06489362517604237,617,Rabbit ears? Hell is going to be worse than i thought!
563,3477,2,13,56,71,1.2394366197183098,0.05836397531564844,617,"At first glance it doesn't seem so bad, but it's all in the details."
589,3477,2,13,56,71,1.2394366197183098,0.05836397531564844,617,It's a pretty straight-forward orientation video.
591,3477,5,7,59,71,1.2394366197183098,0.06792346483661009,617,"Wouldn't you know, its always the annual fund drive."
595,3477,2,13,56,71,1.2394366197183098,0.05836397531564844,617,They use to have real fire and brimstone...
596,3477,1,15,55,71,1.2394366197183098,0.054808203106141797,617,"As on Earth, the most fear-producing device down here is now a television."
447,3477,3,11,57,71,1.2394366197183098,0.06171521774706098,617,A 1950's B&W TV with flames 24/7....this is HELL!
1603,3477,3,11,57,71,1.2394366197183098,0.06171521774706098,617,"What the hell, why doesn't someone turn that infernal thing off?"
729,3477,3,11,57,71,1.2394366197183098,0.06171521774706098,617,Ever notice they haven't had to go outside for a single commentator.
1663,3477,2,13,56,71,1.2394366197183098,0.05836397531564844,617,These 'virtual' flames are even more hellish in standard definition.
2395,3477,2,13,56,71,1.2394366197183098,0.05836397531564844,617,Sorry for the delay. As you can see slight problem with the rotisserie.
2417,3477,2,13,56,71,1.2394366197183098,0.05836397531564844,617,"No really, it's cold in here."
2419,3477,1,15,55,71,1.2394366197183098,0.054808203106141797,617,"They were right. I don't exactly feel consumed, do you?"
2443,3477,3,11,57,71,1.2394366197183098,0.06171521774706098,617,When do we get to to see the kitchen?
2458,3477,3,11,57,71,1.2394366197183098,0.06171521774706098,617,At least it’s not the Rosanne reboot.
2542,3477,2,13,56,71,1.2394366197183098,0.05836397531564844,617,Well I for one appreciate a good intro video
2730,3477,2,13,56,71,1.2394366197183098,0.05836397531564844,617,Am I glad I didn't die before they had TV!
2375,3477,4,9,58,71,1.2394366197183098,0.06489362517604237,617,I heard they have cable news in the eighth circle.
2911,3477,3,11,57,71,1.2394366197183098,0.06171521774706098,617,"If Hell is half as exciting as this preview, it can't be so bad!"
2962,3477,2,13,56,71,1.2394366197183098,0.05836397531564844,617,"They only put the best parts in the trailer, actual eternal damnation probably won't be that good."
3051,3477,4,9,58,71,1.2394366197183098,0.06489362517604237,617,Who knew Satan had such a knack for documentaries?
3065,3477,3,11,57,71,1.2394366197183098,0.06171521774706098,617,Reminds me of holidays at your mother's.
3148,3477,4,9,58,71,1.2394366197183098,0.06489362517604237,617,You think they'll play 'Hell's Kitchen' next?
3182,3477,4,9,58,71,1.2394366197183098,0.06489362517604237,617,On level 4 they use real fire and it burns your thingy if you stand too close.
3183,3477,3,11,57,71,1.2394366197183098,0.06171521774706098,617,Guessing Netflix and chill is not going to be an option.
3209,3477,4,9,58,71,1.2394366197183098,0.06489362517604237,617,"Turns out, hell is other people."
2926,3477,2,13,56,71,1.2394366197183098,0.05836397531564844,617,I don't like the look of the sauna master over there.
1624,3477,1,15,55,71,1.2394366197183098,0.054808203106141797,617,"Sorry, everyone. I ran out of fire this week."
2342,3477,3,11,57,71,1.2394366197183098,0.06171521774706098,617,A preview of what's ahead?
2291,3477,3,11,57,71,1.2394366197183098,0.06171521774706098,617,Who knew hell would be just like Christmas?
1669,3477,4,9,58,71,1.2394366197183098,0.06489362517604237,617,Talk about eternal suffering! It must be the billionth time I’ve seen this safety video.
1673,3477,1,15,55,71,1.2394366197183098,0.054808203106141797,617,You don't get the same effect on a small rabbit-ear tv screen.
1681,3477,2,13,56,71,1.2394366197183098,0.05836397531564844,617,My sin? I used to make orientation videos.
1750,3477,3,11,57,71,1.2394366197183098,0.06171521774706098,617,"Say what you want about the guy, but the economies booming down here. Sure we're all in eternal torment, but unemployment has never been better and we're finally rid of pesky taxes and I don't think we're doing enough to thank him for this."
1831,3477,5,7,59,71,1.2394366197183098,0.06792346483661009,617,Ya think he's got any porn?
1982,3477,3,11,57,71,1.2394366197183098,0.06171521774706098,617,What did you do to be sent to the Nielsen Family Circle of Hell?
2023,3477,3,11,57,71,1.2394366197183098,0.06171521774706098,617,Virtual hell isn’t so bad after all.
2028,3477,3,11,57,71,1.2394366197183098,0.06171521774706098,617,At least it's not static.
2041,3477,4,9,58,71,1.2394366197183098,0.06489362517604237,617,It only gets PBS
2079,3477,1,15,55,71,1.2394366197183098,0.054808203106141797,617,Do you think it's barbecue for lunch again?
2096,3477,4,9,58,71,1.2394366197183098,0.06489362517604237,617,"God, I hate Goldman Sachs."
2114,3477,4,9,58,71,1.2394366197183098,0.06489362517604237,617,"I wasn't complaining, I just said I feel a draft."
2120,3477,1,15,55,71,1.2394366197183098,0.054808203106141797,617,Now I know why they let me keep my glasses.
2153,3477,5,7,59,71,1.2394366197183098,0.06792346483661009,617,I assumed there wouldn't be cable down here.
2204,3477,2,13,56,71,1.2394366197183098,0.05836397531564844,617,It's still better than Optimum.
2224,3477,4,9,58,71,1.2394366197183098,0.06489362517604237,617,"yes, we are virtually in hell!"
2267,3477,4,9,58,71,1.2394366197183098,0.06489362517604237,617,No spoilers!
3216,3477,2,13,56,71,1.2394366197183098,0.05836397531564844,617,Just so long as it's not Fox. Am I right?
2245,3636,2,11,50,63,1.2380952380952381,0.06284876358057999,617,I actually know one of the producers.
5696,3637,3,12,61,76,1.236842105263158,0.05884389414473132,617,And that completes our fire warden training.
5561,3637,3,12,61,76,1.236842105263158,0.05884389414473132,617,Wait till we are in focus. It's easier to see in the nudist colony exactly where camera adds 10 pounds.
618,3637,3,12,61,76,1.236842105263158,0.05884389414473132,617,Don't believe everything you see on the tele.
1091,3637,2,14,60,76,1.236842105263158,0.05578285296696368,617,It’s the vacation video.
3519,3637,5,8,63,76,1.236842105263158,0.06453183914999833,617,It's Sean Hannity on loop
4666,3642,5,7,60,72,1.2361111111111112,0.06705595132864652,617,"Wow, this is just like being at my in-laws’."
6194,3642,3,11,58,72,1.2361111111111112,0.0609428256247713,617,I never appreciated reality TV until now.
6158,3642,5,7,60,72,1.2361111111111112,0.06705595132864652,617,Piece of advice. Don’t ask for ‘Highway to Heaven.’
6051,3642,4,9,59,72,1.2361111111111112,0.06407233647886229,617,"We always knew, television is hell."
5791,3642,3,11,58,72,1.2361111111111112,0.0609428256247713,617,I heard the reception is much better once we get inside.
5433,3642,1,15,56,72,1.2361111111111112,0.05414383973890985,617,It gets worse; the reruns are in black & white.
5262,3642,1,15,56,72,1.2361111111111112,0.05414383973890985,617,Scorned and no remote control - now that's fury.
4553,3642,1,15,56,72,1.2361111111111112,0.05414383973890985,617,Watching the Yule Log 24/7 is hell.
5217,3642,3,11,58,72,1.2361111111111112,0.0609428256247713,617,Yule log always puts me in the spirit.
5117,3642,4,9,59,72,1.2361111111111112,0.06407233647886229,617,I bet heaven has better reception.
5078,3642,3,11,58,72,1.2361111111111112,0.0609428256247713,617,"The ""heat"" I can take, but this one channel, ""his channel,"" gets old."
5045,3642,5,7,60,72,1.2361111111111112,0.06705595132864652,617,My last binge-watch here lasted 700 years
4920,3642,4,9,59,72,1.2361111111111112,0.06407233647886229,617,I knew there was a special place in hell for TV critics.
4902,3642,2,13,57,72,1.2361111111111112,0.05764366130288757,617,The fire and incendiary news network is the only one they show down here.
4769,3642,3,11,58,72,1.2361111111111112,0.0609428256247713,617,I should have sprung for the 3D glasses
6351,3642,4,9,59,72,1.2361111111111112,0.06407233647886229,617,The Cult of Eternal Flames wasn't at all how I pictured Hell. For the first time I fit right in.
5130,3642,5,7,60,72,1.2361111111111112,0.06705595132864652,617,"Hang on folks, this is the White House Press Briefing. Where did I put that 'Welcome to Hell' DVD?"
6353,3642,1,15,56,72,1.2361111111111112,0.05414383973890985,617,Hell is analogue with bad signal and no wifi
6436,3642,3,11,58,72,1.2361111111111112,0.0609428256247713,617,"If you wanted more channels, maybe you shouldn’t have coveted your neighbor’s wife."
4405,3642,4,9,59,72,1.2361111111111112,0.06407233647886229,617,"No, the set doesn't have a remote. I told you, the 60's were hell."
8139,3642,3,11,58,72,1.2361111111111112,0.0609428256247713,617,Having to binge-watch reruns of my old flame. This is hell alright!
8114,3642,3,11,58,72,1.2361111111111112,0.0609428256247713,617,It's the Hell Christmas Channel.
8053,3642,3,11,58,72,1.2361111111111112,0.0609428256247713,617,We should not have gone to this orgy...
7864,3642,4,9,59,72,1.2361111111111112,0.06407233647886229,617,It doesn't get any better than this.
7832,3642,3,11,58,72,1.2361111111111112,0.0609428256247713,617,"No, it doesn't make sense, does it? Trivago commercials."
7764,3642,2,13,57,72,1.2361111111111112,0.05764366130288757,617,Seems like an eternity since the cable went out.
6383,3642,1,15,56,72,1.2361111111111112,0.05414383973890985,617,"""Naked and Afraid"" just doesn't seem as good anymore......"
7721,3642,3,11,58,72,1.2361111111111112,0.0609428256247713,617,"With the EPA's new policies, there has been a shortage of coal."
7683,3642,6,5,61,72,1.2361111111111112,0.06991235166491738,617,I would sell my soul for a flat screen and a remote.
7611,3642,4,9,59,72,1.2361111111111112,0.06407233647886229,617,Those regulatory rollbacks at the EPA are more impactful than we realized.
7553,3642,3,11,58,72,1.2361111111111112,0.0609428256247713,617,"When we bilked the Alaskan pensioners, I promised you we'd end up someplace warm."
7535,3642,1,15,56,72,1.2361111111111112,0.05414383973890985,617,The 2011 version was a hell of a lot better.
7153,3642,1,15,56,72,1.2361111111111112,0.05414383973890985,617,"It’s called an idiom and no, they’re not giving us our clothes back."
6722,3642,1,15,56,72,1.2361111111111112,0.05414383973890985,617,Talk about depressing orientation videos.
6455,3642,3,11,58,72,1.2361111111111112,0.0609428256247713,617,"It's not as bad as the WPIX ""Yule Log."""
7688,3642,3,11,58,72,1.2361111111111112,0.0609428256247713,617,Do you think Siri misunderstood my request for directions to Helena?
4169,3642,3,11,58,72,1.2361111111111112,0.0609428256247713,617,They said TV programming was going to hell....
5142,3642,2,13,57,72,1.2361111111111112,0.05764366130288757,617,"When Sister Claire told me that I'd burn in Hell, I pictured something entirely different! What about you?"
4074,3642,3,11,58,72,1.2361111111111112,0.0609428256247713,617,Let's hope it's just a rerun of that Norwegian log-burning show.
2093,3642,3,11,58,72,1.2361111111111112,0.0609428256247713,617,One of his details is a dedication to minimizing Global Warming.
1682,3642,2,13,57,72,1.2361111111111112,0.05764366130288757,617,"On the upside, reception is good, and there is no volume"
1523,3642,4,9,59,72,1.2361111111111112,0.06407233647886229,617,"Apparently you guys pay more attention to screens, so here's a 24-hour broadcast of Hell."
1476,3642,1,15,56,72,1.2361111111111112,0.05414383973890985,617,Is this the only channel?
1227,3642,4,9,59,72,1.2361111111111112,0.06407233647886229,617,Turns out that global warming was way oversold.
1191,3642,3,11,58,72,1.2361111111111112,0.0609428256247713,617,"No, this is only purgatory. In Hell, the show is in black and white."
1100,3642,6,5,61,72,1.2361111111111112,0.06991235166491738,617,Hell has gone digital.
1077,3642,5,7,60,72,1.2361111111111112,0.06705595132864652,617,The hell you say... This is it?
972,3642,2,13,57,72,1.2361111111111112,0.05764366130288757,617,"Uh-oh. They appear to not have cable, and that doesn't look like the Cooking Channel."
829,3642,2,13,57,72,1.2361111111111112,0.05764366130288757,617,Some people just want to watch the world burn...
531,3642,5,7,60,72,1.2361111111111112,0.06705595132864652,617,The news really makes me glad we're down here.
500,3642,4,9,59,72,1.2361111111111112,0.06407233647886229,617,"It’s true what they say -- once you get used to hi-def, watching standard is just torture."
431,3642,1,15,56,72,1.2361111111111112,0.05414383973890985,617,Everything is so artificial these days.
397,3642,1,15,56,72,1.2361111111111112,0.05414383973890985,617,You know it's hell because we still need an antenna.
346,3642,5,7,60,72,1.2361111111111112,0.06705595132864652,617,Nothing but rejected FOX pilots
2179,3642,3,11,58,72,1.2361111111111112,0.0609428256247713,617,Jury duty in Hell is the worst.
2255,3642,3,11,58,72,1.2361111111111112,0.0609428256247713,617,"Rabbit ears, this is Hell!"
1233,3642,5,7,60,72,1.2361111111111112,0.06705595132864652,617,"He stars in them all and we gotta watch. It's...well, you know!"
2277,3642,2,13,57,72,1.2361111111111112,0.05764366130288757,617,Now I see why Virgil didn't think the satellite locations were worth mentioning.
4027,3642,3,11,58,72,1.2361111111111112,0.0609428256247713,617,"Today god called in sick, so I'll sub and you'll watch my favorite show, ''the place you idiots should be'' So you don't annoy me"
2275,3642,3,11,58,72,1.2361111111111112,0.0609428256247713,617,"Outrageous, all of eternity and we still can’t get a good view of the fire and brimstone"
3754,3642,3,11,58,72,1.2361111111111112,0.0609428256247713,617,"'Don't worry, Sean Hannity comes on at 8.'"
3709,3642,3,11,58,72,1.2361111111111112,0.0609428256247713,617,Who knew the place would be run by Norwegians?
3399,3642,3,11,58,72,1.2361111111111112,0.0609428256247713,617,"So, it turns out that Hell is being stuck for eternity with 1958 technology."
3265,3642,3,11,58,72,1.2361111111111112,0.0609428256247713,617,"On the upside, unlike the City, you'll find it's a dry heat."
3050,3642,6,5,61,72,1.2361111111111112,0.06991235166491738,617,Have you ever wondered where all the blacks went?
2995,3642,5,7,60,72,1.2361111111111112,0.06705595132864652,617,The original BBC version is better.
3954,3642,2,13,57,72,1.2361111111111112,0.05764366130288757,617,"We're paying $133,500 a month for Amazon Fire."
4154,3642,2,13,57,72,1.2361111111111112,0.05764366130288757,617,I would have thought that burning in hell would be worse.
2812,3642,3,11,58,72,1.2361111111111112,0.0609428256247713,617,It always looks worse on TV.
2762,3642,4,9,59,72,1.2361111111111112,0.06407233647886229,617,I thought it would be in color.
2609,3642,2,13,57,72,1.2361111111111112,0.05764366130288757,617,I've heard they have had to cut back.
2566,3642,1,15,56,72,1.2361111111111112,0.05414383973890985,617,This is eerily reminiscent of the Yule log programming on channel 11.
2498,3642,3,11,58,72,1.2361111111111112,0.0609428256247713,617,The real thing just made everyone uncomfortable.
2341,3642,2,13,57,72,1.2361111111111112,0.05764366130288757,617,They always try to scare you in these orientation sessions.
2827,3642,3,11,58,72,1.2361111111111112,0.0609428256247713,617,Rabbit ears. Rotary phones. TV dinners. They put the boring folks here in the Fifties Palladium.
5809,3717,1,13,50,64,1.234375,0.05783026057090191,617,"Enjoy this, in the next 100 years you will be listing to Huckabee Sanders White House briefings"
5788,3717,2,11,51,64,1.234375,0.061970725215460876,617,I always knew there would be TV in hell.
5316,3717,4,7,53,64,1.234375,0.06951571243822256,617,It’s called Fire in a Box.
5036,3717,3,9,52,64,1.234375,0.06585136695439135,617,"It's not even high-def, this really is hell!"
4516,3717,2,11,51,64,1.234375,0.061970725215460876,617,I'm told this is the orientation for newcomers.
4066,3717,1,13,50,64,1.234375,0.05783026057090191,617,"Rabbit ears! Geez, you'd think they'd at least have cable down here."
2442,3717,1,13,50,64,1.234375,0.05783026057090191,617,Well I was opposed to the AT&T - Time Warner merger.
914,3717,1,13,50,64,1.234375,0.05783026057090191,617,He reruns his greatest hits on Sundays.
4853,3717,1,13,50,64,1.234375,0.05783026057090191,617,This programming seems redundant.
3133,3726,4,10,63,77,1.2337662337662338,0.06102368884435136,617,Great. We're the theme for next year's Met Gala?
4826,3726,1,16,60,77,1.2337662337662338,0.051948051948051945,617,I feel better about the snowflakes chances now
5420,3728,2,13,58,73,1.2328767123287672,0.056940474490136644,617,I don't know what's worse; virtual fire or bad reception.
6289,3728,3,11,59,73,1.2328767123287672,0.0601891613080551,617,"Well, at least it's not C-Span."
5995,3728,2,13,58,73,1.2328767123287672,0.056940474490136644,617,I'm just desensitized at this point.
4120,3728,1,15,57,73,1.2328767123287672,0.053494860793881195,617,It's just not the same as actually being there.
1812,3728,0,17,56,73,1.2328767123287672,0.04981147084308545,617,"Sorry folks, the reception’s a bit dodgy down here, but we make do."
2649,3728,3,11,59,73,1.2328767123287672,0.0601891613080551,617,I thought that we'd at least get cable.
1241,3728,3,11,59,73,1.2328767123287672,0.0601891613080551,617,Welcome to PC Hell.
4005,3728,3,11,59,73,1.2328767123287672,0.0601891613080551,617,This is the best we can do until we get the gas turned back on.
5635,3736,2,12,55,69,1.2318840579710144,0.05892228881714398,617,"Welcome to Hell, we’ve gone analog!"
4805,3736,3,10,56,69,1.2318840579710144,0.06243471453411533,617,The future looks pretty boring without cable.
4835,3736,3,10,56,69,1.2318840579710144,0.06243471453411533,617,At least there are no damn commercials
4882,3736,3,10,56,69,1.2318840579710144,0.06243471453411533,617,"Unfortunately, it looks like reality TV will continue forever."
4944,3736,3,10,56,69,1.2318840579710144,0.06243471453411533,617,"It's surprise ""Roast"" for someone"
4984,3736,4,8,57,69,1.2318840579710144,0.06575979804152392,617,"I think I just saw our neighbors, Roger and Donna. Any thoughts on why they're here!"
5013,3736,3,10,56,69,1.2318840579710144,0.06243471453411533,617,Was a woman scorned?
5162,3736,3,10,56,69,1.2318840579710144,0.06243471453411533,617,Virtual hell is is decidedly less uncomfortable than I deserved.
5171,3736,4,8,57,69,1.2318840579710144,0.06575979804152392,617,I'm in. That's what we came here for..
5224,3736,2,12,55,69,1.2318840579710144,0.05892228881714398,617,I’m actually relieved. I was afraid we wouldn’t get “Fox & Friends” down here.
4687,3736,2,12,55,69,1.2318840579710144,0.05892228881714398,617,I guess gas prices have gone up again
5297,3736,4,8,57,69,1.2318840579710144,0.06575979804152392,617,Just think - our own reality show!
5303,3736,3,10,56,69,1.2318840579710144,0.06243471453411533,617,They didn't pay the gas bill last month.
5341,3736,3,10,56,69,1.2318840579710144,0.06243471453411533,617,"To go virtual, he'll have to upgrade his system."
5445,3736,1,14,54,69,1.2318840579710144,0.05518676163669498,617,I can't believe they don't have cable!
5457,3736,3,10,56,69,1.2318840579710144,0.06243471453411533,617,We're to choose the lesser of these two evils? I think it's a riddle.
5465,3736,1,14,54,69,1.2318840579710144,0.05518676163669498,617,"You're lucky, it was a loop of the 2017 inauguration."
5516,3736,2,12,55,69,1.2318840579710144,0.05892228881714398,617,"Do you think were far enough out of our ""comfort zone"" for your therapist?"
5659,3736,2,12,55,69,1.2318840579710144,0.05892228881714398,617,It's for the baby boomers who never really embraced social media.
5256,3736,2,12,55,69,1.2318840579710144,0.05892228881714398,617,I'm surprised there are so few techies down here.
4664,3736,2,12,55,69,1.2318840579710144,0.05892228881714398,617,i always said watching the yule log was my idea of hell.
4543,3736,3,10,56,69,1.2318840579710144,0.06243471453411533,617,Could be another Christie thing.
5826,3736,2,12,55,69,1.2318840579710144,0.05892228881714398,617,"Sure it's easier, but you don't get that burning flesh smell."
3910,3736,1,14,54,69,1.2318840579710144,0.05518676163669498,617,One way to deal with that fake news thing.
3915,3736,2,12,55,69,1.2318840579710144,0.05892228881714398,617,They were right: the devil is in the details.
3999,3736,3,10,56,69,1.2318840579710144,0.06243471453411533,617,I don't think Dante covered this part. Seems a little Irwin Allenish
4003,3736,3,10,56,69,1.2318840579710144,0.06243471453411533,617,If he every finds out about HDTV we're really going to roast.
8089,3736,2,12,55,69,1.2318840579710144,0.05892228881714398,617,"We had to put out the real fires cause of global warming, but we figure the tube tv and bunny ears are punishment enough."
4115,3736,3,10,56,69,1.2318840579710144,0.06243471453411533,617,It still beats the Rosanne reboot.
4123,3736,3,10,56,69,1.2318840579710144,0.06243471453411533,617,Did you know Orientation was all nude?
4168,3736,2,12,55,69,1.2318840579710144,0.05892228881714398,617,It's really just reception Hell - anywhere you go here.
4171,3736,3,10,56,69,1.2318840579710144,0.06243471453411533,617,"Does the sensitivity training video look just like the flaying of the genitals video, or is it just me?"
4180,3736,4,8,57,69,1.2318840579710144,0.06575979804152392,617,"I heard if your liberal and go to hell, the only channel is Fox News."
4203,3736,4,8,57,69,1.2318840579710144,0.06575979804152392,617,Sorta takes me back to my college hazing days.
4207,3736,3,10,56,69,1.2318840579710144,0.06243471453411533,617,Hottest show yet.
4271,3736,3,10,56,69,1.2318840579710144,0.06243471453411533,617,I guess I shouldn’t have made those YOLO jokes about Jesus on Easter.
4455,3736,3,10,56,69,1.2318840579710144,0.06243471453411533,617,"Cool, they have a video tutorial about what to expect."
4459,3736,2,12,55,69,1.2318840579710144,0.05892228881714398,617,Hellevision.
4513,3736,3,10,56,69,1.2318840579710144,0.06243471453411533,617,"¨10,000 years and not one commercial. Man, we had it good.¨"
3906,3736,6,4,59,69,1.2318840579710144,0.0719504409817834,617,I can't watch this. There's too much snow.
4534,3736,3,10,56,69,1.2318840579710144,0.06243471453411533,617,Lousy movies always seem to go on forever.
4674,3736,2,12,55,69,1.2318840579710144,0.05892228881714398,617,"I expected weak reception, low definition and no premium channels - but no remote? Pure hell."
5853,3736,3,10,56,69,1.2318840579710144,0.06243471453411533,617,"I finally realize why, all my life, people kept telling me to go here."
7049,3736,2,12,55,69,1.2318840579710144,0.05892228881714398,617,Do you remember where I put my cell phone?
5896,3736,3,10,56,69,1.2318840579710144,0.06243471453411533,617,Wait till the 'sweeps'.
6943,3736,4,8,57,69,1.2318840579710144,0.06575979804152392,617,Queen of England has plan to take back US after over 200 years of break up! Her son has Married a US subject and their off spring can become US President and reunite the two countries!!
7016,3736,2,12,55,69,1.2318840579710144,0.05892228881714398,617,I'm surprised they don't get Fox News here.
7072,3736,5,6,58,69,1.2318840579710144,0.06892465812731721,617,I think we'll be fine until he pays the heating bill.
7104,3736,2,12,55,69,1.2318840579710144,0.05892228881714398,617,"wow. it's like real fire-and-brimstone, but without the rotten egg smell!"
7130,3736,4,8,57,69,1.2318840579710144,0.06575979804152392,617,"And it's the only channel, too."
7180,3736,5,6,58,69,1.2318840579710144,0.06892465812731721,617,"Oh man, another rerun."
7263,3736,2,12,55,69,1.2318840579710144,0.05892228881714398,617,"Welcome to Hell! Please remember to keep your hands and feet inside the Cart at all times. And remember, don't have fun!"
7269,3736,2,12,55,69,1.2318840579710144,0.05892228881714398,617,Don't worry. It is fake news!
7434,3736,2,12,55,69,1.2318840579710144,0.05892228881714398,617,And I thought the Yule log was bad!
7474,3736,3,10,56,69,1.2318840579710144,0.06243471453411533,617,I’d sell my soul for a little 4K resolution.
7500,3736,2,12,55,69,1.2318840579710144,0.05892228881714398,617,"Purgatory ain't hell, but without NetFlix, it might as well be."
7541,3736,3,10,56,69,1.2318840579710144,0.06243471453411533,617,It's just the Apprentice on a loop but he's really proud of it.
7547,3736,2,12,55,69,1.2318840579710144,0.05892228881714398,617,I heard things get really heated in the second episode.
7572,3736,2,12,55,69,1.2318840579710144,0.05892228881714398,617,"This isn't torture for my generation, we grew up with black and white TV."
7751,3736,3,10,56,69,1.2318840579710144,0.06243471453411533,617,Don't we have anything better to watch than the local news?
7752,3736,4,8,57,69,1.2318840579710144,0.06575979804152392,617,Do we really need an infomercial at this point?
7781,3736,3,10,56,69,1.2318840579710144,0.06243471453411533,617,"Had I known there was no HDTV, I would have gone to confession."
7975,3736,2,12,55,69,1.2318840579710144,0.05892228881714398,617,This is where we came in
3862,3736,2,12,55,69,1.2318840579710144,0.05892228881714398,617,"Think he would get offended if I suggest a ""flat screen"""
6913,3736,1,14,54,69,1.2318840579710144,0.05518676163669498,617,I told you he was cheap - a black and white TV.
5855,3736,4,8,57,69,1.2318840579710144,0.06575979804152392,617,We're virtually doomed---no cable; no HD.
6900,3736,0,16,53,69,1.2318840579710144,0.05117930441535766,617,And no leaving during commercials.
6856,3736,3,10,56,69,1.2318840579710144,0.06243471453411533,617,I told you we should have paid for FastPass.
5915,3736,2,12,55,69,1.2318840579710144,0.05892228881714398,617,Figures they'd make us watch it on T.V.
5932,3736,2,12,55,69,1.2318840579710144,0.05892228881714398,617,It’s only yesterday’s video.
5953,3736,3,10,56,69,1.2318840579710144,0.06243471453411533,617,It’s cable news — 24/7.
5986,3736,3,10,56,69,1.2318840579710144,0.06243471453411533,617,"God, I'm freezing in here. How can we get to that place on the TV?"
6045,3736,3,10,56,69,1.2318840579710144,0.06243471453411533,617,Seriously??? At least those souls in Purgatory get a flat-screen...
6048,3736,1,14,54,69,1.2318840579710144,0.05518676163669498,617,I think the Grim Reaper really oversold this part.
6165,3736,3,10,56,69,1.2318840579710144,0.06243471453411533,617,The reception is a little better on Fox.
6235,3736,4,8,57,69,1.2318840579710144,0.06575979804152392,617,Oh the irony...Apple tv.
6243,3736,4,8,57,69,1.2318840579710144,0.06575979804152392,617,I'm taking up a collection so he can buy us a 4K HD flatscreen with an Apple TV box.
6256,3736,2,12,55,69,1.2318840579710144,0.05892228881714398,617,Its better for the environment than burning coal.
6269,3736,3,10,56,69,1.2318840579710144,0.06243471453411533,617,"I was thinking business casual, but I can see that was wrong."
6288,3736,5,6,58,69,1.2318840579710144,0.06892465812731721,617,Great picture. The images are so deathlike.
6377,3736,1,14,54,69,1.2318840579710144,0.05518676163669498,617,It’s their low emissions model
6392,3736,3,10,56,69,1.2318840579710144,0.06243471453411533,617,Oh man! The camera's going to add at least 10 pounds!
6437,3736,1,14,54,69,1.2318840579710144,0.05518676163669498,617,The technology down here is not so hot.
6744,3736,3,10,56,69,1.2318840579710144,0.06243471453411533,617,Fake news. I don't know about you but I feel like it's freezing over.
6773,3736,2,12,55,69,1.2318840579710144,0.05892228881714398,617,These reruns seem to go on forever.
6774,3736,2,12,55,69,1.2318840579710144,0.05892228881714398,617,"After your soul is sated with viewing the searing blaze, we begin to stream an endless showing of commercials. Hahahaha!"
6849,3736,1,14,54,69,1.2318840579710144,0.05518676163669498,617,What do we have to do to get cable around here?
6879,3736,2,12,55,69,1.2318840579710144,0.05892228881714398,617,The immolation will be televised
3830,3736,3,10,56,69,1.2318840579710144,0.06243471453411533,617,"I gotta tell you Deb, this timeshare is really the pits."
3393,3736,2,12,55,69,1.2318840579710144,0.05892228881714398,617,"What did you expect, ""living color?"""
3770,3736,4,8,57,69,1.2318840579710144,0.06575979804152392,617,"Oh great, reruns... I'm pretty sure I know how this show ends."
971,3736,3,10,56,69,1.2318840579710144,0.06243471453411533,617,"Well, it's more hopeful than 'The Handmaid's Tale.'"
1043,3736,2,12,55,69,1.2318840579710144,0.05892228881714398,617,The commercial breaks are quite a relief
1062,3736,1,14,54,69,1.2318840579710144,0.05518676163669498,617,They say the fire isn't that bad; it's the brimstone that really hurts.
1158,3736,3,10,56,69,1.2318840579710144,0.06243471453411533,617,These cost cuts have been Hell.
1186,3736,2,12,55,69,1.2318840579710144,0.05892228881714398,617,This week on “Naked and Ablaze” ...
1285,3736,0,16,53,69,1.2318840579710144,0.05117930441535766,617,No cable huh?
1352,3736,1,14,54,69,1.2318840579710144,0.05518676163669498,617,"Welcome to Hell. Three channels - ABC,NBC,and CBS."
1432,3736,3,10,56,69,1.2318840579710144,0.06243471453411533,617,‘This orientation session seems to be focused on a single theme.’
924,3736,3,10,56,69,1.2318840579710144,0.06243471453411533,617,Now I see why we won't need our clothes.
1460,3736,3,10,56,69,1.2318840579710144,0.06243471453411533,617,"Still reality TV, same as life on earth, only we're naked. I'd say hell is an improvement."
1495,3736,3,10,56,69,1.2318840579710144,0.06243471453411533,617,They show the ‘Hell’s Kitchen’ re-runs as orientation.
1507,3736,3,10,56,69,1.2318840579710144,0.06243471453411533,617,Aren't these safety videos just torture?
1592,3736,2,12,55,69,1.2318840579710144,0.05892228881714398,617,One level down they only get podcasted recaps of this show.
1622,3736,4,8,57,69,1.2318840579710144,0.06575979804152392,617,Another episode of Brimstone?
1644,3736,2,12,55,69,1.2318840579710144,0.05892228881714398,617,Cutbacks.
1649,3736,3,10,56,69,1.2318840579710144,0.06243471453411533,617,I think I would be more scared if it were in HD.
1702,3736,4,8,57,69,1.2318840579710144,0.06575979804152392,617,Coachella sucks this year
1739,3736,1,14,54,69,1.2318840579710144,0.05518676163669498,617,I actually don’t mind being in the satellite room.
1480,3736,3,10,56,69,1.2318840579710144,0.06243471453411533,617,"Was it Sartre or Trump who said, “Hell is fake news”?"
839,3736,1,14,54,69,1.2318840579710144,0.05518676163669498,617,It's so busy here now they've stuck us in overflow.
836,3736,1,14,54,69,1.2318840579710144,0.05518676163669498,617,"OK, I watched the sales pitch. Can we go home now?"
805,3736,2,12,55,69,1.2318840579710144,0.05892228881714398,617,At least there are no commercial breaks
3819,3736,4,8,57,69,1.2318840579710144,0.06575979804152392,617,I heard the next circle down gets it in 4-D.
6,3736,0,16,53,69,1.2318840579710144,0.05117930441535766,617,I hear they get HD next level up.
24,3736,2,12,55,69,1.2318840579710144,0.05892228881714398,617,I always knew that Time Warner merger was trouble.
71,3736,3,10,56,69,1.2318840579710144,0.06243471453411533,617,A virtual Yule log without 4K Ultra HD really is hell.
92,3736,2,12,55,69,1.2318840579710144,0.05892228881714398,617,This new Anti-Harrasment training technique is pretty groundbreaking
232,3736,4,8,57,69,1.2318840579710144,0.06575979804152392,617,"Okay, okay, next commercial break Satan we promise"
287,3736,2,12,55,69,1.2318840579710144,0.05892228881714398,617,I'm a little surprised Hell doesn't have cable news.
302,3736,3,10,56,69,1.2318840579710144,0.06243471453411533,617,"Yet another reality show,"
332,3736,1,14,54,69,1.2318840579710144,0.05518676163669498,617,I was wondering what ever became of the Yule Log.
498,3736,0,16,53,69,1.2318840579710144,0.05117930441535766,617,I've already seen this episode.
505,3736,2,12,55,69,1.2318840579710144,0.05892228881714398,617,I hear heaven has 65 inch LED showing clouds
511,3736,4,8,57,69,1.2318840579710144,0.06575979804152392,617,They finally got instant replay.
522,3736,3,10,56,69,1.2318840579710144,0.06243471453411533,617,Seriously no chairs? We'll be standing forever!
570,3736,3,10,56,69,1.2318840579710144,0.06243471453411533,617,It seems fine now. But wait 'til the commercials.
669,3736,2,12,55,69,1.2318840579710144,0.05892228881714398,617,Netflix and Grill?
672,3736,2,12,55,69,1.2318840579710144,0.05892228881714398,617,You'd think they would have cable in here by now.
682,3736,3,10,56,69,1.2318840579710144,0.06243471453411533,617,I kinda like it here.
697,3736,1,14,54,69,1.2318840579710144,0.05518676163669498,617,There's been some budget cuts.
744,3736,2,12,55,69,1.2318840579710144,0.05892228881714398,617,Auditions for 'Naked in Purgatory'
1878,3736,4,8,57,69,1.2318840579710144,0.06575979804152392,617,200 channels and nothing on.
1879,3736,1,14,54,69,1.2318840579710144,0.05518676163669498,617,Of course he couldn't spring for bluray
13,3736,3,10,56,69,1.2318840579710144,0.06243471453411533,617,It's Amazon Fire--they even deliver here.
1984,3736,3,10,56,69,1.2318840579710144,0.06243471453411533,617,I was told that it was hot and one hell of a show.
3042,3736,1,14,54,69,1.2318840579710144,0.05518676163669498,617,"Listen up, listen up! Today we'll be watching the Emoji Movie."
3082,3736,1,14,54,69,1.2318840579710144,0.05518676163669498,617,The Devil is impressed that all of you are so thin!
3083,3736,4,8,57,69,1.2318840579710144,0.06575979804152392,617,That doesn't scare me! I grew up in Hawaii.
3129,3736,2,12,55,69,1.2318840579710144,0.05892228881714398,617,"Yes, climate change is real; Trump is president and hell IS freezing over."
3157,3736,4,8,57,69,1.2318840579710144,0.06575979804152392,617,I can never tell if they're talking about our domestic or foreign policies
3166,3736,4,8,57,69,1.2318840579710144,0.06575979804152392,617,"Hey, it still beats Tucker Carlson."
3178,3736,3,10,56,69,1.2318840579710144,0.06243471453411533,617,"No clothes is one thing, but not having HD is hell."
3275,3736,1,14,54,69,1.2318840579710144,0.05518676163669498,617,do I recognize you
3306,3736,3,10,56,69,1.2318840579710144,0.06243471453411533,617,Satan said we earned some screen time.
3329,3736,4,8,57,69,1.2318840579710144,0.06575979804152392,617,Hell needs a Jumbotron and I know a guy who could get one below cost.
3348,3736,3,10,56,69,1.2318840579710144,0.06243471453411533,617,Thank god they let me take off my shirt. I just got the sweat stains removed!
3364,3736,3,10,56,69,1.2318840579710144,0.06243471453411533,617,I should've known the devil was in the details.
3397,3736,3,10,56,69,1.2318840579710144,0.06243471453411533,617,There's no way in Hell we'll ever get better reception.
3509,3736,3,10,56,69,1.2318840579710144,0.06243471453411533,617,Welcome to the gates of hell for the technologically impaired.
3522,3736,1,14,54,69,1.2318840579710144,0.05518676163669498,617,How much would it cost for them to buy just a basic cable package?
3574,3736,4,8,57,69,1.2318840579710144,0.06575979804152392,617,I can take the heat but not vacation home movies.
3744,3736,3,10,56,69,1.2318840579710144,0.06243471453411533,617,What happened to the infomercials?
3603,3736,3,10,56,69,1.2318840579710144,0.06243471453411533,617,"That old saying ""It will be a cold day in hell"" should instead have been ""when hell gets cable""."
1932,3736,4,8,57,69,1.2318840579710144,0.06575979804152392,617,"Black and white only, no HD or 3D, not even a remote to fight over. Who knew it would be this bad?!"
3021,3736,3,10,56,69,1.2318840579710144,0.06243471453411533,617,I guess this is their idea of porn.
2975,3736,2,12,55,69,1.2318840579710144,0.05892228881714398,617,It's hell... We don't get cable.
3089,3736,3,10,56,69,1.2318840579710144,0.06243471453411533,617,We are so behind the times. Hades has had an HD flat screen for an eternity now.
2928,3736,2,12,55,69,1.2318840579710144,0.05892228881714398,617,"Wow, did not think I would be in front of the WPIX Christmas log for eternity."
2020,3736,4,8,57,69,1.2318840579710144,0.06575979804152392,617,"We apologize- Judgement day has been postponed for technical reasons"" ""This may take a century or so to correct"". ""Be patient- Were watching you"
2053,3736,4,8,57,69,1.2318840579710144,0.06575979804152392,617,This place just hasn’t been the same since the OSHA inspection.
2075,3736,3,10,56,69,1.2318840579710144,0.06243471453411533,617,See! It is always good to turn the other cheek!
2151,3736,1,14,54,69,1.2318840579710144,0.05518676163669498,617,Looks like we got out just in the nick of time.
2163,3736,3,10,56,69,1.2318840579710144,0.06243471453411533,617,You don't suppose we could change the channel?
2953,3736,3,10,56,69,1.2318840579710144,0.06243471453411533,617,24 hour news would truly be hell.
2251,3736,3,10,56,69,1.2318840579710144,0.06243471453411533,617,He's in EVERY commercial. And it's ALL commercials.
2299,3736,4,8,57,69,1.2318840579710144,0.06575979804152392,617,"Apocalypse, Fear, Conformity: This is what can happen in society when you combine the ""you're fired"" mentality with flaming lies."
2483,3736,1,14,54,69,1.2318840579710144,0.05518676163669498,617,"I'm telling you Janice, it's been all downhill since season 3!"
2598,3736,4,8,57,69,1.2318840579710144,0.06575979804152392,617,"Fox news, 24/7."
2185,3736,2,12,55,69,1.2318840579710144,0.05892228881714398,617,"Coal price is up, they need the commercials"
2622,3736,4,8,57,69,1.2318840579710144,0.06575979804152392,617,"Virtual reality technology would be more convincing, but the reception's not great down here."
2652,3736,3,10,56,69,1.2318840579710144,0.06243471453411533,617,Our punishment is to watch this flame in black and white for eternity.
2804,3736,2,12,55,69,1.2318840579710144,0.05892228881714398,617,It's hell when you don't have cable!
2807,3736,4,8,57,69,1.2318840579710144,0.06575979804152392,617,I heard he's negotiated a cap & trade agreement with China.
2825,3736,3,10,56,69,1.2318840579710144,0.06243471453411533,617,Do you think it's too late to reverse global warming?
2927,3736,4,8,57,69,1.2318840579710144,0.06575979804152392,617,"I just got here, is this the right line?Where's the Beer?"
2826,3736,3,10,56,69,1.2318840579710144,0.06243471453411533,617,"I think they call this ""hell-lite."""
2906,3736,2,12,55,69,1.2318840579710144,0.05892228881714398,617,We also get The Dirt Channel and Stench TV...
2617,3736,3,10,56,69,1.2318840579710144,0.06243471453411533,617,"You're lucky, it was a loop of the 2017 inauguration."
1788,3915,5,8,65,78,1.2307692307692308,0.0630110195582741,617,"Yeah, this is the casting-call for Naked & Afraid ."
6634,3916,3,10,57,70,1.2285714285714286,0.06162542486863335,617,I don't know why I signed up to be a extra in the Andy Warhol reboot.
5943,3916,4,8,58,70,1.2285714285714286,0.06489816380443914,617,It must be fake news.
2964,3916,3,10,57,70,1.2285714285714286,0.06162542486863335,617,He used to do reality T.V.
5026,3916,3,10,57,70,1.2285714285714286,0.06162542486863335,617,"""No cable? This IS hell."" (Note: italics would come through so I capitalized)"
4988,3916,4,8,58,70,1.2285714285714286,0.06489816380443914,617,I wish they would show something new...
4367,3916,3,10,57,70,1.2285714285714286,0.06162542486863335,617,"You must watch this instructional video on how to behave in hell. Lose all hope of redemption, remember to scream loudly in agony, and absolutely no horseplay will be tolerated."
4309,3916,2,12,56,70,1.2285714285714286,0.05816884316617732,617,I was expecting FOX News.
3894,3916,3,10,57,70,1.2285714285714286,0.06162542486863335,617,Maybe we should get a dish.
7662,3916,2,12,56,70,1.2285714285714286,0.05816884316617732,617,He's just trying to boost his Nielson ratings.
2957,3916,4,8,58,70,1.2285714285714286,0.06489816380443914,617,I see you all dressed for the occasion.
5795,3916,4,8,58,70,1.2285714285714286,0.06489816380443914,617,"I've sat through a lot of timeshare presentations, and this one isn't nearly as bad."
2875,3916,3,10,57,70,1.2285714285714286,0.06162542486863335,617,At least it's not American Idol.
2654,3916,5,6,59,70,1.2285714285714286,0.06801360408136047,617,I wondered if Kevin Spacey's stuff was still airing anywhere...
2527,3916,6,4,60,70,1.2285714285714286,0.07099245745207229,617,Hell..? I thought we were in Peurto Rico.
1860,3916,2,12,56,70,1.2285714285714286,0.05816884316617732,617,Keeping the fires on was just driving up his energy bills.
1672,3916,3,10,57,70,1.2285714285714286,0.06162542486863335,617,Did we really have to show up naked for this?
1521,3916,2,12,56,70,1.2285714285714286,0.05816884316617732,617,Fake News.......Fake News
1132,3916,5,6,59,70,1.2285714285714286,0.06801360408136047,617,"I HEAR UPSTAIRS HAS FLAT SCREENS WITH MUCH BETTER RECEPTION, BUT IT'S ONLY AN INFOMERCIAL."
389,3916,3,10,57,70,1.2285714285714286,0.06162542486863335,617,"He said all the other stations only show ""fake news""."
108,3916,2,12,56,70,1.2285714285714286,0.05816884316617732,617,I hope this thing doesn’t last forever.
62,3916,2,12,56,70,1.2285714285714286,0.05816884316617732,617,I shouldn't have burned that Bible.
2883,3916,2,12,56,70,1.2285714285714286,0.05816884316617732,617,Ok. Who changed the channel?
6104,3938,3,7,47,57,1.2280701754385965,0.07087682076380587,617,Who farted?
2776,3938,2,9,46,57,1.2280701754385965,0.06630955666828549,617,If I'd had known I'd be watching tube TV instead of flatscreen for all eternity I would have led a better life.
5451,3940,2,11,53,66,1.2272727272727273,0.060284695763812665,617,It's better than Fox News Thursdays
6030,3940,3,9,54,66,1.2272727272727273,0.06403471722070707,617,The wages of sin — no Netflix!
6025,3940,4,7,55,66,1.2272727272727273,0.06757695965146986,617,No hi-def? Rabbit ears? Naked and freezing? I guess this really is Hell.
6050,3940,4,7,55,66,1.2272727272727273,0.06757695965146986,617,Season six of the Apprentice. You?
5963,3940,0,15,51,66,1.2272727272727273,0.051979261354260516,617,I don't think I want to go to hell anymore.
5954,3940,3,9,54,66,1.2272727272727273,0.06403471722070707,617,We get cable news. I wonder how they torture in the eighth circle.
5935,3940,3,9,54,66,1.2272727272727273,0.06403471722070707,617,"Seriously,the programming is boring, but the commercials are a hoot."
5841,3940,5,5,56,66,1.2272727272727273,0.0709425538160056,617,So is this your first time here at burning man or..?
5637,3940,2,11,53,66,1.2272727272727273,0.060284695763812665,617,"I get the long wait time, clothes optional, and the creepy guide, but whence the closed circuit yule log?"
5551,3940,3,9,54,66,1.2272727272727273,0.06403471722070707,617,Keeping the rabbit ears adjusted properly to be able to see the flames clearly is hell.
5492,3940,3,9,54,66,1.2272727272727273,0.06403471722070707,617,"""Not sure how useful a safety video is in hell. His lawyers probably make him do it just in case."
5342,3940,2,11,53,66,1.2272727272727273,0.060284695763812665,617,"It's hell, no Netflix."
5227,3940,2,11,53,66,1.2272727272727273,0.060284695763812665,617,This has been in reruns forever.
5274,3940,3,9,54,66,1.2272727272727273,0.06403471722070707,617,This is what happens whenever oil hits $70 a barrel.
5268,3940,3,9,54,66,1.2272727272727273,0.06403471722070707,617,Do you think he'll get mad if we vote to turn on ESPN?
5260,3940,3,9,54,66,1.2272727272727273,0.06403471722070707,617,Nancy Reagan was right.
5240,3940,3,9,54,66,1.2272727272727273,0.06403471722070707,617,Figures - more reruns!
6088,3940,3,9,54,66,1.2272727272727273,0.06403471722070707,617,Ask him if he has the Comedy channel.
5212,3940,2,11,53,66,1.2272727272727273,0.060284695763812665,617,Now just where would I get aluminum foil?
5132,3940,1,13,52,66,1.2272727272727273,0.056285380669717305,617,The standard definition's a nice touch.
5102,3940,2,11,53,66,1.2272727272727273,0.060284695763812665,617,"Next month, it's the golf channel."
4973,3940,2,11,53,66,1.2272727272727273,0.060284695763812665,617,This one doesn't make much sense unless you've seen prequel.
4889,3940,2,11,53,66,1.2272727272727273,0.060284695763812665,617,I hate closed circuit TV.
4806,3940,2,11,53,66,1.2272727272727273,0.060284695763812665,617,Where l come from we just call this fake news.
4652,3940,3,9,54,66,1.2272727272727273,0.06403471722070707,617,"Sartre said, ""Hell is other people""; I say, ""Hell is a second season of ""Flame""!"""
4630,3940,4,7,55,66,1.2272727272727273,0.06757695965146986,617,Standard definition TV? This is gonna be worse than I thought.
5321,3940,1,13,52,66,1.2272727272727273,0.056285380669717305,617,They only have basic cable.
6174,3940,3,9,54,66,1.2272727272727273,0.06403471722070707,617,He's skinnier than I remember.
6839,3940,4,7,55,66,1.2272727272727273,0.06757695965146986,617,"I expected cable, but the remote would always be out of reach."
6393,3940,3,9,54,66,1.2272727272727273,0.06403471722070707,617,What really burns me is that they have only one subscription to Netflix.
8070,3940,5,5,56,66,1.2272727272727273,0.0709425538160056,617,They're going to start us off with continuous reruns of the Republican Presidential debates.
8039,3940,2,11,53,66,1.2272727272727273,0.060284695763812665,617,"Like everything else around here, this orientation presentation is pure hell."
8029,3940,3,9,54,66,1.2272727272727273,0.06403471722070707,617,At least they're doing something about global warming.
7959,3940,4,7,55,66,1.2272727272727273,0.06757695965146986,617,"Not that I'm complaining, but it appears the energy crisis is not limited to just the living."
7883,3940,3,9,54,66,1.2272727272727273,0.06403471722070707,617,"The torture is the size of the TV, right?"
7849,3940,4,7,55,66,1.2272727272727273,0.06757695965146986,617,What a sham! I'm calling my priest.
7800,3940,0,15,51,66,1.2272727272727273,0.051979261354260516,617,"After hiring a few consultants, Satan has decided to ramp up his digital strategy to make the platform more accessible."
7740,3940,3,9,54,66,1.2272727272727273,0.06403471722070707,617,"It's either the Flame Channel, the Shopping Channel, or Fox News."
7736,3940,2,11,53,66,1.2272727272727273,0.060284695763812665,617,I'm not sure a Zenith was the right choice.
7564,3940,3,9,54,66,1.2272727272727273,0.06403471722070707,617,"When this presentation is finished, we can enjoy our free weekend!"
7310,3940,3,9,54,66,1.2272727272727273,0.06403471722070707,617,At least its better than Ishtar.
7289,3940,4,7,55,66,1.2272727272727273,0.06757695965146986,617,Joke’s on him. I love reality TV.
7227,3940,2,11,53,66,1.2272727272727273,0.060284695763812665,617,Hell’s Yule Log - A Netflix Original
4396,3940,1,13,52,66,1.2272727272727273,0.056285380669717305,617,I had ultra hi-def. This is hell.
7186,3940,4,7,55,66,1.2272727272727273,0.06757695965146986,617,Reruns only in Hell
7170,3940,4,7,55,66,1.2272727272727273,0.06757695965146986,617,"Oh, good. It's HDTV."
7157,3940,1,13,52,66,1.2272727272727273,0.056285380669717305,617,I understand they're getting cable sometime this millennium.
7156,3940,2,11,53,66,1.2272727272727273,0.060284695763812665,617,It used to be C-SPAN.
7120,3940,0,15,51,66,1.2272727272727273,0.051979261354260516,617,They are still using rabbit ears!
6983,3940,4,7,55,66,1.2272727272727273,0.06757695965146986,617,How long until it's on Netflix?
6974,3940,4,7,55,66,1.2272727272727273,0.06757695965146986,617,It's hell to watch without a high-definition TV.
6853,3940,4,7,55,66,1.2272727272727273,0.06757695965146986,617,I hear we're saving on fuel costs and reducing hell's carbon footprint but I'm a little chilly.
6845,3940,4,7,55,66,1.2272727272727273,0.06757695965146986,617,But Dante’s didn’t have a TV.
6825,3940,4,7,55,66,1.2272727272727273,0.06757695965146986,617,I heard all the other channels have the same programming.
6723,3940,3,9,54,66,1.2272727272727273,0.06403471722070707,617,I think we're in meta-hell.
6645,3940,3,9,54,66,1.2272727272727273,0.06403471722070707,617,"The times change, before he personally guided us in a satanic prayer and then we did the orgy"
6611,3940,3,9,54,66,1.2272727272727273,0.06403471722070707,617,Keeping eternal damnation hot has gotten really expensive --so we're using this TV image to save energy and remind you that even Lucifer cares about his environment.
6349,3940,0,15,51,66,1.2272727272727273,0.051979261354260516,617,I told you it wouldn't be so bad.
4300,3940,1,13,52,66,1.2272727272727273,0.056285380669717305,617,Yeah... They are still in the pre-smart phone era down here.
920,3940,2,11,53,66,1.2272727272727273,0.060284695763812665,617,Hell's going green.
3949,3940,2,11,53,66,1.2272727272727273,0.060284695763812665,617,"Just great. They have telecommuting here, too?"
1760,3940,2,11,53,66,1.2272727272727273,0.060284695763812665,617,I barely remember when pornography gave me a buzz.
1711,3940,2,11,53,66,1.2272727272727273,0.060284695763812665,617,*sigh*... Al Gore got it right!
1699,3940,1,13,52,66,1.2272727272727273,0.056285380669717305,617,This is a repeat.
1596,3940,2,11,53,66,1.2272727272727273,0.060284695763812665,617,We watched this episode last week.
1595,3940,3,9,54,66,1.2272727272727273,0.06403471722070707,617,"Sure, the fire will prevent eternal shrinkage, but they don't warn you about the side effects of brimstone."
1562,3940,4,7,55,66,1.2272727272727273,0.06757695965146986,617,"Bonnie, where in Hell is Clyde?"
1483,3940,4,7,55,66,1.2272727272727273,0.06757695965146986,617,Spoiler Alert! I already know how this series ends. He receives the Nobel next...the mushroom cloud isn't until season eight.
4166,3940,2,11,53,66,1.2272727272727273,0.060284695763812665,617,But the reception is great!
1371,3940,2,11,53,66,1.2272727272727273,0.060284695763812665,617,Remind me why we signed up for this?
1236,3940,1,13,52,66,1.2272727272727273,0.056285380669717305,617,Where's the signal coming from?
1101,3940,4,7,55,66,1.2272727272727273,0.06757695965146986,617,Is this the ONLY channel?? This MUST be hell!!
997,3940,4,7,55,66,1.2272727272727273,0.06757695965146986,617,I'm glad virtual reality never really caught on down here.
1792,3940,1,13,52,66,1.2272727272727273,0.056285380669717305,617,You're lucky you're new here. We only got the antenna last week.
949,3940,1,13,52,66,1.2272727272727273,0.056285380669717305,617,"Honestly, it beats reruns."
699,3940,2,11,53,66,1.2272727272727273,0.060284695763812665,617,Climate change is a hoax.
677,3940,3,9,54,66,1.2272727272727273,0.06403471722070707,617,What did you expect Purgatory to be like?
548,3940,2,11,53,66,1.2272727272727273,0.060284695763812665,617,"Humanity outgrew Hell so now they have these satellite locations where they just pipe in the feed on closed circuit televisions. Oh, this? It's cold in here."
472,3940,2,11,53,66,1.2272727272727273,0.060284695763812665,617,"Ok, get ready. This is the best part."
331,3940,1,13,52,66,1.2272727272727273,0.056285380669717305,617,Bingeing is what got me here in the first place.
253,3940,3,9,54,66,1.2272727272727273,0.06403471722070707,617,I saw this one last week.
241,3940,4,7,55,66,1.2272727272727273,0.06757695965146986,617,This is one helluva timeshare sales pitch!
201,3940,3,9,54,66,1.2272727272727273,0.06403471722070707,617,"What, no flat screen?"
188,3940,3,9,54,66,1.2272727272727273,0.06403471722070707,617,Do you think they get the nature channel?
147,3940,2,11,53,66,1.2272727272727273,0.060284695763812665,617,"Oh, it’s the fire next time."
125,3940,3,9,54,66,1.2272727272727273,0.06403471722070707,617,"This is just a warmup, wait until we get to the 9th circle."
93,3940,1,13,52,66,1.2272727272727273,0.056285380669717305,617,The irony is I love orientations.
922,3940,0,15,51,66,1.2272727272727273,0.051979261354260516,617,This was definitely not in the brochure
1859,3940,3,9,54,66,1.2272727272727273,0.06403471722070707,617,I guess the revolutionWILL be televised
1443,3940,2,11,53,66,1.2272727272727273,0.060284695763812665,617,"Hey, it still beats CNN!"
1947,3940,2,11,53,66,1.2272727272727273,0.060284695763812665,617,Ours is such a low budget religion. They also won't provide clothing.
3940,3940,2,11,53,66,1.2272727272727273,0.060284695763812665,617,I don't think Lucifer knows how propaganda works...
3807,3940,4,7,55,66,1.2272727272727273,0.06757695965146986,617,Budget cuts have hit our department hard
3805,3940,3,9,54,66,1.2272727272727273,0.06403471722070707,617,Loving Comic-Con's retro theme this year.
1903,3940,3,9,54,66,1.2272727272727273,0.06403471722070707,617,"If this is all they've got, I'm gonna need a sweater."
3705,3940,3,9,54,66,1.2272727272727273,0.06403471722070707,617,It's Hell not having a large screen!
3673,3940,3,9,54,66,1.2272727272727273,0.06403471722070707,617,reminds me of Christmas in California
3482,3940,3,9,54,66,1.2272727272727273,0.06403471722070707,617,They lost the remote control.
3445,3940,3,9,54,66,1.2272727272727273,0.06403471722070707,617,It's Direct-From-Hell TV.
3441,3940,2,11,53,66,1.2272727272727273,0.060284695763812665,617,Unseasonably warm with no cable TV feed...this must be Purgatory.
3139,3940,2,11,53,66,1.2272727272727273,0.060284695763812665,617,Looks like an eternity of reality TV.
2988,3940,3,9,54,66,1.2272727272727273,0.06403471722070707,617,How much longer is the movie?
2971,3940,4,7,55,66,1.2272727272727273,0.06757695965146986,617,"First eternal damnation, and now no cable?"
2896,3940,4,7,55,66,1.2272727272727273,0.06757695965146986,617,"We saw this last week!! I thought we were going to watch ""Heaven Can Wait"" tonight."
3746,3940,4,7,55,66,1.2272727272727273,0.06757695965146986,617,That's cool!
2693,3940,3,9,54,66,1.2272727272727273,0.06403471722070707,617,HELLUVA PLACE FOR A VACATION !
2666,3940,3,9,54,66,1.2272727272727273,0.06403471722070707,617,"Uh, oh! Frozen is on next."
2633,3940,2,11,53,66,1.2272727272727273,0.060284695763812665,617,And I thought my biggest problem was male-pattern baldness
2532,3940,4,7,55,66,1.2272727272727273,0.06757695965146986,617,They must have cut the special effects budget.
2486,3940,3,9,54,66,1.2272727272727273,0.06403471722070707,617,At least they let me keep my Glasses...
2426,3940,4,7,55,66,1.2272727272727273,0.06757695965146986,617,I miss the log.
2410,3940,3,9,54,66,1.2272727272727273,0.06403471722070707,617,Having to stare at these flames on an old black and white TV for all of eternity is pure hell.
2351,3940,1,13,52,66,1.2272727272727273,0.056285380669717305,617,Abandon cable and streaming all ye who enter here.
2191,3940,1,13,52,66,1.2272727272727273,0.056285380669717305,617,Anthony Bourdain always makes it look like it's more fun than it really is.
2180,3940,2,11,53,66,1.2272727272727273,0.060284695763812665,617,It was this or Barney.
2144,3940,0,15,51,66,1.2272727272727273,0.051979261354260516,617,Welcome to the 10th Circle - Old Appliances.
2105,3940,2,11,53,66,1.2272727272727273,0.060284695763812665,617,Cannot believe how many showed up fo the PrepH ad audition.
2061,3940,4,7,55,66,1.2272727272727273,0.06757695965146986,617,We should ask if they get the snow channel.
2838,3940,3,9,54,66,1.2272727272727273,0.06403471722070707,617,Thank god it's not CNN.
3903,4059,1,12,49,62,1.2258064516129032,0.058263950350759514,617,It cut the heating bill by 90%
5384,4060,3,10,58,71,1.2253521126760563,0.06083649988077124,617,On the bright side...at least we can see the TV.
4491,4060,4,8,59,71,1.2253521126760563,0.06405852171775905,617,Worse than I expected .
90,4060,2,12,57,71,1.2253521126760563,0.05743400761588512,617,At least there aren’t any commercials
7862,4063,3,7,48,58,1.2241379310344827,0.06975500922314924,617,"I'm not sure what's worse about Hell, the eternal torment or the fact that this TV is clearly from the 1950's."
8125,4063,1,11,46,58,1.2241379310344827,0.060463542375630945,617,I've seen this at least 100 times let's get out of here
5086,4065,4,7,56,67,1.2238805970149254,0.06664708731840546,617,Standard-def... They thought of everything.
5103,4065,2,11,54,67,1.2238805970149254,0.05947492059078339,617,Hell is black and white.
5169,4065,4,7,56,67,1.2238805970149254,0.06664708731840546,617,An eternity of advertisements? Hell!
5432,4065,1,13,53,67,1.2238805970149254,0.055542615574947524,617,"Compared to my political life, this ain't so bad."
5888,4065,3,9,55,67,1.2238805970149254,0.06316288636259094,617,Is this one of those fireplace screensavers?
5969,4065,2,11,54,67,1.2238805970149254,0.05947492059078339,617,This must be hell. It's another episode of Judge Judy.
6587,4065,2,11,54,67,1.2238805970149254,0.05947492059078339,617,We’re waiting for the Fox News coverage to begin.
7048,4065,2,11,54,67,1.2238805970149254,0.05947492059078339,617,"If this wasn't hell, I'd have left already."
7322,4065,2,11,54,67,1.2238805970149254,0.05947492059078339,617,Anybody else getting kinda hot?
7428,4065,2,11,54,67,1.2238805970149254,0.05947492059078339,617,Ozone alert.
7482,4065,3,9,55,67,1.2238805970149254,0.06316288636259094,617,I think I need his fork for a better signal.
7558,4065,4,7,56,67,1.2238805970149254,0.06664708731840546,617,I hope we don't have to watch that again.
6000,4065,3,9,55,67,1.2238805970149254,0.06316288636259094,617,Fox News all the time.
4836,4065,2,11,54,67,1.2238805970149254,0.05947492059078339,617,I wish I checked if they had cable before signing up for eternity.
3278,4065,2,11,54,67,1.2238805970149254,0.05947492059078339,617,"Knowing this would be the outcome I think I still would have opted for ""Netflix and chill""."
4329,4065,2,11,54,67,1.2238805970149254,0.05947492059078339,617,“I saw the original. Having to watch it again in black and white is torture”.
29,4065,4,7,56,67,1.2238805970149254,0.06664708731840546,617,Don’t worry. It’s probably just more ‘fake news’ from CNN.
197,4065,2,11,54,67,1.2238805970149254,0.05947492059078339,617,"I could be wrong, but I don't think that's a Yule log...."
676,4065,3,9,55,67,1.2238805970149254,0.06316288636259094,617,"It's good, but I don't think he should submit it to Sundance."
1229,4065,2,11,54,67,1.2238805970149254,0.05947492059078339,617,"Ooooh, I hope they’re playing reruns of “The Beverly Hillbillies”!"
1654,4065,4,7,56,67,1.2238805970149254,0.06664708731840546,617,I forgot my razor.
2460,4065,4,7,56,67,1.2238805970149254,0.06664708731840546,617,"Not that I'm complaining, but couldn't they at least have gotten a flat-screen?"
464,4065,2,11,54,67,1.2238805970149254,0.05947492059078339,617,This is better than I thought. I was thinking Hell would be the continuous watching of Law&Order SVU.
2509,4065,0,15,52,67,1.2238805970149254,0.05130982469793496,617,"I heard this place would be bad, but not this bad."
2739,4065,3,9,55,67,1.2238805970149254,0.06316288636259094,617,"First, you need to visualize each other with clothes on."
3000,4065,3,9,55,67,1.2238805970149254,0.06316288636259094,617,This is not going to be a Hollywood ending.
3044,4065,2,11,54,67,1.2238805970149254,0.05947492059078339,617,I prefer the Yule log.
4624,4065,4,7,56,67,1.2238805970149254,0.06664708731840546,617,At least we'll be warm.
2507,4065,1,13,53,67,1.2238805970149254,0.055542615574947524,617,I'd guess door number two.
5793,4094,4,7,57,68,1.2205882352941178,0.06574216082516834,617,"It's usually ""Caillou."""
2319,4095,2,9,48,59,1.2203389830508475,0.06427129001463887,617,"They change the channel to ""Brimstone"" when they want higher ratings."
5429,4096,3,8,53,64,1.21875,0.06481333851304336,617,Market research at Fox News.
5249,4096,1,12,51,64,1.21875,0.05664543544843536,617,Huh. It's not even Hi-Def.
5292,4096,2,10,52,64,1.21875,0.060866551595885596,617,I heard they haves some really hot reruns.
5332,4096,3,8,53,64,1.21875,0.06481333851304336,617,Do you think sunblock will help?
5345,4096,1,12,51,64,1.21875,0.05664543544843536,617,A television with rabbit ears? This is Hell!
5372,4096,4,6,54,64,1.21875,0.06853320797422294,617,"One hell of a sauna, isn't it?"
5377,4096,3,8,53,64,1.21875,0.06481333851304336,617,"These ""Fire & Fury"" re-runs are getting kinda old."
5459,4096,4,6,54,64,1.21875,0.06853320797422294,617,"It's either this, or re-runs of Baywatch."
5978,4096,4,6,54,64,1.21875,0.06853320797422294,617,Is this on Netflix?
5482,4096,2,10,52,64,1.21875,0.060866551595885596,617,Still better than real housewives of Orange county.
5487,4096,3,8,53,64,1.21875,0.06481333851304336,617,I'd rather be in he'll than watch another training film!
5547,4096,2,10,52,64,1.21875,0.060866551595885596,617,"No, I’m NOT relieved; I still hate cultural relativism."
5656,4096,3,8,53,64,1.21875,0.06481333851304336,617,This would be so much better in HD.
5913,4096,4,6,54,64,1.21875,0.06853320797422294,617,I understand the orientation viveo was produced by Harvey Weinstein.
5964,4096,4,6,54,64,1.21875,0.06853320797422294,617,I’m eternally grateful for what he’s doing to reduce his carbon footprint.
5147,4096,3,8,53,64,1.21875,0.06481333851304336,617,You can tell he's getting lazy. This is exactly what I did with my kid.
5470,4096,0,14,50,64,1.21875,0.052083333333333336,617,We must be in hell. There's no cable.
5025,4096,2,10,52,64,1.21875,0.060866551595885596,617,This is the best part of eternity.
4531,4096,2,10,52,64,1.21875,0.060866551595885596,617,"Well, that’s a relief"
4970,4096,3,8,53,64,1.21875,0.06481333851304336,617,No HD flatscreen.
4030,4096,4,6,54,64,1.21875,0.06853320797422294,617,It's hotter in the movie version.
4044,4096,1,12,51,64,1.21875,0.05664543544843536,617,The coming attractions are endless.
4077,4096,2,10,52,64,1.21875,0.060866551595885596,617,What do you think Rorschach would say?
4078,4096,1,12,51,64,1.21875,0.05664543544843536,617,"Who knew? Talbot's ""no return"" policy is quite literal."
4182,4096,1,12,51,64,1.21875,0.05664543544843536,617,At least he could have had it in color.
4244,4096,2,10,52,64,1.21875,0.060866551595885596,617,As least there aren’t commercials...
4307,4096,1,12,51,64,1.21875,0.05664543544843536,617,"I have no regrets, now."
4997,4096,1,12,51,64,1.21875,0.05664543544843536,617,"Yep, you really feel it with these new ambient TVs."
4379,4096,2,10,52,64,1.21875,0.060866551595885596,617,It's better than having to watch Rosanne!
4520,4096,2,10,52,64,1.21875,0.060866551595885596,617,"See, I told you we were overdressed."
6032,4096,3,8,53,64,1.21875,0.06481333851304336,617,Impeachment proceedings linger on...
4566,4096,1,12,51,64,1.21875,0.05664543544843536,617,"Ray is really taking ""radical transparency"" to a new level."
4583,4096,3,8,53,64,1.21875,0.06481333851304336,617,I don't know whether to be relieved or insulted.
4608,4096,2,10,52,64,1.21875,0.060866551595885596,617,I still say it was worth it.
4731,4096,3,8,53,64,1.21875,0.06481333851304336,617,"I must admit it, it looks pretty scarry but you were worth it!"
4748,4096,4,6,54,64,1.21875,0.06853320797422294,617,"I mean it, no more time share presentations."
4397,4096,3,8,53,64,1.21875,0.06481333851304336,617,Why are we always naked down here?
6052,4096,2,10,52,64,1.21875,0.060866551595885596,617,They really should update their introductory video.
6286,4096,2,10,52,64,1.21875,0.060866551595885596,617,I guess Hell really is not having 24 hour programming.
6079,4096,5,4,55,64,1.21875,0.07206130960001936,617,I hope we are dressed for the occasion.
7239,4096,1,12,51,64,1.21875,0.05664543544843536,617,"This is hell, no flat screen TV and I'm freakin' cold."
7271,4096,4,6,54,64,1.21875,0.06853320797422294,617,I was hoping he’d at least have cable.
7307,4096,2,10,52,64,1.21875,0.060866551595885596,617,I swear I saw this same video that last time I did jury duty.
7340,4096,2,10,52,64,1.21875,0.060866551595885596,617,'Eternity? Pah! I stuck with The Walking Dead for 8 seasons...'
7345,4096,2,10,52,64,1.21875,0.060866551595885596,617,I’ll be damned! You just don’t see low resolution sets with the 4:3 aspect ratio anymore. This is going to suck.
7384,4096,3,8,53,64,1.21875,0.06481333851304336,617,This is nothing. Wait until we have to watch the Yule log during the entire holiday season.
7552,4096,2,10,52,64,1.21875,0.060866551595885596,617,Climate change is real.
7230,4096,1,12,51,64,1.21875,0.05664543544843536,617,It's just the trailer.
7776,4096,3,8,53,64,1.21875,0.06481333851304336,617,"It's one hell of a first day. Fire safety video, then dress code and a harassment lecture from the boss."
7901,4096,1,12,51,64,1.21875,0.05664543544843536,617,"Nice atmosphere, but the strip search feels a little TSA."
7952,4096,2,10,52,64,1.21875,0.060866551595885596,617,I guess we can look forward to an eternity of reruns.
7954,4096,1,12,51,64,1.21875,0.05664543544843536,617,"Oh good, this is my favorite one."
7989,4096,1,12,51,64,1.21875,0.05664543544843536,617,Didn't you hear? The board cut Hell's budget last Friday.
8034,4096,2,10,52,64,1.21875,0.060866551595885596,617,Did anybody ask if we could watch hell and damnation on a flat screen?
8081,4096,2,10,52,64,1.21875,0.060866551595885596,617,I told you it would be like this - everything is in black and white and there's no remote.
8082,4096,2,10,52,64,1.21875,0.060866551595885596,617,Goebbels told me they have a flatscreen in the 5th circle if you want to get out of here.
7804,4096,1,12,51,64,1.21875,0.05664543544843536,617,We're in training to survive global warming.
7168,4096,3,8,53,64,1.21875,0.06481333851304336,617,"The reception is great, but the picture is really hell."
7167,4096,1,12,51,64,1.21875,0.05664543544843536,617,Even the flames are naked.
6979,4096,3,8,53,64,1.21875,0.06481333851304336,617,I love this part!
6106,4096,3,8,53,64,1.21875,0.06481333851304336,617,Sweeps week again - great.
6178,4096,2,10,52,64,1.21875,0.060866551595885596,617,Much better than the Yule Log.
6210,4096,0,14,50,64,1.21875,0.052083333333333336,617,It’s only temporary. We’re waiting for the coal delivery.
6245,4096,2,10,52,64,1.21875,0.060866551595885596,617,Can we get a different channel?
6274,4096,5,4,55,64,1.21875,0.07206130960001936,617,"Seriously, in the molten center of the earth, a rabbit ear antenna?"
3961,4096,3,8,53,64,1.21875,0.06481333851304336,617,Things could be worse.
6324,4096,3,8,53,64,1.21875,0.06481333851304336,617,"Given their unlimited funding, I was expecting 4K with HDR."
6373,4096,2,10,52,64,1.21875,0.060866551595885596,617,They told me there would be cable.
6409,4096,3,8,53,64,1.21875,0.06481333851304336,617,I liked the last season better.
6428,4096,5,4,55,64,1.21875,0.07206130960001936,617,It was nice of them to let me keep my glasses.
6445,4096,4,6,54,64,1.21875,0.06853320797422294,617,It's The Apprentice. The Republicans are in the other room watching Morning Joe.
6477,4096,3,8,53,64,1.21875,0.06481333851304336,617,Shall we watch the royal wedding again?
6665,4096,1,12,51,64,1.21875,0.05664543544843536,617,Spoiler alert for venial sinners!
6733,4096,2,10,52,64,1.21875,0.060866551595885596,617,Nudist resorts always get the best timeshare presentations.
6735,4096,1,12,51,64,1.21875,0.05664543544843536,617,You really think after just 6 weeks we’ll have flaming hot abs?
6763,4096,2,10,52,64,1.21875,0.060866551595885596,617,And I thought it was bad when there were only 3 networks.
6920,4096,2,10,52,64,1.21875,0.060866551595885596,617,"Hell is worse than I imagined. Black & White, for eternity."
6066,4096,3,8,53,64,1.21875,0.06481333851304336,617,Have you noticed that it is not as hot in here since the old man got into wide screen and hi-def?
3856,4096,4,6,54,64,1.21875,0.06853320797422294,617,He tells the FoxNews watchers it's Hannity and they believe it.
7122,4096,4,6,54,64,1.21875,0.06853320797422294,617,...I knew all along that getting rid of analog TVs was Satan’s doing...
3842,4096,2,10,52,64,1.21875,0.060866551595885596,617,It's dress down Friday.
1059,4096,4,6,54,64,1.21875,0.06853320797422294,617,Why didn't they mess with the vertical hold? Seems like a missed opportunity.
1080,4096,3,8,53,64,1.21875,0.06481333851304336,617,Those rabbit ears are so retro.
1145,4096,1,12,51,64,1.21875,0.05664543544843536,617,"The symbolic fire I get, but the endless commercials? All I did was sell network time."
1199,4096,3,8,53,64,1.21875,0.06481333851304336,617,It's by the same show runner that did the yule log.
1239,4096,1,12,51,64,1.21875,0.05664543544843536,617,"So hard to believe that in all places, there's no cable in Hell."
1252,4096,2,10,52,64,1.21875,0.060866551595885596,617,It's going to take eternity until they subscribe to cable.
1350,4096,3,8,53,64,1.21875,0.06481333851304336,617,Hell be damned! I could get used to this place.
1047,4096,2,10,52,64,1.21875,0.060866551595885596,617,Is this the episode where Ross and Rachel...
1360,4096,3,8,53,64,1.21875,0.06481333851304336,617,It lacks a human element.
1372,4096,1,12,51,64,1.21875,0.05664543544843536,617,The lake of fire is full. We have to watch from the annex.
1594,4096,1,12,51,64,1.21875,0.05664543544843536,617,You go to porn if you watch hell.
1659,4096,3,8,53,64,1.21875,0.06481333851304336,617,Sort of makes me miss the Yule Log
1680,4096,2,10,52,64,1.21875,0.060866551595885596,617,It's a hell of a good signal for down here.
1694,4096,2,10,52,64,1.21875,0.060866551595885596,617,These guys must be fascinated by the possibilities in global warming.
1828,4096,2,10,52,64,1.21875,0.060866551595885596,617,"The flames aren't the punishment, it's the knowing we could be watching them on 4K LED 55"" flatscreen."
1848,4096,3,8,53,64,1.21875,0.06481333851304336,617,Apple TV.
1365,4096,3,8,53,64,1.21875,0.06481333851304336,617,I'm really glad Hell has gone high tech.
1850,4096,4,6,54,64,1.21875,0.06853320797422294,617,"This must be one of the lesser rings of hell, it hasn't gone to commercial even once yet."
1020,4096,5,4,55,64,1.21875,0.07206130960001936,617,"Given our situation, you wouldn't think I'd be aroused by a cheesy fireplace-video. But looky here!"
947,4096,5,4,55,64,1.21875,0.07206130960001936,617,"Believe me, it's far worse than real flames for us A/V geeks. The aspect ratio is all wrong."
3852,4096,1,12,51,64,1.21875,0.05664543544843536,617,"""So *this* is hell: not having cable!"
89,4096,3,8,53,64,1.21875,0.06481333851304336,617,"The fire I don’t mind, but that brimstone sure chafes …"
111,4096,2,10,52,64,1.21875,0.060866551595885596,617,"Really though, it's the other people."
118,4096,1,12,51,64,1.21875,0.05664543544843536,617,Nudist Airlines! Another of your great ideas
176,4096,4,6,54,64,1.21875,0.06853320797422294,617,This is Purgatory -- on Channel 7 is Hell
270,4096,2,10,52,64,1.21875,0.060866551595885596,617,Where's the nuance?
279,4096,2,10,52,64,1.21875,0.060866551595885596,617,I like the brimstone network better.
984,4096,2,10,52,64,1.21875,0.060866551595885596,617,"No spoilers, ok?"
328,4096,2,10,52,64,1.21875,0.060866551595885596,617,These budget cuts really decrease the effectiveness.
525,4096,1,12,51,64,1.21875,0.05664543544843536,617,It reduces our carbon emissions to fall within government guidelines.
537,4096,1,12,51,64,1.21875,0.05664543544843536,617,"Oh, no, each season is always a slow burn. Just give it a few more episodes."
815,4096,3,8,53,64,1.21875,0.06481333851304336,617,Oh gracious. I mean OF COURSE it's not even in HD.
825,4096,4,6,54,64,1.21875,0.06853320797422294,617,Now that you've completed orientation it's time to meet your fellow sufferers.
833,4096,4,6,54,64,1.21875,0.06853320797422294,617,I love these intro videos.
865,4096,3,8,53,64,1.21875,0.06481333851304336,617,I told you it would be nothing but Fox News.
919,4096,3,8,53,64,1.21875,0.06481333851304336,617,Perhaps it's time to get cable?
440,4096,3,8,53,64,1.21875,0.06481333851304336,617,Surprisingly good reception for rabbit ears.
1965,4096,4,6,54,64,1.21875,0.06853320797422294,617,It just doesn’t have the same effect since Nelly’s copyright lawsuit.
1580,4096,1,12,51,64,1.21875,0.05664543544843536,617,"This is Hell, no live streaming."
2022,4096,3,8,53,64,1.21875,0.06481333851304336,617,"When I said you were hot... and you told me to go to hell... well, I meant it."
2891,4096,2,10,52,64,1.21875,0.060866551595885596,617,This is one hell of an introduction to hell! Where are the toilets?
2895,4096,3,8,53,64,1.21875,0.06481333851304336,617,And you used to hate commercials.
2935,4096,2,10,52,64,1.21875,0.060866551595885596,617,It’s either this or the Kardashians.
2951,4096,1,12,51,64,1.21875,0.05664543544843536,617,This global warming thing has gotten completely out of control.
3025,4096,1,12,51,64,1.21875,0.05664543544843536,617,"Once orientation is complete, we shall begin again."
1999,4096,2,10,52,64,1.21875,0.060866551595885596,617,Looks like Hell is watching FOX & FRIENDS on perpetual loop!
3087,4096,4,6,54,64,1.21875,0.06853320797422294,617,"There wasn't enough room in the main hall, so this is the best we could do."
3259,4096,3,8,53,64,1.21875,0.06481333851304336,617,I kinda liked the flames before Hell went private and Netflix serialized them.
3271,4096,2,10,52,64,1.21875,0.060866551595885596,617,His attempt at virtual reality.
3277,4096,2,10,52,64,1.21875,0.060866551595885596,617,Don’t you love the underwear ads?
3374,4096,2,10,52,64,1.21875,0.060866551595885596,617,Nice reception.
3416,4096,3,8,53,64,1.21875,0.06481333851304336,617,"This really is Hell! No streaming, satellite or cable."
3665,4096,1,12,51,64,1.21875,0.05664543544843536,617,This must be his version of the Yule log...
3701,4096,3,8,53,64,1.21875,0.06481333851304336,617,I hear in the third ring the flames are in HD.
3783,4096,1,12,51,64,1.21875,0.05664543544843536,617,"It's only the 10 millionth time they had played ""Burn Baby Burn!"""
3795,4096,2,10,52,64,1.21875,0.060866551595885596,617,it doesn't look like a sauna party to me.
3803,4096,3,8,53,64,1.21875,0.06481333851304336,617,You'd think they would have a flatscreen for the official orientation.
2820,4096,1,12,51,64,1.21875,0.05664543544843536,617,At least they haven't discovered virtual reality.
2790,4096,2,10,52,64,1.21875,0.060866551595885596,617,The Apprentice with Trump and Omarosa again? Why didn’t I say my prayers???!!!
3085,4096,4,6,54,64,1.21875,0.06853320797422294,617,I hear KISS is playing at halftime.
2069,4096,2,10,52,64,1.21875,0.060866551595885596,617,Telehell
2769,4096,4,6,54,64,1.21875,0.06853320797422294,617,Regular TV? Nooooooo!!!
2089,4096,3,8,53,64,1.21875,0.06481333851304336,617,What I really hate is they never say “spoiler alert” down here.
2177,4096,2,10,52,64,1.21875,0.060866551595885596,617,This won't be too bad. I can do all the reading I was putting off.
2284,4096,2,10,52,64,1.21875,0.060866551595885596,617,Think we'll get an air conditioner next?
2345,4096,3,8,53,64,1.21875,0.06481333851304336,617,"No I'm not Andy Cohen's boyfriend, I'm his husband!"
2437,4096,1,12,51,64,1.21875,0.05664543544843536,617,"I know we took a few years off, but I didn't realize Burning Man had become so literal."
2451,4096,2,10,52,64,1.21875,0.060866551595885596,617,"Frankly, I'm OK with the budget cuts."
2380,4096,2,10,52,64,1.21875,0.060866551595885596,617,"He said ""due to the Devil's executive bonus last year, certain budget cuts are in effect."""
2525,4096,3,8,53,64,1.21875,0.06481333851304336,617,"I knew I was going to damnation, but never suspected ""the fire"" was fake news!"
2487,4096,3,8,53,64,1.21875,0.06481333851304336,617,I sure do miss Netflix and chill.
2697,4096,1,12,51,64,1.21875,0.05664543544843536,617,"It's not exactly purgatory, but you are fairly warm"
2659,4096,3,8,53,64,1.21875,0.06481333851304336,617,"Rabbit ears, this is Hell!"
2634,4096,4,6,54,64,1.21875,0.06853320797422294,617,Trump proved we really were the Great Satan
2700,4096,1,12,51,64,1.21875,0.05664543544843536,617,It's been like this since he ran out of brimstone.
2605,4096,3,8,53,64,1.21875,0.06481333851304336,617,"See I told you, first we got here in a handbasket, and now they don't have cable."
2606,4096,0,14,50,64,1.21875,0.052083333333333336,617,I didn't pack any summer clothes.
2051,4096,2,10,52,64,1.21875,0.060866551595885596,617,I heard the big-time sinners get the Jumbotron.
6826,4255,4,6,55,65,1.2153846153846153,0.06755449257788575,617,I was expecting a more high tech preview of our accommodations.
3987,4255,3,8,54,65,1.2153846153846153,0.06389710663783134,617,The hell part is that it's not in 4k Ultra HD.
4400,4255,2,10,53,65,1.2153846153846153,0.06001725590125859,617,It’s a “clean air” initiative.
4782,4255,3,8,54,65,1.2153846153846153,0.06389710663783134,617,I heard that Hell freezes over during this 90 minute introductory video.
4914,4255,2,10,53,65,1.2153846153846153,0.06001725590125859,617,"Excuse me, but is this the open casting for the new Netflix docuseries?"
5296,4255,4,6,55,65,1.2153846153846153,0.06755449257788575,617,I came prepared for the heat. I wasn't expecting virtual-reality hell.
5629,4255,3,8,54,65,1.2153846153846153,0.06389710663783134,617,The sound track is unbearable.
6553,4255,4,6,55,65,1.2153846153846153,0.06755449257788575,617,I don't think we're at Club Med anymore.
8047,4255,1,12,52,65,1.2153846153846153,0.05586861171666903,617,We should have signed up for the Platinum package.
7469,4255,2,10,53,65,1.2153846153846153,0.06001725590125859,617,Don't complain. The only other program that's been broadcasting this long is The Simpsons.
7542,4255,2,10,53,65,1.2153846153846153,0.06001725590125859,617,I hear the diversity training at Starbucks is way more intense.
7689,4255,1,12,52,65,1.2153846153846153,0.05586861171666903,617,I heard you could have skipped this part of the orientation if you filled out their online questionnaire.
7813,4255,2,10,53,65,1.2153846153846153,0.06001725590125859,617,"When it comes to timeshares, the devil is in the details."
7867,4255,3,8,54,65,1.2153846153846153,0.06389710663783134,617,He's really sold his soul for the ratings.
7916,4255,2,10,53,65,1.2153846153846153,0.06001725590125859,617,I could honestly watch this forever.
3714,4255,2,10,53,65,1.2153846153846153,0.06001725590125859,617,"They won't pay for cable or HDTV, so all we get is this one channel in standard definition."
7425,4255,0,14,51,65,1.2153846153846153,0.051386112368797636,617,"Ladies and gentlemen, a preview of the upcoming warm reception."
3461,4255,1,12,52,65,1.2153846153846153,0.05586861171666903,617,If he would use the trident instead of the rabbit ears antenna we might be able to get something more interesting.
7050,4255,4,6,55,65,1.2153846153846153,0.06755449257788575,617,"This ""no smoking"" thing has gone too far."
2918,4255,3,8,54,65,1.2153846153846153,0.06389710663783134,617,And then she said you can go to hell.
2963,4255,3,8,54,65,1.2153846153846153,0.06389710663783134,617,"Definitely hell, McLuhan would be rolling his eyes"
213,4255,1,12,52,65,1.2153846153846153,0.05586861171666903,617,Phew......purgatory.
450,4255,2,10,53,65,1.2153846153846153,0.06001725590125859,617,Could you turn the volume up? It's getting chilly in here.
458,4255,2,10,53,65,1.2153846153846153,0.06001725590125859,617,No cable?
695,4255,2,10,53,65,1.2153846153846153,0.06001725590125859,617,The Bible was wrong. It seems the wages of sin is no cable.
710,4255,4,6,55,65,1.2153846153846153,0.06755449257788575,617,The real torture is watching the flames of hell in standard definition.
925,4255,2,10,53,65,1.2153846153846153,0.06001725590125859,617,And I thought hell was only watching reality shows....
1207,4255,2,10,53,65,1.2153846153846153,0.06001725590125859,617,This program is on an infinite loop.
1244,4255,3,8,54,65,1.2153846153846153,0.06389710663783134,617,"I hate watching re-runs, don't you?"
1704,4255,1,12,52,65,1.2153846153846153,0.05586861171666903,617,"It’s more energy efficient, but I think my sins deserve greater realism."
1811,4255,3,8,54,65,1.2153846153846153,0.06389710663783134,617,At least this receiver gets snow.
1974,4255,2,10,53,65,1.2153846153846153,0.06001725590125859,617,Have you seen this one yet? It’s kind of a cult classic.
2067,4255,3,8,54,65,1.2153846153846153,0.06389710663783134,617,"That's show business - better than the real thing, usually."
2314,4255,2,10,53,65,1.2153846153846153,0.06001725590125859,617,No cable?
2354,4255,0,14,51,65,1.2153846153846153,0.051386112368797636,617,"You know, part of me was hoping for a little more misery"
2729,4255,1,12,52,65,1.2153846153846153,0.05586861171666903,617,"Same channel, different day."
2761,4255,2,10,53,65,1.2153846153846153,0.06001725590125859,617,Hell is having no internet access
4537,4292,2,8,46,56,1.2142857142857142,0.06602973412408396,617,I never expected there would be an orientation to hell.
4899,4292,1,7,34,42,1.2142857142857142,0.0725807194981817,617,If you're really bad they make you hold the antenna.
5892,4294,0,14,52,66,1.2121212121212122,0.05070666827479246,617,Do you think he’d get mad if I asked him to switch the channel to the Winter Olympics?
1485,4294,3,8,55,66,1.2121212121212122,0.06300609181762698,617,It could be worse — I hear the Ninth Circle is “Judge Judy” reruns.
5455,4296,3,7,52,62,1.2096774193548387,0.06559775494907856,617,So this is the fate of reality TV producers.
5474,4296,3,7,52,62,1.2096774193548387,0.06559775494907856,617,"What, no Netflix? This is Hell."
5475,4296,4,5,53,62,1.2096774193548387,0.06951177011220451,617,Just our luck. Another one of those reality shows.
5508,4296,1,11,50,62,1.2096774193548387,0.0569686228972945,617,What time does “Brimstone” come on?
5605,4296,3,7,52,62,1.2096774193548387,0.06559775494907856,617,Looks like Hell is right on track to reduce carbon emissions by 2024.
5609,4296,2,9,51,62,1.2096774193548387,0.061434881985617536,617,Welcome to the hell of 'masochistic technophiles'
5612,4296,2,9,51,62,1.2096774193548387,0.061434881985617536,617,Welcome to the Fire and Fury tour.
5618,4296,0,13,49,62,1.2096774193548387,0.05212104435869968,617,I think he said that this is reality TV.
5655,4296,3,7,52,62,1.2096774193548387,0.06559775494907856,617,It's Trump's version of Big Brother.
5668,4296,0,13,49,62,1.2096774193548387,0.05212104435869968,617,It’s just like watching the Super Bowl—the beer commercials are the best part!
5671,4296,2,9,51,62,1.2096774193548387,0.061434881985617536,617,‘Fire & Brimstone’ comes on right after QVC.
5850,4296,1,11,50,62,1.2096774193548387,0.0569686228972945,617,The weather forecast here is so predictable.
6167,4296,3,7,52,62,1.2096774193548387,0.06559775494907856,617,I heard they brought this in to reduce their carbon emissions.
5894,4296,2,9,51,62,1.2096774193548387,0.061434881985617536,617,I used to love the Yule Log channel.
5936,4296,0,13,49,62,1.2096774193548387,0.05212104435869968,617,I was miss led believing to have signed up for a nudest camp.
6018,4296,3,7,52,62,1.2096774193548387,0.06559775494907856,617,Conservation of Energy says that Global Warming has to come from somewhere.
6085,4296,3,7,52,62,1.2096774193548387,0.06559775494907856,617,It really is hell without cable
6090,4296,0,13,49,62,1.2096774193548387,0.05212104435869968,617,He’s in better shape than all of us.
6100,4296,3,7,52,62,1.2096774193548387,0.06559775494907856,617,Hell? It seems like the L train to me.
5790,4296,2,9,51,62,1.2096774193548387,0.061434881985617536,617,"Since we switched to virtual fire, Lucifer has really making great strides in dealing with climate change. When the Trump administration finally get here it will be pure torture for them all!"
5320,4296,2,9,51,62,1.2096774193548387,0.061434881985617536,617,The supposed conflagration in heaven - fake news!
5052,4296,1,11,50,62,1.2096774193548387,0.0569686228972945,617,"No, we’re the half-time show."
5233,4296,1,11,50,62,1.2096774193548387,0.0569686228972945,617,Only millennials require orientation.
4640,4296,2,9,51,62,1.2096774193548387,0.061434881985617536,617,"Only one channel on a black and white tube TV? Yeah, this is definitely hell."
4677,4296,3,7,52,62,1.2096774193548387,0.06559775494907856,617,The presidency has commenced.
4697,4296,4,5,53,62,1.2096774193548387,0.06951177011220451,617,There you have it -- having no Internet is truly hell.
4699,4296,2,9,51,62,1.2096774193548387,0.061434881985617536,617,Do you think we can watch something other than the USA news coverage?
4708,4296,1,11,50,62,1.2096774193548387,0.0569686228972945,617,Feelin' the Bern?
4719,4296,2,9,51,62,1.2096774193548387,0.061434881985617536,617,It's hell to watch on these old tube TVs.
4723,4296,2,9,51,62,1.2096774193548387,0.061434881985617536,617,You must watch nonstop Fox News.
4843,4296,2,9,51,62,1.2096774193548387,0.061434881985617536,617,We don't even deserve a 40 inch?
4895,4296,2,9,51,62,1.2096774193548387,0.061434881985617536,617,"I've already seen this movie. Trust me, tonight's not the right time to get pregnant."
4971,4296,3,7,52,62,1.2096774193548387,0.06559775494907856,617,This is one reality show too many.
5034,4296,4,5,53,62,1.2096774193548387,0.06951177011220451,617,I hear that the devil considers global warming to be a threat to the franchise.
5043,4296,1,11,50,62,1.2096774193548387,0.0569686228972945,617,Can you believe I used to pay for this station?
6227,4296,3,7,52,62,1.2096774193548387,0.06559775494907856,617,Do you think we get any other channel?
5091,4296,3,7,52,62,1.2096774193548387,0.06559775494907856,617,"""You're fired!"" really means something when the really big one says it."
5095,4296,3,7,52,62,1.2096774193548387,0.06559775494907856,617,"I hope everyone is enjoying their complementary weekend. Now, please take a look at this short video about our timeshare program."
5111,4296,3,7,52,62,1.2096774193548387,0.06559775494907856,617,"""Visualize eternal torment""? The self-help industry has gone to hell."
5112,4296,2,9,51,62,1.2096774193548387,0.061434881985617536,617,They need to tune it in to a station. This is their version of Snow.
5123,4296,1,11,50,62,1.2096774193548387,0.0569686228972945,617,See? I told you climate change denial was a sin.
5133,4296,1,11,50,62,1.2096774193548387,0.0569686228972945,617,"Worse yet, there's no remote!"
5144,4296,2,9,51,62,1.2096774193548387,0.061434881985617536,617,"God, poor reception is the least of our worries!"
5172,4296,3,7,52,62,1.2096774193548387,0.06559775494907856,617,I didn’t expect Hell to have an HR welcome video.
5257,4296,2,9,51,62,1.2096774193548387,0.061434881985617536,617,This is the third circle where liberals are condemned to Fox News for eternity.
6241,4296,4,5,53,62,1.2096774193548387,0.06951177011220451,617,The trailer shows all the best parts.
6699,4296,1,11,50,62,1.2096774193548387,0.0569686228972945,617,Am I in heaven?
6275,4296,3,7,52,62,1.2096774193548387,0.06559775494907856,617,It's worse than I thought...pay TV!
7440,4296,2,9,51,62,1.2096774193548387,0.061434881985617536,617,Somehow the eternal flames don't seem as bad when they're not in high-def!
7472,4296,3,7,52,62,1.2096774193548387,0.06559775494907856,617,"You'd think they'd have cable here but the Devil's in the details, eh?"
7561,4296,2,9,51,62,1.2096774193548387,0.061434881985617536,617,I hate the commercials.
7605,4296,1,11,50,62,1.2096774193548387,0.0569686228972945,617,It would be so much worse in HD.
7613,4296,1,11,50,62,1.2096774193548387,0.0569686228972945,617,"Apparently, fire and brimstone and safety videos got somewhat lost in translation."
7633,4296,2,9,51,62,1.2096774193548387,0.061434881985617536,617,Welcome. You have all done hot yoga at least one time in your life.
7673,4296,2,9,51,62,1.2096774193548387,0.061434881985617536,617,Playing Ring of Fire over and over is really twisted.
7735,4296,2,9,51,62,1.2096774193548387,0.061434881985617536,617,It’s true torture. We watch but the plot never changes.
7818,4296,3,7,52,62,1.2096774193548387,0.06559775494907856,617,"Makes me wonder if ""The Yule Log"" was just a premonition."
7407,4296,2,9,51,62,1.2096774193548387,0.061434881985617536,617,"If we pretend to like the show, he might change the channel."
7835,4296,1,11,50,62,1.2096774193548387,0.0569686228972945,617,Only one channel and rabbit ears only? No cable? I guess this really is hell.
7853,4296,2,9,51,62,1.2096774193548387,0.061434881985617536,617,"Yeah, I dig the nudity, but I’m kind of surprised they don’t have cable down here."
7960,4296,1,11,50,62,1.2096774193548387,0.0569686228972945,617,I hear this is the “green room” to the real fire and brimstone.
7976,4296,1,11,50,62,1.2096774193548387,0.0569686228972945,617,When does Roy Cohn come on?
8005,4296,2,9,51,62,1.2096774193548387,0.061434881985617536,617,This is one hell of a meet and greet.
8011,4296,3,7,52,62,1.2096774193548387,0.06559775494907856,617,Did it hurt when you fell from heaven?
8019,4296,1,11,50,62,1.2096774193548387,0.0569686228972945,617,"It's a ""spare the air"" day."
8102,4296,2,9,51,62,1.2096774193548387,0.061434881985617536,617,Fire is Circle One. Brimstone comes with basic cable in Circle Two.
8147,4296,2,9,51,62,1.2096774193548387,0.061434881985617536,617,It will be a hell of a lot more realistic when we upgrade to HD next week.
4585,4296,4,5,53,62,1.2096774193548387,0.06951177011220451,617,"In order to cut back on operations costs, we've had to make a few financial cutbacks and role out green initiatives."
7843,4296,0,13,49,62,1.2096774193548387,0.05212104435869968,617,Leave it to Belial to ruin s'mores night.
7371,4296,1,11,50,62,1.2096774193548387,0.0569686228972945,617,"So, you played a lot of video games too, eh ...??"
7293,4296,1,11,50,62,1.2096774193548387,0.0569686228972945,617,"Yes, even down here we rest on the Sabbath."
7243,4296,1,11,50,62,1.2096774193548387,0.0569686228972945,617,You know you’re in hell when they don’t have cable.
6293,4296,2,9,51,62,1.2096774193548387,0.061434881985617536,617,Nothing but re-runs.
6301,4296,3,7,52,62,1.2096774193548387,0.06559775494907856,617,"Man, I'm glad I don't work in the White House."
6336,4296,1,11,50,62,1.2096774193548387,0.0569686228972945,617,"Oh, great a training video."
6365,4296,2,9,51,62,1.2096774193548387,0.061434881985617536,617,I'm hoping the high water class is next.
6388,4296,1,11,50,62,1.2096774193548387,0.0569686228972945,617,Only the fireplace telecast? I should have known better than to ask for a Christmas celebration here.
6406,4296,4,5,53,62,1.2096774193548387,0.06951177011220451,617,What in hell is that on the TV?
6415,4296,1,11,50,62,1.2096774193548387,0.0569686228972945,617,I would have thought the devil would have High Def
6696,4296,3,7,52,62,1.2096774193548387,0.06559775494907856,617,"No HD, this is hell!"
6788,4296,2,9,51,62,1.2096774193548387,0.061434881985617536,617,I hate summer re-runs.
6823,4296,1,11,50,62,1.2096774193548387,0.0569686228972945,617,Just be glad he didn't play the x-rated version.
6841,4296,1,11,50,62,1.2096774193548387,0.0569686228972945,617,Nice to know the news is still the same.
6883,4296,1,11,50,62,1.2096774193548387,0.0569686228972945,617,And I thought watching the Yule Log was hellish when I was a kid.
7003,4296,3,7,52,62,1.2096774193548387,0.06559775494907856,617,It’s hell not having HDTV
7004,4296,2,9,51,62,1.2096774193548387,0.061434881985617536,617,And that was when they realized even a hellish fantasy is better than naked reality.
7025,4296,2,9,51,62,1.2096774193548387,0.061434881985617536,617,I live for the beer commercials.
7123,4296,3,7,52,62,1.2096774193548387,0.06559775494907856,617,I was fired once. It isn't that bad.
7141,4296,3,7,52,62,1.2096774193548387,0.06559775494907856,617,Everything’s going straight to the small screen these days.
7150,4296,0,13,49,62,1.2096774193548387,0.05212104435869968,617,I always liked the previews.
7151,4296,2,9,51,62,1.2096774193548387,0.061434881985617536,617,Pass me the remote.
7220,4296,3,7,52,62,1.2096774193548387,0.06559775494907856,617,Is Jeopardy still on at the same time at least?
7234,4296,0,13,49,62,1.2096774193548387,0.05212104435869968,617,Do you think spf 50 will be enough?
6260,4296,2,9,51,62,1.2096774193548387,0.061434881985617536,617,Rabbit ears and no clothing? budget cuts followed us to hell apparently..
4577,4296,2,9,51,62,1.2096774193548387,0.061434881985617536,617,Budget Cuts- I guess Hell has still not recovered from the reccession.
3885,4296,4,5,53,62,1.2096774193548387,0.06951177011220451,617,Wait until the part where it breaks loose.
4445,4296,3,7,52,62,1.2096774193548387,0.06559775494907856,617,Of course it changes! At five they make us watch Fox News.
1292,4296,3,7,52,62,1.2096774193548387,0.06559775494907856,617,"""He says it's fake news, and I believe him. After all, he cut our taxes, and he's not going to let any immigrants in."
1305,4296,3,7,52,62,1.2096774193548387,0.06559775494907856,617,"Okay, Okay, Who changed the channel from Fox News?"
1317,4296,3,7,52,62,1.2096774193548387,0.06559775494907856,617,"At 7, they start showing ""The Apprentice"" and other shows from Hell!"
1373,4296,2,9,51,62,1.2096774193548387,0.061434881985617536,617,I'll bet he plays the 'Yule Log' at Christmas!
1481,4296,3,7,52,62,1.2096774193548387,0.06559775494907856,617,Looks like Hell out there.
1571,4296,3,7,52,62,1.2096774193548387,0.06559775494907856,617,I fell into a burning 24-hour news cycle of fire.
1661,4296,3,7,52,62,1.2096774193548387,0.06559775494907856,617,"In heaven, they have cable and a flat screen."
1666,4296,4,5,53,62,1.2096774193548387,0.06951177011220451,617,I guess it was foolish to hope that Hell had cable.
1695,4296,0,13,49,62,1.2096774193548387,0.05212104435869968,617,I knew it was supposed to be bad. But not even basic cable?
1260,4296,2,9,51,62,1.2096774193548387,0.061434881985617536,617,"If this is what they meant by the welcoming reception, I'm going back to purgatory."
1799,4296,4,5,53,62,1.2096774193548387,0.06951177011220451,617,I knew it; Hell is watching a terrible program for eternity without the remote!
1839,4296,2,9,51,62,1.2096774193548387,0.061434881985617536,617,"Oh my God, no cable and no remote —even worse than I thought !"
1886,4296,3,7,52,62,1.2096774193548387,0.06559775494907856,617,"I don't mind the nudity, but you'd think they'd at least have the courtesy to get HBO."
1889,4296,3,7,52,62,1.2096774193548387,0.06559775494907856,617,I expected burning in hell was at least a 4K experience.
1926,4296,0,13,49,62,1.2096774193548387,0.05212104435869968,617,‘Orientation Week to Eternal Damnation’ somehow seems perfunctory.
1952,4296,2,9,51,62,1.2096774193548387,0.061434881985617536,617,"Actually, it's for the energy savings - he's going green."
1977,4296,3,7,52,62,1.2096774193548387,0.06559775494907856,617,Apparently we all worked for home shopping networks
2010,4296,2,9,51,62,1.2096774193548387,0.061434881985617536,617,It's torture having somebody tall stand in front of you.
2016,4296,2,9,51,62,1.2096774193548387,0.061434881985617536,617,More fake news!
2039,4296,3,7,52,62,1.2096774193548387,0.06559775494907856,617,It's an election year
1818,4296,3,7,52,62,1.2096774193548387,0.06559775494907856,617,It's better then winter in Minnesotan!
1220,4296,1,11,50,62,1.2096774193548387,0.0569686228972945,617,It would look better on HDTV.
1178,4296,0,13,49,62,1.2096774193548387,0.05212104435869968,617,This is old footage. I saw it live last week.
1115,4296,3,7,52,62,1.2096774193548387,0.06559775494907856,617,"Yeah, that's what McLuhan said, too—don't be fooled by the bunny ears."
4448,4296,0,13,49,62,1.2096774193548387,0.05212104435869968,617,I guess the brimstone is in UHF.
75,4296,2,9,51,62,1.2096774193548387,0.061434881985617536,617,You're telling me God didn't clarify that Fire & Brimstone is a soap opera?
145,4296,1,11,50,62,1.2096774193548387,0.0569686228972945,617,"No worries, it's fake news!"
214,4296,3,7,52,62,1.2096774193548387,0.06559775494907856,617,I don’t think it’s ‘The Christmas Log’ channel .
301,4296,2,9,51,62,1.2096774193548387,0.061434881985617536,617,It’s better than reality.
326,4296,2,9,51,62,1.2096774193548387,0.061434881985617536,617,"Fire and brimstone I could accept, but reality TV for eternity is an unfair torment."
435,4296,2,9,51,62,1.2096774193548387,0.061434881985617536,617,This weeks contest will be all Kardashian comments.
486,4296,1,11,50,62,1.2096774193548387,0.0569686228972945,617,Who knew so many hated the yule log.
489,4296,4,5,53,62,1.2096774193548387,0.06951177011220451,617,I didn't believe there'd be a special place in hell for remote hogs.
566,4296,1,11,50,62,1.2096774193548387,0.0569686228972945,617,Saves on fuel costs.
610,4296,1,11,50,62,1.2096774193548387,0.0569686228972945,617,"They have HBO, but someone lost the remote."
722,4296,1,11,50,62,1.2096774193548387,0.0569686228972945,617,I've heard of ratings hell but this is ridiculous.
782,4296,3,7,52,62,1.2096774193548387,0.06559775494907856,617,"Your first step in orientation is this short video called 'The Yule Log of Hell.' After that, we will get to the hands on portion of the presentation."
939,4296,3,7,52,62,1.2096774193548387,0.06559775494907856,617,It's a lot better than the original.
942,4296,1,11,50,62,1.2096774193548387,0.0569686228972945,617,What the hell... no flat screen!?
943,4296,0,13,49,62,1.2096774193548387,0.05212104435869968,617,The flames are much lower budget up here in the first ring.
977,4296,2,9,51,62,1.2096774193548387,0.061434881985617536,617,Prep for when fossil fuels run out.
1026,4296,2,9,51,62,1.2096774193548387,0.061434881985617536,617,"It may not be exactly frozen, but it is way cooler, now."
1036,4296,1,11,50,62,1.2096774193548387,0.0569686228972945,617,He’s explaining what to expect with the new clean air regulations.
1066,4296,1,11,50,62,1.2096774193548387,0.0569686228972945,617,"I hear everyone in heaven gets their own individual VR headset, but clouds are boring. I much prefer watching a fire, don't you?"
1094,4296,3,7,52,62,1.2096774193548387,0.06559775494907856,617,It's a promo for our annual fire sale.
2071,4296,2,9,51,62,1.2096774193548387,0.061434881985617536,617,Health and safety presentation- who'd have thunk it!
2183,4296,3,7,52,62,1.2096774193548387,0.06559775494907856,617,Sure we save on the gas bill but the atmosphere just isn’t the same.
1765,4296,2,9,51,62,1.2096774193548387,0.061434881985617536,617,"What can be a more sinister punishment than watching an old, B/W TV forever?"
2281,4296,1,11,50,62,1.2096774193548387,0.0569686228972945,617,"Wonder if they hold the ""burning in hell"" licensing rights down here?"
3687,4296,2,9,51,62,1.2096774193548387,0.061434881985617536,617,I can take you to heaven.
3723,4296,1,11,50,62,1.2096774193548387,0.0569686228972945,617,I don't believe that suntan lotion is part of the package.
3728,4296,1,11,50,62,1.2096774193548387,0.0569686228972945,617,We should get closer to feel the warmth.
3778,4296,2,9,51,62,1.2096774193548387,0.061434881985617536,617,I get so tired of watching The Weather Channel.
3782,4296,1,11,50,62,1.2096774193548387,0.0569686228972945,617,I hear our eternal damnation is getting upgraded to HD
3787,4296,2,9,51,62,1.2096774193548387,0.061434881985617536,617,Is this your first time at Discount Hot Yoga?
3793,4296,2,9,51,62,1.2096774193548387,0.061434881985617536,617,I want a divorce.
3848,4296,1,11,50,62,1.2096774193548387,0.0569686228972945,617,The previews look pretty exciting.
3877,4296,3,7,52,62,1.2096774193548387,0.06559775494907856,617,They finally ran out of space down there.
3585,4296,4,5,53,62,1.2096774193548387,0.06951177011220451,617,I guess the devil is in the details.
2192,4296,3,7,52,62,1.2096774193548387,0.06559775494907856,617,all you get down here are re-runs...
4036,4296,2,9,51,62,1.2096774193548387,0.061434881985617536,617,It's not what it's cracked up to be.
4103,4296,3,7,52,62,1.2096774193548387,0.06559775494907856,617,It's not as cozy as the electronic Yule log.
4193,4296,2,9,51,62,1.2096774193548387,0.061434881985617536,617,I hear they have HD upstairs.
4205,4296,2,9,51,62,1.2096774193548387,0.061434881985617536,617,Did you ever think that Hell would be an eternity watching the Yule Log on TV?
4209,4296,2,9,51,62,1.2096774193548387,0.061434881985617536,617,No flat screen? This is hell.
4237,4296,3,7,52,62,1.2096774193548387,0.06559775494907856,617,"If we want brimstone, we have to get cable."
4285,4296,2,9,51,62,1.2096774193548387,0.061434881985617536,617,"Oh thats just GREAT, they had to throw in a spoiler."
4320,4296,2,9,51,62,1.2096774193548387,0.061434881985617536,617,"The Naked Truth: even in Hell, the devil can't compete with TV"
4375,4296,2,9,51,62,1.2096774193548387,0.061434881985617536,617,I bet that boring Yule log was the devils work
3925,4296,2,9,51,62,1.2096774193548387,0.061434881985617536,617,Did you microwave the frozen rabbit?
3516,4296,2,9,51,62,1.2096774193548387,0.061434881985617536,617,I love previews!
3909,4296,4,5,53,62,1.2096774193548387,0.06951177011220451,617,"I have to admit: I always liked ""Naked and Afraid."""
3395,4296,2,9,51,62,1.2096774193548387,0.061434881985617536,617,"The do this every year on July 14th, National Nude day... It's supposed to be our version of the Christmas Yule log..."
2293,4296,3,7,52,62,1.2096774193548387,0.06559775494907856,617,I think in this case TV works so much better than VR
3449,4296,1,11,50,62,1.2096774193548387,0.0569686228972945,617,I smuggled in marshmallow pasties.
2337,4296,2,9,51,62,1.2096774193548387,0.061434881985617536,617,They could at least use the wide-screen version!
2365,4296,2,9,51,62,1.2096774193548387,0.061434881985617536,617,"No cable HD? Wow, they think of everything."
2568,4296,2,9,51,62,1.2096774193548387,0.061434881985617536,617,"You have all been such great guests so all enjoy unlimited ""fun"" in room 666."
2599,4296,2,9,51,62,1.2096774193548387,0.061434881985617536,617,"Yes, Margaret, I’m sorry I hogged the remote."
2706,4296,2,9,51,62,1.2096774193548387,0.061434881985617536,617,"That's Hell, all right. They don't even have flat-screen TV."
2783,4296,1,11,50,62,1.2096774193548387,0.0569686228972945,617,I was banking on this show getting cancelled.
2843,4296,3,7,52,62,1.2096774193548387,0.06559775494907856,617,"It’s an old show from before the neo-Trumpian era, with the tag line “you’re fired”."
2880,4296,2,9,51,62,1.2096774193548387,0.061434881985617536,617,I'd rather watch the aquarium channel.
2934,4296,4,5,53,62,1.2096774193548387,0.06951177011220451,617,I don’t suppose you brought a remote.
2675,4296,1,11,50,62,1.2096774193548387,0.0569686228972945,617,Welcome to the afterlife. Those assigned to go to the right: Here is a teaser for the rising of heavenly pleasures. To those assigned to the left: Behold the furnance of hell.
3320,4296,2,9,51,62,1.2096774193548387,0.061434881985617536,617,"I never really like reality television, but I'm starting to warm up to it!"
2960,4296,2,9,51,62,1.2096774193548387,0.061434881985617536,617,"It's kinda boring, don't ya think?"
3049,4296,3,7,52,62,1.2096774193548387,0.06559775494907856,617,I said engorged not inflamed.
3066,4296,0,13,49,62,1.2096774193548387,0.05212104435869968,617,I thought this was supposed to be an orgy.
3084,4296,2,9,51,62,1.2096774193548387,0.061434881985617536,617,You'd think they could afford 1080p heat.
3119,4296,2,9,51,62,1.2096774193548387,0.061434881985617536,617,At least it's not snow.
3255,4296,3,7,52,62,1.2096774193548387,0.06559775494907856,617,Of course we have a back-up system down here - it’s the Yule Log.
3309,4296,3,7,52,62,1.2096774193548387,0.06559775494907856,617,"Alexa, ‘Is ‘All in the Family,’ on’?"
3385,4296,2,9,51,62,1.2096774193548387,0.061434881985617536,617,We'll be focus grouping the new Real Housewives.
5082,4487,2,10,55,67,1.208955223880597,0.058386698208934655,617,The image is crystal clear. The cable guy must be around.
7317,4488,0,12,46,58,1.206896551724138,0.053654248635551675,617,Things were going along pretty well until people started telling me that I had an uncanny resemblance to Steve Mnuchin.
5756,4489,1,11,51,63,1.2063492063492063,0.05615578032096342,617,The infomercial for this place seems to run eternally.
5749,4489,2,9,52,63,1.2063492063492063,0.06054340949726558,617,I was never really a big fan of coming attractions.
5560,4489,3,7,53,63,1.2063492063492063,0.06463387040593248,617,It’s painful enough to watch in hi-def.
5412,4489,1,11,51,63,1.2063492063492063,0.05615578032096342,617,It could be worse. It could be Facebook.
4716,4489,3,7,53,63,1.2063492063492063,0.06463387040593248,617,"Now that we know the rules, let's start having fun!"
5276,4489,2,9,52,63,1.2063492063492063,0.06054340949726558,617,"Look on the bright side, it's not Fox & Friends in HD."
5254,4489,3,7,53,63,1.2063492063492063,0.06463387040593248,617,Yes Trumps White House
4880,4489,1,11,51,63,1.2063492063492063,0.05615578032096342,617,I prefer the burning log
4749,4489,1,11,51,63,1.2063492063492063,0.05615578032096342,617,Looks all the same to me!
5833,4489,2,9,52,63,1.2063492063492063,0.06054340949726558,617,"Ha, and you said the smoking ban would ruin the ambience"
5351,4489,1,11,51,63,1.2063492063492063,0.05615578032096342,617,At least they get CNN.
5872,4489,2,9,52,63,1.2063492063492063,0.06054340949726558,617,Don’t worry. We’ll only be here til the warranty runs out.
7996,4489,3,7,53,63,1.2063492063492063,0.06463387040593248,617,Just wait til he passes out the 3D glasses.
6372,4489,2,9,52,63,1.2063492063492063,0.06054340949726558,617,Is there anything else on besides the weather channel? It is not as if we can dress appropriately. To hell with bare-bones cable.
6569,4489,2,9,52,63,1.2063492063492063,0.06054340949726558,617,"I used to hate these kind of fake images.But now I kind of like them,"
6739,4489,2,9,52,63,1.2063492063492063,0.06054340949726558,617,I don’t think looking at it is making me any warmer.
6791,4489,2,9,52,63,1.2063492063492063,0.06054340949726558,617,But first---a word from our Sponsors.
6872,4489,1,11,51,63,1.2063492063492063,0.05615578032096342,617,It's either this or reruns of Leave It to Beaver.
7356,4489,4,5,54,63,1.2063492063492063,0.06848043497049475,617,"New members welcome weenie roast, come as you are"
7388,4489,2,9,52,63,1.2063492063492063,0.06054340949726558,617,You're Fired!
7941,4489,1,11,51,63,1.2063492063492063,0.05615578032096342,617,Will there be more commercials or fewer?
7985,4489,2,9,52,63,1.2063492063492063,0.06054340949726558,617,"Satan's fat burning video, it's hellish!"
8055,4489,1,11,51,63,1.2063492063492063,0.05615578032096342,617,Analog TV? Now I'm certain where we are.
4536,4489,1,11,51,63,1.2063492063492063,0.05615578032096342,617,"Well, it’s certainly more entertaining than watching snow on the TV"
6231,4489,3,7,53,63,1.2063492063492063,0.06463387040593248,617,"It's a re-run of ""The Bridge Over the River Styx"""
4504,4489,1,11,51,63,1.2063492063492063,0.05615578032096342,617,We gotta be in hell-no hi def!
6780,4489,2,9,52,63,1.2063492063492063,0.06054340949726558,617,The cable guy said he'd rather die first.
4444,4489,1,11,51,63,1.2063492063492063,0.05615578032096342,617,I hear in Heaven they have 4K flat screens. This is downright painful.
4473,4489,4,5,54,63,1.2063492063492063,0.06848043497049475,617,"Even Beelzebub is sticking it to Trump, he stopped importing coal."
285,4489,2,9,52,63,1.2063492063492063,0.06054340949726558,617,I ate meat on Friday.
601,4489,4,5,54,63,1.2063492063492063,0.06848043497049475,617,This is hell alright but imagine if it was CSPAN.
635,4489,2,9,52,63,1.2063492063492063,0.06054340949726558,617,"Just a preview of what you're all in for, so wearing clothing is not an option."
675,4489,1,11,51,63,1.2063492063492063,0.05615578032096342,617,"We were going to use Fox News, but they sued us."
714,4489,1,11,51,63,1.2063492063492063,0.05615578032096342,617,"This must be hell, it's not HD."
723,4489,2,9,52,63,1.2063492063492063,0.06054340949726558,617,"I figured it would be bad, but I didn't think it was going to be no flat screen, no cable bad."
1253,4489,3,7,53,63,1.2063492063492063,0.06463387040593248,617,"Without cable and HD, fire and brimstone is underwhelming...I am starting to feel better about my choices!"
1409,4489,2,9,52,63,1.2063492063492063,0.06054340949726558,617,"Wow, that's really hot."
1428,4489,2,9,52,63,1.2063492063492063,0.06054340949726558,617,The fires of Hell aren't even in HD? This IS torture!
1618,4489,5,3,55,63,1.2063492063492063,0.07212213768216695,617,Nude we say more?
1707,4489,3,7,53,63,1.2063492063492063,0.06463387040593248,617,Oh my God - we have to suffer through retro again?
1896,4489,2,9,52,63,1.2063492063492063,0.06054340949726558,617,"I'm cold!"" ""Jezus it's only been 5 minutes, can't you at least wait till after the instruction video is over?"
1712,4489,3,7,53,63,1.2063492063492063,0.06463387040593248,617,We have to watch that Yulelog for eternity. It really is hell.
2290,4489,2,9,52,63,1.2063492063492063,0.06054340949726558,617,Like we were supposed to know it promotes false gods . . .
2323,4489,1,11,51,63,1.2063492063492063,0.05615578032096342,617,"I hope you remembered to pack a lot of sunscreen, for us."
2383,4489,3,7,53,63,1.2063492063492063,0.06463387040593248,617,Do you think we get HBO?
2701,4489,2,9,52,63,1.2063492063492063,0.06054340949726558,617,No big screen? No HD? This place really is Hell.
2724,4489,2,9,52,63,1.2063492063492063,0.06054340949726558,617,You expected Cable?
2974,4489,2,9,52,63,1.2063492063492063,0.06054340949726558,617,I hear they have HD upstairs.
3153,4489,2,9,52,63,1.2063492063492063,0.06054340949726558,617,We're still working on the virtual reality surround images. Until that happens we're asking you to visualise the situation!
3175,4489,2,9,52,63,1.2063492063492063,0.06054340949726558,617,I think he's trying to tell us something
3489,4489,1,11,51,63,1.2063492063492063,0.05615578032096342,617,The cable guy is coming to fix it sometime between 2018 and 2021.
3502,4489,2,9,52,63,1.2063492063492063,0.06054340949726558,617,It's Christmas.
3609,4489,2,9,52,63,1.2063492063492063,0.06054340949726558,617,"I'm going to run to the restroom, want me to grab you popcorn or anything?"
3833,4489,2,9,52,63,1.2063492063492063,0.06054340949726558,617,"Well, that’s a relief"
2199,4489,1,11,51,63,1.2063492063492063,0.05615578032096342,617,"I hear on Christmas Eve they switch to the ""Yule Log."""
3655,4544,2,7,45,54,1.2037037037037037,0.06676946806414794,617,"All the commercials are for "" fire sales ""."
8107,4545,4,5,55,64,1.203125,0.06747900724411107,617,"And now backs to our regularly scheduled program, 'The Sean Hannity Show'"
7900,4545,4,5,55,64,1.203125,0.06747900724411107,617,I hear the previews are nowhere near as hot as the coming attrition.
4845,4545,3,7,54,64,1.203125,0.06369760335066812,617,I see my fashion sense is in sinc with the rest of the world.
519,4545,3,7,54,64,1.203125,0.06369760335066812,617,Maybe if we turn the antenna
2546,4545,1,11,52,64,1.203125,0.05536534277465963,617,You would think they at least would have air conditioning for the orientation.
1050,4545,5,3,56,64,1.203125,0.07105946921193923,617,". . . and now back to the ""Apprentice"" marathon featuring Donald Trump."
4318,4545,3,7,54,64,1.203125,0.06369760335066812,617,This is overflow hell. Only big time sinners get to be court side.
5904,4552,3,6,51,60,1.2,0.06638357975446148,617,Which weapon accessory do you pick: the tail or the spear?
5840,4552,1,10,49,60,1.2,0.057243656051933725,617,I am so tired of his syndicated programs.
5794,4552,3,6,51,60,1.2,0.06638357975446148,617,Pretty good reception down here.
5772,4552,1,10,49,60,1.2,0.057243656051933725,617,On the other hand they might send us back to the reality show
5738,4552,1,10,49,60,1.2,0.057243656051933725,617,Reality TV — seems like it’s just as fakey here.
5733,4552,3,6,51,60,1.2,0.06638357975446148,617,I told you working here would be a virtual hell.
5239,4552,1,10,49,60,1.2,0.057243656051933725,617,"Hey, I think you're hot!"
5596,4552,1,10,49,60,1.2,0.057243656051933725,617,I hear he’s adding the Brimstone Channel next month.
5563,4552,3,6,51,60,1.2,0.06638357975446148,617,Are you auditioning for the last episode too?
5513,4552,2,8,50,60,1.2,0.061982319330632654,617,It's not in HD - this'll be worse than I thought.
5323,4552,1,10,49,60,1.2,0.057243656051933725,617,It's a lot more environmentally friendly.
5243,4552,2,8,50,60,1.2,0.061982319330632654,617,"After the show, wanna get some Starbuck's blonde, naked?"
5726,4552,1,10,49,60,1.2,0.057243656051933725,617,As if hell isn't bad enough -- overflow hell?
5622,4552,4,4,52,60,1.2,0.07051064751106302,617,"Damn, the Fire Channel again?"
6028,4552,2,8,50,60,1.2,0.061982319330632654,617,Old school intake video....nice
6072,4552,2,8,50,60,1.2,0.061982319330632654,617,So here he'll be watching us?
6121,4552,1,10,49,60,1.2,0.057243656051933725,617,"Would you prefer virtual flames, virtual clothes, or virtual satan?"
6128,4552,4,4,52,60,1.2,0.07051064751106302,617,I told you it was a bad idea to illegally share your friend's netflix account!
6130,4552,1,10,49,60,1.2,0.057243656051933725,617,Virtual Hell ain’t so bad.
6137,4552,0,12,48,60,1.2,0.052075564392329535,617,Seen it.
6156,4552,1,10,49,60,1.2,0.057243656051933725,617,Dare me to move the antenna and make it snow?
6184,4552,3,6,51,60,1.2,0.06638357975446148,617,The Presidential State of the Union will begin momentarily.
6277,4552,2,8,50,60,1.2,0.061982319330632654,617,"I thought I was okay with the whole 'you're going to spend eternity in hell' thing, but I still have not come to grips with the rabbit ears."
6294,4552,1,10,49,60,1.2,0.057243656051933725,617,"If it's only on the small screen, that means that we're in purgatory."
6295,4552,3,6,51,60,1.2,0.06638357975446148,617,"I guess we're dead, and this is orientation?"
6311,4552,3,6,51,60,1.2,0.06638357975446148,617,Dante never mentioned that we have to pay for cable!
6317,4552,2,8,50,60,1.2,0.061982319330632654,617,I didn't realize everyone would be nude.
6033,4552,4,4,52,60,1.2,0.07051064751106302,617,"I was attending the nudists' museum tour and boom, here I am."
5231,4552,3,6,51,60,1.2,0.06638357975446148,617,"Woah, Trump did that?!"
4793,4552,0,12,48,60,1.2,0.052075564392329535,617,He's a throw-back! I thought he'd have streaming and a flat-screen for sure.
5178,4552,2,8,50,60,1.2,0.061982319330632654,617,No cable. EXACTLY what I expected.
4214,4552,3,6,51,60,1.2,0.06638357975446148,617,They're a bit nostalgic since they went microwave.
4277,4552,2,8,50,60,1.2,0.061982319330632654,617,You'd think the Prince of Darkness could afford a better TV.
4296,4552,2,8,50,60,1.2,0.061982319330632654,617,The pre-show is hell
4387,4552,3,6,51,60,1.2,0.06638357975446148,617,"Are you kidding me? Only one channel, and it's the Christmas Yule log?"
4468,4552,1,10,49,60,1.2,0.057243656051933725,617,This was the last check-off on my bucket list. How about you?
4472,4552,2,8,50,60,1.2,0.061982319330632654,617,I still think the book was better !!
4492,4552,1,10,49,60,1.2,0.057243656051933725,617,They always make us sit through the coming attractions
4613,4552,3,6,51,60,1.2,0.06638357975446148,617,Fired up??
4659,4552,3,6,51,60,1.2,0.06638357975446148,617,Low-def TV? This really is hell.
4667,4552,1,10,49,60,1.2,0.057243656051933725,617,Can you believe this? Even my smallest crack house had cable.
4679,4552,2,8,50,60,1.2,0.061982319330632654,617,This season of Hell’s Kitchen hits a little too close to home.
4751,4552,2,8,50,60,1.2,0.061982319330632654,617,Why no sound? That's torture!
4756,4552,2,8,50,60,1.2,0.061982319330632654,617,Hannity's on again.
5191,4552,2,8,50,60,1.2,0.061982319330632654,617,This doesn't really work if we're all just going to pretend we came here ironically.
6337,4552,2,8,50,60,1.2,0.061982319330632654,617,It would be much more effective on a large screen TV.
4812,4552,1,10,49,60,1.2,0.057243656051933725,617,It's the same compilation of Trump's speeches they show 24/7.
4815,4552,2,8,50,60,1.2,0.061982319330632654,617,Its going to be torture not getting Netflix here
4851,4552,3,6,51,60,1.2,0.06638357975446148,617,I would have at least bargained for a flat screen.
4852,4552,2,8,50,60,1.2,0.061982319330632654,617,"Well, at least it's not letterboxed..."
4887,4552,3,6,51,60,1.2,0.06638357975446148,617,We can carry on sinning here.
4934,4552,3,6,51,60,1.2,0.06638357975446148,617,I always said watching reality TV was hellish.
4949,4552,1,10,49,60,1.2,0.057243656051933725,617,Is the yule log all we get on TV here?
4965,4552,2,8,50,60,1.2,0.061982319330632654,617,I'm very disappointed. Ditch the antenna and get cable tv.
4990,4552,3,6,51,60,1.2,0.06638357975446148,617,It's really neat - they show it every Christmas all day.
5027,4552,2,8,50,60,1.2,0.061982319330632654,617,I heard we get project runway down here
5030,4552,2,8,50,60,1.2,0.061982319330632654,617,I never guessed a physical was part of the entrance exam.
5050,4552,3,6,51,60,1.2,0.06638357975446148,617,"I'm told that back in the seven hundred-twelfth season, something might have happened."
5115,4552,2,8,50,60,1.2,0.061982319330632654,617,I love the trailers for the new shows.
4809,4552,3,6,51,60,1.2,0.06638357975446148,617,You'd think they could afford an upgrade on the monitor.
6343,4552,2,8,50,60,1.2,0.061982319330632654,617,I can't believe budget cuts have trickled all the way down to Hell.
6731,4552,1,10,49,60,1.2,0.057243656051933725,617,I'm not too worried. He doesn't even have cable yet!
6398,4552,1,10,49,60,1.2,0.057243656051933725,617,"Well, at least it's commercial free...."
7382,4552,3,6,51,60,1.2,0.06638357975446148,617,just as I feared. My parents' television and the eternal yule log. great.
7395,4552,3,6,51,60,1.2,0.06638357975446148,617,"I thought Minow had it right with the ""vast wasteland"" thing, but this is worse that I thought."
7406,4552,1,10,49,60,1.2,0.057243656051933725,617,"Even worse, it's a rerun."
7414,4552,2,8,50,60,1.2,0.061982319330632654,617,Heaven upgraded to flat screens 20 years ago.
7417,4552,0,12,48,60,1.2,0.052075564392329535,617,Pain I can tolerate. But NOT without HD!
7420,4552,1,10,49,60,1.2,0.057243656051933725,617,That's why it's so hot!
7439,4552,2,8,50,60,1.2,0.061982319330632654,617,I'm so excited for Naked and Afraid's final season.
7463,4552,1,10,49,60,1.2,0.057243656051933725,617,"Could be worse, at least he's not making us watch political pundits debate on cable news."
7527,4552,2,8,50,60,1.2,0.061982319330632654,617,Timeshares are hell to get rid of.
7648,4552,0,12,48,60,1.2,0.052075564392329535,617,The season finale only seems like an eternity.
7658,4552,2,8,50,60,1.2,0.061982319330632654,617,"You create a distraction, and I’ll change the channel."
7724,4552,2,8,50,60,1.2,0.061982319330632654,617,"Its almost as stimulating as binge watching ""Downton Abbey"""
7742,4552,0,12,48,60,1.2,0.052075564392329535,617,"I wonder if they have ""The Real Housewives""?"
7252,4552,0,12,48,60,1.2,0.052075564392329535,617,"No, the flames aren’t so bad; rather it’s the intermittent reruns of “Gilligan’s Island.”"
7778,4552,2,8,50,60,1.2,0.061982319330632654,617,Millennials...
7868,4552,0,12,48,60,1.2,0.052075564392329535,617,"With all the VIPs down here, you’d think they’d at least have cable."
7878,4552,2,8,50,60,1.2,0.061982319330632654,617,"Except for UHF TV, it isn't nearly as bad down here as I thought it was going to be."
7889,4552,2,8,50,60,1.2,0.061982319330632654,617,No DVR? He IS evil.
7920,4552,1,10,49,60,1.2,0.057243656051933725,617,I'm sorry your disappointed. Because of climate change we can only have real fires on special occasions.
7944,4552,2,8,50,60,1.2,0.061982319330632654,617,After our orientation session would you like to join me for an espresso beverage that baristas find absolutely infuriating to make?
7974,4552,3,6,51,60,1.2,0.06638357975446148,617,First one to find the remote wins.
7993,4552,2,8,50,60,1.2,0.061982319330632654,617,"If this is the trailer, I'd rather not stick around for the movie."
8077,4552,2,8,50,60,1.2,0.061982319330632654,617,This isn't even as bad as an airline.
8088,4552,0,12,48,60,1.2,0.052075564392329535,617,The worst part is it's not in HD.
8097,4552,3,6,51,60,1.2,0.06638357975446148,617,"'' I heard that Desi Arnaz Sr is making a cameo appearance in this episode of I love Lucifer. """
8099,4552,2,8,50,60,1.2,0.061982319330632654,617,At least channel 666 doesn’t have commercials.
8145,4552,2,8,50,60,1.2,0.061982319330632654,617,I see I'm not the only one who didn't pack a sweater.
4210,4552,1,10,49,60,1.2,0.057243656051933725,617,"This isn't too bad, but I guess it is just orientation."
7786,4552,2,8,50,60,1.2,0.061982319330632654,617,"As seen on tv, just burning. So, nothing new..."
6394,4552,2,8,50,60,1.2,0.061982319330632654,617,Hell is no clicker.
7140,4552,3,6,51,60,1.2,0.06638357975446148,617,Heard we're going to be extras in the remake of The Naked and the Dead
7074,4552,2,8,50,60,1.2,0.061982319330632654,617,I thought Devil's games were in New Jersey.
6399,4552,3,6,51,60,1.2,0.06638357975446148,617,It's the naked truth versus virtual reality.
6439,4552,3,6,51,60,1.2,0.06638357975446148,617,Standard def television—now that's torture.
6454,4552,2,8,50,60,1.2,0.061982319330632654,617,He let’s us watch the NHL when New Jersey’s playing.
6461,4552,2,8,50,60,1.2,0.061982319330632654,617,The limitations of this whole net neutrality repeal are quite hellish
6472,4552,3,6,51,60,1.2,0.06638357975446148,617,"Funny, that's the exact same view I had out my living room window in Leilani Estates, just before I arrived here..."
6476,4552,1,10,49,60,1.2,0.057243656051933725,617,That's all that's ever on...
6507,4552,4,4,52,60,1.2,0.07051064751106302,617,"Okay, you’re right, this is hell. 16” television, rabbit ears — just like my in-laws’ den."
6560,4552,1,10,49,60,1.2,0.057243656051933725,617,"I can understand no satellite, but why not cable?"
6561,4552,2,8,50,60,1.2,0.061982319330632654,617,They say the 7th circle is reality TV.
6623,4552,1,10,49,60,1.2,0.057243656051933725,617,Can’t wait to just Netflix and burn.
6630,4552,2,8,50,60,1.2,0.061982319330632654,617,"This is just part of his welcome presentation for new members since the PowerPoint broke. He promised the presentation won’t take an eternity, but I’m not sure."
6662,4552,1,10,49,60,1.2,0.057243656051933725,617,Wait till you try it on the VR headset
6676,4552,1,10,49,60,1.2,0.057243656051933725,617,"I wasn’t expecting Netflix but come on, this can’t be the only channel in town"
7124,4552,2,8,50,60,1.2,0.061982319330632654,617,The worst part is that they’re all reruns.
6680,4552,4,4,52,60,1.2,0.07051064751106302,617,I meant no disrespect - that’s what we used to call a TV when I was a boy
6741,4552,2,8,50,60,1.2,0.061982319330632654,617,Those X rated movies have lost their lustre
6752,4552,2,8,50,60,1.2,0.061982319330632654,617,The torment and wailing stops when 'Game of Thrones' is on.
6801,4552,3,6,51,60,1.2,0.06638357975446148,617,"Hawaii's a nice change of pace, don't you think?"
6886,4552,2,8,50,60,1.2,0.061982319330632654,617,Don't you just hate these 6 second commercials before the video.
6898,4552,2,8,50,60,1.2,0.061982319330632654,617,I hope our new uniforms don't include a pair of shorts. I'm embarrrassed to show my legs.
6963,4552,1,10,49,60,1.2,0.057243656051933725,617,It's worse than I thought...they don't have cable!
6996,4552,1,10,49,60,1.2,0.057243656051933725,617,I hear they've got a mounted flat screen over in Flatterers and Seducers.
7010,4552,1,10,49,60,1.2,0.057243656051933725,617,"Say it with me: ""we can't afford a timeshare, we just want the free trip."""
7039,4552,3,6,51,60,1.2,0.06638357975446148,617,“It appears there have been some cutbacks”.
7046,4552,3,6,51,60,1.2,0.06638357975446148,617,Hell is an eternity spent watching the Yule Log on SDTV.
7051,4552,1,10,49,60,1.2,0.057243656051933725,617,I can't believe that for all it cost us to get here they don't have flat screen tv.
7059,4552,1,10,49,60,1.2,0.057243656051933725,617,It's so heavenly here. No commercials.
7067,4552,1,10,49,60,1.2,0.057243656051933725,617,It's getting so crowded down here that Lucifer had to cut costs and cable was the first thing to go.
6692,4552,1,10,49,60,1.2,0.057243656051933725,617,"Sure they have plasma screens up there, but I'm here for some good old-fashioned sin."
4167,4552,3,6,51,60,1.2,0.06638357975446148,617,"We've had some budget cuts lately, but this should get the point across."
1827,4552,1,10,49,60,1.2,0.057243656051933725,617,At least this is better than reality TV.
4055,4552,1,10,49,60,1.2,0.057243656051933725,617,Well...we won’t ever be cold again
1270,4552,3,6,51,60,1.2,0.06638357975446148,617,I heard they needed all the lava for Kilauea
1322,4552,1,10,49,60,1.2,0.057243656051933725,617,"My Father always said, “People in Hell want ice water.” I’d prefer HD television & a cold beer."
1391,4552,2,8,50,60,1.2,0.061982319330632654,617,I heard that he's installing cable any day now.
1408,4552,2,8,50,60,1.2,0.061982319330632654,617,Do you think this is the episode where they reveal we're really in the Good Place?
1437,4552,3,6,51,60,1.2,0.06638357975446148,617,"Oh man, another rerun."
1444,4552,3,6,51,60,1.2,0.06638357975446148,617,Netflix hell.
1538,4552,2,8,50,60,1.2,0.061982319330632654,617,At least they have plasma TV.
1542,4552,3,6,51,60,1.2,0.06638357975446148,617,With rabbit ears all we pick up is the local Sinclair Broadcast station.
1550,4552,2,8,50,60,1.2,0.061982319330632654,617,This may not be so bad after all-we get to see a preview of coming attractions!
1558,4552,2,8,50,60,1.2,0.061982319330632654,617,There's not a chance in Hell I'm watching this!
1578,4552,3,6,51,60,1.2,0.06638357975446148,617,This is what burns my ass.
1581,4552,2,8,50,60,1.2,0.061982319330632654,617,"Want to go get a drink? I've seen this show a thousand times, and it never gets any better...."
1617,4552,1,10,49,60,1.2,0.057243656051933725,617,I guess no one here has any tin foil we could put on the rabbit ears to improve the reception
1243,4552,0,12,48,60,1.2,0.052075564392329535,617,I am tired of all the nudity on cable!!
1679,4552,1,10,49,60,1.2,0.057243656051933725,617,And I thought watching that burning Yule Log on Channel 11 was hell.
4163,4552,2,8,50,60,1.2,0.061982319330632654,617,I swear to god...if they tell us to buckle up...
1834,4552,1,10,49,60,1.2,0.057243656051933725,617,The summer reruns truly are intolerable.
1851,4552,1,10,49,60,1.2,0.057243656051933725,617,What the hell is this place?
1865,4552,0,12,48,60,1.2,0.052075564392329535,617,This is going to be a hell of an orgy once the TV set shuts off.
1884,4552,1,10,49,60,1.2,0.057243656051933725,617,Amazon Fire TV.
1887,4552,2,8,50,60,1.2,0.061982319330632654,617,These reruns are hell.
1888,4552,2,8,50,60,1.2,0.061982319330632654,617,There's talk of a barbecue following orientation.
1943,4552,2,8,50,60,1.2,0.061982319330632654,617,"Whelp, looks like we forgot to pay the Comcast bill again."
2003,4552,2,8,50,60,1.2,0.061982319330632654,617,Who knew there’d be a trailer.
2060,4552,2,8,50,60,1.2,0.061982319330632654,617,"Is it just me, or we in hell?"
2077,4552,2,8,50,60,1.2,0.061982319330632654,617,I hear we are the lucky ones.
2131,4552,2,8,50,60,1.2,0.061982319330632654,617,I think Downton Abbey is on channel 666.
2136,4552,2,8,50,60,1.2,0.061982319330632654,617,Netflix and roast?
1718,4552,4,4,52,60,1.2,0.07051064751106302,617,These budget cuts are hell.
2170,4552,2,8,50,60,1.2,0.061982319330632654,617,"Great, the Fire Channel."
1232,4552,3,6,51,60,1.2,0.06638357975446148,617,"I guess it’s dramatic, but at these prices I was expecting it to be live."
1204,4552,1,10,49,60,1.2,0.057243656051933725,617,Friction matters.
16,4552,2,8,50,60,1.2,0.061982319330632654,617,"Had I known that hell had no cable, I never would have robbed that bank!"
68,4552,2,8,50,60,1.2,0.061982319330632654,617,"Every circle has its broadcast, wrathful souls have Fox news on 24/7"
103,4552,1,10,49,60,1.2,0.057243656051933725,617,‘Redecorating Hell’ is the best show on this network; I wonder which tile they used for the new torment pit.
110,4552,2,8,50,60,1.2,0.061982319330632654,617,"Damn it, you change the channel this time."
152,4552,2,8,50,60,1.2,0.061982319330632654,617,Hell has gone to hell.
164,4552,2,8,50,60,1.2,0.061982319330632654,617,"That's right, only reruns of State TV."
179,4552,2,8,50,60,1.2,0.061982319330632654,617,"Yes, I can think of worse things than never using your turn signals. But more annoying? No. Welcome to hell."
220,4552,2,8,50,60,1.2,0.061982319330632654,617,Reruns.
233,4552,3,6,51,60,1.2,0.06638357975446148,617,I'm getting chilly. Can you turn the volume up?
266,4552,2,8,50,60,1.2,0.061982319330632654,617,At least it's not Fox News.
411,4552,1,10,49,60,1.2,0.057243656051933725,617,Yes those are Christmas carols- he got the idea from WPIX.
481,4552,2,8,50,60,1.2,0.061982319330632654,617,Me? Micro management?
544,4552,2,8,50,60,1.2,0.061982319330632654,617,"Being forced to watch this for eternity in black and white, with no flat screen or HD, is truly hell."
1221,4552,1,10,49,60,1.2,0.057243656051933725,617,Adorno never warned of the farts.
630,4552,2,8,50,60,1.2,0.061982319330632654,617,Hell hath no fury like a Kardashian scorned.
689,4552,2,8,50,60,1.2,0.061982319330632654,617,"No hand-held, no cable, rabbit ears...this IS hell!"
728,4552,2,8,50,60,1.2,0.061982319330632654,617,Cant believe the Kardashians ruined everything down here too
816,4552,1,10,49,60,1.2,0.057243656051933725,617,"If you think this show's bad, wait til you see how long the commercial breaks are."
826,4552,0,12,48,60,1.2,0.052075564392329535,617,"After the presentation, there's a drawing for a lifetime membership."
859,4552,1,10,49,60,1.2,0.057243656051933725,617,I don't know what we're expecting each week with this weather report
952,4552,2,8,50,60,1.2,0.061982319330632654,617,This is my favorite show.
990,4552,3,6,51,60,1.2,0.06638357975446148,617,"Yes, it's reality shows, 24/7."
1010,4552,3,6,51,60,1.2,0.06638357975446148,617,"Now that it's frozen over, this has to be your experience."
1128,4552,2,8,50,60,1.2,0.061982319330632654,617,Caliente... The only channel we can get down here.
1142,4552,1,10,49,60,1.2,0.057243656051933725,617,"Yeah, we're naked and really afraid."
1165,4552,3,6,51,60,1.2,0.06638357975446148,617,I coveted my neighbour’s furnace.
1184,4552,3,6,51,60,1.2,0.06638357975446148,617,"This is hell, no flat screen tv."
1189,4552,2,8,50,60,1.2,0.061982319330632654,617,It all started with that yule log channel.
664,4552,2,8,50,60,1.2,0.061982319330632654,617,Don't tell anyone I was an arsonist.
2200,4552,0,12,48,60,1.2,0.052075564392329535,617,He's not quite up to speed with technology.
2160,4552,3,6,51,60,1.2,0.06638357975446148,617,Rumor has it that Moonves sold his soul for Nielson ratings.
2379,4552,2,8,50,60,1.2,0.061982319330632654,617,Reality TV in Hell
3297,4552,3,6,51,60,1.2,0.06638357975446148,617,This isn't much of a recreation break.
3316,4552,1,10,49,60,1.2,0.057243656051933725,617,"dear caption judge(s) how are u today? i am well thank u for considering my caption today. today i went to wal mart, ate ravioli, bought reduced fat triscuit crackers, and played a video game. i hope ur day was as fun as mine today!"
3342,4552,1,10,49,60,1.2,0.057243656051933725,617,Lucky us! I hear all the real stuff is being channeled to a volcano in Hawaii.
3387,4552,1,10,49,60,1.2,0.057243656051933725,617,"Welcome to Hell, no HD"
3427,4552,3,6,51,60,1.2,0.06638357975446148,617,Hell? Yes! But no heat!
3447,4552,2,8,50,60,1.2,0.061982319330632654,617,I'm sick of this surreality TV show.
3466,4552,2,8,50,60,1.2,0.061982319330632654,617,"I heard that if we have good behavior, he’d let one of us change the channel."
3478,4552,2,8,50,60,1.2,0.061982319330632654,617,Hell of a way to save on heating.
3493,4552,3,6,51,60,1.2,0.06638357975446148,617,Somehow I doubt there’s a ‘free gift’ at the end of this one.
3512,4552,3,6,51,60,1.2,0.06638357975446148,617,I know that we are definitely in hell- no cable!
3533,4552,3,6,51,60,1.2,0.06638357975446148,617,The millenials watch this on their phones.
3573,4552,1,10,49,60,1.2,0.057243656051933725,617,The worst part is there is nothing but infomercial on!
3617,4552,2,8,50,60,1.2,0.061982319330632654,617,"Hi, I'm Sam Harris."
2243,4552,2,8,50,60,1.2,0.061982319330632654,617,It's a win-win from B-bub. We get better television than 'A&E' or 'Lifetime' AND he's saving a fortune on real brimstone.
3654,4552,0,12,48,60,1.2,0.052075564392329535,617,"This is where "" House of Cards"" ended up..............."
3703,4552,1,10,49,60,1.2,0.057243656051933725,617,'Project Runway' sure is different down here.
3729,4552,0,12,48,60,1.2,0.052075564392329535,617,I was the cartoon editor for The New Yorker. Get it?
3785,4552,1,10,49,60,1.2,0.057243656051933725,617,I was hoping it would actually be hot enough for me.
3811,4552,2,8,50,60,1.2,0.061982319330632654,617,Betcha don't regret missing out on the 'genuine experience' now!
3836,4552,2,8,50,60,1.2,0.061982319330632654,617,"The ""lifestyle"" has gone to hell since Satan joined."
3881,4552,2,8,50,60,1.2,0.061982319330632654,617,He is getting heating credits- thankfully he doesn't think climate change is evil.
3887,4552,0,12,48,60,1.2,0.052075564392329535,617,"Well, it's not what it was cracked up to be. Can you think of anything we can do now?"
3892,4552,2,8,50,60,1.2,0.061982319330632654,617,I didn't know we got C-SPAN down here.
3924,4552,2,8,50,60,1.2,0.061982319330632654,617,Damn - he makes it sound so tempting!
3944,4552,1,10,49,60,1.2,0.057243656051933725,617,I always wanted to go to a nudist colony
3946,4552,2,8,50,60,1.2,0.061982319330632654,617,Home movies again??!?
3955,4552,2,8,50,60,1.2,0.061982319330632654,617,What were you expecting? Virtual reality?
3978,4552,3,7,55,65,1.2,0.06278779891274812,617,It’s the resolution that crushes your soul.
3678,4552,2,8,50,60,1.2,0.061982319330632654,617,Have you seen the remote?
3226,4552,3,6,51,60,1.2,0.06638357975446148,617,I thought the TV would be high definition down here.
3242,4552,2,8,50,60,1.2,0.061982319330632654,617,Figures they'd have 24 hour news coverage in hell.
3145,4552,1,10,49,60,1.2,0.057243656051933725,617,Just an average meeting at your local cable company...
2440,4552,0,12,48,60,1.2,0.052075564392329535,617,"Now that the virtual tour is over,let's get down to business."
2462,4552,2,8,50,60,1.2,0.061982319330632654,617,"You know it would be a lot more ""fair and balanced"" if there was as must brimstone as there was fire."
2519,4552,1,10,49,60,1.2,0.057243656051933725,617,It must be their televised orientation program.
2538,4552,1,10,49,60,1.2,0.057243656051933725,617,"Due to budget cuts, Hellfire is now brought to you by Low-Definition TV."
2541,4552,1,10,49,60,1.2,0.057243656051933725,617,This is hell for everyone who accidentally signed up for Amazon Prime.
2545,4552,2,8,50,60,1.2,0.061982319330632654,617,"He explained before you got here that virtual fire is cheaper, eliminates carbon dioxide, and better for the Naked Mole Rats."
2563,4552,2,8,50,60,1.2,0.061982319330632654,617,First he makes us take our clothes off. Then he makes us watch fire on an old 4 by 3 tube TV. That's one kinky devil!
2577,4552,2,8,50,60,1.2,0.061982319330632654,617,It’s hot as hell in here
2585,4552,3,6,51,60,1.2,0.06638357975446148,617,Turns out he didn't have enough wood for the eternal fires
2623,4552,1,10,49,60,1.2,0.057243656051933725,617,"Misplaced punctuation matters. ""Discount Sauna, as advertised on TV” should have been ""Discount Sauna as advertised, on TV.”"
2626,4552,2,8,50,60,1.2,0.061982319330632654,617,I've seen this episode already.
3206,4552,2,8,50,60,1.2,0.061982319330632654,617,Turns out hell is produced by Michael Bay.
2657,4552,1,10,49,60,1.2,0.057243656051933725,617,"That’s right, your living hell is more commercials than the Olympics!"
2744,4552,1,10,49,60,1.2,0.057243656051933725,617,"I know we're saving the climate by not burning fossil fuels. But, for the life of me, I can't figure out for whom!"
2627,4552,1,10,49,60,1.2,0.057243656051933725,617,I'd wager the medium really isn't the message.
2774,4552,3,6,51,60,1.2,0.06638357975446148,617,I watched this episode. It's a hell of a story.
3128,4552,1,10,49,60,1.2,0.057243656051933725,617,The commercial break lasts an eternity.
3124,4552,4,4,52,60,1.2,0.07051064751106302,617,It makes a change from Seinfeld reruns.
3115,4552,2,8,50,60,1.2,0.061982319330632654,617,i guess we should have listened when they said there was a special hell for those who pirated cable.
2746,4552,1,10,49,60,1.2,0.057243656051933725,617,It’s not so bad since they got rid of Bob Costas.
2976,4552,3,6,51,60,1.2,0.06638357975446148,617,"Yes, actually, the cold is indeed limited to my crotch area!"
2965,4552,3,6,51,60,1.2,0.06638357975446148,617,I don’t believe that is fake news.
3077,4552,1,10,49,60,1.2,0.057243656051933725,617,The overflow room really isn't so bad.
2946,4552,3,6,51,60,1.2,0.06638357975446148,617,Hellish reception.
2944,4552,1,10,49,60,1.2,0.057243656051933725,617,This is what I get for sharing my friends Netflix account.
2893,4552,2,8,50,60,1.2,0.061982319330632654,617,I always look forward to the commercial breaks.
2806,4552,2,8,50,60,1.2,0.061982319330632654,617,It’s not what you think; it’s like watching the fireplace on Christmas Eve.
2801,4552,4,4,52,60,1.2,0.07051064751106302,617,"According to the Weather report, we won't need a coat tomorrow"
2954,4552,2,8,50,60,1.2,0.061982319330632654,617,It looked better in the brochure.
3981,4804,2,8,51,61,1.1967213114754098,0.061045858114836905,617,Thursday is Amazon Fire TV night.
7101,4804,4,4,53,61,1.1967213114754098,0.06942256814494971,617,"I'm Tom, the new guy. Believe it or not I actually wrote Bonfire of the VaniTV's"
5912,4804,3,6,52,61,1.1967213114754098,0.06536853127008815,617,It's our way to fight global warming.
5737,4804,1,10,50,61,1.1967213114754098,0.05639280721461829,617,I never thought of this as a benefit of fracking.
5493,4804,0,12,49,61,1.1967213114754098,0.051319592926224684,617,He's got to know virtual hell just don't cut it.
3507,4804,2,8,51,61,1.1967213114754098,0.061045858114836905,617,His home movies are getting a little old.
6567,4804,1,10,50,61,1.1967213114754098,0.05639280721461829,617,It greatly reduces carbon emissions - he hopes to be able to stream it in a millennia or two.
1600,4804,1,10,50,61,1.1967213114754098,0.05639280721461829,617,"For me, 30 years down and forever to go."
3414,4804,1,10,50,61,1.1967213114754098,0.05639280721461829,617,I think it's the warm-up for the main event.
39,4804,1,10,50,61,1.1967213114754098,0.05639280721461829,617,"Is there going to be a test, on any of this, Lucifer?"
51,4804,1,10,50,61,1.1967213114754098,0.05639280721461829,617,"Don't worry, it's just propaganda"
17,4804,2,8,51,61,1.1967213114754098,0.061045858114836905,617,You'd think they'd have cable here.
298,4804,3,6,52,61,1.1967213114754098,0.06536853127008815,617,Who farted?
577,4804,1,10,50,61,1.1967213114754098,0.05639280721461829,617,"They’ve got 24-hour news down here, too."
129,4804,1,10,50,61,1.1967213114754098,0.05639280721461829,617,Netflix and Grill?
5540,4819,2,7,48,57,1.1929824561403508,0.06351541803245206,617,It's good to know they're doing something about global warming.
5857,4819,1,9,47,57,1.1929824561403508,0.05837501102181511,617,"Devilish, making us watch travelogues."
5856,4819,2,7,48,57,1.1929824561403508,0.06351541803245206,617,What's Streaming?
5832,4819,1,9,47,57,1.1929824561403508,0.05837501102181511,617,No channel surfing here.
5814,4819,3,5,49,57,1.1929824561403508,0.06826986702694854,617,Wow. It's like an Amish fireplace and a nudist colony. It was better at the movies.
5758,4819,0,11,46,57,1.1929824561403508,0.05273590328947571,617,I love reality television.
5735,4819,3,5,49,57,1.1929824561403508,0.06826986702694854,617,I kinda knew this was coming. I was sure he'd make us watch reruns of 'The Apprentice' for eternity. But do we have to be naked?
5723,4819,1,9,47,57,1.1929824561403508,0.05837501102181511,617,The fire and Brimstone was bad enough but now we have to watch Fox TV”.
5662,4819,2,7,48,57,1.1929824561403508,0.06351541803245206,617,I think this TEDx talk has gone too far.
5906,4819,1,9,47,57,1.1929824561403508,0.05837501102181511,617,We should have upgraded to Pergatory.
5603,4819,2,7,48,57,1.1929824561403508,0.06351541803245206,617,"This is worse than I thought; no color, no HD"
5546,4819,0,11,46,57,1.1929824561403508,0.05273590328947571,617,"""Survivor"" is an option for the first ten contestants."
5748,4819,1,9,47,57,1.1929824561403508,0.05837501102181511,617,"Yes, the acting here is better, but I still say the ‘Yule Log’ writing was more lively and crisp."
6024,4819,2,7,48,57,1.1929824561403508,0.06351541803245206,617,These Hawaii life feeds sure make me appreciate Hell.
6103,4819,1,9,47,57,1.1929824561403508,0.05837501102181511,617,Is this what the kids meant by Netflix and chill?
6059,4819,2,7,48,57,1.1929824561403508,0.06351541803245206,617,Rabbit ears? No cable? That's not a good start.
5504,4819,3,5,49,57,1.1929824561403508,0.06826986702694854,617,I bet he wishes he had a 50 inch flat screen.
6126,4819,3,5,49,57,1.1929824561403508,0.06826986702694854,617,I’m cold.
6166,4819,2,7,48,57,1.1929824561403508,0.06351541803245206,617,I can’t wait to see the Yule Log on Christmas.
8149,4819,2,7,48,57,1.1929824561403508,0.06351541803245206,617,I think he thinks it's real.
6180,4819,1,9,47,57,1.1929824561403508,0.05837501102181511,617,I guess in Hell we don’t have to give up all our earthly habits.
6181,4819,2,7,48,57,1.1929824561403508,0.06351541803245206,617,Is this the line for U2 tickets?
6196,4819,1,9,47,57,1.1929824561403508,0.05837501102181511,617,Can we change the channel.
6219,4819,1,9,47,57,1.1929824561403508,0.05837501102181511,617,Usually it’s a safety video.
6232,4819,3,5,49,57,1.1929824561403508,0.06826986702694854,617,Welcome to the Nielsen family.
6246,4819,1,9,47,57,1.1929824561403508,0.05837501102181511,617,You think they have a VCR where you push play and record at the same time too?
6309,4819,0,11,46,57,1.1929824561403508,0.05273590328947571,617,Electric bill's up a tad but saves a ton on natural gas.
6327,4819,0,11,46,57,1.1929824561403508,0.05273590328947571,617,This is just the warm-up. Wait till we get to rehearsal.
6376,4819,2,7,48,57,1.1929824561403508,0.06351541803245206,617,Can we change the channel to something more enlightening?
6041,4819,1,9,47,57,1.1929824561403508,0.05837501102181511,617,I like what I see.
5456,4819,1,9,47,57,1.1929824561403508,0.05837501102181511,617,Who knew that global warming started in 1962.
5344,4819,1,9,47,57,1.1929824561403508,0.05837501102181511,617,"If you binge this show, they'll make you purge."
5374,4819,4,3,50,57,1.1929824561403508,0.07271410564613537,617,"Sinclair Broadcasting just renewed this show for eternity. The flames are brought to us by the burning souls of Sebastian Gorka, Sean Hannity and that ex-President with the funny hair. Listen carefully, they’re screaming ‘What about Hillary?’"
4563,4819,3,5,49,57,1.1929824561403508,0.06826986702694854,617,"Rosemary's Baby "" again !!! ""This must be hell !"
4545,4819,3,5,49,57,1.1929824561403508,0.06826986702694854,617,"You know, telecommuting just didn’t revolutionize the afterlife the way they said it would."
4507,4819,2,7,48,57,1.1929824561403508,0.06351541803245206,617,"It’s because of budget cuts, but I’m okay with it."
4499,4819,1,9,47,57,1.1929824561403508,0.05837501102181511,617,"The worst part is, it's not even HDTV."
4478,4819,1,9,47,57,1.1929824561403508,0.05837501102181511,617,We get the hand-me-downs. I hear we're getting a Samsung soon.
4471,4819,1,9,47,57,1.1929824561403508,0.05837501102181511,617,Is this orientation really necessary?
4578,4819,1,9,47,57,1.1929824561403508,0.05837501102181511,617,Just turn it off!
4350,4819,1,9,47,57,1.1929824561403508,0.05837501102181511,617,I think we should stick with the Fire Channel. He says there is no cable down here and the only other choice is the Brimstone Channel.
4293,4819,1,9,47,57,1.1929824561403508,0.05837501102181511,617,So hell looks a lot like 1960's television.
4065,4819,2,7,48,57,1.1929824561403508,0.06351541803245206,617,"Okay, but I was really looking forward to seeing Brimstone."
4042,4819,2,7,48,57,1.1929824561403508,0.06351541803245206,617,Heatonism
3990,4819,2,7,48,57,1.1929824561403508,0.06351541803245206,617,If you think this is good we should check out the live taping downstairs.
3927,4819,1,9,47,57,1.1929824561403508,0.05837501102181511,617,Any chance we can change channels?
3912,4819,0,11,46,57,1.1929824561403508,0.05273590328947571,617,I love the previews
4308,4819,3,5,49,57,1.1929824561403508,0.06826986702694854,617,"Now if the emperor has really real clothes, I'm going to be annoyed beyond words."
5406,4819,1,9,47,57,1.1929824561403508,0.05837501102181511,617,This is that old satan satellite. I paid extra for HBO heaven in my room.
4636,4819,1,9,47,57,1.1929824561403508,0.05837501102181511,617,Does the party start after the safety film?!
4663,4819,3,5,49,57,1.1929824561403508,0.06826986702694854,617,"Sweet deal: limitless term, full membership and they say the hot yoga is really, really hot."
6378,4819,0,11,46,57,1.1929824561403508,0.05273590328947571,617,It’s an endless loop of “American Idol”
5275,4819,3,5,49,57,1.1929824561403508,0.06826986702694854,617,I hear it's the Devil's favorite show.
5273,4819,2,7,48,57,1.1929824561403508,0.06351541803245206,617,No one mentioned anything about no cable.
5203,4819,1,9,47,57,1.1929824561403508,0.05837501102181511,617,Their carbon profile will go even lower after they get the flat screen installed.
5200,4819,3,5,49,57,1.1929824561403508,0.06826986702694854,617,Can't blame him -- the heating bills were ungodly.
5196,4819,2,7,48,57,1.1929824561403508,0.06351541803245206,617,Your new treat is technicolor
4654,4819,1,9,47,57,1.1929824561403508,0.05837501102181511,617,"So, this is Hell..no Wi-Fi"
5156,4819,2,7,48,57,1.1929824561403508,0.06351541803245206,617,so this is what hell looks like
5006,4819,1,9,47,57,1.1929824561403508,0.05837501102181511,617,It was much less hellish before his cord-cutting experiment.
4937,4819,1,9,47,57,1.1929824561403508,0.05837501102181511,617,I could learn a thing or two from you humans.
4890,4819,2,7,48,57,1.1929824561403508,0.06351541803245206,617,The fire is always redder on the other side.
4804,4819,2,7,48,57,1.1929824561403508,0.06351541803245206,617,I wish you hadn’t forced me into the cult. I knew they wouldn’t have streaming movies in the end.
4783,4819,2,7,48,57,1.1929824561403508,0.06351541803245206,617,It's a new reality survival program called Naked and Afraid ... and Scorched.
4763,4819,2,7,48,57,1.1929824561403508,0.06351541803245206,617,It's the only channel. This really is hell.
5109,4819,2,7,48,57,1.1929824561403508,0.06351541803245206,617,"The hi-def is nice, but it's the only channel we get."
6417,4819,2,7,48,57,1.1929824561403508,0.06351541803245206,617,Apparently we weren't the only ones who didn't get pre-registered.
6502,4819,1,9,47,57,1.1929824561403508,0.05837501102181511,617,Stay tuned for scenes from our next episode of 'The Emperor's New Clothes in Hell.'
6484,4819,2,7,48,57,1.1929824561403508,0.06351541803245206,617,It's been a rough quarter.
7496,4819,1,9,47,57,1.1929824561403508,0.05837501102181511,617,I wonder what the punishment is in heaven?
7549,4819,1,9,47,57,1.1929824561403508,0.05837501102181511,617,Notice how fast the temperature’s been dropping in here since conservative media admitted that Global Warming is real?
7560,4819,1,9,47,57,1.1929824561403508,0.05837501102181511,617,Can you believe we get signal down here?
7568,4819,3,5,49,57,1.1929824561403508,0.06826986702694854,617,They broadcast this show all over Hell and half of Georgia.
7574,4819,2,7,48,57,1.1929824561403508,0.06351541803245206,617,Another Christmas Eve in Hell.
7577,4819,3,5,49,57,1.1929824561403508,0.06826986702694854,617,I used to do this every night after work.
7578,4819,0,11,46,57,1.1929824561403508,0.05273590328947571,617,At least these folks are trying to do something about global warming.
7627,4819,1,9,47,57,1.1929824561403508,0.05837501102181511,617,You'd think he could afford an HD flatscreen at least.
7630,4819,1,9,47,57,1.1929824561403508,0.05837501102181511,617,"Wow, fuel costs must be hellish."
7661,4819,2,7,48,57,1.1929824561403508,0.06351541803245206,617,"I think he may have bought into Netflix’s claim that it would be better than the real thing, but this isn’t very convincing"
7714,4819,1,9,47,57,1.1929824561403508,0.05837501102181511,617,The reception in heaven is much better.
7747,4819,3,5,49,57,1.1929824561403508,0.06826986702694854,617,"""The Apprentice"" will never end."
7808,4819,3,5,49,57,1.1929824561403508,0.06826986702694854,617,No wifi? This is going to be hell.
7810,4819,2,7,48,57,1.1929824561403508,0.06351541803245206,617,Is this orientation or a Hawaiian clothing optional resort
7485,4819,2,7,48,57,1.1929824561403508,0.06351541803245206,617,There's got to be something better on another channel!
7836,4819,3,5,49,57,1.1929824561403508,0.06826986702694854,617,Netflix and burn.
7896,4819,3,5,49,57,1.1929824561403508,0.06826986702694854,617,They could at least throw in some editing.
7946,4819,1,9,47,57,1.1929824561403508,0.05837501102181511,617,You would think they would have cable.
7973,4819,3,5,49,57,1.1929824561403508,0.06826986702694854,617,The devil's in the details.
7980,4819,3,5,49,57,1.1929824561403508,0.06826986702694854,617,Hell hath no fury like over-the-air TV.
7994,4819,2,7,48,57,1.1929824561403508,0.06351541803245206,617,I've been to hotter saunas than this
8000,4819,3,5,49,57,1.1929824561403508,0.06826986702694854,617,It's new - he calls it Netflix and fry.
8018,4819,2,7,48,57,1.1929824561403508,0.06351541803245206,617,"Well, I guess this really is hell. The entertainment promises to be insufferably monotonous."
8057,4819,2,7,48,57,1.1929824561403508,0.06351541803245206,617,I thought we chose hedonism
8066,4819,1,9,47,57,1.1929824561403508,0.05837501102181511,617,You too can have this life for $9.99 per month!
8084,4819,3,5,49,57,1.1929824561403508,0.06826986702694854,617,Is anybody else’s butt hairs getting singed?
8109,4819,4,3,50,57,1.1929824561403508,0.07271410564613537,617,I always said it'd be a cold day in Hell before I watch the Yule Log Channel.
8124,4819,3,5,49,57,1.1929824561403508,0.06826986702694854,617,I can’t believe he’s making us watch this Yule log video again.
8148,4819,3,5,49,57,1.1929824561403508,0.06826986702694854,617,And I hear the succubi took a better offer from Washington.
3902,4819,4,3,50,57,1.1929824561403508,0.07271410564613537,617,Now he tells us!
7888,4819,3,5,49,57,1.1929824561403508,0.06826986702694854,617,I don't think I can bare this much longer.
7418,4819,0,11,46,57,1.1929824561403508,0.05273590328947571,617,We're condemned to no flat screen and no HD.
7404,4819,1,9,47,57,1.1929824561403508,0.05837501102181511,617,It's called the Human Nature channel.
7399,4819,3,5,49,57,1.1929824561403508,0.06826986702694854,617,Netflix is thinking of optioning it.
6497,4819,2,7,48,57,1.1929824561403508,0.06351541803245206,617,For some unknown reason strip poker doesn’t excite me anymore.
6520,4819,2,7,48,57,1.1929824561403508,0.06351541803245206,617,"Man, I never knew there would be more fire on Earth than in hell."
6565,4819,2,7,48,57,1.1929824561403508,0.06351541803245206,617,And I thought nothing was more hellish than basic cable.
6643,4819,1,9,47,57,1.1929824561403508,0.05837501102181511,617,Not even a flat screen? Bummer!
6644,4819,0,11,46,57,1.1929824561403508,0.05273590328947571,617,I wish they'd throw in a few commercials
6655,4819,2,7,48,57,1.1929824561403508,0.06351541803245206,617,Hell is other people’s home videos.
6657,4819,3,5,49,57,1.1929824561403508,0.06826986702694854,617,'Soul Train?' We don't even get 'Seinfeld!'
6678,4819,3,5,49,57,1.1929824561403508,0.06826986702694854,617,"If I had known we wouldn’t have high definition, I wouldn’t have been so sinful at the colony"
6783,4819,2,7,48,57,1.1929824561403508,0.06351541803245206,617,Was it that acid rain again?
6798,4819,2,7,48,57,1.1929824561403508,0.06351541803245206,617,There’s only one channel. That’s punishment enough.
6810,4819,2,7,48,57,1.1929824561403508,0.06351541803245206,617,Worst Yule Log video ever!
6820,4819,1,9,47,57,1.1929824561403508,0.05837501102181511,617,Anyway the dead can't feel the flames so why bother?
6840,4819,2,7,48,57,1.1929824561403508,0.06351541803245206,617,Looks like we're in for a hot spell.
6851,4819,2,7,48,57,1.1929824561403508,0.06351541803245206,617,An antenna!?! I was sure they ran cable from down here!
6893,4819,0,11,46,57,1.1929824561403508,0.05273590328947571,617,This month's campaign to reduce our carbon footprint.
6896,4819,2,7,48,57,1.1929824561403508,0.06351541803245206,617,"When they cancel this show, I’m going to Heaven."
6929,4819,1,9,47,57,1.1929824561403508,0.05837501102181511,617,"This is the naked truth, all right."
7389,4819,1,9,47,57,1.1929824561403508,0.05837501102181511,617,On Friday he screens old film school shorts.
7352,4819,2,7,48,57,1.1929824561403508,0.06351541803245206,617,I liked the first episode better.
7349,4819,0,11,46,57,1.1929824561403508,0.05273590328947571,617,"If I had known this, I would have brought a sweater."
7332,4819,2,7,48,57,1.1929824561403508,0.06351541803245206,617,"A result of global warming, my dear."
7329,4819,1,9,47,57,1.1929824561403508,0.05837501102181511,617,It's colder than it looks.
7231,4819,2,7,48,57,1.1929824561403508,0.06351541803245206,617,So this is the man behind the curtain? I think we have a chance!
6431,4819,2,7,48,57,1.1929824561403508,0.06351541803245206,617,Do you think we'll need any sunscreen?
7229,4819,2,7,48,57,1.1929824561403508,0.06351541803245206,617,"This really is hell, no 60” flat screen TV."
7139,4819,2,7,48,57,1.1929824561403508,0.06351541803245206,617,I never thought I'd be thankful for higher fuel prices.
7109,4819,1,9,47,57,1.1929824561403508,0.05837501102181511,617,"Preview introduction pretty basic, eh?"
7020,4819,2,7,48,57,1.1929824561403508,0.06351541803245206,617,There are no flatscreens in hell.
7018,4819,3,5,49,57,1.1929824561403508,0.06826986702694854,617,After one hundred years of this I almost miss 'Everybody Loves Raymond'. Almost.
6947,4819,3,5,49,57,1.1929824561403508,0.06826986702694854,617,I knew the repeal of new neutrality was the first step to hell!
6935,4819,3,5,49,57,1.1929824561403508,0.06826986702694854,617,If we leave the presentation early do we still get the snorkeling tour?
7202,4819,0,11,46,57,1.1929824561403508,0.05273590328947571,617,At least we won't be cold
3899,4819,2,7,48,57,1.1929824561403508,0.06351541803245206,617,The new mining regulations mean there's very little fuel left for Hell.
2384,4819,3,5,49,57,1.1929824561403508,0.06826986702694854,617,What the ..?
3883,4819,2,7,48,57,1.1929824561403508,0.06351541803245206,617,This better be one hell of a show.
901,4819,0,11,46,57,1.1929824561403508,0.05273590328947571,617,Orientation became mandatory after the previous residents sued God because Hell was hotter than they expected.
935,4819,1,9,47,57,1.1929824561403508,0.05837501102181511,617,The Apocalypse will be televised!
999,4819,2,7,48,57,1.1929824561403508,0.06351541803245206,617,Not having cable is hell.
1037,4819,3,5,49,57,1.1929824561403508,0.06826986702694854,617,Here's hoping St. Peter has a sense of humor.
1068,4819,1,9,47,57,1.1929824561403508,0.05837501102181511,617,I miss the old reality TV when we thought it wasn't real.
1071,4819,2,7,48,57,1.1929824561403508,0.06351541803245206,617,That’s not FOX News. We must be in heaven.
1129,4819,1,9,47,57,1.1929824561403508,0.05837501102181511,617,"The place is spiritual, nudists and warm all the time."
1203,4819,1,9,47,57,1.1929824561403508,0.05837501102181511,617,Just when it gets interesting they change it to sports
1255,4819,2,7,48,57,1.1929824561403508,0.06351541803245206,617,I always wondered if I'd run into an old flame
1274,4819,0,11,46,57,1.1929824561403508,0.05273590328947571,617,"Sure it makes me nostalgic, just not in a good way..."
1308,4819,2,7,48,57,1.1929824561403508,0.06351541803245206,617,"Welcome to Hell; 500 channels and their all the ""Yule Log""."
1338,4819,4,3,50,57,1.1929824561403508,0.07271410564613537,617,This is the commercial break - the actual programming is infomercials.
1366,4819,2,7,48,57,1.1929824561403508,0.06351541803245206,617,This is the worst teaser I've seen.
1374,4819,3,5,49,57,1.1929824561403508,0.06826986702694854,617,I heard he saves the training video for sweeps week.
898,4819,0,11,46,57,1.1929824561403508,0.05273590328947571,617,He is really into slow tv these days
1425,4819,1,9,47,57,1.1929824561403508,0.05837501102181511,617,"This was the only channel he ever watched, so he said the hell with cable."
1457,4819,1,9,47,57,1.1929824561403508,0.05837501102181511,617,It's the movie trailer about the rest of your eternity.
1461,4819,1,9,47,57,1.1929824561403508,0.05837501102181511,617,Remember when I used to say nothing was worse than these emergency weather interruptions....
1490,4819,3,5,49,57,1.1929824561403508,0.06826986702694854,617,It could also just be a commercial for a hibachi grill.
1526,4819,1,9,47,57,1.1929824561403508,0.05837501102181511,617,Hades TV is bigger than Netflix.
3891,4819,1,9,47,57,1.1929824561403508,0.05837501102181511,617,This program makes me hot.
1613,4819,2,7,48,57,1.1929824561403508,0.06351541803245206,617,No spoilers!
1630,4819,1,9,47,57,1.1929824561403508,0.05837501102181511,617,Nice and warm !
1631,4819,0,11,46,57,1.1929824561403508,0.05273590328947571,617,Kardashians!
1637,4819,2,7,48,57,1.1929824561403508,0.06351541803245206,617,I see Flipper. What do you see?
1652,4819,2,7,48,57,1.1929824561403508,0.06351541803245206,617,I am more shocked that Satan doesn't have a flatscreen.
1678,4819,4,3,50,57,1.1929824561403508,0.07271410564613537,617,"Well,at least it isn't The Big Bang Theory"
1730,4819,1,9,47,57,1.1929824561403508,0.05837501102181511,617,"A Weinstein trailer on rabbit ears -- man, are we screwed."
1763,4819,1,9,47,57,1.1929824561403508,0.05837501102181511,617,With rabbit ears you only get one local station
1849,4819,3,5,49,57,1.1929824561403508,0.06826986702694854,617,I really thought Deal With the Devil was just a reality TV show.
1455,4819,2,7,48,57,1.1929824561403508,0.06351541803245206,617,"You'd think he'd at least let us watch Fox News."""
885,4819,2,7,48,57,1.1929824561403508,0.06351541803245206,617,Now I know how he can afford to entice all these people here... He hasn't touched the place since 1983.
850,4819,1,9,47,57,1.1929824561403508,0.05837501102181511,617,I hear some are calling this: Netflix and grill.
794,4819,3,5,49,57,1.1929824561403508,0.06826986702694854,617,I hear the cable bill was just getting too goddamned hellacious.
7,4819,3,5,49,57,1.1929824561403508,0.06826986702694854,617,"Two hundred thirteen channels, and this is the best one."
26,4819,1,9,47,57,1.1929824561403508,0.05837501102181511,617,The Cool Medium my ass.
41,4819,2,7,48,57,1.1929824561403508,0.06351541803245206,617,Just a few short years ago it was nothing but filmstrips!
67,4819,3,5,49,57,1.1929824561403508,0.06826986702694854,617,Hopefully I can catch the game tonight.
86,4819,2,7,48,57,1.1929824561403508,0.06351541803245206,617,Welcome to Reality Hell: The Series.
96,4819,0,11,46,57,1.1929824561403508,0.05273590328947571,617,"This may seem weird and beside the point, but I kinda get a kick knowing my home theater is better than Lucifer's."
112,4819,1,9,47,57,1.1929824561403508,0.05837501102181511,617,It's not him telling you where to stuff this. It's me.
126,4819,1,9,47,57,1.1929824561403508,0.05837501102181511,617,The brochure promised flames in hi-def.
192,4819,2,7,48,57,1.1929824561403508,0.06351541803245206,617,Safe to say we misread the horny line in the advertisement.
204,4819,1,9,47,57,1.1929824561403508,0.05837501102181511,617,It'll probably be better in high def.
258,4819,3,5,49,57,1.1929824561403508,0.06826986702694854,617,I bet they have HD in heaven.
288,4819,2,7,48,57,1.1929824561403508,0.06351541803245206,617,I binged this series last week.
323,4819,4,3,50,57,1.1929824561403508,0.07271410564613537,617,"After this scary video, we're more likely to buy the tanning spray."
327,4819,1,9,47,57,1.1929824561403508,0.05837501102181511,617,It's a VHS - no streaming down here.
352,4819,1,9,47,57,1.1929824561403508,0.05837501102181511,617,I heard heaven has flat screens.
374,4819,1,9,47,57,1.1929824561403508,0.05837501102181511,617,"Our ultimate destination being what it is, we should be thankful that it's not reruns of Dancing with the Stars."
382,4819,3,5,49,57,1.1929824561403508,0.06826986702694854,617,"Man: So even in hell, Satan has to turn the dial and adjust antennas for basic cable hell feed? Woman: At least it’s not Fox News."
738,4819,2,7,48,57,1.1929824561403508,0.06351541803245206,617,"It's not as messy, and we save on fuel."
707,4819,1,9,47,57,1.1929824561403508,0.05837501102181511,617,The worst? These are my reading glasses.
692,4819,2,7,48,57,1.1929824561403508,0.06351541803245206,617,I bet they don't get all these repeats in the other place.
686,4819,1,9,47,57,1.1929824561403508,0.05837501102181511,617,"Oh, boy. An eternity of re-runs. This really is hell."
667,4819,1,9,47,57,1.1929824561403508,0.05837501102181511,617,We're going to spend eternity craving authentic experiences.
653,4819,0,11,46,57,1.1929824561403508,0.05273590328947571,617,Now I get what those underfunded schoolteachers were mad about.
1863,4819,2,7,48,57,1.1929824561403508,0.06351541803245206,617,"If it's auditioning for this reality show or an eternity of Trump's tweets, let's do this one."
640,4819,1,9,47,57,1.1929824561403508,0.05837501102181511,617,Rabbit Ears! This really is Hell
624,4819,3,5,49,57,1.1929824561403508,0.06826986702694854,617,This is so much better without all the ads.
592,4819,1,9,47,57,1.1929824561403508,0.05837501102181511,617,"Cost-cutting maneuver. Next level, we all get sweaters."
561,4819,3,5,49,57,1.1929824561403508,0.06826986702694854,617,They won't change channels in doctor's offices either.
509,4819,1,9,47,57,1.1929824561403508,0.05837501102181511,617,I kinda don't mind reruns of The Apprentice.
491,4819,1,9,47,57,1.1929824561403508,0.05837501102181511,617,"Rabbit ears is one thing, but only getting the Yule Log program for eternity is a real bummer."
490,4819,1,9,47,57,1.1929824561403508,0.05837501102181511,617,Like I said. Other people.
626,4819,2,7,48,57,1.1929824561403508,0.06351541803245206,617,I swear these Fox prime time audition lines get longer every season.
1890,4819,1,9,47,57,1.1929824561403508,0.05837501102181511,617,He's a devil of a showoff AND we saw this episode last week.
1602,4819,0,11,46,57,1.1929824561403508,0.05273590328947571,617,I love how they’ve combined retro technology with a state-of-the-art trailer.
1961,4819,1,9,47,57,1.1929824561403508,0.05837501102181511,617,"I was a producer for the Kardashians, so I've kind of seen this one before."
3322,4819,2,7,48,57,1.1929824561403508,0.06351541803245206,617,It's not the heat or the frustration........it's the no cable.
3327,4819,1,9,47,57,1.1929824561403508,0.05837501102181511,617,I can't believe you had to leave the implants behind.
3337,4819,1,9,47,57,1.1929824561403508,0.05837501102181511,617,He’s trying to make hell more appealing by making it a Netflix series.
3345,4819,1,9,47,57,1.1929824561403508,0.05837501102181511,617,It’s the new Flame-grilled Buttery Jack Burger.
3361,4819,1,9,47,57,1.1929824561403508,0.05837501102181511,617,As visions of hell go this ain't so bad. Fire and brimstone on TV and everyone's naked.
3394,4819,1,9,47,57,1.1929824561403508,0.05837501102181511,617,"It’s Season 4, Episode 7, but it feels like a retell of Season 1 with a new cast and more social critique and brimstone."
3400,4819,1,9,47,57,1.1929824561403508,0.05837501102181511,617,The low-quality picture is insufferable.
3409,4819,2,7,48,57,1.1929824561403508,0.06351541803245206,617,"Is it hot in here, or is it just you?"
3452,4819,3,5,49,57,1.1929824561403508,0.06826986702694854,617,At least we know who was behind Betamax.
3487,4819,1,9,47,57,1.1929824561403508,0.05837501102181511,617,"It must be ""Breaking News""."
1921,4819,2,7,48,57,1.1929824561403508,0.06351541803245206,617,I mainly watch it for the commercials.
3537,4819,1,9,47,57,1.1929824561403508,0.05837501102181511,617,"""Hi, we are here for the ""Fire and Fury"" we keep hearing about on Fox""."
3542,4819,2,7,48,57,1.1929824561403508,0.06351541803245206,617,I'm feeling a draft. Do you think they can turn up the volume?
3553,4819,2,7,48,57,1.1929824561403508,0.06351541803245206,617,Next we are going to make you listen to Nickelback
3558,4819,2,7,48,57,1.1929824561403508,0.06351541803245206,617,The programming has improved. We used to have only reruns of the Golden Girls.
3565,4819,4,3,50,57,1.1929824561403508,0.07271410564613537,617,That's what passes for unscripted reality television down here.
3575,4819,1,9,47,57,1.1929824561403508,0.05837501102181511,617,Where's the heat?
3870,4819,3,5,49,57,1.1929824561403508,0.06826986702694854,617,I guess the punishment is an eternity of black-and-white TV with one channel and bad reception.
3835,4819,1,9,47,57,1.1929824561403508,0.05837501102181511,617,It gets worse - just wait till they turn on the smell-o-vision
3822,4819,3,5,49,57,1.1929824561403508,0.06826986702694854,617,These infomercials are really hell.
3773,4819,2,7,48,57,1.1929824561403508,0.06351541803245206,617,"With budget cuts looming, Satan decided to get creative."
3769,4819,2,7,48,57,1.1929824561403508,0.06351541803245206,617,"They were right. Endless reruns of ""Gilligan's Island"" IS pure hell."
3758,4819,2,7,48,57,1.1929824561403508,0.06351541803245206,617,Not having HD -- now that's real hell!
3293,4819,0,11,46,57,1.1929824561403508,0.05273590328947571,617,Is this all going to be reality TV?
3745,4819,3,5,49,57,1.1929824561403508,0.06826986702694854,617,I hope this ends better than the last time share group.
3730,4819,1,9,47,57,1.1929824561403508,0.05837501102181511,617,Amazing what gets a PG rating these days.
3715,4819,1,9,47,57,1.1929824561403508,0.05837501102181511,617,Nothing gut Geico commercials
3662,4819,3,5,49,57,1.1929824561403508,0.06826986702694854,617,"The reception is awful, but they said Comcast is too evil"
3659,4819,2,7,48,57,1.1929824561403508,0.06351541803245206,617,"Without real flames, the vibe is much more “purgatory” than “everlasting damnation.”"
3633,4819,4,3,50,57,1.1929824561403508,0.07271410564613537,617,I hope they add a Yule log for Christmas.
3582,4819,2,7,48,57,1.1929824561403508,0.06351541803245206,617,I never thought I’d miss the Yule Log channel.
3731,4819,2,7,48,57,1.1929824561403508,0.06351541803245206,617,"Yeah, its my second day of orientation. The trick is to really play it up. If he thinks you're not into it he'll bring you up front and make an example of you."
3274,4819,2,7,48,57,1.1929824561403508,0.06351541803245206,617,“This is not as hot as I thought it would be”.
3513,4819,0,11,46,57,1.1929824561403508,0.05273590328947571,617,The real torture is the cliffhanger ending.
3134,4819,1,9,47,57,1.1929824561403508,0.05837501102181511,617,Don't you sometimes wonder what genius decides what's shown on TV?
1963,4819,1,9,47,57,1.1929824561403508,0.05837501102181511,617,Global warming is costing him so much that the Devil had to slash his fuel bill here.
1975,4819,0,11,46,57,1.1929824561403508,0.05273590328947571,617,"At this point, I only really trust Flame News to tell it like it is."
2087,4819,1,9,47,57,1.1929824561403508,0.05837501102181511,617,I wondered what they did with the old glass tube TVs.
3264,4819,2,7,48,57,1.1929824561403508,0.06351541803245206,617,Now that's a warm reception.
2109,4819,2,7,48,57,1.1929824561403508,0.06351541803245206,617,Talk about primal—they still use a tube T.V.
2110,4819,1,9,47,57,1.1929824561403508,0.05837501102181511,617,Cheaper than gas.
2178,4819,1,9,47,57,1.1929824561403508,0.05837501102181511,617,"Where's my remote, Linda?"
2201,4819,2,7,48,57,1.1929824561403508,0.06351541803245206,617,"After the war with everyone, the Trump cabinet members, who did not make it out alive, watch the introductory ""guide"" to their new home."
2295,4819,1,9,47,57,1.1929824561403508,0.05837501102181511,617,I get the cutbacks on heating costs but come on - at least spring for a flat screen.
2306,4819,1,9,47,57,1.1929824561403508,0.05837501102181511,617,When did they start sending virgins here?
2398,4819,2,7,48,57,1.1929824561403508,0.06351541803245206,617,I hear in Heaven their 24/7 fire burning show has a Yule Log. Fancy.
2413,4819,2,7,48,57,1.1929824561403508,0.06351541803245206,617,"Don't worry, at 6 he plays reruns of Friends"
2436,4819,3,5,49,57,1.1929824561403508,0.06826986702694854,617,We've been stuck with the local channels ever since they cut the cord.
2479,4819,2,7,48,57,1.1929824561403508,0.06351541803245206,617,In heaven they're watching Britcoms.
2484,4819,3,5,49,57,1.1929824561403508,0.06826986702694854,617,Let's just change the channel.
2092,4819,1,9,47,57,1.1929824561403508,0.05837501102181511,617,"Yeah, no liquids allowed — not even jokes about water."
2489,4819,2,7,48,57,1.1929824561403508,0.06351541803245206,617,I'm glad I waited. This year's schlong-soul trade has even more enhancements and size.
2485,4819,1,9,47,57,1.1929824561403508,0.05837501102181511,617,I suffer just remembering my 65 inch high-res OLED smart TV.
3079,4819,2,7,48,57,1.1929824561403508,0.06351541803245206,617,"Yet another reality show,"
3022,4819,3,5,49,57,1.1929824561403508,0.06826986702694854,617,"This is the ""cooling off"" period."
2909,4819,1,9,47,57,1.1929824561403508,0.05837501102181511,617,Merry Christmas!
2845,4819,3,5,49,57,1.1929824561403508,0.06826986702694854,617,"They call it Reality TV, but in this case the joke is on them."
2810,4819,2,7,48,57,1.1929824561403508,0.06351541803245206,617,It's a CRT. That's hell for ya.
2789,4819,0,11,46,57,1.1929824561403508,0.05273590328947571,617,They went with the YouTube yule log after deciding the fires of hell were no longer sufficient punishment.
3023,4819,2,7,48,57,1.1929824561403508,0.06351541803245206,617,Spare the air days really put a damper on the fire and brimstone.
2740,4819,1,9,47,57,1.1929824561403508,0.05837501102181511,617,Not watching flat screen is worse than hell.
2728,4819,3,5,49,57,1.1929824561403508,0.06826986702694854,617,The only other channel is Milton Berle
2705,4819,1,9,47,57,1.1929824561403508,0.05837501102181511,617,Great thing about Hell. Yule Log 24/7.
2679,4819,1,9,47,57,1.1929824561403508,0.05837501102181511,617,Sorry. We ran out of room in main furnace.
2569,4819,0,11,46,57,1.1929824561403508,0.05273590328947571,617,"This season of Satan's Island is the hottest yet."" ""Yeah. It's interactive"
2750,4819,2,7,48,57,1.1929824561403508,0.06351541803245206,617,Are we the hosts or the guests?
2551,4819,2,7,48,57,1.1929824561403508,0.06351541803245206,617,It's due to climate change.
5552,5093,1,9,48,58,1.1896551724137931,0.05745613836035109,617,"I really, really wish they'd skip the preview, Isn't hell bad enough without advance notice?"
5469,5093,2,7,49,58,1.1896551724137931,0.06249934809931834,617,"Is this your first time here at Sandal's Fantasy Island for Nudists? I love the Retro, Bare-bones Underworld theme! Am I late for the Hot Yoga video?"
5343,5093,1,9,48,58,1.1896551724137931,0.05745613836035109,617,"Apparently, it's called ""Reality TV"" and we're supposed to enjoy it for some reason."
5326,5093,0,11,47,58,1.1896551724137931,0.05192539992843435,617,Tell him you love it even more than his installation with vintage radios.
4254,5093,2,7,49,58,1.1896551724137931,0.06249934809931834,617,No carbon emissions...
4269,5093,2,7,49,58,1.1896551724137931,0.06249934809931834,617,I actually kind of like the Yule Log channel.
4043,5093,2,7,49,58,1.1896551724137931,0.06249934809931834,617,"I'm confused; what did he mean it was time to watch ""The Price is Right."""
3968,5093,1,9,48,58,1.1896551724137931,0.05745613836035109,617,Looks like the revolution will be televised afterall!
5705,5093,2,7,49,58,1.1896551724137931,0.06249934809931834,617,I don't know - I expected more
4858,5093,1,9,48,58,1.1896551724137931,0.05745613836035109,617,Amazing this new DVR technology-looks like we really are in Hell.
5882,5093,1,9,48,58,1.1896551724137931,0.05745613836035109,617,I feel he's given us a very chilly reception.
6871,5093,1,9,48,58,1.1896551724137931,0.05745613836035109,617,What happens when a commercial comes on?
6499,5093,2,7,49,58,1.1896551724137931,0.06249934809931834,617,"You know, maybe the whole pivot-to-video isn't so bad."
6513,5093,2,7,49,58,1.1896551724137931,0.06249934809931834,617,VR is way more scary.
6548,5093,1,9,48,58,1.1896551724137931,0.05745613836035109,617,Time for the disorientation video.
6612,5093,1,9,48,58,1.1896551724137931,0.05745613836035109,617,I really hate the CGI. It's so unrealistic.
6636,5093,1,9,48,58,1.1896551724137931,0.05745613836035109,617,Why are we doing this again?
6734,5093,2,7,49,58,1.1896551724137931,0.06249934809931834,617,At least we had 4K at Burning Man.
7068,5093,1,9,48,58,1.1896551724137931,0.05745613836035109,617,What's harder: the crowd or the life they're living?
7215,5093,1,9,48,58,1.1896551724137931,0.05745613836035109,617,I guess thou shalt not splurge on the HD package
7819,5093,3,5,50,58,1.1896551724137931,0.06716494018753925,617,Yet another sequel.
7967,5093,3,5,50,58,1.1896551724137931,0.06716494018753925,617,"Yes, watching TV commercials really is Hell."
3586,5093,2,7,49,58,1.1896551724137931,0.06249934809931834,617,"Even in times like these, the Yule log never gets old"
6380,5093,2,7,49,58,1.1896551724137931,0.06249934809931834,617,I guess the reception isn't very good down here.
3572,5093,3,5,50,58,1.1896551724137931,0.06716494018753925,617,The fire channel gets the best reception. Weeping and nashing not so good.
5360,5093,3,5,50,58,1.1896551724137931,0.06716494018753925,617,I thought hell would include cable.
3477,5093,1,9,48,58,1.1896551724137931,0.05745613836035109,617,I think it would be more immersive on the big screen.
322,5093,2,7,49,58,1.1896551724137931,0.06249934809931834,617,"Well, at least they're not showing us non-stop Public Television pledge breaks, so it could be worse."
574,5093,2,7,49,58,1.1896551724137931,0.06249934809931834,617,He is trying to fix the aerial.
768,5093,3,5,50,58,1.1896551724137931,0.06716494018753925,617,This is the 7:06 showing of The Devil Wears Nothing At All.
786,5093,2,7,49,58,1.1896551724137931,0.06249934809931834,617,I ignore safety videos.
837,5093,3,5,50,58,1.1896551724137931,0.06716494018753925,617,"That's a vintage Model Y1908W and for the rest of eternity I will tell you about every tube, resistor and capacitor in it."
842,5093,1,9,48,58,1.1896551724137931,0.05745613836035109,617,The real hell is having to watch this in standard definition.
875,5093,1,9,48,58,1.1896551724137931,0.05745613836035109,617,"That thing doesn't even come with a remote control. No wonder they call this ""Hell."""
964,5093,2,7,49,58,1.1896551724137931,0.06249934809931834,617,This would look so much better in 4K HD.
1061,5093,3,5,50,58,1.1896551724137931,0.06716494018753925,617,This is great! They used to just have sock puppets.
1067,5093,3,5,50,58,1.1896551724137931,0.06716494018753925,617,"Who'd have thought that hell would be naked people preferring flames on a television, to sex?"
1230,5093,2,7,49,58,1.1896551724137931,0.06249934809931834,617,At least it’s on TV.
1565,5093,1,9,48,58,1.1896551724137931,0.05745613836035109,617,Kinda reminds me of Christmas.
1133,5093,2,7,49,58,1.1896551724137931,0.06249934809931834,617,I heard that the utility bill down here got really out of hand.
1948,5093,4,3,51,58,1.1896551724137931,0.07152684718308004,617,Give this show a chance- it's a slow burn.
3423,5093,2,7,49,58,1.1896551724137931,0.06249934809931834,617,"I don't care how often they broadcast it, I'm not signing up for cable!"
3199,5093,0,11,47,58,1.1896551724137931,0.05192539992843435,617,How do you like orientation so far?
3197,5093,0,11,47,58,1.1896551724137931,0.05192539992843435,617,Repeat.
1941,5093,1,9,48,58,1.1896551724137931,0.05745613836035109,617,Everything's CGI these days.
2350,5093,1,9,48,58,1.1896551724137931,0.05745613836035109,617,In Heaven the swingers party's don't even have digital fireplaces.
2360,5093,2,7,49,58,1.1896551724137931,0.06249934809931834,617,"For REAL fire and brimstone, you need more than rabbit ears!"
2324,5093,2,7,49,58,1.1896551724137931,0.06249934809931834,617,If it's all TV all the time it can't be that bad!
2308,5093,1,9,48,58,1.1896551724137931,0.05745613836035109,617,Season 1 was a lot more plot-foward.
3480,5093,2,7,49,58,1.1896551724137931,0.06249934809931834,617,"We've all pitched better ideas, but down here they refuse to separate the art from the artist."
2257,5093,2,7,49,58,1.1896551724137931,0.06249934809931834,617,The gas bill was getting too high.
2328,5093,2,7,49,58,1.1896551724137931,0.06249934809931834,617,This is what a we get for not voting - but it looks like those who did vote for our new POTUS fared even worse - bigly!
3123,5145,1,9,49,59,1.1864406779661016,0.0565653202898158,617,"On the plus side, the occasional snow is actually a relief."
5729,5145,1,9,49,59,1.1864406779661016,0.0565653202898158,617,"Hi! Welcome to the 24/7 reruns of “Bewitched”, “Mr. Ed”, and “My Favorite Martian”."
5695,5145,2,7,50,59,1.1864406779661016,0.061514949365445624,617,Well at least the reception is really good...
3515,5145,1,9,49,59,1.1864406779661016,0.0565653202898158,617,No smart TV! Hell is going to be much worse than I ever imagined.
1728,5145,3,5,51,59,1.1864406779661016,0.0660949508765778,617,I hear in Purgatory they make you watch CNN. In the seventh circle they make you watch CNN.
2414,5145,1,9,49,59,1.1864406779661016,0.0565653202898158,617,"Sure, the show's pretty good, but the ending stinks."
921,5145,0,11,48,59,1.1864406779661016,0.051138849454651934,617,"Well, at least we got second row."
554,5145,1,9,49,59,1.1864406779661016,0.0565653202898158,617,"After a lifetime of high def cable TV, watching this truly is Hell."
321,5145,1,9,49,59,1.1864406779661016,0.0565653202898158,617,I can't believe he doesn't have cable.
160,5145,3,5,51,59,1.1864406779661016,0.0660949508765778,617,Painfully boring - much more effective then real fire. Don't you agree?
148,5145,2,7,50,59,1.1864406779661016,0.061514949365445624,617,"""We should have chosen the deep blue sea""."
1182,5145,1,9,49,59,1.1864406779661016,0.0565653202898158,617,One advantage with State TV is that you can't tell where the show stops and the commercials begin.
6652,5157,1,8,45,54,1.1851851851851851,0.05954682150320808,617,Why do you always drag me below 14th street?
7043,5157,1,8,45,54,1.1851851851851851,0.05954682150320808,617,Budget cuts I think. Gas prices are too high.
6443,5159,1,9,50,60,1.1833333333333333,0.05570131537800454,617,I'm so glad I told all those people to go to hell.
5271,5160,4,2,49,55,1.1818181818181819,0.07381343800583884,617,Cheer up...the next level of Hell has to watch a burning Yule log.
5269,5160,1,8,46,55,1.1818181818181819,0.05855101715632098,617,"I'm taking door number one, how about you?"
5267,5160,1,8,46,55,1.1818181818181819,0.05855101715632098,617,I thin we're safe if the rest of the world is coming to an end.
5044,5160,2,6,47,55,1.1818181818181819,0.06404390902685803,617,Bunny ears? I figured there'd only be Verizon down here.
4675,5160,2,6,47,55,1.1818181818181819,0.06404390902685803,617,"Beezelbub says the silver package is for 1 week in Hell and another week at one of their sixty partner destinations. We can afford it, AND the benefits are fully transferable."
4913,5160,1,8,46,55,1.1818181818181819,0.05855101715632098,617,If I knew I'd be doomed to watching music videos for eternity I would have behaved better.
4688,5160,0,10,45,55,1.1818181818181819,0.05248638810814781,617,He said Saturday Night barbecue is still casual
5346,5160,0,10,45,55,1.1818181818181819,0.05248638810814781,617,You have thirty seconds to pick a leaf.
4668,5160,0,10,45,55,1.1818181818181819,0.05248638810814781,617,"No, you can't change the channel, this is Hell."
4623,5160,1,8,46,55,1.1818181818181819,0.05855101715632098,617,"This is worse than I thought, no cable."
4975,5160,2,6,47,55,1.1818181818181819,0.06404390902685803,617,and here is where we do the daily session of infernal yoga...
5418,5160,1,8,46,55,1.1818181818181819,0.05855101715632098,617,"This is a preview of the coming ""Fire and brimstone"
5566,5160,1,8,46,55,1.1818181818181819,0.05855101715632098,617,"I'm sure it's just all 'fake news,' fabricated by the last administration for political purposes."
5514,5160,2,6,47,55,1.1818181818181819,0.06404390902685803,617,It’s the only channel...
5564,5160,3,4,48,55,1.1818181818181819,0.06910154091509929,617,"I know the devil's pleased, but this 'Fire and Fury' show looks pretty bad. I suspect the ratings will be pretty low by 2020."
5616,5160,1,8,46,55,1.1818181818181819,0.05855101715632098,617,Who knew Hell would be nothing more than watching a corporate orientation video on an endless loop?
5625,5160,1,8,46,55,1.1818181818181819,0.05855101715632098,617,"""Roseanne"" reruns, 24/7."
5677,5160,0,10,45,55,1.1818181818181819,0.05248638810814781,617,I guess nobody told the saitainists that Tuesdays at six was for the nudest colony meetup.
5713,5160,3,4,48,55,1.1818181818181819,0.06910154091509929,617,"It's too late for us to be watching ""Survivor""."
5757,5160,2,6,47,55,1.1818181818181819,0.06404390902685803,617,'This is taking reality TV to far!'
5777,5160,2,6,47,55,1.1818181818181819,0.06404390902685803,617,So much for reality television!
5781,5160,3,4,48,55,1.1818181818181819,0.06910154091509929,617,It's the local access channel.
5802,5160,0,10,45,55,1.1818181818181819,0.05248638810814781,617,We're waiting to see who gets fired_LARGEST AUDENCE EVER!
4591,5160,0,10,45,55,1.1818181818181819,0.05248638810814781,617,"I knew I was right, Hell is watching reruns on low-def tv."
5424,5160,1,8,46,55,1.1818181818181819,0.05855101715632098,617,Be glad it isn't virtual reality
4584,5160,2,6,47,55,1.1818181818181819,0.06404390902685803,617,This virtual reality orgy isn't like what I imagined.
4100,5160,1,8,46,55,1.1818181818181819,0.05855101715632098,617,"The reception is terrible down here, and there's only two channels--""Lava Lamp"" and FOX News. It's hell!"
4541,5160,1,8,46,55,1.1818181818181819,0.05855101715632098,617,You'd think the tech would be upgraded in The Piracy and Adultery Wing.
3972,5160,2,6,47,55,1.1818181818181819,0.06404390902685803,617,We're reducing carbon emissions this week!
3985,5160,0,10,45,55,1.1818181818181819,0.05248638810814781,617,Another rerun of The Real Housewives of Hell?
4008,5160,1,8,46,55,1.1818181818181819,0.05855101715632098,617,And you get 24-hour brimstone tv. It’s free if you take the package with political ads
4011,5160,1,8,46,55,1.1818181818181819,0.05855101715632098,617,Now our dress code just feels awkward.
4012,5160,1,8,46,55,1.1818181818181819,0.05855101715632098,617,Beats FOX news. I hear that’s all they show on level nine
4038,5160,1,8,46,55,1.1818181818181819,0.05855101715632098,617,Who needs three rabbit ears? The minimalist two-eared devil comes complete with built-in inferno flames.
5824,5160,0,10,45,55,1.1818181818181819,0.05248638810814781,617,We're going tech down here. . .next eon we're getting high def and laptops.
4117,5160,3,4,48,55,1.1818181818181819,0.06910154091509929,617,It’s ‘THE LUCIFER LUNCH HOUR’ featuring how to dessert Baked Alaska.
4187,5160,2,6,47,55,1.1818181818181819,0.06404390902685803,617,“Netflix and Chill” has an entirely different meaning down here.
4198,5160,2,6,47,55,1.1818181818181819,0.06404390902685803,617,"""Oh . . . you're new here. It's the dystopian film of Bradbury's 451 Fahrenheit. We're forced to watch it standing buck naked for eternity. It's sheer Hell!"
4215,5160,2,6,47,55,1.1818181818181819,0.06404390902685803,617,I hear they’ve been making some budget cuts.
4555,5160,2,6,47,55,1.1818181818181819,0.06404390902685803,617,No Wi-Fi? HBO? Only analog broadcast TV? This place is as awful as they say.
4216,5160,1,8,46,55,1.1818181818181819,0.05855101715632098,617,"Soon you will begin to feel the effects of the refrigeration system, and a loop of carols will begin to play on this speaker. Merry Christmas, for all eternity!"
4231,5160,1,8,46,55,1.1818181818181819,0.05855101715632098,617,I heard that whole flame and agony thing in the Hades video is fake news.
4232,5160,1,8,46,55,1.1818181818181819,0.05855101715632098,617,I've heard they are trying to cut down on their carbon footprint.
4282,5160,1,8,46,55,1.1818181818181819,0.05855101715632098,617,"As a matter of fact, I don't mind at all the latest cuts."
4301,5160,0,10,45,55,1.1818181818181819,0.05248638810814781,617,It’s worse than I thought....this gets only the Fox channel all day long
4369,5160,1,8,46,55,1.1818181818181819,0.05855101715632098,617,The only network show he allows is Lucifer!
4429,5160,2,6,47,55,1.1818181818181819,0.06404390902685803,617,I really don’t mind the heat. But the picture quality on that old bunny-eared TV is what truly makes it feel like Hell.
4431,5160,1,8,46,55,1.1818181818181819,0.05855101715632098,617,"That cartoon is from the 1950's, when TVs were small boxes without color. Nowadays, the fire would be broadcast via the internet to google glasses."
4432,5160,1,8,46,55,1.1818181818181819,0.05855101715632098,617,"The Fireplace Channel is the only channel, but at least it's commercial free."
4475,5160,1,8,46,55,1.1818181818181819,0.05855101715632098,617,Hell's so yesterday. I thought they'd at least have a flat-screen TV!
4514,5160,1,8,46,55,1.1818181818181819,0.05855101715632098,617,"Due to budget cuts, this looped program is all you get until global warming is complete."
4530,5160,1,8,46,55,1.1818181818181819,0.05855101715632098,617,I hear that next year they're getting hi-def.
4224,5160,1,8,46,55,1.1818181818181819,0.05855101715632098,617,It's a continuous loop of 2016 Presidential campaign ads -- pure hell!
5887,5160,2,6,47,55,1.1818181818181819,0.06404390902685803,617,It goes on way too long.
6434,5160,3,4,48,55,1.1818181818181819,0.06910154091509929,617,Little do they know that I love being nude. This is my heaven!
5945,5160,1,8,46,55,1.1818181818181819,0.05855101715632098,617,"After ""Handmaid's Tale"" fire and brimstone is just another boring hellscape."
6888,5160,1,8,46,55,1.1818181818181819,0.05855101715632098,617,Luke's work has become more conceptual since he got back from that nudist colony on Mars.
6964,5160,2,6,47,55,1.1818181818181819,0.06404390902685803,617,And I thought the Shopping Channel was hellish.
7172,5160,2,6,47,55,1.1818181818181819,0.06404390902685803,617,I would have been good had I known that Hell only had black and white TV.
7282,5160,1,8,46,55,1.1818181818181819,0.05855101715632098,617,Warming? That's fake news.
7285,5160,1,8,46,55,1.1818181818181819,0.05855101715632098,617,Time to meet your maker.
7336,5160,1,8,46,55,1.1818181818181819,0.05855101715632098,617,Every one knows he only uses Twitter.
7398,5160,0,10,45,55,1.1818181818181819,0.05248638810814781,617,"Actually, it's awful. Now that we've seen two episodes, that guy is going to tell us a whole bunch of spoilers."
7405,5160,1,8,46,55,1.1818181818181819,0.05855101715632098,617,The commercials are the real torture.
7468,5160,1,8,46,55,1.1818181818181819,0.05855101715632098,617,It's a Rorschach test pattern. Try to see dripping water instead of sulphurous flames.
7476,5160,2,6,47,55,1.1818181818181819,0.06404390902685803,617,It's a lot cooler than the real Fires of Hell.
7510,5160,2,6,47,55,1.1818181818181819,0.06404390902685803,617,Awesome! I didn't think I'd enjoy anything here. This reminds me of home. It's state run tv with a single message.. and it's analog!
6848,5160,2,6,47,55,1.1818181818181819,0.06404390902685803,617,"He is saying, ""you will be permitted one selfie before proceeding to your final destination""."
7519,5160,1,8,46,55,1.1818181818181819,0.05855101715632098,617,"I guess its ""Spare the Air"" day"
7664,5160,0,10,45,55,1.1818181818181819,0.05248638810814781,617,"It's like torture, watching these old CRT televisions."
7672,5160,2,6,47,55,1.1818181818181819,0.06404390902685803,617,"If figures, orientation to hell is 3 hours of experimental films compiled by first year NYU film students!"
7726,5160,2,6,47,55,1.1818181818181819,0.06404390902685803,617,And I thought Hell was supposed to be interesting.
7806,5160,2,6,47,55,1.1818181818181819,0.06404390902685803,617,This season is really starting to heat up.
7839,5160,2,6,47,55,1.1818181818181819,0.06404390902685803,617,"More like Hell-evision, am I right?"
7971,5160,1,8,46,55,1.1818181818181819,0.05855101715632098,617,Oh my God! Hell is having NO CABLE!
8035,5160,2,6,47,55,1.1818181818181819,0.06404390902685803,617,All of this reminds me of the last time I had ribs.
8041,5160,1,8,46,55,1.1818181818181819,0.05855101715632098,617,Maybe it's going to be virtual
8060,5160,1,8,46,55,1.1818181818181819,0.05855101715632098,617,I heard they’re calling it Hell-Def TV.
8067,5160,1,8,46,55,1.1818181818181819,0.05855101715632098,617,"God has a rule ... Hell can't receive TV shows or movies until twenty-plus years after their release. 'Big D' just announced tonight's new shows are ""The Naked City"" and ""The Naked and the Dead""."
8137,5160,2,6,47,55,1.1818181818181819,0.06404390902685803,617,It's just so hard to keep up every week
7557,5160,2,6,47,55,1.1818181818181819,0.06404390902685803,617,"Is it warm in here, or is it just me?"
6772,5160,2,6,47,55,1.1818181818181819,0.06404390902685803,617,Will I be able to follow this? I'm a full season behind.
6758,5160,1,8,46,55,1.1818181818181819,0.05855101715632098,617,Lucky for us Hell has adapted to virtual reality.
6746,5160,1,8,46,55,1.1818181818181819,0.05855101715632098,617,"Always so obvious when it is fake news, don’t you agree?"
5948,5160,1,8,46,55,1.1818181818181819,0.05855101715632098,617,The weatherman was serious when he said it would be a hot summer.
5989,5160,2,6,47,55,1.1818181818181819,0.06404390902685803,617,"Is ""Judge Judy"" on yet?"
5991,5160,2,6,47,55,1.1818181818181819,0.06404390902685803,617,I’m cold.
6037,5160,2,6,47,55,1.1818181818181819,0.06404390902685803,617,"Oh, Jeez!! That's my Mom & Dad's old TV!!"
6068,5160,2,6,47,55,1.1818181818181819,0.06404390902685803,617,President Trump Show is on again!
6081,5160,2,6,47,55,1.1818181818181819,0.06404390902685803,617,"Watch it if you want, Dear. I just find the shows this season to be too predictable."
6084,5160,0,10,45,55,1.1818181818181819,0.05248638810814781,617,Watching the news should help numb the suffering.
6101,5160,2,6,47,55,1.1818181818181819,0.06404390902685803,617,There are times when you want a real one.
6129,5160,1,8,46,55,1.1818181818181819,0.05855101715632098,617,I think this is just a promotional announcement to let us know what hell is like.
6201,5160,1,8,46,55,1.1818181818181819,0.05855101715632098,617,It's the only channel you can get here.
6280,5160,2,6,47,55,1.1818181818181819,0.06404390902685803,617,I'm glad for my life of sin if the only difference is this versus a fancy flat screen.
6287,5160,2,6,47,55,1.1818181818181819,0.06404390902685803,617,But it's a dry heat.
6290,5160,1,8,46,55,1.1818181818181819,0.05855101715632098,617,They made us all write in to keep it from being cancelled.
6366,5160,2,6,47,55,1.1818181818181819,0.06404390902685803,617,The only reason I cane was to avoid the continuous Christmas Yule Log shoe . . .and now this.
6367,5160,1,8,46,55,1.1818181818181819,0.05855101715632098,617,I hear they brought in a consultant. His side of the pact was to minimize energy costs while maximizing everlasting torment.
6384,5160,1,8,46,55,1.1818181818181819,0.05855101715632098,617,I knew it - never anything cool on TV...
6389,5160,1,8,46,55,1.1818181818181819,0.05855101715632098,617,Even Lucifer has his own network.
6432,5160,1,8,46,55,1.1818181818181819,0.05855101715632098,617,"Your smuggled phone, my Netflix password. Sounds like heaven."
3937,5160,1,8,46,55,1.1818181818181819,0.05855101715632098,617,"Yeah there is only one TV station here, but the fact that Satan forgot we all were nudists before we came here anyway, is really terrific!"
6549,5160,1,8,46,55,1.1818181818181819,0.05855101715632098,617,"Yes, we are really in hell. No cable."
6582,5160,0,10,45,55,1.1818181818181819,0.05248638810814781,617,"Shit, this really as good as it gets"
6603,5160,1,8,46,55,1.1818181818181819,0.05855101715632098,617,"It really is hell down here. We were all big television watchers. Satan won't allow cable, just rabbit ears. We can't watch any of the cool new shows."
6651,5160,2,6,47,55,1.1818181818181819,0.06404390902685803,617,Do you think he will let us watch The Real Housewives next?
6668,5160,0,10,45,55,1.1818181818181819,0.05248638810814781,617,He’s one of those directors who demands a lot from his audience.
6743,5160,0,10,45,55,1.1818181818181819,0.05248638810814781,617,They've got an HD flat screen upstairs.
5939,5160,2,6,47,55,1.1818181818181819,0.06404390902685803,617,It's pointless and never ends. It's like Gilligan's Island from hell.
3905,5160,2,6,47,55,1.1818181818181819,0.06404390902685803,617,These budget cuts might not turn out so bad after all.
5972,5160,2,6,47,55,1.1818181818181819,0.06404390902685803,617,Did you remember to bring the fire extinguisher ?
3681,5160,1,8,46,55,1.1818181818181819,0.05855101715632098,617,"With this turnout, shouldn't we expect cable TV?"
1096,5160,1,8,46,55,1.1818181818181819,0.05855101715632098,617,Come here often ?
1111,5160,2,6,47,55,1.1818181818181819,0.06404390902685803,617,This is just the orientation session to acclimate us to the coming heat.
1143,5160,0,10,45,55,1.1818181818181819,0.05248638810814781,617,"Welcome to hell, this is your icebreaker."
1148,5160,2,6,47,55,1.1818181818181819,0.06404390902685803,617,I'm beginning to regret the Mexican that we had last night.
1152,5160,1,8,46,55,1.1818181818181819,0.05855101715632098,617,The reception down here is just terrible. But it's to be expected.
1216,5160,3,4,48,55,1.1818181818181819,0.06910154091509929,617,"Spoiler Alert, this is a rerun of Yule Log 1964."
1273,5160,1,8,46,55,1.1818181818181819,0.05855101715632098,617,Expect a heavy dose of cooking shows.
1326,5160,1,8,46,55,1.1818181818181819,0.05855101715632098,617,At least they kept the brimstone.
1423,5160,0,10,45,55,1.1818181818181819,0.05248638810814781,617,This is the worst thing about Hell. No cable and only local reception.
1452,5160,1,8,46,55,1.1818181818181819,0.05855101715632098,617,If they save enough on heat bills they’re going to upgrade to 4K.
1479,5160,2,6,47,55,1.1818181818181819,0.06404390902685803,617,Hell for technophiles.
1087,5160,1,8,46,55,1.1818181818181819,0.05855101715632098,617,Same time tomorrow for our dress rehearsal.
1491,5160,1,8,46,55,1.1818181818181819,0.05855101715632098,617,I really wish he'd pick a channel without politics.
1560,5160,3,4,48,55,1.1818181818181819,0.06910154091509929,617,Hell is other people
1568,5160,2,6,47,55,1.1818181818181819,0.06404390902685803,617,The first rule of hell: disregard all modesty.
1690,5160,2,6,47,55,1.1818181818181819,0.06404390902685803,617,This really is hell. One station only on a T.V. from the '60's.
1691,5160,2,6,47,55,1.1818181818181819,0.06404390902685803,617,"It's not as hot here, now that they have downsized their operation"
1696,5160,1,8,46,55,1.1818181818181819,0.05855101715632098,617,We’re gonna wait forever for this conclusion.
1715,5160,1,8,46,55,1.1818181818181819,0.05855101715632098,617,I love these virtual-reality shows.
1723,5160,1,8,46,55,1.1818181818181819,0.05855101715632098,617,"Don't worry, this part is just a formality. The orgy is coming right after this."
1742,5160,2,6,47,55,1.1818181818181819,0.06404390902685803,617,Looks familiar ... I think it's a rerun.
1779,5160,2,6,47,55,1.1818181818181819,0.06404390902685803,617,"I know it's not what you were expecting, but the Park Service says absolutely no open flames during the drought."
1789,5160,1,8,46,55,1.1818181818181819,0.05855101715632098,617,What in Hell is this? The welcome reception?
1844,5160,1,8,46,55,1.1818181818181819,0.05855101715632098,617,Shush! No spoilers!
1518,5160,1,8,46,55,1.1818181818181819,0.05855101715632098,617,You expected cable in Hell?
1084,5160,2,6,47,55,1.1818181818181819,0.06404390902685803,617,"Thanks, Satan! First global warming, now this?"
989,5160,1,8,46,55,1.1818181818181819,0.05855101715632098,617,We're in Hell. That's Limbo.
980,5160,1,8,46,55,1.1818181818181819,0.05855101715632098,617,"I know it's a rerun again, but eternal fire is just not as bad as I imagined."
3826,5160,2,6,47,55,1.1818181818181819,0.06404390902685803,617,"We report, you decide!!!"
54,5160,2,6,47,55,1.1818181818181819,0.06404390902685803,617,It could be worse. He might have put on Roseanne...
63,5160,1,8,46,55,1.1818181818181819,0.05855101715632098,617,They changed the TV picture from analog to high damnation.
107,5160,2,6,47,55,1.1818181818181819,0.06404390902685803,617,OSHA has a lot of sway down here.
123,5160,1,8,46,55,1.1818181818181819,0.05855101715632098,617,"As if we weren't suffering enough, they've replaced HBO with Starz."
144,5160,2,6,47,55,1.1818181818181819,0.06404390902685803,617,"I knew this would be tough-no, clothes, no HD, on and on."
161,5160,4,2,49,55,1.1818181818181819,0.07381343800583884,617,It only gets Fox News. We all blame Obama. I'm Andy. You're for me. Welcome to hell.
268,5160,2,6,47,55,1.1818181818181819,0.06404390902685803,617,This is definitely the hottest show of the new season!
294,5160,2,6,47,55,1.1818181818181819,0.06404390902685803,617,He's getting amazing reception with those rabbit ears.
306,5160,1,8,46,55,1.1818181818181819,0.05855101715632098,617,Reality TV was more hellish up there.
360,5160,1,8,46,55,1.1818181818181819,0.05855101715632098,617,"Boy, these videos are hot."
372,5160,1,8,46,55,1.1818181818181819,0.05855101715632098,617,"I always felt the live shows always had a little extra sizzle to them, personally."
415,5160,1,8,46,55,1.1818181818181819,0.05855101715632098,617,So glad I don't live in California.
461,5160,0,10,45,55,1.1818181818181819,0.05248638810814781,617,"In spite of all the hype, I think this season’s Hell will be more of the same."
480,5160,3,4,48,55,1.1818181818181819,0.06910154091509929,617,I love the Coming Attractions
510,5160,0,10,45,55,1.1818181818181819,0.05248638810814781,617,Having to watch previews on CRTs are Hell...
586,5160,1,8,46,55,1.1818181818181819,0.05855101715632098,617,"You may be in hell, but I'm in heaven."
625,5160,1,8,46,55,1.1818181818181819,0.05855101715632098,617,I like to keep up with current events.
734,5160,1,8,46,55,1.1818181818181819,0.05855101715632098,617,"I can see you're cold, too."
770,5160,1,8,46,55,1.1818181818181819,0.05855101715632098,617,"I don't understand why he still pays for cable, streaming is the future"
793,5160,2,6,47,55,1.1818181818181819,0.06404390902685803,617,Because it's only one channel.
797,5160,2,6,47,55,1.1818181818181819,0.06404390902685803,617,See? I told you global warming wasn't a real thing.
827,5160,1,8,46,55,1.1818181818181819,0.05855101715632098,617,"Think this is bad, the Lake of Fire swim meet starts after this program."
854,5160,1,8,46,55,1.1818181818181819,0.05855101715632098,617,Ugh. No cable.
861,5160,2,6,47,55,1.1818181818181819,0.06404390902685803,617,These never-ending tutorials are a real pain!
1857,5160,2,6,47,55,1.1818181818181819,0.06404390902685803,617,Damned budget cuts.
2026,5160,2,6,47,55,1.1818181818181819,0.06404390902685803,617,"If you think this new programming line-up is bad, wait until you see the commercials."
1713,5160,2,6,47,55,1.1818181818181819,0.06404390902685803,617,No flat screen TVs. This really is hell.
2034,5160,2,6,47,55,1.1818181818181819,0.06404390902685803,617,How do you like this must see tv?
3057,5160,4,2,49,55,1.1818181818181819,0.07381343800583884,617,"No, that's a stalactite. Stalagmites build from the ground up."
3094,5160,2,6,47,55,1.1818181818181819,0.06404390902685803,617,More lies from the FAKE NEWS media!
3096,5160,2,6,47,55,1.1818181818181819,0.06404390902685803,617,"What the hell, there is no lustful episode in the MeToo version of ""Game of Thrones""."
3151,5160,2,6,47,55,1.1818181818181819,0.06404390902685803,617,Hell now only exists as a sit-com.
3170,5160,1,8,46,55,1.1818181818181819,0.05855101715632098,617,So hell is where there is no place to hide the dialer ?
2031,5160,2,6,47,55,1.1818181818181819,0.06404390902685803,617,"Are you tired of watching reruns of ""Paradise Lost"" too?"
3204,5160,2,6,47,55,1.1818181818181819,0.06404390902685803,617,"Well according to the big guy upstairs, all the electrical engineers since the 70s just happened to have good souls"
3215,5160,1,8,46,55,1.1818181818181819,0.05855101715632098,617,Amazing how well a rabbit ear TV can capture a stare-quality flame.
3233,5160,1,8,46,55,1.1818181818181819,0.05855101715632098,617,"A preview of hell, just for you."
3260,5160,1,8,46,55,1.1818181818181819,0.05855101715632098,617,So this is what it means to rot in hell!
3273,5160,1,8,46,55,1.1818181818181819,0.05855101715632098,617,This new show is really hot.
3325,5160,0,10,45,55,1.1818181818181819,0.05248638810814781,617,How long is this commercial?
3355,5160,1,8,46,55,1.1818181818181819,0.05855101715632098,617,It's the Kardashian Cooking Network.
3360,5160,2,6,47,55,1.1818181818181819,0.06404390902685803,617,I miss my big flat screen already.
3371,5160,1,8,46,55,1.1818181818181819,0.05855101715632098,617,"Call me an optimist, but the reception is surprisingly good and I still say eternal fire beats when it was commercials from the last half of SNL."
3420,5160,0,10,45,55,1.1818181818181819,0.05248638810814781,617,This is just orientation. We don't get to eternal fire and brimstone until after Q&A.
3463,5160,2,6,47,55,1.1818181818181819,0.06404390902685803,617,Cooler with showers today.
3468,5160,1,8,46,55,1.1818181818181819,0.05855101715632098,617,What other information do we really need?
3485,5160,2,6,47,55,1.1818181818181819,0.06404390902685803,617,"On the other hand, there are far fewer leaks."
3504,5160,1,8,46,55,1.1818181818181819,0.05855101715632098,617,"If only we had a dvr, we could skip these interminable commercials."
3517,5160,1,8,46,55,1.1818181818181819,0.05855101715632098,617,I’d rather find a place on HGTV.
3527,5160,2,6,47,55,1.1818181818181819,0.06404390902685803,617,This show has gone up in flames since season 2016.
3538,5160,2,6,47,55,1.1818181818181819,0.06404390902685803,617,Well it's better than having to watch 'The Gong Show' reruns through eternity.
3543,5160,1,8,46,55,1.1818181818181819,0.05855101715632098,617,I used to watch this my mother
3583,5160,1,8,46,55,1.1818181818181819,0.05855101715632098,617,there'll be a short introduction video before I take you to a hell of a place
2985,5160,0,10,45,55,1.1818181818181819,0.05248638810814781,617,"I get it... when your polemics become paliatives, your perogotives get placebos. And you're standing on my foot."
2968,5160,0,10,45,55,1.1818181818181819,0.05248638810814781,617,"Mine's an eighty inch 4k. Hi, I'm Darryl, you come here often?"
3200,5160,1,8,46,55,1.1818181818181819,0.05855101715632098,617,They don’t have Ultra HD? This is going to be hell!
2876,5160,2,6,47,55,1.1818181818181819,0.06404390902685803,617,They're working on a buy-out option if you want to unsubscribe.
2091,5160,2,6,47,55,1.1818181818181819,0.06404390902685803,617,"He calls it the ‘tinder box’, possibly ironically."
2111,5160,1,8,46,55,1.1818181818181819,0.05855101715632098,617,It seems they've streamlined their soul-rotting process.
2139,5160,2,6,47,55,1.1818181818181819,0.06404390902685803,617,Want go to my place and binge watch season 666 with me ?
2920,5160,0,10,45,55,1.1818181818181819,0.05248638810814781,617,I hear they renewed it for a 129th season.
2168,5160,1,8,46,55,1.1818181818181819,0.05855101715632098,617,"Heck, this is like a day at the Beach and we don't even need Sunscreen!"
2175,5160,4,2,49,55,1.1818181818181819,0.07381343800583884,617,"I saw this same image in the Terminator movie, minus the naked dead people."
2234,5160,2,6,47,55,1.1818181818181819,0.06404390902685803,617,The reception down here is terrible.
2287,5160,1,8,46,55,1.1818181818181819,0.05855101715632098,617,This is the weirdest episode of Frazier yet.
2300,5160,2,6,47,55,1.1818181818181819,0.06404390902685803,617,"I'd rather have God annihilate me than sit through yet another marathon of ""Weeping and Gnashing of Teeth""!"
2387,5160,0,10,45,55,1.1818181818181819,0.05248638810814781,617,Just wait until we get this in virtual reality
2389,5160,2,6,47,55,1.1818181818181819,0.06404390902685803,617,They've already announced a second eon.
2475,5160,3,4,48,55,1.1818181818181819,0.06910154091509929,617,"- It’s worst than I thought, they don’t even have flat screens!"
2162,5160,1,8,46,55,1.1818181818181819,0.05855101715632098,617,I’m not at all surprised they have dial-up connectivity down here.
2616,5160,0,10,45,55,1.1818181818181819,0.05248638810814781,617,NSFW
2562,5160,1,8,46,55,1.1818181818181819,0.05855101715632098,617,"Next, we’ll watch all 172 episodes of “Three’s Company.” Enjoy."
2871,5160,2,6,47,55,1.1818181818181819,0.06404390902685803,617,"That's the trouble with those ""fire and brimstone TV-evangelists --- they never mention that the fire is only to get rid of our old rags and clothes."
2865,5160,1,8,46,55,1.1818181818181819,0.05855101715632098,617,"Golly, Eve, good thing you didn't eat that apple."
2779,5160,2,6,47,55,1.1818181818181819,0.06404390902685803,617,His latest Reality TV.
2742,5160,2,6,47,55,1.1818181818181819,0.06404390902685803,617,Fake news is everywhere and the ratings are hot!
2813,5160,1,8,46,55,1.1818181818181819,0.05855101715632098,617,They are rebooting hell on Earth
2714,5160,2,6,47,55,1.1818181818181819,0.06404390902685803,617,This low quality picture is torture
2713,5160,2,6,47,55,1.1818181818181819,0.06404390902685803,617,"I know, this doesn't seem so bad. But the commercials are hell!"
2667,5160,1,8,46,55,1.1818181818181819,0.05855101715632098,617,24 hours a day repeats of Gordon Ramsay..... now THAT is purgatory!
2647,5160,2,6,47,55,1.1818181818181819,0.06404390902685803,617,"No, not again, the Drumpf Show!!"
2718,5160,2,6,47,55,1.1818181818181819,0.06404390902685803,617,"Well, it's no Woodstock."
4381,5384,1,8,47,56,1.1785714285714286,0.057587555344989626,617,I think I could bear it if it was in hi def.
5966,5384,1,8,47,56,1.1785714285714286,0.057587555344989626,617,You will be drenched in red paint so you don't appear to be naked.
4430,5384,0,10,46,56,1.1785714285714286,0.05164277182008721,617,"He snorted an emphatic ""hell no!"" when I asked him about Netflix, so I guess this is as good as it's going to get."
4489,5384,2,6,48,56,1.1785714285714286,0.06297362289056342,617,Do you think he'll ever change the damned channel?
5289,5384,1,8,47,56,1.1785714285714286,0.057587555344989626,617,Fuck. I knew it. Only PBS.
5471,5384,0,10,46,56,1.1785714285714286,0.05164277182008721,617,He just ordered a flaming new cable package!
5834,5384,1,8,47,56,1.1785714285714286,0.057587555344989626,617,The hell of it is ...it's always a repeat!!!
5974,5384,0,10,46,56,1.1785714285714286,0.05164277182008721,617,Lucifer’s on!
7368,5384,2,6,48,56,1.1785714285714286,0.06297362289056342,617,I think I look pretty hot!
6322,5384,0,10,46,56,1.1785714285714286,0.05164277182008721,617,I was already warned about this in high school from my mom.
6359,5384,1,8,47,56,1.1785714285714286,0.057587555344989626,617,You'd think a TV would be more static in eternal damnation.
6529,5384,1,8,47,56,1.1785714285714286,0.057587555344989626,617,It's just more fake news.
7588,5384,0,10,46,56,1.1785714285714286,0.05164277182008721,617,The Fires of Hell went analog when propane topped $3 a gallon.
7782,5384,2,6,48,56,1.1785714285714286,0.06297362289056342,617,Rabbit ears? I expected cable down here.
7987,5384,2,6,48,56,1.1785714285714286,0.06297362289056342,617,One channel is what makes it Hell.
8112,5384,1,8,47,56,1.1785714285714286,0.057587555344989626,617,Hedonism with cable TV!” he promised. Now what?
4139,5384,0,10,46,56,1.1785714285714286,0.05164277182008721,617,Whoever volunteers to be incinerated first will have the pleasure of not being live-streamed in front of all of Hell. Any takers?
5998,5384,3,4,49,56,1.1785714285714286,0.0679339961235429,617,Trust me. It's better down here. That's reality television.
4070,5384,1,8,47,56,1.1785714285714286,0.057587555344989626,617,So this must be the proper fraction ring of Hell.
4603,5384,2,6,48,56,1.1785714285714286,0.06297362289056342,617,It looks like they're hinting that we're in for an old-fashioned reception.
3169,5384,2,6,48,56,1.1785714285714286,0.06297362289056342,617,Try not to care; it’ll end with a great cliffhanger .... then he’ll cancel the show before closure:(
3235,5384,2,6,48,56,1.1785714285714286,0.06297362289056342,617,Is this the new Netflix crackling yule log?
314,5384,2,6,48,56,1.1785714285714286,0.06297362289056342,617,No HD? This is worse than I thought!
365,5384,2,6,48,56,1.1785714285714286,0.06297362289056342,617,The Devil is nice.
465,5384,2,6,48,56,1.1785714285714286,0.06297362289056342,617,No flat screen? This really IS hell.
569,5384,2,6,48,56,1.1785714285714286,0.06297362289056342,617,"That the yule log video?"" ""Yea."" ""Guess the holiday shopping season's starting early this year."" ""Now that's torture."
634,5384,2,6,48,56,1.1785714285714286,0.06297362289056342,617,"I've seen 'My Mother the Car"" 7,149 times."
639,5384,1,8,47,56,1.1785714285714286,0.057587555344989626,617,We're planning on going next year.
1070,5384,2,6,48,56,1.1785714285714286,0.06297362289056342,617,Closed circuit TV. The heat burns up cable.
916,5384,1,8,47,56,1.1785714285714286,0.057587555344989626,617,I have a flat-screen at home.
1431,5384,2,6,48,56,1.1785714285714286,0.06297362289056342,617,Satan insists this is less torture than Fox News.
1530,5384,2,6,48,56,1.1785714285714286,0.06297362289056342,617,Maybe it would feel hotter if we had cable.
1833,5384,2,6,48,56,1.1785714285714286,0.06297362289056342,617,"Don't you feel great again, with no clothes on your back?"
2362,5384,1,8,47,56,1.1785714285714286,0.057587555344989626,617,We have to save energy!
2683,5384,1,8,47,56,1.1785714285714286,0.057587555344989626,617,"This sucks, we're in Hell."
2795,5384,2,6,48,56,1.1785714285714286,0.06297362289056342,617,"Don't worry, it's just fake news."
2881,5384,2,6,48,56,1.1785714285714286,0.06297362289056342,617,He said he quit paying for cable so we watch a lot of Gunsmoke.
3015,5384,0,10,46,56,1.1785714285714286,0.05164277182008721,617,"It’s funny, I used to play this same video at Christmas."
1226,5384,3,4,49,56,1.1785714285714286,0.0679339961235429,617,They're trying to lower their carbon footprint.
3858,5423,1,8,48,57,1.1754385964912282,0.056654910052417636,617,"I prefer ""Naked and Afraid""."
5949,5423,1,8,48,57,1.1754385964912282,0.056654910052417636,617,"Fear and Consumption is my favorite TV show, too."
4941,5423,0,10,47,57,1.1754385964912282,0.050825312758579586,617,"Well, there’s no place like hell for the holidays."
3425,5423,0,10,47,57,1.1754385964912282,0.050825312758579586,617,This is just a preview. More to come. Stay tuned!
7479,5423,3,4,50,57,1.1754385964912282,0.06680502724442026,617,"Believe me, the other political party is getting far worse."
951,5423,0,10,47,57,1.1754385964912282,0.050825312758579586,617,I'm so sick of everything being a reboot.
888,5423,1,8,48,57,1.1754385964912282,0.056654910052417636,617,The real hell is that picture quality.
715,5423,2,6,49,57,1.1754385964912282,0.06193823737472381,617,Last chance to be politically un-correct.
1307,5423,0,10,47,57,1.1754385964912282,0.050825312758579586,617,At least we didn't have to pay for a ticket to Paris.
4481,5432,0,8,38,46,1.173913043478261,0.056503155622080956,617,Hey can someone get the remote? The TV is showing flames again.
6466,5432,0,8,38,46,1.173913043478261,0.056503155622080956,617,This is nothing. Wait till you see the reality shows.
5967,5434,2,5,45,52,1.1730769230769231,0.06568558183307435,617,I am not surprised that is the channel with the best reception around here ...
5893,5434,3,3,46,52,1.1730769230769231,0.07119510849574463,617,Reduces our carbon footprint.
5846,5434,0,9,43,52,1.1730769230769231,0.052974522506642974,617,A.I. PURGATORY—-S.R.O.
5787,5434,2,5,45,52,1.1730769230769231,0.06568558183307435,617,"Yeah, there are only four channels, but next week we're getting UHF!"
5634,5434,2,5,45,52,1.1730769230769231,0.06568558183307435,617,Hell hath no fury like undergrads burned by a Plato cave reenactment gone awry.
5650,5434,2,5,45,52,1.1730769230769231,0.06568558183307435,617,"This is hell - no cable, no satellite, only rabbit ears!"
5621,5434,2,5,45,52,1.1730769230769231,0.06568558183307435,617,We only get shows hosted by Ryan Seacrest.
5437,5434,1,7,44,52,1.1730769230769231,0.05966948841558946,617,If the TV has rabbit ears you can bet they don't have any premium channels.
5366,5434,1,7,44,52,1.1730769230769231,0.05966948841558946,617,This really is hell. All we have is analog TV.
5706,5434,0,9,43,52,1.1730769230769231,0.052974522506642974,617,Well we paid the ultimate price for this pay per view. At least there’s no commercials.
6001,5434,0,9,43,52,1.1730769230769231,0.052974522506642974,617,"This is not exactly Surround Sound, is it?"
6020,5434,0,9,43,52,1.1730769230769231,0.052974522506642974,617,"My favorite show, ""Brimstone,"" is on next."
6385,5434,1,7,44,52,1.1730769230769231,0.05966948841558946,617,"The sermon for our Holy Nature's Church today is ""Virtual Hell""."
6047,5434,1,7,44,52,1.1730769230769231,0.05966948841558946,617,"this is worse than I thought. TV with no remote control, and only one channel."
6149,5434,1,7,44,52,1.1730769230769231,0.05966948841558946,617,It's not the cooking channel.
6163,5434,2,5,45,52,1.1730769230769231,0.06568558183307435,617,I haven't been this embarrassed and terrified since the election of Donald Trump.
6171,5434,1,7,44,52,1.1730769230769231,0.05966948841558946,617,"He still hasn't subscribed to Netflix, so this is the only way to binge watch the end of humanity."
6185,5434,1,7,44,52,1.1730769230769231,0.05966948841558946,617,I've found it's the only way to make them realize how much agony they're in.
6264,5434,3,3,46,52,1.1730769230769231,0.07119510849574463,617,Did you know 'netflix & chill' was a sin?
6276,5434,0,9,43,52,1.1730769230769231,0.052974522506642974,617,This orientation sure is thorough. Who knew there were so many varieties of brimstone?
6283,5434,1,7,44,52,1.1730769230769231,0.05966948841558946,617,I didn't think it could get hotter than Game of Thrones.
6296,5434,1,7,44,52,1.1730769230769231,0.05966948841558946,617,"You know what this means ...there's electricity, but no cable!"
5354,5434,1,7,44,52,1.1730769230769231,0.05966948841558946,617,"It's poor reception, but at least it's free."
6012,5434,2,5,45,52,1.1730769230769231,0.06568558183307435,617,Hell is other people's TV.
5313,5434,1,7,44,52,1.1730769230769231,0.05966948841558946,617,...or does life imitate art?
4495,5434,1,7,44,52,1.1730769230769231,0.05966948841558946,617,That's one hell of a TV.
5138,5434,2,5,45,52,1.1730769230769231,0.06568558183307435,617,"Well, no, it doesn't burn, but it's the only channel we get!"
3876,5434,1,7,44,52,1.1730769230769231,0.05966948841558946,617,"This truly is hell, the television isn't high def!"
3880,5434,1,7,44,52,1.1730769230769231,0.05966948841558946,617,"When I said watching the yule log on TV with my family was like Hell, I didn't know how right I'd be."
3960,5434,2,5,45,52,1.1730769230769231,0.06568558183307435,617,"We used to have a flatscreen, but somebody stole it."
4156,5434,2,5,45,52,1.1730769230769231,0.06568558183307435,617,Those fireplace videos have a whole new meaning down here.
4241,5434,1,7,44,52,1.1730769230769231,0.05966948841558946,617,Would you believe I'm a devil-may-care sort of guy?
4341,5434,1,7,44,52,1.1730769230769231,0.05966948841558946,617,It's still better than American television
4365,5434,0,9,43,52,1.1730769230769231,0.052974522506642974,617,"So, I guess that this is another benefit of the environmental regulations restricting open fires."
4420,5434,2,5,45,52,1.1730769230769231,0.06568558183307435,617,"I think it's something about cutting down on fossil fuel. Did you get the message ""Come As You Are""?"
4452,5434,1,7,44,52,1.1730769230769231,0.05966948841558946,617,"Satan just won that famous interview guy's soul and now he thinks he's king of the fireside chat with a black background, Christ, this is going to be a long eternity."
4462,5434,0,9,43,52,1.1730769230769231,0.052974522506642974,617,"Silly, it is. But four hours of commercials? Pure Hell."
4483,5434,1,7,44,52,1.1730769230769231,0.05966948841558946,617,I don't watch television. I read books.
4490,5434,2,5,45,52,1.1730769230769231,0.06568558183307435,617,"These summer reruns are so monotonous, I'm looking forward to Sweeps Week."
6387,5434,3,3,46,52,1.1730769230769231,0.07119510849574463,617,Who have guessed video conferencing really was from hell?
4607,5434,1,7,44,52,1.1730769230769231,0.05966948841558946,617,"I’m trying not to judge, but along with other problems that’s really poor resolution."
4721,5434,2,5,45,52,1.1730769230769231,0.06568558183307435,617,Fire sensitivity training is there worst.
4735,5434,1,7,44,52,1.1730769230769231,0.05966948841558946,617,Is this Episode Six of Season Three or are we missing something?
4753,5434,1,7,44,52,1.1730769230769231,0.05966948841558946,617,"Yeah, Steve Jobs really convinced them to modernize down here"
4797,5434,0,9,43,52,1.1730769230769231,0.052974522506642974,617,The fabulous picture quality makes me think it's real
4823,5434,1,7,44,52,1.1730769230769231,0.05966948841558946,617,I'm not sure I'm comfortable enough with my body to be naked in a crowd this size.
4860,5434,1,7,44,52,1.1730769230769231,0.05966948841558946,617,It's not the same watching the tournament without dinner.
4916,5434,0,9,43,52,1.1730769230769231,0.052974522506642974,617,They're transitioning to solar.
4969,5434,1,7,44,52,1.1730769230769231,0.05966948841558946,617,"Eh, it's not so hot."
5051,5434,2,5,45,52,1.1730769230769231,0.06568558183307435,617,It's the cover of The Catcher in the Rye. Weren't you ever young?
5073,5434,0,9,43,52,1.1730769230769231,0.052974522506642974,617,It's just there's nothing on.
5129,5434,1,7,44,52,1.1730769230769231,0.05966948841558946,617,"Don't suppose he would be amenable to changing the channel (optional:""--to something besides Fox News"""
5235,5434,0,9,43,52,1.1730769230769231,0.052974522506642974,617,"This is so much better than reading ""The Inferno"""
6402,5434,1,7,44,52,1.1730769230769231,0.05966948841558946,617,I hate upcoming previews
6837,5434,1,7,44,52,1.1730769230769231,0.05966948841558946,617,You'd think someone with his clout would have something better than an old TV with a rabbit-ears antenna.
6452,5434,2,5,45,52,1.1730769230769231,0.06568558183307435,617,"Is it just me, or is it too hot in here?"
7429,5434,0,9,43,52,1.1730769230769231,0.052974522506642974,617,At least it's emission-free.
7437,5434,2,5,45,52,1.1730769230769231,0.06568558183307435,617,I didn’t realize eternal damnation meant no Netflix. I am officially freaking out!
7445,5434,2,5,45,52,1.1730769230769231,0.06568558183307435,617,Did you also watch a lot of reality TV?
7471,5434,1,7,44,52,1.1730769230769231,0.05966948841558946,617,this group's sin was intolerance- we're sentenced to watch a continuous loop infomercial about frying pans for eternity
7503,5434,2,5,45,52,1.1730769230769231,0.06568558183307435,617,Time shares have never been hotter.
7537,5434,0,9,43,52,1.1730769230769231,0.052974522506642974,617,"We just added Hell’s Kitchen, Chicago Fire and Six Feet Under to our lineup, folks."
7548,5434,0,9,43,52,1.1730769230769231,0.052974522506642974,617,I'm not feelin' the bern.
7576,5434,1,7,44,52,1.1730769230769231,0.05966948841558946,617,Join or die. Or also die even if you join.
7629,5434,1,7,44,52,1.1730769230769231,0.05966948841558946,617,It looks like we got out just in time
7639,5434,0,9,43,52,1.1730769230769231,0.052974522506642974,617,It's pay-per-view.
7674,5434,2,5,45,52,1.1730769230769231,0.06568558183307435,617,At least it’s not another Hell’s Kitchen repeat...
7416,5434,2,5,45,52,1.1730769230769231,0.06568558183307435,617,"This is no yule log,"
7739,5434,1,7,44,52,1.1730769230769231,0.05966948841558946,617,"In the next level of hell, they broadcast Fox News."
8153,5434,1,7,44,52,1.1730769230769231,0.05966948841558946,617,The definition is barely better than torture!
7859,5434,1,7,44,52,1.1730769230769231,0.05966948841558946,617,I'm sick of watching C-SPAN.
7932,5434,0,9,43,52,1.1730769230769231,0.052974522506642974,617,I thought he was talking about the Amazon thing.
7933,5434,0,9,43,52,1.1730769230769231,0.052974522506642974,617,Bearing your soul is the next step.
7979,5434,1,7,44,52,1.1730769230769231,0.05966948841558946,617,This is worse than I imagined. No flat screen TVs.
8024,5434,1,7,44,52,1.1730769230769231,0.05966948841558946,617,"I'm surprised, because the cable service here is better than you'd ever expect but it just shows the weather channel"
8030,5434,2,5,45,52,1.1730769230769231,0.06568558183307435,617,"I don't get it, half the Industry is here yet we still only have one channel. And like a Yule log gone wrong."
8042,5434,1,7,44,52,1.1730769230769231,0.05966948841558946,617,He's trying to tell us that this is not reality a TV.
8085,5434,0,9,43,52,1.1730769230769231,0.052974522506642974,617,"Next on W.H.E.L., Hell and Damnation, after this!"
8086,5434,0,9,43,52,1.1730769230769231,0.052974522506642974,617,"They only use analog here, and the screen isn't even HD"
3832,5434,1,7,44,52,1.1730769230769231,0.05966948841558946,617,I wish they would update these welcome videos. They feel very 80s.
7779,5434,2,5,45,52,1.1730769230769231,0.06568558183307435,617,I hear we’re getting cable next week. And you thought they couldn’t punish us any more!
7380,5434,1,7,44,52,1.1730769230769231,0.05966948841558946,617,"Well, this beats the 24-hour news cycle!"
7364,5434,2,5,45,52,1.1730769230769231,0.06568558183307435,617,We now return you to your scheduled program Flame of our Lives.
7324,5434,3,3,46,52,1.1730769230769231,0.07119510849574463,617,I’m just glad that it’s not Fox News ...
6459,5434,2,5,45,52,1.1730769230769231,0.06568558183307435,617,Cost saving... Even down here energy bills are hell to pay!
6481,5434,2,5,45,52,1.1730769230769231,0.06568558183307435,617,Still gender separated down here must mean he is looking up punishment for the sin of narcissism.
6522,5434,1,7,44,52,1.1730769230769231,0.05966948841558946,617,Well I would have thought the devil wouldn’t need to cut corners?
6543,5434,3,3,46,52,1.1730769230769231,0.07119510849574463,617,I’m hoping for This Is Us but something tells me it’s Season 3 of Naked and Afraid.
6551,5434,1,7,44,52,1.1730769230769231,0.05966948841558946,617,Reality TV from hell.
6574,5434,1,7,44,52,1.1730769230769231,0.05966948841558946,617,"Well, at least it won't be hard to tell who's hot and who't not . . ."
6605,5434,1,7,44,52,1.1730769230769231,0.05966948841558946,617,Watch this while the writers come up with an ending.
6622,5434,1,7,44,52,1.1730769230769231,0.05966948841558946,617,Can someone PLEASE pass the remote?
6686,5434,0,9,43,52,1.1730769230769231,0.052974522506642974,617,One would think Satan could afford a modern tv without rabbit ears.
6748,5434,1,7,44,52,1.1730769230769231,0.05966948841558946,617,Watching a loop of a fire on a black and white TV. My personal television of hell.
6782,5434,0,9,43,52,1.1730769230769231,0.052974522506642974,617,It's the second hand suffering channel.
6818,5434,0,9,43,52,1.1730769230769231,0.052974522506642974,617,Aren't we pushing the boundaries of virtual reality?
6882,5434,3,3,46,52,1.1730769230769231,0.07119510849574463,617,"Sure, he’s no angel. But he makes fantastic Supreme Court nominations."
6894,5434,0,9,43,52,1.1730769230769231,0.052974522506642974,617,You got to give the United Hell Workers Union credit as conditions have really improved lately.
6911,5434,0,9,43,52,1.1730769230769231,0.052974522506642974,617,The commercial breaks are more demoralizing than the searing heat
6918,5434,2,5,45,52,1.1730769230769231,0.06568558183307435,617,"Welcome to yet another episode of ""Naked and Afried""!"
6970,5434,2,5,45,52,1.1730769230769231,0.06568558183307435,617,"After this comes one year of ""My Mother the Car"" reruns."
7032,5434,1,7,44,52,1.1730769230769231,0.05966948841558946,617,"The living room's nice, but you should see the kitchen."
7106,5434,0,9,43,52,1.1730769230769231,0.052974522506642974,617,A TV with Rabbit Ears?! This is far worse than anything I could possibly imagine.
7132,5434,0,9,43,52,1.1730769230769231,0.052974522506642974,617,He’s reducing his carbon footprint.
7146,5434,0,9,43,52,1.1730769230769231,0.052974522506642974,617,Hell has gone digital. It saves on gas...
7223,5434,2,5,45,52,1.1730769230769231,0.06568558183307435,617,"Obviously, there are 10 rings of Hell."
7244,5434,1,7,44,52,1.1730769230769231,0.05966948841558946,617,"""All it shows are the 'My Pillow' commercials."
7280,5434,1,7,44,52,1.1730769230769231,0.05966948841558946,617,Primetime television has really become a shit show; nothin' but dumpster fire.
7304,5434,1,7,44,52,1.1730769230769231,0.05966948841558946,617,It'd be more painful with a laugh track!
6421,5434,1,7,44,52,1.1730769230769231,0.05966948841558946,617,The Hawaiian eruption seems to have renewed their interest in it.
3821,5434,2,5,45,52,1.1730769230769231,0.06568558183307435,617,The torture is in having to view the commercials.
7846,5434,1,7,44,52,1.1730769230769231,0.05966948841558946,617,The digital age really diminishes experiences if you ask me.
3713,5434,0,9,43,52,1.1730769230769231,0.052974522506642974,617,"With no cable, this is going to be hell!"
820,5434,0,9,43,52,1.1730769230769231,0.052974522506642974,617,"They've got Hulu up in Purgatory, but it only plays Two and a Half Men."
903,5434,1,7,44,52,1.1730769230769231,0.05966948841558946,617,"""Is it just me, or did you also imagine the devil being much taller""?"
923,5434,1,7,44,52,1.1730769230769231,0.05966948841558946,617,"In hell there is no cable, internet or test pattern."
933,5434,2,5,45,52,1.1730769230769231,0.06568558183307435,617,"Well, it is too hot for there to be snow on the screen."
1187,5434,1,7,44,52,1.1730769230769231,0.05966948841558946,617,Broadcast channels only? This really is hell.
1249,5434,3,3,46,52,1.1730769230769231,0.07119510849574463,617,Trump on Fox and Fiends.
1390,5434,2,5,45,52,1.1730769230769231,0.06568558183307435,617,After this they make us watch reruns of Joanie loves Chachi.
1470,5434,2,5,45,52,1.1730769230769231,0.06568558183307435,617,"It’s CGI, you can tell."
1511,5434,2,5,45,52,1.1730769230769231,0.06568558183307435,617,We just get to watch until they open the millennial wing.
1522,5434,1,7,44,52,1.1730769230769231,0.05966948841558946,617,I would have been more careful if I had known that down here I could get only 6 channels plus ghosts on the PBS station.
1528,5434,1,7,44,52,1.1730769230769231,0.05966948841558946,617,I’ll give you my Netfiix password and you can watch it for free.
748,5434,1,7,44,52,1.1730769230769231,0.05966948841558946,617,The hell supports the reduction of fossil fuels to stop global warming. All the flames will be replaced by environment-friendly virtual images.
1544,5434,2,5,45,52,1.1730769230769231,0.06568558183307435,617,This place ain't exactly Techie Heaven.
1553,5434,1,7,44,52,1.1730769230769231,0.05966948841558946,617,Insulted for eternity with a snowy UHF broadcast of fanned cellophane strips. This mockery of heat is psychological cruelty beyond my wildest imagination.
1556,5434,2,5,45,52,1.1730769230769231,0.06568558183307435,617,This is going to be hell! With that TV I bet they don't even get Netflix!
1593,5434,1,7,44,52,1.1730769230769231,0.05966948841558946,617,"I knew it would be bad, but they don't even have flat screen TVs."
1597,5434,1,7,44,52,1.1730769230769231,0.05966948841558946,617,They can’t even get satellite? This really is suffering.
1598,5434,0,9,43,52,1.1730769230769231,0.052974522506642974,617,This is one hell of a good show.
1606,5434,1,7,44,52,1.1730769230769231,0.05966948841558946,617,Whew! I love these live simulcasts! Much better than being there!
1611,5434,1,7,44,52,1.1730769230769231,0.05966948841558946,617,This is really hell; they don't even have WiFi.
1612,5434,1,7,44,52,1.1730769230769231,0.05966948841558946,617,He promised flat screen and we get rabbit ears!!!
1633,5434,2,5,45,52,1.1730769230769231,0.06568558183307435,617,The devilution will be televised.
1658,5434,2,5,45,52,1.1730769230769231,0.06568558183307435,617,I understand that they call it “singe therapy”
1665,5434,2,5,45,52,1.1730769230769231,0.06568558183307435,617,There's only one station down here.
1549,5434,1,7,44,52,1.1730769230769231,0.05966948841558946,617,"Not quite 'Netflix and chill,' but who am I to complain?"
739,5434,2,5,45,52,1.1730769230769231,0.06568558183307435,617,...at least they have a great HMO.
679,5434,1,7,44,52,1.1730769230769231,0.05966948841558946,617,"Sorry, all we have is black and white reception."
674,5434,0,9,43,52,1.1730769230769231,0.052974522506642974,617,I sort of expected this orientation to be more 'lit'.
3816,5434,1,7,44,52,1.1730769230769231,0.05966948841558946,617,It's tolerable when it's not in high-def.
116,5434,1,7,44,52,1.1730769230769231,0.05966948841558946,617,"They're rioting in the 4th Circle. Evidently, a police officer didn't shoot a black man."
141,5434,2,5,45,52,1.1730769230769231,0.06568558183307435,617,I can't believe they're forcing us to watch analogue TV.
190,5434,0,9,43,52,1.1730769230769231,0.052974522506642974,617,The Yuletide log would've sufficed.
215,5434,1,7,44,52,1.1730769230769231,0.05966948841558946,617,It’s like Fox News.
219,5434,0,9,43,52,1.1730769230769231,0.052974522506642974,617,I heard the wedding venue decision was between the quaint European castle and hell.
229,5434,0,9,43,52,1.1730769230769231,0.052974522506642974,617,"I heard it's not regular television, it's Hell Box Office."
242,5434,1,7,44,52,1.1730769230769231,0.05966948841558946,617,"Yeah season six is great, but seasons 1-5 are the true gems."
261,5434,2,5,45,52,1.1730769230769231,0.06568558183307435,617,All I wanted was ice water.
320,5434,2,5,45,52,1.1730769230769231,0.06568558183307435,617,He killed cable.
349,5434,1,7,44,52,1.1730769230769231,0.05966948841558946,617,'Thought they'd have cable down here.'
354,5434,2,5,45,52,1.1730769230769231,0.06568558183307435,617,"This is Jason, our ventriloquits compliance officer."
376,5434,0,9,43,52,1.1730769230769231,0.052974522506642974,617,"Excellent reception, considering...."
384,5434,1,7,44,52,1.1730769230769231,0.05966948841558946,617,I know it's a little cheap but it seems these days it's the only way to make them pay attention.
410,5434,2,5,45,52,1.1730769230769231,0.06568558183307435,617,It’s worse than I thought. Every channel shows the “View” all day long.
414,5434,0,9,43,52,1.1730769230769231,0.052974522506642974,617,Season 6 had a better plot.
425,5434,1,7,44,52,1.1730769230769231,0.05966948841558946,617,I'm so bored with virtual experiences.
454,5434,1,7,44,52,1.1730769230769231,0.05966948841558946,617,"If I had known this would be ironic, I would have stolen a truck of jumbo mm's instead."
487,5434,1,7,44,52,1.1730769230769231,0.05966948841558946,617,"Now that you're naked, be afraid, very afraid."
495,5434,0,9,43,52,1.1730769230769231,0.052974522506642974,617,I would've thought they'd have that hot OLED.
516,5434,1,7,44,52,1.1730769230769231,0.05966948841558946,617,"-Ah...,Technology's ruined everything!"
558,5434,0,9,43,52,1.1730769230769231,0.052974522506642974,617,The eternal binge-watch...from hell.
575,5434,2,5,45,52,1.1730769230769231,0.06568558183307435,617,And they said we wouldn't get any of the hot new shows.
581,5434,1,7,44,52,1.1730769230769231,0.05966948841558946,617,"Only in New York, right?"
662,5434,0,9,43,52,1.1730769230769231,0.052974522506642974,617,I’ve seen this before. The season’s climax is really great.
1674,5434,1,7,44,52,1.1730769230769231,0.05966948841558946,617,"Yes, interlaced. And on top of that, only three channels"
1705,5434,0,9,43,52,1.1730769230769231,0.052974522506642974,617,"Supposedly it's a pretty accurate adaptation, but I don't think very many people down here read the book anyway."
1357,5434,1,7,44,52,1.1730769230769231,0.05966948841558946,617,Wanna skip the introduction?
1830,5434,0,9,43,52,1.1730769230769231,0.052974522506642974,617,Let's go for the pleasure even if it burns us.
2704,5434,3,3,46,52,1.1730769230769231,0.07119510849574463,617,"In the Wrath Circle, you have to try to get HBO Go working."
2725,5434,1,7,44,52,1.1730769230769231,0.05966948841558946,617,"Don't want to be a pill,but we were promised hi-def."
2734,5434,1,7,44,52,1.1730769230769231,0.05966948841558946,617,Show's over. Back on your heads.
3006,5434,1,7,44,52,1.1730769230769231,0.05966948841558946,617,I miss 'Netflix and chill.'
3009,5434,0,9,43,52,1.1730769230769231,0.052974522506642974,617,So this must be what it was like before cable.
3013,5434,3,3,46,52,1.1730769230769231,0.07119510849574463,617,They can't even give us a real fire; failing infrastructure!
3031,5434,3,3,46,52,1.1730769230769231,0.07119510849574463,617,"Well, in the old days....."
3132,5434,1,7,44,52,1.1730769230769231,0.05966948841558946,617,This really is Hell. Not even a flat screen!
3147,5434,1,7,44,52,1.1730769230769231,0.05966948841558946,617,Crowded—for nothing!
3208,5434,2,5,45,52,1.1730769230769231,0.06568558183307435,617,We shoulda known Hell would be watching commercials for eternity on a 1950's black-and-white TV.
3219,5434,1,7,44,52,1.1730769230769231,0.05966948841558946,617,"Excuse me miss, personal space!"
3286,5434,1,7,44,52,1.1730769230769231,0.05966948841558946,617,"It's kinda chilly down here, no?"
3292,5434,0,9,43,52,1.1730769230769231,0.052974522506642974,617,At least we don't have to fight over a remote control.
3324,5434,2,5,45,52,1.1730769230769231,0.06568558183307435,617,"""The way he's leering at us, I think there's something before the flames."
3486,5434,0,9,43,52,1.1730769230769231,0.052974522506642974,617,Sometimes we get reality shows.
3488,5434,1,7,44,52,1.1730769230769231,0.05966948841558946,617,I prefer the aquarium channel.
3497,5434,2,5,45,52,1.1730769230769231,0.06568558183307435,617,I guess purgatorial porn is better than no porn.
3526,5434,2,5,45,52,1.1730769230769231,0.06568558183307435,617,"It's not bad enough we all ended up in Hell."" ""Now we have to watch a short video on how to run around screaming, asking for forgiveness with our hair on fire."
1819,5434,1,7,44,52,1.1730769230769231,0.05966948841558946,617,"You couldn't choose on Netflix, so I decided for you."
3546,5434,3,3,46,52,1.1730769230769231,0.07119510849574463,617,"Well, it's the devil you know.........."""
3621,5434,0,9,43,52,1.1730769230769231,0.052974522506642974,617,"I told you, sooner or later ""Survivor"" would get here."
3629,5434,1,7,44,52,1.1730769230769231,0.05966948841558946,617,I heard they’ll offer snacks after this.
3641,5434,0,9,43,52,1.1730769230769231,0.052974522506642974,617,Get used to it. The brimstone channel isn't any better.
3695,5434,1,7,44,52,1.1730769230769231,0.05966948841558946,617,I hear their still recovering from the recession.
3702,5434,1,7,44,52,1.1730769230769231,0.05966948841558946,617,"He’s just trying to scare us, don’t believe a word of it."
2573,5434,1,7,44,52,1.1730769230769231,0.05966948841558946,617,"Just for the smell, I'd take being in a real fire over this arrangement any day."
2526,5434,1,7,44,52,1.1730769230769231,0.05966948841558946,617,Bad reception and there's only one damn channel.
3528,5434,1,7,44,52,1.1730769230769231,0.05966948841558946,617,I guess brimstone got caught up in the trade tariffs.
2480,5434,2,5,45,52,1.1730769230769231,0.06568558183307435,617,I saw Gersh over there and he got a tiny little dick.
2513,5434,1,7,44,52,1.1730769230769231,0.05966948841558946,617,I though they said Chicago Fire was on
1867,5434,1,7,44,52,1.1730769230769231,0.05966948841558946,617,"If I had known there were commercial breaks in hell, I never would have coveted my neighbor's wife."
1868,5434,2,5,45,52,1.1730769230769231,0.06568558183307435,617,"Gee, you'd think they would have better technolgy"
1898,5434,1,7,44,52,1.1730769230769231,0.05966948841558946,617,Apparently this is more energy efficient
1923,5434,0,9,43,52,1.1730769230769231,0.052974522506642974,617,"OMG, there's no remote !"
1954,5434,1,7,44,52,1.1730769230769231,0.05966948841558946,617,He can’t afford cable?
1996,5434,2,5,45,52,1.1730769230769231,0.06568558183307435,617,Don't be alarmed...it's just fake news media!
2035,5434,0,9,43,52,1.1730769230769231,0.052974522506642974,617,To hell with modern art.
2048,5434,1,7,44,52,1.1730769230769231,0.05966948841558946,617,TV break’s over! Everyone back to the pit of misery!
2052,5434,1,7,44,52,1.1730769230769231,0.05966948841558946,617,Hawaii was hot enough before. Why do they need fire?
2072,5434,0,9,43,52,1.1730769230769231,0.052974522506642974,617,557 channels and all we get is the Yule Log in May.
2086,5434,2,5,45,52,1.1730769230769231,0.06568558183307435,617,I miss cable.
1872,5434,1,7,44,52,1.1730769230769231,0.05966948841558946,617,"No cable? Wow, this really is Hell."
2229,5434,0,9,43,52,1.1730769230769231,0.052974522506642974,617,He finds it hard to justify going all out when you can get it on television.
2457,5434,0,9,43,52,1.1730769230769231,0.052974522506642974,617,It's not really bad until they show the last Seinfeld.
2182,5434,1,7,44,52,1.1730769230769231,0.05966948841558946,617,"No cable. Still, it's better than the real thing."
2408,5434,2,5,45,52,1.1730769230769231,0.06568558183307435,617,"You know, this reminds me a lot of Christmas at my mother-in-law's house."
2401,5434,0,9,43,52,1.1730769230769231,0.052974522506642974,617,I suddenly have an urge to exchange and unwrap gifts.
2338,5434,1,7,44,52,1.1730769230769231,0.05966948841558946,617,Commercial TV? This is worse than I imagined.
2412,5434,2,5,45,52,1.1730769230769231,0.06568558183307435,617,It's all starting to make sense now.
2311,5434,1,7,44,52,1.1730769230769231,0.05966948841558946,617,Think before you streak.
2272,5434,2,5,45,52,1.1730769230769231,0.06568558183307435,617,Hell was so much better before CGI
2249,5434,2,5,45,52,1.1730769230769231,0.06568558183307435,617,How in hell did we get cable?
2248,5434,2,5,45,52,1.1730769230769231,0.06568558183307435,617,That's what happens when you drain the swamp.
2336,5434,1,7,44,52,1.1730769230769231,0.05966948841558946,617,Nothing quite like a fireside chat meet-up to bare one's soul
185,5658,2,6,50,58,1.1724137931034482,0.06093608879319741,617,"Ugh, a black and white TV!"
4581,5658,1,8,49,58,1.1724137931034482,0.05575164786673556,617,At least it's not Big Brother...that would be hell.
4849,5660,1,5,35,41,1.170731707317073,0.06898602743283391,617,"At least it's not ""Cartoon Network."""
5164,5661,0,9,44,53,1.169811320754717,0.05206789873629057,617,I'm glad we didn't pack any winter clothes.
5146,5661,0,9,44,53,1.169811320754717,0.05206789873629057,617,It's not too late to repent
4960,5661,1,7,45,53,1.169811320754717,0.0586238473980282,617,"I always found watching TV to be torturous, but I must admit, these flames are mesmerizing!"
5101,5661,2,5,46,53,1.169811320754717,0.06451701239736683,617,I wondered what happened to that Sequester thing.
5079,5661,0,9,44,53,1.169811320754717,0.05206789873629057,617,They got me for bragging I didn't own a TV set. How about you?
5024,5661,2,5,46,53,1.169811320754717,0.06451701239736683,617,What time does brimstone come on again?
5021,5661,3,3,47,53,1.169811320754717,0.06991519358205821,617,"Back in my day, ""The Voice"" was a singer and listening to him was not a sin."
4948,5661,1,7,45,53,1.169811320754717,0.0586238473980282,617,...I guess the grass isn't ALWAYS greener on the other side.
4251,5661,1,7,45,53,1.169811320754717,0.0586238473980282,617,"Nice introductory video, but still burning fossil-fuel!"
4718,5661,1,7,45,53,1.169811320754717,0.0586238473980282,617,"Yep, we have to binge watch 'Hell's Kitchen.'"
4626,5661,1,7,45,53,1.169811320754717,0.0586238473980282,617,I didn't realize carbon emissions smelled so much like fire and brimstone.
4544,5661,2,5,46,53,1.169811320754717,0.06451701239736683,617,So I guess the midterms were more of a red wave then?
4456,5661,3,3,47,53,1.169811320754717,0.06991519358205821,617,It seems admissions wasn't too keen on the minority experience.
4113,5661,2,5,46,53,1.169811320754717,0.06451701239736683,617,"When they let in latecomers, let's stay out here."
5214,5661,1,7,45,53,1.169811320754717,0.0586238473980282,617,It’s all the spoilers for all the shows you should have watched when you had the chance.
4033,5661,3,3,47,53,1.169811320754717,0.06991519358205821,617,"It's just the Yule Log, but we're the next log."
4813,5661,1,7,45,53,1.169811320754717,0.0586238473980282,617,Everything shrinks when it's cold.
5491,5661,0,9,44,53,1.169811320754717,0.05206789873629057,617,Hot enough for ya?
7619,5661,1,7,45,53,1.169811320754717,0.0586238473980282,617,They're having some technical difficulty. It will take some time but we've got plenty.
5736,5661,1,7,45,53,1.169811320754717,0.0586238473980282,617,We will spray you with fire retardant. We will have your backs.
3971,5661,1,7,45,53,1.169811320754717,0.0586238473980282,617,In my previous life I never had any patience for orientation programs.
8043,5661,3,3,47,53,1.169811320754717,0.06991519358205821,617,At least we won't have to pay for cable.
7854,5661,1,7,45,53,1.169811320754717,0.0586238473980282,617,I bet that trident makes one hell of a channel changer.
7762,5661,3,3,47,53,1.169811320754717,0.06991519358205821,617,This is worse than I thought -- a B&W television.
7725,5661,2,5,46,53,1.169811320754717,0.06451701239736683,617,This place is a virtual hell!
7524,5661,2,5,46,53,1.169811320754717,0.06451701239736683,617,"OK! OK ! Listen up...This is season 5! The complete series is available only on VHS, see your torturer for the key to AV room. And by the… Spoiler alert!... There is no spoiler alert, what you see is all there is. Welcome to Hell!"
7455,5661,0,9,44,53,1.169811320754717,0.05206789873629057,617,"I thought we are going to green earth, this appears to be hell."
7314,5661,1,7,45,53,1.169811320754717,0.0586238473980282,617,Do you smell hot dogs?
7232,5661,1,7,45,53,1.169811320754717,0.0586238473980282,617,I used to watch this every year after A Christmas Carol.
7143,5661,2,5,46,53,1.169811320754717,0.06451701239736683,617,I thought eternal damnation would be broadcast in HD?
6990,5661,3,3,47,53,1.169811320754717,0.06991519358205821,617,EPA overreach is the real devil.
6691,5661,1,7,45,53,1.169811320754717,0.0586238473980282,617,Should we tell him about HI DEF?
6074,5661,0,9,44,53,1.169811320754717,0.05206789873629057,617,I had heard the old man was mellowing as he ages.
5897,5661,0,9,44,53,1.169811320754717,0.05206789873629057,617,Welcome to hell... our new intolerance compliance video should be nothing new to most of you.
5871,5661,0,9,44,53,1.169811320754717,0.05206789873629057,617,I heard it's even better than porn.
5785,5661,1,7,45,53,1.169811320754717,0.0586238473980282,617,Telecommuting can be Hell.
5750,5661,2,5,46,53,1.169811320754717,0.06451701239736683,617,"Satan started it, HULU took it over then NETFLIX bought it."
5666,5661,2,5,46,53,1.169811320754717,0.06451701239736683,617,I’m tired of reality tv
3963,5661,1,7,45,53,1.169811320754717,0.0586238473980282,617,"Reruns of “The Blob”, we are in hell."
5700,5661,2,5,46,53,1.169811320754717,0.06451701239736683,617,I thought hell would be more like a reality show.
3941,5661,1,7,45,53,1.169811320754717,0.0586238473980282,617,Welcome to Hell-e-vision
1172,5661,2,5,46,53,1.169811320754717,0.06451701239736683,617,Our clothes.
1126,5661,2,5,46,53,1.169811320754717,0.06451701239736683,617,"They call it the cruel log down here. If they really wanted to make it torture, they'd add the Christmas music."
1031,5661,1,7,45,53,1.169811320754717,0.0586238473980282,617,At least it's better than the TVs at the EPA.
937,5661,0,9,44,53,1.169811320754717,0.05206789873629057,617,"When they said 'national geographic', this was not what I expected."
936,5661,0,9,44,53,1.169811320754717,0.05206789873629057,617,Every show is in standard definition.
908,5661,1,7,45,53,1.169811320754717,0.0586238473980282,617,The other guy's pitch was better.
828,5661,2,5,46,53,1.169811320754717,0.06451701239736683,617,"Yeah, it's part of the Devil's campaign to head the EPA. Cable, color and a big screen would have helped."
750,5661,1,7,45,53,1.169811320754717,0.0586238473980282,617,I had wondered where that Betamax tape had gone.
747,5661,1,7,45,53,1.169811320754717,0.0586238473980282,617,I'll bet the TV in heaven is showing angels.
456,5661,0,9,44,53,1.169811320754717,0.05206789873629057,617,I think it’s a rerun but it’s kind of hard to tell.
355,5661,1,7,45,53,1.169811320754717,0.0586238473980282,617,It's the poor reception that gets to you after awhile.
254,5661,2,5,46,53,1.169811320754717,0.06451701239736683,617,No cable! This truly is Hell.
252,5661,1,7,45,53,1.169811320754717,0.0586238473980282,617,Having this Orientation was one hell of an idea!
235,5661,2,5,46,53,1.169811320754717,0.06451701239736683,617,"Is this a ""reality"" show?"
180,5661,0,9,44,53,1.169811320754717,0.05206789873629057,617,I don’t understand why we let the arsonists vote anymore.
149,5661,2,5,46,53,1.169811320754717,0.06451701239736683,617,They haven't been able to keep up with the influx. We're relegated to watching the Closed Circuit TV feed.
57,5661,2,5,46,53,1.169811320754717,0.06451701239736683,617,Down here they call this the Home Shopping Network.
3951,5661,0,9,44,53,1.169811320754717,0.05206789873629057,617,Well it’s a lot colder in Heaven.
1272,5661,1,7,45,53,1.169811320754717,0.0586238473980282,617,"We must be in hell. Where's the Samsung 75"" Smart 4K UHD TV?"
1079,5661,1,7,45,53,1.169811320754717,0.0586238473980282,617,I think i'll stick with my time share at Cap d'Agde.
1614,5661,2,5,46,53,1.169811320754717,0.06451701239736683,617,It's in standard definition... this really is hell.
3613,5661,1,7,45,53,1.169811320754717,0.0586238473980282,617,I can't help thinking something was lost when we went digital.
3561,5661,1,7,45,53,1.169811320754717,0.0586238473980282,617,wtf hell's actually pretty sick lol
3535,5661,2,5,46,53,1.169811320754717,0.06451701239736683,617,Rabbit Ears! This really is Hell
3483,5661,2,5,46,53,1.169811320754717,0.06451701239736683,617,Trump insists there is no perversion. This is simply the best means of grabbing staffers by their privates to prevent leaking.
3407,5661,2,5,46,53,1.169811320754717,0.06451701239736683,617,Well this is embarrassing!
1314,5661,1,7,45,53,1.169811320754717,0.0586238473980282,617,And the good news is....
3122,5661,2,5,46,53,1.169811320754717,0.06451701239736683,617,"Dammed if we do, dammed if we don't?"
2959,5661,1,7,45,53,1.169811320754717,0.0586238473980282,617,Over-the-air TV only? This really is Hell!
2942,5661,2,5,46,53,1.169811320754717,0.06451701239736683,617,Do you think we’ll ever get our phones back?
3353,5661,2,5,46,53,1.169811320754717,0.06451701239736683,617,...ever since Satan went eco-friendly
2818,5661,1,7,45,53,1.169811320754717,0.0586238473980282,617,They have the same cheapskate local broadcast crap in heaven but with that boring Gospel stuff.
2449,5661,2,5,46,53,1.169811320754717,0.06451701239736683,617,I'm all for company culture --- but this year's keynote speech seems a little over the top.
2396,5661,0,9,44,53,1.169811320754717,0.05206789873629057,617,Rabbit ears? I thought for sure this place would have cable.
2239,5661,1,7,45,53,1.169811320754717,0.0586238473980282,617,Advances in technology are only going to make this worse.
2095,5661,1,7,45,53,1.169811320754717,0.0586238473980282,617,This might actually be better than cable.
2055,5661,1,7,45,53,1.169811320754717,0.0586238473980282,617,And if you complain it automatically changes to CNN.
1905,5661,2,5,46,53,1.169811320754717,0.06451701239736683,617,No! Not an eternity of CNN Breaking News.
2884,5661,2,5,46,53,1.169811320754717,0.06451701239736683,617,The only other channel only shows Law and Order reruns
6169,5741,1,7,46,54,1.1666666666666667,0.057613861986001234,617,"Go home Lori, this is my one day away from the kids."
6272,5741,2,5,47,54,1.1666666666666667,0.06338902990667025,617,I TOLD you this nudist resort wasn't the best!
7302,5741,1,7,46,54,1.1666666666666667,0.057613861986001234,617,Any takers?
7768,5741,1,7,46,54,1.1666666666666667,0.057613861986001234,617,What did you expect once Bezosabub took control?
7426,5741,2,5,47,54,1.1666666666666667,0.06338902990667025,617,"Good, I am so glad they are curious about our colony! Finally, the word is getting out to other planets!"
7494,5741,2,5,47,54,1.1666666666666667,0.06338902990667025,617,Next time read the fine print before you sign the cable contract.
6042,5741,0,9,45,54,1.1666666666666667,0.0511912597361626,617,He's saving money on the heating bill.
7377,5741,2,5,47,54,1.1666666666666667,0.06338902990667025,617,Behold the eternal cable tv
4460,5741,1,7,46,54,1.1666666666666667,0.057613861986001234,617,Toughest Workout Of The Day in CrossFit history.
3373,5741,3,3,48,54,1.1666666666666667,0.06868028197434452,617,Is this your idea of a fun weekend?
3763,5741,1,7,46,54,1.1666666666666667,0.057613861986001234,617,"Hell: The Ultimate Reality Show"" has been renewed for eternity, everybody!"
4132,5741,1,7,46,54,1.1666666666666667,0.057613861986001234,617,The reception isn’t so hot down here.
1266,5741,0,9,45,54,1.1666666666666667,0.0511912597361626,617,It doesn't matter...we are all going to die..
1383,5741,1,7,46,54,1.1666666666666667,0.057613861986001234,617,As an atheist I regret the TV reception.
1395,5741,1,7,46,54,1.1666666666666667,0.057613861986001234,617,It's only surprising if you've never been in a Radioshack.
471,5741,1,7,46,54,1.1666666666666667,0.057613861986001234,617,This orientation video reminds me of the Trump presidency.
2233,5741,3,3,48,54,1.1666666666666667,0.06868028197434452,617,"Cable is out again, do you want to get a hot chocolate"
3667,5741,1,7,46,54,1.1666666666666667,0.057613861986001234,617,"After the safety lecture, do they allow Wi-Fi?"
1539,5741,2,5,47,54,1.1666666666666667,0.06338902990667025,617,He got the idea from that Yule Log they have on TV every Christmas.
1623,5760,2,5,48,55,1.1636363636363636,0.06229957149539102,617,Is this Childish Gambino?
1806,5760,0,9,46,55,1.1636363636363636,0.05034317492677622,617,"I'll be damned if it's not the golden age of TV here, too."
4049,5760,0,9,46,55,1.1636363636363636,0.05034317492677622,617,The Devil made me do it!
6244,5763,0,9,47,56,1.1607142857142858,0.04952230059306297,617,It must be their version of a Yule Log
5422,5764,2,4,44,50,1.16,0.06614763944451557,617,You'd think he could at least have a 70-inch flat screen!
5309,5764,2,4,44,50,1.16,0.06614763944451557,617,"It's the orientation film, starring Redrum and Rellik."
5391,5764,0,8,42,50,1.16,0.05237229365663817,617,Upstairs has been taking a lot of heat lately.
5370,5764,1,6,43,50,1.16,0.05965889433663171,617,"I'm not saying the show isn't problematic, but I feel like that's kind of the point."
5265,5764,0,8,42,50,1.16,0.05237229365663817,617,See this is what happens when
6073,5764,1,6,43,50,1.16,0.05965889433663171,617,"It's much better on the big screen - you know, with surround-a-burn."
5180,5764,1,6,43,50,1.16,0.05965889433663171,617,I’d rather be burned alive than spend eternity watching Slow TV.
5119,5764,2,4,44,50,1.16,0.06614763944451557,617,Who ever thought that Critics would wind up in their very own circle of Hell?
5096,5764,0,8,42,50,1.16,0.05237229365663817,617,You had me at barbecue.
5090,5764,1,6,43,50,1.16,0.05965889433663171,617,"And now, coming to you from your new activities director..."
5438,5764,1,6,43,50,1.16,0.05965889433663171,617,These State of the Unions are getting worse every year
8142,5764,1,6,43,50,1.16,0.05965889433663171,617,That's it. There's no remote.
5226,5764,3,2,45,50,1.16,0.0720544012166771,617,I miss seeing snow when there is nothing reception.
5480,5764,1,6,43,50,1.16,0.05965889433663171,617,we will be stuck with the local station
5760,5764,1,6,43,50,1.16,0.05965889433663171,617,What the hell; let’s go for it!
5544,5764,1,6,43,50,1.16,0.05965889433663171,617,"Trust me, this is a step up from Genghis Khan's doo-wop group"
5606,5764,1,6,43,50,1.16,0.05965889433663171,617,"Yeah it makes his job easy, but I go back and forth on whether the Christmas music is torture or not."
5673,5764,0,8,42,50,1.16,0.05237229365663817,617,Who in hell does he think he's fooling?
5752,5764,3,2,45,50,1.16,0.0720544012166771,617,The micro is that life imitates art. The macro is that we're going to be standing here forever because this is a New Yorker cartoon.
5754,5764,0,8,42,50,1.16,0.05237229365663817,617,"I say we hide behind God's bushes back there, and get away from these devil worshiping creeps."
5784,5764,1,6,43,50,1.16,0.05965889433663171,617,"I think we should all just un-plug, and get back to nature!"
5786,5764,1,6,43,50,1.16,0.05965889433663171,617,"We only get four channels, but next week I hear we're getting UHF!"
5798,5764,1,6,43,50,1.16,0.05965889433663171,617,Flames in hell? Groundbreaking. This marketing is so 2008.
5843,5764,0,8,42,50,1.16,0.05237229365663817,617,"During May Sweeps, they put the log on."
5844,5764,1,6,43,50,1.16,0.05965889433663171,617,I hear they don't have cable in heaven.
5942,5764,2,4,44,50,1.16,0.06614763944451557,617,Don't worry. I have some hope back in my room.
5955,5764,0,8,42,50,1.16,0.05237229365663817,617,Riding the highway on the way here was way more fun.
6005,5764,1,6,43,50,1.16,0.05965889433663171,617,We used to just have a radio sound recording - this is way better!
5077,5764,0,8,42,50,1.16,0.05237229365663817,617,It's either this or put a sweater on.
5510,5764,2,4,44,50,1.16,0.06614763944451557,617,"Even in life, I said this was hell."
5070,5764,1,6,43,50,1.16,0.05965889433663171,617,I didn't like the Yule log video either.
4106,5764,2,4,44,50,1.16,0.06614763944451557,617,It’s fake news.
5033,5764,1,6,43,50,1.16,0.05965889433663171,617,"It's an orientation film for the new folks: ""Hot Enough for Ya?"""
4058,5764,0,8,42,50,1.16,0.05237229365663817,617,It's good for the environment but leaves me cold.
4073,5764,0,8,42,50,1.16,0.05237229365663817,617,Can you change the channel?
6098,5764,1,6,43,50,1.16,0.05965889433663171,617,The environmentalists outlawed Brimstone. But the Yule fire is a nice touch.
4190,5764,0,8,42,50,1.16,0.05237229365663817,617,"When we got our first HDTV, I said to my wife, ""I feel like I've died and gone to heaven."""
4229,5764,0,8,42,50,1.16,0.05237229365663817,617,And here is our top-of-the-line 4K Retina display. Really brings the flames to life.
4249,5764,2,4,44,50,1.16,0.06614763944451557,617,Are you here for the Chef or Waiting position?
4289,5764,1,6,43,50,1.16,0.05965889433663171,617,"This is hell alright, no satellite TV no cable"
4331,5764,1,6,43,50,1.16,0.05965889433663171,617,The Travel Channel on cable as better visuals.
4336,5764,0,8,42,50,1.16,0.05237229365663817,617,He believes screen time is bad for us.
4370,5764,1,6,43,50,1.16,0.05965889433663171,617,He cracked the algorithmic code! Yule log '96 was the height of human misery!
4384,5764,1,6,43,50,1.16,0.05965889433663171,617,"I don't know what scares me more, the idea of burning in hell or the fact that the televisions in hell are 30 years behind the times."
4411,5764,1,6,43,50,1.16,0.05965889433663171,617,The Weather Channel is like Fox News around here.
4417,5764,1,6,43,50,1.16,0.05965889433663171,617,It’s either this or the marshmallow channel.
4424,5764,1,6,43,50,1.16,0.05965889433663171,617,"Ah, the good old day before CGI and George Lucas..."
4442,5764,2,4,44,50,1.16,0.06614763944451557,617,Who knew Hell was going to be so boring?
4488,5764,2,4,44,50,1.16,0.06614763944451557,617,"In Hell, all we get is reality TV"
4519,5764,0,8,42,50,1.16,0.05237229365663817,617,Reminds me of standing in line at Nathan's
5000,5764,0,8,42,50,1.16,0.05237229365663817,617,I'm confused. I distinctly remember the Prophet telling you guys that plural marriage is the true path to Heaven.
4929,5764,3,2,45,50,1.16,0.0720544012166771,617,"‘The Apprentice,’ again?"
4928,5764,2,4,44,50,1.16,0.06614763944451557,617,I only came because I wanted to be in the scene with Mia Farrow.
4760,5764,2,4,44,50,1.16,0.06614763944451557,617,"Not only is ""Home Fires Burning"" the only channel down here, but it is Pay-Per-View!"
4706,5764,1,6,43,50,1.16,0.05965889433663171,617,I never thought I'd miss the Kardashians.
4693,5764,2,4,44,50,1.16,0.06614763944451557,617,I just knew it. Hell would have an orientation.
5057,5764,0,8,42,50,1.16,0.05237229365663817,617,I heard the missus is menopausal.
4676,5764,1,6,43,50,1.16,0.05965889433663171,617,A VIDEO OF FIRE
4580,5764,2,4,44,50,1.16,0.06614763944451557,617,"I like it warm but hell, this is crazy."
4570,5764,0,8,42,50,1.16,0.05237229365663817,617,Didn't I tell you hell is life without cable?
4533,5764,1,6,43,50,1.16,0.05965889433663171,617,I'm just here for the people watching.
4529,5764,1,6,43,50,1.16,0.05965889433663171,617,Commercials are still the best thing on TV.
4526,5764,1,6,43,50,1.16,0.05965889433663171,617,'Netflix and chill means something different down here'
4525,5764,2,4,44,50,1.16,0.06614763944451557,617,You think it's bad without clothes? At least you're not in the president's cabinet. It's a bloodbath up there.
4592,5764,1,6,43,50,1.16,0.05965889433663171,617,Low definition TV? This must be hell.
6102,5764,2,4,44,50,1.16,0.06614763944451557,617,All this time on empty podiums shows how complicit the media is.
7165,5764,0,8,42,50,1.16,0.05237229365663817,617,It's just another rerun
6198,5764,1,6,43,50,1.16,0.05965889433663171,617,I don't know what's worse - Actual fire or seeing it naked on an old CRT tv.
7287,5764,1,6,43,50,1.16,0.05965889433663171,617,"Look, we ran over our fire budget. To make up for it, watch this burning yule log video from last Christmas. You're welcome."
7441,5764,0,8,42,50,1.16,0.05237229365663817,617,Now who's the dummy?
7451,5764,1,6,43,50,1.16,0.05965889433663171,617,My guess is he's streaming this news from Hawaii via the FireTV Stick.
7454,5764,0,8,42,50,1.16,0.05237229365663817,617,"I’ve heard that before Global Warming, this place used to have a better entertainment program."
7473,5764,0,8,42,50,1.16,0.05237229365663817,617,Must be the Holidays...all we get is the yule log channel
7475,5764,0,8,42,50,1.16,0.05237229365663817,617,I don't think we're in purgatory anymore.
7504,5764,2,4,44,50,1.16,0.06614763944451557,617,"That's the problem with the whole idea of eternal torment. At some point, even the tormentors get so bored they just stop trying."
7508,5764,1,6,43,50,1.16,0.05965889433663171,617,I hear that heaven has cable.
7522,5764,0,8,42,50,1.16,0.05237229365663817,617,I thought there would be plasma televisions.
7580,5764,0,8,42,50,1.16,0.05237229365663817,617,"Well, I guess the kids were right- this IS better than going outside."
7584,5764,3,2,45,50,1.16,0.0720544012166771,617,"OK Everybody, were moving to Hawaii"
7609,5764,0,8,42,50,1.16,0.05237229365663817,617,I hear we’re getting a flat screen next week.
7642,5764,0,8,42,50,1.16,0.05237229365663817,617,The brimstone's on Betamax.
7663,5764,0,8,42,50,1.16,0.05237229365663817,617,So much for becoming a 'Fed'!
7267,5764,2,4,44,50,1.16,0.06614763944451557,617,He takes the idea of picturing the audience naked very literally.
7697,5764,1,6,43,50,1.16,0.05965889433663171,617,I heard that hell froze over but I didn't believe it until now.
7709,5764,1,6,43,50,1.16,0.05965889433663171,617,I hear that the poor bastards in the Sixth Circle are forever looking for the remote.
7710,5764,1,6,43,50,1.16,0.05965889433663171,617,"The way they're conserving energy down here, a snowball might actually stand a chance in hell."
7727,5764,0,8,42,50,1.16,0.05237229365663817,617,"They have hi-def flat screens upstairs, but you have to wear those horrid gowns."
7733,5764,2,4,44,50,1.16,0.06614763944451557,617,Sheesh! I knew damned for eternity would be no fun but....we don't even get cable??
7767,5764,1,6,43,50,1.16,0.05965889433663171,617,Am I too late foe the Spencer Tunick shoot?
7912,5764,1,6,43,50,1.16,0.05965889433663171,617,"Yeah it’s hot down here, but there’s good tv, pretty girls and i’ll never have to deal with shrinkage.”"
8028,5764,1,6,43,50,1.16,0.05965889433663171,617,"If you ask me, the whole concept is retro eek."
8046,5764,1,6,43,50,1.16,0.05965889433663171,617,Nice reception...lousy graphics...
8058,5764,0,8,42,50,1.16,0.05237229365663817,617,Why is it always the guy with the biggest pitchfork who calls the shots?
8064,5764,2,4,44,50,1.16,0.06614763944451557,617,"You know the tempurature, the nudity it’s all fine, but no HD? Starting to seem like Hell"
8096,5764,2,4,44,50,1.16,0.06614763944451557,617,"He raised hell when I called them ""burny ears."""
8118,5764,1,6,43,50,1.16,0.05965889433663171,617,I've applied to be the Devil's Nudist Advocate.
8123,5764,2,4,44,50,1.16,0.06614763944451557,617,"Since we are incorporeal, anyway, I guess virtual flames are no big deal"
4052,5764,1,6,43,50,1.16,0.05965889433663171,617,Thank god for the great indoors.
7701,5764,0,8,42,50,1.16,0.05237229365663817,617,Take it from me - do NOT tell him how much it reminds you of the fireplace channel you'd watch on Christmas morning...
7228,5764,1,6,43,50,1.16,0.05965889433663171,617,"Honestly, this is worse than I expected."
7218,5764,1,6,43,50,1.16,0.05965889433663171,617,I hear in heaven they have HiDef.
7213,5764,3,2,45,50,1.16,0.0720544012166771,617,This is almost as bad as watching ‘The Holiday Log.
6200,5764,1,6,43,50,1.16,0.05965889433663171,617,Eternal Reality TV.
6213,5764,3,2,45,50,1.16,0.0720544012166771,617,These previews are always way too long.
6217,5764,2,4,44,50,1.16,0.06614763944451557,617,These infomercials are hellish.
6224,5764,0,8,42,50,1.16,0.05237229365663817,617,Where’s the brimstone?
6273,5764,2,4,44,50,1.16,0.06614763944451557,617,See? Right there. We DO have black friends!
6342,5764,0,8,42,50,1.16,0.05237229365663817,617,"Not quite the same as having a fire place - still, for the holidays it's a nice touch."
6448,5764,0,8,42,50,1.16,0.05237229365663817,617,"Hope it burns up the ratings. I didn't sign on to ""Naked and in Hell"" for nothing."
6470,5764,1,6,43,50,1.16,0.05965889433663171,617,He likes to watch a scary movies on halloween.
6532,5764,0,8,42,50,1.16,0.05237229365663817,617,When was it that god stopped showing up for these events...?
6533,5764,0,8,42,50,1.16,0.05237229365663817,617,I hear it corrupts the youth
6550,5764,1,6,43,50,1.16,0.05965889433663171,617,Do we really need inspirational instruction videos?
6615,5764,1,6,43,50,1.16,0.05965889433663171,617,"Crowdsourcing, my ass. He’ll never let us get an HDTV."
6656,5764,2,4,44,50,1.16,0.06614763944451557,617,I know I’m dreaming. It’s all so...traditional.
6681,5764,1,6,43,50,1.16,0.05965889433663171,617,This health insurance plan is way better than my old PPO!
6728,5764,1,6,43,50,1.16,0.05965889433663171,617,We're ready...come hell or high water
6778,5764,1,6,43,50,1.16,0.05965889433663171,617,I don't think we need an orientation video.
6779,5764,0,8,42,50,1.16,0.05237229365663817,617,Don't you think this dating service is just too strict?
7205,5764,0,8,42,50,1.16,0.05237229365663817,617,I wonder what he'll do to me if I start singing 'Ain't it Hot Hot Hot'?
7196,5764,0,8,42,50,1.16,0.05237229365663817,617,You say it’s “Naked and afraid” ...I thought it was “Survivor “..
7138,5764,1,6,43,50,1.16,0.05965889433663171,617,"""Reality TV"" is so twentieth century."
7136,5764,0,8,42,50,1.16,0.05237229365663817,617,I didn't bring my sun tan lotion.
7055,5764,0,8,42,50,1.16,0.05237229365663817,617,at least it's not HD! submitted by Wes age 8 OR
7044,5764,3,2,45,50,1.16,0.0720544012166771,617,It gets worse. At eight he changes the channel to reruns of Gilligan's Island.
6133,5764,2,4,44,50,1.16,0.06614763944451557,617,Do you think that’s why his trident is so big?
7042,5764,0,8,42,50,1.16,0.05237229365663817,617,I guess they are saving energy everywhere
6965,5764,0,8,42,50,1.16,0.05237229365663817,617,"Ok everybody. First of all, we so appreciate your patronage. This is the sort of thing you can all expect when we get inside."
6941,5764,1,6,43,50,1.16,0.05965889433663171,617,"Welcome to Hell everybody. First, we'll watch this quick 15-20 minute instructional video, then we can begin the guided tour"
6922,5764,1,6,43,50,1.16,0.05965889433663171,617,"So, when's he going to change the channel?"
6807,5764,0,8,42,50,1.16,0.05237229365663817,617,I think it's a cow that badly needs to be milked.
6792,5764,1,6,43,50,1.16,0.05965889433663171,617,"I'd swear in a stack of bibles, he sounds and looks exactly like my Drill Sargent!"
6784,5764,0,8,42,50,1.16,0.05237229365663817,617,It's Much More Interesting Than Air Conditioning !
6977,5764,0,8,42,50,1.16,0.05237229365663817,617,I guess you missed the spoiler alert.
4031,5764,0,8,42,50,1.16,0.05237229365663817,617,And we thought those time share guys were pushy.
2991,5764,1,6,43,50,1.16,0.05965889433663171,617,Gas bill last month was hell.
3993,5764,0,8,42,50,1.16,0.05237229365663817,617,"Ever since the writers' strike, it's just been hell."
1153,5764,1,6,43,50,1.16,0.05965889433663171,617,"Frankly, I like it. AND everyone here says ""Merry Christmas."""
1157,5764,2,4,44,50,1.16,0.06614763944451557,617,At least they have Saint Elmo’s in syndication
1299,5764,2,4,44,50,1.16,0.06614763944451557,617,This 10th Circle isn't so bad.
1354,5764,0,8,42,50,1.16,0.05237229365663817,617,It's not much better in higher resolution.
1381,5764,2,4,44,50,1.16,0.06614763944451557,617,Did you sign up for the potluck?
1416,5764,0,8,42,50,1.16,0.05237229365663817,617,"Hey, Steph, I finally get that McLuhan joke!!!"
1496,5764,0,8,42,50,1.16,0.05237229365663817,617,The Yule log added something.
1503,5764,2,4,44,50,1.16,0.06614763944451557,617,The Price is Right is on next.
1513,5764,0,8,42,50,1.16,0.05237229365663817,617,I bet Premium Cable would give us the true experience of fire and brimstone!
1531,5764,1,6,43,50,1.16,0.05965889433663171,617,It's either Hawaii or Hell
1628,5764,2,4,44,50,1.16,0.06614763944451557,617,I think those rabbits need some tin foil.
1650,5764,1,6,43,50,1.16,0.05965889433663171,617,Now that's what I call a boob tube
1653,5764,2,4,44,50,1.16,0.06614763944451557,617,let’s get off on the next floor
1657,5764,0,8,42,50,1.16,0.05237229365663817,617,By doubling energy consumption they hope to meet climate warming goals over the next decade.
1090,5764,0,8,42,50,1.16,0.05237229365663817,617,"""I liked the Christmas Yule Log better""."
1746,5764,0,8,42,50,1.16,0.05237229365663817,617,This is the discount package.
1810,5764,1,6,43,50,1.16,0.05965889433663171,617,Even Hell itself has to modernize.
1821,5764,1,6,43,50,1.16,0.05965889433663171,617,Are we paying extra for a Hell All Access subscription or is it part of the basic cable package?
1883,5764,1,6,43,50,1.16,0.05965889433663171,617,This has nothing on the Yule Log.
1897,5764,1,6,43,50,1.16,0.05965889433663171,617,"It’s not even HD, this really IS hell."
1924,5764,3,2,45,50,1.16,0.0720544012166771,617,"Brown, James Brown!!!"
1936,5764,1,6,43,50,1.16,0.05965889433663171,617,Looks like we beat the rush.
1956,5764,1,6,43,50,1.16,0.05965889433663171,617,"Look, I'm just going to put it out there; do you ever feel like our role play has gotten out of hand?"
1958,5764,3,2,45,50,1.16,0.0720544012166771,617,"Every little bit counts, in the fight against global warming."
1992,5764,1,6,43,50,1.16,0.05965889433663171,617,Watching the boob tube for eternity really is hell.
1997,5764,1,6,43,50,1.16,0.05965889433663171,617,Could you sign this consent form acknowledging that I share details about your personal life with our co-workers around the water cooler?
2000,5764,1,6,43,50,1.16,0.05965889433663171,617,I see reruns of ‘The Jerry Springer Show’. What do you see?
2018,5764,1,6,43,50,1.16,0.05965889433663171,617,At least it's not basic cable.
2032,5764,1,6,43,50,1.16,0.05965889433663171,617,"And now for a special report, Springtime in Grand Forks."
2097,5764,1,6,43,50,1.16,0.05965889433663171,617,All these old people want to see that old wired box thingy to watch TV? This IS Hell!
1780,5764,0,8,42,50,1.16,0.05237229365663817,617,I bet he doesn't even get HBO.
2130,5764,0,8,42,50,1.16,0.05237229365663817,617,I've heard he’s trying to crack down on fossil fuels so…
1085,5764,0,8,42,50,1.16,0.05237229365663817,617,I'm not too crazy about the previews.
957,5764,1,6,43,50,1.16,0.05965889433663171,617,So they added a tenth circle for stars of reality TV.
4013,5764,0,8,42,50,1.16,0.05237229365663817,617,I’d rather take a bath.
32,5764,2,4,44,50,1.16,0.06614763944451557,617,i cant bare to watch the devil
78,5764,1,6,43,50,1.16,0.05965889433663171,617,I knew I’d end up at Walmart...
128,5764,1,6,43,50,1.16,0.05965889433663171,617,I should have eaten Wheaties!
151,5764,1,6,43,50,1.16,0.05965889433663171,617,I could watch the HellNews Channel all day long.
155,5764,2,4,44,50,1.16,0.06614763944451557,617,Enough with the commercials!
189,5764,0,8,42,50,1.16,0.05237229365663817,617,What a boob I was to not believe he was such a prick.
244,5764,1,6,43,50,1.16,0.05965889433663171,617,This is his version of the Christmas Log on TV for eternity. At least its better than the cable sign-up commercials that it replaced.
246,5764,1,6,43,50,1.16,0.05965889433663171,617,It's REALLY nice on Christmas Eve.
260,5764,2,4,44,50,1.16,0.06614763944451557,617,"If this is Hell,I'm in Heaven!"
267,5764,0,8,42,50,1.16,0.05237229365663817,617,I guess this is what they call virtual reality
307,5764,2,4,44,50,1.16,0.06614763944451557,617,Boring...
405,5764,0,8,42,50,1.16,0.05237229365663817,617,Budget cuts...at least it's not a big screen!
452,5764,0,8,42,50,1.16,0.05237229365663817,617,What's worse is there's no remote.
988,5764,2,4,44,50,1.16,0.06614763944451557,617,It’s not even HD.
473,5764,1,6,43,50,1.16,0.05965889433663171,617,Could you please change the channel?
523,5764,0,8,42,50,1.16,0.05237229365663817,617,Now I know what Hell is. No flat screen tv.
532,5764,2,4,44,50,1.16,0.06614763944451557,617,"On last week's episode of ""Naked and Afraid"" someone was bitten in the ass by an alligator."
536,5764,0,8,42,50,1.16,0.05237229365663817,617,[[This image is fairly offensive for some reason. You should pick another]]
556,5764,1,6,43,50,1.16,0.05965889433663171,617,ugh.. can we fast forward it? I hate these damned commercials.
580,5764,2,4,44,50,1.16,0.06614763944451557,617,I hear we get free HBO
583,5764,0,8,42,50,1.16,0.05237229365663817,617,It’s his version of Exteme Makeover and we’re auditioning for the next episode.
585,5764,0,8,42,50,1.16,0.05237229365663817,617,"Here, every channel is ambiance all the time."
606,5764,1,6,43,50,1.16,0.05965889433663171,617,You'd think they would at least have cable by now.
657,5764,2,4,44,50,1.16,0.06614763944451557,617,"First, for the next 100years, you must watch reruns of ""Joanie Loves Chachi"""
771,5764,1,6,43,50,1.16,0.05965889433663171,617,It’s a step to cut down on global warming
835,5764,0,8,42,50,1.16,0.05237229365663817,617,"I am hoping I win the free trip to ""Paris Fashion Week""!"
883,5764,0,8,42,50,1.16,0.05237229365663817,617,"""What do you find more torturous? All the ads for Heaven, or being denied the pleasures of a High Definition flatscreen?"
928,5764,0,8,42,50,1.16,0.05237229365663817,617,Only 16 more hours until the Jersey Shore marathon!
944,5764,1,6,43,50,1.16,0.05965889433663171,617,"Had I known we would all be naked, I would have thought twice about being a glutton."
482,5764,2,4,44,50,1.16,0.06614763944451557,617,I heard that this is the final episode in this series.
2141,5764,1,6,43,50,1.16,0.05965889433663171,617,Does SPF 50 protect you from high heat?
1875,5764,2,4,44,50,1.16,0.06614763944451557,617,Here it’s only re-runs...no commercials.
2158,5764,2,4,44,50,1.16,0.06614763944451557,617,"I was pretty sure there wouldn't be wifi, but I thought there would at least be satellite TV."
3086,5764,1,6,43,50,1.16,0.05965889433663171,617,There really is a hell
3101,5764,2,4,44,50,1.16,0.06614763944451557,617,Isn't it impressive how well M*A*S*H holds up?
3144,5764,1,6,43,50,1.16,0.05965889433663171,617,I think it's a rerun.
3154,5764,1,6,43,50,1.16,0.05965889433663171,617,It’s called The Yule Log.
3193,5764,2,4,44,50,1.16,0.06614763944451557,617,They say weather forecasters love it down here!
3223,5764,0,8,42,50,1.16,0.05237229365663817,617,He’s become much more aware of under global warming.
3240,5764,0,8,42,50,1.16,0.05237229365663817,617,I know... Low-def. It's torture.
3295,5764,2,4,44,50,1.16,0.06614763944451557,617,How disappointing. No cable.
3296,5764,2,4,44,50,1.16,0.06614763944451557,617,"I don't know about anyone else, but this flick is doing zero towards getting me in the mood. Is there a volunteer willing to maybe climb up there and vigorously manipulate the rabbit ears?"
3343,5764,1,6,43,50,1.16,0.05965889433663171,617,We used to have rabbit ears on our family television.
3396,5764,0,8,42,50,1.16,0.05237229365663817,617,Even in Purgatory they have a flat-screen TV.
2149,5764,1,6,43,50,1.16,0.05965889433663171,617,I always said that reality TV was a fresh hell.
3405,5764,1,6,43,50,1.16,0.05965889433663171,617,He keeps promising HD in the hereafter.
3451,5764,0,8,42,50,1.16,0.05237229365663817,617,Somebody has stolen his remote.
3069,5764,1,6,43,50,1.16,0.05965889433663171,617,"If they’re going to bore us to death, I wish they’d just show commercials."
3552,5764,1,6,43,50,1.16,0.05965889433663171,617,This is their attempt to reduce dependence on fossil fuel.
3598,5764,1,6,43,50,1.16,0.05965889433663171,617,"You know, these Housewives reality shows really help me feel better about my situation."
3620,5764,2,4,44,50,1.16,0.06614763944451557,617,It looks better on cable.
3675,5764,1,6,43,50,1.16,0.05965889433663171,617,I heard there were budget cuts.
3692,5764,1,6,43,50,1.16,0.05965889433663171,617,"Diners, drive-ins, and death am I right?"
3724,5764,1,6,43,50,1.16,0.05965889433663171,617,Hell hath no fury like multiple lovers scorned
3732,5764,2,4,44,50,1.16,0.06614763944451557,617,"Gee, that trade war really cut deep."
3767,5764,1,6,43,50,1.16,0.05965889433663171,617,"Having a special place reserved for all of us down here is not so bad, but having to watch CNN for eternity really sucks!"
3779,5764,1,6,43,50,1.16,0.05965889433663171,617,It seems we have to watch a commercial bofore we go down.
3800,5764,1,6,43,50,1.16,0.05965889433663171,617,Kind of chilly in here.
3825,5764,2,4,44,50,1.16,0.06614763944451557,617,"Gas was turned off but we still got electricity, so he wants us to at least see the flames."
3847,5764,1,6,43,50,1.16,0.05965889433663171,617,I preferred it when it was just the vast wasteland.
3864,5764,1,6,43,50,1.16,0.05965889433663171,617,Who knew C-SPAN could be so exciting?
3958,5764,1,6,43,50,1.16,0.05965889433663171,617,Only this channel? Worst Hell ever!
3974,5764,1,6,43,50,1.16,0.05965889433663171,617,Netflix.
3580,5764,0,8,42,50,1.16,0.05237229365663817,617,Im a bit disappointed. I thought it would be warmer down here.
3056,5764,0,8,42,50,1.16,0.05237229365663817,617,The reception in hell is not that bad after all. Even Satan came to greet us.
3398,5764,1,6,43,50,1.16,0.05965889433663171,617,Being forced to watch non HD for an eternity truly is a living hell.
3027,5764,2,4,44,50,1.16,0.06614763944451557,617,"Yes, we’ve lost a certain romance, but our eternal fire bill has plummeted and we’re on track to phase out brimstone entirely."
2194,5764,1,6,43,50,1.16,0.05965889433663171,617,This is the most boring onboarding video I've ever seen.
3038,5764,1,6,43,50,1.16,0.05965889433663171,617,It's a Sinatron. Nice picture quality.
2207,5764,1,6,43,50,1.16,0.05965889433663171,617,Nice to see that things are the same back home.
2219,5764,0,8,42,50,1.16,0.05237229365663817,617,You know Mr. Belvedere wasn't that bad a show.
2259,5764,0,8,42,50,1.16,0.05237229365663817,617,"I don't care, I'm a radio-guy, myself."
2346,5764,1,6,43,50,1.16,0.05965889433663171,617,Not bad.
2347,5764,1,6,43,50,1.16,0.05965889433663171,617,Lose cable all ye who enter here.
2441,5764,0,8,42,50,1.16,0.05237229365663817,617,I thought at least we'd get cable....
2469,5764,0,8,42,50,1.16,0.05237229365663817,617,Is that the smell of sulphur did somebody just trump?
2476,5764,2,4,44,50,1.16,0.06614763944451557,617,I guess all hell broke loose.
2481,5764,1,6,43,50,1.16,0.05965889433663171,617,He makes us watch reruns of a show he used to be the star of...I think it's called The Apprentice
2531,5764,1,6,43,50,1.16,0.05965889433663171,617,"I'm not saying I was a saint, but Standard-Definition? Really?"
2556,5764,1,6,43,50,1.16,0.05965889433663171,617,"Don't worry, those flames are obviously fake news. I'm mean even the TV and that guy's costume are fake. They can't do anything right. Sad."
2558,5764,1,6,43,50,1.16,0.05965889433663171,617,Great reception!
2619,5764,2,4,44,50,1.16,0.06614763944451557,617,We're in the white collar section.
2203,5764,1,6,43,50,1.16,0.05965889433663171,617,I'm not sure - it could season 666.
2636,5764,1,6,43,50,1.16,0.05965889433663171,617,"What, a flat screen doesn't get hot enough?"
2628,5764,2,4,44,50,1.16,0.06614763944451557,617,I lied about never watching TV. Why are you here?
2955,5764,1,6,43,50,1.16,0.05965889433663171,617,"So this is what it is like to stand naked before God but I didn’t know Satan would be here,too."
2900,5764,1,6,43,50,1.16,0.05965889433663171,617,It’s colder than I thought...
2898,5764,2,4,44,50,1.16,0.06614763944451557,617,"I dunno, it feels like we’re cheating hell somehow."
2849,5764,1,6,43,50,1.16,0.05965889433663171,617,That Jon Snow guy was full of it!
2836,5764,1,6,43,50,1.16,0.05965889433663171,617,"So glad you're relieved. Bad news is, you're all CGI, and your actual bodies are downstairs in the actual furnace. Have a great eternity."
2842,5764,2,4,44,50,1.16,0.06614763944451557,617,This is Milleanials Clothes Horse idea of Hell.
2737,5764,1,6,43,50,1.16,0.05965889433663171,617,A pledge break would be hell right now.
2723,5764,2,4,44,50,1.16,0.06614763944451557,617,And to think that watching FOX NEWS cold land us here.
2678,5764,2,4,44,50,1.16,0.06614763944451557,617,One channel over-the-air? Now that really is Hell!
2673,5764,2,4,44,50,1.16,0.06614763944451557,617,Wait 'til Flava Flav comes on.
2658,5764,2,4,44,50,1.16,0.06614763944451557,617,This is easily my favorite rerun.
2809,5764,0,8,42,50,1.16,0.05237229365663817,617,I'm sure it would look hotter in 4K...
3003,5764,0,8,42,50,1.16,0.05237229365663817,617,You have to admire his creativity.
5916,6034,1,6,44,51,1.1568627450980393,0.05856150793360032,617,The ninth circle of hell is a vintage TV with indoor aerial...
6505,6034,1,6,44,51,1.1568627450980393,0.05856150793360032,617,"Well...with fuel costs on the rise, it looks like cutbacks are hitting everybody."
6420,6034,2,4,45,51,1.1568627450980393,0.06491351120488961,617,"It's inspired by ""The Apprentice""."
6069,6034,1,6,44,51,1.1568627450980393,0.05856150793360032,617,It looks like Netflix is out of the question.
5984,6034,1,6,44,51,1.1568627450980393,0.05856150793360032,617,He forgot to pay the gas bill.
5063,6034,2,4,45,51,1.1568627450980393,0.06491351120488961,617,Another damn screen!
5789,6034,1,6,44,51,1.1568627450980393,0.05856150793360032,617,So much for getting the local channels in HD...
5675,6034,1,6,44,51,1.1568627450980393,0.05856150793360032,617,I thought it would be worse down here.
5362,6034,1,6,44,51,1.1568627450980393,0.05856150793360032,617,"Black and white TV? If that's all we get, we really are in Hell."
5304,6034,1,6,44,51,1.1568627450980393,0.05856150793360032,617,The good part is coming up soon!
6635,6034,2,4,45,51,1.1568627450980393,0.06491351120488961,617,They're opening the new subdivision
4974,6034,2,4,45,51,1.1568627450980393,0.06491351120488961,617,"Unless we get some clothes, that fire looks warm to me!"
5822,6034,0,8,43,51,1.1568627450980393,0.051430890386682374,617,Old set
6658,6034,1,6,44,51,1.1568627450980393,0.05856150793360032,617,That's a relief. Last week we had to watch Knicks games.
7675,6034,1,6,44,51,1.1568627450980393,0.05856150793360032,617,These 'As Advertised on TV' infomercials always intrigue me.
6916,6034,0,8,43,51,1.1568627450980393,0.051430890386682374,617,I didn’t expect Hell to have such a WPIX-feel to it.
6917,6034,1,6,44,51,1.1568627450980393,0.05856150793360032,617,Trying to reduce brimstone emissions.
6968,6034,0,8,43,51,1.1568627450980393,0.051430890386682374,617,Looks warm and cosy to me!
7250,6034,2,4,45,51,1.1568627450980393,0.06491351120488961,617,"Who in Hell is in charge? One old TV, one channel, and all reruns of the same show!"
7403,6034,1,6,44,51,1.1568627450980393,0.05856150793360032,617,This nudist beach certainly gets a lot hotter than I expected.
7703,6034,1,6,44,51,1.1568627450980393,0.05856150793360032,617,Oh darn. No Wi-Fi.
7745,6034,0,8,43,51,1.1568627450980393,0.051430890386682374,617,All we get is Heckflicks.
7840,6034,1,6,44,51,1.1568627450980393,0.05856150793360032,617,"If you think this is hell, wait until Uncle Miltie comes on."
7893,6034,1,6,44,51,1.1568627450980393,0.05856150793360032,617,The News is nothing but fire and brimstone these days!
8051,6034,1,6,44,51,1.1568627450980393,0.05856150793360032,617,At least our cable package comes with public-access
8105,6034,1,6,44,51,1.1568627450980393,0.05856150793360032,617,"Well, this show is really burning up the competition."
8111,6034,1,6,44,51,1.1568627450980393,0.05856150793360032,617,You think this cutback is bad? I haven't even been tortured in days.
4945,6034,1,6,44,51,1.1568627450980393,0.05856150793360032,617,Seriously...that's his job? To tell us to turn so we don't burn?
6814,6034,1,6,44,51,1.1568627450980393,0.05856150793360032,617,"So, this is how he tortures TV couch potatoes."
4425,6034,1,6,44,51,1.1568627450980393,0.05856150793360032,617,Do you think I can keep the glasses?
986,6034,1,6,44,51,1.1568627450980393,0.05856150793360032,617,"Well, yes, as a matter of fact I do still like the yule log channel!"
4046,6034,0,8,43,51,1.1568627450980393,0.051430890386682374,617,I hear it's worse than it looks.
4398,6034,0,8,43,51,1.1568627450980393,0.051430890386682374,617,Satan's a late adopter. The brimstone's wax paper.
102,6034,1,6,44,51,1.1568627450980393,0.05856150793360032,617,Hell is only having the Fireplace Channel on tv all day.
143,6034,0,8,43,51,1.1568627450980393,0.051430890386682374,617,"In season 3,576, we find out who the killer is."
231,6034,0,8,43,51,1.1568627450980393,0.051430890386682374,617,I think this the course on smoke detector safety.
559,6034,1,6,44,51,1.1568627450980393,0.05856150793360032,617,This is so meta.
1013,6034,1,6,44,51,1.1568627450980393,0.05856150793360032,617,Gas prices went up again.
1214,6034,0,8,43,51,1.1568627450980393,0.051430890386682374,617,"I'm all for fire safety but I still don't get when I'm supposed to scream in pain or stop, drop and roll....."
1263,6034,2,4,45,51,1.1568627450980393,0.06491351120488961,617,This reminds me of a great scene from the Wire. Did you see the Wire?
1271,6034,0,8,43,51,1.1568627450980393,0.051430890386682374,617,The real torture is the long commercial breaks
1465,6034,1,6,44,51,1.1568627450980393,0.05856150793360032,617,Rabbit Ears and a CRT! What could be worse?
1701,6034,2,4,45,51,1.1568627450980393,0.06491351120488961,617,Things have gotten so bad they can't even afford cable.
1791,6034,1,6,44,51,1.1568627450980393,0.05856150793360032,617,"I know that we're here for eternity, but he does realize that somewhere out there is the 21st century, right?"
1891,6034,2,4,45,51,1.1568627450980393,0.06491351120488961,617,I really thought Sadaam would've had a bigger dick
2008,6034,2,4,45,51,1.1568627450980393,0.06491351120488961,617,Most casting calls for extras don’t include this much fair warning.
1832,6034,1,6,44,51,1.1568627450980393,0.05856150793360032,617,What’s going on again?
2278,6034,2,4,45,51,1.1568627450980393,0.06491351120488961,617,"Even with budget cuts, you'd think they could get cable here of all places."
3791,6034,2,4,45,51,1.1568627450980393,0.06491351120488961,617,Trump voters finally free to sexually harass.
3761,6034,2,4,45,51,1.1568627450980393,0.06491351120488961,617,"The good news is that we all are to be given a complete understanding of all truth and beauty. The bad news is that television will soon begin broadcasting Fox News for the rest of eternity. If they left me my hat, it'd be off to him."
3722,6034,1,6,44,51,1.1568627450980393,0.05856150793360032,617,It's only fire and brimstone repeats.
3377,6034,2,4,45,51,1.1568627450980393,0.06491351120488961,617,The great thing about cable is the never-ending supply of election coverage.
2188,6034,1,6,44,51,1.1568627450980393,0.05856150793360032,617,"First Trump, then another Ford. I knew it was a bad idea."
3075,6034,1,6,44,51,1.1568627450980393,0.05856150793360032,617,They closed down the coal mines to protect the environment.
3222,6034,1,6,44,51,1.1568627450980393,0.05856150793360032,617,Will sunscreen help?
2969,6034,1,6,44,51,1.1568627450980393,0.05856150793360032,617,It's awfully popular for a show that doesn't do much in the way of character development...
2930,6034,1,6,44,51,1.1568627450980393,0.05856150793360032,617,"first things first, shelter and water."
2830,6034,2,4,45,51,1.1568627450980393,0.06491351120488961,617,"This is the All-American First Class program: Guns, Drugs, Nakedness.....and cable."
2624,6034,1,6,44,51,1.1568627450980393,0.05856150793360032,617,"For being trapped for all eternity, you would think they would at least get High-Def."
2367,6034,1,6,44,51,1.1568627450980393,0.05856150793360032,617,"With oil at $70 a barrel, they couldn't afford real hellfire."
2998,6034,1,6,44,51,1.1568627450980393,0.05856150793360032,617,Nothing works right in hell. Even the inferno is on the blink.
4571,6095,1,6,45,52,1.1538461538461537,0.05750346166126171,617,"Wow, imagine missing this! That guy with the pitchfork must’ve done something REALLY bad."
5806,6095,1,6,45,52,1.1538461538461537,0.05750346166126171,617,"Even in the afterlife, we live in a simulation."
5792,6095,2,4,46,52,1.1538461538461537,0.06372437458303955,617,They ran out of room in the Second Circle.
4933,6095,1,6,45,52,1.1538461538461537,0.05750346166126171,617,Cosby Show reruns again.
4762,6095,0,8,44,52,1.1538461538461537,0.05052227518686043,617,It cannot be live streaming on that antique.
3556,6095,0,8,44,52,1.1538461538461537,0.05052227518686043,617,It's just because it's cold in here...
4651,6095,0,8,44,52,1.1538461538461537,0.05052227518686043,617,"I think you will like our new digital version of hell, fire and brimstone."
2432,6095,0,8,44,52,1.1538461538461537,0.05052227518686043,617,American Horror Story Programming...
2374,6095,1,6,45,52,1.1538461538461537,0.05750346166126171,617,This is so much better than last week's Barney & Friends marathon.
1351,6095,1,6,45,52,1.1538461538461537,0.05750346166126171,617,White House press briefing.
1293,6095,2,4,46,52,1.1538461538461537,0.06372437458303955,617,"I don't know what's worse, Hell, or having tom's butt in my face"
1105,6095,1,6,45,52,1.1538461538461537,0.05750346166126171,617,"Yeah, so, Satan forgot to pay the cable bill and pick up the laundry again. He's such a deadbeat."
3359,6095,0,8,44,52,1.1538461538461537,0.05052227518686043,617,I’m a little disappointed in the picture quality...
1401,6108,1,6,46,53,1.150943396226415,0.056482695855704056,617,Gather around everyone and feel the warmth of the fire.
4952,6108,1,6,46,53,1.150943396226415,0.056482695855704056,617,They save their best talent for the commercials.
6263,6108,1,6,46,53,1.150943396226415,0.056482695855704056,617,I don't know why we need a political consultant selling fear.
7765,6108,1,6,46,53,1.150943396226415,0.056482695855704056,617,Can't they fix this hellish reception?
4950,6112,0,7,40,47,1.148936170212766,0.05249310253140096,617,He outsourced the flames to India.
5184,6112,1,5,41,47,1.148936170212766,0.06066790909183939,617,I wondered what happened to that bucket of massage oil.
5264,6112,1,5,41,47,1.148936170212766,0.06066790909183939,617,I see we dressed appropriately for the occasion.
5293,6112,0,7,40,47,1.148936170212766,0.05249310253140096,617,"Yeah, it's like the video yule log fire and Beelzebub over there is stingy with the remote. What say we do some writhing....."
5488,6112,1,5,41,47,1.148936170212766,0.06066790909183939,617,So now we know - hell only has a black and white TV.
5657,6112,2,3,42,47,1.148936170212766,0.06786504677504616,617,"I knew the networks were in trouble, but this is worse than I thought."
5520,6112,1,5,41,47,1.148936170212766,0.06066790909183939,617,"It's ironic, but he thinks the Yule log is really effective."
5553,6112,2,3,42,47,1.148936170212766,0.06786504677504616,617,If I knew there was going to be a TV I would have stolen more than just a ChapStick
5619,6112,0,7,40,47,1.148936170212766,0.05249310253140096,617,Do you think he's got a Roku?
4922,6112,2,3,42,47,1.148936170212766,0.06786504677504616,617,you are hereby summoned to appear for jury duty
5687,6112,1,5,41,47,1.148936170212766,0.06066790909183939,617,Satan was really excited to hear that they finally uploaded episodes of Sunday Night Heat to WWE Network.
5881,6112,1,5,41,47,1.148936170212766,0.06066790909183939,617,Guess this isn't Burning Man.
5499,6112,1,5,41,47,1.148936170212766,0.06066790909183939,617,- I guess no budget for HD!
4906,6112,2,3,42,47,1.148936170212766,0.06786504677504616,617,"My exwife, upon my death, provided the following recommendations to Satan .. no cable, no 24 hour sports channel and no remote."
4729,6112,1,5,41,47,1.148936170212766,0.06066790909183939,617,Is this for real?
4837,6112,1,5,41,47,1.148936170212766,0.06066790909183939,617,"'I'm seeing a 2003 Yule Log influence."""
4790,6112,2,3,42,47,1.148936170212766,0.06786504677504616,617,"I expected TV in Hell, but I always thought it'd be 'Real Housewives' or something."
4733,6112,2,3,42,47,1.148936170212766,0.06786504677504616,617,The Flames of Hell have been a lot less hot this season. Shouldn't have sold it to Disney
4619,6112,0,7,40,47,1.148936170212766,0.05249310253140096,617,Darn cable's down again
4107,6112,1,5,41,47,1.148936170212766,0.06066790909183939,617,An eternity of ads -- this really _is_ hell!
4546,6112,1,5,41,47,1.148936170212766,0.06066790909183939,617,Pre-tweet media
4388,6112,2,3,42,47,1.148936170212766,0.06786504677504616,617,Are we bad people if we jailbreak the firestick?
4343,6112,1,5,41,47,1.148936170212766,0.06066790909183939,617,The fake media is melting.
4330,6112,1,5,41,47,1.148936170212766,0.06066790909183939,617,I think it means the end of the world is here.
4295,6112,1,5,41,47,1.148936170212766,0.06066790909183939,617,I hope this time share presentation doesn't last forever as I'm really looking forward to the free tickets to Disneyland
4246,6112,0,7,40,47,1.148936170212766,0.05249310253140096,617,"The old WPIX ""Yule Log"" it isn't."
4141,6112,1,5,41,47,1.148936170212766,0.06066790909183939,617,"These budget cuts are something, eh?"
4128,6112,1,5,41,47,1.148936170212766,0.06066790909183939,617,It's a budget reduction action.
5917,6112,1,5,41,47,1.148936170212766,0.06066790909183939,617,I heard it's our turn next week.
4855,6112,0,7,40,47,1.148936170212766,0.05249310253140096,617,"I heard they used to burn sinners in hellfire, but someone in the front office decided making us watch it on a non-HD TV was just as painful."
5920,6112,1,5,41,47,1.148936170212766,0.06066790909183939,617,I guess it's out of the bedroom and into the fire.
7390,6112,0,7,40,47,1.148936170212766,0.05249310253140096,617,This trailer is going to hell.
6007,6112,1,5,41,47,1.148936170212766,0.06066790909183939,617,This week the Kardashians are really in trouble.
4018,6112,1,5,41,47,1.148936170212766,0.06066790909183939,617,"Is the video a ""warm up"" for what's going to happen to us?"
7811,6112,1,5,41,47,1.148936170212766,0.06066790909183939,617,I guess the reception is always pretty poor down here.
7795,6112,1,5,41,47,1.148936170212766,0.06066790909183939,617,"The Lord of Darkest promised all of us a triple X-rated movie, so hot & filthy , it will have us participating, willingly, in the biggest, sickest, sexual orgy of our afterlife! We've been waiting for days now, this IS HELL!"
7769,6112,0,7,40,47,1.148936170212766,0.05249310253140096,617,Is this a “scared straight” redux or a retro immersive virtual reality therapy session?
7760,6112,1,5,41,47,1.148936170212766,0.06066790909183939,617,"When they turn it off after the anthem, you get that tiny white speck floating off into nothingness."
7659,6112,1,5,41,47,1.148936170212766,0.06066790909183939,617,It's hotter than hell in Satan's den!
7866,6112,0,7,40,47,1.148936170212766,0.05249310253140096,617,Well I guess it is only too long if its bad.
7543,6112,1,5,41,47,1.148936170212766,0.06066790909183939,617,"It will get more lively when ""Virtual Reality"" finally arrives."
7531,6112,0,7,40,47,1.148936170212766,0.05249310253140096,617,The 2011 version was a hell lot better.
7366,6112,1,5,41,47,1.148936170212766,0.06066790909183939,617,Alright! Free Sin-o-max!
7093,6112,1,5,41,47,1.148936170212766,0.06066790909183939,617,"No cable, no clothes. This is hell."
7084,6112,1,5,41,47,1.148936170212766,0.06066790909183939,617,It’s pique TV.
7054,6112,1,5,41,47,1.148936170212766,0.06066790909183939,617,"Well, it'd be more convincing on a flat screen with UHD."
7009,6112,1,5,41,47,1.148936170212766,0.06066790909183939,617,It was the only leadership summit we could afford.
5982,6112,0,7,40,47,1.148936170212766,0.05249310253140096,617,"They have a no late seating policy so we can't get in the First Circle, but the porn is in the Second anyway."
6873,6112,1,5,41,47,1.148936170212766,0.06066790909183939,617,"For Pete’s sake, someone change the channel!"
6844,6112,1,5,41,47,1.148936170212766,0.06066790909183939,617,"What did you expect, HDTV?"
6755,6112,2,3,42,47,1.148936170212766,0.06786504677504616,617,We lost the remote.
6625,6112,0,7,40,47,1.148936170212766,0.05249310253140096,617,"So Mirna, what are your plans for this winter ??! That looks like a hell of a place !!"
6572,6112,1,5,41,47,1.148936170212766,0.06066790909183939,617,They really should cut the cable.
6556,6112,0,7,40,47,1.148936170212766,0.05249310253140096,617,We have to be sure to bring the sunblock.
6504,6112,0,7,40,47,1.148936170212766,0.05249310253140096,617,"Oh to hell with it, let's go!"
6487,6112,1,5,41,47,1.148936170212766,0.06066790909183939,617,The commercials just seem to go on forever!
6423,6112,2,3,42,47,1.148936170212766,0.06786504677504616,617,The focus group guy didn't mention this.
6348,6112,1,5,41,47,1.148936170212766,0.06066790909183939,617,"So it was ""a cold day IS hell?"" Cosmic typo."
6253,6112,1,5,41,47,1.148936170212766,0.06066790909183939,617,"You might be right, but then what did yule logs represent?"
6239,6112,1,5,41,47,1.148936170212766,0.06066790909183939,617,So this is entertainment in the naked city.
6190,6112,0,7,40,47,1.148936170212766,0.05249310253140096,617,That’s one hell of a show.
6124,6112,1,5,41,47,1.148936170212766,0.06066790909183939,617,It's called ASI....Aritificial Suffering Intelligence.
6119,6112,0,7,40,47,1.148936170212766,0.05249310253140096,617,"""Hell"" is right! I've always preferred cable to rabbit ears."
6868,6112,0,7,40,47,1.148936170212766,0.05249310253140096,617,Guess they got behind on the utility and the cable bills.
3865,6112,1,5,41,47,1.148936170212766,0.06066790909183939,617,So we took our clothes off...did Nelly say anything else?
338,6112,0,7,40,47,1.148936170212766,0.05249310253140096,617,I told him I was looking for a two bedroom with a REAL fireplace.
3813,6112,1,5,41,47,1.148936170212766,0.06066790909183939,617,He could have at least upgraded to surround sound.
2014,6112,1,5,41,47,1.148936170212766,0.06066790909183939,617,Finally...Reality TV that is actually real.
1979,6112,0,7,40,47,1.148936170212766,0.05249310253140096,617,Never thought I'd see UHF again.
1916,6112,2,3,42,47,1.148936170212766,0.06786504677504616,617,"look, I said downsizing works."
1874,6112,1,5,41,47,1.148936170212766,0.06066790909183939,617,"They just show this same Game of Thrones scene over and over, and you never get to the ending."
1841,6112,0,7,40,47,1.148936170212766,0.05249310253140096,617,Was I really a flaming A-hole all my life?
1813,6112,0,7,40,47,1.148936170212766,0.05249310253140096,617,"Wow! It has a tanning salon, too? I'm in!"
1807,6112,2,3,42,47,1.148936170212766,0.06786504677504616,617,I was hoping for a 50” flat screen.
1731,6112,1,5,41,47,1.148936170212766,0.06066790909183939,617,No flat screen ? No wonder they call this hell.
1676,6112,1,5,41,47,1.148936170212766,0.06066790909183939,617,The ‘Here Comes Honey Boo Boo’ marathon starts after the commercial.
1488,6112,0,7,40,47,1.148936170212766,0.05249310253140096,617,It's for newbies: just to prove we are are really in Hell they let us watch the Kardashians...over and over..and over
1471,6112,0,7,40,47,1.148936170212766,0.05249310253140096,617,The reality is not as bad as it looks.
1458,6112,0,7,40,47,1.148936170212766,0.05249310253140096,617,CCTV.
1451,6112,0,7,40,47,1.148936170212766,0.05249310253140096,617,I love the new reality show!
1276,6112,1,5,41,47,1.148936170212766,0.06066790909183939,617,At least it's not in HD.
1257,6112,1,5,41,47,1.148936170212766,0.06066790909183939,617,"Fox News, I'll bet."
1242,6112,1,5,41,47,1.148936170212766,0.06066790909183939,617,"If this works, in Q3 we're going for Virtual Reality."
1235,6112,0,7,40,47,1.148936170212766,0.05249310253140096,617,This is 90's torture.
1171,6112,1,5,41,47,1.148936170212766,0.06066790909183939,617,"This feels like a total waste of time, no way Nelly really uses this for his video concept for “It’s getting hot in here...”"
1089,6112,1,5,41,47,1.148936170212766,0.06066790909183939,617,"TV hell is a new public awareness presentation of the EPA. They want the climate change people to stop saying ""It's getting hotter than hell"" willy-nilly."
1027,6112,2,3,42,47,1.148936170212766,0.06786504677504616,617,"TV in hell sucks; I want my soul, shame, and Netflix back."
607,6112,1,5,41,47,1.148936170212766,0.06066790909183939,617,I needed a spark in my life.
573,6112,2,3,42,47,1.148936170212766,0.06786504677504616,617,I'm still not sold on this Escape Room thing.
423,6112,1,5,41,47,1.148936170212766,0.06066790909183939,617,When I heard 'come on down' I never would have guessed there's a 'The Price Is Right' in hell.
361,6112,1,5,41,47,1.148936170212766,0.06066790909183939,617,The only channel we get is C-SPAN 2
227,6112,0,7,40,47,1.148936170212766,0.05249310253140096,617,The Murder Channel is my favorite.
49,6112,1,5,41,47,1.148936170212766,0.06066790909183939,617,I hear they're playing Gremlins next.
48,6112,1,5,41,47,1.148936170212766,0.06066790909183939,617,We're an equal opportunity employer - all bodies welcome!
47,6112,2,3,42,47,1.148936170212766,0.06786504677504616,617,At least he could have sprung for hellfire in HD!
3834,6112,1,5,41,47,1.148936170212766,0.06066790909183939,617,"The punishment is, it's all reruns."
2088,6112,1,5,41,47,1.148936170212766,0.06066790909183939,617,"See Bonnie, I told you it’s all fake news - it’s actually quite pleasant here."
2157,6112,0,7,40,47,1.148936170212766,0.05249310253140096,617,"So far, I think I prefer Season 1."
265,6112,0,7,40,47,1.148936170212766,0.05249310253140096,617,Having to watch on an old TV really is hell.
2172,6112,3,1,43,47,1.148936170212766,0.07436890448287321,617,Reality TV isn't any better down here.
2164,6112,0,7,40,47,1.148936170212766,0.05249310253140096,617,Refreshing! I was beyond overwhelmed by clothing and viewing options life offered.
3790,6112,0,7,40,47,1.148936170212766,0.05249310253140096,617,It's closed-circuit.
3742,6112,0,7,40,47,1.148936170212766,0.05249310253140096,617,Remember when we thought televised yule logs were an invention of the devil?
3736,6112,1,5,41,47,1.148936170212766,0.06066790909183939,617,I assumed there'd be a hotspot.
3691,6112,1,5,41,47,1.148936170212766,0.06066790909183939,617,It’s better in black & white.
3484,6112,0,7,40,47,1.148936170212766,0.05249310253140096,617,This training video was clearly recorded in the 70's
3467,6112,2,3,42,47,1.148936170212766,0.06786504677504616,617,Whodathunkit !
3453,6112,1,5,41,47,1.148936170212766,0.06066790909183939,617,Did you know they ran corporate days?
3391,6112,1,5,41,47,1.148936170212766,0.06066790909183939,617,We're just doing this so he feels less nervous about his speech.
3301,6112,0,7,40,47,1.148936170212766,0.05249310253140096,617,1. At least when I was alive I had 200 channels with nothing on. 2. Who'd have thought that virtual hell could be worse than the real thing? 3. I knew I should have died sooner.
3212,6112,1,5,41,47,1.148936170212766,0.06066790909183939,617,"Could be worse, at least it’s not old reruns of Honey BooBoo."
3131,6112,1,5,41,47,1.148936170212766,0.06066790909183939,617,You're not fooling me. You've been staring at her the whole time.
3105,6112,1,5,41,47,1.148936170212766,0.06066790909183939,617,All who watched Fox News non-stop and believed everything they told you - please step this way. A new torment awaits.
3081,6112,1,5,41,47,1.148936170212766,0.06066790909183939,617,Watching in standard definition is torture.
2973,6112,0,7,40,47,1.148936170212766,0.05249310253140096,617,I love me some bad old crackle.
3671,6112,2,3,42,47,1.148936170212766,0.06786504677504616,617,Get a load of those fake TV flames
2864,6112,2,3,42,47,1.148936170212766,0.06786504677504616,617,Hell hath no fury like a documentary in real time on global warming.
2940,6112,0,7,40,47,1.148936170212766,0.05249310253140096,617,What kind of dummy uses comic sans font anyway?
2241,6112,1,5,41,47,1.148936170212766,0.06066790909183939,617,It's his concession to OSHA.
2353,6112,1,5,41,47,1.148936170212766,0.06066790909183939,617,Makes more sense than the Christmas fire log he was playing yesterday.
2205,6112,0,7,40,47,1.148936170212766,0.05249310253140096,617,Understandable.
2399,6112,0,7,40,47,1.148936170212766,0.05249310253140096,617,I still don’t know why we had to be naked to watch his Tv.
2450,6112,1,5,41,47,1.148936170212766,0.06066790909183939,617,"They say the ""damnation"" part is just the poor reception, and wait till you see what passes for brimstone."
2391,6112,1,5,41,47,1.148936170212766,0.06066790909183939,617,"I disagree, season 2 was way better."
2662,6112,0,7,40,47,1.148936170212766,0.05249310253140096,617,These training videos are just hell.
2672,6112,0,7,40,47,1.148936170212766,0.05249310253140096,617,"I've never heard of him, but apparently he was really hot on the New York scene so they had to have him."
2681,6112,1,5,41,47,1.148936170212766,0.06066790909183939,617,"I don't miss the clothes, but I missed the cable."
2719,6112,0,7,40,47,1.148936170212766,0.05249310253140096,617,Every Halloween he puts on the Ghoul Log.
2786,6112,1,5,41,47,1.148936170212766,0.06066790909183939,617,Does anyone know how to change the channel on this thing?
2522,6112,1,5,41,47,1.148936170212766,0.06066790909183939,617,Check out the lovely tits in the front row.
2863,6112,0,7,40,47,1.148936170212766,0.05249310253140096,617,It's not a hand basket. It's a CRT.
4905,6243,0,7,41,48,1.1458333333333333,0.05148145136372289,617,I thought they've have cable.
4747,6243,0,7,41,48,1.1458333333333333,0.05148145136372289,617,Things around here have gone to Hell since Netflix picked up the Yule Log channel.
4686,6243,0,7,41,48,1.1458333333333333,0.05148145136372289,617,Is this Norway or Hell?
4476,6243,0,7,41,48,1.1458333333333333,0.05148145136372289,617,It hasn't improved since they showed it at Parris Island in '69.
4119,6243,0,7,41,48,1.1458333333333333,0.05148145136372289,617,Can you believe it's not in color!!
3753,6243,2,3,43,48,1.1458333333333333,0.06650856696625959,617,"It's the Dante Channel. The ""chill"" part is doubtful..."
3747,6243,0,7,41,48,1.1458333333333333,0.05148145136372289,617,I'd kill for a flat screen.
3506,6243,0,7,41,48,1.1458333333333333,0.05148145136372289,617,"Well, at least Carnival Line has a TV that works."
4437,6243,0,7,41,48,1.1458333333333333,0.05148145136372289,617,Wait till you see the marshmallows.
5060,6243,0,7,41,48,1.1458333333333333,0.05148145136372289,617,I hear the next level is in HD
7008,6243,1,5,42,48,1.1458333333333333,0.059471544937141164,617,It’s hot as hell in here
5550,6243,0,7,41,48,1.1458333333333333,0.05148145136372289,617,Doesn’t he get any other channels?
5584,6243,1,5,42,48,1.1458333333333333,0.059471544937141164,617,"I thought he said, “Uncle Miltie,” not “Milton...”"
5823,6243,1,5,42,48,1.1458333333333333,0.059471544937141164,617,It's a bit chilly.
5958,6243,1,5,42,48,1.1458333333333333,0.059471544937141164,617,"Fellas, we only offer complimentary Fire TV here. If you wanted HBO, you should've done better in your lives."
6671,6243,0,7,41,48,1.1458333333333333,0.05148145136372289,617,So hell is watching previews for eternity?
7272,6243,1,5,42,48,1.1458333333333333,0.059471544937141164,617,"If those antennae are any indication, we're in for a 20th century welcome show."
7305,6243,0,7,41,48,1.1458333333333333,0.05148145136372289,617,This is terrible - it's not even HD!
7518,6243,1,5,42,48,1.1458333333333333,0.059471544937141164,617,"I really did intend on going to the gym regularly, but..."
3386,6243,2,3,43,48,1.1458333333333333,0.06650856696625959,617,Are you OK? I am feeling a bit of a chill.
7963,6243,1,5,42,48,1.1458333333333333,0.059471544937141164,617,Great royal wedding seats in the No Fascinator section -  but at least we can hear the fire sermon!
5152,6243,0,7,41,48,1.1458333333333333,0.05148145136372289,617,"The set is upside down, silly."
3281,6243,0,7,41,48,1.1458333333333333,0.05148145136372289,617,I wonder what the commercials will be like.
2038,6243,0,7,41,48,1.1458333333333333,0.05148145136372289,617,Welcome to the Canadian Energy Efficient Hell. Also known as EEH.
3053,6243,1,5,42,48,1.1458333333333333,0.059471544937141164,617,"Ever since they went to the ""Take a Ticket, Take a Number"" system of running the Sex Club, membership has improved significantly."
310,6243,0,7,41,48,1.1458333333333333,0.05148145136372289,617,"So, who let Kevin touch the remote?"
368,6243,0,7,41,48,1.1458333333333333,0.05148145136372289,617,It's a Hell of a thing to have to watch reruns for eternity.
572,6243,0,7,41,48,1.1458333333333333,0.05148145136372289,617,What the hell is going on up there?
756,6243,0,7,41,48,1.1458333333333333,0.05148145136372289,617,At least they have cable.
812,6243,0,7,41,48,1.1458333333333333,0.05148145136372289,617,"Gad, even the pre-event video is so retro!"
3093,6243,0,7,41,48,1.1458333333333333,0.05148145136372289,617,"Netflix, comes out with net flames. I’m jiggly Netflix, netflames! Aren’t you glad we subscribed?"
1174,6243,1,5,42,48,1.1458333333333333,0.059471544937141164,617,You Devil ruined our TV and we’re all naked; why?
1179,6243,1,5,42,48,1.1458333333333333,0.059471544937141164,617,The Palais de Tokyo’s “Visite Naturiste” is about to begin.
1546,6243,1,5,42,48,1.1458333333333333,0.059471544937141164,617,We knew missing Meghan and Harry was not an option.
1873,6243,2,3,43,48,1.1458333333333333,0.06650856696625959,617,How's got the remote?
858,6243,1,5,42,48,1.1458333333333333,0.059471544937141164,617,"The Rotten Tomatoes score is 17 percent, but I want you to be the judge."
2094,6243,2,3,43,48,1.1458333333333333,0.06650856696625959,617,I got this great deal for one tv channel. It's cheaper than heating this place.
2206,6243,0,7,41,48,1.1458333333333333,0.05148145136372289,617,Time to go burn at the Fake News stake.
2246,6243,1,5,42,48,1.1458333333333333,0.059471544937141164,617,Your cover has been blown.
2435,6243,1,5,42,48,1.1458333333333333,0.059471544937141164,617,Surprise! Hell as is turns out is an eternity watching Super Bowl commercials.
2452,6243,2,3,43,48,1.1458333333333333,0.06650856696625959,617,I would have assumed we could pre-register for this on Facebook didn't you?
2517,6243,0,7,41,48,1.1458333333333333,0.05148145136372289,617,This clothing optional idea seems to have really increased attendance at these programs....
2557,6243,1,5,42,48,1.1458333333333333,0.059471544937141164,617,I thought the boob tube would be better down here.
2885,6243,1,5,42,48,1.1458333333333333,0.059471544937141164,617,Nicely reminiscent of the Yule Log....
3012,6243,0,7,41,48,1.1458333333333333,0.05148145136372289,617,The WiFi is really rotten.
1882,6243,2,3,43,48,1.1458333333333333,0.06650856696625959,617,"Was a li'l worried when I heard they're getting fire sticks in addition to pitchforks, but amazon delivered a pleasant surprise."
4433,6289,1,5,43,49,1.1428571428571428,0.05832118435198043,617,"No cable or flat screen, it really is horrible."
5017,6289,0,7,42,49,1.1428571428571428,0.050507627227610534,617,It's hell not seeing this in hi-def.
5148,6289,0,6,36,42,1.1428571428571428,0.05464943254828616,617,They're showing previews of coming events.
4221,6289,0,7,42,49,1.1428571428571428,0.050507627227610534,617,--Wanna fuck before we fry? --Go to hell!
5434,6289,0,7,42,49,1.1428571428571428,0.050507627227610534,617,They do have good reception.
5830,6289,0,7,42,49,1.1428571428571428,0.050507627227610534,617,"Apparently they show ""Planet Earth"" in Heaven."
6566,6289,1,5,43,49,1.1428571428571428,0.05832118435198043,617,It's funny how many more guys like to watch T.V. now that we've invited the women.
5208,6289,1,5,43,49,1.1428571428571428,0.05832118435198043,617,The hellish thing is they don’t have cable.
4007,6289,1,5,43,49,1.1428571428571428,0.05832118435198043,617,"All Zombies must be naked; and no vegans nor vegetarians are allowed. Blood on, my friends!"
7419,6289,2,3,44,49,1.1428571428571428,0.06520506636966264,617,Purgatory I Test Question: Lava or Magma?
3111,6289,0,7,42,49,1.1428571428571428,0.050507627227610534,617,"After the Yule Log, my next favorite TV event is the Puppy Bowl"
2610,6289,1,4,37,42,1.1428571428571428,0.0644049739048166,617,They say the ad rate exceeds a million souls per minute!
1949,6289,2,3,44,49,1.1428571428571428,0.06520506636966264,617,"If this turns out to be a reality show, you should know - I didn’t come here to make friends."
1634,6289,1,5,43,49,1.1428571428571428,0.05832118435198043,617,"I said, let's melt together and go down."" ""I should have been more specific."
1318,6289,1,5,43,49,1.1428571428571428,0.05832118435198043,617,Sure wish we could watch a channel without flames!
1147,6289,1,5,43,49,1.1428571428571428,0.05832118435198043,617,Fire and brimstone seems tame compared to the comments being tossed around on the political talk shows.
932,6289,1,5,43,49,1.1428571428571428,0.05832118435198043,617,Wanna Netflame and chill?
430,6289,1,5,43,49,1.1428571428571428,0.05832118435198043,617,It's his version of snow.
124,6289,1,5,43,49,1.1428571428571428,0.05832118435198043,617,Only suntan lotion and ice cream commercials.
3938,6289,2,3,44,49,1.1428571428571428,0.06520506636966264,617,Sometime's I do prefer the reruns.
8049,6309,0,7,43,50,1.14,0.04956957592256419,617,Baggage claim in Vegas never gets old.
7732,6309,0,7,43,50,1.14,0.04956957592256419,617,"the naked eunuch part i could get use to, it’s the basic cable that’s a bit much."
6585,6309,1,5,44,50,1.14,0.057214241127145085,617,"It's getting cold in here! So put on all your clothes... (I am into it, i will put my clothes on)"
6310,6309,1,5,44,50,1.14,0.057214241127145085,617,"Come Hell or High Water, we all are doomed."
7354,6309,0,7,43,50,1.14,0.04956957592256419,617,Maybe he has Netflix.
5431,6309,1,5,44,50,1.14,0.057214241127145085,617,"Our next class is ""Fully Clothed and Loving It!"""
5151,6309,1,5,44,50,1.14,0.057214241127145085,617,This is definitely hell. It's not even flat screen.
4784,6309,2,3,45,50,1.14,0.06395151224456967,617,Nice to see so many familiar faces...and bodies.
958,6309,0,7,43,50,1.14,0.04956957592256419,617,"Frankly, it's lazy and we can't make s'mores now."
5751,6309,1,5,44,50,1.14,0.057214241127145085,617,"It’s the #1 show: so predictable, but still ‘must-watch’ tv."
4720,6319,1,5,45,51,1.1372549019607843,0.05614831789520141,617,I'm cancelling my subscription to Netflix.
4754,6319,3,1,47,51,1.1372549019607843,0.06871143320758917,617,The way things are going on up there I think we all made the right choices in life.
6523,6319,0,7,44,51,1.1372549019607843,0.048665386847023,617,Yes: Hell is now available on Netflix.
7530,6319,0,7,44,51,1.1372549019607843,0.048665386847023,617,"Purgatory is cable, flat screen and color but no binging."
5762,6323,0,6,39,45,1.1333333333333333,0.05124707431905384,617,At least you won't have to shave your legs any more.
5660,6323,1,4,40,45,1.1333333333333333,0.06030226891555274,617,Caillou will return after a word from our sponsor.
5724,6323,1,4,40,45,1.1333333333333333,0.06030226891555274,617,Don't try to change the channel.
5722,6323,0,6,39,45,1.1333333333333333,0.05124707431905384,617,Next week I get to choose.
5711,6323,0,6,39,45,1.1333333333333333,0.05124707431905384,617,This show is so unrealistic.
5665,6323,0,6,39,45,1.1333333333333333,0.05124707431905384,617,That analog t.v. is horrific!
5690,6323,1,4,40,45,1.1333333333333333,0.06030226891555274,617,We should be able to afford real fire now that we've cut the cord.
5679,6323,1,4,40,45,1.1333333333333333,0.06030226891555274,617,"At last, the hot chocolate"
5661,6323,0,6,39,45,1.1333333333333333,0.05124707431905384,617,I guess it's only fair we should start as interns.
5774,6323,1,4,40,45,1.1333333333333333,0.06030226891555274,617,"Hah, seems cable has reached here yet, still with the rabbit ears."
5703,6323,0,6,39,45,1.1333333333333333,0.05124707431905384,617,I hear it’s much more cost-effective this way.
5799,6323,0,6,39,45,1.1333333333333333,0.05124707431905384,617,"Not another ""Naked and Afraid"" marathon..."
6262,6323,1,4,40,45,1.1333333333333333,0.06030226891555274,617,"Oh no honey, the torture begins now. He knows Game of Thrones starts in 2 minutes."
5848,6323,1,4,40,45,1.1333333333333333,0.06030226891555274,617,Newton Minow was right.
5911,6323,0,6,39,45,1.1333333333333333,0.05124707431905384,617,We were responsible for canned closed circuit TV lectures for collage freshmen. Now we must face the fires of Hell - via closed circuit TV - for eternity.
5947,6323,0,6,39,45,1.1333333333333333,0.05124707431905384,617,Who knew it would be all analog all the time?
5981,6323,1,4,40,45,1.1333333333333333,0.06030226891555274,617,Anyone else think this show is pretty lit?
6015,6323,1,4,40,45,1.1333333333333333,0.06030226891555274,617,"That's all you get for eternity, re-runs of ""Celebrity Apprentice."""
6021,6323,1,4,40,45,1.1333333333333333,0.06030226891555274,617,"Maybe if we ask nicely, he'll change the channel"
6027,6323,1,4,40,45,1.1333333333333333,0.06030226891555274,617,"When the preacher said fires of hell I was picturing something flashier."" ""This is just the orientation."
6040,6323,2,2,41,45,1.1333333333333333,0.06816498108607269,617,""" We are all destined to live in a virtual HELL""."
6132,6323,0,6,39,45,1.1333333333333333,0.05124707431905384,617,This is actually my heaven believe it or not.
5648,6323,0,6,39,45,1.1333333333333333,0.05124707431905384,617,The welcome brochure did promise punishing temperatures with light entertainment.
6341,6323,1,4,40,45,1.1333333333333333,0.06030226891555274,617,Netflix has done it again.
6345,6323,1,4,40,45,1.1333333333333333,0.06030226891555274,617,"Oh, hell - I thought it was just a control tactic. How about you?"
5847,6323,1,4,40,45,1.1333333333333333,0.06030226891555274,617,What the hell - no cable?
5643,6323,1,4,40,45,1.1333333333333333,0.06030226891555274,617,Be thankful they haven't figured out how to close-caption it in braille.
5225,6323,1,4,40,45,1.1333333333333333,0.06030226891555274,617,I thought it would be worse down here.
5503,6323,0,6,39,45,1.1333333333333333,0.05124707431905384,617,Let's hope that gas main break is irreparable
4362,6323,1,4,40,45,1.1333333333333333,0.06030226891555274,617,I'm having a flashback to when I lived in Pune.. Bhagwan had us do a similar exercise..
4480,6323,0,6,39,45,1.1333333333333333,0.05124707431905384,617,They say it’s becsuse of global warming.
4509,6323,1,4,40,45,1.1333333333333333,0.06030226891555274,617,"JUST LIKE THEY SAID: ""PAVED WITH GOOED INVENTIONS""!"
4576,6323,0,6,39,45,1.1333333333333333,0.05124707431905384,617,There are so many people fired here that it rivals the Trump administration.
4635,6323,0,6,39,45,1.1333333333333333,0.05124707431905384,617,Could be worse. I hear the folks in purgatory have to watch reruns of The Ghost Whisperer.
4671,6323,0,6,39,45,1.1333333333333333,0.05124707431905384,617,"Thanks to the ""Art of the Deal"" there's now a much longer line to get into Hell. But Jared and Ivanka are selling a VR package for those who just can't wait."
4689,6323,0,6,39,45,1.1333333333333333,0.05124707431905384,617,This would be scarier in 4k
4744,6323,1,4,40,45,1.1333333333333333,0.06030226891555274,617,"Oh, that devil! He still thinks he's in charge!"
4789,6323,0,6,39,45,1.1333333333333333,0.05124707431905384,617,It's like Father John Misty music video.
4818,6323,1,4,40,45,1.1333333333333333,0.06030226891555274,617,"Don't worry, he's just teasing us!"
4907,6323,1,4,40,45,1.1333333333333333,0.06030226891555274,617,Then again you can't have 100 percent security without a tad of inconvenience.
4955,6323,0,6,39,45,1.1333333333333333,0.05124707431905384,617,I told you we’d regret canceling Netflix.
5597,6323,0,6,39,45,1.1333333333333333,0.05124707431905384,617,There was a coin toss to see which of us would get Facebook.
5046,6323,0,6,39,45,1.1333333333333333,0.05124707431905384,617,What really burns me is that he won't give us any clothes!
5150,6323,1,4,40,45,1.1333333333333333,0.06030226891555274,617,I am absolutely tortured by a TV that still uses ‘rabbit ears’ for reception. And you?
5188,6323,2,2,41,45,1.1333333333333333,0.06816498108607269,617,Of course it's Cox Cable.
5218,6323,1,4,40,45,1.1333333333333333,0.06030226891555274,617,"The good, the bad, the ugly...and the boring."
6375,6323,0,6,39,45,1.1333333333333333,0.05124707431905384,617,"Watching TV in hell, huh?"
5266,6323,1,4,40,45,1.1333333333333333,0.06030226891555274,617,"Hell, brought to you by your local cable provider."
5299,6323,0,6,39,45,1.1333333333333333,0.05124707431905384,617,I heard it was a controlled burn.
5311,6323,0,6,39,45,1.1333333333333333,0.05124707431905384,617,Isn’t a little late for a “heaven or hell” sermon?
5315,6323,1,4,40,45,1.1333333333333333,0.06030226891555274,617,You will have to put up with the fake fire. We are on a low budget.
5373,6323,1,4,40,45,1.1333333333333333,0.06030226891555274,617,"It's sort of a cross between Warhol's ""Empire State"" and the Channel 11 yule log."
5400,6323,1,4,40,45,1.1333333333333333,0.06030226891555274,617,"I know it’s pretty much all the same, but Thursday night’s lineup has really become ‘must-see’."
5413,6323,0,6,39,45,1.1333333333333333,0.05124707431905384,617,He's calling it Virtual Reality TV.
5502,6323,2,2,41,45,1.1333333333333333,0.06816498108607269,617,At least it’s not plasma.
5068,6323,1,4,40,45,1.1333333333333333,0.06030226891555274,617,I can’t believe how much skin they can show on television now.
6442,6323,0,6,39,45,1.1333333333333333,0.05124707431905384,617,Hell is out of date.
6719,6323,0,6,39,45,1.1333333333333333,0.05124707431905384,617,They said the wait wouldn't be long.
6451,6323,0,6,39,45,1.1333333333333333,0.05124707431905384,617,"It’s half past eternity, isn’t it time for brimstone to come on?"
7326,6323,0,6,39,45,1.1333333333333333,0.05124707431905384,617,Got a light?
7350,6323,0,6,39,45,1.1333333333333333,0.05124707431905384,617,It can't be that bad if we get to watch the Yule Log every day.
7383,6323,1,4,40,45,1.1333333333333333,0.06030226891555274,617,On Christmas Day in Hell there is no Yule log.
7412,6323,0,6,39,45,1.1333333333333333,0.05124707431905384,617,Apparently legal is dating the head of HR.
7490,6323,1,4,40,45,1.1333333333333333,0.06030226891555274,617,"Now if God asks, that's what happens"
7514,6323,1,4,40,45,1.1333333333333333,0.06030226891555274,617,"He says it's the only channel he catch down here, but I don't believe in him."
7515,6323,1,4,40,45,1.1333333333333333,0.06030226891555274,617,"So is this what he meant when he said. ""The Global Warming Channel was on fire!"""
7594,6323,0,6,39,45,1.1333333333333333,0.05124707431905384,617,WILL THIS REALLY SHOW US HOW TO GET OUT OF HERE?
7677,6323,0,6,39,45,1.1333333333333333,0.05124707431905384,617,"For safety reasons, no flammable products can be brought into the Kingdom."
7695,6323,1,4,40,45,1.1333333333333333,0.06030226891555274,617,Knew I should have been a firefighter instead of an accountant.
7719,6323,0,6,39,45,1.1333333333333333,0.05124707431905384,617,Be loyal to that s.o.b. and you receive in return denudement and a 1950’s Sylvania.
7749,6323,0,6,39,45,1.1333333333333333,0.05124707431905384,617,I thought at least they'd have cable!
7797,6323,1,4,40,45,1.1333333333333333,0.06030226891555274,617,I wonder how much he had to pay Charon for this kind of reception
7809,6323,2,2,41,45,1.1333333333333333,0.06816498108607269,617,A beautiful place - very fiery to the soul
7815,6323,1,4,40,45,1.1333333333333333,0.06030226891555274,617,Should we all start wearing a trucker cap?
7880,6323,0,6,39,45,1.1333333333333333,0.05124707431905384,617,One hour of this and we've got ourselves a plenary indulgence
7909,6323,1,4,40,45,1.1333333333333333,0.06030226891555274,617,Watch the safety video before we take off.
7947,6323,1,4,40,45,1.1333333333333333,0.06030226891555274,617,"I'm, OK with being naked, but no TV would definitely make me afraid."
7957,6323,2,2,41,45,1.1333333333333333,0.06816498108607269,617,I'm stoked when reality TV puts me right into the action!
7972,6323,1,4,40,45,1.1333333333333333,0.06030226891555274,617,I heard the third layer has fire AND brimstone.
8001,6323,0,6,39,45,1.1333333333333333,0.05124707431905384,617,Nothing is real here. That is the horror of damnation.
8033,6323,1,4,40,45,1.1333333333333333,0.06030226891555274,617,This is taking the Yule Log to a whole new level.
8072,6323,1,4,40,45,1.1333333333333333,0.06030226891555274,617,He thinks this is the tape that will get us on House Hunters.
8117,6323,1,4,40,45,1.1333333333333333,0.06030226891555274,617,Just wait. This is just the warm up exercise.
4359,6323,0,6,39,45,1.1333333333333333,0.05124707431905384,617,And no you can't watch any Stormy Daniels videos till Muller is done.
7319,6323,2,2,41,45,1.1333333333333333,0.06816498108607269,617,At least we are away from all that body heat.
7235,6323,1,4,40,45,1.1333333333333333,0.06030226891555274,617,"Don't worry. It's just the trailer for ""Hawaii""."
7207,6323,0,6,39,45,1.1333333333333333,0.05124707431905384,617,I knew they wouldn't have HD.
7145,6323,1,4,40,45,1.1333333333333333,0.06030226891555274,617,It's even worse than I imagined... no cable?
6488,6323,1,4,40,45,1.1333333333333333,0.06030226891555274,617,That deals it. This is hell....no high def.
6519,6323,0,6,39,45,1.1333333333333333,0.05124707431905384,617,"Missed the memo, Hell upgraded to Version 2.0: Hell Virtual Reality (need to update the TV)!"
6554,6323,1,4,40,45,1.1333333333333333,0.06030226891555274,617,It really is a vast wasteland.
6614,6323,1,4,40,45,1.1333333333333333,0.06030226891555274,617,I hear that Canada Goose is the sponsor for “When Hell Freezes Over”
6631,6323,1,4,40,45,1.1333333333333333,0.06030226891555274,617,And I thought daytime programming was hell.
6684,6323,0,6,39,45,1.1333333333333333,0.05124707431905384,617,It is less hellish if we watch hell in B&W
6706,6323,0,6,39,45,1.1333333333333333,0.05124707431905384,617,This is really hell. A tube t.v. with lousy reception!
6712,6323,0,6,39,45,1.1333333333333333,0.05124707431905384,617,"Same brim fire, different day."
6717,6323,2,2,41,45,1.1333333333333333,0.06816498108607269,617,Wonder what the welcome is like in heaven.
6721,6323,1,4,40,45,1.1333333333333333,0.06030226891555274,617,He saves on his heating bill by turning on C-SPAN.
6762,6323,1,4,40,45,1.1333333333333333,0.06030226891555274,617,The real punishment is that it’s not in hi-def.
6766,6323,0,6,39,45,1.1333333333333333,0.05124707431905384,617,This video went viral on youtube last week. I expected Hell would do better than that.
6446,6323,0,6,39,45,1.1333333333333333,0.05124707431905384,617,"'it's a dress rehearsal after all"""
6785,6323,0,6,39,45,1.1333333333333333,0.05124707431905384,617,to hell with flatscreen technology
6799,6323,0,6,39,45,1.1333333333333333,0.05124707431905384,617,But her emails.
6800,6323,1,4,40,45,1.1333333333333333,0.06030226891555274,617,Flash media will burn your hide all the way down
6858,6323,1,4,40,45,1.1333333333333333,0.06030226891555274,617,"OTA? No remote? Damn, this place really does suck."
6874,6323,0,6,39,45,1.1333333333333333,0.05124707431905384,617,It makes me miss watching the yule log.
6876,6323,0,6,39,45,1.1333333333333333,0.05124707431905384,617,Does the Netflix password work down here
6925,6323,1,4,40,45,1.1333333333333333,0.06030226891555274,617,Don't worry - that's just one of those fake fireplaces.
6966,6323,1,4,40,45,1.1333333333333333,0.06030226891555274,617,You'd think they would at least upgrade the monitors for virtual hell.
7013,6323,0,6,39,45,1.1333333333333333,0.05124707431905384,617,It's just something nice to have on in the background
7041,6323,1,4,40,45,1.1333333333333333,0.06030226891555274,617,A lousy timeshare presentation! I knew that all eternal damnation deal was too good to be true.
7052,6323,1,4,40,45,1.1333333333333333,0.06030226891555274,617,You’d think he’d have nothing better to do than shop on Black Friday
7073,6323,0,6,39,45,1.1333333333333333,0.05124707431905384,617,I'm not mesmerized I followed to pick up girls.
7086,6323,0,6,39,45,1.1333333333333333,0.05124707431905384,617,I hear in heaven they play reruns of The Office 24/7.
6786,6323,0,6,39,45,1.1333333333333333,0.05124707431905384,617,Well at least they have the hottest shows here.
4342,6323,1,4,40,45,1.1333333333333333,0.06030226891555274,617,"The worst part is no phones, either."
5574,6323,0,6,39,45,1.1333333333333333,0.05124707431905384,617,"""Boy Meets Grill"" 24/7? I told you Bobby Flay was Satan."
4258,6323,0,6,39,45,1.1333333333333333,0.05124707431905384,617,I know it saves on fuel but I'm actually a bit cold!
1247,6323,0,6,39,45,1.1333333333333333,0.05124707431905384,617,We account for nearly 100% of Fox News' views
1254,6323,0,6,39,45,1.1333333333333333,0.05124707431905384,617,I like this show. It's relatable.
1264,6323,0,6,39,45,1.1333333333333333,0.05124707431905384,617,Fire retardant clothing optional.
1297,6323,0,6,39,45,1.1333333333333333,0.05124707431905384,617,It's not bad enough we have to live it . We have to watch hell on TV also ?
1341,6323,0,6,39,45,1.1333333333333333,0.05124707431905384,617,Who will win tonight's Race To Hell? Stay tuned...
1368,6323,0,6,39,45,1.1333333333333333,0.05124707431905384,617,That's one hell of a yule log.
1378,6323,1,4,40,45,1.1333333333333333,0.06030226891555274,617,We're being punished for having been technophobes.
1441,6323,1,4,40,45,1.1333333333333333,0.06030226891555274,617,These warmup acts are really hot!
1501,6323,0,6,39,45,1.1333333333333333,0.05124707431905384,617,They only play the Trump/Clinton election in this room. We voted third party.
1543,6323,1,4,40,45,1.1333333333333333,0.06030226891555274,617,At least the reality TV is better down here.
1572,6323,0,6,39,45,1.1333333333333333,0.05124707431905384,617,"Apparently, Satan says the White House has become Must See TV by leaping to the top of the Heinous Acts Chart."
1591,6323,0,6,39,45,1.1333333333333333,0.05124707431905384,617,"This is good. Next year its the Golden Globes, the Emmys, the White House Correspondents Dinner, and Shakespeare in the Park. What could go wrong?"
1605,6323,1,4,40,45,1.1333333333333333,0.06030226891555274,617,Doesn't look that hot.
1660,6323,1,4,40,45,1.1333333333333333,0.06030226891555274,617,"""The worse thing is we have to settle for cathode ray tubes.'"
1709,6323,1,4,40,45,1.1333333333333333,0.06030226891555274,617,I knew we'd never get Dodgers games here.
1716,6323,0,6,39,45,1.1333333333333333,0.05124707431905384,617,These budget cuts are getting ridiculous!
1798,6323,2,2,41,45,1.1333333333333333,0.06816498108607269,617,Watching one of these old tube T.V.s is really Hell
1826,6323,1,4,40,45,1.1333333333333333,0.06030226891555274,617,In black and white too.
1893,6323,0,6,39,45,1.1333333333333333,0.05124707431905384,617,"Now, wait a minute. Didn't you say they'd have cable?"
1907,6323,0,6,39,45,1.1333333333333333,0.05124707431905384,617,I would have thought they had high definition flat screens here.
1938,6323,0,6,39,45,1.1333333333333333,0.05124707431905384,617,I was expecting more production value.
1988,6323,1,4,40,45,1.1333333333333333,0.06030226891555274,617,I don't know which is worse. The forecast or the rabbit ears.
2143,6323,2,2,41,45,1.1333333333333333,0.06816498108607269,617,"Let the sunshine, let the sunshine in...the sun shines in...."
2171,6323,1,4,40,45,1.1333333333333333,0.06030226891555274,617,Non-HDTV is hell!
2193,6323,1,4,40,45,1.1333333333333333,0.06030226891555274,617,Audition for his latest TV production---Who's 'Hot'!
1206,6323,0,6,39,45,1.1333333333333333,0.05124707431905384,617,Didn't I tell you ambient video was Hell?
1177,6323,1,4,40,45,1.1333333333333333,0.06030226891555274,617,When I found out I was headed here I was hoping for a much better reception.
1019,6323,1,4,40,45,1.1333333333333333,0.06030226891555274,617,So that's hell?-no HD?
1005,6323,0,6,39,45,1.1333333333333333,0.05124707431905384,617,"It's a definite upgrade here at Hell's Level 6, Level 7 is much hotter."
4303,6323,0,6,39,45,1.1333333333333333,0.05124707431905384,617,Really? Rabbit ears? Where is Steve Jobs when you need him...
8,6323,0,6,39,45,1.1333333333333333,0.05124707431905384,617,The porn down here is awful.
91,6323,1,4,40,45,1.1333333333333333,0.06030226891555274,617,You interested in a bit of coffee after we finish up here?
136,6323,1,4,40,45,1.1333333333333333,0.06030226891555274,617,You ever seen this one up there.
159,6323,1,4,40,45,1.1333333333333333,0.06030226891555274,617,"This show is terrible, but it gets great ratings, so it's good."
178,6323,2,2,41,45,1.1333333333333333,0.06816498108607269,617,"If he continues with this energy conservation stuff, I'm going to ask for a sweater."
216,6323,0,6,39,45,1.1333333333333333,0.05124707431905384,617,Well actually it's not technically a fire. You see a blue flame means...
278,6323,1,4,40,45,1.1333333333333333,0.06030226891555274,617,Is it me or is it hot in here?
387,6323,2,2,41,45,1.1333333333333333,0.06816498108607269,617,"You think that looks good, you should see it in HD."
429,6323,1,4,40,45,1.1333333333333333,0.06030226891555274,617,At least we don't have to watch Who's the Boss reruns.
432,6323,0,6,39,45,1.1333333333333333,0.05124707431905384,617,That AT&T-Time Warner merger probably won’t affect us.
494,6323,1,4,40,45,1.1333333333333333,0.06030226891555274,617,"What happened, I missed the last episode of Spin of the Sin!"
2228,6323,0,6,39,45,1.1333333333333333,0.05124707431905384,617,It's really not too bad... in the next ring down they have to watch reruns of Lawrence Welk.
507,6323,0,6,39,45,1.1333333333333333,0.05124707431905384,617,"The reception isn't that great here, is it?"
552,6323,1,4,40,45,1.1333333333333333,0.06030226891555274,617,Ooooo good! We're just in time for the finale.
645,6323,0,6,39,45,1.1333333333333333,0.05124707431905384,617,Hell is actually better than Earth.
648,6323,0,6,39,45,1.1333333333333333,0.05124707431905384,617,You wanna roast marshmallows later? I've got S'mores on the brain.
696,6323,1,4,40,45,1.1333333333333333,0.06030226891555274,617,A perpetual Yule Log seems out of place down here.
781,6323,1,4,40,45,1.1333333333333333,0.06030226891555274,617,"Oh, great. Another Fox fake news story!"
822,6323,1,4,40,45,1.1333333333333333,0.06030226891555274,617,The TV has become the dummy box...look...they are a bunch of zombies!
851,6323,1,4,40,45,1.1333333333333333,0.06030226891555274,617,I went to Bard. Never thought I'd end up here.
882,6323,1,4,40,45,1.1333333333333333,0.06030226891555274,617,At least we'll finally learn the difference between UHF and VHF.
911,6323,1,4,40,45,1.1333333333333333,0.06030226891555274,617,It's not as awful as the yule log.
959,6323,0,6,39,45,1.1333333333333333,0.05124707431905384,617,"It’s a new thing they're trying, Netflix and char."
975,6323,1,4,40,45,1.1333333333333333,0.06030226891555274,617,Is it Christmas again? So Soon?
981,6323,0,6,39,45,1.1333333333333333,0.05124707431905384,617,He’s so hot.
520,6323,0,6,39,45,1.1333333333333333,0.05124707431905384,617,And now you must watch nothing but reality tv for eternity!!!
2320,6323,0,6,39,45,1.1333333333333333,0.05124707431905384,617,Black and white is Hell.
1717,6323,1,4,40,45,1.1333333333333333,0.06030226891555274,617,This orientation is making me a little nervous.
2349,6323,1,4,40,45,1.1333333333333333,0.06030226891555274,617,"Looks like God was a lie, the real creator is the devil"
3314,6323,2,2,41,45,1.1333333333333333,0.06816498108607269,617,"“ . . . Yeah, it’s the hottest show on TV. My favorite characters are Glenn, Abraham & Carl . . ."
3350,6323,0,6,39,45,1.1333333333333333,0.05124707431905384,617,So is he supposed to be Batman or Aquaman?
3369,6323,1,4,40,45,1.1333333333333333,0.06030226891555274,617,"Eve, TV has created Satan's biggest haul since the apple"
3421,6323,1,4,40,45,1.1333333333333333,0.06030226891555274,617,It's better than the PowerPoint they used to do.
3428,6323,1,4,40,45,1.1333333333333333,0.06030226891555274,617,This is SOME welcome video.
3438,6323,1,4,40,45,1.1333333333333333,0.06030226891555274,617,Consider it a trade-off... Huge tax cut... No cable in Hell!
3465,6323,0,6,39,45,1.1333333333333333,0.05124707431905384,617,Personally? I love not cooking with gas.
3534,6323,0,6,39,45,1.1333333333333333,0.05124707431905384,617,It could be worse he could force us to watch CNN.
3550,6323,1,4,40,45,1.1333333333333333,0.06030226891555274,617,"yeah looks like we’re all white and obsessed with TV, even as vast human suffering blazes all around us. you’d think our punishment would reflect that somehow but, no, hell’s pretty tight"
2332,6323,0,6,39,45,1.1333333333333333,0.05124707431905384,617,We sold our coal to the new administration and switched to the Yule Log channel.
3605,6323,1,4,40,45,1.1333333333333333,0.06030226891555274,617,I've seen this video before...I was married to a Kardashian
3631,6323,1,4,40,45,1.1333333333333333,0.06030226891555274,617,"""It's even worse in the 9th Circle -- 1080 pixels."
3272,6323,1,4,40,45,1.1333333333333333,0.06030226891555274,617,They're saving brimstone for Sweeps Week.
3727,6323,0,6,39,45,1.1333333333333333,0.05124707431905384,617,Just act natural.
3775,6323,0,6,39,45,1.1333333333333333,0.05124707431905384,617,CSPAN is really pandering to millennials these days.
3809,6323,1,4,40,45,1.1333333333333333,0.06030226891555274,617,Cable? In this place? No chance.
3827,6323,2,2,41,45,1.1333333333333333,0.06816498108607269,617,For me the clothing-optional aspect made the choice more attractive that the lofty one with the wings
3845,6323,0,6,39,45,1.1333333333333333,0.05124707431905384,617,They're cutting down on the fuel bill that way.
3860,6323,0,6,39,45,1.1333333333333333,0.05124707431905384,617,This show is getting really heated
3916,6323,1,4,40,45,1.1333333333333333,0.06030226891555274,617,The bird's nest and the tie made great kindling.
3919,6323,1,4,40,45,1.1333333333333333,0.06030226891555274,617,It would look better on my high def screen.
3979,6323,0,6,39,45,1.1333333333333333,0.05124707431905384,617,"Reception's pretty good down here, but reports of collusion with the cable companies would seem to be exaggerated."
4140,6323,1,4,40,45,1.1333333333333333,0.06030226891555274,617,"Funny, I didn't think I'd miss the diäëresis eïther"
4146,6323,0,6,39,45,1.1333333333333333,0.05124707431905384,617,The HD version really raises a sweat.
4151,6323,0,6,39,45,1.1333333333333333,0.05124707431905384,617,"They said if we watched we'd become desensitized, but hey, we're already here. Why worry?"
4233,6323,1,4,40,45,1.1333333333333333,0.06030226891555274,617,He shouldn't have told us to be sure to bring marshmallows.
3768,6323,1,4,40,45,1.1333333333333333,0.06030226891555274,617,Did they have this TV last time we came to the DMV?
3234,6323,0,6,39,45,1.1333333333333333,0.05124707431905384,617,It’s all reruns all the time. That’s sort of the point.
3569,6323,1,4,40,45,1.1333333333333333,0.06030226891555274,617,And I always thought watching TV was heaven.
2421,6323,0,6,39,45,1.1333333333333333,0.05124707431905384,617,Did we pay five-grand for a rabbit ear experience ?
2407,6323,0,6,39,45,1.1333333333333333,0.05124707431905384,617,Welcome to the 'Remote-hogger' room.
3232,6323,0,6,39,45,1.1333333333333333,0.05124707431905384,617,I was in the pool
2434,6323,0,6,39,45,1.1333333333333333,0.05124707431905384,617,The thing that shocks me most about hell so far is that the devil apparently has an ab roller.
2467,6323,0,6,39,45,1.1333333333333333,0.05124707431905384,617,Figures they don't have HD.
2523,6323,0,6,39,45,1.1333333333333333,0.05124707431905384,617,"""Where you're going is not a nudist camp.So get your fig leafs""."
2549,6323,1,4,40,45,1.1333333333333333,0.06030226891555274,617,This is hell. No 4K resolution.
2567,6323,2,2,41,45,1.1333333333333333,0.06816498108607269,617,"I hear that in Heaven, everyone gets their own flat screen tv."
2593,6323,0,6,39,45,1.1333333333333333,0.05124707431905384,617,I just knew hell would be in SD.
2595,6323,0,6,39,45,1.1333333333333333,0.05124707431905384,617,"""Down here it's called 'Grim Reality TV' ""."
2661,6323,0,6,39,45,1.1333333333333333,0.05124707431905384,617,It's hell having no cable.
2665,6323,0,6,39,45,1.1333333333333333,0.05124707431905384,617,"This is hell, no cable!"
2763,6323,1,4,40,45,1.1333333333333333,0.06030226891555274,617,"You'll be the ultimate in ""Reality TV""!"
2594,6323,0,6,39,45,1.1333333333333333,0.05124707431905384,617,I always had nightmares of going to hell and be cursed to watch TV commercials for eternity.
2784,6323,1,4,40,45,1.1333333333333333,0.06030226891555274,617,"It's all part of his focus on saving energy, but he should have sprung for a color TV."
3201,6323,0,6,39,45,1.1333333333333333,0.05124707431905384,617,No remote and no cable? This is definitely hell.
2778,6323,0,6,39,45,1.1333333333333333,0.05124707431905384,617,And this is what we call a bloody TV...
3190,6323,1,4,40,45,1.1333333333333333,0.06030226891555274,617,"No, that's not the Yule log. It's actually Fox News 24/7."
3187,6323,1,4,40,45,1.1333333333333333,0.06030226891555274,617,This must be hell. That is not an HD TV.
3184,6323,0,6,39,45,1.1333333333333333,0.05124707431905384,617,"They said the revolution would not be televised, but who knew that hell would be."
3136,6323,1,4,40,45,1.1333333333333333,0.06030226891555274,617,"You said, ""when hell freezes over."" It has, that's just a VCR of the old days."
3191,6323,0,6,39,45,1.1333333333333333,0.05124707431905384,617,This is one hell of a timeshare pitch. Analog is all the rage right now.
2979,6323,1,4,40,45,1.1333333333333333,0.06030226891555274,617,And you thought the reception at Tiffany Goldblatt's Bat Mitzvah was unbearable.
2967,6323,1,4,40,45,1.1333333333333333,0.06030226891555274,617,I love the orientation video !
2956,6323,1,4,40,45,1.1333333333333333,0.06030226891555274,617,He's trying to save on his gas bill.
2913,6323,2,2,41,45,1.1333333333333333,0.06816498108607269,617,"This is a very bad , bad cartoon , very bad choise you made to run this cartoon"
3092,6323,1,4,40,45,1.1333333333333333,0.06030226891555274,617,I guess 'Netflix and chill' is out of the question...
1688,6556,1,5,47,53,1.1320754716981132,0.05413078722488102,617,It's part of FEMA's new more inclusive plan to improve coastal evacuation routes from nude beaches..
791,6557,0,5,33,38,1.131578947368421,0.05557219020090345,617,"""Good to know I have a friend by my side""."
5587,6558,0,6,40,46,1.1304347826086956,0.05020437123388051,617,Gorilla Channel is next.
5572,6558,0,6,40,46,1.1304347826086956,0.05020437123388051,617,There must be some mistake; my only sin was channel-surfing.
5558,6558,0,6,40,46,1.1304347826086956,0.05020437123388051,617,Figured they'd have 4K.
5223,6558,1,4,41,46,1.1304347826086956,0.059047967499893814,617,"its the premier of ""clothed and secure"""
4752,6558,1,4,41,46,1.1304347826086956,0.059047967499893814,617,This is like one of those instructional videos you get when you start a new job
4870,6558,0,6,40,46,1.1304347826086956,0.05020437123388051,617,"Welcome to Hell. Unfortunately, due to some Papal confusion, our orientation session today is cancelled until further notice."
4745,6558,1,4,41,46,1.1304347826086956,0.059047967499893814,617,"Well, at least we get unlimited screen time."
4465,6558,0,6,40,46,1.1304347826086956,0.05020437123388051,617,I was God all along.
5610,6558,1,4,41,46,1.1304347826086956,0.059047967499893814,617,I'll switch to Fox&Friends if you keep complaining.
5114,6558,0,6,40,46,1.1304347826086956,0.05020437123388051,617,The usual place?
5761,6558,0,6,40,46,1.1304347826086956,0.05020437123388051,617,Are you dateable?
8106,6558,1,4,41,46,1.1304347826086956,0.059047967499893814,617,Oooh this is the steamy part.
5889,6558,1,4,41,46,1.1304347826086956,0.059047967499893814,617,"I didn't know what to expect when he said ""this show is lit"""
6147,6558,1,4,41,46,1.1304347826086956,0.059047967499893814,617,"I expected the eternal flames, but that TV will be hell"
6333,6558,0,6,40,46,1.1304347826086956,0.05020437123388051,617,I guess Satan really wants that LEED certification!
6642,6558,2,2,42,46,1.1304347826086956,0.06672964888823965,617,Let’s blow this popsicle stand.
7160,6558,1,4,41,46,1.1304347826086956,0.059047967499893814,617,You wouldn’t listen! I told you your idea was half baked!
7397,6558,0,6,40,46,1.1304347826086956,0.05020437123388051,617,I was sure it would be something by Cassavetes.
7427,6558,1,4,41,46,1.1304347826086956,0.059047967499893814,617,The picture quality is disappointing.
7615,6558,1,4,41,46,1.1304347826086956,0.059047967499893814,617,"Glad we didn't make the ""A-List""."
7650,6558,0,6,40,46,1.1304347826086956,0.05020437123388051,617,...those sundays at the church getting everytime a little weirder.
3689,6558,0,6,40,46,1.1304347826086956,0.05020437123388051,617,Should I ask him to change the channel?
5867,6558,0,6,40,46,1.1304347826086956,0.05020437123388051,617,Compliance training...
3563,6558,0,6,40,46,1.1304347826086956,0.05020437123388051,617,It's the latest thing from Apple.
6600,6558,1,4,41,46,1.1304347826086956,0.059047967499893814,617,"Oh shoot, I forgot my 3-D glasses."
3288,6558,0,6,40,46,1.1304347826086956,0.05020437123388051,617,He picked up Purgatory for a song during the last crash.
3333,6558,1,4,41,46,1.1304347826086956,0.059047967499893814,617,"Tuesday, right?"
146,6558,0,6,40,46,1.1304347826086956,0.05020437123388051,617,"No wifi, and some idiot told him to cut the cord."
293,6558,0,6,40,46,1.1304347826086956,0.05020437123388051,617,The worst thing is it's only in black and white.
403,6558,1,4,41,46,1.1304347826086956,0.059047967499893814,617,"Unfortunately, it shows political campaign commercials 24/7."
463,6558,2,2,42,46,1.1304347826086956,0.06672964888823965,617,"On the bright side, you've made it to one of the 'special places' here."
615,6558,1,4,41,46,1.1304347826086956,0.059047967499893814,617,No wonder his ratings are in the pits.
779,6558,0,6,40,46,1.1304347826086956,0.05020437123388051,617,I pretend to understand the nuance of this series so people will think I am smart.
784,6558,0,6,40,46,1.1304347826086956,0.05020437123388051,617,"Are these the tryouts for the ""The Hellfire and Damnation"" Reality Show?"
1016,6558,0,6,40,46,1.1304347826086956,0.05020437123388051,617,"All nudes, all the time. It's hell."
1156,6558,1,4,41,46,1.1304347826086956,0.059047967499893814,617,"It's worse than I thought, Hell is only in black and white.......OR......No you can't sit on my shoulders, I'm already on tiptoes"
1320,6558,0,6,40,46,1.1304347826086956,0.05020437123388051,617,The devilution will be televised.
849,6558,0,6,40,46,1.1304347826086956,0.05020437123388051,617,"It's an unnecessary PSA, but they don't want anyone caught without their pants down. It causes too many heated arguments."
1775,6558,1,4,41,46,1.1304347826086956,0.059047967499893814,617,I love their break-out groups. It's their damn name tag sticker that burns me up.
3214,6558,0,6,40,46,1.1304347826086956,0.05020437123388051,617,When my brother-in-law gets here he’s gunna want to switch to the Laker game
3164,6558,1,4,41,46,1.1304347826086956,0.059047967499893814,617,SNHell cold open
1467,6558,1,4,41,46,1.1304347826086956,0.059047967499893814,617,"This outdated television has only two channels, and we won't be getting the High Water Channel."
2937,6558,0,6,40,46,1.1304347826086956,0.05020437123388051,617,Should we tell him about cable?
2817,6558,1,4,41,46,1.1304347826086956,0.059047967499893814,617,We're the hot topic today!
2945,6558,0,6,40,46,1.1304347826086956,0.05020437123388051,617,This is definitely not living color.
2073,6558,1,4,41,46,1.1304347826086956,0.059047967499893814,617,"So, even in hell movies are dubbed in German?"
2007,6558,1,4,41,46,1.1304347826086956,0.059047967499893814,617,Ha! Boob tube.
1993,6558,1,4,41,46,1.1304347826086956,0.059047967499893814,617,"They say it alternates between Trump news, coverage of Gaza, and a fireplace"
2555,6558,1,4,41,46,1.1304347826086956,0.059047967499893814,617,"Unfortunately, you're absolutely right, this means the latest media coverage of the kleagle and the ill-informed and confused collaborators continues."
70,6607,1,3,35,39,1.1282051282051282,0.06550424345215436,617,I think I'll wait for the hi-def.
6536,6608,1,4,42,47,1.127659574468085,0.057844581686821384,617,"It’s not TV, it’s hbo."
3310,6608,0,6,41,47,1.127659574468085,0.04920290896196927,617,Watch him freak - I've got a genuine 1978 Zenith remote control between my cheeks. Ready? Hello Fantasy Island!
3642,6608,0,6,41,47,1.127659574468085,0.04920290896196927,617,I heard that there were some budget cuts last month.
5177,6608,2,2,43,47,1.127659574468085,0.06535338561028699,617,Fake news from Gina!
6438,6608,2,2,43,47,1.127659574468085,0.06535338561028699,617,"I can take the fire safety video, but did we come all the way down here to watch a 1980s TV?"
7845,6613,1,4,43,48,1.125,0.056689086094851654,617,"Wow, That's Must Watch TV."
7219,6614,1,4,44,49,1.1224489795918366,0.055578689246150295,617,I heard that Beelzebub does a cameo as the owner of a robocall center.
1487,6614,1,4,44,49,1.1224489795918366,0.055578689246150295,617,Is this peak TV?
5865,6616,1,3,38,42,1.119047619047619,0.060986670088086975,617,No High Def? This really is hell.
5858,6616,1,3,38,42,1.119047619047619,0.060986670088086975,617,Satan needs to update his technology.
5837,6616,1,3,38,42,1.119047619047619,0.060986670088086975,617,"We’re going to hell, not Westworld"
5820,6616,1,3,38,42,1.119047619047619,0.060986670088086975,617,Don't you just hate watching TV that's not hi-def flat screen.
5800,6616,2,1,39,42,1.119047619047619,0.06986282354917808,617,New here? On this level we are the laugh track on sitcoms for eternity.
5780,6616,0,5,37,42,1.119047619047619,0.05057601944205112,617,"One minute you’re wat Hong Project Runway ,’ and now this."
5901,6616,1,3,38,42,1.119047619047619,0.060986670088086975,617,Well... not exactly Fire and Brimstone... is it ??
5417,6616,1,3,38,42,1.119047619047619,0.060986670088086975,617,It's an FCC equal-time thing because of those damn Yule logs around Christmas.
5598,6616,0,5,37,42,1.119047619047619,0.05057601944205112,617,I know this was speed dating but we’re moving very fast
5589,6616,1,3,38,42,1.119047619047619,0.060986670088086975,617,I think he said that this is reality TV.
5570,6616,1,3,38,42,1.119047619047619,0.060986670088086975,617,At least it isn't 4K
5554,6616,1,3,38,42,1.119047619047619,0.060986670088086975,617,You can't miss the beginning. Your whole life is in front of you.
5532,6616,0,5,37,42,1.119047619047619,0.05057601944205112,617,At least there are no subtitles.
5505,6616,0,5,37,42,1.119047619047619,0.05057601944205112,617,Next year they'll have virtual reality for this
5652,6616,0,5,37,42,1.119047619047619,0.05057601944205112,617,I never noticed your great buns 'til I saw them on TV.
5776,6616,0,5,37,42,1.119047619047619,0.05057601944205112,617,I knew we shouldn't have used that Yule log video
5902,6616,0,5,37,42,1.119047619047619,0.05057601944205112,617,I’ve never been more ready for a devil’s food cooking show.
5924,6616,0,5,37,42,1.119047619047619,0.05057601944205112,617,The product's got a certain zing but the advertising cries out for individuation.
6282,6616,1,3,38,42,1.119047619047619,0.060986670088086975,617,Fire drill on cake
5961,6616,0,5,37,42,1.119047619047619,0.05057601944205112,617,"No yule log, no puppies. This is torture."
6060,6616,0,5,37,42,1.119047619047619,0.05057601944205112,617,Do you want to leave and watch the royal wedding instead?... It looks more exciting. o
6062,6616,2,1,39,42,1.119047619047619,0.06986282354917808,617,Hope we'll be able to binge view the next million years or so.
6080,6616,1,3,38,42,1.119047619047619,0.060986670088086975,617,"now, we have limited channels. so this will be your entertainment."
6161,6616,1,3,38,42,1.119047619047619,0.060986670088086975,617,You’d think they’d pop for a flat screen!
6172,6616,0,5,37,42,1.119047619047619,0.05057601944205112,617,"Go home Lori, this is my one day away from the kids."
6175,6616,0,5,37,42,1.119047619047619,0.05057601944205112,617,Were you expecting Fox and Friends?
6195,6616,0,5,37,42,1.119047619047619,0.05057601944205112,617,Boy I thought we had it bad down here
6203,6616,0,5,37,42,1.119047619047619,0.05057601944205112,617,"Last week's ""campfire flame"" episode was much better."
6222,6616,1,3,38,42,1.119047619047619,0.060986670088086975,617,"It's slow TV, but it helps to pass the time."
6233,6616,0,5,37,42,1.119047619047619,0.05057601944205112,617,"""I heard they changed the 'Welcome to Hell' session to video to reduce costs""."
6259,6616,0,5,37,42,1.119047619047619,0.05057601944205112,617,"Budget cuts are always Hell, but this low budget virtual heat is ridiculous."
5908,6616,0,5,37,42,1.119047619047619,0.05057601944205112,617,they respond better to screens
5403,6616,0,5,37,42,1.119047619047619,0.05057601944205112,617,I miss the old Indian-head test pattern.
4712,6616,0,5,37,42,1.119047619047619,0.05057601944205112,617,"Well, it sure beats watching those re-runs of Mr. Ed."
5229,6616,0,5,37,42,1.119047619047619,0.05057601944205112,617,"It’s not the worst timeshare presentation I’ve seen, but it’s the most strict."
4620,6616,1,3,38,42,1.119047619047619,0.060986670088086975,617,it’s the only channel they get over the air
4618,6616,0,5,37,42,1.119047619047619,0.05057601944205112,617,"Just my luck, it’s not even HD!"
4575,6616,1,3,38,42,1.119047619047619,0.060986670088086975,617,Why is CNN broadcasting a burning dumpster behind that White House.
4574,6616,1,3,38,42,1.119047619047619,0.060986670088086975,617,Hellishly low tech.
4572,6616,1,3,38,42,1.119047619047619,0.060986670088086975,617,I supposed Santa didn't bring him a new TV for Christmas.
4518,6616,1,3,38,42,1.119047619047619,0.060986670088086975,617,Do you think the view out the window tells us anything?
4641,6616,0,5,37,42,1.119047619047619,0.05057601944205112,617,"We lost the remote, and yes I checked my pockets."
4512,6616,1,3,38,42,1.119047619047619,0.060986670088086975,617,The Devil made me look at them all.
4486,6616,0,5,37,42,1.119047619047619,0.05057601944205112,617,I heard the brimstone thing was all for show.
4469,6616,1,3,38,42,1.119047619047619,0.060986670088086975,617,"I think I've seen this one, do you think we can change the channel?"
4453,6616,1,3,38,42,1.119047619047619,0.060986670088086975,617,It's the golden age of television.
4450,6616,0,5,37,42,1.119047619047619,0.05057601944205112,617,"They’ve got us hypnotized down here with only fake news, but is it really fake?"
4440,6616,1,3,38,42,1.119047619047619,0.060986670088086975,617,"You get Berle, test pattern, and no remote."
4427,6616,1,3,38,42,1.119047619047619,0.060986670088086975,617,What a bunch of tits.
4503,6616,0,5,37,42,1.119047619047619,0.05057601944205112,617,Glad I didn’t sign up for all the sessions; this conference looks really dull.
4645,6616,0,5,37,42,1.119047619047619,0.05057601944205112,617,Satan's TV sucks.
4649,6616,0,5,37,42,1.119047619047619,0.05057601944205112,617,global warming means that Hell will never freeze over.
4681,6616,1,3,38,42,1.119047619047619,0.060986670088086975,617,It's so thoughtful of him to have subscribed to the Fireplace Channel this Christmas!
5216,6616,1,3,38,42,1.119047619047619,0.060986670088086975,617,THERE ARE NO CABLE TV IN HELL
5195,6616,1,3,38,42,1.119047619047619,0.060986670088086975,617,"So, Satan killed the radio star?"
5161,6616,0,5,37,42,1.119047619047619,0.05057601944205112,617,TV in hell?! Sweet! I hope they have Netflix!
5020,6616,1,3,38,42,1.119047619047619,0.060986670088086975,617,I thought there was Netflix.
4961,6616,0,5,37,42,1.119047619047619,0.05057601944205112,617,"Is this all making sense, Doug?"
4946,6616,0,5,37,42,1.119047619047619,0.05057601944205112,617,"What burns me more, frankly, is giving away everything in the preview."
4942,6616,0,5,37,42,1.119047619047619,0.05057601944205112,617,"This show is boring, meet me at the bar."
4919,6616,0,5,37,42,1.119047619047619,0.05057601944205112,617,"This is just orientation, the next phase has the same program on a Jumbotron!"
4831,6616,0,5,37,42,1.119047619047619,0.05057601944205112,617,"This is definitely hell! No flat screen TV, no cable."
4816,6616,1,3,38,42,1.119047619047619,0.060986670088086975,617,"With a political landscape like that, this place doesn't seem too bad after all."
4781,6616,0,5,37,42,1.119047619047619,0.05057601944205112,617,It's an Emmy nominated series.
4742,6616,1,3,38,42,1.119047619047619,0.060986670088086975,617,I was afraid there'd be no HD down here.
4736,6616,0,5,37,42,1.119047619047619,0.05057601944205112,617,It’s all Netflix and chill these days.
6284,6616,1,3,38,42,1.119047619047619,0.060986670088086975,617,"So this is what they mean by ""digital hell"" !"
4700,6616,1,3,38,42,1.119047619047619,0.060986670088086975,617,"Eat your heart out, Newt Minow."
5259,6616,1,3,38,42,1.119047619047619,0.060986670088086975,617,They say he's gone green - wants to save the forests.
6285,6616,1,3,38,42,1.119047619047619,0.060986670088086975,617,I liked the burning Yule log better
6866,6616,0,5,37,42,1.119047619047619,0.05057601944205112,617,I see the reception is not very welcoming.
6335,6616,1,3,38,42,1.119047619047619,0.060986670088086975,617,I guess they never said the de-evolution would not be televised.
7761,6616,0,5,37,42,1.119047619047619,0.05057601944205112,617,I'm surprised there's antenna reception down here.
7754,6616,0,5,37,42,1.119047619047619,0.05057601944205112,617,All he ever plays is this endless tape about Prada shoes.
7731,6616,1,3,38,42,1.119047619047619,0.060986670088086975,617,"The TV's a little grainy, isn't it?"
7711,6616,1,3,38,42,1.119047619047619,0.060986670088086975,617,Turns out cable really was hell on earth.
7707,6616,1,3,38,42,1.119047619047619,0.060986670088086975,617,Thank God for all the lawyers.
7693,6616,0,5,37,42,1.119047619047619,0.05057601944205112,617,i enjoy the commercials the most
7780,6616,0,5,37,42,1.119047619047619,0.05057601944205112,617,I've always felt the 'fake news' is even scarier...
7684,6616,0,5,37,42,1.119047619047619,0.05057601944205112,617,Just wait-I know they’ll tease us to no end with iced tea commercials...
7679,6616,0,5,37,42,1.119047619047619,0.05057601944205112,617,Hell is other people. And the Yule log.
7670,6616,0,5,37,42,1.119047619047619,0.05057601944205112,617,"Had I known all the benefits of reducing emissions, I probably wouldn't have ended up here."
7660,6616,1,3,38,42,1.119047619047619,0.060986670088086975,617,You'd think they'd at least have HD.
7656,6616,2,1,39,42,1.119047619047619,0.06986282354917808,617,"''this is orientation; next is big screen, then virtual goggles...then c'est la vie"""
7647,6616,0,5,37,42,1.119047619047619,0.05057601944205112,617,This is the only channel we've got.
7581,6616,0,5,37,42,1.119047619047619,0.05057601944205112,617,I thought we'd be watching The View.
7681,6616,1,3,38,42,1.119047619047619,0.060986670088086975,617,"Because on his deathbed, Roger Ebert specifically said, 'the entire cast of Caligula'."
7575,6616,1,3,38,42,1.119047619047619,0.060986670088086975,617,They've just started this Pizza Hut orientation video.
7798,6616,0,5,37,42,1.119047619047619,0.05057601944205112,617,"I'm appealing, ' Thou shalt not watch hot kinky porn', is definitely not a commandment."
7827,6616,0,5,37,42,1.119047619047619,0.05057601944205112,617,It's our attempt to fight global warming.
4419,6616,0,5,37,42,1.119047619047619,0.05057601944205112,617,"If I'd known this involved watching ""Godzilla"" for 10,000 years, I'd have behaved a little better."
8127,6616,0,5,37,42,1.119047619047619,0.05057601944205112,617,I didn't expect to be chilly down here.
8094,6616,1,3,38,42,1.119047619047619,0.060986670088086975,617,"hey, what're you doing after class?"
8068,6616,0,5,37,42,1.119047619047619,0.05057601944205112,617,LIMERICK: The camera went clickity click...An epic photography pic...If it all turns out well...NAKED PEOPLE IN HELL...The last Spencer Tunick.
8015,6616,1,3,38,42,1.119047619047619,0.060986670088086975,617,Don't you just love high definition television?
8013,6616,0,5,37,42,1.119047619047619,0.05057601944205112,617,I'm frankly disappointed about media's self-absorption widespread
7807,6616,2,1,39,42,1.119047619047619,0.06986282354917808,617,I'm just waiting for my change to change the saturation settings
8006,6616,0,5,37,42,1.119047619047619,0.05057601944205112,617,"And he said at some point in the next millennium,we may even get brimstone in HD!"
7965,6616,1,3,38,42,1.119047619047619,0.060986670088086975,617,Sometimes I miss being flame-kissed.
7943,6616,0,5,37,42,1.119047619047619,0.05057601944205112,617,Watching that old clunker is virtual hell.
7925,6616,1,3,38,42,1.119047619047619,0.060986670088086975,617,I figured there would be more commercials.
7894,6616,1,3,38,42,1.119047619047619,0.060986670088086975,617,What Not to Wear reruns?
7875,6616,0,5,37,42,1.119047619047619,0.05057601944205112,617,This would be cooler in HD.
7852,6616,1,3,38,42,1.119047619047619,0.060986670088086975,617,The travel agent assured me we wouldn't get burned.
7988,6616,1,3,38,42,1.119047619047619,0.060986670088086975,617,"Yes, this is everything the cable companies promised you when you snipped the cord."
7536,6616,0,5,37,42,1.119047619047619,0.05057601944205112,617,"Its like sporting matches, I prefer to watch on TV as opposed to being there."
7501,6616,0,5,37,42,1.119047619047619,0.05057601944205112,617,"Rabbit ears! Mean spirited, but a deft metaphor."
7497,6616,0,5,37,42,1.119047619047619,0.05057601944205112,617,I hear we'll
6862,6616,0,5,37,42,1.119047619047619,0.05057601944205112,617,"There's nothing virtual about this boredom. Let's chant, ""Make experience REAL again!"""
6808,6616,1,3,38,42,1.119047619047619,0.060986670088086975,617,It just figures that there are no flat screen TVs in hell.
6787,6616,1,3,38,42,1.119047619047619,0.060986670088086975,617,I'll bet they don't have fake news down here
6776,6616,0,5,37,42,1.119047619047619,0.05057601944205112,617,It’s weird how no one ever guessed that T.V. could be bad for you.
6726,6616,1,3,38,42,1.119047619047619,0.060986670088086975,617,At least they could give us a couch
6682,6616,0,5,37,42,1.119047619047619,0.05057601944205112,617,This reminds me of the fire drill at my old office. It was hell there too.
6878,6616,1,3,38,42,1.119047619047619,0.060986670088086975,617,It’s not the yule log. I bet you thought that by telling the naked truth upstairs that you would be delivered from evil and not to it.
6677,6616,1,3,38,42,1.119047619047619,0.060986670088086975,617,"Hey Mark, looks like it’s that cold day in Hell we’ve heard so much about.” “Ha.....ha... grow up Janice"
6596,6616,0,5,37,42,1.119047619047619,0.05057601944205112,617,"No Smart Screen TV Hell for you. Sorry. NOT! This is Hell, after all."
6589,6616,0,5,37,42,1.119047619047619,0.05057601944205112,617,I remember when we got three channels.
6414,6616,0,5,37,42,1.119047619047619,0.05057601944205112,617,I always enjoyed the televised Yule log.
6412,6616,1,3,38,42,1.119047619047619,0.060986670088086975,617,It's not that bad. At least they gpt the place air-conditioned.
6364,6616,1,3,38,42,1.119047619047619,0.060986670088086975,617,"It’s an Obama ruling, but Pruitt wants the gas back on."
6361,6616,0,5,37,42,1.119047619047619,0.05057601944205112,617,Now let's ask for an air conditioner.
6646,6616,0,5,37,42,1.119047619047619,0.05057601944205112,617,This truly is hell; 500 channels all with the same show.
6892,6616,0,5,37,42,1.119047619047619,0.05057601944205112,617,THIS is CNN....
6934,6616,0,5,37,42,1.119047619047619,0.05057601944205112,617,“It’s not even touch screen” Millennial Hell
6962,6616,1,3,38,42,1.119047619047619,0.060986670088086975,617,Very effective for eternal damnation - it's not even HD.
7487,6616,1,3,38,42,1.119047619047619,0.060986670088086975,617,This is sheer purgatory
7465,6616,1,3,38,42,1.119047619047619,0.060986670088086975,617,"Lemme tell you, hellfire would burn much brighter with a proper HD TV and high-speed internet."
7442,6616,0,5,37,42,1.119047619047619,0.05057601944205112,617,"It’s just like life before, just without the taxes."
7438,6616,0,5,37,42,1.119047619047619,0.05057601944205112,617,Does Bushwick do safe words?
7347,6616,1,3,38,42,1.119047619047619,0.060986670088086975,617,"Federal funding cuts have hit even the heating budget and he can't even afford a real fire. Still, on the bright side, I much prefer mildly warm to burning in hell."
7342,6616,1,3,38,42,1.119047619047619,0.060986670088086975,617,They have Netflix - he just won’t turn it over.
7330,6616,0,5,37,42,1.119047619047619,0.05057601944205112,617,So that's what they mean by 'Deviled Eggs.'
7308,6616,0,5,37,42,1.119047619047619,0.05057601944205112,617,This is still waaay better than watching Teen Mom...
7277,6616,1,3,38,42,1.119047619047619,0.060986670088086975,617,Looks like Highway to Heaven has been canceled.
7264,6616,0,5,37,42,1.119047619047619,0.05057601944205112,617,It's an old set. Next room's virtual reality. Then comes reality.
7246,6616,1,3,38,42,1.119047619047619,0.060986670088086975,617,I used to love watching the Yule log for hours.
7226,6616,0,5,37,42,1.119047619047619,0.05057601944205112,617,"You know, trickle down's not so bad when applied to flames and eternal damnation . . ."
7063,6616,0,5,37,42,1.119047619047619,0.05057601944205112,617,They said that we couldn’t get HD service here.
7012,6616,0,5,37,42,1.119047619047619,0.05057601944205112,617,It was really like that before He cut the hell out of his his budget.
6975,6616,0,5,37,42,1.119047619047619,0.05057601944205112,617,Purgatory watches c-span.
6330,6616,0,5,37,42,1.119047619047619,0.05057601944205112,617,They couldn't even spring for a plasma?
4390,6616,0,5,37,42,1.119047619047619,0.05057601944205112,617,"I used to do triathlons, but I now find metaphysical tests more fulfilling."
1651,6616,0,5,37,42,1.119047619047619,0.05057601944205112,617,"Hmm. So they don't have HDTV here yet, but you'd think cable would have arrived."
4357,6616,0,5,37,42,1.119047619047619,0.05057601944205112,617,And they call this hell?
1477,6616,0,5,37,42,1.119047619047619,0.05057601944205112,617,I thought we were in hell?
1450,6616,0,5,37,42,1.119047619047619,0.05057601944205112,617,Why is it I'm the only one naked?
1400,6616,0,5,37,42,1.119047619047619,0.05057601944205112,617,"Wow, he left the Crockpot on..."
1392,6616,0,5,37,42,1.119047619047619,0.05057601944205112,617,Things are getting better. It used to be re-runs of M*A*S*H.
1348,6616,0,5,37,42,1.119047619047619,0.05057601944205112,617,New series. It's a pilot.
1331,6616,0,5,37,42,1.119047619047619,0.05057601944205112,617,I cant wait to see the season finale.
1536,6616,0,5,37,42,1.119047619047619,0.05057601944205112,617,I guess ol Beezlebub was never organized enough to institute a tithe?
1306,6616,1,3,38,42,1.119047619047619,0.060986670088086975,617,He said he wants to Make Hell Great Again and all we are going to get to wear are red ball caps.
1262,6616,0,5,37,42,1.119047619047619,0.05057601944205112,617,He refuses to switch to the HD feed.
1228,6616,0,5,37,42,1.119047619047619,0.05057601944205112,617,It’s a live feed from the seventh circle. Evidently he gets a fuel tax credit.
1201,6616,1,3,38,42,1.119047619047619,0.060986670088086975,617,"We simply followed the lyrics in that song...you know, 'It's gettin' hot in here so take off all your clothes...'"
1196,6616,1,3,38,42,1.119047619047619,0.060986670088086975,617,I think there's something we need to protect
1130,6616,1,3,38,42,1.119047619047619,0.060986670088086975,617,my microwave had a better picture than that
1117,6616,0,5,37,42,1.119047619047619,0.05057601944205112,617,I don't mind being naked but no cable is the real torture.
1282,6616,1,3,38,42,1.119047619047619,0.060986670088086975,617,"It our news, we get coverage of the other side of Pele's wrath on the Big Island."
1052,6616,0,5,37,42,1.119047619047619,0.05057601944205112,617,The only other time I looked forward to commercials this much was during the Super Bowl.
1541,6616,1,3,38,42,1.119047619047619,0.060986670088086975,617,Everyone here was involved with the Clinton campaign or worked on Capitol Hill.
1625,6616,1,3,38,42,1.119047619047619,0.060986670088086975,617,This show jumped the shark centuries ago.
1967,6616,1,3,38,42,1.119047619047619,0.060986670088086975,617,"Hell, if this is their way of saving heating energy, I am going back to heaven."
1931,6616,0,5,37,42,1.119047619047619,0.05057601944205112,617,"Next stop is ""Fake Hell"". Stand clear of the closing doors, please."
1911,6616,0,5,37,42,1.119047619047619,0.05057601944205112,617,"liar liar, pants on fire."
1796,6616,1,3,38,42,1.119047619047619,0.060986670088086975,617,Washington does things differently nowadays. This is our 'group' physical to find out if you are eligible for cheap Health Insurance.
1772,6616,1,3,38,42,1.119047619047619,0.060986670088086975,617,Please change the channel. I beg you.
1757,6616,0,5,37,42,1.119047619047619,0.05057601944205112,617,"In the inner circle, they have to watch Netflix."
1607,6616,1,3,38,42,1.119047619047619,0.060986670088086975,617,Well it is hell but the TV is better here!
1754,6616,0,5,37,42,1.119047619047619,0.05057601944205112,617,"I get that he's taking creative liberties, but the originals were only good because they stayed true to the source."
1734,6616,1,3,38,42,1.119047619047619,0.060986670088086975,617,Televised yule logs used to be much more comforting.
1727,6616,0,5,37,42,1.119047619047619,0.05057601944205112,617,"Due to recent controversy of our practices, we are now required to provide you with a safe space and an informative video on acceptable behavior in the workplace."
1656,6616,0,5,37,42,1.119047619047619,0.05057601944205112,617,Watch this for eternity. Now you know the definition of HELL!
4368,6616,0,5,37,42,1.119047619047619,0.05057601944205112,617,"This TV and Dr. Faust's dude, make me feel like a blind man in a nudist colony."
1641,6616,1,3,38,42,1.119047619047619,0.060986670088086975,617,That looks nice. I'm sort of warming up to this place.
1626,6616,0,5,37,42,1.119047619047619,0.05057601944205112,617,So there's no cable?
1753,6616,1,3,38,42,1.119047619047619,0.060986670088086975,617,"Actually, this really IS fine."
1986,6616,0,5,37,42,1.119047619047619,0.05057601944205112,617,Welcome to reality-TV hell.
1049,6616,1,3,38,42,1.119047619047619,0.060986670088086975,617,He just wants to give us a visual on heartburn.
1018,6616,0,5,37,42,1.119047619047619,0.05057601944205112,617,Ladies first!
311,6616,1,3,38,42,1.119047619047619,0.060986670088086975,617,Tell me he didn't throw my Brunello Cucinelli in there.
300,6616,0,5,37,42,1.119047619047619,0.05057601944205112,617,"For rabbit ears, that picture's terrific."
200,6616,0,5,37,42,1.119047619047619,0.05057601944205112,617,The White House Tour just isn't what it used to be.
195,6616,0,5,37,42,1.119047619047619,0.05057601944205112,617,I never really appreciated Slow TV before.
187,6616,2,1,39,42,1.119047619047619,0.06986282354917808,617,They're called rabbit ears. I guess they don't get cable down here.
181,6616,1,3,38,42,1.119047619047619,0.060986670088086975,617,I haven't seen an attena like that since you were my baby bunny rabbit
388,6616,0,5,37,42,1.119047619047619,0.05057601944205112,617,Lord I really HATE those summer replacement series
163,6616,1,3,38,42,1.119047619047619,0.060986670088086975,617,I actually prefer this to I Love Lucy reruns.
121,6616,1,3,38,42,1.119047619047619,0.060986670088086975,617,I never thought we'd get our own 'Real Housewives.'
106,6616,0,5,37,42,1.119047619047619,0.05057601944205112,617,"Johnny Carson says, “It’s so Hot, the Weather Station advised viewers to drop their laundry.”"
66,6616,1,3,38,42,1.119047619047619,0.060986670088086975,617,"Until the next badgeof lawyers comes down, we're on a low budget."
65,6616,1,3,38,42,1.119047619047619,0.060986670088086975,617,told you. it's the same everywhere...
52,6616,0,5,37,42,1.119047619047619,0.05057601944205112,617,The circle below us gets ‘Friends’ re-runs—Joey-heavy episodes!
44,6616,1,3,38,42,1.119047619047619,0.060986670088086975,617,There’s no way in hell they couldn’t afford VR headsets.
133,6616,1,3,38,42,1.119047619047619,0.060986670088086975,617,I didn’t realize all this was included with the higher co-pay.
1048,6616,0,5,37,42,1.119047619047619,0.05057601944205112,617,How much crueler and unusual could it get than low-def TV?
459,6616,1,3,38,42,1.119047619047619,0.060986670088086975,617,Judge Judy has really jumped the shark.
527,6616,1,3,38,42,1.119047619047619,0.060986670088086975,617,"You'd think that if we're forced to watch reruns of the apocalypse, that dude would turn on some heat......brrrr!"
968,6616,0,5,37,42,1.119047619047619,0.05057601944205112,617,"We'e had much better response to this than the old ""Sin and Burn"" routine."
953,6616,1,3,38,42,1.119047619047619,0.060986670088086975,617,"The network wanted a kinder, gentler host for the Apprentice reboot."
946,6616,2,1,39,42,1.119047619047619,0.06986282354917808,617,I play this DVD every Christmas Eve.
945,6616,1,3,38,42,1.119047619047619,0.060986670088086975,617,Not having the internet is what burns me!
895,6616,0,5,37,42,1.119047619047619,0.05057601944205112,617,This is the Hell for people who never paid their cable bills on-time.
876,6616,0,5,37,42,1.119047619047619,0.05057601944205112,617,He wants us to find the remote.
517,6616,1,3,38,42,1.119047619047619,0.060986670088086975,617,"Personally, I like the show about the lemmings better."
874,6616,1,3,38,42,1.119047619047619,0.060986670088086975,617,Those beer commercials are downright cruel.
821,6616,0,5,37,42,1.119047619047619,0.05057601944205112,617,I’ve always wanted to spend Christmas in hell.
754,6616,0,5,37,42,1.119047619047619,0.05057601944205112,617,"Apparently, we misunderstood when he asked us if we wanted to see the fire station."
742,6616,1,3,38,42,1.119047619047619,0.060986670088086975,617,I'm pretty sure I'm here because I misidentified the chardonnay we were drinking at a party last week. How about you?
628,6616,0,5,37,42,1.119047619047619,0.05057601944205112,617,I guess heating Hades was getting to be pure hell.
605,6616,0,5,37,42,1.119047619047619,0.05057601944205112,617,Looks like we are in the wrong terminal
568,6616,0,5,37,42,1.119047619047619,0.05057601944205112,617,The real hell is that they don't have HD here.
824,6616,0,5,37,42,1.119047619047619,0.05057601944205112,617,"Fire and brimstone for all eternity, fine. But that laugh track is a real turn-off."
1987,6616,0,5,37,42,1.119047619047619,0.05057601944205112,617,"Flame grilled burgers for dinner, Hell Yeah!"
1302,6616,0,5,37,42,1.119047619047619,0.05057601944205112,617,Soylent Green is People!
2012,6616,0,5,37,42,1.119047619047619,0.05057601944205112,617,We should have stuck with Cotton.
3712,6616,1,3,38,42,1.119047619047619,0.060986670088086975,617,"The revolution will not be televised. For your part, you will be expected to burn, baby, burn."
3693,6616,0,5,37,42,1.119047619047619,0.05057601944205112,617,"Personally, I like Season 4 of ""Inferno"" better."
3459,6616,1,3,38,42,1.119047619047619,0.060986670088086975,617,I hope no one expected Hell to have cable.
3440,6616,0,5,37,42,1.119047619047619,0.05057601944205112,617,"How ironic, cigarette commercials carry warnings and the show doesn't."
3351,6616,2,1,39,42,1.119047619047619,0.06986282354917808,617,"This is boring, but the only other channel just has people with clothes on."
3280,6616,0,5,37,42,1.119047619047619,0.05057601944205112,617,"Really, Backdraft??!! This really is Hell!"
3734,6616,1,3,38,42,1.119047619047619,0.060986670088086975,617,How come his antenna has three arms?
3270,6616,1,3,38,42,1.119047619047619,0.060986670088086975,617,"It's the screening of the ""Phantom Thread"""
3250,6616,0,5,37,42,1.119047619047619,0.05057601944205112,617,Hey! What’s on? Is it the 24-hour Christmas Yule Log Channel? Is it? Huh? Is it?
3231,6616,1,3,38,42,1.119047619047619,0.060986670088086975,617,Reminds me of the first time we did it.
3161,6616,0,5,37,42,1.119047619047619,0.05057601944205112,617,I don't think this Amazon Fire TV Stick is gonna get me to cut the cord.
3107,6616,0,5,37,42,1.119047619047619,0.05057601944205112,617,I appreciate the efforts to acclimatize us.
3097,6616,0,5,37,42,1.119047619047619,0.05057601944205112,617,It's still better than the reality show's up on earth.
3062,6616,0,5,37,42,1.119047619047619,0.05057601944205112,617,"Com on, when to work for the networks, you knew you'd wind up here one day."
3253,6616,1,3,38,42,1.119047619047619,0.060986670088086975,617,Isn't this a rerun?
3804,6616,1,3,38,42,1.119047619047619,0.060986670088086975,617,They are showing Tom Hanks' Inferno again? This really must be hell.
3849,6616,1,3,38,42,1.119047619047619,0.060986670088086975,617,"Looks like Lucifer is on a tighter budget, what with the legacy technology and the scrimping on fuel."
3907,6616,0,5,37,42,1.119047619047619,0.05057601944205112,617,No being able to watch the mandatory brimstone burning in HD is killing me.
4313,6616,1,3,38,42,1.119047619047619,0.060986670088086975,617,It took me a second to realize that was Gaza.
4225,6616,0,5,37,42,1.119047619047619,0.05057601944205112,617,"I don't know why the rabbit ears are on the top of the TV Linda, go ask our host."
4223,6616,1,3,38,42,1.119047619047619,0.060986670088086975,617,Climate change has an affect on all of us.
4202,6616,0,5,37,42,1.119047619047619,0.05057601944205112,617,This is secretly the best season.
4195,6616,1,3,38,42,1.119047619047619,0.060986670088086975,617,"I heard this movie is really hot, but no nudity."
4186,6616,0,5,37,42,1.119047619047619,0.05057601944205112,617,Christmas already?
4162,6616,0,5,37,42,1.119047619047619,0.05057601944205112,617,"See, I told you global warming wasn't real. Hell proves it."
1994,6616,1,3,38,42,1.119047619047619,0.060986670088086975,617,"‘Reality TV in hell, hey?’ ‘Tell me about it, but at least the Emperor’s given us new clothes’"
4085,6616,1,3,38,42,1.119047619047619,0.060986670088086975,617,Wait until you see the commercials. These shows are sponsored by politicians- all the ads are political ads.
4068,6616,0,5,37,42,1.119047619047619,0.05057601944205112,617,"Black and White TV,Rabbit Ears you don't need any other signs you're in hell."
4062,6616,0,5,37,42,1.119047619047619,0.05057601944205112,617,"To be fair, I always said holidays at my place were pretty much like this place."
4001,6616,1,3,38,42,1.119047619047619,0.060986670088086975,617,Best sizzle reel in the business.
3991,6616,1,3,38,42,1.119047619047619,0.060986670088086975,617,"This isn't how I envisioned making the cast of ""Naked and Afraid."""
3953,6616,0,5,37,42,1.119047619047619,0.05057601944205112,617,Can you believe they're still using coal and CRTs?
3932,6616,1,3,38,42,1.119047619047619,0.060986670088086975,617,"If this is the Rapture, I hope they leave some fireproof boots"
3059,6616,0,5,37,42,1.119047619047619,0.05057601944205112,617,I heard that they have flat screens in purgatory.
3016,6616,0,5,37,42,1.119047619047619,0.05057601944205112,617,"Oh Devil, the quality's under 480p this really is hell."
4108,6616,0,5,37,42,1.119047619047619,0.05057601944205112,617,It's Hell's newest option: broil.
2996,6616,0,5,37,42,1.119047619047619,0.05057601944205112,617,The first one who lowers their eyes comes with me.
2356,6616,0,5,37,42,1.119047619047619,0.05057601944205112,617,I wish the commercials were longer. The baseball games are eternally painful.
2340,6616,1,3,38,42,1.119047619047619,0.060986670088086975,617,The orientation video is okay but the ads are interminable!
2318,6616,0,5,37,42,1.119047619047619,0.05057601944205112,617,I'm a sucker for anything flame-broiled!
2296,6616,1,3,38,42,1.119047619047619,0.060986670088086975,617,I can almost feel the warmth.
2294,6616,0,5,37,42,1.119047619047619,0.05057601944205112,617,It's not even in HD.
2263,6616,0,5,37,42,1.119047619047619,0.05057601944205112,617,Are you sure you'd rather go back?
2370,6616,1,3,38,42,1.119047619047619,0.060986670088086975,617,"It's called ""tele-Hell."" All due to Satan's budget cuts down here."
2244,6616,0,5,37,42,1.119047619047619,0.05057601944205112,617,High tech sure isn't one of his evils.
2225,6616,0,5,37,42,1.119047619047619,0.05057601944205112,617,We've been doing it this way since the Great Fire of '04.
2124,6616,1,3,38,42,1.119047619047619,0.060986670088086975,617,It's just a yule log video? This is hell.
2121,6616,1,3,38,42,1.119047619047619,0.060986670088086975,617,This is hell for techies. You're looking for the hell for crafters.
2108,6616,1,3,38,42,1.119047619047619,0.060986670088086975,617,Any ideas on smuggling sunscreen?
2045,6616,1,3,38,42,1.119047619047619,0.060986670088086975,617,I like these new health and safety regulations
3008,6616,0,5,37,42,1.119047619047619,0.05057601944205112,617,It's like Rajneeshpuram but for hell-bound venture capitalists.
2232,6616,0,5,37,42,1.119047619047619,0.05057601944205112,617,"It's worse in the seventh ring of Hell, infomercials..."
2447,6616,1,3,38,42,1.119047619047619,0.060986670088086975,617,I watch Fox because I give a damn.
2142,6616,0,5,37,42,1.119047619047619,0.05057601944205112,617,It's either this or Judge Judy.
2564,6616,1,3,38,42,1.119047619047619,0.060986670088086975,617,"You might want the hallo, but you will all get the HELLo."
2543,6616,1,3,38,42,1.119047619047619,0.060986670088086975,617,"Actually, I always enjoyed a nice fire...until I accidentally killed my camping buddy."
2862,6616,0,5,37,42,1.119047619047619,0.05057601944205112,617,Talk about phoning it in...
2831,6616,1,3,38,42,1.119047619047619,0.060986670088086975,617,Welcome to Israhell
2947,6616,1,3,38,42,1.119047619047619,0.060986670088086975,617,"It's the Temptations' greatest hits, again. And again, and again."
2799,6616,0,5,37,42,1.119047619047619,0.05057601944205112,617,Last night I dreamed I was walking around in public completely clothed ... it was weird as heaven!
2797,6616,1,3,38,42,1.119047619047619,0.060986670088086975,617,Watching it with my in-laws at Christmas was more hellish.
2791,6616,2,1,39,42,1.119047619047619,0.06986282354917808,617,"Mary, schedule a Lessons Learned meeting for 2 o' clock."
2811,6616,1,3,38,42,1.119047619047619,0.060986670088086975,617,"I asked for Fire TV, but Amazon doesn't deliver down here."
2759,6616,0,5,37,42,1.119047619047619,0.05057601944205112,617,I didn't think Peyton Place would finish like this.
2735,6616,1,3,38,42,1.119047619047619,0.060986670088086975,617,"Reruns of the Cosby show, this really is hell."
2711,6616,1,3,38,42,1.119047619047619,0.060986670088086975,617,I’ve always loved the Yule Log.
2686,6616,0,5,37,42,1.119047619047619,0.05057601944205112,617,Clients at the Kileaua Shangri-La Retreat Center reconsider their decision.
2651,6616,0,5,37,42,1.119047619047619,0.05057601944205112,617,I am so tired of Netflix I could scream.
2764,6616,0,5,37,42,1.119047619047619,0.05057601944205112,617,Can we all chip in for cable?
2635,6616,1,3,38,42,1.119047619047619,0.060986670088086975,617,I'm surprised he doesn't have cable.
4019,6903,0,5,38,43,1.1162790697674418,0.04946336973228635,617,Hi... my name’s Tom.
6078,6903,1,3,39,43,1.1162790697674418,0.059615808787130756,617,When will they learn that you can't replace a soulless narrative with more CGI?
5997,6903,0,5,38,43,1.1162790697674418,0.04946336973228635,617,We should've stuck with cable.
5877,6903,0,5,38,43,1.1162790697674418,0.04946336973228635,617,"And the next show will probably be the ""Garden of Eden""."
5575,6903,1,3,39,43,1.1162790697674418,0.059615808787130756,617,"Oh goodie, the TV test pattern marathon begins in 5 minutes."
4515,6903,0,5,38,43,1.1162790697674418,0.04946336973228635,617,"Welcome to the eternal fireplace -- on loop! (Damn you, budget cuts!)"
4986,6903,0,5,38,43,1.1162790697674418,0.04946336973228635,617,"Hell has become less demonic and more democratic. It was this, or Fox News."
4344,6903,1,3,39,43,1.1162790697674418,0.059615808787130756,617,What’s most surprising is that it’s not a flat screen.
4194,6903,1,3,39,43,1.1162790697674418,0.059615808787130756,617,"The main Hell is full of VIPs, this is the overflow room where we commoners can watch the action on TV."
4061,6903,1,3,39,43,1.1162790697674418,0.059615808787130756,617,A thousand channels and no remote. This IS Hell!
5182,6903,1,3,39,43,1.1162790697674418,0.059615808787130756,617,"Very low-tech virtual reality, but hey, this is Hell, so what could we expect?"
6127,6903,0,5,38,43,1.1162790697674418,0.04946336973228635,617,No flat screens for sinners.
6993,6903,0,5,38,43,1.1162790697674418,0.04946336973228635,617,Is it hot in here or is it just hell?
6234,6903,1,3,39,43,1.1162790697674418,0.059615808787130756,617,There's been a slight delay.
6325,6903,1,3,39,43,1.1162790697674418,0.059615808787130756,617,What do we do if he expects a tip?
6695,6903,0,5,38,43,1.1162790697674418,0.04946336973228635,617,"With a crowd this size, you'd think they would provide a big screen orientation."
6822,6903,0,5,38,43,1.1162790697674418,0.04946336973228635,617,"Ok, I get why there's no kitchen, but have you ever met anyone from Hell's Cable?"
6937,6903,0,5,38,43,1.1162790697674418,0.04946336973228635,617,That melting ice looks great
7070,6903,0,5,38,43,1.1162790697674418,0.04946336973228635,617,We could have better options on clothing if they would get cable.
7249,6903,1,3,39,43,1.1162790697674418,0.059615808787130756,617,"Oh Boy, I miss California"
7341,6903,1,3,39,43,1.1162790697674418,0.059615808787130756,617,"I’m tellin’ ya Marsha, there is no way in hell it’s that hot."
7374,6903,0,5,38,43,1.1162790697674418,0.04946336973228635,617,It’s about sustainability. We all have to take part.
3606,6903,0,5,38,43,1.1162790697674418,0.04946336973228635,617,That's right. 'I'm Dickens...He's Fenster' for the rest of eternity.
7934,6903,0,5,38,43,1.1162790697674418,0.04946336973228635,617,Do you know how long until lunch?
6139,6903,0,5,38,43,1.1162790697674418,0.04946336973228635,617,"I guess when Trump told the Tree Huggers to go to hell, they took him literally."
3503,6903,0,5,38,43,1.1162790697674418,0.04946336973228635,617,I hope this is an episode of 'Naked and Afraid'.
1394,6903,0,5,38,43,1.1162790697674418,0.04946336973228635,617,We’re better off down here!
3299,6903,0,5,38,43,1.1162790697674418,0.04946336973228635,617,He really does wear Prada. And binges Game of Thrones.
158,6903,0,5,38,43,1.1162790697674418,0.04946336973228635,617,I thought Florida had more beaches.
262,6903,0,5,38,43,1.1162790697674418,0.04946336973228635,617,I was in the pool
286,6903,0,5,38,43,1.1162790697674418,0.04946336973228635,617,"We can only receive one channel in Hell. Satan calls it, Painfully Banal Stupidity."
538,6903,0,5,38,43,1.1162790697674418,0.04946336973228635,617,Standard definition TV is hell.
541,6903,1,3,39,43,1.1162790697674418,0.059615808787130756,617,"This guy is all hat, no cattle."
691,6903,0,5,38,43,1.1162790697674418,0.04946336973228635,617,you'd think they would have cable
1009,6903,1,3,39,43,1.1162790697674418,0.059615808787130756,617,Not fake news again?!
1021,6903,1,3,39,43,1.1162790697674418,0.059615808787130756,617,Having to watch this on a tube TV scares me more than the video.
1176,6903,1,3,39,43,1.1162790697674418,0.059615808787130756,617,Nobody wants to miss the coming attractions.
3368,6903,1,3,39,43,1.1162790697674418,0.059615808787130756,617,Johnson! Your spelling is as rough as a hand up the butt!
1645,6903,0,5,38,43,1.1162790697674418,0.04946336973228635,617,"""Warmth""...(Advertising propaganda for the nudist colony might work!)"
1194,6903,0,5,38,43,1.1162790697674418,0.04946336973228635,617,I’m guessing the HSN is out...
1697,6903,1,3,39,43,1.1162790697674418,0.059615808787130756,617,Its not even digital let alone HD. He can't expect us watch this
1726,6903,0,5,38,43,1.1162790697674418,0.04946336973228635,617,"Remind me, which one is the devil??"
1735,6903,2,1,40,43,1.1162790697674418,0.06827491757164275,617,Analog didn’t sin!
1864,6903,1,3,39,43,1.1162790697674418,0.059615808787130756,617,Wow! this is Hell - nothing but cooking shows...!
1877,6903,0,5,38,43,1.1162790697674418,0.04946336973228635,617,I wonder when they'll upgrade to V.R.
1917,6903,0,5,38,43,1.1162790697674418,0.04946336973228635,617,There is Backdraft in the afterlife.
2560,6903,1,3,39,43,1.1162790697674418,0.059615808787130756,617,"I hoped you enjoyed the devilish documentary, Lucy. Because you will be here in 30 years."
2641,6903,0,5,38,43,1.1162790697674418,0.04946336973228635,617,And I thought the book was scary!
2726,6903,0,5,38,43,1.1162790697674418,0.04946336973228635,617,"So, the Third Circle punishes Gluttony, which Satan interprets as including binge-watching ""Breaking Bad."" The fire isn't even real-time streaming, and the rabbit ears fall off every few minutes."
2851,6903,2,1,40,43,1.1162790697674418,0.06827491757164275,617,No cable. Just a direct feed from the Infowars channel.
3254,6903,1,3,39,43,1.1162790697674418,0.059615808787130756,617,Wouldn’t you think they would at least have a smart TV? V?
1689,6903,0,5,38,43,1.1162790697674418,0.04946336973228635,617,"Yeah, you’re with the Episcopalians. We have to watch it on television."
3384,6955,0,5,39,44,1.1136363636363635,0.048398332783092544,617,I’m sure they’ll get Fox New downhill here.
5436,6955,0,5,39,44,1.1136363636363635,0.048398332783092544,617,"When I said I wanted to spice things up in the bedroom, this isn't what I had in mind."
4832,6955,0,5,39,44,1.1136363636363635,0.048398332783092544,617,It's better live than on TV
3217,6955,0,5,39,44,1.1136363636363635,0.048398332783092544,617,Gotta love the nude news!
6099,6955,2,1,41,44,1.1136363636363635,0.06675749786387705,617,Hawaii doesn't look so good
2405,6955,1,3,40,44,1.1136363636363635,0.05830506897872825,617,"ELVIS shot the television, now we only get the simpsons....."
2235,6955,0,5,39,44,1.1136363636363635,0.048398332783092544,617,You should see the brimstone.
1632,6955,0,5,39,44,1.1136363636363635,0.048398332783092544,617,Hell is far worse than I ever imagined.
1279,6955,0,5,39,44,1.1136363636363635,0.048398332783092544,617,"Crackling fireplaces, better than group orgies."
2561,6955,0,5,39,44,1.1136363636363635,0.048398332783092544,617,I wonder whether they get the NFL down here?
2101,6965,0,5,41,46,1.108695652173913,0.04639945099589022,617,Don’t bother. There are no emergency exits.
3458,6966,0,4,33,37,1.1081081081081081,0.05175281663547772,617,This is the commercial. Our entertainment is reality shows!
5533,6967,0,4,35,39,1.1025641025641026,0.04921614717627658,617,Not very impressive. He doesn't even have cable.
5559,6967,0,4,35,39,1.1025641025641026,0.04921614717627658,617,Feast your eyes on what will soon feast on you!
5600,6967,0,4,35,39,1.1025641025641026,0.04921614717627658,617,It's hell -- no cable TV or streaming services.
5613,6967,0,4,35,39,1.1025641025641026,0.04921614717627658,617,So I guess there really is a special place in Hell for people who hate yule log.
5769,6967,0,4,35,39,1.1025641025641026,0.04921614717627658,617,I always said orientations are hell.
5812,6967,1,2,36,39,1.1025641025641026,0.06141463024552095,617,Somehow I was expecting a toaster.
6039,6967,1,2,36,39,1.1025641025641026,0.06141463024552095,617,The revolution will not be televised
6011,6967,1,2,36,39,1.1025641025641026,0.06141463024552095,617,"If this were shown on flatscreen in HD 4K, you’d me more worried."
5348,6967,0,4,35,39,1.1025641025641026,0.04921614717627658,617,I hear it did really well in the upfronts.
6096,6967,0,4,35,39,1.1025641025641026,0.04921614717627658,617,"prior week 5/14 i’ll give you that he’s artificial but no way are you two AI, got it!"
6109,6967,1,2,36,39,1.1025641025641026,0.06141463024552095,617,Don't worry. CNN is always fake news.
6125,6967,1,2,36,39,1.1025641025641026,0.06141463024552095,617,"Right, hell will be televised, but that's not new news when you watch CNN or Fox."
6208,6967,1,2,36,39,1.1025641025641026,0.06141463024552095,617,Seriously? They don't have flat screen TV here yet?
5900,6967,1,2,36,39,1.1025641025641026,0.06141463024552095,617,"I was skeptical of the TV yule log, but it's all very festive."
5215,6967,0,4,35,39,1.1025641025641026,0.04921614717627658,617,"Commercials for eternity, could be worse the guys on the other level have PSA's."
5005,6967,0,4,35,39,1.1025641025641026,0.04921614717627658,617,I can't believe how happy to be here in pergatory.
5011,6967,0,4,35,39,1.1025641025641026,0.04921614717627658,617,"It said, “ Preheat oven to 975 degrees, then bake three or five for two hours until trident comes out clean.”"
3962,6967,0,4,35,39,1.1025641025641026,0.04921614717627658,617,Do you think Heaven gets a better channel?
3964,6967,0,4,35,39,1.1025641025641026,0.04921614717627658,617,What fresh Hell is this? Rabbit ears?
4076,6967,0,4,35,39,1.1025641025641026,0.04921614717627658,617,This wasn’t exactly the hot topic I had in mind...
4135,6967,1,2,36,39,1.1025641025641026,0.06141463024552095,617,Looks like reality TV finally lost its appeal.
4148,6967,0,4,35,39,1.1025641025641026,0.04921614717627658,617,"He's saving fuel -- watching TV anymore feels like the seventh circle of hell, all fire and fury."
4149,6967,1,2,36,39,1.1025641025641026,0.06141463024552095,617,This is it. This is what all my life's sins are worth.
4176,6967,0,4,35,39,1.1025641025641026,0.04921614717627658,617,"As a cost savings measure, the Evil One made this level of hell just for cable subscribers."
4234,6967,0,4,35,39,1.1025641025641026,0.04921614717627658,617,"This isn't so bad, but the commercials..."
4324,6967,0,4,35,39,1.1025641025641026,0.04921614717627658,617,Hell isn't very high tech—no cable or flat screen.
4579,6967,1,2,36,39,1.1025641025641026,0.06141463024552095,617,Good news is I hear next week we finally upgrade to cable
4601,6967,0,4,35,39,1.1025641025641026,0.04921614717627658,617,"We were born naked, who knew that we die naked on the hellevison?"
4803,6967,0,4,35,39,1.1025641025641026,0.04921614717627658,617,"And I hear the reception is not so good here, either."
4820,6967,0,4,35,39,1.1025641025641026,0.04921614717627658,617,I was ready for torture not pilot season.
4891,6967,1,2,36,39,1.1025641025641026,0.06141463024552095,617,What! That cheapskate Satan doesn't even have cable!
6297,6967,1,2,36,39,1.1025641025641026,0.06141463024552095,617,If one more person says they were expecting the flames to be in HD...
5190,6967,0,4,35,39,1.1025641025641026,0.04921614717627658,617,I hear the only channel you can get is the local community tv station
6307,6967,0,4,35,39,1.1025641025641026,0.04921614717627658,617,I wish someone would turn the AC down!
6619,6967,1,2,36,39,1.1025641025641026,0.06141463024552095,617,If I knew the screen would be in black and white. I would of worn red.  If I had known the screen was in black and white I would have worn red.
6578,6967,0,4,35,39,1.1025641025641026,0.04921614717627658,617,"It jumped the shark in the 2,467,000,000,000,000th season."
7591,6967,0,4,35,39,1.1025641025641026,0.04921614717627658,617,McLuhan.
7620,6967,1,2,36,39,1.1025641025641026,0.06141463024552095,617,I love these travelog programs
7676,6967,0,4,35,39,1.1025641025641026,0.04921614717627658,617,the resolution on that tv is hell - it's like they don't even want us to enjoy eternal torture
7678,6967,0,4,35,39,1.1025641025641026,0.04921614717627658,617,This better not be another one of his improv reels
7718,6967,1,2,36,39,1.1025641025641026,0.06141463024552095,617,I told you we should have brought the tanning oil!
7775,6967,0,4,35,39,1.1025641025641026,0.04921614717627658,617,"A lot of people don’t know, brimstone is a leading contributor to global greenhouse gas emissions."
7803,6967,0,4,35,39,1.1025641025641026,0.04921614717627658,617,We're naked but watching a TV with rabbit ears? That's a Hell of a deal.
7856,6967,0,4,35,39,1.1025641025641026,0.04921614717627658,617,Ever burning yet never consumed. Just like the Yule log!
7887,6967,0,4,35,39,1.1025641025641026,0.04921614717627658,617,Virtual reality is Hell -- or is it the other way around?
7907,6967,0,4,35,39,1.1025641025641026,0.04921614717627658,617,"Too bad we didn't make the cut for Heaven. I hear it gets all the cable channels, basic and premium. premium."
7931,6967,0,4,35,39,1.1025641025641026,0.04921614717627658,617,Suppose he will get mad if I ask for an air conditioner?
7958,6967,0,4,35,39,1.1025641025641026,0.04921614717627658,617,ME TOO HOT really changed this place.
8009,6967,0,4,35,39,1.1025641025641026,0.04921614717627658,617,Channel 666 looks hotter than Hell!
8073,6967,0,4,35,39,1.1025641025641026,0.04921614717627658,617,His movies just don’t fire me up the way they used to.
8078,6967,0,4,35,39,1.1025641025641026,0.04921614717627658,617,We are briefed why the dress code here.
7556,6967,0,4,35,39,1.1025641025641026,0.04921614717627658,617,"This is hell. Eternity, and no remote."
6478,6967,0,4,35,39,1.1025641025641026,0.04921614717627658,617,Once in a while they show re-runs of Duck Dynasty
7555,6967,0,4,35,39,1.1025641025641026,0.04921614717627658,617,The naked truth about plasma physics.
7462,6967,0,4,35,39,1.1025641025641026,0.04921614717627658,617,I hope Howdy Doody is on next.
3859,6967,0,4,35,39,1.1025641025641026,0.04921614717627658,617,I guess hell is a relative concept.
6732,6967,1,2,36,39,1.1025641025641026,0.06141463024552095,617,"I THOUGHT WE WERE GOING TO SEE "" BLACK PANTHER"""
6813,6967,1,2,36,39,1.1025641025641026,0.06141463024552095,617,This IS horrible. They don't even have basic cable!
6838,6967,0,4,35,39,1.1025641025641026,0.04921614717627658,617,A room full of cable company execs and we get this.
6842,6967,1,2,36,39,1.1025641025641026,0.06141463024552095,617,Nudity and an old TV? Looks like heaven on earth to me!
6950,6967,0,4,35,39,1.1025641025641026,0.04921614717627658,617,"Figures, no Fortnite."
7092,6967,0,4,35,39,1.1025641025641026,0.04921614717627658,617,I saw this one when it first came out.
7111,6967,0,4,35,39,1.1025641025641026,0.04921614717627658,617,I hope they have a news channel.
7128,6967,1,2,36,39,1.1025641025641026,0.06141463024552095,617,"Never thought of global warming have an effect down here, too."
7184,6967,0,4,35,39,1.1025641025641026,0.04921614717627658,617,"This is hell. No ""Game of Thrones."
7212,6967,1,2,36,39,1.1025641025641026,0.06141463024552095,617,Should we address the hellephant in the room?
7237,6967,0,4,35,39,1.1025641025641026,0.04921614717627658,617,Save my spot while I go grab a beer.
7337,6967,0,4,35,39,1.1025641025641026,0.04921614717627658,617,Today we stand on our own two feet; tomorrow it's all interlaced signals.
7446,6967,0,4,35,39,1.1025641025641026,0.04921614717627658,617,"I took it literally when you said you wanted to heat things up, Carol. Let's give it 'til intermission. If we try to leave now we might be chosen for the sacrifice."
7447,6967,0,4,35,39,1.1025641025641026,0.04921614717627658,617,Digitization does have its advantages.
7550,6967,1,2,36,39,1.1025641025641026,0.06141463024552095,617,"Geez, I guess everything's on TV now."""
3774,6967,0,4,35,39,1.1025641025641026,0.04921614717627658,617,No... I'm upset because you watched this episode without me while I was at work.
5767,6967,0,4,35,39,1.1025641025641026,0.04921614717627658,617,The Yule Log 24/7.
3717,6967,1,2,36,39,1.1025641025641026,0.06141463024552095,617,So this is where they focus group new Kevin James sitcoms
701,6967,0,4,35,39,1.1025641025641026,0.04921614717627658,617,Its an ad. Skin wars is up next.
713,6967,0,4,35,39,1.1025641025641026,0.04921614717627658,617,Sean Hannity
789,6967,0,4,35,39,1.1025641025641026,0.04921614717627658,617,They're live streaming the results of the midterms.
840,6967,1,2,36,39,1.1025641025641026,0.06141463024552095,617,This is a bit too infernal to binge-watch.
918,6967,0,4,35,39,1.1025641025641026,0.04921614717627658,617,"Ya'know I heard ever since they started fracking, the Brimstone price has just shot up."
1011,6967,0,4,35,39,1.1025641025641026,0.04921614717627658,617,"Is that a cold rain, or a warm rain?"
690,6967,0,4,35,39,1.1025641025641026,0.04921614717627658,617,"I agree this new Hellivision is a lot cooler, but you have to weigh that against having to stand still for all eternity."
1121,6967,0,4,35,39,1.1025641025641026,0.04921614717627658,617,Is this a rerun of last night's fire?
1369,6967,1,2,36,39,1.1025641025641026,0.06141463024552095,617,"I thought the eternal fire of hell would hurt more, I'm not feeling anything now."
1414,6967,0,4,35,39,1.1025641025641026,0.04921614717627658,617,Why can't we have a real fire?
1468,6967,1,2,36,39,1.1025641025641026,0.06141463024552095,617,I think it is time to relinquish my SAG card...
1475,6967,0,4,35,39,1.1025641025641026,0.04921614717627658,617,You all are going to fry in hell!
1504,6967,0,4,35,39,1.1025641025641026,0.04921614717627658,617,This is the only channel we've got.
1509,6967,0,4,35,39,1.1025641025641026,0.04921614717627658,617,interest in the community is up... they are now selling FIG leaves on the Home Shopping Network!
1267,6967,1,2,36,39,1.1025641025641026,0.06141463024552095,617,I hope they don't upgrade to satellite or cable anytime soon.
599,6967,0,4,35,39,1.1025641025641026,0.04921614717627658,617,"Man, you'd think they'd at least have cable down here."
551,6967,0,4,35,39,1.1025641025641026,0.04921614717627658,617,I hate these watch parties.
524,6967,0,4,35,39,1.1025641025641026,0.04921614717627658,617,Still better than the White House.
9,6967,1,2,36,39,1.1025641025641026,0.06141463024552095,617,See? We are allowed to have our emotional support dolls at work.
45,6967,0,4,35,39,1.1025641025641026,0.04921614717627658,617,I don't see why the heat bill isn't the priority here.
46,6967,0,4,35,39,1.1025641025641026,0.04921614717627658,617,C-Span
56,6967,0,4,35,39,1.1025641025641026,0.04921614717627658,617,At least we can binge-watch eternally.
134,6967,1,2,36,39,1.1025641025641026,0.06141463024552095,617,are you seeing what i'm seeing?
274,6967,0,4,35,39,1.1025641025641026,0.04921614717627658,617,"Finally, someone who knows how to use the Firebox."
3748,6967,0,4,35,39,1.1025641025641026,0.04921614717627658,617,I guess the hotspot's not working.
305,6967,0,4,35,39,1.1025641025641026,0.04921614717627658,617,There goes our hope of being able to watch cable TV in the afterlife
345,6967,0,4,35,39,1.1025641025641026,0.04921614717627658,617,"Baudrillatd, would you care to explain?"
402,6967,1,2,36,39,1.1025641025641026,0.06141463024552095,617,Do you get the feeling we are going back in time?
408,6967,0,4,35,39,1.1025641025641026,0.04921614717627658,617,At least this is better than the static.
433,6967,1,2,36,39,1.1025641025641026,0.06141463024552095,617,The Hawaii volcano swallowed up Satan’s fire.
446,6967,1,2,36,39,1.1025641025641026,0.06141463024552095,617,The Oculus headsets are on back order.
448,6967,0,4,35,39,1.1025641025641026,0.04921614717627658,617,"This part's gone on for an eternity, don't you think?"
469,6967,0,4,35,39,1.1025641025641026,0.04921614717627658,617,Appears the reception here has both positives and negatives.....
1510,6967,1,2,36,39,1.1025641025641026,0.06141463024552095,617,Bolivia Eleven is reserved for those with bad taste in television programming. I've made it through Season 649 so far.
1547,6967,0,4,35,39,1.1025641025641026,0.04921614717627658,617,The rumor is he has a little one.
291,6967,0,4,35,39,1.1025641025641026,0.04921614717627658,617,"For starters, sitcoms are forbidden."
1647,6967,0,4,35,39,1.1025641025641026,0.04921614717627658,617,"Welcome to Hell! The first thing you should know is reruns of Touched By An Angel are available here but, if watched, they'll extend the length of time you'll spend in eternity!"
2685,6967,0,4,35,39,1.1025641025641026,0.04921614717627658,617,We had some cutbacks due to the number of scumbags in 2018 but visualize the flames.
2690,6967,0,4,35,39,1.1025641025641026,0.04921614717627658,617,Next up on the Bachelor...
2758,6967,1,2,36,39,1.1025641025641026,0.06141463024552095,617,Can I call you?
2907,6967,1,2,36,39,1.1025641025641026,0.06141463024552095,617,Oh...the devile does wear Prada.
2938,6967,0,4,35,39,1.1025641025641026,0.04921614717627658,617,"Really, they expect us to watch analog TV? They've got a hell of a lot of nerve!"
2949,6967,0,4,35,39,1.1025641025641026,0.04921614717627658,617,Hellavan introduction!
2650,6967,0,4,35,39,1.1025641025641026,0.04921614717627658,617,I've seen this one before. It has a hell of a twist!
2952,6967,1,2,36,39,1.1025641025641026,0.06141463024552095,617,A public burning on tv for wearing a thong seems excessive.
3073,6967,1,2,36,39,1.1025641025641026,0.06141463024552095,617,Day three of the flame fanner strike...negotiation room must be getting heated.
3088,6967,0,4,35,39,1.1025641025641026,0.04921614717627658,617,AND there's no cable?!?
3098,6967,1,2,36,39,1.1025641025641026,0.06141463024552095,617,"I never thought I’d say this, but I wish we had a FastPass to Hell."
3285,6967,0,4,35,39,1.1025641025641026,0.04921614717627658,617,"When Satan said ""Netflix and chill"", I didn't think it'd be like this."
3367,6967,1,2,36,39,1.1025641025641026,0.06141463024552095,617,I hear the heating bill was through the roof.
1585,6967,1,2,36,39,1.1025641025641026,0.06141463024552095,617,"Thanks to that global warming, I hear we are going to Earth."
2981,6967,0,4,35,39,1.1025641025641026,0.04921614717627658,617,"Yes, we’re all atheists."
2583,6967,0,4,35,39,1.1025641025641026,0.04921614717627658,617,Damn...they don't have high-def TV
3188,6967,0,4,35,39,1.1025641025641026,0.04921614717627658,617,Shut up! We don't have a budget for a VR upgrade!
2439,6967,0,4,35,39,1.1025641025641026,0.04921614717627658,617,Yep. All televisions have to be tuned to Fox News.
2553,6967,0,4,35,39,1.1025641025641026,0.04921614717627658,617,I just knew that the burning Yule Log video was not something Santa sent us.
1747,6967,1,2,36,39,1.1025641025641026,0.06141463024552095,617,But my curriculum vitae was for Paradisio...
1733,6967,1,2,36,39,1.1025641025641026,0.06141463024552095,617,I love recess.
1904,6967,1,2,36,39,1.1025641025641026,0.06141463024552095,617,Do you think they get Fox News?
1998,6967,0,4,35,39,1.1025641025641026,0.04921614717627658,617,My worst fear - rabbit ears.
2019,6967,1,2,36,39,1.1025641025641026,0.06141463024552095,617,No time sharing in my resort. You’re gonna be 100% in.
2074,6967,0,4,35,39,1.1025641025641026,0.04921614717627658,617,We should really invest in cable TV...
1866,6967,0,4,35,39,1.1025641025641026,0.04921614717627658,617,If they go digital I quit.
2286,6967,0,4,35,39,1.1025641025641026,0.04921614717627658,617,These trade wars lead to all kinds of shortages.
2292,6967,1,2,36,39,1.1025641025641026,0.06141463024552095,617,No chestnuts; that's the Hell part.
2325,6967,0,4,35,39,1.1025641025641026,0.04921614717627658,617,I figured they would at least have V.R. down here.
2334,6967,1,2,36,39,1.1025641025641026,0.06141463024552095,617,Do you want to Netflix and burn later?
2348,6967,0,4,35,39,1.1025641025641026,0.04921614717627658,617,Apparently they just switched to Fios.
2368,6967,0,4,35,39,1.1025641025641026,0.04921614717627658,617,"Hi, I'm Mike Krzyzewski. What's your name?"
2240,6967,0,4,35,39,1.1025641025641026,0.04921614717627658,617,I like to ease people into it.
2404,6967,0,4,35,39,1.1025641025641026,0.04921614717627658,617,Standard def?! Yep... hell.
5378,7112,0,4,36,40,1.1,0.04803844614152615,617,Who'd think the Yule Log Channel would be the 9th Circle of Hell
5399,7112,0,4,36,40,1.1,0.04803844614152615,617,I guess hell is having to watch the Yule Log forever.
5444,7112,0,4,36,40,1.1,0.04803844614152615,617,It won't live up to the preview.
5522,7112,0,4,36,40,1.1,0.04803844614152615,617,"I stripped naked and walked all this way to stare, but not into the fire!"
5548,7112,1,2,37,40,1.1,0.05991446895152781,617,They call this Hell 2.0
6071,7112,0,4,36,40,1.1,0.04803844614152615,617,This sure beats the real thing from what I have heard!
6055,7112,0,4,36,40,1.1,0.04803844614152615,617,"What a quack, Eve! An apple a day?!?"
6092,7112,0,4,36,40,1.1,0.04803844614152615,617,"now that net neutrality is out of the way, feast your eyes on this!"
6153,7112,1,2,37,40,1.1,0.05991446895152781,617,"Yeah he's here to punish us for what we did, but he really hates the idea of his job contributing to global warming."
6179,7112,0,4,36,40,1.1,0.04803844614152615,617,Exactly like I imagined this place: no cable.
6187,7112,0,4,36,40,1.1,0.04803844614152615,617,"No cable TV, welcome to hell."
5859,7112,1,2,37,40,1.1,0.05991446895152781,617,He says he sprung for a cable package but I don't trust the dude.
5327,7112,0,4,36,40,1.1,0.04803844614152615,617,close the door
4549,7112,0,4,36,40,1.1,0.04803844614152615,617,"“What a crock! A nudist colony, with entertainment from Disney."
5127,7112,1,2,37,40,1.1,0.05991446895152781,617,Did I miss Next-Week-On-Roseanne?
4900,7112,0,4,36,40,1.1,0.04803844614152615,617,I still think I should of worn my Bow Tie
4886,7112,0,4,36,40,1.1,0.04803844614152615,617,"We couldn't afford a mobile or cable plan, so part of hell will be shown via public television."
4727,7112,0,4,36,40,1.1,0.04803844614152615,617,I hate this advertisement!
4614,7112,0,4,36,40,1.1,0.04803844614152615,617,Must be the price of oil
4454,7112,1,2,37,40,1.1,0.05991446895152781,617,"See, I told you! Everyone's cut the cord!"
4446,7112,0,4,36,40,1.1,0.04803844614152615,617,I guess the absolution will not be televised.
4423,7112,1,2,37,40,1.1,0.05991446895152781,617,"I hear the next 1,000 years it's all ""Galactica."""
4354,7112,0,4,36,40,1.1,0.04803844614152615,617,"Don’t believe it, it’s fake news!"
8144,7112,0,4,36,40,1.1,0.04803844614152615,617,Color TV was just a fad.
4192,7112,0,4,36,40,1.1,0.04803844614152615,617,Is it me or are these training videos really long?
6292,7112,0,4,36,40,1.1,0.04803844614152615,617,"Although unexpected, it's sort of like the televised Yule Log fire around the Xmas holidays."
5325,7112,0,4,36,40,1.1,0.04803844614152615,617,It wouldn't truly be Hell without reality TV.
6328,7112,1,2,37,40,1.1,0.05991446895152781,617,Bunny ears- It’s a cold day in Hell.
7292,7112,1,2,37,40,1.1,0.05991446895152781,617,Get me Avenatti!
6400,7112,0,4,36,40,1.1,0.04803844614152615,617,The carbon offsets were hurting his image
4179,7112,0,4,36,40,1.1,0.04803844614152615,617,This must be how they find the pyromaniacs.
7850,7112,0,4,36,40,1.1,0.04803844614152615,617,The orientation video. Magic! I've seen it a billion times.
7812,7112,1,2,37,40,1.1,0.05991446895152781,617,Shouldn't He be wearing a trucker cap?
7651,7112,0,4,36,40,1.1,0.04803844614152615,617,He's already behind on his rent payment for my building #666.
7601,7112,2,0,38,40,1.1,0.06979824404521129,617,I'm not about to search for the remote?
7540,7112,1,2,37,40,1.1,0.05991446895152781,617,Yule log looks better from down here.
7529,7112,0,4,36,40,1.1,0.04803844614152615,617,The real hell of this place is being forced to watch that eternal yule log.
7495,7112,0,4,36,40,1.1,0.04803844614152615,617,"Being on ""Naked and Afraid"" was actually scarier for me."
7459,7112,0,4,36,40,1.1,0.04803844614152615,617,"Thanks be to Satan, it's another ""Spare the Air"" day."
7409,7112,0,4,36,40,1.1,0.04803844614152615,617,"Psst...I think we might've gotten the short end of the stick compared to the 5,000 upstairs eating loaves and fishes while clothed."
7400,7112,1,2,37,40,1.1,0.05991446895152781,617,Only Satan would enjoy watching other men shrink. He's the real deal!
7360,7112,0,4,36,40,1.1,0.04803844614152615,617,Its part of his new strategy to go all digital in 2018
6374,7112,1,2,37,40,1.1,0.05991446895152781,617,"They call this damnation ""eternal"" but the TV isn't even static."
7189,7112,0,4,36,40,1.1,0.04803844614152615,617,At least it's commercial-free broadcasting.
7102,7112,0,4,36,40,1.1,0.04803844614152615,617,I wonder if there is a Q & A session after this on boarding video.
7085,7112,0,4,36,40,1.1,0.04803844614152615,617,This is probably the largest institution whose technology you don't _want_ to see updated.
6926,7112,1,2,37,40,1.1,0.05991446895152781,617,Was there any spoiler alert?
6854,7112,0,4,36,40,1.1,0.04803844614152615,617,They were right- this IS the hottest show on TV.
6828,7112,0,4,36,40,1.1,0.04803844614152615,617,Damned re-run.
6768,7112,0,4,36,40,1.1,0.04803844614152615,617,Forced to watch the yule log through eternity is way worse than the flames.
6701,7112,1,2,37,40,1.1,0.05991446895152781,617,It's just another day at the office.
6667,7112,1,2,37,40,1.1,0.05991446895152781,617,I love weekends
6620,7112,0,4,36,40,1.1,0.04803844614152615,617,"Ooh, it’s the new season of ‘The Real Housewives of the Seventh Circle’!"
6575,7112,1,2,37,40,1.1,0.05991446895152781,617,It's just a teaser.
6568,7112,1,2,37,40,1.1,0.05991446895152781,617,You realize that this will be far more realistic when we upgrade to UHD?
6525,7112,1,2,37,40,1.1,0.05991446895152781,617,"Reruns of the fire last week. Man, this really is hell."
7188,7112,0,4,36,40,1.1,0.04803844614152615,617,"MephisTrumpolese, Lord of the Underworld and by the way - the entire universe, says to call it DirectfromHellTV."
4165,7112,1,2,37,40,1.1,0.05991446895152781,617,"Turns out I was right, stand definition is hell."
3997,7112,0,4,36,40,1.1,0.04803844614152615,617,"Walk south until you see it, then east until you can feel it. Then you’re home."
4051,7112,0,4,36,40,1.1,0.04803844614152615,617,"God, it's like a sauna in here!"
2001,7112,1,2,37,40,1.1,0.05991446895152781,617,Low def TV?! Now this is torture.
1976,7112,0,4,36,40,1.1,0.04803844614152615,617,"I thought at least we'd get ""Seinfeld"" reruns"
1969,7112,2,0,38,40,1.1,0.06979824404521129,617,"liar liar, pants on fire."
1714,7112,0,4,36,40,1.1,0.04803844614152615,617,I actually don't mind the bad resolution. I just wish the screen were bigger.
1453,7112,0,4,36,40,1.1,0.04803844614152615,617,"If they're going to show ""Carrie,"" at least they could do it on a TV connected to wi-fi."
1397,7112,0,4,36,40,1.1,0.04803844614152615,617,They just don't have the budget after Mammon bet it all on the Toronto Raptors last week.
1380,7112,0,4,36,40,1.1,0.04803844614152615,617,Forcing us to watch these pornographic videos is like preaching to the choir.
1364,7112,1,2,37,40,1.1,0.05991446895152781,617,I hear they provide barbecued despots during the commercial
1065,7112,2,0,38,40,1.1,0.06979824404521129,617,Hot yoga for Dummies...
1022,7112,0,4,36,40,1.1,0.04803844614152615,617,"""Hell Day"" at the Sun Valley Nudist Colony.. they should turn off the a/c off & turn up the heat, gives a little more realism."
1006,7112,0,4,36,40,1.1,0.04803844614152615,617,You'd think he'd at least have a wide flat-screen and Spectrum cable.
956,7112,0,4,36,40,1.1,0.04803844614152615,617,What makes it so diabolical is that’s actually on Blu-Ray.
872,7112,0,4,36,40,1.1,0.04803844614152615,617,This will have to do until the VR headsets ship.
792,7112,1,2,37,40,1.1,0.05991446895152781,617,This reminds me of my first corporate job.
769,7112,1,2,37,40,1.1,0.05991446895152781,617,I blame cable.
743,7112,1,2,37,40,1.1,0.05991446895152781,617,"Print this, but don't tell anyone where you got it."
706,7112,0,4,36,40,1.1,0.04803844614152615,617,"It’s fewer channels than cable, but the service is better."
658,7112,2,0,38,40,1.1,0.06979824404521129,617,Welcome to remote hog's hell.
620,7112,0,4,36,40,1.1,0.04803844614152615,617,They won't seat late-comers until intermission.
593,7112,1,2,37,40,1.1,0.05991446895152781,617,Netflix is really starting to blow.
564,7112,0,4,36,40,1.1,0.04803844614152615,617,Apparent;y size matters there too.
438,7112,0,4,36,40,1.1,0.04803844614152615,617,Automatonophobia proved ineffective at rolling out the new anti-bullying campaign.
400,7112,1,2,37,40,1.1,0.05991446895152781,617,Can't believe their still using a old tv with antennas!
37,7112,0,4,36,40,1.1,0.04803844614152615,617,I hear it's Bravo's hottest line-up
4159,7112,0,4,36,40,1.1,0.04803844614152615,617,It sure beats the real experience
2009,7112,0,4,36,40,1.1,0.04803844614152615,617,"It's an emission reduction thing, which proves environmentalists are evil."
2043,7112,0,4,36,40,1.1,0.04803844614152615,617,Rabbit ears. That explains the lousy reception.
277,7112,0,4,36,40,1.1,0.04803844614152615,617,"I've seen this one before. Vanilla Ice starts Tom Brady on his fantasy team, but the Patriots are on a bye week. Vanilla Ice is facing the first place team and Donald Trump is in second place so, “Vanilla Ice, you’re fired!” Ha-ha-ha! It's a classic."
2125,7112,1,2,37,40,1.1,0.05991446895152781,617,I understand that the cost of maintaining fire on a 24/7 basis has skyrocketed.
4010,7112,1,2,37,40,1.1,0.05991446895152781,617,Didn’t he say this was our new tanning machine?
3897,7112,1,2,37,40,1.1,0.05991446895152781,617,What the hell!? That’s why it’s fucking freezing down here.
3890,7112,1,2,37,40,1.1,0.05991446895152781,617,Attention K-Mart shoppers...
3871,7112,2,0,38,40,1.1,0.06979824404521129,617,"I'm not firing you, Stewart here is firing you. Believe me, I was just as surprised as you were, Bill."
3831,7112,0,4,36,40,1.1,0.04803844614152615,617,"This may be Hell for you, but I actually prefer it to watching HGTV."
3815,7112,0,4,36,40,1.1,0.04803844614152615,617,"The ""Yule Log"" folks got the concession..."
3760,7112,0,4,36,40,1.1,0.04803844614152615,617,So it's just a tv show?
3706,7112,1,2,37,40,1.1,0.05991446895152781,617,You gotta watch what you wish for.
2065,7112,0,4,36,40,1.1,0.04803844614152615,617,"Last year's theme was, ""Nudists of the Renaissance."""
3619,7112,0,4,36,40,1.1,0.04803844614152615,617,"If you buy me a new TV, you can have your clothes back."
3579,7112,0,4,36,40,1.1,0.04803844614152615,617,Now I understand why no one is dressed.
3159,7112,1,2,37,40,1.1,0.05991446895152781,617,Are we doomed to watch these reruns forever?
3114,7112,0,4,36,40,1.1,0.04803844614152615,617,What a delightful surprise! I figured heaven for free broadcast TV.
3627,7112,0,4,36,40,1.1,0.04803844614152615,617,We’re his perfect demographic.  Sinners 35-60 and up.
3067,7112,0,4,36,40,1.1,0.04803844614152615,617,First Cable; then Flat Screen; Finally clothes.
2223,7112,0,4,36,40,1.1,0.04803844614152615,617,I heard the only internet connection is dial up.
3078,7112,0,4,36,40,1.1,0.04803844614152615,617,It’s called the “do not touch screen” torture.
2372,7112,2,0,38,40,1.1,0.06979824404521129,617,"...and this is what the exact spot you're standing in looked like before the freeze over. Sizzling, eh?"
2394,7112,0,4,36,40,1.1,0.04803844614152615,617,"You're right, this is nothing"
2491,7112,0,4,36,40,1.1,0.04803844614152615,617,Cheap seats again. This is hell.
2288,7112,0,4,36,40,1.1,0.04803844614152615,617,Will someone please change the channel.
2630,7112,0,4,36,40,1.1,0.04803844614152615,617,This is even better than the book.
2982,7112,0,4,36,40,1.1,0.04803844614152615,617,"No high def flat screen TV, surround sound, cable, streaming, DVR, HBO, Netflix, wi-fi, personal computers, smartphones, Facebook, texting or Twitter. Now we know the real meaning of hell."
3030,7112,0,4,36,40,1.1,0.04803844614152615,617,They really need to fix that TV.
3037,7112,0,4,36,40,1.1,0.04803844614152615,617,"If you think this is bad, you should see the sequel!"
3040,7112,0,4,36,40,1.1,0.04803844614152615,617,I guess we're lucky to get a station.
2574,7112,1,2,37,40,1.1,0.05991446895152781,617,I love the previews
4770,7228,0,4,37,41,1.0975609756097562,0.046915570882125224,617,We ran out of funding for the immersive portion.
4822,7228,1,2,38,41,1.0975609756097562,0.05848575028430145,617,"Jerry, ask him if he knows where’s the ladies room."
5253,7228,1,2,38,41,1.0975609756097562,0.05848575028430145,617,"Could be worse, Thelma. Having to watch ""The Gong Show"" or ""Andy Rooney""  for all eternity -- now, THAT would really be hell!"
5419,7228,0,4,37,41,1.0975609756097562,0.046915570882125224,617,That one producer will come with better shows and all the extra he wants.
5585,7228,0,4,37,41,1.0975609756097562,0.046915570882125224,617,No 4K? I'm beginning to think you were right...
5970,7228,0,4,37,41,1.0975609756097562,0.046915570882125224,617,"Personally, I like Hell's old-style technology."
6122,7228,0,4,37,41,1.0975609756097562,0.046915570882125224,617,"Honestly, I guess I DID expect SRO."
6164,7228,0,4,37,41,1.0975609756097562,0.046915570882125224,617,"It's like watching the Yule Log, but with more brimstone."
6215,7228,1,2,38,41,1.0975609756097562,0.05848575028430145,617,You would expect HD TV!
6405,7228,0,4,37,41,1.0975609756097562,0.046915570882125224,617,"Joke’s on Lucifer...I loved 9-1-1. Honestly, I could watch this ensemble cast for eternity."
7964,7228,1,2,38,41,1.0975609756097562,0.05848575028430145,617,"Ain't no Band-Aid can help us now, Sparky."
6633,7228,0,4,37,41,1.0975609756097562,0.046915570882125224,617,The silver lining... we finally cut the damn cord.
6793,7228,1,2,38,41,1.0975609756097562,0.05848575028430145,617,"How ridiculous! They're burning my brand new underwear. To me, that's not entertainment."
6944,7228,0,4,37,41,1.0975609756097562,0.046915570882125224,617,I'm still waiting for the plot twist.
7118,7228,0,4,37,41,1.0975609756097562,0.046915570882125224,617,"I promise, I won't forget to turn off the oven next time."
7201,7228,0,4,37,41,1.0975609756097562,0.046915570882125224,617,Satan’s films have been on quite the hot streak lately.
7391,7228,0,4,37,41,1.0975609756097562,0.046915570882125224,617,That’s a hell of a deal—get 20 percent when you switch to fios!
7595,7228,1,2,38,41,1.0975609756097562,0.05848575028430145,617,The boss calls it atmospherics. The real test follows.
7624,7228,0,4,37,41,1.0975609756097562,0.046915570882125224,617,Strangely mesmerizing even without HD and vastly cooler than fires of hell.
7704,7228,0,4,37,41,1.0975609756097562,0.046915570882125224,617,"I'd swear on a stack of bibles, he sounds and looks just like my Drill Sergeant!"
4333,7228,1,2,38,41,1.0975609756097562,0.05848575028430145,617,He couldn't at least have HD?
6528,7228,0,4,37,41,1.0975609756097562,0.046915570882125224,617,Damn! I thought we could barbecue.
4245,7228,1,2,38,41,1.0975609756097562,0.05848575028430145,617,Season 6: jumped the shark.
1561,7228,0,4,37,41,1.0975609756097562,0.046915570882125224,617,"Thank goodness - they even cut the cord, here in Hell!"
3632,7228,0,4,37,41,1.0975609756097562,0.046915570882125224,617,Purgatory was overhauled back in the early 1970's.
0,7228,1,2,38,41,1.0975609756097562,0.05848575028430145,617,"Congratulations, Bob. Human Resources for Dummies"" accepted your manuscript."
15,7228,0,4,37,41,1.0975609756097562,0.046915570882125224,617,"Well, you can say the reception down here is no hell."
171,7228,0,4,37,41,1.0975609756097562,0.046915570882125224,617,He ran out of fuel!
193,7228,1,2,38,41,1.0975609756097562,0.05848575028430145,617,"You know, I almost preferred his performance art."
398,7228,1,2,38,41,1.0975609756097562,0.05848575028430145,617,Trump tweets 24 hours a day.
445,7228,0,4,37,41,1.0975609756097562,0.046915570882125224,617,"He couldn't have at LEAST gotten us cable? I mean, this security footage is getting old."
476,7228,0,4,37,41,1.0975609756097562,0.046915570882125224,617,Low-def on a little tube TV? This surely is Hell.
560,7228,1,2,38,41,1.0975609756097562,0.05848575028430145,617,"Our promotional VR experience is coming out next year, but you get the idea."
3680,7228,1,2,38,41,1.0975609756097562,0.05848575028430145,617,"Devilishly clever, don't you think?"
1463,7228,0,4,37,41,1.0975609756097562,0.046915570882125224,617,Less emissions and only solar heat here. Paid to be a Democrat.
1033,7228,0,4,37,41,1.0975609756097562,0.046915570882125224,617,It's part of a series running of unfortunate events...you'll get use to it by the third showing.
1566,7228,0,4,37,41,1.0975609756097562,0.046915570882125224,617,"In Paris we got to visit a whole museum ! Here, a single channel TV."
1820,7228,0,4,37,41,1.0975609756097562,0.046915570882125224,617,The training videos are uninspired but I hear the health and safety regulations are pretty lax.
1845,7228,1,2,38,41,1.0975609756097562,0.05848575028430145,617,Ken Russell? This is Hell.
1913,7228,0,4,37,41,1.0975609756097562,0.046915570882125224,617,"He's screening ""the Devil wears Prada."""
2100,7228,0,4,37,41,1.0975609756097562,0.046915570882125224,617,This must be hell there is too much nudity on TV
2137,7228,0,4,37,41,1.0975609756097562,0.046915570882125224,617,Pregame show.
2464,7228,0,4,37,41,1.0975609756097562,0.046915570882125224,617,Someone’s hung over!
2823,7228,0,4,37,41,1.0975609756097562,0.046915570882125224,617,At least Trump's finally sweating a little.
3245,7228,1,2,38,41,1.0975609756097562,0.05848575028430145,617,Who knew Hell would be so cliché?
3401,7228,1,2,38,41,1.0975609756097562,0.05848575028430145,617,"So, do you wanna go to get ID cards after orientation?"
1464,7228,1,2,38,41,1.0975609756097562,0.05848575028430145,617,"Diane, I refuse to buy a timeshare here. This is not my special place in hell."
6639,7275,0,4,38,42,1.0952380952380953,0.045843796413450766,617,"Lucifer said he still intends to get an HDTV, but given where we are . . ."
7755,7275,0,4,38,42,1.0952380952380953,0.045843796413450766,617,“This is the naked truth - till death do us part”.
7200,7275,1,2,39,42,1.0952380952380953,0.057123496526633864,617,Another hundred hours of this and the actual flames won't hurt a bit!
6989,7275,0,4,38,42,1.0952380952380953,0.045843796413450766,617,"Ok, who forgot the marshmallows?"
4131,7275,0,4,38,42,1.0952380952380953,0.045843796413450766,617,Whatta you say we get outta here before the next commercial.
7865,7275,0,4,38,42,1.0952380952380953,0.045843796413450766,617,No HD? Is this the 10th circle?
3548,7275,1,2,39,42,1.0952380952380953,0.057123496526633864,617,"yeah looks like we’re all white and obsessed with TV, even as vast human suffering blazes all around us. you’d think our punishment would reflect that somehow but, no, so far hell’s pretty tight"
3389,7275,0,4,38,42,1.0952380952380953,0.045843796413450766,617,"Waiting Room, Presidential Tanning Salon."
1684,7275,1,2,39,42,1.0952380952380953,0.057123496526633864,617,I love Movie-Tuesday's
1587,7275,1,2,39,42,1.0952380952380953,0.057123496526633864,617,It's his new recipe for hot buns.
773,7275,0,4,38,42,1.0952380952380953,0.045843796413450766,617,Crap! I was at least hoping for cable TV.
3854,7275,1,2,39,42,1.0952380952380953,0.057123496526633864,617,Satan thought forcing us to watch a tiny 21 inch screen these days was worse torture than real hell fire.
5067,7287,0,4,39,43,1.0930232558139534,0.04481972612369448,617,Hell sold out in two minutes flat.
6809,7288,0,4,40,44,1.0909090909090908,0.04384025656094653,617,"Yes, the reception is great but he’s going to have to give us more privacy to keep all these friends."
893,7289,0,4,43,47,1.0851063829787233,0.041142194186747603,617,That set gotta be at least 45 years old.
5521,7290,1,1,35,37,1.0810810810810811,0.05975900523162883,617,IT'S LIVE COVERAGE OF WHAT'S GOING ON UP THERE SINCE TRUMP BECAME PRESIDENT.
5448,7290,0,3,34,37,1.0810810810810811,0.045493265488117475,617,"This is worse than I thought, there is only one channel !"
5446,7290,0,3,34,37,1.0810810810810811,0.045493265488117475,617,I was in sales! I'm going to offer him something in HD.
5310,7290,1,1,35,37,1.0810810810810811,0.05975900523162883,617,Reruns. Again.
5263,7290,0,3,34,37,1.0810810810810811,0.045493265488117475,617,God said to go forth but I went fifth and ended up in the toaster line.
5176,7290,0,3,34,37,1.0810810810810811,0.045493265488117475,617,The livestream is lagging again.
5202,7290,1,1,35,37,1.0810810810810811,0.05975900523162883,617,"That's why I striped of your phone too, so that you can see the world as it is."
5192,7290,0,3,34,37,1.0810810810810811,0.045493265488117475,617,"Once this is done, we get NetFlix."
5526,7290,0,3,34,37,1.0810810810810811,0.045493265488117475,617,"If they had a better logo, they’d get a much bigger crowd."
5174,7290,0,3,34,37,1.0810810810810811,0.045493265488117475,617,"if we leave it up to men, this would be our realtiy...Right Eve?"
5246,7290,0,3,34,37,1.0810810810810811,0.045493265488117475,617,Where’d you stash the Kool-Ade?
5538,7290,0,3,34,37,1.0810810810810811,0.045493265488117475,617,I heard the orientation day is brutal.
5642,7290,0,3,34,37,1.0810810810810811,0.045493265488117475,617,Sub-global warming updates at eleven.
5573,7290,0,3,34,37,1.0810810810810811,0.045493265488117475,617,Y'all better put some clothes on or else y'all are gonna go there!
5591,7290,0,3,34,37,1.0810810810810811,0.045493265488117475,617,"If there were a real hell, he wouldn't be trying to scare us with a TV show."
5100,7290,0,3,34,37,1.0810810810810811,0.045493265488117475,617,The tv will melt after you receive your rules for living here.
5686,7290,0,3,34,37,1.0810810810810811,0.045493265488117475,617,Just like home.
5699,7290,0,3,34,37,1.0810810810810811,0.045493265488117475,617,"“This ‘Orientation Video’ is so pointless. I get it, we’re damned for all eternity, fire and brimstone, yada yada yada...granted, I did not know about the nudity rule but, whatever, just let us in already”."
5732,7290,0,3,34,37,1.0810810810810811,0.045493265488117475,617,Your punishment is to watch CNN for the rest of eternity.
5741,7290,1,1,35,37,1.0810810810810811,0.05975900523162883,617,"Cripes, standard definition is the worst."
5742,7290,0,3,34,37,1.0810810810810811,0.045493265488117475,617,Who knew it would boil down to this -- no cable!
5797,7290,0,3,34,37,1.0810810810810811,0.045493265488117475,617,Standing around naked like this is a virtual hell!
5818,7290,0,3,34,37,1.0810810810810811,0.045493265488117475,617,TV makes everything look hotter than it really is.
5842,7290,0,3,34,37,1.0810810810810811,0.045493265488117475,617,And here I thought that the last season of ‘Lost’ was hell.
5556,7290,1,1,35,37,1.0810810810810811,0.05975900523162883,617,I here there’s barbecue ribs on the menu tonight.
5094,7290,0,3,34,37,1.0810810810810811,0.045493265488117475,617,So you're telling me people now like reality TV?
4980,7290,0,3,34,37,1.0810810810810811,0.045493265488117475,617,You check your envy! No way anybody deserves HD hellfire more than me.
5055,7290,0,3,34,37,1.0810810810810811,0.045493265488117475,617,Midterm election results.
4213,7290,0,3,34,37,1.0810810810810811,0.045493265488117475,617,"It's like arriving late at the opera ... and, hey, at least there are no commercials for all eternity."
4263,7290,0,3,34,37,1.0810810810810811,0.045493265488117475,617,Do you think we can change the channel?
4283,7290,0,3,34,37,1.0810810810810811,0.045493265488117475,617,Those cable shows always exaggerate
4299,7290,0,3,34,37,1.0810810810810811,0.045493265488117475,617,It's hot as hell watching this reality TV
4321,7290,0,3,34,37,1.0810810810810811,0.045493265488117475,617,"Are you joining this contest for ""Hell's Got Talent!"""
4356,7290,0,3,34,37,1.0810810810810811,0.045493265488117475,617,I guess this is the special circle of hell reserved for people who watched crimes on TV.
4376,7290,1,1,35,37,1.0810810810810811,0.05975900523162883,617,You get use to the sound after a few days.
4414,7290,0,3,34,37,1.0810810810810811,0.045493265488117475,617,And this is the TV Room. It streams 'Dante's Inferno' eternally.
4435,7290,0,3,34,37,1.0810810810810811,0.045493265488117475,617,We worry that they'll blank the screen.
4497,7290,0,3,34,37,1.0810810810810811,0.045493265488117475,617,"I just wish it wasn't reruns of ""Survivor."""
4510,7290,1,1,35,37,1.0810810810810811,0.05975900523162883,617,It’s nothing but Star Wars spoilers. Again.
4511,7290,1,1,35,37,1.0810810810810811,0.05975900523162883,617,So basic cable has come to this?
4551,7290,0,3,34,37,1.0810810810810811,0.045493265488117475,617,Thank goodness the Geneva Convention's jurisdiction includes Hell.
4569,7290,0,3,34,37,1.0810810810810811,0.045493265488117475,617,The programming will improve once we get wired for cable.
4602,7290,0,3,34,37,1.0810810810810811,0.045493265488117475,617,"I hear they've got color TV in purgatory, but only heaven gets cable."
4682,7290,1,1,35,37,1.0810810810810811,0.05975900523162883,617,I didn't expect Heaven to have ads for tours of Hell.
4724,7290,1,1,35,37,1.0810810810810811,0.05975900523162883,617,Do hope we can still order our favorite vodka martinis with olives.
4774,7290,0,3,34,37,1.0810810810810811,0.045493265488117475,617,I only watch to see the commercials.
4798,7290,0,3,34,37,1.0810810810810811,0.045493265488117475,617,Do you think someone here was able to sneak in a remote control? We could use a little relief here.....
4819,7290,0,3,34,37,1.0810810810810811,0.045493265488117475,617,This is all because of those damned techies!
4881,7290,0,3,34,37,1.0810810810810811,0.045493265488117475,617,Hell is no on demand streaming.
4915,7290,0,3,34,37,1.0810810810810811,0.045493265488117475,617,Did you notice the colour of the flames is off?
4958,7290,0,3,34,37,1.0810810810810811,0.045493265488117475,617,"""The Tower Inferno,"" again? This IS hell."
5873,7290,0,3,34,37,1.0810810810810811,0.045493265488117475,617,I hope the commercials are better than the programming.
5019,7290,0,3,34,37,1.0810810810810811,0.045493265488117475,617,We has a video orientation at my last job too.
5058,7290,0,3,34,37,1.0810810810810811,0.045493265488117475,617,Andy Griffith comes on at 6...
5884,7290,0,3,34,37,1.0810810810810811,0.045493265488117475,617,THE FIRES FROM HEAVEN ARE COMING
6004,7290,0,3,34,37,1.0810810810810811,0.045493265488117475,617,You would think that he would at least have a flat screen TV for these orientations
5921,7290,1,1,35,37,1.0810810810810811,0.05975900523162883,617,There's always a hell of a lot of dramas at the damnation Upfronts.
7095,7290,0,3,34,37,1.0810810810810811,0.045493265488117475,617,"""The programming is painful enough, but the real torture is not watching in HD on a flat screen""."
7116,7290,0,3,34,37,1.0810810810810811,0.045493265488117475,617,This really wouldn’t be so bad if we didn’t have to keep readjusting the antennas every five minutes.
7137,7290,1,1,35,37,1.0810810810810811,0.05975900523162883,617,"It looks like porpoises, don’t worry."
7254,7290,0,3,34,37,1.0810810810810811,0.045493265488117475,617,"There's no doubt, we're in hell!"
7348,7290,0,3,34,37,1.0810810810810811,0.045493265488117475,617,"This one's called, ""Learning to Face Your Fires""."
7415,7290,0,3,34,37,1.0810810810810811,0.045493265488117475,617,At least not having cable means we won’t have to decipher the plot of “Westworld.”
7489,7290,0,3,34,37,1.0810810810810811,0.045493265488117475,617,How's got the remote?
7562,7290,0,3,34,37,1.0810810810810811,0.045493265488117475,617,This is my fifth time share seminar. I hear the lunch is hot.
7634,7290,0,3,34,37,1.0810810810810811,0.045493265488117475,617,We've gone from FOMO to YOLO to 'Oh No!'
7666,7290,0,3,34,37,1.0810810810810811,0.045493265488117475,617,Even down here they are concerned about global warming!
7667,7290,0,3,34,37,1.0810810810810811,0.045493265488117475,617,"I know Netflix wants to expand their subscriber base, but this is a bit extreme don’t you think?"
7038,7290,0,3,34,37,1.0810810810810811,0.045493265488117475,617,Talk about your hyperlocal omnichannel!
7729,7290,1,1,35,37,1.0810810810810811,0.05975900523162883,617,This show has been running longer than 60 Minutes.
7805,7290,0,3,34,37,1.0810810810810811,0.045493265488117475,617,The VR headsets come in next week.
7824,7290,0,3,34,37,1.0810810810810811,0.045493265488117475,617,I wish he'd let us mute the commercials
7863,7290,0,3,34,37,1.0810810810810811,0.045493265488117475,617,"Now that we have seen the Eternal Damnation video, are there any questions before we continue with the orientation? No? Okay, on to the Name Game."
7884,7290,0,3,34,37,1.0810810810810811,0.045493265488117475,617,"He said, ""This is all you get if you never donated plasma."""
7886,7290,0,3,34,37,1.0810810810810811,0.045493265488117475,617,Relax we've been fried by the sun over the years and they didn't use a flat screen tv because that's a low-temp gas fireplace.
7922,7290,0,3,34,37,1.0810810810810811,0.045493265488117475,617,Our daughter warned us about basic cable.
7951,7290,0,3,34,37,1.0810810810810811,0.045493265488117475,617,It looks like a dog drooling rain drops. This might not be so bad.
8025,7290,1,1,35,37,1.0810810810810811,0.05975900523162883,617,I’m afraid it’s not the weather channel.
8059,7290,0,3,34,37,1.0810810810810811,0.045493265488117475,617,The special effects alone are worth the price of admission.
8071,7290,0,3,34,37,1.0810810810810811,0.045493265488117475,617,"Pretty sure I'm here because of a 1-star review from my cat. If I were given just one more day, I'd spend it freshening up his bird video collection."
4114,7290,0,3,34,37,1.0810810810810811,0.045493265488117475,617,Oh no! There goes The Five!
7788,7290,0,3,34,37,1.0810810810810811,0.045493265488117475,617,"Due to the rise in the price of oil, the hell fire for your eternal torture will be only on TV."
7024,7290,0,3,34,37,1.0810810810810811,0.045493265488117475,617,It didn’t take him long to realise the charade was the Naked Flame.
6982,7290,0,3,34,37,1.0810810810810811,0.045493265488117475,617,Reality TV - now I've seen everything.
6957,7290,0,3,34,37,1.0810810810810811,0.045493265488117475,617,Marshall McLuhan said it was going to be a cool fire... NOT!
5930,7290,0,3,34,37,1.0810810810810811,0.045493265488117475,617,"Things are basically the same down here, but it's not as hot as they want us to believe!"
6014,7290,0,3,34,37,1.0810810810810811,0.045493265488117475,617,"Digital hell is what we get for not upgrading our software, no Hi-Def flat screen for us."
6022,7290,0,3,34,37,1.0810810810810811,0.045493265488117475,617,Hell IS eternal summer reruns!
6148,7290,0,3,34,37,1.0810810810810811,0.045493265488117475,617,Do you think this is the devil's notion of the naked truth?
6155,7290,0,3,34,37,1.0810810810810811,0.045493265488117475,617,Abandon all hope your streaming days are over.
6168,7290,0,3,34,37,1.0810810810810811,0.045493265488117475,617,"Its hellish for the men too, there isn't even a flat screen."
6188,7290,0,3,34,37,1.0810810810810811,0.045493265488117475,617,Xxx
6247,7290,0,3,34,37,1.0810810810810811,0.045493265488117475,617,This is nothing like the VR version.
6270,7290,0,3,34,37,1.0810810810810811,0.045493265488117475,617,Just another art show
6279,7290,0,3,34,37,1.0810810810810811,0.045493265488117475,617,I guess they don't have enough virtual reality headsets for all of us. I feel chilly.
6352,7290,0,3,34,37,1.0810810810810811,0.045493265488117475,617,It's sure getting hot in here!
6391,7290,0,3,34,37,1.0810810810810811,0.045493265488117475,617,"You just had to say you'd rather burn in hell than pay a cable bill any more."" ""Oh, please. This is the hottest show on broadcast TV."
6413,7290,0,3,34,37,1.0810810810810811,0.045493265488117475,617,"When Grandma said I'd go to heck, I thought it was just a euphemism."
6576,7290,0,3,34,37,1.0810810810810811,0.045493265488117475,617,"Yes, I signed up for Tinder but I wasn't expecting flames . . ."
6613,7290,0,3,34,37,1.0810810810810811,0.045493265488117475,617,Timeshare? God no! I'm just here for the free tickets.
6660,7290,0,3,34,37,1.0810810810810811,0.045493265488117475,617,It's a little chilly in here.
6663,7290,0,3,34,37,1.0810810810810811,0.045493265488117475,617,I think the 'hell' part is the black-n-white image on an analog set.
6666,7290,1,1,35,37,1.0810810810810811,0.05975900523162883,617,There goes our asses
6683,7290,1,1,35,37,1.0810810810810811,0.05975900523162883,617,"That's reassuring, it'll be a Safety and Health film."
6693,7290,0,3,34,37,1.0810810810810811,0.045493265488117475,617,Wait! So the golden age of television is over now?
6770,7290,0,3,34,37,1.0810810810810811,0.045493265488117475,617,Want to singe-watch this later?
6796,7290,0,3,34,37,1.0810810810810811,0.045493265488117475,617,I heard heaven’s not so great either - they just got cable.
6909,7290,0,3,34,37,1.0810810810810811,0.045493265488117475,617,"We tried to sacrifice a virgin, but she keeps bouncing off."
6912,7290,0,3,34,37,1.0810810810810811,0.045493265488117475,617,"This heat is bad enough, but making us watch reruns of F Troop, is hell."
6927,7290,0,3,34,37,1.0810810810810811,0.045493265488117475,617,"This is so much better than watching ""Three's Company"" re-runs."
5890,7290,1,1,35,37,1.0810810810810811,0.05975900523162883,617,Which weapon? He: I pick Richard. She: I pick pussycat!
4040,7290,0,3,34,37,1.0810810810810811,0.045493265488117475,617,They're trying something different for Gordon Ramsay's newest show.
5439,7290,0,3,34,37,1.0810810810810811,0.045493265488117475,617,Do you know hard it is to find this channel when it’s not Christmas time?
3888,7290,0,3,34,37,1.0810810810810811,0.045493265488117475,617,If you stand really still we get better reception.
896,7290,0,3,34,37,1.0810810810810811,0.045493265488117475,617,"I played the exact same fireplace video loop at my Christmas party last year. The nudity, however, was optional."
913,7290,0,3,34,37,1.0810810810810811,0.045493265488117475,617,"Oh, I agree! You're committing a sin if you're not well-informed."
938,7290,0,3,34,37,1.0810810810810811,0.045493265488117475,617,"Here, Joel Osteen is Pay-per-View After Dark."
995,7290,0,3,34,37,1.0810810810810811,0.045493265488117475,617,Next week we finally get the virtual reality glasses.
1030,7290,0,3,34,37,1.0810810810810811,0.045493265488117475,617,Who's next in line?
1058,7290,0,3,34,37,1.0810810810810811,0.045493265488117475,617,"And now, the reruns of the last presidential election-"
1073,7290,0,3,34,37,1.0810810810810811,0.045493265488117475,617,"Yes, we even recognize Time Warner down here."
1131,7290,0,3,34,37,1.0810810810810811,0.045493265488117475,617,"Oh, we knew all along their sexual organs are different than ours. Now they know too."
1155,7290,0,3,34,37,1.0810810810810811,0.045493265488117475,617,I guess it's better than an infinite loop of an episode of 'Cop Rock'.
1161,7290,0,3,34,37,1.0810810810810811,0.045493265488117475,617,This isn't nearly as bad as I'd anticipated.
1213,7290,0,3,34,37,1.0810810810810811,0.045493265488117475,617,I told you we should have booked business class
1265,7290,0,3,34,37,1.0810810810810811,0.045493265488117475,617,I thought they canceled this.
1287,7290,0,3,34,37,1.0810810810810811,0.045493265488117475,617,"Ugh, they don't even have cable?"
1310,7290,0,3,34,37,1.0810810810810811,0.045493265488117475,617,I guess climate change is real after all.
1333,7290,0,3,34,37,1.0810810810810811,0.045493265488117475,617,I'm feeling moth-y.
1345,7290,1,1,35,37,1.0810810810810811,0.05975900523162883,617,Ha! I love that funny little gecko.
1512,7290,0,3,34,37,1.0810810810810811,0.045493265488117475,617,It's just bad advertising!
1638,7290,0,3,34,37,1.0810810810810811,0.045493265488117475,617,"I must say, the rival cult's new docuseries is pretty lit."
1706,7290,0,3,34,37,1.0810810810810811,0.045493265488117475,617,"Not quite the same as the yule log, eh?"
1719,7290,0,3,34,37,1.0810810810810811,0.045493265488117475,617,"Yep, Hell iS freezing over, and they're broadcasting this from Hawaii."
1769,7290,0,3,34,37,1.0810810810810811,0.045493265488117475,617,"No, I didn't have Comcast"
1777,7290,0,3,34,37,1.0810810810810811,0.045493265488117475,617,As if it wasn't bad enough having to watch this on TV --- it's not even high def!
1901,7290,0,3,34,37,1.0810810810810811,0.045493265488117475,617,I am told here for Me Too violations. what is Me Too?
1909,7290,0,3,34,37,1.0810810810810811,0.045493265488117475,617,Quick fix solution at the nudist colony when the heating breaks down.
1935,7290,0,3,34,37,1.0810810810810811,0.045493265488117475,617,I wouldn’t have murdered my entire family if I knew I’d have to endure 240p like this!
862,7290,0,3,34,37,1.0810810810810811,0.045493265488117475,617,"Rabbit ears? For Heaven's sake, are you kidding me?"
2029,7290,0,3,34,37,1.0810810810810811,0.045493265488117475,617,If it's the only way I can watch Game of Thrones then so be it.
860,7290,0,3,34,37,1.0810810810810811,0.045493265488117475,617,Being bad OK an barbecues hooray!
759,7290,0,3,34,37,1.0810810810810811,0.045493265488117475,617,Not seeing it in hi def on a big flat screen seems hellish enough.
3893,7290,0,3,34,37,1.0810810810810811,0.045493265488117475,617,Our tour director used do special effects at Burning Man.
10,7290,0,3,34,37,1.0810810810810811,0.045493265488117475,617,He's the fake news caster and I'm the real.thing.
31,7290,0,3,34,37,1.0810810810810811,0.045493265488117475,617,"I’m fine with it, but the boss wants a re-write by 5."
73,7290,0,3,34,37,1.0810810810810811,0.045493265488117475,617,"Netflix is on fire, after all."
94,7290,0,3,34,37,1.0810810810810811,0.045493265488117475,617,"I guess one channel, black and white TV is just another side of hell."
170,7290,0,3,34,37,1.0810810810810811,0.045493265488117475,617,It's like the Yule Log but with a Boy's Bands soundtrack instead
211,7290,0,3,34,37,1.0810810810810811,0.045493265488117475,617,"First, they go after your most sacred pastimes."
283,7290,0,3,34,37,1.0810810810810811,0.045493265488117475,617,"In hell, people watch a television show that is just something burning."
337,7290,0,3,34,37,1.0810810810810811,0.045493265488117475,617,And to think we all used to complain about the cable companies...!
357,7290,0,3,34,37,1.0810810810810811,0.045493265488117475,617,I thought it was a costume party.
378,7290,0,3,34,37,1.0810810810810811,0.045493265488117475,617,Damn you all! I wasn't prepared to entertain so many.
386,7290,0,3,34,37,1.0810810810810811,0.045493265488117475,617,It's really painful during prime time.
412,7290,0,3,34,37,1.0810810810810811,0.045493265488117475,617,No Cable! Don't suppose they have air conditioning?
442,7290,0,3,34,37,1.0810810810810811,0.045493265488117475,617,He said HD is supposed be available next millennium.
483,7290,0,3,34,37,1.0810810810810811,0.045493265488117475,617,It's relatable.
499,7290,0,3,34,37,1.0810810810810811,0.045493265488117475,617,Reality TV is better than reality here.
540,7290,1,1,35,37,1.0810810810810811,0.05975900523162883,617,If this is Hellzapoppin' when do we get to see Martha Raye in the nude? I hear her lips are as big as her mouth.
545,7290,0,3,34,37,1.0810810810810811,0.045493265488117475,617,Brimstone was canceled.
582,7290,0,3,34,37,1.0810810810810811,0.045493265488117475,617,"Well, this shouldn't be too bad."
604,7290,1,1,35,37,1.0810810810810811,0.05975900523162883,617,Pack up your office. The Big Boss says you're fired.
629,7290,0,3,34,37,1.0810810810810811,0.045493265488117475,617,This must be retro infotainment.
632,7290,0,3,34,37,1.0810810810810811,0.045493265488117475,617,"It's always ""Sheol Week""."
633,7290,0,3,34,37,1.0810810810810811,0.045493265488117475,617,He's still waiting for the mines to re-open.
660,7290,0,3,34,37,1.0810810810810811,0.045493265488117475,617,The previews for this place made it seem a lot scarier.
685,7290,0,3,34,37,1.0810810810810811,0.045493265488117475,617,Another rerun and I'm joining Sisyphus on that hill!
772,7290,0,3,34,37,1.0810810810810811,0.045493265488117475,617,These budget cuts are really killing morale.
2057,7290,0,3,34,37,1.0810810810810811,0.045493265488117475,617,I'm pretty sure this isn't 60 Minutes.
1312,7290,0,3,34,37,1.0810810810810811,0.045493265488117475,617,"I always suspected Hell would include reality TV, but who could have predicted continuous-loop, black and white reruns without even a wide-screen option?"
2212,7290,0,3,34,37,1.0810810810810811,0.045493265488117475,617,It’s Trump and Hannity talking foreign policy.
3099,7290,0,3,34,37,1.0810810810810811,0.045493265488117475,617,"""How many times is he gonna show, 'Farenheit 451'""?"
3155,7290,1,1,35,37,1.0810810810810811,0.05975900523162883,617,"I do get tired of the Weather Channel, but on the upside, I never have to look for the remote again."
3172,7290,0,3,34,37,1.0810810810810811,0.045493265488117475,617,"With the Iran treaty falling apart, the price of oil has gone up and we're reduced to watching videos of flames."
3220,7290,0,3,34,37,1.0810810810810811,0.045493265488117475,617,Cloudy... with a... chance of ... meatballs...?
3304,7290,0,3,34,37,1.0810810810810811,0.045493265488117475,617,Dumbest possible timeline!
3317,7290,1,1,35,37,1.0810810810810811,0.05975900523162883,617,God help us - this show sucks.
3358,7290,1,1,35,37,1.0810810810810811,0.05975900523162883,617,"I mean, Hell, if we're gonna end up there anyway..."
3472,7290,0,3,34,37,1.0810810810810811,0.045493265488117475,617,He's beating the hell out of these Fake News.
3495,7290,0,3,34,37,1.0810810810810811,0.045493265488117475,617,That is the real fire from hell. It gets lousy ratings!
3547,7290,0,3,34,37,1.0810810810810811,0.045493265488117475,617,At least it's not as hot as the real thing.
2198,7290,0,3,34,37,1.0810810810810811,0.045493265488117475,617,It's pay-per-view.
3560,7290,0,3,34,37,1.0810810810810811,0.045493265488117475,617,This isn't as bad as I thought it was going to be.
3581,7290,0,3,34,37,1.0810810810810811,0.045493265488117475,617,Wow. No Netflix.
3630,7290,0,3,34,37,1.0810810810810811,0.045493265488117475,617,Somehow I thought hell would involve basic cable reruns.
3663,7290,1,1,35,37,1.0810810810810811,0.05975900523162883,617,This must be that special place!
3666,7290,0,3,34,37,1.0810810810810811,0.045493265488117475,617,He traded all his carbon voucher to Trump for souls.
3668,7290,1,1,35,37,1.0810810810810811,0.05975900523162883,617,Obviously he's not familiar with McLuhan's theory of TV as a cool medium.
3711,7290,0,3,34,37,1.0810810810810811,0.045493265488117475,617,I miss the yule log.
3739,7290,0,3,34,37,1.0810810810810811,0.045493265488117475,617,Well I have a feeling that this is the new thing after that pesky cryotherapy hoax.
3780,7290,0,3,34,37,1.0810810810810811,0.045493265488117475,617,Had I known there wouldn't be HD...
3784,7290,0,3,34,37,1.0810810810810811,0.045493265488117475,617,They promised a flat screen.
3794,7290,1,1,35,37,1.0810810810810811,0.05975900523162883,617,You'd think he would at least have a flat screen.
3861,7290,0,3,34,37,1.0810810810810811,0.045493265488117475,617,The most captivating discovery is now enjoyed by all mankind.
3873,7290,0,3,34,37,1.0810810810810811,0.045493265488117475,617,Told you Amazon is the devil.
3884,7290,0,3,34,37,1.0810810810810811,0.045493265488117475,617,It's chewing gum for the soul.
3020,7290,0,3,34,37,1.0810810810810811,0.045493265488117475,617,I hear they have cable in heaven.
3001,7290,1,1,35,37,1.0810810810810811,0.05975900523162883,617,"I didn't know the ""The Apprentice"" was directed by The Adversary."
3557,7290,1,1,35,37,1.0810810810810811,0.05975900523162883,617,He never went to flat screen
2984,7290,0,3,34,37,1.0810810810810811,0.045493265488117475,617,Did you ever watch the Yule Log on TV?
2986,7290,1,1,35,37,1.0810810810810811,0.05975900523162883,617,"And all new episodes, starting September 26!"
2242,7290,1,1,35,37,1.0810810810810811,0.05975900523162883,617,I love the soundtrack.
2264,7290,0,3,34,37,1.0810810810810811,0.045493265488117475,617,OVERBOOKED
2307,7290,0,3,34,37,1.0810810810810811,0.045493265488117475,617,Netflickers and chill
2423,7290,0,3,34,37,1.0810810810810811,0.045493265488117475,617,It's my own fault for trying to keep up with the Kardashians.
2424,7290,0,3,34,37,1.0810810810810811,0.045493265488117475,617,"Oh good, TMZ is on."
2427,7290,0,3,34,37,1.0810810810810811,0.045493265488117475,617,"Hell Orientation: ""I must say, I'm actually enjoying myself. A flat screen would be nice though."""
2438,7290,0,3,34,37,1.0810810810810811,0.045493265488117475,617,I hear they got a cable network to produce hell...
2222,7290,0,3,34,37,1.0810810810810811,0.045493265488117475,617,Don't worry - it was only renewed for an abbreviated eternity.
2502,7290,0,3,34,37,1.0810810810810811,0.045493265488117475,617,Reality TV be damned.
2508,7290,0,3,34,37,1.0810810810810811,0.045493265488117475,617,"Cutbacks down here have been intense recently, Satan over there put all his money into the Stock Market after the election."
2537,7290,0,3,34,37,1.0810810810810811,0.045493265488117475,617,"""These TV orientations make me long for the old Powerpoint presentations""."
2472,7290,0,3,34,37,1.0810810810810811,0.045493265488117475,617,Don't you get tired of these Show and Tells?
2603,7290,0,3,34,37,1.0810810810810811,0.045493265488117475,617,A 19-inch analog black-and-white with no cable or Netflix. This is hell.
2958,7290,0,3,34,37,1.0810810810810811,0.045493265488117475,617,"Gee, If I only had known I'd spend my eternity in Hell just watching the yule log I would have behaved REALLY bad!"
2539,7290,1,1,35,37,1.0810810810810811,0.05975900523162883,617,"It's getting hot in here, so take off all your clothes."
2932,7290,0,3,34,37,1.0810810810810811,0.045493265488117475,617,Prometheus is gonna pay for this one!
2877,7290,0,3,34,37,1.0810810810810811,0.045493265488117475,617,No whining people! Just be glad you got a preview!
2874,7290,0,3,34,37,1.0810810810810811,0.045493265488117475,617,They've trying to find the shopping channel.
2852,7290,0,3,34,37,1.0810810810810811,0.045493265488117475,617,Do you think they would care if I put it on the x-rated channel.
2939,7290,0,3,34,37,1.0810810810810811,0.045493265488117475,617,"I would never have guessed that hell was ""clothing optional"" !"
2707,7290,0,3,34,37,1.0810810810810811,0.045493265488117475,617,This is a light-hearted comedy compared to Black Mirror.
2691,7290,1,1,35,37,1.0810810810810811,0.05975900523162883,617,We don't need to hear more advertisements for a FREE round-trip ticket to bask in heat! We'll gladly accept the booby prize ... a one-way trip to the Arctic in winter!
2663,7290,1,1,35,37,1.0810810810810811,0.05975900523162883,617,I prefer the flat screens myself.
2846,7290,0,3,34,37,1.0810810810810811,0.045493265488117475,617,"When I sold my soul to him, he did promise unlimited binge-watching."
4561,7516,0,3,35,38,1.0789473684210527,0.044331271812937195,617,The orientation's not even in HD. Now I'm really worried.
4606,7516,0,3,35,38,1.0789473684210527,0.044331271812937195,617,I'm guessing this isn't the Yule Log?
4775,7516,0,3,35,38,1.0789473684210527,0.044331271812937195,617,"This almost makes me yearn for ""The Apprentice."" Almost."
4953,7516,0,3,35,38,1.0789473684210527,0.044331271812937195,617,I heard the new flat screen is on order.
4983,7516,1,1,36,38,1.0789473684210527,0.058204267603313695,617,Apparently I mansplained too much.
5032,7516,0,3,35,38,1.0789473684210527,0.044331271812937195,617,I knew you’d lose the remote. “The Americans” final is on FX.
5105,7516,0,3,35,38,1.0789473684210527,0.044331271812937195,617,Do I dare remind him to pay the oil bill on time?
5140,7516,0,3,35,38,1.0789473684210527,0.044331271812937195,617,You're going to hate Shark Week
5314,7516,0,3,35,38,1.0789473684210527,0.044331271812937195,617,I could do the weather forecast as good as that guy.
5379,7516,0,3,35,38,1.0789473684210527,0.044331271812937195,617,Whose turn is it to throw their log on the fire?
5543,7516,0,3,35,38,1.0789473684210527,0.044331271812937195,617,A ticker would have been enough. That was my favorite program.
5819,7516,0,3,35,38,1.0789473684210527,0.044331271812937195,617,"Let the notes radiate, brother."
7841,7516,0,3,35,38,1.0789473684210527,0.044331271812937195,617,"...make you hold it at just the right angle until.... Oh gosh, I’m dating myself!"
6205,7516,0,3,35,38,1.0789473684210527,0.044331271812937195,617,"This doesn't look good, he promised us gossamer clothes."
6403,7516,1,1,36,38,1.0789473684210527,0.058204267603313695,617,Welcome to HELLTV. there's only one channel and it's not FOX.
6460,7516,1,1,36,38,1.0789473684210527,0.058204267603313695,617,The orientation video is supposedly a real morale booster.
6518,7516,0,3,35,38,1.0789473684210527,0.044331271812937195,617,I'm glad to see they finally got the internet providers down here
6617,7516,0,3,35,38,1.0789473684210527,0.044331271812937195,617,I have a flat screen at my house.
6769,7516,0,3,35,38,1.0789473684210527,0.044331271812937195,617,His gas bill was going to bankrupt him
6847,7516,0,3,35,38,1.0789473684210527,0.044331271812937195,617,At least it is warm!
6924,7516,0,3,35,38,1.0789473684210527,0.044331271812937195,617,"I just love magical realism on TV, don't you?"
7334,7516,0,3,35,38,1.0789473684210527,0.044331271812937195,617,I heard this is part of a push for a greener image.
7433,7516,0,3,35,38,1.0789473684210527,0.044331271812937195,617,I heard that fuel prices are nearly as high as the Pearly Gates
7570,7516,1,1,36,38,1.0789473684210527,0.058204267603313695,617,Watching while the world burns?
4527,7516,0,3,35,38,1.0789473684210527,0.044331271812937195,617,So this isn't 5 o'clock Vigyan Yoga?
7940,7516,0,3,35,38,1.0789473684210527,0.044331271812937195,617,do you think they have cspan?
5934,7516,0,3,35,38,1.0789473684210527,0.044331271812937195,617,"No, I don't think they can get 'The Andy Griffith Show' down here."
4326,7516,0,3,35,38,1.0789473684210527,0.044331271812937195,617,The Devil became aware of he annual carbon emissions.
5710,7516,1,1,36,38,1.0789473684210527,0.058204267603313695,617,Hollywood is so out of touch with reality.
4063,7516,0,3,35,38,1.0789473684210527,0.044331271812937195,617,"So, you wanna Netflix and burn?"
4157,7516,0,3,35,38,1.0789473684210527,0.044331271812937195,617,"Old news, lah di dah."
150,7516,0,3,35,38,1.0789473684210527,0.044331271812937195,617,"""Everything is black and white down here, he couldn't afford 'Comcast' either""!"
172,7516,0,3,35,38,1.0789473684210527,0.044331271812937195,617,And the brimstone is on the radio. Nothing else to do down here. Pure Hell
381,7516,0,3,35,38,1.0789473684210527,0.044331271812937195,617,I told you HBO was ungodly.
647,7516,0,3,35,38,1.0789473684210527,0.044331271812937195,617,The snow channel’s really gone to hell these days.
711,7516,0,3,35,38,1.0789473684210527,0.044331271812937195,617,I think I've seen this episode before.
737,7516,0,3,35,38,1.0789473684210527,0.044331271812937195,617,The new definition of hell: antenna TV.
884,7516,1,1,36,38,1.0789473684210527,0.058204267603313695,617,You should never meet your heroes.
887,7516,0,3,35,38,1.0789473684210527,0.044331271812937195,617,The Earthlings are complaining about global warming? How about we bring them down here?
1180,7516,0,3,35,38,1.0789473684210527,0.044331271812937195,617,Joe Arpallo only allows us to watch one channel.
1361,7516,0,3,35,38,1.0789473684210527,0.044331271812937195,617,I knew we should have stopped by the Bloomingdales clothing sale.
1621,7516,0,3,35,38,1.0789473684210527,0.044331271812937195,617,This is where the ex government VIPs go.
1745,7516,0,3,35,38,1.0789473684210527,0.044331271812937195,617,It's hell watching in lo-def.
1324,7516,0,3,35,38,1.0789473684210527,0.044331271812937195,617,Satan promised that the new auditorium will fit everyone...
2068,7516,0,3,35,38,1.0789473684210527,0.044331271812937195,617,Look like we can vacation in Hawaii
3823,7516,0,3,35,38,1.0789473684210527,0.044331271812937195,617,Seems to me the Survivor Hades season finale is really flaming out.
3587,7516,0,3,35,38,1.0789473684210527,0.044331271812937195,617,Guess TV can't go any lower.
3524,7516,1,1,36,38,1.0789473684210527,0.058204267603313695,617,"""I'm disappointed. I was looking forward to a high-tech hell. But rabbit ears, come on!"
1823,7516,0,3,35,38,1.0789473684210527,0.044331271812937195,617,See! I wasn’t lying when I said it’s average!
3165,7516,0,3,35,38,1.0789473684210527,0.044331271812937195,617,And now a preview of next week’s episode!
3150,7516,0,3,35,38,1.0789473684210527,0.044331271812937195,617,"It's getting hot in here, so take off all your clothes."
3403,7516,0,3,35,38,1.0789473684210527,0.044331271812937195,617,They have FIOS upstairs but down here we’re still waiting
2780,7516,0,3,35,38,1.0789473684210527,0.044331271812937195,617,White collar criminals get UHDTV.
2377,7516,0,3,35,38,1.0789473684210527,0.044331271812937195,617,"“Here in the 2nd circle, we’re sentenced to an eternity of daytime TV from the 1980s."
2310,7516,0,3,35,38,1.0789473684210527,0.044331271812937195,617,We never used to have watch these goddamn compliance videos at SAC Capital.
2217,7516,0,3,35,38,1.0789473684210527,0.044331271812937195,617,You gotta love hell in Norway.
3010,7516,0,3,35,38,1.0789473684210527,0.044331271812937195,617,"Global warming is Hell , Season Two, begins soon."
4746,7573,0,3,36,39,1.0769230769230769,0.04322703745761662,617,"Attention this is a broadcast test of the emergency service alert system for Trump followers. In the event the pee pee tapes are made public, follow the man with the pitch fork to saftey."
8056,7573,1,1,37,39,1.0769230769230769,0.05672833888524614,617,No flat screen? This /will/ be hell.
6306,7573,1,1,37,39,1.0769230769230769,0.05672833888524614,617,So this is where they got the idea of a Yule Log.
6017,7573,0,3,36,39,1.0769230769230769,0.04322703745761662,617,Why do we have to watch another Inferno movie when we are living it?
5450,7573,0,3,36,39,1.0769230769230769,0.04322703745761662,617,Analog? My job was virtual...
5382,7573,0,3,36,39,1.0769230769230769,0.04322703745761662,617,I believe that their technology lags behind the other place
4366,7573,0,3,36,39,1.0769230769230769,0.04322703745761662,617,Who would have guessed hell orientation would have been so well directed.
4612,7573,0,3,36,39,1.0769230769230769,0.04322703745761662,617,Our very own version of yin and yang.
3080,7573,0,3,36,39,1.0769230769230769,0.04322703745761662,617,"Hell Has No Fiery Like Our Naked Bodies, At least we can watch TV"
2621,7573,0,3,36,39,1.0769230769230769,0.04322703745761662,617,It's not in 4k. This really is Hell.
2359,7573,0,3,36,39,1.0769230769230769,0.04322703745761662,617,It's the new austerity program. Wait till you see the brimstone video.
1749,7573,0,3,36,39,1.0769230769230769,0.04322703745761662,617,"Yep, only tv station in hell is in fact a virtual fireplace, but if you ask me the real torture is it`s not in HD."
1440,7573,0,3,36,39,1.0769230769230769,0.04322703745761662,617,"I really don't mind having to watch the video feed, but I miss my plasma."
1404,7573,1,1,37,39,1.0769230769230769,0.05672833888524614,617,Any chance I could get a snow cone?
3244,7573,0,3,36,39,1.0769230769230769,0.04322703745761662,617,It reminds him of his mother
1078,7588,0,3,37,40,1.075,0.04217636961434866,617,"The note said, “It will destroy you.”"
3525,7588,0,3,37,40,1.075,0.04217636961434866,617,"Choosing ""Get Naked"" over ""High Def"" is a decision I'll regret for eternity."
5350,7590,0,2,32,34,1.0588235294117647,0.0409594484601642,617,"When we get in, you wanna skip the hot tub?"
5473,7590,0,2,32,34,1.0588235294117647,0.0409594484601642,617,Is this the Cable Industry section?
5468,7590,0,2,32,34,1.0588235294117647,0.0409594484601642,617,This is the best we can give you since the DEP made a surprise inspection here.
6049,7590,0,2,32,34,1.0588235294117647,0.0409594484601642,617,Is that the Yule Log or a picture of everlasting Hell?
5453,7590,0,2,32,34,1.0588235294117647,0.0409594484601642,617,I know it was you who wrote termites on the potluck sign up sheet.
5393,7590,0,2,32,34,1.0588235294117647,0.0409594484601642,617,I bet Saint Peter has the premium cable package...
5416,7590,0,2,32,34,1.0588235294117647,0.0409594484601642,617,I guess only having one in station Nudist Hell is not as bad as being stuck in Trump News 24/7 Hell.
5408,7590,0,2,32,34,1.0588235294117647,0.0409594484601642,617,"When we had trees, I still preferred the wood burning fireplace."
5398,7590,0,2,32,34,1.0588235294117647,0.0409594484601642,617,I don't mind the rabbit ears reception but the no remote is killing me
5485,7590,0,2,32,34,1.0588235294117647,0.0409594484601642,617,And you thought binge watching for a weekend was a lot.
5355,7590,0,2,32,34,1.0588235294117647,0.0409594484601642,617,Tuesday’s include Hades version of “Fireside Theatre”
5427,7590,0,2,32,34,1.0588235294117647,0.0409594484601642,617,Do you know how hard it is to find this channel when it’s not Christmas?
5537,7590,0,2,32,34,1.0588235294117647,0.0409594484601642,617,At least it’s better than ‘Friends’.
8119,7590,0,2,32,34,1.0588235294117647,0.0409594484601642,617,"No, they only fake the news in the other place."
5590,7590,0,2,32,34,1.0588235294117647,0.0409594484601642,617,I thought there was no TV in hell
5595,7590,0,2,32,34,1.0588235294117647,0.0409594484601642,617,The commercial break is where they really get you.
5627,7590,0,2,32,34,1.0588235294117647,0.0409594484601642,617,No synthetics.
5630,7590,0,2,32,34,1.0588235294117647,0.0409594484601642,617,"Everyone, meet our new guest who was just killed by the internet."
5644,7590,0,2,32,34,1.0588235294117647,0.0409594484601642,617,"Being naked is the new cool, so what if we’re as hot as the devil?"
5805,7590,0,2,32,34,1.0588235294117647,0.0409594484601642,617,This is just cruel. It's so much better on the big screen.
5861,7590,0,2,32,34,1.0588235294117647,0.0409594484601642,617,And yet the millennials are so hell-bent on having 'experiences'.
5883,7590,0,2,32,34,1.0588235294117647,0.0409594484601642,617,"You're telling me the television is a ""Brimstone""?"
5941,7590,0,2,32,34,1.0588235294117647,0.0409594484601642,617,I don't really feel like I'm there with such poor picture quality.
5951,7590,0,2,32,34,1.0588235294117647,0.0409594484601642,617,That was one helluva movie.
5971,7590,0,2,32,34,1.0588235294117647,0.0409594484601642,617,Waite till you see the fire works in person !!
5996,7590,0,2,32,34,1.0588235294117647,0.0409594484601642,617,They still haven't done anything about the grainy reception.
5567,7590,0,2,32,34,1.0588235294117647,0.0409594484601642,617,We have to stand and watch this on HD for eternity .. it’s the “Hell & Damnation” series of endless episodes .
5347,7590,0,2,32,34,1.0588235294117647,0.0409594484601642,617,I guess we're in the millennial section.
4550,7590,0,2,32,34,1.0588235294117647,0.0409594484601642,617,You'd think he could afford the real thing.
5277,7590,0,2,32,34,1.0588235294117647,0.0409594484601642,617,a hellish tutorial.
4355,7590,0,2,32,34,1.0588235294117647,0.0409594484601642,617,It's how we achieve our Paris Accord target.
4403,7590,0,2,32,34,1.0588235294117647,0.0409594484601642,617,Would it be better or worse on HDTV?
4409,7590,0,2,32,34,1.0588235294117647,0.0409594484601642,617,This is ridiculous...
4457,7590,0,2,32,34,1.0588235294117647,0.0409594484601642,617,Who wants to suck my dick?
4470,7590,0,2,32,34,1.0588235294117647,0.0409594484601642,617,"Now, which one of you is Buck Necked?"
4528,7590,0,2,32,34,1.0588235294117647,0.0409594484601642,617,"You have to believe me, that's not a real fire. The light is behind us."
4535,7590,0,2,32,34,1.0588235294117647,0.0409594484601642,617,Is this for real?
4548,7590,1,0,33,34,1.0588235294117647,0.05882352941176471,617,Hand basket orientation 101
6142,7590,0,2,32,34,1.0588235294117647,0.0409594484601642,617,it's hell having to watch this in standard definition standard definition is true evil
4564,7590,0,2,32,34,1.0588235294117647,0.0409594484601642,617,"It turns out, if you made your body a temple, you were shunning God’s bounty."
4632,7590,0,2,32,34,1.0588235294117647,0.0409594484601642,617,Later we all get jalapeno jelly.
4698,7590,0,2,32,34,1.0588235294117647,0.0409594484601642,617,Could we get some chairs at least?
4768,7590,0,2,32,34,1.0588235294117647,0.0409594484601642,617,"pretty boring plot. repetitive as hell. i only watch the ads, myself. say, want to hit the sauna later..?"
5317,7590,0,2,32,34,1.0588235294117647,0.0409594484601642,617,Kinda poetic actually- hell is a purgatory of spoilers.
4808,7590,0,2,32,34,1.0588235294117647,0.0409594484601642,617,Our eternal BarBQ lessons...if only they could get a led screen...
4892,7590,0,2,32,34,1.0588235294117647,0.0409594484601642,617,This must be Hell... No HD!!
4956,7590,0,2,32,34,1.0588235294117647,0.0409594484601642,617,"I hear the ambiance is not so bad, but the wifi is terrible."
4963,7590,0,2,32,34,1.0588235294117647,0.0409594484601642,617,Let's hope no one tells him it's the Channel 11 Yule log.
4967,7590,0,2,32,34,1.0588235294117647,0.0409594484601642,617,"Well, this box here has been taking a lot of credit for my work."
5022,7590,0,2,32,34,1.0588235294117647,0.0409594484601642,617,Is this the failure-to-sin-boldly section?
5038,7590,0,2,32,34,1.0588235294117647,0.0409594484601642,617,"He thinks he's so hot, well I'll be damned if I watch this old nonsense again."
5084,7590,0,2,32,34,1.0588235294117647,0.0409594484601642,617,Man... It's not even a flat-screen.
5126,7590,0,2,32,34,1.0588235294117647,0.0409594484601642,617,It must be an elephant.
5157,7590,0,2,32,34,1.0588235294117647,0.0409594484601642,617,During fuel shortages he tries to kill us with reruns of last year.
5165,7590,0,2,32,34,1.0588235294117647,0.0409594484601642,617,Eternity without cable. Whadya expect?
5170,7590,0,2,32,34,1.0588235294117647,0.0409594484601642,617,I should have listened to the kids. and switched to streaming
5205,7590,0,2,32,34,1.0588235294117647,0.0409594484601642,617,"I heard ""Hell's Fire"" is on next"
5248,7590,0,2,32,34,1.0588235294117647,0.0409594484601642,617,"I thought we'd agreed, no close-ups."
4875,7590,0,2,32,34,1.0588235294117647,0.0409594484601642,617,Can't we just break the tv?
6182,7590,0,2,32,34,1.0588235294117647,0.0409594484601642,617,I really could do without the coming attractions.
6725,7590,0,2,32,34,1.0588235294117647,0.0409594484601642,617,"Sadly, its the Big Island...."
6211,7590,0,2,32,34,1.0588235294117647,0.0409594484601642,617,"Somehow, I assumed that Virtual Hell would be a lot more high tech."
7203,7590,0,2,32,34,1.0588235294117647,0.0409594484601642,617,Looks like we're going to have a hot rating on this show.
7257,7590,0,2,32,34,1.0588235294117647,0.0409594484601642,617,Hell's version of a plasma screen.
7276,7590,0,2,32,34,1.0588235294117647,0.0409594484601642,617,"If this is a prelude, the recption's not so hot."
7278,7590,0,2,32,34,1.0588235294117647,0.0409594484601642,617,"Dad's ratings on ""The Apprentice"" were better than this."
7311,7590,0,2,32,34,1.0588235294117647,0.0409594484601642,617,Who's next?
7312,7590,0,2,32,34,1.0588235294117647,0.0409594484601642,617,Do my glasses make me look devilish?
7351,7590,0,2,32,34,1.0588235294117647,0.0409594484601642,617,The picture would have looked far more realistic on digital.
7392,7590,0,2,32,34,1.0588235294117647,0.0409594484601642,617,We missed this part during spin class.
7413,7590,0,2,32,34,1.0588235294117647,0.0409594484601642,617,They said they were facing austerity measures but this is next-level draconian.
7477,7590,0,2,32,34,1.0588235294117647,0.0409594484601642,617,I don’t really mind the latest round of budget cuts.
7488,7590,0,2,32,34,1.0588235294117647,0.0409594484601642,617,This sector is for people that used the phrase 'in a hot minute'.
7509,7590,0,2,32,34,1.0588235294117647,0.0409594484601642,617,This is the real deep state
7521,7590,0,2,32,34,1.0588235294117647,0.0409594484601642,617,"Somehow, this presentation feels a bit nostalgic."
7523,7590,0,2,32,34,1.0588235294117647,0.0409594484601642,617,This is certainly not what I expected from the Oldest Flexer
7598,7590,0,2,32,34,1.0588235294117647,0.0409594484601642,617,Looks like the technological revolution reached everywhere.
7607,7590,0,2,32,34,1.0588235294117647,0.0409594484601642,617,"Welcome to Nellyville. Please, take off all your clothes."
7610,7590,0,2,32,34,1.0588235294117647,0.0409594484601642,617,That’s when I formed a PAC!
7671,7590,0,2,32,34,1.0588235294117647,0.0409594484601642,617,"A finer flock of unfeathered, feckless friends you’ll never find."
7730,7590,0,2,32,34,1.0588235294117647,0.0409594484601642,617,Hell is low-end VR.
7756,7590,1,0,33,34,1.0588235294117647,0.05882352941176471,617,"Things are really bad down here too, not even a flat TV!"
7902,7590,0,2,32,34,1.0588235294117647,0.0409594484601642,617,Our chances are entirely remote.
7913,7590,0,2,32,34,1.0588235294117647,0.0409594484601642,617,"This fire infomercial doesn't realize where it's broadcasting, does it?"
7936,7590,0,2,32,34,1.0588235294117647,0.0409594484601642,617,I guess we won't be seeing sex and the single girl episodes
7956,7590,0,2,32,34,1.0588235294117647,0.0409594484601642,617,These induction training videos are my hell...
7992,7590,0,2,32,34,1.0588235294117647,0.0409594484601642,617,"To make us suffer even more, they’re making us watch hell as it was depicted during 1970’s TV."
8002,7590,0,2,32,34,1.0588235294117647,0.0409594484601642,617,He says it's must-see T.V.
4346,7590,1,0,33,34,1.0588235294117647,0.05882352941176471,617,These budget cuts are getting out of hand.
7198,7590,0,2,32,34,1.0588235294117647,0.0409594484601642,617,Naked Devil Tribe Wages War!
6204,7590,0,2,32,34,1.0588235294117647,0.0409594484601642,617,"Old television, no cable -- I never thought hell could be this horrible."
7190,7590,0,2,32,34,1.0588235294117647,0.0409594484601642,617,You asked for Naked and Afraid!
7080,7590,0,2,32,34,1.0588235294117647,0.0409594484601642,617,Looks like another re-run! (or) Looks like yet another re-run to me.
6248,7590,0,2,32,34,1.0588235294117647,0.0409594484601642,617,We left our fire for this?
6255,7590,0,2,32,34,1.0588235294117647,0.0409594484601642,617,Hell hath no fury.
6338,7590,0,2,32,34,1.0588235294117647,0.0409594484601642,617,"There were some cutbacks to the budget, so we couldn't afford an actual fiery hellscape."
6346,7590,0,2,32,34,1.0588235294117647,0.0409594484601642,617,'It's actually brilliant from a UX perspective.'
6354,7590,0,2,32,34,1.0588235294117647,0.0409594484601642,617,Rats! I already binge-watched this season.
6371,7590,0,2,32,34,1.0588235294117647,0.0409594484601642,617,I TOLD you the nude beach was a bad idea...
6386,7590,0,2,32,34,1.0588235294117647,0.0409594484601642,617,We’re the only demo watching more not less broadcast you know.
6419,7590,1,0,33,34,1.0588235294117647,0.05882352941176471,617,And he wants to be taken seriously - with analog?
6433,7590,0,2,32,34,1.0588235294117647,0.0409594484601642,617,Here's just a brief preview of what you shall be enduring for eternity. Listen up!
6463,7590,0,2,32,34,1.0588235294117647,0.0409594484601642,617,Are you sure your hands are covering your eyes
6494,7590,0,2,32,34,1.0588235294117647,0.0409594484601642,617,No HD? I truly am in hell.
6503,7590,0,2,32,34,1.0588235294117647,0.0409594484601642,617,I heard even more budget cuts are coming soon.
6516,7590,0,2,32,34,1.0588235294117647,0.0409594484601642,617,It's the only channel and the ice cream commercials are a half hour long.
6545,7590,0,2,32,34,1.0588235294117647,0.0409594484601642,617,"Fifth circle of Hell. Yup, I'm wrathful and sullen. Cable where art thou!"
6590,7590,0,2,32,34,1.0588235294117647,0.0409594484601642,617,So glad I supported net neutrality!
6592,7590,0,2,32,34,1.0588235294117647,0.0409594484601642,617,"Thank God, there's rain in the forcast (oops, I mean thank the devil)!"
6624,7590,0,2,32,34,1.0588235294117647,0.0409594484601642,617,The worst part is that I can’t remember what a hot medium is. (“Is” in italics)
6675,7590,0,2,32,34,1.0588235294117647,0.0409594484601642,617,Hell..It really did work getting my message across. I should listen to God more often!
6718,7590,0,2,32,34,1.0588235294117647,0.0409594484601642,617,"I accepted going to hell, but not to the dark ages!"
6759,7590,0,2,32,34,1.0588235294117647,0.0409594484601642,617,"Well, at least he let's us watch reruns of Seinfeld"
6790,7590,0,2,32,34,1.0588235294117647,0.0409594484601642,617,"Its like watching the Yule Logs at Christmas, without the eggnog."
6806,7590,0,2,32,34,1.0588235294117647,0.0409594484601642,617,"Oh look, we finally got roles in reality T.V. Thanks tRUMP."
6836,7590,1,0,33,34,1.0588235294117647,0.05882352941176471,617,Someone can simply change the channel.
6890,7590,0,2,32,34,1.0588235294117647,0.0409594484601642,617,Who needs the Yule log?
6906,7590,0,2,32,34,1.0588235294117647,0.0409594484601642,617,That's the damnation for our zip code.
6930,7590,0,2,32,34,1.0588235294117647,0.0409594484601642,617,I told you that in hell everybody would be using a sport.
7069,7590,0,2,32,34,1.0588235294117647,0.0409594484601642,617,''last season did not have special effects so chilling''
7176,7590,0,2,32,34,1.0588235294117647,0.0409594484601642,617,The video rotates between “it’s hotter n’ hell in here” and eggs frying on pavement in DeathValley.
4305,7590,0,2,32,34,1.0588235294117647,0.0409594484601642,617,Down here the boob tube lights-up if you're devilishly hot.
2777,7590,0,2,32,34,1.0588235294117647,0.0409594484601642,617,"It's the same show they get in Heaven, but down here it's not in 4K."
4292,7590,0,2,32,34,1.0588235294117647,0.0409594484601642,617,We get a bathroom break only during the commercials.
1259,7590,1,0,33,34,1.0588235294117647,0.05882352941176471,617,This really is hell watching this on a cathode-ray TV.
1277,7590,0,2,32,34,1.0588235294117647,0.0409594484601642,617,Apparently videos have taken over down here.
1278,7590,0,2,32,34,1.0588235294117647,0.0409594484601642,617,I'm certainly afraid
1290,7590,0,2,32,34,1.0588235294117647,0.0409594484601642,617,"His fifteen seconds of fame, our eternity."
1294,7590,0,2,32,34,1.0588235294117647,0.0409594484601642,617,You'd think they would at least have a flat screen TV.
1335,7590,0,2,32,34,1.0588235294117647,0.0409594484601642,617,Last week it was non-stop reruns of Knight Rider!
1337,7590,0,2,32,34,1.0588235294117647,0.0409594484601642,617,"I think he's going to switch to the ""Andy Griffith Show"" and we'll be naked as hell in front of Opie and Aunt Bea!"
1340,7590,0,2,32,34,1.0588235294117647,0.0409594484601642,617,And I used to think my cable TV viewing options were hellishly limited.
1349,7590,0,2,32,34,1.0588235294117647,0.0409594484601642,617,Nobody told me I’d need glasses to read the captions down here.
1498,7590,0,2,32,34,1.0588235294117647,0.0409594484601642,617,He seats latecomers before the second eternity.
1629,7590,0,2,32,34,1.0588235294117647,0.0409594484601642,617,Well this beats watching Fox News on a continuous loop.
1687,7590,0,2,32,34,1.0588235294117647,0.0409594484601642,617,"I saw it, it was in Netflix"
1150,7590,0,2,32,34,1.0588235294117647,0.0409594484601642,617,It has something to do about trying to lower the gas bill.
1724,7590,0,2,32,34,1.0588235294117647,0.0409594484601642,617,Reruns. Again.
1852,7590,0,2,32,34,1.0588235294117647,0.0409594484601642,617,Calgary in the lead with 3 to Miami's 119.
1899,7590,0,2,32,34,1.0588235294117647,0.0409594484601642,617,Ugh not another rerun
1908,7590,0,2,32,34,1.0588235294117647,0.0409594484601642,617,Season six is really heating up.
1925,7590,0,2,32,34,1.0588235294117647,0.0409594484601642,617,Don't worry. The fire is only for pro Trump Evanglists.
1927,7590,0,2,32,34,1.0588235294117647,0.0409594484601642,617,It sure is drafty in here.
1934,7590,0,2,32,34,1.0588235294117647,0.0409594484601642,617,I heard that the OSHA lawyers finally learned about the conditions here.
1970,7590,0,2,32,34,1.0588235294117647,0.0409594484601642,617,Apparently wifi floats so...
2027,7590,0,2,32,34,1.0588235294117647,0.0409594484601642,617,'When's Love Island starting?'
2042,7590,0,2,32,34,1.0588235294117647,0.0409594484601642,617,It's worse than the fire. The shopper channel comes on in a minute.
2044,7590,0,2,32,34,1.0588235294117647,0.0409594484601642,617,I think we can forget about decent Wi-Fi.
2063,7590,0,2,32,34,1.0588235294117647,0.0409594484601642,617,"It gets worse. The local UHF channel only shows reruns of ""Highway to Heaven"" and ""Touched by an Angel""."
2064,7590,0,2,32,34,1.0588235294117647,0.0409594484601642,617,"Ever since Ted Turner died, we only get Fox News."
1766,7590,0,2,32,34,1.0588235294117647,0.0409594484601642,617,"The devil recently became a member of GreenPeace. Effective immediately, Hell will no longer rely on the burning of fossil fuels. All flames will be virtual and residence will be sunburned eternally using newly installed solar panels."
1002,7590,0,2,32,34,1.0588235294117647,0.0409594484601642,617,President Trump immolated himself in announcing that his Mar-O-Lago resort has become a nudist colony at which neither the emperor nor the members have any clothes.
978,7590,0,2,32,34,1.0588235294117647,0.0409594484601642,617,"My Dad owns this company so do everything on my list immediately, you idiot."
910,7590,1,0,33,34,1.0588235294117647,0.05882352941176471,617,Hope we aren't destined to be pitchfork hors d'oeuvres.
4298,7590,0,2,32,34,1.0588235294117647,0.0409594484601642,617,"Instead of brimstone, it's the Brimstone Channel. What the Hell?"
1,7590,0,2,32,34,1.0588235294117647,0.0409594484601642,617,I'd like to know why our health insurance does not cover ‘wood ailments.’
35,7590,0,2,32,34,1.0588235294117647,0.0409594484601642,617,Hi Chelsea. I'm Joe Biden. I see you're here with your parents Bill and Hillary.
43,7590,0,2,32,34,1.0588235294117647,0.0409594484601642,617,Damned budget cuts.
186,7590,0,2,32,34,1.0588235294117647,0.0409594484601642,617,What did I do to deserve a 4:3 aspect ratio?
259,7590,0,2,32,34,1.0588235294117647,0.0409594484601642,617,Hell could use a Disney renovation.
281,7590,0,2,32,34,1.0588235294117647,0.0409594484601642,617,"PG&E has been notified. Meanwhile, please enjoy our featured movie, ""Volcano."""
308,7590,0,2,32,34,1.0588235294117647,0.0409594484601642,617,"Without commercial breaks, it does seem like eternity"
334,7590,0,2,32,34,1.0588235294117647,0.0409594484601642,617,Next time can we just go to dinner and a movie?
351,7590,0,2,32,34,1.0588235294117647,0.0409594484601642,617,Heard someone from the Ninth Circle say the projector bulb overheated.
366,7590,0,2,32,34,1.0588235294117647,0.0409594484601642,617,I'll bet you they're going to make us watch 6 more hours of Fox news.
383,7590,0,2,32,34,1.0588235294117647,0.0409594484601642,617,"This is a request from the upper management, i hope you understand!"
475,7590,0,2,32,34,1.0588235294117647,0.0409594484601642,617,I’ve heard of group therapy but group sun tanning......
502,7590,0,2,32,34,1.0588235294117647,0.0409594484601642,617,It's their version of the Yule Log.
534,7590,0,2,32,34,1.0588235294117647,0.0409594484601642,617,"I don't know how long you've been down here, but this IS NOT Amazon Fire TV."
646,7590,0,2,32,34,1.0588235294117647,0.0409594484601642,617,The cable melted . . .
670,7590,0,2,32,34,1.0588235294117647,0.0409594484601642,617,Another re-run?! I can't take it anymore!
671,7590,0,2,32,34,1.0588235294117647,0.0409594484601642,617,The seventh circle has cable.
698,7590,0,2,32,34,1.0588235294117647,0.0409594484601642,617,we are all here because we were homosexual before we died
703,7590,0,2,32,34,1.0588235294117647,0.0409594484601642,617,Multi-site congregations make sense when you have increased membership.
704,7590,0,2,32,34,1.0588235294117647,0.0409594484601642,617,"This show is too derivative, can we turn it off?"
765,7590,0,2,32,34,1.0588235294117647,0.0409594484601642,617,This is supposed to be hell? This is better than any of the programming I was seeing back home!
819,7590,0,2,32,34,1.0588235294117647,0.0409594484601642,617,They only have local news for the house fires.
855,7590,0,2,32,34,1.0588235294117647,0.0409594484601642,617,Did you pack my sunblock?
856,7590,0,2,32,34,1.0588235294117647,0.0409594484601642,617,I think I recognize everyone here from The Met Costume Gala.
880,7590,0,2,32,34,1.0588235294117647,0.0409594484601642,617,"I was expecting the Devils to be bigger."" ""I know, and you think by now he'd at least have LED "" ""...Oh I didn't notice the television."
889,7590,0,2,32,34,1.0588235294117647,0.0409594484601642,617,The Voss commercials last forever.
2106,7590,0,2,32,34,1.0588235294117647,0.0409594484601642,617,We’re starting a new hellish program to reduce global warming...
2189,7590,0,2,32,34,1.0588235294117647,0.0409594484601642,617,I know it’s disapponting. It’ll be much more realistic when they get the 60-inch 4K TV.
700,7590,0,2,32,34,1.0588235294117647,0.0409594484601642,617,Television has really hit its lowpoint.
2276,7590,0,2,32,34,1.0588235294117647,0.0409594484601642,617,I got a great deal on Trivago.
3305,7590,0,2,32,34,1.0588235294117647,0.0409594484601642,617,I thought it was hot down here!
3308,7590,0,2,32,34,1.0588235294117647,0.0409594484601642,617,I bet they have 1080p in Heaven.
3321,7590,0,2,32,34,1.0588235294117647,0.0409594484601642,617,"Hell? Naw, just warming up this old TV through crowd scoarching."
3334,7590,0,2,32,34,1.0588235294117647,0.0409594484601642,617,"Well, it's a better love story than Twilight."
3362,7590,0,2,32,34,1.0588235294117647,0.0409594484601642,617,This is one hell of a line!
3365,7590,0,2,32,34,1.0588235294117647,0.0409594484601642,617,Its meant to be the latest travel hotspot
3433,7590,0,2,32,34,1.0588235294117647,0.0409594484601642,617,"I was fine with those genocidal dictators and murderers winning Sinner of the Month. But getting beaten by an arsonist? I didn’t expect rapists to be ignored here, too."
3455,7590,0,2,32,34,1.0588235294117647,0.0409594484601642,617,"""Closed captioning, fire and brimstone brought to you by Evangelicals For a Warmer World""."
4127,7590,0,2,32,34,1.0588235294117647,0.0409594484601642,617,I guess the price of sulfur has gone to hell.
3464,7590,0,2,32,34,1.0588235294117647,0.0409594484601642,617,"The reception isn't great, but it's a custom ""lost signal"" screen."
3549,7590,0,2,32,34,1.0588235294117647,0.0409594484601642,617,"Don't worry, Brimstone comes in 3D."
3596,7590,0,2,32,34,1.0588235294117647,0.0409594484601642,617,I'm sure the original contract doesn't have a do-over option...
3653,7590,0,2,32,34,1.0588235294117647,0.0409594484601642,617,I don't think this is what they meant by #Me Too...
3725,7590,0,2,32,34,1.0588235294117647,0.0409594484601642,617,It’s the commercials that are really hell.
3756,7590,0,2,32,34,1.0588235294117647,0.0409594484601642,617,"TV, though, is SO much better."
3772,7590,0,2,32,34,1.0588235294117647,0.0409594484601642,617,Those of us with a brain in our head get to watch Reality TV for Eternity.
3863,7590,0,2,32,34,1.0588235294117647,0.0409594484601642,617,"Turns out, hell is literally a standard-def television."
3867,7590,0,2,32,34,1.0588235294117647,0.0409594484601642,617,Xxx
3869,7590,0,2,32,34,1.0588235294117647,0.0409594484601642,617,Elton John was right.
3943,7590,0,2,32,34,1.0588235294117647,0.0409594484601642,617,Stalactites or stalagmites?
3959,7590,0,2,32,34,1.0588235294117647,0.0409594484601642,617,Seriously? We can't find a cable guy?
3986,7590,0,2,32,34,1.0588235294117647,0.0409594484601642,617,Who knew it was in Hawaii?
4053,7590,0,2,32,34,1.0588235294117647,0.0409594484601642,617,I always wondered what happened to Ring Around the Collar.
4093,7590,0,2,32,34,1.0588235294117647,0.0409594484601642,617,I can relate to this show.
4095,7590,0,2,32,34,1.0588235294117647,0.0409594484601642,617,Turns out the war in heaven was over reality TV.
4096,7590,0,2,32,34,1.0588235294117647,0.0409594484601642,617,"How offensive! Reruns, again?"
2270,7590,0,2,32,34,1.0588235294117647,0.0409594484601642,617,We have to watch the promotional blurb in SD? It really is Hell.
3290,7590,0,2,32,34,1.0588235294117647,0.0409594484601642,617,Wonder if the reception's any better for the people who got buried in their suits?
3289,7590,0,2,32,34,1.0588235294117647,0.0409594484601642,617,He’s doing it on the cheap: Pruriency is his real game.
3457,7590,0,2,32,34,1.0588235294117647,0.0409594484601642,617,Binge watching Amazon Prime turns hellish.
3180,7590,0,2,32,34,1.0588235294117647,0.0409594484601642,617,"I'm just saying, I'll probably go back to spinning next week."
2282,7590,0,2,32,34,1.0588235294117647,0.0409594484601642,617,Doesn't seem like hell until you realize it's all that's on and you have to watch it for eternity.
2285,7590,0,2,32,34,1.0588235294117647,0.0409594484601642,617,"They said Hell is other people, but at least those guys wore clothes and only watched Game of Thrones."
2470,7590,0,2,32,34,1.0588235294117647,0.0409594484601642,617,"This also beats 'Ozzie and Harriet"" reruns."
3230,7590,0,2,32,34,1.0588235294117647,0.0409594484601642,617,"You would think after all this time ,weekly focous groups would might seem a bit indulgent."
2578,7590,0,2,32,34,1.0588235294117647,0.0409594484601642,617,"I expected we were going there, but I had heard they have cable. What fresh hell is this?"
2580,7590,0,2,32,34,1.0588235294117647,0.0409594484601642,617,Is someone getting fired from the Apprentice or Trumps Administration this time?
2601,7590,0,2,32,34,1.0588235294117647,0.0409594484601642,617,We came all this way and still no cable!
2640,7590,0,2,32,34,1.0588235294117647,0.0409594484601642,617,It is hard to get decent reception down here.
2689,7590,0,2,32,34,1.0588235294117647,0.0409594484601642,617,"""Hot as Hell"" is fake news."
2751,7590,0,2,32,34,1.0588235294117647,0.0409594484601642,617,Our only hope is the fire department shows up sometime this eternity.
2770,7590,0,2,32,34,1.0588235294117647,0.0409594484601642,617,You're hot.
2794,7590,0,2,32,34,1.0588235294117647,0.0409594484601642,617,I'd say that fake news.
2834,7590,0,2,32,34,1.0588235294117647,0.0409594484601642,617,Not surprising eternal damnation includes Lost in Space reruns.
2844,7590,0,2,32,34,1.0588235294117647,0.0409594484601642,617,Hell is not having a flat screen for the big game.
2540,7590,0,2,32,34,1.0588235294117647,0.0409594484601642,617,please follow your help full devil into hell
2903,7590,0,2,32,34,1.0588235294117647,0.0409594484601642,617,"You're right, the color separation is unbearable."
2869,7590,0,2,32,34,1.0588235294117647,0.0409594484601642,617,"Hell? Same old, same old..."
3179,7590,0,2,32,34,1.0588235294117647,0.0409594484601642,617,"You know, it is actually tolerable compared to when we use to decide what to watch on Netflix."
3126,7590,0,2,32,34,1.0588235294117647,0.0409594484601642,617,Bob warned me about that timeshare presentation
3060,7590,0,2,32,34,1.0588235294117647,0.0409594484601642,617,What's Up
3047,7590,0,2,32,34,1.0588235294117647,0.0409594484601642,617,It was getting too hot in here.
3028,7590,0,2,32,34,1.0588235294117647,0.0409594484601642,617,"Arthur Brown, for eternity1"
3177,7590,0,2,32,34,1.0588235294117647,0.0409594484601642,617,He works harder than a millennial and you can't hurt his feelings.
2972,7590,0,2,32,34,1.0588235294117647,0.0409594484601642,617,"If you think you are cold up here, I have a special place for you."
2966,7590,0,2,32,34,1.0588235294117647,0.0409594484601642,617,This is the Trump Circle of Hell.
2950,7590,0,2,32,34,1.0588235294117647,0.0409594484601642,617,"Ok, so he delivered the Netflix but where’s the chill."
2925,7590,0,2,32,34,1.0588235294117647,0.0409594484601642,617,When Trump said that he’d send White House leakers to a place of fire and fury I had no idea he had this in mind or that one of his old Apprentice producers would be in charge.
3017,7590,0,2,32,34,1.0588235294117647,0.0409594484601642,617,Good. I needed one.
4112,7834,0,2,33,35,1.0571428571428572,0.039807459772527774,617,They found that CGI actually causes _more_ weeping and gnashing of teeth.
4639,7834,0,2,33,35,1.0571428571428572,0.039807459772527774,617,Fake news! He is not that hot after all!
4908,7834,0,2,33,35,1.0571428571428572,0.039807459772527774,617,"Oh my-- not even 4k quality, this is really hell."
5306,7834,0,2,33,35,1.0571428571428572,0.039807459772527774,617,Hell is having no remote.
5423,7834,0,2,33,35,1.0571428571428572,0.039807459772527774,617,sese
5460,7834,0,2,33,35,1.0571428571428572,0.039807459772527774,617,I was hoping for the aquarium channel.
5599,7834,0,2,33,35,1.0571428571428572,0.039807459772527774,617,My God! You've melted the boob tube.
5866,7834,0,2,33,35,1.0571428571428572,0.039807459772527774,617,It isn't even in HD.
6395,7834,0,2,33,35,1.0571428571428572,0.039807459772527774,617,Well- at least they can’t make us watch any episodes of ‘Fuller House’
6705,7834,0,2,33,35,1.0571428571428572,0.039807459772527774,617,I'd give anything for Fox News.
7492,7834,0,2,33,35,1.0571428571428572,0.039807459772527774,617,Can you please make clear your privacy policy?
6833,7834,0,2,33,35,1.0571428571428572,0.039807459772527774,617,Spoiler alert: he's still suffering in agony
7127,7834,0,2,33,35,1.0571428571428572,0.039807459772527774,617,They call it “Naked & Ashamed.”
7316,7834,0,2,33,35,1.0571428571428572,0.039807459772527774,617,"Who knew ""Netflix and Chill"" would lead to ""C-span and Grill."""
7387,7834,0,2,33,35,1.0571428571428572,0.039807459772527774,617,I'm not a fan of retro marketing campaigns.
7823,7834,0,2,33,35,1.0571428571428572,0.039807459772527774,617,"You did tell me if kept watching those dumb, old, sexy movies we would wind up some place like this."
7904,7834,0,2,33,35,1.0571428571428572,0.039807459772527774,617,This is the prelude to the infomercials!
7910,7834,0,2,33,35,1.0571428571428572,0.039807459772527774,617,I heard that they have cable and big screen TVs in Heaven.
7942,7834,0,2,33,35,1.0571428571428572,0.039807459772527774,617,"Don't worry I heard he failed in the desert, but so did man now were butt naked and burning."
8021,7834,0,2,33,35,1.0571428571428572,0.039807459772527774,617,"I was set up by those blasted Alt-Right missionaries. I thought I was going to a lovely nudist colony, but they were were sending me to Hell."
3699,7834,0,2,33,35,1.0571428571428572,0.039807459772527774,617,"We, at least we now know where old tube TVs go...."
6730,7834,0,2,33,35,1.0571428571428572,0.039807459772527774,617,I get all hot when I see flicking fire. You??
3635,7834,0,2,33,35,1.0571428571428572,0.039807459772527774,617,this on-line hype is getting ridiculous.
1245,7834,0,2,33,35,1.0571428571428572,0.039807459772527774,617,"Hey that ""Sin City 8"" orgy attempting to set a new participant record is in this hotel right?"
3402,7834,1,0,34,35,1.0571428571428572,0.05714285714285715,617,They did say it would get hot in here.
3614,7834,0,2,33,35,1.0571428571428572,0.039807459772527774,617,Uh-oh. Somebody's too cheap to pay for cable!
33,7834,0,2,33,35,1.0571428571428572,0.039807459772527774,617,His ability to get reception is impeccable.
553,7834,0,2,33,35,1.0571428571428572,0.039807459772527774,617,Did you honestly think we would have it to ourselves if we bought a house?
661,7834,0,2,33,35,1.0571428571428572,0.039807459772527774,617,I can't wait until Satan goes hi-def!
693,7834,0,2,33,35,1.0571428571428572,0.039807459772527774,617,Count your blessings. Yesterday it was The Bachelor.
718,7834,0,2,33,35,1.0571428571428572,0.039807459772527774,617,At least it's not in HD.
755,7834,0,2,33,35,1.0571428571428572,0.039807459772527774,617,Did you have Trump at the funeral?
1012,7834,1,0,34,35,1.0571428571428572,0.05714285714285715,617,Wanna get the hello outta here?
1164,7834,0,2,33,35,1.0571428571428572,0.039807459772527774,617,"I mean, I know he's the hero in this one, but...""Angel Heart"" again???"
1200,7834,0,2,33,35,1.0571428571428572,0.039807459772527774,617,At least it's not high def.
177,7834,0,2,33,35,1.0571428571428572,0.039807459772527774,617,This is great! We get all the hot new shows!
2134,7834,0,2,33,35,1.0571428571428572,0.039807459772527774,617,These budget cuts are taking all the fun out of this place.
3328,7834,0,2,33,35,1.0571428571428572,0.039807459772527774,617,Who ever thought hell would be old Starsky and Hutch reruns.
1211,7834,0,2,33,35,1.0571428571428572,0.039807459772527774,617,Sorry I couldn't be here in person. I need to spend more time with my family.
2824,7834,0,2,33,35,1.0571428571428572,0.039807459772527774,617,Hell Lite
2775,7834,0,2,33,35,1.0571428571428572,0.039807459772527774,617,I like the naked part of hell but having to watch this 24/7 is really too much.
2878,7834,0,2,33,35,1.0571428571428572,0.039807459772527774,617,You’re gonna love HBO.
2524,7834,0,2,33,35,1.0571428571428572,0.039807459772527774,617,The red guy is too cheap to afford flat screen.
2302,7834,0,2,33,35,1.0571428571428572,0.039807459772527774,617,Is this Hell’s version of “no signal?”
2227,7834,0,2,33,35,1.0571428571428572,0.039807459772527774,617,The guy at Best Buy was right - standard definition is torture.
2155,7834,0,2,33,35,1.0571428571428572,0.039807459772527774,617,Just pretend it's a fireplace.
2565,7834,0,2,33,35,1.0571428571428572,0.039807459772527774,617,It really starts to fall off around the 666th season.
1175,7881,0,2,34,36,1.0555555555555556,0.0387184473576205,617,Unfortunately our fire and brimstone reserve is depleted
5097,7881,0,2,34,36,1.0555555555555556,0.0387184473576205,617,Attenborough...No. Burns. The cello is a dead-giveaway.
6915,7881,0,2,34,36,1.0555555555555556,0.0387184473576205,617,"Yeah, we all worked in reality TV too."
5396,7884,0,1,30,31,1.032258064516129,0.032791291789197645,617,"Say what you will, it was thoughtful of them to televise the Yule log, even if it's a bit belated."
5744,7884,0,1,30,31,1.032258064516129,0.032791291789197645,617,We're having ice cream after the show
5452,7884,0,1,30,31,1.032258064516129,0.032791291789197645,617,"I know, looks like inflamed tonsils, but this is where it gets exciting!"
5549,7884,0,1,30,31,1.032258064516129,0.032791291789197645,617,Fox News. Why am I not surprised?
5614,7884,0,1,30,31,1.032258064516129,0.032791291789197645,617,He's on one of his eco kicks.
5782,7884,0,1,30,31,1.032258064516129,0.032791291789197645,617,And here I thought they were going to be pitching a time share!
6053,7884,0,1,30,31,1.032258064516129,0.032791291789197645,617,At least it's not 4K
5910,7884,0,1,30,31,1.032258064516129,0.032791291789197645,617,Don’t sweat it Dear. If you can’t make it for 21 days the producers will let you tap out and come back for another episode next year.
5919,7884,0,1,30,31,1.032258064516129,0.032791291789197645,617,Fake News.......Fake News
5937,7884,0,1,30,31,1.032258064516129,0.032791291789197645,617,"No, it doesn’t take the chill off. But worse, it’s pay-per-view."
5992,7884,0,1,30,31,1.032258064516129,0.032791291789197645,617,"Yep, this is hell alright ... That’s a 21” Monochrome CRT TV ... with no replacement parts ... we are toast! ..."
6176,7884,0,1,30,31,1.032258064516129,0.032791291789197645,617,Stay tuned for 'Damnation'.
6230,7884,0,1,30,31,1.032258064516129,0.032791291789197645,617,This months viewing seems really diverse: the flames actually moved!
5821,7884,0,1,30,31,1.032258064516129,0.032791291789197645,617,Sitcoms just aren’t the same anymore.
5389,7884,0,1,30,31,1.032258064516129,0.032791291789197645,617,Is this Sweden? I think I saw this one in Sweden.
4672,7884,0,1,30,31,1.032258064516129,0.032791291789197645,617,Is this the casting call for Naked and Afraid and Damned?
5368,7884,0,1,30,31,1.032258064516129,0.032791291789197645,617,"The vacation package looks good, but do they make SPF 451?"
4540,7884,0,1,30,31,1.032258064516129,0.032791291789197645,617,Hell it's snowing there!
4615,7884,0,1,30,31,1.032258064516129,0.032791291789197645,617,We lost the remote years ago.
4665,7884,0,1,30,31,1.032258064516129,0.032791291789197645,617,"Oh for heaven's sake, they were supposed to stream The Damned Don't Cry."
4669,7884,0,1,30,31,1.032258064516129,0.032791291789197645,617,The old trying to make us miss home routine is not as effective as it used to be.
4690,7884,0,1,30,31,1.032258064516129,0.032791291789197645,617,"Ah, the life of the damned. Feels just like home, doesn't it?"
4701,7884,0,1,30,31,1.032258064516129,0.032791291789197645,617,It's hell not having a remote!
5376,7884,0,1,30,31,1.032258064516129,0.032791291789197645,617,I know this is Hell . . . but no HD?
4703,7884,0,1,30,31,1.032258064516129,0.032791291789197645,617,They just assume we'll be begging for cable.
4722,7884,0,1,30,31,1.032258064516129,0.032791291789197645,617,Things are a lot hotter on the small screen.
4867,7884,0,1,30,31,1.032258064516129,0.032791291789197645,617,Stand by and watch your own destruction.
4943,7884,0,1,30,31,1.032258064516129,0.032791291789197645,617,"You've been condemned to watch ""The Apprentice"" episodes, for all eternity. They only show fire on the program break, just before they fire someone on the episode."
5154,7884,0,1,30,31,1.032258064516129,0.032791291789197645,617,They'd better pay the gas bill before we all catch pneumonia.
5301,7884,0,1,30,31,1.032258064516129,0.032791291789197645,617,"AND NOW...ABC’S, “CAVEMAN”!"
5334,7884,0,1,30,31,1.032258064516129,0.032791291789197645,617,"On the plus side, we won’t have to waste time looking for the remote."
4704,7884,0,1,30,31,1.032258064516129,0.032791291789197645,617,I'll opt for Siberia - even if it means I have to wear clothes!
6312,7884,0,1,30,31,1.032258064516129,0.032791291789197645,617,YOU COME HERE OFTEN? HIS TAIL STANDS UP HIGHER THE LONGER WE STARE AT THIS BOX TV
8063,7884,0,1,30,31,1.032258064516129,0.032791291789197645,617,These Nelly-themed parties have not aged well.
6526,7884,0,1,30,31,1.032258064516129,0.032791291789197645,617,God banned screentime
7682,7884,0,1,30,31,1.032258064516129,0.032791291789197645,617,No class -- next they'll try to sell us hot dogs.
7694,7884,0,1,30,31,1.032258064516129,0.032791291789197645,617,"Seriously, is there anything to fear in Reality TV?"
7717,7884,0,1,30,31,1.032258064516129,0.032791291789197645,617,"Welcome to hell, where Fox and Friends is broadcast 24-7 to eternity! Yes, it is hard to bare."
7750,7884,0,1,30,31,1.032258064516129,0.032791291789197645,617,"The pilot light is out. Feel the burn of the high energy visible light emanating from this TV screen, which is quite damaging to your skin! Mwahaha!"
7759,7884,0,1,30,31,1.032258064516129,0.032791291789197645,617,"I know media these days is a living hell, but we asked for transparency - not to bare all!"
7774,7884,0,1,30,31,1.032258064516129,0.032791291789197645,617,"the appliances look outdated, but i hear the heating system is spectacular."
7623,7884,0,1,30,31,1.032258064516129,0.032791291789197645,617,Dante and McLuhan were wrong. It's hot.
7785,7884,0,1,30,31,1.032258064516129,0.032791291789197645,617,"We’re leaving, honey. This place advertised cable TV."
7945,7884,0,1,30,31,1.032258064516129,0.032791291789197645,617,"Don't they make the admission decision based on our past behavior, not our bodies?"
7982,7884,0,1,30,31,1.032258064516129,0.032791291789197645,617,Who would have thought AI would save us from real hell?
7983,7884,0,1,30,31,1.032258064516129,0.032791291789197645,617,Well I'll be damned ... I guess it is Laurel.
7984,7884,0,1,30,31,1.032258064516129,0.032791291789197645,617,When you had Too much TV
8036,7884,0,1,30,31,1.032258064516129,0.032791291789197645,617,Netflix and roast?
4438,7884,0,1,30,31,1.032258064516129,0.032791291789197645,617,"Standard Definition, CRT, one channel?? This really is Hell!"
7918,7884,0,1,30,31,1.032258064516129,0.032791291789197645,617,I don't remember this the last time we came to Disneyworld
7582,7884,0,1,30,31,1.032258064516129,0.032791291789197645,617,I think these Cruise Line planners have gotten a bit carried away.
7381,7884,0,1,30,31,1.032258064516129,0.032791291789197645,617,Now that's entertainment!
7208,7884,0,1,30,31,1.032258064516129,0.032791291789197645,617,GOP in the age of Trump
6650,7884,0,1,30,31,1.032258064516129,0.032791291789197645,617,I guess video streaming hasn’t caught on here yet.
6661,7884,0,1,30,31,1.032258064516129,0.032791291789197645,617,I think I can talk him into rethinking his position on crime and punishment.
6672,7884,0,1,30,31,1.032258064516129,0.032791291789197645,617,It's the latest in flaming hot fig leaf fashion.
6685,7884,0,1,30,31,1.032258064516129,0.032791291789197645,617,The Devil is INTO the details!!
6703,7884,0,1,30,31,1.032258064516129,0.032791291789197645,617,"We're all neked, and we still end up hiding our genitals. He certainly seems to be enjoying looking at them though. I feel his scorching gaze roasting my pubicles. Do you?"
6704,7884,0,1,30,31,1.032258064516129,0.032791291789197645,617,Don't believe a word of it: it's just more fake news from a self-confessed leaker.
6707,7884,0,1,30,31,1.032258064516129,0.032791291789197645,617,I bet they don't have satellite radio either.
6794,7884,0,1,30,31,1.032258064516129,0.032791291789197645,617,A chocolate covered cupcake is morally decadent.
6812,7884,0,1,30,31,1.032258064516129,0.032791291789197645,617,This is the best TV Satan could afford after he donated all his money to Zach Braff’s Kickstarter. Does that still track? I killed myself like five years ago.
6895,7884,0,1,30,31,1.032258064516129,0.032791291789197645,617,Don't worry; it can't hurt us. I don't get HBO!
6921,7884,0,1,30,31,1.032258064516129,0.032791291789197645,617,I guess this is a pre-view.
6931,7884,0,1,30,31,1.032258064516129,0.032791291789197645,617,I told you that in hell everybody would be using a sport.
7028,7884,0,1,30,31,1.032258064516129,0.032791291789197645,617,Terrifying? Wait till you see the IMAX version.
7082,7884,0,1,30,31,1.032258064516129,0.032791291789197645,617,Farenheit 525 This of course relates to the former analog TV system using 525 scan lines
7087,7884,0,1,30,31,1.032258064516129,0.032791291789197645,617,"Don't you think its about time to sign up for cable? Had a great one for the one expiring on may 13...""at least I'm not just somebody's puppet on a string like you""!"
6404,7884,0,1,30,31,1.032258064516129,0.032791291789197645,617,I know we’re in hell cause there’s no cable.
4328,7884,0,1,30,31,1.032258064516129,0.032791291789197645,617,What sort of mental disorder do you think she has?
3246,7884,0,1,30,31,1.032258064516129,0.032791291789197645,617,I don't see how people confuse us with the Rajneeshees.
4270,7884,0,1,30,31,1.032258064516129,0.032791291789197645,617,I'm hoping there is a cooling subliminal message.
1814,7884,0,1,30,31,1.032258064516129,0.032791291789197645,617,"I said it before, we should have a fire department down here."
1802,7884,0,1,30,31,1.032258064516129,0.032791291789197645,617,Uh...this is definitely not my SAA meeting.
1636,7884,0,1,30,31,1.032258064516129,0.032791291789197645,617,Room 13 has a continuous loop of Trump misspellings. Preference?
1555,7884,0,1,30,31,1.032258064516129,0.032791291789197645,617,Lets do it anyway.
1535,7884,0,1,30,31,1.032258064516129,0.032791291789197645,617,Nothing can be done to bring back reality TV.
1533,7884,0,1,30,31,1.032258064516129,0.032791291789197645,617,I forgot how bad it was before remote controls.
1519,7884,0,1,30,31,1.032258064516129,0.032791291789197645,617,Cheer up. Somebody's got to be a TV tech in a group this size.
1502,7884,0,1,30,31,1.032258064516129,0.032791291789197645,617,I kind of miss the old days.
1418,7884,0,1,30,31,1.032258064516129,0.032791291789197645,617,sese
1396,7884,0,1,30,31,1.032258064516129,0.032791291789197645,617,"What's on TV"". ""The usual slime."
1389,7884,0,1,30,31,1.032258064516129,0.032791291789197645,617,Yesterday was the Lost finale.
1315,7884,0,1,30,31,1.032258064516129,0.032791291789197645,617,Do you think we'll get HBO too?
1300,7884,0,1,30,31,1.032258064516129,0.032791291789197645,617,"After this, ""Everyone Loves Raymond."""
1218,7884,0,1,30,31,1.032258064516129,0.032791291789197645,617,If only the Garden of Eden had had Apple TV!
1170,7884,0,1,30,31,1.032258064516129,0.032791291789197645,617,Agghh! There's no remote!
1035,7884,0,1,30,31,1.032258064516129,0.032791291789197645,617,"They'll change the channel at Noon, Eastern time and again every four hours for a repeat of the torch lighting ceremony."
870,7884,0,1,30,31,1.032258064516129,0.032791291789197645,617,We only get the same damn shows on cable!
4276,7884,0,1,30,31,1.032258064516129,0.032791291789197645,617,he damnation will be televised
58,7884,0,1,30,31,1.032258064516129,0.032791291789197645,617,"You continue watching it till gas comes back, sorry for any inconvenience."
202,7884,0,1,30,31,1.032258064516129,0.032791291789197645,617,This is just their way of saying there's no streaming video here.
239,7884,0,1,30,31,1.032258064516129,0.032791291789197645,617,What kind of bullsh*t TV program is this?
280,7884,0,1,30,31,1.032258064516129,0.032791291789197645,617,And I thought the adult channels I used to watch were hot!
325,7884,0,1,30,31,1.032258064516129,0.032791291789197645,617,HR said only a dummy would respond to your complaint in writing.
1822,7884,0,1,30,31,1.032258064516129,0.032791291789197645,617,"It’s a new sitcom, Utterly Hell."
474,7884,0,1,30,31,1.032258064516129,0.032791291789197645,617,I guess they don't have plasma screens down here.
535,7884,0,1,30,31,1.032258064516129,0.032791291789197645,617,"If it’s CNN, it’s fake news."
619,7884,0,1,30,31,1.032258064516129,0.032791291789197645,617,"And if you order now you'll get not one, but two eternities of suffering free!"
753,7884,0,1,30,31,1.032258064516129,0.032791291789197645,617,I only for the commercials.
804,7884,0,1,30,31,1.032258064516129,0.032791291789197645,617,"And remember, ladies and gents, to please keep your hands and feet inside the ride at all times."
808,7884,0,1,30,31,1.032258064516129,0.032791291789197645,617,This is a preview of the next season. o3n. eason.
844,7884,0,1,30,31,1.032258064516129,0.032791291789197645,617,I usually don't form an opinion until I read what Emily Nussbaum has to say.
518,7884,0,1,30,31,1.032258064516129,0.032791291789197645,617,I can't believe you get paid 2 salaries.
1824,7884,0,1,30,31,1.032258064516129,0.032791291789197645,617,"If you think this is bad, you should see the commercials."
1643,7884,0,1,30,31,1.032258064516129,0.032791291789197645,617,I told you that was a GMO.
2161,7884,0,1,30,31,1.032258064516129,0.032791291789197645,617,"Interesting orientation; and by the way, mine is hetero."
3450,7884,0,1,30,31,1.032258064516129,0.032791291789197645,617,And now you can see why it was called the “Boob Tube.”
2070,7884,0,1,30,31,1.032258064516129,0.032791291789197645,617,God! Can someone change the station for Christ sake. I;m not interested in politics
3541,7884,0,1,30,31,1.032258064516129,0.032791291789197645,617,'These employee training videos are always written by the slothful.'
3566,7884,0,1,30,31,1.032258064516129,0.032791291789197645,617,The real suffering comes from having to spend eternity with this picture quality.
3634,7884,0,1,30,31,1.032258064516129,0.032791291789197645,617,At least there aren’t any commercials
3682,7884,0,1,30,31,1.032258064516129,0.032791291789197645,617,"This is real ""Fire TV"""
3363,7884,0,1,30,31,1.032258064516129,0.032791291789197645,617,"Heavens, I just wanted to work on my tan."
3751,7884,0,1,30,31,1.032258064516129,0.032791291789197645,617,Would it help if we died in Alaska?
3914,7884,0,1,30,31,1.032258064516129,0.032791291789197645,617,Reality TV 24/7.
3956,7884,0,1,30,31,1.032258064516129,0.032791291789197645,617,Just watching warms me to the cockles of my...
4080,7884,0,1,30,31,1.032258064516129,0.032791291789197645,617,"Usually one of the advantages of reality sows is avoiding crowds. But this still has benefits,"
4083,7884,0,1,30,31,1.032258064516129,0.032791291789197645,617,"In the year 2055 there will be so many dead former contestants of the Bachelor, hell is forced to use an overflow space."
4116,7884,0,1,30,31,1.032258064516129,0.032791291789197645,617,"With fossil fuels depleted, to experience the real thing, ask to be reassigned to West Virginia or Arabia ."
4242,7884,0,1,30,31,1.032258064516129,0.032791291789197645,617,Did you bring the ice cubes?
3771,7884,0,1,30,31,1.032258064516129,0.032791291789197645,617,There's absolutely nothing funny about this set up. #itwillallbeoversoon
3336,7884,0,1,30,31,1.032258064516129,0.032791291789197645,617,Virtual hell is a lot cooler than the old one.
3531,7884,0,1,30,31,1.032258064516129,0.032791291789197645,617,"We have group rates for Hot Springs, Hawaii."
3266,7884,0,1,30,31,1.032258064516129,0.032791291789197645,617,It's not as cheerful but a lot safer than the real thing.
2196,7884,0,1,30,31,1.032258064516129,0.032791291789197645,617,Eternal prescription commercials. Who knew?
2226,7884,0,1,30,31,1.032258064516129,0.032791291789197645,617,That's live topside coverage of the Hawaii campaign.
2330,7884,0,1,30,31,1.032258064516129,0.032791291789197645,617,I'm sweaty already.
3268,7884,0,1,30,31,1.032258064516129,0.032791291789197645,617,"It’s just as bad down here, too."
2425,7884,0,1,30,31,1.032258064516129,0.032791291789197645,617,"Fire is a super important theme on this show. I can tell because I used to be a professional TV recapper back when I was alive -- Westworld, Bosch, GoT, you name it, I probably 'capped it."
2492,7884,0,1,30,31,1.032258064516129,0.032791291789197645,617,"Hear Ye! You can begin the countdown because in exactly one minute, the final ball will drop down at 12:00 AM sharp!"
2699,7884,0,1,30,31,1.032258064516129,0.032791291789197645,617,"It's really a classic ending to the ""Where Are Your Clothes?"" video."
2548,7884,0,1,30,31,1.032258064516129,0.032791291789197645,617,Don’t worry. This is just where they put the masochists.
2841,7884,0,1,30,31,1.032258064516129,0.032791291789197645,617,"You people were selected among many who were not as deserving. Some among you, more deserving than the others, will get to go first on a reality show that is just sizzling at the moment. Mike Abbott! Come On Down!"
2866,7884,0,1,30,31,1.032258064516129,0.032791291789197645,617,I heard they mute the Christmas music up in heaven.
2990,7884,0,1,30,31,1.032258064516129,0.032791291789197645,617,At lease with Eternity of Commercials we get the fake fire.
3058,7884,0,1,30,31,1.032258064516129,0.032791291789197645,617,At least there are no advertisements for drugs
3090,7884,0,1,30,31,1.032258064516129,0.032791291789197645,617,aSonerinws I feel like I look like hell.
3100,7884,0,1,30,31,1.032258064516129,0.032791291789197645,617,"Well, our only choices are Fox News or Khloe and Lamar."
2752,7884,0,1,30,31,1.032258064516129,0.032791291789197645,617,One would think he’d have a flat screen.
6564,8024,0,1,31,32,1.03125,0.031750031750047626,617,We’ve outsourced.
5983,8024,0,1,31,32,1.03125,0.031750031750047626,617,A bit more chillier than I expected.
6430,8024,0,1,31,32,1.03125,0.031750031750047626,617,"Never thought I'd see the sixties again. Orientation, old school."
6626,8024,0,1,31,32,1.03125,0.031750031750047626,617,We only get coverage in hell.
5014,8024,0,1,31,32,1.03125,0.031750031750047626,617,Yeah. It is just like nudist day ay the Louvre.
6960,8024,0,1,31,32,1.03125,0.031750031750047626,617,"You're right, there is a slight resemblance to David Koresh."
7444,8024,0,1,31,32,1.03125,0.031750031750047626,617,"You'd think the warning video would say more than ""it's hot."" Duhhh. I wonder what happens if we don't sign the liability waiver form?"
7544,8024,0,1,31,32,1.03125,0.031750031750047626,617,Airport security ain’t what it used to be.
6936,8024,0,1,31,32,1.03125,0.031750031750047626,617,"Finally, we get to see the big Dating Naked reveal."
4371,8024,0,1,31,32,1.03125,0.031750031750047626,617,He seems a little burned out lately.
2535,8024,0,1,31,32,1.03125,0.031750031750047626,617,You bet it's hell. They won't even invest in HDTV and streaming.
4243,8024,0,1,31,32,1.03125,0.031750031750047626,617,I really don't understand why you need to have a ghost name.
4150,8024,0,1,31,32,1.03125,0.031750031750047626,617,I hear the fourth circle has cable.
3602,8024,0,1,31,32,1.03125,0.031750031750047626,617,This show really has gone to hell.
2767,8024,0,1,31,32,1.03125,0.031750031750047626,617,It's Technicolor. I can't imagine a future without it.
2732,8024,0,1,31,32,1.03125,0.031750031750047626,617,It was either this or Roxanne....
2680,8024,0,1,31,32,1.03125,0.031750031750047626,617,Preview of coming attractions: Arriving soon!
4335,8024,0,1,31,32,1.03125,0.031750031750047626,617,I had to go to choir practice. What did I miss on Hell Show?
1588,8024,0,1,31,32,1.03125,0.031750031750047626,617,If you couple (aka “eat the apple”) this is where you end up.
803,8024,0,1,31,32,1.03125,0.031750031750047626,617,Where’s Ted Danson?
733,8024,0,1,31,32,1.03125,0.031750031750047626,617,It's every season of every Real Housewives show on a loop.
7953,8045,0,1,32,33,1.0303030303030303,0.030772872744833184,617,This is way better than the furry convention we attended last week
5891,8045,0,1,32,33,1.0303030303030303,0.030772872744833184,617,Health and Safety? I want to party like its 1999. Forever
3499,8045,0,1,32,33,1.0303030303030303,0.030772872744833184,617,I'm really getting sick of these re-runs
1762,8045,0,1,32,33,1.0303030303030303,0.030772872744833184,617,Another Kardashian's marathon.
1015,8045,0,1,32,33,1.0303030303030303,0.030772872744833184,617,Where;s the Kool Aid?
5638,8050,0,0,27,27,1.0,0.03774256780481986,617,It's a CRT. You were expecting LED?
5568,8050,0,0,27,27,1.0,0.03774256780481986,617,I would wear the ones in teal in a heartbeat!
5535,8050,0,0,27,27,1.0,0.03774256780481986,617,I’m glad we didn’t miss the previews.
5923,8050,0,0,28,28,1.0,0.036369648372665396,617,The part about halos and wings must be next certain the The part about wings and halos must be next.
5512,8050,0,0,27,27,1.0,0.03774256780481986,617,"This is hell, nor am I out of it"" __Marlowe's ""Doctor Faustus"
5506,8050,0,0,28,28,1.0,0.036369648372665396,617,"Such bum reviews, lets go elsewhere."
5484,8050,0,0,27,27,1.0,0.03774256780481986,617,I could do without the Christmas music.
5189,8050,0,0,27,27,1.0,0.03774256780481986,617,Of course the media is going up in flames
5125,8050,0,0,30,30,1.0,0.03390317518104052,617,Hell must have frozen over when people rather that on TV.
5110,8050,0,0,27,27,1.0,0.03774256780481986,617,I knew there was treason who I've never liked orientation videos.
4587,8050,0,0,27,27,1.0,0.03774256780481986,617,Did the Devil's hellfire really cause Global Warning ?
4979,8050,0,0,29,29,1.0,0.03509312031717982,617,Don'r ask about cable
4788,8050,0,0,27,27,1.0,0.03774256780481986,617,At least we don't have to watch Dads
4685,8050,0,0,27,27,1.0,0.03774256780481986,617,You think they'd at least spring for the HD tv...
4658,8050,0,0,27,27,1.0,0.03774256780481986,617,"I don’t know, seems pretty worth it to me"
4657,8050,0,0,27,27,1.0,0.03774256780481986,617,"Plus, I hear the guy hangs dong and I' m very interested in seeing that."
5985,8050,0,0,27,27,1.0,0.03774256780481986,617,When we finally get cable down here it'll be much sharper and hotter.
4562,8050,0,0,27,27,1.0,0.03774256780481986,617,Wanna lie on a bare skin?
4556,8050,0,0,27,27,1.0,0.03774256780481986,617,"If I knew Hell would be this boring, I would have worked on getting to Heaven."
4532,8050,0,0,28,28,1.0,0.036369648372665396,617,Would you like some “coolaid?”
4447,8050,0,0,27,27,1.0,0.03774256780481986,617,"We burned all the money and can't afford flat screens, sorry."
4441,8050,0,0,28,28,1.0,0.036369648372665396,617,"No, I'm not surprised really. After all, they did invent it!"
5072,8050,0,0,27,27,1.0,0.03774256780481986,617,"If they had cable, then it would truly be hell."
6135,8050,0,0,29,29,1.0,0.03509312031717982,617,Now I understand that they were saying Yule be sorry.
6961,8050,0,0,29,29,1.0,0.03509312031717982,617,"He keeps promising HD, but it never comes."
6410,8050,0,0,27,27,1.0,0.03774256780481986,617,"Hurry, before they sink!"
4415,8050,0,0,27,27,1.0,0.03774256780481986,617,It's getting hotter than Hell up there.
8076,8050,0,0,27,27,1.0,0.03774256780481986,617,"They stared at each other in silence. The transmitter crackled in the background, eager and helpless."
7911,8050,0,0,27,27,1.0,0.03774256780481986,617,I thought the GPS was directing us to Club Med.
7844,8050,0,0,27,27,1.0,0.03774256780481986,617,"I was expecting something hotter, like HD"
7825,8050,0,0,28,28,1.0,0.036369648372665396,617,This place is worse than I expected--no premium channels and no remote.
8087,8050,0,0,27,27,1.0,0.03774256780481986,617,"Is this the audition for extras in ""The Walking Naked?"""
7822,8050,0,0,27,27,1.0,0.03774256780481986,617,Totally. The overflow room is the coolest spot.
7741,8050,0,0,28,28,1.0,0.036369648372665396,617,He thinks nudity is so hot it's even melting the TV it's being broadcast on.
7728,8050,0,0,27,27,1.0,0.03774256780481986,617,In living Better than I don’t look good on TV.
7631,8050,0,0,28,28,1.0,0.036369648372665396,617,We have to keep binge-watching a show called 'Flames of Shame.' It's a wee bit comforting.
7569,8050,0,0,27,27,1.0,0.03774256780481986,617,This technology is bringing us one step closer to hell freezing over.
7458,8050,0,0,29,29,1.0,0.03509312031717982,617,"It's a sensational new device, available only here. Come on in!"
7338,8050,0,0,28,28,1.0,0.036369648372665396,617,"Do some channel surfing, ""Boiling stream of blood"" is about to begin."
7323,8050,0,0,28,28,1.0,0.036369648372665396,617,"If I'd known, I would have kept my jacket"
7183,8050,0,0,27,27,1.0,0.03774256780481986,617,Which one of us do you hope the resignation letter is from?
7114,8050,0,0,28,28,1.0,0.036369648372665396,617,LOOK AT THAT GUY BEHIND THE TV IN THAT FUNNY COSTUME
7113,8050,0,0,28,28,1.0,0.036369648372665396,617,I hear they’re offering HBO as an add-on for $4.99 a month.
7034,8050,0,0,27,27,1.0,0.03774256780481986,617,It looks like Purgatory Programming has as much fire of Game of Thrones... I wonder about the the sex and violence..?
6834,8050,0,0,27,27,1.0,0.03774256780481986,617,"This reception area's scheduled for an upgrade. It's ""Cats 24/7"" downstairs on 4k Ultra HD."
6829,8050,0,0,28,28,1.0,0.036369648372665396,617,Turns out Hell is a world without cable.
6530,8050,0,0,27,27,1.0,0.03774256780481986,617,"I keep telling them that screens burn your eyes, but they don't listen."
6515,8050,0,0,27,27,1.0,0.03774256780481986,617,"The TV says it’s hot, so it must be real."
6416,8050,0,0,30,30,1.0,0.03390317518104052,617,I have a feeling we’re not at the Palais de Tokyo anymore.
6177,8050,0,0,27,27,1.0,0.03774256780481986,617,"Welcome GOT fans, this is your friendly reminder that winter is not coming until Summer 2019. Mwahaha but be sure to make yourself at home and watch all the confusing dumb robot show you want."
4402,8050,0,0,28,28,1.0,0.036369648372665396,617,What a weird info session.
457,8050,0,0,29,29,1.0,0.03509312031717982,617,this is worse than i imagined
4353,8050,0,0,27,27,1.0,0.03774256780481986,617,The man upstairs insisted - no naked flames.
2588,8050,0,0,27,27,1.0,0.03774256780481986,617,I really love his use of color.
2453,8050,0,0,27,27,1.0,0.03774256780481986,617,"With the high oil prices, we can only afford a subscription to the Fire Channel."
2280,8050,0,0,27,27,1.0,0.03774256780481986,617,Wow. I thought Verizon FIOS was everywhere.
2126,8050,0,0,27,27,1.0,0.03774256780481986,617,It's torture to have to watch this on a non-flat screen TV.
2107,8050,0,0,28,28,1.0,0.036369648372665396,617,Sure isn't Reality TV.
2076,8050,0,0,27,27,1.0,0.03774256780481986,617,You gotta love the irony—our being clothing optional arsonists and all.
1854,8050,0,0,27,27,1.0,0.03774256780481986,617,How long do you think it’ll take us to reinvent real fire in the underworld?
1525,8050,0,0,27,27,1.0,0.03774256780481986,617,We must stand and look it forever. That ‘s the Hell of it.
1342,8050,0,0,27,27,1.0,0.03774256780481986,617,Doesn't that look great in 3D?
1181,8050,0,0,27,27,1.0,0.03774256780481986,617,I'll bet you they use overdubs instead of subtitles. They really do think of everything down here.
1118,8050,0,0,27,27,1.0,0.03774256780481986,617,Hi. My name's Richard but they call me Horny.
1051,8050,0,0,27,27,1.0,0.03774256780481986,617,"Gonna be a long,cold winter..."
982,8050,0,0,28,28,1.0,0.036369648372665396,617,"Drawing: Cop is confronting motorists :I'm sorry , sir. It either two rolled joints."" or fifteen years in the slammer"
881,8050,0,0,28,28,1.0,0.036369648372665396,617,At least the Hellavision version lacks that sulfur smell.
708,8050,0,0,27,27,1.0,0.03774256780481986,617,It's just another flame show
694,8050,0,0,27,27,1.0,0.03774256780481986,617,"The devil loves a ""fiery"" audience."
659,8050,0,0,29,29,1.0,0.03509312031717982,617,Did you see the part where we must shower first?
539,8050,0,0,27,27,1.0,0.03774256780481986,617,"The Devil: These people believe everything I tell them. They think this fire is real, and that it is really hot in here."
413,8050,0,0,28,28,1.0,0.036369648372665396,617,"Yeah, we have to watch Hell's Kitchen every week."
404,8050,0,0,27,27,1.0,0.03774256780481986,617,"Well, it's better than the continuous yule log."
142,8050,0,0,27,27,1.0,0.03774256780481986,617,I afraid Newton Minnow was right!
36,8050,0,0,28,28,1.0,0.036369648372665396,617,That's right. Analog.
8104,8050,0,0,28,28,1.0,0.036369648372665396,617,This orientation is very soothing; I've always loved the yule log.
2660,8050,0,0,27,27,1.0,0.03774256780481986,617,Are you sure you want to do this???
4386,8050,0,0,27,27,1.0,0.03774256780481986,617,"Of course it’s not hdtv, we’ in Hell."
2688,8050,0,0,28,28,1.0,0.036369648372665396,617,IT'S A GOOD THING THAT WE'RE NUDISTS!
2745,8050,0,0,28,28,1.0,0.036369648372665396,617,They call it the Burning Channel.
4208,8050,0,0,27,27,1.0,0.03774256780481986,617,I really like this one.
4177,8050,0,0,27,27,1.0,0.03774256780481986,617,Rumor has it that his budget was cut so he couldn't get real fire
4173,8050,0,0,28,28,1.0,0.036369648372665396,617,I hope it's gonna be Let's Make a Deal.
4064,8050,0,0,28,28,1.0,0.036369648372665396,617,at least hes not making us watch the 4 o'clock news.
4024,8050,0,0,27,27,1.0,0.03774256780481986,617,Still think it was too much money for the skip-the-line pass?
4022,8050,0,0,27,27,1.0,0.03774256780481986,617,"But, Carol, aren't we supposed to be at a timeshare promo for a 'naturist resort'?"
4020,8050,0,0,28,28,1.0,0.036369648372665396,617,"Today God called ion sick, so I'll substitute. We'll watch my favorite show, ''the place you idiots should be'', to keep you quiet."
3983,8050,0,0,27,27,1.0,0.03774256780481986,617,"If he's going to force us to watch flames, at least it could be on a large screen, flat panel TV!"
3733,8050,0,0,28,28,1.0,0.036369648372665396,617,It's nice to finally be somewhere so civilized.
3623,8050,0,0,27,27,1.0,0.03774256780481986,617,I saw this on my phone once.
3437,8050,0,0,31,31,1.0,0.032791291789197645,617,He said any climate change deniers will change their mind when we get to our next destination.
3340,8050,0,0,27,27,1.0,0.03774256780481986,617,"He describes it as warm, but it looks hot as hell to me!"
3186,8050,0,0,27,27,1.0,0.03774256780481986,617,If I’d know Hell was watching reruns of Celebrity Apprentice when Gary Busey gets all crazy I would have voted Democratic.
3071,8050,0,0,28,28,1.0,0.036369648372665396,617,"As I told you yesterday,I don't know why they don't have a big screen."
3004,8050,0,0,27,27,1.0,0.03774256780481986,617,They swapped movie night for bingo night.
2924,8050,0,0,28,28,1.0,0.036369648372665396,617,Hell is other people - and art intervention.
2887,8050,0,0,27,27,1.0,0.03774256780481986,617,I'm not a fan of these new shows; their main characters are too morally ambiguous.
2785,8050,0,0,27,27,1.0,0.03774256780481986,617,Remember when ‘nothing on’ referred to it?
2772,8050,0,0,27,27,1.0,0.03774256780481986,617,"Thank the Beast for not cancelling Amendment 666, the human right to perspire."
2766,8050,0,0,28,28,1.0,0.036369648372665396,617,"Trust me, it's worth the damnation."
2755,8050,0,0,28,28,1.0,0.036369648372665396,617,I thought we were the only nudists on the planet!
2753,8050,0,0,27,27,1.0,0.03774256780481986,617,At least it's not 4K
2748,8050,0,0,27,27,1.0,0.03774256780481986,617,"With so many candidates interviewing for Naked News, the old Boob tube is really heatin' up!"
2717,8050,0,0,27,27,1.0,0.03774256780481986,617,"I had a 60"" flat screen back in Toledo."
8130,8050,0,0,27,27,1.0,0.03774256780481986,617,Our A group has to watch on a 100 foot screen. Forever.
