target_id,rank,funny,somewhat_funny,unfunny,count,score,precision,contest,caption
423,1,2702,4592,2403,9697,2.030834278642879,0.007361907514386571,620,It's not the end of the world if he misses.
1563,2,3268,3416,3006,9690,2.0270381836945304,0.008170066099180265,620,"Most of them have candy, this ones filled with nuts."
3317,3,2608,3254,2416,8278,2.0231940082145448,0.008559197804286382,620,Are you sure the boss is cool with this? It took him six days to make.
991,4,2807,2895,3003,8705,1.9774842044801837,0.0087534496154644,620,The best part? Not a single religion predicted this one.
2820,5,2267,2952,2476,7695,1.9728395061728394,0.008945118871326516,620,Somehow I always imagined Judgement Day would come with a little more gravitas.
263,6,2460,2682,2683,7825,1.9715015974440895,0.009159740624885112,620,But what is the string attached to?
3262,7,2610,3100,2912,8622,1.9649733240547438,0.008610908981823456,620,These young guys have it easy. It was much harder back when it was flat
1303,8,2694,2620,3027,8341,1.9600767294089438,0.009058133026902579,620,"Lower it a bit, Mar-a-Lago's just coming back around."
4160,9,1860,2282,2192,6334,1.9475844647931797,0.010028970715925777,620,It's been 4 billion years. Just hit it already!
600,10,2046,2929,2462,7437,1.9440634664515262,0.009005329106449087,620,And to think they're worried about global warming
2955,11,2492,2681,2964,8137,1.941993363647536,0.009055389344744438,620,"It was a biblical typo.  It's really called the ""Rupture."""
2422,12,2115,2835,2765,7715,1.915748541801685,0.009004332466402946,620,Blind Fate gets two more chances.  Then it's Dumb Luck's turn.
4930,13,1760,2827,2449,7036,1.9020750426378623,0.009147142061304238,620,"The last time he connected, it killed off the dinosaurs."
4504,14,1276,1140,1683,4099,1.9007074896316174,0.013181397479999756,620,"Every time Trump tweets, an angel gets its swings."
2509,15,1982,2122,2749,6853,1.8880782139209105,0.009946060767245272,620,"After this, let's pin the tail on Uranus."
95,16,1740,2881,2553,7174,1.8866741009199888,0.00903521132947705,620,If he hits it he's in for a big surprise.  I understand it's two-thirds water.
292,17,1512,2370,2349,6231,1.8656716417910448,0.009826746423803275,620,This is taking an eternity.
1616,18,1301,1859,2102,5262,1.8477765108323831,0.010886746440536853,620,"It's the Big Bang, minus the theory."""
1581,19,279,500,534,1313,1.805788271134806,0.021052245058548785,620,It's ok. Most of the damage has already been done.
1304,20,1051,1017,1938,4006,1.7785821268097852,0.013193129233916764,620,America First.
4747,21,839,1663,1917,4419,1.7560534057479067,0.011300261926677524,620,I don't want to wait in line. Let's do the Saturn ring toss.
417,22,983,1693,2171,4847,1.754899938106045,0.011039995388231529,620,"At this rate, mankind will beat us to it."
3546,23,949,1772,2168,4889,1.750664757619145,0.010849604487089558,620,"Jesus, Haley's comet gets closer than that."
2369,24,981,1904,2317,5202,1.7431757016532103,0.01045060720256844,620,He should be pretty good at this.  He used to play for the Angels.
1049,25,769,1023,1741,3533,1.7248797056326068,0.013405780488351898,620,Do you think Trump will blame this on Obama too?
2374,26,757,1243,1830,3830,1.7198433420365535,0.012486285671347333,620,Hark! The Hearld Angel Swings!
4776,27,583,1171,1518,3272,1.7142420537897312,0.013089739303129063,620,"If we all miss, then the Meek get it, as is."
3862,28,433,1023,1246,2702,1.6991117690599555,0.01401931594817962,620,And to think they’re worried about climate change.
1743,29,745,1314,1973,4032,1.695436507936508,0.012009136335907623,620,"God doesn’t play dice.  But man, he loves the piñata."
4507,30,774,1326,2079,4179,1.687724335965542,0.011834820552024491,620,I always get a laugh when I hear their Teutonic plate movements explanation.
450,31,516,1150,1578,3244,1.6726263871763256,0.01288395394384998,620,"Well, it was already hanging by a string."
375,32,832,1431,2342,4605,1.6720955483170468,0.011240687669100687,620,"Hark, the herald angels swing."
4782,33,694,1649,2207,4550,1.6674725274725275,0.01076342758604655,620,"Usually it just causes a minor flood or earthquake, but one time we did wipe out the dinosaurs."
2403,34,238,367,671,1276,1.6606583072100314,0.021642906924386345,620,He died before he could finish the job at EPA.
530,35,299,664,997,1960,1.6438775510204082,0.016516443322175892,620,They probably think there’s a scientific reason for all this.
4120,36,218,399,695,1312,1.6364329268292683,0.02073594714322005,620,I hope it’s tied on tightly. Last time he knocked Pluto out of the solar system.
1637,37,170,273,571,1014,1.6045364891518739,0.023811903631330775,620,"I heard it's not filled with candy, it's filled with nuts."
1445,38,380,813,1447,2640,1.5958333333333334,0.014154117871126493,620,This guy couldn't hit Jupiter
1498,39,129,356,546,1031,1.5955383123181377,0.021835993131177817,620,Don't get your hopes up.  He hasn't connected since the dinosaurs.
2036,40,353,715,1327,2395,1.5933194154488517,0.014964065562326047,620,I hear it's full of plastic crap made in China.
250,41,244,394,859,1497,1.5891783567134268,0.019485915052962637,620,"Today's Tuesday, November 8, 2016.  Why do you ask?"
1296,42,109,255,455,819,1.5775335775335775,0.024973502107187344,620,No one ever thinks it's going to end this way.
419,43,156,334,636,1126,1.5737122557726466,0.021533509536878416,620,"And on the 8th day, we partied."
3302,44,309,440,1119,1868,1.5663811563169165,0.017571167706758407,620,"Little known fact: Every time Donald Trump tweets, an angel gets its swings."""
1975,45,240,457,964,1661,1.5641180012040938,0.01795025627497295,620,Admit it: This totally beats dancing on the head of a pin.
3897,46,160,324,680,1164,1.5532646048109966,0.021187387575626215,620,That's how we make wind. Wait until you see how rain happens.
234,47,196,421,873,1490,1.5456375838926175,0.018525289183369383,620,Getting warmer.
1874,48,245,604,1158,2007,1.5450921773791728,0.01566269877008577,620,The last time he connected all the dinosaurs died.
1838,49,225,546,1064,1835,1.5427792915531335,0.016402142648081205,620,"If he actually hits it, we’re going to see a lot of new faces around here."
1694,50,151,238,612,1001,1.5394605394605394,0.023455088307737938,620,Wait! Wait! He's been impeached!
3834,51,195,475,937,1607,1.5382700684505288,0.017489075772235005,620,Some of them thought it would end with a whimper.
2370,52,187,372,836,1395,1.5347670250896057,0.019256101017371553,620,"I thought we were going to wait, and give the mid-terms a chance."
2954,53,231,505,1075,1811,1.53395913859746,0.016686158160477697,620,Here comes another Big Bang.
407,54,206,504,1011,1721,1.5322486926205694,0.016850155647590095,620,We thought we would combine Armageddon with a festive event.
2924,55,188,416,910,1514,1.5231175693527081,0.018139037136269673,620,Swing and a miss. The Angels are down to their last strike.
514,56,167,423,860,1450,1.5220689655172415,0.018197933818724407,620,Don't you think they've had enough this year?
4341,57,163,399,839,1401,1.5174875089221984,0.018562349029267577,620,And to think they’re scared of climate change.
4391,58,186,364,875,1425,1.5164912280701754,0.018939226262324155,620,If I knew he batted left I would have put the White House on the other side.
2083,59,58,109,269,436,1.5160550458715596,0.03443458837739998,620,"You know, I'm not sure Pruitt should be up here."
302,60,150,358,774,1282,1.5132605304212168,0.01943450175527258,620,And on the eighth day...
2107,61,141,363,753,1257,1.5131264916467781,0.019430001971692912,620,"Not so omniscient with the blindfold on, is He?"
510,62,164,313,785,1262,1.5079239302694136,0.0201076035615383,620,"We're going to call it ""The Big Bang""."
4156,63,111,287,605,1003,1.5074775672981058,0.02168730963519461,620,In a minute all hell will break loose.
947,64,133,323,712,1168,1.5042808219178083,0.020232610475218137,620,"It's the end of times, we might as well have some fun."
1841,65,148,265,702,1115,1.5031390134529148,0.02151073796843266,620,It was either this or pin the tail on Uranus.
1929,66,102,218,519,839,1.5029797377830751,0.024258397268185045,620,"Had I known that this is what passed for entertainment up here, I probably would have cheated on my spouse."
3280,67,125,301,676,1102,1.5,0.02081142908253293,620,He won't hit it.  This is all just to scare the Baptists.
2644,68,35,114,221,370,1.4972972972972973,0.03449920012376588,620,They think earthquakes are caused by fracking.
3840,69,38,67,183,288,1.4965277777777777,0.04231443739095842,620,"If he smashes that thing, all hell will break loose."
2658,70,122,256,629,1007,1.4965243296921549,0.02212138464594294,620,It's okay.  It's empty now - used to be filled with hopes and dreams.
74,71,142,221,655,1018,1.4960707269155207,0.02280615913745265,620,He trained at the Environmental Protection Agency.
988,72,76,223,457,756,1.496031746031746,0.024441915306819842,620,"I'm no theologian, but this just doesn't seem right."
3315,73,123,243,620,986,1.4959432048681542,0.02251849647003192,620,I just didn't expect that this is what we'd do on the 8th day.
1425,74,115,282,636,1033,1.4956437560503388,0.02140042498665362,620,It's not like they were taking great care of it.
4783,75,115,285,642,1042,1.4942418426103647,0.021264001099804596,620,I hope they don’t blow themselves up before it’s my turn.
4939,76,120,219,600,939,1.488817891373802,0.02321371035310738,620,Einstein was right. God doen't play dice with the universe
3386,77,106,256,597,959,1.4880083420229406,0.022171277853414825,620,We keep score on the Richter Scale.
1158,78,75,192,435,702,1.4871794871794872,0.025714077144154142,620,"Actually, I'm not sure if the Boss knows, but we ran it through legal and they thought it was fine."
259,79,120,216,602,938,1.4861407249466951,0.023230813911369084,620,"I don't believe it either, but this is what they voted for."
3570,80,98,257,580,935,1.4844919786096256,0.022177625589541502,620,"When it splits open, all hell breaks loose"
2889,81,104,228,568,900,1.4844444444444445,0.023127761797079656,620,They were just going to blow it up anyway.
2721,82,134,172,603,909,1.484048404840484,0.02448983942777935,620,"If Trump is reelected, the blindfold goes."
1493,83,69,209,439,717,1.483960948396095,0.024851833786595647,620,And they're worried about global warming.
2828,84,126,186,595,907,1.4829106945975745,0.024130508507885826,620,"Is that Scott? Nah, Pruit does it with his eyes open."
2141,85,93,238,552,883,1.480181200453001,0.02284356595280794,620,Two to one God's still pulling the strings and he misses
4456,86,95,208,526,829,1.480096501809409,0.024046946035922362,620,"Originally it was flat, but it was too hard to hit."""
4355,87,95,225,546,866,1.4792147806004619,0.02328430746854806,620,I always feel sorry for their theologians after our parties.
478,88,81,170,446,697,1.4763271162123386,0.026312235248924,620,He’s working in mysterious ways again.
3839,89,62,272,498,832,1.4759615384615385,0.021897381660656356,620,No way am I putting anything from that in my mouth.
4963,90,91,195,509,795,1.4742138364779873,0.024542819502752406,620,Bob is a klutz.  My money is on global warming.
3484,91,110,166,538,814,1.4742014742014742,0.025280826331355918,620,"Yes, a lot of things have changed around here since we got a Pope from Latin America."
3539,92,87,210,514,811,1.473489519112207,0.023930122882548012,620,He's been getting closer ever since the election.
2011,93,58,157,362,577,1.4731369150779896,0.02796073126888469,620,He only said we couldn't flood it again.
3075,94,99,179,519,797,1.4730238393977415,0.02500512272462112,620,I love when Judgment Day falls on a Taco Tuesday.
1410,95,87,207,512,806,1.4727047146401986,0.02403764802565831,620,"The last time he connected, we lost the dinosaurs"
3364,96,91,197,514,802,1.472568578553616,0.02438200420693152,620,Two bits says that Trump busts it before he does.
424,97,79,212,494,785,1.4713375796178343,0.02396990968200469,620,Hit along a fault line or they'll get suspicious.
349,98,79,180,468,727,1.4649243466299862,0.02533796892449911,620,"Of all the apocalyptic scenarios, I bet they didn't see this one coming."
3622,99,97,147,490,734,1.4645776566757494,0.02645623518615767,620,he's Trump's foreign policy advisor
3442,100,79,175,465,719,1.4631432545201668,0.02554125050128134,620,I used to think He had a plan.
2351,101,82,165,464,711,1.4627285513361463,0.0259813551756553,620,"His name?  Scott Pruitt."""
3598,102,70,186,450,706,1.461756373937677,0.02517563012661151,620,"Down there on Earth it goes by many names, the Rapture, End of Days, the Second Coming.  Up here, we just call it Fiesta!"
16,103,37,88,228,353,1.4589235127478755,0.036069080274096,620,He's been getting a lot closer since 2016.
3931,104,70,121,379,570,1.4578947368421054,0.029460323975746244,620,Now up to bat - - R. Mageddon!
313,105,81,144,445,670,1.4567164179104477,0.027061287257046648,620,You think he can get it done before Trump does it?
623,106,84,135,445,664,1.4563253012048192,0.027492068481263166,620,"If Trump wins again, the blindfold comes off."
1706,106,63,177,424,664,1.4563253012048192,0.025698435516164686,620,"I expected that actually ""playing God"" would be a little more imaginative"
1109,108,81,119,418,618,1.4546925566343043,0.028752652133490222,620,"It was this or ""Pin the tail on Uranus."""
2474,109,62,171,416,649,1.4545454545454546,0.026028150074757686,620,Do you think they know it's all a game?
103,110,52,189,405,646,1.4535603715170278,0.025176403157302248,620,"The whole idea of this game is to knock some sense into it."""
3830,111,79,129,425,633,1.4533965244865719,0.028054906928886687,620,Seems unnecessary.
25,112,66,156,415,637,1.4521193092621665,0.02674503391077123,620,They were overdue for a mass extinction event. We just wanted to make it fun.
1979,113,58,169,404,631,1.451664025356577,0.026170952509358344,620,"Well, it's getting warmer."
4134,113,69,147,415,631,1.451664025356577,0.02720772850610727,620,2016...2017...2018...
3874,115,69,146,415,630,1.4507936507936507,0.02723700239154941,620,"The spin coming out of  Washington, D.C. makes it almost impossible to hit!"
4194,116,66,149,409,624,1.4503205128205128,0.02714536133858451,620,"We're hoping if he hits it hard enough, everything on earth will go back to normal."
241,117,69,137,408,614,1.4478827361563518,0.02774974071084379,620,It's filled with nuts.
1774,118,59,152,392,603,1.4477611940298507,0.02712587040077503,620,It's all fun and games until somebody loses a continent.
872,119,60,104,337,501,1.4471057884231537,0.031200101296806594,620,I can't wait to hear how they report this on NPR.
4594,120,69,129,400,598,1.4464882943143813,0.028293322664722995,620,"Last time we tried this, Trump got elected."
4451,121,55,154,383,592,1.445945945945946,0.02706415796673926,620,Are you sure that we should be doing this? He just spent seven days working on it.
2845,122,61,134,382,577,1.4436741767764298,0.028206390766082893,620,It will create a terrible mess but on the upside no more tweeting.
3753,123,58,137,377,572,1.4423076923076923,0.028056385571409437,620,"I just pictured something more elaborate when Stephen Hawking said, ""The end of the world is nigh."""
1534,124,66,120,384,570,1.4421052631578948,0.02899085204525775,620,We might as well destroy it before Trump does.
3409,125,52,146,368,566,1.441696113074205,0.027598455766989965,620,The last time we played this game we lost the dinosaurs.
1551,126,56,135,370,561,1.4402852049910873,0.028223522263548954,620,"This is the way the world ends.  Not with a bang, but a wiffle."
1173,127,57,132,370,559,1.4400715563506261,0.028408949727135726,620,They'll never know what hit 'em.
1160,128,44,150,348,542,1.4391143911439115,0.027483975040229168,620,"I wouldn't worry too much, there are billions of these things floating around."
4772,129,51,124,340,515,1.4388349514563106,0.029401192743739805,620,Are we taking this string theory thing a little too literally?
4337,130,54,130,360,544,1.4375,0.02861515657078187,620,Just told him that Jeff Sessions quoted Romans 13. He's swinging for the fences
2909,131,46,145,351,542,1.437269372693727,0.02772343496462801,620,He said a flood wasn’t enough this time.
537,132,51,123,341,515,1.4368932038834952,0.029393207899855923,620,Here comes the Big Bang.
926,133,50,131,350,531,1.4350282485875707,0.02861925030516975,620,I don't know why we bother with this game. They're doing a good enough job on their own.
1668,134,54,119,350,523,1.4340344168260037,0.02943105124708498,620,Now this is fun. Remember when it was flat?
1137,135,42,137,333,512,1.431640625,0.028304657076710104,620,Has it really been 66 million years already?
1144,136,48,117,332,497,1.4285714285714286,0.02971833205096046,620,"We've tried floods, pestilence, wars, nothing seems to work. So why not this?"
1599,137,49,114,332,495,1.4282828282828284,0.029940441732462717,620,"If He asks, Satan did it."
3445,138,46,86,284,416,1.4278846153846154,0.03350789216352561,620,It's allowed under the loosened EPA rules.
4287,139,35,139,315,489,1.427402862985685,0.028192798607836283,620,I wish the anti-science folks could see this!
1003,140,49,110,329,488,1.4262295081967213,0.03024124719943119,620,They really have no idea how insignificant they are.
1472,141,54,99,333,486,1.4259259259259258,0.031021617131081414,620,We put Scott Pruitt inside.
2283,141,57,93,336,486,1.4259259259259258,0.03142921789832324,620,The last time we did this Trump was elected.
4949,143,39,121,308,468,1.4252136752136753,0.02966889633299547,620,Eternity sounds like fun at first. Then boredom sets in.
2670,144,52,100,328,480,1.425,0.031024324306546964,620,God help cartoonists: left hand over right is not right.
3812,144,51,102,327,480,1.425,0.030883814869229264,620,Who gave Justice a bat?
436,146,54,95,329,478,1.4246861924686192,0.031398876082826814,620,He's training for a job at the EPA.
3979,147,47,105,318,470,1.4234042553191488,0.030773021853245965,620,I always thought it would be global warming.
1647,148,47,107,321,475,1.4231578947368422,0.030536345768132626,620,"There are no bad angels. There are only bored angels."""
2696,149,38,122,309,469,1.4221748400852878,0.029453358492629155,620,Seems to me they’re doing a pretty good job themselves.
618,150,44,109,314,467,1.4218415417558887,0.030458868566228942,620,God said we should have fun before putting it out of its misery.
4814,150,32,133,302,467,1.4218415417558887,0.02859125227443087,620,Earth was always a hit or miss proposition.
969,152,43,110,312,465,1.421505376344086,0.03039909930239881,620,"You know, it's not the real one. That's already ruined."
787,153,43,108,310,461,1.420824295010846,0.03058424515840379,620,"You were bored with earth quakes, hurricanes, floods,  fires and Trump?"
2240,153,48,98,315,461,1.420824295010846,0.031345693756251715,620,When this guy was done with Pluto it wasn't even a planet.
1977,155,54,85,320,459,1.420479302832244,0.032338634551392235,620,"Don't worry--Yankees can't get in here, and Cubs can't hit it."
287,156,43,106,308,457,1.4201312910284465,0.030772395808376263,620,"The last time he won, the dinosaurs went extinct."
601,156,39,114,304,457,1.4201312910284465,0.030142182306249255,620,We got tired of waiting for an asteroid to do it.
2623,158,43,105,307,455,1.4197802197802198,0.030867621855502105,620,It's been 4.543 billion years - maybe it's time someone else got a turn.
402,159,42,106,305,453,1.4194260485651213,0.030805495355290074,620,I told him it would break itself if he just left it alone.
1708,159,39,112,302,453,1.4194260485651213,0.03032614999438173,620,No fair hitting below the equator.
333,159,42,106,305,453,1.4194260485651213,0.030805495355290074,620,"If you ask me, it's not an extinction event without cake and ice cream."
1219,162,41,107,303,451,1.419068736141907,0.03074151418046625,620,Taking a blind swing at the world is popular on Earth right now.
2239,163,38,109,297,444,1.4166666666666667,0.030578571656142754,620,So this is how the world ends? I would have never guessed.
3066,163,40,105,299,444,1.4166666666666667,0.03090930940641257,620,I don't like this. The big guy spent 6 days making it.
3432,165,51,81,308,440,1.415909090909091,0.03288507290710787,620,WOW !! And he's one of our batter angels. !!
3128,166,36,109,291,436,1.415137614678899,0.030623257266351945,620,"Wow!  He said he was mad at the world, but I figured he'd just post something snarky on Facebook."
3388,166,45,91,300,436,1.415137614678899,0.032135503118886945,620,"What can they expect, putting everything in the Cloud!"
3482,166,42,97,297,436,1.415137614678899,0.03163945325596489,620,You should've been here when he knocked Pluto out of the park.
4448,169,34,115,292,441,1.4149659863945578,0.030036501576794324,620,"Honestly, the way its going, the humans might get the job done quicker..."
3481,170,40,97,290,427,1.414519906323185,0.03177262173520782,620,"Metaphorically speaking, it's God's way of saying that his button is bigger than Trump's."
2532,171,45,88,297,430,1.413953488372093,0.03245575519478097,620,"And on the 8th day, they had a party."
2906,171,40,98,292,430,1.413953488372093,0.03160959804756483,620,It's called Trump Ball but no one knows the rules.
1368,173,39,99,290,428,1.4135514018691588,0.03154008009355351,620,"I don't even like the molten center, it's just the sport of it for me"
345,174,22,42,144,208,1.4134615384615385,0.04683456113780826,620,That planet has always been hit or miss.
4150,175,14,43,115,172,1.4127906976744187,0.04867755437344357,620,65 million years from now they'll think it was an asteroid
3101,176,40,96,291,427,1.4121779859484778,0.0317576253762953,620,I hope it's filled with Skittles.  The last time it was filled with these big lizards with sharp teeth.
2505,177,33,109,283,425,1.411764705882353,0.03061895494897771,620,"If this thing explodes on it's own, I don't think that should count."
4116,178,34,106,283,423,1.4113475177304964,0.030898750667602944,620,"It's a small world, isn't it?"
4368,178,31,112,280,423,1.4113475177304964,0.030349966676526598,620,And scientists think an asteroid wiped out the dinosaurs.
3747,180,47,77,293,417,1.410071942446043,0.033517095549437007,620,He wants to beat Trump to it.
222,181,40,90,285,415,1.4096385542168675,0.03240019582503786,620,Make it look like an accident
4238,182,36,97,280,413,1.4092009685230025,0.031779339181797574,620,One good whack and they’ll start believing in the big guy again.
3124,183,40,88,283,411,1.4087591240875912,0.03262208979672189,620,"Yeah, the world's going to end, but....CANDY!"
3130,183,39,90,282,411,1.4087591240875912,0.03243966724365992,620,They'll probably never know what hit them.
3503,183,33,102,276,411,1.4087591240875912,0.031322829053636835,620,Thank God we only play this every 66 million years.
3900,186,43,81,285,409,1.4083129584352079,0.033279212254724154,620,What is Scott Pruitt doing here? I was certain he was headed to the other place.
3617,187,34,96,272,402,1.407960199004975,0.032002295112851964,620,Global warming was taking too long.
1620,188,41,84,282,407,1.4078624078624078,0.03303173819302329,620,"After Trump’s election, the Old Man said, “Sure, what the hell, take a swing.”"
4477,188,35,96,276,407,1.4078624078624078,0.03191355457758504,620,The fallout should be interesting.
2849,190,47,71,287,405,1.4074074074074074,0.03423583674884791,620,The treats will be out of this world.
1548,190,33,99,273,405,1.4074074074074074,0.031638019754091126,620,We're hoping for chocolate but it'll probably be plastic.
1442,190,43,79,283,405,1.4074074074074074,0.03351415730146067,620,Why do you think they call it the Big Bang?
321,193,27,110,266,403,1.4069478908188586,0.03055605493235858,620,The last time he got a really solid hit was 65 million years ago.
837,194,35,93,273,401,1.4064837905236909,0.03224198774841693,620,I only needed one swing to take out the dinosaurs.
1406,194,30,103,268,401,1.4064837905236909,0.031260224476452415,620,It's been ages since anyone actually hit it. It just makes a big bang.
2431,194,30,103,268,401,1.4064837905236909,0.031260224476452415,620,Like the world isn't whacked enough already.
2546,197,50,62,288,400,1.405,0.0350786799133199,620,Says his name is Scott Pruitt.
4695,198,46,69,283,398,1.4045226130653266,0.03448212940142944,620,If he ever hits it we'll be swamped with immigrants.
1643,199,33,91,266,390,1.4025641025641025,0.03245471494503648,620,Last time we did this only a moon came out.
4864,200,38,79,269,386,1.4015544041450778,0.03369842018596964,620,It’s the least of their worries.
773,200,29,97,260,386,1.4015544041450778,0.03185060630686674,620,We should probably step back. It's mostly water.
365,200,43,69,274,386,1.4015544041450778,0.0346824702949603,620,He's celebrating becoming head of EPA.
3820,203,33,70,236,339,1.40117994100295,0.03587143633936268,620,Plan B is Donald Trump.
264,204,31,92,261,384,1.4010416666666667,0.032384181323491065,620,Floods are so Old Testament.
3676,205,24,105,253,382,1.4005235602094241,0.030983819678329597,620,This could be interesting. The last time anyone hit it there was only one Continent!
1488,206,32,88,260,380,1.4,0.03282724641524678,620,I think we're missing the point of Earth Day
4283,206,41,70,269,380,1.4,0.03467867858651987,620,Who does he think he is? Scott Pruitt?
1474,208,32,87,259,378,1.3994708994708995,0.032945822791573105,620,He couldn't hit Jupiter.
3854,208,27,97,254,378,1.3994708994708995,0.031863062556009125,620,It contains mostly nuts.
4190,210,30,90,256,376,1.398936170212766,0.03263374819186802,620,He gets one more swing and then we will just let climate change do its job.
1507,211,37,75,262,374,1.3983957219251337,0.034249421561962694,620,"Oh, since about November 2016."""
320,211,32,85,257,374,1.3983957219251337,0.03318643272840133,620,Hark the angels swing
1159,213,38,72,262,372,1.3978494623655915,0.034589091300691856,620,We’re trying to spin it back to 2016.”
2286,213,34,80,258,372,1.3978494623655915,0.03374076559644608,620,Maybe we could trade him to the Saints.
3223,213,36,76,260,372,1.3978494623655915,0.03416756137070596,620,It's been 4.6 billion years - can we go home?
493,216,40,67,263,370,1.3972972972972972,0.03514076883544635,620,It is not as much fun as Pin the Tail on Uranus.
2452,217,32,85,259,376,1.3962765957446808,0.033043576132823334,620,He said that he had an Earth-shattering idea.
1726,218,29,87,250,366,1.3961748633879782,0.03300852054229213,620,It’s the new Big Bang theory.
2347,218,37,71,258,366,1.3961748633879782,0.03477544927404341,620,"Inside are joy, lust, rage, shame, depression, narcissism, addiction, crazy, lazy, pity, apathy, stupidity, civil war, raging hormones, political gridlock, toxic masculinity, and Mexican candy."
3821,218,42,61,263,366,1.3961748633879782,0.035835565777582894,620,God's giving bonus points to anyone who hits Mar-a-Lago on the first swing.
4779,221,22,99,241,362,1.3950276243093922,0.03160208633264147,620,"Let's face it, he's only on the team because his dad owns the place."
4077,221,34,75,253,362,1.3950276243093922,0.03438522617306822,620,We may be here awhile--he used to play for the Mets.
3995,221,28,87,247,362,1.3950276243093922,0.03302298926163999,620,"You really don’t want to know what is inside, but I would step back."
27,221,33,77,252,362,1.3950276243093922,0.03416195914229664,620,Swing ... and a Myth!
529,221,33,77,252,362,1.3950276243093922,0.03416195914229664,620,Two more misses and he's going back to Congress.
3478,221,35,73,254,362,1.3950276243093922,0.034607052828956215,620,Even having the world on a string doesn’t help.
567,227,37,68,255,360,1.3944444444444444,0.03518409919754061,620,Didn't Trump already break it?
2535,228,25,91,243,359,1.392757660167131,0.03248441167044735,620,Somehow I always thought Fate would be a more profound process.
2592,228,33,75,251,359,1.392757660167131,0.03434718775088442,620,"We made sure everyone was dead first, right?"
3866,228,28,85,246,359,1.392757660167131,0.03319520471216248,620,We're down to like eight or nine planets; maybe we should play something else on your birthday.
4715,231,36,68,253,357,1.392156862745098,0.03515817109047005,620,What are you hoping for--world peace or Snickers?
1930,231,28,84,245,357,1.392156862745098,0.03331972299668787,620,Next we’re going to bob for forbidden fruit.
1597,231,34,72,251,357,1.392156862745098,0.0347076897958374,620,Why even bother? They're doing well enough on their own.
1656,231,26,88,243,357,1.392156862745098,0.032844035639874126,620,It's like whack-a-mole but with consequences.
1939,235,35,68,250,353,1.3909348441926346,0.035210611257104875,620,"Its no more random than Trump, so we thought “why not?”"
3109,236,29,79,243,351,1.3903133903133904,0.03394158902322898,620,"Yes, there was a moon. His aim is terrible"
4766,236,34,69,248,351,1.3903133903133904,0.03512024411677487,620,"The boss says it's a dud, so we can do what we want with it."
405,238,24,85,234,343,1.3877551020408163,0.03321658386994336,620,10 bucks says he hits San Francisco again...
4220,239,33,66,242,341,1.3870967741935485,0.035595821330239426,620,Getting hotter
4467,239,32,68,241,341,1.3870967741935485,0.03535268298579395,620,We had one of these for God’s birthday and the humans called it the “Big Bang.”
2238,239,31,70,240,341,1.3870967741935485,0.035107860835057465,620,It's about to get crowded up here.
1996,239,26,80,235,341,1.3870967741935485,0.03385720577679658,620,"If he makes solid contact, it'll be earth-shattering."
1407,239,33,66,242,341,1.3870967741935485,0.035595821330239426,620,We'll show them Divine Intervention!
3610,239,27,78,236,341,1.3870967741935485,0.03411100533394802,620,Looks like T.S. Eliot was wrong.
2043,245,32,67,240,339,1.3864306784660767,0.03549700252693655,620,It's not full of candy; it's full of nuts.
3804,245,25,81,233,339,1.3864306784660767,0.03373209078084119,620,They will blame it on climate change.
1617,247,26,60,204,290,1.3862068965517242,0.037956516481025784,620,How did you think the earth rotates?
2730,248,32,66,239,337,1.3857566765578635,0.03564288157231291,620,God knows we do this?
4718,248,27,76,234,337,1.3857566765578635,0.03438169206604293,620,This is how we test for blind faith.
3138,250,27,75,233,335,1.3850746268656717,0.03451920356197315,620,Last time all we got were dinosaurs.
3761,251,32,61,232,325,1.3846153846153846,0.03658279411800461,620,So I take it God's not coming back.
4931,252,30,66,233,329,1.3829787234042554,0.03572749340547696,620,"We were saving this for later, but with the current rate of global warming, all the candy is gonna melt."
1622,253,33,59,235,327,1.382262996941896,0.03665344502494936,620,"I usually like pinatas, but I'm pretty sure this one's full of nuts."
3788,254,27,69,227,323,1.3808049535603715,0.03537620368397266,620,The last time we broke it only single cell animals fell out.
2669,255,27,68,226,321,1.3800623052959502,0.035524606281003436,620,Fuck it. They deserve it.
4741,256,23,74,219,316,1.379746835443038,0.03478317403240957,620,This seems redundant. Aren't they doing this themselves?
2480,256,22,76,218,316,1.379746835443038,0.03449314092124948,620,It's not a metaphor.
99,258,23,75,221,319,1.3793103448275863,0.03455169466275078,620,It is a small world after all.
2982,258,26,69,224,319,1.3793103448275863,0.03539726970972144,620,What on earth do you think is inside?
3842,258,26,69,224,319,1.3793103448275863,0.03539726970972144,620,Pinata?  We've been calling it 'fracking'.
686,261,27,52,201,280,1.3785714285714286,0.039172088158198684,620,Oh for heaven sake ... its a metal bat against a magnetic field so why is a blindfold necessary?
4578,262,18,83,214,315,1.3777777777777778,0.03335523157625587,620,Is this really how we should be celebrating Earth Day?
468,262,29,61,225,315,1.3777777777777778,0.03653759570294327,620,I always thought it was pronounced 'rapture'.
350,262,28,63,224,315,1.3777777777777778,0.03625983311276724,620,He's in for a huge disappointment when he sees what spills out.
1427,262,24,71,220,315,1.3777777777777778,0.03512682575784071,620,I love how they keep thinking it’s a meteor.
3036,266,28,62,223,313,1.376996805111821,0.036417449328552114,620,Let's face it.... he couldn't hit Jupiter if they put it on a tee.
931,267,23,71,217,311,1.3762057877813505,0.03513040043970845,620,I can't wait for pin the tail on Uranus.
2460,267,29,59,223,311,1.3762057877813505,0.036859373993513134,620,I hear that's how Trump presides over the USA - blindfolded to the facts and comes out swinging.
4624,267,25,67,219,311,1.3762057877813505,0.035716025914157026,620,That makes it a full count for Blind Faith
4803,267,23,71,217,311,1.3762057877813505,0.03513040043970845,620,Management decided that global warming was just taking too damn long.
2496,271,31,54,224,309,1.3754045307443366,0.037586403413097956,620,Now you know what makes the Earth go around.
1317,271,25,66,218,309,1.3754045307443366,0.03586990684130446,620,He doesn't take his smiting as seriously as he used to.
2152,271,25,66,218,309,1.3754045307443366,0.03586990684130446,620,This is really going to confuse scientists.
3667,274,27,61,219,307,1.3745928338762214,0.036611759609310235,620,It's ok.  They'll think it's a hoax.
367,275,23,68,214,305,1.3737704918032787,0.03558190067848111,620,I bet it self-destructs before he hits it.
38,275,26,62,217,305,1.3737704918032787,0.036479893278564685,620,On my birthday it was full of dinosaurs.
1458,277,28,57,218,303,1.372937293729373,0.037233536764738805,620,I keep telling him to swing low.
664,277,25,63,215,303,1.372937293729373,0.0363423553055768,620,"The last time we played this, the cutest little dinosaurs spilled out!"
2364,279,27,58,216,301,1.372093023255814,0.03710533648302915,620,"For a righteous God, He has a wicked sense of humor."
2263,280,27,57,215,299,1.37123745819398,0.037273801661813565,620,Remember when the phrase 'getting warmer ' wasn't ironic?
1349,280,18,75,206,299,1.37123745819398,0.03445751910522429,620,Not so much the Angel of Death as the Angel of Passive Aggression.
4940,282,23,63,208,294,1.370748299319728,0.036472280507400145,620,It's a preemptive strike.
1703,283,17,76,204,297,1.3703703703703705,0.03427207680677263,620,They think it’s something to do with tectonic plates.
3614,283,22,46,175,243,1.3703703703703705,0.04137443005873572,620,One of our batter angels
3799,283,25,60,212,297,1.3703703703703705,0.036831717726023915,620,"And, you're sure the Boss said this was OK?"
1536,286,24,61,210,295,1.3694915254237288,0.036685805262021635,620,"After this, we'll dance on the head on a pin."
3008,286,23,63,209,295,1.3694915254237288,0.0363701558456484,620,There must be a better way to knock some sense into the people!
1392,288,27,54,212,293,1.3686006825938566,0.03779154072383475,620,One small swing for man.....one giant miss for mankind.
2012,288,19,70,204,293,1.3686006825938566,0.03523050574089539,620,"Last time he hit it,we lost Atlantis..."
3492,288,27,54,212,293,1.3686006825938566,0.03779154072383475,620,Am I the only one who remembers what happened to Mars when we did this?
855,291,20,67,204,291,1.3676975945017182,0.03571694846277863,620,"We do this every year on His birthday. He thinks it's hilarious."""
1523,291,27,53,211,291,1.3676975945017182,0.03796836631617787,620,"I hate the way HE pulls it up just before we swing."""
3025,293,21,64,204,289,1.3667820069204153,0.03620839020148157,620,He's calling it 'The World Series'
1167,293,28,50,211,289,1.3667820069204153,0.03846104597770833,620,The Big Bang
1564,293,25,56,208,289,1.3667820069204153,0.03751219000680372,620,Betcha five bucks all Hell breaks loose.
374,296,25,55,207,287,1.3658536585365855,0.037687562960624005,620,"This is how we move heaven and earth."""
1374,296,22,61,204,287,1.3658536585365855,0.0367049692526469,620,What's the worst that could happen?
485,298,20,64,201,285,1.3649122807017544,0.03619694686407844,620,Justice is blind but she sure packs a wallop.
879,298,23,58,204,285,1.3649122807017544,0.03720682661439741,620,"This way, the Boss has plausible deniability."
1217,298,26,52,207,285,1.3649122807017544,0.038190010881731164,620,"I don't know what it's full of.  But, I have a theory."
230,301,23,57,203,283,1.3639575971731448,0.03738038294661348,620,Wait until you hear how scientists explain the random occurrence of earthquakes
2210,301,12,79,192,283,1.3639575971731448,0.033490663372534465,620,That's Nature- he bats last.
3477,301,21,61,201,283,1.3639575971731448,0.03670383473820498,620,They'll just blame it on climate change.
2220,304,23,56,202,281,1.3629893238434163,0.03755610765597321,620,This game takes forever.
1865,304,18,66,197,281,1.3629893238434163,0.035824071796502696,620,"Don't worry about it. If he fails, it isn't the end of the world."
2575,304,29,44,208,281,1.3629893238434163,0.03953451333822555,620,He's never been the same since he was assigned to Scott Pruitt.
1053,304,18,66,197,281,1.3629893238434163,0.035824071796502696,620,Amazingly there have only been five mass extinctions.
993,304,22,58,201,281,1.3629893238434163,0.03721614974483303,620,After this we play pin the tail on Uranus.
1295,304,27,48,206,281,1.3629893238434163,0.0388862302623423,620,"Wait, what is it hanging from?"
4583,304,18,66,197,281,1.3629893238434163,0.035824071796502696,620,And that's a miss. But they will be wondering what is happening to their ozone layer.
4633,311,21,57,195,273,1.3626373626373627,0.037621257860755986,620,Should we wait for God? He loves this game
2101,312,19,62,195,276,1.3623188405797102,0.03661718711012753,620,And to think they're so concerned about asteroids.
2401,312,24,52,200,276,1.3623188405797102,0.03837408888199743,620,Global warming?  No such thing.  It’s the pinata effect.
3928,312,24,52,200,276,1.3623188405797102,0.03837408888199743,620,The good news is God pulls it up every time she gets close...
64,312,25,50,201,276,1.3623188405797102,0.03871590317500689,620,Making heaven great again.
987,316,29,43,207,279,1.3620071684587813,0.039731259240064425,620,"If he hits it, Trump will blame Obama."
2167,316,25,51,203,279,1.3620071684587813,0.03841132214572998,620,"Last year it was ""pin-the-tail"" on Uranus."
4378,316,17,67,195,279,1.3620071684587813,0.03562503453116544,620,"There he goes, playing God again."
3439,319,16,67,191,274,1.3613138686131387,0.03568043338412847,620,I think they're probably expecting this anyway.
3118,319,20,59,195,274,1.3613138686131387,0.037148921095204505,620,"We figured, what the hell..."
3450,319,18,63,193,274,1.3613138686131387,0.03642207891524699,620,"Well, so much for having the world on a string."
1780,319,21,57,196,274,1.3613138686131387,0.03750706055601206,620,It's for their own good.
3910,319,23,53,198,274,1.3613138686131387,0.03821327122324921,620,Expect mostly plastic.
1035,319,19,61,194,274,1.3613138686131387,0.036787295164541586,620,Piñatageddon
703,319,24,51,199,274,1.3613138686131387,0.038561526818789625,620,We got the idea of 'Whack a World' from watching the President.
409,319,22,55,197,274,1.3613138686131387,0.03786181248391288,620,This may take a while. On earth he was an Oriole.
238,319,16,67,191,274,1.3613138686131387,0.03568043338412847,620,The fact that he's missed for centuries might actually be proof that prayer works.
1202,319,19,61,194,274,1.3613138686131387,0.036787295164541586,620,Thank goodness  he only hits it once every 5 million  years
59,319,26,47,201,274,1.3613138686131387,0.039248768854901445,620,He’s trying to beat the record time set by Trump and Pruitt in the early 21st century.
3380,330,19,60,193,272,1.3602941176470589,0.03695954449273466,620,And now you know how the fault lines got created.
3204,330,11,76,185,272,1.3602941176470589,0.033896119762755736,620,Just don't tell him it's really full of lava.
1440,330,20,58,194,272,1.3602941176470589,0.03732479810230528,620,This is going to take eternity.
992,330,22,54,196,272,1.3602941176470589,0.03804478679021201,620,Joke's on him. The center is mostly iron and nickel.
3038,330,18,62,192,272,1.3602941176470589,0.036590645045462285,620,"Yeah, no one saw this coming. We thought sure it would be by fire."
2465,335,21,55,194,270,1.3592592592592592,0.03786827096548805,620,Instead of candy it's full of nuts.
3395,335,21,55,194,270,1.3592592592592592,0.03786827096548805,620,I love election night!
3729,337,20,58,195,273,1.358974358974359,0.03721123699142256,620,Three to one he only hits water
4141,337,19,60,194,273,1.358974358974359,0.036847554979517326,620,"At this point, what’s the worst that could happen?"
4041,337,26,46,201,273,1.358974358974359,0.03932275754841448,620,Scott Pruitt throws the weirdest parties.
2836,337,26,46,201,273,1.358974358974359,0.03932275754841448,620,I miss dancing on the head of a pin.
2272,337,22,54,197,273,1.358974358974359,0.03792814073163011,620,Now it really is a World Series!
2478,337,23,52,198,273,1.358974358974359,0.03828155835153006,620,Don't get your hopes up. It's filled with nuts.
2375,337,13,72,188,273,1.358974358974359,0.03458524548400631,620,He's so pious. He misses on purpose all the time.
507,337,23,52,198,273,1.358974358974359,0.03828155835153006,620,I'm betting that the humans will destroy it before he even hits it.
2609,337,23,52,198,273,1.358974358974359,0.03828155835153006,620,He figured that he’d do it before Trump did
4494,346,16,64,188,268,1.3582089552238805,0.03616950754454219,620,The last time we played this they lost the dinosaurs.
44,346,14,68,186,268,1.3582089552238805,0.035388317310990534,620,I thought an apocalypse would go down more easily with a festive touch.
761,346,24,48,196,268,1.3582089552238805,0.039138655721167315,620,Who said justice isn't blind?
1248,346,23,50,195,268,1.3582089552238805,0.03877994629579046,620,They'll blame it on fracking.
1635,346,21,54,193,268,1.3582089552238805,0.0380523844297969,620,He should aim for the United States.  They need a good spanking right now.
3237,351,27,43,201,271,1.3579335793357934,0.03986454494259218,620,He was part of Trump's EPA.
2702,351,22,53,196,271,1.3579335793357934,0.038111860491623226,620,Warmer...
3185,351,16,65,190,271,1.3579335793357934,0.03589585310473274,620,"Well, it won’t be candy."
588,351,20,57,194,271,1.3579335793357934,0.03738778807035997,620,Do you really think this is a good way to celebrate Earth Day?
1967,351,24,49,198,271,1.3579335793357934,0.03882243067444066,620,Think he’ll get it before Pruitt does?
131,356,19,57,190,266,1.3571428571428572,0.037489569849711066,620,He hasn't hit it once in 4.5 billion years.
1455,356,19,57,190,266,1.3571428571428572,0.037489569849711066,620,I don't remember doing anything this earth-shattering at my quinceañera.
1836,356,22,51,193,266,1.3571428571428572,0.03860811189419938,620,It's the latest cloud app.
3451,356,15,65,186,266,1.3571428571428572,0.03594407561974793,620,"6 thousand, 4.5 billion. All I'm saying is it's someone else's turn."
4312,356,17,61,188,266,1.3571428571428572,0.03672495350354118,620,"It’s full of Mars bars. He wants the world to know He’s angry, but He still has His sense of humor."
585,361,14,68,187,269,1.3568773234200744,0.035281655563852404,620,Shouldn't God answer some prayers instead of wasting his time holding the rope?
4382,362,28,38,198,264,1.356060606060606,0.04096751300297057,620,I'm not sure this is how to make the world great again.
115,363,22,49,191,262,1.3549618320610688,0.038996161572510964,620,This year it’s filled with chaos.
2919,363,16,61,185,262,1.3549618320610688,0.03667718419799643,620,Do you think he will knock some sense into it?
3499,363,20,53,189,262,1.3549618320610688,0.03823879825287627,620,I hate being on earthquake duty.
4424,363,21,51,190,262,1.3549618320610688,0.038619336537630694,620,"Just imagine their disappointment when they realize we said rupture, not Rapture."
1658,367,24,47,197,268,1.3544776119402986,0.03908732718876516,620,Who's turn is it to be Trump next?
878,368,16,48,162,226,1.3539823008849559,0.04056663938093471,620,"His name is Apocalypse. He usually misses, but he's been getting closer lately."
3114,369,20,52,188,260,1.353846153846154,0.03842885454176648,620,The Big Guy said to tell them it’s “the Trump Effect.”
3336,369,24,44,192,260,1.353846153846154,0.03994467399031271,620,I'll bet you ten blessings that the humans destroy it before he does.
1369,369,16,60,184,260,1.353846153846154,0.03685073598440236,620,This is heaven so he gets four strikes.
312,369,29,34,197,260,1.353846153846154,0.04176214947404543,620,You think we should tell him it's full of crap?
2139,369,21,50,189,260,1.353846153846154,0.03881335969859187,620,"Not bad, but he's no Donald Trump."
591,374,20,51,187,258,1.3527131782945736,0.03862144682720472,620,"If he hits the ocean, we're going to be drowning in plastic bags!"
2710,374,13,65,180,258,1.3527131782945736,0.035783709635716136,620,Last time? You would have loved it! Those dinosaurs? Everywhere!
3313,374,19,53,186,258,1.3527131782945736,0.03822895463137267,620,It’s not quite how I pictured the Apocalypse.
4214,374,20,51,187,258,1.3527131782945736,0.03862144682720472,620,So much for a whimper
2391,378,20,48,182,250,1.352,0.03947934236908693,620,Don’t we have better angels?
4426,379,18,53,182,253,1.3517786561264822,0.03833451982319619,620,Don't act so offended. It's not like you made it.
358,380,16,58,182,256,1.3515625,0.0372045911458308,620,I keep telling him he's not gonna want what's in there.
1018,380,20,50,186,256,1.3515625,0.0388166281628927,620,"It’s the end of the world, as we know it."
4645,380,20,50,186,256,1.3515625,0.0388166281628927,620,"Is this one of those ""Make Heaven Great Again""  activities?"
4642,383,16,57,181,254,1.3503937007874016,0.0373849860589267,620,The last time he hit it the dinosaurs went extinct.
502,383,16,57,181,254,1.3503937007874016,0.0373849860589267,620,Warmer . . . warmer. . . . warmer.
1161,383,23,43,188,254,1.3503937007874016,0.04019322487499991,620,I’m tempted to remove the blindfold.
2675,383,18,53,183,254,1.3503937007874016,0.03820840701213607,620,All yours—I’m allergic to nuts.
3167,383,20,49,185,254,1.3503937007874016,0.03901445309348772,620,"We got permission to start over, so we are having fun with it."
2002,388,13,61,175,249,1.3493975903614457,0.0365738638884796,620,"It's a new way to smite...still in beta, though."
1740,389,14,60,178,252,1.3492063492063493,0.03671644257474241,620,"Who knows, it could be an improvement."
2159,389,19,50,183,252,1.3492063492063493,0.03880972716992323,620,"We only let Halley take a swing every 75 years, but he's getting closer"
2187,389,16,56,180,252,1.3492063492063493,0.03756775562111963,620,"Even when he makes contact, the only thing that comes out is lava."
3505,389,20,48,184,252,1.3492063492063493,0.03921497770668475,620,Donald Trump is the only one I can think of who could do it blindfolded.
3516,389,20,48,184,252,1.3492063492063493,0.03921497770668475,620,Can't be as bad as what they're doing to it
1313,389,17,54,181,252,1.3492063492063493,0.03798625825137387,620,"Can't be worse than November 8, 2016."
1530,389,19,50,183,252,1.3492063492063493,0.03880972716992323,620,I hear he swings both ways.
4622,396,19,47,178,244,1.348360655737705,0.039687214005436414,620,This is the worst bachelor party in eons.
4970,397,18,51,181,250,1.348,0.03859458729763409,620,"If he hits it, it's gonna get a lot more crowded up here."
3632,397,11,65,174,250,1.348,0.0355618133716649,620,"God's not dead, just indifferent."
1684,397,18,51,181,250,1.348,0.03859458729763409,620,"The Boss has pretty much given up on this one, anyway."
2972,397,21,45,184,250,1.348,0.03982370789923225,620,About as close as The Angels are gonna come to a World Seties this year
916,397,14,59,177,250,1.348,0.036892114502286244,620,Clearly not one of our better angels.
430,397,15,57,178,250,1.348,0.03732501341601934,620,We all remember what happened to Pluto.
3561,397,22,43,185,250,1.348,0.040225069607144226,620,I hope he keeps on missing.  That thing is polluted.
650,404,20,44,178,242,1.3471074380165289,0.040326114634675045,620,We were all surprised to see Scott Pruitt here
4749,405,20,46,182,248,1.346774193548387,0.03962435837449839,620,His exact words were 'Why am I having all these people from shithole planets come here?'
4345,405,18,50,180,248,1.346774193548387,0.03879162346241168,620,We're going to Hell for this.
352,405,18,50,180,248,1.346774193548387,0.03879162346241168,620,What happens in heaven stays in heaven.
1604,405,19,48,181,248,1.346774193548387,0.03921020165365264,620,He was the head of the Environmental Protection Agency.
1405,405,15,56,177,248,1.346774193548387,0.037507872003591465,620,They'll never even know what hit 'em.
3361,405,16,54,178,248,1.346774193548387,0.03794061577133899,620,I wonder why everyone keeps hitting Washington DC?
4533,411,14,56,173,243,1.345679012345679,0.03756049501836479,620,"God says it's totally trashed, have at it."
3350,412,16,53,177,246,1.3455284552845528,0.038130808299542455,620,Last time we hit it the dinosaurs died.
3945,412,18,49,179,246,1.3455284552845528,0.03899136509786927,620,So THAT'S what makes the world go 'round.
3901,412,14,57,175,246,1.3455284552845528,0.03725037625256387,620,I bet it's filled with nuts.
3133,412,18,49,179,246,1.3455284552845528,0.03899136509786927,620,All he does for the seventy-five years between swings is train but somehow Halley still manages to miss every time.
1628,412,23,39,184,246,1.3455284552845528,0.041063932821181925,620,He’s been at this since January 20th 2017
1439,412,17,51,178,246,1.3455284552845528,0.03856348722413336,620,"In a literal sense, Einstein was right about God not playing dice."
683,412,17,51,178,246,1.3455284552845528,0.03856348722413336,620,Thank God Justice is Blind
179,412,21,43,182,246,1.3455284552845528,0.04024771506711481,620,We get one swing every time he tweets.
1938,412,15,55,176,246,1.3455284552845528,0.03769316299101225,620,I thought it was supposed to end with a whimper.
4792,421,19,45,177,241,1.3443983402489628,0.03997209818686239,620,"Jesus Christ, hit it."
198,421,19,45,177,241,1.3443983402489628,0.03997209818686239,620,Come on flatten it!
575,421,14,55,172,241,1.3443983402489628,0.03774755489304519,620,. . . . and they’re worried about asteroids...
800,421,17,49,175,241,1.3443983402489628,0.03909747229984931,620,Can you believe the last time we did this was 65 million years ago?
1672,421,20,43,178,241,1.3443983402489628,0.04040231156841784,620,"If you think this looks hard, wait 'til you try dancing on the head of a pin."
3164,421,17,49,175,241,1.3443983402489628,0.03909747229984931,620,It is our new foreign policy.
1341,427,13,41,141,195,1.3435897435897435,0.04300977861858447,620,Ironically it's stuffed with Mars Bars.
3934,428,22,33,170,225,1.3422222222222222,0.04333536828758712,620,Make the Universe great again.
1882,429,18,45,174,237,1.3417721518987342,0.03996092807103647,620,"If he connects, it's six more weeks of hurricanes."
2055,429,19,43,175,237,1.3417721518987342,0.040405859452363434,620,It's not even filled with candy. It's just a bunch of nuts and flakes.
3009,429,22,37,178,237,1.3417721518987342,0.0417121876127462,620,I still can’t believe Pruitt ended up here.
3010,429,16,49,172,237,1.3417721518987342,0.03905586205331227,620,"Well, the idea is that it can't make things much worse."
2744,433,20,42,178,240,1.3416666666666666,0.040478168206432096,620,Does Father know about this?
4869,433,24,34,182,240,1.3416666666666666,0.042165769473534,620,"If  he manages to hit it, we’ll blame Trump."
2646,435,20,40,175,235,1.3404255319148937,0.04107262460385971,620,After this we’re gonna play Pin the Tail on Uranus.
3365,435,20,40,175,235,1.3404255319148937,0.04107262460385971,620,There's gonna be hell to pay when dad finds out !
2475,435,20,40,175,235,1.3404255319148937,0.04107262460385971,620,It seems redundant but I'm in heaven. And I've got the world on a string.
2992,435,19,42,174,235,1.3404255319148937,0.040627456759110274,620,I prefer pin the tail on the comet.
2864,435,18,44,173,235,1.3404255319148937,0.040177356727106484,620,"In Hell it's the same game, but no blindfold."
2250,435,15,50,170,235,1.3404255319148937,0.03879573747421936,620,"In 4 billion years,the closest he's come was 60 million years ago."
543,435,17,46,172,235,1.3404255319148937,0.03972215684527921,620,If this one's filled with hot gas and magma too I'm going home.
2241,435,22,36,177,235,1.3404255319148937,0.04194879009127671,620,I miss this game.  We only play it every 65 million years.
1851,435,20,40,175,235,1.3404255319148937,0.04107262460385971,620,You should have seen what fell out of Uranus.
178,435,19,42,174,235,1.3404255319148937,0.040627456759110274,620,Luckily for humans they don't know their future is hanging by a string.
175,435,17,46,172,235,1.3404255319148937,0.03972215684527921,620,I still feel guilty about the dinosaurs.
2242,435,21,38,176,235,1.3404255319148937,0.04151301893365247,620,In life he was known as Donald Trump.
2718,447,17,47,174,238,1.3403361344537814,0.039370821345264914,620,I had to get it custom. Took the man upstairs six days to make the damn thing.
2700,447,14,53,171,238,1.3403361344537814,0.03799591966003298,620,"The humans have nothing to worry about, this guy used to bat for the Mets."
2217,447,11,59,168,238,1.3403361344537814,0.036569362152252455,620,Whack it again ... some of those folks down there still haven’t gotten the message.
607,447,16,49,173,238,1.3403361344537814,0.03891791814238961,620,People in Hawaii hate when we do this.
22,447,20,41,177,238,1.3403361344537814,0.0406993026474638,620,Talk about hammering home a metaphor.
884,447,20,41,177,238,1.3403361344537814,0.0406993026474638,620,I wonder what they do in Hell for birthdays?
1499,453,17,43,167,227,1.3392070484581498,0.04067600031771032,620,No one can hit the damn thing. It's like it has a magnetic field or something.
3212,454,14,51,168,233,1.3390557939914163,0.038521637245660344,620,And they thought global warming was a problem.
3629,454,15,49,169,233,1.3390557939914163,0.03899891285836307,620,And humans think love makes the world go round.
3745,454,18,43,172,233,1.3390557939914163,0.04039692077718359,620,I'd rather swing on a star.
3470,454,18,43,172,233,1.3390557939914163,0.04039692077718359,620,Too bad.  He was trying to beat some sense into it.
3456,454,17,45,171,233,1.3390557939914163,0.03993635612108467,620,Good thing we have an eternity.
2952,454,13,53,167,233,1.3390557939914163,0.03803837362504207,620,"You remembered to fill it full of candy instead of 39 billion cubic miles of molten iron and nickel, right?"
3530,454,27,25,181,233,1.3390557939914163,0.04432718376695727,620,Everything’s left - his swing AND what he swings at.
2157,454,17,45,171,233,1.3390557939914163,0.03993635612108467,620,Because we can't play dice with the universe any more.
1925,454,19,41,173,233,1.3390557939914163,0.040852293403504256,620,Every time he misses it's not the end of the world.
1764,454,21,37,175,233,1.3390557939914163,0.041748140227103506,620,This game didn't start until the Trump administration
1287,454,20,39,174,233,1.3390557939914163,0.041302645730920774,620,"Things seemed to be going downhill fast, so the Big Guy just figured ""What the hell."""
251,454,20,39,174,233,1.3390557939914163,0.041302645730920774,620,What the Hell is it hanging from?
2756,454,19,41,173,233,1.3390557939914163,0.040852293403504256,620,We'll be here for an eternity at this rate.
4554,467,15,48,168,231,1.3376623376623376,0.039204958274314645,620,Why else do you think it was created?
3701,467,16,46,169,231,1.3376623376623376,0.039682140431120116,620,They'll blame Global Warming
3460,467,15,48,168,231,1.3376623376623376,0.039204958274314645,620,"Last time, he wiped out the dinosaurs."
4110,467,13,52,166,231,1.3376623376623376,0.03823273102306428,620,"Don't worry, they'll just think it was an asteroid."
2839,467,16,46,169,231,1.3376623376623376,0.039682140431120116,620,"The big man is starting over, so he let us have a little fun with the old one."
2048,467,15,48,168,231,1.3376623376623376,0.039204958274314645,620,I always thought the apocalypse would be more religious based.
1462,467,15,48,168,231,1.3376623376623376,0.039204958274314645,620,The last time? About 65 million years ago.
2856,467,14,50,167,231,1.3376623376623376,0.03872189609751009,620,Remember when there were guardian angels?
388,475,14,47,162,223,1.336322869955157,0.03963631599962288,620,"They refer to it as ""El Nino"" when he bats lefty."
825,476,15,47,167,229,1.3362445414847162,0.03941393670038892,620,This guy can't hit the broad side of a planet.
1754,476,20,37,172,229,1.3362445414847162,0.041773020698615076,620,Hark the herald angels swing... and a miss.
2068,476,15,47,167,229,1.3362445414847162,0.03941393670038892,620,He's even worse at the ring toss around Saturn.
4581,476,14,49,166,229,1.3362445414847162,0.03892496674127458,620,"If I hit hard enough, maybe I can knock some sense into them!"
1479,480,13,50,164,227,1.3348017621145374,0.0386295651787625,620,A flood worked better last time
3473,480,18,40,169,227,1.3348017621145374,0.04107514431376208,620,What they'll refer to one day as the Big Bang.
3601,480,22,32,173,227,1.3348017621145374,0.04293141996246197,620,you would think an angel could see through a blind fold
3642,480,15,46,166,227,1.3348017621145374,0.0396259129320538,620,I was told there'd be four horses at this party.
2660,484,16,43,166,225,1.3333333333333333,0.04033589130023194,620,It would be more fun if it were filled with candy instead of with petrochemicals...
3925,484,15,44,163,222,1.3333333333333333,0.04021195863175054,620,"He does know its filled with 5 gallons of magma, right?"
2400,484,11,52,159,222,1.3333333333333333,0.038130599659764314,620,Remember what happened to the dinosaurs the last time we played this game
3327,484,18,39,168,225,1.3333333333333333,0.041307979935470175,620,I guessing if you're good at this you're probably in that other place.
1244,484,10,54,158,222,1.3333333333333333,0.03759225829564006,620,This could take an eternity!
433,484,18,39,168,225,1.3333333333333333,0.041307979935470175,620,If this does not bring the Second Coming I don't know what will
1886,484,14,46,162,222,1.3333333333333333,0.03970184970948478,620,And they're worried about nuclear weapons.
166,491,12,49,159,220,1.3318181818181818,0.038865520698894485,620,Well this is much more fun than that dancing-on-the-head-of-a-pin game we did back in the Middle Ages.
1345,491,14,45,161,220,1.3318181818181818,0.03991930234894412,620,"Of course, no one ever asks what the other end of the string holding it up is actually attached to."
1687,491,15,43,162,220,1.3318181818181818,0.04043589618694664,620,Because we're fed up and couldn't think of a better way to get rid of it.
1889,491,18,37,165,220,1.3318181818181818,0.04194752318894234,620,I hear he played for the Cubs.
665,495,16,40,162,218,1.3302752293577982,0.04117975057478574,620,"This is more fun than just pushing the 'Re-set"" Button."
1806,495,14,44,160,218,1.3302752293577982,0.0401399549963658,620,It's been 500 million years.  It's about time for another calamity and mass extinction.
3591,495,17,38,163,218,1.3302752293577982,0.0416899243528603,620,Not again. This is how we got Trump.
3725,498,12,48,159,219,1.3287671232876712,0.038922903273192117,620,Global bashing is more fun than global warming.
2098,498,16,40,163,219,1.3287671232876712,0.04101901681341819,620,It's all fun and games until everybody gets hurt.
555,498,12,48,159,219,1.3287671232876712,0.038922903273192117,620,I hope he knows it has a molten core!
1174,501,13,45,158,216,1.3287037037037037,0.03982683150991048,620,There's definitely gonna be hell to pay if he makes contact.
2267,501,17,37,162,216,1.3287037037037037,0.04193377870718494,620,"The last time he hit it, Trump got elected"
4832,501,16,39,161,216,1.3287037037037037,0.04141709157494122,620,It’s not like we didn’t give them plenty of warning.
4730,504,19,32,163,214,1.3271028037383177,0.043209102511222335,620,Now that’s a whole different ball of whacks.
4598,504,11,48,155,214,1.3271028037383177,0.038935983203117606,620,"Yes, we know nothing good will come out of it; that's why were using it for practice."
4433,504,19,32,163,214,1.3271028037383177,0.043209102511222335,620,He’s the dude that knocked Pluto out of the solar system.
4186,504,14,42,158,214,1.3271028037383177,0.04059115291452566,620,I guess it is a little morbid for an Earth Day party...
3515,504,16,38,160,214,1.3271028037383177,0.041658080043232563,620,We do this once every four years.
2871,504,13,44,157,214,1.3271028037383177,0.040047031424956116,620,This isn't working. Give them social media.
2468,504,16,38,160,214,1.3271028037383177,0.041658080043232563,620,2000 years and he still holds a grudge...
1899,504,19,32,163,214,1.3271028037383177,0.043209102511222335,620,Are you sure stick comes after water?  I thought fire was next.
1210,504,10,50,154,214,1.3271028037383177,0.038368396096455135,620,"Pretty close, Halley. You can tty again in 75 years."
1153,504,14,42,158,214,1.3271028037383177,0.04059115291452566,620,Good thing Justice is blind.
810,504,12,46,156,214,1.3271028037383177,0.03949541437904455,620,Best slugger on the planet. Off the planet -not so much.
495,504,14,42,158,214,1.3271028037383177,0.04059115291452566,620,"In life, he was a president."
380,504,12,46,156,214,1.3271028037383177,0.03949541437904455,620,Played for the '62 Mets.
2231,504,13,44,157,214,1.3271028037383177,0.040047031424956116,620,At this point it's just a question of who destroys it first.
4249,518,16,29,142,187,1.3262032085561497,0.04584438791044061,620,Sometimes the world needs a little divine intervention.
1573,519,16,37,159,212,1.3254716981132075,0.04190280267899878,620,It's a wonderful afterlife - every time a bell rings an angel gets his swings...
187,519,12,45,155,212,1.3254716981132075,0.03971148430656954,620,What's next? Saturn ring toss?
465,519,21,27,164,212,1.3254716981132075,0.044490431336528344,620,World Series!
2326,519,15,39,158,212,1.3254716981132075,0.04136585730677004,620,This can take an eternity.
2587,519,13,43,156,212,1.3254716981132075,0.040270494254006445,620,"I'm not a big fan of his irony, but I do love candy."
3666,519,14,41,157,212,1.3254716981132075,0.04082184989797759,620,"Just watch.  As soon as it breaks, Jesus will swoop in here and take all the good stuff."
4292,519,16,37,159,212,1.3254716981132075,0.04190280267899878,620,It could get crowded up here.
4556,519,14,41,157,212,1.3254716981132075,0.04082184989797759,620,His last birthday party was an extinction level event.
3988,527,13,42,155,210,1.3238095238095238,0.040497293896791964,620,There goes seven days of creation!
3879,527,14,40,156,210,1.3238095238095238,0.04105605046255962,620,It wasn't going to last much longer anyway!
4806,527,19,30,161,210,1.3238095238095238,0.043742903569490364,620,"It's okay. Mr. Pruitt told us the more you damage it, the better it gets."
4097,527,13,42,155,210,1.3238095238095238,0.040497293896791964,620,So much for “the benign neglect of the universe”.
2762,527,18,32,160,210,1.3238095238095238,0.04321889802006334,620,Imagine all the sh**t thats gonna fall outta that thing
2116,527,13,42,155,210,1.3238095238095238,0.040497293896791964,620,"Tootsie Rolls and Dum-Dums, mostly. A few Smarties, if you're lucky."
1561,527,13,42,155,210,1.3238095238095238,0.040497293896791964,620,Last time we had a piñata at the company party we lost Pluto.
583,527,15,38,157,210,1.3238095238095238,0.04160730400068406,620,I hope it's filled with dinosaurs like at his last party.
521,527,16,36,158,210,1.3238095238095238,0.04215134888501717,620,To think that they're worried about climate change.
213,527,12,44,154,210,1.3238095238095238,0.03993071933163796,620,I'm not sure how he got here. He used to run a hedge fund.
4874,537,14,39,155,208,1.3221153846153846,0.041293836214365,620,"Not exactly what I meant by ""World on a String"""
4208,537,19,29,160,208,1.3221153846153846,0.044016321703852966,620,It's performance art. He's pretending to be Donald Trump.
3990,537,10,47,151,208,1.3221153846153846,0.03897917874543,620,Last time it was dinosaurs.
3250,537,11,45,152,208,1.3221153846153846,0.03957053839759875,620,Another miss. I think we brought him up too soon.
3180,537,14,39,155,208,1.3221153846153846,0.041293836214365,620,The Flat Earth guys are terrible at Piñata.
2981,537,11,45,152,208,1.3221153846153846,0.03957053839759875,620,I'm betting a 6.2 quake in Wales with a tsunami chaser.
2861,537,10,47,151,208,1.3221153846153846,0.03897917874543,620,"I thought it would be nuclear war, or maybe climate change."
2652,537,12,43,153,208,1.3221153846153846,0.04015318969251997,620,Wow! The Book of Revelation was way off.
907,537,16,35,157,208,1.3221153846153846,0.0424038108678231,620,"And that’s how the Earth ended up flat.  Checkmate, atheists"
3110,537,17,33,158,208,1.3221153846153846,0.042948041975412195,620,Somebody hit that thing before it melts on its own.
2723,547,13,40,152,205,1.3219512195121952,0.041131538163119534,620,Tell me it’s just symbolic.
4941,547,13,40,152,205,1.3219512195121952,0.041131538163119534,620,« He really hasn’t got a prayer. »
4777,547,12,42,151,205,1.3219512195121952,0.040546016129976534,620,I wish he would just smote it already so we could move on to the cake.
3408,547,15,36,154,205,1.3219512195121952,0.0422782621091246,620,At least it’s not flat.
2620,547,14,38,153,205,1.3219512195121952,0.04170884126076868,620,"If it breaks before your turn, it'll be Andreas' fault."
3044,547,12,42,151,205,1.3219512195121952,0.040546016129976534,620,"Ironically, they'll think it's an asteroid."
1916,547,12,42,151,205,1.3219512195121952,0.040546016129976534,620,Maybe it is a good time to just put them out of their misery....
1501,547,15,36,154,205,1.3219512195121952,0.0422782621091246,620,If all of those crazy meteorologists only knew how hurricane season really happens.
515,547,16,34,155,205,1.3219512195121952,0.042840115016415194,620,That's how he got to be a saint--by not telling Trump a piñata is Mexican.
270,547,12,42,151,205,1.3219512195121952,0.040546016129976534,620,"Earthlings call it divine retribution, but it's totally random whack-a-globe."
2146,547,19,28,158,205,1.3219512195121952,0.04448311452197571,620,He's a Republican. He will wreck it eventually.
606,558,17,31,155,203,1.3201970443349753,0.04366606981156017,620,He’ll get it. He’s just global warming up.
3211,558,13,39,151,203,1.3201970443349753,0.041371877547705445,620,It's nothing they aren't doing to themselves.
2870,560,13,39,152,204,1.3186274509803921,0.04119848500576066,620,This is so redundant.
3490,561,12,40,149,201,1.318407960199005,0.041013858399054616,620,I had no idea this is what He had in mind when He was making it.
2087,561,15,34,152,201,1.318407960199005,0.04279474631448336,620,"So much for ""the whole world in his hands""."
2293,561,10,44,147,201,1.318407960199005,0.0397823339337389,620,And to think the poor chumps will call it an act of God.
183,561,11,42,148,201,1.318407960199005,0.040402788727965405,620,"Last time we did this, those dinosaurs were not thrilled."
1013,561,9,46,146,201,1.318407960199005,0.03915204783193875,620,The last time he hit it we were up to our necks in dinosaurs.
29,566,15,33,151,199,1.3165829145728642,0.04305926979455859,620,I’m afraid he picked up a lot of bad habits when he was Trump’s guardian angel.
45,566,13,37,149,199,1.3165829145728642,0.04186386300597685,620,I guess it doesn't end in a whimper.
2256,566,10,43,146,199,1.3165829145728642,0.04000383096151062,620,I thought it was tectonic plates too...
4011,569,14,35,151,200,1.315,0.042282550423924974,620,"Last time he played, he whacked Mars into retrograde with Venus and all hell broke loose!"
3430,570,8,46,143,197,1.3147208121827412,0.03891971699258512,620,Climate change seems to be the more imminent threat.
4487,570,8,46,143,197,1.3147208121827412,0.03891971699258512,620,"Probably molten rock, but I'm hoping for candy."
4923,570,20,22,155,197,1.3147208121827412,0.04622026390131241,620,It’s part of God’s Make Heaven Great Again program.
4408,570,16,30,151,197,1.3147208121827412,0.043921786397325434,620,Scott Pruitt died and went to heaven.
3634,570,14,34,149,197,1.3147208121827412,0.04272620487411608,620,I'm hoping he'll just hit Washington.
2843,570,12,38,147,197,1.3147208121827412,0.04149619073550728,620,He's 0 for infinity.
346,570,13,36,148,197,1.3147208121827412,0.0421156884575246,620,"So we're calling this ""The Big Bang Theory?"""
1103,570,13,36,148,197,1.3147208121827412,0.0421156884575246,620,The boss says he's through using a carrot.
524,570,12,38,147,197,1.3147208121827412,0.04149619073550728,620,We never question God's sense of humor!
422,570,11,40,146,197,1.3147208121827412,0.04086730327369216,620,"The rules are simple: Every time the bell rings, an angel gets his swings."
77,570,16,30,151,197,1.3147208121827412,0.043921786397325434,620,And you are positive he said he wanted a World piece?
1844,570,15,32,150,197,1.3147208121827412,0.04332811964115927,620,Si.  It’s our contribution to making America great again.
4913,582,15,31,149,195,1.3128205128205128,0.043601404109695825,620,You should hear how science explains this!
4709,582,17,27,151,195,1.3128205128205128,0.04479752926833594,620,I can't believe no one's hit this thing yet.
4591,582,14,33,148,195,1.3128205128205128,0.04299086352042481,620,I hope he likes nuts.
4202,582,12,37,146,195,1.3128205128205128,0.04174300130586417,620,And he wonders why he's always picked last for stickball.
3134,582,14,33,148,195,1.3128205128205128,0.04299086352042481,620,"Hark, Harold the Angel’s Swing"
2792,582,14,33,148,195,1.3128205128205128,0.04299086352042481,620,It's Kim's turn next
2100,582,10,41,144,195,1.3128205128205128,0.04045666780409581,620,Do you think the Mayans are still checking the stats?
2637,582,12,37,146,195,1.3128205128205128,0.04174300130586417,620,I hope there’s cake after this.
1881,582,10,41,144,195,1.3128205128205128,0.04045666780409581,620,And those people on earth thought global warming was a problem.
1465,582,13,35,147,195,1.3128205128205128,0.042371526431397126,620,Wait for the fallout.
1325,582,10,41,144,195,1.3128205128205128,0.04045666780409581,620,If God gets home early we run.
527,582,13,35,147,195,1.3128205128205128,0.042371526431397126,620,"Funny, I actually died at one of these, now look at me"
378,582,8,45,142,195,1.3128205128205128,0.03912806897357123,620,"You know what it's full of, don't you?"
272,582,15,31,149,195,1.3128205128205128,0.043601404109695825,620,I'm confused—is this a bang or a whimper?
37,582,13,35,147,195,1.3128205128205128,0.042371526431397126,620,These parties would be a lot more fun if we were allowed to drink
1948,582,12,37,146,195,1.3128205128205128,0.04174300130586417,620,Somehow I thought heaven would be different.
2430,598,12,36,144,192,1.3125,0.04218159135469713,620,Well at least it will be quicker this time than 40 days and nights.
4768,598,13,34,145,192,1.3125,0.042823173294720566,620,"You know, if he hits it we will have to come up with another giant asteroid story."
4468,598,15,30,147,192,1.3125,0.04407833044319721,620,I love these things! The Old Man makes 'em all the time
4394,598,11,38,143,192,1.3125,0.04153009905357379,620,The last time we played pin the tail on Uranus.
4266,598,12,36,144,192,1.3125,0.04218159135469713,620,He really couldn't possibly make it any worse.
4180,598,15,30,147,192,1.3125,0.04407833044319721,620,Who said Republicans don't know how to have fun?
3363,598,10,40,142,192,1.3125,0.040868222442193916,620,"Well ,it had to end sometime..."
2338,598,11,38,143,192,1.3125,0.04153009905357379,620,"Or,we could switch a few votes in Ohio and Michigan…"
767,598,11,38,143,192,1.3125,0.04153009905357379,620,They decided upstairs that this would be more fun than the Four Horsemen scenario.
2103,598,9,42,141,192,1.3125,0.040195448545446454,620,"It's a metaphor, I think."
1962,598,17,26,149,192,1.3125,0.04529872247966495,620,He’s auditioning to become Trump’s new EPA Administrator.
1559,598,13,34,145,192,1.3125,0.042823173294720566,620,"Joke's on the creationist, it's full of lava"
1528,598,11,38,143,192,1.3125,0.04153009905357379,620,Believe me; it's not candy that comes out.
1242,598,8,44,140,192,1.3125,0.03951122070949751,620,And people think money makes the world go round.
904,598,14,32,146,192,1.3125,0.043455283831137004,620,See no evil..
324,598,9,42,141,192,1.3125,0.040195448545446454,620,Believe me Gabriel you don’t want what’s gonna fall out.
2164,598,12,36,144,192,1.3125,0.04218159135469713,620,And that's how we lost the dinosaurs
2536,615,15,29,146,190,1.3105263157894738,0.04436467801309128,620,It’s mostly made of water.
4552,615,11,37,142,190,1.3105263157894738,0.041778528995857114,620,That's the problem with the cross handed grip.
4901,615,13,33,144,190,1.3105263157894738,0.04309100915656849,620,Any day now.
4482,615,15,29,146,190,1.3105263157894738,0.04436467801309128,620,He'd better stand back cause I hear it's full of crap.
4298,615,18,23,149,190,1.3105263157894738,0.04620940415993219,620,Just a few degrees higher and it’s all over.
3286,615,13,33,144,190,1.3105263157894738,0.04309100915656849,620,Nothing good is going to come out of it.
2495,615,8,43,139,190,1.3105263157894738,0.039728593071577306,620,I guess Karma's blind.
532,615,13,33,144,190,1.3105263157894738,0.04309100915656849,620,The last time someone hit that thing we had the Cretaceous die-off.
1961,615,10,39,141,190,1.3105263157894738,0.04110657724161398,620,"I gather he's never seen ""It's a Wonderful Life"""
1676,615,13,33,144,190,1.3105263157894738,0.04309100915656849,620,He’s trying to knock some sense into them ... before it’s too late!
1667,615,12,35,143,190,1.3105263157894738,0.042439843043943645,620,They thought it was bad when Atlas shrugged . . .
1526,615,12,35,143,190,1.3105263157894738,0.042439843043943645,620,He can’t make it any worse.
151,615,12,35,143,190,1.3105263157894738,0.042439843043943645,620,It’s a performance piece explaining Trump’s foreign policy.
2145,615,10,39,141,190,1.3105263157894738,0.04110657724161398,620,"Don't worry, with everything else going on down there, they won't even notice."
4929,629,12,34,142,188,1.3085106382978724,0.04270226476623644,620,We'll just say it was a meteor again.
4902,629,12,34,142,188,1.3085106382978724,0.04270226476623644,620,You wouldn't believe how high I had to fly to tie the other end
3850,629,9,40,139,188,1.3085106382978724,0.040654834101996176,620,The asteroid worked better.
3768,629,13,32,143,188,1.3085106382978724,0.04336326451733925,620,That time we called it the Big Bang.
3424,629,10,38,140,188,1.3085106382978724,0.041348577113315604,620,Do you think this is why we weren't given a halo?
534,629,13,32,143,188,1.3085106382978724,0.04336326451733925,620,So there's hot lava cake inside?
1070,629,12,34,142,188,1.3085106382978724,0.04270226476623644,620,"Last time, he got the dinosaurs."
434,629,11,36,141,188,1.3085106382978724,0.04203087106795174,620,We're celebrating Earth Day.
1178,629,11,36,141,188,1.3085106382978724,0.04203087106795174,620,"And it is filled with coal, asbestos and Necco wafers."
4196,638,7,44,138,189,1.306878306878307,0.03905656602383079,620,And they think global warming's a big deal?
2181,639,11,35,140,186,1.3064516129032258,0.04228721560974975,620,Better to make it quick and painless than letting Trump drag it out.
1045,639,14,29,143,186,1.3064516129032258,0.04430097651665099,620,This is the fairest way to decide where disaster strikes.
31,639,12,33,141,186,1.3064516129032258,0.042968956733824275,620,"If he hits it, everyone who thinks they’re the center of the universe will fall out."
813,639,15,27,144,186,1.3064516129032258,0.04495218747843827,620,You get bonus points if you hit Trump Tower or Mar-a-lago!
3641,643,10,35,135,180,1.3055555555555556,0.042498929933016086,620,Who knew the end of the world could be so random.
2331,644,11,34,139,184,1.3043478260869565,0.04254765532856652,620,"And, so, the world turns."
4938,644,12,32,140,184,1.3043478260869565,0.04324002203053405,620,It's filled with regret.
4564,644,11,34,139,184,1.3043478260869565,0.04254765532856652,620,I can't wait to see the look on his face when he finds out it's filled with molten iron
3349,644,11,34,139,184,1.3043478260869565,0.04254765532856652,620,The only rule is not to flood it with water.
2942,644,11,34,139,184,1.3043478260869565,0.04254765532856652,620,It's filled with supermarket plastic bags and plastic straws
2928,644,14,28,142,184,1.3043478260869565,0.0445925169471989,620,I hear the place is going to hell.
2790,644,11,34,139,184,1.3043478260869565,0.04254765532856652,620,"Nice try, but Mother Nature bats last!"
2760,644,8,40,136,184,1.3043478260869565,0.04039942301853788,620,Remember when we killed all those dinosaurs at Reggie's birthday party 65 million years ago?
2757,644,11,34,139,184,1.3043478260869565,0.04254765532856652,620,How else are you going to spend an eternity?
2677,644,9,38,137,184,1.3043478260869565,0.041127969941067405,620,Watch this......it is filled with hot lava.
2641,644,10,36,138,184,1.3043478260869565,0.041843833986812434,620,"It's a game, right?"
2137,644,11,34,139,184,1.3043478260869565,0.04254765532856652,620,"I heard if it breaks, the Presidency goes to Bernie."
2508,644,16,24,144,184,1.3043478260869565,0.04590518086416142,620,"Well, how did you think we keep in spinning?"
1933,644,6,44,134,184,1.3043478260869565,0.03890141794003938,620,This may be why we don’t have halos
123,644,8,40,136,184,1.3043478260869565,0.04039942301853788,620,"He hasn't scored a direct hit yet, but Hawaii is definitely feeling it."
399,644,11,34,139,184,1.3043478260869565,0.04254765532856652,620,What are we celebrating?
411,644,8,40,136,184,1.3043478260869565,0.04039942301853788,620,He messed up Pangea pretty bad on his last birthday.
660,644,14,28,142,184,1.3043478260869565,0.0445925169471989,620,"He was known as ""Pruitt""  before he arrived here. I'm told he had a real passion for this."
698,644,8,40,136,184,1.3043478260869565,0.04039942301853788,620,"The Boss doesn't care when he misses, but I think if he says ""Damn"" once more he's outta here""."
714,644,13,30,141,184,1.3043478260869565,0.04392147579992783,620,Trump taught us the game - but he plays without the blindfold.
252,644,10,36,138,184,1.3043478260869565,0.041843833986812434,620,Can he pitch?
960,644,12,32,140,184,1.3043478260869565,0.04324002203053405,620,"The last time he connected, Trump won."
1042,644,12,32,140,184,1.3043478260869565,0.04324002203053405,620,Looks like it's gonna be a really big bang.
1135,644,14,28,142,184,1.3043478260869565,0.0445925169471989,620,"Global warming. Hurricanes. Famine. If there's any candy in there, I wouldn't eat it..."
2134,644,12,32,140,184,1.3043478260869565,0.04324002203053405,620,Is this your first hurricane party?
1585,644,13,30,141,184,1.3043478260869565,0.04392147579992783,620,God is NOT going to be happy if we break it
744,644,11,34,139,184,1.3043478260869565,0.04254765532856652,620,"He's been this way since Trump was elected"""
2498,671,9,37,135,181,1.3038674033149171,0.04156517762166635,620,They’ll figure out the Big Bang. They just won’t know how it really happened.
2785,671,14,27,140,181,1.3038674033149171,0.04510654898954078,620,"If he connects, Trump can blame it on the Mexicans."
2913,671,12,31,138,181,1.3038674033149171,0.043724433139101695,620,"It's a non-diluvian alternative for a reboot."""
3234,671,12,31,138,181,1.3038674033149171,0.043724433139101695,620,"Well, if he ever does connect, there's going to be hell to pay"
3775,671,11,33,137,181,1.3038674033149171,0.043016725806722445,620,We're nowhere near as good at this game as the people who still live there.
3572,671,10,35,136,181,1.3038674033149171,0.04229717892396261,620,He's never been a people person.
4636,671,9,37,135,181,1.3038674033149171,0.04156517762166635,620,"In the beginning it was paradise, now it’s a tear down."
4810,671,12,31,138,181,1.3038674033149171,0.043724433139101695,620,High and inside again! He's going to get sent down.
2160,671,15,25,141,181,1.3038674033149171,0.0457819627795803,620,He hit it pretty good in the 2016 election.
3274,671,15,25,141,181,1.3038674033149171,0.0457819627795803,620,Do you ever wonder what the better angels do at parties?
2005,671,12,31,138,181,1.3038674033149171,0.043724433139101695,620,"It's hopelessly infested with a virus, so we thought we'd have a little fun before we recycle it."
2735,671,10,35,136,181,1.3038674033149171,0.04229717892396261,620,He’s been at it for six days. He needs to give it a rest.
1781,671,13,29,139,181,1.3038674033149171,0.044420866803123155,620,'Wouldn't this make more sense if we had the capacity for irony?'
1876,671,10,35,136,181,1.3038674033149171,0.04229717892396261,620,"Oh, my!  We can't allow a ""leftie"" to demolish the world!"
143,671,11,33,137,181,1.3038674033149171,0.043016725806722445,620,I still think that humanity will break it before we do.
739,671,13,29,139,181,1.3038674033149171,0.044420866803123155,620,"More of our Mexican traditions we can keep up, less chance Trump will try to get in."
792,671,11,33,137,181,1.3038674033149171,0.043016725806722445,620,And they think the weather change is from fossil fuels.
1179,671,13,29,139,181,1.3038674033149171,0.044420866803123155,620,"After the latest EPA pull backs, I'm not touching that candy!"
381,671,10,35,136,181,1.3038674033149171,0.04229717892396261,620,Maybe this'll knock some sense into them.
1557,671,7,41,133,181,1.3038674033149171,0.040061069410471384,620,This shouldn’t take long. It’s already cracked.
1574,671,11,33,137,181,1.3038674033149171,0.043016725806722445,620,Hope he doesn't succeed. No telling what pollution we'll be exposed to.
1725,671,10,35,136,181,1.3038674033149171,0.04229717892396261,620,They think those Earth quakes are random
1255,671,8,39,134,181,1.3038674033149171,0.040820051892613264,620,"Well, at least they won't have to suffer through global warming."
125,671,12,31,138,181,1.3038674033149171,0.043724433139101695,620,"Your father said to trust your instincts, Luke."
3412,695,13,28,138,179,1.3016759776536313,0.044716270246592596,620,He thinks he’s Donald Trump
2687,695,8,38,133,179,1.3016759776536313,0.04105717149995751,620,Talk about catharsis.
2815,695,8,38,133,179,1.3016759776536313,0.04105717149995751,620,It's a good thing one second is like a million years.
3155,695,13,28,138,179,1.3016759776536313,0.044716270246592596,620,Wonder how long the chief will keep pulling it out of the way in the last second.
3189,695,12,30,137,179,1.3016759776536313,0.04400879600862112,620,"After the Flood Fiasco, we decided to try it this way."
3293,695,9,36,134,179,1.3016759776536313,0.04181461503128779,620,"Not only do they know about it, a surprising number of them are actually rooting for him."
3297,695,11,32,136,179,1.3016759776536313,0.04328976123161862,620,THINGS WERE EASIER WHEN IT WAS STILL FLAT.
3338,695,10,34,135,179,1.3016759776536313,0.04255857996753034,620,"I think it's called Earth, or something."
4215,695,9,36,134,179,1.3016759776536313,0.04181461503128779,620,If he only knew what it was filled with he wouldn't swing so hard!
3868,695,8,38,133,179,1.3016759776536313,0.04105717149995751,620,I'd be surprised if anything good came out of it.
3969,695,9,36,134,179,1.3016759776536313,0.04181461503128779,620,"Relax. Those twits will blame it all on global warming."""
4181,695,9,36,134,179,1.3016759776536313,0.04181461503128779,620,Apparently this variant holds way more candy than the original flat concept.
4296,695,13,28,138,179,1.3016759776536313,0.044716270246592596,620,"See, I told you climate change is not caused by human activity."
4794,695,11,32,136,179,1.3016759776536313,0.04328976123161862,620,I see Little Piñata Man is at it again.
4879,695,10,34,135,179,1.3016759776536313,0.04255857996753034,620,God got creative with the divine retribution.
4925,695,14,26,139,179,1.3016759776536313,0.04541272424556997,620,He's an anti-globalist.
2673,695,8,38,133,179,1.3016759776536313,0.04105717149995751,620,Picking up the pieces is hell.
3786,695,13,28,138,179,1.3016759776536313,0.044716270246592596,620,"Devil's advocates aren't welcome at this party, Gabe."
2581,695,14,26,139,179,1.3016759776536313,0.04541272424556997,620,Another Evangelical trying to bring on end-times
981,695,9,36,134,179,1.3016759776536313,0.04181461503128779,620,We told him if he hits it he can keep it
2366,695,13,28,138,179,1.3016759776536313,0.044716270246592596,620,"Well, yeah. It WAS a donkey until the 2016 election."
26,695,12,30,137,179,1.3016759776536313,0.04400879600862112,620,You think he knows it's filled with molten rock?
446,695,12,30,137,179,1.3016759776536313,0.04400879600862112,620,You think Lucifer will get in trouble for this?
470,695,11,32,136,179,1.3016759776536313,0.04328976123161862,620,I can't see how this will make Earth great again.
561,695,10,34,135,179,1.3016759776536313,0.04255857996753034,620,I can’t believe he played for the Angels!
1083,695,8,38,133,179,1.3016759776536313,0.04105717149995751,620,"I was hoping for Mars, better candy..."
2516,695,11,32,136,179,1.3016759776536313,0.04328976123161862,620,God is from Mexico. Didn't you know?
1376,695,6,42,131,179,1.3016759776536313,0.03949873332527477,620,"I don't know about you, but I'm not eating anything that comes out of there."
1400,695,9,36,134,179,1.3016759776536313,0.04181461503128779,620,I didn’t think he’d take it literally when I told him that divine intervention is hit-and-miss.
1224,695,12,30,137,179,1.3016759776536313,0.04400879600862112,620,What exactly is the theme for this party?
1660,695,10,34,135,179,1.3016759776536313,0.04255857996753034,620,As if he could do anymore damage.....
1822,695,14,26,139,179,1.3016759776536313,0.04541272424556997,620,So much for the moon.
1924,695,9,36,134,179,1.3016759776536313,0.04181461503128779,620,"You know they play the same game downstairs, just without the blindfold?  There’s a metaphor in there somewhere."
1942,695,14,26,139,179,1.3016759776536313,0.04541272424556997,620,"Five bucks if you say' ""Use the Force."""
2000,695,14,26,139,179,1.3016759776536313,0.04541272424556997,620,"He thinks there's candy, but it's just full of idiots."
2076,695,11,32,136,179,1.3016759776536313,0.04328976123161862,620,He is being traded to the Angels next season .
2178,695,13,28,138,179,1.3016759776536313,0.044716270246592596,620,Looks like the Angles have no hitting again this season.
2193,695,10,34,135,179,1.3016759776536313,0.04255857996753034,620,"We used to use an aluminum bat, but Gabriel's first swing wiped out the dinosaurs."
1610,695,10,34,135,179,1.3016759776536313,0.04255857996753034,620,Do you think he can take out Trump and Kim Jong UN with one swing.
4187,734,10,34,136,180,1.3,0.042354655255943036,620,Isn't there a less drastic way to rid the universe of Trump?
2717,735,12,29,136,177,1.2994350282485876,0.0442979909536576,620,I feel like Justice would have hit it on the first swing.
4248,735,10,33,134,177,1.2994350282485876,0.04282416761309878,620,Wait ‘til he finds out it’s filled with nuts.
3947,735,12,29,136,177,1.2994350282485876,0.0442979909536576,620,The guy at the store promised me this brand has no intelligent life.
3531,735,12,29,136,177,1.2994350282485876,0.0442979909536576,620,It's filled with sinners.
2857,735,8,37,132,177,1.2994350282485876,0.04129778033961663,620,"Last time we played, the dinosaurs went extinct."
1800,735,11,31,135,177,1.2994350282485876,0.04356731191091039,620,Last time it was filled with Dinosaurs!
4920,735,13,27,137,177,1.2994350282485876,0.045016811725377734,620,Tell Pete we’re gonna need extra staff at the Gates.
783,735,9,35,133,177,1.2994350282485876,0.04206789745598183,620,It's not what it used to be; we're thinking of doing away with the blindfold
633,735,10,33,134,177,1.2994350282485876,0.04282416761309878,620,God gave us the pinata as a sign he would never destroy the earth with water again.
546,735,12,29,136,177,1.2994350282485876,0.0442979909536576,620,"He already promised He wouldn’t do the ark thing again, so we had to get creative"
504,735,11,31,135,177,1.2994350282485876,0.04356731191091039,620,Imagine how bad the weather would be if he actually managed to hit the thing.
473,735,10,33,134,177,1.2994350282485876,0.04282416761309878,620,"Last birthday, he cracked it open and a bunch of dinosaurs fell out."
1452,735,14,25,138,177,1.2994350282485876,0.045724333492199565,620,Gonna be Hell to pay if the Boss discovers we used his creation as as a piñata
3156,748,6,40,128,174,1.2988505747126438,0.04012296316462072,620,Time to let them know that they are not  alone.
4527,749,8,36,131,175,1.2971428571428572,0.04154194328436534,620,We started from a flat model but then we wanted to secure the edges and add more spin
4235,749,7,38,130,175,1.2971428571428572,0.040743730890158265,620,"That's Casey; he was smug on Earth, too."
2131,749,12,28,135,175,1.2971428571428572,0.044592138677221865,620,"Chariot's sweet, but he swings low."
2342,749,14,24,137,175,1.2971428571428572,0.046041521714558546,620,"I hear it’s filled with hate, anger, despair, and distrust. What are you hoping for?"
1379,749,12,28,135,175,1.2971428571428572,0.044592138677221865,620,"$2 a swing... the new EPA ""fundraiser""..."
1021,749,14,24,137,175,1.2971428571428572,0.046041521714558546,620,You should have seen what got Lucifer kicked out.
827,749,12,28,135,175,1.2971428571428572,0.044592138677221865,620,When the earth was the center of the universe this game was way easier.
413,749,10,32,133,175,1.2971428571428572,0.04309403603545398,620,With swings like that this will take an eternity.
1460,749,11,30,134,175,1.2971428571428572,0.04384948559352545,620,"They were way past their worst-by date, anyway."
1601,758,9,34,133,176,1.2954545454545454,0.042117786151120835,620,It's just an exercise in blind faith.
2904,759,12,27,134,173,1.2947976878612717,0.04489136336319758,620,Don’t sweat it. It will self destruct shortly anyway.
4805,759,8,35,130,173,1.2947976878612717,0.041789725580624264,620,"having promised to never again flood the Earth, God let the angels get creative."
4092,759,12,27,134,173,1.2947976878612717,0.04489136336319758,620,End of life is always a hit or miss situation.
3689,759,7,37,129,173,1.2947976878612717,0.04097765035941169,620,We can't do any more harm to the earth than they are doing down there.
3618,759,13,25,135,173,1.2947976878612717,0.04563384533142399,620,Nobody's hit it since we stopped admitting Mexicans.
3421,759,11,29,133,173,1.2947976878612717,0.04413639280096357,620,"He's good, last time we played he caused 2 earthquakes and  a tsunami in one shot"""
3275,759,7,37,129,173,1.2947976878612717,0.04097765035941169,620,"If Gabriel doesn't get to go first, he acts like it's the end of the world."
3142,759,11,29,133,173,1.2947976878612717,0.04413639280096357,620,This explains a lot
2643,759,12,27,134,173,1.2947976878612717,0.04489136336319758,620,Michael is SO going to hell for this.
2484,759,11,29,133,173,1.2947976878612717,0.04413639280096357,620,And they think an asteroid killed the dinosaurs..
1026,759,13,25,135,173,1.2947976878612717,0.04563384533142399,620,I call Hawaii.
2398,759,8,35,130,173,1.2947976878612717,0.041789725580624264,620,Everyone thinks this is the best option.
2379,759,11,29,133,173,1.2947976878612717,0.04413639280096357,620,"Ah so it ends as it began. Not with a whimper but with a bang"""
2201,759,12,27,134,173,1.2947976878612717,0.04489136336319758,620,Ha! They think they have a few billion years left.
2191,759,13,25,135,173,1.2947976878612717,0.04563384533142399,620,And the people who live there call it wind.  When we hit it they call it an earthquake.
2003,759,11,29,133,173,1.2947976878612717,0.04413639280096357,620,He hasn't got a prayer
1470,759,7,37,129,173,1.2947976878612717,0.04097765035941169,620,"Oh, it's full of something all right, but it ain't candy..."
1414,759,13,25,135,173,1.2947976878612717,0.04563384533142399,620,I can’t Wait to see how the scientists explain this one
2600,759,8,35,130,173,1.2947976878612717,0.041789725580624264,620,Last week he caused an 8 on the Richter scale.
134,759,10,31,132,173,1.2947976878612717,0.04336828143188591,620,Last time he killed the dinosaurs.
1946,779,11,28,131,170,1.2941176470588236,0.04465675942615504,620,Can we please unblind Justice?
2943,779,10,30,130,170,1.2941176470588236,0.043870405949469046,620,"That's why the odds are ten billion to one - "" no one knows the day or the hour.""   You in?"
53,779,13,24,133,170,1.2941176470588236,0.04618932182868723,620,"Last time we played this, Trump won the election!"
2978,782,7,35,126,168,1.2916666666666667,0.04166666666666666,620,I guess this spells the end of the Meuller investigation.
2566,782,8,33,127,168,1.2916666666666667,0.042513493276144954,620,At least it’s better than last year when we bowled with it.
2831,782,8,33,127,168,1.2916666666666667,0.042513493276144954,620,What?  You'd prefer another flood?
4708,782,9,31,128,168,1.2916666666666667,0.043343778215224095,620,This is faster than fracking for them. Plus it's more fun for us!
3589,782,7,35,126,168,1.2916666666666667,0.04166666666666666,620,"Well, I'll be. I always though it was God bowling that caused thunder."
2540,782,11,27,130,168,1.2916666666666667,0.04495837084270246,620,"Don't worry. Trump will be here soon, and he can do it."
3816,782,15,19,134,168,1.2916666666666667,0.0480249841910313,620,After this we'll play pin-the-tail-on-Uranus.
4524,782,11,27,130,168,1.2916666666666667,0.04495837084270246,620,It looks like blind is taking a swing at deaf and dumb.
4610,782,11,27,130,168,1.2916666666666667,0.04495837084270246,620,Donald Trump's Spirit Guide.
4647,782,14,21,133,168,1.2916666666666667,0.04727698284703767,620,"Is this evidence of Divine Intervention,or just the Trump Effect?"
3605,782,11,27,130,168,1.2916666666666667,0.04495837084270246,620,"In the end, it just got too difficult to deal with."
2504,782,10,29,129,168,1.2916666666666667,0.04415845456308731,620,At this rate were going to be here forever
1567,782,7,35,126,168,1.2916666666666667,0.04166666666666666,620,It took seven days to make that.
2404,782,10,29,129,168,1.2916666666666667,0.04415845456308731,620,It was going to burn up anyway.
318,782,10,29,129,168,1.2916666666666667,0.04415845456308731,620,Jupiter was too easy.
815,782,13,23,132,168,1.2916666666666667,0.04651695505608017,620,"Similar, but this one is called a Trumpata."
990,782,10,29,129,168,1.2916666666666667,0.04415845456308731,620,Ha! And they were all  sure it would be a nuclear holocaust.
1193,782,8,33,127,168,1.2916666666666667,0.042513493276144954,620,"The Lord just heard that ""World On A String"" song and it gave him an idea."
236,782,9,31,128,168,1.2916666666666667,0.043343778215224095,620,Oh look. White guys are destroying the world. What else is new?
1298,782,8,33,127,168,1.2916666666666667,0.042513493276144954,620,"I've always said, ""it's a small world""."
2123,782,8,33,127,168,1.2916666666666667,0.042513493276144954,620,There may be some lingering resentment.
2126,782,13,23,132,168,1.2916666666666667,0.04651695505608017,620,"Ha ha! Climate change theory, good one!"
2378,782,14,21,133,168,1.2916666666666667,0.04727698284703767,620,New game. Got it from Trump. It’s called diplomacy.
1211,782,8,33,127,168,1.2916666666666667,0.042513493276144954,620,"Yes, we are 'Angels in the Outfield'."
2419,782,13,23,132,168,1.2916666666666667,0.04651695505608017,620,"The last time somebody hit it, Trump was elected."
314,807,9,30,127,166,1.2891566265060241,0.04362226334515639,620,"This game is way more fun than ""Pin the Tail on Uranus."""
472,807,10,28,128,166,1.2891566265060241,0.044451335294701314,620,It brings fairness to earthquake location.
2804,807,13,22,131,166,1.2891566265060241,0.046850605757720036,620,"If he hits it, all Hell will break loose."
2822,807,9,30,127,166,1.2891566265060241,0.04362226334515639,620,"If you hit it right on Mexico, candy comes out. But if you hit Russia, all you get are a bunch of hacked emails."
2081,811,7,32,121,160,1.2875,0.04287936493357752,620,¨This is for all of the flat-earthers out there.¨
2527,812,10,27,127,164,1.2865853658536586,0.04474915864064111,620,At least we're not pinning a real tail on a real donkey again.
4612,812,7,33,124,164,1.2865853658536586,0.042166777227855064,620,"Humans started asking questions, but then Dave came up with the tectonic plate thing."
4336,812,7,33,124,164,1.2865853658536586,0.042166777227855064,620,That explains earthquakes.
3235,812,9,29,126,164,1.2865853658536586,0.043905244560963654,620,It’s more fun than meteors.
3039,812,11,25,128,164,1.2865853658536586,0.04557744944742412,620,He is just global warming up.
1575,812,11,25,128,164,1.2865853658536586,0.04557744944742412,620,"Frankly, I like this better than the long questionnaire"""
921,812,9,29,126,164,1.2865853658536586,0.043905244560963654,620,The irony is it's empty....
645,812,8,31,125,164,1.2865853658536586,0.04304478831253317,620,I hear the book has a different ending.
509,812,6,35,123,164,1.2865853658536586,0.041270090897601856,620,The last time it was dinosaurs - I can't wait to see what we get this time!
271,812,10,27,127,164,1.2865853658536586,0.04474915864064111,620,it was more fun when it was on Atlas' shoulders
1285,812,10,27,127,164,1.2865853658536586,0.04474915864064111,620,Cheese was in their moon. What do you bet this one is only filled with hot air.
2891,823,10,26,125,161,1.2857142857142858,0.0452979880304808,620,We got the idea from the G-7 conference!
2985,823,12,22,127,161,1.2857142857142858,0.04698071117719667,620,Couldn't we just have candy whenever we want it?
3146,823,6,34,121,161,1.2857142857142858,0.04172947056216268,620,"If he hits it, all hell's gonna break loose."
3301,823,7,32,122,161,1.2857142857142858,0.04264960099404445,620,It’s fair.  They can’t see us either.
3335,823,6,34,121,161,1.2857142857142858,0.04172947056216268,620,Whack! Seven days' work down the drain.
3440,823,7,32,122,161,1.2857142857142858,0.04264960099404445,620,"Stand back.  If that thing breaks, all Hell's gonna break loose."
4209,823,10,26,125,161,1.2857142857142858,0.0452979880304808,620,Is he practicing for an EPA interview?
3883,823,13,20,128,161,1.2857142857142858,0.047799863747378685,620,"Last time we played, Trump ended up President."
4356,823,9,28,124,161,1.2857142857142858,0.04443273532044575,620,Better hit it soon before they blow themselves up.
4401,823,12,22,127,161,1.2857142857142858,0.04698071117719667,620,"It ain't over 'til...well, eternity!"""
4907,823,9,28,124,161,1.2857142857142858,0.04443273532044575,620,I’ve heard it’s stuffed with Dum Dums.
4958,823,11,24,126,161,1.2857142857142858,0.04614702017641418,620,We're trying out some new entertainment ideas for members of the Trump Administration.
2528,823,6,34,121,161,1.2857142857142858,0.04172947056216268,620,You cleared this up upstairs?
3706,823,8,30,123,161,1.2857142857142858,0.04355029525162823,620,"He just got passed over for the head of the EPA, Trump wanted someone with a better swing."
2308,823,10,26,125,161,1.2857142857142858,0.0452979880304808,620,The trick is to hit it on a fault line.
336,823,8,30,123,161,1.2857142857142858,0.04355029525162823,620,"It may be fun, but we have to pick up the pieces."
1699,823,12,22,127,161,1.2857142857142858,0.04698071117719667,620,Let's pray they won't know what hit them.
221,823,8,30,123,161,1.2857142857142858,0.04355029525162823,620,"Yeah, we had to make it round to fit the candy inside, the original is actually flat."
361,823,9,28,124,161,1.2857142857142858,0.04443273532044575,620,Next we're playing pin the tail on the comet.
389,823,8,30,123,161,1.2857142857142858,0.04355029525162823,620,It was the only way to make it fair.
582,823,9,28,124,161,1.2857142857142858,0.04443273532044575,620,I take it we're not the 'better angels'  Lincoln spoke about.
2121,823,10,26,125,161,1.2857142857142858,0.0452979880304808,620,"If it weren't for this obsession of His, there would be more planets."
775,823,11,24,126,161,1.2857142857142858,0.04614702017641418,620,We should have let Babe Ruth do this.
776,823,14,18,129,161,1.2857142857142858,0.048605212949032146,620,It's how we explain global warming to conservative Christians
474,823,7,32,122,161,1.2857142857142858,0.04264960099404445,620,"When he hits it, we'll all get Starbursts and MilkyWays."
971,823,8,30,123,161,1.2857142857142858,0.04355029525162823,620,"Believe it or not, he was the Angels' best hitter..."
1036,823,9,28,124,161,1.2857142857142858,0.04443273532044575,620,I thought we were supposed to be guardians...
1232,823,9,28,124,161,1.2857142857142858,0.04443273532044575,620,I’m just not sure the new Activities Director gets what we’re about here.
1277,823,9,28,124,161,1.2857142857142858,0.04443273532044575,620,We figure it's just faster this way.
1437,823,12,22,127,161,1.2857142857142858,0.04698071117719667,620,"I’m worried about Gabriel, Peter."
1552,823,9,28,124,161,1.2857142857142858,0.04443273532044575,620,It worked with Mars.
917,823,8,30,123,161,1.2857142857142858,0.04355029525162823,620,Bone spurs kept him out of the Bigs...
4251,855,7,31,120,158,1.2848101265822784,0.04314845601854772,620,I prefer Frank Sinatra's version.
3200,856,9,28,125,162,1.2839506172839505,0.04419281407390758,620,Six days to create . Three minutes to destroy .
4173,857,11,23,125,159,1.2830188679245282,0.046476070349953214,620,I think if we really want to destroy it we should just elect trump again
3939,857,10,25,124,159,1.2830188679245282,0.04561155137981816,620,This isn't even the biggest risk they face.
4001,857,7,31,121,159,1.2830188679245282,0.042913624078767434,620,4.5 billion years of this and the last time he got close was the Mesozoic era
4020,857,6,33,120,159,1.2830188679245282,0.04197579821365831,620,You know if you break it you open Pandora's Box.
4057,857,10,25,124,159,1.2830188679245282,0.04561155137981816,620,At times like this I choke up.
4145,857,8,29,122,159,1.2830188679245282,0.04383138860991945,620,You're sure they don't care what happens to it?
4199,857,8,29,122,159,1.2830188679245282,0.04383138860991945,620,"The newbies never win, the Boss keeps pulling up the string"
4710,857,8,29,122,159,1.2830188679245282,0.04383138860991945,620,When it breaks can we get a new one?
4405,857,6,33,120,159,1.2830188679245282,0.04197579821365831,620,Luckily for earth his batting average is 0.071.
4428,857,11,23,125,159,1.2830188679245282,0.046476070349953214,620,"The Republican Party donated it in a fund-raiser."""
4492,857,9,27,123,159,1.2830188679245282,0.04473032666294518,620,And they thought it was about the science
4573,857,9,27,123,159,1.2830188679245282,0.04473032666294518,620,"Choke up, it's tilted on axis."
4693,857,11,23,125,159,1.2830188679245282,0.046476070349953214,620,If any immigrants fall out they get to stay in America.
4699,857,7,31,121,159,1.2830188679245282,0.042913624078767434,620,"We tried mars, but the dust got EVERYWHERE"
3685,857,12,21,126,159,1.2830188679245282,0.04732479911287324,620,It just feels like he’s aiming for America.
4328,857,11,23,125,159,1.2830188679245282,0.046476070349953214,620,I can never tell the difference between microaggression and healthy anger.
3373,857,10,25,124,159,1.2830188679245282,0.04561155137981816,620,It has been a while since the last big bang.
2901,857,8,29,122,159,1.2830188679245282,0.04383138860991945,620,"It used to be fun; now, all that falls out is plastic."
2934,857,8,29,122,159,1.2830188679245282,0.04383138860991945,620,Probably dollar store candy anyway.
297,857,7,31,121,159,1.2830188679245282,0.042913624078767434,620,Cut him some slack - he was a pitcher in the American League.
3241,857,6,33,120,159,1.2830188679245282,0.04197579821365831,620,Let’s just say it won’t be candy.
610,857,10,25,124,159,1.2830188679245282,0.04561155137981816,620,This game would be more fun if it didn't remind me of the Trump administration.
641,857,5,35,119,159,1.2830188679245282,0.04101653495571941,620,"Is this really how the dinosaurs became extinct?"""
654,857,10,25,124,159,1.2830188679245282,0.04561155137981816,620,It's chock full of nuts.
1362,857,8,29,122,159,1.2830188679245282,0.04383138860991945,620,I think He is delegating too much.
1395,857,9,27,123,159,1.2830188679245282,0.04473032666294518,620,"The flat earth piñata didn't hold water, let alone candy."
334,857,9,27,123,159,1.2830188679245282,0.04473032666294518,620,The weirdest part is candy still comes out.
1908,857,9,27,123,159,1.2830188679245282,0.04473032666294518,620,This is a strange way to celebrate Earth Day.
1998,857,8,29,122,159,1.2830188679245282,0.04383138860991945,620,He did promise not to do the whole flood thing again
2097,857,9,27,123,159,1.2830188679245282,0.04473032666294518,620,Who will Trump blame when it breaks?
2490,857,10,25,124,159,1.2830188679245282,0.04561155137981816,620,All hell will break lose if he ever hits that thing .
2877,857,11,23,125,159,1.2830188679245282,0.046476070349953214,620,Hell if I know.
2878,857,10,25,124,159,1.2830188679245282,0.04561155137981816,620,Something tells me this won't end well.
1543,857,9,27,123,159,1.2830188679245282,0.04473032666294518,620,"Sure, there are Smarties and Tootsie Rolls, but mostly it is filled with trepidation."
4967,891,11,22,123,156,1.2820512820512822,0.047077424037440446,620,"With a miss like that, you'd think it was flat."
4130,892,6,33,121,160,1.28125,0.04175011298143113,620,Any thoughts or prayers before we start?
3017,893,8,28,121,157,1.2802547770700636,0.04411689491370177,620,Funny how they think global warming is a threat.
3216,893,8,28,121,157,1.2802547770700636,0.04411689491370177,620,"That's what it always felt like, but I never realized that was what was actually happening"
3731,893,7,30,120,157,1.2802547770700636,0.043181490241751705,620,Gabriel is having some fun before it goes to hell.
3796,893,10,24,123,157,1.2802547770700636,0.04593058949635656,620,They got tired of whack-a-mole.
3986,893,8,28,121,157,1.2802547770700636,0.04411689491370177,620,I hope he nails it  .  .  .  it's gooey inside.
4496,893,10,24,123,157,1.2802547770700636,0.04593058949635656,620,"Don't worry, they'll never know what hit them."
4566,893,10,24,123,157,1.2802547770700636,0.04593058949635656,620,"Bro, the humans are much better at this 'destroy the world' game"
4599,893,8,28,121,157,1.2802547770700636,0.04411689491370177,620,Climate change takes too long.
4668,893,8,28,121,157,1.2802547770700636,0.04411689491370177,620,These parties tend to fizzle after the big bang.
2357,893,9,26,122,157,1.2802547770700636,0.04503287392732904,620,He's not the first sightless superpower to take a swing at the whole world and miss the everything!
4082,893,14,16,127,157,1.2802547770700636,0.04935844730940438,620,"We can’t hit, catch, or pitch, so we’ll have to use our powers."
2334,893,11,22,124,157,1.2802547770700636,0.04681109236934048,620,I bet Trump will try to keep everything for himself
4111,893,12,20,125,157,1.2802547770700636,0.047675336245684034,620,First one to hit Trump wins!
1976,893,8,28,121,157,1.2802547770700636,0.04411689491370177,620,The hard part is hitting it before it self explodes...
437,893,9,26,122,157,1.2802547770700636,0.04503287392732904,620,Dibs on Sweden.
535,893,12,20,125,157,1.2802547770700636,0.047675336245684034,620,He couldn't hit a ball on earth either.
615,893,7,30,120,157,1.2802547770700636,0.043181490241751705,620,They stopped appealing to our better angels
751,893,8,28,121,157,1.2802547770700636,0.04411689491370177,620,Don't blame me.  I voted to let more women in.
764,893,8,28,121,157,1.2802547770700636,0.04411689491370177,620,Even in Heaven he still can't hit a curve ball.
807,893,10,24,123,157,1.2802547770700636,0.04593058949635656,620,Perhaps it’s time we rethink that ban on performance enhancing drugs.
2059,893,13,18,126,157,1.2802547770700636,0.048524189879555334,620,This is the way the world ends.  Not with a bang but a dum dum.
979,893,11,22,124,157,1.2802547770700636,0.04681109236934048,620,"Don't the people down there realize that there are no ""natural"" disasters?"
1031,893,11,22,124,157,1.2802547770700636,0.04681109236934048,620,Maybe we should tell him about the lava inside.
1220,893,8,28,121,157,1.2802547770700636,0.04411689491370177,620,The last time we played this we made Hawaii.
1397,893,8,28,121,157,1.2802547770700636,0.04411689491370177,620,Now I know why he wanted the world on a string!
1586,893,8,28,121,157,1.2802547770700636,0.04411689491370177,620,Remember when we thought there was global warming?
1860,893,9,26,122,157,1.2802547770700636,0.04503287392732904,620,Knock the hell of it!
897,893,14,16,127,157,1.2802547770700636,0.04935844730940438,620,It has more to fear from Trump.
4720,921,7,28,116,151,1.2781456953642385,0.04423391604509388,620,The shot heard round the world can't compete with this.
4965,922,8,27,120,155,1.2774193548387096,0.04440688951836282,620,The dinosaurs disappeared the last time he hit it.
4540,922,5,33,117,155,1.2774193548387096,0.0414802398138193,620,Can you believe it’s been about sixty six million years since the last piñata party?
4095,922,9,25,121,155,1.2774193548387096,0.045340478793870896,620,And this is how the world ends.
2802,922,9,25,121,155,1.2774193548387096,0.045340478793870896,620,They're both just warming up.
2449,922,8,27,120,155,1.2774193548387096,0.04440688951836282,620,"No rush, we got all eternity."
2953,922,10,23,122,155,1.2774193548387096,0.04625522887002971,620,"Rediculous, we all know REAL pinatas are flat..."
1824,922,12,19,124,155,1.2774193548387096,0.04803249482320878,620,If he breaks it there will be Hell to pay
1722,922,10,23,122,155,1.2774193548387096,0.04625522887002971,620,This might be a major game changer.
1292,922,9,25,121,155,1.2774193548387096,0.045340478793870896,620,"The ""Divine Intervention"" theme for this year's holiday party took a dark turn."
1140,922,8,27,120,155,1.2774193548387096,0.04440688951836282,620,A shower of stale hard candy and out of date chocolate is not the worst possible ending.
1100,922,11,21,123,155,1.2774193548387096,0.0471522361970268,620,"This was easier back when it was flat."""
811,922,10,23,122,155,1.2774193548387096,0.04625522887002971,620,Don't fool with Brother Nature!
587,922,8,27,120,155,1.2774193548387096,0.04440688951836282,620,"He's been swinging and missing for several millennia now."""
1896,922,5,33,117,155,1.2774193548387096,0.0414802398138193,620,"It's been 10,000 years. Can we have cake now?"
3140,936,7,28,117,152,1.2763157894736843,0.04398002535160598,620,The last time he hit it we got a bunch of dinosaurs.
3147,936,12,18,122,152,1.2763157894736843,0.04868197313822936,620,He apparently hated Geography.
3321,936,9,24,119,152,1.2763157894736843,0.04591861693702519,620,"If he gets any warmer, he's going to knock that ice cap right off the bottom--then all hell will break loose."
4308,936,8,26,118,152,1.2763157894736843,0.04495977096993022,620,"I know it seems unethical, but it is his birthday"
3099,936,8,26,118,152,1.2763157894736843,0.04495977096993022,620,We were going to fill it with candy but the ice caps kept melting into it.
4852,936,8,26,118,152,1.2763157894736843,0.04495977096993022,620,"Rumor is it's full of full of tears, disillusionment and Jolly Ranchers."
4877,936,9,24,119,152,1.2763157894736843,0.04591861693702519,620,"The sad part is, it's not even filled with candy. Just magma"
4957,936,6,30,116,152,1.2763157894736843,0.042977950790925666,620,It's a choice of either having some fun with it today or watching it self destruct tomorrow.
4964,936,6,30,116,152,1.2763157894736843,0.042977950790925666,620,Might as well have some fun before all Hell breaks loose.
4434,936,9,24,119,152,1.2763157894736843,0.04591861693702519,620,I think it’s for the best.
4899,936,6,30,116,152,1.2763157894736843,0.042977950790925666,620,The challenge is to smash it before it annihilates itself.
2885,936,7,28,117,152,1.2763157894736843,0.04398002535160598,620,He did much better with the Asteroid Throw a few eons ago.
2835,936,9,24,119,152,1.2763157894736843,0.04591861693702519,620,"Yes, I'm a bit surprised he ended up here, but I was totally shocked when he was elected President."""
875,936,7,28,117,152,1.2763157894736843,0.04398002535160598,620,And the humans think a meteorite killed the dinosaurs.
1198,936,8,26,118,152,1.2763157894736843,0.04495977096993022,620,We're trying to break its downward spiral.
1879,936,11,20,121,152,1.2763157894736843,0.04777861585364952,620,This is how the earth rotates.
2284,936,8,26,118,152,1.2763157894736843,0.04495977096993022,620,"George, stop, it's breaking apart on its own."
902,936,10,22,120,152,1.2763157894736843,0.04685784627092812,620,"It's quicker, more merciful this way."
2454,936,10,22,120,152,1.2763157894736843,0.04685784627092812,620,He'll hit it soon.  His name is Angel and he is Mexican.
2530,936,2,38,112,152,1.2763157894736843,0.03871111921947651,620,Expect a lot of water.
2630,936,13,16,123,152,1.2763157894736843,0.04956887011393301,620,It’s not like they can get any worse.
2738,936,8,26,118,152,1.2763157894736843,0.04495977096993022,620,"And on the eighth day, He LOADED it with Skittles."""
2435,936,10,22,120,152,1.2763157894736843,0.04685784627092812,620,This is taking longer to destroy than I would have guessed.
2859,936,7,28,117,152,1.2763157894736843,0.04398002535160598,620,Maybe we should just leave it at global warming
4404,960,11,19,120,150,1.2733333333333334,0.04813912227299142,620,And we thought the dinosaurs were surprised.
574,960,10,21,119,150,1.2733333333333334,0.04720052578733677,620,Last time he hit it all the dinosaurs fell off....
945,960,9,23,118,150,1.2733333333333334,0.04624288243598217,620,"Two hits, two volcanic eruptions. This guy is good."
1027,960,7,27,116,150,1.2733333333333334,0.04426548608975301,620,"The scouting report says he can’t hit the 70,000 mph curve ball"
1043,960,10,21,119,150,1.2733333333333334,0.04720052578733677,620,"I liked the ""pin the tail on the leader of the free world"" game better."
1310,960,9,23,118,150,1.2733333333333334,0.04624288243598217,620,Pin the Tail on Uranus is up next.
1467,960,10,21,119,150,1.2733333333333334,0.04720052578733677,620,Don’t worry. He hasn’t made a direct hit for over 65 million years.
1698,960,10,21,119,150,1.2733333333333334,0.04720052578733677,620,Couldn't he just sound the Last Trump instead?
4086,968,5,32,117,154,1.2727272727272727,0.04148250850951955,620,I’ll get to meet my great-grandkids.
1080,969,8,25,118,151,1.271523178807947,0.04500063755686408,620,Can we get him a bigger bat?
1469,969,6,29,116,151,1.271523178807947,0.04299368487374794,620,"Well, at least that should be enough to get hurricane season started."
2355,969,8,25,118,151,1.271523178807947,0.04500063755686408,620,"So hard to do without cursing."""
4571,969,12,17,122,151,1.271523178807947,0.04876738934499625,620,Great... now Heaven will be eternally stuck with all of those plastic bags and straws.
4570,973,7,26,115,148,1.2702702702702702,0.04455515926155409,620,And this is how we cause earthquakes.
2406,973,8,24,116,148,1.2702702702702702,0.04557511250868925,620,Somehow I thought it would be more serious up here.
2983,973,8,24,116,148,1.2702702702702702,0.04557511250868925,620,He's going to be disappointed when all he gets is a bunch of molten lava
3091,973,8,24,116,148,1.2702702702702702,0.04557511250868925,620,Huury! God's coming!
3100,973,9,22,117,148,1.2702702702702702,0.04657273390662092,620,You have to strike a delicate balance between getting the orbit adjusted slightly and causing mass extinction.
3342,973,8,24,116,148,1.2702702702702702,0.04557511250868925,620,Each year he gets closer.
3511,973,8,24,116,148,1.2702702702702702,0.04557511250868925,620,"It's funny really, he plays golf right handed."
3697,973,2,36,110,148,1.2702702702702702,0.039057891648631965,620,"Next, we'll pin the tail on a comet."
1626,973,9,22,117,148,1.2702702702702702,0.04657273390662092,620,Wait until he finds out there’s nothing inside.
3898,973,4,32,112,148,1.2702702702702702,0.04134460335703735,620,So that's what makes it go around.
4071,973,5,30,113,148,1.2702702702702702,0.042441782362525486,620,Tell me again why this upsets you.
4121,973,7,26,115,148,1.2702702702702702,0.04455515926155409,620,This could take forever.
4303,973,5,30,113,148,1.2702702702702702,0.042441782362525486,620,To them I’m told it looks like an asteroid
4339,973,10,20,118,148,1.2702702702702702,0.04754942909114843,620,So this is how we get rid of those pesky dinosaurs?
4462,973,9,22,117,148,1.2702702702702702,0.04657273390662092,620,And to think that the earthlings are worried about climate change.
3577,973,10,20,118,148,1.2702702702702702,0.04754942909114843,620,"It's not cool to say, 'use the Force'."
1447,973,9,22,117,148,1.2702702702702702,0.04657273390662092,620,"Hey, easy on the world beater jokes."
1157,973,7,26,115,148,1.2702702702702702,0.04455515926155409,620,Couldn’t make it any worse.
1383,973,10,20,118,148,1.2702702702702702,0.04754942909114843,620,It ends not with a bang but a bash.
67,973,9,22,117,148,1.2702702702702702,0.04657273390662092,620,Do you think we should have asked God about this first?
126,973,9,22,117,148,1.2702702702702702,0.04657273390662092,620,"John is hitting out of this world, as of late."
133,973,8,24,116,148,1.2702702702702702,0.04557511250868925,620,He might not make Angels tryouts.
204,973,11,18,119,148,1.2702702702702702,0.04850646214940219,620,I bet that they pay attention to climate change after this.
296,973,10,20,118,148,1.2702702702702702,0.04754942909114843,620,"When it breaks, all the flat earthers fall out."
670,973,10,20,118,148,1.2702702702702702,0.04754942909114843,620,"If he gets lucky, we'll be able to make the world great again."
136,973,5,30,113,148,1.2702702702702702,0.042441782362525486,620,"Well, he's got two wings but no prayer."
797,973,10,20,118,148,1.2702702702702702,0.04754942909114843,620,If you can hit Canada and Mexico whilst leaving the US intact it triggers a bonus round.
1408,973,9,22,117,148,1.2702702702702702,0.04657273390662092,620,He better hurry before they blow themselves up.
952,973,7,26,115,148,1.2702702702702702,0.04455515926155409,620,"It’s okay, all the good people were already Raptured."
1047,973,8,24,116,148,1.2702702702702702,0.04557511250868925,620,I hope it's not going to spray hot magma everywhere like the last one.
1050,973,8,24,116,148,1.2702702702702702,0.04557511250868925,620,When are we going to tell him it's just magma inside?
1098,973,7,26,115,148,1.2702702702702702,0.04455515926155409,620,I hate when these things just have humans inside.
759,973,11,18,119,148,1.2702702702702702,0.04850646214940219,620,Not to worry.... it's all plastic these days.
2461,1006,9,21,115,145,1.2689655172413794,0.04719647164976508,620,"It's harder than it looks. But after the last really good hit, all the dinosaurs flew off."
2853,1006,8,23,114,145,1.2689655172413794,0.04617056958251709,620,My favorite angel day piñata: this one has Milky Ways in it!
4757,1008,6,26,110,142,1.267605633802817,0.044602253291466165,620,Not to worry.....he has trouble with a curve.
2821,1009,6,27,113,146,1.2671232876712328,0.04378318191339136,620,What's the point? It's probably all melted inside anyway.
4600,1009,8,23,115,146,1.2671232876712328,0.045890234702387844,620,"The goal is simple, the first one to knock the hell out of it is the winner."
4359,1009,13,13,120,146,1.2671232876712328,0.050776768285191655,620,That's not what I meant when I told him to rock my world
3163,1009,6,27,113,146,1.2671232876712328,0.04378318191339136,620,Can't wait to see the fall-out!
2222,1009,9,21,116,146,1.2671232876712328,0.046908282342565076,620,"Clarence, remember how you earned your wings?  This is how you lose them."
1951,1009,6,27,113,146,1.2671232876712328,0.04378318191339136,620,"He's never done this before, so he'll just have to wing it."
1695,1009,10,19,117,146,1.2671232876712328,0.04790469980721477,620,This will be way bigger than the Big Bang.
1078,1009,7,25,114,146,1.2671232876712328,0.044849083934353454,620,"Nah, it won't break -- but it's amazing how fast it gets them re-focused."
93,1009,10,19,117,146,1.2671232876712328,0.04790469980721477,620,God knows what's in this one !
2051,1009,9,21,116,146,1.2671232876712328,0.046908282342565076,620,The trick is to aim straight at the San Andreas Fault.
1715,1019,9,20,114,143,1.2657342657342658,0.04754491513392349,620,I’ve got dibs on the USA.
1965,1019,7,24,112,143,1.2657342657342658,0.0454261251111397,620,"This takes place in SlowMo. On earth they are calling it ""climate change."""
2119,1019,5,28,110,143,1.2657342657342658,0.04320354997142997,620,Molten iron? This should be fun.
4685,1019,7,24,112,143,1.2657342657342658,0.0454261251111397,620,Sure wish God would stop pullin' on it and let the poor guy hit the dumb thing?
2309,1019,5,28,110,143,1.2657342657342658,0.04320354997142997,620,"After all we went through to get here, it's actually quite therapeutic."
2771,1019,7,24,112,143,1.2657342657342658,0.0454261251111397,620,I've been waiting an eternity for my turn.
2920,1019,11,16,116,143,1.2657342657342658,0.04957322934378047,620,The scuttlebutt has it that the Cherubim are using corked bats.
3663,1019,11,16,116,143,1.2657342657342658,0.04957322934378047,620,"Every time a bells rings, an angel takes a swing!"
3251,1019,7,24,112,143,1.2657342657342658,0.0454261251111397,620,He's given up on free will
3742,1019,6,26,111,143,1.2657342657342658,0.04432876928557099,620,Maybe climate change really won't be a problem after all.
3765,1019,5,28,110,143,1.2657342657342658,0.04320354997142997,620,The real reason why earthquakes happen.
3870,1019,5,28,110,143,1.2657342657342658,0.04320354997142997,620,"whats's the point, last time he hit it the continents just moved around."
4083,1019,8,22,113,143,1.2657342657342658,0.046497590247801576,620,This shoulg get their attention.
4651,1019,7,24,112,143,1.2657342657342658,0.0454261251111397,620,"I don't know, but he says the planet is full of it."
3002,1019,13,12,118,143,1.2657342657342658,0.051521754434899904,620,"Unfortunately, he missed the Donald Trump pinata the first time."
1554,1019,9,20,114,143,1.2657342657342658,0.04754491513392349,620,How can you miss the world?
1496,1019,7,24,112,143,1.2657342657342658,0.0454261251111397,620,He's holding it wrong.
260,1019,8,22,113,143,1.2657342657342658,0.046497590247801576,620,I still feel bad about the dinosaurs.
121,1019,9,20,114,143,1.2657342657342658,0.04754491513392349,620,I hear there's oil inside.
303,1019,8,22,113,143,1.2657342657342658,0.046497590247801576,620,It's full of nuts.
412,1019,9,20,114,143,1.2657342657342658,0.04754491513392349,620,He's no Obi-wan Kenobi.
920,1019,9,20,114,143,1.2657342657342658,0.04754491513392349,620,And they thought that global warming was a problem.
982,1019,6,26,111,143,1.2657342657342658,0.04432876928557099,620,"Jesus, you'd think after 6,000 years he'd let someone else have a swing."
1096,1019,7,24,112,143,1.2657342657342658,0.0454261251111397,620,"If he hits it, fly away. It is full of shit."
609,1019,10,18,115,143,1.2657342657342658,0.04856966142903945,620,"And God said, ""wait, Christians are supporting Trump?"" and asked for new alternatives to another flood."
1185,1019,10,18,115,143,1.2657342657342658,0.04856966142903945,620,Beats global warming
1305,1019,6,26,111,143,1.2657342657342658,0.04432876928557099,620,$5 says he hits N. Korea
1361,1019,7,24,112,143,1.2657342657342658,0.0454261251111397,620,The big guy said it would be an earth shattering event.
1402,1019,9,20,114,143,1.2657342657342658,0.04754491513392349,620,Can you believe he played for the Yankees for 5 seasons?
1412,1019,9,20,114,143,1.2657342657342658,0.04754491513392349,620,"...and the plan is to blame this on Kevin, right?"
1166,1019,11,16,116,143,1.2657342657342658,0.04957322934378047,620,Rapture? Seems it's going to be more like a rupture to me.
1537,1019,5,28,110,143,1.2657342657342658,0.04320354997142997,620,The guy upstairs who pulls the string just laughs and laughs.
354,1051,5,26,106,137,1.2627737226277371,0.044284872770276734,620,"We call it ""Rapture Ball""."
2846,1052,8,21,112,141,1.2624113475177305,0.04682999721764306,620,I heard his batting average is out of this world.
3264,1052,9,19,113,141,1.2624113475177305,0.04789953822322482,620,I hope the four horsemen remember to bring the pizza.
3254,1052,8,21,112,141,1.2624113475177305,0.04682999721764306,620,"You know the saying: Spare the rod, spoil the planet.'"
3014,1052,9,19,113,141,1.2624113475177305,0.04789953822322482,620,Apparently this is how he passed time at the EPA?
2964,1052,11,15,115,141,1.2624113475177305,0.04996999106649522,620,"No, this is it. Budget cutbacks."
1877,1052,8,21,112,141,1.2624113475177305,0.04682999721764306,620,It’s been five billion years...when will he give up?
2188,1052,9,19,113,141,1.2624113475177305,0.04789953822322482,620,I thought he had the whole world in his hands?
2138,1052,8,21,112,141,1.2624113475177305,0.04682999721764306,620,I feel like this could last an eternity.
2018,1052,5,27,109,141,1.2624113475177305,0.0434637466358263,620,"At this rate, it will take 7 days to break it."
3657,1052,8,21,112,141,1.2624113475177305,0.04682999721764306,620,The bouncy castle was booked for Eternity.
2578,1052,6,25,110,141,1.2624113475177305,0.04461406049909625,620,Are you sure this is how to start a Big Bang?
3678,1052,6,25,110,141,1.2624113475177305,0.04461406049909625,620,Trump's right: global warming isn't the real threat to the planet.
4392,1052,6,25,110,141,1.2624113475177305,0.04461406049909625,620,Another Flat Earth Society member?
3778,1052,6,25,110,141,1.2624113475177305,0.04461406049909625,620,Thank God he's not on our softball team.
3908,1052,12,13,116,141,1.2624113475177305,0.05097369056463668,620,"We call this game 'Trumping'"""
4152,1052,6,25,110,141,1.2624113475177305,0.04461406049909625,620,This is going to piss off a lot of people!
4205,1052,9,19,113,141,1.2624113475177305,0.04789953822322482,620,This is why he’s always picked last for softball.
4210,1052,10,17,114,141,1.2624113475177305,0.04894571364881601,620,You can stop. They’ve got a guy down there now who tweets instead and never misses.
4260,1052,10,17,114,141,1.2624113475177305,0.04894571364881601,620,The winner gets a face full of magma.  It's so awesome.
4347,1052,8,21,112,141,1.2624113475177305,0.04682999721764306,620,"To have a real chance of cracking it, you have to hit 
the San Andreas Fault"
4399,1052,5,27,109,141,1.2624113475177305,0.0434637466358263,620,I thought we were gonna play 'Spin the Globe'  instead.
4638,1052,8,21,112,141,1.2624113475177305,0.04682999721764306,620,"Personally, I’ve always preferred Pin the Tail on Satan."
4652,1052,8,21,112,141,1.2624113475177305,0.04682999721764306,620,I'll mention your tetherball suggestion.
4680,1052,8,21,112,141,1.2624113475177305,0.04682999721764306,620,"On earth, it was the umpires who were blind."
3756,1052,7,23,111,141,1.2624113475177305,0.04573545142240031,620,Maybe we should lose the blindfold.
1830,1052,8,21,112,141,1.2624113475177305,0.04682999721764306,620,This is so much more fun than the dice that the big boss plays!
799,1052,7,23,111,141,1.2624113475177305,0.04573545142240031,620,Wait until you see what comes out of this one!
1662,1052,5,27,109,141,1.2624113475177305,0.0434637466358263,620,Tell me again why the blindfold is necessary?
71,1052,5,27,109,141,1.2624113475177305,0.0434637466358263,620,No good will come out of this.
117,1052,8,21,112,141,1.2624113475177305,0.04682999721764306,620,Should we tell them the truth about earthquakes?
193,1052,6,25,110,141,1.2624113475177305,0.04461406049909625,620,"Looks like the boss has finally 
had it with climate change deniers"
304,1052,8,21,112,141,1.2624113475177305,0.04682999721764306,620,"Hopefully,​ this won't take too long, last week we did Pluto.​"
363,1052,8,21,112,141,1.2624113475177305,0.04682999721764306,620,"You can have the righteous people, they stick to my dental work."
382,1052,8,21,112,141,1.2624113475177305,0.04682999721764306,620,"It's probably empty again; but it keeps him hoping for the best"""
475,1052,10,17,114,141,1.2624113475177305,0.04894571364881601,620,Last time we played this game Trump was elected.
520,1052,8,21,112,141,1.2624113475177305,0.04682999721764306,620,Wait until you see who we are pinning the tail on.
1717,1052,9,19,113,141,1.2624113475177305,0.04789953822322482,620,Don't get too excited. Nothing good comes out of it.
614,1052,8,21,112,141,1.2624113475177305,0.04682999721764306,620,I wouldn't worry. He played for the Mets!!
711,1052,8,21,112,141,1.2624113475177305,0.04682999721764306,620,He's doing his Donald Trump impression.
540,1052,3,31,107,141,1.2624113475177305,0.041066568233002684,620,Remember what he did to Pluto.
1579,1052,7,23,111,141,1.2624113475177305,0.04573545142240031,620,We're not the better angels.
980,1052,3,31,107,141,1.2624113475177305,0.041066568233002684,620,"If he hits France, it's bonbons. If  he hits the US, it's Skitttles."
1048,1052,8,21,112,141,1.2624113475177305,0.04682999721764306,620,It’s hardly Earth shattering news that God loves a piñata party.
1064,1052,8,21,112,141,1.2624113475177305,0.04682999721764306,620,Won’t he be surprised — it’s filled with suckers.
1172,1052,6,25,110,141,1.2624113475177305,0.04461406049909625,620,He failed to destroy it when he was alive.
1311,1052,8,21,112,141,1.2624113475177305,0.04682999721764306,620,What do you think the boss has in mind with these exercises?
1513,1052,6,25,110,141,1.2624113475177305,0.04461406049909625,620,What? You thought those disasters were all natural?
1519,1052,7,23,111,141,1.2624113475177305,0.04573545142240031,620,"Yes, Earth, as we know it, is about to end - but what about those emails!?!"
1569,1052,9,19,113,141,1.2624113475177305,0.04789953822322482,620,Who cleans up the mess after he hits it?  You miss the point. He is cleaning the mess.
740,1052,10,17,114,141,1.2624113475177305,0.04894571364881601,620,It's how he celebrates Earth Day.
1594,1052,6,25,110,141,1.2624113475177305,0.04461406049909625,620,This is how we do quantum indeterminacy.
1689,1103,7,22,109,138,1.2608695652173914,0.046345726385314936,620,All I got for my birthday was this lousy robe.
2317,1103,8,20,110,138,1.2608695652173914,0.04747328592987294,620,"Its been 4.5 billion years, you'd think he'd give someone else a try."
2740,1103,7,22,109,138,1.2608695652173914,0.046345726385314936,620,We could be here forever.
4903,1103,8,20,110,138,1.2608695652173914,0.04747328592987294,620,They don’t really need any help.
4161,1103,10,16,112,138,1.2608695652173914,0.04965164571868151,620,"So, this is how it ends?"
4407,1103,4,28,106,138,1.2608695652173914,0.04278512341680797,620,"The last time, all we got were dinosaurs."
3170,1103,5,26,107,138,1.2608695652173914,0.04400401468716787,620,"The last time somebody actually hit it, there were dinosaurs all over the place."
1659,1103,6,24,108,138,1.2608695652173914,0.04519004128550317,620,We're going to need a bigger bat
1273,1103,7,22,109,138,1.2608695652173914,0.046345726385314936,620,"It's the only piñata we've got, let's not waste it."
1491,1103,6,24,108,138,1.2608695652173914,0.04519004128550317,620,"After this, they will be serving cake, angel food, of course."
541,1103,9,18,111,138,1.2608695652173914,0.048574678586445305,620,Make it fast.  He's coming.
471,1103,8,20,110,138,1.2608695652173914,0.04747328592987294,620,"I thought an Earth Day cake would be easier, but I couldn't find a baker."
69,1103,7,22,109,138,1.2608695652173914,0.046345726385314936,620,He's been reading Revelations again
6,1103,6,24,108,138,1.2608695652173914,0.04519004128550317,620,Wait for the look on his face when all the garbage spills out.
1529,1103,7,22,109,138,1.2608695652173914,0.046345726385314936,620,Five more minutes and I'm going Old Testament on that thing.
1308,1118,5,27,110,142,1.2605633802816902,0.04319612541308653,620,This is going to make a big bang.
4800,1118,8,21,113,142,1.2605633802816902,0.04653574554365965,620,If he only knew what he was missing.
3282,1120,3,28,101,132,1.2575757575757576,0.04250595217767891,620,Some how I didn't picture the apocalypse playing out this way.
3545,1121,10,15,111,136,1.2573529411764706,0.050050435923191514,620,Gabriel is better with the horn.
3469,1121,5,25,106,136,1.2573529411764706,0.04427622191123931,620,Swings like a cherub.
3367,1121,8,19,109,136,1.2573529411764706,0.047824483398717685,620,Didn’t anyone tell him it’s love that makes the world go round?
3413,1121,7,21,108,136,1.2573529411764706,0.04667171252997456,620,"Apparently, on the 8th day he filled it with candy."
3586,1121,6,23,107,136,1.2573529411764706,0.04548973827806604,620,It works better than meditation.
3033,1121,6,23,107,136,1.2573529411764706,0.04548973827806604,620,He looks more like a Met than an Angel.
3427,1121,8,19,109,136,1.2573529411764706,0.047824483398717685,620,It worked with the dinosaurs.
4113,1121,6,23,107,136,1.2573529411764706,0.04548973827806604,620,And they’re so worried about climate change.
4335,1121,7,21,108,136,1.2573529411764706,0.04667171252997456,620,Wait. Why does Comey get another swing?
4193,1121,8,19,109,136,1.2573529411764706,0.047824483398717685,620,Only In New York
4246,1121,6,23,107,136,1.2573529411764706,0.04548973827806604,620,"Think he'll hit it before it falls apart on it's own?"""
4350,1121,7,21,108,136,1.2573529411764706,0.04667171252997456,620,I think he needs a bigger target.  How about Jupiter?
4445,1121,9,17,110,136,1.2573529411764706,0.04895011413906878,620,Ten bucks if he hits Tel Aviv.
4743,1121,6,23,107,136,1.2573529411764706,0.04548973827806604,620,"We used to have water balloon fights, but that caused a flood of complaints."
4475,1121,7,21,108,136,1.2573529411764706,0.04667171252997456,620,He needs to be more patient... that was high and inside.
4562,1121,5,25,106,136,1.2573529411764706,0.04427622191123931,620,I hope we didn’t get another empty one.
2764,1121,8,19,109,136,1.2573529411764706,0.047824483398717685,620,Does he realise that it's just filled with people?
4159,1121,6,23,107,136,1.2573529411764706,0.04548973827806604,620,Were you praying for him to hit or miss?
2649,1121,9,17,110,136,1.2573529411764706,0.04895011413906878,620,I think he'll be disappointed that it's filled with smog and outstanding debt.
4285,1121,9,17,110,136,1.2573529411764706,0.04895011413906878,620,Get ready to scramble when all hell breaks loose.
2555,1121,6,23,107,136,1.2573529411764706,0.04548973827806604,620,The Rapture isn't what they think it is.
2603,1121,5,25,106,136,1.2573529411764706,0.04427622191123931,620,"It's been long enough, I think it's time we tell him to swing a bit to the left."
43,1121,9,17,110,136,1.2573529411764706,0.04895011413906878,620,Okay. We’ll give you Big Bang.
185,1121,8,19,109,136,1.2573529411764706,0.047824483398717685,620,Funny to think they're just one swing away from Armageddon.
548,1121,7,21,108,136,1.2573529411764706,0.04667171252997456,620,They don't realize that climate change is not the worst thing that can happen.
624,1121,6,23,107,136,1.2573529411764706,0.04548973827806604,620,"I think he gets three strikes, Father, son and, well, you know."
843,1121,5,25,106,136,1.2573529411764706,0.04427622191123931,620,What are we going to do when we run out of planets?
1034,1121,7,21,108,136,1.2573529411764706,0.04667171252997456,620,The last time he connected was about 65 million years ago. And we managed to convince the current inhabitants it was an asteroid.
1052,1121,7,21,108,136,1.2573529411764706,0.04667171252997456,620,"Little does he know, there’s nothing inside but 40 lbs of plastic bags."
1208,1121,6,23,107,136,1.2573529411764706,0.04548973827806604,620,The lefties always have a problem with this. They are too caring.
539,1121,8,19,109,136,1.2573529411764706,0.047824483398717685,620,One thing I know--the people of that planet don't need help destroying it.
1422,1121,5,25,106,136,1.2573529411764706,0.04427622191123931,620,And THAT is what makes the world go 'round!
1654,1121,9,17,110,136,1.2573529411764706,0.04895011413906878,620,"You were an Existentialist before, right?"
1712,1121,6,23,107,136,1.2573529411764706,0.04548973827806604,620,He used to work for the EPA.
1749,1121,8,19,109,136,1.2573529411764706,0.047824483398717685,620,"Nah, this guy's been at it for years. I say global warming gets 'em first."
1843,1121,6,23,107,136,1.2573529411764706,0.04548973827806604,620,Shoulda made it flat.
1850,1121,5,25,106,136,1.2573529411764706,0.04427622191123931,620,We let them get it out of their system the first few days.
2161,1121,6,23,107,136,1.2573529411764706,0.04548973827806604,620,I can't wait to see what's in it.
2287,1121,6,23,107,136,1.2573529411764706,0.04548973827806604,620,I  have a bad feeling about this!
1294,1121,7,21,108,136,1.2573529411764706,0.04667171252997456,620,so much for omniscience.
3222,1161,8,18,108,134,1.2537313432835822,0.04818157494169884,620,"I said it might be time to take a swing ""by"" Earth"
2987,1161,6,22,106,134,1.2537313432835822,0.04579325782901285,620,It would be apocalyptic if he were ever to hit it.
2898,1161,7,20,107,134,1.2537313432835822,0.04700258836732817,620,This oughta shake things up.
2827,1161,4,26,104,134,1.2537313432835822,0.043273326210569375,620,Last time he did this Trump got elected.
2810,1161,6,22,106,134,1.2537313432835822,0.04579325782901285,620,He told us to stop. They're doing it themselves down there.
2786,1161,8,18,108,134,1.2537313432835822,0.04818157494169884,620,What's inside? Mostly suckers.
2671,1161,6,22,106,134,1.2537313432835822,0.04579325782901285,620,The Real 'Angels in the Outfield.'
2681,1161,10,14,110,134,1.2537313432835822,0.050456970431553234,620,It's Trump's new reality show.
2679,1161,4,26,104,134,1.2537313432835822,0.043273326210569375,620,I would guess it's 70% plastic & 30% styrofoam.
2656,1161,8,18,108,134,1.2537313432835822,0.04818157494169884,620,Trump makes it look so easy....
2604,1161,5,24,105,134,1.2537313432835822,0.04455111235379425,620,Tryouts to head the heavenly EPA
3243,1161,5,24,105,134,1.2537313432835822,0.04455111235379425,620,It was just a trial balloon anyway
2763,1161,9,16,109,134,1.2537313432835822,0.049332393155984124,620,"If only they knew what a ""hole in the ozone layer"" actually meant."
3426,1161,6,22,106,134,1.2537313432835822,0.04579325782901285,620,One of these days he's not gonna miss
4305,1161,6,22,106,134,1.2537313432835822,0.04579325782901285,620,Do you think this is what He meant by The Piñacolypse?
3562,1161,8,18,108,134,1.2537313432835822,0.04818157494169884,620,This is going to drive all the Meteorologists crazy.
3575,1161,6,22,106,134,1.2537313432835822,0.04579325782901285,620,...and they worry about meteors!
3612,1161,6,22,106,134,1.2537313432835822,0.04579325782901285,620,"We used to take better care of it, but if THEY won't why should WE?"
3718,1161,7,20,107,134,1.2537313432835822,0.04700258836732817,620,The store was out of piñatas so we had to improvise
3724,1161,8,18,108,134,1.2537313432835822,0.04818157494169884,620,Watch out a bunch of stupid people are about to fall out.
4008,1161,5,24,105,134,1.2537313432835822,0.04455111235379425,620,Good news for them is he hits like the Mets’ offense.
4044,1161,7,20,107,134,1.2537313432835822,0.04700258836732817,620,I just hope the prize isn't humans again.
4236,1161,7,20,107,134,1.2537313432835822,0.04700258836732817,620,He actually only hits it once every billion years or so.
2593,1161,8,18,108,134,1.2537313432835822,0.04818157494169884,620,Lord knows you put a righty batter against a left spinning earth.
4343,1161,7,20,107,134,1.2537313432835822,0.04700258836732817,620,This beats seeing how many can fit on the head of a pin.
4547,1161,7,20,107,134,1.2537313432835822,0.04700258836732817,620,You should have used Jupiter.
4748,1161,7,20,107,134,1.2537313432835822,0.04700258836732817,620,Knock the hell out of it.  It's full of sinners!
4752,1161,6,22,106,134,1.2537313432835822,0.04579325782901285,620,"Wings, yes; Jedi powers, no."
3521,1161,7,20,107,134,1.2537313432835822,0.04700258836732817,620,He always did think he had the world on a string
2486,1161,6,22,106,134,1.2537313432835822,0.04579325782901285,620,It's a metaphor.
3743,1161,7,20,107,134,1.2537313432835822,0.04700258836732817,620,God told him to beat the hell out of it.
2407,1161,8,18,108,134,1.2537313432835822,0.04818157494169884,620,Three strikes and Earth is out
2418,1161,7,20,107,134,1.2537313432835822,0.04700258836732817,620,"Personally, I prefer the nuclear option."
47,1161,9,16,109,134,1.2537313432835822,0.049332393155984124,620,He's getting warmer.
161,1161,6,22,106,134,1.2537313432835822,0.04579325782901285,620,He's been at it for over four-and-a-half billion years--let's just take off the blindfold and get it over with.
247,1161,6,22,106,134,1.2537313432835822,0.04579325782901285,620,Are they still down there singing He's got the whole world in His hands?
278,1161,10,14,110,134,1.2537313432835822,0.050456970431553234,620,It used to be a lot easier to hit the icecaps.
356,1161,8,18,108,134,1.2537313432835822,0.04818157494169884,620,That was some hit on Hawaii!
373,1161,2,30,102,134,1.2537313432835822,0.040597278973574756,620,Is this.....is this cultural appropriation?
418,1161,9,16,109,134,1.2537313432835822,0.049332393155984124,620,"Fortunately for the Earth, he's a Baltimore Oriole."
455,1161,5,24,105,134,1.2537313432835822,0.04455111235379425,620,He wants to change the world.
542,1161,6,22,106,134,1.2537313432835822,0.04579325782901285,620,I love these apocalypse parties.
808,1161,7,20,107,134,1.2537313432835822,0.04700258836732817,620,We can't hurt it anymore then they are.
923,1161,5,24,105,134,1.2537313432835822,0.04455111235379425,620,"Wait, where did you hang that thing from?"
1094,1161,6,22,106,134,1.2537313432835822,0.04579325782901285,620,"Not to worry. Other than Mike Trout, the Angels can’t hit."
1150,1161,5,24,105,134,1.2537313432835822,0.04455111235379425,620,The blindfold became mandatory after we lost the dinosaurs.
76,1161,5,24,105,134,1.2537313432835822,0.04455111235379425,620,I'm guessing some earthly delights are inside.
1268,1161,6,22,106,134,1.2537313432835822,0.04579325782901285,620,Are you sure God said it was OK to do this?
1171,1161,6,22,106,134,1.2537313432835822,0.04579325782901285,620,It's  absolutely stuffed with garbage and ideologues
2218,1161,6,22,106,134,1.2537313432835822,0.04579325782901285,620,"No, Gary. The real Earth is much bigger."
1982,1161,6,22,106,134,1.2537313432835822,0.04579325782901285,620,Ignore the screams
1963,1161,7,20,107,134,1.2537313432835822,0.04700258836732817,620,He’s got the world on a string and he still can’t see it!
1934,1161,6,22,106,134,1.2537313432835822,0.04579325782901285,620,"If God finds out, tell him it was Lucifer’s idea."
1923,1161,5,24,105,134,1.2537313432835822,0.04455111235379425,620,"No one here is allergic to nuts, right?"
2211,1161,6,22,106,134,1.2537313432835822,0.04579325782901285,620,Ever wondered why bad things happen to good people?
2288,1161,8,18,108,134,1.2537313432835822,0.04818157494169884,620,I hope that a hundred little dictators don't come falling out.
1847,1161,6,22,106,134,1.2537313432835822,0.04579325782901285,620,Yeesh. One of us really ought to go summon our better angels.
1820,1161,7,20,107,134,1.2537313432835822,0.04700258836732817,620,I just think we're better than this.
1623,1161,6,22,106,134,1.2537313432835822,0.04579325782901285,620,"We could be here for eternity."""
1478,1161,8,18,108,134,1.2537313432835822,0.04818157494169884,620,If he hits it we get stuck with Republicans.
1413,1161,5,24,105,134,1.2537313432835822,0.04455111235379425,620,"Prayer works, but it's all pretty random, actually."
1892,1161,5,24,105,134,1.2537313432835822,0.04455111235379425,620,The end is near.
3581,1223,7,19,105,131,1.251908396946565,0.047662336808170294,620,Remember when Gary nailed it with a solid whack and the dinosaurs went extinct?
3491,1223,8,17,106,131,1.251908396946565,0.048878810972769846,620,It's a dramatization of human influence on earth...
2922,1223,6,21,104,131,1.251908396946565,0.046413990756227416,620,I bet two-thirds of the candy is salt water taffy.
2881,1223,8,17,106,131,1.251908396946565,0.048878810972769846,620,"End of life on Earth, sure, but somebody needs to get that candy."
817,1223,9,15,107,131,1.251908396946565,0.05006573652916799,620,No real need to expedite the process.  Let them do it themselves.
835,1223,4,25,102,131,1.251908396946565,0.043810716882134705,620,It beats watching climate change.
401,1223,7,19,105,131,1.251908396946565,0.047662336808170294,620,Your getting warm.
4860,1223,5,23,103,131,1.251908396946565,0.0451311281248637,620,There ought to be a better way to earn your wings.
3811,1223,6,21,104,131,1.251908396946565,0.046413990756227416,620,That’s trumps new Secretary of State !
1600,1223,4,25,102,131,1.251908396946565,0.043810716882134705,620,"His first hit was Hawaii, but it was only a crack."
4395,1223,6,21,104,131,1.251908396946565,0.046413990756227416,620,and they still think it's global warming
1378,1234,4,26,105,135,1.2518518518518518,0.042992689054808644,620,"It's his birthday, The old man said give him what he wants."
2062,1235,5,23,104,132,1.25,0.04482856025954131,620,Our decent and honest pitches do not seem to be able to overcome the bat out of hell
3112,1235,4,24,100,128,1.25,0.044367825470805686,620,"If he connects, I’m not cleaning up the mess."
3582,1237,7,18,104,129,1.248062015503876,0.04801158582107555,620,Now you know why his batting average sucked when he played for the real Angels.
4762,1238,7,18,105,130,1.2461538461538462,0.04767903329604257,620,"The core is so hot that the candy will be gooey, I just know it."
4744,1238,6,20,104,130,1.2461538461538462,0.0464115247720679,620,Let's hope something good comes out of it.
4882,1238,6,20,104,130,1.2461538461538462,0.0464115247720679,620,A bad party's not the end of the world.
4269,1238,5,22,103,130,1.2461538461538462,0.0451084143735003,620,"Fire and ice, earthquakes and floods—Piñata Stick of the Angels was totally off their radar."
4256,1238,4,24,102,130,1.2461538461538462,0.043766522170656255,620,"Of course it's funny, but what if he actually hits it?"
4189,1238,8,16,106,130,1.2461538461538462,0.04891370769448988,620,We figured the world was going to end anyway.
4015,1238,6,20,104,130,1.2461538461538462,0.0464115247720679,620,"So if he connects, we’re only supposed to gather up the raptured ones, right? And we let the others fall below?"
4012,1238,7,18,105,130,1.2461538461538462,0.04767903329604257,620,It’s only a good metaphor if he lands one.
3644,1238,4,24,102,130,1.2461538461538462,0.043766522170656255,620,Gabriel's batting average tanked after the Big Man got soft post-Old Testament and made him start wearing that blindfold.
3540,1238,4,24,102,130,1.2461538461538462,0.043766522170656255,620,"This game is called ""Divine Intervention"""
3487,1238,8,16,106,130,1.2461538461538462,0.04891370769448988,620,"And yet another Secretary of State."""
3295,1238,6,20,104,130,1.2461538461538462,0.0464115247720679,620,They're expecting it.
3231,1238,7,18,105,130,1.2461538461538462,0.04767903329604257,620,"So, an 'act of GOD' is not really an ACT-OF-GOD?"
457,1238,9,14,107,130,1.2461538461538462,0.05011797466776628,620,My favorite is pin the tail on the comet.
2627,1238,6,20,104,130,1.2461538461538462,0.0464115247720679,620,"Yes, He did say He'd never destroy the earth again -- with a flood.  But the agreement did not cover using it as a pinata!"
2506,1238,5,22,103,130,1.2461538461538462,0.0451084143735003,620,He missed again. Trump stays.
2352,1238,9,14,107,130,1.2461538461538462,0.05011797466776628,620,World peace - take a whack at it!
2077,1238,8,16,106,130,1.2461538461538462,0.04891370769448988,620,The Master thought that one blind-folded angel couldn't mess up the world more than one egocentric world leader.
1927,1238,5,22,103,130,1.2461538461538462,0.0451084143735003,620,Nothing good will come out of this.
1598,1238,9,14,107,130,1.2461538461538462,0.05011797466776628,620,What the hell is Donald doing now?
829,1238,4,24,102,130,1.2461538461538462,0.043766522170656255,620,So that's how they came up with the Big Bang Theory.
806,1238,7,18,105,130,1.2461538461538462,0.04767903329604257,620,"If you think this is bad, you should see what we're doing with the real Earth."
523,1238,4,24,102,130,1.2461538461538462,0.043766522170656255,620,65 million years! He's had his turn!
257,1238,7,18,105,130,1.2461538461538462,0.04767903329604257,620,"When you break it open nowadays, fracking sand goes all over the place."
106,1238,6,20,104,130,1.2461538461538462,0.0464115247720679,620,Trump would call this diplomacy.
2633,1238,8,16,106,130,1.2461538461538462,0.04891370769448988,620,All I got for my birthday was Saturn Ring Toss.
3673,1264,7,17,103,127,1.2440944881889764,0.04836604718000924,620,So much for World Peace...
3713,1264,5,21,101,127,1.2440944881889764,0.045708924357428474,620,They'll never suspect it's us
3736,1264,5,21,101,127,1.2440944881889764,0.045708924357428474,620,No earthly good can come of this exercise.
3757,1264,8,15,104,127,1.2440944881889764,0.04964130232751515,620,If filled it with thoughts and prayers.
3984,1264,6,19,102,127,1.2440944881889764,0.047056244461984,620,You'd think that he could bat a thousand up here.
3878,1264,6,19,102,127,1.2440944881889764,0.047056244461984,620,"Yes, god is vengeful, but this guy is the worst."
3930,1264,4,23,100,127,1.2440944881889764,0.04432066548417608,620,You'd think after 4.5 billion years he would have hit it by now
3944,1264,6,19,102,127,1.2440944881889764,0.047056244461984,620,It’s a tradition that started with The Big Bang.
3506,1264,8,15,104,127,1.2440944881889764,0.04964130232751515,620,You say he was once a climate change denier?
3801,1264,3,25,99,127,1.2440944881889764,0.04288749248915535,620,A world with end.  Amen.
3504,1264,9,13,105,127,1.2440944881889764,0.05088460743412139,620,He claims it was a popular party game at the E.P.A.
3329,1264,6,19,102,127,1.2440944881889764,0.047056244461984,620,"I mean, he's hit America like-non-stop since '17. Nobody's THAT good..."
3485,1264,5,21,101,127,1.2440944881889764,0.045708924357428474,620,Remember what happened to the dinosaurs the last time he actually made contact?
3459,1264,7,17,103,127,1.2440944881889764,0.04836604718000924,620,"Well, so much for the better angels of our nature."
3431,1264,8,15,104,127,1.2440944881889764,0.04964130232751515,620,Come on... no one has hit that thing in 65 million years!
3403,1264,5,21,101,127,1.2440944881889764,0.045708924357428474,620,What in the world...will come out of there?
3284,1264,9,13,105,127,1.2440944881889764,0.05088460743412139,620,And on the eighth day He partied.
3276,1264,8,15,104,127,1.2440944881889764,0.04964130232751515,620,Aren’t there bedbugs on that thing?
3256,1264,6,19,102,127,1.2440944881889764,0.047056244461984,620,"He told us floods hadn't ""proved effective."""
3153,1264,6,19,102,127,1.2440944881889764,0.047056244461984,620,The suspense is killing them.
3148,1264,6,19,102,127,1.2440944881889764,0.047056244461984,620,We should stand back. It’s full of shit.
3145,1264,8,15,104,127,1.2440944881889764,0.04964130232751515,620,"We were going to do paintball, but the old man put six days into it."
4031,1264,5,21,101,127,1.2440944881889764,0.045708924357428474,620,This is God's last swing at world peace.
3501,1264,8,15,104,127,1.2440944881889764,0.04964130232751515,620,It's filled with egocentric people.
4033,1264,4,23,100,127,1.2440944881889764,0.04432066548417608,620,Those damn melting ice caps are making it too slippery
4956,1264,7,17,103,127,1.2440944881889764,0.04836604718000924,620,"If he hits a magnitude 10, i'm getting a transfer..."
4081,1264,4,23,100,127,1.2440944881889764,0.04432066548417608,620,"He struck out a lot during Existentialism"""
3071,1264,7,17,103,127,1.2440944881889764,0.04836604718000924,620,I think of it more as a coup de grace.
4951,1264,5,21,101,127,1.2440944881889764,0.045708924357428474,620,The last time we played this game was 65 million years ago.
4924,1264,8,15,104,127,1.2440944881889764,0.04964130232751515,620,That explains the reports we’ve been getting of heavy wind gusts in Chicago
4917,1264,5,21,101,127,1.2440944881889764,0.045708924357428474,620,"If the Earth isn't flat now, it sure will be when she's through with it!"
4857,1264,7,17,103,127,1.2440944881889764,0.04836604718000924,620,Doesn't he know what's in the middle of that thing?
4812,1264,4,23,100,127,1.2440944881889764,0.04432066548417608,620,He’s still very bitter about the whole Trump thing.
4778,1264,5,21,101,127,1.2440944881889764,0.045708924357428474,620,Ten points if you hit the San Andreas.
4650,1264,5,21,101,127,1.2440944881889764,0.045708924357428474,620,I Dunno. I always imagined logic playing a larger part.
4634,1264,6,19,102,127,1.2440944881889764,0.047056244461984,620,I understand he was with the Trump Administration.
4620,1264,6,19,102,127,1.2440944881889764,0.047056244461984,620,"Sorry to say, it's not love that makes the world go round."
4563,1264,7,17,103,127,1.2440944881889764,0.04836604718000924,620,The games were more fun when Obama was president.
4555,1264,5,21,101,127,1.2440944881889764,0.045708924357428474,620,It's broken already.  He just can't see it.
4546,1264,7,17,103,127,1.2440944881889764,0.04836604718000924,620,The Daily News Cycle
4489,1264,5,21,101,127,1.2440944881889764,0.045708924357428474,620,Against our better angels.
4469,1264,8,15,104,127,1.2440944881889764,0.04964130232751515,620,He says it's cathartic.
4460,1264,6,19,102,127,1.2440944881889764,0.047056244461984,620,Looks like I'm not the only one frustrated with how things are going.
4419,1264,6,19,102,127,1.2440944881889764,0.047056244461984,620,And they worry about climate change.  If they only knew.
4354,1264,5,21,101,127,1.2440944881889764,0.045708924357428474,620,"So, this is how the world ends?"
4352,1264,6,19,102,127,1.2440944881889764,0.047056244461984,620,Happy Earth Day
4349,1264,6,19,102,127,1.2440944881889764,0.047056244461984,620,"I’ve heard of Atlas Shrugged, but this is ridiculous."
4307,1264,3,25,99,127,1.2440944881889764,0.04288749248915535,620,Should we tell him it's not full of candy?
4195,1264,7,17,103,127,1.2440944881889764,0.04836604718000924,620,"With a little divine intervention, he might hit Washington, D.C."
4167,1264,5,21,101,127,1.2440944881889764,0.045708924357428474,620,Rumors say this year it's full of nuts.
4131,1264,7,17,103,127,1.2440944881889764,0.04836604718000924,620,We always start them off in tee ball.
4108,1264,8,15,104,127,1.2440944881889764,0.04964130232751515,620,A pinata?!  I thought He was going to use fire the next time they screwed up.
4070,1264,5,21,101,127,1.2440944881889764,0.045708924357428474,620,"Silly me, I thought earthquakes were acts of Nature."
3055,1264,3,25,99,127,1.2440944881889764,0.04288749248915535,620,"According to Revelations, he should have hit it by now."
448,1264,7,17,103,127,1.2440944881889764,0.04836604718000924,620,"Ever since November 8, 2016 he’s been getting closer and closer."
2997,1264,8,15,104,127,1.2440944881889764,0.04964130232751515,620,Gabriel is taking this flat earth debate a bit too far.
1254,1264,8,15,104,127,1.2440944881889764,0.04964130232751515,620,The candy's probably all melted anyhow.
1009,1264,7,17,103,127,1.2440944881889764,0.04836604718000924,620,Planet Pinata is actually the real cause of climate change. We need to leak this somehow to the White House.
983,1264,5,21,101,127,1.2440944881889764,0.045708924357428474,620,He was getting bored and this definitely beats the dreidel.
973,1264,7,17,103,127,1.2440944881889764,0.04836604718000924,620,They were out of regular piñatas.
938,1264,5,21,101,127,1.2440944881889764,0.045708924357428474,620,Now there's only one moon.
913,1264,7,17,103,127,1.2440944881889764,0.04836604718000924,620,Of course there's no candy inside. But they're so much nicer to each other for a few weeks after one of us gets a hit.
896,1264,8,15,104,127,1.2440944881889764,0.04964130232751515,620,"He hits it, all “Hell” breaks loose."
883,1264,8,15,104,127,1.2440944881889764,0.04964130232751515,620,"When I heard ""God doesn't play dice,"" this isn't exactly what I imagined."
847,1264,7,17,103,127,1.2440944881889764,0.04836604718000924,620,Extra bonus points for hitting the San Andreas fault
844,1264,6,19,102,127,1.2440944881889764,0.047056244461984,620,He'll never get it. We're waiting for the Big Guy.
752,1264,5,21,101,127,1.2440944881889764,0.045708924357428474,620,"When he taps it, and a little lava comes out like that, it makes me wonder if we should really be playing this."
1275,1264,6,19,102,127,1.2440944881889764,0.047056244461984,620,He'd better hurry before it self-destructs.
710,1264,6,19,102,127,1.2440944881889764,0.047056244461984,620,No one has the heart to tell him what’s really inside.
592,1264,5,21,101,127,1.2440944881889764,0.045708924357428474,620,And they think that anything they do matters.
538,1264,6,19,102,127,1.2440944881889764,0.047056244461984,620,Bet Trump destroys it before Gabe!
466,1264,6,19,102,127,1.2440944881889764,0.047056244461984,620,We're just hastening the inevitable.
3050,1264,5,21,101,127,1.2440944881889764,0.045708924357428474,620,"Hey, If you have a better activity until they fix the cable i'm all ears."
447,1264,6,19,102,127,1.2440944881889764,0.047056244461984,620,"WHEN PEOPLE ASK WHAT TOOK THE RAPTURE SO LONG, IT'S BECAUSE WE HAVE TERRIBLE AIM."
392,1264,5,21,101,127,1.2440944881889764,0.045708924357428474,620,Copernicus wasn’t even close.
348,1264,6,19,102,127,1.2440944881889764,0.047056244461984,620,Tsunami or earthquake?
174,1264,5,21,101,127,1.2440944881889764,0.045708924357428474,620,"They're used to it - call it ""God's Will."""
145,1264,8,15,104,127,1.2440944881889764,0.04964130232751515,620,"The mortals are trashing it anyway, so why not?"
65,1264,5,21,101,127,1.2440944881889764,0.045708924357428474,620,St. Peter really went with a dark theme for his party.
62,1264,5,21,101,127,1.2440944881889764,0.045708924357428474,620,"After the Republicans took over, they privatized the place."
605,1264,8,15,104,127,1.2440944881889764,0.04964130232751515,620,It was this or Whack-A-Mole.
1286,1264,5,21,101,127,1.2440944881889764,0.045708924357428474,620,They had plenty of opportunity to get it right.
1235,1264,10,11,106,127,1.2440944881889764,0.052098249977110773,620,They say his son is now president.
1342,1264,7,17,103,127,1.2440944881889764,0.04836604718000924,620,"Trust me, you don't want what's inside it."
2957,1264,8,15,104,127,1.2440944881889764,0.04964130232751515,620,We'll always have Mars.
2825,1264,5,21,101,127,1.2440944881889764,0.045708924357428474,620,And that's how we make hurricanes.
2814,1264,4,23,100,127,1.2440944881889764,0.04432066548417608,620,"If it doesn't stop spinning, he'll never hit it."
2783,1264,6,19,102,127,1.2440944881889764,0.047056244461984,620,"Looks like Uriel plays for the Mets, not the Angels."
2654,1264,7,17,103,127,1.2440944881889764,0.04836604718000924,620,Don't worry. They'll blame North Korea.
2645,1264,5,21,101,127,1.2440944881889764,0.045708924357428474,620,I hope it's filled with gummy worms.
2617,1264,4,23,100,127,1.2440944881889764,0.04432066548417608,620,All we know for sure is it’s not candy!!
2534,1264,5,21,101,127,1.2440944881889764,0.045708924357428474,620,So .... God does have a sense of humor.
2429,1264,6,19,102,127,1.2440944881889764,0.047056244461984,620,Don't expect candy anytime soon. He hasn't come close in 4 billion years.
1300,1264,5,21,101,127,1.2440944881889764,0.045708924357428474,620,This kind of behavior would not be acceptable in the Old Testament.
2303,1264,8,15,104,127,1.2440944881889764,0.04964130232751515,620,"Sometimes I can't look, either."
2252,1264,5,21,101,127,1.2440944881889764,0.045708924357428474,620,"Hey, it's a Mexican tradition. He's only allowed to hit it south of The Wall."
2423,1264,7,17,103,127,1.2440944881889764,0.04836604718000924,620,He's a cinch to get sent down.
2030,1264,7,17,103,127,1.2440944881889764,0.04836604718000924,620,Won't they think God's angry about the gays again?
1420,1264,6,19,102,127,1.2440944881889764,0.047056244461984,620,Pyroclastic flow at Fuego? That's nothing. My welcome party caused Pangea to divide.
1441,1264,4,23,100,127,1.2440944881889764,0.04432066548417608,620,"No candy, just magma."
2133,1264,4,23,100,127,1.2440944881889764,0.04432066548417608,620,I hear the Boss has $20 on the humans destroying it first.
1578,1264,5,21,101,127,1.2440944881889764,0.045708924357428474,620,"Try to put your wings into it this time"""
1592,1264,4,23,100,127,1.2440944881889764,0.04432066548417608,620,"Candies?  Molten lava?  Honestly, I don't know."
1558,1264,5,21,101,127,1.2440944881889764,0.045708924357428474,620,I believe I am ready now to ascend past whack-a- planet
1678,1264,7,17,103,127,1.2440944881889764,0.04836604718000924,620,"And that's how he broke the crust of this chocolate ball into five continents"""
1748,1264,4,23,100,127,1.2440944881889764,0.04432066548417608,620,I don’t care if we are angels.  This company picnic stinks.
1805,1264,5,21,101,127,1.2440944881889764,0.045708924357428474,620,There's nothing inside. God was just done with it.
1831,1264,7,17,103,127,1.2440944881889764,0.04836604718000924,620,"Don't get too excited. Even if he breaks it, the candy inside is over four billion years old."
1671,1264,7,17,103,127,1.2440944881889764,0.04836604718000924,620,He better hurry up or it's going to explode on its own.
4795,1373,8,14,102,124,1.2419354838709677,0.050399619592996305,620,"Don’t worry, he’s had a few too many Bloody Hail Marys to actually hit it."
2925,1373,4,22,98,124,1.2419354838709677,0.04489543719436014,620,"We call this game ""The Apocalypse."""
4393,1373,8,14,102,124,1.2419354838709677,0.050399619592996305,620,Where's Jesus? It's HIS birthday.
4229,1373,5,20,99,124,1.2419354838709677,0.0463328244815081,620,"For some, breaking it is therapeutic."
3668,1373,3,24,97,124,1.2419354838709677,0.04341048188296504,620,Nothing sweet is coming out of that.
3557,1373,7,16,101,124,1.2419354838709677,0.04908147625690609,620,I thought God's flood trick was more effective....
3021,1373,7,16,101,124,1.2419354838709677,0.04908147625690609,620,God wanted something quicker and more festive than global warming.
2223,1373,5,20,99,124,1.2419354838709677,0.0463328244815081,620,Everything he learned about batting he got from the Mets.
3597,1373,7,16,101,124,1.2419354838709677,0.04908147625690609,620,Be careful what you swish for.
1898,1373,9,12,103,124,1.2419354838709677,0.05168415616685869,620,"If he misses it, you know who gets elected in again in 2020."
1704,1373,7,16,101,124,1.2419354838709677,0.04908147625690609,620,El Niño is terrible at this.
1518,1373,6,18,100,124,1.2419354838709677,0.047726941741491634,620,It's been over four billion years - when's it our turn?
1344,1373,6,18,100,124,1.2419354838709677,0.047726941741491634,620,That's why he was never drafted
2219,1373,5,20,99,124,1.2419354838709677,0.0463328244815081,620,"At this rate, we'll be waiting an eternity."
1279,1373,6,18,100,124,1.2419354838709677,0.047726941741491634,620,"If he hits this one out of the park we could have some overcrowding issues."""
779,1373,6,18,100,124,1.2419354838709677,0.047726941741491634,620,So that's what causes earthquakes
3739,1389,5,18,93,116,1.2413793103448276,0.04839351694219841,620,"I miss Earth a lot, too"
4230,1390,6,18,101,125,1.24,0.04738313297284785,620,"If you don't get it on the first few tries, the humans end up destroying it themselves."
2117,1390,7,16,102,125,1.24,0.0487256970025786,620,Hark! The herald angels swing...fa la la la...la la la la...
1686,1390,6,18,101,125,1.24,0.04738313297284785,620,We don't let Lucifer play. He peeks.
3728,1390,6,18,101,125,1.24,0.04738313297284785,620,There goes Geology 101.
118,1390,3,24,98,125,1.24,0.04310527248642598,620,"It gives new meaning to fate, doesn't it?"
2080,1395,5,20,101,126,1.2380952380952381,0.045674585936311615,620,He always thinks the world revolves around him.
4678,1396,5,19,98,122,1.2377049180327868,0.04663631960750775,620,He said he wants to make Earth great again.
2143,1396,6,17,99,122,1.2377049180327868,0.048066925254456445,620,"When we told him that Trump's in charge, he started to swing harder and more often."
4726,1396,4,21,97,122,1.2377049180327868,0.045160417509692276,620,"I've heard some pretty crazy interpretations of Revelations over the millennia, but this one takes the cake."
4366,1396,6,17,99,122,1.2377049180327868,0.048066925254456445,620,That's how bad things happen to good people.
4094,1396,8,13,101,122,1.2377049180327868,0.050807433483549276,620,He's from the EPA. Give him time.
4867,1396,8,13,101,122,1.2377049180327868,0.050807433483549276,620,We told him it was Pluto.
3391,1396,7,15,100,122,1.2377049180327868,0.04945616544275742,620,I prefer dice.
3132,1396,7,15,100,122,1.2377049180327868,0.04945616544275742,620,"Dont worry, they’ll blame it on global warming"
2939,1396,8,13,101,122,1.2377049180327868,0.050807433483549276,620,Hope it’s less messy than Uranus!
2614,1396,8,13,101,122,1.2377049180327868,0.050807433483549276,620,For God so loved the world... but Fred sure doesn't.
2488,1396,6,17,99,122,1.2377049180327868,0.048066925254456445,620,Remember a couple of years ago when you gave them Trump?
2236,1396,4,21,97,122,1.2377049180327868,0.045160417509692276,620,"So far, he's 0 for 10,000,000,001"
2070,1396,5,19,98,122,1.2377049180327868,0.04663631960750775,620,"I don't know why he's trying so hard, I hear it's mostly water."
4090,1396,9,11,102,122,1.2377049180327868,0.05212368266027618,620,Is this what they call fracking?
1605,1396,4,21,97,122,1.2377049180327868,0.045160417509692276,620,Does he have any idea that thing is full of crude oil and methane?
1867,1396,4,21,97,122,1.2377049180327868,0.045160417509692276,620,"Just a few more whacks should get it back in orbit"" he said"
68,1396,6,17,99,122,1.2377049180327868,0.048066925254456445,620,The country he hits will determine who Trump tweets about tomorrow.
211,1396,7,15,100,122,1.2377049180327868,0.04945616544275742,620,"The last time we played this game, Michael wiped out the dinosaurs."
255,1396,6,17,99,122,1.2377049180327868,0.048066925254456445,620,"Be careful, this guy always throws the bat."
383,1396,5,19,98,122,1.2377049180327868,0.04663631960750775,620,Owns the cattle on a thousand hills but apparently only one party game.
223,1396,8,13,101,122,1.2377049180327868,0.050807433483549276,620,I hate these Armageddon parties.
1001,1396,6,17,99,122,1.2377049180327868,0.048066925254456445,620,It has something to do with the next presidential election...
1276,1396,5,19,98,122,1.2377049180327868,0.04663631960750775,620,Mercury must be in retrograde.
1335,1396,9,11,102,122,1.2377049180327868,0.05212368266027618,620,I hope he smacks the Hell out of that thing.
1486,1396,7,15,100,122,1.2377049180327868,0.04945616544275742,620,"What with the temperature and all, the candy will be all melted."
713,1396,5,19,98,122,1.2377049180327868,0.04663631960750775,620,Relax. It’s just a problem-solving exercise.
2874,1422,3,22,93,118,1.2372881355932204,0.04451350836236989,620,I’m betting Germany. Again.
4854,1423,1,28,98,127,1.236220472440945,0.039457470809377705,620,We thought this seemed like a lot more fun than just waiting around for nuclear annihilation
4073,1424,7,15,101,123,1.2357723577235773,0.04909048948562143,620,........and this is your Old Testament section .
4654,1424,5,19,99,123,1.2357723577235773,0.04629596219205625,620,"Mercury was too small, and Venus too hot.  And Saturn was just all kinds of wrong."
4365,1424,7,15,101,123,1.2357723577235773,0.04909048948562143,620,"I tried to use a rock, but all it did was wipe out the dinosaurs."
4005,1424,5,19,99,123,1.2357723577235773,0.04629596219205625,620,What should it be this time?  Tidal wave?
4740,1424,6,17,100,123,1.2357723577235773,0.04771368919516814,620,Waste of energy: it'll blow up by itself  soon.
2333,1424,7,15,101,123,1.2357723577235773,0.04909048948562143,620,sardonic angel mocking Trump’s foreign policy!
1837,1424,6,17,100,123,1.2357723577235773,0.04771368919516814,620,Better to make a game out of it than watch it destroy itself on it's own.
1005,1424,6,17,100,123,1.2357723577235773,0.04771368919516814,620,His birthday doesn't even line up with the apocalypse
2360,1424,7,15,101,123,1.2357723577235773,0.04909048948562143,620,You want climate change?  I’ll show you climate change!
2588,1433,5,18,96,119,1.2352941176470589,0.04729679185138561,620,They think it's global warming.
2602,1433,7,14,98,119,1.2352941176470589,0.05021798707662224,620,"I don't know which is sadder, him flailing at it for the past seven hundred years, or me watching the whole time."
2686,1433,6,16,97,119,1.2352941176470589,0.04877926170751816,620,He still thinks the world is flat.
3056,1433,6,16,97,119,1.2352941176470589,0.04877926170751816,620,I'm surprised he's having such a hell of a time.
3207,1433,8,12,99,119,1.2352941176470589,0.05161662599710533,620,Aethelwold is the  Patron Saint of the unfeasibly uncoordinated.
3461,1433,3,22,94,119,1.2352941176470589,0.04418287918231217,620,Fire and brimstone was no fun.
3512,1433,6,16,97,119,1.2352941176470589,0.04877926170751816,620,So much for divine intervention.
3727,1433,3,22,94,119,1.2352941176470589,0.04418287918231217,620,I wonder what the flat earth crowd will think of this?
3789,1433,5,18,96,119,1.2352941176470589,0.04729679185138561,620,"Every rime a bell rings, an angel gets his swings."
3890,1433,5,18,96,119,1.2352941176470589,0.04729679185138561,620,You know this is how the dinosaurs went extinct.
4162,1433,5,18,96,119,1.2352941176470589,0.04729679185138561,620,I think he’s more suited for the Mets
4212,1433,6,16,97,119,1.2352941176470589,0.04877926170751816,620,The doomsday’ clock is at 11:55; you’ve got five minutes to finish it off
4481,1433,7,14,98,119,1.2352941176470589,0.05021798707662224,620,We replaced the flap of a butterfly's wing to send a message.
4483,1433,4,20,95,119,1.2352941176470589,0.04576632677128508,620,St. Louis is in a slump.
4521,1433,6,16,97,119,1.2352941176470589,0.04877926170751816,620,The beatings will continue until morality improves.
4621,1433,3,22,94,119,1.2352941176470589,0.04418287918231217,620,This is how mountains and valleys are made.
4694,1433,3,22,94,119,1.2352941176470589,0.04418287918231217,620,It's only a game if you believe its a game
4771,1433,6,16,97,119,1.2352941176470589,0.04877926170751816,620,Don’t get your hopes up.  It’s filled with coal and oil.”
4797,1433,0,28,91,119,1.2352941176470589,0.03904916456144793,620,Centuries ago we did it the old way. No blindfolds. A good aim really got you hell on earth.
2477,1433,5,18,96,119,1.2352941176470589,0.04729679185138561,620,"Just candy. He's a loving God, remember?"
4061,1433,4,20,95,119,1.2352941176470589,0.04576632677128508,620,Cultural appropriation.
2440,1433,8,12,99,119,1.2352941176470589,0.05161662599710533,620,OMG! It was a ‘Big Bang’
2503,1433,5,18,96,119,1.2352941176470589,0.04729679185138561,620,"Shoo, ozone layer...shoo!"
2332,1433,6,16,97,119,1.2352941176470589,0.04877926170751816,620,we're all gonna miss the Earth soon...
2383,1433,4,20,95,119,1.2352941176470589,0.04576632677128508,620,He can totally see through that blindfold.
85,1433,6,16,97,119,1.2352941176470589,0.04877926170751816,620,I hear Trump is doing the same thing on Earth.
113,1433,4,20,95,119,1.2352941176470589,0.04576632677128508,620,We used to play ring toss with Saturn.
132,1433,4,20,95,119,1.2352941176470589,0.04576632677128508,620,Remember when you said cultural appropriation wasn’t the end of the world?
180,1433,5,18,96,119,1.2352941176470589,0.04729679185138561,620,I haven't the heart to tell him it's just empty inside.
212,1433,5,18,96,119,1.2352941176470589,0.04729679185138561,620,"Testing Testing 1, 2, 3."
308,1433,5,18,96,119,1.2352941176470589,0.04729679185138561,620,"Every time Trump rings that Diet Coke bell, an angel gets a swing."
487,1433,6,16,97,119,1.2352941176470589,0.04877926170751816,620,How's this Big Bang for ya!?
551,1433,6,16,97,119,1.2352941176470589,0.04877926170751816,620,No ones managed to hit it in 4 billion years...
733,1433,5,18,96,119,1.2352941176470589,0.04729679185138561,620,Vlad you're next after Donald gets one more swing
772,1433,2,24,93,119,1.2352941176470589,0.042540533136545704,620,You mean He just made that part up about the battle between the good and bad angels?
724,1433,6,16,97,119,1.2352941176470589,0.04877926170751816,620,It's fun when the magma spills out.
927,1433,6,16,97,119,1.2352941176470589,0.04877926170751816,620,"Boy is he in for a surprise. If he smashes the globe, he gets to be the Angel of Death."
2318,1433,6,16,97,119,1.2352941176470589,0.04877926170751816,620,Someone hits it every four years at election time.
925,1433,6,16,97,119,1.2352941176470589,0.04877926170751816,620,And they were worried about climate change.
2074,1433,4,20,95,119,1.2352941176470589,0.04576632677128508,620,Michael's left handed?
1630,1433,7,14,98,119,1.2352941176470589,0.05021798707662224,620,"He gets another pair of wings if he can smack Washington, D.C., off the globe."
2204,1433,5,18,96,119,1.2352941176470589,0.04729679185138561,620,"The Donald's""  guardian angel- why"
1540,1433,7,14,98,119,1.2352941176470589,0.05021798707662224,620,Mass Extinction Events and St Matthews birthday: A Correlation.
1227,1433,4,20,95,119,1.2352941176470589,0.04576632677128508,620,"So, all that stuff in the Book of Revelations was really just a cover story for this little shindig?"
1222,1433,4,20,95,119,1.2352941176470589,0.04576632677128508,620,"Back on earth, they blame global warming."
1589,1433,6,16,97,119,1.2352941176470589,0.04877926170751816,620,"Technically, the odds for any swing connecting are the same. But he's missed now for 4 billion years."
4831,1479,7,15,102,124,1.2338709677419355,0.04873009820953448,620,I’d feel better about this if one of us was Mexican.
4104,1479,6,17,101,124,1.2338709677419355,0.047365516232269395,620,"Lucifer, you gave Samael another shot of tequila, didn’t you?"
4052,1479,6,17,101,124,1.2338709677419355,0.047365516232269395,620,"It’s pretty hard to hit only Trump with the blindfold on, but I think he’s peeking!"
3791,1479,4,21,99,124,1.2338709677419355,0.044511026059015704,620,He didn't care for life on Earth
3117,1479,7,15,102,124,1.2338709677419355,0.04873009820953448,620,This game only really took off around November 2016
3123,1479,6,17,101,124,1.2338709677419355,0.047365516232269395,620,I'm saving myself for 'Pin The Tail on The Donald'.
2950,1479,8,13,103,124,1.2338709677419355,0.05005749509386557,620,You're thaying what they taught us in the fifth grade about the origin of tornados was a myth. What will a hit be?
3780,1479,5,19,100,124,1.2338709677419355,0.045960437164890795,620,"Used to filled with truffles, now it's all spam."
2198,1479,6,17,101,124,1.2338709677419355,0.047365516232269395,620,Does it matter? The world has already gone to pieces.
1928,1479,5,19,100,124,1.2338709677419355,0.045960437164890795,620,Trump Towers are worth a free turn.
1845,1479,5,19,100,124,1.2338709677419355,0.045960437164890795,620,"On earth, this is call tectonic shift."
1771,1479,6,17,101,124,1.2338709677419355,0.047365516232269395,620,My bet was on Global Warming to destroy Earth.
1364,1479,8,13,103,124,1.2338709677419355,0.05005749509386557,620,"I wanted to get one of those Trump heads, but hellzapoppin right now, and they were all sold out."
1194,1479,4,21,99,124,1.2338709677419355,0.044511026059015704,620,We can't even ACCIDENTALLY destroy Earth...
1011,1479,5,19,100,124,1.2338709677419355,0.045960437164890795,620,I wonder how many hits this thing can take before it's all over.
2795,1479,6,17,101,124,1.2338709677419355,0.047365516232269395,620,No one can hit the screwball.
1762,1495,4,20,96,120,1.2333333333333334,0.0454256762579498,620,Doubt there's anything good in this one.
3401,1495,3,22,95,120,1.2333333333333334,0.0438569953494662,620,I hope it’s not all dinosaurs like last time.
4682,1495,7,14,99,120,1.2333333333333334,0.049836333439760135,620,I thought a trumpet blast would start this off.
4839,1498,7,15,103,125,1.232,0.04837488017822953,620,"Oh right, it's hurricane season again..."
4750,1498,6,17,102,125,1.232,0.047022300817734855,620,"We have prayed and prayed, now we are just going to wing it."
4222,1498,8,13,104,125,1.232,0.04969065596591154,620,"C’mon, there are plenty of planets if we lose this one..."
3735,1498,6,17,102,125,1.232,0.047022300817734855,620,NOW can you see the problem with cultural appropriation?
3069,1498,6,17,102,125,1.232,0.047022300817734855,620,Oh. Dios. Mío.
3538,1498,8,13,104,125,1.232,0.04969065596591154,620,Who the hell gave Trump wings?
2492,1498,5,19,101,125,1.232,0.04562964514577153,620,He’s just messing with them. They don’t believe in climate change and science.
2453,1498,9,11,105,125,1.232,0.05097247834260265,620,"Are you sure this is the best way to deactivate Donald Trump's Twitter account?"""
1484,1498,5,19,101,125,1.232,0.04562964514577153,620,You're only saying that because someone else is enjoying it.
1326,1498,7,15,103,125,1.232,0.04837488017822953,620,Just one more good whack should do it.
690,1498,8,13,104,125,1.232,0.04969065596591154,620,You don't want to know what it's full of.
2752,1498,6,17,102,125,1.232,0.047022300817734855,620,It will be tough to top those Mars candies.
3102,1510,6,15,96,117,1.2307692307692308,0.04913728967652168,620,"It's supposed to be random, but since November 2016 we keep whacking it in Washington DC."
3165,1510,7,13,97,117,1.2307692307692308,0.05061457747608033,620,He's going to be REALLY disappointed when he finds out what's inside that thing
3225,1510,3,21,93,117,1.2307692307692308,0.04441155916843276,620,"Gee, I wish he would hurry up.  It seems like we've been waiting forever.."
3433,1510,6,15,96,117,1.2307692307692308,0.04913728967652168,620,I wish he would swing a little lower: Tump is in South America this week.
3696,1510,4,19,94,117,1.2307692307692308,0.046040729838903914,620,"Last time we hit it, water went everywhere."
3845,1510,7,13,97,117,1.2307692307692308,0.05061457747608033,620,And they think climate change is the problem.
4169,1510,6,15,96,117,1.2307692307692308,0.04913728967652168,620,But I heard earth was flat.
4064,1510,6,15,96,117,1.2307692307692308,0.04913728967652168,620,You can read how to make one in the genesis book.
4279,1510,4,19,94,117,1.2307692307692308,0.046040729838903914,620,"Isn't it ironic, on Earth he was a member of the Flat Earth Society."
4418,1510,5,17,95,117,1.2307692307692308,0.04761418927616715,620,"What’s it filled with?” 
“Hate."
4724,1510,4,19,94,117,1.2307692307692308,0.046040729838903914,620,"Yeah, but for my birthday He got me a gift card."
4825,1510,7,13,97,117,1.2307692307692308,0.05061457747608033,620,I guess God doesn’t play dice.
4945,1510,6,15,96,117,1.2307692307692308,0.04913728967652168,620,"Until recent events, I never heard God say that she had a birthday."
3943,1510,6,15,96,117,1.2307692307692308,0.04913728967652168,620,He set a record for strike-outs in 2017 too.
2092,1510,2,23,92,117,1.2307692307692308,0.04272030397180561,620,"...But I guess the other guy has a much bigger stick, and his works!"
2731,1510,3,21,93,117,1.2307692307692308,0.04441155916843276,620,"He knows it's filled with magma, right?"
1990,1510,5,17,95,117,1.2307692307692308,0.04761418927616715,620,"The moral arc of the universe is long, but it bends toward justice. Soon, I hope."
2023,1510,6,15,96,117,1.2307692307692308,0.04913728967652168,620,He was a polluter.  He'll be swinging away for eternity.
5,1510,3,21,93,117,1.2307692307692308,0.04441155916843276,620,Who's minding the gates?
36,1510,3,21,93,117,1.2307692307692308,0.04441155916843276,620,"""In the last couple of years, he's getting closer and closer."
226,1510,6,15,96,117,1.2307692307692308,0.04913728967652168,620,"He was the only Leftist that's made it here so far."""
364,1510,6,15,96,117,1.2307692307692308,0.04913728967652168,620,What’s “The Force”?
662,1510,8,11,98,117,1.2307692307692308,0.052049953596615926,620,What a bummer. Even up here it's a piñata instead of paintball.
1136,1510,6,15,96,117,1.2307692307692308,0.04913728967652168,620,"Every time an extraction industry CEO tithes a million bucks to the church, we take another swing."
833,1510,7,13,97,117,1.2307692307692308,0.05061457747608033,620,Watch it. The last time he lost we got Trump.
1246,1510,6,15,96,117,1.2307692307692308,0.04913728967652168,620,"End of world"" delayed on more time"
1446,1510,7,13,97,117,1.2307692307692308,0.05061457747608033,620,We had a really fantastic meeting. A lot of progress. Really very positive. I think better than anyone could have expected. Top of the line. Really good.
1511,1510,6,15,96,117,1.2307692307692308,0.04913728967652168,620,Humans still think it's global warming!
1690,1510,6,15,96,117,1.2307692307692308,0.04913728967652168,620,Can it get any worse?
1721,1510,6,15,96,117,1.2307692307692308,0.04913728967652168,620,Ten points for Gryffindor if you hit Antarctica
1815,1510,9,9,99,117,1.2307692307692308,0.05344679490612702,620,"What were you expecting, charades?"
1234,1510,4,19,94,117,1.2307692307692308,0.046040729838903914,620,Well I guess you could say it isn’t ENTIRELY random.
2850,1542,4,18,91,113,1.2300884955752212,0.047050907076817174,620,"Yeah, the big guy calls it a ""siñata,"" thinks it's HILARIOUS."
4293,1543,5,17,96,118,1.228813559322034,0.04724944508372923,620,"This game's not much fun, but next we'll play ""Pin the tail on Uranus."""
4966,1543,6,15,97,118,1.228813559322034,0.048758328646135496,620,I thought the Apocalypse would be much more...definitive.
4942,1543,4,19,95,118,1.228813559322034,0.04569075955897573,620,Wanna go to the party in Hell? I hear they have a dunk tank.
4525,1543,3,21,94,118,1.228813559322034,0.044076988978739455,620,I thought it would be nukes.
3464,1543,4,19,95,118,1.228813559322034,0.04569075955897573,620,It really needs a good whack!
3976,1543,4,19,95,118,1.228813559322034,0.04569075955897573,620,"So, ah, you still think this will send the message or should we try something a bit more direct..."
3186,1543,6,15,97,118,1.228813559322034,0.048758328646135496,620,Of course it is a Piñata!
959,1543,2,23,93,118,1.228813559322034,0.0424018443677596,620,We do this every fall. They think it’s just hurricane season.
655,1543,5,17,96,118,1.228813559322034,0.04724944508372923,620,"Yeah, but this is FAKE heaven. Apparently he negotiated a deal with the devil to ""take a whack at the universe.""  You voted for him, too?"
463,1543,3,21,94,118,1.228813559322034,0.044076988978739455,620,"If you think this looks fun, wait until we pin the tail on the comet."
96,1543,8,11,99,118,1.228813559322034,0.05164400948467288,620,If it was only a game.
3362,1543,5,17,96,118,1.228813559322034,0.04724944508372923,620,He's going to be real disappointed when all he finds is garbage.
2463,1555,6,14,94,114,1.2280701754385965,0.0498952290276673,620,"Why are we all white?
Seem like just more Pin Yadda Yadda Yadda."
3184,1555,2,22,90,114,1.2280701754385965,0.04322629175887577,620,"It doesn't look that tough, but trust me, something that flat and spinning is hard to hit."
3182,1555,4,18,92,114,1.2280701754385965,0.04668000738510451,620,There’s our ringer. He was whack a mole champion three years straight.
3096,1555,5,16,93,114,1.2280701754385965,0.04831437140849907,620,They call them 'earth quakes'
3046,1555,7,12,95,114,1.2280701754385965,0.05142751476445614,620,If  he misses West Virginia do we still get the candy?
3029,1555,7,12,95,114,1.2280701754385965,0.05142751476445614,620,His brother plays hockey for the Devils.
2966,1555,6,14,94,114,1.2280701754385965,0.0498952290276673,620,"For God's sake, just adopt the designated hitter already."
2917,1555,5,16,93,114,1.2280701754385965,0.04831437140849907,620,"If anyone asks,  just blame it on San Francisco"
2896,1555,5,16,93,114,1.2280701754385965,0.04831437140849907,620,He's definitely not  Dominican!
2473,1555,6,14,94,114,1.2280701754385965,0.0498952290276673,620,"I've never been to one of these. But, they say the treats are heavenly."
2875,1555,7,12,95,114,1.2280701754385965,0.05142751476445614,620,"Lucifer, show God that you can rule Earth."
2811,1555,7,12,95,114,1.2280701754385965,0.05142751476445614,620,"Heh, Heh - They think it's global warming"
2800,1555,7,12,95,114,1.2280701754385965,0.05142751476445614,620,"Just be thankful you're not in hell, where you would be the piñata."
2657,1555,5,16,93,114,1.2280701754385965,0.04831437140849907,620,Scott Pruitt gets the last swing.
2631,1555,4,18,92,114,1.2280701754385965,0.04668000738510451,620,It's filled with the milky way.
2522,1555,6,14,94,114,1.2280701754385965,0.0498952290276673,620,"time for a little tough love"""
2515,1555,5,16,93,114,1.2280701754385965,0.04831437140849907,620,"St. Peter decided to change the stakes.  Three strikes, a trap door opens, and, well, you know."
2483,1555,4,18,92,114,1.2280701754385965,0.04668000738510451,620,"Watch, we're going to lower it so he hits Saint Ralph in the crotch. It will be great on YouTube."
3215,1555,7,12,95,114,1.2280701754385965,0.05142751476445614,620,"We wanted a clown, but they were both in Singapore for a big meeting."
2884,1555,4,18,92,114,1.2280701754385965,0.04668000738510451,620,"And, they still wonder what happened to the dinosaurs."
3294,1555,6,14,94,114,1.2280701754385965,0.0498952290276673,620,All I’m saying is I don’t want to have to pick up the pieces this time.
4342,1555,7,12,95,114,1.2280701754385965,0.05142751476445614,620,I just hope that it isn't full of  deplorables.
3648,1555,2,22,90,114,1.2280701754385965,0.04322629175887577,620,This always ends badly
4919,1555,5,16,93,114,1.2280701754385965,0.04831437140849907,620,"Yeah, every Cinco de Mayo."
2436,1555,5,16,93,114,1.2280701754385965,0.04831437140849907,620,Missed again!! Doesn’t matter... they will destroy it themselves.
4822,1555,7,12,95,114,1.2280701754385965,0.05142751476445614,620,Should we tell him to give up? It's made of plastic and nearly impossible to break apart.
4784,1555,3,20,91,114,1.2280701754385965,0.04498630563125218,620,Earth is safe.  He whiffed on Jupiter.
4736,1555,4,18,92,114,1.2280701754385965,0.04668000738510451,620,You gotta admit it's a bit more direct than climate change.
4705,1555,5,16,93,114,1.2280701754385965,0.04831437140849907,620,The last time he connected was Nov 2016
4641,1555,6,14,94,114,1.2280701754385965,0.0498952290276673,620,Not to worry. In life he played for the Mets.
4637,1555,8,10,96,114,1.2280701754385965,0.052915448311181626,620,This is so boring... All he's done is put a few holes in the ozone.
4450,1555,3,20,91,114,1.2280701754385965,0.04498630563125218,620,"When He's really upset, bowling."
4223,1555,6,14,94,114,1.2280701754385965,0.0498952290276673,620,"I always said he had a limited world view!"""
4133,1555,6,14,94,114,1.2280701754385965,0.0498952290276673,620,It was Donald's idea.
4128,1555,6,14,94,114,1.2280701754385965,0.0498952290276673,620,"Well, it can’t get any worse."
4089,1555,7,12,95,114,1.2280701754385965,0.05142751476445614,620,"Thankfully, it has a flaky crust."
4002,1555,3,20,91,114,1.2280701754385965,0.04498630563125218,620,You swing like a girl!
3991,1555,7,12,95,114,1.2280701754385965,0.05142751476445614,620,This explains Trumps foreign policy!
3896,1555,3,20,91,114,1.2280701754385965,0.04498630563125218,620,I always thought there was something strange about Lucifer.
3846,1555,3,20,91,114,1.2280701754385965,0.04498630563125218,620,It's the President's solution to global warming.
3827,1555,8,10,96,114,1.2280701754385965,0.052915448311181626,620,Last time he hit it out of orbit.
3767,1555,5,16,93,114,1.2280701754385965,0.04831437140849907,620,Well that shoots Newton’s theory.
3594,1555,8,10,96,114,1.2280701754385965,0.052915448311181626,620,What happened to our standards? Scott Pruitt in Heaven?
2427,1555,2,22,90,114,1.2280701754385965,0.04322629175887577,620,"That's why we call him ""hurricane."""
3675,1555,5,16,93,114,1.2280701754385965,0.04831437140849907,620,"He's been at it for a millenniums, I'm starting to suspect divine intervention."
2302,1555,4,18,92,114,1.2280701754385965,0.04668000738510451,620,"We have to change the rules...strike ""infinity"" slows the game down."
957,1555,5,16,93,114,1.2280701754385965,0.04831437140849907,620,"It's a pretty tough nut to crack, but I heard there are internal problems weakening its structural and spiritual integrity."
942,1555,6,14,94,114,1.2280701754385965,0.0498952290276673,620,Just wait until Trump gets up.
887,1555,3,20,91,114,1.2280701754385965,0.04498630563125218,620,Don't blame me. I voted for pin-the-tailwind on the televangelist's private jet
812,1555,3,20,91,114,1.2280701754385965,0.04498630563125218,620,His name? Coal.
809,1555,5,16,93,114,1.2280701754385965,0.04831437140849907,620,"You kidding, caramels?  Nuts, all nuts."
794,1555,5,16,93,114,1.2280701754385965,0.04831437140849907,620,"Can’t get any worse, right?"
720,1555,4,18,92,114,1.2280701754385965,0.04668000738510451,620,I warned him this one was already broken.
695,1555,4,18,92,114,1.2280701754385965,0.04668000738510451,620,"Sure, on ""Earth"" he was a Yankee."
636,1555,7,12,95,114,1.2280701754385965,0.05142751476445614,620,My money's on Scott Pruitt over Gabriel.
494,1555,4,18,92,114,1.2280701754385965,0.04668000738510451,620,Now don't hog all the thoughts & prayers this time.
362,1555,5,16,93,114,1.2280701754385965,0.04831437140849907,620,"As below, so above."
295,1555,6,14,94,114,1.2280701754385965,0.0498952290276673,620,This is why we make him play in the outfield.
289,1555,8,10,96,114,1.2280701754385965,0.052915448311181626,620,"And on the 2,198,000th day, God decided to smack them around a bit."
173,1555,4,18,92,114,1.2280701754385965,0.04668000738510451,620,I wonder what will happen when all the lava inside pours out.
135,1555,8,10,96,114,1.2280701754385965,0.052915448311181626,620,It's God's way of dealing with the age of Trump!
57,1555,4,18,92,114,1.2280701754385965,0.04668000738510451,620,So this is the source of the Jet Stream.
39,1555,3,20,91,114,1.2280701754385965,0.04498630563125218,620,I missed choir for this?
0,1555,7,12,95,114,1.2280701754385965,0.05142751476445614,620,"When he hits, yell 'big bang'!"
2389,1555,5,16,93,114,1.2280701754385965,0.04831437140849907,620,Are we 100% sure this isn't hell?
1040,1555,5,16,93,114,1.2280701754385965,0.04831437140849907,620,Next we pin the rings on Saturn.
1102,1555,8,10,96,114,1.2280701754385965,0.052915448311181626,620,It’s Scott Pruitt’s day off.
701,1555,6,14,94,114,1.2280701754385965,0.0498952290276673,620,"We call it ""Trump ball."""
1301,1555,3,20,91,114,1.2280701754385965,0.04498630563125218,620,And so that’s how we get leap years.
2289,1555,4,18,92,114,1.2280701754385965,0.04668000738510451,620,I asked but the guy said they discontinued Pluto
1265,1555,4,18,92,114,1.2280701754385965,0.04668000738510451,620,...We’ll see what happens.
2226,1555,7,12,95,114,1.2280701754385965,0.05142751476445614,620,He would've gone pro if it wasn't for the dino fiasco 243 million years ago.
2199,1555,6,14,94,114,1.2280701754385965,0.0498952290276673,620,Does the clown know how to get here?
2099,1555,5,16,93,114,1.2280701754385965,0.04831437140849907,620,I’m guessing there’s no Smarties in there.
2065,1555,7,12,95,114,1.2280701754385965,0.05142751476445614,620,"Didn't we just do this 65,000,000 years ago?"
1983,1555,6,14,94,114,1.2280701754385965,0.0498952290276673,620,I was always told thunder was God bowling. Who knew?
1957,1555,9,8,97,114,1.2280701754385965,0.05436267161479755,620,2018 World Series
1940,1555,6,14,94,114,1.2280701754385965,0.0498952290276673,620,They’re gonna have to rewrite Revelations after my turn!
1857,1555,6,14,94,114,1.2280701754385965,0.0498952290276673,620,"Ready or not---here comes Armageddon"""
2248,1555,4,18,92,114,1.2280701754385965,0.04668000738510451,620,Trump wouldn’t miss.
1624,1555,6,14,94,114,1.2280701754385965,0.0498952290276673,620,He never could hit a hanging curve ...
1607,1555,5,16,93,114,1.2280701754385965,0.04831437140849907,620,"The mortals call it ""Climate Change,"" but we're just goofing off."
1570,1555,4,18,92,114,1.2280701754385965,0.04668000738510451,620,This is the real cause of climate change.
1562,1555,4,18,92,114,1.2280701754385965,0.04668000738510451,620,We really should have made it flat.
1438,1555,3,20,91,114,1.2280701754385965,0.04498630563125218,620,This is a revelation.
1382,1555,7,12,95,114,1.2280701754385965,0.05142751476445614,620,I remember it as being a bit larger.
1375,1555,7,12,95,114,1.2280701754385965,0.05142751476445614,620,The President's second to last tweet.
1339,1555,1,24,89,114,1.2280701754385965,0.04139150763258655,620,A flat piñata would’ve been ridiculous.
1320,1555,3,20,91,114,1.2280701754385965,0.04498630563125218,620,"Was it Sinatra who sang, ""I've got the world on a string?"""
1681,1555,9,8,97,114,1.2280701754385965,0.05436267161479755,620,"Paradoxically, this his how Donald Trump's Guardian Angel likes to celebrate Cinco de Mayo"
525,1645,7,12,96,115,1.2260869565217392,0.05101691971205024,620,He saw 'Angels in the Outfield' one time too many!
1187,1645,3,20,92,115,1.2260869565217392,0.04463748303521268,620,I know his lifelong dream was to bat for the Angels but this still seems wrong somehow.
3555,1647,3,19,90,112,1.2232142857142858,0.045218299028335816,620,Even with the blindfold it seems like we keep hitting Mississippi
3355,1647,4,17,91,112,1.2232142857142858,0.046963493565653276,620,He’s missing on purpose...he knows about the magma.
3042,1647,3,19,90,112,1.2232142857142858,0.045218299028335816,620,"""it's just a game they play. He used to be a TV weather man down below."
2573,1647,2,21,89,112,1.2232142857142858,0.04340298844712003,620,"The way things are going down there, I doubt they'll even notice when he finally whacks it."
3565,1647,4,17,91,112,1.2232142857142858,0.046963493565653276,620,Eventually
2563,1647,4,17,91,112,1.2232142857142858,0.046963493565653276,620,No need for angels in the outfield.
2959,1647,4,17,91,112,1.2232142857142858,0.046963493565653276,620,Found it in a box of junk out by the Big Guy's curb and thought we'd give it one last go.
3744,1647,6,13,93,112,1.2232142857142858,0.05027245816191484,620,"Someone took ""Make Earth Day pop!"" way too literally."
4396,1647,6,13,93,112,1.2232142857142858,0.05027245816191484,620,The newbies always have trouble adjusting to the infinite dimensions beyond space and time.
4137,1647,5,15,92,112,1.2232142857142858,0.04864611894865116,620,The earth is safe. He could never hit the high outside curveball.
4219,1647,7,11,94,112,1.2232142857142858,0.051847808155375666,620,"My money was on 3000 AD, but I suppose I'm not surprised"
4313,1647,6,13,93,112,1.2232142857142858,0.05027245816191484,620,I have never seen Armageddon take this long before.
4322,1647,5,15,92,112,1.2232142857142858,0.04864611894865116,620,The game of Life. Heaven only knows what the rules are.
4728,1647,4,17,91,112,1.2232142857142858,0.046963493565653276,620,"He keeps trying for Washington, D.C."
4950,1647,6,13,93,112,1.2232142857142858,0.05027245816191484,620,"You know, the big man will probably not be happy with this."
2354,1647,4,17,91,112,1.2232142857142858,0.046963493565653276,620,"Dude! You've been spinning that thing for like 4.543 billion years. Hurry it up!"""
3919,1647,5,15,92,112,1.2232142857142858,0.04864611894865116,620,"Why not, everyone else has had a go at it!"
2278,1647,3,19,90,112,1.2232142857142858,0.045218299028335816,620,"I have mixed feelings. It’s a fun game, but it always takes him so long to make us a new one."
4804,1647,5,15,92,112,1.2232142857142858,0.04864611894865116,620,It’s virtual reality for flat-earthers.”
1816,1647,3,19,90,112,1.2232142857142858,0.045218299028335816,620,You'd have to be a fool not to see this coming after Trump was elected.
2156,1647,4,17,91,112,1.2232142857142858,0.046963493565653276,620,He's quite the ArcAngel
94,1647,7,11,94,112,1.2232142857142858,0.051847808155375666,620,I never thought that evil could be explained so easily.
105,1647,5,15,92,112,1.2232142857142858,0.04864611894865116,620,Unfortunately it’s becoming a more frequent anger management exercise.
169,1647,4,17,91,112,1.2232142857142858,0.046963493565653276,620,It's mostly filled with useless plastic junk.
205,1647,4,17,91,112,1.2232142857142858,0.046963493565653276,620,He couldn't hit the broad side of the solar system!
299,1647,6,13,93,112,1.2232142857142858,0.05027245816191484,620,Mooned it.
353,1647,4,17,91,112,1.2232142857142858,0.046963493565653276,620,I thought we could try a fun way to beat the Hell out of it.
550,1647,6,13,93,112,1.2232142857142858,0.05027245816191484,620,You know if he hits it all hell breaks loose. Last time it was hit was way back in 2016.
155,1647,7,11,94,112,1.2232142857142858,0.051847808155375666,620,OSHA won't let us use fire and brimstone.
708,1647,8,9,95,112,1.2232142857142858,0.05337668378039048,620,When it's my turn I'm gonna whack a guy in the nuts. It's gonna be hilarious watch.
1128,1647,8,9,95,112,1.2232142857142858,0.05337668378039048,620,This would be so much easier if it was flat.
1139,1647,5,15,92,112,1.2232142857142858,0.04864611894865116,620,I can remember when we just threw darts at a map of Russia.
1147,1647,6,13,93,112,1.2232142857142858,0.05027245816191484,620,Flatten it already!
1293,1647,5,15,92,112,1.2232142857142858,0.04864611894865116,620,Better check the supply of wings.
1419,1647,5,15,92,112,1.2232142857142858,0.04864611894865116,620,In his hey day he was a world beater.
1769,1647,2,21,89,112,1.2232142857142858,0.04340298844712003,620,"When you are a fallen angel, I guess you have a lot of pent up aggression"
599,1647,7,11,94,112,1.2232142857142858,0.051847808155375666,620,"Wait, what? Airheads is a candy?"
1571,1684,3,18,87,108,1.2222222222222223,0.046201009590497714,620,The boss is looking for more of a multicultural approach to the Last Days.
3135,1685,4,17,92,113,1.2212389380530972,0.04658792862879463,620,Twenty bucks says tsunami in South America.
3525,1685,4,17,92,113,1.2212389380530972,0.04658792862879463,620,Did we make sure Jesus is out of there yet?
3863,1685,7,11,95,113,1.2212389380530972,0.0514248824267676,620,I wish he'd hurry up so we can sing Happy Birthday and cut the moon.
4026,1685,7,11,95,113,1.2212389380530972,0.0514248824267676,620,"On Earth he was a bible thumper, now it's all fun and games"
4091,1685,5,15,93,113,1.2212389380530972,0.04825414911504224,620,"If he connects, they'll believe it's an earthquake."
4826,1685,5,15,93,113,1.2212389380530972,0.04825414911504224,620,El Niño is way too good at this!
4687,1685,7,11,95,113,1.2212389380530972,0.0514248824267676,620,"They ruined us, so now we’re returning the favor."
4717,1685,4,17,92,113,1.2212389380530972,0.04658792862879463,620,You hear about this new 'plate tectonics' theory the humans came up with?
4790,1685,4,17,92,113,1.2212389380530972,0.04658792862879463,620,My money's on a tsunami off the coast of Japan...
4884,1685,5,15,93,113,1.2212389380530972,0.04825414911504224,620,"Yes, this is our new foreign policy."
2892,1685,7,11,95,113,1.2212389380530972,0.0514248824267676,620,There has to be a more ethical way to determine who moves on to the afterlife
4601,1685,4,17,92,113,1.2212389380530972,0.04658792862879463,620,He used to have the world world in his hands.
2707,1685,5,15,93,113,1.2212389380530972,0.04825414911504224,620,I pray no one breaks the pinata -- God knows what's in it...
3455,1685,6,13,94,113,1.2212389380530972,0.04986472420170196,620,Should we tell him there’s no candy inside?
2618,1685,5,15,93,113,1.2212389380530972,0.04825414911504224,620,"Justice is supposed to be blind, after all!"
2689,1685,5,15,93,113,1.2212389380530972,0.04825414911504224,620,The better angels are over it.
171,1685,6,13,94,113,1.2212389380530972,0.04986472420170196,620,"Last time he hit it nothing came out, but Trump got elected."
329,1685,7,11,95,113,1.2212389380530972,0.0514248824267676,620,It's a piñata and only works if you knock down the border wall.
369,1685,5,15,93,113,1.2212389380530972,0.04825414911504224,620,You know Lucifer would have cracked it open on his first swing.
1655,1685,7,11,95,113,1.2212389380530972,0.0514248824267676,620,They call it the Trump Doctrine.
1817,1685,3,19,91,113,1.2212389380530972,0.044859862695137545,620,"Blindfolded or not, he'll never hit earth with that awful grip"
114,1685,6,13,94,113,1.2212389380530972,0.04986472420170196,620,I’ll be worth the sugar rush.
2177,1685,4,17,92,113,1.2212389380530972,0.04658792862879463,620,His last solid hit was 66 million years ago.
2273,1685,3,19,91,113,1.2212389380530972,0.044859862695137545,620,I am curious to see what’s inside
2316,1685,3,19,91,113,1.2212389380530972,0.044859862695137545,620,This will ruin our reputation.
2456,1685,4,17,92,113,1.2212389380530972,0.04658792862879463,620,I always stand at least ten feet away. I'm a bit scared of the lava and molten rock that comes out of the bottom. And the racists.
1861,1685,7,11,95,113,1.2212389380530972,0.0514248824267676,620,I miss the days when they were filled with ‘Smarties’
3652,1712,3,18,88,109,1.2201834862385321,0.045820562886151966,620,Last time it was full of dinosaurs
3415,1712,6,12,91,109,1.2201834862385321,0.05108040699844056,620,"So the Rabbi says, ‘Why the long face?’... you get it?  Because he’s a horse.”

“Yeah... I get it."
3406,1712,4,16,89,109,1.2201834862385321,0.047638415680113844,620,I bet they’ll still blame Trump
3309,1712,3,18,88,109,1.2201834862385321,0.045820562886151966,620,You're sure He's okay with this?
3230,1712,4,16,89,109,1.2201834862385321,0.047638415680113844,620,“Still...he has a heavenly swing”
3126,1712,3,18,88,109,1.2201834862385321,0.045820562886151966,620,Stand back when the magma comes out.
3122,1712,4,16,89,109,1.2201834862385321,0.047638415680113844,620,Kingdom Come
2940,1712,3,18,88,109,1.2201834862385321,0.045820562886151966,620,This should be good. We've never had a baseball player here before.
3853,1712,1,22,86,109,1.2201834862385321,0.041949191322226805,620,You have to admit...it's a lot quicker than climate change.
2387,1712,5,14,90,109,1.2201834862385321,0.04938940487411066,620,It's really just filled with hot air.
3292,1712,6,12,91,109,1.2201834862385321,0.05108040699844056,620,One more miss and he goes back to Limbo.
3904,1712,5,14,90,109,1.2201834862385321,0.04938940487411066,620,It says it right here in Leviticus: no man may come near who is lame or blind or has damaged testicles. So what do you think?
4500,1712,5,14,90,109,1.2201834862385321,0.04938940487411066,620,Did you hear the new Kanye album?
4016,1712,5,14,90,109,1.2201834862385321,0.04938940487411066,620,Maybe this will wake them up
4051,1712,5,14,90,109,1.2201834862385321,0.04938940487411066,620,I see dead people.
4127,1712,5,14,90,109,1.2201834862385321,0.04938940487411066,620,This could take a couple billon years!
4447,1712,5,14,90,109,1.2201834862385321,0.04938940487411066,620,"If you guys would stop beating on it, I think it might support life."
4550,1712,5,14,90,109,1.2201834862385321,0.04938940487411066,620,Ha! He swings like a Man!
4959,1712,2,20,87,109,1.2201834862385321,0.043927546231223726,620,The Pearly Gates guys are always the worst.
4572,1712,4,16,89,109,1.2201834862385321,0.047638415680113844,620,I heard there's bonus points for the White House.
4606,1712,6,12,91,109,1.2201834862385321,0.05108040699844056,620,I don't know why he bothers - he voted for Trump.
4661,1712,6,12,91,109,1.2201834862385321,0.05108040699844056,620,They’re all on steroids these days
4933,1712,4,16,89,109,1.2201834862385321,0.047638415680113844,620,I wish we could just borrow someone from below to throw a real after-party.
2091,1712,7,10,92,109,1.2201834862385321,0.05271719495984061,620,God loves party games
3918,1712,4,16,89,109,1.2201834862385321,0.047638415680113844,620,I think we shoud've gone with pin the tail on the donkey
2090,1712,3,18,88,109,1.2201834862385321,0.045820562886151966,620,I don't have the heart to tell him that it's empty.
442,1712,3,18,88,109,1.2201834862385321,0.045820562886151966,620,It's filled with 72 virgins.
2045,1712,5,14,90,109,1.2201834862385321,0.04938940487411066,620,Even in heaven we have republicans.
1,1712,2,20,87,109,1.2201834862385321,0.043927546231223726,620,This is a test.
58,1712,5,14,90,109,1.2201834862385321,0.04938940487411066,620,"Relax, this one has no goodies."
78,1712,5,14,90,109,1.2201834862385321,0.04938940487411066,620,Not good at world peace; let’s put her in charge of the courts.
338,1712,7,10,92,109,1.2201834862385321,0.05271719495984061,620,I wanted to get the Spongebob pinata.
506,1712,3,18,88,109,1.2201834862385321,0.045820562886151966,620,He's the American.
553,1712,5,14,90,109,1.2201834862385321,0.04938940487411066,620,We are so wrong for this!
557,1712,5,14,90,109,1.2201834862385321,0.04938940487411066,620,"Candy? No, we're hoping for fossil fuel."
632,1712,4,16,89,109,1.2201834862385321,0.047638415680113844,620,Don't worry – it's humane. They only feel a small stinging sensation.
672,1712,8,8,93,109,1.2201834862385321,0.05430467115949929,620,Jupiter would have been easier
749,1712,4,16,89,109,1.2201834862385321,0.047638415680113844,620,Hit it hard enough and all their politicians fall out
2072,1712,5,14,90,109,1.2201834862385321,0.04938940487411066,620,"God, I miss steroids."
780,1712,4,16,89,109,1.2201834862385321,0.047638415680113844,620,Here 'the meek shall inherit the Earth' means they all get to take a whack at it.
1284,1712,4,16,89,109,1.2201834862385321,0.047638415680113844,620,He got a good whack in 66 million years ago.  I've got a feeling he's due for another one soon.
1389,1712,5,14,90,109,1.2201834862385321,0.04938940487411066,620,I wouldn't if I were you! It's full of toxic waste.
1390,1712,5,14,90,109,1.2201834862385321,0.04938940487411066,620,"Lucifer throws some great parties, but for some reason I just don't trust the guy."
1424,1712,5,14,90,109,1.2201834862385321,0.04938940487411066,620,"Wait. If we're in Heaven, what's that thing tied to?"
1451,1712,3,18,88,109,1.2201834862385321,0.045820562886151966,620,I wonder who controls the string...
1502,1712,4,16,89,109,1.2201834862385321,0.047638415680113844,620,This party sucks.
1532,1712,6,12,91,109,1.2201834862385321,0.05108040699844056,620,"So, in the full-sized one that's how we're thinking the moon should work."
1542,1712,5,14,90,109,1.2201834862385321,0.04938940487411066,620,WOW - this isn't going to turn out good at all!
1553,1712,6,12,91,109,1.2201834862385321,0.05108040699844056,620,"If you cause a tsunami, you get a bonus swing."
1664,1712,5,14,90,109,1.2201834862385321,0.04938940487411066,620,Little do they know this is the real reason behind climate change
1871,1712,6,12,91,109,1.2201834862385321,0.05108040699844056,620,He was Secretary of State.
1141,1712,6,12,91,109,1.2201834862385321,0.05108040699844056,620,Imagine if Mother Nature could have a swing at this.
3574,1764,1,21,83,105,1.2190476190476192,0.042755271681801814,620,Turnout has been poor ever since God started stuffing it with fruit snacks.
4915,1765,5,14,91,110,1.2181818181818183,0.04897926946849812,620,So then we WERE living in a world made of papier-mâché?
4431,1765,4,16,90,110,1.2181818181818183,0.0472457740573157,620,"„No loss, it was infested by two-legged parasites, anyway.“"
1752,1765,5,14,91,110,1.2181818181818183,0.04897926946849812,620,Shit!
2526,1765,7,10,93,110,1.2181818181818183,0.052274087083883224,620,The last time someone hit it there were dinosaurs all over the place.
1077,1765,4,16,90,110,1.2181818181818183,0.0472457740573157,620,Lucifer. Cheers him up.
3915,1765,5,14,91,110,1.2181818181818183,0.04897926946849812,620,You know he's peeking. Just what angels gotta do.
3660,1771,4,15,88,107,1.2149532710280373,0.04793024780990183,620,We could not find a Trump piñata.
3649,1771,4,15,88,107,1.2149532710280373,0.04793024780990183,620,"So it's true, global warming isn't man made"
3645,1771,5,13,89,107,1.2149532710280373,0.049735745680282675,620,"Why are we wasting out energy, when Trump can do it for us?"
3600,1771,3,17,87,107,1.2149532710280373,0.04605402166872554,620,Turns out you can beat it with a stick.
3410,1771,4,15,88,107,1.2149532710280373,0.04793024780990183,620,At least we didn't give him matches this time.
3332,1771,6,11,90,107,1.2149532710280373,0.05147795782302281,620,"If his aim gets better, Trump wants to hire him."
3330,1771,4,15,88,107,1.2149532710280373,0.04793024780990183,620,"No matter how hard he hits it, nothing good comes out"
3308,1771,7,9,91,107,1.2149532710280373,0.05316310642620569,620,Trump and Kim think they're the ones who make the world go round.
3300,1771,3,17,87,107,1.2149532710280373,0.04605402166872554,620,"What's next, pin the tail on Uranus?"
3290,1771,5,13,89,107,1.2149532710280373,0.049735745680282675,620,"It's just Trump swinging blindly, even up here."
3265,1771,3,17,87,107,1.2149532710280373,0.04605402166872554,620,We're seeing if we can destroy it before they do.
3245,1771,4,15,88,107,1.2149532710280373,0.04793024780990183,620,Smart cookie that Einstein.
3224,1771,7,9,91,107,1.2149532710280373,0.05316310642620569,620,"Don't waste your energy. They will destroy themselves by ignoring climate change, or maybe something may Trump that."
3199,1771,5,13,89,107,1.2149532710280373,0.049735745680282675,620,"It's gonna be windy, but no earthquake today"
3159,1771,3,17,87,107,1.2149532710280373,0.04605402166872554,620,We're just speeding things up a little.
3154,1771,7,9,91,107,1.2149532710280373,0.05316310642620569,620,They don't need any help to destroy the wold.   There doing a good job of it all by themslves.
3082,1771,7,9,91,107,1.2149532710280373,0.05316310642620569,620,Should we tell him that inside it’s just a bunch of rocks?
3081,1771,4,15,88,107,1.2149532710280373,0.04793024780990183,620,We've been here forever. He doesn't have the arm strength for this - all he's making it do is spin.
3043,1771,4,15,88,107,1.2149532710280373,0.04793024780990183,620,"Gabe put the ""arc"" in archangel."
3661,1771,5,13,89,107,1.2149532710280373,0.049735745680282675,620,"If it breaks into 7 billion pieces, I'm not cleaning it up."
3720,1771,4,15,88,107,1.2149532710280373,0.04793024780990183,620,"Don't worry, the mortals are too busy fighting with each other to notice."
3741,1771,5,13,89,107,1.2149532710280373,0.049735745680282675,620,Sending a meteor would have been cleaner.
3790,1771,5,13,89,107,1.2149532710280373,0.049735745680282675,620,They have no idea how trivial they are.
4856,1771,3,17,87,107,1.2149532710280373,0.04605402166872554,620,He's an optimist!  He thinks it's filled with sweets.
4793,1771,5,13,89,107,1.2149532710280373,0.049735745680282675,620,"Funny, most thought it would be heralded by trumpets!"
4769,1771,4,15,88,107,1.2149532710280373,0.04793024780990183,620,He hasn't hit it since the Mesozoic era.
4712,1771,2,19,86,107,1.2149532710280373,0.044098040416874346,620,"St. Francis did not sanction this spectacle, but we have an idea who did."
4692,1771,5,13,89,107,1.2149532710280373,0.049735745680282675,620,He's missed...what...about four and a half billion times now?
4580,1771,6,11,90,107,1.2149532710280373,0.05147795782302281,620,Global warming is gonna get 'em before Doug does.
4575,1771,5,13,89,107,1.2149532710280373,0.049735745680282675,620,We really need to cut back on the Red Bull.
4480,1771,7,9,91,107,1.2149532710280373,0.05316310642620569,620,A Trump Hotel in North Korea really was the last straw.
4272,1771,7,9,91,107,1.2149532710280373,0.05316310642620569,620,He can swing away every time Trump tells a lie.
4270,1771,4,15,88,107,1.2149532710280373,0.04793024780990183,620,"I know God has a sick sense of humor,but this is a new low."
4154,1771,5,13,89,107,1.2149532710280373,0.049735745680282675,620,It seems to have become celestially repellent.
4125,1771,6,11,90,107,1.2149532710280373,0.05147795782302281,620,They will think it’s due to global warming.
4119,1771,5,13,89,107,1.2149532710280373,0.049735745680282675,620,So the crazy people are right when they say that climate change is a hoax.
4024,1771,7,9,91,107,1.2149532710280373,0.05316310642620569,620,"Rapture, Rupture, same difference"
3963,1771,5,13,89,107,1.2149532710280373,0.049735745680282675,620,Why not? How could it get any worse?
3949,1771,4,15,88,107,1.2149532710280373,0.04793024780990183,620,"Is Pruitt on deck?”
“He’s on the other team"
3882,1771,5,13,89,107,1.2149532710280373,0.049735745680282675,620,I hope we don't get any of those shit hole countries
3871,1771,4,15,88,107,1.2149532710280373,0.04793024780990183,620,We all did much better at this during the steroid era
3844,1771,7,9,91,107,1.2149532710280373,0.05316310642620569,620,He hasn't yet grasped the whole non-corporeal thing.
2979,1771,6,11,90,107,1.2149532710280373,0.05147795782302281,620,Will we have to pick up the pieces?
2796,1771,7,9,91,107,1.2149532710280373,0.05316310642620569,620,"No, the Olympians play a completely different game, but the results are identical."
4184,1771,5,13,89,107,1.2149532710280373,0.049735745680282675,620,He was called up from the Mexican League.
2653,1771,4,15,88,107,1.2149532710280373,0.04793024780990183,620,God is on sabbatical
1107,1771,7,9,91,107,1.2149532710280373,0.05316310642620569,620,"HE BELONGS TO TRUMP'S TEAM,  TASATANWHE', ""TAKEASWINGATANYWHERE""."
1105,1771,4,15,88,107,1.2149532710280373,0.04793024780990183,620,Mother Nature sure knows how to throw a party.
889,1771,5,13,89,107,1.2149532710280373,0.049735745680282675,620,"I heard it's all plastic wrappers, no candy."
882,1771,4,15,88,107,1.2149532710280373,0.04793024780990183,620,its a hot mess at this point
861,1771,7,9,91,107,1.2149532710280373,0.05316310642620569,620,...and that’s how Donald Trump became President...
850,1771,6,11,90,107,1.2149532710280373,0.05147795782302281,620,I guess He's had it with them.
788,1771,3,17,87,107,1.2149532710280373,0.04605402166872554,620,'And THAT'S why he was traded to the Minors before he keeled over.'
785,1771,3,17,87,107,1.2149532710280373,0.04605402166872554,620,The count is three and two. Should Earth be concerned?
731,1771,4,15,88,107,1.2149532710280373,0.04793024780990183,620,"Scientists could not figure out what was causing the disappearance of the Earth’s blue whales, frogs, coke bottles, and Sweden’s berries."
725,1771,4,15,88,107,1.2149532710280373,0.04793024780990183,620,The Big Bang Theory Sequel
697,1771,0,23,84,107,1.2149532710280373,0.03989944463395409,620,I'm so over earthly delights. Aren't you?
652,1771,3,17,87,107,1.2149532710280373,0.04605402166872554,620,"I don't know about you, but I doubt there is candy inside."
499,1771,4,15,88,107,1.2149532710280373,0.04793024780990183,620,"It's okay, he always misses the first two swings."
441,1771,6,11,90,107,1.2149532710280373,0.05147795782302281,620,He hasn't made contact since there were dinosaurs.
307,1771,7,9,91,107,1.2149532710280373,0.05316310642620569,620,It’s his 3rd strike. If he misses you know where he goes.
301,1771,7,9,91,107,1.2149532710280373,0.05316310642620569,620,I guess this explains Trump.
242,1771,4,15,88,107,1.2149532710280373,0.04793024780990183,620,"Every few million years, same old thing."
191,1771,3,17,87,107,1.2149532710280373,0.04605402166872554,620,And they're afraid of asteroids!
2766,1771,5,13,89,107,1.2149532710280373,0.049735745680282675,620,It’s filled with styrofoam and plastic straws.
1218,1771,6,11,90,107,1.2149532710280373,0.05147795782302281,620,We used to use Pluto but it was too small.
1283,1771,4,15,88,107,1.2149532710280373,0.04793024780990183,620,Hard to believe he batted .338 for the Reds.
390,1771,2,19,86,107,1.2149532710280373,0.044098040416874346,620,"When he whiffs it, it causes a typhoon."
1489,1771,2,19,86,107,1.2149532710280373,0.044098040416874346,620,No worries; it takes him thousands of years to hit it.
2551,1771,4,15,88,107,1.2149532710280373,0.04793024780990183,620,I'm not so sure there's anything good inside.
1338,1771,4,15,88,107,1.2149532710280373,0.04793024780990183,620,Just because we have Free Will and stick doesn't make it okay
2450,1771,4,15,88,107,1.2149532710280373,0.04793024780990183,620,Lucifer and his game of New World Order.  He won't let anyone else have a turn.
2441,1771,5,13,89,107,1.2149532710280373,0.049735745680282675,620,Guess that whole 'Nuclear Threat' thing was just another diversion.
2306,1771,2,19,86,107,1.2149532710280373,0.044098040416874346,620,"I mean, I guess it's more fun than the flood was..."
2282,1771,7,9,91,107,1.2149532710280373,0.05316310642620569,620,It's nice to see Donald feels at home.
2158,1771,6,11,90,107,1.2149532710280373,0.05147795782302281,620,Uncover your eyes please. You always hit the poor countries.
2110,1771,5,13,89,107,1.2149532710280373,0.049735745680282675,620,Where's the real Batman when we need him?
2095,1771,5,13,89,107,1.2149532710280373,0.049735745680282675,620,"No-one ever hits it, but the process releases old frustrations and bad memories"
1901,1771,4,15,88,107,1.2149532710280373,0.04793024780990183,620,I never noticed that Michael was a lefty.
2372,1771,6,11,90,107,1.2149532710280373,0.05147795782302281,620,"Oh relax, that world has already been ruined."
1763,1771,4,15,88,107,1.2149532710280373,0.04793024780990183,620,"Ut dictum est, ""Close, but no cigar."""
1757,1771,7,9,91,107,1.2149532710280373,0.05316310642620569,620,Give 'em an earthquake!
1750,1771,5,13,89,107,1.2149532710280373,0.049735745680282675,620,I 'm tired of your constant harping at me that I shouldn't be aiming for the fences and just make contact.
1727,1771,3,17,87,107,1.2149532710280373,0.04605402166872554,620,"She often gets on, but refuses to steal."
1693,1771,4,15,88,107,1.2149532710280373,0.04793024780990183,620,I'm guessing it's no longer a whimper
1490,1771,6,11,90,107,1.2149532710280373,0.05147795782302281,620,Do we really want earthlings here?
1546,1771,3,17,87,107,1.2149532710280373,0.04605402166872554,620,It's hit or miss with this world
1799,1771,5,13,89,107,1.2149532710280373,0.049735745680282675,620,"God said he can take the blindfold off on Jan 20th, 2017 if he hasn't hit it by then."
1516,1771,4,15,88,107,1.2149532710280373,0.04793024780990183,620,He has been binge watching CNN!
1394,1860,5,13,90,108,1.212962962962963,0.049313258815131475,620,"Can't wait for the delicious treats that come out of this: pollution, famine, anxiety, unvaccinated children....yum!"
3569,1861,3,16,85,104,1.2115384615384615,0.046684465360827584,620,T-ball isn't  what it used to be.
3514,1861,4,14,86,104,1.2115384615384615,0.04864304475885961,620,Don't feel too bad - this is the least of their problems.
3508,1861,4,14,86,104,1.2115384615384615,0.04864304475885961,620,His anger management sessions don't seem to be helping very much.
3366,1861,4,14,86,104,1.2115384615384615,0.04864304475885961,620,That piñata is just a hopeless Pandora’s box
3236,1861,4,14,86,104,1.2115384615384615,0.04864304475885961,620,It's O.K. They're going to die anyway.
3193,1861,5,12,87,104,1.2115384615384615,0.05052575878498539,620,The boss said we're done with this one.
2905,1861,4,14,86,104,1.2115384615384615,0.04864304475885961,620,Down there?  No blindfold.
3087,1861,5,12,87,104,1.2115384615384615,0.05052575878498539,620,I think he's peeking and trying to hit Canada.
3045,1861,4,14,86,104,1.2115384615384615,0.04864304475885961,620,On mice days like this it causes an earthquake. When we play in the rain one hell of a hurricane.
2855,1861,4,14,86,104,1.2115384615384615,0.04864304475885961,620,I suspect it will self-destruct first.
2826,1861,4,14,86,104,1.2115384615384615,0.04864304475885961,620,The round ones are always full of magma.
2639,1861,6,10,88,104,1.2115384615384615,0.05234079477983342,620,How did we end up here? Oh He got in a war with the Canadians' .
1790,1861,3,16,85,104,1.2115384615384615,0.046684465360827584,620,The way he keeps missing you'd think it really was flat.
2688,1861,3,16,85,104,1.2115384615384615,0.046684465360827584,620,Wait 'till she finds they're no goodies inside ...
3103,1861,6,10,88,104,1.2115384615384615,0.05234079477983342,620,"WING batter, batter."
3588,1861,3,16,85,104,1.2115384615384615,0.046684465360827584,620,I know we were told to get rid of the dinosaurs but this seems a bit childish
4436,1861,4,14,86,104,1.2115384615384615,0.04864304475885961,620,"Why couldn't we get a bigger target to swing at, like Jupiter?"
3750,1861,4,14,86,104,1.2115384615384615,0.04864304475885961,620,I told you we should have used a carrot.
4962,1861,4,14,86,104,1.2115384615384615,0.04864304475885961,620,"Come on now. You must be blind not to see what you're doing to the earth."""
2497,1861,5,12,87,104,1.2115384615384615,0.05052575878498539,620,The Devil is making him do it....!
4916,1861,4,14,86,104,1.2115384615384615,0.04864304475885961,620,Has it been 4 billion years yet?
4892,1861,2,18,84,104,1.2115384615384615,0.04464003593905589,620,"If he breaks it in three swings or less, he has seven days to build something new.  We do this when the worlds go awry.  Want to try?"
4868,1861,3,16,85,104,1.2115384615384615,0.046684465360827584,620,The center is molten chocolate.
4698,1861,2,18,84,104,1.2115384615384615,0.04464003593905589,620,The climatologists here have an axe to grind.
3723,1861,3,16,85,104,1.2115384615384615,0.046684465360827584,620,"I tried to stop him, but he really wants the candy..."
4502,1861,5,12,87,104,1.2115384615384615,0.05052575878498539,620,That's why he's here. Wouldn't hurt a flea.
4409,1861,6,10,88,104,1.2115384615384615,0.05234079477983342,620,Lucifer is really determined to bring this one down.
4265,1861,5,12,87,104,1.2115384615384615,0.05052575878498539,620,After Trump we pretty much gave up.
4191,1861,4,14,86,104,1.2115384615384615,0.04864304475885961,620,"Yeah, I know this Pinata thing is not the End  as described in Revelations. I think the Big Guy wants to shake up those smug Fundamentalists."
4122,1861,2,18,84,104,1.2115384615384615,0.04464003593905589,620,No worries. It's a Nerf ball.
4105,1861,4,14,86,104,1.2115384615384615,0.04864304475885961,620,I haven't tread there since November 2016.
4085,1861,1,20,83,104,1.2115384615384615,0.042497368286213824,620,She's definitely getting warmer.
4416,1861,3,16,85,104,1.2115384615384615,0.046684465360827584,620,"If he hits it hard enough, can we have nice things again?"
2472,1861,3,16,85,104,1.2115384615384615,0.046684465360827584,620,Did anyone tell him about the magma?
1060,1861,4,14,86,104,1.2115384615384615,0.04864304475885961,620,"The darned thing is full of nuts, and whoever cracks it open is going to get all of 'em."
2315,1861,3,16,85,104,1.2115384615384615,0.046684465360827584,620,"If he lands a hit, Saint Peter is going to be working overtime."
1131,1861,3,16,85,104,1.2115384615384615,0.046684465360827584,620,You didn’t know - we’ve been doing this for centuries
1121,1861,4,14,86,104,1.2115384615384615,0.04864304475885961,620,Haven't they had enough?
1019,1861,4,14,86,104,1.2115384615384615,0.04864304475885961,620,So this is what it's like to party like it's 1999....
999,1861,5,12,87,104,1.2115384615384615,0.05052575878498539,620,We've been whacking at it for centuries now: it's getting pretty bruised
939,1861,3,16,85,104,1.2115384615384615,0.046684465360827584,620,"Avenging Angel, my ass!"
851,1861,4,14,86,104,1.2115384615384615,0.04864304475885961,620,God's away on business.
1177,1861,5,12,87,104,1.2115384615384615,0.05052575878498539,620,I heard there are fruit-loops within.
838,1861,5,12,87,104,1.2115384615384615,0.05052575878498539,620,"Shouldn't we warn somebody, in case he hits it?"
747,1861,4,14,86,104,1.2115384615384615,0.04864304475885961,620,"I'd toss whatever comes out,it's toxic."
691,1861,6,10,88,104,1.2115384615384615,0.05234079477983342,620,What about free will?
586,1861,4,14,86,104,1.2115384615384615,0.04864304475885961,620,"I really don't much care for the taste of lava, do you?"
293,1861,6,10,88,104,1.2115384615384615,0.05234079477983342,620,The last time he hit it started the whole global arming thing.
253,1861,5,12,87,104,1.2115384615384615,0.05052575878498539,620,He'd be better to bunt.
196,1861,5,12,87,104,1.2115384615384615,0.05052575878498539,620,Blame Canada.
754,1861,7,8,89,104,1.2115384615384615,0.05409496552888029,620,"You know, there's an Angel who can pitch, too."
2356,1861,3,16,85,104,1.2115384615384615,0.046684465360827584,620,Hope for the best. When I hit it a terrible thing happened to one country’s election.
1230,1861,4,14,86,104,1.2115384615384615,0.04864304475885961,620,He's been listening to Carmina Burana again.  O Fortuna really got to him.
1324,1861,4,14,86,104,1.2115384615384615,0.04864304475885961,620,"The big guy said it's okay, since we can't do any more damage than they have already."
2247,1861,2,18,84,104,1.2115384615384615,0.04464003593905589,620,We've tried everything else. Maybe this will finally knock some sense into everyone.
2235,1861,6,10,88,104,1.2115384615384615,0.05234079477983342,620,"With Trump in the White House and Pruit at EPA, this game just isn't as thrilling as it used to be."
2093,1861,4,14,86,104,1.2115384615384615,0.04864304475885961,620,Do you think now is a good time to put it in the strike zone?
2058,1861,3,16,85,104,1.2115384615384615,0.046684465360827584,620,This ought to settle the Hollow Earth Theory once and for all.
2047,1861,5,12,87,104,1.2115384615384615,0.05052575878498539,620,Could only be an improvement at this point.
2027,1861,6,10,88,104,1.2115384615384615,0.05234079477983342,620,There better be weed in there this time.
1249,1861,5,12,87,104,1.2115384615384615,0.05052575878498539,620,We're so close to cracking it
1973,1861,1,20,83,104,1.2115384615384615,0.042497368286213824,620,We've been taking hits for years. They're bound to crack soon.
1870,1861,8,6,90,104,1.2115384615384615,0.05579401216041786,620,"We planned to end it with the usual plagues, warfare, fire, et cetera. But then we had the bright idea to throw a fiesta instead!"
1731,1861,6,10,88,104,1.2115384615384615,0.05234079477983342,620,If only justice was as blind as angels playing piñata
1720,1861,2,18,84,104,1.2115384615384615,0.04464003593905589,620,"As I recall, he was just as bad in the 2009 World Series."
1702,1861,5,12,87,104,1.2115384615384615,0.05052575878498539,620,I hope Atlas doesn’t find out about this.”
1435,1861,4,14,86,104,1.2115384615384615,0.04864304475885961,620,"We’ll call it, Big Bang, Try Not To Screw This One Up, Two."
1354,1861,6,10,88,104,1.2115384615384615,0.05234079477983342,620,It’s no worse for their environment than fracking
1912,1861,6,10,88,104,1.2115384615384615,0.05234079477983342,620,"Ironically, he died on Earth in a piñata related accident."
3371,1930,3,15,82,100,1.21,0.047768380565162374,620,I doubt there is anything good in there anyways.
4760,1931,3,16,86,105,1.2095238095238094,0.0462815838009878,620,"Our GM read The Blind Side, not Moneyball."
989,1931,2,18,85,105,1.2095238095238094,0.044258725873862134,620,Won’t  that hurt it? No more than the humans have.
4561,1931,5,12,88,105,1.2095238095238094,0.05008278512052043,620,"This whole Earth project’s been a swing and a miss, huh?"
20,1934,5,11,86,102,1.2058823529411764,0.05088659740826314,620,Take off the blindfold and I still bet he can't even hit Jupiter.
3808,1934,3,15,84,102,1.2058823529411764,0.046916646025273935,620,"It's a great catharsis, you should try it"""""
3643,1934,3,15,84,102,1.2058823529411764,0.046916646025273935,620,At this rate it'll take an eternity.
3637,1934,2,17,83,102,1.2058823529411764,0.04479993988272699,620,So far all he’s done is knock down a few satellites.
3596,1934,5,11,86,102,1.2058823529411764,0.05088659740826314,620,"Acts of God aren't covered, but what about acts of angels?"""
3495,1934,4,13,85,102,1.2058823529411764,0.04894189141242656,620,It's Trump's primary pinata!
3385,1934,4,13,85,102,1.2058823529411764,0.04894189141242656,620,"Well, if Michael ever does hit Earth, I expect it'll get a lot more crowded down below than here!"
3310,1934,3,15,84,102,1.2058823529411764,0.046916646025273935,620,It's a game called Mexico's Revenge.
3299,1934,3,15,84,102,1.2058823529411764,0.046916646025273935,620,They feel the earth move under their feet.
3285,1934,3,15,84,102,1.2058823529411764,0.046916646025273935,620,"HE always does this on Bing Crosby's birthday and, yes, HE's sittin' on a rainbow. What a world."
3257,1934,4,13,85,102,1.2058823529411764,0.04894189141242656,620,"You know, I'm still trying to decide if I want him to nail the thing or not."
3160,1934,4,13,85,102,1.2058823529411764,0.04894189141242656,620,"Remember your first marriage, Jimmy!"
3068,1934,7,7,88,102,1.2058823529411764,0.05456848831808018,620,We take the blindfold off every time Trump speaks.
2989,1934,4,13,85,102,1.2058823529411764,0.04894189141242656,620,Ten Bucks says it's full of nuts
2948,1934,4,13,85,102,1.2058823529411764,0.04894189141242656,620,"What do you mean, 'did I remember to write this in the Book of Revelations?' You were supposed to write this in the book of Revalations!"
2893,1934,4,13,85,102,1.2058823529411764,0.04894189141242656,620,I hope he gets it on the next swing....that'll make it 2012 swings.
2876,1934,4,13,85,102,1.2058823529411764,0.04894189141242656,620,"I thought we were guardian angels, not miracle workers."
3889,1934,4,13,85,102,1.2058823529411764,0.04894189141242656,620,I told Him six days always means a shoddy rush job we have to scrap.
3952,1934,4,13,85,102,1.2058823529411764,0.04894189141242656,620,If only getting the good stuff out of the world was that simple...
3972,1934,5,11,86,102,1.2058823529411764,0.05088659740826314,620,So this is the Big Bang?
3973,1934,3,15,84,102,1.2058823529411764,0.046916646025273935,620,I heard it's filled with eternal hellfire.
4829,1934,4,13,85,102,1.2058823529411764,0.04894189141242656,620,We filled it with little sins.
4722,1934,4,13,85,102,1.2058823529411764,0.04894189141242656,620,I know. And they always blame Mother Nature.
4674,1934,4,13,85,102,1.2058823529411764,0.04894189141242656,620,It's all fun and games until a tectonic plate is hit.
4657,1934,2,17,83,102,1.2058823529411764,0.04479993988272699,620,Hark! We never saw the point of it.
4653,1934,4,13,85,102,1.2058823529411764,0.04894189141242656,620,"So, wanna bet that he can do this too on blind faith?"
4616,1934,5,11,86,102,1.2058823529411764,0.05088659740826314,620,He lets us do this whenever He's in one of His 'What have they done for Me lately?' moods.
4608,1934,4,13,85,102,1.2058823529411764,0.04894189141242656,620,It should come as no surprise that that thing is chock full of sinners.
2867,1934,5,11,86,102,1.2058823529411764,0.05088659740826314,620,Who's gonna clean it up?
4579,1934,5,11,86,102,1.2058823529411764,0.05088659740826314,620,That's two strikes.
4534,1934,6,9,87,102,1.2058823529411764,0.052759670739643105,620,Here we speak softly and carry a big stick.  Down below it’s speak incoherently and carry big tariffs.
4472,1934,4,13,85,102,1.2058823529411764,0.04894189141242656,620,Apparently they call these 'shooting stars.'
4280,1934,4,13,85,102,1.2058823529411764,0.04894189141242656,620,Guess He got tired of playing dice.
4216,1934,3,15,84,102,1.2058823529411764,0.046916646025273935,620,After this we are playing Pin the Tail on the Comet.
4198,1934,3,15,84,102,1.2058823529411764,0.046916646025273935,620,"He's in for a surprise. Instead of candy, the middle is filled with chocolate molten lava cakes."
4072,1934,7,7,88,102,1.2058823529411764,0.05456848831808018,620,"Throws like an angel, swings like a Met."
4043,1934,3,15,84,102,1.2058823529411764,0.046916646025273935,620,Why the Earth spins.
4535,1934,3,15,84,102,1.2058823529411764,0.046916646025273935,620,There's really not much to do around here.
2852,1934,3,15,84,102,1.2058823529411764,0.046916646025273935,620,I miss the world...but not by that much.
3534,1934,3,15,84,102,1.2058823529411764,0.046916646025273935,620,Friday's are for divine interventions.
2690,1934,5,11,86,102,1.2058823529411764,0.05088659740826314,620,I heard it's full of nuts.
1253,1934,3,15,84,102,1.2058823529411764,0.046916646025273935,620,"Little do they know what is really causing all those earthquakes, they think it is the fracking."
1197,1934,4,13,85,102,1.2058823529411764,0.04894189141242656,620,It’s the Anthropocene. New rules went into effect.
1039,1934,5,11,86,102,1.2058823529411764,0.05088659740826314,620,Remeber last time Pangea broke
950,1934,4,13,85,102,1.2058823529411764,0.04894189141242656,620,I don't think we can call ourselves angels in the outfield anymore.
786,1934,4,13,85,102,1.2058823529411764,0.04894189141242656,620,we're suppose to practice for some kind of  apocalypse.
742,1934,5,11,86,102,1.2058823529411764,0.05088659740826314,620,"Yes, it's empty, but that's the point."
704,1934,3,15,84,102,1.2058823529411764,0.046916646025273935,620,Three strikes and they're out.
589,1934,4,13,85,102,1.2058823529411764,0.04894189141242656,620,That devil is gonna crush it.
580,1934,4,13,85,102,1.2058823529411764,0.04894189141242656,620,I don't think we'll like what we find inside.
544,1934,4,13,85,102,1.2058823529411764,0.04894189141242656,620,He's swinging too hard - he's going to hurt the dinosaurs.
533,1934,4,13,85,102,1.2058823529411764,0.04894189141242656,620,I hear the parties downstairs are a lot more fun.
2741,1934,5,11,86,102,1.2058823529411764,0.05088659740826314,620,Never hit above 150 for the Mets either.
491,1934,4,13,85,102,1.2058823529411764,0.04894189141242656,620,At this rate the Rapture will never come.
344,1934,4,13,85,102,1.2058823529411764,0.04894189141242656,620,"I can't wait for the mercury, plastics, and pcbs to cometh forth."
267,1934,1,19,82,102,1.2058823529411764,0.042578134678858966,620,"[God pulls up string] ""You gotta be quicker than that..."""
130,1934,6,9,87,102,1.2058823529411764,0.052759670739643105,620,Maybe we should remove the mask.
48,1934,6,9,87,102,1.2058823529411764,0.052759670739643105,620,"Well, when people don’t repent we destroy their world by using it as a pinata"
1299,1934,5,11,86,102,1.2058823529411764,0.05088659740826314,620,Thinks it is better now before Trump destroys it.
1334,1934,3,15,84,102,1.2058823529411764,0.046916646025273935,620,Are you sure this planet is void and empty?
531,1934,2,17,83,102,1.2058823529411764,0.04479993988272699,620,We haze in heaven?
1387,1934,5,11,86,102,1.2058823529411764,0.05088659740826314,620,"Not to worry, he has trouble with the curve."
1351,1934,2,17,83,102,1.2058823529411764,0.04479993988272699,620,This is way more fun than the flood option.
2666,1934,2,17,83,102,1.2058823529411764,0.04479993988272699,620,"I mean, how blessed can he be?"
2612,1934,3,15,84,102,1.2058823529411764,0.046916646025273935,620,Hit Mexico for another life.
2467,1934,4,13,85,102,1.2058823529411764,0.04894189141242656,620,He's getting closer.  Are you sure the Old Man will pull it out of the way?
2345,1934,4,13,85,102,1.2058823529411764,0.04894189141242656,620,This hits for Trump
2244,1934,4,13,85,102,1.2058823529411764,0.04894189141242656,620,O guess it can't be any worse than what they do themselves down there.
2228,1934,6,9,87,102,1.2058823529411764,0.052759670739643105,620,A swing and a miss! A good day for Earth! Not so much for Michael's chances of getting on the team.
2118,1934,5,11,86,102,1.2058823529411764,0.05088659740826314,620,He’s a switch hitter.  Does cyclones and hurricanes.
2662,1934,3,15,84,102,1.2058823529411764,0.046916646025273935,620,"No! There are no candies, why do you ask?"
2013,1934,4,13,85,102,1.2058823529411764,0.04894189141242656,620,"I know, Armageddon. Ironic."
1949,1934,4,13,85,102,1.2058823529411764,0.04894189141242656,620,We are definitely _not_ the better angels.
1839,1934,5,11,86,102,1.2058823529411764,0.05088659740826314,620,THE WAY THE WORLD IS GOING IT IS ALL HIT AND MISS ANYWAY !
1807,1934,4,13,85,102,1.2058823529411764,0.04894189141242656,620,I think he needs to be sent down for more training
1761,1934,5,11,86,102,1.2058823529411764,0.05088659740826314,620,I heard that there are some living things on it.
1398,1934,6,9,87,102,1.2058823529411764,0.052759670739643105,620,Don't you think he should stop hitting America? They've suffered enough already.
2108,1934,4,13,85,102,1.2058823529411764,0.04894189141242656,620,If he makes contact we're talking Revelations...
1531,1934,3,15,84,102,1.2058823529411764,0.046916646025273935,620,Dibs on the Swedish fish.
2457,2013,3,14,81,98,1.2040816326530612,0.048018124763472565,620,The Republicans like Pin the Tail on the Donkey.
2543,2013,4,12,82,98,1.2040816326530612,0.050161077954179,620,Not to worry. It's on self-destruct mode.
2840,2013,1,18,79,98,1.2040816326530612,0.043416050423211075,620,It was either this or “pin the tail on Halley’s comet”.
964,2013,1,18,79,98,1.2040816326530612,0.043416050423211075,620,The Angels take a lead in the Other-World Series
4471,2013,4,12,82,98,1.2040816326530612,0.050161077954179,620,St. Peter made sure the Flat Earthers could play shuffleboard.
1169,2013,2,16,80,98,1.2040816326530612,0.045774958984969194,620,It doesn't matter if he actually hits it this time. Earth is done for either way.
3654,2019,3,15,85,103,1.203883495145631,0.046501891458189094,620,I couldn't find a flat one.
2830,2019,5,11,87,103,1.203883495145631,0.05042976033443273,620,"Like humans treat it any better"""
2929,2019,4,13,86,103,1.203883495145631,0.04850560089606933,620,Don’t get too close. It’s filled with molten rock.
2949,2019,3,15,85,103,1.203883495145631,0.046501891458189094,620,Even here...still cannot hit the broad side of a barn
2745,2019,2,17,84,103,1.203883495145631,0.044407865295346474,620,We really should come up with a new game.  Every time we play this one we get blamed for earthquakes and tidal waves.
2968,2019,5,11,87,103,1.203883495145631,0.05042976033443273,620,And that's how earthquakes are created.
3192,2019,5,11,87,103,1.203883495145631,0.05042976033443273,620,"What's the point?
Any minute now it's going to fall apart anyway."
3471,2019,4,13,86,103,1.203883495145631,0.04850560089606933,620,Do we have a moral obligation to let the inhabitants know about our piñata finals?
3544,2019,4,13,86,103,1.203883495145631,0.04850560089606933,620,"Do the care labels for our robes mention 10,000 degree molten iron?"""
3784,2019,3,15,85,103,1.203883495145631,0.046501891458189094,620,Who asked for a do-over?
4934,2019,5,11,87,103,1.203883495145631,0.05042976033443273,620,I'd say people are destroying it without our help.
4054,2019,6,9,88,103,1.203883495145631,0.05228315346732527,620,You know who’s awesome at this? Donald Trump.
4076,2019,2,17,84,103,1.203883495145631,0.044407865295346474,620,Be patient. He was good at smashing pumpkins.
4231,2019,4,13,86,103,1.203883495145631,0.04850560089606933,620,Is this really the best way to cause the next mass extinction?
4452,2019,5,11,87,103,1.203883495145631,0.05042976033443273,620,"If he hits it, don’t you worry about another Mueller investigation?"
4539,2019,3,15,85,103,1.203883495145631,0.046501891458189094,620,He’d better hit if before it explodes on its own.
4544,2019,5,11,87,103,1.203883495145631,0.05042976033443273,620,"I would call it 'The shot heard around the World,' but I think it has already been used"
4662,2019,3,15,85,103,1.203883495145631,0.046501891458189094,620,He was once an Angels' hitter
4813,2019,5,11,87,103,1.203883495145631,0.05042976033443273,620,"""Once he works out the mechanics of his swing, climate change will look like nothing."""
4850,2019,5,11,87,103,1.203883495145631,0.05042976033443273,620,"So, Gabriel couldn't find his horn?"
2726,2019,7,7,89,103,1.203883495145631,0.05407305748325545,620,"Don’t worry, he’s only going to hit Canada."
3888,2019,4,13,86,103,1.203883495145631,0.04850560089606933,620,I didn't know in heaven I'd have a birthday party.
2693,2019,3,15,85,103,1.203883495145631,0.046501891458189094,620,Stop hitting the poor countries!
1221,2019,4,13,86,103,1.203883495145631,0.04850560089606933,620,"Next time, let’s get the Pluto one."
2542,2019,3,15,85,103,1.203883495145631,0.046501891458189094,620,"Last time we played, all the dinosaurs fell out."
2647,2019,3,15,85,103,1.203883495145631,0.046501891458189094,620,I thought Armageddon would play out differently.
15,2019,4,13,86,103,1.203883495145631,0.04850560089606933,620,"Normally we just play musical chairs, but this seemed more fitting."
33,2019,5,11,87,103,1.203883495145631,0.05042976033443273,620,"Extra points for hitting Washington, DC."
98,2019,5,11,87,103,1.203883495145631,0.05042976033443273,620,'We sent that Trump guy down to earth to practice.'
508,2019,5,11,87,103,1.203883495145631,0.05042976033443273,620,i don't know man who gives a fuck
617,2019,5,11,87,103,1.203883495145631,0.05042976033443273,620,One more hit to Hawaii and we'll get to see the gooey center
728,2019,2,17,84,103,1.203883495145631,0.044407865295346474,620,I wonder if they know this is how earthquakes happen?
1022,2019,4,13,86,103,1.203883495145631,0.04850560089606933,620,Luckily Mr. Trump is ineligible as he has been banished to hell.
1038,2019,2,17,84,103,1.203883495145631,0.044407865295346474,620,I think he forgotten that it's tilted 23.4 degrees on its axis...
1065,2019,7,7,89,103,1.203883495145631,0.05407305748325545,620,"Although he thinks he’s Babe Ruth, I’m glad to report he’s really Donald Trump."
1066,2019,1,19,83,103,1.203883495145631,0.04221008281193103,620,"If he misses one more time, we’ll use Jupiter."
1068,2019,2,17,84,103,1.203883495145631,0.044407865295346474,620,It’s all landfill.
1207,2019,2,17,84,103,1.203883495145631,0.044407865295346474,620,"So it was The Boss’ idea, not the Russians’ to get him elected?!"
248,2019,5,11,87,103,1.203883495145631,0.05042976033443273,620,Gabriel's aim is awful. We could be here forever.
1993,2019,5,11,87,103,1.203883495145631,0.05042976033443273,620,"Frank Sinatra, right?"
2350,2019,4,13,86,103,1.203883495145631,0.04850560089606933,620,"Joke's on him, this one's filled with dirt."
2079,2019,6,9,88,103,1.203883495145631,0.05228315346732527,620,He better not get this *and* the new harp.
2451,2019,3,15,85,103,1.203883495145631,0.046501891458189094,620,"That's God's Piñata pitch, nobody can hit it."
1848,2019,2,17,84,103,1.203883495145631,0.044407865295346474,620,"All  Hell may break loose, but it'll be worth it...I'm  for the chewy magma center."
1613,2019,1,19,83,103,1.203883495145631,0.04221008281193103,620,I heard Hell got a magician.
1677,2019,5,11,87,103,1.203883495145631,0.05042976033443273,620,She trusts her instincts.
1539,2019,2,17,84,103,1.203883495145631,0.044407865295346474,620,To think Shakespeare got so close
1482,2019,4,13,86,103,1.203883495145631,0.04850560089606933,620,U.S.foreign policy
1429,2019,1,19,83,103,1.203883495145631,0.04221008281193103,620,"So this, this is the meaning of life.  Well, that's just great!"
1373,2019,4,13,86,103,1.203883495145631,0.04850560089606933,620,They’ll think it’s an asteroid.
1356,2019,4,13,86,103,1.203883495145631,0.04850560089606933,620,I think we have a better chance with the Big Bang approach
1587,2019,5,11,87,103,1.203883495145631,0.05042976033443273,620,One that breaks open it’ll be a whole new world.
1243,2019,5,11,87,103,1.203883495145631,0.05042976033443273,620,"Ugh, I bet you it's filled with doves again this year."
3370,2072,4,12,83,99,1.202020202020202,0.0496945897769771,620,"He may have the world on a string, but he swings like my nana."
3303,2072,3,14,82,99,1.202020202020202,0.04757530020731468,620,"Wait till he finds out all that's left are a few lumps of coal and a $43,000 sound proof phone booth."
3347,2072,4,12,83,99,1.202020202020202,0.0496945897769771,620,God bless Earth Day.
3356,2072,5,10,84,99,1.202020202020202,0.051727123604429784,620,I think we should go back to hitting Uranus.
2886,2072,5,10,84,99,1.202020202020202,0.051727123604429784,620,See? If the Earth was flat where would the candy go?
3416,2072,2,16,81,99,1.202020202020202,0.045357095658013595,620,"After us, the Better Angels are up again, but we’re way ahead."
3474,2072,5,10,84,99,1.202020202020202,0.051727123604429784,620,This supposedly is a proof of free will.
3497,2072,5,10,84,99,1.202020202020202,0.051727123604429784,620,I've been banned since I wiped out the dinosaurs.
3394,2072,4,12,83,99,1.202020202020202,0.0496945897769771,620,This oughta show those flat-earthers.
3296,2072,5,10,84,99,1.202020202020202,0.051727123604429784,620,"I don't know about you, but I'm finding this to be more Trump's version of heaven than mine."
2970,2072,4,12,83,99,1.202020202020202,0.0496945897769771,620,"If he misses again, the world certainly won't end with a bang but with a whimper."
3214,2072,5,10,84,99,1.202020202020202,0.051727123604429784,620,Not everyone's cut out for Avenging Angel status.
3107,2072,6,8,85,99,1.202020202020202,0.05368275681886948,620,The Angels gave him his wings prior to spring training.
3051,2072,4,12,83,99,1.202020202020202,0.0496945897769771,620,"If he hits,we'll have a lot more angels up here"
3020,2072,4,12,83,99,1.202020202020202,0.0496945897769771,620,Trump’s  version of a very wonderful and beautiful Mexican birthday party in heaven.
3005,2072,1,18,80,99,1.202020202020202,0.0430246796994966,620,I hate this “archangels go first” rule
2945,2072,3,14,82,99,1.202020202020202,0.04757530020731468,620,Don't worry! It won't get crowded up here when he breaks it.
2912,2072,5,10,84,99,1.202020202020202,0.051727123604429784,620,HA! There's a strong breeze over the pacific.
2910,2072,3,14,82,99,1.202020202020202,0.04757530020731468,620,He's going to be so disappointed.
3558,2072,2,16,81,99,1.202020202020202,0.045357095658013595,620,"When she gets a good hit, all the lava comes flowing out."
3246,2072,3,14,82,99,1.202020202020202,0.04757530020731468,620,"He wanted to go out with a bang, not a whimper."
3573,2072,3,14,82,99,1.202020202020202,0.04757530020731468,620,Told you not to worry about global warming.
4615,2072,3,14,82,99,1.202020202020202,0.04757530020731468,620,"The word on the street is it's rigged, he sees through the blindfold and tariffs will be the least of Canada's problems."
3762,2072,4,12,83,99,1.202020202020202,0.0496945897769771,620,"I mean, come on!
How many chances does he get?"
2873,2072,3,14,82,99,1.202020202020202,0.04757530020731468,620,It appears we're giving up on our mission to save the world
4878,2072,4,12,83,99,1.202020202020202,0.0496945897769771,620,"Yeah, it's kinda mean but it's kinda fun too."
4861,2072,4,12,83,99,1.202020202020202,0.0496945897769771,620,This one's more fragile than it looks.
4786,2072,4,12,83,99,1.202020202020202,0.0496945897769771,620,I'm not sure how many more direct hits it can take!
4775,2072,3,14,82,99,1.202020202020202,0.04757530020731468,620,"He's the Angel of Global Warming, and he never misses twice."
4773,2072,3,14,82,99,1.202020202020202,0.04757530020731468,620,"After they took away Pluto, this is the only way we could keep the game going."
4723,2072,1,18,80,99,1.202020202020202,0.0430246796994966,620,This looks bad. Shouldn't the horn section be tuning up?
4706,2072,5,10,84,99,1.202020202020202,0.051727123604429784,620,God believes this provides better odds than the way the Earth is being cared for now.
4683,2072,5,10,84,99,1.202020202020202,0.051727123604429784,620,We used to block out countries for salvation - but not anymore.
4537,2072,2,16,81,99,1.202020202020202,0.045357095658013595,620,He can stop.  The president will do it.
4516,2072,3,14,82,99,1.202020202020202,0.04757530020731468,620,I don't think this is what Teddy Roosevelt had in mind.
4485,2072,6,8,85,99,1.202020202020202,0.05368275681886948,620,...if he hits New Jersey Jimmy Hoffa will fall out...
4463,2072,4,12,83,99,1.202020202020202,0.0496945897769771,620,"In heaven as it is on earth,,,,"
4446,2072,7,6,86,99,1.202020202020202,0.05556960898692556,620,"So, what do you think, hit or miss or doing the  Lord's work?"
4309,2072,4,12,83,99,1.202020202020202,0.0496945897769771,620,There goes the neighborhood.
4240,2072,2,16,81,99,1.202020202020202,0.045357095658013595,620,I’ve heard nothing good could come out of this!
4197,2072,5,10,84,99,1.202020202020202,0.051727123604429784,620,First thee get their attention.
4164,2072,5,10,84,99,1.202020202020202,0.051727123604429784,620,Gabriel likes to mix it up sometimes.
4078,2072,2,16,81,99,1.202020202020202,0.045357095658013595,620,"One thing I know, it's not filled with candy."
4010,2072,4,12,83,99,1.202020202020202,0.0496945897769771,620,They think the shaking is from some shifting plates.
3823,2072,6,8,85,99,1.202020202020202,0.05368275681886948,620,"He was Trump's EPA  chief,the pi"
3709,2072,5,10,84,99,1.202020202020202,0.051727123604429784,620,Could it be the Big Bang in reverse?
2872,2072,2,16,81,99,1.202020202020202,0.045357095658013595,620,Don’t look so glum. There are plenty of other hospitable planets in the universe. Plus this one is doesn’t believe in global warming.
2106,2072,3,14,82,99,1.202020202020202,0.04757530020731468,620,He'll never hit it if it keeps rotating like that.
2697,2072,6,8,85,99,1.202020202020202,0.05368275681886948,620,"It’s a earth-wide eviction notice . He claims to be Fred Trump, but we know that has to be a lie."
1089,2072,6,8,85,99,1.202020202020202,0.05368275681886948,620,"Well, it's really more like  ""wack-a-mole"""
970,2072,3,14,82,99,1.202020202020202,0.04757530020731468,620,"The big stick I understand, but what happened to speaking softly?"
961,2072,2,16,81,99,1.202020202020202,0.045357095658013595,620,I told you we should have voted.
873,2072,3,14,82,99,1.202020202020202,0.04757530020731468,620,It's not as fun without Lucifer here
867,2072,2,16,81,99,1.202020202020202,0.045357095658013595,620,This just wouldn't work as well if it was flat.
859,2072,4,12,83,99,1.202020202020202,0.0496945897769771,620,Do we even know what's in there?
769,2072,4,12,83,99,1.202020202020202,0.0496945897769771,620,Doesn't he know it's going to destroy itself in a couple millennia anyways?
757,2072,4,12,83,99,1.202020202020202,0.0496945897769771,620,The boss is unhappy with Trump.
732,2072,2,16,81,99,1.202020202020202,0.045357095658013595,620,are you sure this is the right piñata?
726,2072,4,12,83,99,1.202020202020202,0.0496945897769771,620,Why bother? They've already mined all the candy out of it.
700,2072,3,14,82,99,1.202020202020202,0.04757530020731468,620,Three strikes send you back.
688,2072,3,14,82,99,1.202020202020202,0.04757530020731468,620,Oh relax and enjoy the party. How can this be worse than what they’re doing to it?
572,2072,3,14,82,99,1.202020202020202,0.04757530020731468,620,Pray he doesn't hit North Korea.
516,2072,4,12,83,99,1.202020202020202,0.0496945897769771,620,Must be a bithday.  The line is unbelievable on Cinco de Mayo.
490,2072,3,14,82,99,1.202020202020202,0.04757530020731468,620,"'You know, down there they call him the moon'"
408,2072,4,12,83,99,1.202020202020202,0.0496945897769771,620,"Aw, why does he get to start the rapture?"
277,2072,4,12,83,99,1.202020202020202,0.0496945897769771,620,"Really, the killer asteroid we used last time showed some class."
269,2072,3,14,82,99,1.202020202020202,0.04757530020731468,620,He's got the whole world in his hands.
249,2072,3,14,82,99,1.202020202020202,0.04757530020731468,620,It's empty.
137,2072,5,10,84,99,1.202020202020202,0.051727123604429784,620,It has to be at least a Richter 9.2 to fracture the Earth's crust.
2812,2072,4,12,83,99,1.202020202020202,0.0496945897769771,620,"Wait, but won't lava come out?"
157,2072,4,12,83,99,1.202020202020202,0.0496945897769771,620,"Don't look so surprised Macron, Merkel tried to tell you."
73,2072,5,10,84,99,1.202020202020202,0.051727123604429784,620,He was never very good at Earthly endeavors!
1206,2072,4,12,83,99,1.202020202020202,0.0496945897769771,620,The Boss decided that 'ending with a whimper' wasn't an option.
1229,2072,3,14,82,99,1.202020202020202,0.04757530020731468,620,That was a hurricane. Only the hits register on the Richter scale.
1281,2072,5,10,84,99,1.202020202020202,0.051727123604429784,620,This is Global Whiffing.
1411,2072,5,10,84,99,1.202020202020202,0.051727123604429784,620,I thought Trump and Scott Pruitt were taking care of this.
2619,2072,5,10,84,99,1.202020202020202,0.051727123604429784,620,"Dude, this angel dust is the bomb"
2605,2072,3,14,82,99,1.202020202020202,0.04757530020731468,620,The Broadway adaptation of Angels in the Outfield continues through June 26.
2544,2072,3,14,82,99,1.202020202020202,0.04757530020731468,620,Michael doesn't think they're getting the message.
2537,2072,2,16,81,99,1.202020202020202,0.045357095658013595,620,A holy catharsis.
2521,2072,3,14,82,99,1.202020202020202,0.04757530020731468,620,Wait until God hears about this earth shattering news.
2517,2072,5,10,84,99,1.202020202020202,0.051727123604429784,620,It’s full of angst.
2476,2072,3,14,82,99,1.202020202020202,0.04757530020731468,620,It will be a miracle if he hits it.
2296,2072,5,10,84,99,1.202020202020202,0.051727123604429784,620,"Give him time, he just got called up"
2280,2072,4,12,83,99,1.202020202020202,0.0496945897769771,620,Now I know why they put the angels in the outfield.
2205,2072,5,10,84,99,1.202020202020202,0.051727123604429784,620,"He knows there isn't candy in there, right?"
75,2072,4,12,83,99,1.202020202020202,0.0496945897769771,620,"Well, if it is some kind of test...
I think we're about to fail with flying colors."
35,2072,6,8,85,99,1.202020202020202,0.05368275681886948,620,Not to worry!  He pitched in the American League.
2096,2072,5,10,84,99,1.202020202020202,0.051727123604429784,620,I like to watch the ants fall off
1907,2072,3,14,82,99,1.202020202020202,0.04757530020731468,620,He's not nearly as effective as Trump's turn at the G7 summit.
1873,2072,4,12,83,99,1.202020202020202,0.0496945897769771,620,Aim for the ozone--they'll never notice!
1804,2072,4,12,83,99,1.202020202020202,0.0496945897769771,620,Really in the mood for some fine chocolates-- I'm aiming for Belgium
1792,2072,5,10,84,99,1.202020202020202,0.051727123604429784,620,"Ya le diste una!

ya le diste dos!

ya le diste tres!…y tu tiempo se acabo!!”"
80,2072,4,12,83,99,1.202020202020202,0.0496945897769771,620,Imagine if humanity knew what really killed the dinosaurs.
1783,2072,4,12,83,99,1.202020202020202,0.0496945897769771,620,They think they're tracking an asteroid.
1718,2072,3,14,82,99,1.202020202020202,0.04757530020731468,620,There isn't enough candy in the world to make this worth it!
1713,2072,4,12,83,99,1.202020202020202,0.0496945897769771,620,We 're playing the Canadian version. The candy doesn't come out unless you hit D.C.
1505,2072,3,14,82,99,1.202020202020202,0.04757530020731468,620,He used to be a member of Congress.
1480,2072,3,14,82,99,1.202020202020202,0.04757530020731468,620,Because if you get the moon on the first swing you’re allowed to go again
1453,2072,6,8,85,99,1.202020202020202,0.05368275681886948,620,The Mass Extinction party theme is so played out.
1937,2072,3,14,82,99,1.202020202020202,0.04757530020731468,620,Get ready for the apocalypse - Hank Aaron's batting clean up.
3771,2173,4,12,84,100,1.2,0.04923659639173309,620,Jupiter's easier.
3679,2173,3,14,83,100,1.2,0.04714045207910317,620,"They say in Hell, you don’t even wear the blindfold..."
3324,2173,3,14,83,100,1.2,0.04714045207910317,620,He played for the Orioles.
1981,2173,3,14,83,100,1.2,0.04714045207910317,620,He’s been connecting pretty regularly lately.
3691,2173,0,19,76,95,1.2,0.04125684985035172,620,And.........this is how He keeps the world spinning?
2021,2173,3,14,83,100,1.2,0.04714045207910317,620,"I know it's just a bit of fun, but I don't feel like it gels with what we're about here."
2417,2173,3,14,83,100,1.2,0.04714045207910317,620,"He may play for the angels, but he swings like a Met!"
4623,2173,0,19,76,95,1.2,0.04125684985035172,620,She just thinks she's got the world on a string
1091,2173,3,14,83,100,1.2,0.04714045207910317,620,"Apparently, the humans are not messing up the planet fast enough for our Angel Brother's taste."
696,2173,4,12,84,100,1.2,0.04923659639173309,620,He's just bashing globalism again.
3733,2183,4,12,85,101,1.198019801980198,0.04878687126635613,620,I'm getting a little nervous. I still have family there.
972,2183,3,14,84,101,1.198019801980198,0.046713370740932486,620,He is trying to spank trump
3136,2185,4,11,82,97,1.1958762886597938,0.04999822861495349,620,Winner gets​ to pick the next plague!
3168,2185,2,15,80,97,1.1958762886597938,0.04550021538441706,620,"Blindfold, shmeinfold.  He's still dangerous."
3093,2185,1,17,79,97,1.1958762886597938,0.043075433459524665,620,"I'm not sure what I thought the End of Days would be like, but it wasn't this."
3181,2185,7,5,85,97,1.1958762886597938,0.05607274526488221,620,Angel Trump continues to miss  but calls it fake news.
3191,2185,4,11,82,97,1.1958762886597938,0.04999822861495349,620,Who invited Global Warming to the party?
3343,2185,2,15,80,97,1.1958762886597938,0.04550021538441706,620,And you thought climate change was an imminent threat!
3354,2185,4,11,82,97,1.1958762886597938,0.04999822861495349,620,He just whacked Hawaii
3466,2185,4,11,82,97,1.1958762886597938,0.04999822861495349,620,He's going for the Sixth Extinction.
3423,2185,1,17,79,97,1.1958762886597938,0.043075433459524665,620,It's not a matter of if... it's a matter of when.
3053,2185,4,11,82,97,1.1958762886597938,0.04999822861495349,620,"This isn't bad, they use the sun in hell."
3468,2185,5,9,83,97,1.1958762886597938,0.05210181855689453,620,It's anger management.  He was a better angel in the Lincoln administration.
3472,2185,4,11,82,97,1.1958762886597938,0.04999822861495349,620,He was big talk after Jupiter.
3483,2185,2,15,80,97,1.1958762886597938,0.04550021538441706,620,"The Big Man couldn't quite nail it, so he decided to let us have a few swings at it."
3488,2185,4,11,82,97,1.1958762886597938,0.04999822861495349,620,It can't hurt.
3502,2185,3,13,81,97,1.1958762886597938,0.04780215719327684,620,"Is the Apocholypse, or just global whaamin?"
3541,2185,6,7,84,97,1.1958762886597938,0.054123711340206195,620,"Well, for us it's lots of fun; they call it climate change."
3547,2185,4,11,82,97,1.1958762886597938,0.04999822861495349,620,We're taking turns playing Apocalypse.
3590,2185,4,11,82,97,1.1958762886597938,0.04999822861495349,620,This is how we play God!
3387,2185,3,13,81,97,1.1958762886597938,0.04780215719327684,620,Do you suppose this is part of God’s plan?
3032,2185,4,11,82,97,1.1958762886597938,0.04999822861495349,620,Its your turn to intervene
2933,2185,1,17,79,97,1.1958762886597938,0.043075433459524665,620,He was not much better at T-ball.
2990,2185,5,9,83,97,1.1958762886597938,0.05210181855689453,620,"A split just opened on Hawaii. It should come apart with the next good hit."""
2471,2185,4,11,82,97,1.1958762886597938,0.04999822861495349,620,What on earth?
2502,2185,4,11,82,97,1.1958762886597938,0.04999822861495349,620,"Hank, I have to go, and I'm taking my smoke machine. Don't call me."
2533,2185,4,11,82,97,1.1958762886597938,0.04999822861495349,620,God's got the world on a string sittin' on a rainbow. He'll never hit it...
2558,2185,3,13,81,97,1.1958762886597938,0.04780215719327684,620,Think Trump and swing!
2564,2185,4,11,82,97,1.1958762886597938,0.04999822861495349,620,It's really a hit or miss type of deal.
2572,2185,2,15,80,97,1.1958762886597938,0.04550021538441706,620,"Apparently the prize motivates him, but he really needs to learn to care more about the welfare of others."
2615,2185,5,9,83,97,1.1958762886597938,0.05210181855689453,620,One strike and they're out.
2622,2185,4,11,82,97,1.1958762886597938,0.04999822861495349,620,"Yeah, he made it, but sometimes God's strange moods just tick me off."
2629,2185,4,11,82,97,1.1958762886597938,0.04999822861495349,620,Too bad there's no candy inside.
2694,2185,3,13,81,97,1.1958762886597938,0.04780215719327684,620,"It’s Kim’s turn now, Donnie."
2725,2185,5,9,83,97,1.1958762886597938,0.05210181855689453,620,"It's never gonna happen, he's with the LA Dodgers."
2767,2185,4,11,82,97,1.1958762886597938,0.04999822861495349,620,Apocalypse when?
2784,2185,6,7,84,97,1.1958762886597938,0.054123711340206195,620,Cinco de Mayo was never this much fun!
2794,2185,5,9,83,97,1.1958762886597938,0.05210181855689453,620,Rumor has it that it was those tweets about Mexico that drove Her over the edge
2851,2185,5,9,83,97,1.1958762886597938,0.05210181855689453,620,"Yeah, I'm with you, a bit overeager."
2854,2185,3,13,81,97,1.1958762886597938,0.04780215719327684,620,Maybe that's where our haloes are.
2887,2185,4,11,82,97,1.1958762886597938,0.04999822861495349,620,He has been doing this since the election. He thinks he doing the world a favor.
2903,2185,2,15,80,97,1.1958762886597938,0.04550021538441706,620,It's only a matter of time now.
2918,2185,5,9,83,97,1.1958762886597938,0.05210181855689453,620,Is that the one made out of cheese?
2921,2185,4,11,82,97,1.1958762886597938,0.04999822861495349,620,"Well, the world's already going to Hell."
3616,2185,3,13,81,97,1.1958762886597938,0.04780215719327684,620,Hoping he'll knock the Devil out of it!
2996,2185,3,13,81,97,1.1958762886597938,0.04780215719327684,620,He is experimenting with new ways of celebrating Earth Day.
3620,2185,5,9,83,97,1.1958762886597938,0.05210181855689453,620,"Yes, Mr. President, you need to keep the mask on!"
4380,2185,4,11,82,97,1.1958762886597938,0.04999822861495349,620,Watch out; remember what happened last Election Night!
3672,2185,3,13,81,97,1.1958762886597938,0.04780215719327684,620,"Well, if bats come flying out, a lot will be explained."
4421,2185,1,17,79,97,1.1958762886597938,0.043075433459524665,620,Just wait until it's El Nino's turn!
4476,2185,6,7,84,97,1.1958762886597938,0.054123711340206195,620,I told the boss it was a bad idea to give the job to one of our better angels.
4503,2185,4,11,82,97,1.1958762886597938,0.04999822861495349,620,I hate Cinco de Gaia.
4508,2185,1,17,79,97,1.1958762886597938,0.043075433459524665,620,I heard Dennis got Jupiter for his party
4522,2185,4,11,82,97,1.1958762886597938,0.04999822861495349,620,"And God said, “Let there be candy.”"
4523,2185,4,11,82,97,1.1958762886597938,0.04999822861495349,620,"Between you and me, I'm glad Gabe keeps missing."
4584,2185,2,15,80,97,1.1958762886597938,0.04550021538441706,620,"Well, since it's ruined anyway..."
4625,2185,5,9,83,97,1.1958762886597938,0.05210181855689453,620,It's the only thing that planet is good for anymore.
4626,2185,4,11,82,97,1.1958762886597938,0.04999822861495349,620,We've got to send him back down.  He's just not ready for the Majors.
4679,2185,3,13,81,97,1.1958762886597938,0.04780215719327684,620,Call him off.  They're destroying it themselves.
4348,2185,4,11,82,97,1.1958762886597938,0.04999822861495349,620,In the Old Testament days He hadn't yet thought of the blindfold.
4727,2185,5,9,83,97,1.1958762886597938,0.05210181855689453,620,"I know the earth is filled with the goodness of the Lord, but just once I'd love some gum."
4767,2185,3,13,81,97,1.1958762886597938,0.04780215719327684,620,The Flying Spaghetti Monster wouldn't have missed...
4815,2185,2,15,80,97,1.1958762886597938,0.04550021538441706,620,I'm hoping for pennies from heaven.
4875,2185,3,13,81,97,1.1958762886597938,0.04780215719327684,620,Next we'll play pin the tail on the world leader.
4881,2185,3,13,81,97,1.1958762886597938,0.04780215719327684,620,This will really be the big bang!
4891,2185,2,15,80,97,1.1958762886597938,0.04550021538441706,620,Why do think we all keep missing it?
4898,2185,3,13,81,97,1.1958762886597938,0.04780215719327684,620,Very rarely does someone connect. I believe the last time we had some dinosaurs go extinct.
4908,2185,4,11,82,97,1.1958762886597938,0.04999822861495349,620,Be best.
4912,2185,5,9,83,97,1.1958762886597938,0.05210181855689453,620,Surely it can't make things any worse.
4948,2185,7,5,85,97,1.1958762886597938,0.05607274526488221,620,Don’t tell the big guy we’re doing this again. He’s still angry about Gondwanaland.
2444,2185,3,13,81,97,1.1958762886597938,0.04780215719327684,620,It's gonna blow up anyway.
4761,2185,2,15,80,97,1.1958762886597938,0.04550021538441706,620,"Heads up, Mars! He really got ahold of the moon on that one."
3631,2185,4,11,82,97,1.1958762886597938,0.04999822861495349,620,"I miss the world, too."
4323,2185,3,13,81,97,1.1958762886597938,0.04780215719327684,620,I still say is cultural appropriation.
4282,2185,4,11,82,97,1.1958762886597938,0.04999822861495349,620,At least we tried.
3674,2185,2,15,80,97,1.1958762886597938,0.04550021538441706,620,At least he's not fracking.
3700,2185,4,11,82,97,1.1958762886597938,0.04999822861495349,620,"He thinks of it as a couple swings, but it's four years down there"
3703,2185,4,11,82,97,1.1958762886597938,0.04999822861495349,620,Does anyone actually eat the magma inside?
3714,2185,2,15,80,97,1.1958762886597938,0.04550021538441706,620,I don't think this is what Sinatra was singing about.
3717,2185,3,13,81,97,1.1958762886597938,0.04780215719327684,620,I hate when all the sin spills out.
3760,2185,2,15,80,97,1.1958762886597938,0.04550021538441706,620,A lot of hot air and greenhouse gases we expect
3802,2185,4,11,82,97,1.1958762886597938,0.04999822861495349,620,"OK, Now try to hit something other than Kilauea"
3829,2185,5,9,83,97,1.1958762886597938,0.05210181855689453,620,Strike three. Another eon!
3865,2185,3,13,81,97,1.1958762886597938,0.04780215719327684,620,And they say love make the world go round.
3893,2185,4,11,82,97,1.1958762886597938,0.04999822861495349,620,Mickey actually missed more than he hit.
4320,2185,3,13,81,97,1.1958762886597938,0.04780215719327684,620,They say he played for the Mets.
3975,2185,6,7,84,97,1.1958762886597938,0.054123711340206195,620,"Can it, here comes Jesus!"
4040,2185,4,11,82,97,1.1958762886597938,0.04999822861495349,620,"Hit Switzerland and we get chocolate!
China and we get rice..."
4098,2185,4,11,82,97,1.1958762886597938,0.04999822861495349,620,Is it Christmas already ?
4148,2185,5,9,83,97,1.1958762886597938,0.05210181855689453,620,This wills settle that flat Earth issue.
4171,2185,4,11,82,97,1.1958762886597938,0.04999822861495349,620,They ignored their better angels.
4177,2185,5,9,83,97,1.1958762886597938,0.05210181855689453,620,Do you remember Pandora's last party?
4213,2185,3,13,81,97,1.1958762886597938,0.04780215719327684,620,He delegates Acts of God to us.
4224,2185,5,9,83,97,1.1958762886597938,0.05210181855689453,620,"Justice is blind, particularly if your global peace pinata is 
fake!"
4225,2185,3,13,81,97,1.1958762886597938,0.04780215719327684,620,"Finally, a GOOD compromise!"
4271,2185,2,15,80,97,1.1958762886597938,0.04550021538441706,620,"Not to be unkind, but we should hope he's a no-hitter."
4276,2185,2,15,80,97,1.1958762886597938,0.04550021538441706,620,"I think that's the new, ""extreme "" version of Brexit."
3996,2185,3,13,81,97,1.1958762886597938,0.04780215719327684,620,It's my fault.  He's been whiffing ever since I suggested he choke up on the bat.
2438,2185,3,13,81,97,1.1958762886597938,0.04780215719327684,620,They'll call it a Madden-Julian oscillation; I say it's a whiff.
1485,2185,3,13,81,97,1.1958762886597938,0.04780215719327684,620,"With any luck, we'll make it flat again."
2411,2185,3,13,81,97,1.1958762886597938,0.04780215719327684,620,It's always mostly insects.
741,2185,2,15,80,97,1.1958762886597938,0.04550021538441706,620,We may as well have a party and enjoy it before it goes bad.
753,2185,3,13,81,97,1.1958762886597938,0.04780215719327684,620,I actually heard some guy say that God does not play dice with the Universe. Wonder what he would think about this?
771,2185,4,11,82,97,1.1958762886597938,0.04999822861495349,620,And they still think it’s climate change.
820,2185,3,13,81,97,1.1958762886597938,0.04780215719327684,620,"Apparently he struck out a lot with the Anaheim team, also."
823,2185,5,9,83,97,1.1958762886597938,0.05210181855689453,620,They say the immigration lottery is even harder
845,2185,4,11,82,97,1.1958762886597938,0.04999822861495349,620,Reminds me of Trump somehow.
885,2185,6,7,84,97,1.1958762886597938,0.054123711340206195,620,I got it on sale.
903,2185,2,15,80,97,1.1958762886597938,0.04550021538441706,620,The winner doesn’t have to return.
932,2185,3,13,81,97,1.1958762886597938,0.04780215719327684,620,He missed North Korea
962,2185,6,7,84,97,1.1958762886597938,0.054123711340206195,620,"I had something else in mind when John's invitation promised we'd ""journey to the center of the Earth ""."
996,2185,3,13,81,97,1.1958762886597938,0.04780215719327684,620,They need disasters from time to time to keep them on their toes
1020,2185,4,11,82,97,1.1958762886597938,0.04999822861495349,620,Do you think Phil knows his boy is still down there?
1063,2185,3,13,81,97,1.1958762886597938,0.04780215719327684,620,Don't worry about the giant lizards. They'll be fine.
1082,2185,5,9,83,97,1.1958762886597938,0.05210181855689453,620,Waste of time.  It's empty.
1095,2185,6,7,84,97,1.1958762886597938,0.054123711340206195,620,This is part of the new anger management program.
1108,2185,5,9,83,97,1.1958762886597938,0.05210181855689453,620,It’s a new technique from his anger-management group.
1117,2185,2,15,80,97,1.1958762886597938,0.04550021538441706,620,I hear say that it is filled with plastic.
1180,2185,3,13,81,97,1.1958762886597938,0.04780215719327684,620,"Swing low, Sweet Chariot"
1209,2185,5,9,83,97,1.1958762886597938,0.05210181855689453,620,I always wondered what caused earthquakes.
1212,2185,5,9,83,97,1.1958762886597938,0.05210181855689453,620,"MEGA. 
Make Earth Great Again"
1239,2185,1,17,79,97,1.1958762886597938,0.043075433459524665,620,Do we have enough wings for another eight billion?
684,2185,4,11,82,97,1.1958762886597938,0.04999822861495349,620,He's just going to get lava everywhere
677,2185,4,11,82,97,1.1958762886597938,0.04999822861495349,620,I hope he doesn't hit the Yucatan Peninsula again.
616,2185,4,11,82,97,1.1958762886597938,0.04999822861495349,620,He hasn't hit a lick since Bryce Harper went on the DL.
603,2185,4,11,82,97,1.1958762886597938,0.04999822861495349,620,His last swing was an almost-miss; the bat barely brushed Kilauea.
2414,2185,3,13,81,97,1.1958762886597938,0.04780215719327684,620,This is what happens when Earth Day gets confused with Birthday.
8,2185,4,11,82,97,1.1958762886597938,0.04999822861495349,620,"That's one way to hasten Armageddon."""
21,2185,2,15,80,97,1.1958762886597938,0.04550021538441706,620,Ariel's  pretty uncoordinated. The last time he connected was in the Cretaceous
24,2185,2,15,80,97,1.1958762886597938,0.04550021538441706,620,And they worry about global warming...!
46,2185,2,15,80,97,1.1958762886597938,0.04550021538441706,620,You've heard of the blind watchmaker?  This is his evil twin.
56,2185,3,13,81,97,1.1958762886597938,0.04780215719327684,620,He sunk all his money into TWA.
60,2185,3,13,81,97,1.1958762886597938,0.04780215719327684,620,And he wanted us to call him Gabe Ruth?
138,2185,3,13,81,97,1.1958762886597938,0.04780215719327684,620,Did you see that? She winked at me.
144,2185,3,13,81,97,1.1958762886597938,0.04780215719327684,620,This used to seem like the dumbest thing you could do.
160,2185,3,13,81,97,1.1958762886597938,0.04780215719327684,620,Aren't we supposed to do this AFTER the Rapture?
1250,2185,2,15,80,97,1.1958762886597938,0.04550021538441706,620,"He doesn't play dice with the universe, but..."
182,2185,3,13,81,97,1.1958762886597938,0.04780215719327684,620,The last planet he whacked turned out to be Pluto and that didn't end well.
227,2185,4,11,82,97,1.1958762886597938,0.04999822861495349,620,I think I am right in saying the left hand on top doesn't work.
239,2185,3,13,81,97,1.1958762886597938,0.04780215719327684,620,At least this is more fair than the dart board.
275,2185,4,11,82,97,1.1958762886597938,0.04999822861495349,620,Welcome to the world opener series.
384,2185,2,15,80,97,1.1958762886597938,0.04550021538441706,620,Don't you think Babe's had enough swings for one year?
403,2185,6,7,84,97,1.1958762886597938,0.054123711340206195,620,"Hah, they’re blaming Russia down there..."
462,2185,4,11,82,97,1.1958762886597938,0.04999822861495349,620,"Worst New Year's party, ever."
467,2185,4,11,82,97,1.1958762886597938,0.04999822861495349,620,Major League career my ass!
496,2185,4,11,82,97,1.1958762886597938,0.04999822861495349,620,"He just hit Hawaii and Guatemala.  Personally, I'm aiming for the White House."""
564,2185,2,15,80,97,1.1958762886597938,0.04550021538441706,620,God knows what on Earth will happen!
570,2185,5,9,83,97,1.1958762886597938,0.05210181855689453,620,"After Gabriel crushes the Earth, let's go back to my place so I can tear up Uranus."
195,2185,4,11,82,97,1.1958762886597938,0.04999822861495349,620,It'll give 'all hell breaking loose' a new meaning.
1329,2185,3,13,81,97,1.1958762886597938,0.04780215719327684,620,It's only a matter of time.
832,2185,4,11,82,97,1.1958762886597938,0.04999822861495349,620,Creationists' Outer Spiral Arm Concept Drawing
1380,2185,3,13,81,97,1.1958762886597938,0.04780215719327684,620,Hades is just dying to play!
1918,2185,3,13,81,97,1.1958762886597938,0.04780215719327684,620,Let's give him another chance. We could all use a do-over.
1955,2185,4,11,82,97,1.1958762886597938,0.04999822861495349,620,He’s been at it for 4.543 billion years
1968,2185,6,7,84,97,1.1958762886597938,0.054123711340206195,620,"They're so quaint, they have an entire religion called ""plate tectonics."""
1980,2185,6,7,84,97,1.1958762886597938,0.054123711340206195,620,They put all the best candy in Saturn.
2001,2185,3,13,81,97,1.1958762886597938,0.04780215719327684,620,That is quite a trick to play on a guardian angel...
2007,2185,3,13,81,97,1.1958762886597938,0.04780215719327684,620,"He's been at it for years,  yet all he's doing is making for stronger winds"
2040,2185,3,13,81,97,1.1958762886597938,0.04780215719327684,620,It ain't over till it's over.
2053,2185,4,11,82,97,1.1958762886597938,0.04999822861495349,620,I hope he doesn't burst China. I can't digest counterfeit candy.
2056,2185,5,9,83,97,1.1958762886597938,0.05210181855689453,620,It's Pinata Therapy for people who had bad experiences on earth.
2063,2185,4,11,82,97,1.1958762886597938,0.04999822861495349,620,He can finally have an impact on the world
1897,2185,1,17,79,97,1.1958762886597938,0.043075433459524665,620,Wait until God finds out he's got the world on a string!
2075,2185,4,11,82,97,1.1958762886597938,0.04999822861495349,620,He sits on the president’s shoulder.
2122,2185,4,11,82,97,1.1958762886597938,0.04999822861495349,620,i just hope Ted Williams does not hear about this
2166,2185,3,13,81,97,1.1958762886597938,0.04780215719327684,620,"When it's time for the annual softball tournament,we're gonna need our better angels."
2168,2185,5,9,83,97,1.1958762886597938,0.05210181855689453,620,And Earth thought hurricanes were an act of God.
2243,2185,5,9,83,97,1.1958762886597938,0.05210181855689453,620,The World is going to Hell!
1367,2185,4,11,82,97,1.1958762886597938,0.04999822861495349,620,Did someone open the sixth seal?
2279,2185,3,13,81,97,1.1958762886597938,0.04780215719327684,620,"This is really how Earth ends, but my agent was right: the Four  Horsemen version IS a huge best-seller."
2341,2185,3,13,81,97,1.1958762886597938,0.04780215719327684,620,Last good hit got rid of the dinosaurs.
2377,2185,4,11,82,97,1.1958762886597938,0.04999822861495349,620,"I wouldn't brag, you only had to hit Jupiter."
2384,2185,2,15,80,97,1.1958762886597938,0.04550021538441706,620,He can't hit here any better than when he was on the Mets.
2385,2185,2,15,80,97,1.1958762886597938,0.04550021538441706,620,"Sure, he missed the Earth but he hammered that moon into orbit."
2082,2185,4,11,82,97,1.1958762886597938,0.04999822861495349,620,I think it's time to take off the blindfold.
1829,2185,3,13,81,97,1.1958762886597938,0.04780215719327684,620,"In the old days, we didn't have to wear the blindfold."
2270,2185,2,15,80,97,1.1958762886597938,0.04550021538441706,620,Last time the dinosaurs died.
1823,2185,3,13,81,97,1.1958762886597938,0.04780215719327684,620,No wonder my brother down on earth has migraines.
1381,2185,2,15,80,97,1.1958762886597938,0.04550021538441706,620,"Can you believe people on Earth blame ""fracking"" for the rise in earthquakes."
1827,2185,4,11,82,97,1.1958762886597938,0.04999822861495349,620,I don’t think that what he meant by “Why don’t you take a swing at it for a change.”
1403,2185,2,15,80,97,1.1958762886597938,0.04550021538441706,620,Scientists who insisted that climate change was caused by human activity go absolutely nuts when they see this.
1448,2185,6,7,84,97,1.1958762886597938,0.054123711340206195,620,This might hurt.
1450,2185,5,9,83,97,1.1958762886597938,0.05210181855689453,620,"Dude has zero chance of being signed by the Anaheim Archangels."""
1454,2185,5,9,83,97,1.1958762886597938,0.05210181855689453,620,'The last time he did this Trump was elected President!'
1492,2185,4,11,82,97,1.1958762886597938,0.04999822861495349,620,How do you think we got rid of the dinosaurs?
1503,2185,2,15,80,97,1.1958762886597938,0.04550021538441706,620,Shouldn’t we tell him that’s not the piñata?
1508,2185,4,11,82,97,1.1958762886597938,0.04999822861495349,620,Your best bet is on America. I think I see a split forming.
1517,2185,3,13,81,97,1.1958762886597938,0.04780215719327684,620,I was led to believe that the recreational activities offered here would be music and song.
1522,2185,4,11,82,97,1.1958762886597938,0.04999822861495349,620,Rock candy.
1391,2185,6,7,84,97,1.1958762886597938,0.054123711340206195,620,It wouldn't be as much fun if the Earth was flat.
1665,2185,5,9,83,97,1.1958762886597938,0.05210181855689453,620,I've heard that the candy is out of this world.
1683,2185,2,15,80,97,1.1958762886597938,0.04550021538441706,620,The Devil is batting over .400
1697,2185,4,11,82,97,1.1958762886597938,0.04999822861495349,620,"You have to hit it once every 24 hours to keep it turning, even if blindfolded."
1711,2185,2,15,80,97,1.1958762886597938,0.04550021538441706,620,"He always dreamed he was in the World Series"""
1728,2185,4,11,82,97,1.1958762886597938,0.04999822861495349,620,And he thought the world was flat!
1812,2185,5,9,83,97,1.1958762886597938,0.05210181855689453,620,Too bad it's not real.
1729,2185,4,11,82,97,1.1958762886597938,0.04999822861495349,620,"Ever hear the song ""He's got the whole world in his hands"" ?"
1773,2185,2,15,80,97,1.1958762886597938,0.04550021538441706,620,First the dinosaurs... Now humans?!
1776,2185,2,15,80,97,1.1958762886597938,0.04550021538441706,620,There goes Michael: still trying to knock the hell out of it.
1788,2185,5,9,83,97,1.1958762886597938,0.05210181855689453,620,"Given all that has gone on recently, the planet could use a good whack.”"
1614,2185,5,9,83,97,1.1958762886597938,0.05210181855689453,620,It's exciting -- at any moment Trump's antics could change the trajectory.
4961,2384,4,11,83,98,1.1938775510204083,0.04952576121200433,620,Who says God doesn't  play dice with the universe.
3797,2384,4,11,83,98,1.1938775510204083,0.04952576121200433,620,So that’s how the world goes ‘round.
4672,2384,4,11,83,98,1.1938775510204083,0.04952576121200433,620,"Brad, it's your 4.543 billionth birthday, can we try something new for a change?"
3213,2384,6,7,85,98,1.1938775510204083,0.05360585691021162,620,There are subtler ways...
2368,2384,3,13,82,98,1.1938775510204083,0.04735406622354269,620,I wish the Boss had more of an actual plan.
629,2384,4,11,83,98,1.1938775510204083,0.04952576121200433,620,Well he's definitely no Donald Trump
3500,2384,5,9,84,98,1.1938775510204083,0.05160614749575169,620,"With Pluto gone, this is the next logical choice."
3835,2391,3,12,79,94,1.1914893617021276,0.048487995775374215,620,Try to hit it on North Korea so all the minerals will fall out...
3782,2391,4,10,80,94,1.1914893617021276,0.0507923846035789,620,"If it's candy in there, I call dibs on the Milky Ways and Mars Bars."
3752,2391,1,16,77,94,1.1914893617021276,0.043514647367321815,620,I can't stand spiritual appropriation!
3635,2391,5,8,81,94,1.1914893617021276,0.05299666907573578,620,This is the Day of Judgement.
2569,2391,4,10,80,94,1.1914893617021276,0.0507923846035789,620,None of the good hitters can get up here.
3611,2391,4,10,80,94,1.1914893617021276,0.0507923846035789,620,That’s strike #665.
3277,2391,3,12,79,94,1.1914893617021276,0.048487995775374215,620,No worry. He's only trying to destroy it out of love.
3244,2391,3,12,79,94,1.1914893617021276,0.048487995775374215,620,"Silly humans, they think chaos is caused by a Trump tweet."
2801,2391,5,8,81,94,1.1914893617021276,0.05299666907573578,620,And for all those years I thought the world revolved around me.
2750,2391,3,12,79,94,1.1914893617021276,0.048487995775374215,620,Next we'll choose their president by pin-the-tail-on-the-donkey
3873,2391,2,14,78,94,1.1914893617021276,0.046068483097531414,620,It's full of starving children.
2611,2391,3,12,79,94,1.1914893617021276,0.048487995775374215,620,He's still trying to make the Yankees.
3458,2391,2,14,78,94,1.1914893617021276,0.046068483097531414,620,And they thought climate change would be their demise.
3875,2391,2,14,78,94,1.1914893617021276,0.046068483097531414,620,It can't be Ted Williams. He's still on ice.
4681,2391,4,10,80,94,1.1914893617021276,0.0507923846035789,620,Angels at play JUST BEFORE the dinosaurs went away.
4069,2391,4,10,80,94,1.1914893617021276,0.0507923846035789,620,"The President wants to make sure Mexico knows he is very
serious about cancelling NAFTA."
2499,2391,4,10,80,94,1.1914893617021276,0.0507923846035789,620,We don't play dice with the world. That was before Trump.
4742,2391,2,14,78,94,1.1914893617021276,0.046068483097531414,620,It's a flat-earther birthday party.
4603,2391,4,10,80,94,1.1914893617021276,0.0507923846035789,620,‘Cause we couldn’t get enough candy in the flat one.
4530,2391,3,12,79,94,1.1914893617021276,0.048487995775374215,620,Do you suppose he has no idea there are no bleachers up here?
4406,2391,4,10,80,94,1.1914893617021276,0.0507923846035789,620,"Well, so much for my geology degree."
4374,2391,3,12,79,94,1.1914893617021276,0.048487995775374215,620,"Well, he did hit Kilauea last time."
3906,2391,2,14,78,94,1.1914893617021276,0.046068483097531414,620,Last year we used Pluto. Took him three hours.
4369,2391,2,14,78,94,1.1914893617021276,0.046068483097531414,620,He does this every time he sees a new Star Wars movie.
4351,2391,5,8,81,94,1.1914893617021276,0.05299666907573578,620,"After doing this for eternity, you'd think he'd be better at it."
4295,2391,4,10,80,94,1.1914893617021276,0.0507923846035789,620,A blind angel can beat a sighted devil any day.
4245,2391,6,6,82,94,1.1914893617021276,0.05511286177044538,620,"It is part of our new diversity sensitivity program 
in response to the Trump immigration doctrine"""
4192,2391,2,14,78,94,1.1914893617021276,0.046068483097531414,620,Iiiit's a Wing and a Miss!
4146,2391,4,10,80,94,1.1914893617021276,0.0507923846035789,620,This got a lot less fun after 2016
4101,2391,3,12,79,94,1.1914893617021276,0.048487995775374215,620,"Batta, batta, batta, batta, batta. Sa-WING, batta !!!"
4360,2391,6,6,82,94,1.1914893617021276,0.05511286177044538,620,"It's only a papier-mâché world, hanging over a cardboard sea."
2396,2391,1,16,77,94,1.1914893617021276,0.043514647367321815,620,The seam in North Korea is the trick.
1476,2391,5,8,81,94,1.1914893617021276,0.05299666907573578,620,Is this racist?
2208,2391,3,12,79,94,1.1914893617021276,0.048487995775374215,620,"Sing faster, its been his turn since last January!"
9,2391,3,12,79,94,1.1914893617021276,0.048487995775374215,620,"If the earth was flat, how could we fit all the candy inside?"
51,2391,3,12,79,94,1.1914893617021276,0.048487995775374215,620,If he makes good contact...California’s history...
124,2391,5,8,81,94,1.1914893617021276,0.05299666907573578,620,He works for Scott Pruitt.
283,2391,3,12,79,94,1.1914893617021276,0.048487995775374215,620,"It's inhabitants are making it competitive, but I think we'll destroy it first."
286,2391,5,8,81,94,1.1914893617021276,0.05299666907573578,620,"Head of a ""pin"" or ""piñata""?"
340,2391,4,10,80,94,1.1914893617021276,0.0507923846035789,620,He's convinced he can turn back time.
451,2391,3,12,79,94,1.1914893617021276,0.048487995775374215,620,He just found out the wife remarried.
595,2391,4,10,80,94,1.1914893617021276,0.0507923846035789,620,Turns out God does play dice with the Universe
647,2391,3,12,79,94,1.1914893617021276,0.048487995775374215,620,The winner gets Mars
729,2391,2,14,78,94,1.1914893617021276,0.046068483097531414,620,"For some reason, they're worried about trumpets blowing and 'seals' breaking."
737,2391,4,10,80,94,1.1914893617021276,0.0507923846035789,620,"And then, there was darkness."
793,2391,2,14,78,94,1.1914893617021276,0.046068483097531414,620,I liked pin the tail on Venus better.
854,2391,3,12,79,94,1.1914893617021276,0.048487995775374215,620,"Now I see how the Los Angeles Angels got their name"""
895,2391,2,14,78,94,1.1914893617021276,0.046068483097531414,620,"At the very least, expect an earthquake."
910,2391,3,12,79,94,1.1914893617021276,0.048487995775374215,620,"He's got the whole world in his hands,  everybody.. he's got the whole world in his hands."
943,2391,3,12,79,94,1.1914893617021276,0.048487995775374215,620,Swing hard!  The president's up next.
1615,2391,4,10,80,94,1.1914893617021276,0.0507923846035789,620,Just wait till Trump gets here.
1145,2391,5,8,81,94,1.1914893617021276,0.05299666907573578,620,Maybe it's filled with kinky stuff?
1175,2391,5,8,81,94,1.1914893617021276,0.05299666907573578,620,This is why they're so damned fired up to get to Mars?
1213,2391,1,16,77,94,1.1914893617021276,0.043514647367321815,620,And to think some believe climate change is the biggest threat to the earth's future.
1263,2391,3,12,79,94,1.1914893617021276,0.048487995775374215,620,The game got a lot better when we started filling it with infinite gratification.
2268,2391,5,8,81,94,1.1914893617021276,0.05299666907573578,620,"Oh God, he's going to be pissed when he finds out we forgot the Jujubes."
1322,2391,4,10,80,94,1.1914893617021276,0.0507923846035789,620,Last time we got dinosaurs...
1527,2391,3,12,79,94,1.1914893617021276,0.048487995775374215,620,No one swings like Sinatra.
1582,2391,3,12,79,94,1.1914893617021276,0.048487995775374215,620,"I thought you said he played for the Yankees."""
1067,2391,5,8,81,94,1.1914893617021276,0.05299666907573578,620,The Mexican angels complained about cultural appropriation.
1648,2391,5,8,81,94,1.1914893617021276,0.05299666907573578,620,"Wow, has he really hit D.C. each time?"
1651,2391,3,12,79,94,1.1914893617021276,0.048487995775374215,620,Piñatarmageddearth Day
1710,2391,5,8,81,94,1.1914893617021276,0.05299666907573578,620,"Okay, so he hits it, so who is the lucky one to gets tell God?"
1794,2391,2,14,78,94,1.1914893617021276,0.046068483097531414,620,Lucifer's gonna fall if he keeps swinging like that
2135,2391,4,10,80,94,1.1914893617021276,0.0507923846035789,620,"It's a perk of being a Horseman of the Apocalypse, but it's a bit too on-the-nose for me."
1814,2391,4,10,80,94,1.1914893617021276,0.0507923846035789,620,I wish Napolean Dynamite were here.
1340,2457,3,12,80,95,1.1894736842105262,0.048017206793896844,620,I'm so relieved. They're starting to go bad.
2908,2457,3,12,80,95,1.1894736842105262,0.048017206793896844,620,Looks like he’s still holding a grudge!
1238,2457,2,14,79,95,1.1894736842105262,0.0456255189839455,620,Looks like the editors of the New Yorker Cartoon Caption Contest are trying to find a funny caption.
2394,2457,3,12,80,95,1.1894736842105262,0.048017206793896844,620,"If he hits, we're gonna be mobbed."
163,2457,5,8,82,95,1.1894736842105262,0.05247456983868299,620,"Next year, let's play pin the tail on Jupiter"
804,2457,2,14,79,95,1.1894736842105262,0.0456255189839455,620,Michael always was a bully.
3619,2463,1,15,74,90,1.1888888888888889,0.044397603281480034,620,"It looks like a piñata, but it works like a voodoo doll."
2635,2464,3,11,78,92,1.184782608695652,0.0487035648134137,620,"Oh, shit! That's strike three!"
3202,2464,4,9,79,92,1.184782608695652,0.05109724815265259,620,I think he learned it from his trip south of the border.
3208,2464,3,11,78,92,1.184782608695652,0.0487035648134137,620,The Rapture just isn’t bringing us the talent we thought it would .
3217,2464,3,11,78,92,1.184782608695652,0.0487035648134137,620,"The last time we had a piñata, it was full of dinosaurs."
3220,2464,3,11,78,92,1.184782608695652,0.0487035648134137,620,God throws the worst birthday parties.
3252,2464,5,7,80,92,1.184782608695652,0.05338370830143901,620,"No, there's nothing inside"
3255,2464,3,11,78,92,1.184782608695652,0.0487035648134137,620,You think we've had too many birthdays recently?
3606,2464,4,9,79,92,1.184782608695652,0.05109724815265259,620,"In human time, each swing is the length of a presidential term."
3283,2464,1,15,76,92,1.184782608695652,0.04352302998477531,620,michael-avenatti-anthony-saramucci-donald-trump-michael-cohen-stephen-colbert-late-show-video-
3392,2464,3,11,78,92,1.184782608695652,0.0487035648134137,620,Hard to say which is the bigger miracle that he keeps missing or that humans haven't completely destroyed it yet either.
3414,2464,5,7,80,92,1.184782608695652,0.05338370830143901,620,"Ok, but I’m taking it down in 2020"
3446,2464,3,11,78,92,1.184782608695652,0.0487035648134137,620,"The new guy is Donald, and he took to the world piñata game instinctively."
3542,2464,2,13,77,92,1.184782608695652,0.04618599010841946,620,This isn’t how I pictured global denuclearization would happen
3543,2464,3,11,78,92,1.184782608695652,0.0487035648134137,620,"He struggled in Little Angel League, too"
3564,2464,3,11,78,92,1.184782608695652,0.0487035648134137,620,Apostle Paul's idea?
3593,2464,3,11,78,92,1.184782608695652,0.0487035648134137,620,Don't call it a comeback.
3169,2464,3,11,78,92,1.184782608695652,0.0487035648134137,620,"He thinks he can stand in the middle of Heaven, do this, and not lose his wings."
3348,2464,2,13,77,92,1.184782608695652,0.04618599010841946,620,He misses maybe once in five billion years. Watch what happens next.
3151,2464,2,13,77,92,1.184782608695652,0.04618599010841946,620,"If we're the better angels, what does it say about their nature."
3085,2464,4,9,79,92,1.184782608695652,0.05109724815265259,620,"And on the 8th day,” am I right? Want more punch"
3623,2464,3,11,78,92,1.184782608695652,0.0487035648134137,620,It’s just filled with used plastic bags.
2685,2464,2,13,77,92,1.184782608695652,0.04618599010841946,620,Tsunamis don't count.
2712,2464,3,11,78,92,1.184782608695652,0.0487035648134137,620,And here we have the Mexican-themed recreation room.
2719,2464,2,13,77,92,1.184782608695652,0.04618599010841946,620,"And yet he looks down on us, as if he's a ""better"" angel."
2720,2464,3,11,78,92,1.184782608695652,0.0487035648134137,620,We only play this when they predict the end of the world. He missed in 2012.
2765,2464,2,13,77,92,1.184782608695652,0.04618599010841946,620,He mastered pin the tail on the donkey so now he thinks he can conquer the world.
2789,2464,3,11,78,92,1.184782608695652,0.0487035648134137,620,"It's about time, isn't it?"
3104,2464,2,13,77,92,1.184782608695652,0.04618599010841946,620,I love that chewy iron-nickel center.
2806,2464,3,11,78,92,1.184782608695652,0.0487035648134137,620,He thinks that piñata contains a heavenly solution to their troubles.
2969,2464,2,13,77,92,1.184782608695652,0.04618599010841946,620,Nice shot Gabriel! You got Africa again!
3012,2464,3,11,78,92,1.184782608695652,0.0487035648134137,620,I hope we get dinosaurs like last time.
3016,2464,3,11,78,92,1.184782608695652,0.0487035648134137,620,Fake Swing!
3026,2464,5,7,80,92,1.184782608695652,0.05338370830143901,620,I believe that's what they call Percussive Maintenance.
3072,2464,3,11,78,92,1.184782608695652,0.0487035648134137,620,You-know-who doesn't find this amusing.
3074,2464,3,11,78,92,1.184782608695652,0.0487035648134137,620,It was either this or cornhole.
3080,2464,2,13,77,92,1.184782608695652,0.04618599010841946,620,Remember that time he nicked it and all the dinosaurs died?
2931,2464,3,11,78,92,1.184782608695652,0.0487035648134137,620,You said there'd be nachos.
3626,2464,3,11,78,92,1.184782608695652,0.0487035648134137,620,NASA tracks our stick as a Near Earth Object.
4232,2464,3,11,78,92,1.184782608695652,0.0487035648134137,620,It's a little game we call Armageddon.”
3656,2464,3,11,78,92,1.184782608695652,0.0487035648134137,620,All of us will get a turn. These plastic coated ones are tough.
4364,2464,5,7,80,92,1.184782608695652,0.05338370830143901,620,If he makes contact that will be seven more days of work for us!
4387,2464,1,15,76,92,1.184782608695652,0.04352302998477531,620,He still thinks that it's all about him'
4425,2464,5,7,80,92,1.184782608695652,0.05338370830143901,620,"Don’t get too excited, this one’s only filled with nuts"
4454,2464,1,15,76,92,1.184782608695652,0.04352302998477531,620,I'm glad he missed.  All that animosity in the Western Hemisphere might be contagious.
4593,2464,3,11,78,92,1.184782608695652,0.0487035648134137,620,I hear he came close a few millennia ago.
4649,2464,3,11,78,92,1.184782608695652,0.0487035648134137,620,I guess we're just here to pick up the pieces.
4729,2464,0,17,75,92,1.184782608695652,0.04068614746834949,620,"He poopooed the analytics, failing to recognize that the earths gravitational forces require an adjustment to his normal uppercut swing."
4357,2464,3,11,78,92,1.184782608695652,0.0487035648134137,620,You know that’s not a piñata!
4738,2464,4,9,79,92,1.184782608695652,0.05109724815265259,620,"I told him not to bat cross-handed, for God's sake."
4811,2464,2,13,77,92,1.184782608695652,0.04618599010841946,620,He was a solid hitter for the Los Angeles Angels!
4833,2464,3,11,78,92,1.184782608695652,0.0487035648134137,620,This is why the Earth's round.
4859,2464,2,13,77,92,1.184782608695652,0.04618599010841946,620,Last time? Hit Hawaii's sweet spot.
4886,2464,3,11,78,92,1.184782608695652,0.0487035648134137,620,"Well, SOMEBODY thought he was good."
4918,2464,2,13,77,92,1.184782608695652,0.04618599010841946,620,"Here I thought this was going to be “the end of the world as we know it”, but the good news is “I feel fine...”"
4947,2464,4,9,79,92,1.184782608695652,0.05109724815265259,620,"Frankly, I don't think Casey could hit it without the blindfold"""
2608,2464,4,9,79,92,1.184782608695652,0.05109724815265259,620,It's a good thing we do this only once an eon.
4770,2464,3,11,78,92,1.184782608695652,0.0487035648134137,620,Where did they find a tree big enough to hold it?
4324,2464,2,13,77,92,1.184782608695652,0.04618599010841946,620,"It's no fun any more since they made the treats inside non-GMO, gluten and dairy free."
4321,2464,3,11,78,92,1.184782608695652,0.0487035648134137,620,His name's Dave Kingman.  Used to play for the Mets.
4318,2464,3,11,78,92,1.184782608695652,0.0487035648134137,620,"He used to let us hit it without the blindfold, but lately He seems to be feeling sorry for it."
3677,2464,3,11,78,92,1.184782608695652,0.0487035648134137,620,It's been 4 billion years...you think he would have hit it by now!
3712,2464,2,13,77,92,1.184782608695652,0.04618599010841946,620,Reminds Me of an Angels vs Dodgers Game I Saw Once.
3769,2464,3,11,78,92,1.184782608695652,0.0487035648134137,620,"I heard that if he hits it open, hopelessness and mass destruction come out."
3793,2464,2,13,77,92,1.184782608695652,0.04618599010841946,620,Aren't we a little old for this?
3851,2464,2,13,77,92,1.184782608695652,0.04618599010841946,620,"Since we all know how this is going to end, why do we keep doing it?"
3864,2464,2,13,77,92,1.184782608695652,0.04618599010841946,620,We could remove the blindfold and he would still miss the point.
3909,2464,1,15,76,92,1.184782608695652,0.04352302998477531,620,"They say his name is Lucifer, and he brought the bat from a place called ""Hell."""
3938,2464,3,11,78,92,1.184782608695652,0.0487035648134137,620,Atlas shrugged off the catcher
3946,2464,3,11,78,92,1.184782608695652,0.0487035648134137,620,So heaven is just a metaphor after all.
3966,2464,2,13,77,92,1.184782608695652,0.04618599010841946,620,Take it from me - don’t eat the candy that falls out.
3971,2464,4,9,79,92,1.184782608695652,0.05109724815265259,620,It seems so small now
3997,2464,3,11,78,92,1.184782608695652,0.0487035648134137,620,This was more fun when there were dinosaurs.
4027,2464,2,13,77,92,1.184782608695652,0.04618599010841946,620,This is how he picks which friends to embargo
4034,2464,0,17,75,92,1.184782608695652,0.04068614746834949,620,I'd still say let's Mueller finish before we go global
4035,2464,5,7,80,92,1.184782608695652,0.05338370830143901,620,"Values?,.,,Just imagine it's Trump's head."
4042,2464,4,9,79,92,1.184782608695652,0.05109724815265259,620,"The boss said, 'Just don't think you'll get a swipe at the real thing.'"
4178,2464,2,13,77,92,1.184782608695652,0.04618599010841946,620,"It maybe funny now, but wait till the boss comes back."
3639,2464,3,11,78,92,1.184782608695652,0.0487035648134137,620,"After all that, I'm curious to see what's inside."
2607,2464,2,13,77,92,1.184782608695652,0.04618599010841946,620,It's no worse than what humans have done to it.
545,2464,4,9,79,92,1.184782608695652,0.05109724815265259,620,He can't hit Trump's curve balls.
2524,2464,2,13,77,92,1.184782608695652,0.04618599010841946,620,We'll break it eventually.
484,2464,1,15,76,92,1.184782608695652,0.04352302998477531,620,"I wonder how the ""Flat Earth"" folks will compensate."
511,2464,4,9,79,92,1.184782608695652,0.05109724815265259,620,He only has until it blows itself up.
519,2464,3,11,78,92,1.184782608695652,0.0487035648134137,620,I always thought money made the world go 'round.
2586,2464,3,11,78,92,1.184782608695652,0.0487035648134137,620,"If he's always that bad, Adam and Eve probably could have stayed in the Garden without fear."
621,2464,3,11,78,92,1.184782608695652,0.0487035648134137,620,No wonder they can't predict the rapture
709,2464,3,11,78,92,1.184782608695652,0.0487035648134137,620,"Yeah, there could be some unseen consequences, but it's a downer to bring that up about at a birthday party."
734,2464,2,13,77,92,1.184782608695652,0.04618599010841946,620,It’s called an earthquake.
458,2464,4,9,79,92,1.184782608695652,0.05109724815265259,620,"After it cracks open, candy will fall out, and we’ll race to get as much candy as we can. But, I’ll collect more candy than you."
755,2464,4,9,79,92,1.184782608695652,0.05109724815265259,620,The idea that Earth spins around the Sun was batted around well before Copernicus.
782,2464,4,9,79,92,1.184782608695652,0.05109724815265259,620,I hear they call this a Piñata down there and it's full of candy.
824,2464,4,9,79,92,1.184782608695652,0.05109724815265259,620,"Your turn, Donald"
826,2464,4,9,79,92,1.184782608695652,0.05109724815265259,620,It's a compromise between the Electoral College and direct elections.
840,2464,3,11,78,92,1.184782608695652,0.0487035648134137,620,.... this is whirled peace?  on earth!
995,2464,4,9,79,92,1.184782608695652,0.05109724815265259,620,I think God's finally given up on Earth....
1006,2464,3,11,78,92,1.184782608695652,0.0487035648134137,620,God only knows what’s going to happen once it breaks open
1023,2464,3,11,78,92,1.184782608695652,0.0487035648134137,620,He thinks he can shatter the blind faith of the world!
778,2464,3,11,78,92,1.184782608695652,0.0487035648134137,620,It puts a whole new 'spin' on guardian angel!
1133,2464,4,9,79,92,1.184782608695652,0.05109724815265259,620,I’d wager he was a former Met!
439,2464,3,11,78,92,1.184782608695652,0.0487035648134137,620,He's no longer the world beater he was as a cherub.
397,2464,4,9,79,92,1.184782608695652,0.05109724815265259,620,He realizes we were told not to do this again after what happened in the last election.
14,2464,2,13,77,92,1.184782608695652,0.04618599010841946,620,"This could get interesting. He calls the stick his ""Trump."""
42,2464,3,11,78,92,1.184782608695652,0.0487035648134137,620,"November 8, 2016"
66,2464,1,15,76,92,1.184782608695652,0.04352302998477531,620,It may be sinful - but i wanted him to miss.
87,2464,6,5,81,92,1.184782608695652,0.05557618064650086,620,"He was a California Angel and
couldn't hit the side of a barn"
91,2464,1,15,76,92,1.184782608695652,0.04352302998477531,620,Surely he can't miss 2019 times in a row.
109,2464,2,13,77,92,1.184782608695652,0.04618599010841946,620,"Look away, the magma's about to go everywhere."
129,2464,4,9,79,92,1.184782608695652,0.05109724815265259,620,This is the Cinco de Mayo from Hell.
427,2464,2,13,77,92,1.184782608695652,0.04618599010841946,620,There goes the Middle East again
199,2464,1,15,76,92,1.184782608695652,0.04352302998477531,620,"Just wait, this is going to be even better than when we flooded it!"
228,2464,2,13,77,92,1.184782608695652,0.04618599010841946,620,"The last time he hit it, a bunch of dinosaurs cane tumbling out."
280,2464,2,13,77,92,1.184782608695652,0.04618599010841946,620,He used to be in politics.
311,2464,2,13,77,92,1.184782608695652,0.04618599010841946,620,I'll bet we can trade him to the Mets
327,2464,2,13,77,92,1.184782608695652,0.04618599010841946,620,"Yippee, blazing-hot magma for everybody."
351,2464,2,13,77,92,1.184782608695652,0.04618599010841946,620,How did we wind up in heaven anyway?
357,2464,2,13,77,92,1.184782608695652,0.04618599010841946,620,Sometimes Jesus is a tad vindictive.
387,2464,3,11,78,92,1.184782608695652,0.0487035648134137,620,He played for the Angels during their down years
207,2464,3,11,78,92,1.184782608695652,0.0487035648134137,620,"Relax Peter, it's just a prank."
1146,2464,3,11,78,92,1.184782608695652,0.0487035648134137,620,Apparently justice is not the only thing that is blind.
608,2464,2,13,77,92,1.184782608695652,0.04618599010841946,620,Justice is blind.
1199,2464,2,13,77,92,1.184782608695652,0.04618599010841946,620,I just hope he leaves the ozone layer intact this time.
1956,2464,3,11,78,92,1.184782608695652,0.0487035648134137,620,He's been at it since the summit.
1984,2464,3,11,78,92,1.184782608695652,0.0487035648134137,620,Hasn't been close in millennia.
1986,2464,1,15,76,92,1.184782608695652,0.04352302998477531,620,They've got ice cream at the party downstairs... Wanna come with?
2006,2464,3,11,78,92,1.184782608695652,0.0487035648134137,620,"His batting average is 237, he's not getting in."
2026,2464,2,13,77,92,1.184782608695652,0.04618599010841946,620,I kind of miss earth too.
2049,2464,3,11,78,92,1.184782608695652,0.0487035648134137,620,Is this what happened to Pluto?
2185,2464,2,13,77,92,1.184782608695652,0.04618599010841946,620,I doubt this is what Sinatra had in mind.
2197,2464,2,13,77,92,1.184782608695652,0.04618599010841946,620,We're going to be here for eternity...
2246,2464,3,11,78,92,1.184782608695652,0.0487035648134137,620,How long until tug of warring nations?
2257,2464,3,11,78,92,1.184782608695652,0.0487035648134137,620,"Every time he swings, Trump sends out another Tweet."
2290,2464,2,13,77,92,1.184782608695652,0.04618599010841946,620,I've always liked pin the tail on the devil better.
2390,2464,2,13,77,92,1.184782608695652,0.04618599010841946,620,This party isn't going to end happily.
1168,2464,1,15,76,92,1.184782608695652,0.04352302998477531,620,Science is right about everything except why the dinosaurs went extinct.
2434,2464,1,15,76,92,1.184782608695652,0.04352302998477531,620,"I told him, fine, if you can hit it, we'll ditch the whole dinosaur idea."
2455,2464,2,13,77,92,1.184782608695652,0.04618599010841946,620,The Mercator projection is sooooo 16th Century.
2491,2464,2,13,77,92,1.184782608695652,0.04618599010841946,620,"There's no candy in it, but it's completely covered with nuts."
2512,2464,3,11,78,92,1.184782608695652,0.0487035648134137,620,So much for his perfect game!!!
1943,2464,2,13,77,92,1.184782608695652,0.04618599010841946,620,"Forgive me Sid but, this one time, I'm rooting against Gehrig."
1935,2464,2,13,77,92,1.184782608695652,0.04618599010841946,620,It's just hot magma and the radio-active core in the center. It's just as well we miss.
2433,2464,4,9,79,92,1.184782608695652,0.05109724815265259,620,He's nothing but solar wind.
1922,2464,2,13,77,92,1.184782608695652,0.04618599010841946,620,Played for the Cubs before he got here.
1931,2464,2,13,77,92,1.184782608695652,0.04618599010841946,620,We’ve been trying to smash it for millennia without success.
1274,2464,3,11,78,92,1.184782608695652,0.0487035648134137,620,Is the end of this game near?
1291,2464,4,9,79,92,1.184782608695652,0.05109724815265259,620,"Wow!  If he makes contact, he's going to send that thing into orbit!"
1306,2464,3,11,78,92,1.184782608695652,0.0487035648134137,620,He’ll never bust it in 4.5 billion years....
1336,2464,4,9,79,92,1.184782608695652,0.05109724815265259,620,They never took good care of it anyway
1415,2464,2,13,77,92,1.184782608695652,0.04618599010841946,620,Three strikes and you lose your wings !
1524,2464,5,7,80,92,1.184782608695652,0.05338370830143901,620,"You see, there is no order to the universe. It's all random. How else could Trump get elected."
1555,2464,4,9,79,92,1.184782608695652,0.05109724815265259,620,"I understand Sinatra's version is the best, but this is a little ridiculous."
1641,2464,4,9,79,92,1.184782608695652,0.05109724815265259,620,He has been practicing for over a year. It’s called “The Donald Thump.”
1663,2464,2,13,77,92,1.184782608695652,0.04618599010841946,620,Our ruler is tired of rolling the dice.
1673,2464,3,11,78,92,1.184782608695652,0.0487035648134137,620,"To say, some earthlings think disturbances are due to global warming..."
1696,2464,4,9,79,92,1.184782608695652,0.05109724815265259,620,Blindfolded AND a poor sense of smell.
1798,2464,2,13,77,92,1.184782608695652,0.04618599010841946,620,"You know, Satan got it on his first swing."
1852,2464,3,11,78,92,1.184782608695652,0.0487035648134137,620,Since missing the dinosaur asteroid he's really upped his game.
1855,2464,4,9,79,92,1.184782608695652,0.05109724815265259,620,Let’s see how hard he can hit it this time.
1915,2464,4,9,79,92,1.184782608695652,0.05109724815265259,620,"If he is predestined to hit it, then I'm complaining to the Boss."
1653,2464,2,13,77,92,1.184782608695652,0.04618599010841946,620,It feels like he's been at it for an eternity.
3279,2623,3,11,79,93,1.1827956989247312,0.04821797883295062,620,It's a very Zen thing...
4627,2623,4,9,80,93,1.1827956989247312,0.050583866730722175,620,Wow!  They know how to throw a fun party in heaven!
1645,2623,1,15,77,93,1.1827956989247312,0.04309832132858193,620,He never did have first-strike capability.
4587,2623,2,13,78,93,1.1827956989247312,0.04572985230719958,620,They won't feel deja vu this time.
482,2623,2,13,78,93,1.1827956989247312,0.04572985230719958,620,Once every couple hundred million years or so Michael takes a blind swipe at it to see if he can knock the magnet out.
366,2623,2,13,78,93,1.1827956989247312,0.04572985230719958,620,He doesn't have a prayer.
116,2623,3,11,79,93,1.1827956989247312,0.04821797883295062,620,I hear the dinosaurs are getting a little too cocky.
929,2623,5,7,81,93,1.1827956989247312,0.05284393687196336,620,He must have faked his resume'.
2493,2631,3,10,76,89,1.1797752808988764,0.04941382071271396,620,"The Big Guy said if you're gonna play this game,you better be prepared to pick up the pieces."
2711,2631,3,10,76,89,1.1797752808988764,0.04941382071271396,620,"So, is this really how Trump got elected?"
2775,2631,4,8,77,89,1.1797752808988764,0.05193349874927951,620,"Did your invite say 
""piña coladas served""?"
2866,2631,3,10,76,89,1.1797752808988764,0.04941382071271396,620,"If he breaks it, I'm going for the apple."
2962,2631,3,10,76,89,1.1797752808988764,0.04941382071271396,620,Ten bucks says nothing of value comes out.
3063,2631,2,12,75,89,1.1797752808988764,0.04675856138200857,620,"So, who's going to break it to him that the clouds can't catch the candy?"
3129,2631,1,14,74,89,1.1797752808988764,0.043943150178405346,620,"Somehow, I don't think it's gonna be filled with candy..."
3210,2631,2,12,75,89,1.1797752808988764,0.04675856138200857,620,"We don't know what happens if we hit it, but it's bound to be interesting."
3227,2631,3,10,76,89,1.1797752808988764,0.04941382071271396,620,The last time he hit Earth the Dinosaurs went bye bye.
3608,2631,1,14,74,89,1.1797752808988764,0.043943150178405346,620,Really happy he hit another asteroid.
3751,2631,2,12,75,89,1.1797752808988764,0.04675856138200857,620,His last party wiped out the dinosaurs.
3755,2631,2,12,75,89,1.1797752808988764,0.04675856138200857,620,Red hot candy is inside.
3803,2631,3,10,76,89,1.1797752808988764,0.04941382071271396,620,They always swing for the clouds at first.
4007,2631,3,10,76,89,1.1797752808988764,0.04941382071271396,620,What's with Him answering Bannon's prayers?
4327,2631,2,12,75,89,1.1797752808988764,0.04675856138200857,620,Babe who?
4658,2631,5,6,78,89,1.1797752808988764,0.05433646020173372,620,Good thing there's no people on it.
4701,2631,4,8,77,89,1.1797752808988764,0.05193349874927951,620,Missed! That's Michael! No Judgment Day!
4759,2631,4,8,77,89,1.1797752808988764,0.05193349874927951,620,"Swing, batter, batter,batter,...Swing!"
4887,2631,3,10,76,89,1.1797752808988764,0.04941382071271396,620,It's a break from our usual routine.
4910,2631,4,8,77,89,1.1797752808988764,0.05193349874927951,620,who took the blame for last week's Tide pods?
2443,2631,4,8,77,89,1.1797752808988764,0.05193349874927951,620,I think there's about to be a very big earthquake.
3653,2631,3,10,76,89,1.1797752808988764,0.04941382071271396,620,You don't think that piñata is in bad taste?
2149,2631,3,10,76,89,1.1797752808988764,0.04941382071271396,620,This is going to hit the fan.
3425,2631,1,14,74,89,1.1797752808988764,0.043943150178405346,620,Each decade we lower the piñata another inch
2032,2631,1,14,74,89,1.1797752808988764,0.043943150178405346,620,Is this the next phase of Climate Change?
279,2631,5,6,78,89,1.1797752808988764,0.05433646020173372,620,The angel who tortured Job still holds the record.
322,2631,4,8,77,89,1.1797752808988764,0.05193349874927951,620,Talk about a change in the climate.
368,2631,3,10,76,89,1.1797752808988764,0.04941382071271396,620,I shouldn't have told him there was candy inside.
560,2631,2,12,75,89,1.1797752808988764,0.04675856138200857,620,When the Mets released him he wasn't doing much better
590,2631,1,14,74,89,1.1797752808988764,0.043943150178405346,620,"This is how Fate decides who gets the hardest hit during hurricane season,"
649,2631,2,12,75,89,1.1797752808988764,0.04675856138200857,620,"That ""Let's Make Heaven Great Again"" stuff landed him here. He'll be swinging wildly here, too, for eternity."
1059,2631,3,10,76,89,1.1797752808988764,0.04941382071271396,620,"With the current administration we can't play ""Pin the Tail on the Donkey."""
1104,2631,5,6,78,89,1.1797752808988764,0.05433646020173372,620,I heard the boss man filled it with molten metals and dirt. So I’m pretty excited.
1113,2631,3,10,76,89,1.1797752808988764,0.04941382071271396,620,"I've heard of swinging on a star, but this?!"
206,2631,4,8,77,89,1.1797752808988764,0.05193349874927951,620,"The last time he hit it, it was full of candy dinosaurs."
1348,2631,3,10,76,89,1.1797752808988764,0.04941382071271396,620,This was funnier with Jupiter.
1591,2631,5,6,78,89,1.1797752808988764,0.05433646020173372,620,You can stop. They're doing it for us.
1639,2631,2,12,75,89,1.1797752808988764,0.04675856138200857,620,I heard his bat isn’t regulation.
1675,2631,3,10,76,89,1.1797752808988764,0.04941382071271396,620,"He said it's so easy, even blindfolded, he could knock it out of the universe.  I'm giving him three strikes."
1682,2631,3,10,76,89,1.1797752808988764,0.04941382071271396,620,"The Big Guy's taking a nap, I'm guessing?"
1869,2631,2,12,75,89,1.1797752808988764,0.04675856138200857,620,"Look at us.  For a price, we change orbits -"
1883,2631,2,12,75,89,1.1797752808988764,0.04675856138200857,620,And they still won't let Mexicans up here no matter how much we appropriate their culture.
1891,2631,3,10,76,89,1.1797752808988764,0.04941382071271396,620,All the fallen angels are left-handed.
1954,2631,2,12,75,89,1.1797752808988764,0.04675856138200857,620,Swing and a miss strike 3 and your out
1978,2631,1,14,74,89,1.1797752808988764,0.043943150178405346,620,"Huh, I guess the Earth never really did revolve around the sun after all."
2042,2631,3,10,76,89,1.1797752808988764,0.04941382071271396,620,If we used Mars we would have have less patrons up here!
194,2631,2,12,75,89,1.1797752808988764,0.04675856138200857,620,It’s his earthday.
3173,2678,3,10,77,90,1.1777777777777778,0.04890250633185913,620,Play for the angels?  He doesn't have a prayer.
1072,2678,3,10,77,90,1.1777777777777778,0.04890250633185913,620,Tell me when I'm on point with U.S.A.
2848,2680,0,15,70,85,1.1764705882352942,0.04159451654038516,620,Let’s get Hank Aaron in here to do this right.
3344,2681,3,9,74,86,1.1744186046511629,0.05014850849499494,620,Why he is swinging for the fences? This piñata is just filled with disappointment.
3357,2681,3,9,74,86,1.1744186046511629,0.05014850849499494,620,you will soon see a lot of angry people  falling out
3396,2681,3,9,74,86,1.1744186046511629,0.05014850849499494,620,I told you we should've gotten Jupiter instead
3454,2681,3,9,74,86,1.1744186046511629,0.05014850849499494,620,I thought we had a wall.
3517,2681,2,11,73,86,1.1744186046511629,0.0473421069773523,620,"Personally, I really don't think it's a bit funny that God would turn fate into a game!"
3552,2681,5,5,76,86,1.1744186046511629,0.05533596052033072,620,So he might get to try for another 4 years?
3567,2681,2,11,73,86,1.1744186046511629,0.0473421069773523,620,"Well, well - looks like they just avoided cataclysmic destruction again; do you want to double-down?"
3576,2681,1,13,72,86,1.1744186046511629,0.04435850856191582,620,"Sure, it's just a game to you!"
3603,2681,5,5,76,86,1.1744186046511629,0.05533596052033072,620,He's aiming for the wall between the U.S. and Mexico.
3607,2681,4,7,75,86,1.1744186046511629,0.052805972346791324,620,Once Trump is inaugurated we'll take off the blindfold.
3333,2681,3,9,74,86,1.1744186046511629,0.05014850849499494,620,I hope the treats are crunchy in the middle.
3613,2681,3,9,74,86,1.1744186046511629,0.05014850849499494,620,With a blindfold he's just winging it!
3810,2681,1,13,72,86,1.1744186046511629,0.04435850856191582,620,"It's part of his punishment for striking out at 
management in the last World Series"
3633,2681,4,7,75,86,1.1744186046511629,0.052805972346791324,620,Well someone didn't get the memo that cultural appropriation isn't cool anymore.
3683,2681,4,7,75,86,1.1744186046511629,0.052805972346791324,620,Tony says they're now stopping us at the border.
3684,2681,3,9,74,86,1.1744186046511629,0.05014850849499494,620,"He's been doing this since the dawn of time, but one of these days: Wham!"
3699,2681,2,11,73,86,1.1744186046511629,0.0473421069773523,620,He can't handle the curve ball.
3711,2681,2,11,73,86,1.1744186046511629,0.0473421069773523,620,I bet this was God's idea...
3749,2681,4,7,75,86,1.1744186046511629,0.052805972346791324,620,I told you we should have given him the bigger ones first.
3766,2681,2,11,73,86,1.1744186046511629,0.0473421069773523,620,You won't believe what happens if he hits North America.
3800,2681,2,11,73,86,1.1744186046511629,0.0473421069773523,620,One spin to move the globe from left to right!
3805,2681,1,13,72,86,1.1744186046511629,0.04435850856191582,620,"He's hopeless, but he won't give anyone else a turn"
3627,2681,3,9,74,86,1.1744186046511629,0.05014850849499494,620,"Angel of the Apocalypse, taking another swing. We keep him liquored up."
3311,2681,3,9,74,86,1.1744186046511629,0.05014850849499494,620,He wants to make heaven great again.
3139,2681,1,13,72,86,1.1744186046511629,0.04435850856191582,620,"For an Archangel, Michael is pretty hoggy with the Piñata."
3288,2681,1,13,72,86,1.1744186046511629,0.04435850856191582,620,"So, this is what’s happening to the glaciers."
2858,2681,2,11,73,86,1.1744186046511629,0.0473421069773523,620,You know he can see right thru that blindfold!
2894,2681,4,7,75,86,1.1744186046511629,0.052805972346791324,620,One of these times Astroid is going to nail that thing.
2902,2681,3,9,74,86,1.1744186046511629,0.05014850849499494,620,"He always speaks softly, but he added a stick."
2936,2681,2,11,73,86,1.1744186046511629,0.0473421069773523,620,I call dibs on the Milky Way
2994,2681,4,7,75,86,1.1744186046511629,0.052805972346791324,620,I guess that means the initial meeting with Trump and Kim Jong-un went well.
2999,2681,2,11,73,86,1.1744186046511629,0.0473421069773523,620,Climate change? What's that?
3013,2681,2,11,73,86,1.1744186046511629,0.0473421069773523,620,"Relax.  The last time he hit it on his birthday was 63,000,000 BC."
3019,2681,2,11,73,86,1.1744186046511629,0.0473421069773523,620,"Well, it was supposed to be easier now that it’s not flat..."
3052,2681,1,13,72,86,1.1744186046511629,0.04435850856191582,620,"He doesn't know the dinosaurs went extinct - oh boy, he's not going enjoy those little pink things"""
3058,2681,3,9,74,86,1.1744186046511629,0.05014850849499494,620,"With that swing, I say we trade him to the Cardinals."
3084,2681,2,11,73,86,1.1744186046511629,0.0473421069773523,620,Can't wait to see how they spin this isn a Hollywood blockbuster
3289,2681,3,9,74,86,1.1744186046511629,0.05014850849499494,620,Former .366 Please humor him.
3092,2681,3,9,74,86,1.1744186046511629,0.05014850849499494,620,I hope HE keeps jerking the rope.
3828,2681,2,11,73,86,1.1744186046511629,0.0473421069773523,620,"So if he destroys it, the overpopulation problem here's done and dusted, right?"
3143,2681,3,9,74,86,1.1744186046511629,0.05014850849499494,620,It’s a new game called ‘Climate Change’.
3172,2681,3,9,74,86,1.1744186046511629,0.05014850849499494,620,I always assumed Bob was a mainstream Republican
3195,2681,1,13,72,86,1.1744186046511629,0.04435850856191582,620,"He's just up from Washington. 
Keep an eye on him!"
3226,2681,5,5,76,86,1.1744186046511629,0.05533596052033072,620,Every day a birthday and they still love us.
3233,2681,1,13,72,86,1.1744186046511629,0.04435850856191582,620,Earthquakes are fairly random.
3249,2681,3,9,74,86,1.1744186046511629,0.05014850849499494,620,We used to use the flat version and it took forever.
3261,2681,2,11,73,86,1.1744186046511629,0.0473421069773523,620,His swing is heavenly.
3263,2681,2,11,73,86,1.1744186046511629,0.0473421069773523,620,The Big Guy said it's time for a change.
3266,2681,2,11,73,86,1.1744186046511629,0.0473421069773523,620,He'll have to start doing a lot better than that – last time he made contact all he did was blow a couple of measly volcanoes!
3273,2681,4,7,75,86,1.1744186046511629,0.052805972346791324,620,He said it was all going to pieces now anyway.
3137,2681,3,9,74,86,1.1744186046511629,0.05014850849499494,620,We got it from Mexico. Gave them 'Pin The Tail on The Donald'.
3836,2681,2,11,73,86,1.1744186046511629,0.0473421069773523,620,We might need a larger planet
4014,2681,3,9,74,86,1.1744186046511629,0.05014850849499494,620,Shh. The rookies don’t know it’s just filled with rocks.
3861,2681,3,9,74,86,1.1744186046511629,0.05014850849499494,620,He's trying out for the Los Angeles Angels.
4420,2681,2,11,73,86,1.1744186046511629,0.0473421069773523,620,I'm having a hard time getting a footing.
4441,2681,2,11,73,86,1.1744186046511629,0.0473421069773523,620,I heard it's packed full of plastic this year.
4449,2681,3,9,74,86,1.1744186046511629,0.05014850849499494,620,We got out just in time ahead of the global collapse.
4465,2681,2,11,73,86,1.1744186046511629,0.0473421069773523,620,He's new. We call him Trump.
4470,2681,3,9,74,86,1.1744186046511629,0.05014850849499494,620,"In the other place, it unleashes demons and hard candy."
4479,2681,2,11,73,86,1.1744186046511629,0.0473421069773523,620,"It's warming up, and so is she."
4490,2681,1,13,72,86,1.1744186046511629,0.04435850856191582,620,"Gabriel's on my softball team. It's going out with a whimper, at best."
4506,2681,1,13,72,86,1.1744186046511629,0.04435850856191582,620,A good hit is more destructive than a  major asteroid
4526,2681,1,13,72,86,1.1744186046511629,0.04435850856191582,620,The last time we did this there was a Big Bang
4532,2681,3,9,74,86,1.1744186046511629,0.05014850849499494,620,~He's given up on saving the environment~
4536,2681,3,9,74,86,1.1744186046511629,0.05014850849499494,620,There goes gravity again....
4548,2681,3,9,74,86,1.1744186046511629,0.05014850849499494,620,Here goes a wing and a prayer for an Earth-shattering smack.
4567,2681,3,9,74,86,1.1744186046511629,0.05014850849499494,620,"God’s gonna be pissed!” 

“Which one?”"
4585,2681,1,13,72,86,1.1744186046511629,0.04435850856191582,620,Wait until he finds out Luke Skywalker is inside...and he's ready to fight back.
4639,2681,2,11,73,86,1.1744186046511629,0.0473421069773523,620,He didn't need a spin. The core is made of booze.
4690,2681,2,11,73,86,1.1744186046511629,0.0473421069773523,620,This part never made it into the biblical canon.
4764,2681,4,7,75,86,1.1744186046511629,0.052805972346791324,620,"San Andreas must be out today."""
4785,2681,3,9,74,86,1.1744186046511629,0.05014850849499494,620,No candy just a big lump of iron.
4787,2681,4,7,75,86,1.1744186046511629,0.052805972346791324,620,Supposed to be filled with sweet things
4801,2681,3,9,74,86,1.1744186046511629,0.05014850849499494,620,"No no Lucifer, we wanted a pina colada.  Now hit the pinata.  3 strikes and..."
4828,2681,3,9,74,86,1.1744186046511629,0.05014850849499494,620,"Who invented this game anyway?” 
Exon!"
4952,2681,3,9,74,86,1.1744186046511629,0.05014850849499494,620,One could do worse than being a swinger of whiffers.
2782,2681,0,15,71,86,1.1744186046511629,0.041159196671218555,620,"Not as debauched as his Earthly bachelor party, but meh..."
4415,2681,2,11,73,86,1.1744186046511629,0.0473421069773523,620,Using your wings are against the rules!
3859,2681,3,9,74,86,1.1744186046511629,0.05014850849499494,620,This does less damage than football.
4410,2681,1,13,72,86,1.1744186046511629,0.04435850856191582,620,So much for 'the Sultan of Swing'
4383,2681,4,7,75,86,1.1744186046511629,0.052805972346791324,620,"I doubt he, too, hasn't the power to knock them back on axis following the presidential election."
3877,2681,4,7,75,86,1.1744186046511629,0.052805972346791324,620,"If he hits it, we will have a lot of work to do!"
3903,2681,2,11,73,86,1.1744186046511629,0.0473421069773523,620,No more kicking the can down the road.
3921,2681,2,11,73,86,1.1744186046511629,0.0473421069773523,620,They say there's just trash in there.
3923,2681,2,11,73,86,1.1744186046511629,0.0473421069773523,620,He never could hit a curve
3935,2681,4,7,75,86,1.1744186046511629,0.052805972346791324,620,At least it's not Uranus.
3940,2681,1,13,72,86,1.1744186046511629,0.04435850856191582,620,"One of these days, somebody’s gonna make contact!"
3953,2681,2,11,73,86,1.1744186046511629,0.0473421069773523,620,"Last year it was filled with oil refineries, steel mills, and coal-burning power stations. And a tray of SUVs so no one left empty handed."
3955,2681,2,11,73,86,1.1744186046511629,0.0473421069773523,620,They say he was the batting coach for the '62 Mets.
3962,2681,2,11,73,86,1.1744186046511629,0.0473421069773523,620,Just warming up.
3970,2681,3,9,74,86,1.1744186046511629,0.05014850849499494,620,"Is it just me, or does Carl look like Jeff Sessions interpreting the Bible?"
4021,2681,3,9,74,86,1.1744186046511629,0.05014850849499494,620,"God, this is getting old. He barely touched it since 1945."
4030,2681,5,5,76,86,1.1744186046511629,0.05533596052033072,620,"Notice nothin' but swings and misses since 8 November, '16?"
4053,2681,4,7,75,86,1.1744186046511629,0.052805972346791324,620,They'll be delighted - there's no wall.
4058,2681,4,7,75,86,1.1744186046511629,0.052805972346791324,620,It is becoming too toxic to eat!
4080,2681,2,11,73,86,1.1744186046511629,0.0473421069773523,620,Which gaping socioeconomic divide are you going to aim for?
4107,2681,3,9,74,86,1.1744186046511629,0.05014850849499494,620,"If he cracks it, I just want any of the red ones that fall out."
4149,2681,1,13,72,86,1.1744186046511629,0.04435850856191582,620,"Yeah, earth. It was a parlor game that’s run its course"
4158,2681,2,11,73,86,1.1744186046511629,0.0473421069773523,620,Warming up.
4172,2681,2,11,73,86,1.1744186046511629,0.0473421069773523,620,"That’s his 2,018th swing..."
4259,2681,2,11,73,86,1.1744186046511629,0.0473421069773523,620,"When he said he'd give me the world,this wasn't quite what I was thinking."
4273,2681,3,9,74,86,1.1744186046511629,0.05014850849499494,620,His Birthday? I thought He was infinite.
4297,2681,1,13,72,86,1.1744186046511629,0.04435850856191582,620,Looks like another El Niño year.
4381,2681,2,11,73,86,1.1744186046511629,0.0473421069773523,620,"When you asked if I wanted to make thunder, this wasn’t the kind of strike I imagined..."
4397,2681,3,9,74,86,1.1744186046511629,0.05014850849499494,620,"It's harder than it looks. The last time one of us connected, an incredible amount of dinosaurs poured out."
2776,2681,2,11,73,86,1.1744186046511629,0.0473421069773523,620,I miss the designated hitters.
3920,2681,4,7,75,86,1.1744186046511629,0.052805972346791324,620,This was before nuclear weapons.
2716,2681,1,13,72,86,1.1744186046511629,0.04435850856191582,620,This would actually be fun if the boss wasn't doing the play-by-play.
801,2681,3,9,74,86,1.1744186046511629,0.05014850849499494,620,Who have we got on the bench?
841,2681,2,11,73,86,1.1744186046511629,0.0473421069773523,620,What do you think? One more swing or should we tell him that they'll take care of destroying the world on their own?
842,2681,2,11,73,86,1.1744186046511629,0.0473421069773523,620,She's been trying this for a few thousand years now...
846,2681,1,13,72,86,1.1744186046511629,0.04435850856191582,620,"Earth's tricky, but they say he knocked Pluto out of the park!"
862,2681,4,7,75,86,1.1744186046511629,0.052805972346791324,620,He calls it “Trumpian.”
871,2681,1,13,72,86,1.1744186046511629,0.04435850856191582,620,The birthday boy gets the nickel-iron core.
888,2681,3,9,74,86,1.1744186046511629,0.05014850849499494,620,"If he hits the US, the weakest part, get ready for thousands of immigrants to spill out."
892,2681,5,5,76,86,1.1744186046511629,0.05533596052033072,620,He always sucked at sports.
901,2681,3,9,74,86,1.1744186046511629,0.05014850849499494,620,Hurry up -- he's tweeting again!
905,2681,3,9,74,86,1.1744186046511629,0.05014850849499494,620,Were you here for last year’s hurricane party? It was the worst.
918,2681,2,11,73,86,1.1744186046511629,0.0473421069773523,620,She just missed Mar a Lago by a millimeter.
928,2681,3,9,74,86,1.1744186046511629,0.05014850849499494,620,"Once he smashes this baby open, hot molten lava will drench his whole body and send him straight to hell where he belongs."
941,2681,4,7,75,86,1.1744186046511629,0.052805972346791324,620,When did we start playing this game again?
963,2681,4,7,75,86,1.1744186046511629,0.052805972346791324,620,10 to 1 it's not confetti or candy.
976,2681,4,7,75,86,1.1744186046511629,0.052805972346791324,620,"In terms of global diplomacy, it's another swing and a miss."
1000,2681,2,11,73,86,1.1744186046511629,0.0473421069773523,620,You never know what kind of treats to expect ... But this one sure smells funny!
1004,2681,1,13,72,86,1.1744186046511629,0.04435850856191582,620,"Actually, it was the ‘guardian’ thing that bucked tradition. This is so Old Testament."
1015,2681,2,11,73,86,1.1744186046511629,0.0473421069773523,620,"But if you hit it, the same thing happens anyhow, right?"
1046,2681,3,9,74,86,1.1744186046511629,0.05014850849499494,620,He's new here. Just reassigned. I hear he used to be Donald Trump's guardian angel.
1057,2681,2,11,73,86,1.1744186046511629,0.0473421069773523,620,I actually liked it better when God had us doing the Macarena.
1088,2681,4,7,75,86,1.1744186046511629,0.052805972346791324,620,Just wait till Pin the Tail on The Almighty...
1090,2681,4,7,75,86,1.1744186046511629,0.052805972346791324,620,Don't worry God made it.
1101,2681,5,5,76,86,1.1744186046511629,0.05533596052033072,620,And it shall rain candy and mercy
781,2681,2,11,73,86,1.1744186046511629,0.0473421069773523,620,God said He'd move Mars into the vacant spot.
1192,2681,5,5,76,86,1.1744186046511629,0.05533596052033072,620,Do you think the candy melted too?
692,2681,4,7,75,86,1.1744186046511629,0.052805972346791324,620,"He’s been hammering on it for nearly a year and a half, but it still hasn’t quite broken."
663,2681,3,9,74,86,1.1744186046511629,0.05014850849499494,620,When the the species fly out its hilarious!
19,2681,2,11,73,86,1.1744186046511629,0.0473421069773523,620,"""Here's where Joe Di has gone."
50,2681,2,11,73,86,1.1744186046511629,0.0473421069773523,620,'sall right. La Niña's on deck.
63,2681,3,9,74,86,1.1744186046511629,0.05014850849499494,620,Considering the state of the world today... justice is blind.
83,2681,2,11,73,86,1.1744186046511629,0.0473421069773523,620,"The last time anyone hit it, a bunch of dinosaur toys fell out."
88,2681,2,11,73,86,1.1744186046511629,0.0473421069773523,620,It's his quinceañero and he'll piñata if he wants to.
92,2681,3,9,74,86,1.1744186046511629,0.05014850849499494,620,It's filled with AirHeads.
122,2681,3,9,74,86,1.1744186046511629,0.05014850849499494,620,"He needs to ""swing like the devil."""
148,2681,3,9,74,86,1.1744186046511629,0.05014850849499494,620,St. Peter gets to vent his frustration on Cinco de Mayo.
181,2681,3,9,74,86,1.1744186046511629,0.05014850849499494,620,I do actually prefer his mindgames..
285,2681,1,13,72,86,1.1744186046511629,0.04435850856191582,620,"4.5 billion years, and he hasn't hit it once."
315,2681,2,11,73,86,1.1744186046511629,0.0473421069773523,620,"It's papier-maché, but we did fill it with lava for authenticity."
339,2681,2,11,73,86,1.1744186046511629,0.0473421069773523,620,Watch out. When it bursts shards of plastic will be everywhere.
342,2681,2,11,73,86,1.1744186046511629,0.0473421069773523,620,"""It's full of KCups and drinking straws unless you pray extra for candy."""
376,2681,2,11,73,86,1.1744186046511629,0.0473421069773523,620,We got the idea from one of their sci-fi movies.
416,2681,3,9,74,86,1.1744186046511629,0.05014850849499494,620,He is no Angel.
428,2681,1,13,72,86,1.1744186046511629,0.04435850856191582,620,"Piñata? No, it's actually the Earth."
440,2681,1,13,72,86,1.1744186046511629,0.04435850856191582,620,This is how we decide armageddon.
449,2681,2,11,73,86,1.1744186046511629,0.0473421069773523,620,Ever wonder what lava tastes like?
2733,2681,5,5,76,86,1.1744186046511629,0.05533596052033072,620,"Even here on St. Peter's Annual Pinata Day, I find the totally accurate reenactments of Obama's collosal failures offensive."
479,2681,2,11,73,86,1.1744186046511629,0.0473421069773523,620,After they destroy the planet everyone gets goody bags.
513,2681,2,11,73,86,1.1744186046511629,0.0473421069773523,620,One more miss and we'll need to call for divine intervention.
562,2681,3,9,74,86,1.1744186046511629,0.05014850849499494,620,It's always about oil.
651,2681,1,13,72,86,1.1744186046511629,0.04435850856191582,620,Huh-he got Pluto first try.
682,2681,3,9,74,86,1.1744186046511629,0.05014850849499494,620,Who checked for nukes?
1236,2681,2,11,73,86,1.1744186046511629,0.0473421069773523,620,One more strike and he’s out.
454,2681,3,9,74,86,1.1744186046511629,0.05014850849499494,620,I'm betting that God has some of those sinfully good salted caramels inside.
1309,2681,3,9,74,86,1.1744186046511629,0.05014850849499494,620,A graphic description of  The Big Bat Theory
2232,2681,2,11,73,86,1.1744186046511629,0.0473421069773523,620,Aim for the sky
1245,2681,4,7,75,86,1.1744186046511629,0.052805972346791324,620,St. Yogi Berra say that guy ain’t got beatific vision yet.
2277,2681,4,7,75,86,1.1744186046511629,0.052805972346791324,620,Peter didn't know he juiced when he drafted him.
2295,2681,2,11,73,86,1.1744186046511629,0.0473421069773523,620,"No body’s perfect, right?"
2312,2681,4,7,75,86,1.1744186046511629,0.052805972346791324,620,"Once a capitalist, always a capitalist."
2358,2681,2,11,73,86,1.1744186046511629,0.0473421069773523,620,He's choosing tomorrows 5AM tweet!
2373,2681,1,13,72,86,1.1744186046511629,0.04435850856191582,620,The first step of Angel Anger Management is physical release.  We  advance him to yoga and meditation once we get the lollipops.
2392,2681,1,13,72,86,1.1744186046511629,0.04435850856191582,620,There's more than one way to get the oil out of this thing!
2395,2681,3,9,74,86,1.1744186046511629,0.05014850849499494,620,Last time the prize was a trip to a very warm place.
2409,2681,1,13,72,86,1.1744186046511629,0.04435850856191582,620,"Babe Ruth he is not, but he is the best we have"
2415,2681,3,9,74,86,1.1744186046511629,0.05014850849499494,620,It's Michael's birthday.
2520,2681,3,9,74,86,1.1744186046511629,0.05014850849499494,620,What's the purpose of this wasting of precious time?
2529,2681,2,11,73,86,1.1744186046511629,0.0473421069773523,620,Trump unleashed (in his own dark mind.)
2552,2681,3,9,74,86,1.1744186046511629,0.05014850849499494,620,It's full of good and plenty.
2556,2681,2,11,73,86,1.1744186046511629,0.0473421069773523,620,I understand it’s Mexico’s revenge.
2571,2681,1,13,72,86,1.1744186046511629,0.04435850856191582,620,This is the bottom of the celestial order.
2585,2681,2,11,73,86,1.1744186046511629,0.0473421069773523,620,"Now that he has created wind, he’ll work on rain."
2634,2681,2,11,73,86,1.1744186046511629,0.0473421069773523,620,He's no Bruce Lee.
2648,2681,3,9,74,86,1.1744186046511629,0.05014850849499494,620,"‘’He was a much better hitter for 
Purgatory.”"
2661,2681,2,11,73,86,1.1744186046511629,0.0473421069773523,620,He's no Michael The Archangel. Michael never misses.
2667,2681,2,11,73,86,1.1744186046511629,0.0473421069773523,620,¡Orale! ¡Dale duro!
2680,2681,3,9,74,86,1.1744186046511629,0.05014850849499494,620,Want to take a whack? It's part of our games for the End Times...
2713,2681,3,9,74,86,1.1744186046511629,0.05014850849499494,620,Try Jupiter next.
2215,2681,3,9,74,86,1.1744186046511629,0.05014850849499494,620,If he hits North Korea they'll be big trouble
2190,2681,3,9,74,86,1.1744186046511629,0.05014850849499494,620,It's better than playing Pin the Tail on the Comet again
2251,2681,1,13,72,86,1.1744186046511629,0.04435850856191582,620,That’s Mudville’s Casey!  He wasn’t much better without the blindfold!
2179,2681,4,7,75,86,1.1744186046511629,0.052805972346791324,620,I hope you like salt water taffy.
1319,2681,2,11,73,86,1.1744186046511629,0.0473421069773523,620,I hope he's not expecting candy
1323,2681,4,7,75,86,1.1744186046511629,0.052805972346791324,620,Blind faith can hit a pinata but not a baseball.
1333,2681,3,9,74,86,1.1744186046511629,0.05014850849499494,620,"He's been at that for over 4.5 billion years, but hope springs eternal, as they say around here. A lot."
1358,2681,2,11,73,86,1.1744186046511629,0.0473421069773523,620,I think it's on purpose. He doesn't want any of that stuff up here.
1481,2681,2,11,73,86,1.1744186046511629,0.0473421069773523,620,"Scott Pruitt's Swing, it hits all of us."
1535,2681,3,9,74,86,1.1744186046511629,0.05014850849499494,620,Don't be concerned! It's his way of negotiating.
1576,2681,2,11,73,86,1.1744186046511629,0.0473421069773523,620,What does an angel have to do to get his swings?
2184,2681,3,9,74,86,1.1744186046511629,0.05014850849499494,620,Nobody has the heart to tell him that this isn’t Los Angeles and it sure isn’t the World Series.”
1627,2681,3,9,74,86,1.1744186046511629,0.05014850849499494,620,"In the end times, he will connect, and there will be a separating of the candy."
1652,2681,3,9,74,86,1.1744186046511629,0.05014850849499494,620,The trick is to swing toward the hot spot.
1666,2681,4,7,75,86,1.1744186046511629,0.052805972346791324,620,It's part of the Boss's new multiculturalism initiative. Next week Thor is coming over to demonstrate hammer throwing.
1625,2681,2,11,73,86,1.1744186046511629,0.0473421069773523,620,He thinks he's back in the Bronx.
1724,2681,3,9,74,86,1.1744186046511629,0.05014850849499494,620,I used to feel like that playing golf.
2174,2681,3,9,74,86,1.1744186046511629,0.05014850849499494,620,California has been thinking they're above us.
2173,2681,3,9,74,86,1.1744186046511629,0.05014850849499494,620,I hear they're thinking of letting girls join.
1669,2681,3,9,74,86,1.1744186046511629,0.05014850849499494,620,I don’t understand what’s so fun about this. It’s just full of idiots anyway.
2009,2681,3,9,74,86,1.1744186046511629,0.05014850849499494,620,I'll take the hard ones.  You can have all the soft centers.
1971,2681,2,11,73,86,1.1744186046511629,0.0473421069773523,620,"Funny, he doesn't look Latino . . ."
2153,2681,3,9,74,86,1.1744186046511629,0.05014850849499494,620,"He said no more flooding so we can’t bob for planets, but surely He won’t mind the piñata."
1801,2681,3,9,74,86,1.1744186046511629,0.05014850849499494,620,You still shootin up heroin?
1759,2681,5,5,76,86,1.1744186046511629,0.05533596052033072,620,"Every time he gets close, the President tweets."
1747,2681,4,7,75,86,1.1744186046511629,0.052805972346791324,620,"The last time he hit it, a guy with orange hair was elected President."
1834,2681,2,11,73,86,1.1744186046511629,0.0473421069773523,620,Halley wiffs every time.
4252,2893,2,11,74,87,1.1724137931034482,0.04683770700022932,620,There is never a meteor shower when you need one!
4284,2893,3,9,75,87,1.1724137931034482,0.04960926328218618,620,It's all such a crapshoot.
4493,2893,2,11,74,87,1.1724137931034482,0.04683770700022932,620,AND to think on Earth soccer is more popular.
4640,2893,3,9,75,87,1.1724137931034482,0.04960926328218618,620,Did you remember to replace the magma with candy?
3891,2893,3,9,75,87,1.1724137931034482,0.04960926328218618,620,Galileo is still trying to knock the world into orbit.
3535,2893,3,9,75,87,1.1724137931034482,0.04960926328218618,620,If he keeps this up we might have better luck giving them nuclear power.
3316,2893,3,9,75,87,1.1724137931034482,0.04960926328218618,620,"Strike three. And that's game. Whatever, the season lasts an eternity."
3203,2893,3,9,75,87,1.1724137931034482,0.04960926328218618,620,"Saint"" Michael always takes at least two extra swings"
3176,2893,5,5,77,87,1.1724137931034482,0.05473294634975479,620,"Well, it's not an important planet. Pluto though..."
2229,2893,3,9,75,87,1.1724137931034482,0.04960926328218618,620,Should I inform my thesis supervisor?
3171,2893,3,9,75,87,1.1724137931034482,0.04960926328218618,620,"He's never going to bat for the Angels. 
maybe he can play hockey for the Devils."
1328,2893,4,7,76,87,1.1724137931034482,0.05223396605431375,620,"Heavens,  Trump hasnt even served out his term and hes already taking a hit!"
1282,2893,3,9,75,87,1.1724137931034482,0.04960926328218618,620,"Sad thing is there's no candy in there anymore, just toxic sludge and coal residue."
1069,2893,3,9,75,87,1.1724137931034482,0.04960926328218618,620,Some people just won’t see what’s in front of their eyes.
596,2893,2,11,74,87,1.1724137931034482,0.04683770700022932,620,We thought we would beat some sense into the world!
431,2893,3,9,75,87,1.1724137931034482,0.04960926328218618,620,His therapist said this would be good for him.
55,2893,3,9,75,87,1.1724137931034482,0.04960926328218618,620,"Peter really gets into these ""world faith-themed parties,"" doesn't he?"
2130,2893,1,13,73,87,1.1724137931034482,0.043891486539845,620,"Any other dumb suggestions for a heavenly birthday party activity, Gary?"
2803,2911,2,10,72,84,1.1666666666666667,0.047403413087928364,620,What's the point? The candy is polluted.
2869,2911,4,6,74,84,1.1666666666666667,0.05311127034513963,620,He's always swingin' for the gates.
2883,2911,2,10,72,84,1.1666666666666667,0.047403413087928364,620,So that's why Justice is blindfolded.
2899,2911,1,12,71,84,1.1666666666666667,0.04427439259594549,620,Five will get you ten there's no justice in the world.
3031,2911,3,8,73,84,1.1666666666666667,0.05033830852372419,620,All the people who actually destroyed the earth have to watch this on an eternal loop. It’s filled with irony.
3131,2911,1,12,71,84,1.1666666666666667,0.04427439259594549,620,"Well, it's not dice."
3073,2911,4,6,74,84,1.1666666666666667,0.05311127034513963,620,Three strikes and you take its place...
2799,2911,3,8,73,84,1.1666666666666667,0.05033830852372419,620,His afterlifetime average is around .190 so the Boss may send him down.
3177,2911,4,6,74,84,1.1666666666666667,0.05311127034513963,620,Is this nihilist heaven or are we extras in the Kim Jong Un trailer ?
3248,2911,2,10,72,84,1.1666666666666667,0.047403413087928364,620,"Asteroid, smasteroid!"
3070,2911,3,8,73,84,1.1666666666666667,0.05033830852372419,620,"Evidently, this exercise is scheduled to be discontinued after the departure of Trump administration."""
2778,2911,3,8,73,84,1.1666666666666667,0.05033830852372419,620,"Trump"" works a lot better as onomatopoeia than it does as a pronoun"
2714,2911,3,8,73,84,1.1666666666666667,0.05033830852372419,620,"Damn Mexicans, out to destroy the planet."
2724,2911,2,10,72,84,1.1666666666666667,0.047403413087928364,620,"Maybe it's just me, but there is something about this game that doesn't seem right."
3298,2911,2,10,72,84,1.1666666666666667,0.047403413087928364,620,"Poor Babe, once was the Sultan of Swat."
2708,2911,4,6,74,84,1.1666666666666667,0.05311127034513963,620,"When your birthday falls on earth day, what can you expect?"
2655,2911,3,8,73,84,1.1666666666666667,0.05033830852372419,620,His intake form said George Ruth but everyone calls him Babe.
2626,2911,3,8,73,84,1.1666666666666667,0.05033830852372419,620,I wonder what is going to drop out of that Global Pinata?
2625,2911,2,10,72,84,1.1666666666666667,0.047403413087928364,620,"Once they eliminated the swimsuit competition, world peace went out the window."
2531,2911,4,6,74,84,1.1666666666666667,0.05311127034513963,620,Has Trump taken over the angelic hosts as well as the Republican party?!
2514,2911,3,8,73,84,1.1666666666666667,0.05033830852372419,620,It’s part of the initiation. The blindfold was God’s idea of fun.
2424,2911,3,8,73,84,1.1666666666666667,0.05033830852372419,620,Since when did this become an Advent tradition?
2405,2911,2,10,72,84,1.1666666666666667,0.047403413087928364,620,"Well, then, he shouldn't have filled it with candy..."
2348,2911,3,8,73,84,1.1666666666666667,0.05033830852372419,620,"Apparently the thingies on this one have invented a theory called ""plate tectonics."""
2301,2911,3,8,73,84,1.1666666666666667,0.05033830852372419,620,We’ve decided to take the whole world into our own hands.
2755,2911,2,10,72,84,1.1666666666666667,0.047403413087928364,620,"Don't feel guilty, it helps to keep them on toes."
3326,2911,2,10,72,84,1.1666666666666667,0.047403413087928364,620,"...so, you see, it’s actually not man-made."
3566,2911,2,10,72,84,1.1666666666666667,0.047403413087928364,620,"Ugh, this game really is hell....."
3381,2911,3,8,73,84,1.1666666666666667,0.05033830852372419,620,He may not play dice but he never said anything about pinatas
4872,2911,3,8,73,84,1.1666666666666667,0.05033830852372419,620,Tell me again how Steve got the whole world in his hands?
4847,2911,3,8,73,84,1.1666666666666667,0.05033830852372419,620,"Missing is ok up here, remember how bad earthly candy was"
4576,2911,2,10,72,84,1.1666666666666667,0.047403413087928364,620,"It always surprises them when they discover that instead of candy, it's full of magma."
4588,2911,3,8,73,84,1.1666666666666667,0.05033830852372419,620,This room has been pretty busy since the 2016 election.
4560,2911,2,10,72,84,1.1666666666666667,0.047403413087928364,620,"Mark my words, this diversity training will destroy the world."
4543,2911,2,10,72,84,1.1666666666666667,0.047403413087928364,620,We can't find the dice.
4513,2911,2,10,72,84,1.1666666666666667,0.047403413087928364,620,"I don't know . . . but, I heard someone say that the rogue asteroid model was becoming a bit dated."
4474,2911,3,8,73,84,1.1666666666666667,0.05033830852372419,620,Angel Trump has become very Mexican since he arrived here.
4430,2911,2,10,72,84,1.1666666666666667,0.047403413087928364,620,Might as well make it a home run
4423,2911,3,8,73,84,1.1666666666666667,0.05033830852372419,620,The indictments have really thrown him off his game.
4333,2911,1,12,71,84,1.1666666666666667,0.04427439259594549,620,It’s strictly revenge. He thought the world owed him something.
4206,2911,4,6,74,84,1.1666666666666667,0.05311127034513963,620,No surprise; he never batted above the Mendoza line with the Mets.
3358,2911,3,8,73,84,1.1666666666666667,0.05033830852372419,620,"I know it's his birthday, but 4.543 billion turns is excessive!"
4188,2911,2,10,72,84,1.1666666666666667,0.047403413087928364,620,"We take the first hundred names, the rest go downstairs."
4165,2911,3,8,73,84,1.1666666666666667,0.05033830852372419,620,I hear he's a master at the art of the deal.
4109,2911,1,12,71,84,1.1666666666666667,0.04427439259594549,620,Baseball was never his strength.
4003,2911,4,6,74,84,1.1666666666666667,0.05311127034513963,620,The joke is on Gabriel. It's just a holographic simulation.
3978,2911,3,8,73,84,1.1666666666666667,0.05033830852372419,620,"If we’re going to fill this place up, it’s either this or wait for the ice caps to melt..."
3965,2911,4,6,74,84,1.1666666666666667,0.05311127034513963,620,Wait until you see the piñata
3964,2911,2,10,72,84,1.1666666666666667,0.047403413087928364,620,"Really, this used to be a harmless game played at birthday parties!"
3959,2911,1,12,71,84,1.1666666666666667,0.04427439259594549,620,He's been at this for 4.5 billion years.
3922,2911,2,10,72,84,1.1666666666666667,0.047403413087928364,620,Nuts!
3824,2911,4,6,74,84,1.1666666666666667,0.05311127034513963,620,It's the traditional game for Cinque de Trump
3738,2911,2,10,72,84,1.1666666666666667,0.047403413087928364,620,I knew he was lying about playing for the Yankees.
3662,2911,1,12,71,84,1.1666666666666667,0.04427439259594549,620,We just brought him up from the sinners.
3510,2911,2,10,72,84,1.1666666666666667,0.047403413087928364,620,I've been waiting for my turn since 2012
4185,2911,2,10,72,84,1.1666666666666667,0.047403413087928364,620,Wait s second. He said to hold off for now. Darn!
2260,2911,3,8,73,84,1.1666666666666667,0.05033830852372419,620,This is how we get our halos?
2297,2911,3,8,73,84,1.1666666666666667,0.05033830852372419,620,"Goddamn, that's one helluva swing."
2202,2911,1,12,71,84,1.1666666666666667,0.04427439259594549,620,"What? So Gabriel can play jazz and end the world, but this is wrong?"
874,2911,3,8,73,84,1.1666666666666667,0.05033830852372419,620,"Indeed they have sinned, but weren't we directed to use only a willow branch to castigate them?"
860,2911,3,8,73,84,1.1666666666666667,0.05033830852372419,620,We're overpopulated as it is.
805,2911,2,10,72,84,1.1666666666666667,0.047403413087928364,620,"Somebody needs to tell 'Wade Boggs' here, that his stance is all wrong."
746,2911,3,8,73,84,1.1666666666666667,0.05033830852372419,620,Use The Force
745,2911,5,4,75,84,1.1666666666666667,0.05574646868026147,620,"She's too late, Trump already broke it."
675,2911,2,10,72,84,1.1666666666666667,0.047403413087928364,620,"Much like the planet, a swing and a miss."
644,2911,3,8,73,84,1.1666666666666667,0.05033830852372419,620,I feel like it’s 1968 at the World Series. Jose Feliciano was at bat. King Nixon didn’t know Puerto Rico was being considered for Statehood and actually took a knee.
638,2911,2,10,72,84,1.1666666666666667,0.047403413087928364,620,The sequel to Angels in the Outfield was not exactly a hit.
627,2911,3,8,73,84,1.1666666666666667,0.05033830852372419,620,"We were going to use Pluto, but we couldn't decide if it was a real planet or not."
620,2911,1,12,71,84,1.1666666666666667,0.04427439259594549,620,The Force is weak in this one
612,2911,4,6,74,84,1.1666666666666667,0.05311127034513963,620,I told you he wasn't one of the Los Angeles Angels.
1012,2911,2,10,72,84,1.1666666666666667,0.047403413087928364,620,Last time we did this Pluto was completely ruined.
594,2911,4,4,64,72,1.1666666666666667,0.05933908290969267,620,Do you ever wonder what it all means?
512,2911,3,8,73,84,1.1666666666666667,0.05033830852372419,620,I wish He would find another way to celebrate His birthday.
319,2911,1,12,71,84,1.1666666666666667,0.04427439259594549,620,"St. Andrew always says the big one is coming, but he always misses"
300,2911,1,12,71,84,1.1666666666666667,0.04427439259594549,620,He thinks this is a level playing field.
281,2911,3,8,73,84,1.1666666666666667,0.05033830852372419,620,"They can deny climate change, but there's no denying that his misses are really affecting hurricane season."
162,2911,3,8,73,84,1.1666666666666667,0.05033830852372419,620,He's just as bad at fighting the forces of evil!
159,2911,2,10,72,84,1.1666666666666667,0.047403413087928364,620,Does he swing often?
127,2911,3,8,73,84,1.1666666666666667,0.05033830852372419,620,Theres some good rock candy if you hit it hard enough.
41,2911,3,8,73,84,1.1666666666666667,0.05033830852372419,620,We'll let the new guy grab what comes out.
18,2911,2,10,72,84,1.1666666666666667,0.047403413087928364,620,I hope the angel of death is no better!
7,2911,2,10,72,84,1.1666666666666667,0.047403413087928364,620,Wrong launch angel.
2213,2911,2,10,72,84,1.1666666666666667,0.047403413087928364,620,What's so mysterious about that?
522,2911,4,6,74,84,1.1666666666666667,0.05311127034513963,620,We are playing pin the tail on the Trump next.
1014,2911,2,10,72,84,1.1666666666666667,0.047403413087928364,620,"OK, technically it's not playing dice, but..."
386,2911,4,6,74,84,1.1666666666666667,0.05311127034513963,620,I say we take off the blindfold and break it ourselves like last time.
1097,2911,2,10,72,84,1.1666666666666667,0.047403413087928364,620,We usually do this for interns anger therapy after their first descend to earth.
2186,2911,2,10,72,84,1.1666666666666667,0.047403413087928364,620,It would be so much easier to hit if it wasn't actually flat.
2129,2911,1,12,71,84,1.1666666666666667,0.04427439259594549,620,woo hoo!
2031,2911,2,10,72,84,1.1666666666666667,0.047403413087928364,620,...so how big did they want this 'world piece?'
2014,2911,2,10,72,84,1.1666666666666667,0.047403413087928364,620,It's only cultural appropriation if your version makes it worse.
1997,2911,1,12,71,84,1.1666666666666667,0.04427439259594549,620,The real way Pangaea ended.
1991,2911,2,10,72,84,1.1666666666666667,0.047403413087928364,620,"We tried to tell them that Copernicus was wrong, but that backfired like you wouldn't believe."
1964,2911,1,12,71,84,1.1666666666666667,0.04427439259594549,620,Blind Ambition!
1936,2911,3,8,73,84,1.1666666666666667,0.05033830852372419,620,I was surprised when he was elected President
1906,2911,1,12,71,84,1.1666666666666667,0.04427439259594549,620,I've heard some of them find the threat of meteors concerning.
1075,2911,2,10,72,84,1.1666666666666667,0.047403413087928364,620,He is Trump's guardian angel.
1833,2911,2,10,72,84,1.1666666666666667,0.047403413087928364,620,Is this still considered cultural appropriation?
1832,2911,3,8,73,84,1.1666666666666667,0.05033830852372419,620,He’ll never let us hit it but it’s a great way to release stress from guarding them everyday.
1796,2911,3,8,73,84,1.1666666666666667,0.05033830852372419,620,"Remember, it was Krakatoa the last time someone connected."
1644,2911,3,8,73,84,1.1666666666666667,0.05033830852372419,620,Don't worry - God's pitching
1584,2911,3,8,73,84,1.1666666666666667,0.05033830852372419,620,10 to 1 he hits the wall.
1544,2911,2,10,72,84,1.1666666666666667,0.047403413087928364,620,It's literally hell to clean up.
1466,2911,1,12,71,84,1.1666666666666667,0.04427439259594549,620,This is the ultimate World Cup event.
1423,2911,2,10,72,84,1.1666666666666667,0.047403413087928364,620,"Swing-and-a-miss, Tabbris seems to be having some trouble with the curve this year.......he may need to ease up!"
1350,2911,3,8,73,84,1.1666666666666667,0.05033830852372419,620,Wouldn't a newspaper ad to find more female help be more productive?
1302,2911,2,10,72,84,1.1666666666666667,0.047403413087928364,620,"Frankly Gabriel, I don't see why it has to be destroyed, just because we can."
1290,2911,2,10,72,84,1.1666666666666667,0.047403413087928364,620,Let's see how many humans fall out!
1272,2911,2,10,72,84,1.1666666666666667,0.047403413087928364,620,I bet the Big Guy will pull it up right before he’s about to hit.
1270,2911,3,8,73,84,1.1666666666666667,0.05033830852372419,620,"Wait, look at the swing path. How did he miss? Oh duh, we’re incorporeal and damned to an afterlife without touch. lol"
1154,2911,2,10,72,84,1.1666666666666667,0.047403413087928364,620,Now I know how Jeff Sessions feels.
2189,2911,2,10,72,84,1.1666666666666667,0.047403413087928364,620,"If she hits it dead on, we won't have to worry.  Most of them are going to the other place!"
4619,3023,3,8,74,85,1.1647058823529413,0.04978119863646624,620,"Last time they played this game,Vesuvius erupted."
3048,3023,1,12,72,85,1.1647058823529413,0.04379433351527859,620,Satan said he'd drop in later.
1124,3023,2,10,73,85,1.1647058823529413,0.046883426633143835,620,"If the people on Earth only knew, they would all shit."
3232,3023,0,14,71,85,1.1647058823529413,0.040470132236373114,620,Mars had Mars Bars inside.
3467,3027,0,13,66,79,1.1645569620253164,0.04198259228297974,620,"It's filled with peace, love, and sugar free candy canes."
2701,3028,2,8,63,73,1.1643835616438356,0.051660769401756894,620,Thank God he keeps missing.
998,3029,3,7,71,81,1.1604938271604939,0.05108933752236682,620,What’s Canadian for piñata?
4618,3029,2,9,70,81,1.1604938271604939,0.04797372648821098,620,"I understand what you say about heliocentrism, but he can't hit it unless it's old-school."
4595,3029,4,5,72,81,1.1604938271604939,0.054025571572940904,620,What do we got to lose?
4066,3029,3,7,71,81,1.1604938271604939,0.05108933752236682,620,It's an allegory about Trump's environmental policies.
3881,3029,2,9,70,81,1.1604938271604939,0.04797372648821098,620,"Jesus, he can't hit the broad side of  a barn!"
3030,3029,3,7,71,81,1.1604938271604939,0.05108933752236682,620,"Just watch—it won’t be candy 
flying everywhere. Candy doesn’t scream."
2501,3029,3,7,71,81,1.1604938271604939,0.05108933752236682,620,Pretend it’s just a piñata.
2305,3029,1,11,69,81,1.1604938271604939,0.04464119686855444,620,He was supposed to break it in 2012.
2292,3029,2,9,70,81,1.1604938271604939,0.04797372648821098,620,"Haaaalloooo, strike three."
2025,3029,2,9,70,81,1.1604938271604939,0.04797372648821098,620,"You better stop fooling around Gabriel, here comes the boss."
1825,3029,2,9,70,81,1.1604938271604939,0.04797372648821098,620,Just don't tell any piñata jokes.
1691,3029,1,11,69,81,1.1604938271604939,0.04464119686855444,620,I understand that he is much better batting from the right side.
1371,3029,3,7,71,81,1.1604938271604939,0.05108933752236682,620,They’re filming for AFV—beware the groin shot!
958,3029,2,9,70,81,1.1604938271604939,0.04797372648821098,620,"Can you hear me NOW!""
He says he is the Angel of Climate Change and has been trying every way possible for decades to get earth people's attention, especially those evangelicals in the the United States"
830,3029,1,11,69,81,1.1604938271604939,0.04464119686855444,620,Hopefully it’s not just full of Necco wafers like Cassiopeia A.
702,3029,2,9,70,81,1.1604938271604939,0.04797372648821098,620,"Dammit Jesus, just because you can't do no wrong doesn't make this right."""
674,3029,3,7,71,81,1.1604938271604939,0.05108933752236682,620,He's gonna be disappointed when all that comes out is oil and coal.
566,3029,3,7,71,81,1.1604938271604939,0.05108933752236682,620,Now my days make sense!
414,3029,4,5,72,81,1.1604938271604939,0.054025571572940904,620,"If people only knew the real cause of earthquakes,
they'd never look at us the same way."
309,3029,3,7,71,81,1.1604938271604939,0.05108933752236682,620,I'm just here for the pin-the-tail-on-the-comet contest.
177,3029,1,11,69,81,1.1604938271604939,0.04464119686855444,620,Better tell St. Peter to hire some temps.
101,3029,3,7,71,81,1.1604938271604939,0.05108933752236682,620,Only complaints are from the West Coast.
86,3029,1,11,69,81,1.1604938271604939,0.04464119686855444,620,He said it was either this or an asteroid to flip the magnetic poles...
3,3029,2,9,70,81,1.1604938271604939,0.04797372648821098,620,testing 123
4909,3029,1,11,69,81,1.1604938271604939,0.04464119686855444,620,"If he swings a little bit more to the left, they won't have to bother with impeachment hearings."
4894,3029,2,9,70,81,1.1604938271604939,0.04797372648821098,620,If he hits America will the candy be huge?!
4900,3029,2,9,70,81,1.1604938271604939,0.04797372648821098,620,He asks for the same thing every year on his birthday but never manages to hit it.
4511,3056,1,11,70,82,1.1585365853658536,0.04413684952548057,620,"We know it's naughty, but every time he makes contact, it causes a minor earthquake."
3384,3056,2,9,71,82,1.1585365853658536,0.04742547425474254,620,Last time he ended up cracking Gabriel right in the kisser. Teeth flew everywhere. Everyone thought they were Chiclets.
3792,3056,2,9,71,82,1.1585365853658536,0.04742547425474254,620,I'm worried it isn't a candy year...
2393,3056,3,7,72,82,1.1585365853658536,0.050500393370146945,620,Lefties are always suckers for high and away.
3095,3060,1,10,67,78,1.1538461538461537,0.04498463524619038,620,Of course it’s round; how else would the candy fit?
3108,3060,3,6,69,78,1.1538461538461537,0.05186152788178786,620,Jupiter was too big and Pluto was too small but Earth is just the right size for a planet piñata.
3158,3060,2,8,68,78,1.1538461538461537,0.048545007377001466,620,"He somehow found his birth certificate, so he earned it. He's still never going to find his parents."
3174,3060,3,6,69,78,1.1538461538461537,0.05186152788178786,620,I guess he doesn't know that piñata is full of worms.
3183,3060,2,8,68,78,1.1538461538461537,0.048545007377001466,620,Wait 'til you see what we've planned for the the quinceanera.
3188,3060,4,4,70,78,1.1538461538461537,0.05497834489354689,620,It is a pity no one explained the true meaning of Premillennial  Dispensationalism.
3206,3060,1,10,67,78,1.1538461538461537,0.04498463524619038,620,He really flattened the Earth last time.
3238,3060,2,8,68,78,1.1538461538461537,0.048545007377001466,620,"Oh No! Don't hit The United States ,again!"
3260,3060,2,8,68,78,1.1538461538461537,0.048545007377001466,620,Dibs on the Mars Bars.
3314,3060,1,10,67,78,1.1538461538461537,0.04498463524619038,620,"No, of course they have no idea what's coming."
3334,3060,2,8,68,78,1.1538461538461537,0.048545007377001466,620,He missed. Now he'll have to wait another year.
3372,3060,2,8,68,78,1.1538461538461537,0.048545007377001466,620,I wish he’d just break it so that we can eat all the people.
3374,3060,3,6,69,78,1.1538461538461537,0.05186152788178786,620,"Ugh! If he misses again, you wanna go grab a beer? """
3417,3060,4,4,70,78,1.1538461538461537,0.05497834489354689,620,"Not worth it, all that ever comes out are peanuts and spite."
3444,3060,1,10,67,78,1.1538461538461537,0.04498463524619038,620,Looks like we may have another crack at Colonialism.
3457,3060,1,10,67,78,1.1538461538461537,0.04498463524619038,620,Father didn't know what to get him for his birthday.
4937,3060,2,8,68,78,1.1538461538461537,0.048545007377001466,620,Wait until he finds out what it's filled with.
3507,3060,2,8,68,78,1.1538461538461537,0.048545007377001466,620,Isn't it quaint how humans think it's plate tectonics that causes their earthquakes?
3513,3060,1,10,67,78,1.1538461538461537,0.04498463524619038,620,"Personally, I prefer kickball."
3076,3060,3,6,69,78,1.1538461538461537,0.05186152788178786,620,Another adherent of Trump diplomacy
3023,3060,2,8,68,78,1.1538461538461537,0.048545007377001466,620,You think he missed on purpose?
4926,3060,3,6,69,78,1.1538461538461537,0.05186152788178786,620,"Of course he's due, Ronny. I'm just saying I'm not eating the candy."
2927,3060,3,6,69,78,1.1538461538461537,0.05186152788178786,620,Do you think it's full of candy or grace?
2362,3060,2,8,68,78,1.1538461538461537,0.048545007377001466,620,Wait till he finds out the hollow earth theory was true
2413,3060,2,8,68,78,1.1538461538461537,0.048545007377001466,620,"Don't worry, it's mostly water."
2432,3060,2,8,68,78,1.1538461538461537,0.048545007377001466,620,We are hoping something good will fall out.
2459,3060,1,10,67,78,1.1538461538461537,0.04498463524619038,620,"If she doesn’t get it by the third swipe, then the stick goes to the devil!"
2479,3060,3,6,69,78,1.1538461538461537,0.05186152788178786,620,"I filled it with shredded, tear-stained Paris Climate Accord agreements... ‘Too on the nose?’"
2482,3060,2,8,68,78,1.1538461538461537,0.048545007377001466,620,...and the angels rebelled...
2601,3060,3,6,69,78,1.1538461538461537,0.05186152788178786,620,Smiting just hasn't been the same since the New Testament.
2632,3060,1,10,67,78,1.1538461538461537,0.04498463524619038,620,"Global warming, swing higher."
2638,3060,1,10,67,78,1.1538461538461537,0.04498463524619038,620,He's come here to show us what will happen to the world if Trump stays in office.
3563,3060,3,6,69,78,1.1538461538461537,0.05186152788178786,620,It's such a small world.
2672,3060,3,6,69,78,1.1538461538461537,0.05186152788178786,620,"He was Hernandez's innocent cellmate, and Aaron didn't teach him a thing."
2695,3060,2,8,68,78,1.1538461538461537,0.048545007377001466,620,Is this the Apocalypse ?
2736,3060,3,6,69,78,1.1538461538461537,0.05186152788178786,620,It's full of little gold halos.
2753,3060,2,8,68,78,1.1538461538461537,0.048545007377001466,620,"Archangel sure, but no Mike Trout"
2774,3060,2,8,68,78,1.1538461538461537,0.048545007377001466,620,"A few diamonds.  Mostly coal, though."
2779,3060,2,8,68,78,1.1538461538461537,0.048545007377001466,620,"Wait, aren’t we supposed to be playing with the moon?"
2805,3060,3,6,69,78,1.1538461538461537,0.05186152788178786,620,Don't worry. They probably won't feel a thing.
2837,3060,1,10,67,78,1.1538461538461537,0.04498463524619038,620,Down there he played for the Mets.
2900,3060,2,8,68,78,1.1538461538461537,0.048545007377001466,620,These ones are always mostly fish.
2926,3060,1,10,67,78,1.1538461538461537,0.04498463524619038,620,He could never hit in little league either.
2674,3060,1,10,67,78,1.1538461538461537,0.04498463524619038,620,With one blow maybe he'll get North Korea AND Canada
2963,3060,2,8,68,78,1.1538461538461537,0.048545007377001466,620,"Playing God, starring the Angels."
3595,3060,3,6,69,78,1.1538461538461537,0.05186152788178786,620,Hope he never hits the thing.  No telling what will fall out
3621,3060,1,10,67,78,1.1538461538461537,0.04498463524619038,620,I’ll bet you three harps this party goes at least another millennium before the apocalypse.
4466,3060,3,6,69,78,1.1538461538461537,0.05186152788178786,620,"No need to be shy about it.  The U.S. took  a hit, so might as well go for the World."
4499,3060,2,8,68,78,1.1538461538461537,0.048545007377001466,620,"She may be causing a world wide Tsunami, we had better take off the blindfold!u"
4545,3060,3,6,69,78,1.1538461538461537,0.05186152788178786,620,"Lesson one: if you’re going to attack the planet, it’s easier with blinders on."
4549,3060,2,8,68,78,1.1538461538461537,0.048545007377001466,620,The last time we got mostly dinosaurs.
4586,3060,4,4,70,78,1.1538461538461537,0.05497834489354689,620,"This lends new meaing to the idea of ""repurposing,"" don't you think?"
4592,3060,2,8,68,78,1.1538461538461537,0.048545007377001466,620,I liked it better when she held that torch in New York Harbor.
4596,3060,4,4,70,78,1.1538461538461537,0.05497834489354689,620,Maybe we shouldn't have filled it with lava.
4597,3060,1,10,67,78,1.1538461538461537,0.04498463524619038,620,Trump's Better Angels
4614,3060,1,10,67,78,1.1538461538461537,0.04498463524619038,620,He's still not over the last election.
4655,3060,1,10,67,78,1.1538461538461537,0.04498463524619038,620,The guy at the store told us this is their most popular model since 2016.
4671,3060,2,8,68,78,1.1538461538461537,0.048545007377001466,620,I guess Matthew finally figured out a way to break up the banks.
4691,3060,1,10,67,78,1.1538461538461537,0.04498463524619038,620,It's the vicissitudes
4700,3060,1,10,67,78,1.1538461538461537,0.04498463524619038,620,This is way more fun than that other party we had with the flat-Earther.
4739,3060,3,6,69,78,1.1538461538461537,0.05186152788178786,620,When did we start eating candy again?
4796,3060,1,10,67,78,1.1538461538461537,0.04498463524619038,620,I don't think our leader will be happy about all those earthlings flooding into paradise.
4835,3060,2,8,68,78,1.1538461538461537,0.048545007377001466,620,"This is fun, but if we wait a few decades it'll just break on its own."
4906,3060,4,4,70,78,1.1538461538461537,0.05497834489354689,620,We always miss.
4914,3060,3,6,69,78,1.1538461538461537,0.05186152788178786,620,The boss says this is practice for our softball team.
2340,3060,4,4,70,78,1.1538461538461537,0.05497834489354689,620,"I heard the devil is throwing a similar party,"
4444,3060,2,8,68,78,1.1538461538461537,0.048545007377001466,620,What a blast!
3615,3060,3,6,69,78,1.1538461538461537,0.05186152788178786,620,It's gonna be hell getting THOSE out of the carpet!
4317,3060,2,8,68,78,1.1538461538461537,0.048545007377001466,620,I heard it only takes three licks to get to the center of it
4275,3060,1,10,67,78,1.1538461538461537,0.04498463524619038,620,"He breaks it, he gets all the bitcoin"
3664,3060,2,8,68,78,1.1538461538461537,0.048545007377001466,620,The last one had Mars Bars in it
3680,3060,2,8,68,78,1.1538461538461537,0.048545007377001466,620,Trump would do a better job.
3682,3060,1,10,67,78,1.1538461538461537,0.04498463524619038,620,Luckily it's Mendoza rather than DiMaggio.
3774,3060,4,4,70,78,1.1538461538461537,0.05497834489354689,620,"The longer Trump's in office, the better the odds."
3785,3060,3,6,69,78,1.1538461538461537,0.05186152788178786,620,"With his coordination, a meteorite has as much chance of hitting it."
3818,3060,1,10,67,78,1.1538461538461537,0.04498463524619038,620,Maybe materialism wasn't so bad after all.
3911,3060,3,6,69,78,1.1538461538461537,0.05186152788178786,620,It was either this or Cosmic Bowling.
3917,3060,2,8,68,78,1.1538461538461537,0.048545007377001466,620,This is the second one He's disposed of this way. We're all hoping the third one will be a keeper.
3981,3060,2,8,68,78,1.1538461538461537,0.048545007377001466,620,I don’t have the heart to tell him this may be the last birthday he gets to celebrate hitting it. How about we switch it with Uranus? That shouldn’t melt.
4088,3060,3,6,69,78,1.1538461538461537,0.05186152788178786,620,''Once he actually hit it and the dinosaurs went extinct.''
4099,3060,3,6,69,78,1.1538461538461537,0.05186152788178786,620,Global warming deniers! We'll show them!
4112,3060,3,6,69,78,1.1538461538461537,0.05186152788178786,620,Someone call Tony Kushner.
4135,3060,2,8,68,78,1.1538461538461537,0.048545007377001466,620,Jupiter would be easier to hit.
4139,3060,3,6,69,78,1.1538461538461537,0.05186152788178786,620,"Humans ruin the earth for real, up here we do it for fun."
4143,3060,0,12,66,78,1.1538461538461537,0.041117114140372994,620,San Andreas always gets into this game.”
4144,3060,2,8,68,78,1.1538461538461537,0.048545007377001466,620,High and outside
4157,3060,1,10,67,78,1.1538461538461537,0.04498463524619038,620,"In heaven, the angles play the pinata game not to get candy but for anger management therapy."
4168,3060,1,10,67,78,1.1538461538461537,0.04498463524619038,620,He's getting even now for what the Earth did to him!!
4182,3060,2,8,68,78,1.1538461538461537,0.048545007377001466,620,Wasn't he the guy who flew into the sun?
4299,3060,2,8,68,78,1.1538461538461537,0.048545007377001466,620,You hate to see when they break it open and discover that all the goodies inside are long gone.
2324,3060,1,10,67,78,1.1538461538461537,0.04498463524619038,620,It’s going to be one hell of hurricane season.
1723,3060,2,8,68,78,1.1538461538461537,0.048545007377001466,620,This was more fun before he let the pros play.
2313,3060,2,8,68,78,1.1538461538461537,0.048545007377001466,620,John Glenn is such a show-off.
425,3060,3,6,69,78,1.1538461538461537,0.05186152788178786,620,"Atlas would be so mad if he caught us, but it's Peter's birthday!"
464,3060,3,6,69,78,1.1538461538461537,0.05186152788178786,620,When God finds out there's gonna be Hell to pay.
476,3060,2,8,68,78,1.1538461538461537,0.048545007377001466,620,This is way better than just pinning a tail on it.
477,3060,1,10,67,78,1.1538461538461537,0.04498463524619038,620,This is why Los Angeles sent him down to their farm team.
578,3060,1,10,67,78,1.1538461538461537,0.04498463524619038,620,Wait until he finds out it’s just filled with nuts.
634,3060,2,8,68,78,1.1538461538461537,0.048545007377001466,620,We're still trying to figure out what it's hanging from.
653,3060,1,10,67,78,1.1538461538461537,0.04498463524619038,620,"Pepe hasn't been with us long, he will soon settle down and get used to the boredom."
694,3060,2,8,68,78,1.1538461538461537,0.048545007377001466,620,fly away fly away we knew this was preordained
406,3060,3,6,69,78,1.1538461538461537,0.05186152788178786,620,He could at least waited until after the mid-terms.
706,3060,2,8,68,78,1.1538461538461537,0.048545007377001466,620,"Archangels are touchy, and San Miguel doesn't see Mexico ever paying for the wall."
716,3060,1,10,67,78,1.1538461538461537,0.04498463524619038,620,He seems to have the whole world in his hands.
723,3060,2,8,68,78,1.1538461538461537,0.048545007377001466,620,You should see what comes out when he manages to hit it.
748,3060,2,8,68,78,1.1538461538461537,0.048545007377001466,620,Why don't we just take it with us?
795,3060,2,8,68,78,1.1538461538461537,0.048545007377001466,620,This area definitely leans conservative.
814,3060,2,8,68,78,1.1538461538461537,0.048545007377001466,620,"Something about this isn't hitting that ""Angelic"" note for me."
863,3060,3,6,69,78,1.1538461538461537,0.05186152788178786,620,"Get ready, it's about to get busy around here."
890,3060,3,6,69,78,1.1538461538461537,0.05186152788178786,620,This is better than what the original owners were planning to do to it.
909,3060,2,8,68,78,1.1538461538461537,0.048545007377001466,620,"Just make something up, use some words that sounds like science and call it “gravity.”"
707,3060,1,10,67,78,1.1538461538461537,0.04498463524619038,620,Something tells me it won't be filled with candy...
404,3060,3,6,69,78,1.1538461538461537,0.05186152788178786,620,You think they've had enough?
400,3060,1,10,67,78,1.1538461538461537,0.04498463524619038,620,It was pretty beat-up anyway.
355,3060,1,10,67,78,1.1538461538461537,0.04498463524619038,620,"I know it's his birthday, but I really didn't think the Big Guy would go for this."
12,3060,2,8,68,78,1.1538461538461537,0.048545007377001466,620,I hear Sinatra came up with the game idea
40,3060,3,6,69,78,1.1538461538461537,0.05186152788178786,620,It is all the rage among the MAGA set.
54,3060,3,6,69,78,1.1538461538461537,0.05186152788178786,620,It's all yours- too many nuts for me.
61,3060,3,6,69,78,1.1538461538461537,0.05186152788178786,620,"You remember the last time we let Abaddon take a swing, right?"
81,3060,1,10,67,78,1.1538461538461537,0.04498463524619038,620,"First darts, then checkers, I thought it would be better than this."
90,3060,2,8,68,78,1.1538461538461537,0.048545007377001466,620,"Oh, come on. What's the worst that could happen electorally."
104,3060,4,4,70,78,1.1538461538461537,0.05497834489354689,620,Who put Lucifer in charge of Party Games?
197,3060,2,8,68,78,1.1538461538461537,0.048545007377001466,620,Jesus Christ! I know he's Gods boy but can't someone else try? It's been 2018 years!
210,3060,1,10,67,78,1.1538461538461537,0.04498463524619038,620,He's in for some disappointment with the contents of this one.
216,3060,3,6,69,78,1.1538461538461537,0.05186152788178786,620,Spin it to Singapore!
224,3060,1,10,67,78,1.1538461538461537,0.04498463524619038,620,I think it's a metaphor for deforestation...or maybe climate change.
231,3060,2,8,68,78,1.1538461538461537,0.048545007377001466,620,He hasn't hit it since 1906.
258,3060,2,8,68,78,1.1538461538461537,0.048545007377001466,620,"Well, it couldn't get any messier."
262,3060,4,4,70,78,1.1538461538461537,0.05497834489354689,620,"On earth it's called pinata, but here it's globe ball!"
288,3060,1,10,67,78,1.1538461538461537,0.04498463524619038,620,Manual reboot or just for kicks?
317,3060,2,8,68,78,1.1538461538461537,0.048545007377001466,620,"Don't you think the earth is being punished enough by global warming, terrorism, and the proliferation of reality TV?"
328,3060,2,8,68,78,1.1538461538461537,0.048545007377001466,620,No wonder he only hit .220 for Anaheim.
332,3060,2,8,68,78,1.1538461538461537,0.048545007377001466,620,That's the Dodgers slugger who just got beaned in the head--Jose Pinata.
335,3060,3,6,69,78,1.1538461538461537,0.05186152788178786,620,"I don't know why we're doing this again, God never fills them up with anything good."
912,3060,2,8,68,78,1.1538461538461537,0.048545007377001466,620,It should be easy to open. It’s already broken.
974,3060,1,10,67,78,1.1538461538461537,0.04498463524619038,620,Swing and a miss!
202,3060,1,10,67,78,1.1538461538461537,0.04498463524619038,620,I don't remember this part in the Book of Revelation.
1016,3060,1,10,67,78,1.1538461538461537,0.04498463524619038,620,You have any better ideas to cool it off?
2321,3060,2,8,68,78,1.1538461538461537,0.048545007377001466,620,"At this rate, Armageddon will never come!"
1758,3060,1,10,67,78,1.1538461538461537,0.04498463524619038,620,"One day somebody's going to hit that thing, and then we'll see if that old wives tale about Swiss cheese is true, or if what we learned in school about the crust and magma and molten hot snot is the real truth."
1770,3060,2,8,68,78,1.1538461538461537,0.048545007377001466,620,He watches over the Mets.
1772,3060,2,8,68,78,1.1538461538461537,0.048545007377001466,620,"So, Gabriel blew the trumpet half an hour ago and Fred here is still trying to win that stupid bet"
1787,3060,2,8,68,78,1.1538461538461537,0.048545007377001466,620,That’s going to be hell to clean up.
1795,3060,4,4,70,78,1.1538461538461537,0.05497834489354689,620,Why do we bother?  We KNOW what it's filled with . . .
1803,3060,2,8,68,78,1.1538461538461537,0.048545007377001466,620,It’s full of plastic straws.
1902,3060,4,4,70,78,1.1538461538461537,0.05497834489354689,620,I cringe to think what might be inside!
1941,3060,1,10,67,78,1.1538461538461537,0.04498463524619038,620,At least we're saving the world from self destruction
1952,3060,1,10,67,78,1.1538461538461537,0.04498463524619038,620,This'll really shake up those Oumuamua researchers!
2035,3060,2,8,68,78,1.1538461538461537,0.048545007377001466,620,What do you expect with a plutocrat at bat.
2104,3060,1,10,67,78,1.1538461538461537,0.04498463524619038,620,It’s harder than it looks. The last time anyone got a hit there were still dinosaurs on the thing.
2113,3060,2,8,68,78,1.1538461538461537,0.048545007377001466,620,He hasn't made contact since the Cretaceous period.
2147,3060,1,10,67,78,1.1538461538461537,0.04498463524619038,620,I wonder if it's full of molten lava pop rocks.
2162,3060,2,8,68,78,1.1538461538461537,0.048545007377001466,620,Will this not hurt minorities and the poor the most?
2275,3060,2,8,68,78,1.1538461538461537,0.048545007377001466,620,You know... I think we may be taking the ‘end of the world’ theme too far
2291,3060,1,10,67,78,1.1538461538461537,0.04498463524619038,620,Can you believe the multitudes waiting to have a whack at this pinata?
2300,3060,1,10,67,78,1.1538461538461537,0.04498463524619038,620,After his rotator cuff surgery we wanted to get him something easy to break open. Just don't tell him we cheated and decided to use something that was already broken...
985,3060,1,10,67,78,1.1538461538461537,0.04498463524619038,620,"The last time he hit it, he killed off the dinosaurs."
1705,3060,1,10,67,78,1.1538461538461537,0.04498463524619038,620,Don’t expect anything of value to come out of this exercise.
1692,3060,4,4,70,78,1.1538461538461537,0.05497834489354689,620,It's true.  God doesn't play rice with the Universe.
2225,3060,2,8,68,78,1.1538461538461537,0.048545007377001466,620,"If they want to treat it that way, we might as well..."
1674,3060,3,6,69,78,1.1538461538461537,0.05186152788178786,620,I think we'd better not canonize DiMaggio.
1032,3060,3,6,69,78,1.1538461538461537,0.05186152788178786,620,He was always a sucker for 'high and outside'.
1680,3060,3,6,69,78,1.1538461538461537,0.05186152788178786,620,I wonder why they call it Pandora's Piñata
1055,3060,2,8,68,78,1.1538461538461537,0.048545007377001466,620,Is this planetary appropriation or just cultural?
1164,3060,3,6,69,78,1.1538461538461537,0.05186152788178786,620,It gets even weirder at Christmas.
1182,3060,1,10,67,78,1.1538461538461537,0.04498463524619038,620,"Blind justice, if you ask me!"
1257,3060,1,10,67,78,1.1538461538461537,0.04498463524619038,620,He's drawing a bead on Hawaii
1269,3060,1,10,67,78,1.1538461538461537,0.04498463524619038,620,"He may have missed, but the UFO followers just went crazy!"
1332,3060,0,12,66,78,1.1538461538461537,0.041117114140372994,620,"I'm just saying, if the clouds are flat, how can the earth not be?"
1343,3060,2,8,68,78,1.1538461538461537,0.048545007377001466,620,Do you ever feel like Samael just isn't taking his work seriously anymore?
1155,3060,1,10,67,78,1.1538461538461537,0.04498463524619038,620,"No, it is not chill if you take all the Protestants."
1443,3060,2,8,68,78,1.1538461538461537,0.048545007377001466,620,Some people I know down in Mexico told me about this years ago but I never got around to doing anything about it until today.
1649,3060,2,8,68,78,1.1538461538461537,0.048545007377001466,620,"Ever since Julio arrived, it’s been like one big fiesta. The big guy even wants us to yell ole’ when an angel gets their wings!"
1449,3060,2,8,68,78,1.1538461538461537,0.048545007377001466,620,"He's told people he does better with a blind fold and goes on what he senses and feels, than sees and knows."
1464,3060,1,10,67,78,1.1538461538461537,0.04498463524619038,620,"Instead of ascending to heaven, the faithful spill out."
1538,3060,1,10,67,78,1.1538461538461537,0.04498463524619038,620,You’re getting real close.
1547,3060,1,10,67,78,1.1538461538461537,0.04498463524619038,620,This is what happened to the dinosaurs
1638,3060,1,10,67,78,1.1538461538461537,0.04498463524619038,620,God said He thought this would be 'cathartic.'
1580,3060,1,10,67,78,1.1538461538461537,0.04498463524619038,620,They always think there's candy inside.
1588,3060,1,10,67,78,1.1538461538461537,0.04498463524619038,620,"The last time, this wound up as the fjords of Norway."
1404,3060,2,8,68,78,1.1538461538461537,0.048545007377001466,620,They won't even notice; things are pretty unstable there already.
4969,3241,2,8,69,79,1.1518987341772151,0.04796612321171352,620,The Starburst are mine.
4100,3241,2,8,69,79,1.1518987341772151,0.04796612321171352,620,"On Wednesdays, we play pin-the-tail-on-Pluto."
4866,3241,2,8,69,79,1.1518987341772151,0.04796612321171352,620,And everybody was worried about global warming.
2589,3241,1,10,68,79,1.1518987341772151,0.04445423524410439,620,Can you imagine the cataclysmic consequences should we ever get a southpaw in this position?
4068,3245,3,5,67,75,1.1466666666666667,0.05265332251978381,620,Two more like that and the send him back down
4087,3245,2,7,66,75,1.1466666666666667,0.049112238922818546,620,"This is totally ridiculous. Seriously. Someone should make a caption out of this, and then mail it to that The New Yorker magazine before that Trump character has another temper tantrum."
3708,3245,2,7,66,75,1.1466666666666667,0.049112238922818546,620,"At the final, Newton is right. We don't need the bizarre theory called general relativity."
4038,3245,3,5,67,75,1.1466666666666667,0.05265332251978381,620,"Don’t get too excited, it’s a “hollow cast” of a planet."
4170,3245,2,7,66,75,1.1466666666666667,0.049112238922818546,620,If we removed the blindfold he could be more focused on our trials.
3992,3245,2,7,66,75,1.1466666666666667,0.049112238922818546,620,"Come on, lighten up. Just because it's the Apocalypse doesn't mean it can't be fun."
3987,3245,1,9,65,75,1.1466666666666667,0.045295161459604626,620,"Apocalypse, Now,” party editio"
3914,3245,3,5,67,75,1.1466666666666667,0.05265332251978381,620,God's Mexican. Someone should tell the White House.
3894,3245,1,9,65,75,1.1466666666666667,0.045295161459604626,620,He's from Cleveland.  The word's out that he's connecting this year.
3876,3245,2,7,66,75,1.1466666666666667,0.049112238922818546,620,Teddy Roosevelt never gets tired of this game.
4203,3245,3,5,67,75,1.1466666666666667,0.05265332251978381,620,The next swing's for world peace.
3852,3245,2,7,66,75,1.1466666666666667,0.049112238922818546,620,Whatever's in there has GOT to be stale by now.
3787,3245,3,5,67,75,1.1466666666666667,0.05265332251978381,620,I have dibs on the candy!
3770,3245,1,9,65,75,1.1466666666666667,0.045295161459604626,620,"It's like a pinata, except all your sins drop out"
3702,3245,3,5,67,75,1.1466666666666667,0.05265332251978381,620,Gabriel's been watching too many Star Wars movies.
3098,3245,3,5,67,75,1.1466666666666667,0.05265332251978381,620,He doesn't let us actually hit it and the misses create the trade winds.
3585,3245,1,9,65,75,1.1466666666666667,0.045295161459604626,620,I'm not so sure this is a good idea...humans are already doing a pretty good job at wrecking Earth on their own.
2998,3245,3,5,67,75,1.1466666666666667,0.05265332251978381,620,Some things never change...pin the tail on the donkey was always his strong suit.
4217,3245,2,7,66,75,1.1466666666666667,0.049112238922818546,620,A billion more years till it’s your turn again
3034,3245,3,5,67,75,1.1466666666666667,0.05265332251978381,620,I believe he's an ancestor of Kim Jong Un.
3086,3245,2,7,66,75,1.1466666666666667,0.049112238922818546,620,He doesn't swing so much as stir discontent.
3094,3245,1,9,65,75,1.1466666666666667,0.045295161459604626,620,Maybe a blind angel is what they need
3120,3245,3,5,67,75,1.1466666666666667,0.05265332251978381,620,"If he whiffs again, the Big Guy's going to call in the asteroid."
3671,3245,4,3,68,75,1.1466666666666667,0.055970820368587894,620,"Those hollow earth guys are ridiculous, as if God would've forgot the candy."
3268,3245,1,9,65,75,1.1466666666666667,0.045295161459604626,620,I want to see what's out of this world.
3341,3245,5,1,69,75,1.1466666666666667,0.059102394986100974,620,"You know, of course, that he can see right through your little game."
3383,3245,2,7,66,75,1.1466666666666667,0.049112238922818546,620,"Hey angel, angel, angel, angel, angel! Swing, angel!"
3405,3245,1,9,65,75,1.1466666666666667,0.045295161459604626,620,This way we play no favorites.
3437,3245,3,5,67,75,1.1466666666666667,0.05265332251978381,620,"They call it; get this . "" Pinyata Mondatta"""
3536,3245,0,11,64,75,1.1466666666666667,0.04112531205098986,620,"Since we all came from there, do we really want to take another crack at it?"
3548,3245,2,7,66,75,1.1466666666666667,0.049112238922818546,620,Let’s hope a Democrat falls out.
3325,3245,3,5,67,75,1.1466666666666667,0.05265332251978381,620,Next time we will play Taboo. ​​
4241,3245,3,5,67,75,1.1466666666666667,0.05265332251978381,620,This is actually how thunder gets made.
4817,3245,1,9,65,75,1.1466666666666667,0.045295161459604626,620,I bet the WW3 will start this time. He’s just missed it again when its Monday.
4253,3245,2,7,66,75,1.1466666666666667,0.049112238922818546,620,Wait til he gets magma instead of candy.
2961,3245,1,9,65,75,1.1466666666666667,0.045295161459604626,620,Do you think he will be upset when he finds out it’s not filled with candy?
4972,3245,2,7,66,75,1.1466666666666667,0.049112238922818546,620,I guess angels get frustrated enough to hit pinatas up here too...
4955,3245,2,7,66,75,1.1466666666666667,0.049112238922818546,620,We're celebrating Wingo De Mayo.
4895,3245,2,7,66,75,1.1466666666666667,0.049112238922818546,620,"Why did we stop playing drinking games? Well, let's just say they are still calling the last time the ""Dark Ages"""
4893,3245,2,7,66,75,1.1466666666666667,0.049112238922818546,620,"Could you angle it a bit more at the Orange dude sitting in the
oval office"
4863,3245,2,7,66,75,1.1466666666666667,0.049112238922818546,620,I believe that it has a molten chocolate core which is surrounded by layers of Tootsie Rolls
4858,3245,2,7,66,75,1.1466666666666667,0.049112238922818546,620,"LIMERICK: A bully angel named Devon...Aggressive,destructive,ego driven...By stick or pen...
Self centered white men...on Earth as it is in Heaven."
4846,3245,1,9,65,75,1.1466666666666667,0.045295161459604626,620,I shudder at how seriously I took it all
4830,3245,1,9,65,75,1.1466666666666667,0.045295161459604626,620,For some reason the Boss finally said OK to this.
4819,3245,2,7,66,75,1.1466666666666667,0.049112238922818546,620,He's been at this for 4.5 billion years and keeps missing. Why don't you give it a shot.
4774,3245,2,7,66,75,1.1466666666666667,0.049112238922818546,620,"He hoping to hit what he calls the ""deep state."""
4765,3245,1,9,65,75,1.1466666666666667,0.045295161459604626,620,When it makes landfall they call it a « meteor-smite ».
4713,3245,1,9,65,75,1.1466666666666667,0.045295161459604626,620,"The earth may soon be gone, but globes will still be fun."
4673,3245,3,5,67,75,1.1466666666666667,0.05265332251978381,620,Looks like he never made it out of the Angels farming system.
4631,3245,1,9,65,75,1.1466666666666667,0.045295161459604626,620,They were all out of Plutos.
4613,3245,1,9,65,75,1.1466666666666667,0.045295161459604626,620,Up here we call it global warfare.
4569,3245,3,5,67,75,1.1466666666666667,0.05265332251978381,620,I'm not sure I want the candy that's gonna fall out that one!
4262,3245,2,7,66,75,1.1466666666666667,0.049112238922818546,620,I saw Him put in manna. The gluten-free kind.
4286,3245,3,5,67,75,1.1466666666666667,0.05265332251978381,620,What the world needs now...….
4329,3245,4,3,68,75,1.1466666666666667,0.055970820368587894,620,"That's a very modern piniata,I wonder what will come out when he hits it."""
4330,3245,2,7,66,75,1.1466666666666667,0.049112238922818546,620,"Darn it, missed again"
4334,3245,2,7,66,75,1.1466666666666667,0.049112238922818546,620,Don't look at me. It was His idea.
4379,3245,1,9,65,75,1.1466666666666667,0.045295161459604626,620,This is better than global warming.
4242,3245,1,9,65,75,1.1466666666666667,0.045295161459604626,620,After a good hit on the piñata the Holy Spirit will come flying out.
4388,3245,3,5,67,75,1.1466666666666667,0.05265332251978381,620,It’s pronounced rupture - and why would you be excited for that?
4438,3245,1,9,65,75,1.1466666666666667,0.045295161459604626,620,She’s The Donald’s guardian angel.
4455,3245,2,7,66,75,1.1466666666666667,0.049112238922818546,620,I’m sure he’ll claim it was a “tremendous” summit.
4495,3245,1,9,65,75,1.1466666666666667,0.045295161459604626,620,"The pinheadyata, 'cause sometimes those pinheads just need a whack upside the head."
4498,3245,1,9,65,75,1.1466666666666667,0.045295161459604626,620,I thought we said the earth was flat?
4509,3245,2,7,66,75,1.1466666666666667,0.049112238922818546,620,"The boss said if He's giving up, we could have some fun."
4553,3245,2,7,66,75,1.1466666666666667,0.049112238922818546,620,"The whole world’s a piñata, then they all die."
4402,3245,3,5,67,75,1.1466666666666667,0.05265332251978381,620,"Her shots generated five hurricanes, and four volcanos last week!"
2935,3245,0,11,64,75,1.1466666666666667,0.04112531205098986,620,It was either this or an atomic bounce house.
2249,3245,1,9,65,75,1.1466666666666667,0.045295161459604626,620,If he hits it it will be out of this world.
2847,3245,2,7,66,75,1.1466666666666667,0.049112238922818546,620,I heard that Revelations is really just a guideline.
1203,3245,1,9,65,75,1.1466666666666667,0.045295161459604626,620,"You know, if he just stops whacking it, it'll crack open on its own."
1114,3245,2,7,66,75,1.1466666666666667,0.049112238922818546,620,You should have seen all his whiffs before he finally destroyed Pluto.
1058,3245,3,5,67,75,1.1466666666666667,0.05265332251978381,620,"Since the “bots” were discovered, he’s developing other ways to discombobulate the West."
1056,3245,2,7,66,75,1.1466666666666667,0.049112238922818546,620,I bet he'd hit if he tried counter clockwise.
953,3245,2,7,66,75,1.1466666666666667,0.049112238922818546,620,"They're bringing drugs.  They're bringing crime.  They're rapists.  And some, I assume, can hit the piñata."
930,3245,1,9,65,75,1.1466666666666667,0.045295161459604626,620,Why not swing away? I hear it's wrecked already.
877,3245,2,7,66,75,1.1466666666666667,0.049112238922818546,620,"Two thousand years ago, who'd a thought...?"
876,3245,3,5,67,75,1.1466666666666667,0.05265332251978381,620,That’ll cause a nor’easter.
868,3245,3,5,67,75,1.1466666666666667,0.05265332251978381,620,"The prize is to “Make the world great again, by swinging a big stick”"
738,3245,1,9,65,75,1.1466666666666667,0.045295161459604626,620,"On the other hand, I can't wait to see my kids again."
722,3245,2,7,66,75,1.1466666666666667,0.049112238922818546,620,You sure Trump approved his favorite selfie for the pinata
613,3245,2,7,66,75,1.1466666666666667,0.049112238922818546,620,It's filled with radioactive Armegeddon.
611,3245,1,9,65,75,1.1466666666666667,0.045295161459604626,620,"So, not even worth putting on E-bay?"
593,3245,3,5,67,75,1.1466666666666667,0.05265332251978381,620,He needs to shorten up on his backswing.
1267,3245,3,5,67,75,1.1466666666666667,0.05265332251978381,620,"That’s a great hit except that the Earth is rotating around us, isn’t it?"
577,3245,3,5,67,75,1.1466666666666667,0.05265332251978381,620,Nice try. Now it's Trump's turn.
554,3245,2,7,66,75,1.1466666666666667,0.049112238922818546,620,Are you sure the goodies are on the inside?
528,3245,3,5,67,75,1.1466666666666667,0.05265332251978381,620,He''ll keep missing as long as he doesn't ground himself and stops swinging for the stars.
517,3245,3,5,67,75,1.1466666666666667,0.05265332251978381,620,"Its bit irreverent, but when you're the Angel of Death, you gotta liven up the mass killing some times."
460,3245,1,9,65,75,1.1466666666666667,0.045295161459604626,620,He's been dying to know what's inside!
438,3245,4,3,68,75,1.1466666666666667,0.055970820368587894,620,We've gone from  Angels in the Outfield to Batting.
429,3245,1,9,65,75,1.1466666666666667,0.045295161459604626,620,"If there were a God, there’s no way he would let this happen."
306,3245,2,7,66,75,1.1466666666666667,0.049112238922818546,620,"We've smacked it hard twice, a third time should do tbe trick."
244,3245,2,7,66,75,1.1466666666666667,0.049112238922818546,620,How come Lucifer always gets to go first?
240,3245,2,7,66,75,1.1466666666666667,0.049112238922818546,620,Even back when he was playing for the Mets he always struggled with the curveball.
2882,3245,1,9,65,75,1.1466666666666667,0.045295161459604626,620,"For some reason, people really seem to prefer the stork narrative."
112,3245,2,7,66,75,1.1466666666666667,0.049112238922818546,620,I wonder if they're using a similar one in hell?
72,3245,2,7,66,75,1.1466666666666667,0.049112238922818546,620,"In life, he was counselor to Trump on Korea"
13,3245,3,5,67,75,1.1466666666666667,0.05265332251978381,620,It's the next best thing to revenge porn.
11,3245,1,9,65,75,1.1466666666666667,0.045295161459604626,620,He hit the whole world with his bat
565,3245,3,5,67,75,1.1466666666666667,0.05265332251978381,620,"What happens if he hits it?
Don't worry, we have a whole room full of them so you will get a chance too"
1409,3245,2,7,66,75,1.1466666666666667,0.049112238922818546,620,He will make the earth great again.
188,3245,2,7,66,75,1.1466666666666667,0.049112238922818546,620,"Another one of His failed projects, I don't know why He wasted his time."
1456,3245,2,7,66,75,1.1466666666666667,0.049112238922818546,620,This is another caption
1426,3245,2,7,66,75,1.1466666666666667,0.049112238922818546,620,They play it for real down there.
2829,3245,2,7,66,75,1.1466666666666667,0.049112238922818546,620,"A single hit will totally destroy it. But don't worry, only a few will make it up here."
2780,3245,3,5,67,75,1.1466666666666667,0.05265332251978381,620,I think the sweets have more of a plastic taste than before.”
2704,3245,2,7,66,75,1.1466666666666667,0.049112238922818546,620,"If he were aiming for the northern hemisphere, would he have to hit righty?"
2663,3245,3,5,67,75,1.1466666666666667,0.05265332251978381,620,They were expecting an asteroid anyway.
2650,3245,1,9,65,75,1.1466666666666667,0.045295161459604626,620,At this rate we’ll never find out what’s inside.
2590,3245,2,7,66,75,1.1466666666666667,0.049112238922818546,620,She's very sensitive below the equator.
2570,3245,1,9,65,75,1.1466666666666667,0.045295161459604626,620,"It just takes one Big Bang, Gabbie!"
2553,3245,3,5,67,75,1.1466666666666667,0.05265332251978381,620,I'm auditioning for the Better Angels tomorrow. You in?
2519,3245,2,7,66,75,1.1466666666666667,0.049112238922818546,620,Have you seen the ones made to look like Trump?
2428,3245,2,7,66,75,1.1466666666666667,0.049112238922818546,620,You get extra points if the glaciers break first
2371,3245,2,7,66,75,1.1466666666666667,0.049112238922818546,620,We got it from the Dollar Tree of Life.
2365,3245,0,11,64,75,1.1466666666666667,0.04112531205098986,620,This always happens when He rests on the seventh day.
2323,3245,1,9,65,75,1.1466666666666667,0.045295161459604626,620,"Sure,party planning isn't so bad when you have the whole world at your disposal."
2307,3245,2,7,66,75,1.1466666666666667,0.049112238922818546,620,So you're telling me it's not even full of candy...
2769,3245,3,5,67,75,1.1466666666666667,0.05265332251978381,620,We stuffed it with God's children.
2264,3245,0,11,64,75,1.1466666666666667,0.04112531205098986,620,San Andreas always tries to hit the same sweet spot.
2281,3245,2,7,66,75,1.1466666666666667,0.049112238922818546,620,Those Mexican angels treat the world like it's one big piñata.
1487,3245,2,7,66,75,1.1466666666666667,0.049112238922818546,620,How many chances will we get before unknown forces destroy the universe.
1619,3245,3,5,67,75,1.1466666666666667,0.05265332251978381,620,"Christ,what an asshole"
1646,3245,3,5,67,75,1.1466666666666667,0.05265332251978381,620,I don't think the big guy would appreciate our idea of fun.
1709,3245,1,9,65,75,1.1466666666666667,0.045295161459604626,620,"I know, but trump got elected."
1714,3245,2,7,66,75,1.1466666666666667,0.049112238922818546,620,"If he can't smash it, we'll call Trump."
1618,3245,1,9,65,75,1.1466666666666667,0.045295161459604626,620,"Sigh, here comes another natural disaster due to another over-served angel at an office party."
2069,3245,0,11,64,75,1.1466666666666667,0.04112531205098986,620,"We may not know the day nor the hour, but I really thought we would have at least grazed it by now."
2039,3245,2,7,66,75,1.1466666666666667,0.049112238922818546,620,Grudge Match.
2183,3245,2,7,66,75,1.1466666666666667,0.049112238922818546,620,I don’t think this is what Roma Downey had in mind.
1483,3245,3,5,67,75,1.1466666666666667,0.05265332251978381,620,"The last time we partied, he knocked the atmosphere off of Mars."
2128,3245,3,5,67,75,1.1466666666666667,0.05265332251978381,620,He's Donald Trump's guardian angel.
2086,3245,2,7,66,75,1.1466666666666667,0.049112238922818546,620,"He says that there's a time for every purpose, and that he hopes there's candy in there."
2136,3245,2,7,66,75,1.1466666666666667,0.049112238922818546,620,He got drafted by the LA Angels but never made it
3584,3380,1,9,66,76,1.144736842105263,0.044736842105263165,620,Just let him take the blindfold off already
3219,3380,2,7,67,76,1.144736842105263,0.048500126129049435,620,Is it really Gabriel’s birthday? Again?
3571,3380,2,7,67,76,1.144736842105263,0.048500126129049435,620,This guy couldn't hit the broad side of Uranus.
3528,3380,3,5,68,76,1.144736842105263,0.0519917246060963,620,Looks like we got off just in time.
3443,3380,1,9,66,76,1.144736842105263,0.044736842105263165,620,I thought God promised never to do this again.
3438,3380,3,5,68,76,1.144736842105263,0.0519917246060963,620,"Another Flat Earth demonstration, huh?"
3686,3380,2,7,67,76,1.144736842105263,0.048500126129049435,620,I don't think the Big Guy is going to be happy about this little fiesta.
3411,3380,1,9,66,76,1.144736842105263,0.044736842105263165,620,Let the angels swing! It is that time of year again.
3393,3380,3,5,68,76,1.144736842105263,0.0519917246060963,620,That'll shake 'em up a bit.
3376,3380,1,9,66,76,1.144736842105263,0.044736842105263165,620,I don’t think we’re going to like what falls out of that piñata.
3287,3380,1,9,66,76,1.144736842105263,0.044736842105263165,620,"In the beginning, God created the heavens, who then destroyed the Earth."
3447,3380,1,9,66,76,1.144736842105263,0.044736842105263165,620,I guess that's one way to get more people to come.
2973,3380,1,9,66,76,1.144736842105263,0.044736842105263165,620,It's called Trumpinata
3105,3380,2,7,67,76,1.144736842105263,0.048500126129049435,620,Isn’t anyone worried about another volcano?
3064,3380,3,5,68,76,1.144736842105263,0.0519917246060963,620,It will be a big bang no doubt
3040,3380,3,5,68,76,1.144736842105263,0.0519917246060963,620,"All Latinos go to heaven, Mr. Trump"
3027,3380,3,5,68,76,1.144736842105263,0.0519917246060963,620,"This is why Gabriel shouldn't drink tequila."""
3024,3380,1,9,66,76,1.144736842105263,0.044736842105263165,620,When do we tell him there's no candy inside
2860,3380,2,7,67,76,1.144736842105263,0.048500126129049435,620,Maybe this global warming thing is a hoax after all...
2787,3380,3,5,68,76,1.144736842105263,0.0519917246060963,620,"God said to put it out of its misery, so we're going to find out what's inside."
2665,3380,1,9,66,76,1.144736842105263,0.044736842105263165,620,"Jeez, I thought you said he was a career .391 with the Red Sox?"
2659,3380,2,7,67,76,1.144736842105263,0.048500126129049435,620,I didn’t think the last judgment would be like this!
2559,3380,1,9,66,76,1.144736842105263,0.044736842105263165,620,Up here you only get two strikes.
3794,3380,1,9,66,76,1.144736842105263,0.044736842105263165,620,Who said he could do that?
4946,3380,1,9,66,76,1.144736842105263,0.044736842105263165,620,Let's see how he reacts when he finds out it's filled with magma instead of candy.
3141,3380,2,7,67,76,1.144736842105263,0.048500126129049435,620,"When you're that good, you can beat the world without looking!"
3806,3380,1,9,66,76,1.144736842105263,0.044736842105263165,620,He aimed for the moon.
4140,3380,1,9,66,76,1.144736842105263,0.044736842105263165,620,It's Scott Pruitt. He says he missed a few glaciers in 2018.
3880,3380,1,9,66,76,1.144736842105263,0.044736842105263165,620,Your turn.  Dizzy?
2557,3380,2,7,67,76,1.144736842105263,0.048500126129049435,620,"It could be worse. I heard that in the other place, you have to swing a pencil."
4714,3380,2,7,67,76,1.144736842105263,0.048500126129049435,620,What 'til Donnie gets here.
4809,3380,2,7,67,76,1.144736842105263,0.048500126129049435,620,"Before he joined us, he batted clean up for the Mets."
4703,3380,2,7,67,76,1.144736842105263,0.048500126129049435,620,Next we're gonna play pin the tail on Neptune.
4557,3380,4,3,69,76,1.144736842105263,0.05526315789473685,620,These are indiscriminate blessings for the peacefully impaired.
4541,3380,0,11,65,76,1.144736842105263,0.04062644272599794,620,Does God have a policy on immigration?
4531,3380,2,7,67,76,1.144736842105263,0.048500126129049435,620,It's not an asteroid but maybe it'll get their attention.
4501,3380,1,9,66,76,1.144736842105263,0.044736842105263165,620,"Who do we think we are, trying to change the orbit?"
4422,3380,2,7,67,76,1.144736842105263,0.048500126129049435,620,"Well, he's no Mike Trout."
4376,3380,3,5,68,76,1.144736842105263,0.0519917246060963,620,On earth they call it climate change
4278,3380,1,9,66,76,1.144736842105263,0.044736842105263165,620,"' W are wittnesing the growing flaws in the admission process"""
4263,3380,1,9,66,76,1.144736842105263,0.044736842105263165,620,This should be interesting... I just read that the core is hotter than the sun.
3819,3380,2,7,67,76,1.144736842105263,0.048500126129049435,620,Do you think we should tell him he could destroy the boss's favorite toy?
4175,3380,2,7,67,76,1.144736842105263,0.048500126129049435,620,"We know one thing, Trump and Sessions won't be dropping in."
4062,3380,2,7,67,76,1.144736842105263,0.048500126129049435,620,He's pretending to be that fat guy with the orange hair.
4055,3380,0,11,65,76,1.144736842105263,0.04062644272599794,620,"Trust me, he is going to be disapointed to see what's inside!"
4048,3380,2,7,67,76,1.144736842105263,0.048500126129049435,620,It is quite obvious who this guardian angel is assigned to.
4039,3380,2,7,67,76,1.144736842105263,0.048500126129049435,620,"|""If he breaks it, everyone on Earth will know that global warming is real."""
3993,3380,2,7,67,76,1.144736842105263,0.048500126129049435,620,"Where did you hide the Cherubim, dear?"
3980,3380,2,7,67,76,1.144736842105263,0.048500126129049435,620,"After the Old Testament was released, the boss instructed us to raise the level of difficulty."
3974,3380,2,7,67,76,1.144736842105263,0.048500126129049435,620,Isn't he supposed to be the one they call the 'Arc Angel'?
3954,3380,1,9,66,76,1.144736842105263,0.044736842105263165,620,"Well, that’s one way to fix the population problem"
3933,3380,2,7,67,76,1.144736842105263,0.048500126129049435,620,"OK, he's been swinging for four billion years.  Time to take off the blindfold."
3916,3380,2,7,67,76,1.144736842105263,0.048500126129049435,620,Hope he doesn't hit California. My best buddy Frank lives there.
3902,3380,1,9,66,76,1.144736842105263,0.044736842105263165,620,He  thinks this is the solution.
3899,3380,3,5,68,76,1.144736842105263,0.0519917246060963,620,Since Trump arrived He has decreed that we try to hat him away.
4124,3380,2,7,67,76,1.144736842105263,0.048500126129049435,620,And to think he won pin the tale of the fake moon landing.
2510,3380,2,7,67,76,1.144736842105263,0.048500126129049435,620,He's never really recovered from being assigned years ago to watch over the young Donald.
2207,3380,2,7,67,76,1.144736842105263,0.048500126129049435,620,A swing and a mishap !
2214,3380,3,5,68,76,1.144736842105263,0.0519917246060963,620,"'Use the force, Saint Luke!"""
1289,3380,3,5,68,76,1.144736842105263,0.0519917246060963,620,Cataclysmic!  They'll never know what hit them.
1252,3380,2,7,67,76,1.144736842105263,0.048500126129049435,620,"Take that, Trump!"
1183,3380,2,7,67,76,1.144736842105263,0.048500126129049435,620,I wonder what is inside?
1176,3380,2,7,67,76,1.144736842105263,0.048500126129049435,620,Post-Apocalypse piñata
1086,3380,1,9,66,76,1.144736842105263,0.044736842105263165,620,The prize inside?  Only way to get 'peace on earth.'
1030,3380,3,5,68,76,1.144736842105263,0.0519917246060963,620,If they only knew this is how the election was REALLY decided.
908,3380,1,9,66,76,1.144736842105263,0.044736842105263165,620,That's Agnes. She's taking over from Atlas for the next millennium
865,3380,2,7,67,76,1.144736842105263,0.048500126129049435,620,Worst de-nuclearization idea I've ever seen!
853,3380,1,9,66,76,1.144736842105263,0.044736842105263165,620,He will get it way out of the galaxy!
657,3380,2,7,67,76,1.144736842105263,0.048500126129049435,620,"God never gives you more than you can handle, but he sure knows how to delegate!"
559,3380,3,5,68,76,1.144736842105263,0.0519917246060963,620,At least he can't see the damage he's doing.
1297,3380,2,7,67,76,1.144736842105263,0.048500126129049435,620,..and most Americans thought their troubles were over when he died in office.
518,3380,1,9,66,76,1.144736842105263,0.044736842105263165,620,"'Now and then a tsunami; at worst, The Big One."""
483,3380,2,7,67,76,1.144736842105263,0.048500126129049435,620,This will complete the destruction that Trump started.
394,3380,3,5,68,76,1.144736842105263,0.0519917246060963,620,Do you remember what happened the last time we played this with Mars?
372,3380,1,9,66,76,1.144736842105263,0.044736842105263165,620,This is how we create earthquakes.
316,3380,1,9,66,76,1.144736842105263,0.044736842105263165,620,They elected him.
294,3380,2,7,67,76,1.144736842105263,0.048500126129049435,620,We may or may not have another great extinction.
291,3380,1,9,66,76,1.144736842105263,0.044736842105263165,620,Earthlings have it so wrong with their idea of the grim reaper.
186,3380,2,7,67,76,1.144736842105263,0.048500126129049435,620,They think we're their size.
165,3380,2,7,67,76,1.144736842105263,0.048500126129049435,620,This is NOT what I thought he meant when he asked “Who wants to play Stick-Ball?”
158,3380,1,9,66,76,1.144736842105263,0.044736842105263165,620,Everyone rebels against the creation of man in his or her own way.
147,3380,3,5,68,76,1.144736842105263,0.0519917246060963,620,When the lord puts the world in Trumps hands
2265,3380,3,5,68,76,1.144736842105263,0.0519917246060963,620,Take that all you unrepentent sinners.  This is my revenge for your wild ways.
500,3380,3,5,68,76,1.144736842105263,0.0519917246060963,620,Even young Putin is worried.
1314,3380,3,5,68,76,1.144736842105263,0.0519917246060963,620,"It may take eternity, but he'll connect sooner or later."
192,3380,1,9,66,76,1.144736842105263,0.044736842105263165,620,This was way less lame before Satan left.
1477,3380,2,7,67,76,1.144736842105263,0.048500126129049435,620,"We don’t break it apart, just tap it to decide the location of the next big catastrophe."
1365,3380,2,7,67,76,1.144736842105263,0.048500126129049435,620,So much for the disco dance era making a comeback.
2200,3380,1,9,66,76,1.144736842105263,0.044736842105263165,620,"I heard that if you win, you get global warming, pollution, and cats- all in one!"
2175,3380,1,9,66,76,1.144736842105263,0.044736842105263165,620,I'm excited to see what it's made of.
2154,3380,2,7,67,76,1.144736842105263,0.048500126129049435,620,What's the point if it's already beaten up?
2148,3380,2,7,67,76,1.144736842105263,0.048500126129049435,620,They call him the Shepherd Whisperer. Trains in both Old and New Testaments.
2142,3380,2,7,67,76,1.144736842105263,0.048500126129049435,620,You should watch him play pin the tail in the devil.
2028,3380,2,7,67,76,1.144736842105263,0.048500126129049435,620,I say we go back to pinning the tail on the donkey.
2015,3380,1,9,66,76,1.144736842105263,0.044736842105263165,620,Yes! five bilions years... i hope the candies are worth it
1994,3380,4,3,69,76,1.144736842105263,0.05526315789473685,620,When you've been here long enough your priorities start to shift.
1972,3380,1,9,66,76,1.144736842105263,0.044736842105263165,620,He really ought to stick with a right-handed swing.
1888,3380,2,7,67,76,1.144736842105263,0.048500126129049435,620,And when it busts open all the little plastic Jesus' pour out.
1887,3380,1,9,66,76,1.144736842105263,0.044736842105263165,620,"OK. Not with a bang, but a whimper."
2170,3380,1,9,66,76,1.144736842105263,0.044736842105263165,620,"Dale, dale, dale, no pierdas el mundo."
1868,3380,1,9,66,76,1.144736842105263,0.044736842105263165,620,"Rumoured to be full of sweets, you say?"
1818,3380,2,7,67,76,1.144736842105263,0.048500126129049435,620,"Give it a good whack, the entire globe is blindfolded to reality!"
1808,3380,0,11,65,76,1.144736842105263,0.04062644272599794,620,"It's like a piñata, see, only it just explodes in places."
1737,3380,1,9,66,76,1.144736842105263,0.044736842105263165,620,You wanted to know why volcanoes erupt where they do.
1719,3380,1,9,66,76,1.144736842105263,0.044736842105263165,620,Times like this make me miss candy.
1707,3380,0,11,65,76,1.144736842105263,0.04062644272599794,620,"I heard he led a virtuous life, but said ""I wouldn't miss it for all the world"" waaaayyyy too many times."
1504,3380,0,11,65,76,1.144736842105263,0.04062644272599794,620,"Doesn’t matter how hard you hit, nothing will ever come out."
1568,3380,2,7,67,76,1.144736842105263,0.048500126129049435,620,He never could hit.  Not even on his birthday.
1560,3380,1,9,66,76,1.144736842105263,0.044736842105263165,620,"Is he aware there's lava in there, not candy"
1885,3380,4,3,69,76,1.144736842105263,0.05526315789473685,620,"I'm all for new approaches, but I don't see this fixing anything."
1549,3380,2,7,67,76,1.144736842105263,0.048500126129049435,620,So this is what they look like up here?
1509,3380,2,7,67,76,1.144736842105263,0.048500126129049435,620,"If he connects, our cloud utilization efficiency will increase by a factor of 6 billion."
1919,3492,0,11,66,77,1.1428571428571428,0.04013939192492975,620,What the hell?
936,3492,2,7,68,77,1.1428571428571428,0.04790300390810151,620,Of course he has a good swing. He used to play for the Angels.
2061,3492,3,5,69,77,1.1428571428571428,0.05134648267484176,620,"It's our baseball -- if you can't hit, you get sent down."
3522,3495,1,8,63,72,1.1388888888888888,0.04556013565281042,620,"Floods, fires, pestilence, plagues.. The head office thought we could use a break.."
3079,3495,2,6,64,72,1.1388888888888888,0.04966852391033734,620,He's been saying for awhile how he can hit Guam.
3097,3495,1,8,63,72,1.1388888888888888,0.04556013565281042,620,That last one might of melted the polar caps.
3115,3495,1,8,63,72,1.1388888888888888,0.04556013565281042,620,Was this Trump's idea?
3127,3495,2,6,64,72,1.1388888888888888,0.04966852391033734,620,Should we tell him it’s full of lost dreams and broccoli?
3178,3495,2,6,64,72,1.1388888888888888,0.04966852391033734,620,"I know we're all God's ""children,"" but this is demeaning."
3190,3495,1,8,63,72,1.1388888888888888,0.04556013565281042,620,"Again?! This really takes a fallen angel, you know."
3218,3495,1,8,63,72,1.1388888888888888,0.04556013565281042,620,His accuracy has really improved over the past few years.
3489,3495,1,8,63,72,1.1388888888888888,0.04556013565281042,620,"You know, he hit Jesus with a horseshoe once..."
3242,3495,0,10,62,72,1.1388888888888888,0.04104253469235572,620,"It's ""He's got the whole world in his hands.""  Not at the end of a string."
3320,3495,1,8,63,72,1.1388888888888888,0.04556013565281042,620,"I told Lucifer if the boss finds out, this would be his third strike."
3379,3495,1,8,63,72,1.1388888888888888,0.04556013565281042,620,wait 'til next year...
3526,3495,1,8,63,72,1.1388888888888888,0.04556013565281042,620,I prefer pin the tail on the donkey.
3436,3495,1,8,63,72,1.1388888888888888,0.04556013565281042,620,"Meanwhile, in the head of Jeff Sessions"
3462,3495,2,6,64,72,1.1388888888888888,0.04966852391033734,620,I hope they prepped for this kind of pole shift
3475,3495,1,8,63,72,1.1388888888888888,0.04556013565281042,620,I didn't think we celebrated birthdays here.
3049,3495,1,8,63,72,1.1388888888888888,0.04556013565281042,620,"If you take the Goobers, I'll take the Dum Dums."
3291,3495,1,8,63,72,1.1388888888888888,0.04556013565281042,620,A wiff is still a wiff
3015,3495,2,6,64,72,1.1388888888888888,0.04966852391033734,620,I think he knows the contents are taxable.
2715,3495,2,6,64,72,1.1388888888888888,0.04966852391033734,620,For my birthday we're going to play pin the tail on the donkey.
3004,3495,2,6,64,72,1.1388888888888888,0.04966852391033734,620,It's all fun and games until someone knocks a galaxy out.
3527,3495,1,8,63,72,1.1388888888888888,0.04556013565281042,620,I hope Bob gets here soon with the piñata.
2596,3495,1,8,63,72,1.1388888888888888,0.04556013565281042,620,I told you to get one without nuts
2599,3495,1,8,63,72,1.1388888888888888,0.04556013565281042,620,"Whenever I ask why, he just says it‘ll “Make Heaven Great Again.”"
2616,3495,1,8,63,72,1.1388888888888888,0.04556013565281042,620,He only misses because he peeks--he's an earthophile.
2636,3495,1,8,63,72,1.1388888888888888,0.04556013565281042,620,"Touched by an angel. Fair enough, but in an OK way?"
2664,3495,2,6,64,72,1.1388888888888888,0.04966852391033734,620,There’s nothing of value in there anyways.
2746,3495,2,6,64,72,1.1388888888888888,0.04966852391033734,620,I don't think this will work. Besides I use to be a music critic.
2761,3495,1,8,63,72,1.1388888888888888,0.04556013565281042,620,Trumpster.  Thank god HE'S blindfolded.
3011,3495,1,8,63,72,1.1388888888888888,0.04556013565281042,620,"He was cut by the Dodgers, too."
2807,3495,1,8,63,72,1.1388888888888888,0.04556013565281042,620,How many tries should we give him before we tell him he’s got no chance of making Saint Peter’s team.
2819,3495,2,6,64,72,1.1388888888888888,0.04966852391033734,620,He’s always missed the world.
2824,3495,1,8,63,72,1.1388888888888888,0.04556013565281042,620,When they prayed for world peace he thought they said 'world sweets'
2868,3495,1,8,63,72,1.1388888888888888,0.04556013565281042,620,"Like evil, blind earth wiffle's impact on climate tests mortals' faith."
2911,3495,2,6,64,72,1.1388888888888888,0.04966852391033734,620,Do you think we'll get their attention now!
2923,3495,1,8,63,72,1.1388888888888888,0.04556013565281042,620,"That's what you call ""blind faith""."
2938,3495,1,8,63,72,1.1388888888888888,0.04556013565281042,620,Great follow-through!
2976,3495,1,8,63,72,1.1388888888888888,0.04556013565281042,620,Reach for the stars!
2986,3495,0,10,62,72,1.1388888888888888,0.04104253469235572,620,He’s got the best batting average for earthquakes.
2813,3495,3,4,65,72,1.1388888888888888,0.05346212279886589,620,It’s not working. Time to start over.
3529,3495,1,8,63,72,1.1388888888888888,0.04556013565281042,620,"What do you mean, there's no candy in it?"
4486,3495,1,8,63,72,1.1388888888888888,0.04556013565281042,620,Have you seen his soundproof phone booth yet?
3559,3495,1,8,63,72,1.1388888888888888,0.04556013565281042,620,Nor could he pin the tail on the donkey.
4319,3495,2,6,64,72,1.1388888888888888,0.04966852391033734,620,He's just not angel material!
4361,3495,2,6,64,72,1.1388888888888888,0.04966852391033734,620,"I hear there are some very tasty, pan-fried grey aliens with seasonal hyper-local greens available inside!"
4390,3495,2,6,64,72,1.1388888888888888,0.04966852391033734,620,Amazing what we do for a few lumps of coal.
2595,3495,2,6,64,72,1.1388888888888888,0.04966852391033734,620,It’s a piñata for the angel of Justice.
4512,3495,1,8,63,72,1.1388888888888888,0.04556013565281042,620,Last week he hit China and Canada.  Somehow we always miss Russia.
4528,3495,1,8,63,72,1.1388888888888888,0.04556013565281042,620,"He can walk on water,but couldn't hit it if he fell out of a boat."
4609,3495,3,4,65,72,1.1388888888888888,0.05346212279886589,620,He's wasting his time. The earthlings will destroy the pinata before he can crack it.
4660,3495,1,8,63,72,1.1388888888888888,0.04556013565281042,620,What do you mean you forgot to switch to candy?
4306,3495,1,8,63,72,1.1388888888888888,0.04556013565281042,620,Give 'em Hell!
4669,3495,1,8,63,72,1.1388888888888888,0.04556013565281042,620,We're about to be swamped with rapturees.
4686,3495,2,6,64,72,1.1388888888888888,0.04966852391033734,620,They say he's Satan's 'Fixer' . . . Too bad about NAFTA
4702,3495,1,8,63,72,1.1388888888888888,0.04556013565281042,620,"Well, that's one way to curb fossil fuel emissions."
4719,3495,2,6,64,72,1.1388888888888888,0.04966852391033734,620,"Well, who else's string would it be tied to?"
4789,3495,2,6,64,72,1.1388888888888888,0.04966852391033734,620,"Just wait.  After this, it’s pin the tail on the solar system."
4791,3495,2,6,64,72,1.1388888888888888,0.04966852391033734,620,"At some point, the pitch count becomes irrelevant."
4836,3495,1,8,63,72,1.1388888888888888,0.04556013565281042,620,If we him to the Padres he won't hit or steal a base.
4838,3495,2,6,64,72,1.1388888888888888,0.04966852391033734,620,"As above, so below!"
4889,3495,2,6,64,72,1.1388888888888888,0.04966852391033734,620,"He's the angel of the  Flat Earth Society."""
4684,3495,0,10,62,72,1.1388888888888888,0.04104253469235572,620,Hard to believe he hit .340 in purgatory.
3537,3495,2,6,64,72,1.1388888888888888,0.04966852391033734,620,He's the new global sales manager.
4294,3495,2,6,64,72,1.1388888888888888,0.04966852391033734,620,I'm going to miss our lava lamp.
4250,3495,1,8,63,72,1.1388888888888888,0.04556013565281042,620,"Next is ""pin the tail on the comet"""
3587,3495,1,8,63,72,1.1388888888888888,0.04556013565281042,620,We're trying to recruit more Hispanic angels.
3599,3495,1,8,63,72,1.1388888888888888,0.04556013565281042,620,Gabriel is going to make another ocean!
3704,3495,1,8,63,72,1.1388888888888888,0.04556013565281042,620,He's got the whole World Series in his hands! He's got the Whole World Series...
3746,3495,2,6,64,72,1.1388888888888888,0.04966852391033734,620,"I miss my piñata, too!"
3783,3495,2,6,64,72,1.1388888888888888,0.04966852391033734,620,This sure beats “pin the tail on the universe!”
3795,3495,2,6,64,72,1.1388888888888888,0.04966852391033734,620,"If he whiffs one more time, send in the designated-hitter."
3833,3495,2,6,64,72,1.1388888888888888,0.04966852391033734,620,"I hope there are ""Life Savours"" inside!"
3837,3495,1,8,63,72,1.1388888888888888,0.04556013565281042,620,Do you ever worry about asteroids?
4289,3495,1,8,63,72,1.1388888888888888,0.04556013565281042,620,When the world explodes things will be sweet for us. Or not.
3977,3495,3,4,65,72,1.1388888888888888,0.05346212279886589,620,Angels win the World Series!
4047,3495,1,8,63,72,1.1388888888888888,0.04556013565281042,620,How the heck did Scott Pruitt get his wings?
4079,3495,1,8,63,72,1.1388888888888888,0.04556013565281042,620,"Jesus, you’d think Raphael had outgrown smashing piñatas by now."
4138,3495,2,6,64,72,1.1388888888888888,0.04966852391033734,620,And the humans are worried about Trump.
4147,3495,1,8,63,72,1.1388888888888888,0.04556013565281042,620,The President is insisting that I let him have the next wack at it.
4179,3495,2,6,64,72,1.1388888888888888,0.04966852391033734,620,"And on the fourth day, God hit a piñata and made stars."
4183,3495,1,8,63,72,1.1388888888888888,0.04556013565281042,620,It was Mary's idea.
4207,3495,0,10,62,72,1.1388888888888888,0.04104253469235572,620,You'd think that after four and half billion years...
4228,3495,3,4,65,72,1.1388888888888888,0.05346212279886589,620,Well this is the bachelor party from hell.
4025,3495,2,6,64,72,1.1388888888888888,0.04966852391033734,620,"Just like the planet - minor league, baby."
2577,3495,2,6,64,72,1.1388888888888888,0.04966852391033734,620,"Alas, God thinks it's time..."
2561,3495,1,8,63,72,1.1388888888888888,0.04556013565281042,620,It’s positively seismic when he connects!
2568,3495,2,6,64,72,1.1388888888888888,0.04966852391033734,620,"She's aiming at D.C., since they're not heading our way."
571,3495,2,6,64,72,1.1388888888888888,0.04966852391033734,620,He loves to play piñatarmageddon!
667,3495,2,6,64,72,1.1388888888888888,0.04966852391033734,620,Talk about premature.  It's not even Pangaea yet.
790,3495,2,6,64,72,1.1388888888888888,0.04966852391033734,620,we call it the summit meeting game
831,3495,2,6,64,72,1.1388888888888888,0.04966852391033734,620,This is serious. I saw him point to the outfield.
848,3495,1,8,63,72,1.1388888888888888,0.04556013565281042,620,Thomas said he doubts he can hit it
915,3495,1,8,63,72,1.1388888888888888,0.04556013565281042,620,He can't bring himself to do it. Looks like it's up to  us young angels.
954,3495,2,6,64,72,1.1388888888888888,0.04966852391033734,620,No one has managed to hit it yet.
1033,3495,2,6,64,72,1.1388888888888888,0.04966852391033734,620,"Just a small earthquake, he says."
1062,3495,2,6,64,72,1.1388888888888888,0.04966852391033734,620,I thought they said it would end with a bang or a whimper.
1084,3495,0,10,62,72,1.1388888888888888,0.04104253469235572,620,Round Earth phenomenon is part of the deep-state conspiracy.
1134,3495,1,8,63,72,1.1388888888888888,0.04556013565281042,620,"""He always swings blindly when some Earthling ticks him off."""
1195,3495,1,8,63,72,1.1388888888888888,0.04556013565281042,620,We replaced hump day with Trump day.
1204,3495,1,8,63,72,1.1388888888888888,0.04556013565281042,620,What do you expect from an Ex-Met
1256,3495,2,6,64,72,1.1388888888888888,0.04966852391033734,620,Blind Justice had a better swing during the first millennium
1258,3495,4,2,66,72,1.1388888888888888,0.057003814617008576,620,"Don't *swing!* make *swing!* me *swing!swing!* come down there!! Now, shut up and go to *swingswingswingswing* bed!! YES, all of you!"
1278,3495,2,6,64,72,1.1388888888888888,0.04966852391033734,620,"Not to worry, he was a pitcher in the American League."
1416,3495,2,6,64,72,1.1388888888888888,0.04966852391033734,620,"If he'd gone with flat, we'd be at dinner right now."
558,3495,2,6,64,72,1.1388888888888888,0.04966852391033734,620,I don't think this is helping him feel The Force
1417,3495,1,8,63,72,1.1388888888888888,0.04556013565281042,620,Someone find this angel's motorcycle.
503,3495,1,8,63,72,1.1388888888888888,0.04556013565281042,620,He's just an ordinary angel doing what he sees as his job.
391,3495,2,6,64,72,1.1388888888888888,0.04966852391033734,620,He's hoping to destroy it before Trump does.
2,3495,2,6,64,72,1.1388888888888888,0.04966852391033734,620,"I suppose it's better than playing ""create, name, and then pin the tail on the donkey"" for the umpteenth time."
34,3495,2,6,64,72,1.1388888888888888,0.04966852391033734,620,These rapture parties are bitchin!
97,3495,1,8,63,72,1.1388888888888888,0.04556013565281042,620,The Designated Hitter rule is really destroying the purity of the game.
110,3495,2,6,64,72,1.1388888888888888,0.04966852391033734,620,There is no joy in Trumpville. Mighty Trumpy has struck out. Kill the Umpires!
140,3495,2,6,64,72,1.1388888888888888,0.04966852391033734,620,Who do you suppose will have to clean up this mess?
164,3495,3,4,65,72,1.1388888888888888,0.05346212279886589,620,"No matter how you slice it, he hooked it."
184,3495,2,6,64,72,1.1388888888888888,0.04966852391033734,620,"All who die, come here."
217,3495,2,6,64,72,1.1388888888888888,0.04966852391033734,620,Haven't they had enough hurricanes?
261,3495,2,6,64,72,1.1388888888888888,0.04966852391033734,620,You said this game is called Trump.
266,3495,2,6,64,72,1.1388888888888888,0.04966852391033734,620,He took lessons from Trump.
274,3495,1,8,63,72,1.1388888888888888,0.04556013565281042,620,"He made it to heaven, and he's still not satisfied?"
305,3495,2,6,64,72,1.1388888888888888,0.04966852391033734,620,I hear the cake is in the shape of Uranus.
310,3495,2,6,64,72,1.1388888888888888,0.04966852391033734,620,He used to play for the Mets.  He'll never hit it.
2576,3495,3,4,65,72,1.1388888888888888,0.05346212279886589,620,"That's a celestial swing,right there."
347,3495,1,8,63,72,1.1388888888888888,0.04556013565281042,620,"This game is way more intense, than bowling."
371,3495,1,8,63,72,1.1388888888888888,0.04556013565281042,620,The dinosaur gummies weren't very tasty last time.
377,3495,2,6,64,72,1.1388888888888888,0.04966852391033734,620,Remember when I had Pluto?
497,3495,1,8,63,72,1.1388888888888888,0.04556013565281042,620,Last time we did this little candy dinosaurs spilled out.
1432,3495,1,8,63,72,1.1388888888888888,0.04556013565281042,620,"And they think it's fossil fuels and manure that's causing climate change! And that hole in the ozone layer over Austrailia? Pretty obvious now, huh?"
343,3495,0,10,62,72,1.1388888888888888,0.04104253469235572,620,"With any luck, all the nuts will fall out."
1500,3495,1,8,63,72,1.1388888888888888,0.04556013565281042,620,Earthquake week.
2112,3495,1,8,63,72,1.1388888888888888,0.04556013565281042,620,God decided that Armageddon should be death by chocolate.
2115,3495,1,8,63,72,1.1388888888888888,0.04556013565281042,620,Just imagine The Donald's tweets right about now . . .
2127,3495,1,8,63,72,1.1388888888888888,0.04556013565281042,620,Last time he did this we lost all the dinosaurs.
2172,3495,1,8,63,72,1.1388888888888888,0.04556013565281042,620,He hollowed it out for us.
2206,3495,2,6,64,72,1.1388888888888888,0.04966852391033734,620,It's almost as if he's Trump.
2304,3495,1,8,63,72,1.1388888888888888,0.04556013565281042,620,He just whiffed back to the minors
2314,3495,2,6,64,72,1.1388888888888888,0.04966852391033734,620,I think those apocalyptic believers have gotten to him
2320,3495,2,6,64,72,1.1388888888888888,0.04966852391033734,620,Swingers shouldn't be allowed in heaven
2343,3495,1,8,63,72,1.1388888888888888,0.04556013565281042,620,"If he misses this one, it’s down to limbo for him."
2363,3495,1,8,63,72,1.1388888888888888,0.04556013565281042,620,"Every year at this time, we re-enact Armageddon."
2388,3495,2,6,64,72,1.1388888888888888,0.04966852391033734,620,"And to think, he used to play for the Angels."
2412,3495,3,4,65,72,1.1388888888888888,0.05346212279886589,620,At Michael's 100th birthday it was all dinosaurs!
2416,3495,3,4,65,72,1.1388888888888888,0.05346212279886589,620,He never could hit a change up.
2448,3495,1,8,63,72,1.1388888888888888,0.04556013565281042,620,"Launch angle is out of this world, but contact rate really sucks."
2513,3495,3,4,65,72,1.1388888888888888,0.05346212279886589,620,"Last time we did this, peas whirled out."
2523,3495,2,6,64,72,1.1388888888888888,0.04966852391033734,620,It helps pass the time.
1475,3495,0,10,62,72,1.1388888888888888,0.04104253469235572,620,He's no Mike Trout.
2054,3495,1,8,63,72,1.1388888888888888,0.04556013565281042,620,When did people on earth start to call us 'asteroids'?
2046,3495,1,8,63,72,1.1388888888888888,0.04556013565281042,620,"If he's so omniscient, why does he keep missing?"
2386,3495,2,6,64,72,1.1388888888888888,0.04966852391033734,620,I liked it better when we threw dice.
1917,3495,1,8,63,72,1.1388888888888888,0.04556013565281042,620,"It’s ok, he can’t hit the screwball"
1506,3495,1,8,63,72,1.1388888888888888,0.04556013565281042,620,Just having some fun before our horses arrive.
2044,3495,2,6,64,72,1.1388888888888888,0.04966852391033734,620,"Hang on a sec, I think Jesus is coming."
1565,3495,1,8,63,72,1.1388888888888888,0.04556013565281042,620,That's a hellacious swing.
1572,3495,2,6,64,72,1.1388888888888888,0.04966852391033734,620,Some people always want more.
1596,3495,1,8,63,72,1.1388888888888888,0.04556013565281042,620,my computer screen doesn't show the enire view so I can't
1603,3495,1,8,63,72,1.1388888888888888,0.04556013565281042,620,"What the hell, it works for Donald Trump..."
1611,3495,2,6,64,72,1.1388888888888888,0.04966852391033734,620,He can't hit the curve either.
1621,3495,1,8,63,72,1.1388888888888888,0.04556013565281042,620,It’s an Angels for Trump party game.
1595,3495,1,8,63,72,1.1388888888888888,0.04556013565281042,620,This will give a whole new meaning to climate change.....
1633,3495,3,4,65,72,1.1388888888888888,0.05346212279886589,620,"He'll get it, he's young... today he turns
4,221"
1791,3495,2,6,64,72,1.1388888888888888,0.04966852391033734,620,Every so often we'll lower it an inch or two but we're gonna wait this North Korea thing out.
1828,3495,1,8,63,72,1.1388888888888888,0.04556013565281042,620,Did I miss pin the tail on the Hale-Bopp Comet?
1875,3495,3,4,65,72,1.1388888888888888,0.05346212279886589,620,"When he misses, he wouldn't know what on Earth hit him!"
1890,3495,2,6,64,72,1.1388888888888888,0.04966852391033734,620,"Wait, God's coming."
1894,3495,2,6,64,72,1.1388888888888888,0.04966852391033734,620,"I would like to think it's full of candy, but I'm pretty sure nothing but IOU's will come spilling out."
1911,3495,2,6,64,72,1.1388888888888888,0.04966852391033734,620,Last year it was full of iPhones but the apple thing didn't go over well.
1632,3495,2,6,64,72,1.1388888888888888,0.04966852391033734,620,"In his previous life, he was employed as a fascist republican Pèpe twink"
1905,3495,2,6,64,72,1.1388888888888888,0.04966852391033734,620,I just hope the candy hasn't melted yet.
3267,3663,1,8,64,73,1.1369863013698631,0.04497195343285892,620,He needs to level out that swing.
3272,3663,2,6,65,73,1.1369863013698631,0.049020343729643576,620,Is this appropriation?
3305,3663,2,6,65,73,1.1369863013698631,0.049020343729643576,620,I pray we don’t have to play pin the tail on Satan after this.
3312,3663,2,6,65,73,1.1369863013698631,0.049020343729643576,620,...and the devil take the hindmost...
3435,3663,2,6,65,73,1.1369863013698631,0.049020343729643576,620,He thinks he's president of the United States.
3422,3663,1,8,64,73,1.1369863013698631,0.04497195343285892,620,You think this is in poor taste? You should see what they do in the other place.
3463,3663,1,8,64,73,1.1369863013698631,0.04497195343285892,620,The last time he hit it Twitter was invented.
3568,3663,1,8,64,73,1.1369863013698631,0.04497195343285892,620,It was flat until we filled it with candy.
3259,3663,2,6,65,73,1.1369863013698631,0.049020343729643576,620,We filled it with Republicans—should break any minute now.
3609,3663,1,8,64,73,1.1369863013698631,0.04497195343285892,620,I'm not cleaning up the glitter this time.
3378,3663,0,10,63,73,1.1369863013698631,0.04052109440479188,620,Don't worry. They are mostly in denial.
3119,3663,2,6,65,73,1.1369863013698631,0.049020343729643576,620,"If he misses the sixth, he has to rest"
2897,3663,3,4,66,73,1.1369863013698631,0.05275899547164996,620,"The Fundamentalist Weather Channel.
""Bunty with a 80% chance of a swing and a miss!"""
3035,3663,2,6,65,73,1.1369863013698631,0.049020343729643576,620,It just keeps orbiting
3006,3663,2,6,65,73,1.1369863013698631,0.049020343729643576,620,Ifs this supposed to be a metaphor?
3001,3663,2,6,65,73,1.1369863013698631,0.049020343729643576,620,Why do the Lefties always swing for the fences?
2988,3663,2,6,65,73,1.1369863013698631,0.049020343729643576,620,The trick is to hit it right on the fault line
2971,3663,1,8,64,73,1.1369863013698631,0.04497195343285892,620,Well that's gonna make the Mayan's look bad...
2915,3663,2,6,65,73,1.1369863013698631,0.049020343729643576,620,He's aiming for Anaheim.
2862,3663,1,8,64,73,1.1369863013698631,0.04497195343285892,620,Maybe he should try winging it?
2748,3663,3,4,66,73,1.1369863013698631,0.05275899547164996,620,"Some like it, some don’t.  But that’s what makes the world go round."
2594,3663,1,8,64,73,1.1369863013698631,0.04497195343285892,620,"Didn't you just have an ""End of the World"" party, too?"
2545,3663,1,8,64,73,1.1369863013698631,0.04497195343285892,620,"Hawai'i, Guatemala, what's next?"
3659,3663,2,6,65,73,1.1369863013698631,0.049020343729643576,620,Well...it would be easier to hit in a geocentric model.
3111,3663,2,6,65,73,1.1369863013698631,0.049020343729643576,620,The apocalypse is scheduled for cinco de mayo.
3681,3663,3,4,66,73,1.1369863013698631,0.05275899547164996,620,Even the president occasionally gets an answered prayer.
4372,3663,1,8,64,73,1.1369863013698631,0.04497195343285892,620,That one is a tough nut to crack
3707,3663,1,8,64,73,1.1369863013698631,0.04497195343285892,620,Full of poop emoji cookies. Why?
2437,3663,2,6,65,73,1.1369863013698631,0.049020343729643576,620,"Bless you for asking, first the pinata, then the margaritas."
4890,3663,2,6,65,73,1.1369863013698631,0.049020343729643576,620,"Some say there's candy inside, some say molten lava."
4932,3663,2,6,65,73,1.1369863013698631,0.049020343729643576,620,One more swing and we try the asteroid.
4883,3663,1,8,64,73,1.1369863013698631,0.04497195343285892,620,Things are so bad down there right now maybe we ought to let him take the blindfold off.
4880,3663,1,8,64,73,1.1369863013698631,0.04497195343285892,620,It should crack soon.
4666,3663,1,8,64,73,1.1369863013698631,0.04497195343285892,620,"That's DiMaggio. When he got here he said he could've done it all 
blindfolded.
He hasn't had a hit yet."
4400,3663,1,8,64,73,1.1369863013698631,0.04497195343285892,620,Is it me or is it getting warmer in here?
4314,3663,2,6,65,73,1.1369863013698631,0.049020343729643576,620,He’s been trying for over 4 eons – can we give him some help?
4277,3663,1,8,64,73,1.1369863013698631,0.04497195343285892,620,"Gees Bob, you still swing like a girl,"
4239,3663,1,8,64,73,1.1369863013698631,0.04497195343285892,620,It's our way of getting back at the world!!!
4226,3663,1,8,64,73,1.1369863013698631,0.04497195343285892,620,"Apparently he doesn't have divine guidance, after all"
3705,3663,2,6,65,73,1.1369863013698631,0.049020343729643576,620,"If he hits it, don't eat the candy, it's toxic."
4960,3663,2,6,65,73,1.1369863013698631,0.049020343729643576,620,He knocked Pluto out of the park.
4075,3663,1,8,64,73,1.1369863013698631,0.04497195343285892,620,Let’s pray their better angels show up soon.
3999,3663,1,8,64,73,1.1369863013698631,0.04497195343285892,620,I don't know guys.. was the world suppose to end this way?
3983,3663,2,6,65,73,1.1369863013698631,0.049020343729643576,620,It's his way of showing how much he misses the earth
3948,3663,2,6,65,73,1.1369863013698631,0.049020343729643576,620,The Force is not with him!
3936,3663,1,8,64,73,1.1369863013698631,0.04497195343285892,620,"Last time, He just sent plagues."
3924,3663,1,8,64,73,1.1369863013698631,0.04497195343285892,620,"When the humans find out this is how things happen, they will be pissed!"
3759,3663,1,8,64,73,1.1369863013698631,0.04497195343285892,620,Christopher Nolan with wings: If the piñata is round earth then is the stick flat earth ?!
3732,3663,1,8,64,73,1.1369863013698631,0.04497195343285892,620,We'd be out of here by now if he hadn't taken time to rest.
3721,3663,2,6,65,73,1.1369863013698631,0.049020343729643576,620,Why bother? It's full of disappointment.
3716,3663,2,6,65,73,1.1369863013698631,0.049020343729643576,620,"I dunno, it did take us six days to put it together."
3710,3663,1,8,64,73,1.1369863013698631,0.04497195343285892,620,We're down to the final four.
4114,3663,1,8,64,73,1.1369863013698631,0.04497195343285892,620,Kill him! Kill the umpire!
2425,3663,2,6,65,73,1.1369863013698631,0.049020343729643576,620,God must not be proud of this creation.
4118,3663,2,6,65,73,1.1369863013698631,0.049020343729643576,620,There are no angels in America today only imprisoned children!!!!!
2367,3663,1,8,64,73,1.1369863013698631,0.04497195343285892,620,"He's been standing there since the election. He's gonna swing any minute now, just wait."
1002,3663,2,6,65,73,1.1369863013698631,0.049020343729643576,620,"Don't get your hopes up, the Yankees'll pick him up by the trade deadline."
922,3663,1,8,64,73,1.1369863013698631,0.04497195343285892,620,Asteroid simulator.
899,3663,1,8,64,73,1.1369863013698631,0.04497195343285892,620,What's inside the trash bag?
822,3663,2,6,65,73,1.1369863013698631,0.049020343729643576,620,"No, candy won’t fly all over the place when he finally hits it. I’m afraid it will be more like the (blank)storm you keep hearing about."
802,3663,2,6,65,73,1.1369863013698631,0.049020343729643576,620,Not sure what's going to spill out but it's fun!
743,3663,1,8,64,73,1.1369863013698631,0.04497195343285892,620,"Last time at bat, Gabe knocked Pluto up Uranus."
637,3663,2,6,65,73,1.1369863013698631,0.049020343729643576,620,And they think an asteroid took out the dinosaurs.
584,3663,2,6,65,73,1.1369863013698631,0.049020343729643576,620,I hope he realizes that no candy comes out of this mess.
579,3663,2,6,65,73,1.1369863013698631,0.049020343729643576,620,Angelgeddon
556,3663,2,6,65,73,1.1369863013698631,0.049020343729643576,620,It's filled with McDonald hamburgers.
501,3663,1,8,64,73,1.1369863013698631,0.04497195343285892,620,"Are you going to tell him it's empty, or do I have to?"
443,3663,2,6,65,73,1.1369863013698631,0.049020343729643576,620,I think the host of this party has some issues.
396,3663,2,6,65,73,1.1369863013698631,0.049020343729643576,620,"Well, did they say WHY they weren't coming?"
341,3663,2,6,65,73,1.1369863013698631,0.049020343729643576,620,x
330,3663,2,6,65,73,1.1369863013698631,0.049020343729643576,620,He's an America Firster.
215,3663,0,10,63,73,1.1369863013698631,0.04052109440479188,620,This guy couldn't hit water if he fell out of a cloud...
139,3663,2,6,65,73,1.1369863013698631,0.049020343729643576,620,"He was on the N.Y, Mets"
107,3663,1,8,64,73,1.1369863013698631,0.04497195343285892,620,You think we should have gone with Pin the Tail?
102,3663,2,6,65,73,1.1369863013698631,0.049020343729643576,620,Sweetly swinging o'er the plains.
79,3663,2,6,65,73,1.1369863013698631,0.049020343729643576,620,So it wasn't an asteroid that killed the dinosaurs!
70,3663,2,6,65,73,1.1369863013698631,0.049020343729643576,620,He just wants to spread the blame.
28,3663,1,8,64,73,1.1369863013698631,0.04497195343285892,620,It's an election year.
2382,3663,1,8,64,73,1.1369863013698631,0.04497195343285892,620,"Take another swing, Mr. President."
1079,3663,2,6,65,73,1.1369863013698631,0.049020343729643576,620,"And there it is! North is south; east is west; up is down, all is a single swing."
1110,3663,2,6,65,73,1.1369863013698631,0.049020343729643576,620,"His wife is still down there, that's why."
52,3663,3,4,66,73,1.1369863013698631,0.05275899547164996,620,Blind faith
1120,3663,2,6,65,73,1.1369863013698631,0.049020343729643576,620,Will he succeed before Trump destroys the world?
1112,3663,2,6,65,73,1.1369863013698631,0.049020343729643576,620,It's beep baseball. After the earthquake you will hear a thunder.
2330,3663,1,8,64,73,1.1369863013698631,0.04497195343285892,620,Don't worry. Trump will fix this mess too.
2266,3663,1,8,64,73,1.1369863013698631,0.04497195343285892,620,I fear contamination.
2194,3663,1,8,64,73,1.1369863013698631,0.04497195343285892,620,Annnnnd the earthquale goes to...
1926,3663,2,6,65,73,1.1369863013698631,0.049020343729643576,620,If he ever connects there'll be shit to pay!
1846,3663,2,6,65,73,1.1369863013698631,0.049020343729643576,620,He’s been swinging since 1999.
1811,3663,2,6,65,73,1.1369863013698631,0.049020343729643576,620,"I bought it from some red-tied
person who insisted it was a bargain."
1810,3663,1,8,64,73,1.1369863013698631,0.04497195343285892,620,Make a wish.
1797,3663,1,8,64,73,1.1369863013698631,0.04497195343285892,620,I hear there's just a bunch of pieces of plastic inside.
1742,3663,1,8,64,73,1.1369863013698631,0.04497195343285892,620,this is supposed to help with global warming.
1738,3663,1,8,64,73,1.1369863013698631,0.04497195343285892,620,Anything but candy will come out of this.
1910,3663,2,6,65,73,1.1369863013698631,0.049020343729643576,620,All the prizes are plastic.
1521,3663,1,8,64,73,1.1369863013698631,0.04497195343285892,620,Supposedly it has a molten center.
1612,3663,0,10,63,73,1.1369863013698631,0.04052109440479188,620,And they think it's global warming.
1152,3663,3,4,66,73,1.1369863013698631,0.05275899547164996,620,This is one themed surprise party Scott Pruitt will never forget.
1214,3663,1,8,64,73,1.1369863013698631,0.04497195343285892,620,"Well, Mars has quieted down, hasn't it?"
1260,3663,1,8,64,73,1.1369863013698631,0.04497195343285892,620,The last time he hit the earth pinata those cute dinosaurs were killed.
1315,3663,2,6,65,73,1.1369863013698631,0.049020343729643576,620,"It's conceptual. The stick is tax cuts and the world is, um, cyber security."
1216,3663,1,8,64,73,1.1369863013698631,0.04497195343285892,620,He hit .149 lifetime for the Mets.
1316,3663,2,6,65,73,1.1369863013698631,0.049020343729643576,620,Carol from HR makes us do this once every 13.8 billion years.
1370,3663,1,8,64,73,1.1369863013698631,0.04497195343285892,620,Three strikes and he's back to purgatory
1430,3663,1,8,64,73,1.1369863013698631,0.04497195343285892,620,Maybe a little more weight on the back foot.
1494,3663,1,8,64,73,1.1369863013698631,0.04497195343285892,620,"'Long-ball' Lucifer, pre-fall"
1512,3663,1,8,64,73,1.1369863013698631,0.04497195343285892,620,Such a Shame! It was a real Pretty Planet!
1609,3770,1,8,65,74,1.135135135135135,0.044398669826762854,620,"It's the president's new idea regarding sex, politics, and religion."
168,3770,1,8,65,74,1.135135135135135,0.044398669826762854,620,Who knows if there's anything sweet inside.
290,3770,1,8,65,74,1.135135135135135,0.044398669826762854,620,Her aim is getting better
735,3770,2,6,66,74,1.135135135135135,0.04838879136051528,620,"After all, he's here because he never used steroids."
919,3770,1,8,65,74,1.135135135135135,0.044398669826762854,620,I hope pin the halo on the archangel is next!
1377,3770,2,6,66,74,1.135135135135135,0.04838879136051528,620,Hmmmm....the pendulum has started to swing the other way....hopefully back to common sense....
2376,3770,1,8,65,74,1.135135135135135,0.044398669826762854,620,The earth needs shaking up.
3328,3777,2,5,63,70,1.1285714285714286,0.04951704046747739,620,"What we hear is that they think it is 'global warming,' hee hee."
3304,3777,2,5,63,70,1.1285714285714286,0.04951704046747739,620,"That's Nemesis. The last time he played, there hadn't been an asteroid belt yet."
3351,3777,2,5,63,70,1.1285714285714286,0.04951704046747739,620,I hear this planet is mostly water.  The good one is shaped like a donkey.
3369,3777,1,7,62,70,1.1285714285714286,0.04514264748228169,620,He used to play for the old Washington Senators.
3382,3777,1,7,62,70,1.1285714285714286,0.04514264748228169,620,Does he know it's just full of lava?
3271,3777,2,5,63,70,1.1285714285714286,0.04951704046747739,620,Lkjgljygkjgckhgcjhgv
3331,3777,3,3,64,70,1.1285714285714286,0.053535184426749045,620,This one's only been hit on the backswing.
3229,3777,2,5,63,70,1.1285714285714286,0.04951704046747739,620,The stuff'll just fall through the clouds like always.
3144,3777,1,7,62,70,1.1285714285714286,0.04514264748228169,620,Trump says that's what neighbors are for.
3187,3777,1,7,62,70,1.1285714285714286,0.04514264748228169,620,"Man, another hurricane? I get that stick, and there’s gonna be an earthquake."
3179,3777,2,5,63,70,1.1285714285714286,0.04951704046747739,620,Tee Ball?  Pinata?  No matter; up here our wings and garb make us truely alike!
3166,3777,2,5,63,70,1.1285714285714286,0.04951704046747739,620,We're hoping to bring them together through an external threat
3162,3777,2,5,63,70,1.1285714285714286,0.04951704046747739,620,It's more fair when the earthquake epicenter's location is random.
3161,3777,2,5,63,70,1.1285714285714286,0.04951704046747739,620,Scott Pence says he wants to carry on the one thing that gave him greatest joy when he was alive.
3149,3777,1,7,62,70,1.1285714285714286,0.04514264748228169,620,I love the part when he finally smashes it and thousands of plastic bags fall out.
3400,3777,2,5,63,70,1.1285714285714286,0.04951704046747739,620,"President Trump clear favorite running up to the home-run for denuclearization of NK after the Trump-Kim summit. President Putin, Xi JinPing, and Shinzō Abe looks on."
3121,3777,2,5,63,70,1.1285714285714286,0.04951704046747739,620,As if Trump hasn't screwed up the world enough.
3194,3777,2,5,63,70,1.1285714285714286,0.04951704046747739,620,Just wait until the cloud levels will rise.
3419,3777,2,5,63,70,1.1285714285714286,0.04951704046747739,620,"When God plays, he cheats—he can see through the blindfold."
3748,3777,2,5,63,70,1.1285714285714286,0.04951704046747739,620,His deathday party last year was way better.
3452,3777,1,7,62,70,1.1285714285714286,0.04514264748228169,620,I never thought that the end of the world would be like this!
3106,3777,1,7,62,70,1.1285714285714286,0.04514264748228169,620,"Silly game. Give it enough time, and it explodes on its own."
3814,3777,2,5,63,70,1.1285714285714286,0.04951704046747739,620,Guy's got nothing on the Donald.
3809,3777,2,5,63,70,1.1285714285714286,0.04951704046747739,620,What's inside is pretty shitty.
3807,3777,1,7,62,70,1.1285714285714286,0.04514264748228169,620,"Peter strikes a worldly crack
piñata angels looking back
there’s seldom much if any time
when we reach the finish line"
3737,3777,3,3,64,70,1.1285714285714286,0.053535184426749045,620,"Si, Dios is getting big yucks yanking the string."
3730,3777,2,5,63,70,1.1285714285714286,0.04951704046747739,620,"No, his AIM is fine...it's his MEMORY that's off."
3693,3777,1,7,62,70,1.1285714285714286,0.04514264748228169,620,Was his lifetime average really .320 ?
3658,3777,1,7,62,70,1.1285714285714286,0.04514264748228169,620,"Blind faith or blind justice, which is it?

Tom Pilarzyk, Shorewood, Wi."
3650,3777,2,5,63,70,1.1285714285714286,0.04951704046747739,620,The hundred-year shot clock was too boring.
3628,3777,1,7,62,70,1.1285714285714286,0.04514264748228169,620,Reverse psychology
3560,3777,2,5,63,70,1.1285714285714286,0.04951704046747739,620,The big mood up here is Sinatra and non-renewable energy.
3549,3777,1,7,62,70,1.1285714285714286,0.04514264748228169,620,Aren't we supposed to be looking after the world? Not destroying it?
3519,3777,1,7,62,70,1.1285714285714286,0.04514264748228169,620,I have to agree with the current American president: They are nothing but ‘trouble’ – even here.
3498,3777,1,7,62,70,1.1285714285714286,0.04514264748228169,620,Guess he's not good after all.
3496,3777,1,7,62,70,1.1285714285714286,0.04514264748228169,620,"Piñata, shminata. Please stop imitating that fake leader."
3494,3777,2,5,63,70,1.1285714285714286,0.04951704046747739,620,"He's been at it for 6,000 years. Should we let him take the blindfold off?"
3479,3777,2,5,63,70,1.1285714285714286,0.04951704046747739,620,It is full of souls to save
3428,3777,2,5,63,70,1.1285714285714286,0.04951704046747739,620,I'm still a bit embarrassed for them that they haven't figured out that this is the cause of their global warming.
3089,3777,2,5,63,70,1.1285714285714286,0.04951704046747739,620,"He's been assigned to the Democrats and needs to practice keeping his ""eye on the ball"""
2676,3777,2,5,63,70,1.1285714285714286,0.04951704046747739,620,Where is the FAKE18 news team when you need them?
3083,3777,1,7,62,70,1.1285714285714286,0.04514264748228169,620,"If he manages to hit that thing, the population up here, and below, is going to soar."
2751,3777,2,5,63,70,1.1285714285714286,0.04951704046747739,620,Patient guys I’ll nail it soon
2734,3777,2,5,63,70,1.1285714285714286,0.04951704046747739,620,I hope they are ready for another earthquake
2709,3777,2,5,63,70,1.1285714285714286,0.04951704046747739,620,Judgement Day already?
2706,3777,2,5,63,70,1.1285714285714286,0.04951704046747739,620,What if I want to go to another planet?
2705,3777,2,5,63,70,1.1285714285714286,0.04951704046747739,620,Did he say he is going to “smote” or “smite”?
3817,3777,2,5,63,70,1.1285714285714286,0.04951704046747739,620,Scott Pruitt bats for the other team and they don't have to wear blindfolds.
2668,3777,1,7,62,70,1.1285714285714286,0.04514264748228169,620,Send for Mike trout
2651,3777,3,3,64,70,1.1285714285714286,0.053535184426749045,620,I tried to warn them about the rupture.
2642,3777,2,5,63,70,1.1285714285714286,0.04951704046747739,620,What did you expect? He can't very well keep his eye on the ball.
2628,3777,1,7,62,70,1.1285714285714286,0.04514264748228169,620,I hope he keeps missing... I don’t wanna be late for dinner.
2597,3777,1,7,62,70,1.1285714285714286,0.04514264748228169,620,We call this game ‘’ Aron’s the World”
2591,3777,2,5,63,70,1.1285714285714286,0.04951704046747739,620,"If you hit it hard enough, morsels of Devil's Food cake fall out."
2574,3777,1,7,62,70,1.1285714285714286,0.04514264748228169,620,Disposable art.
2565,3777,1,7,62,70,1.1285714285714286,0.04514264748228169,620,"Shh, he thinks its a paper donkey filled with candy."
2554,3777,1,7,62,70,1.1285714285714286,0.04514264748228169,620,"If he hits it in two swings, he gets to lead the heavenly hosts next Sunday."
2538,3777,1,7,62,70,1.1285714285714286,0.04514264748228169,620,Its  hard  to  tell  what  he wants  to  do.
2466,3777,2,5,63,70,1.1285714285714286,0.04951704046747739,620,No fair if you ask me...Gabriel is clearly peeking!
2772,3777,1,7,62,70,1.1285714285714286,0.04514264748228169,620,This is good timing. My doctor says I need to eat organic.
3088,3777,1,7,62,70,1.1285714285714286,0.04514264748228169,620,He’s totally peeking.
2788,3777,2,5,63,70,1.1285714285714286,0.04951704046747739,620,Is this really the new plan for starting earthquakes?
2816,3777,2,5,63,70,1.1285714285714286,0.04951704046747739,620,we ran out of piñatas ... so the we asked the devil
3065,3777,3,3,64,70,1.1285714285714286,0.053535184426749045,620,"If he hits it, get ready to grab the souls that fall out."
3059,3777,3,3,64,70,1.1285714285714286,0.053535184426749045,620,But I always thought The Donald had orange hair?
3057,3777,2,5,63,70,1.1285714285714286,0.04951704046747739,620,Careful! Remember what happened to the dinosaurs the last time we did this.
3054,3777,2,5,63,70,1.1285714285714286,0.04951704046747739,620,He was a huge Harold Arlen fan.
3047,3777,2,5,63,70,1.1285714285714286,0.04951704046747739,620,He's celebrating making Seraphim!
3037,3777,1,7,62,70,1.1285714285714286,0.04514264748228169,620,Is this really how the world will end?
3018,3777,1,7,62,70,1.1285714285714286,0.04514264748228169,620,I don't have the heart to tell him there's no candy inside.
3000,3777,1,7,62,70,1.1285714285714286,0.04514264748228169,620,They never know when to expect the next earthquake.
2974,3777,2,5,63,70,1.1285714285714286,0.04951704046747739,620,Pinata is boring. When can we dance on a needle?
2965,3777,1,7,62,70,1.1285714285714286,0.04514264748228169,620,God warned him. He wouldn't listen.
2951,3777,1,7,62,70,1.1285714285714286,0.04514264748228169,620,The chocolate is always melted in these  ones.  It’s hellish.
2944,3777,2,5,63,70,1.1285714285714286,0.04951704046747739,620,When Gabe’s “Surprise Bash” took a turn for the worst.
2844,3777,2,5,63,70,1.1285714285714286,0.04951704046747739,620,I'm just hoping for gluten-free
2842,3777,2,5,63,70,1.1285714285714286,0.04951704046747739,620,"We figured, ""Doesn't make much difference..."""
2841,3777,1,7,62,70,1.1285714285714286,0.04514264748228169,620,"She's whacked D.C. twice already, I think she's peeking."
2834,3777,2,5,63,70,1.1285714285714286,0.04951704046747739,620,"Let us pray
- for those who prey and blindly destroy God's creation through climate change! Holier than thou, they know not what they do."
2833,3777,3,3,64,70,1.1285714285714286,0.053535184426749045,620,"I don't think that the traditional angels like that the seeds in there are all Monsanto, but they do like the use of the pinata for religious purposes again."
2809,3777,2,5,63,70,1.1285714285714286,0.04951704046747739,620,Gabe is 0 for 4 but the jet stream is back on track.
3825,3777,1,7,62,70,1.1285714285714286,0.04514264748228169,620,"Yeah, I'm pretty sure it's got a candy core"
4315,3777,2,5,63,70,1.1285714285714286,0.04951704046747739,620,And that's how the world ended.
3860,3777,1,7,62,70,1.1285714285714286,0.04514264748228169,620,"He's a switch hitter, but he hits better from the right side."
4754,3777,1,7,62,70,1.1285714285714286,0.04514264748228169,620,"If this is what's causing climate change,  what happens when she hits|?"
4746,3777,0,9,61,70,1.1285714285714286,0.04029615300200892,620,"Ironic that his birthday is also Earth Day."""
4716,3777,1,7,62,70,1.1285714285714286,0.04514264748228169,620,He was just called up from the triple-A Dominions.
4707,3777,2,5,63,70,1.1285714285714286,0.04951704046747739,620,I've never actually seen anyone break the darn thing. That was one of those earthly pleasures they don't have here.
4688,3777,2,5,63,70,1.1285714285714286,0.04951704046747739,620,Worst free agent we ever signed.
4677,3777,1,7,62,70,1.1285714285714286,0.04514264748228169,620,And WE'RE supposed to be Scott Pruitt's Good Angels.
4665,3777,2,5,63,70,1.1285714285714286,0.04951704046747739,620,"I agree, but it's a hell of a lot more fun than ""Pin the Tail on Uranus."""
4656,3777,1,7,62,70,1.1285714285714286,0.04514264748228169,620,"....ooohh, a swing and a miss...strike 3!  And that'll retire the side..."
4648,3777,2,5,63,70,1.1285714285714286,0.04951704046747739,620,He never got over being cut by the Angels!
4646,3777,2,5,63,70,1.1285714285714286,0.04951704046747739,620,Every time he rings their bells—if you will—an administration official gets their scandal.
4644,3777,1,7,62,70,1.1285714285714286,0.04514264748228169,620,He used to be all about Gaia rights....
4617,3777,1,7,62,70,1.1285714285714286,0.04514264748228169,620,Ok. Third strike and he’s out.  Then it’s time for me to save that god forsaken place.
4607,3777,2,5,63,70,1.1285714285714286,0.04951704046747739,620,It’s called “Destroy Terra.”
4559,3777,2,5,63,70,1.1285714285714286,0.04951704046747739,620,This way you can attack the planet without seeing the damage.
4558,3777,1,7,62,70,1.1285714285714286,0.04514264748228169,620,They really shouldn't sweat asteroids.
4551,3777,1,7,62,70,1.1285714285714286,0.04514264748228169,620,It's time to take a break from bowling
4529,3777,2,5,63,70,1.1285714285714286,0.04951704046747739,620,"What, you thought tsunamis were caused by global warming?"
4780,3777,2,5,63,70,1.1285714285714286,0.04951704046747739,620,There’s not a snowball’s chance in hell he’ll hit it.
4519,3777,1,7,62,70,1.1285714285714286,0.04514264748228169,620,Baseball is not a timed sport. He'll play for an eternity.
4788,3777,2,5,63,70,1.1285714285714286,0.04951704046747739,620,For many years the prize is the latest iphone !
4808,3777,1,7,62,70,1.1285714285714286,0.04514264748228169,620,"We tried Saturn, but kept getting caught in the rings."
4973,3777,1,7,62,70,1.1285714285714286,0.04514264748228169,620,This is part of the new climate change policy.
4954,3777,2,5,63,70,1.1285714285714286,0.04951704046747739,620,I feel like a joke about The Earth being 6000 years old would be in bad taste with the present company.
4953,3777,2,5,63,70,1.1285714285714286,0.04951704046747739,620,"I said to him, why bother?  They're whacking themselves out of existence."
4928,3777,2,5,63,70,1.1285714285714286,0.04951704046747739,620,At least they don't have to worry about global warming anymore.
4905,3777,2,5,63,70,1.1285714285714286,0.04951704046747739,620,Is he trying to shake things up down there?
4904,3777,1,7,62,70,1.1285714285714286,0.04514264748228169,620,"Don't worry, he never makes contact."
4876,3777,1,7,62,70,1.1285714285714286,0.04514264748228169,620,It so happens he was born on Earth Day.
4855,3777,2,5,63,70,1.1285714285714286,0.04951704046747739,620,I hope it’s a mock world”
4853,3777,0,9,61,70,1.1285714285714286,0.04029615300200892,620,What is the world coming to?
4849,3777,1,7,62,70,1.1285714285714286,0.04514264748228169,620,Who made him responsible for climate change?
4843,3777,2,5,63,70,1.1285714285714286,0.04951704046747739,620,He calls it the Trump Thump-Dump.
4842,3777,1,7,62,70,1.1285714285714286,0.04514264748228169,620,You’ll stop contemplating the metaphor once we brawl over fun-size Snickers.
4837,3777,1,7,62,70,1.1285714285714286,0.04514264748228169,620,"Don’t worry, it’s about time the humans got theirs."
4834,3777,2,5,63,70,1.1285714285714286,0.04951704046747739,620,We’ve gotten some complaints that the Tropics have been targeted when the heavens open up...
4824,3777,2,5,63,70,1.1285714285714286,0.04951704046747739,620,"There, they call it divine retribution."
4820,3777,2,5,63,70,1.1285714285714286,0.04951704046747739,620,Are we the King's men who will put it back together again?
4818,3777,3,3,64,70,1.1285714285714286,0.053535184426749045,620,"Last time she hit it, they lost Dino."
4807,3777,2,5,63,70,1.1285714285714286,0.04951704046747739,620,He needs to choke up on the bat.
4517,3777,1,7,62,70,1.1285714285714286,0.04514264748228169,620,I thought we agreed that this would just be a yearly thing?
4484,3777,1,7,62,70,1.1285714285714286,0.04514264748228169,620,If he cracks it open we will finally know if Beelzebub or Lucifer rule Het
4478,3777,2,5,63,70,1.1285714285714286,0.04951704046747739,620,"So, we said, to Hell with touching."
4115,3777,2,5,63,70,1.1285714285714286,0.04951704046747739,620,We're hoping to make another Australia
4106,3777,2,5,63,70,1.1285714285714286,0.04951704046747739,620,It may be the only way to conquer the evil lurking below....
4093,3777,1,7,62,70,1.1285714285714286,0.04514264748228169,620,"Winging it won""t work"
4084,3777,0,9,61,70,1.1285714285714286,0.04029615300200892,620,He's trying to take a nonjudgmental swing at it.
4046,3777,0,9,61,70,1.1285714285714286,0.04029615300200892,620,Think he filled it with methane again?
4045,3777,1,7,62,70,1.1285714285714286,0.04514264748228169,620,"I don't know, but I'm sure it's not going to be candy."
4028,3777,2,5,63,70,1.1285714285714286,0.04951704046747739,620,His sweet tooth has definetly gone too far!
4022,3777,1,7,62,70,1.1285714285714286,0.04514264748228169,620,Atlas always hated the first day back from vacation.
4019,3777,1,7,62,70,1.1285714285714286,0.04514264748228169,620,Wait ‘til he finds out it’s full of stardust.
4017,3777,1,7,62,70,1.1285714285714286,0.04514264748228169,620,I hear he’s the patron saint of the 1899 Cleveland Spiders
3989,3777,1,7,62,70,1.1285714285714286,0.04514264748228169,620,He couldn't hit the ball for beans when he played for the Kansas City Royals.
3985,3777,1,7,62,70,1.1285714285714286,0.04514264748228169,620,"I feel like razzing him with a ‘ Hey, batter, hey batter, swing’.”"
3941,3777,1,7,62,70,1.1285714285714286,0.04514264748228169,620,"The good news is, it's almost cake time!"
3937,3777,1,7,62,70,1.1285714285714286,0.04514264748228169,620,"I don't think yelling ""Swing,Fool""  is allowed up here."
3907,3777,2,5,63,70,1.1285714285714286,0.04951704046747739,620,God wanted to spice things up a little since Noah.
3905,3777,2,5,63,70,1.1285714285714286,0.04951704046747739,620,Last week was really fun. She hit Pluto.
3872,3777,2,5,63,70,1.1285714285714286,0.04951704046747739,620,I just hope I don’t mix up Donald toupee for the cotton candy
4117,3777,2,5,63,70,1.1285714285714286,0.04951704046747739,620,Looks like Zeke is going to flunk his guardian angel exam.
4126,3777,2,5,63,70,1.1285714285714286,0.04951704046747739,620,Roland may have earned his wings too soon.
4132,3777,2,5,63,70,1.1285714285714286,0.04951704046747739,620,It's just speeding the destruction along.
4155,3777,1,7,62,70,1.1285714285714286,0.04514264748228169,620,He is being touted as a rookie phenom who can make a big splash without even looking.
4473,3777,0,9,61,70,1.1285714285714286,0.04029615300200892,620,At this rate he'll never hit the red roadster.
4439,3777,1,7,62,70,1.1285714285714286,0.04514264748228169,620,It'll end when he can see the nuclear weapons testing through his blindfold.
4435,3777,2,5,63,70,1.1285714285714286,0.04951704046747739,620,"So, what happens when we actually hit the pinata?"
4427,3777,1,7,62,70,1.1285714285714286,0.04514264748228169,620,Can we take another look at Franks file?
4414,3777,2,5,63,70,1.1285714285714286,0.04951704046747739,620,"He's a lousy hitter, but he's got a golden glove."
4398,3777,2,5,63,70,1.1285714285714286,0.04951704046747739,620,Are you sure it's marshmallow?
4375,3777,2,5,63,70,1.1285714285714286,0.04951704046747739,620,Trump’s talk with Kim pulled it up a few inches.
4358,3777,1,7,62,70,1.1285714285714286,0.04514264748228169,620,When “The Lord answered Job out of the whirlwind” he got things going
3855,3777,1,7,62,70,1.1285714285714286,0.04514264748228169,620,I hope that there are no apples in this piñata.
4346,3777,1,7,62,70,1.1285714285714286,0.04514264748228169,620,I heard that the US candy is all Sours. Just saying.
4316,3777,1,7,62,70,1.1285714285714286,0.04514264748228169,620,Let's start all over.
2462,3777,1,7,62,70,1.1285714285714286,0.04514264748228169,620,I hope God is off keto and it's not full of vegetables like it was last time.
4288,3777,2,5,63,70,1.1285714285714286,0.04951704046747739,620,His approach to world trade is rather Trumpian.
4274,3777,3,3,64,70,1.1285714285714286,0.053535184426749045,620,"It's hard being guardian angels, these days, and we don't have a dartboard for the back room."
4247,3777,2,5,63,70,1.1285714285714286,0.04951704046747739,620,"It's not his birthday, he just really misses the world."
4243,3777,3,3,64,70,1.1285714285714286,0.053535184426749045,620,He just got here and is showing his anger too much
4211,3777,2,5,63,70,1.1285714285714286,0.04951704046747739,620,"New guy is really trying to show off, huh?"
4166,3777,1,7,62,70,1.1285714285714286,0.04514264748228169,620,It's not as bad as global warming but it'll get more attention.
4331,3777,2,5,63,70,1.1285714285714286,0.04951704046747739,620,"He, with the west wing, smashes up the world while we all just stand by."
2442,3777,2,5,63,70,1.1285714285714286,0.04951704046747739,620,I prefer the Spongebob pinata.
3152,3777,2,5,63,70,1.1285714285714286,0.04951704046747739,620,keep going. It's getting warmer and warmer!
2408,3777,0,9,61,70,1.1285714285714286,0.04029615300200892,620,The next game is pin the tail on Uranus.
893,3777,1,7,62,70,1.1285714285714286,0.04514264748228169,620,"This one's for the Pennant, Gabriel."
881,3777,1,7,62,70,1.1285714285714286,0.04514264748228169,620,"Not even the greats here can bat 100, but it's still fun to watch."
870,3777,3,3,64,70,1.1285714285714286,0.053535184426749045,620,"No, it’s not like that - it’s packed with all kinds of souls."
839,3777,1,7,62,70,1.1285714285714286,0.04514264748228169,620,I'm just excited that he's a switch hitter.
836,3777,2,5,63,70,1.1285714285714286,0.04951704046747739,620,"About fucking time, dude."
834,3777,1,7,62,70,1.1285714285714286,0.04514264748228169,620,He'd better hope it's not red hot magma inside.
828,3777,0,9,61,70,1.1285714285714286,0.04029615300200892,620,I'm afraid what's going to come out of it.
821,3777,2,5,63,70,1.1285714285714286,0.04951704046747739,620,He picked it up on his recent trip to Cancun
819,3777,2,5,63,70,1.1285714285714286,0.04951704046747739,620,"Last time we used Uranus, it didn’t end well."
818,3777,2,5,63,70,1.1285714285714286,0.04951704046747739,620,Which country will he smash next?
803,3777,2,5,63,70,1.1285714285714286,0.04951704046747739,620,‘’This is where we take our BREAK!’
766,3777,1,7,62,70,1.1285714285714286,0.04514264748228169,620,We filled it with Trump steaks...
760,3777,2,5,63,70,1.1285714285714286,0.04951704046747739,620,The Permianth time's the charm.
727,3777,2,5,63,70,1.1285714285714286,0.04951704046747739,620,I hope the strikingly angelic eve on the mound/cloud 9 remains a hit that does not miss .
721,3777,0,9,61,70,1.1285714285714286,0.04029615300200892,620,Shouldn't that thing be flat?
719,3777,1,7,62,70,1.1285714285714286,0.04514264748228169,620,World piece is looking doubtful.
718,3777,2,5,63,70,1.1285714285714286,0.04951704046747739,620,Has anyone checked his credentials?
914,3777,1,7,62,70,1.1285714285714286,0.04514264748228169,620,"If he is peeking, you certainly wouldn’t know it."
712,3777,1,7,62,70,1.1285714285714286,0.04514264748228169,620,He and the Babe think they're quite funny.
924,3777,3,3,64,70,1.1285714285714286,0.053535184426749045,620,He’s the best Thoughts and Prayers player we’ve got.
948,3777,1,7,62,70,1.1285714285714286,0.04514264748228169,620,There was a time She had the whole world in Her hand.
1200,3777,2,5,63,70,1.1285714285714286,0.04951704046747739,620,"I may stand before you in six months and say, hey, I was wrong. I don't know that I'll ever admit that but I'll find some kind of excuse"""
1196,3777,2,5,63,70,1.1285714285714286,0.04951704046747739,620,"With all they’ve done to that planet, he’s not gonna want to win."
1162,3777,2,5,63,70,1.1285714285714286,0.04951704046747739,620,One of those swings is bound to connect. But I’m not sure we want to know what’s inside?
1138,3777,2,5,63,70,1.1285714285714286,0.04951704046747739,620,Hope this one isn't just full of garbage
1132,3777,2,5,63,70,1.1285714285714286,0.04951704046747739,620,God thought the earth could use a little R & R.
1123,3777,1,7,62,70,1.1285714285714286,0.04514264748228169,620,Think there's 29% candy in there?
1122,3777,2,5,63,70,1.1285714285714286,0.04951704046747739,620,Thank God it's not Pluto.
1111,3777,2,5,63,70,1.1285714285714286,0.04951704046747739,620,I hope he doesn’t hit you in the groin this time.
1099,3777,2,5,63,70,1.1285714285714286,0.04951704046747739,620,Whadda you think’s inside it?
1071,3777,1,7,62,70,1.1285714285714286,0.04514264748228169,620,Let's pray he  keeps missing this modern Pandora's box!
1029,3777,2,5,63,70,1.1285714285714286,0.04951704046747739,620,"I hear Washington has a guy could shatter that with one swing.""  ""You mean Harper?""   ""Nah, a guy named Trump."
1028,3777,1,7,62,70,1.1285714285714286,0.04514264748228169,620,"It's 'Justice"", not 'Justify'.  And it's T-ball, so Major League Rules don't apply.  She's allowed to be the DH."
1010,3777,2,5,63,70,1.1285714285714286,0.04951704046747739,620,Maybe this game is getting too real.
997,3777,2,5,63,70,1.1285714285714286,0.04951704046747739,620,"Every once in a while he actually hits it, and boy, do we get a rush then."
967,3777,2,5,63,70,1.1285714285714286,0.04951704046747739,620,"Why are we smiting it this time? 
Jeees, Who care anymore."
956,3777,1,7,62,70,1.1285714285714286,0.04514264748228169,620,"Hang on, they're on Auto"
949,3777,1,7,62,70,1.1285714285714286,0.04514264748228169,620,"Too bad Ty Cobb never made it up here. With his batting average, he wouldn't have missed."
946,3777,1,7,62,70,1.1285714285714286,0.04514264748228169,620,Bill is starting to remind me of Trump
1205,3777,2,5,63,70,1.1285714285714286,0.04951704046747739,620,And to think that he was drafted by the Yankees!
705,3777,2,5,63,70,1.1285714285714286,0.04951704046747739,620,"If he hits, we’ll just blame it on the nukes."
687,3777,1,7,62,70,1.1285714285714286,0.04514264748228169,620,The current EPA's not gonna know what hit 'em.
254,3777,1,7,62,70,1.1285714285714286,0.04514264748228169,620,Gabriel has a real flair for retribution.
246,3777,1,7,62,70,1.1285714285714286,0.04514264748228169,620,Last year we played pin the tail on the Devil.
243,3777,2,5,63,70,1.1285714285714286,0.04951704046747739,620,It just isn't as exciting when you're playing with house money.
225,3777,1,7,62,70,1.1285714285714286,0.04514264748228169,620,The people down there still think the core is just fire.
220,3777,1,7,62,70,1.1285714285714286,0.04514264748228169,620,Looks like he won't be getting that trip to Los Angeles anytime soon.
219,3777,1,7,62,70,1.1285714285714286,0.04514264748228169,620,And wait till the humans find out that the earth was flat after all.
218,3777,2,5,63,70,1.1285714285714286,0.04951704046747739,620,Yells stop your whining then swings.
208,3777,1,7,62,70,1.1285714285714286,0.04514264748228169,620,The prophecies say he succeeds in the next swing.
200,3777,1,7,62,70,1.1285714285714286,0.04514264748228169,620,Lucifer losing musical chairs set the bar for high stakes party games!
152,3777,2,5,63,70,1.1285714285714286,0.04951704046747739,620,"As a former world leader, who dissed everyone, he has no opportunity to make it here"
142,3777,1,7,62,70,1.1285714285714286,0.04514264748228169,620,They're calling it plate tectonics...
141,3777,2,5,63,70,1.1285714285714286,0.04951704046747739,620,I've heard he worked in the White House...
2421,3777,2,5,63,70,1.1285714285714286,0.04951704046747739,620,"Hmm...there may be something to this ""Trunp derangement syndrome"", after all."
119,3777,3,3,64,70,1.1285714285714286,0.053535184426749045,620,"That reminds me, you owe me $Infinity for the Trump candy inside."
82,3777,3,3,64,70,1.1285714285714286,0.053535184426749045,620,Another wild swing and a miss.  I thought God was all knowing and seeing?
49,3777,2,5,63,70,1.1285714285714286,0.04951704046747739,620,Kill them! KILL THEM ALL!!!
23,3777,1,7,62,70,1.1285714285714286,0.04514264748228169,620,At what point do we send him down?
256,3777,2,5,63,70,1.1285714285714286,0.04951704046747739,620,Do you think scientists will ever put the correct mechanism into their models?
693,3777,0,9,61,70,1.1285714285714286,0.04029615300200892,620,"Swing and a miss, strike one."
265,3777,2,5,63,70,1.1285714285714286,0.04951704046747739,620,"I prefer 'Pin the Ring on Saturn.'"""
284,3777,2,5,63,70,1.1285714285714286,0.04951704046747739,620,"We're playing ""Pin the Tail on the Comet"" next."
685,3777,1,7,62,70,1.1285714285714286,0.04514264748228169,620,Funny thing: he batted right-handed before we brought him up.
681,3777,2,5,63,70,1.1285714285714286,0.04951704046747739,620,Angel trumps  birthday!
679,3777,1,7,62,70,1.1285714285714286,0.04514264748228169,620,He was Robbie Williams.
639,3777,2,5,63,70,1.1285714285714286,0.04951704046747739,620,"Now it is your turn, please don’t miss..."
625,3777,3,3,64,70,1.1285714285714286,0.053535184426749045,620,It better be full of candy.
622,3777,1,7,62,70,1.1285714285714286,0.04514264748228169,620,"When he hits, the souls scatter everywhere."
619,3777,2,5,63,70,1.1285714285714286,0.04951704046747739,620,Doesn't he realize the candy will taste like dirt?
597,3777,1,7,62,70,1.1285714285714286,0.04514264748228169,620,These rapture parties are so boring!
563,3777,1,7,62,70,1.1285714285714286,0.04514264748228169,620,"Apparently, Justice is of Hispanic decent."
498,3777,3,3,64,70,1.1285714285714286,0.053535184426749045,620,For my birthday we did pin the tail on the comet.
492,3777,2,5,63,70,1.1285714285714286,0.04951704046747739,620,They let us each take a couple swings before He comes over and breaks it open.
486,3777,2,5,63,70,1.1285714285714286,0.04951704046747739,620,Not even close since he nicked Hawaii.
469,3777,1,7,62,70,1.1285714285714286,0.04514264748228169,620,I’m predicting there’ll be a Big Bang.
421,3777,3,3,64,70,1.1285714285714286,0.053535184426749045,620,Now I understand why humans like destroying their planet so much. I want to try it next!
420,3777,1,7,62,70,1.1285714285714286,0.04514264748228169,620,"He was sitting on a rainbow, started singing, and now this!"
410,3777,3,3,64,70,1.1285714285714286,0.053535184426749045,620,They were so worried about Global Warming that they never stopped to consider Global Whacking.
359,3777,1,7,62,70,1.1285714285714286,0.04514264748228169,620,It's a new game called 'Trumping.'
268,3777,1,7,62,70,1.1285714285714286,0.04514264748228169,620,It seems to be devilishly fun.
1228,3777,1,7,62,70,1.1285714285714286,0.04514264748228169,620,"Blessed are the weak, for they will inherit the earth."
128,3777,2,5,63,70,1.1285714285714286,0.04951704046747739,620,The candy core is a real jawbreaker.
1266,3777,2,5,63,70,1.1285714285714286,0.04951704046747739,620,It's how we deal with the enigma of eterity.
2150,3777,3,3,64,70,1.1285714285714286,0.053535184426749045,620,We call it the big bang theory
2125,3777,2,5,63,70,1.1285714285714286,0.04951704046747739,620,I hope we aren’t felled for this.
2124,3777,1,7,62,70,1.1285714285714286,0.04514264748228169,620,Archangels always show off on cherubim graduation day but this time it seems a bit personal
2105,3777,1,7,62,70,1.1285714285714286,0.04514264748228169,620,"If we were the tooth fairy, he could put more bite into the swing"""
2088,3777,2,5,63,70,1.1285714285714286,0.04951704046747739,620,He bet it all on Napoleon.
2084,3777,1,7,62,70,1.1285714285714286,0.04514264748228169,620,"I think this way, the warning about climate change becomes a little bit more apparent, don't you think"
2073,3777,2,5,63,70,1.1285714285714286,0.04951704046747739,620,We will see  what happens
2067,3777,1,7,62,70,1.1285714285714286,0.04514264748228169,620,That sure is an out of this world swing.
2060,3777,3,3,64,70,1.1285714285714286,0.053535184426749045,620,Los Angeles needs a better batter for the World Series.
2052,3777,1,7,62,70,1.1285714285714286,0.04514264748228169,620,"Geez, he just barely missed it that time..."
2022,3777,2,5,63,70,1.1285714285714286,0.04951704046747739,620,Why can't we just let them live in peace ?
2020,3777,1,7,62,70,1.1285714285714286,0.04514264748228169,620,I'm just saying that Global Warming is not just a matter of a-piñata.
2010,3777,2,5,63,70,1.1285714285714286,0.04951704046747739,620,Let’s give him one more term
2008,3777,1,7,62,70,1.1285714285714286,0.04514264748228169,620,Three strikes and we'll write your orbituary.
1992,3777,3,3,64,70,1.1285714285714286,0.053535184426749045,620,"With that launch-angle swing, no wonder they’re experiencing climate change."
1989,3777,1,7,62,70,1.1285714285714286,0.04514264748228169,620,"Goes to show you a left handed batter can""t even hit a ball the size of Earth"
1959,3777,2,5,63,70,1.1285714285714286,0.04951704046747739,620,Who’d have thought the hollow earth theorists were so close to being right?
2151,3777,2,5,63,70,1.1285714285714286,0.04951704046747739,620,"And then, after this, we get to play the rollicking new game of
‘Spin the Tale on the Politician’."
1958,3777,1,7,62,70,1.1285714285714286,0.04514264748228169,620,Ohh! A category 4 swing and a miss.
2169,3777,2,5,63,70,1.1285714285714286,0.04951704046747739,620,The Lord is so disappointed with Earthlings that he told Gabriel to stick-it-to them.
2196,3777,1,7,62,70,1.1285714285714286,0.04514264748228169,620,That is the same way he handled the global market on earth!
1262,3777,1,7,62,70,1.1285714285714286,0.04514264748228169,620,"It's a good gesture, but the Seraphim got a taco bar..."
2402,3777,2,5,63,70,1.1285714285714286,0.04951704046747739,620,"It really is the luckiest planet, that's like 10 hits so far, should of exploded by now."
2336,3777,1,7,62,70,1.1285714285714286,0.04514264748228169,620,This is more fun than Pin the Tail on the Deity
2327,3777,1,7,62,70,1.1285714285714286,0.04514264748228169,620,It's a fun way to acclimate newbies to our '3 strike' rule.
2322,3777,2,5,63,70,1.1285714285714286,0.04951704046747739,620,"In the current state of affairs, we’ve changed it to getting our swings."
2310,3777,3,3,64,70,1.1285714285714286,0.053535184426749045,620,"He was wretched in T Ball, but his last wishes were to redeem himself."
2298,3777,2,5,63,70,1.1285714285714286,0.04951704046747739,620,"One more strike and he goes down, so to speak."
2274,3777,2,5,63,70,1.1285714285714286,0.04951704046747739,620,One good whack in the Cancun region and we could could say 'good bye' to the dinosaurs.
2259,3777,2,5,63,70,1.1285714285714286,0.04951704046747739,620,"Should we tell him it's the World, he's about to smash?"
2258,3777,2,5,63,70,1.1285714285714286,0.04951704046747739,620,What in the world does he hope to find?
2255,3777,2,5,63,70,1.1285714285714286,0.04951704046747739,620,"I don't know why he keeps getting nominated for the Nobel Peace prize,  but he does!"
2253,3777,3,3,64,70,1.1285714285714286,0.053535184426749045,620,We're just practicing for the Kanye Presidency....
2230,3777,1,7,62,70,1.1285714285714286,0.04514264748228169,620,This will put earth on an even level with chance!
2224,3777,1,7,62,70,1.1285714285714286,0.04514264748228169,620,It's harder than Pin the Tail on the Serpent.
2216,3777,1,7,62,70,1.1285714285714286,0.04514264748228169,620,You should see the lefty!
2212,3777,3,3,64,70,1.1285714285714286,0.053535184426749045,620,"You know, he thinks its a piñata party!!!"
2203,3777,2,5,63,70,1.1285714285714286,0.04951704046747739,620,Every once in a while it spins out of orbit
2192,3777,0,9,61,70,1.1285714285714286,0.04029615300200892,620,"...and he claims he went pro."""
1947,3777,1,7,62,70,1.1285714285714286,0.04514264748228169,620,He said he used to play for the Angels. Now he’s our clean-up hitter.
2034,3777,1,7,62,70,1.1285714285714286,0.04514264748228169,620,He was with the Los Angeles Angels before the trade but obviously hecom
1921,3777,2,5,63,70,1.1285714285714286,0.04951704046747739,620,I thought he said soon?
1577,3777,1,7,62,70,1.1285714285714286,0.04514264748228169,620,Looks like God went cheap on the party decor this year. I heard last year there was a bouncy house.
1550,3777,0,9,61,70,1.1285714285714286,0.04029615300200892,620,It's RIGHT there. Now I know how his wife felt!
1525,3777,1,7,62,70,1.1285714285714286,0.04514264748228169,620,Hell of a pinyata.
1514,3777,1,7,62,70,1.1285714285714286,0.04514264748228169,620,What happened to pin the tail on the demon?
1473,3777,1,7,62,70,1.1285714285714286,0.04514264748228169,620,I think he might be causing climate change.
1444,3777,2,5,63,70,1.1285714285714286,0.04951704046747739,620,We've seen better.
1431,3777,1,7,62,70,1.1285714285714286,0.04514264748228169,620,"Yeah, I don't know what he thinks is left in there."
1945,3777,2,5,63,70,1.1285714285714286,0.04951704046747739,620,"You really don't think ""Muerteañera"" scans at least a little bit racist?"
1583,3777,1,7,62,70,1.1285714285714286,0.04514264748228169,620,It's bound to happen sooner or later.
1399,3777,1,7,62,70,1.1285714285714286,0.04514264748228169,620,"Assistant: ""about 7 and a half billion, so maybe a half a billion god-fearing Christians, perhaps of those, 70 percent could conceivably be accepted.""
Supervisor: ""OK, quickly go through the numbers, and figure if the fire code will allow it?"
1366,3777,2,5,63,70,1.1285714285714286,0.04951704046747739,620,Too bad the candy will fall straight through the cloud.
1357,3777,1,7,62,70,1.1285714285714286,0.04514264748228169,620,The magma and liquid iron inside this thing is a lot better than the humans that live on it.
1353,3777,1,7,62,70,1.1285714285714286,0.04514264748228169,620,I love Indian food
1346,3777,1,7,62,70,1.1285714285714286,0.04514264748228169,620,"Well, he WAS a chess player on Earth."
1330,3777,1,7,62,70,1.1285714285714286,0.04514264748228169,620,Looks like a Los Angeles Angel
1321,3777,1,7,62,70,1.1285714285714286,0.04514264748228169,620,Tootsie-rools and Sweet-tarts.  What are you hoping for?
1288,3777,1,7,62,70,1.1285714285714286,0.04514264748228169,620,It's now legal to bet on whack-a-mole sports. I'll give you 100 to 1 that he'll never hit it!
1280,3777,2,5,63,70,1.1285714285714286,0.04951704046747739,620,Sooner or later...
1386,3777,2,5,63,70,1.1285714285714286,0.04951704046747739,620,Someone get a video for Heaven's Funniest Home Videos.
1593,3777,2,5,63,70,1.1285714285714286,0.04951704046747739,620,Don’t know why he does this. He knows only crap is inside.
1418,3777,3,3,64,70,1.1285714285714286,0.053535184426749045,620,I hear that hell's party has beer.  Want to fall after Gabriel serves the sponge cake?
1606,3777,1,7,62,70,1.1285714285714286,0.04514264748228169,620,"The way he's hacking, this could take forever."
1920,3777,1,7,62,70,1.1285714285714286,0.04514264748228169,620,"Trump brags ""We killed the EPA !"""
1602,3777,1,7,62,70,1.1285714285714286,0.04514264748228169,620,Think he'll notice if it goes out of the park?
1895,3777,2,5,63,70,1.1285714285714286,0.04951704046747739,620,"He ain't got nothing, his PED supplier went to Hell"
1893,3777,2,5,63,70,1.1285714285714286,0.04951704046747739,620,Why are we culturally limited?!
1884,3777,2,5,63,70,1.1285714285714286,0.04951704046747739,620,"Then He said, we’ve got to make the world great again. Let’s do it this way this time, the odds will be better."
1840,3777,2,5,63,70,1.1285714285714286,0.04951704046747739,620,He was Trump's global affairs advisor!
1786,3777,1,7,62,70,1.1285714285714286,0.04514264748228169,620,10 dollars says he breaks the world
1785,3777,1,7,62,70,1.1285714285714286,0.04514264748228169,620,the Doomsday Clock got knocked back an hour
1864,3777,1,7,62,70,1.1285714285714286,0.04514264748228169,620,Took me an hour to explain to him he had to swing the bat instead of what he wanted to swing
1768,3777,1,7,62,70,1.1285714285714286,0.04514264748228169,620,Is it okay to tell him that this isn't his birthday?
1756,3777,3,3,64,70,1.1285714285714286,0.053535184426749045,620,What can I say: the Big Guy likes magma.
1608,3777,1,7,62,70,1.1285714285714286,0.04514264748228169,620,I think Derek Jeter released him...
1700,3777,1,7,62,70,1.1285714285714286,0.04514264748228169,620,Three strikes and you're out!
1688,3777,1,7,62,70,1.1285714285714286,0.04514264748228169,620,It was his turn last eternity.
1657,3777,2,5,63,70,1.1285714285714286,0.04951704046747739,620,Too bad Ted Williams was cryogenically frozen.
1784,3777,2,5,63,70,1.1285714285714286,0.04951704046747739,620,Shall we tell him that it is not going to be candy in this piñata?
1650,3777,2,5,63,70,1.1285714285714286,0.04951704046747739,620,The Angels are swinging blindly at the Earth ball. Seems only the Devils have been able to hit it lately.
2791,4111,1,7,63,71,1.1267605633802817,0.04453912197420254,620,It’s a gift from below.
3690,4111,2,5,64,71,1.1267605633802817,0.04884821258914619,620,I can't wait for Trump to arrive. He has a huuuuuuge swing!
3625,4111,3,3,65,71,1.1267605633802817,0.052806840087965407,620,I told you The Force wasn't real.
3532,4111,0,9,62,71,1.1267605633802817,0.03976580062454876,620,Maybe we should be using Mars.
2941,4111,1,7,63,71,1.1267605633802817,0.04453912197420254,620,The game was inspired by one played by a popular Earth TV host called Donald Trump.
3113,4111,1,7,63,71,1.1267605633802817,0.04453912197420254,620,Trump's foreign policy is to see how many places he can wack without losing a single member of his cult.
2808,4111,2,5,64,71,1.1267605633802817,0.04884821258914619,620,I heard it had a milk chocolate center.
3698,4111,1,7,63,71,1.1267605633802817,0.04453912197420254,620,Next we play 'Pin the tail on the comet.'
3345,4111,1,7,63,71,1.1267605633802817,0.04453912197420254,620,Piece of cake! The top part already has two cracks.
3719,4111,2,5,64,71,1.1267605633802817,0.04884821258914619,620,"After three swings, we yank his wings and send him down to You-Know-Where."
4628,4111,1,7,63,71,1.1267605633802817,0.04453912197420254,620,"If he hits it, what will we do for fun and games?"
3822,4111,2,5,64,71,1.1267605633802817,0.04884821258914619,620,"Last time we played, he knocked Mars into retrograde with Venus."
3849,4111,1,7,63,71,1.1267605633802817,0.04453912197420254,620,"When he smashes it, the Earthlings will experience it as climate collapse."
4151,4111,2,5,64,71,1.1267605633802817,0.04884821258914619,620,"If he hits the Yucatan Peninsula, its curtains for the dinosaurs!"
4264,4111,1,7,63,71,1.1267605633802817,0.04453912197420254,620,The Boss is resting today.
4291,4111,2,5,64,71,1.1267605633802817,0.04884821258914619,620,I wonder when it will break.
4403,4111,3,3,65,71,1.1267605633802817,0.052806840087965407,620,He was a Trump supporter.
4755,4111,2,5,64,71,1.1267605633802817,0.04884821258914619,620,Anything sweet left in there?
4851,4111,1,7,63,71,1.1267605633802817,0.04453912197420254,620,I was hoping this wing-ding would start with a bang.
2781,4111,3,3,65,71,1.1267605633802817,0.052806840087965407,620,And just to show justice is as blind as a bat!
3813,4111,1,7,63,71,1.1267605633802817,0.04453912197420254,620,"They called him up from the Anaheim Angels, but I can tell you he ain't gonna be around for long"
2722,4111,3,3,65,71,1.1267605633802817,0.052806840087965407,620,This thing better not be full of glitter again.
4000,4111,2,5,64,71,1.1267605633802817,0.04884821258914619,620,This is what happens once you start demoting planets.
2319,4111,2,5,64,71,1.1267605633802817,0.04884821258914619,620,"Honestly, I have no idea. Last time it was dinosaurs."
2458,4111,1,7,63,71,1.1267605633802817,0.04453912197420254,620,Hasn't the world  suffered enough already!
30,4111,2,5,64,71,1.1267605633802817,0.04884821258914619,620,"What in the wide, wide, world of sports was you thinking?"
111,4111,1,7,63,71,1.1267605633802817,0.04453912197420254,620,Good thing God made him a lefty.
229,4111,2,5,64,71,1.1267605633802817,0.04884821258914619,620,Home owner's insurance purposes.
444,4111,2,5,64,71,1.1267605633802817,0.04884821258914619,620,He's been at it for over 2000 years.
631,4111,1,7,63,71,1.1267605633802817,0.04453912197420254,620,"Fortunately for humanity, he was a dud at t-ball during his life on earth."
648,4111,2,5,64,71,1.1267605633802817,0.04884821258914619,620,"Whoever hits it, has to go straighten things out.  That's Obi Whan, he's there only hope."
906,4111,2,5,64,71,1.1267605633802817,0.04884821258914619,620,The summer games of 2018 begin!
1119,4111,2,5,64,71,1.1267605633802817,0.04884821258914619,620,"He said, 'If you think you can do better, you're free to take a whack at it.' And it is Azrael's birthday."
323,4111,1,7,63,71,1.1267605633802817,0.04453912197420254,620,That planet is a mess. Nothing good is gonna come from it.
1165,4111,1,7,63,71,1.1267605633802817,0.04453912197420254,620,"No, no, Dominic. The punchline has to involve Donald Trump!"
1347,4111,1,7,63,71,1.1267605633802817,0.04453912197420254,620,"When it bursts open, all the souls from Purgatory fall out."
1457,4111,2,5,64,71,1.1267605633802817,0.04884821258914619,620,I hear NOAA's expecting a Category 16.
1510,4111,2,5,64,71,1.1267605633802817,0.04884821258914619,620,How come Richter always gets the first swing?
1661,4111,1,7,63,71,1.1267605633802817,0.04453912197420254,620,The kid still can’t hit a curve ball.
1856,4111,1,7,63,71,1.1267605633802817,0.04453912197420254,620,It's full of oil.
1914,4111,1,7,63,71,1.1267605633802817,0.04453912197420254,620,It’s a Mexican thing.
1129,4111,1,7,63,71,1.1267605633802817,0.04453912197420254,620,This guy Newton and his gravity nonsense! Can you believe it!
2066,4111,2,5,64,71,1.1267605633802817,0.04884821258914619,620,This time we just don't multiply the players.... Right??
3340,4154,1,6,60,67,1.1194029850746268,0.045226141960648454,620,"One of these days, reality will bite"
3339,4154,2,4,61,67,1.1194029850746268,0.04997687416213937,620,"Personally, I think his grip leaves a lot to be desired."
3323,4154,1,6,60,67,1.1194029850746268,0.045226141960648454,620,Round and round and round it goes. Where does it go? Only Hell knows
3306,4154,2,4,61,67,1.1194029850746268,0.04997687416213937,620,I hope we can fix up old Earth after he wrecks it.
3240,4154,2,4,61,67,1.1194029850746268,0.04997687416213937,620,I have my money on Pestilence busting outta Earthnata over there.
3253,4154,1,6,60,67,1.1194029850746268,0.045226141960648454,620,Did anyone tell him what it's full of?
3247,4154,0,8,59,67,1.1194029850746268,0.039913905875911725,620,"Yeah, the Donald is just too fast for ‘em."
3209,4154,1,6,60,67,1.1194029850746268,0.045226141960648454,620,Stand back! My hunch is it is filled with hot molten lava.
3205,4154,0,8,59,67,1.1194029850746268,0.039913905875911725,620,So this is why the world is so messed up.
3375,4154,1,6,60,67,1.1194029850746268,0.045226141960648454,620,Did anyone tell Michael there’s no candy in there?
3281,4154,2,4,61,67,1.1194029850746268,0.04997687416213937,620,"Humans are so blind, little they know what they 
are playing with"
3377,4154,1,6,60,67,1.1194029850746268,0.045226141960648454,620,He was better when he played for the Yankees.
3554,4154,1,6,60,67,1.1194029850746268,0.045226141960648454,620,Due to the cheap cargo in the flame of the river
3397,4154,0,8,59,67,1.1194029850746268,0.039913905875911725,620,"...Gabriel thoroughly detests 'Earth Day', ya know !"
3407,4154,1,6,60,67,1.1194029850746268,0.045226141960648454,620,"A little to the left, ... a little to the right"
3448,4154,1,6,60,67,1.1194029850746268,0.045226141960648454,620,God used to attend these things until Gabriel whacked him in the balls.
3449,4154,2,4,61,67,1.1194029850746268,0.04997687416213937,620,Birthdays are tricky. What do you buy the guy that is in heaven?
3453,4154,1,6,60,67,1.1194029850746268,0.045226141960648454,620,A tenner that Satan strikes out.
3518,4154,1,6,60,67,1.1194029850746268,0.045226141960648454,620,"It's Trump's turn, and this is how the world is affected."
3551,4154,2,4,61,67,1.1194029850746268,0.04997687416213937,620,Will there be any collateral damage?
3198,4154,1,6,60,67,1.1194029850746268,0.045226141960648454,620,By my watch it's been 65 million years since I had a turn.
3578,4154,2,4,61,67,1.1194029850746268,0.04997687416213937,620,"Michael did a fine job against Satan, but he is painfully under-skilled when it comes to Space Piñata."
3579,4154,1,6,60,67,1.1194029850746268,0.045226141960648454,620,Isn’t this how we marred Jupiter?
3604,4154,2,4,61,67,1.1194029850746268,0.04997687416213937,620,Why is he trying to bop the good pop?
3390,4154,0,8,59,67,1.1194029850746268,0.039913905875911725,620,"There's talk of reinstating the flat-Earth model next year."""
3175,4154,1,6,60,67,1.1194029850746268,0.045226141960648454,620,Last year we did paintball.
2916,4154,2,4,61,67,1.1194029850746268,0.04997687416213937,620,BE CAREFUL HE MIGHT BE ON STEROIDS
3062,4154,1,6,60,67,1.1194029850746268,0.045226141960648454,620,Because this will make things fair
2481,4154,1,6,60,67,1.1194029850746268,0.045226141960648454,620,His last birthday was a Bang.
2500,4154,2,4,61,67,1.1194029850746268,0.04997687416213937,620,I think he'll miss it--deliberately.  I told him that was full of candy corn and licorice jelly beans.
2580,4154,2,4,61,67,1.1194029850746268,0.04997687416213937,620,"On Earth, they call this 'punctuated equilibrium.' I call it 'Jimmy finally gets some."
2606,4154,0,8,59,67,1.1194029850746268,0.039913905875911725,620,"if he hits the sweet spot this time, it's falling off"
2621,4154,1,6,60,67,1.1194029850746268,0.045226141960648454,620,We're gonna need a pinch hitter.
2640,4154,1,6,60,67,1.1194029850746268,0.045226141960648454,620,What do you think he is trying to do?
2684,4154,0,8,59,67,1.1194029850746268,0.039913905875911725,620,I'll take my turn when they hang Jupiter
2698,4154,2,4,61,67,1.1194029850746268,0.04997687416213937,620,Yeah we were saving this one but it started deteriorating
2727,4154,3,2,62,67,1.1194029850746268,0.05431364456001733,620,What in the world is he swinging at
2729,4154,2,4,61,67,1.1194029850746268,0.04997687416213937,620,I'm not cleaning the bloody spill this time.
2739,4154,0,8,59,67,1.1194029850746268,0.039913905875911725,620,"Last time we did this no one broke it, but it was the end of the dinosaurs and a boost for the Mid Atlantic Ridge."
2743,4154,1,6,60,67,1.1194029850746268,0.045226141960648454,620,"Nothing sweet inside.....just pollution"""
3078,4154,1,6,60,67,1.1194029850746268,0.045226141960648454,620,Poli
2749,4154,3,2,62,67,1.1194029850746268,0.05431364456001733,620,"'Down there,' they have the flat version."
2793,4154,2,4,61,67,1.1194029850746268,0.04997687416213937,620,I wonder if there is any gluten-free candy in there?
2798,4154,1,6,60,67,1.1194029850746268,0.045226141960648454,620,No one paid attention to the Mexican prediction.
2832,4154,1,6,60,67,1.1194029850746268,0.045226141960648454,620,He was the Trump adviser on international relations who disappeared last week.
2863,4154,2,4,61,67,1.1194029850746268,0.04997687416213937,620,He says it's payback for his miserable life.
3665,4154,0,8,59,67,1.1194029850746268,0.039913905875911725,620,Angels in South America
2930,4154,1,6,60,67,1.1194029850746268,0.045226141960648454,620,Trump's costume party.
2932,4154,2,4,61,67,1.1194029850746268,0.04997687416213937,620,"For an angel, Ignatius seems to be having a helluva time hitting the piñata."
2947,4154,2,4,61,67,1.1194029850746268,0.04997687416213937,620,"Back on Earth, I hope they're praying he misses."
2967,4154,1,6,60,67,1.1194029850746268,0.045226141960648454,620,"He's not the Angel of Death, just of Petrochemicals, so even if he missed the planet he''ll get the atmosphere."
2975,4154,1,6,60,67,1.1194029850746268,0.045226141960648454,620,Should we give him some spiritual guidance?
3022,4154,1,6,60,67,1.1194029850746268,0.045226141960648454,620,He's never been able to lay off the high ones.
3041,4154,1,6,60,67,1.1194029850746268,0.045226141960648454,620,There’s been a poor turnout ever since God started stuffing it with fruit snacks.
2777,4154,1,6,60,67,1.1194029850746268,0.045226141960648454,620,"Hopefully, this will get them to pay attention."
3670,4154,0,8,59,67,1.1194029850746268,0.039913905875911725,620,"Next we're playing meteor golf"""
3869,4154,0,8,59,67,1.1194029850746268,0.039913905875911725,620,Strange.  The piñata smells like lava cake.
3692,4154,1,6,60,67,1.1194029850746268,0.045226141960648454,620,Good thing for Lucifer that he never could hit the Ole Man’s high fastball.
4377,4154,1,6,60,67,1.1194029850746268,0.045226141960648454,620,Maybe we shouldn't be using earth as a pinata.
4386,4154,2,4,61,67,1.1194029850746268,0.04997687416213937,620,"He's not one of our better angels,,,recently assigned to the Foreign Policy pinheads."
4432,4154,2,4,61,67,1.1194029850746268,0.04997687416213937,620,Escucho a un niño llorando por su madre.
4437,4154,1,6,60,67,1.1194029850746268,0.045226141960648454,620,Your grip's all wrong.
4443,4154,1,6,60,67,1.1194029850746268,0.045226141960648454,620,Another legend 4 horsemen of the apocalypse party.
4491,4154,1,6,60,67,1.1194029850746268,0.045226141960648454,620,"If he ever hits it, maybe we will all go to hell!"
4505,4154,2,4,61,67,1.1194029850746268,0.04997687416213937,620,Gabriel is the worst. After this he wants to play pin the asteroid on the contenient.
4515,4154,1,6,60,67,1.1194029850746268,0.045226141960648454,620,I don't think he will be our 'designated hitter.'
4520,4154,2,4,61,67,1.1194029850746268,0.04997687416213937,620,"He wanted a fun, new way to send out this week's shock and awe."
4574,4154,2,4,61,67,1.1194029850746268,0.04997687416213937,620,God is really going to be annoyed if any of those dark angels gets lucky
4590,4154,1,6,60,67,1.1194029850746268,0.045226141960648454,620,Claims he's his better angel.
4602,4154,1,6,60,67,1.1194029850746268,0.045226141960648454,620,He’s been pretty upset about who he was assigned to for a while now.
4670,4154,0,8,59,67,1.1194029850746268,0.039913905875911725,620,Last time we had a welcome party for the new guy Pangea split.
4732,4154,2,4,61,67,1.1194029850746268,0.04997687416213937,620,Doesn't he remember Pandora?
4734,4154,1,6,60,67,1.1194029850746268,0.045226141960648454,620,all field. no hit.
4745,4154,0,8,59,67,1.1194029850746268,0.039913905875911725,620,Have  you noticed when a Mother Superior comes in everything goes to her first.
4758,4154,2,4,61,67,1.1194029850746268,0.04997687416213937,620,They think global warming is bad.  Wait until he gets hot.
4798,4154,1,6,60,67,1.1194029850746268,0.045226141960648454,620,Word on the street is he’s from Russia.
4799,4154,0,8,59,67,1.1194029850746268,0.039913905875911725,620,"It’s called “Trump’s Globe”.  Like Pandora’s box, it should not be opened . . ."
4845,4154,2,4,61,67,1.1194029850746268,0.04997687416213937,620,It's full of  angel dust.
4871,4154,1,6,60,67,1.1194029850746268,0.045226141960648454,620,Dibs on all the laughter.
4888,4154,1,6,60,67,1.1194029850746268,0.045226141960648454,620,And you can only guess who's pulling the rope . . .
2469,4154,1,6,60,67,1.1194029850746268,0.045226141960648454,620,wait 'til we light the candles - then blow them out.
4897,4154,1,6,60,67,1.1194029850746268,0.045226141960648454,620,Nervous about the vacation home you bought in Florida?
4921,4154,1,6,60,67,1.1194029850746268,0.045226141960648454,620,We press forward regardless. Because what other choice do we have?
4362,4154,1,6,60,67,1.1194029850746268,0.045226141960648454,620,Do asteroids orbit too?
3688,4154,0,8,59,67,1.1194029850746268,0.039913905875911725,620,He always swings for the heavens.
4353,4154,0,8,59,67,1.1194029850746268,0.039913905875911725,620,"How much do you bet, Marco takes all?"
4332,4154,1,6,60,67,1.1194029850746268,0.045226141960648454,620,"Well we all have saintly patience , right ?"
3726,4154,0,8,59,67,1.1194029850746268,0.039913905875911725,620,"Good field , no hit."
3763,4154,2,4,61,67,1.1194029850746268,0.04997687416213937,620,"Eternal happiness, yes. Continuous happiness? Not even here."""
3772,4154,1,6,60,67,1.1194029850746268,0.045226141960648454,620,"We were going to trade him from the Angels, but the Devils only play hockey."
3798,4154,1,6,60,67,1.1194029850746268,0.045226141960648454,620,"They keep missing, but with global warming it keeps getting bigger."
3856,4154,1,6,60,67,1.1194029850746268,0.045226141960648454,620,A swing and a miss!  Stike one!
3858,4154,0,8,59,67,1.1194029850746268,0.039913905875911725,620,This is His weirdest birthday yet.
3867,4154,1,6,60,67,1.1194029850746268,0.045226141960648454,620,"I don't think they diserve candy and toys."""
3892,4154,1,6,60,67,1.1194029850746268,0.045226141960648454,620,Grab The United States when it falls....
3895,4154,1,6,60,67,1.1194029850746268,0.045226141960648454,620,Earth Angel has gone batty!
3932,4154,1,6,60,67,1.1194029850746268,0.045226141960648454,620,We've lost faith in her scale.
3951,4154,1,6,60,67,1.1194029850746268,0.045226141960648454,620,There's someone down below who's knocking the hell out of it
3956,4154,0,8,59,67,1.1194029850746268,0.039913905875911725,620,We just used up the last of the flat ones.
3960,4154,2,4,61,67,1.1194029850746268,0.04997687416213937,620,"...we need to be quiet, though. He's resting"
3967,4154,2,4,61,67,1.1194029850746268,0.04997687416213937,620,"Donald, how did you get in here? Want a shot at wacking the world?"
4009,4154,2,4,61,67,1.1194029850746268,0.04997687416213937,620,"If he actually ever hits it, there's gonna be little red hots all over the place"
4060,4154,1,6,60,67,1.1194029850746268,0.045226141960648454,620,"“Fly low, and swing a big thingy.”"
4096,4154,2,4,61,67,1.1194029850746268,0.04997687416213937,620,"Okay, the first round is finished. Now we'll try without the blindfold."
4943,4154,1,6,60,67,1.1194029850746268,0.045226141960648454,620,"I thought, We've always used just ONE ass, but now..."
4153,4154,2,4,61,67,1.1194029850746268,0.04997687416213937,620,She won't be happy when she finds nothing in there but hot air.
4201,4154,1,6,60,67,1.1194029850746268,0.045226141960648454,620,Gabriel insists he can free all the lost souls in hell.........blindfolded
4237,4154,2,4,61,67,1.1194029850746268,0.04997687416213937,620,It's starting to get a little creepy around here.
4258,4154,1,6,60,67,1.1194029850746268,0.045226141960648454,620,Nice of the Big Guy to finally let us in on the fun.
4290,4154,0,8,59,67,1.1194029850746268,0.039913905875911725,620,She’s not one of our better angels
4300,4154,2,4,61,67,1.1194029850746268,0.04997687416213937,620,It’s Mexico’s revenge.
4304,4154,1,6,60,67,1.1194029850746268,0.045226141960648454,620,The molten metal balls now come in salted dark chocolate.
4344,4154,1,6,60,67,1.1194029850746268,0.045226141960648454,620,I sure hope he doesn't hit the middle east again.
2464,4154,1,6,60,67,1.1194029850746268,0.045226141960648454,620,Try not to hit Donald Trump again!
4123,4154,1,6,60,67,1.1194029850746268,0.045226141960648454,620,On earth he could not hit a hanging curve ball either.
2349,4154,2,4,61,67,1.1194029850746268,0.04997687416213937,620,Three strikes and he's out.
659,4154,1,6,60,67,1.1194029850746268,0.045226141960648454,620,"If he ever hits it, the stock market will plunge."
661,4154,0,8,59,67,1.1194029850746268,0.039913905875911725,620,T think we may need to have a little chat with him...
669,4154,1,6,60,67,1.1194029850746268,0.045226141960648454,620,Next on The Real Housewives of Heaven....
678,4154,2,4,61,67,1.1194029850746268,0.04997687416213937,620,Donny Jr. traded his rifle for wings but nothings changed
715,4154,2,4,61,67,1.1194029850746268,0.04997687416213937,620,"And if there's no candy, then he's a bad angel."
730,4154,1,6,60,67,1.1194029850746268,0.045226141960648454,620,How much longer until we tell him this is all imaginary?
758,4154,0,8,59,67,1.1194029850746268,0.039913905875911725,620,"Boy, do you remember when he played for the Asteroids that year, and he hit that extinction?  Wow, that was something!"
768,4154,2,4,61,67,1.1194029850746268,0.04997687416213937,620,I hope he misses again!
770,4154,0,8,59,67,1.1194029850746268,0.039913905875911725,620,It lacks a human element.
774,4154,2,4,61,67,1.1194029850746268,0.04997687416213937,620,"Take that you thankless humans!""
You think we could teleport Maslow up here before he shakes everything up"
777,4154,1,6,60,67,1.1194029850746268,0.045226141960648454,620,Kinda makes ya suspend disbelief--no?
658,4154,1,6,60,67,1.1194029850746268,0.045226141960648454,620,"Is this what they mean by ""Justice is blind?"""
789,4154,2,4,61,67,1.1194029850746268,0.04997687416213937,620,Blindness of inertia
866,4154,2,4,61,67,1.1194029850746268,0.04997687416213937,620,Babe Ruth takes another swing in heaven.
911,4154,2,4,61,67,1.1194029850746268,0.04997687416213937,620,"""If  it's a lucky hit, shall the Flood be far behind?"""
955,4154,1,6,60,67,1.1194029850746268,0.045226141960648454,620,They're safe now...I'm worried when it's Pedro's turn
1087,4154,1,6,60,67,1.1194029850746268,0.045226141960648454,620,He used to play for the Mets.
1093,4154,0,8,59,67,1.1194029850746268,0.039913905875911725,620,"No, God doesn’t play dice with universe, but He never said anything about piñatas."
1115,4154,1,6,60,67,1.1194029850746268,0.045226141960648454,620,Another President got promoted upstairs ?
1118,4154,1,6,60,67,1.1194029850746268,0.045226141960648454,620,I hear it's full of Noids
1125,4154,1,6,60,67,1.1194029850746268,0.045226141960648454,620,Most of the candy is just stuff you want to throw away.
1126,4154,1,6,60,67,1.1194029850746268,0.045226141960648454,620,You think he's a dick? Wait till you meet God.
1130,4154,0,8,59,67,1.1194029850746268,0.039913905875911725,620,You know the rules- we reset when it spins 24 times.
1142,4154,2,4,61,67,1.1194029850746268,0.04997687416213937,620,He's 0-4 against Earth. But getting closer!
864,4154,1,6,60,67,1.1194029850746268,0.045226141960648454,620,They see it as a comet.
656,4154,2,4,61,67,1.1194029850746268,0.04997687416213937,620,"Trump again, still trying for a win"
640,4154,1,6,60,67,1.1194029850746268,0.045226141960648454,620,"Tomorrow, it's Uranus."
628,4154,1,6,60,67,1.1194029850746268,0.045226141960648454,620,I'm afraid to see what falls out!
2446,4154,1,6,60,67,1.1194029850746268,0.045226141960648454,620,If he hits it hard enough all the green ones will fall to the bottom.
17,4154,1,6,60,67,1.1194029850746268,0.045226141960648454,620,It’s how He lets out his frustration.
100,4154,1,6,60,67,1.1194029850746268,0.045226141960648454,620,Traded from the Devils just last week.
146,4154,1,6,60,67,1.1194029850746268,0.045226141960648454,620,It's still a better world security strategy than Trumps.
153,4154,2,4,61,67,1.1194029850746268,0.04997687416213937,620,He's a better Angel than Trout.
154,4154,1,6,60,67,1.1194029850746268,0.045226141960648454,620,"Yeh, that Michael guy is a complete Pinata hog!"
156,4154,2,4,61,67,1.1194029850746268,0.04997687416213937,620,I'm thinking someone was always picked last when they were choosing sides for stickball
172,4154,1,6,60,67,1.1194029850746268,0.045226141960648454,620,He’s the President’s guardian angel.
176,4154,1,6,60,67,1.1194029850746268,0.045226141960648454,620,He's just winging it...
189,4154,1,6,60,67,1.1194029850746268,0.045226141960648454,620,I prefer bowling.
203,4154,0,8,59,67,1.1194029850746268,0.039913905875911725,620,"Beats the fire and fury from down under."""
209,4154,1,6,60,67,1.1194029850746268,0.045226141960648454,620,Thought shalt smite after me.
235,4154,1,6,60,67,1.1194029850746268,0.045226141960648454,620,Apparently he's having a bad wings day.
237,4154,1,6,60,67,1.1194029850746268,0.045226141960648454,620,This is how we watch politics.
273,4154,2,4,61,67,1.1194029850746268,0.04997687416213937,620,"We are so awful at this, we must have all been Imperial Stormtroopers in our previous lives."
282,4154,1,6,60,67,1.1194029850746268,0.045226141960648454,620,"As flies to wanton boys are they to th' gods,
We kill them for our sport."
326,4154,1,6,60,67,1.1194029850746268,0.045226141960648454,620,Pete's parties have gotten really weird.
331,4154,1,6,60,67,1.1194029850746268,0.045226141960648454,620,"If I have to watch one more banal performance piece about the angel rebellion, I may fall to earth too!"
395,4154,1,6,60,67,1.1194029850746268,0.045226141960648454,620,Three strikes and you're out of here!
456,4154,2,4,61,67,1.1194029850746268,0.04997687416213937,620,He probably couldn't hit Jupiter either.
459,4154,1,6,60,67,1.1194029850746268,0.045226141960648454,620,Who is friends with horseman? They are really bringing the mood down.
526,4154,1,6,60,67,1.1194029850746268,0.045226141960648454,620,I'm getting real tired of rock candy every year.
549,4154,1,6,60,67,1.1194029850746268,0.045226141960648454,620,I hope the game master realizes that this guy has a 50 on base percentage.
552,4154,1,6,60,67,1.1194029850746268,0.045226141960648454,620,I think this time he'll hit it.
604,4154,1,6,60,67,1.1194029850746268,0.045226141960648454,620,I guess Mr. Pruitt just hates planet Earth.
1149,4154,0,8,59,67,1.1194029850746268,0.039913905875911725,620,"The funny thing is, it's filled with Mars Bars."
1156,4154,0,8,59,67,1.1194029850746268,0.039913905875911725,620,I think it's the 8th inning.
1025,4154,1,6,60,67,1.1194029850746268,0.045226141960648454,620,It's His idea -- drawing out the endgame.
1189,4154,0,8,59,67,1.1194029850746268,0.039913905875911725,620,"Oh, don't worry heaven can wait."
1903,4154,2,4,61,67,1.1194029850746268,0.04997687416213937,620,Striking For Earth Leaders To Use Their Brains Touched By An Angel In Heaven
1909,4154,2,4,61,67,1.1194029850746268,0.04997687416213937,620,"Sure, I'll take a ""wack""  at making world pieces."
1974,4154,1,6,60,67,1.1194029850746268,0.045226141960648454,620,"It’s a game called ‘The Wrath of God’, and it’s part of angel-cadet training."
1995,4154,2,4,61,67,1.1194029850746268,0.04997687416213937,620,Did you remember to put the candy in?
2004,4154,1,6,60,67,1.1194029850746268,0.045226141960648454,620,THE MOMENT THIS PENDULUM STOPS
2016,4154,2,4,61,67,1.1194029850746268,0.04997687416213937,620,"Angel 1: I know what his Halo Mail said, but I’m telling you, “Earth Piñata” doesn’t sound like the Peter I know.
Angel 2: Oh, poop! It’s Satan again isn’t it?"
2019,4154,1,6,60,67,1.1194029850746268,0.045226141960648454,620,If he had a baseball bat I'd make a joke about the world series.
1163,4154,1,6,60,67,1.1194029850746268,0.045226141960648454,620,No candy. Just a lot of molten rock.
2085,4154,0,8,59,67,1.1194029850746268,0.039913905875911725,620,When can we play Pin The Tail On Uranus?
2094,4154,1,6,60,67,1.1194029850746268,0.045226141960648454,620,"Heavens sport, as the world turns."
2114,4154,1,6,60,67,1.1194029850746268,0.045226141960648454,620,We love messing with the planet earth!
2132,4154,3,2,62,67,1.1194029850746268,0.05431364456001733,620,The smart money is on the Angels to win the World Series this year.
2165,4154,1,6,60,67,1.1194029850746268,0.045226141960648454,620,Swing and a miss. He wasn't any better with the LA Angels.
2176,4154,1,6,60,67,1.1194029850746268,0.045226141960648454,620,"Remember, CG will turn the staff into a flaming sword, and we'll erase the wires in post."
2180,4154,0,8,59,67,1.1194029850746268,0.039913905875911725,620,Whichever mortal he hits wins the lottery.
2182,4154,0,8,59,67,1.1194029850746268,0.039913905875911725,620,Pssst... We might as well call it the Swing-a-poor summit
2221,4154,1,6,60,67,1.1194029850746268,0.045226141960648454,620,I think humans call it a strike.
2234,4154,1,6,60,67,1.1194029850746268,0.045226141960648454,620,This fun for whom?
2237,4154,0,8,59,67,1.1194029850746268,0.039913905875911725,620,How many tries does he get?
2261,4154,1,6,60,67,1.1194029850746268,0.045226141960648454,620,He was just fine until Donald Trump got elected.
2269,4154,1,6,60,67,1.1194029850746268,0.045226141960648454,620,Rookie Angels!
2294,4154,1,6,60,67,1.1194029850746268,0.045226141960648454,620,Today is God’s birthday. He wished for the world to end.
2329,4154,1,6,60,67,1.1194029850746268,0.045226141960648454,620,"He played for the Orioles.  Earth is safe, he'll never get a hit."
2339,4154,1,6,60,67,1.1194029850746268,0.045226141960648454,620,"I don't understand, he was very good at pin the donkey."
2346,4154,1,6,60,67,1.1194029850746268,0.045226141960648454,620,Why don't we try Jupiter instead
1872,4154,1,6,60,67,1.1194029850746268,0.045226141960648454,620,we could use a pinch hitter
1863,4154,1,6,60,67,1.1194029850746268,0.045226141960648454,620,"I don't know why he's trying so hard, everything inside is rotten anyway."
2050,4154,1,6,60,67,1.1194029850746268,0.045226141960648454,620,It's the final test of the admissions process. If he were to actutally hit it we'd have to send him back.
1835,4154,0,8,59,67,1.1194029850746268,0.039913905875911725,620,A piñata?  Try Pandora's box.
1251,4154,2,4,61,67,1.1194029850746268,0.04997687416213937,620,"If you knew what they put us through, you wouldn't object."
1261,4154,1,6,60,67,1.1194029850746268,0.045226141960648454,620,How did he even get up here?
1862,4154,1,6,60,67,1.1194029850746268,0.045226141960648454,620,It’s a Soul Piñata. We get whatever falls out. You’re up next.
1337,4154,1,6,60,67,1.1194029850746268,0.045226141960648454,620,The only way to win this game is not to play.
1355,4154,2,4,61,67,1.1194029850746268,0.04997687416213937,620,So Trump says we're a treat to national security? Hmmm.
1359,4154,1,6,60,67,1.1194029850746268,0.045226141960648454,620,This is why the volcanoes are erupting.
1372,4154,1,6,60,67,1.1194029850746268,0.045226141960648454,620,"Every time he hits, this place gets more crowded."
1396,4154,1,6,60,67,1.1194029850746268,0.045226141960648454,620,"Well then, if it's not Pin the Tail on the Donkey, is it Blind Man's Bluff?"
1428,4154,1,6,60,67,1.1194029850746268,0.045226141960648454,620,This is what happens when they find out our youth is eating tide pods.
1463,4154,1,6,60,67,1.1194029850746268,0.045226141960648454,620,Should I be rooting for Snickers bars or molten lava?
1471,4154,1,6,60,67,1.1194029850746268,0.045226141960648454,620,Dinosaurs extinct; Trump; one more hit and it's candy time!
1495,4154,1,6,60,67,1.1194029850746268,0.045226141960648454,620,I guess he was killed by an earthquake
1264,4154,1,6,60,67,1.1194029850746268,0.045226141960648454,620,Don't worry! It'll slow down once Trump leaves.
1566,4154,1,6,60,67,1.1194029850746268,0.045226141960648454,620,He was unbeatable when he batted for the Dodgers!
1556,4154,2,4,61,67,1.1194029850746268,0.04997687416213937,620,Either way it doesn’t matter grasshopper: Earth is but one illusion that scatters into a profusion of imagined parts.
1809,4154,1,6,60,67,1.1194029850746268,0.045226141960648454,620,"It is reputed to have a molten center. Maybe we'll see if hell is just a scary myth, or not."
1775,4154,1,6,60,67,1.1194029850746268,0.045226141960648454,620,The lasy swing he hit Hawaii
1765,4154,1,6,60,67,1.1194029850746268,0.045226141960648454,620,Michael says he was a baller.
1755,4154,1,6,60,67,1.1194029850746268,0.045226141960648454,620,Let's hope this goes better than the Pin the Tail on the Donkey fiasco.
1777,4154,0,8,59,67,1.1194029850746268,0.039913905875911725,620,"Quick, now’s our chance, while no one else is looking."
1735,4154,1,6,60,67,1.1194029850746268,0.045226141960648454,620,"They told me I was going to Hell in a handbasket, but I was misinformed."
1732,4154,1,6,60,67,1.1194029850746268,0.045226141960648454,620,I thought you said the force was with this angel.
1716,4154,2,4,61,67,1.1194029850746268,0.04997687416213937,620,"Blind ambition corrupts absolutely, even if it's an earth piñata."
1629,4154,1,6,60,67,1.1194029850746268,0.045226141960648454,620,Ever wonder how earthquakes start?
1753,4154,0,8,59,67,1.1194029850746268,0.039913905875911725,620,I STILL think they got the wrong address for Donald.
2946,4381,1,6,61,68,1.1176470588235294,0.044590674528640815,620,Angels on a night out clubbing.
3777,4381,1,6,61,68,1.1176470588235294,0.044590674528640815,620,We need this!
3150,4381,1,6,61,68,1.1176470588235294,0.044590674528640815,620,Us vs Humans.
3337,4381,2,4,62,68,1.1176470588235294,0.04926773607233785,620,Thank God. That ball is full of (expletive deleted).
3399,4381,0,8,60,68,1.1176470588235294,0.039361741477541526,620,Three strikes and I’m out?
3404,4381,1,6,61,68,1.1176470588235294,0.044590674528640815,620,"Today's Weather is going to be windy . . He got a ""Call to the Show"" , but had too many whiffs,."
3476,4381,2,4,62,68,1.1176470588235294,0.04926773607233785,620,He's got the whole world in his span.
3694,4381,2,4,62,68,1.1176470588235294,0.04926773607233785,620,"He can fly around the bases, problem is that he’s just not a contact hitter."
3885,4381,3,2,63,68,1.1176470588235294,0.053537756587924965,620,We're trying to offset Trump.
4735,4381,1,6,61,68,1.1176470588235294,0.044590674528640815,620,It's Donald's feeble attempt at stemming global warming.
4417,4381,1,6,61,68,1.1176470588235294,0.044590674528640815,620,"Of  course, Scott promised Donald he would do it when Donald swiped the wings for him."
4635,4381,1,6,61,68,1.1176470588235294,0.044590674528640815,620,We discovered the core is actually made of Goobers.
4643,4381,1,6,61,68,1.1176470588235294,0.044590674528640815,620,They were all out of angel food cake
4663,4381,2,4,62,68,1.1176470588235294,0.04926773607233785,620,"Whoever strikes his father or his mother shall be put to death...but not his pinata"""
4763,4381,1,6,61,68,1.1176470588235294,0.044590674528640815,620,I worry there is nothing in it but hot air.
4840,4381,1,6,61,68,1.1176470588235294,0.044590674528640815,620,"Yes, it will cause mass extinctions famine and pestilence but how much fun to see that spill all over Gabriel ."
4865,4381,1,6,61,68,1.1176470588235294,0.044590674528640815,620,He's an angel of our batter nature.
4873,4381,2,4,62,68,1.1176470588235294,0.04926773607233785,620,God is pitching another no hitter.
2895,4381,2,4,62,68,1.1176470588235294,0.04926773607233785,620,Will you call her bluff?
4023,4381,1,6,61,68,1.1176470588235294,0.044590674528640815,620,It helps relieve new arrival anxiety.
2888,4381,0,8,60,68,1.1176470588235294,0.039361741477541526,620,Eternal Training Camp
4968,4381,1,6,61,68,1.1176470588235294,0.044590674528640815,620,"Yes, it’s drastic but good for business.  Imagine the fallen souls that’ll come from this. Let’s a good we’ll do."
2754,4381,1,6,61,68,1.1176470588235294,0.044590674528640815,620,Apparently the Mighty Casey is still quite bitter.
108,4381,1,6,61,68,1.1176470588235294,0.044590674528640815,620,I never new he was a lefty.
461,4381,1,6,61,68,1.1176470588235294,0.044590674528640815,620,He was a three sewer man once.
505,4381,2,4,62,68,1.1176470588235294,0.04926773607233785,620,They always stick the angels in the outfield
816,4381,3,2,63,68,1.1176470588235294,0.053537756587924965,620,"Pluto was easy but, this..."
856,4381,1,6,61,68,1.1176470588235294,0.044590674528640815,620,"Just wait until he tries to blow out the 3,400 candles on his cake."
940,4381,1,6,61,68,1.1176470588235294,0.044590674528640815,620,"If he misses it two more times, Trump gets to run again."
977,4381,1,6,61,68,1.1176470588235294,0.044590674528640815,620,This is Latinx heaven.
1151,4381,2,4,62,68,1.1176470588235294,0.04926773607233785,620,What’s to stop Armageddon from peeking?
668,4381,1,6,61,68,1.1176470588235294,0.044590674528640815,620,He likes to do this on his birthday every 160 years or so...last time was during Buchanan's Presidency.
1733,4381,1,6,61,68,1.1176470588235294,0.044590674528640815,620,"In 2016, we take the blindfold off."
1241,4381,1,6,61,68,1.1176470588235294,0.044590674528640815,620,Down in Hell they do this with Uranus.
2548,4381,1,6,61,68,1.1176470588235294,0.044590674528640815,620,He should put the stick away.  Jesus is coming.
2337,4381,1,6,61,68,1.1176470588235294,0.044590674528640815,620,I pray it is not filled with oil.
2233,4381,1,6,61,68,1.1176470588235294,0.044590674528640815,620,The big guy asked him to change the world.
2823,4381,1,6,61,68,1.1176470588235294,0.044590674528640815,620,"Pay up, loser!"
2041,4381,2,4,62,68,1.1176470588235294,0.04926773607233785,620,I'm just not sure he's presidential material. His swing is too low to do any real damage.
1900,4381,1,6,61,68,1.1176470588235294,0.044590674528640815,620,The Seraphim have decided to fix global warming by changing Earth's orbit.
1880,4381,1,6,61,68,1.1176470588235294,0.044590674528640815,620,With that swing it's hard to believe that he was a .300 hitter.
4074,4422,1,5,58,64,1.109375,0.045191323330536354,620,I call this one Words Colliding Jerry!
3994,4422,1,5,58,64,1.109375,0.045191323330536354,620,This guy played for the Yankees?
3927,4422,1,5,58,64,1.109375,0.045191323330536354,620,That earthly pinata is very heavenly.
3913,4422,0,7,57,64,1.109375,0.039322054350368486,620,We're still in warm-up
3912,4422,2,3,59,64,1.109375,0.050381419694137494,620,The prize is everything but Big Oil and the Teamsters!
3884,4422,0,7,57,64,1.109375,0.039322054350368486,620,What's he going to do with the 7.5 billion pieces?
3857,4422,1,5,58,64,1.109375,0.045191323330536354,620,And this is how the orbit of the celestial bodies are determined.
3831,4422,1,5,58,64,1.109375,0.045191323330536354,620,"I think pin the tail on the ""DONkey""  is a more appropriate game."
3773,4422,1,5,58,64,1.109375,0.045191323330536354,620,Penace.  He was once part of the Trump regime.
3764,4422,1,5,58,64,1.109375,0.045191323330536354,620,Red hot candies are inside.
4018,4422,0,7,57,64,1.109375,0.039322054350368486,620,"Thwell Thwing Earth Party, Tham!"
3278,4422,1,5,58,64,1.109375,0.045191323330536354,620,He may be an Angel but he's no Mike Trout.
3583,4422,0,7,57,64,1.109375,0.039322054350368486,620,We call this Angel
3524,4422,0,7,57,64,1.109375,0.039322054350368486,620,If he can hit it that will take care of global warming
3509,4422,1,5,58,64,1.109375,0.045191323330536354,620,"Less fun, when it's filled with exfoliating microbeads."
3493,4422,1,5,58,64,1.109375,0.045191323330536354,620,Ex Yankees
3480,4422,1,5,58,64,1.109375,0.045191323330536354,620,"G_d, I thought there would be better games here."
3420,4422,1,5,58,64,1.109375,0.045191323330536354,620,"The new game, whack-a-planet"
3318,4422,2,3,59,64,1.109375,0.050381419694137494,620,"Well, it's one, two, three strikes you're out"
4129,4422,1,5,58,64,1.109375,0.045191323330536354,620,The mask’s the thing that kills the conscience of the king.
3269,4422,1,5,58,64,1.109375,0.045191323330536354,620,If we did this while on earth we’d never have gotten our wings.
3258,4422,2,3,59,64,1.109375,0.050381419694137494,620,As if The Donald wasn't punishment enough.
3221,4422,1,5,58,64,1.109375,0.045191323330536354,620,Just think of it as a BIG Apple.
3592,4422,1,5,58,64,1.109375,0.045191323330536354,620,It's as much fun as dice with the Universe.
4204,4422,1,5,58,64,1.109375,0.045191323330536354,620,"What's the big deal? Even if he smashes it, all we'll get is wet plastic trash!"
4370,4422,1,5,58,64,1.109375,0.045191323330536354,620,Peeking...
4267,4422,1,5,58,64,1.109375,0.045191323330536354,620,Sensitivity training. Down below
4971,4422,1,5,58,64,1.109375,0.045191323330536354,620,The original mysoginists had had just about enough of this #metoo crap
4936,4422,1,5,58,64,1.109375,0.045191323330536354,620,I thought The End of Days would be naturally catastrophic.  Not a lucky swing of a broomstick.
4927,4422,2,3,59,64,1.109375,0.050381419694137494,620,How many angels can dance ahead of the pinata?
4848,4422,1,5,58,64,1.109375,0.045191323330536354,620,That left-handed swing is a dead give-away of a youth spent on soccer
4802,4422,0,7,57,64,1.109375,0.039322054350368486,620,We should have given him Jupiter.
4781,4422,2,3,59,64,1.109375,0.050381419694137494,620,Avenging angel material... I think not.
4751,4422,0,7,57,64,1.109375,0.039322054350368486,620,"Spanking the Boss's curve outta Angel Park,into orbit - blind? That's what it takes to play clean-up for L.A.?"
4725,4422,2,3,59,64,1.109375,0.050381419694137494,620,"What did you fill it with?""
""Beef stew and Target coupons."
4697,4422,1,5,58,64,1.109375,0.045191323330536354,620,Is magma gluten-free?
4664,4422,1,5,58,64,1.109375,0.045191323330536354,620,You're telling me that the only thing we knew about him was he's coachable?
4630,4422,1,5,58,64,1.109375,0.045191323330536354,620,"Hopefully, he doesn't hit Tunguska, again."
4221,4422,1,5,58,64,1.109375,0.045191323330536354,620,What did you expect?  He couldn't even hit Jupiter!
4605,4422,1,5,58,64,1.109375,0.045191323330536354,620,I have my money on bees.
4514,4422,1,5,58,64,1.109375,0.045191323330536354,620,I can't wait to give that thing a piece of my mind!
4497,4422,1,5,58,64,1.109375,0.045191323330536354,620,"You’re right, it really is by chance"
4459,4422,2,3,59,64,1.109375,0.050381419694137494,620,"If bowling makes thunder, what sound does this make?"
4412,4422,2,3,59,64,1.109375,0.050381419694137494,620,I give him 50 years.
3201,4422,1,5,58,64,1.109375,0.045191323330536354,620,All that talk on Earth about the rapture starting when the seven seals are opened? It is true. The world piñata has seven seals. When Saint Michael breaks every seal it starts.
4367,4422,1,5,58,64,1.109375,0.045191323330536354,620,"I told him not to bother with Earth, it's not like it has Mars Bars"
4338,4422,1,5,58,64,1.109375,0.045191323330536354,620,Who put Gene in charge of  the new world order?
4326,4422,1,5,58,64,1.109375,0.045191323330536354,620,Your soul can not be free until you release all of your frustrations with the living world
4325,4422,2,3,59,64,1.109375,0.050381419694137494,620,Anyone mention
4310,4422,2,3,59,64,1.109375,0.050381419694137494,620,The four horsemen of the apocalypse aren’t as intimidating as you’d think
4301,4422,0,7,57,64,1.109375,0.039322054350368486,620,"Well, he is clearly no Chicxulub!"
4604,4422,2,3,59,64,1.109375,0.050381419694137494,620,"He wants to keep missing until he hits somebody in the nuts, then he sends the tape to that funniest videos show."
3090,4422,1,5,58,64,1.109375,0.045191323330536354,620,The late Vladimir is still trying.
3715,4422,2,3,59,64,1.109375,0.050381419694137494,620,"From what I hear, it may turn out to be a piñada!"
3003,4422,1,5,58,64,1.109375,0.045191323330536354,620,I can see now why they issue a cup with wings and robe.
1401,4422,1,5,58,64,1.109375,0.045191323330536354,620,Wasn't he with the Tampa Bay Rays?
1393,4422,1,5,58,64,1.109375,0.045191323330536354,620,"He's got the world on a string, but he does swing and miss every once in a while."
1352,4422,1,5,58,64,1.109375,0.045191323330536354,620,"Plate tectonics needs a little push"""
1318,4422,1,5,58,64,1.109375,0.045191323330536354,620,There's nothing but horror in there.
1312,4422,2,3,59,64,1.109375,0.050381419694137494,620,O + 2...
1307,4422,2,3,59,64,1.109375,0.050381419694137494,620,Did you know the candy comes separate?
1186,4422,1,5,58,64,1.109375,0.045191323330536354,620,"-Harold.
-Yes, Burt?"
1143,4422,1,5,58,64,1.109375,0.045191323330536354,620,Don't worry - he's as blind as a bat!
1127,4422,1,5,58,64,1.109375,0.045191323330536354,620,I’m told it was last hit between 10 thousand and 4.6 billion years ago.
1106,4422,1,5,58,64,1.109375,0.045191323330536354,620,Who does he think he is?  Donald Trump?
1008,4422,1,5,58,64,1.109375,0.045191323330536354,620,I don’t like piñatas. I came for the moon bounce.
975,4422,1,5,58,64,1.109375,0.045191323330536354,620,"If your Dad invented all the cultures, it can't be cultural appropriation"
798,4422,1,5,58,64,1.109375,0.045191323330536354,620,You may want too put on some weight
673,4422,1,5,58,64,1.109375,0.045191323330536354,620,"It's the Archangel Michael, and this is what he wanted for his birthday."
666,4422,1,5,58,64,1.109375,0.045191323330536354,620,It would have been his 175th birthday.
581,4422,0,7,57,64,1.109375,0.039322054350368486,620,Mercury was too small and the bats went right through Jupiter.
573,4422,1,5,58,64,1.109375,0.045191323330536354,620,"To liven things up around here and on Earth, every once in a while we get to take a swing at the hot mess."
481,4422,1,5,58,64,1.109375,0.045191323330536354,620,"Remind me next time that what he's described as ""revolutionary"" is more likely just rotational."
385,4422,2,3,59,64,1.109375,0.050381419694137494,620,It helps Michael work through his anger issues.
325,4422,1,5,58,64,1.109375,0.045191323330536354,620,Hell froze over when the Astros won the World Series; we had to respond.
233,4422,1,5,58,64,1.109375,0.045191323330536354,620,I doubt there's even candy inside.
201,4422,1,5,58,64,1.109375,0.045191323330536354,620,We're still debating whether or not to do Pluto next.
3060,4422,1,5,58,64,1.109375,0.045191323330536354,620,"And, on this are we test for celestial reflex."
1590,4422,2,3,59,64,1.109375,0.050381419694137494,620,Dollars to donuts a moon will fall out.
1631,4422,1,5,58,64,1.109375,0.045191323330536354,620,"As a Democrat he was advised to make sure he hits the White House.
I promised to protect him from the Commander in Chief."
1116,4422,1,5,58,64,1.109375,0.045191323330536354,620,If he gets the earth pinata on the next swing who gets to pick up the pieces?
1746,4422,1,5,58,64,1.109375,0.045191323330536354,620,"And a 1, 2, 3 hit it, Gabriel! Go go go!"
1734,4422,1,5,58,64,1.109375,0.045191323330536354,620,"Next we'll play ""Pin the Tail on the Donald""."
2914,4422,1,5,58,64,1.109375,0.045191323330536354,620,They sent him back for disruption
2880,4422,0,7,57,64,1.109375,0.039322054350368486,620,Ragnarok? Isn't that the Twilight of the Gods? Shouldn't we be chanting Armageddon or Rapture or something?
2879,4422,1,5,58,64,1.109375,0.045191323330536354,620,I see our heavenly Aaron Judge is at it again
2742,4422,1,5,58,64,1.109375,0.045191323330536354,620,"If he totally misses, it means Mr. Kim has given up his nukes."
2703,4422,1,5,58,64,1.109375,0.045191323330536354,620,They weren't paying attention to it anymore.
2692,4422,1,5,58,64,1.109375,0.045191323330536354,620,Stop picking on Hawaii and Guatemala!
2691,4422,1,5,58,64,1.109375,0.045191323330536354,620,You might want to tell him to cool it. I just talked with Todd and apparently the horses aren't going to be here for another 3 weeks at least.
2598,4422,1,5,58,64,1.109375,0.045191323330536354,620,Wouldn't I be hitting myself too?
2562,4422,1,5,58,64,1.109375,0.045191323330536354,620,After this we’re playing Statues on the head of a pin.
2547,4422,1,5,58,64,1.109375,0.045191323330536354,620,"If you don’t like this, then you’re going to hate it when we bob for ‘apples’."
2487,4422,0,7,57,64,1.109375,0.039322054350368486,620,Hasn't been the same since we stopping using the voodoo globe
2937,4422,1,5,58,64,1.109375,0.045191323330536354,620,And they think we're the guardian angels.
2361,4422,2,3,59,64,1.109375,0.050381419694137494,620,He's not going to like the hollow earth theory
2397,4422,1,5,58,64,1.109375,0.045191323330536354,620,that was one trumped up smack!
1866,4422,1,5,58,64,1.109375,0.045191323330536354,620,Evan in Heaven There is a wrecking Ball
1944,4422,1,5,58,64,1.109375,0.045191323330536354,620,I thought Skywalker it was stronger in the force
1985,4422,2,3,59,64,1.109375,0.050381419694137494,620,"Obviously, it contains mostly rock candy."
1999,4422,1,5,58,64,1.109375,0.045191323330536354,620,"Fireballs
Or 
Gummybears"
1819,4422,2,3,59,64,1.109375,0.050381419694137494,620,The end of the world may take a while with a south paw
2163,4422,1,5,58,64,1.109375,0.045191323330536354,620,Looks like fun - we saw the president doing it.
2271,4422,0,7,57,64,1.109375,0.039322054350368486,620,I'm hoping for the cream filled crunchy ones.
2335,4422,1,5,58,64,1.109375,0.045191323330536354,620,It's full of garbage anyway
2024,4422,2,3,59,64,1.109375,0.050381419694137494,620,Gabriel threw a rock at it last time and we got dinosaurs.
2995,4528,1,5,59,65,1.1076923076923078,0.04452244962611625,620,She's going for the caramel.
3550,4528,1,5,59,65,1.1076923076923078,0.04452244962611625,620,"No, not candy. Volcanic ash, smoke, and lava."
3418,4528,1,5,59,65,1.1076923076923078,0.04452244962611625,620,Do you reckon he’ll be tried for murder or manslaughter?
3368,4528,1,5,59,65,1.1076923076923078,0.04452244962611625,620,He has the best batting average at keeping souls out of harm's way.
3352,4528,2,3,60,65,1.1076923076923078,0.049628799617553614,620,Lucky for them he only takes a swing every billion years.
3196,4528,1,5,59,65,1.1076923076923078,0.04452244962611625,620,He is the DH for Pele.
3116,4528,1,5,59,65,1.1076923076923078,0.04452244962611625,620,It beats a flood7
3630,4528,0,7,58,65,1.1076923076923078,0.038748926306942086,620,HE told us to do this mercy; HE didn't say we couldn't have fun doing it.
3067,4528,1,5,59,65,1.1076923076923078,0.04452244962611625,620,Greenpeace offered him a second chance.
3007,4528,0,7,58,65,1.1076923076923078,0.038748926306942086,620,Do you REALLY believe there's anything left for us in there?
2977,4528,1,5,59,65,1.1076923076923078,0.04452244962611625,620,He asked God for a whiff of his family.
2732,4528,1,5,59,65,1.1076923076923078,0.04452244962611625,620,"You know last time we played, the ice caps melted, we got flooded and   it took a light year to mop it up.  Anyone for Pin the Tail on the Donkey?"
2759,4528,1,5,59,65,1.1076923076923078,0.04452244962611625,620,Another swing and a miss at the apocalypse
2758,4528,1,5,59,65,1.1076923076923078,0.04452244962611625,620,"We call him ""The Comet""."
2747,4528,1,5,59,65,1.1076923076923078,0.04452244962611625,620,When this is over wanna go to Mars for drinks?
2613,4528,1,5,59,65,1.1076923076923078,0.04452244962611625,620,"I know, he ALWAYS chokes up on the bat--he learned it from Barry Bonds.  He's been his guardian angel since he was just a cherub."
2567,4528,1,5,59,65,1.1076923076923078,0.04452244962611625,620,Crank up the Mariachi music!
2550,4528,1,5,59,65,1.1076923076923078,0.04452244962611625,620,The blindfold is just a prop.
2539,4528,1,5,59,65,1.1076923076923078,0.04452244962611625,620,Bring in Kevorkian?
2485,4528,1,5,59,65,1.1076923076923078,0.04452244962611625,620,Am I too late to hit Singapore
2447,4528,0,7,58,65,1.1076923076923078,0.038748926306942086,620,That planet is so lopsided right now.  He’ll be lucky just to wiff it.
3638,4528,1,5,59,65,1.1076923076923078,0.04452244962611625,620,Ándale Miguel! Apúrate guey!
2956,4528,1,5,59,65,1.1076923076923078,0.04452244962611625,620,Are you sure that’s Ploto?
3640,4528,0,7,58,65,1.1076923076923078,0.038748926306942086,620,Who's going to tell him it's full of rocks?
2426,4528,0,7,58,65,1.1076923076923078,0.038748926306942086,620,"Give me one more swing, Peter, I know I can knock,me sense"
3754,4528,1,5,59,65,1.1076923076923078,0.04452244962611625,620,"So you see, this is what's really causing global warming..."
4911,4528,1,5,59,65,1.1076923076923078,0.04452244962611625,620,It's a fun way to answe prayers to stop global warming.
4896,4528,1,5,59,65,1.1076923076923078,0.04452244962611625,620,"Last time we broke a pinata caused damage in Vermont, Texas, China, and India"
4753,4528,1,5,59,65,1.1076923076923078,0.04452244962611625,620,Celebrating the Big Bang?
4731,4528,1,5,59,65,1.1076923076923078,0.04452244962611625,620,He says he wants to shake things up!
4704,4528,0,7,58,65,1.1076923076923078,0.038748926306942086,620,"'""t looks like the Apocalypse is near."""
4542,4528,1,5,59,65,1.1076923076923078,0.04452244962611625,620,He doesn't realize the mess it will make if he ever connects.
4488,4528,0,7,58,65,1.1076923076923078,0.038748926306942086,620,And there's also a taco truck on every corner.
4442,4528,1,5,59,65,1.1076923076923078,0.04452244962611625,620,"A teacher prepares to unfurl divine confetti as part of Creationism 101's coursework, as her students wait to go home."
4935,4528,0,7,58,65,1.1076923076923078,0.038748926306942086,620,With aim like that he'll be assigned to Mars.
4363,4528,1,5,59,65,1.1076923076923078,0.04452244962611625,620,Now there’s proof.  The earth is flat.
4281,4528,1,5,59,65,1.1076923076923078,0.04452244962611625,620,He's going to split it up like California.
4255,4528,1,5,59,65,1.1076923076923078,0.04452244962611625,620,"If I miss it again, one of you has to do it."
4254,4528,1,5,59,65,1.1076923076923078,0.04452244962611625,620,"If he connects, there should be just enough oil to get him through the winter."
4176,4528,1,5,59,65,1.1076923076923078,0.04452244962611625,620,We found that in His reject box labeled (BAD IDEAS)
4067,4528,0,7,58,65,1.1076923076923078,0.038748926306942086,620,Just because we're up here now doesn't mean we can't continue to wreak havoc down there.
4056,4528,0,7,58,65,1.1076923076923078,0.038748926306942086,620,It's for a new reality show called 'Worldbeaters.'
4029,4528,1,5,59,65,1.1076923076923078,0.04452244962611625,620,They say he was a real world beater before he arrived here”
4013,4528,0,7,58,65,1.1076923076923078,0.038748926306942086,620,"Jeff, why don’t you grab Donald so we can play pin the tail on the donkey next"
4004,4528,0,7,58,65,1.1076923076923078,0.038748926306942086,620,He's still a frustrated stick ball player.
3998,4528,0,7,58,65,1.1076923076923078,0.038748926306942086,620,He doesn't know it - the pinata is empty.
3929,4528,1,5,59,65,1.1076923076923078,0.04452244962611625,620,"If she isn’t careful, He’ll make her spend an eternity on earth."
3781,4528,1,5,59,65,1.1076923076923078,0.04452244962611625,620,Is he taking global warming into consideration?
3758,4528,2,3,60,65,1.1076923076923078,0.049628799617553614,620,He insisted on playing before it got too toxic.
3722,4528,0,7,58,65,1.1076923076923078,0.038748926306942086,620,He insisted on batting clean up.
2325,4528,1,5,59,65,1.1076923076923078,0.04452244962611625,620,What are the odds that the candy hasn't melted though?
4385,4528,2,3,60,65,1.1076923076923078,0.049628799617553614,620,We keep going around in circles.
2276,4528,1,5,59,65,1.1076923076923078,0.04452244962611625,620,It's no worse than what they do to themselves.
965,4528,1,5,59,65,1.1076923076923078,0.04452244962611625,620,"If he hits it, we get the environmentalists."
900,4528,1,5,59,65,1.1076923076923078,0.04452244962611625,620,He is batting .350 We got him in a trade with the Los Angeles Angels
869,4528,1,5,59,65,1.1076923076923078,0.04452244962611625,620,"Well, it is time for an eight day week and we're all well rested."
857,4528,1,5,59,65,1.1076923076923078,0.04452244962611625,620,"Played for the Mets, said he would be a world-beater, but don’t think he hit .200."
791,4528,0,7,58,65,1.1076923076923078,0.038748926306942086,620,Who said Day of the Dead wasn’t fun?
763,4528,1,5,59,65,1.1076923076923078,0.04452244962611625,620,"Harold, you take the next swing at it!"
762,4528,1,5,59,65,1.1076923076923078,0.04452244962611625,620,"My guess - he hates pinata's, tree ornaments and the World Series!"
689,4528,1,5,59,65,1.1076923076923078,0.04452244962611625,620,Whiff after whiff... a lefty will never whack the world.
536,4528,1,5,59,65,1.1076923076923078,0.04452244962611625,620,"Nobody's actually been able to break it, why do you think they have so many earthquakes?"""
480,4528,1,5,59,65,1.1076923076923078,0.04452244962611625,620,"If Lucifer wins again this year, I'm going to start a rumor that he's gunning for God's job."
452,4528,1,5,59,65,1.1076923076923078,0.04452244962611625,620,The Southeast always gets slammed.
445,4528,1,5,59,65,1.1076923076923078,0.04452244962611625,620,Take a whack. What could it matter?
432,4528,1,5,59,65,1.1076923076923078,0.04452244962611625,620,Does he have to show off his backhand with everything?
426,4528,1,5,59,65,1.1076923076923078,0.04452244962611625,620,A couple more whacks outta do it.
415,4528,1,5,59,65,1.1076923076923078,0.04452244962611625,620,"Every time he swings and misses, ocean temperatures rise."
379,4528,1,5,59,65,1.1076923076923078,0.04452244962611625,620,"I wonder if they do this stuff on Mount Olympus, too?"
360,4528,1,5,59,65,1.1076923076923078,0.04452244962611625,620,Considering Trump it ‘s kind of prophetic
298,4528,1,5,59,65,1.1076923076923078,0.04452244962611625,620,That was a hurricane- earthquake coming!
276,4528,0,7,58,65,1.1076923076923078,0.038748926306942086,620,"It’s way past 2012. At this rate, we’ll never reach doomsday."
245,4528,1,5,59,65,1.1076923076923078,0.04452244962611625,620,They hate it when he plays Astroid!
2285,4528,1,5,59,65,1.1076923076923078,0.04452244962611625,620,Archangel my wings.
966,4528,2,3,60,65,1.1076923076923078,0.049628799617553614,620,18.5 miles per second is much faster than it looks!
1017,4528,0,7,58,65,1.1076923076923078,0.038748926306942086,620,"If he ever breaks it open, I get the candy, you get the nuts!"
934,4528,1,5,59,65,1.1076923076923078,0.04452244962611625,620,"I don’t know about the milk, but this thing sure has some duds."
1041,4528,0,7,58,65,1.1076923076923078,0.038748926306942086,620,In honour of the first spanish pope we now use pinata to pick the next hot spot in the word below that needs some divine intervention
2254,4528,1,5,59,65,1.1076923076923078,0.04452244962611625,620,"Trump is still president, assholes!"
2245,4528,1,5,59,65,1.1076923076923078,0.04452244962611625,620,You cheated. You peeked and saw Hawaii.
2155,4528,0,7,58,65,1.1076923076923078,0.038748926306942086,620,And they think all they have to worry about is Hurricanes
2111,4528,1,5,59,65,1.1076923076923078,0.04452244962611625,620,Couldn't we just bob for apples again this year?
2089,4528,1,5,59,65,1.1076923076923078,0.04452244962611625,620,And here I thought we were controlled by an alien 6th grader's science project.
2078,4528,1,5,59,65,1.1076923076923078,0.04452244962611625,620,"Should we tell him it's just full of Pez?""
""No, he'll figure it out soon enough."
2071,4528,1,5,59,65,1.1076923076923078,0.04452244962611625,620,It's filled with the lost souls of his enemies.
1024,4528,0,7,58,65,1.1076923076923078,0.038748926306942086,620,Maybe he's topologically confused; he's supposed to use a trumpet.
1969,4528,1,5,59,65,1.1076923076923078,0.04452244962611625,620,May they Rest In Peace.
1950,4528,1,5,59,65,1.1076923076923078,0.04452244962611625,620,They messed up... so now they will be our Pinata for a year!
1878,4528,1,5,59,65,1.1076923076923078,0.04452244962611625,620,I swear that was an inch from the United States.
2037,4528,1,5,59,65,1.1076923076923078,0.04452244962611625,620,Although I will not ... will fall! This World has endured many blows ...
1813,4528,1,5,59,65,1.1076923076923078,0.04452244962611625,620,The winner gets to go down and fix things.
1074,4528,0,7,58,65,1.1076923076923078,0.038748926306942086,620,Flat Earther.
1826,4528,1,5,59,65,1.1076923076923078,0.04452244962611625,620,Did you ever know all those pinata parties we practice for this?
1240,4528,1,5,59,65,1.1076923076923078,0.04452244962611625,620,Satan is practicing for the apocalypse...
1247,4528,1,5,59,65,1.1076923076923078,0.04452244962611625,620,I suggested 'pin the tail on the donkey' but he wanted the candy.
1225,4528,1,5,59,65,1.1076923076923078,0.04452244962611625,620,He made it this far but the grudges remain.
1433,4528,0,7,58,65,1.1076923076923078,0.038748926306942086,620,"Watch this - if he ever hits it, his hair will instantly turn bright orange"
1741,4528,0,7,58,65,1.1076923076923078,0.038748926306942086,620,It's called 'Pandora's Piñata.' Don't let on to The Guv about this.
1760,4528,1,5,59,65,1.1076923076923078,0.04452244962611625,620,Can't hit Southpaws either.
1802,4528,0,7,58,65,1.1076923076923078,0.038748926306942086,620,"See, I told you Life is like a Piñata!"
1331,4528,0,7,58,65,1.1076923076923078,0.038748926306942086,620,Someone should tell him it's full of molten rock.
4429,4629,1,5,61,67,1.1044776119402986,0.04324223293582181,620,In his previous life he was the first one to chain himself to a tree in front of a bull dozer.
3651,4630,0,6,55,61,1.098360655737705,0.038446030818224834,620,Did Otani REALLY think we would only play him in Anaheim?
4944,4630,1,4,56,61,1.098360655737705,0.04499494830653312,620,"Rather than ""Enjoy"",  He must have perceived  ""Destroy"""
4611,4630,1,4,56,61,1.098360655737705,0.04499494830653312,620,It's Whack-A-Geo.
4565,4630,0,6,55,61,1.098360655737705,0.038446030818224834,620,"Relax, it's only spring training."
4453,4630,1,4,56,61,1.098360655737705,0.04499494830653312,620,Boss says he has a false swing.
4389,4630,1,4,56,61,1.098360655737705,0.04499494830653312,620,A former Los Angeles Angel?
4234,4630,0,6,55,61,1.098360655737705,0.038446030818224834,620,They’ve been worried about a vengeful God.  Here’s what they didn’t see coming: a God named Wendell who’s had a bit too much eggnog.
3434,4630,1,4,56,61,1.098360655737705,0.04499494830653312,620,Another hit and Yosemite will blow.
4063,4630,1,4,56,61,1.098360655737705,0.04499494830653312,620,yrdeder465w3
3239,4630,1,4,56,61,1.098360655737705,0.04499494830653312,620,"If he doesn’t hit it on the next swing, he should lose his wings!"
2797,4630,1,4,56,61,1.098360655737705,0.04499494830653312,620,"When he breaks it open, you'll see that it's only filled with Red Hots."
2678,4630,1,4,56,61,1.098360655737705,0.04499494830653312,620,Do you think it's chocolate inside?
2038,4630,1,4,56,61,1.098360655737705,0.04499494830653312,620,People aren't candy.
1640,4630,0,6,55,61,1.098360655737705,0.038446030818224834,620,If it’s KimChee I don’t want any!
1636,4630,1,4,56,61,1.098360655737705,0.04499494830653312,620,WELCOME TO THE ANNUAL ANGEL GAMES
3322,4630,1,4,56,61,1.098360655737705,0.04499494830653312,620,New ball! Somebody spit on that one.
671,4646,1,4,57,62,1.096774193548387,0.0442916958370775,620,Good thing he's blind as a bat.  Otherwise imagine how overcrowded it would be.
630,4647,0,6,57,63,1.0952380952380953,0.03728006482184823,620,"OK, so the lava cakes are to die for. Doesn't Saint Patrick realize that this will make him a fall-on angel?!"
3838,4648,1,3,53,57,1.087719298245614,0.04533847748151766,620,"We need to put a stop to this.  All that molten iron and magma, what a mess!"
3228,4648,0,5,52,57,1.087719298245614,0.037802263481198896,620,"It took the boss seven days to create it, but only one piñata party to destroy it."
3776,4648,1,3,53,57,1.087719298245614,0.04533847748151766,620,I would have gone with th cricket bat.
3687,4648,1,3,53,57,1.087719298245614,0.04533847748151766,620,It's the least we could do for Jose's 1000th birthday!
3669,4648,1,3,53,57,1.087719298245614,0.04533847748151766,620,"I've told him time and again, ""Keep your eye on the ball!"""
3602,4648,1,3,53,57,1.087719298245614,0.04533847748151766,620,Do you think he knows there's molten lava in the center?
3533,4648,1,3,53,57,1.087719298245614,0.04533847748151766,620,It was either this or pin the tail on North America.
3520,4648,0,5,52,57,1.087719298245614,0.037802263481198896,620,"That planet is in peril, he had a great average when he played ball there."
3441,4648,1,3,53,57,1.087719298245614,0.04533847748151766,620,Let’s hope he doesn’t start a nuclear war
3389,4648,1,3,53,57,1.087719298245614,0.04533847748151766,620,Get the burn kit ready.
3832,4648,1,3,53,57,1.087719298245614,0.04533847748151766,620,"If he breaks it, we own it."
3061,4648,1,3,53,57,1.087719298245614,0.04533847748151766,620,"If they're worried about global warming, just imagine how they'd feel about this."
2773,4648,0,5,52,57,1.087719298245614,0.037802263481198896,620,Another miss for the left wing.
2960,4648,1,3,53,57,1.087719298245614,0.04533847748151766,620,Wait 'till we get to play 'Pin the tail on the Devil'.
2890,4648,0,5,52,57,1.087719298245614,0.037802263481198896,620,"Candy? Naw, just asteroids."
3887,4648,1,3,53,57,1.087719298245614,0.04533847748151766,620,"The last time we played, 5 volcanoes erupted and all our desserts were burnt."
2699,4648,1,3,53,57,1.087719298245614,0.04533847748151766,620,Bet ya Donald brakes it into a billion pieces.
2683,4648,1,3,53,57,1.087719298245614,0.04533847748151766,620,One  more  swing!
2610,4648,1,3,53,57,1.087719298245614,0.04533847748151766,620,Trump dared him.
2560,4648,0,5,52,57,1.087719298245614,0.037802263481198896,620,What a heavenly shot.
2518,4648,1,3,53,57,1.087719298245614,0.04533847748151766,620,"Since they invented Twix, this game is worth playing."
2507,4648,1,3,53,57,1.087719298245614,0.04533847748151766,620,"It will never happen. If Michael Bublé taught you anything, you would know he'd have to be sitting on a rainbow, now pay up!"
2439,4648,1,3,53,57,1.087719298245614,0.04533847748151766,620,"He failed. This time we will only give them 100 more years to fix things up. I saw the next batter and, man, he's simply brilliant!"
2420,4648,0,5,52,57,1.087719298245614,0.037802263481198896,620,I hear it's full of pennies.
2381,4648,0,5,52,57,1.087719298245614,0.037802263481198896,620,I hear it’s gooey on the inside.
2991,4648,1,3,53,57,1.087719298245614,0.04533847748151766,620,How do we tell him not to swing at the first planet?
3950,4648,1,3,53,57,1.087719298245614,0.04533847748151766,620,God bless me.
4036,4648,1,3,53,57,1.087719298245614,0.04533847748151766,620,You know he has been at this for 6 days now....
3961,4648,1,3,53,57,1.087719298245614,0.04533847748151766,620,We had to make it fair. He hits San Francisco every time.
2353,4648,0,5,52,57,1.087719298245614,0.037802263481198896,620,Do you think Barry Bonds will make the cut? Because we could clearly use a real slugger up here for next millennium's softball tourney...
4885,4648,1,3,53,57,1.087719298245614,0.04533847748151766,620,Don't worry. I gave him my soft paddle.
4922,4648,1,3,53,57,1.087719298245614,0.04533847748151766,620,That Angel is in charge of the environment.
4870,4648,0,5,52,57,1.087719298245614,0.037802263481198896,620,"He might be an angel, but his coordination needs a lot of work. I wonder if we could make a deal with you know who?"
4862,4648,1,3,53,57,1.087719298245614,0.04533847748151766,620,...And you wanted him to bat in the four hole on the softball team?
4816,4648,1,3,53,57,1.087719298245614,0.04533847748151766,620,‘God knows what’s inside this’.
4756,4648,0,5,52,57,1.087719298245614,0.037802263481198896,620,"Ourhttps://account.newyorker.com/?retURL=https%3A%2F%2Fwww.newyorker.com%2Fcartoons%2Fcontest%23thisweek%3Freload%3Dtrue GM read the wrong Michael Lewis book: ""Blind Side,"" not ""Moneyball."
4737,4648,1,3,53,57,1.087719298245614,0.04533847748151766,620,No wonder we can't beat the Rangers.
4733,4648,1,3,53,57,1.087719298245614,0.04533847748151766,620,"Don't worry, Mendoza 1:99 says all three times he will miss."
4711,4648,1,3,53,57,1.087719298245614,0.04533847748151766,620,I hear there's no candy in that one...
4689,4648,1,3,53,57,1.087719298245614,0.04533847748151766,620,They wouldn't try so hard if they knew the ball's only filled  with 'Harp Lessons'.
4659,4648,0,5,52,57,1.087719298245614,0.037802263481198896,620,"Well, at least it’s better than musical chairs."
4632,4648,1,3,53,57,1.087719298245614,0.04533847748151766,620,Give him a break. He already knocked it out of the world just to get here.
4538,4648,1,3,53,57,1.087719298245614,0.04533847748151766,620,Sa could only produce the ring by turning right.
4510,4648,2,1,54,57,1.087719298245614,0.051789419347799064,620,The fall out from Earth will not be a pretty sight
4458,4648,1,3,53,57,1.087719298245614,0.04533847748151766,620,He is not counting on being elected
4440,4648,1,3,53,57,1.087719298245614,0.04533847748151766,620,"Must be practicing for that new show, ""So you think you can be an angel-of-death-and-destruction"""
4373,4648,0,5,52,57,1.087719298245614,0.037802263481198896,620,Wait until Satan comes up to bat.
4371,4648,0,5,52,57,1.087719298245614,0.037802263481198896,620,"After what happened last year, no more Pin the Tail on Uranus"
4340,4648,1,3,53,57,1.087719298245614,0.04533847748151766,620,Angel Games:  Tribulation Pinata
4233,4648,0,5,52,57,1.087719298245614,0.037802263481198896,620,"They say he was along ball hitter back on earth."""
4163,4648,0,5,52,57,1.087719298245614,0.037802263481198896,620,Watch out for the molten core.
4103,4648,1,3,53,57,1.087719298245614,0.04533847748151766,620,Do we have to destroy it for its treasures?
4050,4648,1,3,53,57,1.087719298245614,0.04533847748151766,620,Should we given him another swing at it?
3968,4648,0,5,52,57,1.087719298245614,0.037802263481198896,620,Still beats Pin The Tail on Pluto.
3957,4648,1,3,53,57,1.087719298245614,0.04533847748151766,620,Should we take the blindfold off like we did with the Orion Nebula?
2344,4648,1,3,53,57,1.087719298245614,0.04533847748151766,620,This is how earthquakes happen
2144,4648,0,5,52,57,1.087719298245614,0.037802263481198896,620,I’m gonna beat the living $@!# out of this!
2171,4648,1,3,53,57,1.087719298245614,0.04533847748151766,620,Why won't the stupid thing just die already?
1190,4648,0,5,52,57,1.087719298245614,0.037802263481198896,620,The last time we played this Trump fell out.
1181,4648,1,3,53,57,1.087719298245614,0.04533847748151766,620,I think Carlos has an advantage.
1085,4648,1,3,53,57,1.087719298245614,0.04533847748151766,620,They ran out of the Fiesta Donkies.
1081,4648,1,3,53,57,1.087719298245614,0.04533847748151766,620,Divine appropriation.
1051,4648,1,3,53,57,1.087719298245614,0.04533847748151766,620,I hope there is chocolate inside
994,4648,1,3,53,57,1.087719298245614,0.04533847748151766,620,I don’t even like the candy.
978,4648,1,3,53,57,1.087719298245614,0.04533847748151766,620,"With Trump in the White House, why not swing for the fences?"
937,4648,1,3,53,57,1.087719298245614,0.04533847748151766,620,I skipped my turn. The contents are a mess.
933,4648,1,3,53,57,1.087719298245614,0.04533847748151766,620,"Kind of a bizarre theme for a party, huh?"
891,4648,1,3,53,57,1.087719298245614,0.04533847748151766,620,Near earth objects could destroy the earth at any time.
858,4648,1,3,53,57,1.087719298245614,0.04533847748151766,620,"I heard it's filled with sloth, gluttony, and greed...."
1237,4648,1,3,53,57,1.087719298245614,0.04533847748151766,620,I hope it's more than just caramels.
852,4648,0,5,52,57,1.087719298245614,0.037802263481198896,620,"What can I say, he loves candy."
796,4648,1,3,53,57,1.087719298245614,0.04533847748151766,620,I keep telling him the knuckles shouldn't be lined up.
643,4648,0,5,52,57,1.087719298245614,0.037802263481198896,620,I don't think we want this pinata to burst.
635,4648,1,3,53,57,1.087719298245614,0.04533847748151766,620,Do the mortals spill out?
602,4648,1,3,53,57,1.087719298245614,0.04533847748151766,620,"-Do you have an idea how we are going to deal with the debris?
-I hope he misses it."
576,4648,0,5,52,57,1.087719298245614,0.037802263481198896,620,I told you that Muslim got sent to the wrong place.
569,4648,1,3,53,57,1.087719298245614,0.04533847748151766,620,Lefties can't hit anything.
488,4648,0,5,52,57,1.087719298245614,0.037802263481198896,620,I don't know what the bass is thinking.... it's crowed enough here already.
232,4648,1,3,53,57,1.087719298245614,0.04533847748151766,620,The winner of this contest advances to the Pin the Tail on Uranus competition
167,4648,0,5,52,57,1.087719298245614,0.037802263481198896,620,The fate of humanity rests in Mike Trout’s hands.
150,4648,0,5,52,57,1.087719298245614,0.037802263481198896,620,Caption testing
10,4648,0,5,52,57,1.087719298245614,0.037802263481198896,620,I just don't get what he sees in this place.
849,4648,0,5,52,57,1.087719298245614,0.037802263481198896,620,A miss is as good as a mile.
1388,4648,0,5,52,57,1.087719298245614,0.037802263481198896,620,I'm not sure there will be candy falling out of this.
1201,4648,1,3,53,57,1.087719298245614,0.04533847748151766,620,Xxxxxxx
1436,4648,0,5,52,57,1.087719298245614,0.037802263481198896,620,Angels of the feather hit the world together.
2064,4648,1,3,53,57,1.087719298245614,0.04533847748151766,620,That red hot lava can ruin your day.
2017,4648,0,5,52,57,1.087719298245614,0.037802263481198896,620,"We're concerned, he was assigned to get Trump to stop lying"
1970,4648,1,3,53,57,1.087719298245614,0.04533847748151766,620,Not even the California Angels could help that swing.
1932,4648,1,3,53,57,1.087719298245614,0.04533847748151766,620,"Dunno, maybe its magma... but maybe its candy!"
1859,4648,1,3,53,57,1.087719298245614,0.04533847748151766,620,The first draft of the book of Revelations had a much more whimsical climax
1858,4648,1,3,53,57,1.087719298245614,0.04533847748151766,620,"I agree, a pinata's a pinata, but wait till we play, pin the wings on the new guy."
1854,4648,1,3,53,57,1.087719298245614,0.04533847748151766,620,It would be the sixth time She let us hit it.
1821,4648,1,3,53,57,1.087719298245614,0.04533847748151766,620,That makes three
1789,4648,1,3,53,57,1.087719298245614,0.04533847748151766,620,"All that oil will make a dreadful mess, but he'll be filthy rich."
1434,4648,1,3,53,57,1.087719298245614,0.04533847748151766,620,The parties up here are all the same. *sigh*  I think Linda's cheating on me.
1779,4648,0,5,52,57,1.087719298245614,0.037802263481198896,620,Lucifer came up to take another swing at it.
1778,4648,0,5,52,57,1.087719298245614,0.037802263481198896,620,It's filled with jelly babies.
1782,4648,0,5,52,57,1.087719298245614,0.037802263481198896,620,You never know about the fallout. Could be tasty.
1745,4648,2,1,54,57,1.087719298245614,0.051789419347799064,620,"I don't think God will really let Armageddon hit it, but He sure like watching him try."
1459,4648,1,3,53,57,1.087719298245614,0.04533847748151766,620,last week the piñata was Saturn
1751,4648,1,3,53,57,1.087719298245614,0.04533847748151766,620,Do you think we’ll be able to help the earthlings ?
1497,4648,1,3,53,57,1.087719298245614,0.04533847748151766,620,"Go ahead, hit it. Everyone likes explosions."
1515,4648,1,3,53,57,1.087719298245614,0.04533847748151766,620,He got the idea from the Donald.
1461,4648,0,5,52,57,1.087719298245614,0.037802263481198896,620,What's an Abba Zabba?
1533,4648,0,5,52,57,1.087719298245614,0.037802263481198896,620,Back in the life he was considered a real world beater.
1545,4648,0,5,52,57,1.087719298245614,0.037802263481198896,620,"It will be more challenging for him, if you kick him in the balls."
1736,4648,0,5,52,57,1.087719298245614,0.037802263481198896,620,"This certainly won’t help unify Korea 
nor bring peace to the Middle East."
1739,4648,1,3,53,57,1.087719298245614,0.04533847748151766,620,They still think they’re asteroids.
1520,4648,1,3,53,57,1.087719298245614,0.04533847748151766,620,Does Earth even deserve a fighting chance?
2299,4648,0,5,52,57,1.087719298245614,0.037802263481198896,620,I hope there's more than Air Heads and Cry Babies in there.
1960,4759,2,1,55,58,1.0862068965517242,0.05091113426974493,620,Watch this; all the sinners fall out.
4049,4759,1,3,54,58,1.0862068965517242,0.044575586536534074,620,What’s his batting average?
3465,4759,1,3,54,58,1.0862068965517242,0.044575586536534074,620,He was much more effective at our farm team in L.A.
2682,4759,0,5,53,58,1.0862068965517242,0.03717555967998436,620,"Last time he tried, dinosaurs were history."
2624,4759,1,3,54,58,1.0862068965517242,0.044575586536534074,620,The world is hanging on to a thin thread. Jesus isn't helping.
2029,4759,1,3,54,58,1.0862068965517242,0.044575586536534074,620,They decided flipping a coin lacked joie de vive.
1184,4759,1,3,54,58,1.0862068965517242,0.044575586536534074,620,Why does he keep hitting Africa?
699,4759,2,1,55,58,1.0862068965517242,0.05091113426974493,620,It's called lose-lose-lose.
393,4759,0,5,53,58,1.0862068965517242,0.03717555967998436,620,Every now and then the Big Guy lets one of us get their attention.
89,4759,1,3,54,58,1.0862068965517242,0.044575586536534074,620,Three strikes and he's outta here.
1904,4759,1,3,54,58,1.0862068965517242,0.044575586536534074,620,The Himalayas are going to give him a concussion again
1044,4770,0,5,54,59,1.0847457627118644,0.03656923485905472,620,That was a 6.0 on the Richter scale.
3157,4771,1,2,51,54,1.0740740740740742,0.044642002106734975,620,Let's smash the world pinata: whose head will be the first to fall out?
3270,4771,1,2,51,54,1.0740740740740742,0.044642002106734975,620,Won't he be surprised when he finds out it's filled with angel dust and not the usual candy!
3307,4771,1,2,51,54,1.0740740740740742,0.044642002106734975,620,"Hey you remember that song Angels We Haven’t Heard Too Much Lately On High, Because Craig Keeps Whiffing?"
3319,4771,1,2,51,54,1.0740740740740742,0.044642002106734975,620,"When it breaks, you''ll hear a lot F-bombs..."
3353,4771,1,2,51,54,1.0740740740740742,0.044642002106734975,620,Did God forsake Earth Day?
3429,4771,0,4,50,54,1.0740740740740742,0.035973550457676445,620,Total asshole.
3580,4771,1,2,51,54,1.0740740740740742,0.044642002106734975,620,Are you ready to rummmblllle?!
3636,4771,1,2,51,54,1.0740740740740742,0.044642002106734975,620,God only said he wouldn't destroy the earth by flood!
3646,4771,1,2,51,54,1.0740740740740742,0.044642002106734975,620,You are making me nervous
3647,4771,0,4,50,54,1.0740740740740742,0.035973550457676445,620,He had the world on a string but now he’s single again.
3360,4771,1,2,51,54,1.0740740740740742,0.044642002106734975,620,"We tried Jupiter, but the contestants kept missing."
3125,4771,0,4,50,54,1.0740740740740742,0.035973550457676445,620,He's peeking. He likes the Yankees' chances this year.
2958,4771,2,0,52,54,1.0740740740740742,0.0518817922942574,620,"What's with the blindfold?  He never makes contact with his eye on the ball."""
2907,4771,0,4,50,54,1.0740740740740742,0.035973550457676445,620,He's trying to help them with climate change!
2865,4771,0,4,50,54,1.0740740740740742,0.035973550457676445,620,"At this point, if he ever makes contact they ARE going to know what hit ‘em."
2818,4771,1,2,51,54,1.0740740740740742,0.044642002106734975,620,"Good we're not in Cali any more, this could be THE BIG ONE."
2817,4771,1,2,51,54,1.0740740740740742,0.044642002106734975,620,"I presume this will end in a newer, better world order."
2737,4771,1,2,51,54,1.0740740740740742,0.044642002106734975,620,Wouldn't miss it for the world!
2583,4771,0,4,50,54,1.0740740740740742,0.035973550457676445,620,"See...if he manages to whack the globe in just the right place,
it will break into tiny pieces which will then trickle down through the cloud structure onto everyone beneath"
2582,4771,1,2,51,54,1.0740740740740742,0.044642002106734975,620,I'm waiting for Uranus
2549,4771,1,2,51,54,1.0740740740740742,0.044642002106734975,620,If he misses again we’re sending him to the minors.
2525,4771,1,2,51,54,1.0740740740740742,0.044642002106734975,620,He’s trying to put it back in orbit
2494,4771,0,4,50,54,1.0740740740740742,0.035973550457676445,620,Swings like a rusty heaven's gate.
2489,4771,0,4,50,54,1.0740740740740742,0.035973550457676445,620,What is that sound?it sounds like help!help! And why is he shivering?
2993,4771,1,2,51,54,1.0740740740740742,0.044642002106734975,620,"How can he miss hitting that huge ball?"" ""He must be a starter for the Mets."""
3655,4771,1,2,51,54,1.0740740740740742,0.044642002106734975,620,Recommend you bunt.
3734,4771,1,2,51,54,1.0740740740740742,0.044642002106734975,620,"Don't worry, they'll think it was a meteor..."
3740,4771,1,2,51,54,1.0740740740740742,0.044642002106734975,620,"I've tried to tell him not to choke up so much but you know angels, they don't think they can ever do wrong."""
4841,4771,0,4,50,54,1.0740740740740742,0.035973550457676445,620,Next event is Pin the Tail on the Comet.
4823,4771,1,2,51,54,1.0740740740740742,0.044642002106734975,620,Prince Lucifer’s taunted would-be despots for millennia with that hologram.
2470,4771,1,2,51,54,1.0740740740740742,0.044642002106734975,620,Haha and they think it
4676,4771,0,4,50,54,1.0740740740740742,0.035973550457676445,620,I thought that that planet was called Earth... why is everyone calling it Pandora now?
4675,4771,1,2,51,54,1.0740740740740742,0.044642002106734975,620,"Earth is full of “sweets”, let’s not let it melt."
4667,4771,1,2,51,54,1.0740740740740742,0.044642002106734975,620,Two strikes... Last chance to send the world into turmoil
4568,4771,1,2,51,54,1.0740740740740742,0.044642002106734975,620,I feel like we were off on Lady Justice.
4844,4771,1,2,51,54,1.0740740740740742,0.044642002106734975,620,I wonder if he's going to hit Japan again.
4518,4771,1,2,51,54,1.0740740740740742,0.044642002106734975,620,"Really, Ariel's aerial reel was a real error."
4457,4771,1,2,51,54,1.0740740740740742,0.044642002106734975,620,Woes idea was it to have the CIA assinate world leaders?
4268,4771,1,2,51,54,1.0740740740740742,0.044642002106734975,620,At the last party we played Pin The Tail on the Democrats.
3695,4771,1,2,51,54,1.0740740740740742,0.044642002106734975,620,"Just pray that the Commissioner drops the blindfold rule 
next millennium."
4261,4771,0,4,50,54,1.0740740740740742,0.035973550457676445,620,Angels should stick to proselytizing!
4218,4771,1,2,51,54,1.0740740740740742,0.044642002106734975,620,Come bat globe ball warming our cloud.
4136,4771,0,4,50,54,1.0740740740740742,0.035973550457676445,620,I believe he's just global warming-up.
4059,4771,0,4,50,54,1.0740740740740742,0.035973550457676445,620,Next we're going to play pin Jesus on the cross.
4037,4771,0,4,50,54,1.0740740740740742,0.035973550457676445,620,"Hot, wait, cold! Warmer... Cooler.. Oh, we’ll get there someday."
4006,4771,1,2,51,54,1.0740740740740742,0.044642002106734975,620,That's Eros. We hate him.
3926,4771,1,2,51,54,1.0740740740740742,0.044642002106734975,620,I wonder what they'll say...
3886,4771,1,2,51,54,1.0740740740740742,0.044642002106734975,620,"He may, or may not, throw dice 
but he sure can make one helluva Piñata."
3847,4771,1,2,51,54,1.0740740740740742,0.044642002106734975,620,"Hey 45, you're up next, go easy on it this time!"
3843,4771,1,2,51,54,1.0740740740740742,0.044642002106734975,620,Do you think we are having a party or is there a new Devil?
3841,4771,0,4,50,54,1.0740740740740742,0.035973550457676445,620,They won't know what it them.
3779,4771,0,4,50,54,1.0740740740740742,0.035973550457676445,620,"Don’t worry, he’s a Trump—He’ll try again."
4244,4771,1,2,51,54,1.0740740740740742,0.044642002106734975,620,"Do me a favor,  tell DiMaggio he's up next at bat."" From dust thou once came, and unto dust thou shalt return."
2410,4771,1,2,51,54,1.0740740740740742,0.044642002106734975,620,I hear there’s Hot Rocks inside.
170,4771,1,2,51,54,1.0740740740740742,0.044642002106734975,620,"What do you bet, there's only sour lemon drops inside?"
2359,4771,1,2,51,54,1.0740740740740742,0.044642002106734975,620,"Beats last year, with ""Godzo the Clown."""
1037,4771,1,2,51,54,1.0740740740740742,0.044642002106734975,620,The Rapture will never get here.
968,4771,1,2,51,54,1.0740740740740742,0.044642002106734975,620,Do you think the folks on there realize this is what causes their problems?
951,4771,1,2,51,54,1.0740740740740742,0.044642002106734975,620,Should we tell him it's really full of ?
944,4771,1,2,51,54,1.0740740740740742,0.044642002106734975,620,"Is this what they call “fate?"""
880,4771,1,2,51,54,1.0740740740740742,0.044642002106734975,620,Lucifer is so close!
717,4771,1,2,51,54,1.0740740740740742,0.044642002106734975,620,They deserve it...have you seen what they've done to our air quality?
676,4771,1,2,51,54,1.0740740740740742,0.044642002106734975,620,I told the boss by us playing this game its creating devastation and killing a lot of people. He does not care.
646,4771,1,2,51,54,1.0740740740740742,0.044642002106734975,620,We filled it with rock candy.
642,4771,1,2,51,54,1.0740740740740742,0.044642002106734975,620,He's in there. Somewhere.
626,4771,1,2,51,54,1.0740740740740742,0.044642002106734975,620,They always taste like chicken.
1061,4771,1,2,51,54,1.0740740740740742,0.044642002106734975,620,"God,  I hope there’s more than molten iron in there. I got a real sweet tooth!"
598,4771,1,2,51,54,1.0740740740740742,0.044642002106734975,620,He hit Hawaii on his last turn.
489,4771,0,4,50,54,1.0740740740740742,0.035973550457676445,620,"If he hits Kona again, I shudder to think."
398,4771,1,2,51,54,1.0740740740740742,0.044642002106734975,620,That exactly will spill out?
370,4771,1,2,51,54,1.0740740740740742,0.044642002106734975,620,He always misses--none of the steroid guys can get in
337,4771,1,2,51,54,1.0740740740740742,0.044642002106734975,620,I hope I win one of the tickets out of this bible-induced virtual reality.
214,4771,1,2,51,54,1.0740740740740742,0.044642002106734975,620,This is what happens when The Almighty starts leaving his Creations just laying around.
190,4771,1,2,51,54,1.0740740740740742,0.044642002106734975,620,"Ah, for the old days when we were only trying out earthly contrivances like ladders and trumpets."
120,4771,1,2,51,54,1.0740740740740742,0.044642002106734975,620,He never could hit the high hard one.
84,4771,1,2,51,54,1.0740740740740742,0.044642002106734975,620,That angel has definitively failed at smashing the earth piñata.
4,4771,1,2,51,54,1.0740740740740742,0.044642002106734975,620,"Call Dad, I think its about to shatter"
2399,4771,1,2,51,54,1.0740740740740742,0.044642002106734975,620,I don’t think this is what the boss meant by entertaining angels unawares.
568,4771,0,4,50,54,1.0740740740740742,0.035973550457676445,620,Let’s destroy Earth!
1076,4771,1,2,51,54,1.0740740740740742,0.044642002106734975,620,"Ever since God removed the sports bar,this has been the only fun thing for guys to do together."
32,4771,1,2,51,54,1.0740740740740742,0.044642002106734975,620,Sure hope these humans taste better than the dinosaurs.
1170,4771,1,2,51,54,1.0740740740740742,0.044642002106734975,620,Would you say we have a plethora of piñatas?
2311,4771,1,2,51,54,1.0740740740740742,0.044642002106734975,620,The last time we did this we only ended up with Mars Bars.
2328,4771,0,4,50,54,1.0740740740740742,0.035973550457676445,620,Even The Angels Are Sticking Out
2262,4771,1,2,51,54,1.0740740740740742,0.044642002106734975,620,I heard he was drafted in the first round  to Anaheim.
2109,4771,1,2,51,54,1.0740740740740742,0.044642002106734975,620,He's one of Trump's disciples.
2057,4771,0,4,50,54,1.0740740740740742,0.035973550457676445,620,"are you sure Donald belongs here, he already tried to destroy the earth."
2033,4771,1,2,51,54,1.0740740740740742,0.044642002106734975,620,"The odds are nice, handsome and thin."
1988,4771,1,2,51,54,1.0740740740740742,0.044642002106734975,620,It's about how many angels can have a fit at a piñata.
1092,4771,1,2,51,54,1.0740740740740742,0.044642002106734975,620,I don't think it will be filled with candy...
1966,4771,1,2,51,54,1.0740740740740742,0.044642002106734975,620,"When he whacks it good and hard, he’s pretending he’s the American President."
1913,4771,0,4,50,54,1.0740740740740742,0.035973550457676445,620,People think it was a meteor that killed the dinosaurs when it was really an angel and a full bottle of Ripple.
1849,4771,1,2,51,54,1.0740740740740742,0.044642002106734975,620,He's the Angel's designated hitter!
1987,4771,1,2,51,54,1.0740740740740742,0.044642002106734975,620,Does he know hot magma comes out if he hits it?
1767,4771,1,2,51,54,1.0740740740740742,0.044642002106734975,620,He came up from the Mets.
1793,4771,1,2,51,54,1.0740740740740742,0.044642002106734975,620,We could name a comet or asteroid after him: near miss.
1215,4771,1,2,51,54,1.0740740740740742,0.044642002106734975,620,"If he ever hits it, He's going to be angry. There 's no candy inside. Just foam packing worms."
1259,4771,1,2,51,54,1.0740740740740742,0.044642002106734975,620,Hope there's better candy in this one. Last one was full of red hots.
1468,4771,1,2,51,54,1.0740740740740742,0.044642002106734975,620,Lava and molten rock. What's the big deal?
1541,4771,1,2,51,54,1.0740740740740742,0.044642002106734975,620,Stick around - there's manna and ice cream next.
1191,4771,1,2,51,54,1.0740740740740742,0.044642002106734975,620,His international politics are a bit touch and go...
1670,4771,1,2,51,54,1.0740740740740742,0.044642002106734975,620,"Guidance, now, means guidance systems, so let's beat the hell out of it."
1701,4771,1,2,51,54,1.0740740740740742,0.044642002106734975,620,Let's go the videotape.  I think that you're launch angle was a bit off.
1730,4771,1,2,51,54,1.0740740740740742,0.044642002106734975,620,He never could hit worth a lick
1744,4771,1,2,51,54,1.0740740740740742,0.044642002106734975,620,"Its Trump, setting the world on Fire!  God bless him!"
1642,4771,1,2,51,54,1.0740740740740742,0.044642002106734975,620,"It turns out that the right doctrine is pinata, not predestination."
1634,4877,1,2,52,55,1.0727272727272728,0.04384350386709234,620,Donkeys deserved better.
2209,4877,0,4,51,55,1.0727272727272728,0.03533910239300183,620,Hell of a way to drive Hell away.
2380,4877,1,2,52,55,1.0727272727272728,0.04384350386709234,620,"He was a New York Yankee  star in his other life.  Now up here he's 
showing off."""
4464,4877,1,2,52,55,1.0727272727272728,0.04384350386709234,620,We’re all wondering what treats he’ll find when it breaks.
4065,4881,0,3,48,51,1.0588235294117647,0.0332756132323081,620,I bet one of those composite carbon bats would do the job.
3486,4881,0,3,48,51,1.0588235294117647,0.0332756132323081,620,He gets as many as it takes until he hits him.
3402,4881,1,1,49,51,1.0588235294117647,0.043492300025134954,620,"If you thought that global warming was bad, wait until Gabriel gets a whack at that thing."
3028,4881,0,3,48,51,1.0588235294117647,0.0332756132323081,620,Wake me when they bring out the usfood cake.
1231,4881,0,3,48,51,1.0588235294117647,0.0332756132323081,620,Darryl always was a sucker for the high hard one.
1853,4881,1,1,49,51,1.0588235294117647,0.043492300025134954,620,Molten candy; great once it cools.
547,4881,0,3,48,51,1.0588235294117647,0.0332756132323081,620,You sure it's full of candy?
756,4881,0,3,48,51,1.0588235294117647,0.0332756132323081,620,I told you the invention of the pinata would be revolutionary!
435,4881,0,3,48,51,1.0588235294117647,0.0332756132323081,620,I hear its filled with sugar-free candy.
2584,4890,0,3,49,52,1.0576923076923077,0.032649026447198685,620,What Gabriel doesn't know is that I filled it with turds wrapped like candy.
2728,4890,0,3,49,52,1.0576923076923077,0.032649026447198685,620,He played for the Mets.
2768,4890,0,3,49,52,1.0576923076923077,0.032649026447198685,620,The Father is giving him a few million extra turns...as a mortal he struck out four times in his last World Series.
2770,4890,0,3,49,52,1.0576923076923077,0.032649026447198685,620,And to think he was drafted by the Yankees.
2838,4890,0,3,49,52,1.0576923076923077,0.032649026447198685,620,"I hate saying it, but the African and Indigenous angels were blowing sweet grass and shit, I know it's fun, but this is going to be over very soon at this rate!"
3077,4890,0,3,49,52,1.0576923076923077,0.032649026447198685,620,He couldn't hit a pinata if it bit him on the ass!
3848,4890,0,3,49,52,1.0576923076923077,0.032649026447198685,620,Thank God he is such a poor hitter!
3346,4890,1,1,50,52,1.0576923076923077,0.042662709019953504,620,"No way he hits it out of the cosmos.  He can't even SEE a high, hard one."
3398,4890,0,3,49,52,1.0576923076923077,0.032649026447198685,620,Those are the Guardian Angels from Los Angeles.
3523,4890,0,3,49,52,1.0576923076923077,0.032649026447198685,620,Better Angels are better blind.
3556,4890,1,1,50,52,1.0576923076923077,0.042662709019953504,620,"Scotty, in the on-deck circle, will hit it out of the park."""
3624,4890,0,3,49,52,1.0576923076923077,0.032649026447198685,620,Nothing ever good out of  this.
3815,4890,0,3,49,52,1.0576923076923077,0.032649026447198685,620,"If this flat earth society doesn’t take off .... and, given where we are, I don’t think it will ... you should go into party planning."
3826,4890,0,3,49,52,1.0576923076923077,0.032649026447198685,620,We have been swatting at this for millennia.
3197,4890,0,3,49,52,1.0576923076923077,0.032649026447198685,620,Strike!
3982,4890,0,3,49,52,1.0576923076923077,0.032649026447198685,620,It's his turn to destroy the world.
4102,4890,0,3,49,52,1.0576923076923077,0.032649026447198685,620,That's strike three. How about those peanuts and crackerjacks.
4696,4890,0,3,49,52,1.0576923076923077,0.032649026447198685,620,The Big Guy says the he's okay with molten lava instead of candy.
4821,4890,0,3,49,52,1.0576923076923077,0.032649026447198685,620,All this time I've been blaming the White House.
4827,4890,0,3,49,52,1.0576923076923077,0.032649026447198685,620,I don't think he'll break it....he's really a pacifist.
4629,4890,1,1,50,52,1.0576923076923077,0.042662709019953504,620,"He's launching the new picante manna product."""
4589,4890,0,3,49,52,1.0576923076923077,0.032649026447198685,620,"One of these days, it will be Abraham who teaches God a lesson and I don't want to be around to see it."
4577,4890,0,3,49,52,1.0576923076923077,0.032649026447198685,620,"On a good day, he has a .750 batting average!"
3942,4890,0,3,49,52,1.0576923076923077,0.032649026447198685,620,Hitting that piñata will take a miracle.
4461,4890,0,3,49,52,1.0576923076923077,0.032649026447198685,620,I’ve been standing here for 3 hours.
4311,4890,0,3,49,52,1.0576923076923077,0.032649026447198685,620,It's not nearly as much fun when it's flat.
4302,4890,0,3,49,52,1.0576923076923077,0.032649026447198685,620,God asked me to find out if one of us is causing climate change.  Do you know of a better way to do it?
4227,4890,0,3,49,52,1.0576923076923077,0.032649026447198685,620,I don’t it’s gonna be candy coming out of this one.
2579,4890,0,3,49,52,1.0576923076923077,0.032649026447198685,620,I keep thinking he is counting on Dennis Rodman for verification.
4200,4890,0,3,49,52,1.0576923076923077,0.032649026447198685,620,The proof of Big Bang Theory will stay with G-d the Mighty.
4174,4890,1,1,50,52,1.0576923076923077,0.042662709019953504,620,This one's not filled with candy...
4384,4890,1,1,50,52,1.0576923076923077,0.042662709019953504,620,"When you said, ""add in some Milky Ways..."""
2541,4890,0,3,49,52,1.0576923076923077,0.032649026447198685,620,Confectionator or Despoliatior?
984,4890,0,3,49,52,1.0576923076923077,0.032649026447198685,620,It's a Zen-FORCE Pinata
2445,4890,0,3,49,52,1.0576923076923077,0.032649026447198685,620,Marshmallow Circus Peanuts? I think it's filled with Necco wafers.
149,4890,0,3,49,52,1.0576923076923077,0.032649026447198685,620,This one is mostly empty but the next one is loaded with Mars bars.
453,4890,0,3,49,52,1.0576923076923077,0.032649026447198685,620,Can't wait for the fallout.
680,4890,0,3,49,52,1.0576923076923077,0.032649026447198685,620,"After a year and a half, aren't you bored of doing the Trump thing every day?"
2511,4890,0,3,49,52,1.0576923076923077,0.032649026447198685,620,He's just not seeing the pitch lately.
765,4890,0,3,49,52,1.0576923076923077,0.032649026447198685,620,I'm betting on a new Tesla Model 3
886,4890,0,3,49,52,1.0576923076923077,0.032649026447198685,620,He's taking a crack at peace. He's fed up with the fighting.
894,4890,0,3,49,52,1.0576923076923077,0.032649026447198685,620,"Honestly, I think the string will melt off before Gabriel connects."
935,4890,0,3,49,52,1.0576923076923077,0.032649026447198685,620,This maybe the last Birthday for Earth.
1007,4890,0,3,49,52,1.0576923076923077,0.032649026447198685,620,Probably a good sign . .  before the Summit . . .right?
1054,4890,1,1,50,52,1.0576923076923077,0.042662709019953504,620,Sour grapes.   His wife married a politician after the mob brought him here.
1073,4890,0,3,49,52,1.0576923076923077,0.032649026447198685,620,It's not candy that'sinside.
1188,4890,0,3,49,52,1.0576923076923077,0.032649026447198685,620,last time they filled it with those little oscar meyer smokies.
1223,4890,1,1,50,52,1.0576923076923077,0.042662709019953504,620,"If this is one of God's vegan planets, I quit."
1233,4890,0,3,49,52,1.0576923076923077,0.032649026447198685,620,A grown-up rendition of a child's birthday party! Let's hope the plastic world-ball contains candy to share and not guns to shoot!
736,4890,0,3,49,52,1.0576923076923077,0.032649026447198685,620,He used to play for the Los Angeles Angels.
1327,4890,0,3,49,52,1.0576923076923077,0.032649026447198685,620,I guess it’s a Hispanic thing
1360,4890,1,1,50,52,1.0576923076923077,0.042662709019953504,620,Next we'll play Pin the Tail on the Dictator.
1363,4890,0,3,49,52,1.0576923076923077,0.032649026447198685,620,"Even without the blindfold,the odds of giving world leaders their just deserts are pretty slim."""
1384,4890,0,3,49,52,1.0576923076923077,0.032649026447198685,620,"He's been whiffing since 1945, but I have a feeling he's gonna hit soon..."
1385,4890,0,3,49,52,1.0576923076923077,0.032649026447198685,620,Are we going to catch hell for cultural appropriation?
1421,4890,0,3,49,52,1.0576923076923077,0.032649026447198685,620,Wait 'til he sees what's inside.
1679,4890,0,3,49,52,1.0576923076923077,0.032649026447198685,620,I thought Phil liked his family
1766,4890,0,3,49,52,1.0576923076923077,0.032649026447198685,620,"It allows him to vent first, and reflect, before deciding if he wants to get the gang of seven back together."
1953,4890,0,3,49,52,1.0576923076923077,0.032649026447198685,620,Even before Little League he kept hitting the tee.
2102,4890,1,1,50,52,1.0576923076923077,0.042662709019953504,620,I'm going to add a Trump sign to the end of that stick and see what happens.
2120,4890,0,3,49,52,1.0576923076923077,0.032649026447198685,620,"It's not rolling dice, but it is random and blind."
2140,4890,0,3,49,52,1.0576923076923077,0.032649026447198685,620,"Yeah, I guess the decision to have us play this particular game was kind of like, what the,....."
2227,4890,0,3,49,52,1.0576923076923077,0.032649026447198685,620,Said his name is Trump and that he is from Mexico
1271,4890,0,3,49,52,1.0576923076923077,0.032649026447198685,620,If we don't catch them they fall through the clouds and are gone.
4411,4954,0,3,50,53,1.0566037735849056,0.03204557643805459,620,Should we sing Halleluja or The Battle Hymn Of The Republic?
3958,4954,0,3,50,53,1.0566037735849056,0.03204557643805459,620,"I didn't think he'd really meet with the ""Dear Leader!"" It was Friday night and there was nothing good on Netflix. Since when does HE listen to his inner voice??"
3359,4954,0,3,50,53,1.0566037735849056,0.03204557643805459,620,We might need to tweak this latin angel disco theme.
750,4954,0,3,50,53,1.0566037735849056,0.03204557643805459,620,"Holy moly! The divine angel has a heavenly swing, leaving a celestial wake in the path of the etheral  planet."
986,4958,0,2,46,48,1.0416666666666667,0.029147663515556005,620,So far he has trumped this game.
1685,4958,0,2,46,48,1.0416666666666667,0.029147663515556005,620,No wonder she missed......she is standing on the clouds !
1842,4958,0,2,46,48,1.0416666666666667,0.029147663515556005,620,"If he hits America,  the whole thing will blow"
4142,4958,0,2,46,48,1.0416666666666667,0.029147663515556005,620,What's my target? Blue or Red?
2984,4962,0,2,47,49,1.0408163265306123,0.028559278271677983,620,"Swing and a miss! Oh, these amateur dictators..."
4582,4963,0,1,43,44,1.0227272727272727,0.022990024493585143,620,"Maybe if he hits the Middle East this time, more oil will spill out."
4413,4963,0,1,43,44,1.0227272727272727,0.022990024493585143,620,"Gabe’s been taking millennia, at least the last party had dinosaurs."
4257,4963,0,1,43,44,1.0227272727272727,0.022990024493585143,620,It's not as easy as you all think.
4032,4963,0,1,43,44,1.0227272727272727,0.022990024493585143,620,You know when Trump pretends to be all Godly? It’s really just this guy.
3553,4963,0,1,43,44,1.0227272727272727,0.022990024493585143,620,"Ohhh you almost had it. You gotta be quicker than that."" -Go"
784,4963,0,1,43,44,1.0227272727272727,0.022990024493585143,620,It’s all about attitude!
2195,4963,0,1,43,44,1.0227272727272727,0.022990024493585143,620,Is this what angles do to become a angle...?
1148,4963,0,1,43,44,1.0227272727272727,0.022990024493585143,620,I'm hoping it's filled with individually-wrapped fossil fuels.
2980,4963,0,1,43,44,1.0227272727272727,0.022990024493585143,620,We've never had anybody look any good at this since Mike Trout went South.
4721,4963,0,1,43,44,1.0227272727272727,0.022990024493585143,620,What do you mean he wanted one for his birthday?
1226,4973,0,0,86,86,1.0,0.011696106429438607,620,"It seems that Gabriel is using his birthday as yet, another excuse to trigger The Apocalypse."
898,4973,0,0,148,148,1.0,0.006779699969660707,620,They say it's filled with boiling rock.
