target_id,rank,funny,somewhat_funny,unfunny,count,score,precision,contest,caption
3587,1,3111,4215,2591,9917,2.0524352122617726,0.007596513727380446,624,Of course I am happy to see you! I just need a little time to decompose myself!
36,2,1603,1854,1897,5354,1.945087784833769,0.011025347354942452,624,"Hey, weren’t you a member of the placebo group?"
2893,3,2469,3342,3004,8815,1.93930799773114,0.008368023949249495,624,"'Til death do us part"" was the agreement, Susan."
2258,4,2197,3421,2803,8421,1.928037050231564,0.008360743048651377,624,"Well, so much for resting in peace"
1014,5,2068,2696,2749,7513,1.9093571143351524,0.009179165634250013,624,"Of all the skeletons in all the world, I get stuck next to the one from my closet."
1327,6,2352,2298,3092,7742,1.9044174631878068,0.009468783161721454,624,Biggest Funeral Ever! People all over the world were in the streets! You should have seen the crowds! Biggest crowds in the history of the world! Nobody wanted to miss my funeral! Everyone wanted to see me off. Millions! Biggest sendoff ever! So Big.
1020,7,2016,2699,2897,7612,1.8842616920651603,0.009112740162608173,624,Yes mother! I was wearing clean underwear.
3125,8,1647,2090,2779,6516,1.8262737875997546,0.009981335439758383,624,"In retrospect, ""Sorry"" would have been better than
"" So shoot me""."
3516,9,1725,2752,3033,7510,1.825832223701731,0.00896287043259088,624,Please!  I just got OUT of a relationship!
2180,10,1041,1764,1894,4699,1.818472015322409,0.01122213278776415,624,This is going to feel like an eternity.
122,11,1715,3289,3366,8370,1.802747909199522,0.00823931539724147,624,What part of 'until death do us part' don't you understand?
1355,12,1516,2005,2760,6281,1.801942365865308,0.010107357542109561,624,"GOP Healthcare, how about you?"
2145,13,1361,1737,2606,5704,1.7817321178120618,0.010658125991436996,624,"No, seriously. He's president now, so turn over."
3470,14,718,819,1503,3040,1.7417763157894737,0.014780533721412071,624,I misspoke; I meant to say I WOULDN’T like to be dead.
3498,15,1194,1999,2743,5936,1.7390498652291104,0.010013859536818137,624,"Marge, this is the first time I'm not lying: you look like you've lost weight."
3597,16,1269,2725,3152,7146,1.7364959417856143,0.008767531851244102,624,"Look, I just need a minute to decompose, is that too much to ask?"
3494,17,1001,1916,2607,5524,1.7092686459087618,0.010146716320905375,624,"Sorry, but I'm looking for someone with a little more substance."
99,18,828,1826,2357,5011,1.6948712831770105,0.010405914778224473,624,"Do the words ""rest in peace"" mean ANYTHING to you?"
1514,19,713,1068,1819,3600,1.6927777777777777,0.013007658413877072,624,So now you're finally in the mood?
2627,20,810,1481,2232,4523,1.685606898076498,0.011263788896002292,624,"Well, I guess that just leaves taxes."
477,21,700,1332,1998,4030,1.6779156327543425,0.011849772910709343,624,Oh great...an extrovert.
3348,22,703,1266,1984,3953,1.6759423222868708,0.012059270064220872,624,Forget it. You're dead to me.
39,23,855,1917,2644,5416,1.6696824224519942,0.009957796839618126,624,"I get it, Mom, I haven’t visited in a while."
25,24,523,1196,1854,3573,1.6274839070808844,0.012140681555480537,624,Is it too late to request cremation?
1484,25,561,847,1758,3166,1.6219204042956412,0.013647859903120358,624,"I don't know. Just a few days ago, I was the President's translator at a summit in Helsinki . . . ."
3157,26,483,879,1619,2981,1.618919825561892,0.013707275373367248,624,"For the hundredth time, lady, I'm not interested in jumping your bones!"
1567,27,597,1092,2029,3718,1.6148466917697686,0.012251848212637485,624,The irony is...I was 'thinking Outside the box'
2766,28,353,704,1268,2325,1.6064516129032258,0.015276059364613181,624,I was flirting with death and now death is flirting with me.
3211,29,574,1200,2100,3874,1.6060918946824987,0.011753987493853667,624,Of all the graveyards in all the towns in all the world ...
3733,30,251,688,1093,2032,1.5856299212598426,0.0155280397999653,624,You can't go anywhere without seeing someone you know.
3705,31,504,1060,1980,3544,1.5835214446952597,0.012201254169334054,624,This is going to make eternity seem like forever!
483,32,185,421,804,1410,1.5609929078014184,0.019000788387432063,624,"Hey Pal, it's over. Put a lid on it."
239,33,231,599,1087,1917,1.5534689619196662,0.015961570417615003,624,So much for “you can sleep when you’re dead!”.
2628,34,251,502,1095,1848,1.5432900432900434,0.0167753879355495,624,Remember me? I was in your closet!
3383,35,327,844,1602,2773,1.5402091597547782,0.013216873398174634,624,"I told you I’d see you in hell, and I’m sticking to that."
320,36,334,451,1307,2092,1.5348948374760993,0.016482879743180183,624,"Donald, is that you? It's me, Hitler."
1776,37,198,570,1046,1814,1.5325248070562294,0.01605362345745172,624,"Thanks, but I'm still in the denial stage."
2382,38,218,484,1076,1778,1.517435320584927,0.016688670926634556,624,"Your Match profile said, ""slim, and haunting"", but this is ridiculous."
3405,39,233,466,1123,1822,1.5115257958287596,0.0166633174110566,624,"I meant to say, I see no reason why I *wouldn't* want to be cremated.  Double negatives are so damn confusing!"
2587,40,116,208,537,861,1.511033681765389,0.024573865418446212,624,Let me just interject: I WAS your therapist.
143,41,159,352,802,1313,1.5102817974105103,0.019366643255950174,624,I meant Australia when I made a wish to live peacefully down under.
792,42,123,274,630,1027,1.5063291139240507,0.02184235030080667,624,How should I know the wi-fi password? I just got here.
1621,43,207,451,1073,1731,1.4997111496244946,0.01681535266507574,624,"No Mom, I'm still not seeing anyone."
2289,44,214,374,1019,1607,1.4990665836963286,0.01793050640126728,624,"The last thing I remember saying was, ""May I rot in hell if in fact he colluded."""
3238,45,186,244,814,1244,1.495176848874598,0.0210162582543178,624,"I was walking along Fifth Avenue, minding my own business, when, suddenly, Trump shows up and shoots me."
1878,46,156,283,766,1205,1.4937759336099585,0.020558692069795676,624,Gimme some skin!
1415,47,229,314,1026,1569,1.4920331421287445,0.01858931490286002,624,My mother's still trying to fix me up.
387,48,117,313,688,1118,1.4892665474060822,0.020275345414351654,624,You remind me of myself when I first died.
2114,49,142,336,791,1269,1.4885736800630418,0.019327570277776623,624,Give me a minute.  I need to decompose myself.
3011,50,117,315,698,1130,1.4858407079646017,0.0201165593837734,624,It's me! Bob from Accounts!
526,51,106,257,606,969,1.4840041279669762,0.022000337662226185,624,Thank you; but I've stopped writing music. I'm decomposing now.
80,52,103,250,602,955,1.4774869109947644,0.022082368368763292,624,Someone has made a grave mistake.
2056,53,144,325,815,1284,1.4774143302180685,0.019216714457192648,624,Sorry... I’m just not into older women.
3056,54,102,286,644,1032,1.4748062015503876,0.020823019678236035,624,"""Did they cure cancer?  How're the Yankees doing?  Who's President?"""
2524,55,115,349,758,1222,1.4738134206219313,0.018929809189593506,624,I'm not that kind of corpse.
855,56,104,301,679,1084,1.4695571955719557,0.020178226073138197,624,"Just so you know. What happens here, stays here."
2200,57,117,282,707,1106,1.4665461121157324,0.020413243733076583,624,I don't date older women!
3370,58,52,114,302,468,1.4658119658119657,0.03175971754510955,624,This is exactly why I didn't want an open casket.
569,59,108,270,668,1046,1.4646271510516253,0.020872126455064217,624,I see your coffin was half off too.
2,60,115,241,663,1019,1.4622178606476939,0.021584666567632294,624,"No, I'm NOT interested in 'jumping your bones.'"
335,61,90,284,634,1008,1.4603174603174602,0.02059195291712721,624,"Fine, Mom, I should have eaten my veggies. You happy now?"
558,62,90,247,591,928,1.4601293103448276,0.021845190469609234,624,This is just temporary. I have the best attorneys.
1201,63,110,231,641,982,1.4592668024439919,0.021943616775767418,624,I misspoke.  I mean't to say I WOULDN'T want to die!!
2181,64,94,182,546,822,1.4501216545012166,0.02408426672538828,624,"What do you mean,you see dead people."
999,65,67,146,412,625,1.448,0.027201055786447624,624,"OMG, it's the Welcome Coffin."
2636,66,83,224,564,871,1.4477611940298507,0.022433980819845725,624,Like an extra 500 buck for a lid would have killed them!
2967,67,85,209,555,849,1.4464075382803299,0.022968482797370994,624,"Yes, Eleanor, I turned on the dishwasher before I had my heart attack."
2188,68,83,194,533,810,1.4444444444444444,0.023633267596134933,624,"Mothers are forever, son."
3012,69,77,177,493,747,1.4431057563587684,0.024640063341925575,624,I knew I was in trouble when I heard the surgeon say “oops”
2042,70,82,187,529,798,1.4398496240601504,0.023811675297447595,624,"Does the letters R I P mean anything to you?"""
1175,71,74,169,479,722,1.4390581717451523,0.025017947597991985,624,"Lady, I'd buy you a drink, but clearly you can't hold your liquor."
2939,72,72,188,499,759,1.4374176548089592,0.023977968400996186,624,Jeez Ma- don’t look so happy to see me?!
2670,73,83,163,507,753,1.4369189907038513,0.02490600183719007,624,This is Chicago. Of course I voted.
3331,74,87,146,503,736,1.434782608695652,0.025612489920575604,624,"I'm telling you I'm not dead.
It's fake news"
2069,75,72,171,482,725,1.4344827586206896,0.024773230649621808,624,"You made it! I told you the family plot was a good idea - we are going to have SUCH a good time! I'll show you around, introduce you to all the neighbors - well, not all the neighbors. There is this one woman, Sheila, don't get me started, she ..."
1031,76,72,156,467,695,1.4316546762589928,0.02553528274244067,624,Just my luck...I get buried next to a telemarketer.
1385,77,71,150,462,683,1.4275256222547583,0.025762670496118856,624,"Who knew health care could be so complicated?"""
648,78,62,133,407,602,1.4269102990033222,0.027382724130146103,624,Perfect. I finally make it into a New Yorker cartoon and it's one that makes no sense.
2351,79,73,140,459,672,1.4255952380952381,0.02623196523804641,624,First they get rid of straws... and now the lids too!
757,80,72,130,442,644,1.4254658385093169,0.026979836467360036,624,"Welcome to the graveyard shift!
We are the skeleton crew."
1541,81,82,120,466,668,1.4251497005988023,0.02710151980766533,624,I meant to say I wouldn't rather be buried alive.
3302,82,60,156,437,653,1.4226646248085757,0.02561472651823063,624,"To be perfectly honest, the years have not been good to you"
1814,83,62,148,434,644,1.4223602484472049,0.02605529032079692,624,This is why coffins have lids.
2487,84,55,149,413,617,1.4197730956239871,0.02616895818766549,624,"Please, I need time to decompose myself."
3051,85,52,159,416,627,1.4194577352472089,0.02557274164337113,624,The vows said until death do us part.
1357,86,66,120,417,603,1.4179104477611941,0.027707740803164776,624,Bonejour.
38,87,57,139,412,608,1.4161184210526316,0.026630174531418294,624,"I asked for VIP, not RIP"
436,88,45,96,307,448,1.4151785714285714,0.03150576746312688,624,Knock it off. I'm trying to rest in peace over here.
938,89,52,139,397,588,1.413265306122449,0.026728104165113103,624,"Yes yes, a 'grave situation', I get it"
1132,90,41,154,380,575,1.4104347826086956,0.02588458595467555,624,"What part of  ""t'ill death do us part"" do you not understand!?"
2512,91,48,119,357,524,1.4103053435114503,0.02851187989854751,624,"and then they said, ""Relax, you won't feel a thing""... and, of course, I didn't."
3711,92,62,110,399,571,1.4098073555166375,0.028378029524808456,624,"Oh God, it's Fran.  Maybe if I play dead, she won't notice me."
2043,93,50,124,374,548,1.4087591240875912,0.027846433621294207,624,"No rest for the wicked, huh?"
724,94,42,145,374,561,1.4081996434937611,0.026434059295395208,624,"Thanks, but I feel like it’s too soon to start dating"
2227,94,55,119,387,561,1.4081996434937611,0.027955676842289005,624,Good news. Your nose falls off faster than the smell goes away.
2634,96,52,118,376,546,1.4065934065934067,0.028146125869099696,624,"Put a lid on it,Pal"
1788,97,46,125,364,535,1.405607476635514,0.027811991470932843,624,"Sure its a tight space, but the rent is to die for"
3674,98,49,119,369,537,1.404096834264432,0.028102223026092343,624,So she says to me [tell the truth. Does this dress make me look fat?] So I did.
3108,99,35,92,274,401,1.4039900249376558,0.03222365884373513,624,Dude. Get a life.
2395,100,47,112,353,512,1.40234375,0.028807241385365442,624,Seriously? You'd like to add me to your professional network on LinkedIn?
2517,101,56,95,365,516,1.4011627906976745,0.029798203817087674,624,"You Hare Krishnas never give up, do you?"
3146,102,39,130,351,520,1.4,0.027412498731513007,624,How many times do I have to tell you-- IT'S OVER!!
1515,103,31,144,341,516,1.3992248062015504,0.026439136887729652,624,Which part of ‘ ‘til death do us part’ didn’t you understand?
2356,104,42,117,345,504,1.3988095238095237,0.028425451109268782,624,Bob? It's Kevin! From HR!
2079,105,44,114,350,508,1.3976377952755905,0.028532493864288876,624,Is it too late for cremation?
2607,106,52,93,351,496,1.3971774193548387,0.030121133768898124,624,"No, I don't want to be friends. You should have figured that out when I killed you."
355,107,43,114,347,504,1.3968253968253967,0.028549768964769528,624,"Put a lid on it, I'm trying to sleep"
631,108,38,106,315,459,1.3965141612200436,0.029731991475077862,624,"No no no ... it’s not what it looks like.
Fake Death.
Trust me, it’s all Fake Death!"
2294,109,34,129,335,498,1.395582329317269,0.027492202471916256,624,The deal was until death do us part!!
1040,110,30,136,330,496,1.3951612903225807,0.026967117533357066,624,"I'm sure you're nice, but I just got out of a long-term relationship."
1625,111,41,113,340,494,1.394736842105263,0.028658709738265283,624,Why am I always stuck next to the guy who wants to talk?
310,112,50,91,343,484,1.3946280991735538,0.03037066842443389,624,"Now that you've got time, I'd like to tell you about our Lord and Savior Jesus Christ."
3295,113,42,104,332,478,1.393305439330544,0.029472955598875347,624,I think it's a little late to stop and smell the roses.
1535,114,38,112,329,479,1.3924843423799582,0.028822943356224213,624,It's the last rent controlled space in the city!
2442,115,45,93,329,467,1.39186295503212,0.030412961207586006,624,"Yes dear, I'm proud that you finally achieved your ideal weight."
1659,116,39,108,328,475,1.391578947368421,0.029138668961071125,624,"Hi neighbor! You're obviously new here. Let me explain the ground rules. Get it, 'ground rules'?! We're in the ground! Oh, man, we're gonna have so much fun together..."
2249,117,43,97,328,468,1.391025641025641,0.03005652322769667,624,All I said was not over my dead body!
1556,118,34,116,321,471,1.3906581740976645,0.028524645489599206,624,"Oh great, I'm stuck next to a talker."
248,119,39,102,322,463,1.388768898488121,0.029647794160102815,624,The nagging was supposed to end at death!
3690,120,42,92,319,453,1.3885209713024282,0.03059161815248781,624,Alright already! You were really sick!
2020,121,34,111,316,461,1.3882863340563991,0.028931158163555067,624,"Pretty good, considering. And how are you?"
599,122,36,106,317,459,1.3877995642701526,0.029340413107354166,624,"Mom, seriously?  I don't know who dressed me."
1102,123,45,82,317,444,1.3873873873873874,0.03151627556828148,624,"""My HMO said life is a pre-existing condition."
1846,124,27,121,305,453,1.3863134657836644,0.02807546207435107,624,"Which part of ""until death do us part"" did you not understand?"
1523,125,41,87,311,439,1.3849658314350797,0.031096964825687204,624,What have I got to lose. Sure I'll  hear about Amway.
2063,126,30,112,305,447,1.3847874720357942,0.028839833770798073,624,‘Til death do us part.’ What part of that do you not understand?!
3443,126,37,98,312,447,1.3847874720357942,0.030032649342571497,624,But death did us part! That was the deal!
2344,128,36,95,304,435,1.3839080459770114,0.030436149816396998,624,"Okay, fine! There was some collusion."
3746,129,41,88,314,443,1.3837471783295712,0.030883918613651085,624,...and then they buried me in the suit I wouldn't get caught dead in!
2398,129,43,84,316,443,1.3837471783295712,0.031212894965546464,624,"Mr. President, Jim Acosta, CNN."
1057,131,39,91,311,441,1.383219954648526,0.030645820169798155,624,"I don't mean to sound shallow, but I prefer girls with a little more meat on their bones."
1758,131,40,89,312,441,1.383219954648526,0.030813527014022648,624,Of all the cemeteries in all the towns in all the world...
2723,131,28,113,300,441,1.383219954648526,0.02873652047608324,624,"Well hello there, handsome.  I always did like a man with a little meat on his bones."
252,134,27,110,291,428,1.3831775700934579,0.029137513912914473,624,"Roger was upset to learn that ""til death do us part"" was more of a sentiment than a rule."
1494,135,35,98,306,439,1.3826879271070616,0.030056688469014235,624,"Man, am I glad to see you!  It’s been so dead around here."
3573,136,41,84,309,434,1.3824884792626728,0.03133412039344932,624,BACK OFF !! I have not yet begun to decompose
1446,137,43,77,307,427,1.3817330210772834,0.03204376679520729,624,"Hi, I'd like to add you to my professional network on LinkedIn."
3335,138,41,84,310,435,1.3816091954022989,0.03127436799278703,624,I still don’t ‘have a moment to talk about our lord and savior.’
1066,139,34,91,292,417,1.381294964028777,0.030969070286691925,624,"You can sleep when you're dead, they said..."
1949,140,36,88,298,422,1.3791469194312795,0.031054723236563987,624,You're dead. Get over it. Learn to live with it.
3515,140,41,78,303,422,1.3791469194312795,0.031948121885092925,624,"’Till death do us part’, was eternity enough."
3214,142,33,95,297,425,1.3788235294117648,0.03035211520957594,624,Fake death.
3073,143,35,85,290,410,1.3780487804878048,0.031501139319504,624,People are saying that was the largest turnout for a funeral ever.
1264,144,35,84,289,408,1.3774509803921569,0.03160530408491731,624,"Yes, Mr. Lincoln, we figured you'd be rolling over in your grave.  I have no idea, either."
1568,145,33,80,275,388,1.3762886597938144,0.032341787318351224,624,"Wait, you're telling me Croatia got to the final?"
1079,146,34,79,278,391,1.3759590792838874,0.03236517966953738,624,"Thanks, but I would have preferred to keep my Medicare, Senator Ryan,"
642,147,31,92,287,410,1.3756097560975609,0.030710676823317386,624,"When I joined the underground, I didn’t know I’d get in so deep."
1482,147,31,92,287,410,1.3756097560975609,0.030710676823317386,624,"Just my luck,stuck with a mime."
1738,147,31,92,287,410,1.3756097560975609,0.030710676823317386,624,"Look lady, you're not my type.  Yet."
178,150,30,92,284,406,1.374384236453202,0.030711880163231568,624,"Look, all I'm saying is that it was listed as a cozy, ground  level studio, and  the price seemed reasonable."
1459,151,30,90,281,401,1.374064837905237,0.030974435834662934,624,"I thought ""til death do us part"" was an exit option."
2454,152,35,77,281,393,1.3740458015267176,0.03242938121365458,624,You'll find that being down here really starts to eat away at you slowly
209,153,42,64,292,398,1.3718592964824121,0.033466221794803186,624,"Do you mind if I take a moment of your time to tell you about our Lord and Savior, Jesus Christ?"
469,153,20,108,270,398,1.3718592964824121,0.029008922134189773,624,"Can you knock it off with the rattling, already? I'm trying to rest in peace over here!"
921,153,23,102,273,398,1.3718592964824121,0.02965621022500952,624,"No dear, I do not remember if I left food for the cat."
946,153,21,106,271,398,1.3718592964824121,0.02922627774044521,624,"Seriously Janet, the vows said, 'til death do us part,' take the hint already."
1701,157,35,75,280,390,1.3717948717948718,0.032585683949083025,624,"Excuse me, sir, do you have a moment to talk about Jesus Christ?"
2576,158,30,86,277,393,1.3715012722646311,0.031386328457137874,624,"Hey, we've got a live one!"
3396,159,36,75,285,396,1.371212121212121,0.03242252163392805,624,I'm not dead  yet -- this is the only way I can avoid the political news every day for the next two years.
316,159,38,71,287,396,1.371212121212121,0.03281451030525131,624,"Hey Bob, it may not seem so great at first but not having to read Trump's daily tweets is a blessing"
768,161,27,92,275,394,1.3705583756345177,0.030695943961494637,624,"Yeah, I know it’s been a long time and you’ve been dying to see me!"
1062,162,29,83,269,381,1.3700787401574803,0.0318446656430845,624,"For the last time - YES, that coffin makes you look thin."
2527,163,33,79,280,392,1.3698979591836735,0.032042203863421596,624,"You just couldn’t stay locked in the closet with my other skeletons, could you?"
2824,164,28,87,272,387,1.3695090439276485,0.03127990601176962,624,We're clothing optional here.
771,165,27,77,251,355,1.3690140845070422,0.03297642395287581,624,Sorry.  I’m just not good with faces.
986,166,32,78,275,385,1.3688311688311687,0.03223564376698245,624,"For the last time, no, I do not want to play 'I spy.' The answer's dirt. It's always dirt!"
1084,166,26,90,269,385,1.3688311688311687,0.030951056490901293,624,"It's just that I'm looking for somebody closer to my own age."""
1118,166,23,96,266,385,1.3688311688311687,0.030288339048527364,624,You gotta be kidding me -- six feet under and only two feet apart?
1653,169,26,87,264,377,1.3687002652519893,0.03139874871040908,624,I specifically booked a single so I wouldn't have to talk to anyone.
1961,170,24,92,265,381,1.3674540682414698,0.030711553969439705,624,"""HEY!  Quiet down. I'm trying to RIP over here!"
1584,171,28,81,264,373,1.3672922252010724,0.03206691151148154,624,Small underworld!
1976,172,35,69,275,379,1.366754617414248,0.0332117719113747,624,"Hey man, give me some skin"
1960,173,25,87,263,375,1.3653333333333333,0.031248453318824858,624,I was counting on that 'til death do us part' clause.
1908,173,34,69,272,375,1.3653333333333333,0.03323865341448238,624,"Pardon me, would you have any Grey Poupon?"
1574,173,27,83,265,375,1.3653333333333333,0.0317015194261649,624,You don't recognize me? We were friends on Facebook!
3196,176,33,65,262,360,1.363888888888889,0.03399193328709796,624,Howard thought for sure death would relieve him of the necessity to engage in small talk.
1937,177,34,67,270,371,1.3638814016172507,0.03348093999446591,624,Good coffins make good neighbors.
1522,178,31,71,264,366,1.3633879781420766,0.03313468003147551,624,"It was the only property under $5,000 a month on the upper east side."
3529,178,25,83,258,366,1.3633879781420766,0.03175027461176955,624,Does ‘til death do us part’ mean nothing to you?
1938,180,26,82,261,369,1.3631436314363143,0.03180236795589783,624,You're gonna love it here. I bet you never leave.
3721,180,25,84,260,369,1.3631436314363143,0.03156995722912324,624,I dared them to get all the dirt on me that they could.
1679,182,28,63,237,328,1.3628048780487805,0.03505823926201211,624,Yorick. And you are...?
2671,183,28,75,259,362,1.361878453038674,0.032683260044731,624,I swear to god you do one more knock knock joke...
3141,183,37,57,268,362,1.361878453038674,0.03472656657300731,624,"I worked the graveyard shift so this was a smooth transition. You on the other hand, look like you were worked to the bone."
492,185,27,76,257,360,1.3611111111111112,0.032564907396055595,624,Would you let me rest in peace?
1337,185,33,64,263,360,1.3611111111111112,0.03396061990587753,624,I tried to tell them it was a one word error. I said I 'wouldn't' be caught dead with another woman.
2148,185,26,78,256,360,1.3611111111111112,0.03232643049581423,624,Can't you give it an eternal rest?
2554,185,27,76,257,360,1.3611111111111112,0.032564907396055595,624,Does this coffin make me look fat?
1576,189,32,67,264,363,1.3608815426997245,0.033528852701662275,624,Cremation!  I told everybody...cremation!
168,189,22,87,254,363,1.3608815426997245,0.031176656519610116,624,"No way.  I distinctly said, ""til death us do part!"""
279,189,20,91,252,363,1.3608815426997245,0.030684587359000683,624,"I don't want to split hairs here, hunny, but it was 'til death* do us part."
3006,192,28,63,239,330,1.3606060606060606,0.03488000704792429,624,"Stop waving, I'm under cover."
1694,193,25,78,253,356,1.3595505617977528,0.03231549549870056,624,"I promised “till death do us part,” not eternity!"
3117,194,31,67,261,359,1.3593314763231197,0.03354786109573274,624,"Happy wife, happy afterlife."
3492,194,30,69,260,359,1.3593314763231197,0.033315123382574356,624,"That’s not what ‘As above , so below’ means."
3719,194,24,81,254,359,1.3593314763231197,0.03188303965091152,624,"I explicitly said, “Don’t plant me next to my mother.”"
755,197,31,61,251,343,1.358600583090379,0.034656384372139935,624,She asked why do husbands die before their wives?... and I told her because WE CAN.
3085,197,34,55,254,343,1.358600583090379,0.035386625391663463,624,I was on Fifth Avenue when the President came up to prove a point...
2471,199,21,84,247,352,1.3579545454545454,0.031538935854243895,624,Oh great. Morty from high school.
1493,200,18,88,242,348,1.3563218390804597,0.030969207628605118,624,"Back off, Agnes! My commitment ended at 'till death do us part.'"
918,201,27,68,248,343,1.3556851311953353,0.033621892276842424,624,"No, I don't remember you, Okay?"
3427,201,24,74,245,343,1.3556851311953353,0.03285244833212861,624,Wait! Let me decompose myself first.
813,201,35,52,256,343,1.3556851311953353,0.03559251396810908,624,Fake Burial!
312,201,23,76,244,343,1.3556851311953353,0.03259193052165481,624,What part of 'Rest in Peace' do you not understand?
158,201,22,78,243,343,1.3556851311953353,0.0323293134607212,624,This really is the 'date from hell '
5,201,19,84,240,343,1.3556851311953353,0.03152834010824472,624,Should've gone with the cremation.
3598,207,29,62,247,338,1.3550295857988166,0.03447706897764245,624,"Aw,Mom,how many times have I told you not to wait up for me?"
3666,207,30,60,248,338,1.3550295857988166,0.034730773427404604,624,TWIGS ?? After all this you offer me TWIGS ??
843,209,29,63,249,341,1.3548387096774193,0.034257509968037884,624,My arms don't even fit.  God my family is cheap.
260,210,22,73,235,330,1.3545454545454545,0.03317890660625299,624,I think you should know up front that I’m not looking for anything eternal.
2568,210,18,81,231,330,1.3545454545454545,0.03204925371234563,624,Afterlife insurance?  Why?
1126,212,26,67,243,336,1.3541666666666667,0.033834299635036244,624,"This is killing me, I can't place the face."
1189,212,29,61,246,336,1.3541666666666667,0.034613071748178986,624,"Nice to see you, honey. Didn't I tell you that shiksa was gonna kill you sooner or later?"
2857,212,25,69,242,336,1.3541666666666667,0.03357069451832986,624,"Yes, yes, I AM Ed Sullivan!"
3379,215,24,62,225,311,1.3536977491961415,0.03514653598415871,624,Five words. First word…wave?
3487,216,28,59,239,326,1.352760736196319,0.03508669440110374,624,"Mine was the largest audience to witness a burial, period. Both in person and around the globe."
1383,217,19,80,236,335,1.3522388059701493,0.031980507974369445,624,Don’t ask me; I just got here.
2038,218,22,70,232,324,1.3518518518518519,0.03356314668325918,624,Scuse me... I'm trying to be dead over here.
200,218,24,66,234,324,1.3518518518518519,0.03412779998372093,624,"Elon's supposed to be sending in a rescue team."""
243,218,27,60,237,324,1.3518518518518519,0.0349576830811082,624,"Excuse me, do you have any Grey Poupon?"
190,221,22,73,238,333,1.3513513513513513,0.03293091122056075,624,"So, even in death I'm assigned a seat next to a non-stop talker."
393,221,28,61,244,333,1.3513513513513513,0.03453964665472752,624,Believe me; we're better off down here.
799,221,27,63,243,333,1.3513513513513513,0.03427676780995063,624,Hey! Caught you dead with me after all!
3623,221,23,71,239,333,1.3513513513513513,0.03320444689123155,624,I waited all my life for a naked lady to flirt with me
197,225,27,62,242,331,1.350453172205438,0.03441184346220844,624,It helps if you think outside the box.
2844,225,24,68,239,331,1.350453172205438,0.03360424089563719,624,100 billion dead humans and I get Forrest Gump.
276,227,23,69,237,329,1.3495440729483283,0.033458230384624185,624,"And In This Moment, Michael Cohen Regrets, “Taking It To His Grave”"
1188,227,27,61,241,329,1.3495440729483283,0.03454833802684598,624,Relax! You'll be amazed at how much roomier it gets over time.
2310,229,22,69,233,324,1.3487654320987654,0.03352050223359356,624,"Still, I prefer a woman with a little meat on her."
173,229,28,57,239,324,1.3487654320987654,0.03518934241120488,624,The name is Bones. James Bones.
432,229,22,69,233,324,1.3487654320987654,0.03352050223359356,624,I should have known better than to go with the family plot!
3714,229,21,71,232,324,1.3487654320987654,0.03323421597945264,624,"Maybe you didn't notice the RestInPeace sign overhead --
it's Etched In Stone!"
259,233,26,59,234,319,1.347962382445141,0.03501544884729957,624,No! The casket does not make you look fat.
100,233,21,69,229,319,1.347962382445141,0.03357831383378042,624,Would you knock off the racket!  I'm trying to rest in peace!
1163,235,21,70,231,322,1.3478260869565217,0.03336188260886797,624,I thought death did us part
1438,235,21,70,231,322,1.3478260869565217,0.03336188260886797,624,Quit that rattling. I'm trying to rest in peace here!
2588,235,25,62,235,322,1.3478260869565217,0.034502363605639866,624,"Till death do us part, Mildred...that was the deal!"""
3743,238,17,79,229,325,1.3476923076923077,0.03198271868820982,624,Nice to meet you! It's been ages since I've seen anybody in the flesh.
1442,239,20,69,225,314,1.3471337579617835,0.03363117216898539,624,"Say what you want, every science class totally loved you."
1804,239,20,69,225,314,1.3471337579617835,0.03363117216898539,624,"Helen! Let me at least rot for a hundred years, then we can talk"
2799,241,27,53,229,309,1.3462783171521036,0.036088227285678016,624,"In an ironic mix-up, Billy Graham is buried next to Joan Rivers."
3548,242,27,56,235,318,1.3459119496855345,0.03534722730192236,624,"No, I’m too old for you."
2261,243,18,71,221,310,1.3451612903225807,0.03327603519933478,624,You call this witness protection?
3591,243,15,77,218,310,1.3451612903225807,0.03232116180011862,624,Of course I remembered our anniversary.  But what were you expecting me to do about it?”
2690,245,23,63,230,316,1.3449367088607596,0.03434304051373028,624,Not you again!
3029,245,21,67,228,316,1.3449367088607596,0.03375291959840343,624,This is the last time I’ll use this underground dating service!
2927,247,22,61,223,306,1.3431372549019607,0.03479141258628649,624,"Close. But, first you shake it all about, then you do hokey pokey."
1746,247,20,65,221,306,1.3431372549019607,0.034169924147196454,624,"Honestly, I don't find you that attractive anymore."
141,247,24,57,225,306,1.3431372549019607,0.035401992363047426,624,"Apparently you can't escape death, taxes...or the chatty seatmate from the plane."
683,247,28,49,229,306,1.3431372549019607,0.036592600485909406,624,"No, I don’t have a phone charger."
1071,247,25,55,226,306,1.3431372549019607,0.035703366788515836,624,"Wait, what?! Who got elected president?"
882,252,19,66,219,304,1.3421052631578947,0.03399035254690045,624,He did say he was going to put me in the Cabinet.
1254,252,25,54,225,304,1.3421052631578947,0.03585554701543222,624,"Welcome 45!  Nixon, 37, here!  
At least they waited for me to die!!!!"
1395,252,23,58,223,304,1.3421052631578947,0.03524478481427819,624,Exactly HOW do I look gay?
1456,252,23,58,223,304,1.3421052631578947,0.03524478481427819,624,The doctor will see you now.
1789,252,26,52,226,304,1.3421052631578947,0.03615705946784691,624,"Eternal rest, my ass!"
3399,252,25,54,225,304,1.3421052631578947,0.03585554701543222,624,"Sorry, I don't recognize you, I'm not good with skulls."
3139,258,21,63,223,307,1.3420195439739413,0.034387734984021416,624,So I'm a little late. What's the big deal?
2802,259,17,67,212,296,1.3412162162162162,0.033931764772608355,624,"Nothing personal, but I prefer someone with a little meat on their bones."
894,260,19,64,216,299,1.3411371237458194,0.034361524817112306,624,"Dad, you almost scared me to death."
3115,261,17,69,216,302,1.3410596026490067,0.03347636303745507,624,"Dear, yes it’s nice to see you. I was just hoping for a few more years with my second wife."
1956,262,18,64,212,294,1.3401360544217686,0.0344083339027896,624,...so I said we’ll never find Hoffa and he says wanna bet?
1988,262,25,50,219,294,1.3401360544217686,0.03669408383906796,624,"Yes, you’ve told me over and over.  You meant to say “wouldn’t” not “would.”"
1550,264,20,61,216,297,1.34006734006734,0.034830752904028386,624,Remember me?  You conducted the drug trial.
1617,264,19,63,215,297,1.34006734006734,0.03450262780008878,624,I thought they said I would finally rest in peace.
431,266,25,53,225,303,1.33993399339934,0.03590805842063879,624,I knew I should've opted for cremation.
1713,267,15,70,210,295,1.3389830508474576,0.033287474781761556,624,"So what the heck happened to ""til death do us part??!!"""
3513,267,22,56,217,295,1.3389830508474576,0.03562971341099957,624,The student loan collectors will still find you.
1952,269,27,46,223,296,1.337837837837838,0.03710433597008257,624,"No, Mr Trump, you can't dig yourself out of this one!"
3060,269,17,66,213,296,1.337837837837838,0.03387756109664339,624,Your kidding? I wore my best suit for this?
3299,269,18,64,214,296,1.337837837837838,0.03421393584563461,624,It isn't you. I'm just not looking for a long term relationship.
344,272,20,54,205,279,1.3369175627240144,0.036322560436846424,624,I didn’t come here to make friends.
2940,273,17,64,210,291,1.3367697594501717,0.034250314699916094,624,"I never used to go for older women,but what's a century or two if we really love each other?"
2796,273,21,56,214,291,1.3367697594501717,0.035607330971123195,624,I'm not saying it couldn't work. I'm just not ready for a long term commitment
2378,273,20,58,213,291,1.3367697594501717,0.03527297164155799,624,"I get it, Bernie...your humerus."
2106,273,23,52,216,291,1.3367697594501717,0.03626680299956172,624,So now Amazon offers below ground delivery?
1091,273,21,56,214,291,1.3367697594501717,0.035607330971123195,624,"Remember me? Bob, from accounting!"
962,278,22,55,217,294,1.336734693877551,0.035679857500706486,624,"Think outside the box?""  That's your advice"
2171,278,22,55,217,294,1.336734693877551,0.035679857500706486,624,What part of --'You're dead to me'--don't you understand?
2755,278,21,57,216,294,1.336734693877551,0.03535300203876884,624,The Family Plot Thickens
263,281,18,59,206,283,1.3356890459363957,0.03524032943853464,624,"Yes, Mom; I AM wearing this tie with this suit!"
2892,282,25,46,215,286,1.3356643356643356,0.0373611564987108,624,Skeleton: Godot?
2101,283,23,42,198,263,1.3346007604562737,0.038953291393635375,624,Damn. Now Trump gets a third judge pick.
2464,284,26,42,213,281,1.3345195729537367,0.03815708177331402,624,Sometimes I wish I never killed you.
3735,285,24,47,213,284,1.3345070422535212,0.03719997366176375,624,"For God's sake Phil you don't have to be neighborly anymore,we're dead."
2041,286,19,58,211,288,1.3333333333333333,0.03512876595391349,624,Laid! I said I wanted to get laid!
2109,286,17,62,209,288,1.3333333333333333,0.03443307793922239,624,"Which part of 'til death do us part' did you not understand, Janice?"
61,288,19,57,210,286,1.332167832167832,0.03527831679896347,624,"Honey, don't you recognize me without my face on?"
3680,288,17,61,208,286,1.332167832167832,0.034575799381702924,624,I said till death do us part.
2886,290,23,48,213,284,1.3309859154929577,0.036807496078605284,624,"Yoo-hoo, it's me, Yorick!"
1749,290,15,64,205,284,1.3309859154929577,0.033995844791568204,624,Now I get friendly neighbors!
304,292,18,57,206,281,1.3309608540925266,0.035332080028254303,624,Leave me alone!  You're dead to me.
916,292,17,59,205,281,1.3309608540925266,0.03497050841331525,624,Give me the fire and brimstone. I'll take anything over polite small talk.
988,292,17,59,205,281,1.3309608540925266,0.03497050841331525,624,This is why I wanted to be cremated...
1121,292,22,49,210,281,1.3309608540925266,0.036742802844527564,624,"Just my luck, buried next to a nudist."
1301,292,13,67,201,281,1.3309608540925266,0.03348520235771163,624,"Lord, what part of ‘til death do us part’ did you not understand?"
2882,292,16,61,204,281,1.3309608540925266,0.0346051591276292,624,"Cheapskates left the lid off my coffin, too!"
2981,292,20,53,208,281,1.3309608540925266,0.03604434380034397,624,"Hey, cutie! I love a man with some meat on his bones."
3347,292,18,57,206,281,1.3309608540925266,0.035332080028254303,624,How would I know? Maybe it was the kale after all.
3601,292,16,61,204,281,1.3309608540925266,0.0346051591276292,624,"You are right as always Edna, when I asked to be buried by the woman I truly loved I should have been more specific."
1491,301,18,56,204,278,1.330935251798561,0.03559263673665444,624,Another fatal error in dating app algorithms
2097,301,26,40,212,278,1.330935251798561,0.03840067456856232,624,Awesome!!!! My new body from Amazon has arrived!!!
3411,301,21,50,207,278,1.330935251798561,0.03667085759035897,624,Of course I see the irony of your having been an orthopedic surgeon...
294,304,17,57,201,275,1.3309090909090908,0.03548643351853771,624,What part of 'in peace' don't you understand?
937,304,13,65,197,275,1.3309090909090908,0.03395755825738778,624,What’s a guy gotta do to get a little RIP over here?
1029,306,19,54,206,279,1.3297491039426523,0.03584616157157753,624,"I only agreed to 'til death do us part, Sylvia!"
2129,307,19,53,204,276,1.3297101449275361,0.03611509503994589,624,Sure. But not half as terrifying as what’s happening up there.
3015,307,25,41,210,276,1.3297101449275361,0.038241376237561624,624,You smell like death. Haha that’s just a joke we like to tell down here. I’m Paul by the way.
948,309,21,48,204,273,1.3296703296703296,0.03712231161050091,624,A teacher's worse nightmare. Eternity next to a student that always wants to answer the question
750,310,16,55,195,266,1.3270676691729324,0.035840061954251594,624,Don't you read our tombstones?  RIP!
1690,310,16,55,195,266,1.3270676691729324,0.035840061954251594,624,Can't you see it says RIP?
2738,312,11,58,176,245,1.3265306122448979,0.035626954354170785,624,What can I say? Too many preservatives.
35,313,18,53,202,273,1.326007326007326,0.035953129274804096,624,"Of course, I'm still attracted to you, but now it's more spiritual than physical."""
1991,313,14,61,198,273,1.326007326007326,0.034422261732746824,624,"I’d die before I’d date you” was a figure of speech, not a promise"
1998,313,15,59,199,273,1.326007326007326,0.03481129060033524,624,"Dammit, the deal was, 'Till death do we part!'"
2603,313,16,57,200,273,1.326007326007326,0.03519601971422693,624,I'm sorry. I'm afraid I don't recognize you.
48,317,16,56,198,270,1.325925925925926,0.03545858546912543,624,Oh Great ! The always have to say hello neighbor.
2817,318,12,64,195,271,1.3247232472324724,0.03376602201579038,624,"Sorry, love, ""till death do we part"" doesn't include eternity."
1891,318,15,58,198,271,1.3247232472324724,0.034959191391950716,624,"""All I ask is a few minutes alone, a little peace and relaxation without running into somebody I know."
2435,318,17,54,200,271,1.3247232472324724,0.03573251007301112,624,Whaaat? It's supposed to be til death do us part!
3237,318,15,58,198,271,1.3247232472324724,0.034959191391950716,624,You look just like your profile picture.
2367,318,18,52,201,271,1.3247232472324724,0.03611296003912226,624,"Lookit, I'm sorry.  I don't recognize you."
1161,318,22,44,205,271,1.3247232472324724,0.037596280526999495,624,I should have been cremated...
2162,318,19,50,202,271,1.3247232472324724,0.03648944353448873,624,They put me in a suit for this!
1767,318,17,54,200,271,1.3247232472324724,0.03573251007301112,624,"So, NOW you want to make up."
2364,318,17,54,200,271,1.3247232472324724,0.03573251007301112,624,All my life I've been overdressed.
2080,327,13,61,194,268,1.3246268656716418,0.03441644004036976,624,"What part of ""Til death do you part"" do you not understand?"
2812,327,21,45,202,268,1.3246268656716418,0.037524557834806474,624,"I guess he wasn't kidding when he said, ""I could stand in the middle of  Fifth Avenue and shoot somebody and I wouldn't lose any voters."""
3446,329,27,32,206,265,1.3245283018867924,0.04002760733216967,624,"Nice gesture, Mr. Mueller.  But this is all a grave mistake."
1729,330,19,47,196,262,1.3244274809160306,0.0373557228881458,624,"Of all the cemetery plots in all the towns in all the world, she’s buried next to mine."
736,331,16,54,196,266,1.3233082706766917,0.03577079997462028,624,Sorry I only promised till death do us part.
913,332,15,47,177,239,1.3221757322175731,0.03801268819240774,624,"you weren't funny then, and you're not funny now."
3424,333,18,46,191,255,1.3215686274509804,0.03761275520155888,624,"Well that's just great, a nudist next door. Can this day get any worse?"
2225,334,14,56,192,262,1.3206106870229009,0.035270693955417105,624,“Roses aren’t dead. Neither are you. Welcome to endlessness. How do you do?”
1297,334,18,48,196,262,1.3206106870229009,0.036891892106899464,624,Did they ever make Catcher in the Rye into a movie? Did the Cubs eventually win the series? Did Bob Dylan ever make a comeback?
2116,334,17,50,195,262,1.3206106870229009,0.0364933451528427,624,It already feels like an eternity.
213,337,17,49,194,260,1.3192307692307692,0.03666037996759001,624,How d'ya like the new digs?
332,337,17,49,194,260,1.3192307692307692,0.03666037996759001,624,"It's not you, I just prefer women with a little more meat on their bones."
547,337,20,43,197,260,1.3192307692307692,0.03785608997860402,624,"No, I would not like to buy a timeshare!"
2540,337,19,45,196,260,1.3192307692307692,0.03746176075370903,624,Wow. You looked different in your Tinder photo.
2839,337,14,55,191,260,1.3192307692307692,0.03542433302502653,624,"I'm just saying, you all look the same."
2413,342,15,52,190,257,1.3190661478599222,0.036120158556387796,624,"Whoa, now. What's this? I think we were both pretty clear about the '""til death do us part'""part of our vows"
82,342,14,54,189,257,1.3190661478599222,0.03569687691456732,624,No one dresses up anymore
1240,342,11,60,186,257,1.3190661478599222,0.03439579223392441,624,"Your family was too cheap to pay for a lid, too??!!"
1303,345,18,45,191,254,1.3188976377952757,0.03766579779575438,624,You will eventually fit in!
3607,345,13,55,186,254,1.3188976377952757,0.035540109230887185,624,"Oh great, now I'm overdressed!"
643,345,19,43,192,254,1.3188976377952757,0.038076697801675344,624,I'd like to add you to my LinkedIn network
756,345,19,43,192,254,1.3188976377952757,0.038076697801675344,624,Of course I didn't bring it with me.
2660,349,14,52,185,251,1.3187250996015936,0.036259795661095814,624,Why did I forget my headphones?
981,349,15,50,186,251,1.3187250996015936,0.03669666594316958,624,It's only until the audit's over.
179,349,15,50,186,251,1.3187250996015936,0.03669666594316958,624,Then my insurer says being dead is a preexisting condition.”
500,349,18,44,189,251,1.3187250996015936,0.03797713550578901,624,"So I shot somebody in the middle of Times Square, and it DID matter."
2970,353,16,49,190,255,1.3176470588235294,0.0367068403654825,624,I knew the plot would end like this.
2470,354,15,49,185,249,1.3172690763052208,0.03686786219799554,624,...and then your great-great uncle Fritz married a Johnson girl and they had seven children and...and...are you listening!?
622,355,18,42,186,246,1.3170731707317074,0.03848557845709847,624,"When I said I was into older women, this isn't what I meant!"
727,355,17,44,185,246,1.3170731707317074,0.03805201366377397,624,Can't you read my headstone? I'm trying to rest in peace.
1378,355,14,50,182,246,1.3170731707317074,0.03672061720532102,624,At least I got out of Flint
2348,355,13,52,181,246,1.3170731707317074,0.03626595817885248,624,"Don't you remember? I said till death do us part"""
3218,359,14,48,178,240,1.3166666666666667,0.03733012040368727,624,Did you come straight from work?!
2632,360,18,44,191,253,1.316205533596838,0.03771825819076294,624,"Yoohoo, Harry, It's Mom!"
3373,361,15,48,184,247,1.3157894736842106,0.03704117528036085,624,Real funny. My kids buried me next to my mother in law.
3352,361,17,44,186,247,1.3157894736842106,0.037919378739251046,624,I was expecting something a little more... Heavenly.
3223,361,21,36,190,247,1.3157894736842106,0.03961742696858871,624,Calm down. It's impossible. There is no winning this week's caption context.
3179,361,20,38,189,247,1.3157894736842106,0.039199811360531904,624,"Right! If you're Jimmy Hoffa, I'm Albert Einstein!"
2212,361,12,54,181,247,1.3157894736842106,0.035683367826200116,624,"Oh, great. I overdressed again."
1925,361,15,48,184,247,1.3157894736842106,0.03704117528036085,624,Don't these things have lids?
2093,361,10,58,179,247,1.3157894736842106,0.03474869956702761,624,"We said, 'Till death do us part.' That was the deal."
1604,361,19,40,188,247,1.3157894736842106,0.03877769851075631,624,Can you please keep it down? Some of us are trying to rot!
180,361,15,48,184,247,1.3157894736842106,0.03704117528036085,624,"He jumped to conclusions.  All I said was, ""Putin.""  It could have been George Putin, Fred Putin, ANY Putin."
18,361,18,42,187,247,1.3157894736842106,0.03835093992174035,624,Can I borrow your jacket?  I've been chilly since 1956.
2176,361,18,42,187,247,1.3157894736842106,0.03835093992174035,624,I prefer women with a little meat on their bones.
1296,372,14,49,181,244,1.3155737704918034,0.036892740998674116,624,"What do you want me to say, Helen? Yes, you look thin in your casket."
2917,372,17,43,184,244,1.3155737704918034,0.03823961857367799,624,Have you heard of Herbalife?  I've lost over 100 lbs in one year!
1947,374,17,42,182,241,1.3153526970954357,0.0385672687059217,624,I didn't say shoot ME on fifth avenue!
1973,375,19,41,191,251,1.3147410358565736,0.03831832660830907,624,I don't know.  I thought I was in a mattress store.
2809,375,8,63,180,251,1.3147410358565736,0.03343196889953228,624,"Could we please stick with ""Till death do us part""?"
293,375,16,47,188,251,1.3147410358565736,0.037049650797012494,624,It's so great to have a new neighbor. The last one fell apart on me.
1602,375,18,43,190,251,1.3147410358565736,0.03790015361579538,624,Give it a rest.
2421,375,9,61,181,251,1.3147410358565736,0.033905295374903506,624,You with your natural food diet - those preservatives haven't hurt me one bit.
1465,380,14,48,180,242,1.3140495867768596,0.03706699794652351,624,"So I'm going to tell him the truth, I said. I'm going to tell him he screwed up, I said. What's the worst he can do, I said. He's President of the United States, I said, not the President of Russia, I said."
3694,380,19,38,185,242,1.3140495867768596,0.03931188396389519,624,"Yes, the Cubs won the World Series in 2016. And I'm guessing hell did not freeze over."
1801,382,20,38,191,249,1.3132530120481927,0.03892549400788992,624,I think you are making fun of my small hands
187,383,12,53,181,246,1.3130081300813008,0.03571971479844002,624,Again with the nosy neighbors!?
1273,383,18,41,187,246,1.3130081300813008,0.03840575552099633,624,"...just my luck to wind up next to a yenta..."""
1834,383,14,49,183,246,1.3130081300813008,0.03663694905284523,624,Compose yourself!
2083,383,19,39,188,246,1.3130081300813008,0.03883537127990385,624,There's no WIFI here so you better start making real friends.
3038,383,13,51,182,246,1.3130081300813008,0.03618123865474116,624,They said the neighborhood was to die for.
3659,388,17,41,182,240,1.3125,0.038622213602311016,624,"Yes Mom, it's a new suit; No, you wouldn't know anyone at the funeral!"
2254,388,20,35,185,240,1.3125,0.03995344658477901,624,I know I said ‘I woudn’t’ But meant to say ‘I would’.
3632,388,20,35,185,240,1.3125,0.03995344658477901,624,Whoa!  What'd you say?  Donald Trump?  President?
311,388,14,47,179,240,1.3125,0.03724342724672754,624,Take my word for it - it beats having to listen to the news every night!
605,388,15,45,180,240,1.3125,0.03770862469739566,624,My wife asked if I wanted to be buried or cremated.  I said surprise me.  Here I am.
2250,393,11,54,179,244,1.3114754098360655,0.035406075443512916,624,Gimmee some skin brother!
1755,394,13,47,175,235,1.3106382978723403,0.03725520921756692,624,I gotta start thinking out of the box.
272,395,14,47,181,242,1.3099173553719008,0.03697992432539798,624,Can’t a guy ever just rest in peace?
285,395,13,49,180,242,1.3099173553719008,0.03651331847843365,624,What ever happened to resting in peace?
489,395,14,47,181,242,1.3099173553719008,0.03697992432539798,624,What part of 'rest in peace' don't you understand?
2379,395,12,51,179,242,1.3099173553719008,0.03604067215664669,624,I'll let you get settled.  Plenty of time to talk later.
2639,395,16,43,183,242,1.3099173553719008,0.03789590422092384,624,Fake news!
3301,395,16,43,183,242,1.3099173553719008,0.03789590422092384,624,I used to say 'I'll sleep when I'm dead.' I didn't know I'd be buried next to a Walmart greeter.
348,401,13,44,169,226,1.3097345132743363,0.03822990640548063,624,"On the bright side, you can stop dieting."
1174,401,15,40,171,226,1.3097345132743363,0.039245235090413194,624,On Halloween we all get a raise
227,403,21,32,186,239,1.3096234309623431,0.04045378001340012,624,"No, seriously; the host of The Apprentice."
1410,403,12,50,177,239,1.3096234309623431,0.03633268154035686,624,"You see, this is why I kept you in the closet!"
3137,405,14,44,175,233,1.3090128755364807,0.037925493661057436,624,"Oh hey, been meaning to remind you, I still have your hedge trimmer in my garage."
3599,405,17,38,178,233,1.3090128755364807,0.039361644701139696,624,Just give me some time to decompose myself.
2982,405,14,44,175,233,1.3090128755364807,0.037925493661057436,624,No: I’m not going to help you cast an absentee ballot for Donald Trump in 2020.
1652,405,16,40,177,233,1.3090128755364807,0.038888821086924305,624,"Hi Neighbor, weren't you told about casual Fridays?"
3309,409,16,42,182,240,1.3083333333333333,0.03808145982653184,624,"Hey, at least no more taxes! Am I right?"
242,409,19,36,185,240,1.3083333333333333,0.03943095348809117,624,"Why, hello there!  Aren't you looking funeral parlor fresh?"
328,409,14,46,180,240,1.3083333333333333,0.03715457677791873,624,"I'm your Uber driver, Charon."
959,409,13,48,179,240,1.3083333333333333,0.03668235368756355,624,I lost 223 pounds.
972,409,15,44,181,240,1.3083333333333333,0.037620872916946095,624,"Happy Anniversary, darling. I know you’ll be happy to see that I finally lost those extra pounds."
1689,409,19,36,185,240,1.3083333333333333,0.03943095348809117,624,"Don't worry, Amazon delivers here, too."
1856,409,17,40,183,240,1.3083333333333333,0.038536542216531425,624,Can you keep it down please? I'm trying to eternally rest.
2206,409,16,42,182,240,1.3083333333333333,0.03808145982653184,624,Would you give it a rest already?
2257,409,16,42,182,240,1.3083333333333333,0.03808145982653184,624,And me without my soft tissues.
2785,409,15,44,181,240,1.3083333333333333,0.037620872916946095,624,I thought Death meant we could be apart
3437,409,15,44,181,240,1.3083333333333333,0.037620872916946095,624,"For God sake, Mrs Robinson, you're still trying to seduce me !?"
2741,420,17,39,181,237,1.3080168776371308,0.03887193207359231,624,It was either this or a studio in Yonkers.
2558,420,13,47,177,237,1.3080168776371308,0.036986433729025395,624,"Till death do us PART, Maude!"
670,420,15,43,179,237,1.3080168776371308,0.037940897347885444,624,"Well, it was the last lot in NYC under a million."
1511,420,18,37,182,237,1.3080168776371308,0.03932918520538623,624,Trump didn't realize he buried the dignity of the presidency until he couldn't get out of the hole he dug himself into.  Now Benedict Arnold has a neighbor.
2323,420,16,41,180,237,1.3080168776371308,0.038409235833955065,624,Hey!I'm Resting In Peace over here !
2996,425,13,45,173,231,1.3073593073593073,0.037616120277778387,624,I leave them all my money and they're too cheap to buy a coffin with a top...you too huh?
2061,426,13,44,171,228,1.3070175438596492,0.03794227352764213,624,Hi there. Remember how you said you'd be embarrassed if you called 911 and there was nothing wrong.
3608,427,16,40,179,235,1.3063829787234043,0.038601772568902376,624,"Yes, mother, I know I should have been more careful!"
1939,428,17,32,167,216,1.3055555555555556,0.04146159699367084,624,"I'm innocent! I swear it on my mother's grave. Oh, hi mom."
198,429,12,45,169,226,1.3053097345132743,0.03761148706269846,624,"I don't think you're getting the concept of ""Rest-inPeace"" !"
2952,430,20,31,182,233,1.3047210300429184,0.040659432020378576,624,So how was I to know when I bought adjacent plots with my ex-wife that it would be a decision I would regret for all eternity?
3418,430,10,51,172,233,1.3047210300429184,0.035821819213159516,624,"I said I was buried in debt, not buried and dead!"
2404,430,16,39,178,233,1.3047210300429184,0.03879683930461328,624,"I looked better when I first got here, too."
2014,430,17,37,179,233,1.3047210300429184,0.03927077040339209,624,Finally! Someone who gets me!
932,430,12,47,174,233,1.3047210300429184,0.036840196359902655,624,Great.  The only thing that's certain is taxes.
592,430,11,49,173,233,1.3047210300429184,0.03633457581681991,624,"We have the whole afterlife to get to know each other, but right now, I think I want to decompose a little."
174,430,12,47,174,233,1.3047210300429184,0.036840196359902655,624,"Can't a guy get a little peace and quiet down here, mom? Yes, I see you waving, I see you waving!!"
19,437,14,42,174,230,1.3043478260869565,0.038159591174347966,624,This whole open casket thing is clearly overrated
121,437,15,40,175,230,1.3043478260869565,0.03865393484276605,624,"Ugh, cougar."
193,437,19,32,179,230,1.3043478260869565,0.04057112026763022,624,Stop or I'll tell you who's president.
704,437,16,38,176,230,1.3043478260869565,0.03914203570414077,624,I paid for a single!
1186,437,11,48,171,230,1.3043478260869565,0.03663656039923904,624,'Sleep when you're dead!' they said.. And now THIS!
1474,437,13,44,173,230,1.3043478260869565,0.03765875885312668,624,Hell is other people.
1693,437,20,30,180,230,1.3043478260869565,0.0410364238208685,624,Yoo Hoo!  Do you have a cigarette?
1356,444,12,42,163,217,1.304147465437788,0.038624549802396796,624,"No, no... I'm just here till 2020."
3079,445,11,47,169,227,1.303964757709251,0.03694569581906959,624,Who knows? Too much formaldehyde?
2786,445,20,29,178,227,1.303964757709251,0.04142279509700226,624,Who does a guy got to kill to rest in peace around here?
1154,445,15,39,173,227,1.303964757709251,0.03899902279739985,624,Compose yourself!  Compose yourself!
1146,448,17,35,176,228,1.3026315789473684,0.03983271812757134,624,Great. Buried next to my student loan officer.
1404,448,13,43,172,228,1.3026315789473684,0.03784275337204583,624,Of course. I get the spot next to the chatty box of bones. Hey dude! What part of Rest In Peace don’t you get?
1824,448,10,49,169,228,1.3026315789473684,0.03627871820761709,624,"Thanks, but It’s too soon to date again."
2280,448,12,45,171,228,1.3026315789473684,0.03732869030804885,624,"Stop, stop, you’re killing me!"
2604,448,13,43,172,228,1.3026315789473684,0.03784275337204583,624,"God, Mildred — you've taken stalking to a whole new level!"
3094,448,11,47,170,228,1.3026315789473684,0.036807448396363386,624,All I wanted was a Rent controlled apartment in a quiet neighborhood.
3251,448,10,49,169,228,1.3026315789473684,0.03627871820761709,624,"Rest in PEACE, man!  Rest.. In.. PEACE!"
3388,448,19,31,178,228,1.3026315789473684,0.040791312295108656,624,Mom!!!! You're embarrassing me......
463,456,13,42,170,225,1.3022222222222222,0.03817485067404837,624,Stop it! Yer  killin me!
3111,456,12,44,169,225,1.3022222222222222,0.0376515163612749,624,"I am still ignoring you , mom."
3534,456,13,42,170,225,1.3022222222222222,0.03817485067404837,624,No I didn't bring any cigarettes and you don't have any lungs.
1345,459,18,31,173,222,1.3018018018018018,0.04107600484132628,624,It was an assisted suicide.  I disagreed with my wife.
2850,460,18,30,172,220,1.3,0.0413049890093318,624,"Yoohoooo, Mr. Stevens!!!  It’s your neighbor, Gladys Kravitz!!!"
2719,460,20,26,174,220,1.3,0.04229803917312528,624,"Excuse me, Sir, do you have a moment to talk about our Lord and Saviour, Jesus Christ?"
2992,460,13,40,167,220,1.3,0.03871107225310959,624,"Sorry, I don't have any.  Quit smoking a long time ago."
2407,460,14,38,168,220,1.3,0.03924357419247871,624,"I said ""I wouldn't bet my life on it!"""
3233,460,13,40,167,220,1.3,0.03871107225310959,624,"Sorry sweetheart, we're all taken or gay down here too."
3241,460,13,40,167,220,1.3,0.03871107225310959,624,I wish I’d spent more time at the office!
3553,460,12,42,166,220,1.3,0.038171142432082916,624,Enough with the vigor mortis.
3095,460,11,44,165,220,1.3,0.03762346494084843,624,"Seriously?! What ever happened to ""'til death do us part?"""
2216,460,10,46,164,220,1.3,0.0370676963640869,624,Seriously?  It clearly stated “until death do us part!”
2252,460,11,44,165,220,1.3,0.03762346494084843,624,He's wondering why I am still so composed.
1548,460,14,38,168,220,1.3,0.03924357419247871,624,I meant wouldn't not would.
361,460,16,34,170,220,1.3,0.04028746847632401,624,I think I’m in another dead-end job!
963,460,16,34,170,220,1.3,0.04028746847632401,624,"Of all the graveyards in all the towns in all the world, she walks into mine."
1101,460,15,36,169,220,1.3,0.039768946626931055,624,"Once you settle in, you'll have to come over."
1274,460,12,42,166,220,1.3,0.038171142432082916,624,What part of 'til death' don't you understand?
372,460,18,30,172,220,1.3,0.0413049890093318,624,But what if I don’t want the worms to cleanse me of my caustic nature and bitter soul?
1471,460,13,40,167,220,1.3,0.03871107225310959,624,"Whatever happened to ""'til death do us part""?"
1495,460,12,42,166,220,1.3,0.038171142432082916,624,Seriously...this is not what I meant when I said I was dying to meet you!
2143,460,13,40,167,220,1.3,0.03871107225310959,624,"The last thing I heard was ""I got you covered""."
1310,460,15,36,169,220,1.3,0.039768946626931055,624,Hey! Hey! Can it. We all still had things to do.
478,480,17,33,174,224,1.2991071428571428,0.04025856866343144,624,"Hello, hello! I don't know why you say goodbye, I say hello!"
814,480,12,43,169,224,1.2991071428571428,0.037690319265444104,624,I get it... Do something while there's still skin in the game.
1931,480,13,41,170,224,1.2991071428571428,0.03821777862762997,624,I said to her that I feel dead inside. BIG mistake.
2978,480,10,47,167,224,1.2991071428571428,0.036612611113279805,624,"Hey Pal, the RIP thing ain’t a suggestion"
3187,480,12,43,169,224,1.2991071428571428,0.037690319265444104,624,"Oh God, just kill me."
1643,485,12,42,167,221,1.2986425339366516,0.03802226954684349,624,"Please God, tell me that’s not my mother-in-law."
732,486,13,38,164,215,1.2976744186046512,0.039268700031981525,624,"Hi, my name is Democracy. I'd like to give you these flowers for trying to save me."
229,487,12,39,161,212,1.2971698113207548,0.03906899121490711,624,I ate a Tide pod. It was fucking awesome.
383,488,13,39,167,219,1.2968036529680365,0.03875544979375114,624,"Time share of a life time they said. Down Under, just one silent partner.  What could go wrong?"
2443,488,15,35,169,219,1.2968036529680365,0.03982170964786134,624,Bone Voyage
3062,488,13,39,167,219,1.2968036529680365,0.03875544979375114,624,"So, you must be the new guy."
3527,488,10,45,164,219,1.2968036529680365,0.03709864394923424,624,Hey - I'm dying here!
3614,488,13,39,167,219,1.2968036529680365,0.03875544979375114,624,Wait till I have time to decompose myself.
3650,493,11,38,154,203,1.2955665024630543,0.03958831018837023,624,"Like 'FOREVER,' 'forever?'"
1750,494,16,32,169,217,1.294930875576037,0.04056385523878825,624,These airbnb options are getting ridiculous
1911,494,15,34,168,217,1.294930875576037,0.040034447096535024,624,"I can't hear you,you must be in a dead spot."
201,494,14,36,167,217,1.294930875576037,0.0394979437036557,624,"Fine, have the last word!"
1366,497,11,34,145,190,1.2947368421052632,0.04138198044156526,624,"They thought I was dead, but I just didn't have my coffee."
2073,498,9,45,161,215,1.2930232558139534,0.03686813820831214,624,Not until I know what gender you are.
3668,498,14,35,166,215,1.2930232558139534,0.03970646887583035,624,Who can even turn over in one of these things?
3594,498,15,33,167,215,1.2930232558139534,0.040250123996272355,624,Hey!  I thought it was; life's a bitch and then you die.  Not the other way around.
3451,498,16,31,168,215,1.2930232558139534,0.040786533229036706,624,"For the last time, no, I don't have time to hear an important message about the Scriptures."
2688,498,16,31,168,215,1.2930232558139534,0.040786533229036706,624,"Gary Wilson? Its Will, BHS class of '68! I sat behind you in chemistry, I was the one always playing with the Bunsen burners."
2564,498,12,39,164,215,1.2930232558139534,0.038596192148076636,624,"Ok, ok, I""ll do it one last time: ""It's gonna to be a really big Shew!"""
2396,498,13,37,165,215,1.2930232558139534,0.039155266050165824,624,"What part of ""til death do us part' didn't you get, Helen?"
1987,498,12,39,164,215,1.2930232558139534,0.038596192148076636,624,"Great, now I'll have to keep up with the ""Boneses""."
1445,498,8,47,160,215,1.2930232558139534,0.03627383084014135,624,"I thought ""till death do us part"" was binding!"
1543,498,16,31,168,215,1.2930232558139534,0.040786533229036706,624,Live!  From New York!!  I’m Ed Sullivan!!!
1191,498,12,39,164,215,1.2930232558139534,0.038596192148076636,624,"Hi! I'm Mike and I will be mentoring you through Rigor Mortis during the next 24 hours."""
920,498,12,39,164,215,1.2930232558139534,0.038596192148076636,624,I think I'd rather be in Philadelphia.
669,498,11,41,163,215,1.2930232558139534,0.038028900026206874,624,"Margo, I just got here.  I can't tell yet if that coffin makes you look fat"
505,498,9,45,161,215,1.2930232558139534,0.03686813820831214,624,Get over yourself . You’re way too old for me.
41,498,10,43,162,215,1.2930232558139534,0.037453016248030296,624,What happened to 'til death do us part?
1926,498,15,33,167,215,1.2930232558139534,0.040250123996272355,624,This is worse than I thought.
2925,514,13,36,163,212,1.2924528301886793,0.0395211672684646,624,"What's not clear about ""till death do us part"""
2177,514,12,38,162,212,1.2924528301886793,0.038951404860812285,624,They didn't tell me I'd  be in a WiFi dead zone.
1603,514,10,42,160,212,1.2924528301886793,0.03778611513994018,624,"Remember? Until death do us part?"""
1539,514,13,36,163,212,1.2924528301886793,0.0395211672684646,624,Pull my finger.
2414,514,13,36,163,212,1.2924528301886793,0.0395211672684646,624,We’ve been over this. You need to find another therapist.
1176,514,11,40,161,212,1.2924528301886793,0.03837318359218927,624,"Well shucks, I just got here, I'm not ready to date yet."
144,514,12,38,162,212,1.2924528301886793,0.038951404860812285,624,The rent here is to die for.
93,514,14,34,164,212,1.2924528301886793,0.04008283153537191,624,"I used to think I knew what happened after death, but then again, I also thought you needed muscle to wave"
1388,514,11,40,161,212,1.2924528301886793,0.03837318359218927,624,"I tell you - I'm so done with these cheap Airbnb's """
2190,523,9,43,157,209,1.291866028708134,0.037519523886042946,624,"Hey, how are the Brooklyn Dodgers doing this season?"
971,524,15,30,161,206,1.2912621359223302,0.04144108789780319,624,You're dead to me.
1443,525,11,37,155,203,1.29064039408867,0.03946065465231959,624,Hey! Long time no see!
3707,526,15,31,164,210,1.2904761904761906,0.04086135480214597,624,"The ad read, “Cozy, quiet, secluded...”"
1667,526,14,33,163,210,1.2904761904761906,0.040299898878852776,624,You almost scared me to death!
1214,526,13,35,162,210,1.2904761904761906,0.039730509473509916,624,"Oh my god, it’s my mother in law!"
1762,529,13,33,158,204,1.2892156862745099,0.04050305306739787,624,"No, I didn't close the garage door."
3403,529,9,41,154,204,1.2892156862745099,0.03804361427646381,624,What? We said until death do us part!
2840,529,13,33,158,204,1.2892156862745099,0.04050305306739787,624,"It's 'til death us do part,' so knock it off."
2557,529,12,35,157,204,1.2892156862745099,0.03990240754189434,624,"Hey,you don't look like the picture in your profile!"
2273,529,13,33,158,204,1.2892156862745099,0.04050305306739787,624,Who knew it'd be a dead-end job?
1981,529,11,37,156,204,1.2892156862745099,0.03929258132902959,624,"Keep it down, will you? I'm trying to decompose over here."
1797,529,13,33,158,204,1.2892156862745099,0.04050305306739787,624,"No, I'm not dead.  I'm just waiting out the midterms"
1529,529,12,35,157,204,1.2892156862745099,0.03990240754189434,624,Our agreement was till death do us part
51,529,11,37,156,204,1.2892156862745099,0.03929258132902959,624,"So much for ""eternal rest""."
1122,529,9,41,154,204,1.2892156862745099,0.03804361427646381,624,Ugh -- worst Airbnb ever.
970,529,11,37,156,204,1.2892156862745099,0.03929258132902959,624,Shush. You're waking the dead.
951,529,12,35,157,204,1.2892156862745099,0.03990240754189434,624,I just don't understand it. One minute I'm at the Summit Meeting and suddenly...
931,529,15,29,160,204,1.2892156862745099,0.04167838370261606,624,Seriously?! Next to my mother-in-law?
863,529,11,37,156,204,1.2892156862745099,0.03929258132902959,624,"For God’s sake, woman!  Can’t a man get ONE MINUTE of peace and quiet?!?"
418,529,10,39,155,204,1.2892156862745099,0.038673140127967146,624,"Man, you flirt with Death just once..."
1483,529,13,33,158,204,1.2892156862745099,0.04050305306739787,624,"Honestly, this is an upgrade from my last apartment"
1993,545,10,38,153,201,1.2885572139303483,0.03903808626081026,624,Now your headaches better??
2184,545,12,34,155,201,1.2885572139303483,0.04029236486567463,624,Dress code is Casual Eternity.
2983,547,14,32,162,208,1.2884615384615385,0.040519981586313626,624,"No, no, no, I still don’t want to hear the Good News!"
1670,548,12,30,146,188,1.2872340425531914,0.04216026348611132,624,Welcome to 'Deep State'.
3493,548,10,34,144,188,1.2872340425531914,0.04078859191426422,624,"So it's been 548 days since he took office.  didn't you care
when your cardiologist warned you against a diet of
tequila shots and cheese fries?"
128,550,8,41,150,199,1.2864321608040201,0.03792541777876674,624,"Yes, Mom, I missed you, I missed you."
3219,550,12,33,154,199,1.2864321608040201,0.040513858031651,624,Can't a guy just rest in peace?
3715,552,12,33,155,200,1.285,0.04033621264138784,624,Jump your bones?
1150,552,10,37,153,200,1.285,0.03907054565383548,624,"All she said was, ""Would it kill you to stop looking at facebook?"""
1870,552,12,33,155,200,1.285,0.04033621264138784,624,"Nope, I still have a headache."
3215,555,8,42,154,204,1.2843137254901962,0.037265576208258246,624,"Sweetie, when I said, ‘til death do us part,’ I meant it."
3329,555,13,32,159,204,1.2843137254901962,0.04037572378098766,624,"You'll be fitting in, in no time"
2238,557,8,40,149,197,1.284263959390863,0.038110756616304316,624,I give up. Is it really you mom?
3655,557,8,40,149,197,1.284263959390863,0.038110756616304316,624,"Wait, I thought death did us part!"
3609,557,9,38,150,197,1.284263959390863,0.03878436719299225,624,Can't a fellow just rest in peace?
3155,557,15,26,156,197,1.284263959390863,0.042602950023711686,624,So she says 'Would it kill you to buy me some flowers?'
2963,557,12,32,153,197,1.284263959390863,0.04073842467059649,624,"You gotta be kidding, what does it take to get some time to myself."
2780,557,12,32,153,197,1.284263959390863,0.04073842467059649,624,Do I know You?
2608,557,10,36,151,197,1.284263959390863,0.03944647648719115,624,"So whaddya want me to do, Ma? I'm freakin' DEAD!"
3692,557,10,36,151,197,1.284263959390863,0.03944647648719115,624,"""No, I don't think I'll ever again say I'm dying to lose weight! """
2451,557,9,38,150,197,1.284263959390863,0.03878436719299225,624,"Sorry, I don't date older corpses."
2175,557,10,36,151,197,1.284263959390863,0.03944647648719115,624,All I can tell you is keep yourself hydrated.
1605,557,8,40,149,197,1.284263959390863,0.038110756616304316,624,"Mom, just let me rest in peace for a minute, okay?"
2072,557,8,40,149,197,1.284263959390863,0.038110756616304316,624,"Geez, I said one nice thing about her clavicle and she thinks we're in relationship!"
1811,557,5,46,146,197,1.284263959390863,0.03601440911338366,624,"So I says to the Angel of Death, 'What else you got'?"
1702,557,13,30,154,197,1.284263959390863,0.04136927136577988,624,This open concept casket is great for entertaining.
1430,557,10,36,151,197,1.284263959390863,0.03944647648719115,624,"Its 'til death do us PART, Karen!"
1221,557,11,34,152,197,1.284263959390863,0.04009765424495795,624,"Stop, you're killing me."
1103,557,8,40,149,197,1.284263959390863,0.038110756616304316,624,"OK, already!  Yes, I'm single."
993,557,12,32,153,197,1.284263959390863,0.04073842467059649,624,Don't believe that 'Rest in Peace' stuff.
522,557,9,38,150,197,1.284263959390863,0.03878436719299225,624,"This will be the greatest burial ever in the history of the world and, by the way, I didn't take away your health insurance."
397,557,12,32,153,197,1.284263959390863,0.04073842467059649,624,"When I said I was going back to my roots, I meant Ohio."
2077,557,12,32,153,197,1.284263959390863,0.04073842467059649,624,Hi hon. Miss me?
3385,578,8,40,150,198,1.2828282828282829,0.03794495920781954,624,What happened to the ‘PART’ part?!
3054,578,8,40,150,198,1.2828282828282829,0.03794495920781954,624,I f******* hated “Our Town”
133,578,11,34,153,198,1.2828282828282829,0.039920451126345735,624,Oh no! My mother-in-law!
611,578,9,38,151,198,1.2828282828282829,0.03861468751954855,624,Oh good. There you are. I've been waiting six years to tell you about my dream.
1407,578,14,28,156,198,1.2828282828282829,0.041802690188298026,624,Shake your fist at me all you want. I'm still happy I voted for Trump.
902,583,9,34,142,185,1.281081081081081,0.04033634434600251,624,That's the worst thing about death. Feigning social niceties with adjacent rotting corpses.
2991,584,9,35,145,189,1.2804232804232805,0.03974815394201331,624,I just got here so I’m not looking for anything serious right now.
1344,585,6,39,137,182,1.2802197802197801,0.03845286423083239,624,"Yeah, yeah.  You don't belong here.  We all say that."
794,586,13,28,152,193,1.2797927461139897,0.04184693034607385,624,Ed! Ed Sulivan!  It's me -- Joan Rivers!  Look at you in a kosher coffin -- if it weren't for the formaldehyde people would think you're a Jew!
1252,586,9,36,148,193,1.2797927461139897,0.039182599643145535,624,Ugh! What happened to till death do us part!?
625,588,9,32,138,179,1.2793296089385475,0.04118083153731656,624,"You had me at ""Hello."""
1612,589,10,35,152,197,1.2791878172588833,0.039302906796009424,624,"Fine, yes, okay. You can borrow my suit for the Monster Mash."
749,589,13,29,155,197,1.2791878172588833,0.04123239731930239,624,"Dear lord, they buried me in a nudist colony – next to a liberal!"
339,591,11,31,148,190,1.2789473684210526,0.04094939500274916,624,The saying 'I'm old but I'm not dead' doesn't work anymore.
3663,591,7,39,144,190,1.2789473684210526,0.038132319375348604,624,This is the last place I thought someone would recognize me.
3620,591,14,25,151,190,1.2789473684210526,0.04294109137762885,624,RIP my ass!
3228,591,13,27,150,190,1.2789473684210526,0.042287616818224384,624,"Darling,how many times do I have to tell you that I'm sick to death of hearing about all the weight you've lost?!?"
2984,591,9,35,146,190,1.2789473684210526,0.039565936940977174,624,I just got here.  What do I know?
2791,591,11,31,148,190,1.2789473684210526,0.04094939500274916,624,"I'm trying to rest in peace, here!"
2757,591,7,39,144,190,1.2789473684210526,0.038132319375348604,624,"Hey buddy, what part of ""R.I.P."" don't you get?"
2722,591,6,41,143,190,1.2789473684210526,0.03739490591520039,624,I thought it was til death do us part.
2630,591,9,35,146,190,1.2789473684210526,0.039565936940977174,624,"All I said was, ""Mr Putin, you should offer to speak to Mueller when you go to Washington to visit Trump."""
2513,591,10,33,147,190,1.2789473684210526,0.04026360836480357,624,This reminds me of the TV commercial with the man and woman in the two tubs. Funny! It doesn't feel romantic now!
2315,591,15,23,152,190,1.2789473684210526,0.04358476937232511,624,I told you that keto diet was amazing.
2052,591,7,39,144,190,1.2789473684210526,0.038132319375348604,624,'Til death do us part! Remember the vows? Now leave me alone!
1940,591,10,33,147,190,1.2789473684210526,0.04026360836480357,624,Why didn't they splurge for a lid?
1742,591,11,31,148,190,1.2789473684210526,0.04094939500274916,624,"SOLD - Cozy studio unit in quiet, well established, neighborhood. Ample green space and great neighbors. (Photo may not be of exact unit)"
1853,591,11,31,148,190,1.2789473684210526,0.04094939500274916,624,Hey! I see you chose the early retirement plan.
1403,591,6,41,143,190,1.2789473684210526,0.03739490591520039,624,"Oh great, I'm in the clothing optional section."
1399,591,9,35,146,190,1.2789473684210526,0.039565936940977174,624,"You’d think this would be one place where you’re left alone, but NOOO."
956,591,9,35,146,190,1.2789473684210526,0.039565936940977174,624,"Hey, so Hillary won and all is good, right?"
945,591,13,27,150,190,1.2789473684210526,0.042287616818224384,624,"Okay, okay, it wasn't the cooking and you do have big bones."
915,591,13,27,150,190,1.2789473684210526,0.042287616818224384,624,"Of all the cemeteries in all the towns in all the world, she's buried in mine."
846,591,9,35,146,190,1.2789473684210526,0.039565936940977174,624,Now is not the time to lecture me on smoking!
819,591,12,29,149,190,1.2789473684210526,0.04162388429289217,624,"I told you 20 years ago, I already have insurance!"
654,591,8,37,145,190,1.2789473684210526,0.038855740547317906,624,Underground nightlife sounded good ... at first
652,591,11,31,148,190,1.2789473684210526,0.04094939500274916,624,Before you know it you'll have roots in the community.
618,591,8,37,145,190,1.2789473684210526,0.038855740547317906,624,"So, I forgot our anniversary. Sue me!"
380,591,12,29,149,190,1.2789473684210526,0.04162388429289217,624,You must be new around here.
360,591,11,31,148,190,1.2789473684210526,0.04094939500274916,624,'Till death do us part my a**
1440,591,10,33,147,190,1.2789473684210526,0.04026360836480357,624,I knew I shouldn’t have let her take out ‘Till death do us part’.
34,619,12,27,144,183,1.278688524590164,0.04272122589478738,624,Guess what? No heaven!​
2686,620,11,32,151,194,1.2783505154639174,0.040352948532121624,624,I’m ghosting you.
1220,620,9,36,149,194,1.2783505154639174,0.039006775760510065,624,"Harold, Now you decide to come out!"
470,620,11,32,151,194,1.2783505154639174,0.040352948532121624,624,Do you come here often?
27,620,8,38,148,194,1.2783505154639174,0.03831595757942172,624,Tell me about it. I jogged. ate healthy and didn’t smoke — what a waste.
21,624,12,29,150,191,1.2774869109947644,0.04143113344252427,624,I think it's because I'm dead on the inside.
1607,624,13,27,151,191,1.2774869109947644,0.04209097788510338,624,"Oh, I know. I know. Ed Sullivan!"
3603,626,10,31,144,185,1.2756756756756757,0.04089931337951772,624,I guess my family paid for better embalming fluid
55,627,10,32,147,189,1.2751322751322751,0.04029509579822173,624,You call that thinking outside the box?
646,628,11,29,146,186,1.2741935483870968,0.04141360373848074,624,Must you always have the last word?
1128,628,14,23,149,186,1.2741935483870968,0.043467855835218124,624,"Obviously, my wife misunderstood me when I said I was desperate for some peace and quiet."
1624,628,9,33,144,186,1.2741935483870968,0.03998551359020296,624,Dead with benefits?
1720,628,8,35,143,186,1.2741935483870968,0.03925198922735644,624,You??? What about that death do us part promise??
2076,628,14,23,149,186,1.2741935483870968,0.043467855835218124,624,Just tell me how you got out of your suit?  It's hot as hell down here!
2235,628,12,27,147,186,1.2741935483870968,0.04210949077554496,624,Why am I so attractive to older women?
2260,628,9,33,144,186,1.2741935483870968,0.03998551359020296,624,Excuse me…How did ‘Game of Thrones’ end?”
2974,628,14,23,149,186,1.2741935483870968,0.043467855835218124,624,Is Hillary everything we had hoped for?
2923,636,10,32,148,190,1.2736842105263158,0.040108603975397075,624,This is not rest or peace
3567,637,8,34,141,183,1.273224043715847,0.03964155049310176,624,"I honestly believed it WOULD end when we reached the ""till death us do part"" part."
2384,637,5,40,138,183,1.273224043715847,0.03730019844941591,624,"Sorry babe, but I prefer a gal with a little meat on her bones."
49,637,10,30,143,183,1.273224043715847,0.041128469534512886,624,"Then he demanded, ""Your money or your life...""  You too?"
129,637,6,38,139,183,1.273224043715847,0.03809664085904318,624,"It's too late for apologies, Gladys."
2233,637,11,28,144,183,1.273224043715847,0.04185212356175567,624,The aggravating part is I still don't feel ready to make a commitment!
2062,642,14,23,150,187,1.2727272727272727,0.04325963922411267,624,Yoo-hoo!
3387,642,7,37,143,187,1.2727272727272727,0.038326092181790714,624,"The tree is in YOUR yard, lady."
3292,642,11,29,147,187,1.2727272727272727,0.041217634175162915,624,"Hey there, friend!  Have a few minutes to talk about hole life insurance?"
3030,642,7,37,143,187,1.2727272727272727,0.038326092181790714,624,So what did I go and buy a suit for?
2865,642,10,31,146,187,1.2727272727272727,0.04051410076417775,624,I meant pull the plug in the bathtub.
2776,642,12,27,148,187,1.2727272727272727,0.04190935901758899,624,Death was supposed to end this!
2433,642,12,27,148,187,1.2727272727272727,0.04190935901758899,624,Eating organic really does make a difference.
2276,642,9,33,145,187,1.2727272727272727,0.0397981325499368,624,"I was hoping death would us part."""
2202,642,11,29,147,187,1.2727272727272727,0.041217634175162915,624,I’ve been pushing these up just for you.
1958,642,9,33,145,187,1.2727272727272727,0.0397981325499368,624,"Sorry, I prefer women with a bit more flesh on their bones."
1326,642,8,35,144,187,1.2727272727272727,0.03906904590842639,624,Hello? Doesn't anyone knock before they inter?
1540,642,12,27,148,187,1.2727272727272727,0.04190935901758899,624,Damn Google Maps. I followed directions to Gravesend Brooklyn and you’re saying I’m DEAD? Unbelievable.
1829,642,9,33,145,187,1.2727272727272727,0.0397981325499368,624,I think I'll pass.
1203,642,9,33,145,187,1.2727272727272727,0.0397981325499368,624,I wonder if anyone else fell for this Down Under getaway?
1077,642,8,35,144,187,1.2727272727272727,0.03906904590842639,624,"I'm flattered, but I'm not looking for anything serious right now."
824,642,16,19,152,187,1.2727272727272727,0.04456902958709789,624,Is no place safe from gentrification?
710,642,11,29,147,187,1.2727272727272727,0.041217634175162915,624,And now the plot thickens.
528,642,11,29,147,187,1.2727272727272727,0.041217634175162915,624,Buried is the new dead.
464,642,10,31,146,187,1.2727272727272727,0.04051410076417775,624,"If this is all there is, wave."
375,642,10,31,146,187,1.2727272727272727,0.04051410076417775,624,I never know what to wear to these things.
37,642,7,37,143,187,1.2727272727272727,0.038326092181790714,624,"Hey new guy, no worries.
It'll take till spring for your clothes to melt off
but then it's quite roomy"
847,663,10,29,141,180,1.2722222222222221,0.04156360106277781,624,"Oh, my God, my mother-in-law...Sartre was right."
52,663,14,21,145,180,1.2722222222222221,0.04445026343036561,624,"But, I had the biggest inauguration crowds ever..."
1709,665,10,30,144,184,1.2717391304347827,0.04093127837879785,624,"Oh, Dang - this suit isn't recyclable and I'll be in it for Eternity."
3445,665,4,42,138,184,1.2717391304347827,0.03631790690922581,624,I thought I asked for a single !
3416,665,9,32,143,184,1.2717391304347827,0.04019916688788548,624,Like I've been telling you for eternity ... I did not know you were allergic to daisies.
3402,665,11,28,145,184,1.2717391304347827,0.041650523177569086,624,"I thought I said, ""DON'T wait up for me!"""
3296,665,10,30,144,184,1.2717391304347827,0.04093127837879785,624,But enough about me
3066,665,10,30,144,184,1.2717391304347827,0.04093127837879785,624,Great...a pushy bonehead neighbor for all eternity.
3759,665,9,32,143,184,1.2717391304347827,0.04019916688788548,624,"What now?"""
2499,665,13,24,147,184,1.2717391304347827,0.04305298065698089,624,"All right already!!  ""Dem bones dem bones dem crazy bones..."""
1840,665,7,36,141,184,1.2717391304347827,0.03869340972303834,624,Your roommate ad was misleading.
1780,665,4,42,138,184,1.2717391304347827,0.03631790690922581,624,"Wake up hombre, it’s dia de los Muertos!"
1562,665,6,38,140,184,1.2717391304347827,0.03791811473098765,624,"We're stuck here, so live with it!"
2856,665,12,26,146,184,1.2717391304347827,0.0423575567308573,624,Hi  I know we’ve never met but we were friends on Facebook
1010,665,12,26,146,184,1.2717391304347827,0.0423575567308573,624,"If I give you my flowers, will you finally shut up about Hillary's emails?"
987,665,13,24,147,184,1.2717391304347827,0.04305298065698089,624,"How did I get here? Well, there was this news conference, and I asked Putin a question that he didn't like."
869,665,11,28,145,184,1.2717391304347827,0.041650523177569086,624,"Harriet, you begged me for years to wear this suit.   So now I am!"
791,665,12,26,146,184,1.2717391304347827,0.0423575567308573,624,"And he says, ""I'm dying here!"""
777,665,6,38,140,184,1.2717391304347827,0.03791811473098765,624,"What about ""until death do us part?"""
765,665,15,20,149,184,1.2717391304347827,0.044411172084685195,624,"Do I look fat in this casket!? That’s the first question you ask me, Muriel?"
682,665,11,28,145,184,1.2717391304347827,0.041650523177569086,624,Why do I always get seated next to a weirdo?!
678,665,5,40,139,184,1.2717391304347827,0.037126633209998545,624,Stop me if you’ve already heard this one.
452,665,10,30,144,184,1.2717391304347827,0.04093127837879785,624,What did I do in life to end up next to the founder of Welcome Wagon?
295,665,11,28,145,184,1.2717391304347827,0.041650523177569086,624,"No, I don't want to join your professional network on Linkedin."
1133,665,8,34,142,184,1.2717391304347827,0.03945347243573743,624,"On and on about the flowers, just take mine, I'm trying to rest in peace here!"
1691,688,13,21,139,173,1.2716763005780347,0.04499078107269158,624,"It should have been obvious that what I meant was, 'I <ital>wouldn't</ital> rather be dead than listen to my intelligence community.'"
235,689,11,27,143,181,1.270718232044199,0.04209624107057998,624,"Dear God, Margaret. Do you hear yourself? I'm here, like, what, five minutes? And already you're starting with the rattle, rattle, rattle. Can't I get some peace and quiet? Oh, and your sister called. We have to send her a sign we arrived o.k."
2764,689,9,31,141,181,1.270718232044199,0.0406118062127544,624,Could be worse. At least I don’t have to watch the GOP bury its head in the sand any more.
1708,691,9,30,139,178,1.2696629213483146,0.041036598361783805,624,"Hey new neighbor, could you stop the complaining about what’s going on in Washington and just roll over like the rest of us do?”"
3737,691,6,36,136,178,1.2696629213483146,0.03864663619126405,624,So much for peace.
711,691,6,36,136,178,1.2696629213483146,0.03864663619126405,624,Stop me if you've heard this one before.
220,694,8,33,141,182,1.2692307692307692,0.039657208665367996,624,I understand.  I felt the same way the first 100 years.
2090,694,10,29,143,182,1.2692307692307692,0.04115968579713304,624,Sure I date older women.
3739,694,7,35,140,182,1.2692307692307692,0.038884205421140475,624,"I don't care that we're six feet under,I will build a fence here too."
2415,697,8,32,139,179,1.2681564245810055,0.04005852680326121,624,"Stop it, Mom. You're embarrassing me."""
2473,697,6,36,137,179,1.2681564245810055,0.03845964342491809,624,The vows clearly said TIL death do us part.
3756,697,8,32,139,179,1.2681564245810055,0.04005852680326121,624,"So if you're Death, am I supposed to be Taxes?"
2580,697,8,32,139,179,1.2681564245810055,0.04005852680326121,624,"What, no St. Peter?"
2704,697,9,30,140,179,1.2681564245810055,0.04083449850659945,624,I'm an introvert. I told them I didn't want to be buried in the friendly section.
2835,697,8,32,139,179,1.2681564245810055,0.04005852680326121,624,Here...I'm deathly allergic.
3028,697,9,30,140,179,1.2681564245810055,0.04083449850659945,624,Will I have to hear about not noticing your weight loss forever?
3316,697,10,28,141,179,1.2681564245810055,0.04159599700600226,624,"One's a introverted, grumpy, flesh bag
The other's a friendly, outgoing, bunch of bones!
Coming to NBC this fall-THE ODD COUPLE"
3472,697,3,42,134,179,1.2681564245810055,0.035928151586996755,624,"I've never dated older women, but hey, it's never too late, right?"
3502,697,9,30,140,179,1.2681564245810055,0.04083449850659945,624,"Stop, stop,  this is a R.I.P. zone!"""
3703,697,6,36,137,179,1.2681564245810055,0.03845964342491809,624,"I told them, don't waste your money on a fancy suit!"
2998,697,6,36,137,179,1.2681564245810055,0.03845964342491809,624,"Look on the bright side, bro. Never more tendinitis."
2372,697,10,28,141,179,1.2681564245810055,0.04159599700600226,624,Does it look like I remember you?
1554,697,11,26,142,179,1.2681564245810055,0.042343803154195114,624,I can't go anywhere without being recognized.
1901,697,9,30,140,179,1.2681564245810055,0.04083449850659945,624,I need some time to grieve for myself.
1876,697,6,36,137,179,1.2681564245810055,0.03845964342491809,624,Terrific.  The Welcome Wagon.
1744,697,10,28,141,179,1.2681564245810055,0.04159599700600226,624,Can you swipe left down here?
1462,697,9,30,140,179,1.2681564245810055,0.04083449850659945,624,What part of depart don’t you understand?
1343,697,8,32,139,179,1.2681564245810055,0.04005852680326121,624,I'm sorry but I just got out of a relationship.
838,697,7,34,138,179,1.2681564245810055,0.03926722387704179,624,"""I always wanted to go into real estate.  You?"
780,697,12,24,143,179,1.2681564245810055,0.04307863001766769,624,"On behalf of the welcoming committee, you're invited to Happy Hour at 5 p.m."
774,697,12,24,143,179,1.2681564245810055,0.04307863001766769,624,"While annoyed by Susan’s flirtatious tactics, Ted couldn’t help but admire her determination to sell him life insurance."
742,697,10,28,141,179,1.2681564245810055,0.04159599700600226,624,"When I asked for an open casket, I still thought it came with a lid?"
453,697,8,32,139,179,1.2681564245810055,0.04005852680326121,624,"Who's the 'bonehead' now, Frankie Boy!"
423,697,8,32,139,179,1.2681564245810055,0.04005852680326121,624,"No, Mr. Rogers, I WON'T be your neighbor!"
43,697,10,28,141,179,1.2681564245810055,0.04159599700600226,624,Read the sign!
1951,697,12,24,143,179,1.2681564245810055,0.04307863001766769,624,"For the last time, I'm not interested in your book club!"
845,724,10,25,133,168,1.2678571428571428,0.04344156464118289,624,Oh great. Buried alive again!
1380,725,9,29,138,176,1.2670454545454546,0.04126602940675077,624,Ugh — should have gone with cremation.
66,726,8,32,140,180,1.2666666666666666,0.03986320494676991,624,The report of my death was an exaggeration.
506,726,14,20,146,180,1.2666666666666666,0.04428898945802343,624,"Hi, nice to meet my replacement in the Trump administration!"
933,726,8,32,140,180,1.2666666666666666,0.03986320494676991,624,I thought the press would leave me alone at this point!
1116,726,9,30,141,180,1.2666666666666666,0.040634324838232136,624,Oh great!! They buried me next to a nudist.
1155,726,5,38,137,180,1.2666666666666666,0.037454710909788316,624,. . . shoulda took the deal
1813,726,13,22,145,180,1.2666666666666666,0.04358258070355773,624,That cut rate funeral home left off the lids.
2370,726,8,32,140,180,1.2666666666666666,0.03986320494676991,624,I guess this must be a near life experience.
3317,726,9,30,141,180,1.2666666666666666,0.040634324838232136,624,"Hello Leonard. Yes, I remember you from sixth grade."
3430,726,9,30,141,180,1.2666666666666666,0.040634324838232136,624,"The view's not great, but it was the only studio in my price range."
3525,726,8,32,140,180,1.2666666666666666,0.03986320494676991,624,Ugh. Even death involves networking?
1765,736,10,26,137,173,1.2658959537572254,0.04250870170486751,624,This is the worst blind date ever.
2694,736,11,24,138,173,1.2658959537572254,0.04329206689174236,624,I’ve made a terrible mistake.
3468,738,9,29,139,177,1.265536723163842,0.041059953883252474,624,Don't worry in a week you'll feel more grounded.
2792,738,9,29,139,177,1.265536723163842,0.041059953883252474,624,The real estate's cheap and the neighbors are quiet.
2199,738,6,35,136,177,1.265536723163842,0.038643444550550764,624,Good coffins make better neighbors.
457,738,9,29,139,177,1.265536723163842,0.041059953883252474,624,Are we there yet?
698,738,10,27,140,177,1.265536723163842,0.04183444930057758,624,Stop!  You're killing me . . .
548,738,9,29,139,177,1.265536723163842,0.041059953883252474,624,And now you want me!
1290,738,8,31,138,177,1.265536723163842,0.04027056589504354,624,Too soon?
23,745,10,26,138,174,1.264367816091954,0.04229131031983447,624,"So I says to him, I said 'I'll show you the greatest escape ever!' """
1810,746,11,23,137,171,1.263157894736842,0.04355934342498944,624,"Wait, there's been a mistake. I paid for the room with a window and a view of the golf course."
1971,746,9,27,135,171,1.263157894736842,0.04195017878874135,624,Is it too late to be cremated?
2168,746,8,29,134,171,1.263157894736842,0.041121989869204546,624,This looked bigger on Dirtbnb.
2300,746,5,35,131,171,1.263157894736842,0.038530763060050495,624,This wasn't the view that was advertised.
2340,746,7,31,133,171,1.263157894736842,0.040276774960249215,624,"Why me?"" is the usual first stage of post-life syndrome"
2455,746,8,29,134,171,1.263157894736842,0.041121989869204546,624,My third wish was I looked this good forever
2461,746,13,19,139,171,1.263157894736842,0.04511114384301264,624,"Hey, hey! Put a lid on it!"
2463,746,9,27,135,171,1.263157894736842,0.04195017878874135,624,Clearly you are too old for me
2598,746,12,21,138,171,1.263157894736842,0.04434203253370975,624,"No, I don't need insurance, now."
2798,746,7,31,133,171,1.263157894736842,0.040276774960249215,624,I said better or worse...not forever!
2888,746,10,25,136,171,1.263157894736842,0.042762330970279996,624,Yo better smell them now because in awhile you won’t have a nose.
3104,746,7,31,133,171,1.263157894736842,0.040276774960249215,624,I’d wave back but I’m still in the rigor mortis stage.
3244,746,10,25,136,171,1.263157894736842,0.042762330970279996,624,Why didn't I read the prenup?
3275,746,7,31,133,171,1.263157894736842,0.040276774960249215,624,I thought this time-share presentation was only 90 minutes.
3439,746,8,29,134,171,1.263157894736842,0.041121989869204546,624,I feel overdressed!
3490,746,10,25,136,171,1.263157894736842,0.042762330970279996,624,Apparently getting off Facebook is much harder than I thought.
3637,746,5,35,131,171,1.263157894736842,0.038530763060050495,624,Why?Why? Why? They knew I hated this suit!
3654,746,12,21,138,171,1.263157894736842,0.04434203253370975,624,"Hey Bob, can I have some skin?"
2695,746,7,31,133,171,1.263157894736842,0.040276774960249215,624,So you're saying it's what's underneath that counts?
1728,746,9,27,135,171,1.263157894736842,0.04195017878874135,624,I should have read the fine print on that prepaid funeral expense
1764,746,7,31,133,171,1.263157894736842,0.040276774960249215,624,I turned the oven off.  Now would you give it a rest?
1699,746,8,29,134,171,1.263157894736842,0.041121989869204546,624,"Sigh! 'Rest in Peace' ,they said!"
1711,746,6,33,132,171,1.263157894736842,0.03941343871821076,624,Will you please stop that rattling. I'm trying to settle in.
58,746,8,29,134,171,1.263157894736842,0.041121989869204546,624,Hey!  Over Here!  I'm you in five years!
92,746,9,27,135,171,1.263157894736842,0.04195017878874135,624,"Well Margaret, at least you've lost weight."
390,746,8,29,134,171,1.263157894736842,0.041121989869204546,624,Won't you be my neighbor?
576,746,8,29,134,171,1.263157894736842,0.041121989869204546,624,I just can’t seem to get away from shallow people
781,746,8,29,134,171,1.263157894736842,0.041121989869204546,624,Fake news! Witness my resurrection in 2020!
809,746,10,25,136,171,1.263157894736842,0.042762330970279996,624,Hey! Did you pack any weed?
976,746,6,33,132,171,1.263157894736842,0.03941343871821076,624,Hi neighbor! Just wanted to welcome you to forever.
996,746,12,21,138,171,1.263157894736842,0.04434203253370975,624,"So how the hell do I respond to that? ""Hey babe, you've got beautiful bone structure!"" Gimme a break."
940,746,5,35,131,171,1.263157894736842,0.038530763060050495,624,"Fake Obituary, am I right?"
1074,746,9,27,135,171,1.263157894736842,0.04195017878874135,624,"Proving once again, there is no peace for the wicked."
1115,746,9,27,135,171,1.263157894736842,0.04195017878874135,624,"Please read my obituary:  No flowers, please."
1194,746,12,21,138,171,1.263157894736842,0.04434203253370975,624,Now you lose weight!
1265,746,12,21,138,171,1.263157894736842,0.04434203253370975,624,"The Craigslist ad clearly stated, ""Cramped, dark room with NO roommates!"""
1423,746,6,33,132,171,1.263157894736842,0.03941343871821076,624,Welcome to the second certainty in life.
1564,746,7,31,133,171,1.263157894736842,0.040276774960249215,624,I said I'm not accepting any more clients!
1565,746,9,27,135,171,1.263157894736842,0.04195017878874135,624,Stop waving at me. It just makes this worse.
1671,746,11,23,137,171,1.263157894736842,0.04355934342498944,624,I thought there'd be a heavenly host to greet me.
1055,746,7,31,133,171,1.263157894736842,0.040276774960249215,624,"So then I said, ""What do I have to do to get some rest around here?"""
249,787,8,30,137,175,1.262857142857143,0.040484979244804646,624,I'm dying to get some peace and quiet!
550,787,8,30,137,175,1.262857142857143,0.040484979244804646,624,Nobody mentioned an adjoining casket.
162,789,9,26,133,168,1.2619047619047619,0.04241606821417886,624,"I ate the Trump steaks, drank the Trump water, graduated from you-know-where...then got hit by a bus!"
1959,789,8,28,132,168,1.2619047619047619,0.0415672568654724,624,How many phalanges am I holding up?
2496,791,5,33,128,166,1.2590361445783131,0.03909408885300817,624,"Face it Emily, our marriage is still dead."
1533,791,6,31,129,166,1.2590361445783131,0.04001708551824684,624,Please stop quoting 'Our Town.'
3466,791,5,33,128,166,1.2590361445783131,0.03909408885300817,624,Sorry I’m late. Remission lasted longer than expected.
539,791,8,27,131,166,1.2590361445783131,0.04180198360879839,624,"Rodney, you're still slaying them after all these years."
693,791,8,27,131,166,1.2590361445783131,0.04180198360879839,624,"Hey newbie, wanna come over and watch the grass grow from below with me?"
331,796,7,30,133,170,1.2588235294117647,0.04027911870455727,624,But we made a deal! 'Til death do us part!
377,796,8,28,134,170,1.2588235294117647,0.04113418344746973,624,Why did I have to be all-dressed-up for this?
1202,796,5,34,131,170,1.2588235294117647,0.03851207752208727,624,I thought we agreed until death do us part!
3007,796,12,20,138,170,1.2588235294117647,0.044390039704726596,624,"Yes, still a magician. No, no—still just visiting."
3462,796,10,24,136,170,1.2588235294117647,0.04279308748429644,624,"Damn it, Bill. Put on some clothes!"
1922,801,8,24,123,155,1.2580645161290323,0.043744612142876955,624,"Okay, I'll friend you if you'll just let me rest in peace."
2346,801,10,20,125,155,1.2580645161290323,0.04561979233461597,624,"Oh my God! I have to call you back, my ex-boyfriend just moved in literally next door."
3740,803,8,27,132,167,1.2574850299401197,0.04157986020033555,624,"In fact no, I don't want to hear another haunting melody."
3638,803,8,27,132,167,1.2574850299401197,0.04157986020033555,624,Why the hell didn’t I opt for cremation?
3555,803,7,29,131,167,1.2574850299401197,0.04070306999953109,624,Is there Wifi down here?
3426,803,10,23,134,167,1.2574850299401197,0.043280186090922594,624,Unbelievable! This is it??
2495,803,8,27,132,167,1.2574850299401197,0.04157986020033555,624,Oh great.  Now I get some respect!
1328,803,8,27,132,167,1.2574850299401197,0.04157986020033555,624,"Look, I don’t want seem picky but your Tinder ad said ‘slim female’ looking for well- dressed male. Really?"
1306,803,8,27,132,167,1.2574850299401197,0.04157986020033555,624,At least give me time to decompose before asking me on a date
783,803,5,33,129,167,1.2574850299401197,0.0388902323675404,624,Ma! Enough about my tie...I didn’t really have a CHOICE!
740,803,8,27,132,167,1.2574850299401197,0.04157986020033555,624,"Hey buddy, wanna start an underground band?"""
1579,803,7,29,131,167,1.2574850299401197,0.04070306999953109,624,"So I tell her 'if you hate me so much then why don't you just go ahead and kill me?'"""
577,813,7,30,134,171,1.2573099415204678,0.04007147148199086,624,"I hear you knocking , but you can't come in."
2943,813,6,32,133,171,1.2573099415204678,0.03920361433755316,624,I see you are new here. Can I lend you a hand?
3242,813,6,32,133,171,1.2573099415204678,0.03920361433755316,624,A monumentally successful program of morning-latte-arsenic-lacing followed by 17 years of accusations.... and they still bury me next to her??!!
3255,813,7,30,134,171,1.2573099415204678,0.04007147148199086,624,So why does everyone have to bring flowers?  Pizza would be good some time.
3449,813,9,26,136,171,1.2573099415204678,0.041753104386869404,624,I should have made an ash of myself.
797,818,6,28,122,156,1.2564102564102564,0.04154959056053535,624,Did you pick door number 2?
3727,819,8,26,130,164,1.2560975609756098,0.042039462606503646,624,"Hey, check my will again—CREMATION!"
3635,819,9,24,131,164,1.2560975609756098,0.04292007823071685,624,"Yes, I remember you, and no, I don't want to hear how a life insurance policy may be right for me."""
3546,819,8,26,130,164,1.2560975609756098,0.042039462606503646,624,"What? All I said was, ‘Hey, Mr. Putin, how’s the weather down there?’"
3496,819,7,28,129,164,1.2560975609756098,0.04114000142387433,624,Coulda sworn I left them all in the closet!
2771,819,5,32,127,164,1.2560975609756098,0.03927933704865586,624,All because I mumbled 'till death do us part' ...
3478,819,7,28,129,164,1.2560975609756098,0.04114000142387433,624,"Hi there. I'm Bones, your Airbnb super host"
2108,819,8,26,130,164,1.2560975609756098,0.042039462606503646,624,"I told my wife I just wanted to get away for the weekend. She said, ""Wait, I have a better idea."""
1665,819,6,30,128,164,1.2560975609756098,0.040220430356588004,624,I always get seated next to the talkative guy.
1478,819,6,30,128,164,1.2560975609756098,0.040220430356588004,624,Just let me rest in peace!
1046,819,7,28,129,164,1.2560975609756098,0.04114000142387433,624,Should I expect this enthusiasm every morning for eternity?
536,819,9,24,131,164,1.2560975609756098,0.04292007823071685,624,Hey new guy!  What part of Rest In Peace don’t you understand?
2673,819,8,26,130,164,1.2560975609756098,0.042039462606503646,624,"Still better than flying coach, amirite?"
3750,831,7,29,132,168,1.255952380952381,0.040489082802291125,624,"Leave me alone! Look, I don't have any change!"
3686,831,5,33,130,168,1.255952380952381,0.03868841980892167,624,"Look, what part of ‘til death do us part’ do you not understand?”"
3660,831,7,29,132,168,1.255952380952381,0.040489082802291125,624,What about “rest in peace” don’t you understand?
3473,831,11,21,136,168,1.255952380952381,0.043869235506099655,624,"Excuse me but exactly what is it about 'RIP' that you don't get?"""
3413,831,7,29,132,168,1.255952380952381,0.040489082802291125,624,"All right, all right! I'll read The Watchtower."
3273,831,6,31,131,168,1.255952380952381,0.039598987698438386,624,What part of “ ‘til death com us part” don’t you understand?
3142,831,7,29,132,168,1.255952380952381,0.040489082802291125,624,It beats a 7-floor walk-up
2838,831,11,21,136,168,1.255952380952381,0.043869235506099655,624,"So this is what Trump meant about getting me a job ""in the deep state"""
2539,831,9,25,134,168,1.255952380952381,0.042213005401537225,624,I specifically requested sleeping with the fishes!
2439,831,8,27,133,168,1.255952380952381,0.04136002690521971,624,Hi! My name is Fred. What is your name? I was a salesman. What did you do? We are going to have so much fun. I have wated a long time for a friend. Did you have friends? I necver had friends. Eternity here we come! We are now a wolfpack! ............
2182,831,10,23,135,168,1.255952380952381,0.043049086220963186,624,I was expecting more than just a 'rose garden'.
1929,831,9,25,134,168,1.255952380952381,0.042213005401537225,624,"Hey, I remember you from the Poconos in '68!  Say something funny!"
1910,831,5,33,130,168,1.255952380952381,0.03868841980892167,624,Worst stalker I've ever had.
1872,831,8,27,133,168,1.255952380952381,0.04136002690521971,624,Welcome to the Six Feet Under Club!
1553,831,9,25,134,168,1.255952380952381,0.042213005401537225,624,"Oh, you’re still on hold too?"
836,831,9,25,134,168,1.255952380952381,0.042213005401537225,624,Exactly how long have you been waiting for Mr. Right?
754,831,10,23,135,168,1.255952380952381,0.043049086220963186,624,The first 50 years are always the hardest
603,831,10,23,135,168,1.255952380952381,0.043049086220963186,624,Did they find Hillary's missing servers yet?
2479,831,6,31,131,168,1.255952380952381,0.039598987698438386,624,"For godssakes, Hilda, didn't you look at the inscriptions?   'In PEACE!  In PEACE!'"
3406,850,7,27,127,161,1.2546583850931676,0.04159056486557664,624,I wonder if it's too late for an upgrade.
1397,851,6,30,129,165,1.2545454545454546,0.04000604671087579,624,I just feel it’s too early for me.
2944,851,5,32,128,165,1.2545454545454546,0.03907139546299037,624,"I donno, the last thing I remember, I ordered a salad at the drive through."
1094,851,9,24,132,165,1.2545454545454546,0.04268738998176099,624,So this is my punishment for ghosting you all those years ago?
1786,851,6,30,129,165,1.2545454545454546,0.04000604671087579,624,"It's a beautiful day in this neighborhood,
A beautiful day for a neighbor,
Would you be mine?"
604,851,8,26,131,165,1.2545454545454546,0.041812718560834544,624,Is it too late to rethink cremation?
72,851,5,32,128,165,1.2545454545454546,0.03907139546299037,624,"When you're Ed Sullivan, you never age!"
650,851,6,30,129,165,1.2545454545454546,0.04000604671087579,624,"No Jimmy, I'm still not going to call on you."
2245,858,6,28,124,158,1.2531645569620253,0.04108571366290423,624,You should have gone commando like I did.
3084,859,10,21,131,162,1.2530864197530864,0.044056039554179485,624,"Down here Welcome Wagon operates with a skeleton crew.”
Jim Hein, Pittsburgh, Pa."
2727,859,10,21,131,162,1.2530864197530864,0.044056039554179485,624,'Your Airbnb profile suggested that this place was on the subway'
2210,859,9,23,130,162,1.2530864197530864,0.04317700064962713,624,Bone jour mes zombi....
2003,859,8,25,129,162,1.2530864197530864,0.042279689556527916,624,I thought the deal was Till Death Do Us Part?
1828,859,8,25,129,162,1.2530864197530864,0.042279689556527916,624,"Of course I’m still sorry. By the way, she left me a week after the funeral."
1796,859,10,21,131,162,1.2530864197530864,0.044056039554179485,624,That's why I wanted to be cremated
1632,859,8,25,129,162,1.2530864197530864,0.042279689556527916,624,All I said to her was equal pay is a crock.
2389,859,8,25,129,162,1.2530864197530864,0.042279689556527916,624,"Quit your complaining......Here, you can have MY flowers."
1518,859,6,29,127,162,1.2530864197530864,0.040425359327943194,624,They couldn't spring for a lid?!
1305,859,6,29,127,162,1.2530864197530864,0.040425359327943194,624,"Allan, Allan, what happened at the last board meeting!!"
1171,859,8,25,129,162,1.2530864197530864,0.042279689556527916,624,Nobody knew that healthcare could be so complicated.
997,859,7,27,128,162,1.2530864197530864,0.041362917122645615,624,"I refuse to play 'Keeping up with the Boneses'"""
679,859,7,27,128,162,1.2530864197530864,0.041362917122645615,624,"Seriously, what fresh hell is this?!"
389,859,7,27,128,162,1.2530864197530864,0.041362917122645615,624,This looked a lot better in the listing
1620,859,7,27,128,162,1.2530864197530864,0.041362917122645615,624,Whose idea was family plots?
480,874,9,22,128,159,1.251572327044025,0.04368263265234609,624,"I’ve heard of “getting buried alive in an open coffin next to a waving skeleton you can’t see because there’s dirt separating your grave plots,” but this is ridiculous!"
1412,874,7,26,126,159,1.251572327044025,0.04182044241324806,624,"I know we said we'd put this one to rest, but I still think there is reasonable doubt that a tomato is a fruit. And don't get me started on Pluto..."
2820,876,7,27,129,163,1.2515337423312884,0.04113768580672014,624,"There's no stand-up here, bud.  Just lay down, relax and rot."
3169,876,8,25,130,163,1.2515337423312884,0.04204818135866704,624,Still complaining
3709,876,9,23,131,163,1.2515337423312884,0.042939374909403194,624,Like I brought a condom with me?
3170,876,8,25,130,163,1.2515337423312884,0.04204818135866704,624,"Honey, do you remember when we pushed our mattresses together"
3181,876,7,27,129,163,1.2515337423312884,0.04113768580672014,624,"No thanks, I'm just passing through"
3475,876,8,25,130,163,1.2515337423312884,0.04204818135866704,624,Welcome to our community!! I'm Harry and you and I are going to be neighbors from here to eternity.
3253,876,4,33,126,163,1.2515337423312884,0.03827646936977903,624,"But, my lawyer said it was only ""til death do us part!"""
3355,876,7,27,129,163,1.2515337423312884,0.04113768580672014,624,I already told you I hate charades.
3700,876,5,31,127,163,1.2515337423312884,0.03925338799969453,624,"Ma, please – I just got here.  Give me time to decompose a little!"
2810,876,8,25,130,163,1.2515337423312884,0.04204818135866704,624,"No, I am not grateful; yes, I am dead."
3207,876,11,19,133,163,1.2515337423312884,0.04466845242101125,624,How many times do I have to tell you I don't want any insurance!
2724,876,5,31,127,163,1.2515337423312884,0.03925338799969453,624,"Finally, I'm on the Ed Sullivan Show!"
1597,876,8,25,130,163,1.2515337423312884,0.04204818135866704,624,Our vows said Til Death Do We Part .  Why are you still nagging me?
2718,876,8,25,130,163,1.2515337423312884,0.04204818135866704,624,"The price was right, but I should have listened to the Airbnb reviews about the over-friendly host."
2720,876,7,27,129,163,1.2515337423312884,0.04113768580672014,624,This is what I get for falling in love with a gravedigger.
746,876,6,29,128,163,1.2515337423312884,0.04020657696812169,624,It's never too late to say you're sorry.
901,876,9,23,131,163,1.2515337423312884,0.042939374909403194,624,I told you I was sick!!
1162,876,6,29,128,163,1.2515337423312884,0.04020657696812169,624,Is it asking too much to just rest in peace?:
1234,876,8,25,130,163,1.2515337423312884,0.04204818135866704,624,"Leave me alone, what do you think RIP means?"
6,876,10,21,132,163,1.2515337423312884,0.04381244434688865,624,How do I know you're my father?
1311,876,8,25,130,163,1.2515337423312884,0.04204818135866704,624,I’m dead serious but I think I just got more Formalin than necessary!
2037,876,8,25,130,163,1.2515337423312884,0.04204818135866704,624,"Steve, it was a Witch Hunt, I did not collude."
2476,876,5,31,127,163,1.2515337423312884,0.03925338799969453,624,"No, I don’t have any Grey Poupon!"
2629,876,6,29,128,163,1.2515337423312884,0.04020657696812169,624,"New here, huh?"
1298,876,7,27,129,163,1.2515337423312884,0.04113768580672014,624,Does it look like I have a vase?
46,901,8,23,125,156,1.25,0.04325946493965428,624,I’ve been dying to meet you!
1662,901,3,34,123,160,1.25,0.03761773969316393,624,"Do you love me for myself, or for my body?"
1002,903,8,24,129,161,1.2484472049689441,0.042286232489106394,624,"No, we haven't met before; I just have one of those corpses."
1854,904,8,23,126,157,1.2484076433121019,0.04301252903945452,624,I'm feeling so awkward . . . . Nobody told me to come au natural!
661,905,8,22,123,153,1.2483660130718954,0.043773903246154315,624,I beat Hillary.
705,906,9,19,121,149,1.2483221476510067,0.04557912838520316,624,"Hey dude, what did you do to deserve being buried alive?”
“Um they said I shouldn’t have helped Trump become president."
2968,907,8,23,127,158,1.2468354430379747,0.04276833833089834,624,You got buried next to the tree of life too?
3615,907,5,29,124,158,1.2468354430379747,0.03984035389320539,624,And I thought my last neighbor was annoying...
2904,907,6,27,125,158,1.2468354430379747,0.04083967988879557,624,They told me I was going undercover
538,907,9,21,128,158,1.2468354430379747,0.04370075993240433,624,"Keep waving at the staff all you want, pal. The service in this place is lousy."
1609,907,11,17,130,158,1.2468354430379747,0.04550832592874112,624,"Hey, hey, hey.  Complaints go in the box over there."
927,907,7,25,126,158,1.2468354430379747,0.041815130138536466,624,You’re new here aren’t you?
2313,907,4,31,123,158,1.2468354430379747,0.03881530810456615,624,"I get it, I get it, 'this too shall pass'."
2183,914,7,24,123,154,1.2467532467532467,0.04253220024914219,624,Been here long?
3428,914,9,20,125,154,1.2467532467532467,0.044483175849756494,624,You've obviously been here longer.
3732,914,7,24,123,154,1.2467532467532467,0.04253220024914219,624,Are you serious? I asked to be cremated!
3351,914,9,20,125,154,1.2467532467532467,0.044483175849756494,624,"Sure Carol, you look thin but are you really going to call it the Green-Wood Diet?"
3322,914,7,24,123,154,1.2467532467532467,0.04253220024914219,624,Hey! Show some spine!
3293,914,8,22,124,154,1.2467532467532467,0.043518622403021276,624,I can't get any peace in here.
3083,914,6,26,122,154,1.2467532467532467,0.04152235085119238,624,"Sorry, I didn’t mean to scare the life out of you."
3072,914,7,24,123,154,1.2467532467532467,0.04253220024914219,624,"I heard you the first time, but can you just give the “knock-knock” jokes a rest?"
3049,914,9,20,125,154,1.2467532467532467,0.044483175849756494,624,"Decomposition I get, but why are you naked?"
2754,914,9,20,125,154,1.2467532467532467,0.044483175849756494,624,"Hey, newbie!  It's Rest In Peace, not Rant In Perpetuity!"
2436,914,7,24,123,154,1.2467532467532467,0.04253220024914219,624,What's the rush?
2339,914,8,22,124,154,1.2467532467532467,0.043518622403021276,624,I had to get buried next to this bonehead!
2104,914,7,24,123,154,1.2467532467532467,0.04253220024914219,624,"What can I say, I didn't eat organic"
183,914,6,26,122,154,1.2467532467532467,0.04152235085119238,624,Rest in peace my ass!
1996,914,6,26,122,154,1.2467532467532467,0.04152235085119238,624,Just because I said : “The Only Way I’d Marry you is Six feet under”
1838,914,5,28,121,154,1.2467532467532467,0.040487321254757055,624,Mind if I borrow your jacket as a cushion? The casket's digging into my ilium.
1837,914,7,24,123,154,1.2467532467532467,0.04253220024914219,624,"Stick with me Newbie, I know where all the bodies are buried!"
1580,914,5,28,121,154,1.2467532467532467,0.040487321254757055,624,You stuck me next to him for the all eternity?!
775,914,9,20,125,154,1.2467532467532467,0.044483175849756494,624,"Skeletinder, the app for underground dating.
Just unload your vitals and wait... forever."
628,914,10,18,126,154,1.2467532467532467,0.0454272536205302,624,How can I possibly rest in peace with Donald Trump still in the White House?
491,914,7,24,123,154,1.2467532467532467,0.04253220024914219,624,Wait a minute. Are you trans-skeletal?
475,914,9,20,125,154,1.2467532467532467,0.044483175849756494,624,Enough!!  Forget about the friggin’ emails!
404,914,9,20,125,154,1.2467532467532467,0.044483175849756494,624,"So...after a huge funeral, beautiful eulogy, lots of people mourning me, now what? Now what? Somebody please...now what?"
369,914,7,24,123,154,1.2467532467532467,0.04253220024914219,624,"Yes, yes, I know you were gluten-free. SEE where it's gotten you?"
15,914,5,28,121,154,1.2467532467532467,0.040487321254757055,624,"I get it, I died a month ago. But, I'd still rather face Death in the eye than continue to watch Trump's antics!"
2082,914,8,22,124,154,1.2467532467532467,0.043518622403021276,624,Down here age is just a number
1549,940,5,26,115,146,1.2465753424657535,0.04187576812582842,624,Had a suit that looked just like that. And hopes & dreams and a shiny new pair of wingtips.
1105,941,5,27,119,151,1.2450331125827814,0.04092408026933852,624,"I told you for the last time, you're too old for me!"
675,942,6,23,115,144,1.2430555555555556,0.04323564362580423,624,"Hey, buddy, that r.i.p. DOESN'T mean “renegotiate in perpetuity.” Now shut up!"
590,942,4,27,113,144,1.2430555555555556,0.04092762741092319,624,Best if I just lay here and play dead.
145,944,9,19,125,153,1.2418300653594772,0.044499803641733955,624,"I really don't care, do you?"
3698,944,7,23,123,153,1.2418300653594772,0.04252333359629594,624,"Nah, once your flesh is gone it’s actually pretty roomy."
3483,944,6,25,122,153,1.2418300653594772,0.041499814314480576,624,"Martha, how long has it been?  Have you lost weight?"
2977,944,1,35,117,153,1.2418300653594772,0.03594771241830066,624,"But they said, "" 'Till death do us part?!"""
2654,944,4,29,120,153,1.2418300653594772,0.039373036003404145,624,"Apparently, someone is not resting in peace."
1989,944,5,27,121,153,1.2418300653594772,0.04045040514173947,624,Now I can't even REST in PEACE!
2918,944,6,25,122,153,1.2418300653594772,0.041499814314480576,624,"Look, Yorick, I'm just not in the mood, okay?"
1223,944,5,27,121,153,1.2418300653594772,0.04045040514173947,624,Finally! I've been dying for a neighbor!
1147,944,6,25,122,153,1.2418300653594772,0.041499814314480576,624,Sorry if you thought this was gonna be all pearly gates and harp music roomie!
942,944,8,21,124,153,1.2418300653594772,0.04352278957221578,624,Did I overdress?
160,944,4,29,120,153,1.2418300653594772,0.039373036003404145,624,"I've always been composed, so I'm taking my time."
1320,944,8,21,124,153,1.2418300653594772,0.04352278957221578,624,"Of course, I can't rest - they called me Trickie? What do they call this bozo? And what the hell is fake news?"
1928,956,8,20,121,149,1.2416107382550337,0.04431288780186817,624,"You just don't understand the meaning of the term ""Ghosting"", do you?"
2942,956,5,26,118,149,1.2416107382550337,0.04112843129319842,624,"Don’t worry, I fell for the guaranteed weight loss thing too."
2450,956,5,26,118,149,1.2416107382550337,0.04112843129319842,624,"During life I find out that Santa doesn't exist, now I die and I find out that ""til death do us part"" was a lie!"
2295,956,7,22,120,149,1.2416107382550337,0.04327744567062331,624,"I don't know! 
All I did is use Trump and Treason in the same sentence???"
973,956,9,18,122,149,1.2416107382550337,0.04532468143195451,624,I was helping my son with new math when my head exploded.
347,956,6,24,119,149,1.2416107382550337,0.042216615001756684,624,My last neighbor was a real stiff.
877,956,5,26,118,149,1.2416107382550337,0.04112843129319842,624,"OK, OK, yes I was ""Loves2Love"" on OKCupid."
521,956,5,26,118,149,1.2416107382550337,0.04112843129319842,624,Grateful. You?
345,956,3,30,116,149,1.2416107382550337,0.038860756779879276,624,Think of it as nature's way of telling us to slow down.
321,956,6,24,119,149,1.2416107382550337,0.042216615001756684,624,You waited!
888,956,12,12,125,149,1.2416107382550337,0.04823288205788429,624,Arthur finally realized he didn't actually have the skeleton in the closet.
3112,967,7,20,114,141,1.2411347517730495,0.044903035484589564,624,"I give up.  What rhymes with ""Just Married""?"
1695,968,7,22,121,150,1.24,0.04301812738969854,624,But I only said maybe the Russians did it...
3374,968,9,18,123,150,1.24,0.0450503074500306,624,"Hey boss, welcome to the real underworld."
2936,968,5,26,119,150,1.24,0.04088506288230924,624,Hey! I told them NO on the single and mingle cemetery.
2516,968,8,20,122,150,1.24,0.044045939003832205,624,You don't have to remind me.  I forgot to give her flowers on our anniversary!
1970,968,9,18,123,150,1.24,0.0450503074500306,624,You were scarier when you were alive.
1630,968,9,18,123,150,1.24,0.0450503074500306,624,"All I said was, 'Why don't you try telling the truth?'"
2485,968,8,20,122,150,1.24,0.044045939003832205,624,"Even in death, Harry could not escape his noisy neighbors."
1261,968,5,26,119,150,1.24,0.04088506288230924,624,"No, I don't remember when you used to change my diapers."
984,968,7,22,121,150,1.24,0.04301812738969854,624,"...as I was saying,..."
308,968,6,24,120,150,1.24,0.04196515013083304,624,"Look, I just want to rest in peace.  Is that too much to ask?"
296,968,4,28,118,150,1.24,0.039775657232500955,624,"Yes, you lost the 50 pounds, but you're still not attractive"
17,968,8,20,122,150,1.24,0.044045939003832205,624,"At this stage, I would rather not deflower you."
1509,968,9,18,123,150,1.24,0.0450503074500306,624,But just to say it one time again - and I say it all the time - there was no collusion!
1138,981,6,23,117,146,1.2397260273972603,0.0427058293693113,624,Can you explain the term versus whole life option again?
2625,982,10,15,122,147,1.2380952380952381,0.046630309199377724,624,"Thanks, you've been a great audience. I'll be here all eternity."
2782,982,5,25,117,147,1.2380952380952381,0.04133335136970877,624,Freaking first power nap ever!
65,984,5,21,105,131,1.2366412213740459,0.04446070275087714,624,"Oh, now you finally respond to me."
3282,985,4,27,117,148,1.2364864864864864,0.03995019707832988,624,WHY AM I ALL DRESSED UP
3088,985,4,27,117,148,1.2364864864864864,0.03995019707832988,624,I hate family reunions.
3071,985,6,23,119,148,1.2364864864864864,0.04218857159601243,624,"Bob, we don't need to talk about work anymore - we're dead."
2789,985,6,23,119,148,1.2364864864864864,0.04218857159601243,624,"Hey, fresh meat...
Wanna bone?"
2784,985,5,25,118,148,1.2364864864864864,0.04108463106752489,624,"Come on, look at her.  Hair, skin - she's out of your league."
2678,985,4,27,117,148,1.2364864864864864,0.03995019707832988,624,I’m sure you’re really nice but I just got here and  I’m not really ready for a relationship yet.
2778,985,6,23,119,148,1.2364864864864864,0.04218857159601243,624,Relax buddy. It could be worse.
2194,985,3,29,116,148,1.2364864864864864,0.038782593817847745,624,"You can choose your friends, but you can't choose your neighbors."
1664,985,8,19,121,148,1.2364864864864864,0.044314025996588666,624,I prefer thinking outside the box.
1233,985,6,23,119,148,1.2364864864864864,0.04218857159601243,624,"OMG....I’m buried next to Ed Sullivan. Hey, Ed. Lookin’ good."
904,985,7,21,120,148,1.2364864864864864,0.043264352955627354,624,"Yo, dude! What part of ‘rest in peace’ do you not understand?"
244,985,6,23,119,148,1.2364864864864864,0.04218857159601243,624,I like a man with a little meat on his bones.
2548,985,4,27,117,148,1.2364864864864864,0.03995019707832988,624,Honey I'm home - traffic was murder!
2596,998,3,28,113,144,1.2361111111111112,0.039403712950929655,624,"All things considered, I'd rather be in Philadelphia."
2726,998,5,24,115,144,1.2361111111111112,0.04179596617581002,624,"Ok, fine. I agree you do seem to have senority here."
2846,998,7,20,117,144,1.2361111111111112,0.04405851771019594,624,"Okay Marley, I get it. Let’s go get the turkey."
2979,998,4,26,114,144,1.2361111111111112,0.040617455501845,624,"No, I don't have a smoke. And no, I don't want to join your neighborhood association."
3037,998,5,24,115,144,1.2361111111111112,0.04179596617581002,624,"That’s sweet Susan, but I’m having a lot of trouble with all of this."
3305,998,9,16,119,144,1.2361111111111112,0.046210422818557334,624,"Hey, newbie. I’m Alex. We’re going to be neighbors for eternity. Isn’t that great? Do you like yacht rock? Tuesdays are taco night. I’m a pescatarian. I see you got the lid off by yourself. I don’t know why they buried me naked. I love cribbage..."
3249,998,6,22,116,144,1.2361111111111112,0.04294214579750938,624,"Not so soon pal, it's the same dream I have before my MRI!"
3543,998,5,24,115,144,1.2361111111111112,0.04179596617581002,624,Is this Heaven or Hell???
3581,998,6,22,116,144,1.2361111111111112,0.04294214579750938,624,"Arguing about politics is what killed me, so please shut up!"
3669,998,6,22,116,144,1.2361111111111112,0.04294214579750938,624,I'm not nearly as happy to see you as you are to see me.
2563,998,2,30,112,144,1.2361111111111112,0.038151376085197294,624,"OK, I see you lost a lot of weight. You don't have to gloat."
3220,998,10,14,120,144,1.2361111111111112,0.04724963782078061,624,"Mandy, no. I'm still your cousin."
2489,998,6,22,116,144,1.2361111111111112,0.04294214579750938,624,"It’s getting creepy, Gladys.”"
2528,998,6,22,116,144,1.2361111111111112,0.04294214579750938,624,I told you - I’m not into older women.
2284,998,4,26,114,144,1.2361111111111112,0.040617455501845,624,"Sorry, but should I know you?"
2453,998,9,16,119,144,1.2361111111111112,0.046210422818557334,624,Bad neighbors make good fertilizer.
1592,998,8,18,118,144,1.2361111111111112,0.0451472931629876,624,Seriously? $2500 a month for this Williamsburg apartment?
1544,998,6,22,116,144,1.2361111111111112,0.04294214579750938,624,"Is this how you push up daisies?""  ""Try one arm, like this"""
1258,998,7,20,117,144,1.2361111111111112,0.04405851771019594,624,"Nag, nag, nag. So I spent a little extra on the suit; it’s not going to kill you."
1096,998,7,20,117,144,1.2361111111111112,0.04405851771019594,624,"I’m driving, your breaking up. Hang on some idiot in the next lane over is frantically waving at me. Hey what is that a refrigerator?"
952,998,5,24,115,144,1.2361111111111112,0.04179596617581002,624,"Yeah, I get it. This is the only diet plan that actually works."
891,998,7,20,117,144,1.2361111111111112,0.04405851771019594,624,What do you mean there are no billable hours in the afterlife?
578,998,6,22,116,144,1.2361111111111112,0.04294214579750938,624,"I gotta tell ya, I'm not sure if I can live with this whole being dead thing."
572,998,5,24,115,144,1.2361111111111112,0.04179596617581002,624,"Try before you buy, they said."
407,998,4,26,114,144,1.2361111111111112,0.040617455501845,624,You're talking in your sleep again
245,998,7,20,117,144,1.2361111111111112,0.04405851771019594,624,I knew that donut was a bad idea.
53,998,4,26,114,144,1.2361111111111112,0.040617455501845,624,I'm turning over!
31,998,7,20,117,144,1.2361111111111112,0.04405851771019594,624,Tell me!! Who won the 2015 Super Bowl?
562,1026,3,27,110,140,1.2357142857142858,0.040054836879231163,624,Don't try and make me the bad guy for eating right.
151,1027,7,21,121,149,1.2348993288590604,0.043002307111602654,624,All I said was she has a nice rack.
2503,1027,7,21,121,149,1.2348993288590604,0.043002307111602654,624,"No, thanks, I'm all flowered up, but how long before the wool suit stops itching?"
3318,1027,5,25,119,149,1.2348993288590604,0.04083881699787816,624,"Here to stay, or just dropping by?"
3702,1027,6,23,120,149,1.2348993288590604,0.04193451675354549,624,How did I get stuck with a morning person?
3511,1031,9,16,120,145,1.2344827586206897,0.04591950426537513,624,"No worries, you'll shrink into it."
3285,1031,8,18,119,145,1.2344827586206897,0.04486441163511205,624,"Here. I’m done with these. Oh, and take your time."
3234,1031,5,24,116,145,1.2344827586206897,0.04153864597607507,624,"Just my luck, stuck next to a genial extrovert till the end of time."
3126,1031,6,22,117,145,1.2344827586206897,0.04267604187525741,624,"Welcome! Don’t worry, the dress code relaxes for all of us after awhile."
2976,1031,7,20,118,145,1.2344827586206897,0.04378390104538141,624,"Come here often? What was your ""Major""?"
3595,1031,7,20,118,145,1.2344827586206897,0.04378390104538141,624,"Oy, I came here to get away from this guy."
2536,1031,7,20,118,145,1.2344827586206897,0.04378390104538141,624,I decompose slowly ...Many corpses find that sexy.
2511,1031,6,22,117,145,1.2344827586206897,0.04267604187525741,624,You've gotta be kidding me. Where's my smart phone? And where's the lid to this damn coffin!?
2444,1031,7,20,118,145,1.2344827586206897,0.04378390104538141,624,Flowers won’t do it.  I’v Got a bone to pick with you.
2375,1031,6,22,117,145,1.2344827586206897,0.04267604187525741,624,The report of my death was highly exaggerated.
2293,1031,6,22,117,145,1.2344827586206897,0.04267604187525741,624,I was told I'd rest in peace?
2772,1031,5,24,116,145,1.2344827586206897,0.04153864597607507,624,So this is social networking in the afterlife?!
1654,1031,6,22,117,145,1.2344827586206897,0.04267604187525741,624,I'd like to add you to my professional network on ExtinctIn!
1611,1031,6,22,117,145,1.2344827586206897,0.04267604187525741,624,"Hello, I've been dying to meet you!"
1457,1031,5,24,116,145,1.2344827586206897,0.04153864597607507,624,"Just because you're next to the tree, 
it doesn't mean she loved you more."
1398,1031,5,24,116,145,1.2344827586206897,0.04153864597607507,624,What can I say? I asked to be buried next to her.
1114,1031,7,20,118,145,1.2344827586206897,0.04378390104538141,624,Well this is awkward... I’m not wearing any clothes.
573,1031,6,22,117,145,1.2344827586206897,0.04267604187525741,624,I sold Facebook at $19.  I sold Facebook at $19.  I sold Facebook at $19.  I ...
513,1031,6,22,117,145,1.2344827586206897,0.04267604187525741,624,Try it for free they said.
342,1031,6,22,117,145,1.2344827586206897,0.04267604187525741,624,"Until death do you part ,my ass."
131,1031,7,20,118,145,1.2344827586206897,0.04378390104538141,624,It's clothing-optional?
14,1031,5,24,116,145,1.2344827586206897,0.04153864597607507,624,Great. Another annoying character in my plot line.
2075,1031,5,24,116,145,1.2344827586206897,0.04153864597607507,624,"Too soon! .., I’m not even decomposed yet!"
1249,1054,2,29,111,142,1.232394366197183,0.03827450671300822,624,Would you just let me rest in peace?
3122,1054,6,21,115,142,1.232394366197183,0.043179837280752885,624,Coming or going?
333,1054,7,19,116,142,1.232394366197183,0.04432142222965484,624,Does Resting In Peace cost extra?!
3070,1057,6,22,119,147,1.2312925170068028,0.042153416933982606,624,Thanks! How did you know that today I would have been 163.
2938,1058,3,27,113,143,1.2307692307692308,0.03931390776896328,624,"Don't worry. It's cramped, but it's rent controlled."
2088,1058,5,23,115,143,1.2307692307692308,0.041744094870360064,624,"Yeah, I see you finally lost the weight but now you look anorexic."
2094,1058,6,21,116,143,1.2307692307692308,0.04290760437014815,624,'It's New York... You're not supposed to know your neighbors...'
2113,1058,8,17,118,143,1.2307692307692308,0.04514475191275534,624,Seems like I just know every body
2117,1058,5,23,115,143,1.2307692307692308,0.041744094870360064,624,I just thought there'd be privacy down here at least.
2341,1058,5,23,115,143,1.2307692307692308,0.041744094870360064,624,"Son, son it's me!"
2065,1058,7,19,117,143,1.2307692307692308,0.04404038565935466,624,Long time no see!
2354,1058,8,17,118,143,1.2307692307692308,0.04514475191275534,624,Who gave this place such a good Yelp review?
2380,1058,6,21,116,143,1.2307692307692308,0.04290760437014815,624,If you say “this rattles my bones” one more time...
2894,1058,9,15,119,143,1.2307692307692308,0.04622273987447912,624,Great!  I've been stuck in the clothing optional area.
2907,1058,5,23,115,143,1.2307692307692308,0.041744094870360064,624,"Oh, hey. I didn't recognize you. You've lost so much weight... and muscle... and skin..."
2990,1058,3,27,113,143,1.2307692307692308,0.03931390776896328,624,"'Till death do us part' applies to both our deaths, Harold!"
3436,1058,7,19,117,143,1.2307692307692308,0.04404038565935466,624,Mom! Get out of my room!
3082,1058,6,21,116,143,1.2307692307692308,0.04290760437014815,624,'Talk about a neighbour from Hell!'
3243,1058,6,21,116,143,1.2307692307692308,0.04290760437014815,624,Hey there! How'd life treat you?
3250,1058,5,23,115,143,1.2307692307692308,0.041744094870360064,624,"Oh crap, my tomb-mate’s an extrovert."
3410,1058,5,23,115,143,1.2307692307692308,0.041744094870360064,624,So they lied - there's no dress code.
3414,1058,6,21,116,143,1.2307692307692308,0.04290760437014815,624,"Like I told the last guy, leave me alone or I have a right to stand my ground."
3504,1058,4,25,114,143,1.2307692307692308,0.04054721199177677,624,What the hell is SHE doing here?
3521,1058,3,27,113,143,1.2307692307692308,0.03931390776896328,624,I thought he said 'till death do us part'?
3713,1058,7,19,117,143,1.2307692307692308,0.04404038565935466,624,Could we please just leave it at ‘till death do us part’?
3725,1058,3,27,113,143,1.2307692307692308,0.03931390776896328,624,"Thanks, but my allergies have been killing me."
3754,1058,9,15,119,143,1.2307692307692308,0.04622273987447912,624,"No, I don't want to hear about your great, great, great, great, great-grandchildren."
1916,1058,7,19,117,143,1.2307692307692308,0.04404038565935466,624,At last.  I'm ready to come out of the closet.
3020,1058,8,17,118,143,1.2307692307692308,0.04514475191275534,624,Say what you will. That anti-aging cream still works!
1915,1058,4,25,114,143,1.2307692307692308,0.04054721199177677,624,I hope you don’t feel I’m too fresh!
763,1058,6,21,116,143,1.2307692307692308,0.04290760437014815,624,I  HATE BLIND DATES.
1678,1058,6,21,116,143,1.2307692307692308,0.04290760437014815,624,You'll enjoy this neighborhood.  It's quiet.
59,1058,5,23,115,143,1.2307692307692308,0.041744094870360064,624,"Ahh, the one time I'm buried without my headphones!"
117,1058,6,21,116,143,1.2307692307692308,0.04290760437014815,624,"Hi there, I'm not waving, just encouraging the worms to go your way"
137,1058,5,23,115,143,1.2307692307692308,0.041744094870360064,624,"Ma!  Yes, you were right. Everybody knows I had clean underwear on."
154,1058,6,21,116,143,1.2307692307692308,0.04290760437014815,624,Hi im chris hansen with dateline nbc
156,1058,5,23,115,143,1.2307692307692308,0.041744094870360064,624,Just because we're neighbors doesn't mean we're friends.
493,1058,7,19,117,143,1.2307692307692308,0.04404038565935466,624,"You""ll eventually get to the bare bones of it all"
517,1058,5,23,115,143,1.2307692307692308,0.041744094870360064,624,"I thought my accountant said I'd be buried in debt, not buried in dirt."
627,1058,7,19,117,143,1.2307692307692308,0.04404038565935466,624,Styx and stones may break my bones but Trump can never hurt me.....
748,1058,6,21,116,143,1.2307692307692308,0.04290760437014815,624,Didn’t we have a ‘till-death-do-we-part’ agreement?
1771,1058,3,27,113,143,1.2307692307692308,0.03931390776896328,624,"I just got out of a relationship, so I'm not looking to jump back into anything."
811,1058,7,19,117,143,1.2307692307692308,0.04404038565935466,624,"You wanted a tombstone AND a coffin lid?  Where do you think you are,The Ritz?"
858,1058,5,23,115,143,1.2307692307692308,0.041744094870360064,624,I’m trying to rest in peace over here! I got all eternity to hear your life story!
537,1058,5,23,115,143,1.2307692307692308,0.041744094870360064,624,Hi! I’m the welcome wagon.
990,1058,8,17,118,143,1.2307692307692308,0.04514475191275534,624,"Ed knew if he made eye contact, this guy would be talking to him forever."
953,1058,6,21,116,143,1.2307692307692308,0.04290760437014815,624,"At least someone loves you down here, Donald!"
1391,1058,9,15,119,143,1.2307692307692308,0.04622273987447912,624,"Bones, is that you?"
1339,1058,6,21,116,143,1.2307692307692308,0.04290760437014815,624,"Sorry, I’m not interested in anyone over 30"
1335,1058,6,21,116,143,1.2307692307692308,0.04290760437014815,624,How could this happen to me? Don't they know who I am!
1333,1058,3,27,113,143,1.2307692307692308,0.03931390776896328,624,I can't think outside the box!
1637,1058,5,23,115,143,1.2307692307692308,0.041744094870360064,624,You'll fit better once you're skeletonized
1266,1058,8,17,118,143,1.2307692307692308,0.04514475191275534,624,"And bone spurs got you out, too?"
1260,1058,3,27,113,143,1.2307692307692308,0.03931390776896328,624,"What do you mean, until death do us part?"
1243,1058,7,19,117,143,1.2307692307692308,0.04404038565935466,624,Jesus-effing-Christ...give a guy a chance to decompose.
1067,1058,7,19,117,143,1.2307692307692308,0.04404038565935466,624,Rest in pieces?
1284,1058,7,19,117,143,1.2307692307692308,0.04404038565935466,624,I have some bones to pick.
2085,1111,8,16,115,139,1.2302158273381294,0.046024915578271985,624,Fake news! Rumours of my death are being greatly exaggerated!
3217,1111,3,26,110,139,1.2302158273381294,0.03996211682594532,624,For this I wasted a good suit !
3197,1111,6,20,113,139,1.2302158273381294,0.04370084695834211,624,"Wait, I'm not breaking down because I'm a composer, is that what you're saying?"
3176,1111,6,20,113,139,1.2302158273381294,0.04370084695834211,624,"Unlike the world above, we pay it forward down here. Welcome."
3042,1111,3,26,110,139,1.2302158273381294,0.03996211682594532,624,Unfriend me. Please!
2926,1111,5,22,112,139,1.2302158273381294,0.04249117096905104,624,"Clatter, Clatter, Clatter. . . Is that all you have to say?"
2807,1111,6,20,113,139,1.2302158273381294,0.04370084695834211,624,New guy! It's over! Put a lid on it!
2465,1111,6,20,113,139,1.2302158273381294,0.04370084695834211,624,"You""re it"
2327,1111,6,20,113,139,1.2302158273381294,0.04370084695834211,624,"Here lies Billy Johnson, he was buried next to his ex-""clingy"" girlfriend."
2251,1111,7,18,114,139,1.2302158273381294,0.04487792819896826,624,"I still have my own teeth too, I'm lookin' on the bright side."
2025,1111,5,22,112,139,1.2302158273381294,0.04249117096905104,624,It’s killing me: I can’t remember if I closed the gas oven before I left the house.
696,1111,6,20,113,139,1.2302158273381294,0.04370084695834211,624,"Look buddy, down here nobody cares about the president."
1571,1111,7,18,114,139,1.2302158273381294,0.04487792819896826,624,What part of 'R.I.P.' don't you understand?
1752,1111,6,20,113,139,1.2302158273381294,0.04370084695834211,624,My eyes may be decomposed but I think you look beautiful tonight.
69,1111,5,22,112,139,1.2302158273381294,0.04249117096905104,624,This is why I hate the middle plot.
132,1111,5,22,112,139,1.2302158273381294,0.04249117096905104,624,"No, mom, I don't remember Cindy Curran from the 3rd grade."
225,1111,6,20,113,139,1.2302158273381294,0.04370084695834211,624,"Think outside the box, they said. Look where that got me."
68,1111,6,20,113,139,1.2302158273381294,0.04370084695834211,624,I'm still waiting for the white light.
437,1111,8,16,115,139,1.2302158273381294,0.046024915578271985,624,What can I say?!  You're dead to me!
961,1111,4,24,111,139,1.2302158273381294,0.041246032485147154,624,"Woulda, Coulda, Shoulda......you newbies are all alike !"
1226,1111,7,18,114,139,1.2302158273381294,0.04487792819896826,624,Welcome Wagon
289,1111,6,20,113,139,1.2302158273381294,0.04370084695834211,624,Next time you should get embalmed!
3514,1133,5,21,109,135,1.2296296296296296,0.043277474829418086,624,Bob hadn’t realised life after death was a thing!
840,1134,3,24,104,131,1.2290076335877862,0.041358160209031186,624,Is that all there is?
2957,1134,4,22,105,131,1.2290076335877862,0.04275438255865931,624,"Hey, I worked myself to death so don't be calling me lazy-bones!"
2146,1136,7,18,115,140,1.2285714285714286,0.04458655236600666,624,Welcome to Schadenfreude!
2675,1136,7,18,115,140,1.2285714285714286,0.04458655236600666,624,"Hey newby, let's see dem bones!"
2187,1136,7,18,115,140,1.2285714285714286,0.04458655236600666,624,THEY TOLD ME I WAS GOING TO HELL!
2209,1136,6,20,114,140,1.2285714285714286,0.04341872555669784,624,I should've been more concerned it was a Jehovah's Witness cemetery.
2392,1136,7,18,115,140,1.2285714285714286,0.04458655236600666,624,I wouldn't keep complaining about being buried alive if you still looked like you did in your profile.
2716,1136,4,24,112,140,1.2285714285714286,0.04098336105214201,624,"For the love of God Mr  Fitzwaller, I am no longer seeing you for psychiatric counseling."
3570,1136,6,20,114,140,1.2285714285714286,0.04341872555669784,624,Look- I'm sorry I didn't call you back. But now we have all the time in the world to catch up.
3025,1136,8,16,116,140,1.2285714285714286,0.045724562051543606,624,"When you die, the skeleton in your closet dies with you"
3463,1136,7,18,115,140,1.2285714285714286,0.04458655236600666,624,Here in New York it means Rent Is Prohibitive.
3593,1136,4,24,112,140,1.2285714285714286,0.04098336105214201,624,I knew I shouldn't have listened to Siri.
3510,1136,5,22,113,140,1.2285714285714286,0.042218607343789044,624,"""Hey sailor, new in town?"""
1905,1136,3,26,111,140,1.2285714285714286,0.03970970863921596,624,Stop it!  Jazz hands creep me out.
2821,1136,6,20,114,140,1.2285714285714286,0.04341872555669784,624,I don't date older corpses.
1904,1136,8,16,116,140,1.2285714285714286,0.045724562051543606,624,Nope.  I didn't bring a vase.
460,1136,5,22,113,140,1.2285714285714286,0.042218607343789044,624,"For crying out loud, there’s not even room to roll over, let alone resting in peace!"
1513,1136,7,18,115,140,1.2285714285714286,0.04458655236600666,624,"Trump's Medicare did this to me.""  ""You'll get used to it; I've been here since Nero."
1353,1136,6,20,114,140,1.2285714285714286,0.04341872555669784,624,"More like, 'rest in pieces'."
1331,1136,5,22,113,140,1.2285714285714286,0.042218607343789044,624,Is that a welcome or a farewell?
1217,1136,8,16,116,140,1.2285714285714286,0.045724562051543606,624,"Morris, your instructions were, ""do not resuscitate """
1197,1136,9,14,117,140,1.2285714285714286,0.046834928181051685,624,We’ve done the til death do us part thing—I want an exhumation.
1136,1136,4,24,112,140,1.2285714285714286,0.04098336105214201,624,This better not be heaven.
1080,1136,6,20,114,140,1.2285714285714286,0.04341872555669784,624,"Hey! Yeah, over here, can you keep it down? You could wake the dead!"
887,1136,4,24,112,140,1.2285714285714286,0.04098336105214201,624,No thanks.  I'm allergic.
582,1136,6,20,114,140,1.2285714285714286,0.04341872555669784,624,No one was listening then and no one is listening now.
508,1136,6,20,114,140,1.2285714285714286,0.04341872555669784,624,"Hey Honey, I told you I'd wait."
157,1136,7,18,115,140,1.2285714285714286,0.04458655236600666,624,'What could go wrong?' Right?
155,1136,2,28,110,140,1.2285714285714286,0.038393828114589135,624,"Well, hell - so much for purgatory."
1847,1136,4,24,112,140,1.2285714285714286,0.04098336105214201,624,What part of RIP do you not understand?
2317,1164,5,20,108,133,1.2255639097744362,0.043508341442180715,624,"Well, yeah, I saw your tombstone, but I thought it might be a different Ned Ryerson."
1968,1164,6,18,109,133,1.2255639097744362,0.044798403337642796,624,"No, I don't want to be your friend on Deadbook!"
2201,1164,5,20,108,133,1.2255639097744362,0.043508341442180715,624,"I dont know, I just got here."
2769,1167,5,21,112,138,1.2246376811594204,0.0424297927176573,624,"Still, I get no respect!"
1946,1167,4,23,111,138,1.2246376811594204,0.04116431448799274,624,Men's warehouse
2163,1167,4,23,111,138,1.2246376811594204,0.04116431448799274,624,Why did I agree to work with a skeleton staff?
2497,1167,7,17,114,138,1.2246376811594204,0.04485376634862847,624,What the hell is going on up there?
2498,1167,6,19,113,138,1.2246376811594204,0.043658605484604755,624,It's polyester. Never wrinkles either
1889,1167,3,25,110,138,1.2246376811594204,0.03985867865935063,624,The Curse of the Undead Mansplainer.
2590,1167,7,17,114,138,1.2246376811594204,0.04485376634862847,624,You're going to have to do better than flowers to jump my bones
2612,1167,5,21,112,138,1.2246376811594204,0.0424297927176573,624,Hey man!  Just remember that good coffins make good neighbors.  And we'll get along fine.
2653,1167,3,25,110,138,1.2246376811594204,0.03985867865935063,624,I said I'd be your friend  if its the last thing I do!
2659,1167,6,19,113,138,1.2246376811594204,0.043658605484604755,624,Look... I just got here and I'm not ready for that kind of intimacy. Plus you're old enough to be my Great-Great-Great Grandmother
2700,1167,5,21,112,138,1.2246376811594204,0.0424297927176573,624,How am I supposed to know how many fingers you're holding up?
2790,1167,7,17,114,138,1.2246376811594204,0.04485376634862847,624,I was sure they'd make an exception this time.
3272,1167,7,17,114,138,1.2246376811594204,0.04485376634862847,624,At least you were spared the autopsy
3013,1167,5,21,112,138,1.2246376811594204,0.0424297927176573,624,"If I'd known about the preservatives, I wouldn't have eaten all that McDonald's."
3041,1167,4,23,111,138,1.2246376811594204,0.04116431448799274,624,"Welcome and congratulations, this is a very exclusive cemetery, people are just DYING to get in... too soon?"
3048,1167,7,17,114,138,1.2246376811594204,0.04485376634862847,624,"Hey, lady, I'm just not into older women."
3075,1167,4,23,111,138,1.2246376811594204,0.04116431448799274,624,I was counting on death parting us.
3105,1167,4,23,111,138,1.2246376811594204,0.04116431448799274,624,I'm killing them down here. Did you here the one about...?
3133,1167,6,19,113,138,1.2246376811594204,0.043658605484604755,624,I told you that suit was to die for.
3319,1167,5,21,112,138,1.2246376811594204,0.0424297927176573,624,"I tell my kids, 'I wish I could see your mother once more'.  So they bury me alive.  I don't get no respect!"
3381,1167,6,19,113,138,1.2246376811594204,0.043658605484604755,624,I told you- good drainage and no piranha!
3544,1167,4,23,111,138,1.2246376811594204,0.04116431448799274,624,Can't talk now. I'm underground.
3577,1167,6,19,113,138,1.2246376811594204,0.043658605484604755,624,"He knows I'm not dead, right?"
1868,1167,5,21,112,138,1.2246376811594204,0.0424297927176573,624,Hey  Does anybody else think these rooms smell musty?
3009,1167,5,21,112,138,1.2246376811594204,0.0424297927176573,624,"For gods sake, Morris. Enough about your crooked accountant!"
1851,1167,6,19,113,138,1.2246376811594204,0.043658605484604755,624,"Don't blame me, I didn't vote for him."
1092,1167,7,17,114,138,1.2246376811594204,0.04485376634862847,624,"I did not cancel ""Six Feet Under""................"
1798,1167,4,23,111,138,1.2246376811594204,0.04116431448799274,624,"Honey, please, it’s until death do us part!"
228,1167,5,21,112,138,1.2246376811594204,0.0424297927176573,624,"The family plot, no getting away from Mom."
382,1167,7,17,114,138,1.2246376811594204,0.04485376634862847,624,"Okay, now what?"
447,1167,6,19,113,138,1.2246376811594204,0.043658605484604755,624,Feel the city shakin and everybody’s quakin’ and we’re stayin’ alive! Staying alive! Ah! Ah! Ah’ Ah! Staying aliiiive!
487,1167,6,19,113,138,1.2246376811594204,0.043658605484604755,624,Ugh. Not you!
787,1167,6,19,113,138,1.2246376811594204,0.043658605484604755,624,How did Becky from office supplies get into the supervisor graveyard? It's like I worked all those years for nothing.
922,1167,5,21,112,138,1.2246376811594204,0.0424297927176573,624,She said close your eyes and make a wish.
991,1167,5,21,112,138,1.2246376811594204,0.0424297927176573,624,"Now stop singing ""You don't send me flowers anymore!"""
1036,1167,7,17,114,138,1.2246376811594204,0.04485376634862847,624,Hi! Nice suit. You must be new here.
1069,1167,7,17,114,138,1.2246376811594204,0.04485376634862847,624,I see dead people.
1070,1167,3,25,110,138,1.2246376811594204,0.03985867865935063,624,"I know, I know. In sickness and in health!"
1809,1167,5,21,112,138,1.2246376811594204,0.0424297927176573,624,"Please, Mom, I'm gonna die of embarassment!"
1120,1167,6,19,113,138,1.2246376811594204,0.043658605484604755,624,"Hi there John, you never replied to my email."
1035,1167,8,15,115,138,1.2246376811594204,0.04601789737107022,624,How am I supposed to rest in peace down here?!?
1216,1167,5,21,112,138,1.2246376811594204,0.0424297927176573,624,Sure..you CLAIM you're a blonde!
1166,1167,6,19,113,138,1.2246376811594204,0.043658605484604755,624,"Oh, great! Eternity with an Amway guy!"
1682,1167,6,19,113,138,1.2246376811594204,0.043658605484604755,624,"Well, sorry! How could I have known Trump was a liar?"
1640,1167,8,15,115,138,1.2246376811594204,0.04601789737107022,624,Hopefully check in is faster than check out.
1613,1167,5,21,112,138,1.2246376811594204,0.0424297927176573,624,Trump pleases most Americans as he pulls ahead in his race to hell.
1467,1167,6,19,113,138,1.2246376811594204,0.043658605484604755,624,You're a little stiff and formal now . . . even cold.  That's fine.  I've got an eternity.
1781,1167,6,19,113,138,1.2246376811594204,0.043658605484604755,624,"Hi! I'm Louis, your eternal neighbor!"
1453,1167,4,23,111,138,1.2246376811594204,0.04116431448799274,624,"Can you accept love from a gender-neutral skeleton, you hunk?!"
1281,1167,5,21,112,138,1.2246376811594204,0.0424297927176573,624,At least it’s roomier than my apartment.
1229,1167,8,15,115,138,1.2246376811594204,0.04601789737107022,624,I can overlook a lot . . .but plastic flowers?
1219,1167,5,21,112,138,1.2246376811594204,0.0424297927176573,624,Ask about our carbon recycling plan!
1454,1167,4,23,111,138,1.2246376811594204,0.04116431448799274,624,"Danced on the wrong grave, pal"
2303,1220,6,18,110,134,1.2238805970149254,0.044494682803149666,624,"The room is small, but rent is dirt cheap!"
3523,1220,2,26,106,134,1.2238805970149254,0.0391266328121487,624,Really? NOW?
3265,1220,2,26,106,134,1.2238805970149254,0.0391266328121487,624,I'm so over this dead-end job.
3231,1220,6,18,110,134,1.2238805970149254,0.044494682803149666,624,So you saved on the co-pay; big deal.
3177,1220,7,16,111,134,1.2238805970149254,0.04573836079689509,624,"Don't even go there, Vladimir. Our bromance was over after the midterm elections."
3130,1220,7,16,111,134,1.2238805970149254,0.04573836079689509,624,Another noisy neighbor! - and loud enough to wake the dead.
3035,1220,5,20,109,134,1.2238805970149254,0.043215228185430825,624,Welcome to the underground!
2874,1220,5,20,109,134,1.2238805970149254,0.043215228185430825,624,"Yes, honey. I can tell you’ve lost weight."
2579,1220,7,16,111,134,1.2238805970149254,0.04573836079689509,624,Why they put me in the nudist section?”
2526,1220,4,22,108,134,1.2238805970149254,0.04189671940002948,624,Sometimes deleting Tinder off your phone isn't sufficient.
2159,1220,4,22,108,134,1.2238805970149254,0.04189671940002948,624,And I thought being alive was tough...
1650,1220,9,12,113,134,1.2238805970149254,0.0481294021327405,624,Neglecting to clean out that closet is going to haunt me.
1730,1220,6,18,110,134,1.2238805970149254,0.044494682803149666,624,"Sorry, I don't smoke"
1985,1220,2,26,106,134,1.2238805970149254,0.0391266328121487,624,This is not the cruise I booked!
391,1220,5,20,109,134,1.2238805970149254,0.043215228185430825,624,"Hi, Jimmy.  It's Dad.  I was worried that you might not recognize me after all these years."
695,1220,4,22,108,134,1.2238805970149254,0.04189671940002948,624,Can a body rest in peace or what?
767,1220,5,20,109,134,1.2238805970149254,0.043215228185430825,624,Keeping up with the Boneses
816,1220,4,22,108,134,1.2238805970149254,0.04189671940002948,624,Who knew we had to pay for extra leg room?
601,1220,3,24,107,134,1.2238805970149254,0.040535345636256256,624,Can I get a little 'R.I.P. and Quiet' here?
881,1220,5,20,109,134,1.2238805970149254,0.043215228185430825,624,So I'm new to the neighborhood...
1104,1220,7,16,111,134,1.2238805970149254,0.04573836079689509,624,"Hi, they call me Rip"
1700,1220,4,22,108,134,1.2238805970149254,0.04189671940002948,624,Surprisingly I'm not dying to meet you!
827,1220,5,20,109,134,1.2238805970149254,0.043215228185430825,624,"Honey, just give me a minute to decompose."
786,1243,5,17,99,121,1.2231404958677685,0.04618743002437898,624,Dead Sullivan
1606,1244,5,21,113,139,1.223021582733813,0.04215442645382961,624,Near death experience
3412,1244,5,21,113,139,1.223021582733813,0.04215442645382961,624,"Okay, we can do dinner. Your coffin or mine?"
2999,1244,5,21,113,139,1.223021582733813,0.04215442645382961,624,"Leave me alone, honey! Our vows said 'til death."
2833,1244,5,21,113,139,1.223021582733813,0.04215442645382961,624,"Thought Bubble . . . ""It was so peaceful after she died."""
2631,1244,6,19,114,139,1.223021582733813,0.04337349518088946,624,What? You get me dressed up with nowhere to go!
2166,1244,6,19,114,139,1.223021582733813,0.04337349518088946,624,"I'm sorry, but our time is up
Let's pick up on this next week"
2142,1244,2,27,110,139,1.223021582733813,0.03826489809192483,624,"Till death do us part"" means just that"
1585,1244,7,17,115,139,1.223021582733813,0.04455922462029556,624,"Quit calling me ""Lazy Bones!"""
699,1244,6,19,114,139,1.223021582733813,0.04337349518088946,624,Listen!  I'm just here for a rest.  Nothing permanent.
1231,1244,3,25,111,139,1.223021582733813,0.03960387405975209,624,Thought I finally found my safe space. Then my ex-wife shows up.
790,1244,6,19,114,139,1.223021582733813,0.04337349518088946,624,This is getting old.
706,1244,6,19,114,139,1.223021582733813,0.04337349518088946,624,"Well, at least its rent-controlled."
514,1244,7,17,115,139,1.223021582733813,0.04455922462029556,624,"I’m the healthiest man you’ll ever meet, trust me"
314,1244,10,11,118,139,1.223021582733813,0.04794077327732512,624,My obit notice distinctly said no flowers!
262,1244,6,19,114,139,1.223021582733813,0.04337349518088946,624,I thought I left all of my skeletons in the closet!!!!
1452,1244,7,17,115,139,1.223021582733813,0.04455922462029556,624,Alright! I heard you! Her emails
3203,1260,5,20,110,135,1.2222222222222223,0.042925967182569774,624,Anybody think my speeches run too long?
764,1260,7,16,112,135,1.2222222222222223,0.045428573580799825,624,"Why are you asking me,I just got here!"
1448,1260,9,12,114,135,1.2222222222222223,0.0478003340638246,624,‘Till death do us part’ was unfortunately not the case for Betty.
2491,1263,5,19,107,131,1.2213740458015268,0.043739038671647655,624,"As my financial advisor, I trusted you!"
1199,1263,4,21,106,131,1.2213740458015268,0.042375272174035514,624,"You're here to decompose, not decompress."
2189,1265,2,21,90,113,1.2212389380530972,0.043062506524023,624,What did you mean when you told me you couldn't go on living without me?
3363,1266,4,21,107,132,1.2196969696969697,0.04208644972494561,624,I wasn't snoring so they thought I was dead!  Can anyone hear me?
3343,1266,4,21,107,132,1.2196969696969697,0.04208644972494561,624,"As my decorator used to say, flowers enliven any dead spaces."
3313,1266,6,17,109,132,1.2196969696969697,0.04475030829456082,624,I'll never get rid of the IRS!!!
3300,1266,7,15,110,132,1.2196969696969697,0.046024455602018496,624,"Heigh ho, big fella.  Come here often?"
3271,1266,4,21,107,132,1.2196969696969697,0.04208644972494561,624,Don't they have a dress code?
3262,1266,7,15,110,132,1.2196969696969697,0.046024455602018496,624,Swipe left
3052,1266,6,17,109,132,1.2196969696969697,0.04475030829456082,624,I was told to dress for the after life.
3033,1266,5,19,108,132,1.2196969696969697,0.0434388037525702,624,"It's not you, it's me. I donated my heart for a transplant."
3022,1266,6,17,109,132,1.2196969696969697,0.04475030829456082,624,Sorry I already gave someone my heart. That's why I'm here!
2975,1266,6,17,109,132,1.2196969696969697,0.04475030829456082,624,Welcome to the neighborhood. It may take some time for you to fit in.
2941,1266,4,21,107,132,1.2196969696969697,0.04208644972494561,624,Rest in Peace?  I don't think so.
2843,1266,6,17,109,132,1.2196969696969697,0.04475030829456082,624,"Oh well, finding love late is better than never."
2355,1266,6,17,109,132,1.2196969696969697,0.04475030829456082,624,"Hi, my names Adolf, I've been waiting for you to arrive"
2288,1266,5,19,108,132,1.2196969696969697,0.0434388037525702,624,You'll feel better once you get that suit off.
2004,1266,6,17,109,132,1.2196969696969697,0.04475030829456082,624,"Hey, Newbie!  Keep it down in there!  The dead tell no tales!"
1857,1266,6,17,109,132,1.2196969696969697,0.04475030829456082,624,"My slow metabolism is a curse, I tell ya."
1130,1266,6,17,109,132,1.2196969696969697,0.04475030829456082,624,Just when I thought I'd FINALLY get some peace.
42,1266,6,17,109,132,1.2196969696969697,0.04475030829456082,624,Does it ever end.
96,1266,2,25,105,132,1.2196969696969697,0.039242176397882286,624,Can’t a guy get some peace down here?
234,1266,6,17,109,132,1.2196969696969697,0.04475030829456082,624,I kind of just got here and you’re regifting me with my own flowers?
401,1266,5,19,108,132,1.2196969696969697,0.0434388037525702,624,If this were a joke it would be too soon!
440,1266,7,15,110,132,1.2196969696969697,0.046024455602018496,624,No collusion!
563,1266,6,17,109,132,1.2196969696969697,0.04475030829456082,624,No Gloria! Too little; too late.
3569,1266,6,17,109,132,1.2196969696969697,0.04475030829456082,624,Been waiting long?
737,1266,3,23,106,132,1.2196969696969697,0.04068917336892508,624,"Arrghhh! I thought our marriage was until ""death do us part""?"
798,1266,3,23,106,132,1.2196969696969697,0.04068917336892508,624,There must be some misunderstanding. Doesn't until death do us part mean that we are to be apart after death?
807,1266,1,27,104,132,1.2196969696969697,0.03773974016124882,624,Get ready — the Danse Macabre starts in five minutes!
968,1266,4,21,107,132,1.2196969696969697,0.04208644972494561,624,I can see you are new here
1005,1266,7,15,110,132,1.2196969696969697,0.046024455602018496,624,I'm looking for a younger woman.
1060,1266,3,23,106,132,1.2196969696969697,0.04068917336892508,624,"No, I can't come out and play."
1110,1266,5,19,108,132,1.2196969696969697,0.0434388037525702,624,Hey you!  I am gonna kill myself if I have to listen to that Nixon impression for the rest of eternity.
738,1266,9,11,112,132,1.2196969696969697,0.04847237724178624,624,"Sorry, not really into nudism"
2569,1298,3,22,103,128,1.21875,0.04140955779017633,624,I'm feeling a bit overdressed.
222,1298,5,18,105,128,1.21875,0.04428108477108411,624,"What is this, a Tim Burton film?"
3651,1300,5,19,109,133,1.218045112781955,0.043142594039353735,624,"Hey, uh...I'm required to tell you that I am a registered coffin offender."
2207,1300,5,19,109,133,1.218045112781955,0.043142594039353735,624,"Welcome, we don’t get a lot of new comers anymore with cremation all the rage. So tell me who is president."
2231,1300,5,19,109,133,1.218045112781955,0.043142594039353735,624,"You look great, but I’d rather kill myself again than join your Low Carb Club."
2423,1300,5,19,109,133,1.218045112781955,0.043142594039353735,624,I told them I wanted a closed casket
2519,1300,4,21,108,133,1.218045112781955,0.04180146234154655,624,"Good lord! What happened to ""til death do us part?"""
2541,1300,6,17,110,133,1.218045112781955,0.044443273810524195,624,"Ha ha ha ha ha...a...a...a...and then...and then...stay with me now...and then a priest, a rabbi, and an Imam walk into a bar...ho ho ho, the punchline will kill you..."
2602,1300,2,25,106,133,1.218045112781955,0.038981020007001405,624,"Everything else I can deal with, but my real estate agent promised quiet neigbors."
2621,1300,6,17,110,133,1.218045112781955,0.044443273810524195,624,It's why I like timeshare rentals -- the neighbors are temporary.
2638,1300,7,15,111,133,1.218045112781955,0.04570695519885318,624,Why have I been buried in the Van Winkle family cemetery?
2643,1300,2,25,106,133,1.218045112781955,0.038981020007001405,624,"Who knew a bag of peanut M&Ms, three shots of tequila, two beers, and a Percocet was mortal?"
2701,1300,5,19,109,133,1.218045112781955,0.043142594039353735,624,"Ya, Ya mom, you did warn me."
2709,1300,6,17,110,133,1.218045112781955,0.044443273810524195,624,"Frankiiieee! Over here! Oh, just wait 'til the girls hear about this!"
2748,1300,6,17,110,133,1.218045112781955,0.044443273810524195,624,It's too late for that now.
2855,1300,5,19,109,133,1.218045112781955,0.043142594039353735,624,"Well, at least it's in Manhattan..."
2914,1300,3,23,107,133,1.218045112781955,0.04041585193137699,624,well hello there.welcome to the neighborhood.
2139,1300,6,17,110,133,1.218045112781955,0.044443273810524195,624,"I'm Roger.  Can you believe this?  I mean, really"
2961,1300,2,25,106,133,1.218045112781955,0.038981020007001405,624,"Just my luck, eternity next to this guy."
2986,1300,4,21,108,133,1.218045112781955,0.04180146234154655,624,"So I say, Nothing is certain""  
""I hear 'ya, Death and Taxes wait for no man, yeah?"
3002,1300,6,17,110,133,1.218045112781955,0.044443273810524195,624,"Buddy, PLEASE, just Rest In Peace."
3017,1300,5,19,109,133,1.218045112781955,0.043142594039353735,624,"Ehh, you're not really my type, I'm looking for someone with a bit more substance."
3110,1300,5,19,109,133,1.218045112781955,0.043142594039353735,624,Enough with the mansplaining.
3143,1300,6,17,110,133,1.218045112781955,0.044443273810524195,624,You're lucky to have gotten that space. People are just dying to get in here.
3210,1300,1,27,105,133,1.218045112781955,0.03749131571755649,624,What is it about RIP that you don't understand?
3289,1300,6,17,110,133,1.218045112781955,0.044443273810524195,624,"I’m not looking for date, I just got single.."
3327,1300,3,23,107,133,1.218045112781955,0.04041585193137699,624,"Hey buddy, I just came for a fitting."
3420,1300,4,21,108,133,1.218045112781955,0.04180146234154655,624,"How do you lose weight, then keep it off?”"
3452,1300,5,19,109,133,1.218045112781955,0.043142594039353735,624,You mean to tell me that DEATH is not FATAL!
3530,1300,6,17,110,133,1.218045112781955,0.044443273810524195,624,Just give it some time and you'll fit right in.
3730,1300,4,21,108,133,1.218045112781955,0.04180146234154655,624,I still have to make small talk!?
3550,1300,7,15,111,133,1.218045112781955,0.04570695519885318,624,I thought you guys took August off.
3566,1300,5,19,109,133,1.218045112781955,0.043142594039353735,624,How come there's never a shrink around when you really need one?
2971,1300,5,19,109,133,1.218045112781955,0.043142594039353735,624,"Ludwig the composer, and Clarence the decomposer."
2105,1300,1,27,105,133,1.218045112781955,0.03749131571755649,624,"Sorry, I don't dig it."
110,1300,6,17,110,133,1.218045112781955,0.044443273810524195,624,It will get better...
1955,1300,3,23,107,133,1.218045112781955,0.04041585193137699,624,this conversation is dead serious!
1999,1300,5,19,109,133,1.218045112781955,0.043142594039353735,624,"I know it's tight, but after a few years you'll have much more room."
8,1300,6,17,110,133,1.218045112781955,0.044443273810524195,624,"Wouldn't you know it, Mort, we're neighbors again!"
67,1300,4,21,108,133,1.218045112781955,0.04180146234154655,624,"Nuthin, there’s nuthin new , I tell ya."
71,1300,4,21,108,133,1.218045112781955,0.04180146234154655,624,Till death due us part?
182,1300,7,15,111,133,1.218045112781955,0.04570695519885318,624,I should never have joined that secret society.
185,1300,5,19,109,133,1.218045112781955,0.043142594039353735,624,The motto is ‘rest in peace’ but we’re really quite a sociable group. You’ll see.
217,1300,6,17,110,133,1.218045112781955,0.044443273810524195,624,"Nancy Pelosi still 'leading' the Democrats?"""
280,1300,8,13,112,133,1.218045112781955,0.04693662663744293,624,Oh great. Another game of charades.
284,1300,4,21,108,133,1.218045112781955,0.04180146234154655,624,Ugh! Why didn't they spring for the lid option?
482,1300,4,21,108,133,1.218045112781955,0.04180146234154655,624,"Till death do us part, now please may I RIP"
616,1300,8,13,112,133,1.218045112781955,0.04693662663744293,624,"Ooh, hello. It's been a long time since I've seen a man."
639,1300,5,19,109,133,1.218045112781955,0.043142594039353735,624,"Lucky me, my new neighbor, Chatty Kathy...."
681,1300,7,15,111,133,1.218045112781955,0.04570695519885318,624,"Maxine, I tell you for the twentieth time...Yes we got adjoining graves, but I am not and never will join you in a rousing chorus of ""I've got you under my skin."""
720,1300,7,15,111,133,1.218045112781955,0.04570695519885318,624,Dammit! This wasn't what I meant when I said I wanted to be boss of the underworld.
733,1300,6,17,110,133,1.218045112781955,0.044443273810524195,624,Welcome to the WWWhhhhhhaaaaatttttttt??????
623,1300,6,17,110,133,1.218045112781955,0.044443273810524195,624,"Try the new Atrophy Diet,"" she said. Who else thought that would be a good idea"
895,1300,7,15,111,133,1.218045112781955,0.04570695519885318,624,"Ya know, this sucks bigly."
1909,1300,5,19,109,133,1.218045112781955,0.043142594039353735,624,Somehow I always sit next to a chatty Kathy
1902,1300,6,17,110,133,1.218045112781955,0.044443273810524195,624,"Hey, good timing!  We're welcoming newbies Friday night at the mausoleum"""
769,1300,4,21,108,133,1.218045112781955,0.04180146234154655,624,Stop it Rodney! You’re still killing me!
1600,1300,4,21,108,133,1.218045112781955,0.04180146234154655,624,Why do I have to wear a suit when the other guy gets to be naked?
1542,1300,6,17,110,133,1.218045112781955,0.044443273810524195,624,Welcome to the 'hood!
1525,1300,6,17,110,133,1.218045112781955,0.044443273810524195,624,Hi there! Looking good - so far.
1422,1300,7,15,111,133,1.218045112781955,0.04570695519885318,624,"Till death do us part"", they said.."
1644,1300,3,23,107,133,1.218045112781955,0.04041585193137699,624,"I thought it was ""Til Death Do You Part""...I never signed up for this"
1289,1300,4,21,108,133,1.218045112781955,0.04180146234154655,624,Hi neighbor. Their called tiny houses now!
1151,1300,3,23,107,133,1.218045112781955,0.04041585193137699,624,"I tell ya, I get no respect, there I was minding my own business ..."
1111,1300,4,21,108,133,1.218045112781955,0.04180146234154655,624,"Now she says, ""Yes!"""
1078,1300,7,15,111,133,1.218045112781955,0.04570695519885318,624,Hey.  Anyone here from out of town?
1075,1300,7,15,111,133,1.218045112781955,0.04570695519885318,624,"Is this all there is? Is there no more to life than this?
Ooh! Ooh! Ask me! Ask me! I know!!!"
1017,1300,8,13,112,133,1.218045112781955,0.04693662663744293,624,This is what happens when you marry a cougar and don't read the pre-nup!
1371,1300,6,17,110,133,1.218045112781955,0.044443273810524195,624,You must be new here.
2794,1367,6,16,107,129,1.2170542635658914,0.04532564171909496,624,New to these parts?
2900,1367,2,24,103,129,1.2170542635658914,0.039622186628412534,624,I can't smell the roses.
2994,1367,5,18,106,129,1.2170542635658914,0.04396919110286211,624,"Enough already, Bernie.  Your fifty minutes was up over thirty years ago."
3226,1367,5,18,106,129,1.2170542635658914,0.04396919110286211,624,I think it was all the GMO.
3459,1367,4,20,105,129,1.2170542635658914,0.042569539993195335,624,Seems just like yesterday I was the new guy on the row.
3345,1367,4,20,105,129,1.2170542635658914,0.042569539993195335,624,I DID tell you to drop dead. Still.....No.
3486,1367,7,14,108,129,1.2170542635658914,0.0466426610331734,624,I told you I was buried in a dead end job.
3488,1367,4,20,105,129,1.2170542635658914,0.042569539993195335,624,Stop already! That “come hither” look is what got me here in the first place!
2394,1367,3,22,104,129,1.2170542635658914,0.04112227746884291,624,"All this because I forgot to ask ""May I?"""
3294,1367,6,16,107,129,1.2170542635658914,0.04532564171909496,624,"Hi, there! I'm guessing you didn't go gentle into that good night. They've got a therapist down here that can help you work on your anger management issues."
2277,1367,8,12,109,129,1.2170542635658914,0.04792350007317146,624,Couldn't you have placed me next to someone with less energy?
862,1367,5,18,106,129,1.2170542635658914,0.04396919110286211,624,"Hi, looks like you are new here. You got to take it lying down."
1944,1367,6,16,107,129,1.2170542635658914,0.04532564171909496,624,"Welcome, neighbor!  The last guy was exhumed a century ago and never returned. 
 I've been really lonely.  Any inkling that might happen to you, 'cus I'd hate to get too friendly?"
1867,1367,6,16,107,129,1.2170542635658914,0.04532564171909496,624,"Can we please skip the ""welcome to the neighborhood""  routine."
1763,1367,8,12,109,129,1.2170542635658914,0.04792350007317146,624,"Yo, over here...stop whining, I’m the one who got the polonium”"
833,1367,5,18,106,129,1.2170542635658914,0.04396919110286211,624,"Hi Babe! I see you went with the cheaper coffin after all. Don't worry, you'll have more shoulder room after a month."
823,1367,4,20,105,129,1.2170542635658914,0.042569539993195335,624,What the hell am I gonna put 'em in?
822,1367,6,16,107,129,1.2170542635658914,0.04532564171909496,624,I don't recognize your face but your breath is familiar.
743,1367,5,18,106,129,1.2170542635658914,0.04396919110286211,624,Few analysts are this dedicated.
486,1367,4,20,105,129,1.2170542635658914,0.042569539993195335,624,Welcome! You've obviously come dressed for a formal occasion.
150,1367,4,20,105,129,1.2170542635658914,0.042569539993195335,624,I should have been cremated an avoided these post modern dating rituals
1966,1367,1,26,102,129,1.2170542635658914,0.03806302197946192,624,You're supposed to be pushing them up!
103,1389,4,20,106,130,1.2153846153846153,0.04227379788275202,624,You're the new guy? Welcome to the neighborhood!
1338,1389,6,16,108,130,1.2153846153846153,0.04500661236069091,624,Relax!  I'm not ready.  But—I bet you knocked them dead—when you had skin.
1883,1389,5,18,107,130,1.2153846153846153,0.043661591494225584,624,I hate these people who are always telling me to have a nice day.
2022,1389,5,18,107,130,1.2153846153846153,0.043661591494225584,624,This is why I hate blind dates.
2027,1389,6,16,108,130,1.2153846153846153,0.04500661236069091,624,"Okay, so I did wish for more ""grassroots support""  from that voodoo woman in the New Orleans constituency....."
3600,1394,4,18,99,121,1.2148760330578512,0.04423611137544672,624,Well this is just great.
978,1394,4,18,99,121,1.2148760330578512,0.04423611137544672,624,Traffic.
2217,1396,1,25,101,127,1.2125984251968505,0.03812556180140144,624,Welcome to the neighborhood you're going to love how peaceful and quite it is!
2290,1396,5,17,105,127,1.2125984251968505,0.04419837067680215,624,"This is not a wave ""hello""; this a signal for you to shut up and let me Rest In Peace."
2322,1396,6,15,106,127,1.2125984251968505,0.04559035366650368,624,It was just a soft-tissue injury. There's nothing wrong with MY bones.
2561,1396,6,15,106,127,1.2125984251968505,0.04559035366650368,624,Do you still want to talk to me about reverse mortgages?
2721,1396,4,19,104,127,1.2125984251968505,0.04276109906832521,624,And that 'Talk to the hand' come-back is so passé.
2728,1396,5,17,105,127,1.2125984251968505,0.04419837067680215,624,"You're six feet under, no bones about it, must still pay taxes."
2770,1396,4,19,104,127,1.2125984251968505,0.04276109906832521,624,The reason they buried you alive Mr. Tarantino is because you won’t shut up!
2883,1396,2,23,102,127,1.2125984251968505,0.03973088017682671,624,Oh Lord! It's going to be hell in this suit.
2903,1396,4,19,104,127,1.2125984251968505,0.04276109906832521,624,I thought I would finally have some peace and quiet.
3392,1396,3,21,103,127,1.2125984251968505,0.041273807875918625,624,"Sarte was right, “He’ll is other people.”"
3398,1396,4,19,104,127,1.2125984251968505,0.04276109906832521,624,You're making me feel lousy about knocking you off for the insurance.
3433,1396,4,19,104,127,1.2125984251968505,0.04276109906832521,624,You new guys always show up overdressed!
3434,1396,6,15,106,127,1.2125984251968505,0.04559035366650368,624,What's new? You don't want to know!
3575,1396,3,21,103,127,1.2125984251968505,0.041273807875918625,624,"Hey, will you pipe down?  I’m trying to get some sleep."
3624,1396,2,23,102,127,1.2125984251968505,0.03973088017682671,624,"My coffin is too small, my neighbor keeps knocking and I requested a root view. Rest in peace?"
2928,1396,5,17,105,127,1.2125984251968505,0.04419837067680215,624,I didn't expect Welcome Wagon down here.
2047,1396,4,19,104,127,1.2125984251968505,0.04276109906832521,624,What is it that you still don’t understand about rest in PEACE?
2125,1396,4,19,104,127,1.2125984251968505,0.04276109906832521,624,BTW wi-fi is horrible down here.
323,1396,6,15,106,127,1.2125984251968505,0.04559035366650368,624,You're making it really hard for me to act based solely on sex and skin color down here!
1658,1396,5,17,105,127,1.2125984251968505,0.04419837067680215,624,STFU!  Don't you know what 'R.I.P.' means?!
73,1396,3,21,103,127,1.2125984251968505,0.041273807875918625,624,I may have lost the plot.
166,1396,4,19,104,127,1.2125984251968505,0.04276109906832521,624,"I thought the daisies were included!"""
378,1396,5,17,105,127,1.2125984251968505,0.04419837067680215,624,"What can I say, peaceful cheap room and board?"
434,1396,5,17,105,127,1.2125984251968505,0.04419837067680215,624,"Don't worry. The ants only tickle, but the worms will make you sneeze."
657,1396,5,17,105,127,1.2125984251968505,0.04419837067680215,624,No way I'm spending eternity next to a freaking nudist!
998,1396,2,23,102,127,1.2125984251968505,0.03973088017682671,624,You think you've got it bad? My kids are using my twitter account to apologize for my previous tweets!
992,1396,5,17,105,127,1.2125984251968505,0.04419837067680215,624,I said I wanted a quieter office.
1141,1396,2,23,102,127,1.2125984251968505,0.03973088017682671,624,"Hey, did you see what Stephen Colbert did to your theater?"
1144,1396,4,19,104,127,1.2125984251968505,0.04276109906832521,624,"Yes. OK, fine. If there is a zombie apocalypse, we can be brain buddies."
1207,1396,3,21,103,127,1.2125984251968505,0.041273807875918625,624,All my life they said I looked great for my age. Lot of good it did me.
1209,1396,6,15,106,127,1.2125984251968505,0.04559035366650368,624,I take it back! My wife would be preferable to a car salesman!
1227,1396,6,15,106,127,1.2125984251968505,0.04559035366650368,624,I don't think I'm quite ready for another dating service.
1458,1396,3,21,103,127,1.2125984251968505,0.041273807875918625,624,"""Maybe if I roll over she'll get the message that it's time to rest in peace."
1563,1396,6,15,106,127,1.2125984251968505,0.04559035366650368,624,It was cheaper than buying a bomb shelter.
1054,1396,7,13,107,127,1.2125984251968505,0.04694107715412767,624,"Fox New s Host: 
all i said was Trump should tone down the rhetoric and they freakin buried me!"
2779,1431,5,16,102,123,1.2113821138211383,0.04508648599697628,624,"And so I say to her 'Fine, if chivalry is dead, then so am I'."
2734,1432,7,13,108,128,1.2109375,0.04660251345776007,624,I'm afraid our time is up.
2616,1432,6,15,107,128,1.2109375,0.045263260648319585,624,"Oh, God. It's Arthur, my insurance salesman."
2730,1432,5,17,106,128,1.2109375,0.04388315472313635,624,At least we're insulated from all the 'fake news'.
2864,1432,6,15,107,128,1.2109375,0.045263260648319585,624,"I’m dead, right? I ‘m friggin’ DEAD, I don’t got a bleepin’ penny to my name, and this guy is busting my balls about some river cruise!"
3537,1432,2,23,103,128,1.2109375,0.03945423653127441,624,Calm down. Your suit will fit better soon.
3221,1432,4,19,105,128,1.2109375,0.04245821207248054,624,Thought it was over.
3232,1432,7,13,108,128,1.2109375,0.04660251345776007,624,Don't tell me what the Founding Fathers would have done; I was one of them!
3467,1432,2,23,103,128,1.2109375,0.03945423653127441,624,"Yes, I was the CEO of a Botox company, you don’t have to rub it in"
2611,1432,3,21,104,128,1.2109375,0.04098375624962578,624,"I appreciate the hospitality, but I really don't see myself fitting in here..."
2954,1432,4,19,105,128,1.2109375,0.04245821207248054,624,Clothes may make the man but we are still dead
2385,1432,5,17,106,128,1.2109375,0.04388315472313635,624,"Merrily, merrily, merrily merrily, life is but a dream."
2279,1432,2,23,103,128,1.2109375,0.03945423653127441,624,And here I thought I could look forward to ‘resting in peace’.
2096,1432,3,21,104,128,1.2109375,0.04098375624962578,624,Diet or no diet we all end up in the same place.
90,1432,3,21,104,128,1.2109375,0.04098375624962578,624,"But, I was a vegan and wore Armani suits."
815,1432,5,17,106,128,1.2109375,0.04388315472313635,624,"So I take  it, there's no buffet!"
1313,1432,4,19,105,128,1.2109375,0.04245821207248054,624,"Think Grateful Dead music, my favorite is “A touch of grey”.   Flowers?"
1352,1432,4,19,105,128,1.2109375,0.04245821207248054,624,This is not the rent control apartment my parents left me!
624,1432,3,21,104,128,1.2109375,0.04098375624962578,624,I’m what you’re going to look like in 20 years!
1449,1432,5,17,106,128,1.2109375,0.04388315472313635,624,"You think you're bored now, wait about a hundred years."
1527,1432,5,17,106,128,1.2109375,0.04388315472313635,624,"Quit your waving already, can’t you see I’m trying to Rest In Peace?"
1558,1432,6,15,107,128,1.2109375,0.045263260648319585,624,"Down here you can ""lie"" all the time and no one will care!"
1739,1432,4,19,105,128,1.2109375,0.04245821207248054,624,Hope you don't snore.
1437,1432,2,23,103,128,1.2109375,0.03945423653127441,624,You seem to take a bare bones approach to courting.
2674,1455,6,14,104,124,1.2096774193548387,0.04619567719155494,624,I thought the least I would get would be a welcome basket.
2811,1455,6,14,104,124,1.2096774193548387,0.04619567719155494,624,"Yeah, but I don't want to lose as much weight as you; you're positively skeletal."
2808,1455,5,16,103,124,1.2096774193548387,0.04475388527965868,624,Hey! Gimmy some skin!
2788,1455,4,18,102,124,1.2096774193548387,0.04326407174623477,624,I keep getting this haunting feeling that I knew you in a previous life
2777,1455,6,14,104,124,1.2096774193548387,0.04619567719155494,624,I hope that this is only a dream
2765,1455,3,20,101,124,1.2096774193548387,0.04172109251328217,624,"All I asked of the store clerk was, could she offer me an affordable layaway plan?"
2707,1455,4,18,102,124,1.2096774193548387,0.04326407174623477,624,I accepted your friend request. That's as far as it goes.
2610,1455,2,22,100,124,1.2096774193548387,0.04011881375290587,624,Can't I just rest in peace?
2268,1455,4,18,102,124,1.2096774193548387,0.04326407174623477,624,I said I was buried in work. I didn't mean it literaly!
2537,1455,3,20,101,124,1.2096774193548387,0.04172109251328217,624,I’m sorry I’d rather we try and meet other people
2422,1455,6,14,104,124,1.2096774193548387,0.04619567719155494,624,Just my luck...buried with a friendly nudist!
2402,1455,6,14,104,124,1.2096774193548387,0.04619567719155494,624,I TOLD you it's a bare bones operation!!!
2388,1455,7,12,105,124,1.2096774193548387,0.047593811937560224,624,"Democracy has been Trumped
And buried alive"
2868,1455,5,16,103,124,1.2096774193548387,0.04475388527965868,624,"+""Wednesday's are for ribs at Marty's."""
2195,1455,4,18,102,124,1.2096774193548387,0.04326407174623477,624,You can't pick your family!
2172,1455,5,16,103,124,1.2096774193548387,0.04475388527965868,624,"Hey there, I've got a skeleton key you can borrow."
2149,1455,3,20,101,124,1.2096774193548387,0.04172109251328217,624,The early bird gets the tree.
2566,1455,5,16,103,124,1.2096774193548387,0.04475388527965868,624,One needs time to adjust
2872,1455,4,18,102,124,1.2096774193548387,0.04326407174623477,624,Has anyone ever told you that your knock knock jokes are getting old?
2964,1455,4,18,102,124,1.2096774193548387,0.04326407174623477,624,So what’s new up top. Is Trump still running things?
2896,1455,4,18,102,124,1.2096774193548387,0.04326407174623477,624,Don’t ask.
2058,1455,5,16,103,124,1.2096774193548387,0.04475388527965868,624,Mismatch- I'm antisocial and died from osteoporosis.
3747,1455,4,18,102,124,1.2096774193548387,0.04326407174623477,624,What!?! No final eternal rest?
3682,1455,4,18,102,124,1.2096774193548387,0.04326407174623477,624,Can anybody tell me what the heck is going on?
3665,1455,4,18,102,124,1.2096774193548387,0.04326407174623477,624,"Thanks, but right now I need a little more time to not be me."
3604,1455,4,18,102,124,1.2096774193548387,0.04326407174623477,624,Again I'm sorry!  I thought you liked tulips!
3588,1455,5,16,103,124,1.2096774193548387,0.04475388527965868,624,"Thanks, Zillow"
3354,1455,5,16,103,124,1.2096774193548387,0.04475388527965868,624,Just what are you so cheery about?
3326,1455,5,16,103,124,1.2096774193548387,0.04475388527965868,624,"No, I'm not a Deadhead"
3325,1455,3,20,101,124,1.2096774193548387,0.04172109251328217,624,"Once a necrophiliac, always a necrophiliac..."
3312,1455,5,16,103,124,1.2096774193548387,0.04475388527965868,624,Welcome.  You must be new here.
3279,1455,2,22,100,124,1.2096774193548387,0.04011881375290587,624,"Oh God ,can I ever get away from her?"
3230,1455,6,14,104,124,1.2096774193548387,0.04619567719155494,624,"Hi, remember me?  You shot me in '02"
3216,1455,3,20,101,124,1.2096774193548387,0.04172109251328217,624,...And they had told me romance was dead!
3202,1455,4,18,102,124,1.2096774193548387,0.04326407174623477,624,Being a celebrity is tough...even down here they won’t leave you alone!
3144,1455,3,20,101,124,1.2096774193548387,0.04172109251328217,624,"Enough with the 'thinking outside of the box."""
3053,1455,4,18,102,124,1.2096774193548387,0.04326407174623477,624,"Could you keep it down over there, I'm trying to sleep!"
2916,1455,4,18,102,124,1.2096774193548387,0.04326407174623477,624,"Okay, okay, let me settle in a bit and then we'll 'do lunch.'"
2881,1455,4,18,102,124,1.2096774193548387,0.04326407174623477,624,"Hey, don't blame me, I told the funeral parlor you were allergic to those damn flowers!"
2051,1455,5,16,103,124,1.2096774193548387,0.04475388527965868,624,Hi! Can I join you? The tree is crowding me out... Oh wait you are ALIVE!
2758,1455,3,20,101,124,1.2096774193548387,0.04172109251328217,624,"No, you may NOT have the name of my tailor."
1900,1455,4,18,102,124,1.2096774193548387,0.04326407174623477,624,Wave all you want but I am bone tired.
924,1455,3,20,101,124,1.2096774193548387,0.04172109251328217,624,I thought we were going business casual.
857,1455,3,20,101,124,1.2096774193548387,0.04172109251328217,624,I'm not into cougars
803,1455,4,18,102,124,1.2096774193548387,0.04326407174623477,624,"Where have all MY  flowers gone, long time passing?"
666,1455,5,16,103,124,1.2096774193548387,0.04475388527965868,624,"I said I'd even follow you to the grave, not that I'd also be roommates."
662,1455,6,14,104,124,1.2096774193548387,0.04619567719155494,624,No! That's not how you play dead! You got a long way to go....
636,1455,4,18,102,124,1.2096774193548387,0.04326407174623477,624,And here I thought my last neighbor was annoying...
593,1455,3,20,101,124,1.2096774193548387,0.04172109251328217,624,"Stop! Look at you, you're skin and bones!"
934,1455,5,16,103,124,1.2096774193548387,0.04475388527965868,624,Serenity now?
586,1455,6,14,104,124,1.2096774193548387,0.04619567719155494,624,"But who even knows all the lyrics to ""Dem Bones"" anyway?"
507,1455,4,18,102,124,1.2096774193548387,0.04326407174623477,624,Welcome!! Did you bring snacks??
456,1455,3,20,101,124,1.2096774193548387,0.04172109251328217,624,Wanna bone down here? It's a bit lonely down here.
445,1455,4,18,102,124,1.2096774193548387,0.04326407174623477,624,"Ah jeez, I should have paid attention to all those theology nerds who told me that the immediate ascension of the soul to Heaven at the moment of death is a misconception and we have to wait for bodily resurrection at the end of time, jeez."
443,1455,5,16,103,124,1.2096774193548387,0.04475388527965868,624,"So glad to be here tonight, such a lively audience. Anybody else here dead? Ah yes, you sir, in the coffin there - where are you from?"
388,1455,3,20,101,124,1.2096774193548387,0.04172109251328217,624,Enough with the lawyer jokes already!
340,1455,4,18,102,124,1.2096774193548387,0.04326407174623477,624,I specifically requested not to be in nudist cemetery.
138,1455,4,18,102,124,1.2096774193548387,0.04326407174623477,624,I understand neither why I have been buried alive nor why a skeleton is waving at me!
540,1455,3,20,101,124,1.2096774193548387,0.04172109251328217,624,It’s grandpa...what do you mean you don’t recognize me?
958,1455,6,14,104,124,1.2096774193548387,0.04619567719155494,624,It won't be so warm in here after you lose a few pounds.
788,1455,2,22,100,124,1.2096774193548387,0.04011881375290587,624,I'm pretty sure it says ' Rest In PEACE'!
1142,1455,6,14,104,124,1.2096774193548387,0.04619567719155494,624,"Meredith, I only married you for the money"
1877,1455,4,18,102,124,1.2096774193548387,0.04326407174623477,624,"Sorry, I’m new to this."
1785,1455,5,16,103,124,1.2096774193548387,0.04475388527965868,624,Who Knew?
1740,1455,6,14,104,124,1.2096774193548387,0.04619567719155494,624,"Oy vey, my best suit, no cash and the Halloween dude, Mama-a-a!!"
1099,1455,6,14,104,124,1.2096774193548387,0.04619567719155494,624,Beats Tinder.
1581,1455,5,16,103,124,1.2096774193548387,0.04475388527965868,624,I told that damn undertaker to go light on the embalming fluid.
1516,1455,4,18,102,124,1.2096774193548387,0.04326407174623477,624,"Okay, okay, I gave you those diet pills but that's a thin excuse to take revenge"
1510,1455,5,16,103,124,1.2096774193548387,0.04475388527965868,624,What me worry?
1497,1455,4,18,102,124,1.2096774193548387,0.04326407174623477,624,Are you on NextDoor?
1492,1455,4,18,102,124,1.2096774193548387,0.04326407174623477,624,"We've been over this before, coffin lids are for suckers."
1642,1455,6,14,104,124,1.2096774193548387,0.04619567719155494,624,you must be the new one
1468,1455,7,12,105,124,1.2096774193548387,0.047593811937560224,624,Ugh. Suburban neighbors ...
1479,1455,4,18,102,124,1.2096774193548387,0.04326407174623477,624,For the boat ride to Paradise I have to listen to jokes and be entertained by Dead Skeleton?
1312,1455,5,16,103,124,1.2096774193548387,0.04475388527965868,624,I did not know that death was clothes optional.
1316,1455,5,16,103,124,1.2096774193548387,0.04475388527965868,624,"Hi, I'm your afterlife neighbor Cedric. I was a CPA for fifty years - boy do I have some stories for you."
1365,1455,4,18,102,124,1.2096774193548387,0.04326407174623477,624,I have no idea where the Bardo is
2035,1455,6,14,104,124,1.2096774193548387,0.04619567719155494,624,At least buy me dinner before trying to bone me!
1376,1455,4,18,102,124,1.2096774193548387,0.04326407174623477,624,Do you have any idea of who I was?
79,1455,3,20,101,124,1.2096774193548387,0.04172109251328217,624,"Can you give me a minute,  I just got here..."
1434,1455,5,16,103,124,1.2096774193548387,0.04475388527965868,624,Could I BE any more dead?
1865,1536,5,16,104,125,1.208,0.04442608939975293,624,"Proud American: "" Hey Donald...remember me?"""
1945,1536,5,16,104,125,1.208,0.04442608939975293,624,Cut it out! You don't scare me anymore.
2174,1536,6,14,105,125,1.208,0.045855312423091786,624,What kind of a diet do they put you on in this crazy place?
2347,1536,3,20,102,125,1.208,0.04141995778879799,624,I should have never signed that prefuneral agreement.
2592,1536,4,18,103,125,1.208,0.04294933248946162,624,"Sorry, I’m an ass man."
2655,1536,5,16,104,125,1.208,0.04442608939975293,624,"Finally, no one around.  Let it RIP."
2827,1536,4,18,103,125,1.208,0.04294933248946162,624,Hey! Can't a guy any privacy around here?
3077,1536,5,16,104,125,1.208,0.04442608939975293,624,Hi Donald. See you in hell.
3195,1536,7,12,106,125,1.208,0.0472413159795943,624,"This is roomier than that stairwell in Port Authority, isn't it?"
3606,1536,4,18,103,125,1.208,0.04294933248946162,624,That suit looks rotting on you!
3616,1536,1,24,100,125,1.208,0.038177852049280814,624,"Hey, give me some time to get comfortable."
1782,1536,3,20,102,125,1.208,0.04141995778879799,624,"Really, why didn't you send me flowers anymore?"
3741,1536,6,14,105,125,1.208,0.045855312423091786,624,Does this mean I still have to ‘love thy neighbor’ or do I get exempted from that now?
3605,1536,2,22,101,125,1.208,0.039831904864835316,624,Weeds? Got a lovely fruit basket when I moved into my last neighborhood
1614,1536,5,16,104,125,1.208,0.04442608939975293,624,"Seriously, there's no dry cleaning service?"
1368,1536,4,18,103,125,1.208,0.04294933248946162,624,Dad! Is that you?
136,1536,3,20,102,125,1.208,0.04141995778879799,624,That's very kind of you but shouldn't we wait until the decomposition process takes hold?
203,1536,4,18,103,125,1.208,0.04294933248946162,624,Can I borrow your suit so I don't scare people when I come out
399,1536,5,16,104,125,1.208,0.04442608939975293,624,Give me a break; I just got here.
439,1536,5,16,104,125,1.208,0.04442608939975293,624,I didn’t know this was business casual
519,1536,3,20,102,125,1.208,0.04141995778879799,624,"I said a wall, not a tunnel."
676,1536,4,18,103,125,1.208,0.04294933248946162,624,"I'm your wife, Stupid!"
1599,1536,6,14,105,125,1.208,0.045855312423091786,624,"I’m sorry honey, no new wife for you."
761,1536,6,14,105,125,1.208,0.045855312423091786,624,Happy Deathday!
801,1536,2,22,101,125,1.208,0.039831904864835316,624,Stop me if you've heard this one.
1049,1536,3,20,102,125,1.208,0.04141995778879799,624,There may be some lingering resentment.
1083,1536,5,16,104,125,1.208,0.04442608939975293,624,The Baby Boomers are coming!
1230,1536,4,18,103,125,1.208,0.04294933248946162,624,I told you those things would kill ya!
697,1536,4,18,103,125,1.208,0.04294933248946162,624,I'm frozen but they just don't know it
3456,1565,4,15,92,111,1.2072072072072073,0.04635284168602521,624,How long do I have to keep wearing this tie?
1696,1566,3,19,99,121,1.2066115702479339,0.04218115753776808,624,"Aw, come on, I didn’t ask for adjoining rooms!"
1668,1566,2,21,98,121,1.2066115702479339,0.04051554028263788,624,"Nice to see you too Ethel, but put some clothes on before you catch your death."
1524,1566,5,15,101,121,1.2066115702479339,0.04532915336612764,624,How ironic. I was a mob boss and now my bff is Jimmy Hoffa
1372,1566,3,19,99,121,1.2066115702479339,0.04218115753776808,624,"Merrily, merrily, merrily, merrily  --  Life is but a dream."
11,1566,5,15,101,121,1.2066115702479339,0.04532915336612764,624,"I can't believe I'm on The Dead Ed Sullivan Show!  ""Hi Mom!"""
597,1566,5,15,101,121,1.2066115702479339,0.04532915336612764,624,I dunno.  I was thinking of just hanging here until after the mid-terms.
1745,1572,6,14,106,126,1.2063492063492063,0.04551986877189821,624,"Yeah yeah yeah, I'm not ready either, buddy."
1272,1573,4,15,93,112,1.2053571428571428,0.04597435224702924,624,"There will be plenty of time to sleep when you're dead""...  HA"
2760,1574,3,19,100,122,1.2049180327868851,0.041868246759702375,624,"Rest assured, the neighborhood is to die for."
3055,1574,3,19,100,122,1.2049180327868851,0.041868246759702375,624,"Hey, I only agreed to 'til do us part."
2920,1574,3,19,100,122,1.2049180327868851,0.041868246759702375,624,"Sorry to bother you neighbor, but do you have the time?"
3102,1574,5,15,102,122,1.2049180327868851,0.044987954837924234,624,So let's continue where we left off at you last session.
1954,1574,1,23,98,122,1.2049180327868851,0.03849654650697315,624,I TOLD my wife that I didn’t need to wear a suit.
1168,1574,3,19,100,122,1.2049180327868851,0.041868246759702375,624,It's a custom-fitted Brooks Bros. suit and I plan to be dug up in it.
684,1574,7,11,104,122,1.2049180327868851,0.047904927452892494,624,"What a coincidence...two guys with the same name buried next to each other.  What killed you, Rip?"
362,1574,2,21,99,122,1.2049180327868851,0.040217745956821566,624,"So what's the story with ""till death do us part?"""
2064,1574,4,17,101,122,1.2049180327868851,0.043456105251336315,624,"Hi! I'm Rudy, Your wife. Well Trump-Care didn't cover my embalming expenses."
1145,1583,2,18,88,108,1.2037037037037037,0.043152147891456286,624,How can you be that nosy without a nose?
714,1584,4,15,94,113,1.2035398230088497,0.04560190938547957,624,"Bob,"" they told me, ""just preside over the special counsel for a few months, and you'll go down in history."" Spending eternity next to Ken Starr? That's going down in irony"
3023,1584,2,19,92,113,1.2035398230088497,0.04199379137219394,624,"Hey, what about ""Til death do us part""?!"
2759,1586,3,18,98,119,1.2016806722689075,0.042328992625491904,624,Your stone doesn't do you justice.
2743,1586,3,18,98,119,1.2016806722689075,0.042328992625491904,624,And here I thought the first level of hell would be a little deeper in the ground.
2706,1586,2,20,97,119,1.2016806722689075,0.04061174415599134,624,"No, I don't know what time it is. Who cares?"
2482,1586,2,20,97,119,1.2016806722689075,0.04061174415599134,624,'Great. They buried me next to Red Skelton'.
2481,1586,4,16,99,119,1.2016806722689075,0.04397923907920871,624,I’m already seeing someone
2445,1586,6,12,101,119,1.2016806722689075,0.04710661499811573,624,"Hellooo! Welc... Uh, so snobby. What a stiff..."
2434,1586,3,18,98,119,1.2016806722689075,0.042328992625491904,624,Talk about coincidence!  My last name is also Van Winkle.
2409,1586,3,18,98,119,1.2016806722689075,0.042328992625491904,624,Where’s a body have to go to get a drink around here?
2262,1586,7,10,102,119,1.2016806722689075,0.048594886869689824,624,"I wish now I had requested burial in a separate graveyard, Dear."
2401,1586,3,18,98,119,1.2016806722689075,0.042328992625491904,624,Even in death I can’t get any peace and quiet.
2343,1586,4,16,99,119,1.2016806722689075,0.04397923907920871,624,HELLo.  Think of it as the ultimate clothing optional resort
2242,1586,5,14,100,119,1.2016806722689075,0.045569763256829085,624,You're overwhelming me! I need to re-gain my de-composure
2178,1586,4,16,99,119,1.2016806722689075,0.04397923907920871,624,"Give me a chance to settle in, Jane."
2059,1586,2,20,97,119,1.2016806722689075,0.04061174415599134,624,Could have sworn I paid for the extra leg room
2012,1586,4,16,99,119,1.2016806722689075,0.04397923907920871,624,I don't get many visitors.
2011,1586,4,16,99,119,1.2016806722689075,0.04397923907920871,624,Okay already.  Before you died I told you a million times that I love you.  Now leave me alone.
1986,1586,4,16,99,119,1.2016806722689075,0.04397923907920871,624,Howdy neighbor
2405,1586,6,12,101,119,1.2016806722689075,0.04710661499811573,624,"I know texting, not semaphore!"
2818,1586,4,16,99,119,1.2016806722689075,0.04397923907920871,624,"You say I never bring you flowers, what does it matter where I got them."
2753,1586,3,18,98,119,1.2016806722689075,0.042328992625491904,624,Can't a guy have a little peace and quiet down here?
2863,1586,5,14,100,119,1.2016806722689075,0.045569763256829085,624,"Relax. Soon, it will be like looking in a mirror!"
1974,1586,5,14,100,119,1.2016806722689075,0.045569763256829085,624,Welcome to the graveyard of former Trump appointees.
3679,1586,4,16,99,119,1.2016806722689075,0.04397923907920871,624,It isn't like Knopf.  The first two letters in 'chthonic' are silent.
3612,1586,4,16,99,119,1.2016806722689075,0.04397923907920871,624,"Cremation gets reincarnation, we get this"
3565,1586,2,20,97,119,1.2016806722689075,0.04061174415599134,624,And I thought we vowed 'til death  do us part''!
3477,1586,4,16,99,119,1.2016806722689075,0.04397923907920871,624,"Please, Nancy!  I only promised till death do us part."
3394,1586,2,20,97,119,1.2016806722689075,0.04061174415599134,624,I thought death would do us part...
3358,1586,3,18,98,119,1.2016806722689075,0.042328992625491904,624,"And which ""Ex"" are you?"
3277,1586,3,18,98,119,1.2016806722689075,0.042328992625491904,624,Everyone is so friendly during rigor mortis.
3174,1586,3,18,98,119,1.2016806722689075,0.042328992625491904,624,"Rest in peace,they said! How am I supposed to get any rest with this jerk talking all the time?"
3165,1586,4,16,99,119,1.2016806722689075,0.04397923907920871,624,Lived long and prospered...Bones
3099,1586,5,14,100,119,1.2016806722689075,0.045569763256829085,624,"And, no property taxes!"
3058,1586,3,18,98,119,1.2016806722689075,0.042328992625491904,624,Are you talkin' to me? Are YOU talkin' to ME?
3016,1586,3,18,98,119,1.2016806722689075,0.042328992625491904,624,I'm not into boners.
2985,1586,6,12,101,119,1.2016806722689075,0.04710661499811573,624,Could be other people also; there’s a lot of people out there.
2932,1586,2,20,97,119,1.2016806722689075,0.04061174415599134,624,"Can you wait till I decompose,I just got here."
2924,1586,3,18,98,119,1.2016806722689075,0.042328992625491904,624,Welcome to the greatest weight-loss program in the history of the world!
2919,1586,4,16,99,119,1.2016806722689075,0.04397923907920871,624,"Rest In Peace ..."" Yeah, right"
2912,1586,7,10,102,119,1.2016806722689075,0.048594886869689824,624,"As I am, soon you shall be."
2867,1586,6,12,101,119,1.2016806722689075,0.04710661499811573,624,I thought Speed Dating was dead . . . not Speed Dating the dead.
2859,1586,5,14,100,119,1.2016806722689075,0.045569763256829085,624,Be quiet! Do you WANT to be dug up and staked through the heart?
1903,1586,4,16,99,119,1.2016806722689075,0.04397923907920871,624,"In my will when I sad I wanted to be buried with family, I didn't mean my mother-in-law."
2633,1586,5,14,100,119,1.2016806722689075,0.045569763256829085,624,I'm sorry. I'm still uncomfortable around nudity.
1885,1586,4,16,99,119,1.2016806722689075,0.04397923907920871,624,Our vows only said till DEATH do us part.
995,1586,3,18,98,119,1.2016806722689075,0.042328992625491904,624,"I got here first, so I get the tree."
939,1586,3,18,98,119,1.2016806722689075,0.042328992625491904,624,"For the last time, I am not your baby's daddy!"
929,1586,4,16,99,119,1.2016806722689075,0.04397923907920871,624,"Look Dad, you really shouldn't be so happy to see me."
889,1586,3,18,98,119,1.2016806722689075,0.042328992625491904,624,But they told me on hold that I was next in line.
852,1586,5,14,100,119,1.2016806722689075,0.045569763256829085,624,"I’m sorry it took me so long, but my thought was “better late than never. “"
802,1586,4,16,99,119,1.2016806722689075,0.04397923907920871,624,"Better late than never, though my preference would have been never."
609,1586,6,12,101,119,1.2016806722689075,0.04710661499811573,624,I'm just not as excited as you are for us to be neighbors.
607,1586,5,14,100,119,1.2016806722689075,0.045569763256829085,624,I AM your last chance!
1030,1586,4,16,99,119,1.2016806722689075,0.04397923907920871,624,Rest in peace -- that's a joke!  Why did I ever agree to a family plot?
579,1586,5,14,100,119,1.2016806722689075,0.045569763256829085,624,"No, I do NOT want to renew my subscription to The Watchtower."
484,1586,3,18,98,119,1.2016806722689075,0.042328992625491904,624,"I really shouldn't have omitted the ""till death do we part"" line."
458,1586,3,18,98,119,1.2016806722689075,0.042328992625491904,624,"Hey pal, get a grip.  This is a RIP zone."
442,1586,3,18,98,119,1.2016806722689075,0.042328992625491904,624,Hiya. Got any cigs?
429,1586,3,18,98,119,1.2016806722689075,0.042328992625491904,624,Why am I always seated with people of no substance?
410,1586,8,8,103,119,1.2016806722689075,0.05003891368900012,624,"G’day, mate - first time down under?"
140,1586,4,16,99,119,1.2016806722689075,0.04397923907920871,624,Enjoy Your First Halloween
108,1586,6,12,101,119,1.2016806722689075,0.04710661499811573,624,Hiya ! You must be new around here.
54,1586,4,16,99,119,1.2016806722689075,0.04397923907920871,624,bonne nuit
565,1586,4,16,99,119,1.2016806722689075,0.04397923907920871,624,Gah! Somebody kill me!
1076,1586,4,16,99,119,1.2016806722689075,0.04397923907920871,624,"Thank you, thank you. For my next trick I'll need a volunteer."
897,1586,5,14,100,119,1.2016806722689075,0.045569763256829085,624,"Let me get this straight honey.. now that we're six feet under, no more headaches?"
1182,1586,5,14,100,119,1.2016806722689075,0.045569763256829085,624,"Like it or not, clothes do make the man."
1841,1586,5,14,100,119,1.2016806722689075,0.045569763256829085,624,Will you please shut up?!  I'm trying to sleep.
1827,1586,6,12,101,119,1.2016806722689075,0.04710661499811573,624,You'll rest more in peace once the maggots get here!
1807,1586,6,12,101,119,1.2016806722689075,0.04710661499811573,624,This will be an eternity
1773,1586,2,20,97,119,1.2016806722689075,0.04061174415599134,624,"Hey! Easy pal! Once the tie rots, it's not so bad."
1159,1586,5,14,100,119,1.2016806722689075,0.045569763256829085,624,"Hey, the best part is all the weight you lose."
1687,1586,5,14,100,119,1.2016806722689075,0.045569763256829085,624,Welcome to the resistance.
1649,1586,2,20,97,119,1.2016806722689075,0.04061174415599134,624,So much for 'til death do us part!
1641,1586,4,16,99,119,1.2016806722689075,0.04397923907920871,624,"Hey buddy, at least you were buried with clothes on!"
1593,1586,4,16,99,119,1.2016806722689075,0.04397923907920871,624,"To be honest, I'm not happy to see you."
1587,1586,4,16,99,119,1.2016806722689075,0.04397923907920871,624,Admit it. They’re regifted.
1707,1586,3,18,98,119,1.2016806722689075,0.042328992625491904,624,"Well I shoulda known, there's no rest for a New York City cab driver!"
1382,1586,2,20,97,119,1.2016806722689075,0.04061174415599134,624,It really is bare bones down here.
1348,1586,3,18,98,119,1.2016806722689075,0.042328992625491904,624,You overdressed for the occasion.
1346,1586,5,14,100,119,1.2016806722689075,0.045569763256829085,624,I don’t know -  why are you asking me anyway - I just got here!
1325,1586,3,18,98,119,1.2016806722689075,0.042328992625491904,624,"Jeez, I figured it would be hotter."
1299,1586,4,16,99,119,1.2016806722689075,0.04397923907920871,624,Relax. Your problems are over.
1892,1586,4,16,99,119,1.2016806722689075,0.04397923907920871,624,"Relax, honey. You’re going to be here for a while."
1251,1586,4,16,99,119,1.2016806722689075,0.04397923907920871,624,"Hey, you made it early for once!"
1205,1586,5,14,100,119,1.2016806722689075,0.045569763256829085,624,Rest in peace -- that's a joke!  Why did I agree to family plot?
1475,1586,3,18,98,119,1.2016806722689075,0.042328992625491904,624,"Darling, it gets more spacious with time."
2269,1672,3,18,99,120,1.2,0.04200840252084029,624,Eternity next to my father-in-law?... Kill me again.
2274,1672,2,20,98,120,1.2,0.040306945554630866,624,"I agreed- ""til death do us part!"""
2889,1672,4,16,100,120,1.2,0.04364357804719847,624,If I give you these flowers will you shut up about Trump?
2969,1672,4,16,100,120,1.2,0.04364357804719847,624,This is why I wanted Marge to die first.
3043,1672,4,16,100,120,1.2,0.04364357804719847,624,"Ahoy there Mate, would you happen to have a sandwich in one of those pockets? I'm starved to death!"
3693,1672,2,20,98,120,1.2,0.040306945554630866,624,I thought the Welcome Committee would be wearing at least halos!
3268,1672,3,18,99,120,1.2,0.04200840252084029,624,"Were you ready to die?""
""Ready to die! Man, I wasn't even ready to live!"
3274,1672,5,14,101,120,1.2,0.04521966305901524,624,Boy do I miss the edginess of the city. Even the corpses are  friendly down South!
3330,1672,4,16,100,120,1.2,0.04364357804719847,624,"It isn't you, it's me!"
3704,1672,6,12,102,120,1.2,0.04674263524428026,624,"Even in the afterlife, I’m just out of your league!"
2157,1672,3,18,99,120,1.2,0.04200840252084029,624,I told you to stay in the closet!
3175,1672,5,14,101,120,1.2,0.04521966305901524,624,"Hey buddy, can you keep it down?  The sign means Rest In Peace not Rant in Perpetuity!"
2091,1672,1,22,97,120,1.2,0.0385304274247641,624,Could you just please compose yourself!
1013,1672,4,16,100,120,1.2,0.04364357804719847,624,This is deplorable.
1610,1672,3,18,99,120,1.2,0.04200840252084029,624,The outlook for afterlife diplomacy is grave.
1917,1672,2,20,98,120,1.2,0.040306945554630866,624,Hold it down. You’ll wake up the dead.
75,1672,5,14,101,120,1.2,0.04521966305901524,624,I can't believe he's a Republican.
301,1672,6,12,102,120,1.2,0.04674263524428026,624,Hey! Hey! Got any gum?
416,1672,3,18,99,120,1.2,0.04200840252084029,624,"Okay, you're nice. But who do I have to see to buy my way out of this situation?"
638,1672,4,16,100,120,1.2,0.04364357804719847,624,Hi!  In a few months you'll look like me
692,1672,3,17,95,115,1.2,0.04314133372787616,624,Just give it time.
541,1672,4,16,100,120,1.2,0.04364357804719847,624,But we can be together FOREVER!
1000,1672,3,18,99,120,1.2,0.04200840252084029,624,"Yea, hi. When do they come back and take your clothes?"
1052,1672,7,10,103,120,1.2,0.048217527642847834,624,"Vladimir, you still didn't say that you loved me!"
1210,1672,4,16,100,120,1.2,0.04364357804719847,624,I thought this was a tanning booth !
1436,1672,1,22,97,120,1.2,0.0385304274247641,624,"Folks, I'll let my friend here speak to the efficacy of the ""Cemetary Diet""."
839,1672,1,22,97,120,1.2,0.0385304274247641,624,"Yes dear, they were on sale. Yes dear, I forgot you were allergic to them..."
2572,1699,3,17,96,116,1.1982758620689655,0.04280254792505459,624,Swiping right won’t make me jump your bones.
2545,1699,2,19,95,116,1.1982758620689655,0.04101381561614739,624,Really? You hate the flowers? You said they where your favorite. I guess I will spend eternity hearing about it. I guess I am not resting peace?
2547,1699,4,15,97,116,1.1982758620689655,0.044519469295554885,624,Here I don’t need these anymore.
2549,1699,4,15,97,116,1.1982758620689655,0.044519469295554885,624,Finally... what took you so long!
2556,1699,2,19,95,116,1.1982758620689655,0.04101381561614739,624,I wasn't into bony people even when I was alive.
2573,1699,2,19,95,116,1.1982758620689655,0.04101381561614739,624,"I took him seriously, not literally."
2715,1699,2,19,95,116,1.1982758620689655,0.04101381561614739,624,More bad luck!  My mother-in-law!
2593,1699,3,17,96,116,1.1982758620689655,0.04280254792505459,624,"I didn’t wave back to her when I was alive, and I’m not going to start now."
2600,1699,2,19,95,116,1.1982758620689655,0.04101381561614739,624,I guess this is how it feels to be on a game show and your buzzer is not working
2640,1699,3,17,96,116,1.1982758620689655,0.04280254792505459,624,"I thought I was on Grindr, not Grave Diggr!"
2692,1699,1,21,94,116,1.1982758620689655,0.0391434290004603,624,Gimme a minute - I just got here.
2542,1699,4,15,97,116,1.1982758620689655,0.044519469295554885,624,"Hi neighbor, never thought I'd  see you again! Can I borrow a shovel?"
2750,1699,4,15,97,116,1.1982758620689655,0.044519469295554885,624,And here I always thought necrophilia ran in the other direction!
2816,1699,6,11,99,116,1.1982758620689655,0.047768537986004694,624,"Great, there goes the rest of my PTO."
2586,1699,4,15,97,116,1.1982758620689655,0.044519469295554885,624,If notbing else--thought at least I could Rest in PEACE
2523,1699,3,17,96,116,1.1982758620689655,0.04280254792505459,624,"Helo, I’m from Microsoft Windows!"
2369,1699,3,17,96,116,1.1982758620689655,0.04280254792505459,624,Welcome to the Neighborhood.  I hear people are dying to move here.
2468,1699,5,13,98,116,1.1982758620689655,0.046172591261906815,624,Just send a snapchat like everyone else.
2819,1699,3,17,96,116,1.1982758620689655,0.04280254792505459,624,Uncle Fred was even creepier when he was alive.
2100,1699,5,13,98,116,1.1982758620689655,0.046172591261906815,624,Its OK Donald. Hillary sends her love.
2122,1699,2,19,95,116,1.1982758620689655,0.04101381561614739,624,"Thanks,but I'm a little down right now."
2140,1699,2,19,95,116,1.1982758620689655,0.04101381561614739,624,"Being the liveliest in the group, Ron was finding it difficult to avoid the advances from the other corpses."
2208,1699,2,19,95,116,1.1982758620689655,0.04101381561614739,624,"I've always been a fan of older women, but this is ridiculous."
2224,1699,4,15,97,116,1.1982758620689655,0.044519469295554885,624,Where's the peace?
2469,1699,2,19,95,116,1.1982758620689655,0.04101381561614739,624,Come here often?
2236,1699,2,19,95,116,1.1982758620689655,0.04101381561614739,624,Welcome to The Bachelor: Underworld
2255,1699,4,15,97,116,1.1982758620689655,0.044519469295554885,624,Welcome to the neighborhood. Don’t worry you get used to the darkness.
2267,1699,5,13,98,116,1.1982758620689655,0.046172591261906815,624,Always the exhibitionist.
2368,1699,4,15,97,116,1.1982758620689655,0.044519469295554885,624,First rule of dead speed dating: the early corpse gets the worms.
2376,1699,4,15,97,116,1.1982758620689655,0.044519469295554885,624,Sorry about the noise. I'm not quite dug in!
2055,1699,4,15,97,116,1.1982758620689655,0.044519469295554885,624,I knew that dating site was creepy!
2411,1699,5,13,98,116,1.1982758620689655,0.046172591261906815,624,"Hi, I was the United States."
2241,1699,3,17,96,116,1.1982758620689655,0.04280254792505459,624,"The worm crawls out; say, have you seen my bottle of Mezcal?"
2825,1699,4,15,97,116,1.1982758620689655,0.044519469295554885,624,"I'm a big fan, really!  Sorry we had to meet like this."""
3675,1699,2,19,95,116,1.1982758620689655,0.04101381561614739,624,I’m sorry but you don’t look like the John that I knew.
2847,1699,3,17,96,116,1.1982758620689655,0.04280254792505459,624,"Seriously? Nosey neighbor, again?? This is HELL!"
3291,1699,3,17,96,116,1.1982758620689655,0.04280254792505459,624,"I was very clear. In lieu of flowers, send donations to Uncle Mort’s foundation. Ok? Is that too complicated?"
3307,1699,6,11,99,116,1.1982758620689655,0.047768537986004694,624,I specifically requested a private room.
3311,1699,4,15,97,116,1.1982758620689655,0.044519469295554885,624,"Hey, remember me?
Sorry, I'm bad at faces."
3342,1699,3,17,96,116,1.1982758620689655,0.04280254792505459,624,"I'd love to shake, rattle, and roll with you, baby.  Just give me a month to change into something more comfortable."
3376,1699,3,17,96,116,1.1982758620689655,0.04280254792505459,624,Oh great!  I'm buried next to a groupie.  I think I'm going to die.
3407,1699,3,17,96,116,1.1982758620689655,0.04280254792505459,624,Do I still love her? It remains to be seen.
3290,1699,6,11,99,116,1.1982758620689655,0.047768537986004694,624,If I'da knowed it was clothing optional I'da gone ta Forest Lawn!
3423,1699,1,21,94,116,1.1982758620689655,0.0391434290004603,624,It’s really nothing. Just a little welcome to the neighborhood.
3531,1699,3,17,96,116,1.1982758620689655,0.04280254792505459,624,Hi!  You must be new here.
3636,1699,2,19,95,116,1.1982758620689655,0.04101381561614739,624,"Hey, take your suit off. You’re going to be here a while."
3641,1699,1,21,94,116,1.1982758620689655,0.0391434290004603,624,You're too old  for me.
3645,1699,2,19,95,116,1.1982758620689655,0.04101381561614739,624,And I thought I had hit rock bottom with my divorce.
2039,1699,6,11,99,116,1.1982758620689655,0.047768537986004694,624,So is there anyone here from out of town?
3688,1699,3,17,96,116,1.1982758620689655,0.04280254792505459,624,"I mean, who wouldn't choose to wait for the rapture?"
3438,1699,5,13,98,116,1.1982758620689655,0.046172591261906815,624,Where's the damn string for the bell?!
3266,1699,4,15,97,116,1.1982758620689655,0.044519469295554885,624,You got to be kidding buddy if you think that's going to make me feel any better!
3235,1699,5,13,98,116,1.1982758620689655,0.046172591261906815,624,I now dub thee the scum of the earth!
3229,1699,1,21,94,116,1.1982758620689655,0.0391434290004603,624,So much for peace and quiet!
2866,1699,4,15,97,116,1.1982758620689655,0.044519469295554885,624,Oh oh! And didn't you hate it too when you wanted to talk to somebody on a really long flight and they pretended to be asleep?
2895,1699,3,17,96,116,1.1982758620689655,0.04280254792505459,624,"I mean, really... Who wants to be born again?"
2953,1699,1,21,94,116,1.1982758620689655,0.0391434290004603,624,I thought I’d get some peace and quiet.
2956,1699,3,17,96,116,1.1982758620689655,0.04280254792505459,624,Can’t I go ANYWHERE without being harassed by my fans?!?
2973,1699,3,17,96,116,1.1982758620689655,0.04280254792505459,624,I tried returning your emails but they never went through.
2980,1699,4,15,97,116,1.1982758620689655,0.044519469295554885,624,"At the seance, they said YOU were going to visit ME."
3026,1699,2,19,95,116,1.1982758620689655,0.04101381561614739,624,All I said was I'll pay you when my horse comes in and I ended up here.
3116,1699,3,17,96,116,1.1982758620689655,0.04280254792505459,624,"No, for the last time, I didn't  bilk you out of the money, you old bag of bones --  It is just company policy."
3120,1699,5,13,98,116,1.1982758620689655,0.046172591261906815,624,"I told you before, you're dead to me!"
3127,1699,4,15,97,116,1.1982758620689655,0.044519469295554885,624,Hey Buddy! How would you like to decompose without the aid of unsightly maggots and earthworms?
3148,1699,3,17,96,116,1.1982758620689655,0.04280254792505459,624,"In case you didn't notice buddy, I ""knew what I was doing"" too."
3149,1699,5,13,98,116,1.1982758620689655,0.046172591261906815,624,Welcome! Is that a Bill Blass or a De La Renta?
3160,1699,3,17,96,116,1.1982758620689655,0.04280254792505459,624,"Don't worry, it'll pass."
3161,1699,6,11,99,116,1.1982758620689655,0.047768537986004694,624,"I have the best grave!  No other grave like mine!""
""Yoo hoo! Your dead and we don't care"""
3212,1699,5,13,98,116,1.1982758620689655,0.046172591261906815,624,"Hey there Bob! I thought it was obvious, but To clarify: I meant to say I ""wouldn't"" be buried next to you. Not I ""would"" be buried next to you."
2832,1699,3,17,96,116,1.1982758620689655,0.04280254792505459,624,Why can't you clap? Because you are dead!
2034,1699,3,17,96,116,1.1982758620689655,0.04280254792505459,624,Oy vey! The plot thickens.
1705,1699,5,13,98,116,1.1982758620689655,0.046172591261906815,624,I guess I still have a thing for older women.
2024,1699,5,13,98,116,1.1982758620689655,0.046172591261906815,624,Love at first sight
414,1699,6,11,99,116,1.1982758620689655,0.047768537986004694,624,I hate this bare bones reality.
415,1699,2,19,95,116,1.1982758620689655,0.04101381561614739,624,"Alright, already, enough about how there's always a catch when the Genie grants you your wish!"
422,1699,6,11,99,116,1.1982758620689655,0.047768537986004694,624,I can't get over how good you look
449,1699,3,17,96,116,1.1982758620689655,0.04280254792505459,624,Nice try! But I’m still upset!
515,1699,3,17,96,116,1.1982758620689655,0.04280254792505459,624,I see you have kept your figure
516,1699,5,13,98,116,1.1982758620689655,0.046172591261906815,624,A year and a half of Trump I can’t even get a little rest here buddy?!
408,1699,6,11,99,116,1.1982758620689655,0.047768537986004694,624,WTF!
530,1699,6,11,99,116,1.1982758620689655,0.047768537986004694,624,I know you took them from my grave to start with.
610,1699,4,15,97,116,1.1982758620689655,0.044519469295554885,624,Hi stranger!  New in town?
634,1699,4,15,97,116,1.1982758620689655,0.044519469295554885,624,"Relax, buddy. And take off that suit and tie. You're gonna be here for a while."
640,1699,3,17,96,116,1.1982758620689655,0.04280254792505459,624,"Just ate a lot of cured meats, I guess."
649,1699,3,17,96,116,1.1982758620689655,0.04280254792505459,624,"Hey Jimmy, looks like we've got ourselves a live one here!"
688,1699,2,19,95,116,1.1982758620689655,0.04101381561614739,624,"It’s too soon, it’s just too soon!"
707,1699,5,13,98,116,1.1982758620689655,0.046172591261906815,624,"Listen pal, I can't help it if my coffin doesn't conform with the co-op regulations."
535,1699,6,11,99,116,1.1982758620689655,0.047768537986004694,624,Hey roomie!
730,1699,3,17,96,116,1.1982758620689655,0.04280254792505459,624,I told you that I had a flesh eating disease.
358,1699,3,17,96,116,1.1982758620689655,0.04280254792505459,624,I thought it meant Rise If Possible!
343,1699,2,19,95,116,1.1982758620689655,0.04101381561614739,624,"Great, an entire life of unwanted chatter and they bury me next to the overly talkative nudist"
16,1699,6,11,99,116,1.1982758620689655,0.047768537986004694,624,"Nope, I don't want to be part of Neighborhood Watch!"
40,1699,3,17,96,116,1.1982758620689655,0.04280254792505459,624,Is any body there?
88,1699,2,19,95,116,1.1982758620689655,0.04101381561614739,624,"I'm telling ya, I don't get no respect.  I tell my best jokes and the crowd is dead!"
111,1699,3,17,96,116,1.1982758620689655,0.04280254792505459,624,Not exactly the suit I wanted to be buried in- but I guess I'll make no bones about it.
149,1699,3,17,96,116,1.1982758620689655,0.04280254792505459,624,I was wrong.  The past 12 years has been bliss.
167,1699,4,15,97,116,1.1982758620689655,0.044519469295554885,624,"Go back to bed, Mother."
2029,1699,5,13,98,116,1.1982758620689655,0.046172591261906815,624,You never liked that suit anyway.
184,1699,2,19,95,116,1.1982758620689655,0.04101381561614739,624,"I'm sorry you've had to wait so long for a neighbor to move in, but I'm not gay."
208,1699,3,17,96,116,1.1982758620689655,0.04280254792505459,624,"What do you do for fun down here, play Charades?"
250,1699,5,13,98,116,1.1982758620689655,0.046172591261906815,624,"Dolores, I might not be married but I'm still dead."
267,1699,4,15,97,116,1.1982758620689655,0.044519469295554885,624,"I'm playing dead, what's your excuse?"
268,1699,3,17,96,116,1.1982758620689655,0.04280254792505459,624,You have to stop and smell the roses.
274,1699,3,17,96,116,1.1982758620689655,0.04280254792505459,624,Hell is being buried next to an aluminum siding salesman.
297,1699,2,19,95,116,1.1982758620689655,0.04101381561614739,624,"Good lord, Steve, what makes you think I'm suddenly going to be glad to see you?"
196,1699,5,13,98,116,1.1982758620689655,0.046172591261906815,624,"Even after death, only the creeps/weirdos hit on me?"
735,1699,3,17,96,116,1.1982758620689655,0.04280254792505459,624,Now I get respect?
350,1699,5,13,98,116,1.1982758620689655,0.046172591261906815,624,"Stop, stop, I have heard that joke before."
851,1699,1,21,94,116,1.1982758620689655,0.0391434290004603,624,"No surprise, I've always come prematurely"
1725,1699,5,13,98,116,1.1982758620689655,0.046172591261906815,624,Oh No! I forgot  I still had a plot next to the Ex!
1754,1699,3,17,96,116,1.1982758620689655,0.04280254792505459,624,Why? Why did I have to be buried to my ex-wife?!
1761,1699,3,17,96,116,1.1982758620689655,0.04280254792505459,624,And they say people in New York never get to know their neighbors!
1766,1699,2,19,95,116,1.1982758620689655,0.04101381561614739,624,"Lovely, but you should know I intend to play the field before settling down."
1783,1699,3,17,96,116,1.1982758620689655,0.04280254792505459,624,Hi! It’s Copeland from Accounting. Don’t you recognize me?
1795,1699,4,15,97,116,1.1982758620689655,0.044519469295554885,624,The salesman told me it was the most economical option in tiny houses.
1675,1699,2,19,95,116,1.1982758620689655,0.04101381561614739,624,"I get it, I get it: you were buried prematurely. Womp, womp."
1802,1699,2,19,95,116,1.1982758620689655,0.04101381561614739,624,I just look like George Clooney!
1879,1699,2,19,95,116,1.1982758620689655,0.04101381561614739,624,Hi honey! Did you take out the garbage before you died?
1923,1699,4,15,97,116,1.1982758620689655,0.044519469295554885,624,"...still with the nagging, Harriet? I never promised you a rose garden."
1933,1699,7,9,100,116,1.1982758620689655,0.04931286098779539,624,I thought I was moving to a diverse neighborhood but my neighbors are the whitest people I've ever met
1978,1699,7,9,100,116,1.1982758620689655,0.04931286098779539,624,"My last words were ‘“see you in the next life”, not “buried with my ex-wife”."
2000,1699,6,11,99,116,1.1982758620689655,0.047768537986004694,624,"Maybe in some other lifetime, sweetheart."
2016,1699,3,17,96,116,1.1982758620689655,0.04280254792505459,624,"Jeez Louise!  ‘Till Death Do Us Part’’, ungrammatical as it may be, mean nothing to you?"
1852,1699,4,15,97,116,1.1982758620689655,0.044519469295554885,624,"Jeez, You Again!!"
1648,1699,3,17,96,116,1.1982758620689655,0.04280254792505459,624,Put some clothes on or I'll have to report you to the HOA
1591,1699,4,15,97,116,1.1982758620689655,0.044519469295554885,624,I won't start dating again until I lose some weight.
1501,1699,4,15,97,116,1.1982758620689655,0.044519469295554885,624,"Hey Lurch, is that you?!  You may remember me. I played ""Thing"" on The Addams Family!"
854,1699,4,15,97,116,1.1982758620689655,0.044519469295554885,624,Hi. Can’t wait to hear how you died.
856,1699,5,13,98,116,1.1982758620689655,0.046172591261906815,624,"Hey pal, got any smokes?"
873,1699,6,11,99,116,1.1982758620689655,0.047768537986004694,624,WHEN YOU BECOME SKELETON ALL RELATIVES WILL LOOK ALIKE
914,1699,4,15,97,116,1.1982758620689655,0.044519469295554885,624,What is it about 'until death do you part' and  'R.I.P.' you don't understand?
954,1699,2,19,95,116,1.1982758620689655,0.04101381561614739,624,Why did they bury you naked?
975,1699,7,9,100,116,1.1982758620689655,0.04931286098779539,624,Happy death day! Got cake?
982,1699,4,15,97,116,1.1982758620689655,0.044519469295554885,624,"Hey! Hey! Do you have one of those iPhone paperclip things for getting the sim card out?"""
1024,1699,5,13,98,116,1.1982758620689655,0.046172591261906815,624,Can't I get some peace and quiet anywhere?!
1025,1699,2,19,95,116,1.1982758620689655,0.04101381561614739,624,"When Stephen asked me to take over his graveyard shift, I thought he meant something else."
1072,1699,1,21,94,116,1.1982758620689655,0.0391434290004603,624,"What can I tell you, buddy? Real Estate in NYC is a competitive business."
1401,1699,4,15,97,116,1.1982758620689655,0.044519469295554885,624,"If I""m lying, I'm dying!"
1409,1699,3,17,96,116,1.1982758620689655,0.04280254792505459,624,No. We knew analysis takes time.
1431,1699,4,15,97,116,1.1982758620689655,0.044519469295554885,624,"I know, right? It’s the only place anyone can afford with the skyrocketing rent costs."
1464,1699,6,11,99,116,1.1982758620689655,0.047768537986004694,624,"Can’t live with ‘em, can’t live without ‘em.."
1473,1699,6,11,99,116,1.1982758620689655,0.047768537986004694,624,"Look, I'm new to this. Can we take it slow at first?"
779,1699,3,17,96,116,1.1982758620689655,0.04280254792505459,624,Be quiet - I’m trying to sleep here.
1787,1842,1,21,95,117,1.1965811965811965,0.03884441188518877,624,"Mom, it was embarrassing enough when I went off to kindergarten, but departing down the River Styx???"
1088,1843,4,12,86,102,1.196078431372549,0.048345195699759175,624,It gets better!
1595,1844,4,15,99,118,1.194915254237288,0.043825597257512845,624,Your welcome makes it all worthwhile.
702,1845,4,14,95,113,1.1946902654867257,0.045077554815128755,624,"Welcome, but it seems that your right arm was put on backwards and they’ll get away with it!"
1033,1845,4,14,95,113,1.1946902654867257,0.045077554815128755,624,"Sorry, but no, I don't need a 'really good' set of encyclopedias."
1324,1845,3,16,94,113,1.1946902654867257,0.043289238099276685,624,I was promised a 'do us part' !
1413,1845,5,12,96,113,1.1946902654867257,0.046797582854309974,624,Shut-up or I'll kill you!
2009,1845,0,22,91,113,1.1946902654867257,0.037414899392229556,624,"Stop with the campaign speech ,what part of rest in peace don’t you understand ."
2349,1845,4,14,95,113,1.1946902654867257,0.045077554815128755,624,I said I wanted to be cremated!
2731,1845,5,12,96,113,1.1946902654867257,0.046797582854309974,624,Did you tell them you're not ready?
2781,1845,2,18,93,113,1.1946902654867257,0.04142378932836539,624,I said 'closed casket' but did she ever listen to me?
359,1853,4,13,91,108,1.1944444444444444,0.046434546089062695,624,Oh great. I always get seated next to the nobodies.
1914,1854,4,14,96,114,1.1929824561403508,0.04471301471151162,624,How can I rest I peace when buried next to my mother-in-law?
1674,1855,7,7,95,109,1.1926605504587156,0.05127836430338728,624,Please stop soft-tissue-splaining.
3582,1856,3,15,92,110,1.190909090909091,0.04378934817304632,624,Do you recognize me? I lost some weight.
1790,1856,3,15,92,110,1.190909090909091,0.04378934817304632,624,"Fred, I'm not yet dead!"
130,1856,2,17,91,110,1.190909090909091,0.041841383127562214,624,"Hey, keep it down over there! We are supposed to be resting in peace!"
574,1856,3,15,92,110,1.190909090909091,0.04378934817304632,624,Wave Back: The Bare-Bones Guide To Being Buried Alive
1444,1856,3,15,92,110,1.190909090909091,0.04378934817304632,624,"John, I really didn't expect to see you again"
2488,1861,5,11,95,111,1.1891891891891893,0.04704801512316158,624,Criminy! I said I wanted cryogenics and no bones about it!
3718,1861,1,19,91,111,1.1891891891891893,0.03947549964001198,624,"Yes Blanche, we're finally together again, and this time for all eternity...oh joy."
3551,1861,1,19,91,111,1.1891891891891893,0.03947549964001198,624,"It wasn't my fault I was late. It was Google Maps, I tell you!"
3535,1861,5,11,95,111,1.1891891891891893,0.04704801512316158,624,Stop waving at me and tell me how to get out.
3471,1861,4,13,94,111,1.1891891891891893,0.04527378450305516,624,"Look - I appreciate the welcome, but I just wanna rest in peace"
3021,1861,3,15,93,111,1.1891891891891893,0.04342712746002104,624,"I've told you, it's a little late to schedule that prostate exam. But if you don't shut up about it, I'll oblige."
3010,1861,2,17,92,111,1.1891891891891893,0.041498376301112666,624,The moment John realised 'Til death do us part' was temporary.
2265,1861,3,15,93,111,1.1891891891891893,0.04342712746002104,624,Don't blame me if the boss didn't like your bare-bones proposal!
337,1861,3,15,93,111,1.1891891891891893,0.04342712746002104,624,"Method acting, they said. No big deal."
2049,1861,1,19,91,111,1.1891891891891893,0.03947549964001198,624,Hey Ed...over here - it's Jack Paar!
1432,1861,3,15,93,111,1.1891891891891893,0.04342712746002104,624,"Hey newbie, what do you think of the great views these convertible models’ have?"
1370,1861,4,13,94,111,1.1891891891891893,0.04527378450305516,624,Name is Nixon. Join me. But leave your hair.
1215,1861,2,17,92,111,1.1891891891891893,0.041498376301112666,624,"This is so cool! How long has it been since we last hung out? Anyway, what's new with you?"
871,1861,3,15,93,111,1.1891891891891893,0.04342712746002104,624,A pocket full of posies? Where’s my ascension package!?
591,1861,2,17,92,111,1.1891891891891893,0.041498376301112666,624,"OK, I’ll keep quiet about the life-after-death stuff."
2169,1861,3,15,93,111,1.1891891891891893,0.04342712746002104,624,"Hey fella, you know you going to be down here for a while!"
2574,1877,1,20,96,117,1.188034188034188,0.03825632123319833,624,So I ‘m late. Let’s not get off to a bad start here.
2312,1878,5,11,96,112,1.1875,0.046656639619587055,624,"Seriously, nothing ever gets under your skin!"
2507,1878,4,13,95,112,1.1875,0.044899519593386075,624,"Ugh, the plot schtickens."
2040,1878,4,13,95,112,1.1875,0.044899519593386075,624,You're entirely too composed to be in this deep!
2650,1878,4,13,95,112,1.1875,0.044899519593386075,624,"In the winter months, Chad wondered how Fred managed the chills"
3447,1878,2,17,93,112,1.1875,0.041160861725266853,624,"Oh, hi honey!  Just in time...mom should be burrowing over any minute now."
2617,1878,4,13,95,112,1.1875,0.044899519593386075,624,It says 'rest in peace'!
1808,1878,3,15,94,112,1.1875,0.04307077546134616,624,But I do care that I left the water running!
497,1878,4,13,95,112,1.1875,0.044899519593386075,624,"You Bonehead, it's less than an apartment in Midtown, there are no property taxes and this has low assessments."
1461,1878,3,15,94,112,1.1875,0.04307077546134616,624,I don't suppose there's a sports bar down here?
1164,1878,3,15,94,112,1.1875,0.04307077546134616,624,I just want some peace and quiet
831,1878,3,15,94,112,1.1875,0.04307077546134616,624,It doesn't look it - but I was once just like you
690,1878,3,15,94,112,1.1875,0.04307077546134616,624,"Guess you didn't expect to move in next to a gay guy."""
1526,1878,2,17,93,112,1.1875,0.041160861725266853,624,"Not that long, but I’ve put down roots"
366,1878,6,9,97,112,1.1875,0.048349944999629337,624,The obituary clearly said no flowers
148,1878,3,15,94,112,1.1875,0.04307077546134616,624,I wish I had been cremated.
2299,1893,5,10,92,107,1.1869158878504673,0.04811898407826445,624,Shhh!! You're making enough noise to wake the dead!
2708,1893,4,12,91,107,1.1869158878504673,0.046250414976182756,624,"Hey handsome, Mother says it is ok for us to be alone together now."
3643,1893,4,12,91,107,1.1869158878504673,0.046250414976182756,624,Going green takes time. Them up there still haven't figured it out.
2345,1896,2,16,90,108,1.1851851851851851,0.04190874258156364,624,I'm dying for a good talk.
2373,1896,3,14,91,108,1.1851851851851851,0.043925083623096,624,Welcome neighbor. How do you like your new digs?
2420,1896,2,16,90,108,1.1851851851851851,0.04190874258156364,624,"""Hey buddy! Your epidermis is showing!""

-Joseph Dennis, Mobile, Ala."
2506,1896,4,12,92,108,1.1851851851851851,0.0458528432905113,624,"I don’t know, I’m still playing the field, as it were."
2515,1896,5,10,93,108,1.1851851851851851,0.047702762020163963,624,You Know I Can't Smell Them!
2648,1896,5,10,93,108,1.1851851851851851,0.047702762020163963,624,"I know, Mitt, I know - he totally ignored the 2012 Republican Autopsy Report."
2559,1896,1,18,89,108,1.1851851851851851,0.039790356095912936,624,Hi there! You don't seem to be at peace.
2605,1896,3,14,91,108,1.1851851851851851,0.043925083623096,624,"Finally, someone in the neighborhood who is not afraid to have a little meat on their bones."
2635,1896,5,10,93,108,1.1851851851851851,0.047702762020163963,624,"What gives, Genie?  I said I wanted to get laid, not ""laid to rest!"""
2342,1896,4,12,92,108,1.1851851851851851,0.0458528432905113,624,I told you that low-carb diet was no good for you in the long run.
2543,1896,4,12,92,108,1.1851851851851851,0.0458528432905113,624,I said in lieu of flowers
2328,1896,2,16,90,108,1.1851851851851851,0.04190874258156364,624,I still say I didn’t kill you
2211,1896,3,14,91,108,1.1851851851851851,0.043925083623096,624,I'm buried and only with a skeleton crew.
2281,1896,4,12,92,108,1.1851851851851851,0.0458528432905113,624,"Hi Bill, it's me from Enron."
2240,1896,3,14,91,108,1.1851851851851851,0.043925083623096,624,Can I borrow some  of your toothpaste?
2220,1896,5,10,93,108,1.1851851851851851,0.047702762020163963,624,"Woo-hoo, Mr. LaPierre?  Over here!  I’ll be taking those guns now!"
2657,1896,3,14,91,108,1.1851851851851851,0.043925083623096,624,You in the suit! What part of  'rest in peace' don't you understand?
2144,1896,2,16,90,108,1.1851851851851851,0.04190874258156364,624,"Hey Neighbor, give me some skin.  Pleeeeeeease give me some skin!!"""
2095,1896,3,14,91,108,1.1851851851851851,0.043925083623096,624,"Hey, hold it down over there. I didn't sign up to have a loudmouth politician next door for eternity!"
2046,1896,3,14,91,108,1.1851851851851851,0.043925083623096,624,"The irony is, I was really into recycling..."
2017,1896,4,12,92,108,1.1851851851851851,0.0458528432905113,624,"Hey, buddy,can’t you read the sign?"
1995,1896,2,16,90,108,1.1851851851851851,0.04190874258156364,624,"thanks, but i'm waiting for my ride out of here."
1983,1896,2,16,90,108,1.1851851851851851,0.04190874258156364,624,"Gentrification is killing this neighborhood."""
1975,1896,2,16,90,108,1.1851851851851851,0.04190874258156364,624,Relax. You’re going to like it here. It’s very peaceful.
2321,1896,3,14,91,108,1.1851851851851851,0.043925083623096,624,Donald Trump is gay for his gay communist plutocrat boyfriend Vladimir Putin. I
2717,1896,2,16,90,108,1.1851851851851851,0.04190874258156364,624,"Sorry, I'm just not a supporter of Medicaid."
3018,1896,4,12,92,108,1.1851851851851851,0.0458528432905113,624,"I told you, I'm not Harry."
2829,1896,4,12,92,108,1.1851851851851851,0.0458528432905113,624,You should see the other guy.
3734,1896,3,14,91,108,1.1851851851851851,0.043925083623096,624,"The food's lousy, but the environment is heavenly."
3634,1896,4,12,92,108,1.1851851851851851,0.0458528432905113,624,"The wifi is great, but I think I got a plot next to my ex"
3559,1896,1,18,89,108,1.1851851851851851,0.039790356095912936,624,"That is all well and good, but I think we’re in two different places."
3557,1896,2,16,90,108,1.1851851851851851,0.04190874258156364,624,Don't ask me. Some people can never put a lid on it.
3549,1896,4,12,92,108,1.1851851851851851,0.0458528432905113,624,"Thank you, but, it's a little late for flowers."
3522,1896,1,18,89,108,1.1851851851851851,0.039790356095912936,624,Who knew my ex wife could look so good!?
3519,1896,2,16,90,108,1.1851851851851851,0.04190874258156364,624,"Hey, no one can hear you! Try rolling over."
3497,1896,3,14,91,108,1.1851851851851851,0.043925083623096,624,Wow!  It's my skeleton in the closet!
3489,1896,2,16,90,108,1.1851851851851851,0.04190874258156364,624,High-five.
3453,1896,5,10,93,108,1.1851851851851851,0.047702762020163963,624,"Hey Newbie, John Steeele here. Please be quiet, I'm trying to rust in peace."
3389,1896,2,16,90,108,1.1851851851851851,0.04190874258156364,624,"What, exactly, are you proposing?"
3377,1896,5,10,93,108,1.1851851851851851,0.047702762020163963,624,I like stand up better
3361,1896,1,18,89,108,1.1851851851851851,0.039790356095912936,624,Hey! didn't the Minister said till death due us part?
3333,1896,4,12,92,108,1.1851851851851851,0.0458528432905113,624,"Even in death, I can't escape my mother-in-law."
3303,1896,5,10,93,108,1.1851851851851851,0.047702762020163963,624,"Well hello hello ! I never thought I would see you again, dear son in law."
3254,1896,2,16,90,108,1.1851851851851851,0.04190874258156364,624,Frank I know you're new but it's Monday.  Fridays are for formal wear.
3172,1896,3,14,91,108,1.1851851851851851,0.043925083623096,624,"Okay, okay already. Next time I'll eat my spinach."
3151,1896,4,12,92,108,1.1851851851851851,0.0458528432905113,624,I’m rooting for you!
3089,1896,4,12,92,108,1.1851851851851851,0.0458528432905113,624,Do you have a vase I can borrow?
3068,1896,3,14,91,108,1.1851851851851851,0.043925083623096,624,"Hey, I’m not a crook"
3063,1896,4,12,92,108,1.1851851851851851,0.0458528432905113,624,"Try to remember, its Rest In Peace, not Roust, Ingratiate and Patronize."
3032,1896,2,16,90,108,1.1851851851851851,0.04190874258156364,624,"Don't fret, look at the bright side, now you now you_have the time to stop and smell the roses."
1862,1896,4,12,92,108,1.1851851851851851,0.0458528432905113,624,...but what about the emails?
2937,1896,2,16,90,108,1.1851851851851851,0.04190874258156364,624,Don't get too attached to me. I'm working on a transfer.
2877,1896,3,14,91,108,1.1851851851851851,0.043925083623096,624,@#!$% time machine!
2801,1896,3,14,91,108,1.1851851851851851,0.043925083623096,624,"Killer bouquet, dude!"
1849,1896,5,10,93,108,1.1851851851851851,0.047702762020163963,624,Hey!  It’s been way too long!
1756,1896,4,12,92,108,1.1851851851851851,0.0458528432905113,624,"We're just tubing the River Styx, man."
936,1896,3,14,91,108,1.1851851851851851,0.043925083623096,624,"Hi..
Where do I put my Clothes?"
1770,1896,6,8,94,108,1.1851851851851851,0.049483570716760204,624,"So anyway, it all began when my mother just couldn't decide what to name me..."
911,1896,3,14,91,108,1.1851851851851851,0.043925083623096,624,You had your chance
860,1896,2,16,90,108,1.1851851851851851,0.04190874258156364,624,We were both drop dead gorgeous.
772,1896,3,14,91,108,1.1851851851851851,0.043925083623096,624,Just because we got married in real life doesn't mean I want to be roommates now.
739,1896,4,12,92,108,1.1851851851851851,0.0458528432905113,624,"You can check out any time you like, but you can never leave"
731,1896,4,12,92,108,1.1851851851851851,0.0458528432905113,624,This is not what I had in mind when we took out a Mort-gauge on these plots.
728,1896,4,12,92,108,1.1851851851851851,0.0458528432905113,624,"I don’t care if you lost those extra pounds, I am still not interested."
653,1896,3,14,91,108,1.1851851851851851,0.043925083623096,624,"Plastic actually, but they are life-like, aren't they?"
595,1896,2,16,90,108,1.1851851851851851,0.04190874258156364,624,"I'm not dead, yet."
568,1896,3,14,91,108,1.1851851851851851,0.043925083623096,624,I paid extra for no solicitations throughout eternity.
566,1896,3,14,91,108,1.1851851851851851,0.043925083623096,624,...so then I told them....take it or leave it. And what do you think they said...
969,1896,3,14,91,108,1.1851851851851851,0.043925083623096,624,Of all the loonies.. right beside a Wimbledon streaker..
545,1896,4,12,92,108,1.1851851851851851,0.0458528432905113,624,"Aww, come on! I always get stuck with the worst neighbors!"
417,1896,3,14,91,108,1.1851851851851851,0.043925083623096,624,"Thanks, but I have nothing to put them in."
365,1896,3,14,91,108,1.1851851851851851,0.043925083623096,624,"Somebody kill me."""
326,1896,3,14,91,108,1.1851851851851851,0.043925083623096,624,Maybe if I ignore him he will just go away
313,1896,3,14,91,108,1.1851851851851851,0.043925083623096,624,If they're fresh what are you doing with them?
266,1896,3,14,91,108,1.1851851851851851,0.043925083623096,624,"""Why me?""                     ""Because you voted for Trump!"""
257,1896,3,14,91,108,1.1851851851851851,0.043925083623096,624,No peace wherever I go.
236,1896,5,10,93,108,1.1851851851851851,0.047702762020163963,624,I thought you had guts
135,1896,3,14,91,108,1.1851851851851851,0.043925083623096,624,My new neighbor acts nice but I think they have skeletons.
134,1896,3,14,91,108,1.1851851851851851,0.043925083623096,624,Sorry honey. I came down empty handed.
95,1896,4,12,92,108,1.1851851851851851,0.0458528432905113,624,I wonder what the return policy on this suit is.
84,1896,1,18,89,108,1.1851851851851851,0.039790356095912936,624,Love never dies.
525,1896,5,10,93,108,1.1851851851851851,0.047702762020163963,624,THEN my analyst said...
1058,1896,2,16,90,108,1.1851851851851851,0.04190874258156364,624,Try spinning!
1009,1896,2,16,90,108,1.1851851851851851,0.04190874258156364,624,"All I said was, 'Great, now, we have a trusted ally in Russia.'"
1441,1896,2,16,90,108,1.1851851851851851,0.04190874258156364,624,"It's too late,Meredith."
1737,1896,3,14,91,108,1.1851851851851851,0.043925083623096,624,The no carb diet really works!
1698,1896,1,18,89,108,1.1851851851851851,0.039790356095912936,624,"No bones about it, you must be new here"
1680,1896,4,12,92,108,1.1851851851851851,0.0458528432905113,624,"Welcome, I bet you didn't think I would lose the weight."
1646,1896,2,16,90,108,1.1851851851851851,0.04190874258156364,624,You have an eternity to get comfortable.
1634,1896,3,14,91,108,1.1851851851851851,0.043925083623096,624,I just got here so back off.
1586,1896,6,8,94,108,1.1851851851851851,0.049483570716760204,624,What the hell? I was supposed to be buried facing down over Marilyn Monroe!
1582,1896,4,12,92,108,1.1851851851851851,0.0458528432905113,624,Hey! We call this the adjustment period.
1578,1896,3,14,91,108,1.1851851851851851,0.043925083623096,624,Are you still ghosting me?
1546,1896,4,12,92,108,1.1851851851851851,0.0458528432905113,624,"What no lid, no privacy?"
1521,1896,2,16,90,108,1.1851851851851851,0.04190874258156364,624,"I miss the ""death do us part"" already."
1517,1896,5,10,93,108,1.1851851851851851,0.047702762020163963,624,"Oh, hi honey...um...I see you finally lost the weight."
1131,1896,1,18,89,108,1.1851851851851851,0.039790356095912936,624,He said he didn't meddle!
1428,1896,5,10,93,108,1.1851851851851851,0.047702762020163963,624,Give me three.
1396,1896,3,14,91,108,1.1851851851851851,0.043925083623096,624,Sorry I missed my therapy appointment last week.”
1369,1896,4,12,92,108,1.1851851851851851,0.0458528432905113,624,I don't understand. I gotta wait til All Souls Day for our neighbors to liven up a little.
1358,1896,3,14,91,108,1.1851851851851851,0.043925083623096,624,we don't really do stand up down here...
1319,1896,3,14,91,108,1.1851851851851851,0.043925083623096,624,Welcome to the before and after
1295,1896,3,14,91,108,1.1851851851851851,0.043925083623096,624,"You were my twin once, and you will be again, soon..."
1278,1896,1,18,89,108,1.1851851851851851,0.039790356095912936,624,Welcome.  Let me be the first to invite you to our weekly soul-cial.
1222,1896,2,16,90,108,1.1851851851851851,0.04190874258156364,624,"Sorry, I didn't bring my cell phone."
1211,1896,2,16,90,108,1.1851851851851851,0.04190874258156364,624,Don't worry.  Give it a few years and you'll get used to it.
1208,1896,4,12,92,108,1.1851851851851851,0.0458528432905113,624,"What does he not get about ""in peace""?"
1185,1896,1,18,89,108,1.1851851851851851,0.039790356095912936,624,This is NOT Resting In Peace.
1167,1896,1,18,89,108,1.1851851851851851,0.039790356095912936,624,"Finally, I get some respect."
1148,1896,0,20,88,108,1.1851851851851851,0.037552658650371815,624,Can someone explain why I feel like death warmed over?
3119,2006,1,18,90,109,1.18348623853211,0.039460207646984526,624,Can I help it if I am better preserved than you...
2651,2007,4,11,89,104,1.1826923076923077,0.046866771026609244,624,"After over 200 years, Benedict Arnold finally gets some company."
3124,2008,4,12,94,110,1.1818181818181819,0.0450776703102937,624,I said I’d sell my soul to be dead-handsome — the hyphen should go without saying!
3240,2008,2,16,92,110,1.1818181818181819,0.0412114670670419,624,We have too much dead air in here!
3568,2010,5,9,91,105,1.180952380952381,0.048382163752825266,624,Late night humorists once POTUS gets his way.
3710,2010,4,11,90,105,1.180952380952381,0.04645087282554565,624,"I'm sorry, but I'm really not into the Goth look."
3192,2010,3,13,89,105,1.180952380952381,0.04443572215126961,624,"Welcome! 
If you had arrived a few years ago, we could have passed for twins."
3592,2010,2,15,88,105,1.180952380952381,0.04232473532055043,624,You forgot to empty the dish washer!
2440,2010,4,11,90,105,1.180952380952381,0.04645087282554565,624,you got a magazine?
1414,2010,4,11,90,105,1.180952380952381,0.04645087282554565,624,"Hey buddy,which way to the river Styx?"
2823,2010,3,13,89,105,1.180952380952381,0.04443572215126961,624,"shhh, I told you that I'm trying to keep a low profile here."
606,2010,3,13,89,105,1.180952380952381,0.04443572215126961,624,"Thanks for the gesture, Floyd, I just can’t deal with anything right now. It’s all so confusing."
2008,2018,2,15,89,106,1.179245283018868,0.041958285473954755,624,"Stop complaining. You may be hot, but I was naked at my wake."
2121,2018,4,11,91,106,1.179245283018868,0.0460422279928785,624,Welcome.its casual Friday here everyday
2131,2018,4,11,91,106,1.179245283018868,0.0460422279928785,624,From here to eternity
2170,2018,3,13,90,106,1.179245283018868,0.04404761332048586,624,"Great, they put me in the nudist area."
2237,2018,1,17,88,106,1.179245283018868,0.039759315896991006,624,"Howdy, and welcome to the neighborhood. You'll like it.  Been here a long time myself."
2246,2018,3,13,90,106,1.179245283018868,0.04404761332048586,624,"Hey, relax.  You're going to be here awhile."
2307,2018,2,15,89,106,1.179245283018868,0.041958285473954755,624,"British Colonial Rule welcomes new casualty, being buried alive... American Democracy"
2399,2018,0,19,87,106,1.179245283018868,0.037431386312552745,624,You have to learn to relax.
2520,2018,4,11,91,106,1.179245283018868,0.0460422279928785,624,"You mean 'looks ain't everything and it's what's inside of  you that counts'"""
2622,2018,1,17,88,106,1.179245283018868,0.039759315896991006,624,"Keep them,I don’t like flowers"
1863,2018,3,13,90,106,1.179245283018868,0.04404761332048586,624,Where's the eternal peace? The kids never got over the divorce.
2995,2018,2,15,89,106,1.179245283018868,0.041958285473954755,624,Heyya! It's cute how you're still upset by the last 24-hour news cycle.
3159,2018,3,13,90,106,1.179245283018868,0.04404761332048586,624,Wassup?
3359,2018,2,15,89,106,1.179245283018868,0.041958285473954755,624,They're lovely but I seem to have lost my wallet.
3371,2018,2,15,89,106,1.179245283018868,0.041958285473954755,624,Hey shut up! Trying to get some eternal peace here.
3583,2018,4,11,91,106,1.179245283018868,0.0460422279928785,624,Hey mister! Got a light?
3689,2018,4,11,91,106,1.179245283018868,0.0460422279928785,624,"I'm telling you, cutting taxes will enable the economy to grow enough to pay for everything!"
3691,2018,2,15,89,106,1.179245283018868,0.041958285473954755,624,Charades? I dig it!
3758,2018,5,9,92,106,1.179245283018868,0.047953949554394006,624,Reduce In Peace? I really don't like this diet!
2615,2018,4,11,91,106,1.179245283018868,0.0460422279928785,624,"You would wear a suit, wouldn't you!"
1778,2018,4,11,91,106,1.179245283018868,0.0460422279928785,624,"Donald! Donald! Hey! It's me, Jimmy, Jimmy Buchanan. What's up buddy? Welcome to the bottom!"
2099,2018,3,13,90,106,1.179245283018868,0.04404761332048586,624,"OK,OK,if there's no Wifi,I guess I'll have to converse with a real live person. Or not."
1626,2018,3,13,90,106,1.179245283018868,0.04404761332048586,624,"I know I'm the new guy, but the social scene is pretty dead down here, right?"
142,2018,3,13,90,106,1.179245283018868,0.04404761332048586,624,You don’t get it. ‘Never nude’ neans NEVER!
215,2018,4,11,91,106,1.179245283018868,0.0460422279928785,624,They are lovely---you shouldn't have.
291,2018,4,11,91,106,1.179245283018868,0.0460422279928785,624,Even in death she won't leave me alone.
428,2018,3,13,90,106,1.179245283018868,0.04404761332048586,624,How can I tweet without my phone?
503,2018,5,9,92,106,1.179245283018868,0.047953949554394006,624,"Hey, baby, sure I remember you, it's me, Donald"
1657,2018,2,15,89,106,1.179245283018868,0.041958285473954755,624,"Hey Frankie, you've turned into some kind of underground nudist, or something?"
725,2018,4,11,91,106,1.179245283018868,0.0460422279928785,624,Hillary! Look on the bright side. Now you don't have to be tired all the time.
745,2018,4,11,91,106,1.179245283018868,0.0460422279928785,624,"I'd like us to get to know each other a  little bit first....Then we could maybe talk about going out....I mean up...together."""
758,2018,4,11,91,106,1.179245283018868,0.0460422279928785,624,"I died for beauty but was scarce adjusted in the tomb
When one who died for truth was lain in an adjoining room...
And so, as kinsmen met a night, We talked between the rooms,
Until the moss had reached our lips, And covered up our names.
(Dickinson)"
782,2018,4,11,91,106,1.179245283018868,0.0460422279928785,624,you're dead
551,2018,4,11,91,106,1.179245283018868,0.0460422279928785,624,But I was looking for open concept
837,2018,4,11,91,106,1.179245283018868,0.0460422279928785,624,"No, I am not interested in essential oils."
955,2018,4,11,91,106,1.179245283018868,0.0460422279928785,624,"Welcome to Helsinki, Komrade. Welcome to Death! Amerika."
1026,2018,6,7,93,106,1.179245283018868,0.04979232668978751,624,You're going to get that money over my dead body
1137,2018,2,15,89,106,1.179245283018868,0.041958285473954755,624,How can I rest in peace if you won't shut up about Hillary's emails??
1300,2018,2,15,89,106,1.179245283018868,0.041958285473954755,624,Now serving number 47.  Number 47?
1330,2018,0,19,87,106,1.179245283018868,0.037431386312552745,624,So much for finally getting to disconnect...
1387,2018,4,11,91,106,1.179245283018868,0.0460422279928785,624,Mister Interlocuter and Mister Bones can't bury their differences.
1489,2018,3,13,90,106,1.179245283018868,0.04404761332048586,624,Look...stop me if you've heard this one before. I don't want to bore you to death ...!
1531,2018,2,15,89,106,1.179245283018868,0.041958285473954755,624,Am I coming or going?
805,2018,3,13,90,106,1.179245283018868,0.04404761332048586,624,We've got to quit meeting like this.
2762,2062,5,9,93,107,1.1775700934579438,0.04753319587726816,624,Give it a few years.. you'll shed those extra pounds in no time!
2595,2062,3,13,91,107,1.1775700934579438,0.04366615650359472,624,Welcome! It only gets better- I promise!
238,2062,2,15,90,107,1.1775700934579438,0.04159804659525817,624,"He was a nightmare in ephemerality, now I’m stuck being his accountant for eternity."
571,2062,1,17,89,107,1.1775700934579438,0.039421589735652615,624,How can I explain why I'm in purgatory and you aren't?
2357,2062,4,11,92,107,1.1775700934579438,0.045640650379366696,624,Don't tell me. I invented Taphophobia.
2656,2067,1,16,85,102,1.1764705882352942,0.04041083116994654,624,"Hey! Hey, you got a cigarette?"
3267,2067,3,12,87,102,1.1764705882352942,0.04495897460325049,624,"Hi honey, where have you been?"
3154,2067,4,10,88,102,1.1764705882352942,0.04706852938153712,624,"So then I said, ""Lincoln in the Bardo""--what a bunch of crap."
2908,2067,5,8,89,102,1.1764705882352942,0.049087508786915666,624,I’m not dead yet!  Stop waving at me.
2873,2067,4,10,88,102,1.1764705882352942,0.04706852938153712,624,"It looks hard at first. But by the time of your great grandkids, you too will  be an expert at rolling."
2804,2067,4,10,88,102,1.1764705882352942,0.04706852938153712,624,Decompose the suit and stay a while.
2571,2067,3,12,87,102,1.1764705882352942,0.04495897460325049,624,You have my condolences.
3256,2067,3,12,87,102,1.1764705882352942,0.04495897460325049,624,"No thanks, I already have two"
1833,2067,4,10,88,102,1.1764705882352942,0.04706852938153712,624,Would you please quit shaking dem dry bones!
1704,2067,2,14,86,102,1.1764705882352942,0.04274543644192702,624,Who's there to tickle my funny bone now?
1350,2067,4,10,88,102,1.1764705882352942,0.04706852938153712,624,You didn't need to get so dressed up.
713,2067,4,10,88,102,1.1764705882352942,0.04706852938153712,624,Can't a guy get some peace and quiet around here?
557,2067,4,10,88,102,1.1764705882352942,0.04706852938153712,624,Why don’t you go fly a kite?
403,2067,3,12,87,102,1.1764705882352942,0.04495897460325049,624,"Oh Darling, I've been waiting so long for you."
2502,2067,4,10,88,102,1.1764705882352942,0.04706852938153712,624,The tombstone says rest in peace. Leave me alone.
112,2082,4,11,93,108,1.1759259259259258,0.04524596007030054,624,"Hi!, welcome to the neighborhood!
Thanks, but I had no intention on moving in this soon."
2551,2083,3,12,88,103,1.174757281553398,0.04455329495109556,624,Who would have thought no one would come to my funeral?
2553,2083,3,12,88,103,1.174757281553398,0.04455329495109556,624,Are you done yet?
2582,2083,3,12,88,103,1.174757281553398,0.04455329495109556,624,"Fine, I’ll give you credit for social X-ray but I need my white suit back"
2584,2083,4,10,89,103,1.174757281553398,0.0466407922327535,624,Why would I want the flowers back mom?!
2624,2083,3,12,88,103,1.174757281553398,0.04455329495109556,624,Please Pass the Poupon.
2658,2083,4,10,89,103,1.174757281553398,0.0466407922327535,624,"'Okay, okay, I'm sorry I forgot to put roses on your grave"
2767,2083,5,8,90,103,1.174757281553398,0.04863877989010869,624,"Of all the luck! I'm buried next to Larry who, since childhood, always had a creepy crush on me."
2712,2083,4,10,89,103,1.174757281553398,0.0466407922327535,624,Even in death I can't get away from her?
2736,2083,0,18,85,103,1.174757281553398,0.03760178006026617,624,"Remember Larry,we always said 'til death do us part""."
2525,2083,3,12,88,103,1.174757281553398,0.04455329495109556,624,"Darling, you know I love the time we spend together. I'm just not looking for something long term right now."
2858,2083,3,12,88,103,1.174757281553398,0.04455329495109556,624,I told you hell was not full yet.
2860,2083,2,14,87,103,1.174757281553398,0.0423630579856997,624,I forgot that you were allergic to roses. Sorry.
2697,2083,0,18,85,103,1.174757281553398,0.03760178006026617,624,Wave if you can see me.
2458,2083,2,14,87,103,1.174757281553398,0.0423630579856997,624,"Welcome. Yeah, we all thought we weren’t supposed to be here when we were new."
2418,2083,6,6,91,103,1.174757281553398,0.05055787098264724,624,"Welcome! No, this can't be right!"
2438,2083,2,14,87,103,1.174757281553398,0.0423630579856997,624,Don't worry! I wouldn't dare because I am fully aware of #MeToo!
2901,2083,2,14,87,103,1.174757281553398,0.0423630579856997,624,"Some of us are trying to rest in peace, over here."
2403,2083,2,14,87,103,1.174757281553398,0.0423630579856997,624,Hello Eternal Neighbor. Hope you're not too claustrophobic.
2400,2083,3,12,88,103,1.174757281553398,0.04455329495109556,624,Why did a pay for the family plan?  What was I thinking? How was I supposed to know it included mother-in-laws?
2353,2083,2,14,87,103,1.174757281553398,0.0423630579856997,624,"I was going to be cremated, but I'm afraid of fire"
2352,2083,2,14,87,103,1.174757281553398,0.0423630579856997,624,This will be your first bad news story you can't reverse!
2320,2083,4,10,89,103,1.174757281553398,0.0466407922327535,624,Howdy neighbor!  How can I make your stay more restful and peaceful?
2243,2083,1,16,86,103,1.174757281553398,0.04005323049143718,624,You look like a lively one.
2185,2083,3,12,88,103,1.174757281553398,0.04455329495109556,624,Here's where you find your inner self.
2155,2083,1,16,86,103,1.174757281553398,0.04005323049143718,624,"But honey, I thought it was only ’til death do us part."
2137,2083,1,16,86,103,1.174757281553398,0.04005323049143718,624,What a RIP!
2134,2083,3,12,88,103,1.174757281553398,0.04455329495109556,624,Stop it. I got remarried twice since
2111,2083,3,12,88,103,1.174757281553398,0.04455329495109556,624,Welcome to your death bed! I am your tour guide
2110,2083,2,14,87,103,1.174757281553398,0.0423630579856997,624,Something tells me I’m overdressed!
2457,2083,3,12,88,103,1.174757281553398,0.04455329495109556,624,I just can’t tell if I’m coming or going!
2922,2083,4,10,89,103,1.174757281553398,0.0466407922327535,624,What can I say. It grows on you.
3061,2083,3,12,88,103,1.174757281553398,0.04455329495109556,624,"Okay, okay...leave me one of your tracts. Then leave me the hell alone."
2988,2083,5,8,90,103,1.174757281553398,0.04863877989010869,624,Can't you read?!
2053,2083,3,12,88,103,1.174757281553398,0.04455329495109556,624,"R.I.P., Jeff! R.I.P!"
3753,2083,2,14,87,103,1.174757281553398,0.0423630579856997,624,"Yeah, sure, gramps. It's just as great to see you again."
3661,2083,5,8,90,103,1.174757281553398,0.04863877989010869,624,I guess you could say I’m a chatterbox.
3642,2083,1,16,86,103,1.174757281553398,0.04005323049143718,624,"With that degenerate next-door,  I have a sinking feeling I am not going to get much rest and peace."
3625,2083,4,10,89,103,1.174757281553398,0.0466407922327535,624,I'll never get away from my mother-in-law!
3617,2083,2,14,87,103,1.174757281553398,0.0423630579856997,624,Don't worry - The freshman 15 is inevitable !
3563,2083,2,14,87,103,1.174757281553398,0.0423630579856997,624,"Hey Buddy, I know you're cold but can't you read the tombstone?"
3506,2083,4,10,89,103,1.174757281553398,0.0466407922327535,624,Anybody down here get satellite?
3495,2083,3,12,88,103,1.174757281553398,0.04455329495109556,624,"Will you stop bragging about your tattoos? The past is the past, dude."
3464,2083,2,14,87,103,1.174757281553398,0.0423630579856997,624,Oh great! He'll probably never stop talking.
3460,2083,3,12,88,103,1.174757281553398,0.04455329495109556,624,We're all pretty sore. But we try not to vent.
3429,2083,5,8,90,103,1.174757281553398,0.04863877989010869,624,You might have tried ringing the bell rather than waving like that.
3421,2083,4,10,89,103,1.174757281553398,0.0466407922327535,624,"What about the ""till death do us part"" business?"
3366,2083,2,14,87,103,1.174757281553398,0.0423630579856997,624,"Flowers ? Really ? Maybe next year some clothes for a birthday gift, whaddya think ?"
3362,2083,6,6,91,103,1.174757281553398,0.05055787098264724,624,Would you PLEASE stop that! I'm trying to get some eternal rest.
3278,2083,1,16,86,103,1.174757281553398,0.04005323049143718,624,"I know my policy didn't cover this suit. What do they think, I'm still made of money?"
3263,2083,4,10,89,103,1.174757281553398,0.0466407922327535,624,"I’m sorry, I’m not ready to be social."
3258,2083,4,10,89,103,1.174757281553398,0.0466407922327535,624,The LongGoodbye
3239,2083,3,12,88,103,1.174757281553398,0.04455329495109556,624,"Let me tell you, my agent's been lying down on the job. ""Hey, how'm I supposed do stand-up in here?"""
3209,2083,4,10,89,103,1.174757281553398,0.0466407922327535,624,"Welcome to the neighborhood, I  was buried and rotted  here."
3200,2083,3,12,88,103,1.174757281553398,0.04455329495109556,624,"This afterlife sucks. Where's my beautiful, beautiful Sylvia?"
3193,2083,2,14,87,103,1.174757281553398,0.0423630579856997,624,Maybe it's time to slow down and smell the roses.
3171,2083,4,10,89,103,1.174757281553398,0.0466407922327535,624,Don't try to get on my good side. I know you asked for separate coffins when you made the reservation.
3131,2083,1,16,86,103,1.174757281553398,0.04005323049143718,624,And I asked to be cremated.
3103,2083,2,14,87,103,1.174757281553398,0.0423630579856997,624,How is it that Mr. Bones over there has more life than me?
3087,2083,5,8,90,103,1.174757281553398,0.04863877989010869,624,"R.I.P"" RIP what? Paper, Fabric...?"
3069,2083,5,8,90,103,1.174757281553398,0.04863877989010869,624,I thought it was just a Jeep thing.  This is gonna be hell.
3065,2083,2,14,87,103,1.174757281553398,0.0423630579856997,624,"Are you going to do 
that for the rest of eternity?"
3027,2083,5,8,90,103,1.174757281553398,0.04863877989010869,624,"You know Harold, we could do a public service announcement ""Always suit up before you jump her bones."""
2955,2083,1,16,86,103,1.174757281553398,0.04005323049143718,624,"So much has changed in 15 years Helen. I'm not the same man and you?...well your all bones now, and I'm...not feeling it!"
2044,2083,2,14,87,103,1.174757281553398,0.0423630579856997,624,Harry from Accounts says hello
900,2083,5,8,90,103,1.174757281553398,0.04863877989010869,624,Welcome! 7 Billion more and the earth will begin to heal!
2019,2083,2,14,87,103,1.174757281553398,0.0423630579856997,624,I asked for a private burial!
1050,2083,3,12,88,103,1.174757281553398,0.04455329495109556,624,"""Hey, remember the skeleton crew you never paid?"""
950,2083,3,12,88,103,1.174757281553398,0.04455329495109556,624,It was a rhetorical question
917,2083,1,16,86,103,1.174757281553398,0.04005323049143718,624,Should have opted for cremation - that burial insurance really put me in the hole.
883,2083,2,14,87,103,1.174757281553398,0.0423630579856997,624,"No, I didn't bring any Vitamin D! What, you think I planned this?"
880,2083,4,10,89,103,1.174757281553398,0.0466407922327535,624,"This is ridiculous, we really can't go back up from here?"
853,2083,1,16,86,103,1.174757281553398,0.04005323049143718,624,That suit will soon be swimming on you.
821,2083,2,14,87,103,1.174757281553398,0.0423630579856997,624,"Gee Honey, you’re looking well!"
753,2083,3,12,88,103,1.174757281553398,0.04455329495109556,624,Are you flirting with the new guy?
700,2083,7,4,92,103,1.174757281553398,0.052406733607405505,624,"Hey, Friday's are business casual!"
677,2083,2,14,87,103,1.174757281553398,0.0423630579856997,624,You new here?
614,2083,4,10,89,103,1.174757281553398,0.0466407922327535,624,"Hi Joe.  Didn't you know that 15 min could have saved you 15% or more on After Life Insurance?  

Don't be like Joe. Call GOD CO. Now"
584,2083,2,14,87,103,1.174757281553398,0.0423630579856997,624,Looks like “till death do us part” is going to take longer than you hoped for.
581,2083,5,8,90,103,1.174757281553398,0.04863877989010869,624,"Look at this cheap suit they put me in!
No worries, soon you will look like me."
476,2083,2,14,87,103,1.174757281553398,0.0423630579856997,624,"Make no bones about it, this coffin way too small."
459,2083,3,12,88,103,1.174757281553398,0.04455329495109556,624,"I’m sticking to “til death do us part”, not “now and forever”."
451,2083,3,12,88,103,1.174757281553398,0.04455329495109556,624,I think it's too soon...
419,2083,2,14,87,103,1.174757281553398,0.0423630579856997,624,Which part of rest in peace do you not get?
364,2083,4,10,89,103,1.174757281553398,0.0466407922327535,624,Where is my agent?! I don't work with old people!
336,2083,5,8,90,103,1.174757281553398,0.04863877989010869,624,You’re not helping me make death great again!
277,2083,3,12,88,103,1.174757281553398,0.04455329495109556,624,"Hey.., trying to get some rest here!"
232,2083,4,10,89,103,1.174757281553398,0.0466407922327535,624,This is so unsuitable. I was a blue jeans kind of guy.
216,2083,5,8,90,103,1.174757281553398,0.04863877989010869,624,My loving wife never told me what happened to her first husband.
212,2083,2,14,87,103,1.174757281553398,0.0423630579856997,624,"Let me tell ya, this whole afterlife thing, it's gonna be huge!"
170,2083,3,12,88,103,1.174757281553398,0.04455329495109556,624,"Hi, clothes are optional here!"
146,2083,3,12,88,103,1.174757281553398,0.04455329495109556,624,Welcome to the neighborhood!
107,2083,4,10,89,103,1.174757281553398,0.0466407922327535,624,I guess I didn't hide all my skeletons in the closet and that I'm going to Hell in a casket.
105,2083,3,12,88,103,1.174757281553398,0.04455329495109556,624,I told you I wouldn't wait forever
0,2083,1,16,86,103,1.174757281553398,0.04005323049143718,624,"Bro,"" he said, ""I'm not going out like everyone else. I'm going to live a life of adventure. Sadly I died without finding what happened to him."
2033,2083,4,10,89,103,1.174757281553398,0.0466407922327535,624,They had to bury me next my insurance salesman.
1056,2083,3,12,88,103,1.174757281553398,0.04455329495109556,624,Looks like they forgot to leave the coins for the Styx crossing for you too.
1113,2083,4,10,89,103,1.174757281553398,0.0466407922327535,624,"a trump what's up"""
703,2083,3,12,88,103,1.174757281553398,0.04455329495109556,624,"'I had the #f* right-of-way?' 
That's all you got?"
1134,2083,2,14,87,103,1.174757281553398,0.0423630579856997,624,"Come on, you are supposed to be resting."
2013,2083,2,14,87,103,1.174757281553398,0.0423630579856997,624,OK ! Now what happens?
2007,2083,2,14,87,103,1.174757281553398,0.0423630579856997,624,"Don’t worry, you’ll get used to it."
1972,2083,3,12,88,103,1.174757281553398,0.04455329495109556,624,Relax! The first 20 days are the worst.
1906,2083,2,14,87,103,1.174757281553398,0.0423630579856997,624,"Hi, I'm Nixon's presidency, pleased to meet you, Trump. Did you dig that yourself?"
1886,2083,3,12,88,103,1.174757281553398,0.04455329495109556,624,Stop Please! Your Killing Me!
1124,2083,2,14,87,103,1.174757281553398,0.0423630579856997,624,"Hello!! It's casual Friday, bub."
1806,2083,3,12,88,103,1.174757281553398,0.04455329495109556,624,"Oh, NOW you give them to me."
1759,2083,2,14,87,103,1.174757281553398,0.0423630579856997,624,She's a dead ringer for his ex-wife.
1718,2083,3,12,88,103,1.174757281553398,0.04455329495109556,624,You either feed your memorial guests sandwiches or get a coffin top they said.
1706,2083,1,16,86,103,1.174757281553398,0.04005323049143718,624,"I know who you are, we bought these together."
1629,2083,2,14,87,103,1.174757281553398,0.0423630579856997,624,"If you constantly wave like this, you'll stave off rigor mortis!"
1601,2083,3,12,88,103,1.174757281553398,0.04455329495109556,624,Sorry. I don't know what to tell you. Maybe fake it until you make it?
1589,2083,3,12,88,103,1.174757281553398,0.04455329495109556,624,We've reached death; can we part?
1577,2083,3,12,88,103,1.174757281553398,0.04455329495109556,624,"Come on Bobby, this is why I moved out of the house."""
1570,2083,3,12,88,103,1.174757281553398,0.04455329495109556,624,"You're not Russian, are you?"
1884,2083,4,10,89,103,1.174757281553398,0.0466407922327535,624,How come Styx and stones didn’t break your bones?
1504,2083,3,12,88,103,1.174757281553398,0.04455329495109556,624,"Hey Bob! Hey Bob! BOB! Damn, that rigor mortis has really set in there."
1269,2083,2,14,87,103,1.174757281553398,0.0423630579856997,624,Try leaving well enough alone.
1286,2083,2,14,87,103,1.174757281553398,0.0423630579856997,624,"'Will you just let me rest in peace!"""
1322,2083,3,12,88,103,1.174757281553398,0.04455329495109556,624,These tombstones are false advertising...
1364,2083,4,10,89,103,1.174757281553398,0.0466407922327535,624,"For the last time -- no, that casket doesn't make you look fat!"
1394,2083,1,16,86,103,1.174757281553398,0.04005323049143718,624,Just gimme the bare bones.
1334,2083,1,16,86,103,1.174757281553398,0.04005323049143718,624,Where can I hang this suit? It's killing me.
1262,2083,1,16,86,103,1.174757281553398,0.04005323049143718,624,The Grave's a Fine and Quiet Place....Not
1427,2083,5,8,90,103,1.174757281553398,0.04863877989010869,624,'What happened to death do us part?' he said to his nagging former wife.
1435,2083,3,12,88,103,1.174757281553398,0.04455329495109556,624,No thank you. I'm on a liquids-only diet.
1500,2083,3,12,88,103,1.174757281553398,0.04455329495109556,624,You're interupting the PEACE!
1502,2083,5,8,90,103,1.174757281553398,0.04863877989010869,624,I think it's time you stop dieting.
1402,2083,4,10,89,103,1.174757281553398,0.0466407922327535,624,Hey! Will you please stop whining about the death of white male hegemony!
1534,2083,4,10,89,103,1.174757281553398,0.0466407922327535,624,My condolences to your family...
2747,2212,2,14,88,104,1.1730769230769231,0.04198738139575608,624,"Some cheapskate gave me plastic flowers. The same one must have 
given you that suit."
3590,2212,3,12,89,104,1.1730769230769231,0.04415480374612475,624,This is it? I was really looking forward to eternal damnation.
3121,2212,5,8,91,104,1.1730769230769231,0.04819812951382046,624,It’ll be an eternity before I catch up with the Boneses.
2887,2212,3,12,89,104,1.1730769230769231,0.04415480374612475,624,"Every move you make,
Every leg you break,

         ""Every story you fake,
                 Till your last burned steak

""I'll be watching you."
2826,2212,4,10,90,104,1.1730769230769231,0.046220700895214704,624,"So, buddy, what's happened in politics since 2014?"
2030,2212,3,12,89,104,1.1730769230769231,0.04415480374612475,624,"Okay! Five syllables, I got it. How long does this game of charades of yours go on?"
1800,2212,3,12,89,104,1.1730769230769231,0.04415480374612475,624,"Well, at least I'll finally lose a few pounds."
1794,2212,2,14,88,104,1.1730769230769231,0.04198738139575608,624,"Now, you've all met my next guest...."
752,2212,4,10,90,104,1.1730769230769231,0.046220700895214704,624,"hey sexy - u married?""

""just got divorced yesterday - not a good time..."
83,2212,3,12,89,104,1.1730769230769231,0.04415480374612475,624,"Oh great, I just want some peace and quiet."
2247,2212,5,8,91,104,1.1730769230769231,0.04819812951382046,624,DON'T TELL ME YOU'RE BORED!
617,2223,2,13,84,99,1.1717171717171717,0.043169625690192184,624,"Just when you thought things couldn't get worse, they decided to burry me next to ""them, they, she/he."""
2304,2224,1,13,74,88,1.1704545454545454,0.043434064987402606,624,Did I not meet the deadline?
2647,2225,1,15,84,100,1.17,0.04033946860424327,624,Cheap kids!  I had no idea they would put me next to my ex-wife!
2699,2225,3,11,86,100,1.17,0.04507009131689365,624,HOW LONG DID IT TAKE YOU TO ROT?
2619,2225,4,9,87,100,1.17,0.047258156262526094,624,"Hey, you're early!"
3134,2225,1,15,84,100,1.17,0.04033946860424327,624,Groupies never die.
3386,2225,3,11,86,100,1.17,0.04507009131689365,624,Don't take it personally but I just ended a relationship.
3384,2225,1,15,84,100,1.17,0.04033946860424327,624,Why don't you go back to my closet where you belong!
3480,2225,3,11,86,100,1.17,0.04507009131689365,624,"I thought Limbo was a dance, too."
3564,2225,3,11,86,100,1.17,0.04507009131689365,624,"Hey,can't I just expect a little peace?"
3360,2225,3,11,86,100,1.17,0.04507009131689365,624,"Everyone said I'll be better off dead, and so I tired it."
2429,2225,0,17,83,100,1.17,0.03775251680686371,624,Cheer up fella...it could be worse.
2763,2225,2,13,85,100,1.17,0.042770234150550666,624,"I don't get it, the will specifically called for seersucker !"
1487,2225,3,11,86,100,1.17,0.04507009131689365,624,"I'm sorry, but I'm bone tired and just want some rest."
97,2225,3,11,86,100,1.17,0.04507009131689365,624,"Afraid to meet the new neighbor, because he had no guts."
210,2225,3,11,86,100,1.17,0.04507009131689365,624,"As a fellow attorney, I'd suggest that you rest your case."
286,2225,0,17,83,100,1.17,0.03775251680686371,624,Can a handsome gentleman just rest in PEACE?!
989,2225,4,9,87,100,1.17,0.047258156262526094,624,I find  fresh flowers and a new lid help defeat this Industrial Modernist boxiness.
2362,2225,2,13,85,100,1.17,0.042770234150550666,624,"You heard me wrong. I said ""I'm so hungry I couldn't die"""
1019,2225,2,13,85,100,1.17,0.042770234150550666,624,"Oh oh, let me say it -- ""Puttin' on the Ritz!"""
1081,2225,4,9,87,100,1.17,0.047258156262526094,624,I can't catch a break!
1177,2225,5,7,88,100,1.17,0.04934930126509935,624,"Martha, I told you I'm busy."
1283,2225,2,13,85,100,1.17,0.042770234150550666,624,"So get this—I shit you not—GEORGE BURNS ends up buried next to me and I’m waving harder than the fucking Queen of England but he still can’t see me through the two coffins and all the dirt between us…and so yeah that’s how I dislocated my elbow, doc."
1018,2225,1,15,84,100,1.17,0.04033946860424327,624,You again?! With the smile and the cheery waves!
1848,2247,2,13,86,101,1.1683168316831682,0.04237808823570832,624,So this is where fired press secretaries go.
1919,2247,3,11,87,101,1.1683168316831682,0.04465335557932548,624,"Okay, okay, so you’re killing it old school!"
2087,2247,3,11,87,101,1.1683168316831682,0.04465335557932548,624,"Okay, what if Company A only sold a DMO dental plan but carried extended eye care...."
2115,2247,1,15,85,101,1.1683168316831682,0.03997352324393338,624,"Buchanan?! Get out of here with that, this guy’s way worse! How long you been dead? Ahhh whatever. Least I don’t have to hear him any more."
2123,2247,4,9,88,101,1.1683168316831682,0.04681817987143323,624,"Thanks for the warm greeting, but I want us to get ready for two jackasses from the New Yorker, David Remnick and the truly awful Amy Sorkin."
2214,2247,1,15,85,101,1.1683168316831682,0.03997352324393338,624,It doesn't end!!!
2555,2247,3,11,87,101,1.1683168316831682,0.04465335557932548,624,"-""To make a long story short ...""
-""Why bother?"""
2591,2247,3,11,87,101,1.1683168316831682,0.04465335557932548,624,"Great, I'm stuck with a chatterbox until they build an apartment block."
2711,2247,2,13,86,101,1.1683168316831682,0.04237808823570832,624,Hey big boy.  Why don't you slip out of that skin and stay awhile?
3000,2247,3,11,87,101,1.1683168316831682,0.04465335557932548,624,Is yours rent controlled?
3081,2247,3,11,87,101,1.1683168316831682,0.04465335557932548,624,"Welcome neighbor. Just so you know, the suit is the first thing to go.” 

Cyndi Bloom
Boca Raton,FL.
cyndibloom65@me.co"
3324,2247,3,11,87,101,1.1683168316831682,0.04465335557932548,624,Mom! I am wearing a jacket!
3364,2247,1,15,85,101,1.1683168316831682,0.03997352324393338,624,"I hear what you're saying. But, vampires never wave back."
3461,2247,4,9,88,101,1.1683168316831682,0.04681817987143323,624,"And so I said, ""I can't accept your apology until you accept me as an immortally self-absorbed wind bag."""
3485,2247,3,11,87,101,1.1683168316831682,0.04465335557932548,624,"Hi there friend! Look, who doesn't need some After-Life insurance."
3652,2247,1,15,85,101,1.1683168316831682,0.03997352324393338,624,"''Have you read Lincoln in the Bardo?"""
2669,2247,3,11,87,101,1.1683168316831682,0.04465335557932548,624,"No, no, let me finish, one minute I was translating, and the next thing I knew I was here!"
1791,2247,3,11,87,101,1.1683168316831682,0.04465335557932548,624,"13 years of school, 4 years of college, 3 years of masters, and 15 years at the corporate office? I bet it was all worth it!"
1268,2247,4,9,88,101,1.1683168316831682,0.04681817987143323,624,"Right here, near my
grave, let’s hear it for
Red Skelton! Red..”
“God Bless and good
night, Ed."
1129,2247,4,9,88,101,1.1683168316831682,0.04681817987143323,624,And just last week I thought all the goodbyes were a drag.
189,2247,3,11,87,101,1.1683168316831682,0.04465335557932548,624,I thought she said go fly a CAT......
218,2247,2,13,86,101,1.1683168316831682,0.04237808823570832,624,"Hey Donny, it's your mother, make sure to wash behind your ears down here."
223,2247,2,13,86,101,1.1683168316831682,0.04237808823570832,624,Can someone read the tombstone and confirm a gender?
370,2247,1,15,85,101,1.1683168316831682,0.03997352324393338,624,"Jesus,Earl.  Leave me alone."
373,2247,3,11,87,101,1.1683168316831682,0.04465335557932548,624,I appreciate the offer: can you send them by instant burrowing?
398,2247,2,13,86,101,1.1683168316831682,0.04237808823570832,624,"It's alive, it's alive, it's alive!"
1384,2247,3,11,87,101,1.1683168316831682,0.04465335557932548,624,My lean baby/She's so slim/Five feet seven/of Bones and Skin...
494,2247,1,15,85,101,1.1683168316831682,0.03997352324393338,624,"For the last time, I have no WiFi."
589,2247,2,13,86,101,1.1683168316831682,0.04237808823570832,624,Hey Rip!  My name is Rip
708,2247,3,11,87,101,1.1683168316831682,0.04465335557932548,624,Now just lay you down to sleep.
712,2247,3,11,87,101,1.1683168316831682,0.04465335557932548,624,"I'm tired of your ""bone direction"" joke, dad."
729,2247,3,11,87,101,1.1683168316831682,0.04465335557932548,624,"When they told me I have a face only a mother could love, I definitely wasn’t expecting this."
908,2247,2,13,86,101,1.1683168316831682,0.04237808823570832,624,"You always did "" kill "" with that material in your act."
3699,2247,2,13,86,101,1.1683168316831682,0.04237808823570832,624,I just got here - I don't feel like doing the wave!
1123,2247,2,13,86,101,1.1683168316831682,0.04237808823570832,624,Hi neighbor!  Gee it's been a while since I've seen anyone.  What's been going on out there in the last 50 years?  Did they ever make anything useful out of computers?  Do people still make good rock and roll music?   How'd space travel ever pan out?
527,2247,1,15,85,101,1.1683168316831682,0.03997352324393338,624,"Heaven or Hell, Judgement Day can't come soon enough."
974,2247,3,11,87,101,1.1683168316831682,0.04465335557932548,624,You must not have signed up for the American plan.
2946,2284,0,17,85,102,1.1666666666666667,0.03708284662416539,624,Rest in Peace! Really???
1831,2284,2,13,87,102,1.1666666666666667,0.04199299507395459,624,I still can't get a moment of peace.
2684,2284,2,12,82,96,1.1666666666666667,0.04359569698171643,624,"Wow!, great embalming job."
2921,2287,3,10,84,97,1.1649484536082475,0.045597438177716845,624,"Nag, nag, nag!"
2910,2287,3,10,84,97,1.1649484536082475,0.045597438177716845,624,"How do you like the new digs?  
(from Chris Berryman, La Canada, CA)"
2885,2287,2,12,83,97,1.1649484536082475,0.043178116402505386,624,Let me get in and settled first before we chat.
2800,2287,2,12,83,97,1.1649484536082475,0.043178116402505386,624,They promised ‘until death do us part’
2756,2287,2,12,83,97,1.1649484536082475,0.043178116402505386,624,That's a great suit!  The worms are gonna love it!
2735,2287,1,14,82,97,1.1649484536082475,0.040614936953858476,624,But everybody said I 'm nothing like my father!
2681,2287,1,14,82,97,1.1649484536082475,0.040614936953858476,624,Where's the parting? I signed up for parting at death.
2664,2287,2,12,83,97,1.1649484536082475,0.043178116402505386,624,"All I did was click ""Dowload Low""!"
2661,2287,4,8,85,97,1.1649484536082475,0.047894707439059644,624,I _told_ them I was allergic to those things!
2987,2287,3,10,84,97,1.1649484536082475,0.045597438177716845,624,I'd like to get settled before I make new friends.
1899,2287,4,8,85,97,1.1649484536082475,0.047894707439059644,624,"This sucks. They buried me in the wrong suit, and now I'm getting hit on by a skeleton."
2544,2287,2,12,83,97,1.1649484536082475,0.043178116402505386,624,"I don't remember signing up for the ""afterlife option"" on that dating site."
2490,2287,4,8,85,97,1.1649484536082475,0.047894707439059644,624,Is this some sort of a joke?
2452,2287,2,12,83,97,1.1649484536082475,0.043178116402505386,624,"If you're waiting to be taken to a better place - trust me, you'll be waiting a while"
2428,2287,2,12,83,97,1.1649484536082475,0.043178116402505386,624,Peace?!
2330,2287,3,10,84,97,1.1649484536082475,0.045597438177716845,624,Flowers for my President
2326,2287,3,10,84,97,1.1649484536082475,0.045597438177716845,624,They buried the wrong guy. I was still talking.
2221,2287,3,10,84,97,1.1649484536082475,0.045597438177716845,624,Welcome to the deadborhood!
2213,2287,2,12,83,97,1.1649484536082475,0.043178116402505386,624,So what if I remarried?
2066,2287,2,12,83,97,1.1649484536082475,0.043178116402505386,624,Next time don't request Charity in lieu of Flowers.
2565,2287,2,12,83,97,1.1649484536082475,0.043178116402505386,624,It's a living!
2644,2287,1,14,82,97,1.1649484536082475,0.040614936953858476,624,Didn’t you ever read “Grave Expectations”?
3024,2287,0,16,81,97,1.1649484536082475,0.037878707362626475,624,"No thanks. I always said, 'I'll sleep when I'm dead,'                                          
 and I'm sticking to it"
3109,2287,2,12,83,97,1.1649484536082475,0.043178116402505386,624,Words have consequences.  Especially in a medical directive.
3748,2287,1,14,82,97,1.1649484536082475,0.040614936953858476,624,So many activities! It's making my head spin.
3745,2287,1,14,82,97,1.1649484536082475,0.040614936953858476,624,"No, I don't want to come over and check out your upholstery."
3744,2287,1,14,82,97,1.1649484536082475,0.040614936953858476,624,Hey bro! Still remember me?
3685,2287,3,10,84,97,1.1649484536082475,0.045597438177716845,624,Which one of our divorce attorneys screwed the paperwork up on this part of the property division?
3683,2287,3,10,84,97,1.1649484536082475,0.045597438177716845,624,Could I bother you for a vase and some water?
3658,2287,1,14,82,97,1.1649484536082475,0.040614936953858476,624,"Buck up Matey, we're gonna stump the caption judges as much as readers are stumped by New Yorker cartoons and captions."
3644,2287,4,8,85,97,1.1649484536082475,0.047894707439059644,624,"Am I dead, or do you just have an extreme case of anorexia?"
3613,2287,2,12,83,97,1.1649484536082475,0.043178116402505386,624,"Oh, she didn't know I remarried! What would happen when my new wife joins us here---?"
3509,2287,2,12,83,97,1.1649484536082475,0.043178116402505386,624,"I was annoyed at first, too, that my casket doesn’t have a lid, but then I realized it makes it that much easier to stalk the earth haunting hapless victims."
3059,2287,3,10,84,97,1.1649484536082475,0.045597438177716845,624,This is just a skeleton of what I expected.
3479,2287,2,12,83,97,1.1649484536082475,0.043178116402505386,624,"Hey friend, wake up and smell the roses!"
3450,2287,3,10,84,97,1.1649484536082475,0.045597438177716845,624,"Hey,​ sexy! You're looking good, especially considering you haven't even started decomposing."
3401,2287,2,12,83,97,1.1649484536082475,0.043178116402505386,624,"I hate to be the one to tell you, but I never did get my pizza order."
3346,2287,4,8,85,97,1.1649484536082475,0.047894707439059644,624,This is NOT fake news
3340,2287,0,16,81,97,1.1649484536082475,0.037878707362626475,624,What's shaken? You're still in costume.
3323,2287,3,10,84,97,1.1649484536082475,0.045597438177716845,624,Hi! You must be the new neighbor!
3281,2287,2,12,83,97,1.1649484536082475,0.043178116402505386,624,"Ah man, we vowed to part at death."
3276,2287,1,14,82,97,1.1649484536082475,0.040614936953858476,624,Even in death the insurance salesman is cold-calling me
3204,2287,4,8,85,97,1.1649484536082475,0.047894707439059644,624,Hey there! Looking for a good tax shelter?
3114,2287,2,12,83,97,1.1649484536082475,0.043178116402505386,624,It's just... I JUST felt the kiss of death and I don't think I'm ready to move on yet.
3457,2287,2,12,83,97,1.1649484536082475,0.043178116402505386,624,Hey! First day? Looks like you missed the memo about casual Friday!
1835,2287,2,12,83,97,1.1649484536082475,0.043178116402505386,624,"Oh, now she decides to lose weight."
3005,2287,3,10,84,97,1.1649484536082475,0.045597438177716845,624,Do you want these flowers back? I prefer chocolates.
1741,2287,2,12,83,97,1.1649484536082475,0.043178116402505386,624,"I know, I know, I know! You insulted Putin too."
674,2287,1,14,82,97,1.1649484536082475,0.040614936953858476,624,"Enough,"" I said"
567,2287,3,10,84,97,1.1649484536082475,0.045597438177716845,624,"Sigh, new neighbors are so friendly until they see my stuffed cat collection."
534,2287,3,10,84,97,1.1649484536082475,0.045597438177716845,624,"No, no, let me finish: it's simply not possible to be 'mansplained to death'."
523,2287,3,10,84,97,1.1649484536082475,0.045597438177716845,624,Is he waving goodbye or hello !
495,2287,3,10,84,97,1.1649484536082475,0.045597438177716845,624,I told them I was just a suit”
446,2287,2,12,83,97,1.1649484536082475,0.043178116402505386,624,But who would want to live to be a hundred?
405,2287,3,10,84,97,1.1649484536082475,0.045597438177716845,624,Stop whining and decompose yourself.
367,2287,2,12,83,97,1.1649484536082475,0.043178116402505386,624,"What part of  ""I'm a ISFP personality"" does he not understand?"
363,2287,4,8,85,97,1.1649484536082475,0.047894707439059644,624,He's still an annoying neighbor.
686,2287,1,14,82,97,1.1649484536082475,0.040614936953858476,624,Helsinki Summit
353,2287,2,12,83,97,1.1649484536082475,0.043178116402505386,624,"Please, I just came here to get some peace and quiet."
256,2287,3,10,84,97,1.1649484536082475,0.045597438177716845,624,"I usually bake a cake for new neighbors, but I ran out of flour."
221,2287,1,14,82,97,1.1649484536082475,0.040614936953858476,624,"Welcome to the neighborhood, pal"
199,2287,1,14,82,97,1.1649484536082475,0.040614936953858476,624,Dude. DUDE! Enough about this Meuller guy.
175,2287,2,12,83,97,1.1649484536082475,0.043178116402505386,624,"not even till death do us part, sheesh!"
62,2287,3,10,84,97,1.1649484536082475,0.045597438177716845,624,We have a really big show tonight.
60,2287,1,14,82,97,1.1649484536082475,0.040614936953858476,624,"Hey, “until death do us part”, that was all I signed up for!"
50,2287,2,12,83,97,1.1649484536082475,0.043178116402505386,624,Anyone got a cigarette?
32,2287,3,10,84,97,1.1649484536082475,0.045597438177716845,624,It's not so bad.
10,2287,2,12,83,97,1.1649484536082475,0.043178116402505386,624,How old would you be had you lived ?
327,2287,1,14,82,97,1.1649484536082475,0.040614936953858476,624,I'd rather be eaten by bugs.
812,2287,1,14,82,97,1.1649484536082475,0.040614936953858476,624,"Damn, I'm still overweight!"
207,2287,2,12,83,97,1.1649484536082475,0.043178116402505386,624,"First draft: ""The Waving Dead"""
850,2287,1,14,82,97,1.1649484536082475,0.040614936953858476,624,"Stop rattling your bones, and let me rest in peace."
1777,2287,1,14,82,97,1.1649484536082475,0.040614936953858476,624,"Don't know, maybe it's the anti-aging creams."
1719,2287,2,12,83,97,1.1649484536082475,0.043178116402505386,624,Who would have thought smoking six packs a day would kill me?
1692,2287,1,14,82,97,1.1649484536082475,0.040614936953858476,624,You couldn't get rid me that easy Harry!
1672,2287,1,14,82,97,1.1649484536082475,0.040614936953858476,624,"Look, I didn't know that skin was against the dress code here, okay?"
1661,2287,1,14,82,97,1.1649484536082475,0.040614936953858476,624,Trust me: After awhile it won't feel so cramped.
1506,2287,2,12,83,97,1.1649484536082475,0.043178116402505386,624,How many times do we have to go through this? I am not trying to drag this case out.
1470,2287,0,16,81,97,1.1649484536082475,0.037878707362626475,624,You're way overdressed...
1439,2287,1,14,82,97,1.1649484536082475,0.040614936953858476,624,I dunno - maybe you're too skinny for me.
1416,2287,2,12,83,97,1.1649484536082475,0.043178116402505386,624,"Howdy, freshman!"
1411,2287,3,10,84,97,1.1649484536082475,0.045597438177716845,624,"Yoo hoo, Jeffrey! It's Mr. Davies, your fourth grade teacher! Look how well you've done for yourself, even though you had such a hard time with fractions!"
1528,2287,2,12,83,97,1.1649484536082475,0.043178116402505386,624,"Our relationship has never been worse than it is now, however that changed as of about four hours ago."
1263,2287,2,12,83,97,1.1649484536082475,0.043178116402505386,624,Does anyone question my dying loyalty?
1361,2287,4,8,85,97,1.1649484536082475,0.047894707439059644,624,Do I look like a guy in a Pixar film?
1034,2287,1,14,82,97,1.1649484536082475,0.040614936953858476,624,Obamacare Death Squads..... Who'da thought it ?.....
1038,2287,2,12,83,97,1.1649484536082475,0.043178116402505386,624,Jimbo- It's me - Cousin Henry
865,2287,0,16,81,97,1.1649484536082475,0.037878707362626475,624,Hi neighbor
1059,2287,3,10,84,97,1.1649484536082475,0.045597438177716845,624,But her emails!
1047,2287,1,14,82,97,1.1649484536082475,0.040614936953858476,624,"I'll have to decline, I'm buried with work."
1064,2287,1,14,82,97,1.1649484536082475,0.040614936953858476,624,Don't fret.  It's just a matter of time.
1073,2287,2,12,83,97,1.1649484536082475,0.043178116402505386,624,"Take my wife, PLEASE!"
1108,2287,2,12,83,97,1.1649484536082475,0.043178116402505386,624,"Yakkitty-yak, yakkitty -yak!... this endless talk is killin’ me"
1149,2287,1,14,82,97,1.1649484536082475,0.040614936953858476,624,Is it against the law to like a good set of bones on a woman?
2614,2381,1,13,80,94,1.1595744680851063,0.04087576943015152,624,Mom stop!  I can’t call my shrink from here
2486,2381,2,11,81,94,1.1595744680851063,0.0435845055714996,624,Sorry I don't play Mah Jongg
2386,2381,2,11,81,94,1.1595744680851063,0.0435845055714996,624,Now you offer me flowers!
2359,2381,1,13,80,94,1.1595744680851063,0.04087576943015152,624,How can anyone rest in peace with you rattling all them dry bones?
2518,2381,2,11,81,94,1.1595744680851063,0.0435845055714996,624,Osteolibido.
2338,2381,2,11,81,94,1.1595744680851063,0.0435845055714996,624,Have we met before?
2158,2381,1,13,80,94,1.1595744680851063,0.04087576943015152,624,It happened so fast--I was at a Summit--where were you
2333,2381,1,13,80,94,1.1595744680851063,0.04087576943015152,624,"No thanks, I'm going for zombie status."
2325,2381,1,13,80,94,1.1595744680851063,0.04087576943015152,624,"Thank you, but I need at least a hundred years before another relationship."
2253,2381,2,11,81,94,1.1595744680851063,0.0435845055714996,624,It's time for you to bury your feelings for me!
2081,2381,2,11,81,94,1.1595744680851063,0.0435845055714996,624,"Gone, but not fuhgottenabout."
2768,2381,0,15,79,94,1.1595744680851063,0.037974306143782784,624,Whataya know? I still got it!
2071,2381,2,11,81,94,1.1595744680851063,0.0435845055714996,624,"I’m taking tax fraud to a new level.”
“But who’s gonna dig you out?”
“The government, of course."
2334,2381,2,11,81,94,1.1595744680851063,0.0435845055714996,624,Those are dead.
2879,2381,3,9,82,94,1.1595744680851063,0.046134474369144494,624,I'm not ready to do this full-time.
3417,2381,3,9,82,94,1.1595744680851063,0.046134474369144494,624,"Wait, I'm a newscaster.  The ""other side"" is after a commercial."
3004,2381,1,13,80,94,1.1595744680851063,0.04087576943015152,624,"Like they say, ""Better late than never."""
2057,2381,2,11,81,94,1.1595744680851063,0.0435845055714996,624,Can't a guy get buried alive in peace anymore?
3752,2381,4,7,83,94,1.1595744680851063,0.04855069849881071,624,Well I still can't tell you even though I said I'd take it to the grave.
3676,2381,1,13,80,94,1.1595744680851063,0.04087576943015152,624,Proof life after death exists.
3508,2381,3,9,82,94,1.1595744680851063,0.046134474369144494,624,"Marley, is that you?"
3507,2381,3,9,82,94,1.1595744680851063,0.046134474369144494,624,I thought I was suited for heaven.
3409,2381,2,11,81,94,1.1595744680851063,0.0435845055714996,624,Howdy!  I'm Bones.  What's your handle?
2915,2381,1,13,80,94,1.1595744680851063,0.04087576943015152,624,"Good luck, I am still waiting for a callback from AirBnB customer service."
3408,2381,1,13,80,94,1.1595744680851063,0.04087576943015152,624,I’m trying to rest in peace!
3336,2381,2,11,81,94,1.1595744680851063,0.0435845055714996,624,"Ugh, you're chatty."
3186,2381,2,11,81,94,1.1595744680851063,0.0435845055714996,624,"Oh geeze, my agent didn't mention the annoying neighbor."
3162,2381,2,11,81,94,1.1595744680851063,0.0435845055714996,624,"If I told you once, I've told you a thousand times – I don't need life insurance anymore!"
3138,2381,0,15,79,94,1.1595744680851063,0.037974306143782784,624,Now I can finally Rest In Peace!
3097,2381,1,13,80,94,1.1595744680851063,0.04087576943015152,624,Yoo hoo!  I'm dying for a cigarette!
3067,2381,2,11,81,94,1.1595744680851063,0.0435845055714996,624,You should’ve gone with the polyester.
3380,2381,0,15,79,94,1.1595744680851063,0.037974306143782784,624,I'm supposed to be resting in peace and so are you.
1962,2381,2,11,81,94,1.1595744680851063,0.0435845055714996,624,"I moved here for the peace and quiet. Instead, the chair of the garden committee wants me to help fertilize their tree."
1417,2381,2,11,81,94,1.1595744680851063,0.0435845055714996,624,I know. I know. A corpse.
1845,2381,4,7,83,94,1.1595744680851063,0.04855069849881071,624,You're lucky.  You'll keep your nice suit.  I'm buried under a real clothes tree!
12,2381,3,9,82,94,1.1595744680851063,0.046134474369144494,624,I don't know any Juliet!
120,2381,2,11,81,94,1.1595744680851063,0.0435845055714996,624,Hello neighbor!
1957,2381,2,11,81,94,1.1595744680851063,0.0435845055714996,624,I'm not the only one who's flipped my lid.
324,2381,5,5,84,94,1.1595744680851063,0.05085224600868276,624,"Of course, I get seated next to the guy without any pants."
420,2381,1,13,80,94,1.1595744680851063,0.04087576943015152,624,"Hey buddy, you want to be my friend? I'll be your friend. Been dying here, if you know what I mean."
421,2381,3,9,82,94,1.1595744680851063,0.046134474369144494,624,Come on that’s the first time I have seen a dead man offering more than one hand .  What are you? From out of space?
466,2381,2,11,81,94,1.1595744680851063,0.0435845055714996,624,What was the weather like up there?
641,2381,3,9,82,94,1.1595744680851063,0.046134474369144494,624,Ah nuts...still here! Seems like ‘Immortal Attraction’ would have been a less misleading film title...
655,2381,3,9,82,94,1.1595744680851063,0.046134474369144494,624,"peace"" in our time"
796,2381,1,13,80,94,1.1595744680851063,0.04087576943015152,624,"Look lady, give it a rest - besides the obvious age difference, I want a woman with a little meat on her bones...."
800,2381,2,11,81,94,1.1595744680851063,0.0435845055714996,624,Be a smug bastard. I've got cryogenics
874,2381,3,9,82,94,1.1595744680851063,0.046134474369144494,624,"Hey neighbor, don't despair. Trust the process."
886,2381,1,13,80,94,1.1595744680851063,0.04087576943015152,624,I’m the one dressed up. Why is he so happy?
910,2381,3,9,82,94,1.1595744680851063,0.046134474369144494,624,"I'm a member of Congress  I was asleep at my desk, along with most of my pals, and suddenly . . ."
1045,2381,4,7,83,94,1.1595744680851063,0.04855069849881071,624,Buddy just because I'm dead doesn't mean I wanna talk to you even though you're a fucking sick-ass skeleton.
254,2381,3,9,82,94,1.1595744680851063,0.046134474369144494,624,You are not in Congress anymore.
1169,2381,2,11,81,94,1.1595744680851063,0.0435845055714996,624,"Man: Great, buried alive! I could have stopped this, I was and still am alive! Pathetic, only a moron dies this way.
Skeleton:  Hello, I can hear every word you're saying!"
1819,2381,1,13,80,94,1.1595744680851063,0.04087576943015152,624,Is it safe to come up now?
1748,2381,2,11,81,94,1.1595744680851063,0.0435845055714996,624,I knew I’d take this romance to the grave...
1747,2381,2,11,81,94,1.1595744680851063,0.0435845055714996,624,Wish I had known naked and open casket was an option!
1727,2381,2,11,81,94,1.1595744680851063,0.0435845055714996,624,Hey honey !
1086,2381,3,9,82,94,1.1595744680851063,0.046134474369144494,624,This is like flying.  We used to have more space.
1520,2381,2,11,81,94,1.1595744680851063,0.0435845055714996,624,STOP! All I want is peace and quiet.
1486,2381,1,13,80,94,1.1595744680851063,0.04087576943015152,624,"You took my best, so why not take the rest.....BULLSHIT!!!"
1573,2381,3,9,82,94,1.1595744680851063,0.046134474369144494,624,I don't have to take this.  This is my plot. Stop looking at me from afar and trying to engage in small talk or I am going to call the police.
1332,2381,1,13,80,94,1.1595744680851063,0.04087576943015152,624,"Mildred, you know I'm allergic to flowers.  You'll be the death of me."
1285,2381,2,11,81,94,1.1595744680851063,0.0435845055714996,624,This time flowers donyorker.com/cartoons/contest?mbid=nl_Humor%20071718&CNDID=43105533&spMailingID=1
1275,2381,2,11,81,94,1.1595744680851063,0.0435845055714996,624,"Sorry, man... I just got here myself."
1248,2381,2,11,81,94,1.1595744680851063,0.0435845055714996,624,"Louis, it’s mom. I’m so disappointed you won’t be coming with the children this weekend."
1204,2381,1,13,80,94,1.1595744680851063,0.04087576943015152,624,"Even in death, I can't get away from you."
1425,2381,2,11,81,94,1.1595744680851063,0.0435845055714996,624,"A REALLY BIG show tonight, including Skeets Mcgillicutty playing the bones!"
1805,2447,3,8,77,88,1.1590909090909092,0.04818102954737957,624,Well it's not great to see you again!
3729,2448,1,13,81,95,1.1578947368421053,0.040478076611364315,624,"In suburban cemeteries,even death doesn't separate you from your neighbors."
3610,2448,3,9,83,95,1.1578947368421053,0.04567716078766766,624,"Look, this is what happens."
3150,2448,1,13,81,95,1.1578947368421053,0.040478076611364315,624,I am president of the USA! They can't do this to me!
2852,2448,2,11,82,95,1.1578947368421053,0.04315598280527234,624,If only you let me bite your neck back in the day .....
2514,2448,1,13,81,95,1.1578947368421053,0.040478076611364315,624,"When you finally break through, come get me...."
2298,2448,2,11,82,95,1.1578947368421053,0.04315598280527234,624,I told you I'm not here to make friends!
1645,2448,4,7,84,95,1.1578947368421053,0.04806627906709574,624,"Finally, some me time."
1480,2448,1,13,81,95,1.1578947368421053,0.040478076611364315,624,"""Welcome neighbor,  you're not gonna really need a jacket after 6 pm."
841,2448,4,7,84,95,1.1578947368421053,0.04806627906709574,624,"Yeah, I hear ya. Well, you might have been incel in life, but how about you start off death inskel?"
687,2448,1,13,81,95,1.1578947368421053,0.040478076611364315,624,"Hey new guy, welcome to the neighborhood"
651,2448,2,11,82,95,1.1578947368421053,0.04315598280527234,624,"Thanks for the flowers, but I look good because they stuffed & dressed me, not you."
2150,2448,1,13,81,95,1.1578947368421053,0.040478076611364315,624,"Two stiffs walk into a bar. Ouch! Ouch!""  ""Stop...you're killin me."
2301,2460,2,10,79,91,1.1538461538461537,0.04398655839495406,624,Keep them. They go great with your clavicle.
2663,2460,2,10,79,91,1.1538461538461537,0.04398655839495406,624,You are such a show-off.  Not everyone has decomposed yet.
2744,2460,2,10,79,91,1.1538461538461537,0.04398655839495406,624,This Corporate Mindfulness Training sis a bit macabre.
2795,2460,1,12,78,91,1.1538461538461537,0.04111711414037297,624,"They’re not daisies but...
Go for it!!!"
2853,2460,2,10,79,91,1.1538461538461537,0.04398655839495406,624,I like the way I look. George Zimmer guaranteed it.
3092,2460,1,12,78,91,1.1538461538461537,0.04111711414037297,624,Why do I always attract the skinny ones?
3227,2460,0,14,77,91,1.1538461538461537,0.03803178711331108,624,"Sorry lady, I am just not into the whole cougar thing."
3252,2460,2,10,79,91,1.1538461538461537,0.04398655839495406,624,I’m not sure I’m ready for the welcome wagon quite yet.
3639,2460,2,10,79,91,1.1538461538461537,0.04398655839495406,624,"Okay, okay, I know the tie doesn’t match."
3684,2460,0,14,77,91,1.1538461538461537,0.03803178711331108,624,"I told the wife, It's not my fault.  Women love men in a suit"
3697,2460,1,12,78,91,1.1538461538461537,0.04111711414037297,624,Bad news--you bought the farm without pre-approval from the bank
2135,2460,2,10,79,91,1.1538461538461537,0.04398655839495406,624,Hello from the other side (Adele)
3106,2460,3,8,80,91,1.1538461538461537,0.04667994819655381,624,It took you a while but here's your bouquet back.
1992,2460,2,10,79,91,1.1538461538461537,0.04398655839495406,624,Here you go big spender. Welcome to purgatory!
441,2460,0,14,77,91,1.1538461538461537,0.03803178711331108,624,Even here I can't lose weight-what's your secret ?
1888,2460,2,10,79,91,1.1538461538461537,0.04398655839495406,624,So I take it meal deliveries aren't reliable.
85,2460,1,12,78,91,1.1538461538461537,0.04111711414037297,624,You should take your clothes off now - they won’t fit for long.
87,2460,3,8,80,91,1.1538461538461537,0.04667994819655381,624,The trick to staying alive is wanting to die.
91,2460,1,12,78,91,1.1538461538461537,0.04111711414037297,624,Sorry. I'm late.
165,2460,0,14,77,91,1.1538461538461537,0.03803178711331108,624,"Well, there goes the neighborhood."
1942,2460,1,12,78,91,1.1538461538461537,0.04111711414037297,624,I’m an attorney and I’m not dead either. Who’s in on a clas action suit?
206,2460,1,12,78,91,1.1538461538461537,0.04111711414037297,624,"And, the weight loss is permanent."
1082,2460,1,12,78,91,1.1538461538461537,0.04111711414037297,624,"Oh, hey! HEY!!! Welcome neighbor! I've been waiting for someone to move in! There's sooo much to catch up on if you have the time!"
1228,2460,2,10,79,91,1.1538461538461537,0.04398655839495406,624,Sorry; my first wife was also the girl next door.
1566,2460,1,12,78,91,1.1538461538461537,0.04111711414037297,624,"Boss knows there ‘s a plot alongside Tony, Sal and Paulie, and he puts me next to Liberace.  Mamma Mia!"
1588,2460,2,10,79,91,1.1538461538461537,0.04398655839495406,624,"Hey man, I don't date other corpses."
1779,2460,2,10,79,91,1.1538461538461537,0.04398655839495406,624,Hi Pal...Don't despair.  I tried to get recognition for my New Yorker caption submissions and never got a response either!
1065,2460,3,8,80,91,1.1538461538461537,0.04667994819655381,624,There are neighbors down here too?! I would kill to have that tree in MY yard.
1894,2488,1,12,79,92,1.1521739130434783,0.040702099693023734,624,Welcome to the only Guaranteed no-Trump Zone!
2297,2488,0,14,78,92,1.1521739130434783,0.037653278425410365,624,Going my Way?
2156,2488,1,12,79,92,1.1521739130434783,0.040702099693023734,624,"Hi, you must be new in ground."
1429,2488,2,10,80,92,1.1521739130434783,0.04353794279315701,624,Welcome home
1545,2488,1,12,79,92,1.1521739130434783,0.040702099693023734,624,Damn it! I told them I wanted the blue suit!
1314,2488,3,8,81,92,1.1521739130434783,0.046200043353871234,624,Got a cigarette
384,2488,0,14,78,92,1.1521739130434783,0.037653278425410365,624,Now I get why Shavasana is the hardest yoga pose!
352,2488,2,10,80,92,1.1521739130434783,0.04353794279315701,624,He made no bones about disliking chatty neighbors.
1373,2488,3,8,81,92,1.1521739130434783,0.046200043353871234,624,trick or treat
2329,2497,1,11,76,88,1.1477272727272727,0.041332851083640286,624,"The priest lied, he said ""tell death due us part"""
2285,2497,1,11,76,88,1.1477272727272727,0.041332851083640286,624,"Come on man, stop moaning and take the hint."
2256,2497,3,7,78,88,1.1477272727272727,0.04723209309791176,624,what time is it
2136,2497,2,9,77,88,1.1477272727272727,0.04438059934877056,624,I tried to swipe left!
2112,2497,3,7,78,88,1.1477272727272727,0.04723209309791176,624,I don't like the terms of this pre-lease.
2048,2497,3,7,78,88,1.1477272727272727,0.04723209309791176,624,Now you aren//www.newyorker.com/cartoons/contest#thisweek?reload=true
2015,2497,2,9,77,88,1.1477272727272727,0.04438059934877056,624,How long before I am picked to the bones?
1855,2497,1,11,76,88,1.1477272727272727,0.041332851083640286,624,Only my wife would dress me in my best suit!!?
1733,2497,2,9,77,88,1.1477272727272727,0.04438059934877056,624,Don't worry--you'll soon be in fashion.
1732,2497,0,13,75,88,1.1477272727272727,0.03804170814840831,624,Eh...Is it Caitlyn or Bruce?
1685,2497,2,9,77,88,1.1477272727272727,0.04438059934877056,624,GOD!  THIS is why I directed my attorney to bury me in my stretch limo.
1684,2497,1,11,76,88,1.1477272727272727,0.041332851083640286,624,Just great. Surrounded by cougars.
1628,2497,1,11,76,88,1.1477272727272727,0.041332851083640286,624,I have to take a presser in the afterlife?
1964,2497,1,11,76,88,1.1477272727272727,0.041332851083640286,624,"I've had good ""work done."""
2406,2497,1,11,76,88,1.1477272727272727,0.041332851083640286,624,"They all told me I was on a 'diet to die for' """
3518,2497,1,11,76,88,1.1477272727272727,0.041332851083640286,624,I’m just not ready for a commitment.
2533,2497,1,11,76,88,1.1477272727272727,0.041332851083640286,624,"It's so nice of you to gift me with flowers, but I told you that you would lose the weight, all by yourself!"
3723,2497,2,9,77,88,1.1477272727272727,0.04438059934877056,624,It appears I'm getting an unexpected second opinion.
3712,2497,1,11,76,88,1.1477272727272727,0.041332851083640286,624,That's it! No more blind dates!
3657,2497,1,11,76,88,1.1477272727272727,0.041332851083640286,624,Hi...Great timing... TGIF (thank God its forever!)
3621,2497,4,5,79,88,1.1477272727272727,0.04992097393144001,624,Does this have anything to do with Harvey Weinstein?
3574,2497,2,9,77,88,1.1477272727272727,0.04438059934877056,624,Stop complaining.  The Walking Dead throw great parties - and you'll meet interesting people.
3541,2497,2,9,77,88,1.1477272727272727,0.04438059934877056,624,"It's welcome to the underground.
All dressed up and no place to go!"
1472,2497,2,9,77,88,1.1477272727272727,0.04438059934877056,624,My name is Red Skeleton and I disapprove this cartoon!
3505,2497,2,9,77,88,1.1477272727272727,0.04438059934877056,624,"Hey, do you validate parking?"
3390,2497,0,13,75,88,1.1477272727272727,0.03804170814840831,624,"Exactly, then I choked!"
3236,2497,2,9,77,88,1.1477272727272727,0.04438059934877056,624,"For the last time, I don't want any life insurance..."
3163,2497,3,7,78,88,1.1477272727272727,0.04723209309791176,624,"Hi, I'm Edgar Allan Poe. What's your name?"
2930,2497,1,11,76,88,1.1477272727272727,0.041332851083640286,624,"I guess that’s why they say: « live fast, die young and leave a good-looking corpse. »"
2691,2497,3,7,78,88,1.1477272727272727,0.04723209309791176,624,"Oh, I didn't mean this nineteenth hole!"
2606,2497,2,9,77,88,1.1477272727272727,0.04438059934877056,624,"I can't accept, my wife will kill me."
2585,2497,2,9,77,88,1.1477272727272727,0.04438059934877056,624,What took you so long?
2425,2497,2,9,77,88,1.1477272727272727,0.04438059934877056,624,"Boy this business is rough, I'm retelling ya... One minute I'm dying on the stage at Sir Yuks A lot next thing,  my audience is reduced to a conversation starved Shelly Winters...a lotta woman. Now she's skin and bones minus the skin!
Sheesh!"
1386,2497,0,13,75,88,1.1477272727272727,0.03804170814840831,624,"There was no mention of creepy neighbors. Alright, this is the last time I book on NoAirBnB."
1656,2497,2,9,77,88,1.1477272727272727,0.04438059934877056,624,"- I thought there's an afterlife..
- ditto!"
1359,2497,1,11,76,88,1.1477272727272727,0.041332851083640286,624,"Hello there, my son! Your boss fired you, isn't it?"
395,2497,0,13,75,88,1.1477272727272727,0.03804170814840831,624,"No .. No .. I'm not really dead..!!  I play a character on the ""Young & the Restless"" and I'll be back in a few weeks."
376,2497,2,9,77,88,1.1477272727272727,0.04438059934877056,624,I knew you were at that nude beach that day!
351,2497,2,9,77,88,1.1477272727272727,0.04438059934877056,624,"Why did I have to insist upon an open-casket burial, anyway?"
334,2497,2,9,77,88,1.1477272727272727,0.04438059934877056,624,I’m not arguing with a has- bin
309,2497,1,11,76,88,1.1477272727272727,0.041332851083640286,624,"We're not on Facebook anymore, Harry.  Would you give it a rest already?"
281,2497,0,13,75,88,1.1477272727272727,0.03804170814840831,624,Please! I need six more feet!
444,2497,2,9,77,88,1.1477272727272727,0.04438059934877056,624,Your fifty minutes are up!!!!!!!!
233,2497,3,7,78,88,1.1477272727272727,0.04723209309791176,624,Im sorry. I’m just not physically attracted to you.
194,2497,0,13,75,88,1.1477272727272727,0.03804170814840831,624,Our lawyer said we should bury everything...
147,2497,2,9,77,88,1.1477272727272727,0.04438059934877056,624,They said this networking event wasn't as lively as others.
139,2497,1,11,76,88,1.1477272727272727,0.041332851083640286,624,"Yak, yak, yak, put q lid on it."
116,2497,3,7,78,88,1.1477272727272727,0.04723209309791176,624,Long time no see. We need to get together more often.
1367,2497,2,9,77,88,1.1477272727272727,0.04438059934877056,624,You take ONE nap...
77,2497,0,13,75,88,1.1477272727272727,0.03804170814840831,624,What? No Facebook?
204,2497,1,11,76,88,1.1477272727272727,0.041332851083640286,624,Who else feels like it's dead down here?
520,2497,0,13,75,88,1.1477272727272727,0.03804170814840831,624,"In the end, ""Dress for Success"" didn't change things all that much for you, did it?"
114,2497,1,11,76,88,1.1477272727272727,0.041332851083640286,624,"Be mine, till decomposition do us part."
608,2497,3,7,78,88,1.1477272727272727,0.04723209309791176,624,You can have my flowers Mr President.  Somebody loves you!
533,2497,1,11,76,88,1.1477272727272727,0.041332851083640286,624,Hey son!  I told you that job would be the end of you.
1238,2497,3,7,78,88,1.1477272727272727,0.04723209309791176,624,"Such small spaces, I can't even roll over."
1139,2497,2,9,77,88,1.1477272727272727,0.04438059934877056,624,Quiet down over there!
1106,2497,2,9,77,88,1.1477272727272727,0.04438059934877056,624,Isn't this fun!
967,2497,1,11,76,88,1.1477272727272727,0.041332851083640286,624,Wish you could have seen my hot dress!
966,2497,4,5,79,88,1.1477272727272727,0.04992097393144001,624,"I died before my time.

You must be a Democrat."
944,2497,2,9,77,88,1.1477272727272727,0.04438059934877056,624,I guess i had things mixed up. I always thought the open-casket thing was temporary and that the death-deal was the thing that was permanent.
1354,2497,3,7,78,88,1.1477272727272727,0.04723209309791176,624,"Good Night, Jimmy!"
793,2497,2,9,77,88,1.1477272727272727,0.04438059934877056,624,Omg-will you still love me when I'm gone?
776,2497,2,9,77,88,1.1477272727272727,0.04438059934877056,624,Why aren't you dead yet?
762,2497,1,11,76,88,1.1477272727272727,0.041332851083640286,624,Now I know why they call it a R.I.P tide.
701,2497,0,13,75,88,1.1477272727272727,0.03804170814840831,624,"But I thought I knew where the bodies were buried.

Over here, over here."
672,2497,3,7,78,88,1.1477272727272727,0.04723209309791176,624,"No no.. i get it.. Stand up straight, facing downstage. Raise your arms above your head and clap once, then lunge to the left while facing forward and moving your head blah blah blah.. ...but.. Which One Is Michael?"
667,2497,1,11,76,88,1.1477272727272727,0.041332851083640286,624,Stewart! I already told you not to knock before 9am!
870,2497,2,9,77,88,1.1477272727272727,0.04438059934877056,624,Dave had that dream again.
633,2497,1,11,76,88,1.1477272727272727,0.041332851083640286,624,"Didn't quite catch that name, was it ""Tex"" or ""Taxes""?"
3716,2567,2,9,78,89,1.146067415730337,0.043910490827793,624,I only regret that I had but one life to give for my company.
1292,2568,3,8,85,96,1.1458333333333333,0.04437471686755897,624,Pace! Pace!
2546,2569,1,10,74,85,1.1411764705882352,0.04151521329086001,624,Trust me - I didn't even have to give up carbs.
2448,2569,3,6,76,85,1.1411764705882352,0.04778846120374095,624,It's a really long ride!
2424,2569,1,10,74,85,1.1411764705882352,0.04151521329086001,624,We're good right here .... no political discussions allowed.
2374,2569,3,6,76,85,1.1411764705882352,0.04778846120374095,624,How could I be here already? I’m only thirty-nine.
2308,2569,0,12,73,85,1.1411764705882352,0.03799211615279771,624,So . . . we're really on this Lazy River  forever?
2152,2569,2,8,75,85,1.1411764705882352,0.04476186970406316,624,"Too rich, too thin, AND too safe?"
2198,2569,2,8,75,85,1.1411764705882352,0.04476186970406316,624,"As Fate would have it, an honest politician was finally found. Sadly, he was buried alive because honesty was unacceptable, except to his biggest fan who waited years to find such a man."
2161,2569,0,12,73,85,1.1411764705882352,0.03799211615279771,624,Sorry man - can't help you. You're the one who wanted to be under the tree with those big roots.
2138,2569,1,10,74,85,1.1411764705882352,0.04151521329086001,624,"Don't you tell me about a bone you have to pick with me,
I said ‘would’ instead of ‘wouldn’t and they bury me for that?"
2089,2569,1,10,74,85,1.1411764705882352,0.04151521329086001,624,The funeral home didn't tell  me about the bare-bones option!
2589,2569,2,8,75,85,1.1411764705882352,0.04476186970406316,624,"Listen, I know you’ve spent your whole life here, and this is a great neighborhood, but I expected at least SOME light for the rent I’m paying!  And the WiFi?  Forget it!"
2275,2569,1,10,74,85,1.1411764705882352,0.04151521329086001,624,When you are dead and burried you gain the ability to see through dirt.
2645,2569,2,8,75,85,1.1411764705882352,0.04476186970406316,624,"Are you gonna talk me to , uh, what's after death?"
3185,2569,1,10,74,85,1.1411764705882352,0.04151521329086001,624,"Sorry, I don't date older women."
2668,2569,0,12,73,85,1.1411764705882352,0.03799211615279771,624,Turf's up
2837,2569,1,10,74,85,1.1411764705882352,0.04151521329086001,624,Don't worry. This is the only diet guaranteed to work forever.
2931,2569,2,8,75,85,1.1411764705882352,0.04476186970406316,624,For anytime the moment is right
2934,2569,3,6,76,85,1.1411764705882352,0.04778846120374095,624,Don’t you think it’s a little late for “I’m sorry”?
2966,2569,0,12,73,85,1.1411764705882352,0.03799211615279771,624,No talking ! I know the rules. I've been here longer than you.
2989,2569,2,8,75,85,1.1411764705882352,0.04476186970406316,624,"Rumored to be considering a reboot, Sullivan and Wences had this to say, “Tsaright, Tsaright.”"
3132,2569,2,8,75,85,1.1411764705882352,0.04476186970406316,624,"They're hand fashioned, yet bone dry... What took you so long?"
3225,2569,2,8,75,85,1.1411764705882352,0.04476186970406316,624,"Didn't you read the headstone, man? Can't a guy actually rest in peace?"
3246,2569,1,10,74,85,1.1411764705882352,0.04151521329086001,624,"This is a grave situation, I could use some help."
3284,2569,3,6,76,85,1.1411764705882352,0.04778846120374095,624,"Hey, hey, hey! Quiet down. This is Woodlawn. There are already enough gabby politicians here!"
3314,2569,3,6,76,85,1.1411764705882352,0.04778846120374095,624,I won't be needing these!
2036,2569,2,8,75,85,1.1411764705882352,0.04476186970406316,624,Please stop asking if you can knock the wall down.
3350,2569,3,6,76,85,1.1411764705882352,0.04778846120374095,624,"Would you prefer the bottom bunk, then?"
1918,2569,1,10,74,85,1.1411764705882352,0.04151521329086001,624,No I won’t be your Valentine and those were my flowers in the first place!!
721,2569,2,8,75,85,1.1411764705882352,0.04476186970406316,624,Aaaand they buried me next to Urkel.
1722,2569,1,10,74,85,1.1411764705882352,0.04151521329086001,624,We have nudists here too.
1861,2569,1,10,74,85,1.1411764705882352,0.04151521329086001,624,"I'm not really dead, I'm just avoiding the news."
45,2569,1,10,74,85,1.1411764705882352,0.04151521329086001,624,"These napping pods really are restorative, don’t you think?"
106,2569,1,10,74,85,1.1411764705882352,0.04151521329086001,624,"Yes, I have lost weight, thank you."
125,2569,2,8,75,85,1.1411764705882352,0.04476186970406316,624,Oh no!I get to spend eternity next to a liberal democrat!
169,2569,2,8,75,85,1.1411764705882352,0.04476186970406316,624,"Hey, welcome to the neighborhood.  Do you like monster trucks?  I do, Grave Digger is my favorite."
176,2569,1,10,74,85,1.1411764705882352,0.04151521329086001,624,What did I do to deserve this? They put me next to my ex-wife.
211,2569,2,8,75,85,1.1411764705882352,0.04476186970406316,624,Why'd I have to get buried next to that Great Aunt I met once?
412,2569,2,8,75,85,1.1411764705882352,0.04476186970406316,624,"Hello, I'm trying to rest in peace here?"
438,2569,0,12,73,85,1.1411764705882352,0.03799211615279771,624,Calm down Debbie! Yes I see you waving.
472,2569,2,8,75,85,1.1411764705882352,0.04476186970406316,624,No bones about it..it's cold without clothes!
481,2569,2,8,75,85,1.1411764705882352,0.04476186970406316,624,Sick
553,2569,1,10,74,85,1.1411764705882352,0.04151521329086001,624,"No respect, I tell ya.."
935,2569,1,10,74,85,1.1411764705882352,0.04151521329086001,624,"Yes, I just moved in."
251,2569,1,10,74,85,1.1411764705882352,0.04151521329086001,624,"Hi, I'm not into looks. I don't have eyeballs!"
1093,2569,2,8,75,85,1.1411764705882352,0.04476186970406316,624,Can a guy get some Rest In Peace and quiet around here?!?
1022,2569,1,10,74,85,1.1411764705882352,0.04151521329086001,624,It's impossible to get a little peace and quiet these days
1512,2569,0,12,73,85,1.1411764705882352,0.03799211615279771,624,I can't get peace & quiet ANYWHERE!
1450,2569,0,12,73,85,1.1411764705882352,0.03799211615279771,624,Can't I die in peace?
1329,2569,2,8,75,85,1.1411764705882352,0.04476186970406316,624,I wish I had spent more time watching the Office.
1716,2569,1,10,74,85,1.1411764705882352,0.04151521329086001,624,"I’m so sick of all the crypt calling in this graveyard, just because I have flash everyone gets their bones rattling!!!"
1193,2569,3,6,76,85,1.1411764705882352,0.04778846120374095,624,"Hey, I can't afford to lose that much weight."
1271,2569,2,8,75,85,1.1411764705882352,0.04476186970406316,624,"Sure, it's easy for you to be happy -- You're rent-controlled!"
1165,2569,2,8,75,85,1.1411764705882352,0.04476186970406316,624,Hey! Quit your complaining. You'll get used to it after awhile.
1152,2569,1,10,74,85,1.1411764705882352,0.04151521329086001,624,"The tombstones say RIP, rest in peace, so bug off!"
1125,2569,1,10,74,85,1.1411764705882352,0.04151521329086001,624,Don’t interrupt; I’m not done!
1100,2569,1,10,74,85,1.1411764705882352,0.04151521329086001,624,Howdy neighbor. So nice to see a fresh face.
1184,2569,0,12,73,85,1.1411764705882352,0.03799211615279771,624,"Ok.  So, it will be a little rougher on you with all the ants and termites!"
2381,2626,2,8,76,86,1.1395348837209303,0.04426876841626457,624,That's the last time I ghost a Bumble date.
2390,2626,2,8,76,86,1.1395348837209303,0.04426876841626457,624,Flores por los despitados. Flores por los despitados....
2391,2626,2,8,76,86,1.1395348837209303,0.04426876841626457,624,"Too little, too late!"
2466,2626,2,8,76,86,1.1395348837209303,0.04426876841626457,624,"Say, I was wondering when you were going to move in. Welcome to the neighborhood!"
2480,2626,0,12,74,86,1.1395348837209303,0.03758361657235561,624,I can't even Rest In Peace here!!??
2685,2626,3,6,77,86,1.1395348837209303,0.04725803284427288,624,"For Heaven sakes, don’t act like you now me."
2509,2626,2,8,76,86,1.1395348837209303,0.04426876841626457,624,Don't worry. Eventually we all get back to our roots.
2601,2626,2,8,76,86,1.1395348837209303,0.04426876841626457,624,"“Welcome onboard, now layback and leave the dieting to them above.”"
2646,2626,1,10,75,86,1.1395348837209303,0.041062465170461374,624,How am I supposed to Rest in Peace? This bonehead won't stop talking.
2652,2626,1,10,75,86,1.1395348837209303,0.041062465170461374,624,"You have to do better than flowers, John! #metoo"
2332,2626,1,10,75,86,1.1395348837209303,0.041062465170461374,624,Two men in a boat?
2500,2626,2,8,76,86,1.1395348837209303,0.04426876841626457,624,"Hell, no, I was Scroll and Key."
2319,2626,3,6,77,86,1.1395348837209303,0.04725803284427288,624,"Hell no I can't rest in peace, but at least I can route a piss."
1982,2626,2,8,76,86,1.1395348837209303,0.04426876841626457,624,Oh God...Not again....I’m just gonna play dead
2283,2626,2,8,76,86,1.1395348837209303,0.04426876841626457,624,I'm not here to make friends or influence skeletons.
2272,2626,2,8,76,86,1.1395348837209303,0.04426876841626457,624,"Sorry about these flowers, but everything around here is bare bones."
2228,2626,2,8,76,86,1.1395348837209303,0.04426876841626457,624,All I got was this stinking wooden box.
2196,2626,1,10,75,86,1.1395348837209303,0.041062465170461374,624,I hate pushy neighbors.
2151,2626,2,8,76,86,1.1395348837209303,0.04426876841626457,624,The deep state will rise and win
2107,2626,2,8,76,86,1.1395348837209303,0.04426876841626457,624,"Dr. Tarnower, I've been dying to tell you my improvements to your Scaresdale Diet!"
2098,2626,2,8,76,86,1.1395348837209303,0.04426876841626457,624,"What do I have to do, to rest in peace."
2050,2626,1,10,75,86,1.1395348837209303,0.041062465170461374,624,I'm afraid that there is nothing else I can do.  Life insurance of definitely off the table.
2018,2626,1,10,75,86,1.1395348837209303,0.041062465170461374,624,"Hey, Buddy, Your Jokes Are Killing Over Here!"
2005,2626,1,10,75,86,1.1395348837209303,0.041062465170461374,624,I've tried rolling over but can you please keep it quiet over there?
2001,2626,2,8,76,86,1.1395348837209303,0.04426876841626457,624,I was only following orders.
2687,2626,1,10,75,86,1.1395348837209303,0.041062465170461374,624,The IRS said I was “creative” too.
1912,2626,3,6,77,86,1.1395348837209303,0.04725803284427288,624,"Say, hiya  Irv -- haven't seen you since you were dying in the Catskills!"
2316,2626,1,10,75,86,1.1395348837209303,0.041062465170461374,624,Trump and Pence still poised for 2064 campaign
2732,2626,1,10,75,86,1.1395348837209303,0.041062465170461374,624,They say skinless is healthier.
3188,2626,0,12,74,86,1.1395348837209303,0.03758361657235561,624,This isn’t a share ride.
2752,2626,0,12,74,86,1.1395348837209303,0.03758361657235561,624,You always had to be first at everything Mortimer.
3757,2626,1,10,75,86,1.1395348837209303,0.041062465170461374,624,"You’ve got to be kidding me, Brenda. Til death do us part. We agreed!"
3653,2626,2,8,76,86,1.1395348837209303,0.04426876841626457,624,Hi Honey! I’ve been waiting so long for you. Now we have forever together...
3619,2626,2,8,76,86,1.1395348837209303,0.04426876841626457,624,"It’s so liberating, No tendons and ligaments to restrict me.


Ron Douglas, Longmont,CO"
3611,2626,0,12,74,86,1.1395348837209303,0.03758361657235561,624,See you later. I'm not sticking around in this hole.
3589,2626,3,6,77,86,1.1395348837209303,0.04725803284427288,624,I can't see who you are without my glasses.
3562,2626,1,10,75,86,1.1395348837209303,0.041062465170461374,624,That was then; this is now
3552,2626,3,6,77,86,1.1395348837209303,0.04725803284427288,624,You still think you’re better than me?
3532,2626,0,12,74,86,1.1395348837209303,0.03758361657235561,624,This is what follows being Secretary of State?
3520,2626,2,8,76,86,1.1395348837209303,0.04426876841626457,624,So what part of that oath didn't you understand?
3512,2626,1,10,75,86,1.1395348837209303,0.041062465170461374,624,My clothes will be off soon enough.
3432,2626,2,8,76,86,1.1395348837209303,0.04426876841626457,624,He’s a good guy... his wardrobe is just a little bare-bones.
3368,2626,1,10,75,86,1.1395348837209303,0.041062465170461374,624,"Would you stop the rattling, grabdma?! You should have specified you wanted to be cremated."
3339,2626,2,8,76,86,1.1395348837209303,0.04426876841626457,624,Is there a card?
3337,2626,2,8,76,86,1.1395348837209303,0.04426876841626457,624,"Hello, don't I know you from somewhere?"
3320,2626,2,8,76,86,1.1395348837209303,0.04426876841626457,624,Did you bring any milk?
3298,2626,2,8,76,86,1.1395348837209303,0.04426876841626457,624,Just my luck.  A new friend request but no phone.
3280,2626,1,10,75,86,1.1395348837209303,0.041062465170461374,624,I guess that line in the vows was important.
1896,2626,3,6,77,86,1.1395348837209303,0.04725803284427288,624,How appropriate - these flowers for you are as dead as you are.
3140,2626,2,8,76,86,1.1395348837209303,0.04426876841626457,624,Hi friend! What brings you here?
3096,2626,2,8,76,86,1.1395348837209303,0.04426876841626457,624,I swear they said it was the Garden of Halos.
3074,2626,1,10,75,86,1.1395348837209303,0.041062465170461374,624,"Sorry, I'm not into cougars."
3045,2626,2,8,76,86,1.1395348837209303,0.04426876841626457,624,Knock it off! I want to Rest In Peace.
3008,2626,1,10,75,86,1.1395348837209303,0.041062465170461374,624,"Alright, alright--what is it about PEACE that some of you stiffs will never get?"
2905,2626,1,10,75,86,1.1395348837209303,0.041062465170461374,624,I've been laying here for a while wondering what it would be like to visit with the dead. Yoo-Hoo!
2890,2626,2,8,76,86,1.1395348837209303,0.04426876841626457,624,Am I being detained?
2849,2626,1,10,75,86,1.1395348837209303,0.041062465170461374,624,I can't  do stand up comedy anymore!
2848,2626,2,8,76,86,1.1395348837209303,0.04426876841626457,624,"Honey, I am afraid to say, I am not so glad to see you!"
2845,2626,3,6,77,86,1.1395348837209303,0.04725803284427288,624,That joke is so old I saw Fatty Arbuckle tell it.
2761,2626,1,10,75,86,1.1395348837209303,0.041062465170461374,624,"Sorry, I didn't know it was a flesh-optional zone."
2749,2626,1,10,75,86,1.1395348837209303,0.041062465170461374,624,"Look, I'm not interested. I'm dead."
1826,2626,0,12,74,86,1.1395348837209303,0.03758361657235561,624,"I'm sorry, Amanda, but I've moved on."
2583,2626,2,8,76,86,1.1395348837209303,0.04426876841626457,624,The thing above the graveyard shift is you’ve got to go down 6 floors. Other than that it’s not so bad.
1822,2626,0,12,74,86,1.1395348837209303,0.03758361657235561,624,Hey! Guess how many fingers am I holding up?
818,2626,2,8,76,86,1.1395348837209303,0.04426876841626457,624,"Hey, look over here pal.I know it sucks but at least they fixed you up with a nice suit."
751,2626,0,12,74,86,1.1395348837209303,0.03758361657235561,624,"Sorry, thought you were sleeping."
694,2626,2,8,76,86,1.1395348837209303,0.04426876841626457,624,"Look, we’re bunkies and nothing more."
665,2626,1,10,75,86,1.1395348837209303,0.041062465170461374,624,"Grow something more than flowers , Sweetie."
658,2626,2,8,76,86,1.1395348837209303,0.04426876841626457,624,Not again!
629,2626,2,8,76,86,1.1395348837209303,0.04426876841626457,624,It's a great place to lose weight.
556,2626,0,12,74,86,1.1395348837209303,0.03758361657235561,624,"Because plastic is forever, honey."
552,2626,1,10,75,86,1.1395348837209303,0.041062465170461374,624,Hi!  Is there anything I can do to not look like you?
542,2626,2,8,76,86,1.1395348837209303,0.04426876841626457,624,"I 'm not sure exactly why either, but I know we have always aged gracefully."
450,2626,0,12,74,86,1.1395348837209303,0.03758361657235561,624,Hey! Aren't you that guy from high school voted most likely to succeed?
425,2626,2,8,76,86,1.1395348837209303,0.04426876841626457,624,Hiya George!  Aren’t ya a bit overdressed?
329,2626,1,10,75,86,1.1395348837209303,0.041062465170461374,624,"Sorry,  I don't  play gin."
325,2626,3,6,77,86,1.1395348837209303,0.04725803284427288,624,He's a corpse because he's dead. I like corpses that aren't dead.
834,2626,3,6,77,86,1.1395348837209303,0.04725803284427288,624,Hey there! You got what you deserved for voting for Trump.
315,2626,2,8,76,86,1.1395348837209303,0.04426876841626457,624,You can have these. When you've been down here as long as I have flowers don't hold the same meaning.
292,2626,1,10,75,86,1.1395348837209303,0.041062465170461374,624,Amor... E... Morte...
255,2626,2,8,76,86,1.1395348837209303,0.04426876841626457,624,"If you say will power one more time, I'll scream"
241,2626,1,10,75,86,1.1395348837209303,0.041062465170461374,624,Hey buddy what's your cell phone number?
240,2626,1,10,75,86,1.1395348837209303,0.041062465170461374,624,Please! Don't go!
172,2626,0,12,74,86,1.1395348837209303,0.03758361657235561,624,All I did was say I didnt like the World Cup and now my best friend is a skeleton
164,2626,2,8,76,86,1.1395348837209303,0.04426876841626457,624,"Don't freak out! Stay with me, stay with me!"
153,2626,1,10,75,86,1.1395348837209303,0.041062465170461374,624,"As one bonehead to another, glad to have aboard!"
102,2626,1,10,75,86,1.1395348837209303,0.041062465170461374,624,Hello from the other siiiide...
28,2626,2,8,76,86,1.1395348837209303,0.04426876841626457,624,Yeah! This is a good place for the hide and seek contest. They’re still looking For me!
26,2626,1,10,75,86,1.1395348837209303,0.041062465170461374,624,"Oh great, I presume you have another deadline."
9,2626,2,8,76,86,1.1395348837209303,0.04426876841626457,624,Of course I'm happy we're together again...said no one ever.
4,2626,2,8,76,86,1.1395348837209303,0.04426876841626457,624,EVERYONE is right post hoc about term vs. whole life!
1823,2626,1,10,75,86,1.1395348837209303,0.041062465170461374,624,I need a few more years to get the hang of this...
305,2626,0,12,74,86,1.1395348837209303,0.03758361657235561,624,"Sure, Love can transcend Death, but political outrage?"
879,2626,3,6,77,86,1.1395348837209303,0.04725803284427288,624,"I don't get it. They said ""Until 120"" so I took 120 vitamins a day -- and here I am."
258,2626,0,12,74,86,1.1395348837209303,0.03758361657235561,624,Your turn to go get the pizza.
947,2626,2,8,76,86,1.1395348837209303,0.04426876841626457,624,"Remarried three times, but I guess love really never dies."
1821,2626,2,8,76,86,1.1395348837209303,0.04426876841626457,624,"That's not what I call ""resting in peace""."
890,2626,2,8,76,86,1.1395348837209303,0.04426876841626457,624,Is that your best suit?  Big mistake.
1817,2626,2,8,76,86,1.1395348837209303,0.04426876841626457,624,"Just trying to be friendly to a newcomer.  I'd say ""suit yourself"" but I see you've already done that."
1772,2626,3,6,77,86,1.1395348837209303,0.04725803284427288,624,"Don't worry, the worms and the ants are on their way!"
1751,2626,2,8,76,86,1.1395348837209303,0.04426876841626457,624,The view from the in-ground Coffin-Cam
1735,2626,2,8,76,86,1.1395348837209303,0.04426876841626457,624,"I am feeling very existential.   Hey, over here,  you are not alone!"
1710,2626,1,10,75,86,1.1395348837209303,0.041062465170461374,624,"Hey, Buddy. Sprouting wings gives everybody back spasms. You’ll be fine."
1583,2626,3,6,77,86,1.1395348837209303,0.04725803284427288,624,"Hey dude, Welcome. Here life is beautiful with no commitment."
1575,2626,1,10,75,86,1.1395348837209303,0.041062465170461374,624,Hello. Welcome to the deep state.
1519,2626,1,10,75,86,1.1395348837209303,0.041062465170461374,624,no cable?
1490,2626,2,8,76,86,1.1395348837209303,0.04426876841626457,624,Too shy to bare it all
1488,2626,1,10,75,86,1.1395348837209303,0.041062465170461374,624,"Yeah, I get it, you were buried naked. That ain't my problem, bub.  My problem is, yeah I see you wavin' to me, pal, and I get it, you were buried naked and you're lonely, I get it! But what I'm trying to say is, yeah, I said I see you wavin'..."
1485,2626,1,10,75,86,1.1395348837209303,0.041062465170461374,624,"Here, there, everywhere...."
1481,2626,2,8,76,86,1.1395348837209303,0.04426876841626457,624,"What part of ""rest in peace"" doesn't this guy get?"
1596,2626,2,8,76,86,1.1395348837209303,0.04426876841626457,624,"You’re still very, very dead to me, Hillary."
1349,2626,2,8,76,86,1.1395348837209303,0.04426876841626457,624,"Here, you need this more than I do."
1015,2626,2,8,76,86,1.1395348837209303,0.04426876841626457,624,Hide and ghost-seek!
1406,2626,1,10,75,86,1.1395348837209303,0.041062465170461374,624,"Hi, Honey! I've been waiting up all night for you."
1042,2626,2,8,76,86,1.1395348837209303,0.04426876841626457,624,At least they dressed you.
1044,2626,1,10,75,86,1.1395348837209303,0.041062465170461374,624,"Shove it, bonehead, I'm not feeling very neighborly right now."
1156,2626,2,8,76,86,1.1395348837209303,0.04426876841626457,624,"'Rest in Peace,'  come on, what does that mean, anyway?  Here we are, dead, I mean, what else are we going to do?  It's just some scam slogan by headstone salesmen.  Hey, are we just supposed to lie here and take it?  Man, I tell you..."
1157,2626,3,6,77,86,1.1395348837209303,0.04725803284427288,624,"This is one morbidly disgusting cartoon, isn't it?"
1053,2626,2,8,76,86,1.1395348837209303,0.04426876841626457,624,"High there Dude, I guess I'll see ya soon. RIP!"
1239,2626,1,10,75,86,1.1395348837209303,0.041062465170461374,624,what's with the clothes?
1244,2626,4,4,78,86,1.1395348837209303,0.05006914698222733,624,"Finally, eternal rest."
1256,2626,3,6,77,86,1.1395348837209303,0.04725803284427288,624,"Jesus, I wouldn’t have come if I knew how much you’ve let yourself go."
1291,2626,3,6,77,86,1.1395348837209303,0.04725803284427288,624,Welcome. The diet program here is marvelous.
1318,2626,1,10,75,86,1.1395348837209303,0.041062465170461374,624,You're still too fat.
1003,2626,1,10,75,86,1.1395348837209303,0.041062465170461374,624,"Hey, dude. I hope that suit’s not polyester. We tend to go natural down here, if you know what I mean."
2618,2751,1,9,73,83,1.1325301204819278,0.041181080368967886,624,"My tweet should NOT have been a double negative this time:  
""I see no reason why I SHOULD be in the dark!"""
2492,2751,1,9,73,83,1.1325301204819278,0.041181080368967886,624,"I can't see you, I said!"
2493,2751,1,9,73,83,1.1325301204819278,0.041181080368967886,624,Stop it! Your rattling is keeping me awake.
2505,2751,1,9,73,83,1.1325301204819278,0.041181080368967886,624,"Sorry, but I can't date you.  I'm undead, but I'm not unwed."
2459,2751,2,7,74,83,1.1325301204819278,0.0446064988608806,624,Abraham Lincoln tells Donald Trump to back where he came from.
2530,2751,2,7,74,83,1.1325301204819278,0.0446064988608806,624,"Stop the one liners, your killing me"
2534,2751,0,11,72,83,1.1325301204819278,0.03744359785176957,624,A roommate!
2472,2751,0,11,72,83,1.1325301204819278,0.03744359785176957,624,Oh no-a Trump fan. Even here I can't rest in peace.
2805,2751,3,5,75,83,1.1325301204819278,0.047787007657898936,624,You're killing it!
2665,2751,3,5,75,83,1.1325301204819278,0.047787007657898936,624,"I don't see you, I don't see you, I don't see you . . ."
2740,2751,1,9,73,83,1.1325301204819278,0.041181080368967886,624,"On behalf of the neighborhood welcome wagon, I extend to you a warm welcome from our community. We must advise you, however, that residential ""flipping"" or ""flipping of any sort is frowned upon around here!"
2742,2751,1,9,73,83,1.1325301204819278,0.041181080368967886,624,I followed the Keto diet to a T.
2815,2751,0,11,72,83,1.1325301204819278,0.03744359785176957,624,Rent is too damn high!
2836,2751,0,11,72,83,1.1325301204819278,0.03744359785176957,624,What kind of husband are you! The flowers you left in my coffin ten yrears ago only lasted a week before they died...
2417,2751,2,7,74,83,1.1325301204819278,0.0446064988608806,624,Great. I get the annoying cubicle neighbor.
2870,2751,0,11,72,83,1.1325301204819278,0.03744359785176957,624,Now I get it. RIP is “Rest in Purgatory.”
2620,2751,2,7,74,83,1.1325301204819278,0.0446064988608806,624,"Yoo-hoo, could you bring me up to date on the Apprentice?"
2412,2751,1,9,73,83,1.1325301204819278,0.041181080368967886,624,"Oh c’mon, for this price I can’t even get peace and quiet in death?"
2028,2751,1,9,73,83,1.1325301204819278,0.041181080368967886,624,"Hey there, big boy. What's the latest dirt?"
2365,2751,2,7,74,83,1.1325301204819278,0.0446064988608806,624,"Oy! You had to bury me next to Mama, already?"
2898,2751,1,9,73,83,1.1325301204819278,0.041181080368967886,624,Enough with your American politics. I’m trying to rest in peace here!
1950,2751,2,7,74,83,1.1325301204819278,0.0446064988608806,624,They call me 'the cougar'
2023,2751,1,9,73,83,1.1325301204819278,0.041181080368967886,624,"Thanks so much, but I really can't accept. Allergies."
2026,2751,0,11,72,83,1.1325301204819278,0.03744359785176957,624,"Look, I'm just not into the 'down-low!'"
3742,2751,2,7,74,83,1.1325301204819278,0.0446064988608806,624,"Call me old-fashioned, but age and distance do matter!"
2032,2751,3,5,75,83,1.1325301204819278,0.047787007657898936,624,"Where's your suit? 
Welcome to the underground!"
2118,2751,2,7,74,83,1.1325301204819278,0.0446064988608806,624,"Hey There! Remember me, your past?"
2397,2751,2,7,74,83,1.1325301204819278,0.0446064988608806,624,"No thanks, I had just consumed a salad before the heart attack."
2120,2751,1,9,73,83,1.1325301204819278,0.041181080368967886,624,Who'd a thought is was actually possible to be buried alive?
2186,2751,3,5,75,83,1.1325301204819278,0.047787007657898936,624,That is the last time we EVER join a Jamaican Bobsled Team with John Candy as our coach.
2191,2751,1,9,73,83,1.1325301204819278,0.041181080368967886,624,"Sorry, it wasn't meant to be a long term relationship."
2215,2751,0,11,72,83,1.1325301204819278,0.03744359785176957,624,I thought I'd updated my will. What the hell is she doing here?
2271,2751,1,9,73,83,1.1325301204819278,0.041181080368967886,624,Relax!  Relax!  I guarantee the place will eventually grow on you.
2286,2751,2,7,74,83,1.1325301204819278,0.0446064988608806,624,I knew I shouldn't have stressed so much about that project!
2292,2751,1,9,73,83,1.1325301204819278,0.041181080368967886,624,how's the weather down here?
2324,2751,1,9,73,83,1.1325301204819278,0.041181080368967886,624,"Peaceful? It's ceaseless shake, rattle, and roll. Mostly rattle."
2167,2751,3,5,75,83,1.1325301204819278,0.047787007657898936,624,Who ya gonna call?
2909,2751,1,9,73,83,1.1325301204819278,0.041181080368967886,624,It may be a case of misogyny. You always said WITCH-HUNT for WARLOCK-HUNT.
3646,2751,2,7,74,83,1.1325301204819278,0.0446064988608806,624,"I've been trying to tell you, our time is up !!!!"
2959,2751,1,9,73,83,1.1325301204819278,0.041181080368967886,624,Lay Back     You'll  Find Out
3500,2751,1,9,73,83,1.1325301204819278,0.041181080368967886,624,"Mr. Cohn! Mr. Cohn! Which part of ""Rest in Peace"" do you not understand?"
3533,2751,0,11,72,83,1.1325301204819278,0.03744359785176957,624,"Thanks for the welcome Harry, but isn't it too late for me to buy the plan-ahead funeral special?"
3571,2751,0,11,72,83,1.1325301204819278,0.03744359785176957,624,Friends forever!
3572,2751,1,9,73,83,1.1325301204819278,0.041181080368967886,624,Everlasting Dating Service?! This is NOT what I meant when I said looking for my SOULMATE!!!!
3584,2751,1,9,73,83,1.1325301204819278,0.041181080368967886,624,I guess that funeral music was loud enough to wake the dead!
3586,2751,1,9,73,83,1.1325301204819278,0.041181080368967886,624,Whatever suits you will work down here!
3602,2751,3,5,75,83,1.1325301204819278,0.047787007657898936,624,"I tell ya', I just don't get no respect."
3442,2751,1,9,73,83,1.1325301204819278,0.041181080368967886,624,Congratulations!
3618,2751,0,11,72,83,1.1325301204819278,0.03744359785176957,624,What can I say... flowers were never your thing.
3670,2751,1,9,73,83,1.1325301204819278,0.041181080368967886,624,Hey Alex! I missed you honey...
3671,2751,3,5,75,83,1.1325301204819278,0.047787007657898936,624,"Hey!  You’re Paul Ryan’s political career, right?!  I’ve been dying to meet you!  Get it?!  Dying!!  ‘Cause we’re dead!!  Hey-O!!!"
3672,2751,2,7,74,83,1.1325301204819278,0.0446064988608806,624,"Now, you want to make nice?  Boy, the plot thickens!"
3706,2751,1,9,73,83,1.1325301204819278,0.041181080368967886,624,Such a great audience!  Is there anyone here from 'Down Under'?
3722,2751,0,11,72,83,1.1325301204819278,0.03744359785176957,624,When does this end?
3728,2751,2,7,74,83,1.1325301204819278,0.0446064988608806,624,"Hey, Hey, I have had it up to my neck bone with you people ruining my neighborhood!"
1941,2751,0,11,72,83,1.1325301204819278,0.03744359785176957,624,THIS IS WHAT YOU WILL LOOK LIKE IN 50 YEARS
3656,2751,0,11,72,83,1.1325301204819278,0.03744359785176957,624,I asked not to be interred in the singles section.
2948,2751,1,9,73,83,1.1325301204819278,0.041181080368967886,624,I only felt light headed.
3440,2751,0,11,72,83,1.1325301204819278,0.03744359785176957,624,I missed you
3308,2751,2,7,74,83,1.1325301204819278,0.0446064988608806,624,Not in my bone yard!
2965,2751,0,11,72,83,1.1325301204819278,0.03744359785176957,624,"Hey, Honey   I've still got my figure"
2997,2751,1,9,73,83,1.1325301204819278,0.041181080368967886,624,"It’s very hot here. You'll be better if you take off your skin, bro."
3078,2751,1,9,73,83,1.1325301204819278,0.041181080368967886,624,"Once you're six feet under, can't you get a little privacy?!?"
3128,2751,1,9,73,83,1.1325301204819278,0.041181080368967886,624,No worries. You won't need those gold teeth anymore.
3145,2751,1,9,73,83,1.1325301204819278,0.041181080368967886,624,"I know you feel uncomfortable now, but believe me, you'll feel a lot better once you lose all of those excess pounds."
3152,2751,2,7,74,83,1.1325301204819278,0.0446064988608806,624,You must read George Saunders' new book Lincoln in Bardo; it'll help you get used to it here.
3173,2751,1,9,73,83,1.1325301204819278,0.041181080368967886,624,I can't believe I forgot my phone.
3435,2751,2,7,74,83,1.1325301204819278,0.0446064988608806,624,I thought 'til death do I part meant I could get a rest in the afterlife.
3180,2751,2,7,74,83,1.1325301204819278,0.0446064988608806,624,Lose weight now! Ask me how!
3213,2751,2,7,74,83,1.1325301204819278,0.0446064988608806,624,"I still don’t get how this is a memento, Maury."
3257,2751,2,7,74,83,1.1325301204819278,0.0446064988608806,624,Tell me what diet you were on. I need to lose weight.
3259,2751,2,7,74,83,1.1325301204819278,0.0446064988608806,624,What gives? Why does everyone keep rolling over?
3264,2751,1,9,73,83,1.1325301204819278,0.041181080368967886,624,You mean I wore my best suit for no reason?
3286,2751,1,9,73,83,1.1325301204819278,0.041181080368967886,624,"Darn it! I was supposed to be cremated!""

""Oh well, c'est la vie!"
3287,2751,1,9,73,83,1.1325301204819278,0.041181080368967886,624,"I've just got up from a long nap. Hey wait, are you new here ?"
3306,2751,1,9,73,83,1.1325301204819278,0.041181080368967886,624,Happy Valentomb
3199,2751,1,9,73,83,1.1325301204819278,0.041181080368967886,624,Hey over there! Do you have a blanket?
1921,2751,0,11,72,83,1.1325301204819278,0.03744359785176957,624,This suit is absolutely killing me.
1836,2751,1,9,73,83,1.1325301204819278,0.041181080368967886,624,It's easy to see why you never got elected. You're transparent!
1873,2751,2,7,74,83,1.1325301204819278,0.0446064988608806,624,"Hi, Oldtimer, what's it like here?"
518,2751,2,7,74,83,1.1325301204819278,0.0446064988608806,624,How was I supposed to know all those MAGA hats were really made in China?
549,2751,0,11,72,83,1.1325301204819278,0.03744359785176957,624,I told you I'm gay! When will it sink in!
644,2751,2,7,74,83,1.1325301204819278,0.0446064988608806,624,They told me this area was gentrified!
717,2751,1,9,73,83,1.1325301204819278,0.041181080368967886,624,You take them; I’m dead tired of taking care of them.
718,2751,1,9,73,83,1.1325301204819278,0.041181080368967886,624,I work myself to death and this is what I get? Overtime!
741,2751,2,7,74,83,1.1325301204819278,0.0446064988608806,624,"Jesus, how can you even snore?"
832,2751,1,9,73,83,1.1325301204819278,0.041181080368967886,624,"I’m sure some things went wrong in Cambodia, but who can remember?"
512,2751,2,7,74,83,1.1325301204819278,0.0446064988608806,624,I got a deal on this plot- the try it on for size was the issue!
842,2751,0,11,72,83,1.1325301204819278,0.03744359785176957,624,This going to be a Long Time Out!
859,2751,2,7,74,83,1.1325301204819278,0.0446064988608806,624,"We're all convinced that your uniqueness was extra special, unlike any of ours,and that your passing was also unique in being so untimely"
872,2751,2,7,74,83,1.1325301204819278,0.0446064988608806,624,"Hi Buddy, looks like you never got the “no carbs allowed,” down here, memo."
876,2751,3,5,75,83,1.1325301204819278,0.047787007657898936,624,"Let me sleep Mom , it's still dark outside."
893,2751,2,7,74,83,1.1325301204819278,0.0446064988608806,624,It's just a matter of time
898,2751,2,7,74,83,1.1325301204819278,0.0446064988608806,624,Rattling around in his box was the only way he could greet his new neighbour.
907,2751,1,9,73,83,1.1325301204819278,0.041181080368967886,624,What makes you think I want to meet my neighbors NOW?
909,2751,2,7,74,83,1.1325301204819278,0.0446064988608806,624,But will you still want to be my friend one hundred years from now?
849,2751,1,9,73,83,1.1325301204819278,0.041181080368967886,624,"All I said was 'yeah, ya look like ya mighta gained a little weight'."
912,2751,1,9,73,83,1.1325301204819278,0.041181080368967886,624,"I know it's frightening, but after you been here for a while you get used to it."
479,2751,1,9,73,83,1.1325301204819278,0.041181080368967886,624,"Shut up! I'm trying to get a little rest, here."
409,2751,1,9,73,83,1.1325301204819278,0.041181080368967886,624,"It's really not so bad - for starts, say goodbye to all your troubles and woes."
1875,2751,1,9,73,83,1.1325301204819278,0.041181080368967886,624,"All right, already...What do you want me to say? Nature vs nurture, who wins?"
44,2751,3,5,75,83,1.1325301204819278,0.047787007657898936,624,Hey buddy! I'll trade you this hand for your tie.
57,2751,1,9,73,83,1.1325301204819278,0.041181080368967886,624,"Welcome, my friend, to the cemetery of fake news!"
98,2751,2,7,74,83,1.1325301204819278,0.0446064988608806,624,Here's to the strength of your immune system.
104,2751,2,7,74,83,1.1325301204819278,0.0446064988608806,624,"I don't know about you, but I'm tired of all this winning!"
181,2751,2,7,74,83,1.1325301204819278,0.0446064988608806,624,There goes the neighborhood.
188,2751,3,5,75,83,1.1325301204819278,0.047787007657898936,624,"Ugh! Why did they have to bury us in alphabetical order!"" -Brian Skeleton"
430,2751,1,9,73,83,1.1325301204819278,0.041181080368967886,624,I just want to get out off this suit. I wore it when I got married!
195,2751,0,11,72,83,1.1325301204819278,0.03744359785176957,624,"When I said life is the root of all evil, this not the route I envisioned."
237,2751,2,7,74,83,1.1325301204819278,0.0446064988608806,624,"My wife said I was putting on too much weight.""  ""You're in luck! It is easier to fast when there are no food temptations; unless you are into insects."
303,2751,0,11,72,83,1.1325301204819278,0.03744359785176957,624,"I'm alright now, but last week – no respect at all!"
338,2751,1,9,73,83,1.1325301204819278,0.041181080368967886,624,"For the last time, I don't want to bone!"
346,2751,2,7,74,83,1.1325301204819278,0.0446064988608806,624,Who buried the necrophile naked?
357,2751,2,7,74,83,1.1325301204819278,0.0446064988608806,624,Welcome!
386,2751,2,7,74,83,1.1325301204819278,0.0446064988608806,624,How's a guy supposed to get some eternal rest around here when all I can hear is your bloody bones rattling?
406,2751,2,7,74,83,1.1325301204819278,0.0446064988608806,624,Keep it down. You're killing me with all your jibber-jab.
226,2751,1,9,73,83,1.1325301204819278,0.041181080368967886,624,Why do I always get stuck with the old guy as a roommate?
941,2751,1,9,73,83,1.1325301204819278,0.041181080368967886,624,"What can I say, I missed her birthday!"
808,2751,3,5,75,83,1.1325301204819278,0.047787007657898936,624,"Wait, wait, your saying there's DNA testing now?  Can we appeal?"
1021,2751,2,7,74,83,1.1325301204819278,0.0446064988608806,624,"Hey Democracy -- it's me, Monarchy! I guess we all do have a lifespan."
1561,2751,2,7,74,83,1.1325301204819278,0.0446064988608806,624,All I need is a breath mint.
1572,2751,2,7,74,83,1.1325301204819278,0.0446064988608806,624,"You had me at ""Rest In Peace"""
1608,2751,1,9,73,83,1.1325301204819278,0.041181080368967886,624,Hello BFF!  I'll check back with you after the welcoming committees are done with you.
1651,2751,1,9,73,83,1.1325301204819278,0.041181080368967886,624,They buried the lead.
1663,2751,2,7,74,83,1.1325301204819278,0.0446064988608806,624,No.  I come here all the time.
1669,2751,2,7,74,83,1.1325301204819278,0.0446064988608806,624,"OK, I see. All hands in! So, who cares?"
1673,2751,1,9,73,83,1.1325301204819278,0.041181080368967886,624,Is this it?
1507,2751,3,5,75,83,1.1325301204819278,0.047787007657898936,624,Even in the cemetery for pollical analysts there is no peace -- they just will not shut up!
1676,2751,0,11,72,83,1.1325301204819278,0.03744359785176957,624,"Hey buddy,can I borrow your jacket?"
983,2751,2,7,74,83,1.1325301204819278,0.0446064988608806,624,You voted for who?  You’re going to need these more than me.
1774,2751,3,5,75,83,1.1325301204819278,0.047787007657898936,624,Hey Buddy! Shut up and decompose for Chrissake!
1832,2751,2,7,74,83,1.1325301204819278,0.0446064988608806,624,"No, I don't want to friend you on Facebook !"
1842,2751,3,5,75,83,1.1325301204819278,0.047787007657898936,624,"No,not me. I have a yoga class."
1844,2751,2,7,74,83,1.1325301204819278,0.0446064988608806,624,"Hi honey! Told you, together until death do us part.
- Hell! Why not?"
1864,2751,2,7,74,83,1.1325301204819278,0.0446064988608806,624,Welcome to the Secret Rose Garden where all truths are revealed.”
1869,2751,2,7,74,83,1.1325301204819278,0.0446064988608806,624,I was warned to stay away from dating sites!
1697,2751,0,11,72,83,1.1325301204819278,0.03744359785176957,624,"Can you leave me in peace, I'm trying to rest."
1498,2751,3,5,75,83,1.1325301204819278,0.047787007657898936,624,I’m heading for my place in Rhinebeck. How about you?
1724,2751,3,5,75,83,1.1325301204819278,0.047787007657898936,624,"Chill, buddy. Technically there is no body down here with you."
1451,2751,0,11,72,83,1.1325301204819278,0.03744359785176957,624,Have you seen my stapler?
1496,2751,2,7,74,83,1.1325301204819278,0.0446064988608806,624,And here I thought this neighborhood was dead!
1037,2751,3,5,75,83,1.1325301204819278,0.047787007657898936,624,"hey, pal: you gotta a mop?"
1087,2751,2,7,74,83,1.1325301204819278,0.0446064988608806,624,I told them cremation! I don't want to end up a pile of lazy bones like you!
1112,2751,1,9,73,83,1.1325301204819278,0.041181080368967886,624,Just trying to meet someone organically.
1173,2751,1,9,73,83,1.1325301204819278,0.041181080368967886,624,"Even in high school I was told I was always ahead of my time.

Joyce Jappelle
jjappelle@comcast.net"
1178,2751,0,11,72,83,1.1325301204819278,0.03744359785176957,624,"First, I'm buried alive!  Now there's a skeleton waving to me!  Could this day get any worse?!"
1180,2751,1,9,73,83,1.1325301204819278,0.041181080368967886,624,"G'day, Mate.  Glad to see someone from down under!"
1181,2751,1,9,73,83,1.1325301204819278,0.041181080368967886,624,"I'm just going to say I died for beauty, unless anyone here died for truth."
1160,2751,2,7,74,83,1.1325301204819278,0.0446064988608806,624,"Well, Pardon Me if I find your Happy Decomposing gift in poor taste"
1235,2751,1,9,73,83,1.1325301204819278,0.041181080368967886,624,I'm really more interested in a hook-up than a infinite stand.
1259,2751,0,11,72,83,1.1325301204819278,0.03744359785176957,624,It may have worked out well for you but I'm not ready.
1321,2751,1,9,73,83,1.1325301204819278,0.041181080368967886,624,Can't a guy get a little peace and quiet around here?
1341,2751,1,9,73,83,1.1325301204819278,0.041181080368967886,624,Could you please chill?  I'm here to rest in peace!
1347,2751,2,7,74,83,1.1325301204819278,0.0446064988608806,624,"i know, the waiting list to get in here is eternally long, but sooo worth it."
1389,2751,0,11,72,83,1.1325301204819278,0.03744359785176957,624,Sorry. I’m married.
1224,2751,2,7,74,83,1.1325301204819278,0.0446064988608806,624,"Great! ""My Rest In Peace"", the sequel."
1405,2751,1,9,73,83,1.1325301204819278,0.041181080368967886,624,I've been waiting for you.
2535,2908,2,7,75,84,1.130952380952381,0.04410050166290234,624,"Hey honey, you’re home early."""
2484,2908,0,11,73,84,1.130952380952381,0.037028783150812844,624,Thank you for the flowers but they are are a little late.
2335,2908,3,5,76,84,1.130952380952381,0.04724104126249248,624,"Don't ""Hi Honey"" me! I went to your funeral but where were you at mine? And why didn't you warn me to wear something lighter?  What's up with these worms, are they yours? ... Well, at least we can finally rest in peace."
2291,2908,0,11,73,84,1.130952380952381,0.037028783150812844,624,"Hey, pal, decomposition is a very individual process."
2229,2908,0,11,73,84,1.130952380952381,0.037028783150812844,624,You're mine....dead or alive!
2103,2908,1,9,74,84,1.130952380952381,0.04071845422256088,624,Its been 84 years..
2154,2908,0,11,73,84,1.130952380952381,0.037028783150812844,624,"Hi, sweetheart. How nice of you not to wait."
2067,2908,1,9,74,84,1.130952380952381,0.04071845422256088,624,Hey! Hey! Monday night’s are stiff drinks in my crib.
2623,2908,2,7,75,84,1.130952380952381,0.04410050166290234,624,She listens but is she really listening. I think not!
1936,2908,1,9,74,84,1.130952380952381,0.04071845422256088,624,"Look, I told you, I’m taking a break.  I need my space."
2197,2908,1,9,74,84,1.130952380952381,0.04071845422256088,624,No! No! You can stop worrying about Trump!
2739,2908,0,11,73,84,1.130952380952381,0.037028783150812844,624,Welcome Wagon greets the new guy.
3458,2908,1,9,74,84,1.130952380952381,0.04071845422256088,624,I’m not afraid of a little gentrification.
2869,2908,1,9,74,84,1.130952380952381,0.04071845422256088,624,Would you please stop rattling sticks and say something?
3156,2908,0,11,73,84,1.130952380952381,0.037028783150812844,624,"Hey buddy, didn’t anyone tell you that you won’t be needing clothes down here?"
3184,2908,0,11,73,84,1.130952380952381,0.037028783150812844,624,Hey I’m out of here as soon as it’s dark
3328,2908,1,9,74,84,1.130952380952381,0.04071845422256088,624,"When game show hosts die.
“He was the first man to summit Mount Everest.”
“Oh oh, I know this one!”"
3332,2908,0,11,73,84,1.130952380952381,0.037028783150812844,624,Trump flowers at least...?!?
3391,2908,0,11,73,84,1.130952380952381,0.037028783150812844,624,"Spock, Spock, Spock! I still can't make that sign!"
3404,2908,1,9,74,84,1.130952380952381,0.04071845422256088,624,Your worried about GRAY ROOTS?
3627,2908,1,9,74,84,1.130952380952381,0.04071845422256088,624,Maybe we'll sprout
3736,2908,1,9,74,84,1.130952380952381,0.04071845422256088,624,"I told you, not in a million years."
3749,2908,0,11,73,84,1.130952380952381,0.037028783150812844,624,It takes time to place an order in a dead zone.
1717,2908,3,5,76,84,1.130952380952381,0.04724104126249248,624,"Spiderwort, an edible wildflower, for our newcomers."
2813,2908,1,9,74,84,1.130952380952381,0.04071845422256088,624,Rest in Peace? More like Rest in Pique! Amirite?
1688,2908,1,9,74,84,1.130952380952381,0.04071845422256088,624,The Skeletal Psychiatrists Society Sale limited time fee is... your soul.
1340,2908,1,9,74,84,1.130952380952381,0.04071845422256088,624,Don't sweat the small stuff!
1455,2908,0,11,73,84,1.130952380952381,0.037028783150812844,624,"Next time I buy a cemetery plot, I'll find out who the neighbors are first."
1594,2908,1,9,74,84,1.130952380952381,0.04071845422256088,624,"Hey, wouldn't it be cool if we traded some bones?  No rush - you've got a couple months to think about it."
3,2908,0,11,73,84,1.130952380952381,0.037028783150812844,624,Keep it down. I'm trying to sleep.
22,2908,1,9,74,84,1.130952380952381,0.04071845422256088,624,"Hi, Ma. Why’s our family too cheap to put lids on these misshapen coffins?"
33,2908,3,5,76,84,1.130952380952381,0.04724104126249248,624,A nudist cemetery!
109,2908,0,11,73,84,1.130952380952381,0.037028783150812844,624,"Honey, can't you just let me rest in peace?"
264,2908,2,7,75,84,1.130952380952381,0.04410050166290234,624,"So I said, "" I'm not being obnoxious, and I'm not leaving the party early. You can't make me."" And then they...."
273,2908,1,9,74,84,1.130952380952381,0.04071845422256088,624,It's been 3 years since we died during the earthquake; you've made your point.
307,2908,1,9,74,84,1.130952380952381,0.04071845422256088,624,Why didn't I cancel my Match.com subscription!
396,2908,0,11,73,84,1.130952380952381,0.037028783150812844,624,God! Is it too much to just let me rest in peace?
426,2908,1,9,74,84,1.130952380952381,0.04071845422256088,624,"Hey neighbor, can I bum a smoke?"
455,2908,0,11,73,84,1.130952380952381,0.037028783150812844,624,Nice cemetery eh? People are dyin' to get in here!
511,2908,1,9,74,84,1.130952380952381,0.04071845422256088,624,These roots are made for walk’in and that is what they’ll do!
318,2908,2,7,75,84,1.130952380952381,0.04410050166290234,624,"I care not, a man can die but once,we owe God and death. Shakespeare said so"
637,2908,1,9,74,84,1.130952380952381,0.04071845422256088,624,Relax & enjoy the ultimate weight loss program.
1392,2908,1,9,74,84,1.130952380952381,0.04071845422256088,624,"So tell me, how long have you had this eating disorder?"
546,2908,4,3,77,84,1.130952380952381,0.05018543326712824,624,Only if it's the BEST graveyard gift in the history of graveyard gifts.
1212,2908,2,7,75,84,1.130952380952381,0.04410050166290234,624,"So, why me?"
1198,2908,2,7,75,84,1.130952380952381,0.04410050166290234,624,"Timing never was your strong point, was it?"
1153,2908,1,9,74,84,1.130952380952381,0.04071845422256088,624,Nobody told me the event was casual attire
1374,2908,1,9,74,84,1.130952380952381,0.04071845422256088,624,...but we’re here for the long haul and you’re dressed so much more comfortably than me.
957,2908,1,9,74,84,1.130952380952381,0.04071845422256088,624,How would I know if the End Times have started yet?
1032,2908,0,11,73,84,1.130952380952381,0.037028783150812844,624,I forgot to be buried with my earplugs.
928,2908,2,7,75,84,1.130952380952381,0.04410050166290234,624,"No, flowers are so yesterday.  What if I got her a new phone?"
810,2908,0,11,73,84,1.130952380952381,0.037028783150812844,624,The feeling is mutual​.
930,2908,0,11,73,84,1.130952380952381,0.037028783150812844,624,I told them not to bury me with my ex. They couldn’t do me that one thing?
3503,2961,3,4,73,80,1.125,0.0483100482249156,624,Finally—a neighbor.  I’m Eb.
3198,2961,2,6,72,80,1.125,0.04491553253932474,624,I got up when I saw your check -in on Facebook. Welcome buddy !!!
3191,2961,2,6,72,80,1.125,0.04491553253932474,624,And I suppose you're going to the end of the line?
2501,2961,1,8,71,80,1.125,0.041242567416306754,624,Hey newbie! Didn’t you the word? It’s casual Friday!
3050,2961,1,8,71,80,1.125,0.041242567416306754,624,"I’m just dead, I don’t want to do another “ENCORE”"
2897,2961,2,6,72,80,1.125,0.04491553253932474,624,"Sagt mir,wo die blumen sind?"
2891,2961,1,8,71,80,1.125,0.041242567416306754,624,When I get out of here I'm going after that coroner's license.
2842,2961,0,10,70,80,1.125,0.0372087848617242,624,"It's a hell of a way to lose weight, but it worked for me."
2830,2961,2,6,72,80,1.125,0.04491553253932474,624,Why wait?
2803,2961,3,4,73,80,1.125,0.0483100482249156,624,"Roses are red, violets are blue, now I'm here too."
3579,2961,2,6,72,80,1.125,0.04491553253932474,624,"Don't worry, I was buried alive too."
2219,2961,1,8,71,80,1.125,0.041242567416306754,624,"Hey moron, ""R.I.P."" stands for rest in PEACE!"
3118,2961,3,4,73,80,1.125,0.0483100482249156,624,I coulda been a contender
1979,2961,1,8,71,80,1.125,0.041242567416306754,624,"Darling, I’ve been waiting *forever.*"
1997,2961,1,8,71,80,1.125,0.041242567416306754,624,Shut up! The others need resting!
214,2961,2,6,72,80,1.125,0.04491553253932474,624,"Welcome to the neighborhood.
They didn't believe me either when I went into a coma."
510,2961,0,10,70,80,1.125,0.0372087848617242,624,You will be cooler where you are going in an outfit like mine
561,2961,1,8,71,80,1.125,0.041242567416306754,624,"....so then I told them, I'm no schmuck..."
630,2961,1,8,71,80,1.125,0.041242567416306754,624,There are no apps down here...How do I tell her I don't dig her?
379,2961,0,10,70,80,1.125,0.0372087848617242,624,What happened to Rest in Peace?
715,2961,3,4,73,80,1.125,0.0483100482249156,624,I told you that oak tree would cause you nothing but grief.
1619,2961,2,6,72,80,1.125,0.04491553253932474,624,"Hey, you're not Chuck Berry.  For the gazillionth time, stop singing ""Roll Over Beethoven!"""
1714,2961,0,10,70,80,1.125,0.0372087848617242,624,"I've been here quite a while, it's so peaceful."
1726,2961,1,8,71,80,1.125,0.041242567416306754,624,Name's Red.
1924,2961,1,8,71,80,1.125,0.041242567416306754,624,Hold down the racket.  I am trying to get some sleep.
647,2961,1,8,71,80,1.125,0.041242567416306754,624,Can't I get a little peace while I'm resting!
2521,2987,2,6,73,81,1.123456790123457,0.04438439015369765,624,"I know it's been rough but hey, at least it's Friday."
2797,2987,1,8,72,81,1.123456790123457,0.040759442022763395,624,"I get the 'hands across the water' message, but I'd prefer a paddle up this creek."
2774,2987,0,10,71,81,1.123456790123457,0.036778936073496866,624,Just wait 'til I decompose you a love song...
2745,2987,1,8,72,81,1.123456790123457,0.040759442022763395,624,"Doesn't work anymore Slim, I'm one of you."
2683,2987,3,4,74,81,1.123456790123457,0.047734851676990625,624,Damn. Death hath no solace for the weary!
2666,2987,0,10,71,81,1.123456790123457,0.036778936073496866,624,I need a new realtor.
2552,2987,1,8,72,81,1.123456790123457,0.040759442022763395,624,"All Six Feet?  Oh My God, Hell is Socialism."
2550,2987,2,6,73,81,1.123456790123457,0.04438439015369765,624,Do you always have to be so literal?
2478,2987,1,8,72,81,1.123456790123457,0.040759442022763395,624,It was a really good show.
2248,2987,0,10,71,81,1.123456790123457,0.036778936073496866,624,Do  I really have to spend eternity next to Billy Mays?
2446,2987,1,8,72,81,1.123456790123457,0.040759442022763395,624,I get it. You were a politician and want to be friends. I just want some peace and quiet....
2383,2987,1,8,72,81,1.123456790123457,0.040759442022763395,624,I really am Mr Goldfarb but I have another patient in 10 minutes.
2296,2987,0,10,71,81,1.123456790123457,0.036778936073496866,624,"Okay,okay -- enough with the sob stories. It's quiet hours now."
2287,2987,0,10,71,81,1.123456790123457,0.036778936073496866,624,Oh yeah! Then there’s all this ETERNAL REST crap.  What in Hell do they know?!
2862,2987,0,10,71,81,1.123456790123457,0.036778936073496866,624,I thought in death I wouldn't have to deal with her.
2223,2987,2,6,73,81,1.123456790123457,0.04438439015369765,624,No! I didn't bring sun screen!
2205,2987,2,6,73,81,1.123456790123457,0.04438439015369765,624,"It's a tough crowd, but I'm killing it!"
2204,2987,2,6,73,81,1.123456790123457,0.04438439015369765,624,"Coming to a new neighborhood, one expects cookies not flowers"
2132,2987,2,6,73,81,1.123456790123457,0.04438439015369765,624,"Welcome to the dead-flower society, welcome !"
2475,2987,1,8,72,81,1.123456790123457,0.040759442022763395,624,Can I help it if they mixed up the embalming fluid?
2958,2987,2,6,73,81,1.123456790123457,0.04438439015369765,624,"Hey man, help me. I'm rotting away to nothing but bones down here!""

""I would help if I could, Bones, but, my wife just buried me in this 30 year old suit; it fits me like a straitjacket (not to mention the fluids  the undertaker pushed into me)!"""
3190,2987,0,10,71,81,1.123456790123457,0.036778936073496866,624,No thanks. Nothing can brighten this hellhole.
3091,2987,0,10,71,81,1.123456790123457,0.036778936073496866,624,Can’t I ever get any rest!?
2006,2987,0,10,71,81,1.123456790123457,0.036778936073496866,624,I understand that training to become a Funeral Director includes learning to empathize with the feelings of the family.  But the program is going just a little bit too far to want me to empathize with the feelings of the corpse!
3731,2987,0,10,71,81,1.123456790123457,0.036778936073496866,624,"Even here, no peace"
3720,2987,0,10,71,81,1.123456790123457,0.036778936073496866,624,Can I get some rest here?
3673,2987,3,4,74,81,1.123456790123457,0.047734851676990625,624,Help!  It's the cougar from the coffin next-door.
3664,2987,1,8,72,81,1.123456790123457,0.040759442022763395,624,This is just dumb.
3649,2987,1,8,72,81,1.123456790123457,0.040759442022763395,624,I only FEEL like I've been here since 2016.
3647,2987,1,8,72,81,1.123456790123457,0.040759442022763395,624,Your botox really takes off the years.
3628,2987,1,8,72,81,1.123456790123457,0.040759442022763395,624,And go figure... No daisies
3576,2987,0,10,71,81,1.123456790123457,0.036778936073496866,624,Where can a working stiff get a raise-not roses
3454,2987,0,10,71,81,1.123456790123457,0.036778936073496866,624,Good grief.  You know I'm allergic to daisies
3431,2987,2,6,73,81,1.123456790123457,0.04438439015369765,624,I need to clarify....I meant to I WASN
3353,2987,1,8,72,81,1.123456790123457,0.040759442022763395,624,I said the word does instead of doesn’t.  The sentence should have been ‘your ass doesn’t look this big in those pants.’
3338,2987,2,6,73,81,1.123456790123457,0.04438439015369765,624,Welcome to the neighbourhood. I would like to invite you to Taco Tuesdays.
3321,2987,1,8,72,81,1.123456790123457,0.040759442022763395,624,It's been ages since I last saw you!
3245,2987,2,6,73,81,1.123456790123457,0.04438439015369765,624,"Alive man: I guess this is the end of my politics career
Skeleton: and your life too!!

@r0setea"
3205,2987,0,10,71,81,1.123456790123457,0.036778936073496866,624,Don't you ever sleep?
3123,2987,2,6,73,81,1.123456790123457,0.04438439015369765,624,"Man in suit: ""stock market...yada yada...money market...yada yada...CPA...yada yada...""
Skeleton: ""taxes...yada yada...death...yada...yada..."""
3113,2987,0,10,71,81,1.123456790123457,0.036778936073496866,624,"Yeah?  Well, good morde to you, too!"
3093,2987,0,10,71,81,1.123456790123457,0.036778936073496866,624,Aw hi honey; you must have been dying to see me on our anniversary.
3047,2987,1,8,72,81,1.123456790123457,0.040759442022763395,624,Are you married or just buried?
1969,2987,1,8,72,81,1.123456790123457,0.040759442022763395,624,"Just pick up on the cues already, Ted."
2822,2987,0,10,71,81,1.123456790123457,0.036778936073496866,624,"Look on the bright side, you at least get away from paying taxes!"
1815,2987,1,8,72,81,1.123456790123457,0.040759442022763395,624,"Great, another chattering neighbor..."
825,2987,1,8,72,81,1.123456790123457,0.040759442022763395,624,"Fourth word, four letters.”
Pam Lawrason, Cumberland, M"
785,2987,1,8,72,81,1.123456790123457,0.040759442022763395,624,"I died because of the hillary Clinton health plan, how about you?"
663,2987,1,8,72,81,1.123456790123457,0.040759442022763395,624,"Rest in peace newbie, it ain't that bad after all"
660,2987,2,6,73,81,1.123456790123457,0.04438439015369765,624,"Here, take mine. I've had it for ages."
587,2987,1,8,72,81,1.123456790123457,0.040759442022763395,624,"If I say ""hello"" back, will you let me rest in peace?"
583,2987,2,6,73,81,1.123456790123457,0.04438439015369765,624,"Hey, buddy , remember me from Mr. D's fifth period  World Religions class?"
502,2987,2,6,73,81,1.123456790123457,0.04438439015369765,624,What do you ?  You ripped before me.
490,2987,2,6,73,81,1.123456790123457,0.04438439015369765,624,Please stop. I get it. you got screwed. But I'm trying to rest in peace.
471,2987,1,8,72,81,1.123456790123457,0.040759442022763395,624,Welcome for evermore
435,2987,0,10,71,81,1.123456790123457,0.036778936073496866,624,"If this isn't Purgatory, what's the difference between Heaven and Hell?"
400,2987,2,6,73,81,1.123456790123457,0.04438439015369765,624,"Hey dude! Would you like some flowers from me, the cool skeleton guy?"
299,2987,1,8,72,81,1.123456790123457,0.040759442022763395,624,"You're Rip Taylor? That's a coincidence, I'm Rip Torn. But I thought we were both still alive!"
269,2987,0,10,71,81,1.123456790123457,0.036778936073496866,624,Too late.
224,2987,1,8,72,81,1.123456790123457,0.040759442022763395,624,Please! Just let me rest in peace.
192,2987,2,6,73,81,1.123456790123457,0.04438439015369765,624,Yours Forever
191,2987,1,8,72,81,1.123456790123457,0.040759442022763395,624,She said I would end up in Potter's Field.
63,2987,2,6,73,81,1.123456790123457,0.04438439015369765,624,Don’t get overly friendly. I don’t plan on staying long.
13,2987,0,10,71,81,1.123456790123457,0.036778936073496866,624,So: you're new here?
7,2987,1,8,72,81,1.123456790123457,0.040759442022763395,624,"No Alice, I still don't want to hear about your new diet."
829,2987,0,10,71,81,1.123456790123457,0.036778936073496866,624,We are meta-parabolic flesh and blood.
830,2987,1,8,72,81,1.123456790123457,0.040759442022763395,624,Do the flowers have to be dead too?
485,2987,0,10,71,81,1.123456790123457,0.036778936073496866,624,See what voting  for Trump gets you?
1843,2987,1,8,72,81,1.123456790123457,0.040759442022763395,624,Hi neighbor!  Any news from the other side?
864,2987,0,10,71,81,1.123456790123457,0.036778936073496866,624,"Ok, so maybe we won't be there all week... I guess the veal was a bad choice!!"
1686,2987,1,8,72,81,1.123456790123457,0.040759442022763395,624,"There's no point in buying flowers, they'll just die anyway."
1666,2987,0,10,71,81,1.123456790123457,0.036778936073496866,624,"Look, I’m not a racist, but..."
1590,2987,2,6,73,81,1.123456790123457,0.04438439015369765,624,Airbnb called it 'peaceful' and 'cozy' but said nothing about the nosy neighbor!
1560,2987,1,8,72,81,1.123456790123457,0.040759442022763395,624,It was three years ago....they were on sale. Can we talk about this later? I just got here and I 'd like to rest in peace
1555,2987,1,8,72,81,1.123456790123457,0.040759442022763395,624,"Yes, dear, I suppose you do look much better since you’ve lost weight."
1499,2987,1,8,72,81,1.123456790123457,0.040759442022763395,624,"Trump and Putin, which one is which?"
1466,2987,0,10,71,81,1.123456790123457,0.036778936073496866,624,Hey Bud! I haven't finished destroying the world yet.
1379,2987,2,6,73,81,1.123456790123457,0.04438439015369765,624,"I get it! You’re a faster decomposer, Harold. Well joke’s on you because before the accident, I slept with your wife."
1245,2987,0,10,71,81,1.123456790123457,0.036778936073496866,624,This is last time I volunteer for the grave yard shift.
1812,2987,1,8,72,81,1.123456790123457,0.040759442022763395,624,"Please, James!  Tap on the tombstone!  Baron Samedi gettin' way too friendly down here!"
1195,2987,1,8,72,81,1.123456790123457,0.040759442022763395,624,"What'll we do!?!""
""Maybe if we both yell I'll finally get me out of here!"
1090,2987,1,8,72,81,1.123456790123457,0.040759442022763395,624,"Lions, and tigers, and bears...but they didn't mention skeletons, oh my!"
1085,2987,1,8,72,81,1.123456790123457,0.040759442022763395,624,"Nyah, nyah,  Can't get me now."""
985,2987,0,10,71,81,1.123456790123457,0.036778936073496866,624,I was a trumpy.
980,2987,1,8,72,81,1.123456790123457,0.040759442022763395,624,You're NEW around here... aren't you?
919,2987,2,6,73,81,1.123456790123457,0.04438439015369765,624,"How should I know?  
I can only assume I was sent down for bad behavior."
906,2987,1,8,72,81,1.123456790123457,0.040759442022763395,624,No one told me it was a race!
867,2987,1,8,72,81,1.123456790123457,0.040759442022763395,624,That's life for you.  The accommodations only rate one star.  Yet you stay...
1232,2987,1,8,72,81,1.123456790123457,0.040759442022763395,624,"I was an actor playing dead people, but your community kept waving:  ""Hey, cast me!"""
1655,3076,0,9,67,76,1.118421052631579,0.03730907073357324,624,Hey pal ... realize that fear of public speaking is greater than fear of death in some people ... in your case you may have a point!
2226,3076,2,5,69,76,1.118421052631579,0.045757197739456065,624,"For the last time, Mildred. No it doesn't make you look fat."
2021,3076,0,9,67,76,1.118421052631579,0.03730907073357324,624,"Well, now I know why I should have insisted on a lid."
1898,3076,2,5,69,76,1.118421052631579,0.045757197739456065,624,"I don't need any flowers, this is a fake death."
1769,3076,0,9,67,76,1.118421052631579,0.03730907073357324,624,"Hey, don't blame me for the lack of protein in your diet."
1850,3076,2,5,69,76,1.118421052631579,0.045757197739456065,624,"That'll be $200 per hour for eternity, but the coffee or tea is free!"
1818,3076,1,7,68,76,1.118421052631579,0.041747382576458936,624,Let’s get down to bare bones
2427,3076,1,7,68,76,1.118421052631579,0.041747382576458936,624,"So I said, 'Gloria, cremate me for God's sake' -- and now here I am with you -- forever."
1874,3076,0,9,67,76,1.118421052631579,0.03730907073357324,624,Sorry but I like to date around my own age or younger.
2522,3076,1,7,68,76,1.118421052631579,0.041747382576458936,624,"What's with the handwaving bit? This isn't the Grand Canal, nor is it the vacation of my dreams."
2933,3076,0,9,67,76,1.118421052631579,0.03730907073357324,624,Jeez Ma - don’t be so happy to see me?!
2642,3076,2,5,69,76,1.118421052631579,0.045757197739456065,624,I don’t know. I’m new around here.
2667,3076,1,7,68,76,1.118421052631579,0.041747382576458936,624,I'm the welcome wagon to  say welcome and  to keep your lawn area green.  We want to keep our property values here high.
2729,3076,1,7,68,76,1.118421052631579,0.041747382576458936,624,"I said it with flowers, and look where it got me"
2962,3076,0,9,67,76,1.118421052631579,0.03730907073357324,624,I always hated having to meet the neighbors
3158,3076,1,7,68,76,1.118421052631579,0.041747382576458936,624,"Yes, you lose clothes and flesh but gain peace and quiet. Tom Lawhorne, Columbus, GA"
3310,3076,1,7,68,76,1.118421052631579,0.041747382576458936,624,Welcome! It’s a good neighborhood—great schools!
3334,3076,1,7,68,76,1.118421052631579,0.041747382576458936,624,The app said we are a perfect match.
3626,3076,2,5,69,76,1.118421052631579,0.045757197739456065,624,"Will you kindly stop humming ""younger that springtime"""
2613,3076,1,7,68,76,1.118421052631579,0.041747382576458936,624,"Hey Harry, it's me, Matilda! Did you put out the trash before you left?"
1508,3076,1,7,68,76,1.118421052631579,0.041747382576458936,624,"Please, let’s not make any bones about what flowers I’d prefer for the occasion."
1421,3076,1,7,68,76,1.118421052631579,0.041747382576458936,624,"Sonny, Sonny, over here.  It’s Granny."
101,3076,0,9,67,76,1.118421052631579,0.03730907073357324,624,"OK, I understand that. But I was elected only recently."
124,3076,0,9,67,76,1.118421052631579,0.03730907073357324,624,"Don't start in with that. I said I was ""out."""
253,3076,1,7,68,76,1.118421052631579,0.041747382576458936,624,I am not in peace. I was promised in peace.
261,3076,1,7,68,76,1.118421052631579,0.041747382576458936,624,"Hey, you call this ""Peace""?"
462,3076,0,9,67,76,1.118421052631579,0.03730907073357324,624,Raise your hand if you think I'm dead.
524,3076,2,5,69,76,1.118421052631579,0.045757197739456065,624,"Hi, I'm the welcome wagon coffin - so you don't know how you got here?"
1282,3076,0,9,67,76,1.118421052631579,0.03730907073357324,624,Easy fella!  I got this.
689,3076,1,7,68,76,1.118421052631579,0.041747382576458936,624,What can I say?  I guess I've still got it!
719,3076,0,9,67,76,1.118421052631579,0.03730907073357324,624,You’re not listening to me.
722,3076,1,7,68,76,1.118421052631579,0.041747382576458936,624,I thought they'd come and get me by now.
726,3076,1,7,68,76,1.118421052631579,0.041747382576458936,624,Now you tell me
532,3076,3,3,70,76,1.118421052631579,0.04944287954751563,624,"I know, I know, darling -- I have to loose more weight."
878,3076,1,7,68,76,1.118421052631579,0.041747382576458936,624,"Hey,bro you really got a sickeningly pale complexion. It actually makes me shiver,but in a good way."
903,3076,0,9,67,76,1.118421052631579,0.03730907073357324,624,But I thought you weren't supposed to have any dominion?
1004,3076,1,7,68,76,1.118421052631579,0.041747382576458936,624,Keep it up and you'll talk your way into an early skeleton.
1041,3076,1,7,68,76,1.118421052631579,0.041747382576458936,624,Grave Im in?!?”...I thought he said “Great Again!?!
1098,3076,1,7,68,76,1.118421052631579,0.041747382576458936,624,Don Giovanni descending into financial hell.
1187,3076,2,5,69,76,1.118421052631579,0.045757197739456065,624,Hey Joe! Long time no see!
1237,3076,0,9,67,76,1.118421052631579,0.03730907073357324,624,"Until death do us part means we’re NOT getting back together, Angela."
1241,3076,2,5,69,76,1.118421052631579,0.045757197739456065,624,Welcome to the best days of your life!
1277,3076,1,7,68,76,1.118421052631579,0.041747382576458936,624,"... And to top it off, I never made it with the girl next door!"
744,3076,1,7,68,76,1.118421052631579,0.041747382576458936,624,Where am I gonna get a vase?
2068,3120,1,7,69,77,1.1168831168831168,0.0412303350007502,624,I will still be charging you 1.5%
2126,3120,1,7,69,77,1.1168831168831168,0.0412303350007502,624,"Morty, keep it down! You’re in the suburbs now."
2133,3120,1,7,69,77,1.1168831168831168,0.0412303350007502,624,When they said they'd kill for a day off I didn't think they were being literal!
2387,3120,3,3,71,77,1.1168831168831168,0.04882076938753178,624,"Hey man, these roots are really starting to bother me. Would you mind if I moved over?"
2232,3120,1,7,69,77,1.1168831168831168,0.0412303350007502,624,"ugh, this is killing me"
2278,3120,1,7,69,77,1.1168831168831168,0.0412303350007502,624,How can I take them — they’re not dead yet.
2366,3120,1,7,69,77,1.1168831168831168,0.0412303350007502,624,"I told you I wanted peonies at my funeral, not roses."
2218,3120,1,7,69,77,1.1168831168831168,0.0412303350007502,624,Is it time for another Election?
1984,3120,2,5,70,77,1.1168831168831168,0.04518521908691296,624,At least we have roots
1677,3120,0,9,68,77,1.1168831168831168,0.036853453360789,624,"Geez, I thought the ONE upside of dying was getting peace and quiet for once!"
1932,3120,2,5,70,77,1.1168831168831168,0.04518521908691296,624,Our you  new here
1893,3120,0,9,68,77,1.1168831168831168,0.036853453360789,624,I said until death do us part! Can I never get a break from this woman?
1890,3120,3,3,71,77,1.1168831168831168,0.04882076938753178,624,"Also, I recommend a good book, ""Lincoln in the Bardo."""
1816,3120,2,5,70,77,1.1168831168831168,0.04518521908691296,624,I’ve heard of happy BONEHEAD skeletons waving from underground coffins but this is ridiculous.
1799,3120,0,9,68,77,1.1168831168831168,0.036853453360789,624,I hope you're not going to be one of those neighbors who blasts the TV at night. I need my beauty sleep.
1760,3120,1,7,69,77,1.1168831168831168,0.0412303350007502,624,I hear it's very hot down there.
1743,3120,3,3,71,77,1.1168831168831168,0.04882076938753178,624,"For the last time, I don't find your dreams interesting."
1731,3120,2,5,70,77,1.1168831168831168,0.04518521908691296,624,"Sports are OK, but let's talk politics."
1683,3120,0,9,68,77,1.1168831168831168,0.036853453360789,624,"Give it time, give it time!"
2416,3120,0,9,68,77,1.1168831168831168,0.036853453360789,624,"Hey new guy, who’s your tailor?"
3726,3120,2,5,70,77,1.1168831168831168,0.04518521908691296,624,Must be the suit you are wearing. Give it time!
2494,3120,1,7,69,77,1.1168831168831168,0.0412303350007502,624,"Not to worry! It takes a while to learn the ropes,but clothes are optional."
3178,3120,1,7,69,77,1.1168831168831168,0.0412303350007502,624,Hi! Long time no see! I’ve been saving a spot for you buddy!
2676,3120,0,9,68,77,1.1168831168831168,0.036853453360789,624,This session is OVER Mr Kelly! Your hour was up days ago!
3724,3120,1,7,69,77,1.1168831168831168,0.0412303350007502,624,This place is dead. Anybody want to get out of here?
3708,3120,0,9,68,77,1.1168831168831168,0.036853453360789,624,You may be trapped 6 feet under but flowers have never been cheaper
3678,3120,2,5,70,77,1.1168831168831168,0.04518521908691296,624,"Uh, this part wasn't in the cruise brochure."
3578,3120,1,7,69,77,1.1168831168831168,0.0412303350007502,624,"« As chair of welcoming committee, I am always available for any service you may need, except for a good tailor. »"
3542,3120,1,7,69,77,1.1168831168831168,0.0412303350007502,624,You almost scared me to life
3528,3120,0,9,68,77,1.1168831168831168,0.036853453360789,624,"Hey, Bud, read the sign and pipe down!"
3501,3120,1,7,69,77,1.1168831168831168,0.0412303350007502,624,"In compensation for what went down (It was all about Putin, didn't  have a thing to do with me) in my next life I want to speak 5 or 6 languages fluently AND music lessons."
3357,3120,1,7,69,77,1.1168831168831168,0.0412303350007502,624,I moved here specifically so I WOULDN’T have to say good morning to my skeleton neighbors.
3248,3120,2,5,70,77,1.1168831168831168,0.04518521908691296,624,"No thanks, I've stopped writing in my gratitude journal."
3206,3120,1,7,69,77,1.1168831168831168,0.0412303350007502,624,"Hey Newbee--Relax.  Remember when you were always praying for a nice long rest
Well,
Someone was listeming."
3189,3120,1,7,69,77,1.1168831168831168,0.0412303350007502,624,"As one of the Undead, I can't even be bored to death."
3166,3120,0,9,68,77,1.1168831168831168,0.036853453360789,624,What does a guy have to do to cremated around here?
3100,3120,1,7,69,77,1.1168831168831168,0.0412303350007502,624,i don't know....i guess all those years of using clinique paid off.
3046,3120,1,7,69,77,1.1168831168831168,0.0412303350007502,624,"Somebody help me, yeah 
I'm stayin' alive."
3031,3120,0,9,68,77,1.1168831168831168,0.036853453360789,624,I guess those protein shakes really do keep the pounds on.
3014,3120,1,7,69,77,1.1168831168831168,0.0412303350007502,624,Don’t worry. Once the rigor Morris wears off it’s actually pretty nice.
3001,3120,1,7,69,77,1.1168831168831168,0.0412303350007502,624,You see what it says up there?
2875,3120,1,7,69,77,1.1168831168831168,0.0412303350007502,624,Your welcome?
2851,3120,1,7,69,77,1.1168831168831168,0.0412303350007502,624,Did you really have to say THAT with flowers?
2597,3120,3,3,71,77,1.1168831168831168,0.04882076938753178,624,"Hey, welcome! Any chance they buried you with some Ice Breakers Cubes? It's the weirdest thing but since I got put down here I've just been DYING for some Ice Breakers Cubes. Hehe. 'Dying.' That's funny. I'm already dead. Gotta write that down."
1618,3120,3,3,71,77,1.1168831168831168,0.04882076938753178,624,"Hey, Hey, Hey, I understand that you wanted to be cremated, but just let it rest."
1119,3120,1,7,69,77,1.1168831168831168,0.0412303350007502,624,"You seem nice, but I’m waiting for a friend."
1537,3120,1,7,69,77,1.1168831168831168,0.0412303350007502,624,Welcome Joe. I just knew you were a down to earth kind of guy.
596,3120,2,5,70,77,1.1168831168831168,0.04518521908691296,624,I don't know if they'll take bitcoins.
554,3120,3,3,71,77,1.1168831168831168,0.04882076938753178,624,Is that all I've got to look forward to.
544,3120,0,9,68,77,1.1168831168831168,0.036853453360789,624,"we're not dating anymore, OK? Its final"
543,3120,2,5,70,77,1.1168831168831168,0.04518521908691296,624,I see you.  I see you.  Sheesh!
402,3120,1,7,69,77,1.1168831168831168,0.0412303350007502,624,"What don't you get about the ""peace"" part?"
394,3120,1,7,69,77,1.1168831168831168,0.0412303350007502,624,We're gonna be besties.
319,3120,1,7,69,77,1.1168831168831168,0.0412303350007502,624,Real-estate is a fickle bitch.
278,3120,1,7,69,77,1.1168831168831168,0.0412303350007502,624,"Sorry, I just don’t think it’s the right time for a high five."
265,3120,1,7,69,77,1.1168831168831168,0.0412303350007502,624,Don't worry - pretty soon you'll look just like us...
230,3120,3,3,71,77,1.1168831168831168,0.04882076938753178,624,It took overwhelming effort to get me here!
219,3120,1,7,69,77,1.1168831168831168,0.0412303350007502,624,looks like that crash diet really works
205,3120,0,9,68,77,1.1168831168831168,0.036853453360789,624,Can you just give me five minutes to adjust?
202,3120,1,7,69,77,1.1168831168831168,0.0412303350007502,624,At least the SEC can't find you down here!
161,3120,2,5,70,77,1.1168831168831168,0.04518521908691296,624,Excuse me! Excuse me! This is a fully nude cemetery. The clothing optional clause was voted down last year.
94,3120,1,7,69,77,1.1168831168831168,0.0412303350007502,624,"Frankly, you're a bit overdressed for this trip."
76,3120,2,5,70,77,1.1168831168831168,0.04518521908691296,624,"This is the only place I could find for some peace and quiet, I guess I was wrong."
29,3120,1,7,69,77,1.1168831168831168,0.0412303350007502,624,Don't mention it -- they were leftover from my going away party
1,3120,1,7,69,77,1.1168831168831168,0.0412303350007502,624,"Hey, buddy! Can you spare a dime?"
1557,3120,1,7,69,77,1.1168831168831168,0.0412303350007502,624,"Hey, new guy! Keep it to yourself. The P stands for Peace."
600,3120,3,3,71,77,1.1168831168831168,0.04882076938753178,624,This cartoon was drawn in front of a live studio audience
612,3120,1,7,69,77,1.1168831168831168,0.0412303350007502,624,I respect you !
186,3120,1,7,69,77,1.1168831168831168,0.0412303350007502,624,"Just as I thought. Some Rest In Peace ... while others Rest in Panic, the latter explained in Peter Roget's definition of oxymoronic in his Thesaurus."
685,3120,3,3,71,77,1.1168831168831168,0.04882076938753178,624,"Why are there no lids on these coffins, and why are you waving at me?"
1419,3120,1,7,69,77,1.1168831168831168,0.0412303350007502,624,"I'm flattered, but something tells me you are a dead lay."
668,3120,1,7,69,77,1.1168831168831168,0.0412303350007502,624,You call this six feet under? And no lid? I'm suing these bastards. You in?
1360,3120,3,3,71,77,1.1168831168831168,0.04882076938753178,624,"But Ronald, I told them I misspoke!"
1317,3120,2,5,70,77,1.1168831168831168,0.04518521908691296,624,Thank you but your flowers look dead.
1280,3120,1,7,69,77,1.1168831168831168,0.0412303350007502,624,Now it's your turn!
1279,3120,3,3,71,77,1.1168831168831168,0.04882076938753178,624,Get lost on your way to human resources?
1255,3120,2,5,70,77,1.1168831168831168,0.04518521908691296,624,"""OK, OK, I do know what lifetime warranty  means."""
1225,3120,1,7,69,77,1.1168831168831168,0.0412303350007502,624,"On time is late, and early is on time”"
1172,3120,0,9,68,77,1.1168831168831168,0.036853453360789,624,"Sure I can give you their number, who knows they might still be open"
1135,3120,2,5,70,77,1.1168831168831168,0.04518521908691296,624,It's about time. I've been waiting at the altar ever so long.
1309,3120,1,7,69,77,1.1168831168831168,0.0412303350007502,624,Takes a while but you'll get to love it.
1061,3120,0,9,68,77,1.1168831168831168,0.036853453360789,624,Can I borrow your phone charger? I have a chord but no plug.
789,3120,1,7,69,77,1.1168831168831168,0.0412303350007502,624,"Come on, let me borrow the suit or the skin, you don't need both."
1097,3120,2,5,70,77,1.1168831168831168,0.04518521908691296,624,"Hello, quiet please. The HOA says RIP."
716,3120,0,9,68,77,1.1168831168831168,0.036853453360789,624,I thought I left that in the closet!
885,3120,2,5,70,77,1.1168831168831168,0.04518521908691296,624,"Good you found these great boats, only it's a little hard to see what's ahead for us."
866,3120,1,7,69,77,1.1168831168831168,0.0412303350007502,624,"Sure it is a dream, but we can still have some fun."
923,3120,0,9,68,77,1.1168831168831168,0.036853453360789,624,With each anniversary I feel more alive!
1011,3120,0,9,68,77,1.1168831168831168,0.036853453360789,624,"Hey this was your diet plan"""
1028,3120,1,7,69,77,1.1168831168831168,0.0412303350007502,624,Practice makes perfect!
896,3120,0,9,68,77,1.1168831168831168,0.036853453360789,624,"What  is it  about, rest in peace, you don't get?"
1503,3211,2,5,72,79,1.1139240506329113,0.04408300339841241,624,I'm all about the bass.
2746,3212,0,9,71,80,1.1125,0.0355505968544673,624,unrequited love never dies
3701,3213,1,6,66,73,1.1095890410958904,0.04166275705683711,624,"Wave away, Mr. Bones."
2594,3213,1,6,66,73,1.1095890410958904,0.04166275705683711,624,"Whoa, sorry. The funeral package you bought doesn’t include bathroom privileges."
2672,3213,0,8,65,73,1.1095890410958904,0.036813962320997935,624,"If I had wasted my time trying to make a lot of friends, I wouldn't be where I am today."
2677,3213,2,4,67,73,1.1095890410958904,0.04600329150595863,624,six feet under of separation
2680,3213,0,8,65,73,1.1095890410958904,0.036813962320997935,624,It didn't work!
2806,3213,0,8,65,73,1.1095890410958904,0.036813962320997935,624,"The space is nice, but the neighbor is a real skullhead."
2725,3213,0,8,65,73,1.1095890410958904,0.036813962320997935,624,I like big butts and I cannot die.
2783,3213,2,4,67,73,1.1095890410958904,0.04600329150595863,624,Keep those tulips away from me.  How often do I have to tell you I have hay fever?
2793,3213,1,6,66,73,1.1095890410958904,0.04166275705683711,624,"I really appreciate the offer  but I've never planted upward before"""
2861,3213,1,6,66,73,1.1095890410958904,0.04166275705683711,624,I dunno!
2570,3213,2,4,67,73,1.1095890410958904,0.04600329150595863,624,"Honey, you're killin' me."
2876,3213,0,8,65,73,1.1095890410958904,0.036813962320997935,624,I’m just not emotionally ready for a committed relationship.
2682,3213,0,8,65,73,1.1095890410958904,0.036813962320997935,624,how can i rest in peace with you rattlin' at me?
2529,3213,1,6,66,73,1.1095890410958904,0.04166275705683711,624,its been awhile
2264,3213,1,6,66,73,1.1095890410958904,0.04166275705683711,624,"Tell me, Connie, is your mother still dead?"
2447,3213,1,6,66,73,1.1095890410958904,0.04166275705683711,624,"Just because lawyers don’t have hearts, doesn’t mean we are dead."
2430,3213,1,6,66,73,1.1095890410958904,0.04166275705683711,624,Neighborhood?!? You're the only neighbor!
2393,3213,0,8,65,73,1.1095890410958904,0.036813962320997935,624,This is clearly not the business class I opted for in my will.
2377,3213,0,8,65,73,1.1095890410958904,0.036813962320997935,624,What are the odds of ending up next to your stalker!?
2331,3213,1,6,66,73,1.1095890410958904,0.04166275705683711,624,Are you OK in there?
2318,3213,1,6,66,73,1.1095890410958904,0.04166275705683711,624,I wore the same tie!
2309,3213,1,6,66,73,1.1095890410958904,0.04166275705683711,624,Didn’t I see you at a BBQ last week?
2306,3213,1,6,66,73,1.1095890410958904,0.04166275705683711,624,"Rest in peace, the brochure said.  How am I supposed to rest in peace when the guy in the next grave over keeps banging on the wall?  And there's another thing that bugs me about this place.  My mother warned me about ..."
2305,3213,0,8,65,73,1.1095890410958904,0.036813962320997935,624,"Well, Doc, it's a loooong story..."
2259,3213,1,6,66,73,1.1095890410958904,0.04166275705683711,624,"Egad, looks like you're still alive! GO BACK!!"
2160,3213,1,6,66,73,1.1095890410958904,0.04166275705683711,624,what? I'm resting here.
2153,3213,2,4,67,73,1.1095890410958904,0.04600329150595863,624,"What am I doing down here?  I thought I was a good boy.  At least better than you.  
Hi there partner.  I missed you."
2902,3213,1,6,66,73,1.1095890410958904,0.04166275705683711,624,So you got a plan to get us out of here? What's the point? You're naked.
2456,3213,0,8,65,73,1.1095890410958904,0.036813962320997935,624,A regifted bouquet of flowers! I must be in hell.
2935,3213,0,8,65,73,1.1095890410958904,0.036813962320997935,624,"Sorry, I don't talk to strangers"""
3558,3213,1,6,66,73,1.1095890410958904,0.04166275705683711,624,"Keep a lip on it, I'm trying to rest here!"
3019,3213,0,8,65,73,1.1095890410958904,0.036813962320997935,624,"No, I’m not interested in the blooms, but I’d kill for a stiff drink and a cigarette or two..."
2128,3213,0,8,65,73,1.1095890410958904,0.036813962320997935,624,I'll say it again.  Take my wife. Please!
3681,3213,1,6,66,73,1.1095890410958904,0.04166275705683711,624,Welcome to the eternal SCIF!
3648,3213,2,4,67,73,1.1095890410958904,0.04600329150595863,624,"Sic Semper Tryrannis-Thus always to tyrants​."""
3640,3213,1,6,66,73,1.1095890410958904,0.04166275705683711,624,They forgot my xanax
3631,3213,1,6,66,73,1.1095890410958904,0.04166275705683711,624,"If this a rebirth,I'd rather still be dead"
3629,3213,0,8,65,73,1.1095890410958904,0.036813962320997935,624,"OMG, BFF?  NOT!"
3622,3213,1,6,66,73,1.1095890410958904,0.04166275705683711,624,"Roses are Dead, Violets are Too
Till Death do Us Part,
And Im still loving you"
3561,3213,1,6,66,73,1.1095890410958904,0.04166275705683711,624,I never told you about the skeleton in my closet so please forgive me.
3539,3213,2,4,67,73,1.1095890410958904,0.04600329150595863,624,Mooooom!!!
3524,3213,1,6,66,73,1.1095890410958904,0.04166275705683711,624,"Hello! And welcome to the Underground Cafe, Mr. Wormsmeat!"
3484,3213,0,8,65,73,1.1095890410958904,0.036813962320997935,624,Finally! A nice quiet neighborhood where everyone keeps to themselves.
3482,3213,1,6,66,73,1.1095890410958904,0.04166275705683711,624,"Rose,  here  are  the roses that I promised
you.  It's  better  late  than never!"
3476,3213,0,8,65,73,1.1095890410958904,0.036813962320997935,624,"Randy, is that you? It’s Bill, over here; Heck, what are the chances!"
3444,3213,1,6,66,73,1.1095890410958904,0.04166275705683711,624,All those Sundays and this is the welcome I get?!
3441,3213,1,6,66,73,1.1095890410958904,0.04166275705683711,624,"Seriously, this isn't peace!"
3397,3213,0,8,65,73,1.1095890410958904,0.036813962320997935,624,Those roses are to die for.
3372,3213,1,6,66,73,1.1095890410958904,0.04166275705683711,624,"Hey, when I volunteered to work at the gravesite, I wasn’t volunteering to be buried!!"
3315,3213,0,8,65,73,1.1095890410958904,0.036813962320997935,624,I gather it's clothing optional.
3297,3213,0,8,65,73,1.1095890410958904,0.036813962320997935,624,"Rest in peace!? If I were alive, I’d turn over in my grave!"
3283,3213,0,8,65,73,1.1095890410958904,0.036813962320997935,624,Seriously God?  You couldn't just let the dead sleep until the Last Judgment?
3261,3213,0,8,65,73,1.1095890410958904,0.036813962320997935,624,Is this your idea of a welcome wagon?
3247,3213,1,6,66,73,1.1095890410958904,0.04166275705683711,624,"No, you take them, I can't use them anymore."
3201,3213,1,6,66,73,1.1095890410958904,0.04166275705683711,624,"I was very polite, all I said was, ""You're mistaken sir, the fare is $34.50."" How was I to know it was POTUS!"
3164,3213,0,8,65,73,1.1095890410958904,0.036813962320997935,624,You made it! High five.
3153,3213,2,4,67,73,1.1095890410958904,0.04600329150595863,624,"Thank you but I’d rather not join you, seeing as what those roots have done to your clothes."
3086,3213,1,6,66,73,1.1095890410958904,0.04166275705683711,624,"I told you so!"" said the corpse to the journalist who thought he could expose the CIA"
3080,3213,0,8,65,73,1.1095890410958904,0.036813962320997935,624,Can't you tell I'm buried already?
3044,3213,1,6,66,73,1.1095890410958904,0.04166275705683711,624,"It's hot as hell down here!"" rattled Skull & Bones.
""What else is new!"" shouted Blondie"
3039,3213,1,6,66,73,1.1095890410958904,0.04166275705683711,624,I'll get back to you soon.
2945,3213,0,8,65,73,1.1095890410958904,0.036813962320997935,624,"Hiya. 
You’re gonna love it here.”

.....”A hot dog..... would you believe I choked on a hot dog?"
2084,3213,0,8,65,73,1.1095890410958904,0.036813962320997935,624,Where have all the flowers gone?
2626,3213,1,6,66,73,1.1095890410958904,0.04166275705683711,624,"And even more exciting, is that CrossFit is just down the road!"
2010,3213,1,6,66,73,1.1095890410958904,0.04166275705683711,624,Death isjust a minute!!
747,3213,1,6,66,73,1.1095890410958904,0.04166275705683711,624,I told you to get a Brooks Brothers suit.
734,3213,2,4,67,73,1.1095890410958904,0.04600329150595863,624,I CAN TELL YOU IT'S NOT WORTH ALL YOU ARE GOING THROUGH.
680,3213,1,6,66,73,1.1095890410958904,0.04166275705683711,624,It was a clothes call.
656,3213,1,6,66,73,1.1095890410958904,0.04166275705683711,624,Jim! What are you doing here?
632,3213,1,6,66,73,1.1095890410958904,0.04166275705683711,624,Just as it said in the bible!
621,3213,1,6,66,73,1.1095890410958904,0.04166275705683711,624,I'm putting my money on the flowers dying first.
620,3213,0,8,65,73,1.1095890410958904,0.036813962320997935,624,Loosen up and lose the threads!  We’re all Nudists here!
588,3213,1,6,66,73,1.1095890410958904,0.04166275705683711,624,"You didn't pay for anything ,but I paid for that !@#$ blasted ice in the body freezer to remain alive."
585,3213,0,8,65,73,1.1095890410958904,0.036813962320997935,624,O trumpora! O mores!
580,3213,0,8,65,73,1.1095890410958904,0.036813962320997935,624,Shut up already! You have talked me to death!
570,3213,0,8,65,73,1.1095890410958904,0.036813962320997935,624,Nobody ever believes me!
529,3213,0,8,65,73,1.1095890410958904,0.036813962320997935,624,"They should say till death do us part, then you’re both dead, and stuck together forever."
501,3213,1,6,66,73,1.1095890410958904,0.04166275705683711,624,"Oh I just *had* to sign up for that ""No Exit"" account!"
760,3213,0,8,65,73,1.1095890410958904,0.036813962320997935,624,"Hey, let's blow this pop joint!"
433,3213,1,6,66,73,1.1095890410958904,0.04166275705683711,624,"Excuse me, you get no respect? We were buried at the same time!"
368,3213,1,6,66,73,1.1095890410958904,0.04166275705683711,624,This has got to be the most fucked up version of dig dug i have ever played.
349,3213,1,6,66,73,1.1095890410958904,0.04166275705683711,624,Hi! It's not so bad; you get used to it.
317,3213,1,6,66,73,1.1095890410958904,0.04166275705683711,624,"Hey, this is not a Silicon Valley apartment."
298,3213,1,6,66,73,1.1095890410958904,0.04166275705683711,624,"Eww, now I have to spend eternity with a naked skeleton?"
290,3213,0,8,65,73,1.1095890410958904,0.036813962320997935,624,Thin walls: The fate of the traveling salesman
231,3213,0,8,65,73,1.1095890410958904,0.036813962320997935,624,"Sorry,  you waited a little too long !"
177,3213,1,6,66,73,1.1095890410958904,0.04166275705683711,624,"No, I have not started rotting."
127,3213,0,8,65,73,1.1095890410958904,0.036813962320997935,624,Flowers are nice - but I prefer something personal.
113,3213,1,6,66,73,1.1095890410958904,0.04166275705683711,624,I don't feel like I'm sitting on top of the world.
74,3213,1,6,66,73,1.1095890410958904,0.04166275705683711,624,"Get another life, Bones."
56,3213,0,8,65,73,1.1095890410958904,0.036813962320997935,624,Did my wife tell you i am allergic? DID SHE??
30,3213,0,8,65,73,1.1095890410958904,0.036813962320997935,624,Are you kidding me? Do you know what I had to do just to get some rest and peace?
2060,3213,0,8,65,73,1.1095890410958904,0.036813962320997935,624,"Smith,we need you in the skeleton crew they said!"
424,3213,2,4,67,73,1.1095890410958904,0.04600329150595863,624,"Unless I can dig my way out with those, Thanks but no thanks."
766,3213,1,6,66,73,1.1095890410958904,0.04166275705683711,624,The unbearable stiffness of rigor mortis.
635,3213,1,6,66,73,1.1095890410958904,0.04166275705683711,624,No one told me there was a dress code.  Contact my mortician
844,3213,0,8,65,73,1.1095890410958904,0.036813962320997935,624,What!? It’s the new trend in going off the grid!
1980,3213,0,8,65,73,1.1095890410958904,0.036813962320997935,624,"Ugh, can't a corpse get some privacy around here?"
1839,3213,1,6,66,73,1.1095890410958904,0.04166275705683711,624,"Here, buck up. You'll get used to it after a while."
1825,3213,0,8,65,73,1.1095890410958904,0.036813962320997935,624,"Yes, Harry, I see you. You know, just because I suffocated you doesn’t mean you now need to ‘suffocate’ me."
1757,3213,1,6,66,73,1.1095890410958904,0.04166275705683711,624,Sorry but I don’t know this Heimlich!
1723,3213,1,6,66,73,1.1095890410958904,0.04166275705683711,624,This is the last place I thought I would ever see you wearing that awful suit
1636,3213,0,8,65,73,1.1095890410958904,0.036813962320997935,624,Happy Deathday! Here are some flowers for your death day.
1616,3213,2,4,67,73,1.1095890410958904,0.04600329150595863,624,All my life I’ve felt like an imposter
1547,3213,0,8,65,73,1.1095890410958904,0.036813962320997935,624,"No, no bouquet. As you know, the budget plan includes embalming fluid, or silk flowers, but not both."
795,3213,0,8,65,73,1.1095890410958904,0.036813962320997935,624,"Man: ""One day I'll make you mine.""
Woman: ""Over my dead body."""
1476,3213,2,4,67,73,1.1095890410958904,0.04600329150595863,624,Pass it on.
1447,3213,0,8,65,73,1.1095890410958904,0.036813962320997935,624,"Major Andre, I see your point!   Just keep in mind I was ""The Donald"" so I could doublespeak my way out of a TREASON charge!"
1400,3213,1,6,66,73,1.1095890410958904,0.04166275705683711,624,Trump's Fifth Wife
1393,3213,2,4,67,73,1.1095890410958904,0.04600329150595863,624,You're killing me with those flowers.  Aren't we supposed to be playing dead?!?
1390,3213,1,6,66,73,1.1095890410958904,0.04166275705683711,624,"I've never dressed this cheaply, my ex-wife did not show for the funeral, one kid smiled over the casket, my daughter.....

Shut up, the worms will resolve all of that stuff."
1308,3213,1,6,66,73,1.1095890410958904,0.04166275705683711,624,Standby passenger?
1538,3213,0,8,65,73,1.1095890410958904,0.036813962320997935,624,Can't a guy get a break around here?
1246,3213,1,6,66,73,1.1095890410958904,0.04166275705683711,624,I'm trying to think of an epitaph.
1293,3213,0,8,65,73,1.1095890410958904,0.036813962320997935,624,"Hey buddy, do you want a second opinion too?"
905,3213,1,6,66,73,1.1095890410958904,0.04166275705683711,624,Thanks but those make me fart.
964,3213,1,6,66,73,1.1095890410958904,0.04166275705683711,624,I guess romance really is dead.
977,3213,1,6,66,73,1.1095890410958904,0.04166275705683711,624,"No, I don't want to join ScullBook!"
994,3213,1,6,66,73,1.1095890410958904,0.04166275705683711,624,"Ok, you've been dyin' to meet the new neighbor, so what"
1006,3213,1,6,66,73,1.1095890410958904,0.04166275705683711,624,"Stop calling me the new guy, OK?"
848,3213,0,8,65,73,1.1095890410958904,0.036813962320997935,624,You look handsome for a newcomer.
1023,3213,0,8,65,73,1.1095890410958904,0.036813962320997935,624,Cheer up. Democrats get to skip purgatory.
1043,3213,2,4,67,73,1.1095890410958904,0.04600329150595863,624,Does this look like fun to you?  What happened to our kayaking trip...?
1107,3213,1,6,66,73,1.1095890410958904,0.04166275705683711,624,Eternal resting place my @$$!
1190,3213,0,8,65,73,1.1095890410958904,0.036813962320997935,624,So now I work for the IRS.
1213,3213,1,6,66,73,1.1095890410958904,0.04166275705683711,624,"Hey, you believe in love 
at first sight"
1007,3213,1,6,66,73,1.1095890410958904,0.04166275705683711,624,Liar One Liar Two
3147,3340,1,6,67,74,1.1081081081081081,0.04112256523107289,624,"Hey, how is it going ex-president"
1418,3341,1,5,60,66,1.106060606060606,0.04387303082685012,624,When you sign up to be a zombie nobody talks about claustrophobia.
2560,3342,1,5,64,70,1.1,0.04145390815152651,624,Eternal buddy system?
2577,3342,0,7,63,70,1.1,0.036115755925730755,624,F*** the patriarchy!
2581,3342,1,5,64,70,1.1,0.04145390815152651,624,"Oh, oh, oh!  Pick me! Pick me! I know why you’re here!"
2705,3342,1,5,64,70,1.1,0.04145390815152651,624,Jimmy likes to welcome the new neighbors
2854,3342,0,7,63,70,1.1,0.036115755925730755,624,"I can't see you but I know you're trying to tell me to, ""get out before it's too late!""."
3633,3342,0,7,63,70,1.1,0.036115755925730755,624,I'm not dead yet. But I'm not happy.
3474,3342,1,5,64,70,1.1,0.04145390815152651,624,"R I P ? 
""Do I have to reciprocate, and is it hello or goodbye?"""
3481,3342,1,5,64,70,1.1,0.04145390815152651,624,What took you so long? I've been waiting for ages.
3540,3342,0,7,63,70,1.1,0.036115755925730755,624,You mean you didn't move to L.A.?
3717,3342,0,7,63,70,1.1,0.036115755925730755,624,Who says chivalry is dead?
2884,3342,0,7,63,70,1.1,0.036115755925730755,624,"Hey,I was a vacuum salesman. I hate dust."
2460,3342,0,7,63,70,1.1,0.036115755925730755,624,Quiet! We're meant to sleep when we're dead.
246,3342,1,5,64,70,1.1,0.04145390815152651,624,Relax buddy! First thing you need to fear is fear itself.
2086,3342,0,7,63,70,1.1,0.036115755925730755,624,Gramdma!!!
2408,3342,0,7,63,70,1.1,0.036115755925730755,624,"Really, I’m flattered, but I just got out of a bad relationship with a zombie."
709,3342,0,7,63,70,1.1,0.036115755925730755,624,Toilet paper? This is nothing like I was told.
884,3342,1,5,64,70,1.1,0.04145390815152651,624,I knew it! Only Hell!
1304,3342,0,7,63,70,1.1,0.036115755925730755,624,"And, to top it off..."
411,3342,0,7,63,70,1.1,0.036115755925730755,624,You always were a nonconformist. We're supposed to be pushing up the daisies.
1635,3342,2,3,65,70,1.1,0.04617905559865247,624,Do feel it in your bones?
1935,3342,1,5,64,70,1.1,0.04145390815152651,624,"Please accept this bouquet back, I have married someone else in heaven."
1967,3342,0,7,63,70,1.1,0.036115755925730755,624,You must've been a nudist.
2031,3342,1,5,64,70,1.1,0.04145390815152651,624,"Hey, buddy, wait, you don’t want to go out there, trust me."
1551,3342,0,7,63,70,1.1,0.036115755925730755,624,"Hey, they made no bones about my burial."
2483,3366,1,5,65,71,1.0985915492957747,0.0408901437281722,624,Stop! You're Harshing My Buzz!
2649,3366,1,5,65,71,1.0985915492957747,0.0408901437281722,624,I wasn't expecting to be here -- make no bones about it!
2641,3366,1,5,65,71,1.0985915492957747,0.0408901437281722,624,You'll believe it when the roasting party starts.
2609,3366,2,3,66,71,1.0985915492957747,0.04554578291161663,624,When are you gonna take off that darn Halloween costume?
2578,3366,2,3,66,71,1.0985915492957747,0.04554578291161663,624,To  the  good  and  generouse  the  whole  world  is friendly
2538,3366,1,5,65,71,1.0985915492957747,0.0408901437281722,624,"It's been nice to know you, Bye"
2532,3366,1,5,65,71,1.0985915492957747,0.0408901437281722,624,"But,Doc, can't we terminate next week?"
2462,3366,0,7,64,71,1.0985915492957747,0.03563129757936204,624,"My friends call me Demos,
Demos Kratos.
But you can call me, never!"
2358,3366,0,7,64,71,1.0985915492957747,0.03563129757936204,624,Don't complain. It's a great way to loose weight.
2426,3366,1,5,65,71,1.0985915492957747,0.0408901437281722,624,"I signed up for the ""early-bird"" special."
2419,3366,0,7,64,71,1.0985915492957747,0.03563129757936204,624,So much for wearing Armani!
2371,3366,0,7,64,71,1.0985915492957747,0.03563129757936204,624,It’s about time. Dinner is ruined by the way.
2751,3366,0,7,64,71,1.0985915492957747,0.03563129757936204,624,Get out o’ heer. Fogget abou deet!
2350,3366,2,3,66,71,1.0985915492957747,0.04554578291161663,624,Are we in a separate panel or under the ground? Good thing Farley Katz drew those tree roots. And if the implication is that I can
2314,3366,1,5,65,71,1.0985915492957747,0.0408901437281722,624,"Sir, if you keep overexerting, you're going to end up dead tired."
2302,3366,1,5,65,71,1.0985915492957747,0.0408901437281722,624,you a dumbass bitch for this one
2179,3366,1,5,65,71,1.0985915492957747,0.0408901437281722,624,It's cool down here. Chill!
2127,3366,0,7,64,71,1.0985915492957747,0.03563129757936204,624,Flores flores para los muertos who’s afraid of the big bad Woolf!
2449,3366,0,7,64,71,1.0985915492957747,0.03563129757936204,624,Howdy neighbour! Just a word of advice- keep your lawn trimmed or the HOA will be on your ass. The rent is cheap though...there is always an upside!
2814,3366,0,7,64,71,1.0985915492957747,0.03563129757936204,624,Haven't you heard? Modern politics is dead.
2950,3366,1,5,65,71,1.0985915492957747,0.0408901437281722,624,FORGET YOUR BRIONI. LO CARB WORKS WONDERS DOWN HERE.
2834,3366,0,7,64,71,1.0985915492957747,0.03563129757936204,624,One last celebrity shout-out by Kris Kardashian
2078,3366,2,3,66,71,1.0985915492957747,0.04554578291161663,624,"Welcome!  It gets easier after a while, and it's also a good way to lose weight."
3687,3366,0,7,64,71,1.0985915492957747,0.03563129757936204,624,A bone-rattling good night.
3596,3366,1,5,65,71,1.0985915492957747,0.0408901437281722,624,That's it. No more cocaine enemas for a while.
3547,3366,0,7,64,71,1.0985915492957747,0.03563129757936204,624,Are the Republicans still the party of Lincoln?
3538,3366,0,7,64,71,1.0985915492957747,0.03563129757936204,624,"I'm undead, dead and being stalked. Great, just great."
3422,3366,1,5,65,71,1.0985915492957747,0.0408901437281722,624,All right. I flew all the way from Forest Lawn to be here today and boy are my arms tired. Now can I go back to being dead?
3415,3366,1,5,65,71,1.0985915492957747,0.0408901437281722,624,This neighborhood is going to shell in a handbasket
3395,3366,0,7,64,71,1.0985915492957747,0.03563129757936204,624,No I won’t head the neighborhood watch.
2831,3366,0,7,64,71,1.0985915492957747,0.03563129757936204,624,"Hey, you!  Talk about being loud enough to wake the dead!
Get a life!"
3288,3366,1,5,65,71,1.0985915492957747,0.0408901437281722,624,"Hey bud, sounds like you're miffed about your next assignment."
3135,3366,1,5,65,71,1.0985915492957747,0.0408901437281722,624,Just my luck - buried next to an IRS agent.
3129,3366,0,7,64,71,1.0985915492957747,0.03563129757936204,624,I didn't expect to finally meet my soul mate here. Sorry it took so long.
3107,3366,1,5,65,71,1.0985915492957747,0.0408901437281722,624,"I don't get it, they said people were dying to get in here."
3101,3366,1,5,65,71,1.0985915492957747,0.0408901437281722,624,Hello! You’re killing me here...
3064,3366,0,7,64,71,1.0985915492957747,0.03563129757936204,624,"""No, I am still not interested."""
2951,3366,1,5,65,71,1.0985915492957747,0.0408901437281722,624,Did you read the instructions up there? You should be resting in peace not wrestling in place.
2949,3366,1,5,65,71,1.0985915492957747,0.0408901437281722,624,I thought say said to death do us part
2929,3366,1,5,65,71,1.0985915492957747,0.0408901437281722,624,Didn’t I say a new suit was money I’ll spent.
3269,3366,0,7,64,71,1.0985915492957747,0.03563129757936204,624,"Oh, bosh. How puerile. I find it so disgusting when someone does not care how you dress up to suit the occasion."
2074,3366,1,5,65,71,1.0985915492957747,0.0408901437281722,624,"For heaven's sake, I've got no media barrier"
1362,3366,0,7,64,71,1.0985915492957747,0.03563129757936204,624,"Hey Frank, it's your turn!"
1990,3366,1,5,65,71,1.0985915492957747,0.0408901437281722,624,"I mean...like..why is it called 'The Walking Dead""...that makes no sense to me"
820,3366,0,7,64,71,1.0985915492957747,0.03563129757936204,624,Hahahaha! Stop it! You’re killing me!
817,3366,0,7,64,71,1.0985915492957747,0.03563129757936204,624,Relax!  I'M not Sacha Baron Cohen.
784,3366,0,7,64,71,1.0985915492957747,0.03563129757936204,624,I can't believe I have to spend eternity next to the naked guy.
673,3366,0,7,64,71,1.0985915492957747,0.03563129757936204,624,These flowers were dropped off by accident. Since your. Getting up to pee take them to the surface
615,3366,1,5,65,71,1.0985915492957747,0.0408901437281722,624,You must have really good threads!
564,3366,0,7,64,71,1.0985915492957747,0.03563129757936204,624,"I ask you...was I wrong? I mean, Who can't see that she was the problem..."
560,3366,0,7,64,71,1.0985915492957747,0.03563129757936204,624,Darnit! Why didn't they cremate us!?
504,3366,2,3,66,71,1.0985915492957747,0.04554578291161663,624,"Welp, at least the neighbors are to die for"
826,3366,0,7,64,71,1.0985915492957747,0.03563129757936204,624,Welcome! This was originally a temp position.
467,3366,0,7,64,71,1.0985915492957747,0.03563129757936204,624,"No more argument, counsel. Time's up."
385,3366,0,7,64,71,1.0985915492957747,0.03563129757936204,624,"I will go to my grave or yours, 
boasting, ""I executed a Brilliant Election."""
283,3366,0,7,64,71,1.0985915492957747,0.03563129757936204,624,What's'under?
275,3366,1,5,65,71,1.0985915492957747,0.0408901437281722,624,"ah, yeah, thanks but no. just got here, should probably take some time to decide if i’m gonna be a punk or a daddy or what"
270,3366,0,7,64,71,1.0985915492957747,0.03563129757936204,624,"Chill! Sure, it’s boring, but look at the changes you can look forward to. John Jackson, Aledo TX"
247,3366,1,5,65,71,1.0985915492957747,0.0408901437281722,624,"before,after tee hee!"
119,3366,1,5,65,71,1.0985915492957747,0.0408901437281722,624,"Sorry, I’m not going anywhere."
81,3366,1,5,65,71,1.0985915492957747,0.0408901437281722,624,I just got here.  Give me a break!
1994,3366,0,7,64,71,1.0985915492957747,0.03563129757936204,624,Your selfies will be the death of me..
392,3366,0,7,64,71,1.0985915492957747,0.03563129757936204,624,Don't tell me now I've got to look like an extra in 'Coco'?
949,3366,1,5,65,71,1.0985915492957747,0.0408901437281722,624,Still after that $100 I owe?  You'll get it!
770,3366,0,7,64,71,1.0985915492957747,0.03563129757936204,624,"Okay, one more time.  I'm going to close my eyes and you can pretend to hide..."
1158,3366,0,7,64,71,1.0985915492957747,0.03563129757936204,624,"Hey buddy, how much did that coffin set you back?"
1977,3366,2,3,66,71,1.0985915492957747,0.04554578291161663,624,"Hello!  Follow instructions, please!"
1948,3366,0,7,64,71,1.0985915492957747,0.03563129757936204,624,"Hi, new person!!"
1927,3366,0,7,64,71,1.0985915492957747,0.03563129757936204,624,Frank said I looked really put together in this suit.
1882,3366,1,5,65,71,1.0985915492957747,0.0408901437281722,624,"Paul, how long til the witch hunt is over?”  “Get comfy"
1143,3366,0,7,64,71,1.0985915492957747,0.03563129757936204,624,Daddy Dear!
1721,3366,0,7,64,71,1.0985915492957747,0.03563129757936204,624,"Dude, where's the beef, ha ha ha ha ha ha ha ha."
1703,3366,1,5,65,71,1.0985915492957747,0.0408901437281722,624,"Cool it sister, Nancy's on her way."
1633,3366,1,5,65,71,1.0985915492957747,0.0408901437281722,624,Whoa! It says rest in peace
1631,3366,1,5,65,71,1.0985915492957747,0.0408901437281722,624,Hi!  Welcome to the neighborhood.
1623,3366,0,7,64,71,1.0985915492957747,0.03563129757936204,624,"Hell, I'd recognize that face anywhere,"" he always said"
1775,3366,0,7,64,71,1.0985915492957747,0.03563129757936204,624,Can't you ever stop acting like the queen!
1408,3366,0,7,64,71,1.0985915492957747,0.03563129757936204,624,So much for resting in peace.
1381,3366,0,7,64,71,1.0985915492957747,0.03563129757936204,624,You should hold up well. These posies were an early test crop for GM crops.
1375,3366,1,5,65,71,1.0985915492957747,0.0408901437281722,624,I see you're new to the neighborhood.
1351,3366,0,7,64,71,1.0985915492957747,0.03563129757936204,624,Welcome to the Bones and Bones club.
1287,3366,0,7,64,71,1.0985915492957747,0.03563129757936204,624,"Oh, shut up, will  you?  Can't you see I'm trying to sleep?"
1247,3366,1,5,65,71,1.0985915492957747,0.0408901437281722,624,What the....I told my wife to buy the private lot.
1536,3366,0,7,64,71,1.0985915492957747,0.03563129757936204,624,"What, getting hit by a meteorite wasn't enough? Now this?"
1192,3366,1,5,65,71,1.0985915492957747,0.0408901437281722,624,"Sure I'm against gentrification, but it's nice to see some fresh blood."
1063,3451,1,5,66,72,1.0972222222222223,0.04034147195184963,624,You may have overdone the I want to stay thin thing .
2141,3452,1,4,62,67,1.0895522388059702,0.04108073750471496,624,"Just my luck, a busybody"
2703,3452,0,6,61,67,1.0895522388059702,0.03514744598911431,624,Are you telling me I'm overdressed or the food is not so good here?
2880,3452,0,6,61,67,1.0895522388059702,0.03514744598911431,624,We are the friendliest funeral directors this side of the Mississippi (above and below ground)
3034,3452,0,6,61,67,1.0895522388059702,0.03514744598911431,624,"I see you’re new! No need to dress up round here, not even on October 31st."
3560,3452,0,6,61,67,1.0895522388059702,0.03514744598911431,624,See you at happy hour.
3378,3452,0,6,61,67,1.0895522388059702,0.03514744598911431,624,You deadhead them--you've got more experience.
3545,3452,1,4,62,67,1.0895522388059702,0.04108073750471496,624,"Oh, great. Another neighbor with no personality."
3580,3452,1,4,62,67,1.0895522388059702,0.04108073750471496,624,"Buy one Slow Decompose bottle for $19.95 and get the second one free.
Act now !"
1887,3452,0,6,61,67,1.0895522388059702,0.03514744598911431,624,"Hi, Where are you from?"
3667,3452,0,6,61,67,1.0895522388059702,0.03514744598911431,624,Whoa. Like I want to hear your dirty laundry.
3375,3452,0,6,61,67,1.0895522388059702,0.03514744598911431,624,"Welcome home, dude."
1768,3452,0,6,61,67,1.0895522388059702,0.03514744598911431,624,"Hey dude, be cool, its a rip!"
1206,3452,1,4,62,67,1.0895522388059702,0.04108073750471496,624,Here are “welcome” flowers . The “stone” is on the way .
1638,3452,1,4,62,67,1.0895522388059702,0.04108073750471496,624,"Building from just the ground up is so last century."""
1753,3452,0,6,61,67,1.0895522388059702,0.03514744598911431,624,Just because we both flipped our lids doesn't make us soul mates.
64,3452,0,6,61,67,1.0895522388059702,0.03514744598911431,624,"So, what's next?"
598,3452,0,6,61,67,1.0895522388059702,0.03514744598911431,624,"Hey, remember me?"
861,3452,0,6,61,67,1.0895522388059702,0.03514744598911431,624,I wonder if the cute new guy notices me.
943,3452,0,6,61,67,1.0895522388059702,0.03514744598911431,624,"Hi, new guy -- how about a drink before your stomach discomposes."
341,3452,1,4,62,67,1.0895522388059702,0.04108073750471496,624,"hey, don't kill the ending....I haven't seen that movie yet."
1505,3452,0,6,61,67,1.0895522388059702,0.03514744598911431,624,Frank had become a little overzealous with his cradle-to-grave service ethic.
1559,3452,1,4,62,67,1.0895522388059702,0.04108073750471496,624,"Skeleton:  Welcome to the underground! 
New Corpse:  I was an accountant, I don't understand the underground scene."
1569,3452,0,6,61,67,1.0895522388059702,0.03514744598911431,624,Now who's going to listen to my stories about Accounts Receivable?
1627,3452,1,4,62,67,1.0895522388059702,0.04108073750471496,624,"Sorry, I took your flowers. I was looking for fig leaves to cover up!"
1170,3452,1,4,62,67,1.0895522388059702,0.04108073750471496,624,I will never leave you along until we get the agreement.
2504,3477,1,4,63,68,1.088235294117647,0.04049352107666846,624,You take them. I don’t need them anymore.
3382,3477,1,4,63,68,1.088235294117647,0.04049352107666846,624,"Skeleton: OMG! So handsome and he’s trying to hug me
Zombie:  rgggh....aruuuh....mmmnnhh"
3349,3477,1,4,63,68,1.088235294117647,0.04049352107666846,624,"It could be worse; I might be dead right now!""  -Tom Potter

115 Irving Street, Laurel MD 20707-4503, markellorhighwater@gmail.com
(301) 725-9378  &

""I can't believe you're just sitting there drawing me instead of calling for help."" -Markell Wes"
3224,3477,1,4,63,68,1.088235294117647,0.04049352107666846,624,Bugsie! It’s you after all these years”
3003,3477,1,4,63,68,1.088235294117647,0.04049352107666846,624,Don't pretend to be dead... All sex no romance with this one.
2878,3477,2,2,64,68,1.088235294117647,0.04559283728790035,624,What?  Like I need them?
2410,3477,0,6,62,68,1.088235294117647,0.03465174867755203,624,"All I said was, I’ll take one for the team"
2662,3477,1,4,63,68,1.088235294117647,0.04049352107666846,624,"Tell me Connie, are you still dead?"
1934,3477,1,4,63,68,1.088235294117647,0.04049352107666846,624,"Not to be unkind, but I prefer younger corpses."
1895,3477,2,2,64,68,1.088235294117647,0.04559283728790035,624,"Stop it already, with all your how many fingers am I holding up and  all your finger jokes."
1866,3477,1,4,63,68,1.088235294117647,0.04049352107666846,624,What was the point? you said...
1615,3477,0,6,62,68,1.088235294117647,0.03465174867755203,624,wes craven auditions are tough!
804,3477,1,4,63,68,1.088235294117647,0.04049352107666846,624,"I'm going to get you, at last!!!"
330,3477,1,4,63,68,1.088235294117647,0.04049352107666846,624,"I saw the tombstone, how was I to know ‘Mrs. Gadfly’ was her nickname?"
1953,3477,0,6,62,68,1.088235294117647,0.03465174867755203,624,Is that au revoir or goodbye?
1820,3492,0,5,59,64,1.078125,0.033811213593755246,624,"Look, I'm really flattered, but I'm not gay. Or even dead, if it comes to that."
1830,3492,1,3,60,64,1.078125,0.04048740434646664,624,Your room or my room?
1881,3492,1,3,60,64,1.078125,0.04048740434646664,624,It’s the newest concept in co-burying
1897,3492,0,5,59,64,1.078125,0.033811213593755246,624,It beats cremation at the cat litter factory!
2070,3492,1,3,60,64,1.078125,0.04048740434646664,624,Gotcha!
2102,3492,0,5,59,64,1.078125,0.033811213593755246,624,I didn’t want anyone else to have this suit!
2360,3492,0,5,59,64,1.078125,0.033811213593755246,624,I can't live if living is without you!
2714,3492,0,5,59,64,1.078125,0.033811213593755246,624,My doctor always told me to lose weight !
2467,3492,0,5,59,64,1.078125,0.033811213593755246,624,"Hello Benedict! When I left, we’d just found another one."
2567,3492,1,3,60,64,1.078125,0.04048740434646664,624,What next populist stumps toward Washington waiting to be reborn?
2828,3492,0,5,59,64,1.078125,0.033811213593755246,624,Stop saying ‘Welcome to the neighborhood.’
3222,3492,0,5,59,64,1.078125,0.033811213593755246,624,Stop with the sign language. I never learned it above ground.
3341,3492,0,5,59,64,1.078125,0.033811213593755246,624,"Welcome to Hell""?  But I'm innocent"
3393,3492,0,5,59,64,1.078125,0.033811213593755246,624,"How did this happen? I'm rich. I'm famous. I'm still young!""
""Maybe this will help."
1681,3492,0,5,59,64,1.078125,0.033811213593755246,624,Zombie try-outs are at five. Skeletons at three.
3738,3492,0,5,59,64,1.078125,0.033811213593755246,624,Build that wall! No Day of the Dead!
1294,3492,0,5,59,64,1.078125,0.033811213593755246,624,I don't care how easy it'll be to lose weight. I just want OUT!
2361,3492,0,5,59,64,1.078125,0.033811213593755246,624,To rid any law suits.
1179,3492,1,3,60,64,1.078125,0.04048740434646664,624,"Yeh yeh, ""widowers' weeds"", I get it."
1288,3492,0,5,59,64,1.078125,0.033811213593755246,624,AND THEY WERE TOMBMATES.
89,3492,0,5,59,64,1.078125,0.033811213593755246,624,"I asked for the cozy studio, but long term tenants? I wasn't informed of this!"
163,3492,0,5,59,64,1.078125,0.033811213593755246,624,"Dude, it has been paid for; just go with it!"
171,3492,0,5,59,64,1.078125,0.033811213593755246,624,Well that's what rap sounds like now!
306,3492,0,5,59,64,1.078125,0.033811213593755246,624,Gonna rock-it-up! Gonna RIP-it-up!
381,3492,1,3,60,64,1.078125,0.04048740434646664,624,"The dating pool is larger, but everyone l"
413,3492,0,5,59,64,1.078125,0.033811213593755246,624,Where's Musk's tiny submarine when i REALLY need it.
78,3492,0,5,59,64,1.078125,0.033811213593755246,624,I always said I'd be there for you even from the grave
594,3492,1,3,60,64,1.078125,0.04048740434646664,624,I keep telling you.  You're just not my type!
828,3492,0,5,59,64,1.078125,0.033811213593755246,624,"If only I could play a round of golf down here, then I wouldn't have to hang out with this guy all day!""  or ""See? I have so, so many fans everywhere in the world! Much, much more than Hillary could ever dream of!"
1039,3492,0,5,59,64,1.078125,0.033811213593755246,624,These aren't even my best socks.
1048,3492,1,3,60,64,1.078125,0.04048740434646664,624,"So, yeah, I tied my bathrobe belt around my neck while I was cranking down in my hotel room — but I only did it ONE TIME. Now I'm here for-fucking-ever? That's such bullshit."
1068,3492,0,5,59,64,1.078125,0.033811213593755246,624,"Take it from me, it could be worse."
1109,3492,0,5,59,64,1.078125,0.033811213593755246,624,"But, you really could use some meat on your bones."
1117,3492,0,5,59,64,1.078125,0.033811213593755246,624,You might want to slip into something a little more comfortable?
474,3492,0,5,59,64,1.078125,0.033811213593755246,624,There is no light here but we still say good morning down here.
1639,3527,1,3,61,65,1.0769230769230769,0.039877771833322535,624,"I appreciate the thought, but I'm allergic to flowers."
1647,3527,0,5,60,65,1.0769230769230769,0.033308669376324554,624,Can't a guy get a moment to himself?
1736,3527,1,3,61,65,1.0769230769230769,0.039877771833322535,624,Hi. I didn't expect to see you soon.
1871,3527,0,5,60,65,1.0769230769230769,0.033308669376324554,624,I don't care how long you have been down here! Let me rest in peace!
1880,3527,0,5,60,65,1.0769230769230769,0.033308669376324554,624,Is this what they meant when they said I was killing it?
1907,3527,0,5,60,65,1.0769230769230769,0.033308669376324554,624,"Whoa, just got here. Let me check things out."
2263,3527,0,5,60,65,1.0769230769230769,0.033308669376324554,624,Welcome to my housewarming party!
2124,3527,0,5,60,65,1.0769230769230769,0.033308669376324554,624,"Sorry, but no thanks.  For the first time in my life, I am happy."
2193,3527,1,3,61,65,1.0769230769230769,0.039877771833322535,624,WHOA!   I think I  picked the wrong spot for a short nap!
2531,3527,0,5,60,65,1.0769230769230769,0.033308669376324554,624,The new groundskeeper has been making some big changes.
3167,3527,1,3,61,65,1.0769230769230769,0.039877771833322535,624,"Hey counselor,remember when you were my ex-husbands  divorce  lawyer?"
3260,3527,0,5,60,65,1.0769230769230769,0.033308669376324554,624,"No thanks.
The Donald said he 
was taking care of me.."
1477,3527,0,5,60,65,1.0769230769230769,0.033308669376324554,624,keep your bones to yourself
2119,3527,0,5,60,65,1.0769230769230769,0.033308669376324554,624,Kindred spirits! The lies put us in the same bed!
1377,3527,1,3,61,65,1.0769230769230769,0.039877771833322535,624,"I get it! You’re a faster decomposer, Harold."
3304,3527,1,3,61,65,1.0769230769230769,0.039877771833322535,624,"I feel like this job is sucking the life out of me... If I don't get out of here soon I""'ll end up like Kevin....""
""Morning Jeff! Can you believe they're putting a vending machine in the break room? Finally!!!"
1236,3527,0,5,60,65,1.0769230769230769,0.033308669376324554,624,Prajalsta Comrade!
1095,3527,1,3,61,65,1.0769230769230769,0.039877771833322535,624,"Even if I wave back, how are you going to see it?"
965,3527,0,5,60,65,1.0769230769230769,0.033308669376324554,624,"No, I do not know where the bathroom is."
926,3527,1,3,61,65,1.0769230769230769,0.039877771833322535,624,"I understand you were against same sex marriage buddy, but you're stuck with me for a long time, so why not make the best of it?"
875,3527,0,5,60,65,1.0769230769230769,0.033308669376324554,624,"Can you give it up already? I told you,I"
806,3527,1,3,61,65,1.0769230769230769,0.039877771833322535,624,"When they still vote for you, you need to stay in shape."
773,3527,0,5,60,65,1.0769230769230769,0.033308669376324554,624,"Hey, got a nickel for Charon?"
671,3527,1,3,61,65,1.0769230769230769,0.039877771833322535,624,"I appreciate the condolence, but you're a little too late!"
619,3527,0,5,60,65,1.0769230769230769,0.033308669376324554,624,"Look, having nuclear — my uncle was a great professor and scientist and engineer, Dr. John Trump at MIT; good genes, very good genes, OK, very smart, the Wharton School of Finance, very good, very smart — you know, if you’re a conservative Republican"
427,3527,0,5,60,65,1.0769230769230769,0.033308669376324554,624,"I might like you if you gave me time, but what about the insurmountable obstacle between us that we'll never be able to overcome?"
374,3527,0,5,60,65,1.0769230769230769,0.033308669376324554,624,"Tell me Connie, is your mother still dead? Ed Sullican"
356,3527,0,5,60,65,1.0769230769230769,0.033308669376324554,624,"Hay, it's me... Jimmy... Jimmy Hoffa."
126,3527,0,5,60,65,1.0769230769230769,0.033308669376324554,624,"Dream on buddy, st least these flowers are real."
115,3527,1,3,61,65,1.0769230769230769,0.039877771833322535,624,"Hello, is somebody there?"
24,3527,0,5,60,65,1.0769230769230769,0.033308669376324554,624,Read the last 33.3% of the sign!
1307,3527,1,3,61,65,1.0769230769230769,0.039877771833322535,624,"Hey, man, you really need to lose some weight."
2562,3559,1,3,63,67,1.0746268656716418,0.03871192026509392,624,Hi neighbor! You can stop playing dead - I know you can see me.
3057,3560,0,4,55,59,1.0677966101694916,0.03300998538034586,624,"Before my next number, anybody here from out of town?"
2899,3561,0,4,56,60,1.0666666666666667,0.03247482002983032,624,"So I had a double helping of fettuccine alfredo.  It was really good, but not to die for.""                    ""You'll have all eternity to savor it."
2679,3561,0,4,56,60,1.0666666666666667,0.03247482002983032,624,"OMG! Welcome, new neighbor! Let me tell you all about the neighborhood, and my kids, and that new Thai place, and..."
2432,3561,0,4,56,60,1.0666666666666667,0.03247482002983032,624,A rose from the grave for the occasion.
1622,3561,0,4,56,60,1.0666666666666667,0.03247482002983032,624,Thanks for the flowers.  You're all I have left after serving as the U.S. president
2841,3561,0,4,56,60,1.0666666666666667,0.03247482002983032,624,"Here being you and, in time, seeing you later alligator."
555,3561,0,4,56,60,1.0666666666666667,0.03247482002983032,624,"Hey, quit complaining.  It's not going to move you any closer to the tree."
354,3561,0,4,56,60,1.0666666666666667,0.03247482002983032,624,And a warm welcome to our nearly dearly departed.
86,3561,0,4,56,60,1.0666666666666667,0.03247482002983032,624,"Hey, I'm not dead yet.

Me either."
664,3561,0,4,56,60,1.0666666666666667,0.03247482002983032,624,"Shut your trap, and rot in peace, would ya?"
3662,3570,0,4,57,61,1.0655737704918034,0.03195670276986547,624,Let bygones be bygones. We have an eternity together to look forward to.
3554,3570,1,2,58,61,1.0655737704918034,0.03959392553603673,624,"Hey, Father O’Leary, can you hear me? My mother-in-law is still torturing me! Where's the peace you  promised would finally be mine?"
3455,3570,1,2,58,61,1.0655737704918034,0.03959392553603673,624,"Yes, I DID remember you never liked roses, but they told me they’d last the longest."
2363,3570,1,2,58,61,1.0655737704918034,0.03959392553603673,624,Rest? How the heck am I supposed to Rest In Peace when I don’t even understand Spanish?
2239,3570,1,2,58,61,1.0655737704918034,0.03959392553603673,624,I think we’ve gotten to the root of it all.
2054,3570,1,2,58,61,1.0655737704918034,0.03959392553603673,624,I've been dying to get a new neighbor.
1930,3570,1,2,58,61,1.0655737704918034,0.03959392553603673,624,What would John Lennon be doing if he were alive?
1253,3570,1,2,58,61,1.0655737704918034,0.03959392553603673,624,"Don't need flowers, but do you have any diet pills left?"
1276,3570,0,4,57,61,1.0655737704918034,0.03195670276986547,624,Coming on so strong so early just kills a relationship. Chill.
960,3570,0,4,57,61,1.0655737704918034,0.03195670276986547,624,Sorry. Not feeling as grateful as you.
925,3570,1,2,58,61,1.0655737704918034,0.03959392553603673,624,They always said my bills would bury me alive!
645,3570,1,2,58,61,1.0655737704918034,0.03959392553603673,624,And THIS why I wanted to be cremated Mom!
559,3570,0,4,57,61,1.0655737704918034,0.03195670276986547,624,"Hello, since create cremation has become so popular, we've had fewer newcomers."
287,3570,1,2,58,61,1.0655737704918034,0.03959392553603673,624,I get no respect.  Only dead guys clap for me.
1433,3570,1,2,58,61,1.0655737704918034,0.03959392553603673,624,I told them to give me a sky burial! Those idiots!
2599,3585,0,3,54,57,1.0526315789473684,0.02983930050072848,624,You haven
2575,3585,0,3,54,57,1.0526315789473684,0.02983930050072848,624,"You can't take it with you.  
So can I have your jacket?"
2437,3585,1,1,55,57,1.0526315789473684,0.038948045784260796,624,I don’t get it. No one even sent flowers!
2165,3585,1,1,55,57,1.0526315789473684,0.038948045784260796,624,I always hated this chapter in Our Town.
2222,3585,0,3,54,57,1.0526315789473684,0.02983930050072848,624,"Hey Buddy,we have better embalming fluid in 2018!"
2696,3585,0,3,54,57,1.0526315789473684,0.02983930050072848,624,I wonder if anyone else down here was buried alive.
2147,3585,0,3,54,57,1.0526315789473684,0.02983930050072848,624,"Honestly,who in tarnation would have guessed that there was life after death?"
2130,3585,0,3,54,57,1.0526315789473684,0.02983930050072848,624,Few people came to my funeral. All they did was send losey flowers.
2337,3585,0,3,54,57,1.0526315789473684,0.02983930050072848,624,The deads are the best listeners.
2698,3585,0,3,54,57,1.0526315789473684,0.02983930050072848,624,"No thanks, My allergies are killing me."
2906,3585,0,3,54,57,1.0526315789473684,0.02983930050072848,624,I'm in hell.  It's an I'm OK Your OK guy.
2773,3585,0,3,54,57,1.0526315789473684,0.02983930050072848,624,"Look, SOMEONE remembered our anniversary."
2787,3585,0,3,54,57,1.0526315789473684,0.02983930050072848,624,Spring / Winter relationships never work out.
2960,3585,0,3,54,57,1.0526315789473684,0.02983930050072848,624,I thought you were suppose to PUSH up daises.
2972,3585,0,3,54,57,1.0526315789473684,0.02983930050072848,624,"It’s been great, but with you it seems more like grave than gravy”"
3168,3585,0,3,54,57,1.0526315789473684,0.02983930050072848,624,And I suppose you have clothes in your closet.
3182,3585,0,3,54,57,1.0526315789473684,0.02983930050072848,624,I'm done
3556,3585,0,3,54,57,1.0526315789473684,0.02983930050072848,624,"Hey handsome, what are you doing the rest of your life after death?"
3585,3585,1,1,55,57,1.0526315789473684,0.038948045784260796,624,"Hey, this is the way it goes. Just learn to live with it."
3695,3585,0,3,54,57,1.0526315789473684,0.02983930050072848,624,How can I bring you flowers anymore?
2045,3585,1,1,55,57,1.0526315789473684,0.038948045784260796,624,This reminds me of the folk song Barbara Allen.
2737,3585,0,3,54,57,1.0526315789473684,0.02983930050072848,624,You must be the pedigree we’ve been waiting for!
1943,3585,0,3,54,57,1.0526315789473684,0.02983930050072848,624,"Please, just row your boat down the SCREAM.  And don't make waves!"
892,3585,0,3,54,57,1.0526315789473684,0.02983930050072848,624,It'd be easier to know if I should call the police or not if you still had your skin.
1784,3585,0,3,54,57,1.0526315789473684,0.02983930050072848,624,Maybe I didn't appreciate the desert island enough.
1860,3585,0,3,54,57,1.0526315789473684,0.02983930050072848,624,Robbing the cradle still sounds better though
20,3585,0,3,54,57,1.0526315789473684,0.02983930050072848,624,I don’t even like tulips!
282,3585,0,3,54,57,1.0526315789473684,0.02983930050072848,624,Catch you on the other side!
288,3585,0,3,54,57,1.0526315789473684,0.02983930050072848,624,"Rodney Dangerfield at Forest Lawn: ""Even in death I get no respect, no respect at all!"""
322,3585,0,3,54,57,1.0526315789473684,0.02983930050072848,624,"I didn't recognize you at first, Tom.  You've lost so much weight."
454,3585,0,3,54,57,1.0526315789473684,0.02983930050072848,624,"Believe me!  I'm really a knockout, but I left all the rest to science . . ."
473,3585,0,3,54,57,1.0526315789473684,0.02983930050072848,624,"Why am I hear-     ou, ou, I know"
498,3585,0,3,54,57,1.0526315789473684,0.02983930050072848,624,"I've told you before, I'm not your uncle."
531,3585,0,3,54,57,1.0526315789473684,0.02983930050072848,624,"No, I'm the richest man in the graveyard."
613,3585,0,3,54,57,1.0526315789473684,0.02983930050072848,624,"""If  I get to look  like you,who can rest in peace?"""
659,3585,0,3,54,57,1.0526315789473684,0.02983930050072848,624,"Marge, this is not funny!  I told you no Halloween display this year!"
488,3585,0,3,54,57,1.0526315789473684,0.02983930050072848,624,Who can fit in one of these things anyway?
979,3585,0,3,54,57,1.0526315789473684,0.02983930050072848,624,"'Hey, new guy! You telling me Bernie Isn't President yet?"
1734,3585,0,3,54,57,1.0526315789473684,0.02983930050072848,624,"The spinning plates are crashing, the performer is losing it, and I'm on the stage dying."
1363,3585,0,3,54,57,1.0526315789473684,0.02983930050072848,624,"Why is it every time you're in a scary situation, you're in a coffin?!"
1315,3585,0,3,54,57,1.0526315789473684,0.02983930050072848,624,You can’t give them back yet. My body’s not even cold yet.
1302,3585,0,3,54,57,1.0526315789473684,0.02983930050072848,624,You wouldn't have any Grey poupon or do I need  to go to that Chinese grocery store Senator
1532,3585,0,3,54,57,1.0526315789473684,0.02983930050072848,624,Take my plastic flowers; they are as permanent as you.
1027,3585,1,1,55,57,1.0526315789473684,0.038948045784260796,624,Week after week of good captions and nothing! I see bribery didn't work.
1012,3585,0,3,54,57,1.0526315789473684,0.02983930050072848,624,"Hey, it still beats being delayed on the 4 train during rush hour!"
1001,3585,1,1,55,57,1.0526315789473684,0.038948045784260796,624,"So I said, 'You'd better bring Lucky when you come to visit me."""
1250,3585,0,3,54,57,1.0526315789473684,0.02983930050072848,624,Sometimes being a zombie is not all it’s cracked up to be...
2689,3632,0,3,55,58,1.0517241379310345,0.029334355490462056,624,"Here's looking at you, kid!"
2913,3632,0,3,55,58,1.0517241379310345,0.029334355490462056,624,"Nursing home industry to assisted living industry: ""Welcome. Yeah, I know. I also thought that there's no skin in the game?"""
2911,3632,0,3,55,58,1.0517241379310345,0.029334355490462056,624,Who in Hell would have ever thought that the grave was double occupancy?
2871,3632,0,3,55,58,1.0517241379310345,0.029334355490462056,624,It was this or the Keto diet.
2775,3632,0,3,55,58,1.0517241379310345,0.029334355490462056,624,Not what I had in mind when I requested a tiny home.
2733,3632,0,3,55,58,1.0517241379310345,0.029334355490462056,624,"THANKS,BUT DON' YOU REMEMBER I HATE FLOWERS"
2713,3632,0,3,55,58,1.0517241379310345,0.029334355490462056,624,"Hey, welcome to the thin skin club!"
2710,3632,0,3,55,58,1.0517241379310345,0.029334355490462056,624,It's not bad once you get used to it.
2693,3632,1,1,56,58,1.0517241379310345,0.038281393516913155,624,"Grandparents having a discussion our five & six yr. old was taking a bath somehow they heard what was said they sure didn't agree with Grandma the five yr. Old said you didn't have us we come out of Cleo Belly by Nene Taylor Ashdown,AR"
2637,3632,0,3,55,58,1.0517241379310345,0.029334355490462056,624,"Flowers for those dem bones, dem bones dem, dry bones.

Cathi Calupi 
conley803@gmail com"
2173,3632,0,3,55,58,1.0517241379310345,0.029334355490462056,624,Every day below ground is a bad day.
2477,3632,0,3,55,58,1.0517241379310345,0.029334355490462056,624,"'\""They lasted longer than I did""."
2474,3632,0,3,55,58,1.0517241379310345,0.029334355490462056,624,I find you annoying. Zip your lip!
2441,3632,0,3,55,58,1.0517241379310345,0.029334355490462056,624,"We're still going to have a really good shew.  Sorry that last act did die, though"
2431,3632,0,3,55,58,1.0517241379310345,0.029334355490462056,624,Climate change schlimate change!
2336,3632,0,3,55,58,1.0517241379310345,0.029334355490462056,624,Tried Glucosamine??
2282,3632,0,3,55,58,1.0517241379310345,0.029334355490462056,624,When you get new neighbors and you are trying to get that Wifi password.
2234,3632,0,3,55,58,1.0517241379310345,0.029334355490462056,624,I think you atre prudent to try it out for fit and comfort asnd talk to sobody who actually uses one.  It's not like you in it for the short haul.
2230,3632,1,1,56,58,1.0517241379310345,0.038281393516913155,624,Welcome! When you've been dead as long as I you'll probably be looking something like me.
2203,3632,0,3,55,58,1.0517241379310345,0.029334355490462056,624,Are you going to acknowledge me at all? I'm not going anywhere..
2993,3632,0,3,55,58,1.0517241379310345,0.029334355490462056,624,"What do you mean bye-bye, I just got here!"
2164,3632,0,3,55,58,1.0517241379310345,0.029334355490462056,624,You only die once!
2508,3632,0,3,55,58,1.0517241379310345,0.029334355490462056,624,"Could you please inform of the appropriate dress code, Mate!"
3036,3632,0,3,55,58,1.0517241379310345,0.029334355490462056,624,At least there's no cover charge.
3400,3632,0,3,55,58,1.0517241379310345,0.029334355490462056,624,I dressed for dinner so I am not going to join you just yet
3076,3632,0,3,55,58,1.0517241379310345,0.029334355490462056,624,"Oh my gosh, Agnes.... Does R.I.P. mean nothing to you?"
2002,3632,0,3,55,58,1.0517241379310345,0.029334355490462056,624,"No thanks, I have an allergy."
3751,3632,0,3,55,58,1.0517241379310345,0.029334355490462056,624,Yeah...Hi to you too...so you'll show me how to fan off the flies...?
3696,3632,0,3,55,58,1.0517241379310345,0.029334355490462056,624,"Hey, kinda have to take it easy here. I called my super who is just a  grave away in 1910 about these tree roots and am still waiting."
3677,3632,0,3,55,58,1.0517241379310345,0.029334355490462056,624,"I thought I was going to heaven, but now I'm not so sure.""
Arthur Rowse
aerowse@gmail.com
301.656.9639
rowse"
3755,3632,0,3,55,58,1.0517241379310345,0.029334355490462056,624,"‘.’


I’m feeling the love ,but where is the food?"
3630,3632,0,3,55,58,1.0517241379310345,0.029334355490462056,624,I don't think so.  The after death romances just don't work for me.
3526,3632,0,3,55,58,1.0517241379310345,0.029334355490462056,624,"Better ""Late"" than Never; Literally and Figuratively!"
3517,3632,0,3,55,58,1.0517241379310345,0.029334355490462056,624,"Can you go get me some Burger King? They have a 'no skin, no service' policy."
3491,3632,0,3,55,58,1.0517241379310345,0.029334355490462056,624,High five two for ones.
3469,3632,0,3,55,58,1.0517241379310345,0.029334355490462056,624,"Sit back and relax.  You'll adjust quickly, a century or two at most."
3465,3632,0,3,55,58,1.0517241379310345,0.029334355490462056,624,"With that 30-day money back guarantee, if you don’t like it you can return it!"
3448,3632,1,1,56,58,1.0517241379310345,0.038281393516913155,624,"But dad, I'm not ready yet!"
3425,3632,0,3,55,58,1.0517241379310345,0.029334355490462056,624,I was knee deep and the next thing I knew I was here!
3419,3632,0,3,55,58,1.0517241379310345,0.029334355490462056,624,"What can I tell you, it’s in the genes."
3369,3632,1,1,56,58,1.0517241379310345,0.038281393516913155,624,I've been saving these for an eternity.
3365,3632,0,3,55,58,1.0517241379310345,0.029334355490462056,624,"Well, I guess this confirms it - I’m dead."
3356,3632,0,3,55,58,1.0517241379310345,0.029334355490462056,624,Don't feel bad. Flowers smell bad in two weeks.
3344,3632,1,1,56,58,1.0517241379310345,0.038281393516913155,624,"Yeah, so big deal, I went to the grave single.  Better than chasing someone who doesn't want you."
3208,3632,0,3,55,58,1.0517241379310345,0.029334355490462056,624,Would or wouldn’t you say this is the way to travel
3183,3632,0,3,55,58,1.0517241379310345,0.029334355490462056,624,welcome neighbour! I can help you settle down
3136,3632,0,3,55,58,1.0517241379310345,0.029334355490462056,624,"Here, take these. They come with the territory."
3098,3632,0,3,55,58,1.0517241379310345,0.029334355490462056,624,Hi their neighbor.  Sorry you can't Twitter from here.
3090,3632,0,3,55,58,1.0517241379310345,0.029334355490462056,624,"Sorry, no returns accepted, coffin or life."
3040,3632,0,3,55,58,1.0517241379310345,0.029334355490462056,624,I am proof that cemeteries are full of indispensable people.  But Mr. High Five over there negates that theory.
1963,3632,0,3,55,58,1.0517241379310345,0.029334355490462056,624,I swear I'll never take a Styx and Stones Cruise again.
123,3632,0,3,55,58,1.0517241379310345,0.029334355490462056,624,"Welcome to the neighborhood, I've been here for 50 years, nice view down here!"
1859,3632,0,3,55,58,1.0517241379310345,0.029334355490462056,624,Use them in good health.
868,3632,0,3,55,58,1.0517241379310345,0.029334355490462056,624,Yoo-hoo! Oh you hoo! Stop shouting your last words:
778,3632,0,3,55,58,1.0517241379310345,0.029334355490462056,624,"Hey, I hate that hippie music, okay?!"
759,3632,0,3,55,58,1.0517241379310345,0.029334355490462056,624,I used to be a journalist too!
723,3632,0,3,55,58,1.0517241379310345,0.029334355490462056,624,Can I offer flowers as a small condolence for your recent demise?
691,3632,0,3,55,58,1.0517241379310345,0.029334355490462056,624,alright! can I just in peace ? and quiet too
602,3632,0,3,55,58,1.0517241379310345,0.029334355490462056,624,Cheer up. You may not be suitable down here.
575,3632,0,3,55,58,1.0517241379310345,0.029334355490462056,624,underground dance moves
509,3632,0,3,55,58,1.0517241379310345,0.029334355490462056,624,Wow: wilted woodruffs from the Welcome Wagon Warlock.
499,3632,0,3,55,58,1.0517241379310345,0.029334355490462056,624,"Hi neighbor, welcome to the neighborhood!"
496,3632,0,3,55,58,1.0517241379310345,0.029334355490462056,624,"Cruise isn't bad, but the buffet is a little thin."
899,3632,0,3,55,58,1.0517241379310345,0.029334355490462056,624,You can have mine. I have enough beauty as is.
1913,3632,1,1,56,58,1.0517241379310345,0.038281393516913155,624,What you gonna do? We're at different stages of death.
461,3632,0,3,55,58,1.0517241379310345,0.029334355490462056,624,You know I'm allergic to lillies!
448,3632,0,3,55,58,1.0517241379310345,0.029334355490462056,624,"Just your turn to be margarinized, all fake and too toxic to break down. Next time try to be butter!"
371,3632,1,1,56,58,1.0517241379310345,0.038281393516913155,624,Stop waiving.   Can't a guy rest in peace?
300,3632,0,3,55,58,1.0517241379310345,0.029334355490462056,624,Your dead wrong about the suit making you look fat.
271,3632,0,3,55,58,1.0517241379310345,0.029334355490462056,624,Pay it forward.
159,3632,0,3,55,58,1.0517241379310345,0.029334355490462056,624,RIP HA !
152,3632,0,3,55,58,1.0517241379310345,0.029334355490462056,624,I don’t get no respect
118,3632,0,3,55,58,1.0517241379310345,0.029334355490462056,624,I don't recall my restraining order with Karen having an expiration date
70,3632,0,3,55,58,1.0517241379310345,0.029334355490462056,624,I always said our two countries would Reside In Peace one day.
47,3632,0,3,55,58,1.0517241379310345,0.029334355490462056,624,"Yes, it’s a party for new people in the neighborhood. Come as you are."
465,3632,0,3,55,58,1.0517241379310345,0.029334355490462056,624,"'Eat, eat, eat. You're all stick and bones!'"
1008,3632,0,3,55,58,1.0517241379310345,0.029334355490462056,624,"Hey! How's it going? You don't have an extra blanket by any chance, do ya? It's chilly down here!"
468,3632,0,3,55,58,1.0517241379310345,0.029334355490462056,624,You got any great real estate deals?
1089,3632,0,3,55,58,1.0517241379310345,0.029334355490462056,624,Get used to it. You'll be here for a while.
1051,3632,0,3,55,58,1.0517241379310345,0.029334355490462056,624,What happened to your clothes?
1858,3632,1,1,56,58,1.0517241379310345,0.038281393516913155,624,"Welcome home, brother."
1803,3632,0,3,55,58,1.0517241379310345,0.029334355490462056,624,It's all low carbs!
1793,3632,0,3,55,58,1.0517241379310345,0.029334355490462056,624,"What?  I know, I know.  The truth is hard in politics."
1792,3632,0,3,55,58,1.0517241379310345,0.029334355490462056,624,What I want to know is how do you spin in this position?
1715,3632,1,1,56,58,1.0517241379310345,0.038281393516913155,624,Murphy's Law?
1712,3632,0,3,55,58,1.0517241379310345,0.029334355490462056,624,"Hey Michael Cohen, you're dead."
1660,3632,0,3,55,58,1.0517241379310345,0.029334355490462056,624,Pejorative in death.
1598,3632,0,3,55,58,1.0517241379310345,0.029334355490462056,624,Ughh!
1463,3632,0,3,55,58,1.0517241379310345,0.029334355490462056,624,"Hi!!! No more escapes, darling.
We have to talk a lot about some pending things, remember?..."
1460,3632,0,3,55,58,1.0517241379310345,0.029334355490462056,624,BMI too high? Don't give it a second thought!
1530,3632,0,3,55,58,1.0517241379310345,0.029334355490462056,624,This is not the accommodations I signed  up for.
1342,3632,0,3,55,58,1.0517241379310345,0.029334355490462056,624,I'm not sure what I did to become friends with death.
1127,3632,1,1,56,58,1.0517241379310345,0.038281393516913155,624,"I don't know what I'm doing here, all they have to do is unscrew me and put my parts back on the shelve."
1140,3632,0,3,55,58,1.0517241379310345,0.029334355490462056,624,"But I paid for the ""Super VIP Package"""
1424,3632,0,3,55,58,1.0517241379310345,0.029334355490462056,624,"No I didn't wear a suit for my burial, I'm all skin and bones."
1196,3632,0,3,55,58,1.0517241379310345,0.029334355490462056,624,I know I told you I wanted to follow you but I told them I wasn't ready to die yet!
1200,3632,0,3,55,58,1.0517241379310345,0.029334355490462056,624,"Hey, I paid for first class."
1183,3632,0,3,55,58,1.0517241379310345,0.029334355490462056,624,Welcome to Hell.
1242,3632,0,3,55,58,1.0517241379310345,0.029334355490462056,624,"After you, Gaston!"
1257,3632,0,3,55,58,1.0517241379310345,0.029334355490462056,624,I’ll tell you how many fingers you’re holding up after you've put some clothes on.
1267,3632,0,3,55,58,1.0517241379310345,0.029334355490462056,624,“Take these flowers from the Deceased Welcoming Committee. They’re dead like you and me and won’t stir up your allergies.”
1336,3632,0,3,55,58,1.0517241379310345,0.029334355490462056,624,"Yeah, yeah...we all that that. Just wait a while."
1218,3632,0,3,55,58,1.0517241379310345,0.029334355490462056,624,I need a little more time
2266,3735,0,2,51,53,1.0377358490566038,0.02642545929758075,624,Randy! It's Paul!
3536,3735,0,2,51,53,1.0377358490566038,0.02642545929758075,624,What did I ever see in her?
3367,3735,0,2,51,53,1.0377358490566038,0.02642545929758075,624,You just gotta try the salads down here!
3270,3735,0,2,51,53,1.0377358490566038,0.02642545929758075,624,Ha! Even the tree knows he won't RIP
2947,3735,0,2,51,53,1.0377358490566038,0.02642545929758075,624,"Oh, no. I thought the preacher said I could rest in peace."
2311,3735,1,0,52,53,1.0377358490566038,0.037735849056603786,624,Its always calling
2244,3735,0,2,51,53,1.0377358490566038,0.02642545929758075,624,"Welcome buddy, time to smell the roses."
302,3735,0,2,51,53,1.0377358490566038,0.02642545929758075,624,"And another thing, Harvey...!"
1965,3735,0,2,51,53,1.0377358490566038,0.02642545929758075,624,My mother said you'd break every vow!  You had to prove her right?
1469,3735,0,2,51,53,1.0377358490566038,0.02642545929758075,624,Well there you are - lies to the bone
1426,3735,0,2,51,53,1.0377358490566038,0.02642545929758075,624,"I thought I signed-up for the 'Recreational League."""
1420,3735,0,2,51,53,1.0377358490566038,0.02642545929758075,624,"No way, not there.  Hell no.  I won't go!"
835,3735,0,2,51,53,1.0377358490566038,0.02642545929758075,624,"No, I don't know where your guns went."
2092,3735,0,2,51,53,1.0377358490566038,0.02642545929758075,624,Ayyyyy.
3499,3749,0,2,52,54,1.037037037037037,0.025940896147128686,624,Oh to be young and alive!
3194,3749,0,2,52,54,1.037037037037037,0.025940896147128686,624,I guess I should while there's still meat on this bone.
2702,3749,0,2,52,54,1.037037037037037,0.025940896147128686,624,"A gottle of geer, a gottle of geer!"
2270,3749,0,2,52,54,1.037037037037037,0.025940896147128686,624,"Could - Couldn't, Would - Wouldn't
What was the big deal?"
1323,3749,0,2,52,54,1.037037037037037,0.025940896147128686,624,"Here,your turn..."
1270,3749,0,2,52,54,1.037037037037037,0.025940896147128686,624,"You look kinda fresh, I hope you don't think I am to offer you these flowers."
1016,3749,0,2,52,54,1.037037037037037,0.025940896147128686,624,Test.
1552,3749,0,2,52,54,1.037037037037037,0.025940896147128686,624,"Greetings, neighbor! Neighbor? Boy, manners sure did die after the 1700s."
2192,3757,0,0,46,46,1.0,0.021979349113192898,624,"First the Resurrection, then we'll take questions."
626,3757,0,0,46,46,1.0,0.021979349113192898,624,"Geez, yack yack yack!! Can't a dead guy rest in peace???"
1920,3757,0,0,46,46,1.0,0.021979349113192898,624,Oh hayyyyyyyyy
2510,3757,0,0,46,46,1.0,0.021979349113192898,624,I can hear you!  I’m still swiping left!
