target_id,rank,funny,somewhat_funny,unfunny,count,score,precision,contest,caption
4621,1,2551,5052,4692,12295,1.8258641724278162,0.006741756073133745,626,"About to land now, call you when I'm on the ground."
1863,2,2649,4688,4788,12125,1.8235876288659794,0.006929914379003901,626,"No, I can’t hold on."
225,3,2527,4682,4636,11845,1.8219501899535668,0.00695565389482733,626,"Test driving a new mustang, what are you up to?"
326,4,2459,3677,4360,10496,1.8188833841463414,0.007666667044219805,626,Turns out this IS my first rodeo.
1069,5,1774,2945,3287,8006,1.8110167374469148,0.00863179930195408,626,Hi Hon. Can you meet me at the hospital in about ten minutes?
598,6,2927,4413,5338,12678,1.8098280485881053,0.006969384672302104,626,"No, I said I'm getting BUCKED, with a B."
3600,7,1600,3416,3310,8326,1.7946192649531587,0.008109888720386624,626,I'm in the air right now; let me call you back after I land.
3315,8,2402,3240,4659,10301,1.780895058732162,0.007866979380219241,626,"You’re absolutely right, dear – the rattlesnake ringer tone was not a good idea!"
762,9,1761,3770,3926,9457,1.7710690493814105,0.007619216861957392,626,"On second thought, let's add the accident coverage."
5833,10,545,843,1128,2516,1.7682829888712241,0.015589816511957106,626,"No, I said 'bucked', though on second thought you may be right."
1701,11,1076,1821,2340,5237,1.7586404430017186,0.010651319735476703,626,"Hang on, I think I'm being dropped by my carrier."
5839,12,1554,2938,3550,8042,1.7518030340711266,0.0084420396658461,626,"Hi, I’d like to add a rider to my insurance policy."
2363,13,1728,2308,3699,7735,1.7451842275371687,0.00907319425771697,626,This is so relaxing after working in the White House.
2802,14,1355,2484,3173,7012,1.7407301768397034,0.009083907358692687,626,"Siri, what’s the safest way to fall from a horse?"
2144,15,1656,1918,3576,7150,1.7314685314685314,0.009605733808356571,626,Fire that idiot in purchasing. Get me a CHEVY Bronco and for Heaven's sake CANCEL MY WIFE'S JAGUAR!!
4764,16,1212,2297,2988,6497,1.7266430660304757,0.009381489505681467,626,Yeah! Ironically this was the last item on my bucket list.
2418,17,579,1206,1559,3344,1.7069377990430623,0.012867029908903385,626,And how would you suggest I hold my horses?
2978,18,1084,2508,3023,6615,1.7068783068783069,0.008993339529084607,626,And you say my coverage is effective immediately?” ... “Excellent.
3960,19,1141,2429,3352,6922,1.680583646344987,0.008890665426213735,626,"The Uber only said ""Brown Bronco""!!"
5825,20,451,1099,1419,2969,1.673964297743348,0.013281404049625327,626,Pre-existing conditions? Not yet.
5460,21,1951,1713,4718,8382,1.669887854927225,0.00905154650969002,626,Hold on!--it's just a dead zone.
4257,22,497,1429,1698,3624,1.668598233995585,0.011698876145329154,626,I should be landing shortly
3418,23,589,1205,1875,3669,1.6494957754156445,0.012230958808095764,626,You now have my unbridled attention.
5318,24,452,1082,1540,3074,1.6460637605725439,0.013042581558036314,626,"No, seriously, I really DO need to see a man about a horse."
421,25,836,1743,2859,5438,1.6279882309672673,0.009975922760451733,626,"Well actually, it is my first rodeo!"
4173,26,733,1330,2408,4471,1.6253634533661374,0.01121455247369863,626,Sorry. Butt dial.
4833,27,583,1770,2347,4700,1.6246808510638298,0.010133602010781404,626,Let me get back to you -- things are kind of up in the air right now.
5782,28,89,217,356,662,1.596676737160121,0.02776429273658656,626,Hang on a sec. I have to take this fall.
5217,29,415,1227,1819,3461,1.5943368968506213,0.011789527441523383,626,Let me call you back. I’m about to land.
4935,30,482,899,1774,3155,1.5904912836767036,0.013173613627044474,626,"Hey, I lasted longer than most of Trump’s appointees!"
1064,31,464,803,1665,2932,1.590381991814461,0.013801964849148519,626,I dunno.  He didn't seem to like it when I put the coins in.
4955,32,403,872,1686,2961,1.5667004390408645,0.013225645484003429,626,"no, no...i’m getting bucked... with a ‘b’"
4015,33,406,1114,1896,3416,1.5638173302107727,0.011900419747233224,626,Let me call you back.  I'm just about to land.
378,34,430,882,1827,3139,1.554953806944887,0.012884651293511303,626,Whoa!  The buck stops here!
4265,35,142,428,716,1286,1.5536547433903578,0.019083290343641073,626,I may lose you in a second.
10,36,316,810,1487,2613,1.5518561040949101,0.01368507265174866,626,I’m just leaving filly but I’ll call you when I’m on the ground.
4204,37,286,836,1440,2562,1.5495706479313036,0.013558639857793535,626,Whatever amount I can get without a physical.
773,38,109,221,469,799,1.5494367959949937,0.025536770248637437,626,This isn't even the horse I rode in on!
5616,39,218,501,1011,1730,1.5416184971098266,0.017010373830791462,626,My hiccups are gone!
4029,40,316,652,1405,2373,1.541087231352718,0.014729737562840298,626,"No, YOU get off your high horse!"
2268,41,206,642,1135,1983,1.5315179021684318,0.01518092423451644,626,"Oh, just test-driving a new Bronco."
3488,42,246,596,1207,2049,1.5309907271839922,0.01545464484967946,626,"Hold on, I think I just heard a discouraging word."""
811,43,238,593,1194,2025,1.5279012345679013,0.015468367082211486,626,I found where the buck stops!
3901,44,229,484,1072,1785,1.5277310924369747,0.01683828416608344,626,You're kidding!  You wanted me to get a scallion?
3389,45,190,476,975,1641,1.5216331505179768,0.01712753675388404,626,"It's frickin' WYOMING dude, and I can't believe I'm getting a signal!"
5788,46,63,179,345,587,1.5195911413969336,0.028147192155888096,626,oh up and down - how is it going with you?
5010,47,193,500,1016,1709,1.518431831480398,0.016685606156717128,626,I'm calling regarding directions to your emergency room.
5286,48,206,391,953,1550,1.5180645161290323,0.01824232772694609,626,Like an i-Phone cowboy....
3313,49,102,159,440,701,1.5178316690442226,0.027792467385987084,626,"Honey, I found the perfect horse for your mother."
5718,50,196,468,1001,1665,1.5165165165165164,0.017075247775922068,626,I'm about to break up - I'll call you back
66,51,165,521,966,1652,1.515133171912833,0.01650080952361845,626,Landing soon — call you when I’m on the ground.
2159,52,158,485,920,1563,1.5124760076775432,0.017011325088438008,626,"Siri, closest orthopedist."
661,53,158,314,775,1247,1.5052125100240576,0.020099691535337083,626,I’ve fallen and I can’t giddyup
3314,54,134,343,742,1219,1.5012305168170632,0.019640672416711052,626,I think he must have heard a discouraging word.
2117,55,136,372,784,1292,1.498452012383901,0.01888699976920125,626,"No, I do not have a pre-existing condition."
394,56,133,357,760,1250,1.4984,0.019249269583638824,626,"Hello...  No, I CAN'T hold on!"
4773,57,116,388,745,1249,1.4963971176941553,0.01868547911888798,626,I think I'm about to lose my signal.
3852,58,151,254,727,1132,1.4911660777385158,0.02137423716177567,626,"LIMERICK: Once a fella named Hyden...While sittin on a horse that was glidin...He was thrown from the roan...While usin his phone...A classic case, distracted ridin."
1365,59,103,373,705,1181,1.4902624894157495,0.018963247937347903,626,"Oh, nothin' much. Makin' a fast buck. You?"
3013,60,105,367,705,1177,1.4902293967714528,0.01908458273044917,626,Got to go now ! I'll call when I land !
2949,61,129,310,721,1160,1.4896551724137932,0.020186934361982645,626,"No, I can talk. How's my favorite client?"
1675,62,121,304,691,1116,1.489247311827957,0.020459524908749152,626,Quick and importante question: is Obamacare still a thing?
5518,63,145,255,716,1116,1.4883512544802868,0.02138103886430129,626,This is DEFINITELY not Buttercup !!!
2126,64,126,286,693,1105,1.4868778280542987,0.020805389387797184,626,"No, no, no, I said I was totally BUCKED!"
3309,65,112,256,619,987,1.486322188449848,0.02198937766980692,626,"If you’re hurtling through the air having been bucked from your horse and haven’t yet hit the ground, press 1."
3308,66,108,303,659,1070,1.4850467289719627,0.02055464683734817,626,"No, I'm pleased! I was just thrown off because I didn't expect your call."
3461,67,98,300,631,1029,1.4820213799805637,0.02069213274854132,626,I might lose you here in a second.
5809,68,93,257,570,920,1.4815217391304347,0.022173332091941823,626,"Guess what, Mom.  I made pardner."
4739,69,111,249,621,981,1.4801223241590213,0.022036717323611954,626,Who put the rattlesnake ring tone on my phone?!
5296,70,104,255,611,970,1.477319587628866,0.021880588505314543,626,"Sorry, I'm about to hit the road."
806,71,99,254,595,948,1.4767932489451476,0.02199938095987925,626,"I don’t know when I’ll be home, honey. My life coach told me to keep getting back on the horse until I have self-esteem or a spinal injury."
593,72,127,193,618,938,1.476545842217484,0.02356305410475288,626,I should have asked Rudy.  He knows how to stay close to a horse’s ass.
5021,73,94,250,577,921,1.47557003257329,0.022202847612750494,626,"I love this cowboy life. The open skies, the wind in my hair, the ground rushing toward my face."
1253,74,78,295,576,949,1.4752370916754478,0.02089178365981588,626,I'll get back to you as soon as I land.
2368,75,81,256,552,889,1.4701912260967378,0.02203954928424803,626,I'm wondering if you have any appointments available this afternoon
2557,76,91,225,554,870,1.467816091954023,0.02296140751715494,626,Doing great! Finally getting the big bucks!
93,77,74,250,531,855,1.4654970760233919,0.022226979076741826,626,Hold on. I'm about to lose you.
3777,78,87,209,529,825,1.4642424242424243,0.0236178743475239,626,I’m thinking this could be my big break.”
1834,79,81,219,522,822,1.4635036496350364,0.02330093097157955,626,"No, I can't just hang on."
3338,80,70,239,509,818,1.4633251833740832,0.022667953376004468,626,"Well,if it isn't one bucking thing after another!"
2493,81,68,247,512,827,1.4631197097944377,0.022363106909026494,626,I'll call you back as soon as I've landed.
5682,82,61,242,483,786,1.4631043256997456,0.022681820049787985,626,You’ll be glad to hear I’m finally off my high horse.
3735,83,71,230,506,807,1.4609665427509293,0.022947689358027268,626,"Gotta go, sweetie.  I'll call you from the ER."
3340,84,82,189,496,767,1.4602346805736637,0.024565115621143118,626,"Hey, it's me - can I still change my vote on Medicare?"
2178,85,78,209,507,794,1.4596977329974812,0.023684807090201244,626,How quickly can you sign me up for your most comprehensive health care plan?
1060,86,65,205,460,730,1.4589041095890412,0.024184740497646046,626,Oh yes—sure we can do brunch! How does Monday at Mount Sinai work for you?
3712,87,83,193,507,783,1.458492975734355,0.024261002869250797,626,Larry?! I musta butt-dialed you!
5202,88,70,199,471,740,1.4581081081081082,0.024329555651319917,626,"I’ll have to call you back, my ride is dropping me off."
4643,89,69,216,489,774,1.4573643410852712,0.02348864398301496,626,I'll soon find out where the buck stops.
891,90,72,208,490,770,1.457142857142857,0.023788629588190814,626,I'm rethinking my bucket list.
3476,91,65,211,474,750,1.4546666666666668,0.023716117626556527,626,"OK, I tried the whispering thing but it's not working."
3017,92,74,182,474,730,1.452054794520548,0.02485737045584928,626,I'll call you from the hospital.
5055,93,76,163,458,697,1.4519368723098995,0.025869017178530483,626,Yahoo! I lasted longer than Scaramucci!
228,94,76,167,464,707,1.4512022630834511,0.025597995581941282,626,"Siri, break my fall."
2433,95,61,201,455,717,1.4504881450488145,0.024153315965212963,626,"“Sorry, I have to take this fall.”"
1883,96,67,170,439,676,1.4497041420118344,0.02569609218712536,626,The Mercedes is in the garage.  I took the Bronco.
4054,97,57,179,421,657,1.4459665144596652,0.025320999075273534,626,Uber sent me a Mustang.
4309,98,63,167,430,660,1.4439393939393939,0.025773800066919556,626,Guess who just got off his high horse.
300,99,72,144,434,650,1.4430769230769231,0.026862034797935013,626,This IS in fact my first rodeo.
5668,100,54,177,413,644,1.4425465838509317,0.025386620701014315,626,"Yes honey, I did get back on the horse."
5223,101,65,158,428,651,1.4423963133640554,0.02620553657366466,626,It’s OK.  I’m not driving.
809,102,44,147,341,532,1.4417293233082706,0.027855494140452842,626,Whispering didn't work. Any more bright ideas?
1605,103,52,180,411,643,1.4416796267496113,0.02521992268683074,626,"Hey, guess what?  I'm going to finally meet my health insurance deductible this year!"
2379,104,52,176,408,636,1.440251572327044,0.025408540258381098,626,Gotta go. I'll call you when I land.
4270,105,56,165,409,630,1.4396825396825397,0.025967436553162016,626,"That's right, no pre-existing condition."
273,106,69,136,420,625,1.4384,0.027357012882369924,626,Of course I'm not texting while driving; I'm not an idiot!
554,107,48,181,403,632,1.4382911392405062,0.025117497284939106,626,Check Instagram in 5 seconds.
3428,108,49,169,393,611,1.4369885433715222,0.02581213194948111,626,I'm at the office. Why do you ask?
5737,109,61,144,404,609,1.4367816091954022,0.027094250770550818,626,Delete 'stable genius' from my profile!
2955,110,37,134,306,477,1.4360587002096437,0.02902649392955169,626,"Alexa, bring me a first aid kit."
335,111,56,150,395,601,1.4359400998336107,0.026840653320475968,626,Actually this IS my first rodeo.
5257,112,42,174,378,594,1.4343434343434343,0.02554971864358098,626,I'd be happy to hold on.
5742,113,54,149,390,593,1.433389544688027,0.02687834945974149,626,He get's very upset when I take calls while riding.
5066,114,50,153,381,584,1.4332191780821917,0.02673718087981958,626,"I’d love to talk some more, but I’ve got 911 on hold."
968,115,46,156,374,576,1.4305555555555556,0.026536265303821964,626,Give me a sec. I’m just getting dropped off my Uber now.
3991,115,47,154,375,576,1.4305555555555556,0.026649803444262408,626,I'll be landing shortly.
4206,117,50,144,373,567,1.4303350970017636,0.027289627209292976,626,"No, I really can't hold."
5121,117,70,104,393,567,1.4303350970017636,0.029484989938799284,626,He found out I voted for Trump
5681,119,48,153,378,579,1.4300518134715026,0.026663037671491828,626,"To restart your jump press 1, for a lower hurdle press 2, to speak with an instructor press 3, and for an ambulance press 4."
5579,120,60,120,381,561,1.427807486631016,0.028619797853214956,626,"It’s more dignifying, stable and safer than my last job at the White House."
2232,121,47,139,361,547,1.4259597806215722,0.02761471183176057,626,"Hang on,  I'm about to break up."
5594,121,48,137,362,547,1.4259597806215722,0.027735696183004623,626,Hold on - I may be going into a dead zone.
4078,123,42,146,353,541,1.4251386321626618,0.027205112461619902,626,"Look, I’ll have to call you back.  I’m about to go into a dead zone."
3075,124,46,139,359,544,1.4246323529411764,0.02759338287892292,626,I’ll have to call you back after I land.
1381,125,47,132,354,533,1.424015009380863,0.028117185843169447,626,This is WAY better than the branding seminar.
1898,126,54,116,359,529,1.4234404536862004,0.029138430901057062,626,Can I call you back? I'm training for my new job with the Trump administration.
5617,126,39,146,344,529,1.4234404536862004,0.02723309355275008,626,You know me. Still just horsing around.
5147,128,53,116,357,526,1.4220532319391634,0.02912845814814746,626,"Yeah, and then I told him, ""the only way I'd vote Trump is if I had a head injury!"""
1667,129,46,127,347,520,1.4211538461538462,0.028471205781706005,626,Beam me up Scotty. Now!
3845,130,44,132,347,523,1.4206500956022945,0.028092745648492016,626,"Can you hold for a second, I’ve got to take an important fall."
2122,131,40,133,335,508,1.419291338582677,0.02812224746759944,626,So then I go and look this darn gift horse right in the mouth.
5635,132,45,122,339,506,1.4189723320158103,0.028883519219676065,626,I should never have taken this gallup poll!
3976,133,44,126,341,511,1.4187866927592956,0.028547028588222657,626,I'm kind of up in the air right now. I'll get back to you.
4360,133,43,128,340,511,1.4187866927592956,0.028412295553493214,626,I'm going to need an ambulance in 0.8 seconds.
2061,135,48,117,344,509,1.418467583497053,0.02916007858864013,626,"no, no, no, with a B!"
5049,136,40,130,332,502,1.4183266932270917,0.02835095216295316,626,"Siri, where's the nearest hospital?"
2311,137,58,93,351,502,1.4163346613545817,0.0307613247186157,626,Can I get back to you? I’m sorta between a bronc and a hard place.
5848,137,52,105,345,502,1.4163346613545817,0.02997575287095231,626,"No, relax dear! I said I'm getting bucked."
5395,139,33,140,322,495,1.4161616161616162,0.02759981732647629,626,"Can’t talk now, I’m taking off."
2331,140,42,117,326,485,1.4144329896907217,0.02931286643272669,626,"No, NOT metaphorically speaking!"
5380,141,38,123,320,481,1.4137214137214138,0.02888771954892506,626,I'm flying at the moment.  I'll call you back when I land.
5281,142,47,106,331,484,1.4132231404958677,0.030068405540960918,626,"No honey, I said he's bucking me."
3451,143,44,107,323,474,1.4113924050632911,0.030073999733228527,626,Hi Honey! Just wanted to thank you for sending me to the Dude Ranch. Tell the kids I loved them.
2444,144,37,120,315,472,1.4110169491525424,0.029100516833855575,626,"Siri, what's another word for woa?"
2226,145,35,124,314,473,1.4101479915433404,0.02874191706260483,626,"Hold on, I gotta go hands-free for a second..."
5267,146,40,107,311,458,1.408296943231441,0.030180457922285478,626,It’s fine. I have a screen protector.
3618,146,32,123,303,458,1.408296943231441,0.028886275944737697,626,I may have bought the wrong kind of mustang for my midlife crisis.
498,148,45,96,315,456,1.4078947368421053,0.031057728650109598,626,Yes I'm riding! A lot of people tell me i'm the best rider ever.  It's a great ride.
4793,149,37,109,304,450,1.4066666666666667,0.030060567417087593,626,"Everything's fine, Mom!"
5679,150,34,117,304,455,1.4065934065934067,0.029336486196817196,626,"I just got up in the air, I call you when I land."
896,151,39,106,308,453,1.4061810154525387,0.030241777519297373,626,"No,I said hang on a second I have to take this fall"
1825,152,37,106,301,444,1.4054054054054055,0.0303374002518504,626,I have a few balls in the air right now
858,153,43,96,311,450,1.4044444444444444,0.031017641611211504,626,Siri -- call 911
1680,153,30,122,298,450,1.4044444444444444,0.02886889453325054,626,I'll call you back as soon I land.
138,155,34,109,296,439,1.4031890660592254,0.03005038149169229,626,I'm just horsing around. And you?
1270,156,38,90,284,412,1.4029126213592233,0.03215836952832856,626,Even horses find Millenials annoying.
4018,157,40,91,295,426,1.4014084507042253,0.03173690127716448,626,"Yeah, and the skies have been cloudy all day!"
5061,158,36,100,293,429,1.400932400932401,0.030875760183881978,626,"Yup, hands free!"
1304,158,40,92,297,429,1.400932400932401,0.031573449351641525,626,I've got to go; some clown is headed over here to talk to me.
738,158,26,120,283,429,1.400932400932401,0.029058341734558586,626,"No, I'm hands-free!"
438,161,40,94,300,434,1.400921658986175,0.031311416491723566,626,"Glad you called, I'd actually love to talk about life insurance."
2429,162,39,94,297,430,1.4,0.031341243440761495,626,"Gosh, I'm sorry - I must have butt-dialed you."
2781,163,40,87,291,418,1.3995215311004785,0.03216010744730358,626,I think I'm changing carriers.
2121,164,35,96,286,417,1.3980815347721822,0.03129720795330243,626,"Babe, it's my first time to last eight seconds."""
2125,164,31,104,282,417,1.3980815347721822,0.030551567440648342,626,"I DID get right back on again, you idiot! Tell the damn horse next time!"
799,166,22,123,275,420,1.3976190476190475,0.028664799888169737,626,"Hang on, I'm just about to land."
227,167,37,91,287,415,1.3975903614457832,0.03176854393768899,626,No YOU hang up first!
4584,168,31,102,280,413,1.397094430992736,0.030748411800590993,626,"No, Mom, always have time to talk to you"
1693,169,35,93,283,411,1.3965936739659368,0.03160825121663491,626,"I'll be fine. It's not my first rodeo,Bill."
4056,170,35,92,282,409,1.3960880195599021,0.031713772158910594,626,"After a stint at the White House, Sean opted for a less tumultuous occupation."
2644,171,27,106,272,405,1.3950617283950617,0.03035765731472654,626,"Hey, Bob! Glad I caught you! Can you swing by and pick me up in about two seconds?"
3889,171,41,78,286,405,1.3950617283950617,0.03305624875226883,626,"Yes, Mr. President, I've just been preparing for my new cabinet position."
1855,173,25,109,269,403,1.3945409429280398,0.030047552122120475,626,It was a spur of the moment decision.
1330,174,33,92,276,401,1.3940149625935163,0.03175514527302035,626,That was the moment Doug realized he had to choose between bronco busting and telemarketing.
1609,174,35,88,278,401,1.3940149625935163,0.03214540258218857,626,"Don’t be silly, Mom. I would NEVER text while driving!"
2062,174,38,82,281,401,1.3940149625935163,0.03272206275529553,626,"' No, no; I said I'm getting BUCKED!"""
5310,174,27,104,270,401,1.3940149625935163,0.030554480583534372,626,"Honey, we are about to meet our deductible!"
5655,174,38,82,281,401,1.3940149625935163,0.03272206275529553,626,"I need to go, I'm about to land."
969,179,34,89,276,399,1.3934837092731829,0.032059944833787477,626,"Hi, I would like to place an order for pick up."
3439,180,29,98,270,397,1.3929471032745593,0.031165710372090476,626,Yeah I can hold but not for long.
4980,180,27,102,268,397,1.3929471032745593,0.03075480698389521,626,I'll call you back. We're about to land.
4776,182,34,87,274,395,1.3924050632911393,0.03228109520189001,626,No...This IS my first rodeo!
1543,183,28,98,267,393,1.3918575063613232,0.031167701416660417,626,Of course I’m not driving!
3382,183,35,84,274,393,1.3918575063613232,0.03259296943625441,626,"Oh, nothing... You?"
5715,183,30,94,269,393,1.3918575063613232,0.0315814850174133,626,"I'll have to get back to you, right now I'm up in the air."
3099,186,35,83,273,391,1.391304347826087,0.03270745967570682,626,"Not much, just horsing around. You?"
5778,187,24,101,256,381,1.3910761154855642,0.03095496896387896,626,I have to hang up. I'm about to land.
2388,188,33,86,270,389,1.3907455012853471,0.032416795327058635,626,Alexa- get me a FORD Mustang!
3495,189,30,91,266,387,1.3901808785529717,0.03190735131622343,626,People are gonna love this: it completely takes your mind off the President!
2727,190,27,86,246,359,1.3899721448467968,0.03293432174147587,626,"Hilarious! She actually said technology’s making us oblivious to the world around us? Hey, hold on a sec, I got another call coming in..."
1591,191,34,84,272,390,1.3897435897435897,0.03255221229559746,626,"Well, it's a lot like my divorce, but this time I'm getting bucked."
1427,192,27,95,261,383,1.3890339425587468,0.03148500437538048,626,I've gotten six likes on my video already!
2792,193,36,77,271,384,1.3880208333333333,0.033310026647858475,626,"Hey Siri, call 911"
4929,194,21,102,250,373,1.386058981233244,0.030656700421610693,626,No. No pre-existing conditions.
212,195,32,74,252,358,1.3854748603351956,0.034121834032160174,626,I said hell yeah I want the one named Widomak--
5392,196,34,75,262,371,1.38544474393531,0.03369840412499538,626,Still beats Spirit Airlines.
5802,196,26,91,254,371,1.38544474393531,0.031922152706966064,626,"Daddy can't talk, sweetie. He's still in the air."
126,198,32,78,259,369,1.3848238482384825,0.033385763550255444,626,"No,no, I said I'm having a ""bucking"" good time."
5039,198,20,102,247,369,1.3848238482384825,0.030624635671135814,626,"Sure I've got a second to chat.  Well, maybe less."
836,200,34,73,260,367,1.3841961852861036,0.033950928105647114,626,Can I call you back? I'm falling off a horse right now.
1484,200,29,83,255,367,1.3841961852861036,0.03283622315248626,626,"Wow Sal, I bet I get a million likes from this..."
3664,200,36,69,262,367,1.3841961852861036,0.03438669374279529,626,Imagine FaceTime meets Google Earth...
3666,203,34,72,259,365,1.3835616438356164,0.03407907252665168,626,"No Siri, not help with a divorce, horse. How do you ride a horse."""
2735,203,34,72,259,365,1.3835616438356164,0.03407907252665168,626,"No, everything's great here.  It's been a breeze since I left the White House."
2208,203,35,70,260,365,1.3835616438356164,0.034299221915194515,626,No...I said  I’m BUCKED! But now that you mentioned it....
1311,203,36,68,261,365,1.3835616438356164,0.03451796725907732,626,"I said . . .  I just got BUCKED, dear."
1746,203,24,92,249,365,1.3835616438356164,0.03179384825979778,626,"Hold on a sec, I gotta take this fall."
986,203,29,82,254,365,1.3835616438356164,0.03295627384462503,626,"Hey, hon. Can you pick up some milk and a neck brace on the way home?"
1876,203,27,86,252,365,1.3835616438356164,0.032496293731746825,626,"Well, I guess the buck stops here."
4826,210,28,83,252,363,1.3829201101928374,0.032846633061328546,626,"Let me call you back,I'm just landing."
5130,210,32,75,256,363,1.3829201101928374,0.03376064756731968,626,So I sez “Why the long face?”
2609,212,29,80,252,361,1.3822714681440442,0.03319993359814476,626,I’m on my way down right now.
5566,213,28,80,248,356,1.3820224719101124,0.03328852416785898,626,The Bronco that's parked behind the house? That makes more sense.
2060,214,21,95,243,359,1.3816155988857939,0.03140013775309026,626,I'd like to report rodeo rage.
4784,214,38,61,260,359,1.3816155988857939,0.035362618662286405,626,"Well, I tried to plug in the phone to charge it and he just went nuts!"
4391,216,31,74,252,357,1.380952380952381,0.03391567253084751,626,"I'm going to lose you, my carrier just dropped me."
3291,216,34,68,255,357,1.380952380952381,0.034604663535623595,626,Oops! I must have buck dialed you!
2138,218,23,89,243,355,1.380281690140845,0.0321211069470872,626,I’d like to return a horse
194,219,25,84,244,353,1.3796033994334278,0.03273289447724159,626,I'll call you back. I'm breaking up.
642,219,28,78,247,353,1.3796033994334278,0.03346236374649257,626,"Hello, Emergency room?  I'm calling to make a reservation . . ."
5372,219,25,84,244,353,1.3796033994334278,0.03273289447724159,626,My ride's just dropping me off now... I'll be right down.
239,222,29,75,247,351,1.378917378917379,0.033830719941409446,626,"Honey, remember that fortune cookie that promised a lucky break for me?"
850,222,34,65,252,351,1.378917378917379,0.035013107447842445,626,"Quick, sign me up for the platinum health plan."
4677,222,27,79,245,351,1.378917378917379,0.03334602793728282,626,Are you kidding? Wild horses couldn’t keep me away?”
5387,222,31,71,249,351,1.378917378917379,0.03430856517422597,626,No; it's not THAT bad.  I said I just got BUCKED.
4807,226,37,58,254,349,1.3782234957020056,0.03584789333792954,626,Me? Training to be press secretary? You?
2309,226,24,84,241,349,1.3782234957020056,0.03272606169171913,626,"Hello, 911? I'm going to need an ambulance."
3224,226,22,88,239,349,1.3782234957020056,0.032218943059369884,626,"Siri, find orthopedic surgeons near me."
1399,229,25,81,241,347,1.377521613832853,0.033100445482833536,626,"Hey, Siri. How do you ride a bucking bronco?"
3781,229,29,73,245,347,1.377521613832853,0.03409210658160278,626,"Hon, my phone is about to die."
4409,229,28,75,244,347,1.377521613832853,0.033846915238600866,626,I need to get off now. Bye!
1554,232,19,92,234,345,1.3768115942028984,0.031667308734415936,626,"Hi!  I'm gonna need a wheel chair, back brace and a pair of Depends in about three seconds."
1882,232,18,94,233,345,1.3768115942028984,0.031400101964549176,626,So you recommend two hands on the reins?
5798,232,22,86,237,345,1.3768115942028984,0.032455732309886465,626,"It's been a wild ride, but I find myself going in a different direction."
1095,235,27,75,241,343,1.3760932944606414,0.03385907890266183,626,"Hello, 9-1-1? I'm going to need an ambulance in about 3... 2..."
2624,235,19,91,233,343,1.3760932944606414,0.03178115501114199,626,"It's the journey, not the destination!"
2495,237,28,72,241,341,1.3753665689149561,0.03424347863016973,626,"He probably thought I said ""Buck!"""
1087,237,21,86,234,341,1.3753665689149561,0.03243244849734461,626,"No, I can't hold."
940,237,29,70,242,341,1.3753665689149561,0.034494436226370974,626,No! No! No!  I said I just got bucked!
74,237,25,78,238,341,1.3753665689149561,0.033479320827251594,626,I should go. I'll be landing soon.
588,241,24,79,236,339,1.3746312684365782,0.03334753353104283,626,"No, it's billed as actual reality. Whatever that is."
2959,241,27,73,239,339,1.3746312684365782,0.034123631669226925,626,"If you're looking for an experienced fall guy, I'm your man."
3274,241,23,81,235,339,1.3746312684365782,0.033084788710821156,626,Hold on---I'm losing my connection .
4277,241,24,79,236,339,1.3746312684365782,0.03334753353104283,626,"I’ll call you back, I’m about to break up."
4302,241,28,71,240,339,1.3746312684365782,0.03437843781880459,626,Gotta run now. I'll text you when I get to the ER.
4942,241,20,87,232,339,1.3746312684365782,0.03228372652508751,626,"Daddy can’t talk right now, sweetie.  Can you call Mommy?"
5264,241,20,87,232,339,1.3746312684365782,0.03228372652508751,626,I guess the buck does stop here.
1724,248,22,84,236,342,1.3742690058479532,0.03262003269989838,626,Falling off a horse is easy. It's the landing I'm worried about.
4609,249,20,86,231,337,1.3738872403560831,0.032403241215781094,626,"Hey, can I call you back when I regain consciousness?"
2791,249,27,72,238,337,1.3738872403560831,0.034257991793497,626,I must've butt dialed!
2920,251,23,78,232,333,1.3723723723723724,0.03346682077497027,626,Best selfie ever!
4875,251,27,70,236,333,1.3723723723723724,0.03453099493105625,626,My therapist says it’s an unconscious desire to relive my days in the administration.
3392,253,23,74,228,325,1.3692307692307693,0.033995182566412555,626,"No, it's the other way around: I'm on the horse's bucket list."
1010,254,24,59,208,291,1.3676975945017182,0.03702024269688956,626,"You were right, he hates the name Horsey McHorseFace!"
2712,255,21,76,224,321,1.367601246105919,0.0336949408045287,626,I finally get to work in a stable environment!
2957,256,28,60,228,316,1.3670886075949367,0.03605770294572013,626,"Well ,I am falling to my death. How are you doing ?"
2383,257,21,75,223,319,1.3667711598746082,0.0338286246141713,626,Gotta go.  No more minutes left.
2009,258,21,72,218,311,1.3665594855305465,0.03441876179144261,626,"Hold on, I’m about to become a meme."
1232,259,20,64,200,284,1.3661971830985915,0.036301732994668386,626,Can I call you back?  I’m about to break up.
1026,260,21,74,222,317,1.3659305993690851,0.033963751590274496,626,Thanks so much for booking this - super authentic!
3321,261,30,57,233,320,1.365625,0.03626112884516133,626,Ok honey I'm finally getting off my high horse!
1815,262,27,60,225,312,1.3653846153846154,0.036084735097817504,626,"Well, it was only a MID-life crisis about five seconds ago."
464,263,21,73,221,315,1.3650793650793651,0.03410034628239787,626,Let me call you back. About to have some downtime.
3617,264,19,78,221,318,1.3647798742138364,0.03328551436662418,626,"Ok, I got back on the horse that threw me.”"
4072,265,23,68,222,313,1.3642172523961662,0.034831457823536104,626,Can you meet me at the hospital?  I'm on my way there now.
1681,266,20,67,207,294,1.3639455782312926,0.035417722568870734,626,Yay...I'm getting the handicapped spot at the office!
3235,267,18,79,219,316,1.3639240506329113,0.0331139152947584,626,Let me call you back when I land.
4662,268,22,69,220,311,1.3633440514469453,0.034678442285751516,626,"I'd like that life insurance policy to be effective immediately, thanks."
4693,268,21,71,219,311,1.3633440514469453,0.03437803984148841,626,Hang on. I'm just landing.
3071,268,21,71,219,311,1.3633440514469453,0.03437803984148841,626,"NO, I said I just got bucked!"
4375,268,21,71,219,311,1.3633440514469453,0.03437803984148841,626,"Oh, just the same old same old.  You?"
1811,268,24,65,222,311,1.3633440514469453,0.03527157256790044,626,"It’s on my calendar, but wild horses may keep me away."
2701,268,29,55,227,311,1.3633440514469453,0.036712498028993304,626,He says neigh to your offer.
1117,268,16,81,214,311,1.3633440514469453,0.03283482820461825,626,"Hi, can we make this brief?"""
855,268,20,73,218,311,1.3633440514469453,0.03407498917563629,626,No no — BUCKING Bronco — with a B!
2833,276,21,69,216,306,1.3627450980392157,0.0347551620814322,626,Hold on a minute -- I need to take a selfie.
4290,276,19,73,214,306,1.3627450980392157,0.03413301360534355,626,"Funny you should say I sound ""hoarse."
1288,278,25,62,222,309,1.3624595469255663,0.03571600288416633,626,"No, honey, I said I'm getting 'Bucked.'"
4564,278,22,68,219,309,1.3624595469255663,0.03482225020956625,626,"No, no, I said bucking, dear."
3241,280,20,70,214,304,1.361842105263158,0.034588163692580845,626,Can you speak up? I'm in a mid-life crisis.
3703,280,24,62,218,304,1.361842105263158,0.03582166743699907,626,"Hello, Mattress King?  How fast can you deliver?"
1586,280,17,76,211,304,1.361842105263158,0.033633361040314176,626,"I have to hang up, we're about to land."
192,283,23,63,216,302,1.3609271523178808,0.03566998160193925,626,Nothing throws me since I discovered Zoloft.
2380,283,25,59,218,302,1.3609271523178808,0.03628155205817967,626,He's a stable genius.
5250,283,13,83,206,302,1.3609271523178808,0.03243964281776388,626,My mom always said I should get a stable job.
5821,283,28,53,221,302,1.3609271523178808,0.03718005067441378,626,This reminds me of the time I got on my wife and called her another woman's name.
405,287,23,62,215,300,1.36,0.03582442008872471,626,My plans are a bit up in the air right now.
1734,287,25,58,217,300,1.36,0.036441489579389745,626,"Gotta go, I'm about to land"
2454,287,16,76,208,300,1.36,0.03357548609393022,626,I’ll call you when I land.
3725,290,22,65,216,303,1.3597359735973598,0.03526346083457125,626,"Oh, just breaking in my new mustang ... and you?"
5663,291,19,69,210,298,1.3590604026845639,0.03470184736017567,626,"Honey, I'm still on the wagon, it's the horse I fell off, the horse ."
3087,291,22,63,213,298,1.3590604026845639,0.03566525233766993,626,Can I call you right back in a couple months?
2506,291,19,69,210,298,1.3590604026845639,0.03470184736017567,626,One sec. I'm about to enter a dead zone.
1909,291,23,61,214,298,1.3590604026845639,0.035980655390685276,626,I think I need to switch carriers.
1535,291,20,67,211,298,1.3590604026845639,0.035025926800621714,626,"I’ve changed my mind, I do believe in coverage for pre-existing conditions."
2490,291,24,59,215,298,1.3590604026845639,0.036293317571928156,626,Yes. This is a good time to talk about my health provider.
1450,297,22,62,212,296,1.3581081081081081,0.03582042498796747,626,"Sorry, I can't talk right now.  Why don't you call back when I'm home from the hospital?"
2240,297,23,60,213,296,1.3581081081081081,0.03613872032198982,626,"No, I have no pre-existing conditions!"
1633,299,26,53,215,294,1.3571428571428572,0.0372457288493893,626,"It'll hurt, but I'll finally meet my deductible."
2398,300,24,55,210,289,1.356401384083045,0.03705614185225587,626,Thanks for suggesting the gunshot ringtone.
5107,300,22,59,208,289,1.356401384083045,0.036401912173848916,626,"And then I said...over my dead body"""
4316,302,22,60,210,292,1.356164383561644,0.03613625640989687,626,Getting back on the saddle after falling off a horse sounded easier in my shrink’s office.
4075,303,21,63,211,295,1.3559322033898304,0.03555284231085259,626,"You know what they say - never a horse that couldn't be rode, never an actuary that couldn't be throwed."
5458,304,21,61,208,290,1.3551724137931034,0.035966754953287466,626,"Siri, where is the closest emergency room?"
5035,304,17,69,204,290,1.3551724137931034,0.034614353363418095,626,"I'm talking big bucks, Jenkins, truly big bucks."
4256,304,15,73,202,290,1.3551724137931034,0.03391793710142829,626,The new job sounds great. How are the medical benefits?
4195,304,19,65,206,290,1.3551724137931034,0.03529703189106275,626,What? Nothing. Just horsing around.
5001,304,20,63,207,290,1.3551724137931034,0.03563346686886171,626,"Oh, you know...same old, same old."
5051,309,16,72,206,294,1.3537414965986394,0.03393690127651228,626,"Oh, you know, just getting the big bucks!"
1588,309,19,66,209,294,1.3537414965986394,0.034948042900916805,626,"Technically, I also have a self-driving vehicle."
4658,309,12,80,202,294,1.3537414965986394,0.03253987332153635,626,"Got to go. I'll call you as soon as I land."""
2100,312,18,65,203,286,1.3531468531468531,0.035258856253825195,626,"Yeah,well,things are up in the air right now."
3649,312,18,65,203,286,1.3531468531468531,0.035258856253825195,626,My plans are currently up in the air.
1090,312,16,69,201,286,1.3531468531468531,0.03455594320871083,626,"Wait a second, I have to get a selfie."
1642,312,26,49,211,286,1.3531468531468531,0.037940504443996874,626,"I'm fucked, how are you?"
1107,316,21,57,203,281,1.3523131672597866,0.03672556484083682,626,"Hold on, I have to take this fall."
4122,316,22,55,204,281,1.3523131672597866,0.037070022030148884,626,"No, I'm laughing because the cartoon artist drew me as if I was jumping from the fence over the horse -- clearly not familiar with the physics of getting thrown off a horse!"
188,316,17,65,199,281,1.3523131672597866,0.0353141534109152,626,I've  just been thrown from a horse and you want me to press One for more options??
3708,319,18,64,202,284,1.352112676056338,0.03541225670693644,626,"""Yippee ki...uh-oh!"""
4487,319,23,54,207,284,1.352112676056338,0.03712747453545094,626,OK Google. Orthopedic ...
856,321,15,68,196,279,1.3512544802867383,0.034734431950127875,626,How about now? Can you hear me now?
900,321,16,66,197,279,1.3512544802867383,0.03510365487883853,626,Things are a little up in the air right now.
1328,323,14,71,197,282,1.351063829787234,0.034118737473366516,626,I’ll call you later. Things are kind of up in the air.
2589,323,17,65,200,282,1.351063829787234,0.03521087430546763,626,"Hold on, I'm about to land"
3890,323,21,57,204,282,1.351063829787234,0.03661642026187187,626,"So then my therapist tells me I should really unplug and get back to nature, and I’m like..."
4593,323,17,65,200,282,1.351063829787234,0.03521087430546763,626,"I’m talkin’ BIG bucks, Harold!"
5334,323,12,75,195,282,1.351063829787234,0.0333707950917747,626,"I'll have to get back you on that, I'm kinda up in the air right now."
4905,328,18,64,203,285,1.3508771929824561,0.03530940593578932,626,"Sorry, I gotta hang up and hit the road."
4779,328,16,68,201,285,1.3508771929824561,0.03460252627458115,626,"I will be landing shortly, may I call you back"
422,330,21,55,201,277,1.3501805054151625,0.03706529040519931,626,What do you mean they only commissioned you to draw the one panel?
623,330,21,55,201,277,1.3501805054151625,0.03706529040519931,626,I lasted longer than Scaramucci!
699,330,19,59,199,277,1.3501805054151625,0.03635265248410004,626,"Finally, Reception!"
2871,330,21,55,201,277,1.3501805054151625,0.03706529040519931,626,"Yes Doctor, I can feel a sort of Un-bridled happiness these days."
3206,330,25,47,205,277,1.3501805054151625,0.03845096322858235,626,Either get off the damn phone or get off me!
5182,335,19,55,192,266,1.349624060150376,0.037378442963598185,626,"And then the bartender says, ""Why the long face?"""
2975,336,17,62,196,275,1.3490909090909091,0.03578437094707603,626,"Yep Jim, I’m looking at the presentation right now."
4496,336,18,60,197,275,1.3490909090909091,0.036153340154726606,626,"Hold on, I've got to take this fall."
4233,336,18,60,197,275,1.3490909090909091,0.036153340154726606,626,No... I am not calling from my car... I'm smarter than that!
3646,336,18,60,197,275,1.3490909090909091,0.036153340154726606,626,"He wouldn't start, so I put a quarter in his slot."
3481,336,22,52,201,275,1.3490909090909091,0.03759302070072422,626,"Same old, same old. How about you?"
1951,336,20,56,199,275,1.3490909090909091,0.03688020613925881,626,"Yup, back in the sad..."
1912,336,17,62,196,275,1.3490909090909091,0.03578437094707603,626,"Honey, I just finished my buck-it list!"
1925,336,13,70,192,275,1.3490909090909091,0.034268790509970254,626,It's great. I've really learned to let go out here.
655,336,16,64,195,275,1.3490909090909091,0.03541155748922252,626,"No, I said ‘Buck Off!’"
627,336,20,56,199,275,1.3490909090909091,0.03688020613925881,626,"Of course I can talk about our relationship 
Wild horses couldn’t drag me away"
268,336,16,64,195,275,1.3490909090909091,0.03541155748922252,626,I'm working on my buck-it list.
2774,336,18,60,197,275,1.3490909090909091,0.036153340154726606,626,"Oh hi, Honey.  Can I call you back after I land?"
4925,348,15,65,193,273,1.347985347985348,0.0351876093386126,626,"Honey, I am about to land - see you soon."
4463,348,21,53,199,273,1.347985347985348,0.03741351298323094,626,Let me get back to you.  I'm up in the air right now.
4806,348,18,59,196,273,1.347985347985348,0.036317618346425246,626,Huh. Guess who's ticklish?
3422,348,18,59,196,273,1.347985347985348,0.036317618346425246,626,"No, seriously! I'm multitasking right now!"
2670,348,17,61,195,273,1.347985347985348,0.03594489604788614,626,Have you tried unplugging and plugging it back in?
3564,348,20,55,198,273,1.347985347985348,0.037051816464016014,626,"Well, the joke’s on them. I didn’t sign the liability form!"
4898,354,16,62,193,271,1.3468634686346863,0.03572686423475926,626,Things are a little up in the air now
640,355,21,51,197,269,1.345724907063197,0.037770567427424746,626,"I'll call back, maybe."
2559,355,18,57,194,269,1.345724907063197,0.0366522683616137,626,Can you pick me up?
5273,355,18,57,194,269,1.345724907063197,0.0366522683616137,626,"It’s no Uber, but it only costs a buck."
5806,358,20,51,193,264,1.3446969696969697,0.03788094820432477,626,This will blow goat yoga out of the water!
5211,359,16,61,193,270,1.3444444444444446,0.035777138951813926,626,...don't get on what?
3635,360,16,58,188,262,1.3435114503816794,0.03649640398065519,626,The Horse and the Ass.
4795,361,18,55,192,265,1.3433962264150943,0.03699530655647217,626,Sounds like the coverage plan for me. Any wiggle room on the pre-existing conditions clause?
4392,361,21,49,195,265,1.3433962264150943,0.0381368063754402,626,"This isn't what you meant by, 'get off your high horse'?"
5834,361,15,61,189,265,1.3433962264150943,0.03581744566404604,626,I must’ve put the quarter in the wrong slot!
3188,361,18,55,192,265,1.3433962264150943,0.03699530655647217,626,"You'll never believe it: our energy drinks work on horses, too!"
2803,361,21,49,195,265,1.3433962264150943,0.0381368063754402,626,"Of course I'm using ""hands free""!"
1761,361,17,57,191,265,1.3433962264150943,0.03660689747534653,626,Are you sure I should get right back on? I was thinking more about an ambulance.
594,361,18,55,192,265,1.3433962264150943,0.03699530655647217,626,"When you said that, it really threw me off."
271,361,15,61,189,265,1.3433962264150943,0.03581744566404604,626,Great! I'll call you as soon as I touch down.
1023,361,22,47,196,265,1.3433962264150943,0.038509787911057594,626,Who says men can't multitask ?
4033,370,18,53,189,260,1.3423076923076922,0.03746785878992794,626,"OK, fine, got it.  Now step two- Hold on to what??"
501,371,14,62,187,263,1.3422053231939164,0.035574066284016756,626,What’s up? Funny you should ask.
713,371,18,54,191,263,1.3422053231939164,0.037170073802017714,626,"Why yes, this IS my first rodeo."
1223,371,15,60,188,263,1.3422053231939164,0.03597970595483757,626,... with pepperoni.
3387,371,25,40,198,263,1.3422053231939164,0.039809417563764216,626,Sorry!  I accidentally buck called you!
3500,371,17,56,190,263,1.3422053231939164,0.036777565686577016,626,I think this strikes the right note of middle aged whimsy.
5249,371,18,54,191,263,1.3422053231939164,0.037170073802017714,626,"Hey, honey.  I'm still in the air.  I'll let you know when I on the ground"
5688,377,16,56,186,258,1.3410852713178294,0.03683896583421785,626,Help!  I’m about to fall and almost certainly will be unable to get up.
5034,377,16,56,186,258,1.3410852713178294,0.03683896583421785,626,Can you get this onto YouTube before I hit the ground?
4767,377,13,62,183,258,1.3410852713178294,0.03558960319078476,626,"Sorry, I can't hold."
926,377,16,56,186,258,1.3410852713178294,0.03683896583421785,626,"I watched a ""how to"" video on YouTube, so I'm pretty sure I'm okay."
1083,377,12,64,182,258,1.3410852713178294,0.03516328585980647,626,"You know me, just horsing around!"
1048,377,15,58,185,258,1.3410852713178294,0.03642727303704765,626,I’ll call you back as soon as we land.
1812,377,18,52,188,258,1.3410852713178294,0.03764884818122292,626,You mean I don't have cancer....that's great news!
5054,384,21,47,193,261,1.3409961685823755,0.03851260142544759,626,"Obviously, the buck does not stop here."
5100,384,16,57,188,261,1.3409961685823755,0.03654939469030443,626,"Yes, this is he."
4945,384,20,49,192,261,1.3409961685823755,0.03812804775083352,626,Text and drive? What kind of bozo do you think I am?
1534,384,16,57,188,261,1.3409961685823755,0.03654939469030443,626,I told him he's not going out to stud after all.
2909,384,17,55,189,261,1.3409961685823755,0.03695038153379746,626,It looked a lot easier on Urban Cowboy...
1379,384,15,59,187,261,1.3409961685823755,0.03614395950863861,626,I'll take this any day of the week over a cabinet post.
4415,384,18,53,190,261,1.3409961685823755,0.03734706332174924,626,"No, this is a good time.  What's up?"
2220,391,12,57,169,238,1.3403361344537814,0.03705098472491147,626,"So, I told the guy, who needs health insurance?"
5349,392,15,57,184,256,1.33984375,0.03659730385365318,626,"And I said, ""How tough can it be? I've seen Urban Cowboy THREE times..!!"""
5108,392,24,39,193,256,1.33984375,0.040188281170936695,626,"Honey, I quit my job, dropped some acid, and went to the cowboy bar... Honey?"
4987,392,21,45,190,256,1.33984375,0.03902801786881294,626,"So I  said to the Genie, ""Turn my wife into a horse I can ride."""
4874,392,20,47,189,256,1.33984375,0.038633520728331525,626,"Actually, I can't hold."
4351,392,16,55,185,256,1.33984375,0.03701350975331275,626,Then after lunch we went horseba.....
3554,392,19,49,188,256,1.33984375,0.03823495349761081,626,"Sorry, I was on mute. Can everyone hear me shriek in fear now?"
3262,392,16,55,185,256,1.33984375,0.03701350975331275,626,"Hold on, I might be entering a dead zone."
841,392,20,47,189,256,1.33984375,0.038633520728331525,626,That had better not be a discouraging word I'm hearin'.
418,392,16,55,185,256,1.33984375,0.03701350975331275,626,"No, I said it was a BUCKING bronco!"
242,392,10,67,179,256,1.33984375,0.034440911353313716,626,Wow! I didn't think I could get a signal out here!
3606,392,15,57,184,256,1.33984375,0.03659730385365318,626,"Jim's unique approach to 'work hard, play hard' was about to reach a hard conclusion."
616,403,16,47,170,233,1.3390557939914163,0.039470417684414574,626,"This ain't my first ro.... Alright, you got me, it is my first rodeo."
3085,404,19,48,187,254,1.3385826771653544,0.038425059094412184,626,I'm sorry. I must've buck dialed you.
2269,404,12,62,180,254,1.3385826771653544,0.03547713380732582,626,"Alright, I might lose you here in a second"
2328,404,18,50,186,254,1.3385826771653544,0.03801792438468486,626,"Yep, we'll do anything to get into the New Yorker Magazine!"
1974,404,15,56,183,254,1.3385826771653544,0.0367694818953335,626,"Hey, glad I got ya. Second thought I will take that major medical insurance upgrade."
1188,404,15,56,183,254,1.3385826771653544,0.0367694818953335,626,Let's talk later. I'm about to hit the hay.
5110,409,13,59,180,252,1.3373015873015872,0.03607781705130358,626,"Yes, dear. I'm off to a flying start."
4910,409,14,57,181,252,1.3373015873015872,0.03651340078271586,626,So you say get right back on?
4228,409,11,63,178,252,1.3373015873015872,0.035190478486708913,626,I knew I shouldn’t text and ride.
3537,409,14,57,181,252,1.3373015873015872,0.03651340078271586,626,Did I catch you at a bad time?
5649,409,19,47,186,252,1.3373015873015872,0.038617692893008974,626,Apparently Dusty hates my ringtone.
459,409,16,53,183,252,1.3373015873015872,0.03736933962198213,626,It's WAY more exciting than the brochure.
57,409,17,51,184,252,1.3373015873015872,0.03779003965749371,626,Can you hear me now?
51,409,20,45,187,252,1.3373015873015872,0.039024937641342364,626,"No, I said I'm seriously bucked."
1400,409,15,55,182,252,1.3373015873015872,0.03694384915315592,626,"Honey, I bought the farm!"
5002,418,14,55,179,248,1.3346774193548387,0.03685905258729117,626,"No, go ahead, I can talk"
2391,419,19,46,186,251,1.3346613545816732,0.03868113517682695,626,I think I might be breaking up soon
5321,419,19,46,186,251,1.3346613545816732,0.03868113517682695,626,It’s easier than working at the White House.
5221,419,16,52,183,251,1.3346613545816732,0.03742476036913905,626,"Hi! Sorry, i must have saddle dialed you!"
4880,419,11,62,178,251,1.3346613545816732,0.03523138003097074,626,I said I'd call you back in eight seconds!
4696,419,15,54,182,251,1.3346613545816732,0.03699648873511271,626,Ha Ha! The joys of getting the big bucks.
4094,419,15,54,182,251,1.3346613545816732,0.03699648873511271,626,How soon can you deliver that mattress?
3165,419,15,54,182,251,1.3346613545816732,0.03699648873511271,626,Everything is up in the air right now.
2631,419,15,54,182,251,1.3346613545816732,0.03699648873511271,626,"No, YOU hold yer horses!"
2287,419,17,50,184,251,1.3346613545816732,0.03784818620023475,626,I'll text you when I land.
915,419,15,54,182,251,1.3346613545816732,0.03699648873511271,626,"Actually no, I can't hold on for a second."
1818,419,17,50,184,251,1.3346613545816732,0.03784818620023475,626,Same old rodeo. How about you?
992,419,14,56,181,251,1.3346613545816732,0.03656320101915534,626,"OK, Make it quick.  I only have eight seconds."
780,419,11,62,178,251,1.3346613545816732,0.03523138003097074,626,"Can't talk now, Babe - call you as soon as I land."
401,419,12,60,179,251,1.3346613545816732,0.0356808442843894,626,I'll have to get back to you. My plans are a bit up in the air right now.
260,419,16,52,183,251,1.3346613545816732,0.03742476036913905,626,Nothing to it. Just like falling off a bike.
2120,419,10,64,177,251,1.3346613545816732,0.034776107156013376,626,I'll have to call you back.  I'm about to hit pay dirt.
4676,435,14,56,182,252,1.3333333333333333,0.03644202585395018,626,"Hello Monica, you're right.  It is surprisingly easy to fall off a horse."
2623,435,20,42,184,246,1.3333333333333333,0.039632178651278646,626,"Jerry was quite pleased he lasted as long as he did on the bronc known simply as ""the Donald""."
5206,435,19,46,187,252,1.3333333333333333,0.03855021421470306,626,Hey I’m about to land - can I call you back?
4462,435,9,66,177,252,1.3333333333333333,0.03420414420330456,626,Not a problem. I am just landing.
3192,435,16,49,178,243,1.3333333333333333,0.038241807042426086,626,"Well, actually it's a lateral move."
2453,435,17,50,185,252,1.3333333333333333,0.037721080431712,626,"Sorry, I only have a second."
5428,435,15,54,183,252,1.3333333333333333,0.036873307444164505,626,I need to cancel on golf tomorrow... my back is about to go out.
843,435,14,56,182,252,1.3333333333333333,0.03644202585395018,626,I'll call you right back. We are about to land.
380,435,13,56,177,246,1.3333333333333333,0.036584444064120765,626,"Hey man, I'll call you back when I land."
257,435,16,52,184,252,1.3333333333333333,0.037299602617236846,626,Gotta go...call you back when I land!
2558,435,14,52,174,240,1.3333333333333333,0.037655612354528425,626,"It's not like this is my first rodeo, Bob."
1233,435,14,54,178,246,1.3333333333333333,0.03703519343530181,626,I'm kinda in the middle of something right now!
2734,447,15,53,182,250,1.332,0.03704854082835166,626,"Hey Siri, what’s the best way to land from 15 hands high?"
4159,448,19,44,184,247,1.3319838056680162,0.03907553204275267,626,"Well, I'm taking off now so I'll call you when I land, ok?"
5131,448,15,52,180,247,1.3319838056680162,0.037352857571857793,626,"Ha ha, no! I said “buck” off!"
1602,448,16,50,181,247,1.3319838056680162,0.03779088881851905,626,You do? I'm head over heels too!
3261,448,18,46,183,247,1.3319838056680162,0.03865206198269397,626,"Hello, Uber? About this ride you sent me...."
962,452,15,51,178,244,1.3319672131147542,0.03766408830920258,626,Hello Aflac
4149,452,17,47,180,244,1.3319672131147542,0.03854927074546066,626,"If I get kicked off, I'll call you back"
4973,452,16,49,179,244,1.3319672131147542,0.03810924968541259,626,I am hands free
5849,452,14,53,177,244,1.3319672131147542,0.037213602146818583,626,What are you driving these days? I've got a new Mustang.
5241,456,11,58,172,241,1.3319502074688796,0.03611587683439868,626,Make it quick. I only have a second.
5084,456,12,56,173,241,1.3319502074688796,0.03659145673690509,626,"Actually, you called at a great time!"
4570,456,21,38,182,241,1.3319502074688796,0.04062189096572034,626,Who came up with this horse yoga idea?
4076,456,13,54,174,241,1.3319502074688796,0.03706093432092799,626,"Well, I guess I’d better get off now."
3674,456,11,58,172,241,1.3319502074688796,0.03611587683439868,626,""" Hold on a second until I land."
2516,456,16,48,177,241,1.3319502074688796,0.038434974861110076,626,"Siri, dial 911."
2356,456,13,54,174,241,1.3319502074688796,0.03706093432092799,626,I'm falling and I can't hang up.
1757,456,19,42,180,241,1.3319502074688796,0.03976156099058723,626,Brokeback Mountain.  The Musical.
1758,456,13,54,174,241,1.3319502074688796,0.03706093432092799,626,"Wait a sec, I want to get a selfie of this."
5542,456,19,42,180,241,1.3319502074688796,0.03976156099058723,626,I told him about a jackass I met at Mar el Lago.  He misunderstood.
1639,456,9,62,170,241,1.3319502074688796,0.03514541600685318,626,"Guess what, doc? No more fear of falling!"
1308,456,17,46,178,241,1.3319502074688796,0.03888219951578749,626,. . . and they wanted me to wear one of those dorky riding helmets!
853,456,16,48,177,241,1.3319502074688796,0.038434974861110076,626,"No, I can't hold on a minute."
817,456,13,54,174,241,1.3319502074688796,0.03706093432092799,626,Recalculating . . .
392,456,11,58,172,241,1.3319502074688796,0.03611587683439868,626,"Call it a mid-life crisis if you like, but I love my mustang!"
2353,456,13,54,174,241,1.3319502074688796,0.03706093432092799,626,"Look, I'm still up in the air on this. Can I call you back?"
625,472,20,43,188,251,1.3306772908366533,0.039022679045005684,626,I’ll call you later from the hospital
3961,473,13,54,175,242,1.3305785123966942,0.0369329534998324,626,"Yes, the buck definitely stops here!"
471,474,13,53,173,239,1.3305439330543933,0.03724048873292579,626,Just calling to make sure this is really a prerequisite for being a White House correspondent?
5254,474,12,55,172,239,1.3305439330543933,0.0367653844444668,626,I've got to get off now.
4842,474,18,43,178,239,1.3305439330543933,0.039530450789939525,626,This must be the Dude Ranch .I guess I should be next door  at the Subdued  Ranch .
4782,474,19,41,179,239,1.3305439330543933,0.039972703778623254,626,Guess I should have called Uber
4504,474,16,47,176,239,1.3305439330543933,0.038630758783906476,626,Got to go. I'm about to have Face Time with the ground....
4012,474,14,51,174,239,1.3305439330543933,0.037709607645597484,626,"Sure, I'll hold."
3841,474,13,53,173,239,1.3305439330543933,0.03724048873292579,626,Hello Ford?  My new Mustang is riding a little rough.
279,474,19,41,179,239,1.3305439330543933,0.039972703778623254,626,"Yes, I'd like to order a neck brace, crutches, and a hospital bed, please?"
3215,474,16,47,176,239,1.3305439330543933,0.038630758783906476,626,Can the doctor see me this afternoon?
3563,474,17,45,177,239,1.3305439330543933,0.03908319372745911,626,Cremation! I’ve decided on cremation!
2702,474,15,49,175,239,1.3305439330543933,0.03817296185132398,626,"Is it posted on my Instagram yet?"""
2437,474,12,55,172,239,1.3305439330543933,0.0367653844444668,626,Up in the air for the moment.  You?
2403,474,12,55,172,239,1.3305439330543933,0.0367653844444668,626,"Good news, honey, I just checked another one off my bucket list."
2106,474,16,47,176,239,1.3305439330543933,0.038630758783906476,626,Siri  Ambulance please!
1995,474,12,55,172,239,1.3305439330543933,0.0367653844444668,626,You're breaking up and I think I may be too.
1266,474,14,51,174,239,1.3305439330543933,0.037709607645597484,626,"Gotta go honey, I’m about to hit the hay."
2936,474,14,51,174,239,1.3305439330543933,0.037709607645597484,626,"Sorry mister, but there is no such thing as a free ride."
3219,491,17,44,176,237,1.3291139240506329,0.03928696384570505,626,Hold on. I think I' m going to be breaking up!
4536,491,14,50,173,237,1.3291139240506329,0.037897129322112845,626,"Nah, I'm good. The law only applies to distracted driving."
3400,491,15,48,174,237,1.3291139240506329,0.03836600209355338,626,I'm down to my last buck.
4745,491,13,52,172,237,1.3291139240506329,0.03742238240774294,626,"Just called to say that I now agree. Whoever said ""Get back on that horse"" is an idiot."
2888,491,12,54,171,237,1.3291139240506329,0.03694153487993902,626,I'm finally living life in the moment! Hold on. I have another call.
619,491,13,52,172,237,1.3291139240506329,0.03742238240774294,626,"That's hilarious! Oh, hang on, I have to switch to hands-free."
763,491,15,48,174,237,1.3291139240506329,0.03836600209355338,626,Have to let you go; I'll soon be breaking up.
626,491,10,58,169,237,1.3291139240506329,0.03596055599840689,626,Guess I should have gotten the hands-free option.
432,491,13,52,172,237,1.3291139240506329,0.03742238240774294,626,I guess the buck stops here!
306,491,15,48,174,237,1.3291139240506329,0.03836600209355338,626,Yes ! This is my first rodeo !
2815,491,15,48,174,237,1.3291139240506329,0.03836600209355338,626,"Yes, I want to complete my medical insurance application."
2432,502,15,38,155,208,1.3269230769230769,0.04194977143356653,626,So she told ME that I was oblivious to my surroundings. Hilarious!
5717,503,12,53,171,236,1.326271186440678,0.03698839464880542,626,I’ll have to call you back.  It’s been a wild ride.
5225,503,14,49,173,236,1.326271186440678,0.03795082860844513,626,You were right. This horse hates cell phone users.
5169,503,17,43,176,236,1.326271186440678,0.03935036813201722,626,I got the name for our new website...YAHOO.COM
4526,503,11,55,170,236,1.326271186440678,0.03649766173345736,626,Ha! Your phone message kinda threw me off!
4563,503,17,43,176,236,1.326271186440678,0.03935036813201722,626,Tell marketing I'm still up in the air about the rattlesnake ringtone.
3358,503,13,51,172,236,1.326271186440678,0.03747270160238887,626,Free up my calendar for the next ten months.
3078,503,11,55,170,236,1.326271186440678,0.03649766173345736,626,She doesn't like me to use the phone while I'm driving.
475,503,11,55,170,236,1.326271186440678,0.03649766173345736,626,"Seriously, this is the most in control I’ve felt in years"
3412,503,16,45,175,236,1.326271186440678,0.038889451596022494,626,"Honey, watch the video I am going to send you.  And then call Dr. Shultz for me."
1237,512,8,60,165,233,1.3261802575107295,0.03526110885226391,626,"Yeah, the dude ranch is fun, honey. Yes, I'm being careful."
2123,513,16,44,174,234,1.3247863247863247,0.039091194401049696,626,"Hi, oh nothing much, how about you?"
4723,513,11,54,169,234,1.3247863247863247,0.03667027787079171,626,"hi dear, i'm just about to hit the road....can i pick up something for dinner?"
5690,513,16,44,174,234,1.3247863247863247,0.039091194401049696,626,Nothing. Just horsin' around.
3686,516,12,50,166,228,1.3245614035087718,0.037808027534656494,626,I have to hang up for landing.
5288,516,17,40,171,228,1.3245614035087718,0.04028226978929656,626,It's not bad - almost the same as living under the current presidency.
4816,516,15,44,169,228,1.3245614035087718,0.0393112647221015,626,"Hi, Dad.  Just calling to say you were right. If it ain't broke, don't try to fix it."""
4251,516,21,32,175,228,1.3245614035087718,0.04215723793170917,626,Hold on you say?
3203,516,15,44,169,228,1.3245614035087718,0.0393112647221015,626,Great news honey!  I think I'm almost over my mid-life crisis.
1621,516,16,42,170,228,1.3245614035087718,0.03979972860101445,626,I said NEW factory!  Not GLUE factory!
2804,516,11,52,165,228,1.3245614035087718,0.037293485803797925,626,"No darling, I've definitely learned my lesson; no more texting and driving!"
1985,516,13,48,167,228,1.3245614035087718,0.03831566009772779,626,"Yeah, I'm free now."
251,516,17,40,171,228,1.3245614035087718,0.04028226978929656,626,Just horsing around.  How about you?
105,516,16,42,170,228,1.3245614035087718,0.03979972860101445,626,"Well, it is my first rodeo."
3154,516,16,42,170,228,1.3245614035087718,0.03979972860101445,626,Honey! I finally got a signal!
5615,527,13,49,170,232,1.3232758620689655,0.03784438086065478,626,"No, this is not a good time!”"
5450,527,8,59,165,232,1.3232758620689655,0.0352930892462685,626,I may be late for dinner
5287,527,12,51,169,232,1.3232758620689655,0.03734806768616082,626,Can you hang on a sec?  I think I just took another picture of my ear.
4876,527,14,47,171,232,1.3232758620689655,0.03833426881476336,626,No roaming charges?  Really?
4661,527,12,51,169,232,1.3232758620689655,0.03734806768616082,626,"Hi Hon!  The executive dude ranch is great. By the way, did you remember to pay health insurance premium this month"
3958,527,10,55,167,232,1.3232758620689655,0.036335109112503865,626,I'm really into buying experiences instead of stuff.
3705,527,21,33,178,232,1.3232758620689655,0.041602273801034574,626,"Technically it's my second, but it feels like my first."
2826,527,13,49,170,232,1.3232758620689655,0.03784438086065478,626,"Actually, now's a GREAT time to take your survey."
2552,527,14,47,171,232,1.3232758620689655,0.03833426881476336,626,"Woo hoo, lasted longer than Priebus!"
2024,527,14,47,171,232,1.3232758620689655,0.03833426881476336,626,Harvey?  The results of the Galloping Poll just came in!
1931,527,12,51,169,232,1.3232758620689655,0.03734806768616082,626,Can you hold on a sec? I have to take this fall.
5439,527,13,49,170,232,1.3232758620689655,0.03784438086065478,626,I'll call you back from the emergency room!
1171,527,18,39,175,232,1.3232758620689655,0.04023421649426661,626,"How does your plan define a ""pre-existing condition""?"
75,527,17,41,174,232,1.3232758620689655,0.039767740369189584,626,"Hello, 911?"
1278,527,14,47,171,232,1.3232758620689655,0.03833426881476336,626,"Wait, what's the emoji for 'broken neck'?"
265,527,12,51,169,232,1.3232758620689655,0.03734806768616082,626,Watch me nail the landing
305,527,16,43,173,232,1.3232758620689655,0.03929572713712048,626,"Now’s a good time to talk, and maybe again in six months."
100,527,12,51,169,232,1.3232758620689655,0.03734806768616082,626,"Honey, I got the selfie!"
600,527,13,49,170,232,1.3232758620689655,0.03784438086065478,626,"No, you hang up.  No, you."
675,527,6,63,163,232,1.3232758620689655,0.034219353338024734,626,"Well, I am in Colorado but I’m not that kind of high right now."
702,527,14,47,171,232,1.3232758620689655,0.03833426881476336,626,"Ok, sweetheart, I'll call you when I land."
835,527,14,47,171,232,1.3232758620689655,0.03833426881476336,626,"Sure, I’ll take the survey."
465,527,13,49,170,232,1.3232758620689655,0.03784438086065478,626,Can I call you back. I'm at work and things are a little up in the air.
4120,550,17,39,170,226,1.323008849557522,0.04050331182843937,626,It's OK. I'm hands-free.
5197,550,11,51,164,226,1.323008849557522,0.03747706056352107,626,I’ll be landing any moment.
201,552,10,53,164,227,1.3215859030837005,0.03681297727690892,626,Let me get back to you as soon as I've landed.
2306,553,12,48,164,224,1.3214285714285714,0.03819087663931003,626,"Nothing much, how about you?"
5106,553,16,40,168,224,1.3214285714285714,0.04023303128123321,626,"Yeah buddy, I just got my off of my high horse too!"
3304,553,15,42,167,224,1.3214285714285714,0.03973233405146578,626,"Why yes, Ann ... I do want to hear more about your accident insurance plans."
3242,553,15,42,167,224,1.3214285714285714,0.03973233405146578,626,"I’ll have to call you back, I’m about to land"
2262,553,14,44,166,224,1.3214285714285714,0.03922524610856946,626,You’re Pregnant?
2564,553,13,46,165,224,1.3214285714285714,0.03871151631463717,626,"I'll call you from the ""ER"" !!"
1699,553,11,50,163,224,1.3214285714285714,0.03766304052489088,626,"So then I said, ""Hold my beer and watch this...""."
1408,553,14,44,166,224,1.3214285714285714,0.03922524610856946,626,What was Step 3 again?
796,553,11,50,163,224,1.3214285714285714,0.03766304052489088,626,I'll send you the pics as soon as I land.
325,553,14,44,166,224,1.3214285714285714,0.03922524610856946,626,My will is in the upper left-hand drawer.
1978,553,14,44,166,224,1.3214285714285714,0.03922524610856946,626,"Hi mom.  
Mmm hmm.  
That's nice. 
Nope, nothing new with me."
388,564,16,40,169,225,1.32,0.040079286500001546,626,I just test drove a Bronco. I think I’m gonna go with the Vette.
5157,565,14,43,165,222,1.3198198198198199,0.03943384567346852,626,"I’ll have to call you back, the buck stops here!"
5006,565,16,39,167,222,1.3198198198198199,0.04045439009419288,626,"I'm hanging up now, im getting charged a buck per minute!"
4651,565,11,49,162,222,1.3198198198198199,0.037851472159714385,626,You know I can never pass up a deal and the coupon was for a Buck Off.
4476,565,14,43,165,222,1.3198198198198199,0.03943384567346852,626,Riding a bronc is no different than working for Trump.  One day you're fine and the next day you're calling a headhunter and eating dirt.
3974,565,12,47,163,222,1.3198198198198199,0.03838617838890364,626,"Wait, do you guys have me on speaker?"
3478,565,14,43,165,222,1.3198198198198199,0.03943384567346852,626,"So, out-of-state ER visits ARE covered? SWEET!!!"
3110,565,12,47,163,222,1.3198198198198199,0.03838617838890364,626,It's the landing that concerns me.
2140,565,14,43,165,222,1.3198198198198199,0.03943384567346852,626,"Honey, I just called to tell you that I love Obamacare."
2041,565,12,47,163,222,1.3198198198198199,0.03838617838890364,626,"Hello, Uber? I wanted Rodeo DRIVE, not RIDE."
1257,565,12,47,163,222,1.3198198198198199,0.03838617838890364,626,...and then she said I was easily distracted--what a joke!
749,565,12,47,163,222,1.3198198198198199,0.03838617838890364,626,I'm flying by the seat of my pants today. How about you?
143,565,12,47,163,222,1.3198198198198199,0.03838617838890364,626,"No, it's more like parenting a teenager."
26,565,16,39,167,222,1.3198198198198199,0.04045439009419288,626,"I'll tell ya, this doesn't throw me as much as the daily news!"
5302,565,10,51,161,222,1.3198198198198199,0.03730910342008413,626,"Hey Siri, schedule an appointment with my chiropractor"
2795,565,9,53,160,222,1.3198198198198199,0.03675873299453388,626,Your description 'A little frisky' really nailed it.
5749,580,10,50,160,220,1.3181818181818181,0.037492844959379164,626,"Honey, I'm on speaker. Tell your horse you were just kidding!"
1881,580,13,44,163,220,1.3181818181818181,0.03911836428575936,626,"Got to hang up, my ride's over."
5661,580,12,46,162,220,1.3181818181818181,0.03858413435569423,626,If this is your first rodeo press the ‘#’ key now
73,580,9,52,159,220,1.3181818181818181,0.03693511097496437,626,I'm going to have to put you on speaker.
1246,584,15,38,161,214,1.3177570093457944,0.04093819962998971,626,You'll never guess what happened when I asked for a million bucks.
4269,585,10,50,161,221,1.3167420814479638,0.037350567285733084,626,I found someone else who's not a fan of me driving while I'm on the phone.
2337,586,11,47,160,218,1.31651376146789,0.03823588149193672,626,I'm about to stick the dismount.
2417,586,16,37,165,218,1.31651376146789,0.04090687361793451,626,Yippee!  I'm a stable genius!
5102,586,14,41,163,218,1.31651376146789,0.03985996034747616,626,This feels like a full 360...I thought you said you were a quarter horse.
2898,589,10,48,157,215,1.3162790697674418,0.038015606461279355,626,Thunderbolt's unable to come to the phone right now - who shall I say called?
77,589,10,48,157,215,1.3162790697674418,0.038015606461279355,626,I'm about to stick the landing.
1592,589,12,44,159,215,1.3162790697674418,0.039142355024639176,626,"Collusion, confusion -- collision, contusion!"
2715,589,15,38,162,215,1.3162790697674418,0.04077413874331306,626,"So then I whispered:  "" Let's see what you really got, you miserable  excuse of a sway-backed loser. Go ahead .... Make My Day.!!"""
3486,589,15,38,162,215,1.3162790697674418,0.04077413874331306,626,Call you back as soon as I land!
3939,589,15,38,162,215,1.3162790697674418,0.04077413874331306,626,Does my healthcare plan cover stupidity?
5378,589,13,42,160,215,1.3162790697674418,0.03969373713828054,626,"Yes, I'm calling to check on my disability policy."
3765,596,16,37,166,219,1.3150684931506849,0.04074529630283277,626,"Believe me, hindsight isn't all it's cracked up to be."
2941,596,16,37,166,219,1.3150684931506849,0.04074529630283277,626,"I keep getting kicked off during calls, I need to switch carriers."
4048,596,11,47,161,219,1.3150684931506849,0.038088318345643975,626,You were right.  I should stick with being a desk jockey.
3433,596,16,37,166,219,1.3150684931506849,0.04074529630283277,626,I'm at the office. Where else would I be?
4386,596,13,43,163,219,1.3150684931506849,0.03917274135111974,626,No - I said I'm bucking great!
5850,596,14,41,164,219,1.3150684931506849,0.03970384742368214,626,You could say I'm about to complete my bucket list.
4956,596,12,45,162,219,1.3150684931506849,0.03863433485489848,626,It turned out that Alberts' new polo pony from Argentina actually did know how to tango.
5023,596,10,49,160,219,1.3150684931506849,0.037534359713705195,626,"Yes, Janet, pencil me in with the chiropractor at around 4 seconds form now."
5280,596,14,41,164,219,1.3150684931506849,0.03970384742368214,626,Are you sure I'm covered for pre-existing conditions?
5734,596,14,41,164,219,1.3150684931506849,0.03970384742368214,626,"And there, for one brief moment, Jack understood the plight of mankind."
3397,596,13,43,163,219,1.3150684931506849,0.03917274135111974,626,"Nothing, what are you up to?"
4763,596,13,43,163,219,1.3150684931506849,0.03917274135111974,626,You might say I’m up in the air at the moment.
3248,596,14,41,164,219,1.3150684931506849,0.03970384742368214,626,It's got the rush of rock climbing and the punishment of CrossFit.
2519,596,14,41,164,219,1.3150684931506849,0.03970384742368214,626,Doris is my life insurance paid up?
3163,596,10,49,160,219,1.3150684931506849,0.037534359713705195,626,I'll call back when I land.
3141,596,11,47,161,219,1.3150684931506849,0.038088318345643975,626,"No worries, I'm getting off right now."
2985,596,13,43,163,219,1.3150684931506849,0.03917274135111974,626,"It threw me off when you didn't answer right away."""
2641,596,15,39,165,219,1.3150684931506849,0.04022794222333942,626,Are you kidding? A buck a minute?!
2352,596,14,41,164,219,1.3150684931506849,0.03970384742368214,626,I might have to phone you back.
2245,596,18,33,168,219,1.3150684931506849,0.041760781139344665,626,"Alright hold on, I'm gonna face time."
1805,596,6,57,156,219,1.3150684931506849,0.035231531587380654,626,I'll be landing any minute now.
1791,596,14,41,164,219,1.3150684931506849,0.03970384742368214,626,9-1-1....What is your emergency?
1601,596,15,39,165,219,1.3150684931506849,0.04022794222333942,626,. . . Then she starts to tell me I’m too easily distracted by my phone.
1497,596,11,47,161,219,1.3150684931506849,0.038088318345643975,626,How about if I call you back as soon as I land.
1417,596,7,55,157,219,1.3150684931506849,0.035821120212437586,626,"No, I’m not driving my car, so it’s OK for me to be on the cell phone."
525,596,15,39,165,219,1.3150684931506849,0.04022794222333942,626,Totally nailed the experiences versus possessions thing.
3189,596,12,45,162,219,1.3150684931506849,0.03863433485489848,626,You mean I'm the hundredth caller?!
3005,623,8,51,154,213,1.3145539906103287,0.03703180354810952,626,"Oh, I'm still out chasing the big bucks."
2242,623,13,41,159,213,1.3145539906103287,0.039910011115868615,626,"Yes, this is, actually, my first rodeo!"
4886,623,14,39,160,213,1.3145539906103287,0.04046109106187514,626,"of course, I'm in the moment!"
4459,623,9,49,155,213,1.3145539906103287,0.0376250631451214,626,I DID say “YeHah!”
3405,623,13,41,159,213,1.3145539906103287,0.039910011115868615,626,I am telling you! It's just like riding the New York subway except for the fresh air!
1576,623,8,51,154,213,1.3145539906103287,0.03703180354810952,626,I know you're talking to another horse; who is she?
4081,623,8,51,154,213,1.3145539906103287,0.03703180354810952,626,"Pay the damned health insurance, NOW!"
1258,623,14,39,160,213,1.3145539906103287,0.04046109106187514,626,"Yeah? Well, screw you and the horse you rode in on, too!!"
1112,623,15,37,161,213,1.3145539906103287,0.04100476548604989,626,You can't do this on a landline!
665,623,12,43,158,213,1.3145539906103287,0.03935121452535056,626,"Then after all that, HE flips ME off!"
398,623,13,41,159,213,1.3145539906103287,0.039910011115868615,626,I'll call you back when I land.
270,623,12,43,158,213,1.3145539906103287,0.03935121452535056,626,Nothing special really. What about you?
1504,623,12,43,158,213,1.3145539906103287,0.03935121452535056,626,I really think we'll hit the ground running on this one.
4671,636,12,43,159,214,1.3130841121495327,0.0391944702181023,626,"Hello Aetna, Can you tell me what my deductible is?"
4864,637,14,38,159,211,1.3127962085308056,0.0406879040326955,626,Success!!  The Tesla Horse will not let you ride using your iPhone.
3934,637,12,42,157,211,1.3127962085308056,0.03956301882463941,626,No I said the BUCKING bronco i hired is out of control ...
3254,637,10,46,155,211,1.3127962085308056,0.03840519994042091,626,"Hold on a sec, that's my chiropractor on the other line."
3083,637,12,42,157,211,1.3127962085308056,0.03956301882463941,626,I have a new phone plan -- just one buck per call!
2087,637,12,42,157,211,1.3127962085308056,0.03956301882463941,626,"Perfect timing!  Yes, I would like to change to the earlier chiropractic appointment."
1862,637,10,46,155,211,1.3127962085308056,0.03840519994042091,626,You’ll never believe where I am right now!
1480,637,14,38,159,211,1.3127962085308056,0.0406879040326955,626,Hold a sec while I get a selfie.
1589,637,10,46,155,211,1.3127962085308056,0.03840519994042091,626,Dude! Eight seconds! Perfect sport! Matches my attention span!
805,637,8,50,153,211,1.3127962085308056,0.03721137334752158,626,I’ll call you right back. I am just about to land!
504,637,12,42,157,211,1.3127962085308056,0.03956301882463941,626,It's Verizon's new plan. Unlimited for 60 bucks a month.
182,637,7,52,152,211,1.3127962085308056,0.036599860223518695,626,Honey....its Wilbur.  Mr. Ed is responding well to the steroid treatments!
129,637,13,40,158,211,1.3127962085308056,0.0401294031421638,626,Dude ranch my ass!
1723,637,9,48,154,211,1.3127962085308056,0.037812998352896754,626,Hold on; I think the call is about to drop
5716,650,11,43,154,208,1.3125,0.039355494909370674,626,I might lose you.
266,651,7,42,131,180,1.3111111111111111,0.04039599829675723,626,"Mom, of course I'm not driving!"
5031,652,13,39,157,209,1.3110047846889952,0.040351980367064604,626,"What is it you don't understand about ""get off my back?"""
3729,652,14,37,158,209,1.3110047846889952,0.04091807601168413,626,"Then, this is hilarious, the bartender asks, 'Why the long face?'"
4728,652,12,41,156,209,1.3110047846889952,0.03977782918398104,626,Let me call you back as soon as I land.
2254,652,11,43,155,209,1.3110047846889952,0.03919526845980239,626,"Okay, now the reception's perfect. Hold it right there!"
958,656,12,40,155,207,1.3091787439613527,0.03999570833951215,626,"Yes, that's it. Now open the file and click the View pulldown menu..."
2054,656,7,50,150,207,1.3091787439613527,0.036947883689763955,626,My ringtone drives him wild.
2603,656,9,46,152,207,1.3091787439613527,0.038196208446953525,626,I'm not stupid! I watched a few You-Tube videos first.
2660,656,14,36,157,207,1.3091787439613527,0.041151681814357494,626,"Whoa, Stock Market!"
2754,656,9,46,152,207,1.3091787439613527,0.038196208446953525,626,"Not to worry Mom, stuntmen make great money and have amazing benefits."
2818,656,13,38,156,207,1.3091787439613527,0.04057781168156708,626,I'm just horsin' around. You?
3437,656,13,38,156,207,1.3091787439613527,0.04057781168156708,626,I think I'm entering a dead zone Honey.
5014,656,11,42,154,207,1.3091787439613527,0.03940500691909497,626,I think I misread the dosage!
5239,656,13,38,156,207,1.3091787439613527,0.04057781168156708,626,"Pre-existing condition? No, but can you rush that policy through?"
4013,665,12,39,153,204,1.3088235294117647,0.04038598351675421,626,"Trust me, I got this. This ain't my first cliché."
4340,665,13,37,154,204,1.3088235294117647,0.04097954178314545,626,"Actually, I  was hoping that I had butt-dialed the Emergency Room!"
4515,665,10,43,151,204,1.3088235294117647,0.039171894316378145,626,... and I get unlimited calls for a buck!
3950,665,10,43,151,204,1.3088235294117647,0.039171894316378145,626,Text me the contact info on that chiropractor you've been bragging about.
5143,665,12,39,153,204,1.3088235294117647,0.04038598351675421,626,"George, something's come up. I'll text you from ER."
5533,665,11,41,152,204,1.3088235294117647,0.03978357053451236,626,I might be late. I couldn't pass up a chance for a quick buck.
5769,665,10,43,151,204,1.3088235294117647,0.039171894316378145,626,"Tell the boss I won't be in today, I have a touch of bronchitis!"
5053,665,10,43,151,204,1.3088235294117647,0.039171894316378145,626,I'll call again after I land.
3187,665,15,33,156,204,1.3088235294117647,0.042141585222184134,626,"No, silly. I said I got bucked!"
4457,665,17,29,158,204,1.3088235294117647,0.04327243424306809,626,"Oh sorry dude, I just buck dialed you."
2620,665,13,37,154,204,1.3088235294117647,0.04097954178314545,626,I’m on my flip phone!
2873,665,12,39,153,204,1.3088235294117647,0.04038598351675421,626,"And then he told me to ‘Get off your high horse’, so I did!"
247,665,13,37,154,204,1.3088235294117647,0.04097954178314545,626,I haven't had this much fun with a Bronco since the OJ Simpson chase!
400,665,10,43,151,204,1.3088235294117647,0.039171894316378145,626,Gotta go. Off to Urgent Care.
813,665,10,43,151,204,1.3088235294117647,0.039171894316378145,626,I just test drove the new mustang. It's bucking awesome!
16,665,14,35,155,204,1.3088235294117647,0.04156462468130304,626,"Nope, no pre-existing condition at this time."
1891,665,15,33,156,204,1.3088235294117647,0.042141585222184134,626,No...I said bucked.
2298,665,13,37,154,204,1.3088235294117647,0.04097954178314545,626,Breaking news...
2313,665,10,43,151,204,1.3088235294117647,0.039171894316378145,626,Lunch?  Meet me in the ER in an hour.
2333,665,10,43,151,204,1.3088235294117647,0.039171894316378145,626,Hello Amazon?I need a mattress delivered ...now.
1803,665,13,37,154,204,1.3088235294117647,0.04097954178314545,626,I feel like a moderate democrat.
4426,686,10,44,154,208,1.3076923076923077,0.03864689634707459,626,"My medical insurance has been restored?""......Yeeeeeeha!!"
2915,686,13,38,157,208,1.3076923076923077,0.04040960278800687,626,"No, sweetie. Bucking! I said bucking!"
3148,686,11,42,155,208,1.3076923076923077,0.03924326350686424,626,How about the ER?  Does the ER work for you?
3623,686,15,34,159,208,1.3076923076923077,0.04154320960517859,626,Wait'll you see THIS selfie!
4027,686,11,42,155,208,1.3076923076923077,0.03924326350686424,626,This guy thinks he's going to take ME for a ride??
4107,686,10,44,154,208,1.3076923076923077,0.03864689634707459,626,"No, no, no. I’m totally free right now."
4358,686,11,42,155,208,1.3076923076923077,0.03924326350686424,626,"Sorry, but I have to get off now."
4497,686,16,32,160,208,1.3076923076923077,0.042098567644368354,626,"I could be in a dead zone, soon...."
5201,686,10,44,154,208,1.3076923076923077,0.03864689634707459,626,"Hold on, let me get a pen..."
4949,686,1,62,145,208,1.3076923076923077,0.03279515812726981,626,"Gotta switch to Airplane mode, I'll call you when I land."""
5083,686,9,46,153,208,1.3076923076923077,0.038041181157449255,626,I don't think I can hold any longer.
5192,686,9,46,153,208,1.3076923076923077,0.038041181157449255,626,"Dude, can you hear me now?"
2713,686,11,42,155,208,1.3076923076923077,0.03924326350686424,626,Everything's up in the air right now - can I let you know when I land?
5528,686,11,42,155,208,1.3076923076923077,0.03924326350686424,626,Hit the ground running...totally in agreement.
5567,686,10,44,154,208,1.3076923076923077,0.03864689634707459,626,"Oh, just horsing around.  What are you doing?"
5633,686,12,40,156,208,1.3076923076923077,0.03983070253054593,626,Riding a horse? Fake news
5800,686,12,40,156,208,1.3076923076923077,0.03983070253054593,626,You were right.  It's just like riding a bike.
4800,686,11,42,155,208,1.3076923076923077,0.03924326350686424,626,"..and then he was like, ""get off!"
2459,686,11,42,155,208,1.3076923076923077,0.03924326350686424,626,"Dinner plans? Well, right now I'm up in the air."
1728,686,13,38,157,208,1.3076923076923077,0.04040960278800687,626,"But where are the clowns?
Send in the clowns"
1040,686,8,48,152,208,1.3076923076923077,0.03742566406152625,626,"Coincidentally, I 'm working on the Fall campaign as we speak."
111,686,13,38,157,208,1.3076923076923077,0.04040960278800687,626,They cancelled who's health insurance?
349,686,11,42,155,208,1.3076923076923077,0.03924326350686424,626,I'll call you back after I've landed.
359,686,16,32,160,208,1.3076923076923077,0.042098567644368354,626,How would you rate your trip with Kevin?
839,686,15,34,159,208,1.3076923076923077,0.04154320960517859,626,Send in the clowns !
999,686,10,44,154,208,1.3076923076923077,0.03864689634707459,626,"Yeah, I need an ambulance please."
1030,686,10,44,154,208,1.3076923076923077,0.03864689634707459,626,My next horse will have Bluetooth.
2108,686,14,36,158,208,1.3076923076923077,0.040980326144287184,626,I said I am out ON the range. I can hear you fine.
1176,686,10,44,154,208,1.3076923076923077,0.03864689634707459,626,"I've got to go now,  I have a date with gravity."
1285,686,12,40,156,208,1.3076923076923077,0.03983070253054593,626,There must have been a misunderstanding. I ordered a mustang.
1351,686,10,44,154,208,1.3076923076923077,0.03864689634707459,626,"Oh,nothing much, just horsing around."
1423,686,7,50,151,208,1.3076923076923077,0.03679985322033991,626,"Actually, I would like to switch carriers."
1426,686,10,44,154,208,1.3076923076923077,0.03864689634707459,626,"In retrospect, a hands-free device here would have been safer."
1431,686,16,32,160,208,1.3076923076923077,0.042098567644368354,626,"Gotta go, sweetie. I'm almost on the ground."
1671,686,11,42,155,208,1.3076923076923077,0.03924326350686424,626,Yeehaw! That did it! I got a signal!
1914,686,9,46,153,208,1.3076923076923077,0.038041181157449255,626,What a HOOT! I just tried 'rattlesnake' and he actually knows what it means!
2066,686,9,46,153,208,1.3076923076923077,0.038041181157449255,626,"Mom, I’m kinda busy. 
Can I call you back later?"
2077,686,15,34,159,208,1.3076923076923077,0.04154320960517859,626,"Same old, same old. You?"
92,686,12,40,156,208,1.3076923076923077,0.03983070253054593,626,Distracted Riding
30,686,8,48,152,208,1.3076923076923077,0.03742566406152625,626,I wanted to be Roy Rogers not Buck Rogers!
4932,726,9,44,149,202,1.306930693069307,0.038751225537506054,626,Things are kinda up in the airright now for me...
5818,726,14,34,154,202,1.306930693069307,0.04180850112959904,626,Yeah.  I'm in the air…about to land.  You can pick me up at baggage.
4738,726,14,34,154,202,1.306930693069307,0.04180850112959904,626,Everything's great! I'm finding common ground with rural voters!
1499,726,10,42,150,202,1.306930693069307,0.03938167261389067,626,Helmet schmelmet!!
3598,726,11,40,151,202,1.306930693069307,0.04000218487878719,626,"Hold on, I gotta take a fall."
3998,726,11,40,151,202,1.306930693069307,0.04000218487878719,626,Get this: it's an app that lets you fall off a horse.
801,726,15,32,155,202,1.306930693069307,0.042393506860280955,626,I've got to change that hissing snake ringtone.
2010,733,11,39,150,200,1.305,0.040223933473997824,626,Let me call you back after I've landed.
2768,733,9,43,148,200,1.305,0.03895461861651053,626,Best hiccup cure ever!
3221,733,8,45,147,200,1.305,0.0383041910928345,626,And it said: free riding lessons. So I said...
3491,733,11,39,150,200,1.305,0.040223933473997824,626,"It's different, Harry, but it sure beats the A train!"
4449,733,7,47,146,200,1.305,0.03764252646934016,626,"Yes,clearly,this IS my first rodeo!"
1765,738,13,35,153,201,1.3034825870646767,0.041275546043877676,626,"Honey, I’m gonna be a little late!"
4525,738,13,35,153,201,1.3034825870646767,0.041275546043877676,626,Hi Mom. You’ll never guess what I’m doing!
5404,740,9,42,147,198,1.303030303030303,0.0391607405565555,626,Can you deliver the food to the X-ray department at the hospital?
4034,740,11,38,149,198,1.303030303030303,0.04044888041511694,626,I should've looked him in the mouth.
3754,740,13,34,151,198,1.303030303030303,0.041697245145632944,626,"Sorry, Mr. Ed, she can't talk right now."
3731,740,8,44,146,198,1.303030303030303,0.03850051217826279,626,Need to hang up; about to land.
3629,740,13,34,151,198,1.303030303030303,0.041697245145632944,626,I'm going to have to change carriers---I keep getting dropped.
4077,740,13,34,151,198,1.303030303030303,0.041697245145632944,626,Siri—help!
2911,740,9,42,147,198,1.303030303030303,0.0391607405565555,626,"Ha! No, I can't hold on."
2599,740,8,44,146,198,1.303030303030303,0.03850051217826279,626,I might lose you for a second here.
2521,740,11,38,149,198,1.303030303030303,0.04044888041511694,626,Hi! I'd like to make an appointment to see the orthopedist please.
596,740,7,46,145,198,1.303030303030303,0.03782876253645196,626,Is this a good time to talk?
3581,740,13,34,151,198,1.303030303030303,0.041697245145632944,626,Exhibit 45: American pretends everything's okay.
3987,751,12,35,148,195,1.3025641025641026,0.04149872619338118,626,I merely mentioned the jackass in the White House
4023,751,7,45,143,195,1.3025641025641026,0.038181197010402686,626,Gotta go.  I'm about to touch down.
4425,751,12,35,148,195,1.3025641025641026,0.04149872619338118,626,"He told me, ""The buck stops here,""  but I have evidence to the contrary."
4454,751,10,39,146,195,1.3025641025641026,0.040204577941607665,626,"Hello, OnStar..."
4513,751,11,37,147,195,1.3025641025641026,0.0408567764461174,626,I’m think I’m about to break up.”
4635,751,11,37,147,195,1.3025641025641026,0.0408567764461174,626,It was at this moment Fred realised he forgot his helmet
4660,751,10,39,146,195,1.3025641025641026,0.040204577941607665,626,"Got to go dear, they seem serious about their “No Cell Phone Use While Riding”  policy."
4750,751,11,37,147,195,1.3025641025641026,0.0408567764461174,626,"Hang on a sec, I think I'm entering a dead zone."
4977,751,10,39,146,195,1.3025641025641026,0.040204577941607665,626,"Wait, wait don’t tell me!"
5013,751,5,49,141,195,1.3025641025641026,0.03677047207932974,626,"Yes honey, I took my jacket off this time."
5224,751,8,43,144,195,1.3025641025641026,0.03886736290581586,626,"...because it said it was  a few bucks less, that's why!"
5493,751,9,41,145,195,1.3025641025641026,0.03954162355490222,626,"I never knew living in a failing, pseudo-Democracy could be this much fun!"
5529,751,11,37,147,195,1.3025641025641026,0.0408567764461174,626,I’m on 3% right now so call me at the hospital!
5546,751,12,35,148,195,1.3025641025641026,0.04149872619338118,626,The theme of this year's retreat is insurance.
5726,751,7,45,143,195,1.3025641025641026,0.038181197010402686,626,"Siri, how do you say ""stop"" in cowboy?"
3550,751,8,43,144,195,1.3025641025641026,0.03886736290581586,626,"Yeah, hang on.  I think I'm about to get dropped by my carrier."
4966,751,11,37,147,195,1.3025641025641026,0.0408567764461174,626,"Hello, emergency room? Do you take reservations?"
3195,751,9,41,145,195,1.3025641025641026,0.03954162355490222,626,I'm still up in the air about that.
3179,751,13,33,149,195,1.3025641025641026,0.04213089566788758,626,This is nothing. Wait until we flip the Congress in November!
2760,751,8,43,144,195,1.3025641025641026,0.03886736290581586,626,Looks like I won’t ride into the sunset after all
69,751,11,37,147,195,1.3025641025641026,0.0408567764461174,626,"Hold on, there’s something big and grassy rushing toward my face."
163,751,10,39,146,195,1.3025641025641026,0.040204577941607665,626,"I am flipping, but I have immunity."
384,751,14,31,150,195,1.3025641025641026,0.04275371871409124,626,The interview process for a job at the White House is even crazier than I thought
455,751,12,35,148,195,1.3025641025641026,0.04149872619338118,626,"After three hours on incessant babble, the horse had had enough."
658,751,8,43,144,195,1.3025641025641026,0.03886736290581586,626,"Seriously, no worries. I'm in complete control of the situation."
683,751,9,41,145,195,1.3025641025641026,0.03954162355490222,626,"Well, I can tell ya, it's the last time I make a Mr. Ed comparison!"
788,751,10,39,146,195,1.3025641025641026,0.040204577941607665,626,Ride comes before the fall.
814,751,10,39,146,195,1.3025641025641026,0.040204577941607665,626,The next step of the interview process is WHAT??
790,751,8,43,144,195,1.3025641025641026,0.03886736290581586,626,I can't tell you how head over heels crazy I am about this horse
1166,751,13,33,149,195,1.3025641025641026,0.04213089566788758,626,"Why yes, please tell me more about your products and services"
1228,751,6,47,142,195,1.3025641025641026,0.037482472050839655,626,I just wish the country would do to him what Snappy is doing to me right now.
1448,751,6,47,142,195,1.3025641025641026,0.037482472050839655,626,"Hey, Mom, guess what I'm doing?"
1649,751,14,31,150,195,1.3025641025641026,0.04275371871409124,626,"Harness? I thought you said tug on his hard ass. Ha, ha, no wonder…"
1986,751,7,45,143,195,1.3025641025641026,0.038181197010402686,626,"I can't give you a decision, I'm just up in the air right now."
2195,751,11,37,147,195,1.3025641025641026,0.0408567764461174,626,Sell! Sell! Selllll!
2595,751,15,29,151,195,1.3025641025641026,0.043367598019591114,626,I'm just leaving now.
991,751,13,33,149,195,1.3025641025641026,0.04213089566788758,626,Because I can't talk on the cellphone while driving a car.
2969,788,11,38,150,199,1.3015075376884422,0.040273904766916974,626,"Why yes, this is perfect time to talk about blood donation!"
4796,788,9,42,148,199,1.3015075376884422,0.03899320089089007,626,This is gonna look great on my profile page.
1836,788,9,42,148,199,1.3015075376884422,0.03899320089089007,626,"Yes, I am keeping one arm in the air."
1162,788,14,32,153,199,1.3015075376884422,0.04212201252742774,626,Gotta go. My eight seconds are up.
692,788,13,34,152,199,1.3015075376884422,0.04151511886809534,626,"Thank you for calling Customer Service, how may I assist you today?"
1170,788,12,36,151,199,1.3015075376884422,0.04089922065154044,626,"Listen, not my first rodeo, pal -- but gonna have to call you back."
3638,794,10,39,147,196,1.3010204081632653,0.04002870369859398,626,Oh. You meant STOP horsing around.
3907,794,10,39,147,196,1.3010204081632653,0.04002870369859398,626,It's the roaming charges that really hurt.
4070,794,11,37,148,196,1.3010204081632653,0.04067709113920299,626,I'm using my roll-over minutes right now!
2343,797,10,38,145,193,1.3005181347150259,0.0404295895423199,626,"Why yes, I am interested in a health insurance policy."
2534,797,9,40,144,193,1.3005181347150259,0.039756500656017636,626,I’ll have to call you back.  I need to jump off right now.
3000,797,11,36,146,193,1.3005181347150259,0.041091654587142076,626,911? I'll need an ambulance in about 2 feet.
3459,797,12,34,147,193,1.3005181347150259,0.04174322032207777,626,Hello? St. John's Hospital? I'd like a reservation please.
3839,797,8,42,143,193,1.3005181347150259,0.03907181821035974,626,I'm about to find out whether a bad day out here really does beat a good day at the office!
4646,797,10,38,145,193,1.3005181347150259,0.0404295895423199,626,"Sorry, Dad, but this is one horse I'm not getting right back on."
4288,797,11,36,146,193,1.3005181347150259,0.041091654587142076,626,"I thought I bought a Mustang, but no, I got a Bronco instead"
5029,797,8,42,143,193,1.3005181347150259,0.03907181821035974,626,Can I call you back? I'm in the middle of a mid-life crisis.
5052,797,8,42,143,193,1.3005181347150259,0.03907181821035974,626,Please hold... for eight seconds.
5748,797,15,28,150,193,1.3005181347150259,0.04363958685990419,626,"Hon, I'm still at the corporate retreat. We're learning about white male privilege."
4114,797,9,40,144,193,1.3005181347150259,0.039756500656017636,626,"I'll have to get back to you on that, things are still up in the air."
2284,797,9,40,144,193,1.3005181347150259,0.039756500656017636,626,Hey I just getting back to you on the disability insurance....I think I will buy it.
1814,797,7,44,142,193,1.3005181347150259,0.038374921656139795,626,Midlife crisis? What makes you think that?
1948,797,13,32,148,193,1.3005181347150259,0.04238477095615899,626,I'm on my way down.
2014,797,10,38,145,193,1.3005181347150259,0.0404295895423199,626,"Lemme call you back from the hospital,
Ok?"
1611,797,11,36,146,193,1.3005181347150259,0.041091654587142076,626,"Yeah, I was wondering if my old job was still available."
1464,797,6,46,141,193,1.3005181347150259,0.037665133027328275,626,"Hi, I’ll be updating my status in 1.5 seconds."
1074,797,8,42,143,193,1.3005181347150259,0.03907181821035974,626,"Give me a second, I'm just about to land."
965,797,11,36,146,193,1.3005181347150259,0.041091654587142076,626,"Hey Hun, the disability insurance kicked in today!"
725,797,8,42,143,193,1.3005181347150259,0.03907181821035974,626,"No, you hang up."
657,797,6,46,141,193,1.3005181347150259,0.037665133027328275,626,Can I call you back?  We're going to land now.
207,797,11,36,146,193,1.3005181347150259,0.041091654587142076,626,I finished my bucket list!
172,797,9,40,144,193,1.3005181347150259,0.039756500656017636,626,I'll have to call you back
4008,820,5,47,139,191,1.2984293193717278,0.037114707090136784,626,"No, I’m sorry, I can’t hold on any longer"
3755,820,10,37,144,191,1.2984293193717278,0.04065783426778526,626,What a way to end a bucket list.
3627,820,7,43,141,191,1.2984293193717278,0.03857103426628157,626,My news media job sent me here for training.
3253,820,14,29,148,191,1.2984293193717278,0.04328401426987484,626,"You misheard me!  I'll be late because I'm on a bucking bronc, not in the ""f...ing Bronx."""
2856,820,11,35,145,191,1.2984293193717278,0.04133002647396566,626,Get back on again my ass!
2594,820,10,37,144,191,1.2984293193717278,0.04065783426778526,626,Haha...no! It's the truth! I did fall off my ass!
837,820,11,35,145,191,1.2984293193717278,0.04133002647396566,626,And get this -- I don't even know who's horse this is!
1524,820,15,27,149,191,1.2984293193717278,0.04391602773824994,626,". . . and some new underwear."""
1054,820,7,43,141,191,1.2984293193717278,0.03857103426628157,626,The interview is going great!
849,820,10,37,144,191,1.2984293193717278,0.04065783426778526,626,I thought the job description said DESK jockey.
4612,820,11,35,145,191,1.2984293193717278,0.04133002647396566,626,. . . but the Russian judge will probably only give it a six
314,820,12,33,146,191,1.2984293193717278,0.0419914597189799,626,I'm now for universal healthcare.
5311,820,10,37,144,191,1.2984293193717278,0.04065783426778526,626,"Yeah, I've got a second."
1804,820,11,35,145,191,1.2984293193717278,0.04133002647396566,626,Betsy DeVos' Yacht crashed? That just made my day!
4781,820,10,37,144,191,1.2984293193717278,0.04065783426778526,626,"Hay hun, I was bumped earlier but I’m over filly now but should be landing soon. Love you!"
2399,835,9,38,141,188,1.297872340425532,0.04037849602989724,626,I guess it’s “over and out”
205,836,4,47,134,185,1.2972972972972974,0.037019006396264154,626,"Now I understand the phrase ... ""Never text and ride!"""
3775,837,9,39,144,192,1.296875,0.03979596090787546,626,I'll phone you back when I land.
124,838,9,38,142,189,1.2962962962962963,0.040195195035130436,626,I'm leaving Wall Street. The real thing is better.
3714,838,13,30,146,189,1.2962962962962963,0.04290457860452132,626,I got a Groupon
5065,838,11,34,144,189,1.2962962962962963,0.0415719651276177,626,He hates this tie you got me!
5603,838,10,36,143,189,1.2962962962962963,0.04088937507766557,626,Just wait for the photoshopped version!
287,842,8,42,146,196,1.2959183673469388,0.038562858461111515,626,As a hopeless optimist I'll say half my ribs won't be broken.
3194,843,14,27,145,186,1.2956989247311828,0.04403921502188502,626,I'm a very stable genius!
5589,844,3,48,132,183,1.2950819672131149,0.03637378335903143,626,"Uber reveals its New York City 
driver cap workaround. 
Note, ride cancelling penalties apply."
1937,845,10,35,142,187,1.2941176470588236,0.04112427588048697,626,I thought I was on hold
3887,845,3,49,135,187,1.2941176470588236,0.03589845432356572,626,"No, I'm having much more fun than when I was in finance."
4025,845,6,43,138,187,1.2941176470588236,0.03822567254639169,626,"Yes of course I am an optimist boss, but introducing our ride sharing service to this market is going to take some work."
4792,845,11,33,143,187,1.2941176470588236,0.04181754503748411,626,I have exactly three seconds.
5578,845,13,29,145,187,1.2941176470588236,0.04317069706985551,626,"|I SAID, YEEEEE HAAAAA!!!!!"
669,845,9,37,141,187,1.2941176470588236,0.04041911751172696,626,"Then the bartender says, 'hey, buddy, why the long face?', and th—"
1205,845,8,39,140,187,1.2941176470588236,0.03970143642438121,626,"According to the most recent Gallup Poll, Americans spend too much time on their cellphones."
515,845,12,31,144,187,1.2941176470588236,0.04249950681160455,626,You were right! The Mustang is safer than the Tesla!
3956,853,13,28,143,184,1.2934782608695652,0.043648691859580514,626,Of course I’m calling hands free.
3879,853,8,38,138,184,1.2934782608695652,0.04010268874825893,626,Sorry! I must have buck dialed you.
3868,853,10,34,140,184,1.2934782608695652,0.041557414589034336,626,"Hey, you'll never guess what I'm doing now!"
3668,853,12,30,142,184,1.2934782608695652,0.042962911561136484,626,"Yes honey, I have water and I put on my sunscreen."
3446,853,10,34,140,184,1.2934782608695652,0.041557414589034336,626,"Hang on, I might lose you for a minute."
3220,853,8,38,138,184,1.2934782608695652,0.04010268874825893,626,I'll be late. Having a little trouble with my ride.
3331,853,8,38,138,184,1.2934782608695652,0.04010268874825893,626,I'll be down in a sec.
3227,853,11,32,141,184,1.2934782608695652,0.04226600570869525,626,Not much. You?
3156,853,8,38,138,184,1.2934782608695652,0.04010268874825893,626,Hello Blue Cross ? What's my deductible ?
3125,853,8,38,138,184,1.2934782608695652,0.04010268874825893,626,Seems like you called at a really awkward time.
3979,853,8,38,138,184,1.2934782608695652,0.04010268874825893,626,Not much. What are you up to?
3089,853,10,34,140,184,1.2934782608695652,0.041557414589034336,626,"Yeah, the White House staff training is going great!"
3356,853,8,38,138,184,1.2934782608695652,0.04010268874825893,626,I'll be landing in a few minutes.
4037,853,12,30,142,184,1.2934782608695652,0.042962911561136484,626,That's why I am calling. I can't hold my horses. I need help now
5451,853,9,36,139,184,1.2934782608695652,0.040836529922145794,626,"Hold on a sec Murray, my horse gets pissed if I don't use the hands-free."
4311,853,15,24,145,184,1.2934782608695652,0.04498890267096722,626,"Ha! Ha! If I die, I'll stop having to hear the Trump updates."
4398,853,8,38,138,184,1.2934782608695652,0.04010268874825893,626,"You were right, Jeff, I did need a good kick to get off my high horse!"
5044,853,12,30,142,184,1.2934782608695652,0.042962911561136484,626,"Call it, head's or tail's."
5086,853,9,36,139,184,1.2934782608695652,0.040836529922145794,626,"Siri, what’s the best way to land when thrown from a bucking bronco?"
5146,853,6,42,136,184,1.2934782608695652,0.03859316756052271,626,I'm coming right down.
5161,853,13,28,143,184,1.2934782608695652,0.043648691859580514,626,"Sorry, that was another butt call!"
5303,853,10,34,140,184,1.2934782608695652,0.041557414589034336,626,Can’t talk right now ... I’m test driving a Mustang.
5478,853,12,30,142,184,1.2934782608695652,0.042962911561136484,626,"Yes, please put me on hold!  Please!"
5600,853,8,38,138,184,1.2934782608695652,0.04010268874825893,626,"Hi honey - you were right!
Meet me at the ER!"
5669,853,11,32,141,184,1.2934782608695652,0.04226600570869525,626,"Say again, I’m breaking up"
5711,853,10,34,140,184,1.2934782608695652,0.041557414589034336,626,"Honey, can you up the life insurance?  This corporate retreat is no joke."
5740,853,8,38,138,184,1.2934782608695652,0.04010268874825893,626,"Hang on a sec, I’m being involuntarily bumped."
5856,853,9,36,139,184,1.2934782608695652,0.040836529922145794,626,I'm about to lose service.  Let me call you back from the hospital.
3009,853,9,36,139,184,1.2934782608695652,0.040836529922145794,626,Guess where I'm calling from!
4141,853,11,32,141,184,1.2934782608695652,0.04226600570869525,626,"Hello, I’d like to enroll in your best health insurance plan."
2943,853,9,36,139,184,1.2934782608695652,0.040836529922145794,626,"Hey, want to catch a movie? I’m getting off early."
5687,853,8,38,138,184,1.2934782608695652,0.04010268874825893,626,Siri - Google how to land from a bucking bronco.
2849,853,13,28,143,184,1.2934782608695652,0.043648691859580514,626,"After quitting his job, Peter quickly found a new way to make a buck"
19,853,8,38,138,184,1.2934782608695652,0.04010268874825893,626,"Hey, did you get my selfie?"
33,853,10,34,140,184,1.2934782608695652,0.041557414589034336,626,I completed my bucket list!
215,853,10,34,140,184,1.2934782608695652,0.041557414589034336,626,"Oops, I saddle dialed you."
283,853,13,28,143,184,1.2934782608695652,0.043648691859580514,626,"Sure, I can hold.  I've got about 8 seconds."
2908,853,12,30,142,184,1.2934782608695652,0.042962911561136484,626,"Go ahead and talk, I am off the horse now."
356,853,8,38,138,184,1.2934782608695652,0.04010268874825893,626,"Sorry, I can't hang on any longer."
536,853,13,28,143,184,1.2934782608695652,0.043648691859580514,626,"Ha, ha. You're right. Even my horse thinks I'm a dick."
549,853,11,32,141,184,1.2934782608695652,0.04226600570869525,626,"I’m sorry, I’m sorry.  You do not look like a mule."
559,853,7,40,137,184,1.2934782608695652,0.03935516628852123,626,"Yes, boss, when I say I'm on top of it, trust me, I'm on top of it."
711,853,11,32,141,184,1.2934782608695652,0.04226600570869525,626,"No dear, don't be silly. I'm not talking while I drive, that's dangerous."
905,853,10,34,140,184,1.2934782608695652,0.041557414589034336,626,"No, It's ok, I'm not driving."
1042,853,11,32,141,184,1.2934782608695652,0.04226600570869525,626,Comedians Riding Horses Eating Dirt
1079,853,15,24,145,184,1.2934782608695652,0.04498890267096722,626,I'm just about ready to break my arm. Can I call you back?
1143,853,9,36,139,184,1.2934782608695652,0.040836529922145794,626,It's all Uber had!!!
1341,853,10,34,140,184,1.2934782608695652,0.041557414589034336,626,Smoother test drive on the Mustang.
715,853,12,30,142,184,1.2934782608695652,0.042962911561136484,626,"Honey, I have great news : I think I'm finally getting off my high horse !"
1688,853,13,28,143,184,1.2934782608695652,0.043648691859580514,626,"No, ha ha,  I said I was about to get Bucked!"
2817,853,9,36,139,184,1.2934782608695652,0.040836529922145794,626,"Trust me, everything was consensual until the saddle was added"
2784,853,11,32,141,184,1.2934782608695652,0.04226600570869525,626,"Yeah, sure. I'll hold."
1421,853,10,34,140,184,1.2934782608695652,0.041557414589034336,626,"...and then I sez, 'does this tickle?'"
2574,853,8,38,138,184,1.2934782608695652,0.04010268874825893,626,"No, that's just it--I can't hold on a sec."
2484,853,9,36,139,184,1.2934782608695652,0.040836529922145794,626,I think that it may be too late to get back into the saddle.
2463,853,8,38,138,184,1.2934782608695652,0.04010268874825893,626,I keep having this same dream of being rejected.
2449,853,9,36,139,184,1.2934782608695652,0.040836529922145794,626,"Siri, this is not the right Rodeo Drive..."
2766,853,10,34,140,184,1.2934782608695652,0.041557414589034336,626,"No, I'd still rather do this instead of visiting your mother."
2387,853,13,28,143,184,1.2934782608695652,0.043648691859580514,626,Let me call you back once I’m in traction!
2161,853,9,36,139,184,1.2934782608695652,0.040836529922145794,626,"I finally have reception, please be quick."
2113,853,12,30,142,184,1.2934782608695652,0.042962911561136484,626,I would like to make an appointment with an orthopedic surgeon
2008,853,9,36,139,184,1.2934782608695652,0.040836529922145794,626,Is this 911?
1915,853,11,32,141,184,1.2934782608695652,0.04226600570869525,626,I won't need that flight after all. I got an earlier one.
2396,853,6,42,136,184,1.2934782608695652,0.03859316756052271,626,Honey......do you think you can still find that old neck brace?
3644,917,11,33,144,188,1.2925531914893618,0.041623927343022234,626,"Yeah, it's a bull market but the ride's almost over."
3902,917,11,33,144,188,1.2925531914893618,0.041623927343022234,626,I would like to file a claim
4151,917,13,29,146,188,1.2925531914893618,0.04296894127538105,626,Great training for my next job in the White House
4669,917,9,37,142,188,1.2925531914893618,0.040233974953852655,626,"It's great, I feel like a million bucks already!"
5261,917,9,37,142,188,1.2925531914893618,0.040233974953852655,626,"Okay, I'll keep my ear to the ground."
5028,917,11,33,144,188,1.2925531914893618,0.041623927343022234,626,"Oh, don't worry, honey. I am just horsing around!"
5355,917,10,35,143,188,1.2925531914893618,0.04093485109319708,626,"Hello, Hertz? That Mustang you gave me just isn't working out."
5702,917,9,37,142,188,1.2925531914893618,0.040233974953852655,626,Hey I'm going to let you go; I've got to get off.
3599,917,11,33,144,188,1.2925531914893618,0.041623927343022234,626,Ha. No way would I consider coming back to work at Trump White House. This new job is easier.
4818,917,9,37,142,188,1.2925531914893618,0.040233974953852655,626,I don’t think we are at the same Crazy Horse.
3475,917,11,33,144,188,1.2925531914893618,0.041623927343022234,626,Hold on--I gotta take this fall.
3899,917,11,33,144,188,1.2925531914893618,0.041623927343022234,626,Of course I would never drive while talking on the phone.
3332,917,8,39,141,188,1.2925531914893618,0.03952067113742209,626,"Thanks, Darrell. The dude ranch app is remarkably realistic!"
3357,917,9,37,142,188,1.2925531914893618,0.040233974953852655,626,Sorry.  Butt call.
288,917,6,43,139,188,1.2925531914893618,0.03805397298945691,626,Mom! I've never felt so free!
301,917,14,27,147,188,1.2925531914893618,0.0436259006527329,626,This is so much better than project management!
1209,917,6,43,139,188,1.2925531914893618,0.03805397298945691,626,"Oh, you meant I should test drive the FORD Mustang..."
1420,917,7,41,140,188,1.2925531914893618,0.03879425413276162,626,"Actually, I do mind holding."
2013,917,8,39,141,188,1.2925531914893618,0.03952067113742209,626,"Hey Donald, I flipped."""
592,917,7,41,140,188,1.2925531914893618,0.03879425413276162,626,"Whatta ya mean, ""Hang on a minute"""
3045,917,7,41,140,188,1.2925531914893618,0.03879425413276162,626,"I'm in the air about this. Can I call you back, tomorrow?"
3074,917,7,41,140,188,1.2925531914893618,0.03879425413276162,626,"Hold on, Fred. Things are a bit up in the air right now."
3213,917,8,39,141,188,1.2925531914893618,0.03952067113742209,626,"Apparently, the horse had a ""no cell phone"" policy!"
3280,917,8,39,141,188,1.2925531914893618,0.03952067113742209,626,"Technically, I’m not driving."
3018,917,12,31,145,188,1.2925531914893618,0.04230178035133001,626,Heads or Tails?
3836,942,6,41,135,182,1.2912087912087913,0.03878972190186666,626,It’s just as safe as calling you while driving!
5664,942,7,39,136,182,1.2912087912087913,0.03956457118583799,626,He takes the gold if he can nail this landing!
5641,942,8,37,137,182,1.2912087912087913,0.04032453423183373,626,"Yes, I would like to trade in my mustang."
5437,942,9,35,138,182,1.2912087912087913,0.041070437408304024,626,"Yes, I can hold on, but just for a few seconds."
5396,942,7,39,136,182,1.2912087912087913,0.03956457118583799,626,If we get cut off it’s probably because I’m dead!
4378,942,9,35,138,182,1.2912087912087913,0.041070437408304024,626,"I know, I know..., I love Groupon too!"
4177,942,8,37,137,182,1.2912087912087913,0.04032453423183373,626,Just give me 3.7 seconds of your time.
3682,942,9,35,138,182,1.2912087912087913,0.041070437408304024,626,I’m still bucking for promotion.
4258,942,9,35,138,182,1.2912087912087913,0.041070437408304024,626,I'll call you back - I'm about to go viral.
3205,942,8,37,137,182,1.2912087912087913,0.04032453423183373,626,You'll never guess where I am.
3111,942,8,37,137,182,1.2912087912087913,0.04032453423183373,626,"Hold your horses is just an expression, Harvey."
3041,942,10,33,139,182,1.2912087912087913,0.041803033344537416,626,Yes dear.  I’ll DEFINITELY cross this off my bucket list.
2560,942,12,29,141,182,1.2912087912087913,0.04323099735831552,626,I TOLD you twice - Get off my back!!
2227,942,9,35,138,182,1.2912087912087913,0.041070437408304024,626,"Yeah, I’m just on my way to the hospital."
1785,942,0,53,129,182,1.2912087912087913,0.03376930437325625,626,"No,
I don't know how the reins got behind the horse or why they aren't attached to the bridle"
1367,942,8,37,137,182,1.2912087912087913,0.04032453423183373,626,I did it! I passed the buck!
1009,942,6,41,135,182,1.2912087912087913,0.03878972190186666,626,Forget bulls and bears — I've got a new metaphor for this crazy market!
1002,942,6,41,135,182,1.2912087912087913,0.03878972190186666,626,These flip-phones are great when you're mobile.
3642,942,10,33,139,182,1.2912087912087913,0.041803033344537416,626,Did we catch you at a good time?
728,961,10,33,140,183,1.289617486338798,0.04160441752168046,626,I’m falling and I won’t get up.
994,961,10,33,140,183,1.289617486338798,0.04160441752168046,626,Yep! I still have a flip phone!
3532,961,9,35,139,183,1.289617486338798,0.04087637847144978,626,My therapist says I need to take risks and be more spontaneous!
4308,961,12,29,142,183,1.289617486338798,0.04302355213220464,626,"Whoops, my bad! I thought you said ""Go Buck Yourself""..."
2413,965,8,36,136,180,1.288888888888889,0.04054936901701148,626,"Don't worry, Mom, this isn't my first rodeo."
285,965,10,32,138,180,1.288888888888889,0.04205232241552596,626,"No, I'm not talking and driving."
1478,965,7,38,135,180,1.288888888888889,0.03977660218328084,626,"That's better,now I can hear you."
4038,968,4,43,130,177,1.2881355932203389,0.03771236935772236,626,"Hi, I'd like to choose my primary physician."
5555,968,7,37,133,177,1.2881355932203389,0.040184907723380486,626,These team-building outings just get better every year!
5735,968,11,29,137,177,1.2881355932203389,0.043262364131976296,626,"Getting bucked off, might lose you"
5356,968,10,31,136,177,1.2881355932203389,0.042513889670317544,626,"Yo, dude, it's a dude ranch, what could happen?"
5071,968,9,33,135,177,1.2881355932203389,0.041751999706746465,626,I'm test driving a mustang! Not great for work but a lot of fun!
4577,968,8,35,134,177,1.2881355932203389,0.04097594592104471,626,"Wrong time to say, Whoa!"
4499,968,4,43,130,177,1.2881355932203389,0.03771236935772236,626,It’s a little late to tell me to hold my horses.
4236,968,11,29,137,177,1.2881355932203389,0.043262364131976296,626,Bellevue?  I'd like to reserve a room.
4153,968,9,33,135,177,1.2881355932203389,0.041751999706746465,626,This really is great practice for being Chief of Staff!
4047,968,11,29,137,177,1.2881355932203389,0.043262364131976296,626,"It’s been rough, but I have a feeling I’ll land on my feet."
4040,968,8,35,134,177,1.2881355932203389,0.04097594592104471,626,"Why yes, its been a volatile ride.  You might want to shift some of your assets to maintain a better balance."
2517,968,10,31,136,177,1.2881355932203389,0.042513889670317544,626,You'll have to hold on - I have fall waiting!
5425,968,11,29,137,177,1.2881355932203389,0.043262364131976296,626,"And then she was like, WHOA!"
1783,968,7,37,133,177,1.2881355932203389,0.040184907723380486,626,"Great news honey, I'm about to hit the worker's comp jackpot."
123,968,5,41,131,177,1.2881355932203389,0.038554171472890614,626,I'd like to close the deal on that insurance we talked about
152,968,8,35,134,177,1.2881355932203389,0.04097594592104471,626,I noticed hands-free gives me more air time
276,968,7,37,133,177,1.2881355932203389,0.040184907723380486,626,"And I said, 'I don't need no stinkin' helmet'"
415,968,11,29,137,177,1.2881355932203389,0.043262364131976296,626,"Yea, I'd like to report one of your Uber drivers. First of all, he didn't even have a car..."
463,968,9,33,135,177,1.2881355932203389,0.041751999706746465,626,"Why yes, I am interested in learning more about my health insurance options!"
2312,968,7,37,133,177,1.2881355932203389,0.040184907723380486,626,You say I'm breaking up??
530,968,10,31,136,177,1.2881355932203389,0.042513889670317544,626,Hello. I'd like to apply for Obamacare.
737,968,8,35,134,177,1.2881355932203389,0.04097594592104471,626,No! You're not interrupting me at all!  I'm doing absolutely nothing!
844,968,6,39,132,177,1.2881355932203389,0.03937798208832988,626,Funny you should ask. I'm in the 5th stage just now. Acceptance.
998,968,8,35,134,177,1.2881355932203389,0.04097594592104471,626,"All I said was, 'OK Dude, show me what you got.'"
507,968,11,29,137,177,1.2881355932203389,0.043262364131976296,626,Hon....WHOA...my last spur of the moment!
5840,993,8,37,139,184,1.2880434782608696,0.03994743504020871,626,"I had switched to a standing desk, but then I thought I could do even better."
2092,994,9,32,133,174,1.2873563218390804,0.042209972111649965,626,Siri.....activate Aflac equine option!
5754,995,11,29,138,178,1.2865168539325842,0.04304907539596055,626,"Manhattan? No, I’m not in Manhattan. Don’t you remember? I told you at breakfast that I was going to the broncs this afternoon."
4856,995,8,35,135,178,1.2865168539325842,0.04077723600540698,626,Good Lord! Somehow I must have butt-dialed you!
4100,995,9,33,136,178,1.2865168539325842,0.04154832064367309,626,"Sure it's been a rough ride and I'm about to hit the ground hard, but heck for once that aint no metaphor and that's why I'm smiling."
3954,995,11,29,138,178,1.2865168539325842,0.04304907539596055,626,"No, Bob, I said I have a""bucking"" problem."
2618,995,9,33,136,178,1.2865168539325842,0.04154832064367309,626,Believe me I’m off my high horse and pretty well grounded!
1782,995,9,33,136,178,1.2865168539325842,0.04154832064367309,626,"Doc, that Bronco dilator you told me to use is really helping my asthma, but it’s playing hell with my arthritis."
1555,995,7,37,134,178,1.2865168539325842,0.03999128660310702,626,"Obviously, this is my first rodeo."
644,995,10,31,137,178,1.2865168539325842,0.04230535333002531,626,"Gotta go, I'll text you when I land."
82,995,10,31,137,178,1.2865168539325842,0.04230535333002531,626,Just tell him the buck stops here!
4055,1004,8,34,133,175,1.2857142857142858,0.04121085422817974,626,You won't believe the new app I got for only a buck!
4020,1004,11,28,136,175,1.2857142857142858,0.04353594883761751,626,Fine.  Next time I'll take Uber!
3989,1004,7,36,132,175,1.2857142857142858,0.040406101782088436,626,I'll be on the ground soon
3966,1004,8,34,133,175,1.2857142857142858,0.04121085422817974,626,"Oh, I'm absolutely hands free right now."
3876,1004,6,38,131,175,1.2857142857142858,0.039584992310630805,626,"Hi honey,can you call our insurance company and see if they cover stupid."
3740,1004,8,34,133,175,1.2857142857142858,0.04121085422817974,626,"You were right, honey! I did need to get out of my comfort zone."
2896,1004,10,30,135,175,1.2857142857142858,0.04277496225831017,626,Funny you should ask.
3366,1004,6,38,131,175,1.2857142857142858,0.039584992310630805,626,I’m up in the air on it right now. Let me get back to you.
3216,1004,8,34,133,175,1.2857142857142858,0.04121085422817974,626,Ha! Let me know when you have a serious offer. This ain’t my first rodeo.
3160,1004,10,30,135,175,1.2857142857142858,0.04277496225831017,626,"I'm doing good, mom.  Just a few ups and downs, you know"
3150,1004,12,26,137,175,1.2857142857142858,0.04428386033515415,626,I'm sorry if saying Id like to mount you caused  offense.
3016,1004,12,26,137,175,1.2857142857142858,0.04428386033515415,626,"Yes, I can take your 15 minute survey!"
3006,1004,7,36,132,175,1.2857142857142858,0.040406101782088436,626,Finally!  The first time I've gotten good reception this whole vacation.
4086,1004,8,34,133,175,1.2857142857142858,0.04121085422817974,626,I’ll let you go. I have to take this fall.
3530,1004,7,36,132,175,1.2857142857142858,0.040406101782088436,626,Now this is what you call horsing around!
4118,1004,7,36,132,175,1.2857142857142858,0.040406101782088436,626,Very possible my reception might cut out in a sec here...
4906,1004,7,36,132,175,1.2857142857142858,0.040406101782088436,626,But the horse I rode in on isn't in the mood right now.
4298,1004,8,34,133,175,1.2857142857142858,0.04121085422817974,626,He's extremely ticklish!
5805,1004,13,24,138,175,1.2857142857142858,0.04501934840904774,626,"Bob, I'm going to have to call you back.  It actually is my first rodeo."
5774,1004,9,32,134,175,1.2857142857142858,0.04200018989490487,626,"Nooo, not on hold"
5714,1004,9,32,134,175,1.2857142857142858,0.04200018989490487,626,Looks like the buck didn't stop here this time.
5564,1004,13,24,138,175,1.2857142857142858,0.04501934840904774,626,"No, no boss, I said bucked off!"
5473,1004,13,24,138,175,1.2857142857142858,0.04501934840904774,626,Hey Babe - remember last night when you said I couldn't last 10 seconds doing bucking bronco...........
5328,1004,12,26,137,175,1.2857142857142858,0.04428386033515415,626,"Yes, I'd like to change that pizza delivery address to the Urgent Care Clinic."
2857,1004,10,30,135,175,1.2857142857142858,0.04277496225831017,626,"Yes yes that's correct ""The buck stops here"""
5209,1004,10,30,135,175,1.2857142857142858,0.04277496225831017,626,"Yes, boss. I'm afraid this is my first rodeo."
5163,1004,6,38,131,175,1.2857142857142858,0.039584992310630805,626,"I promise you, I'm not driving my car right now."
4993,1004,10,30,135,175,1.2857142857142858,0.04277496225831017,626,"Can I call you back later, Mom?"
4860,1004,8,34,133,175,1.2857142857142858,0.04121085422817974,626,"Hold on, I'll take a selfie."
4726,1004,9,32,134,175,1.2857142857142858,0.04200018989490487,626,That was no USB port under his tail!
4491,1004,9,32,134,175,1.2857142857142858,0.04200018989490487,626,"No, I really do have to go."
4452,1004,12,26,137,175,1.2857142857142858,0.04428386033515415,626,"I assumed Uber meant the car is a Bronco, not the driver!"
4442,1004,6,38,131,175,1.2857142857142858,0.039584992310630805,626,"DON'T WORRY HONEY, I'M HANDS FREE."
4267,1004,9,32,134,175,1.2857142857142858,0.04200018989490487,626,I thought you said you don't buck on the first date ...
5251,1004,10,30,135,175,1.2857142857142858,0.04277496225831017,626,"Honey, we still on Obama Care?"
2838,1004,9,32,134,175,1.2857142857142858,0.04200018989490487,626,I've gotta sign off now. This call has already cost me a buck.
2736,1004,6,38,131,175,1.2857142857142858,0.039584992310630805,626,Does this mean the ride is over?
1089,1004,6,38,131,175,1.2857142857142858,0.039584992310630805,626,"Just calling to say it's over, Ellen. But it's been a helluva ride!"
1072,1004,8,34,133,175,1.2857142857142858,0.04121085422817974,626,"No, no, nothing serious, what are you up to?"
1029,1004,8,34,133,175,1.2857142857142858,0.04121085422817974,626,"Honey, the signal is much better now."
771,1004,11,28,136,175,1.2857142857142858,0.04353594883761751,626,"Hold on, I forgot to put you on rodeo mode."
731,1004,5,40,130,175,1.2857142857142858,0.03874648592118917,626,I'll call ya when I get a break!
730,1004,13,24,138,175,1.2857142857142858,0.04501934840904774,626,Such a relief to have some time off from my White House job!
1120,1004,7,36,132,175,1.2857142857142858,0.040406101782088436,626,"No, I can talk..."
511,1004,9,32,134,175,1.2857142857142858,0.04200018989490487,626,"Hang on, I'll call you from the E. R."
456,1004,9,32,134,175,1.2857142857142858,0.04200018989490487,626,"Oh, I thought you said I should go buck myself."
338,1004,5,40,130,175,1.2857142857142858,0.03874648592118917,626,Concierge? Do you have any immediate massage openings?
184,1004,8,34,133,175,1.2857142857142858,0.04121085422817974,626,"Sure, I can talk."
180,1004,9,32,134,175,1.2857142857142858,0.04200018989490487,626,"But boss, I'm really going to the hospital this time."
96,1004,10,30,135,175,1.2857142857142858,0.04277496225831017,626,"Hang on, I think I'm about to drop the call."
4,1004,10,30,135,175,1.2857142857142858,0.04277496225831017,626,No worries – my current long-distance plan is just a buck a call.
2739,1004,7,36,132,175,1.2857142857142858,0.040406101782088436,626,"Hold on, I’m losing my connection!"
1133,1004,6,38,131,175,1.2857142857142858,0.039584992310630805,626,It feels a lot like my last marriage
467,1004,7,36,132,175,1.2857142857142858,0.040406101782088436,626,"Hold on, I better switch you to hands-free."
1294,1004,7,36,132,175,1.2857142857142858,0.040406101782088436,626,And do you take Anthem Blue Cross?
1144,1004,9,32,134,175,1.2857142857142858,0.04200018989490487,626,"Oh, you know, same old same old, just horsing around."
2606,1004,9,32,134,175,1.2857142857142858,0.04200018989490487,626,It's proving to be an over the top experience as promised in the brochure!
2538,1004,7,36,132,175,1.2857142857142858,0.040406101782088436,626,Best.  Lunch.  Hour.  Ever!
2371,1004,8,34,133,175,1.2857142857142858,0.04121085422817974,626,Hold on I have to instagram something.
2249,1004,10,30,135,175,1.2857142857142858,0.04277496225831017,626,This is still a better experience than my time with the Trump administration.
2197,1004,10,30,135,175,1.2857142857142858,0.04277496225831017,626,I am so over goat yoga.
2188,1004,11,28,136,175,1.2857142857142858,0.04353594883761751,626,"Hold on, I'm about to enter a dead zone."
2291,1004,10,30,135,175,1.2857142857142858,0.04277496225831017,626,This completes my bucket list
1903,1004,9,32,134,175,1.2857142857142858,0.04200018989490487,626,In a moment we’re going to have a dropped call. I’ll call you back from the ambulance.
1787,1004,10,30,135,175,1.2857142857142858,0.04277496225831017,626,"Sounds good.  Well, gotta bounce, bro."
1707,1004,6,38,131,175,1.2857142857142858,0.039584992310630805,626,Hold on a sec. I’m gonna try and send you  one epic selfie!
1648,1004,10,30,135,175,1.2857142857142858,0.04277496225831017,626,"Hold on, my service provider just kicked me off again."
1485,1004,8,34,133,175,1.2857142857142858,0.04121085422817974,626,"For horse-riding lessons, press 1..."
1387,1004,6,38,131,175,1.2857142857142858,0.039584992310630805,626,"This is the fun part. Hitting the ground, not so much."
2030,1004,8,34,133,175,1.2857142857142858,0.04121085422817974,626,I get it! I get it! “The buck stops here”!
5306,1074,1,46,122,169,1.2840236686390532,0.03578944242923876,626,"OK, I will be down in a minute"
2461,1074,8,32,129,169,1.2840236686390532,0.042118651881780315,626,"Lunch?  Well, at the moment it looks like I'll be in the hospital for a few days -- how about sometime next week?"
2779,1076,8,33,132,173,1.283236994219653,0.0414489983929548,626,‘Go ahead. I’m no longer on hold.’
4582,1076,11,27,135,173,1.283236994219653,0.04381391871490425,626,"Yeah, the results of the Gallop poll are very promising."
3586,1076,11,27,135,173,1.283236994219653,0.04381391871490425,626,"Holy Mackerel, all I said was 'I like Trump'."
3147,1076,6,37,130,173,1.283236994219653,0.03979438148191013,626,"Oh, just horsing around, how about you ?"
2997,1076,10,29,134,173,1.283236994219653,0.043040052718724076,626,"Hey, I may start to break up."
2684,1076,6,37,130,173,1.283236994219653,0.03979438148191013,626,I'm putting you on speaker.  I've got to video this.
879,1076,8,33,132,173,1.283236994219653,0.0414489983929548,626,"Same old, same old, and you??"
1636,1076,10,29,134,173,1.283236994219653,0.043040052718724076,626,"NO, NO, NO . I said  I'm on a "" Bucking""  Bronco."
1375,1076,9,31,133,173,1.283236994219653,0.04225201537092472,626,Well it's not my first ro....Oh I guess it is.
1248,1076,9,31,133,173,1.283236994219653,0.04225201537092472,626,YES I love it! I'm quite literally head over heels.
139,1076,7,35,131,173,1.283236994219653,0.040630113618515526,626,"I am going to have to let you go, we are about to prepare for landing."
2209,1076,13,23,137,173,1.283236994219653,0.045322027132594304,626,"No! I said I was ""bucked off""!"
2630,1088,4,41,129,174,1.2816091954022988,0.03788348946894251,626,"Well, at least I finally completed my bucket list."
3628,1089,6,35,126,167,1.281437125748503,0.040634023181369334,626,I'll call you back at the end of my break.
3546,1090,6,36,129,171,1.280701754385965,0.04000615526663642,626,"The ride up here was rough, but now I’ve got a good signal"
5557,1090,8,32,131,171,1.280701754385965,0.041690422862175766,626,"Yeah, I just got the hands free option."
4809,1090,9,30,132,171,1.280701754385965,0.04250753824948501,626,Hold on. Let me get this selfie!
4396,1090,12,24,135,171,1.280701754385965,0.0448696908485521,626,"I swear, Dave. It's even better than those juice cleanses Susan won't stop talking about!"
4314,1090,7,34,130,171,1.280701754385965,0.04085696891379272,626,"All this horse-trading gets a little exciting at times, Bob!"
2990,1090,11,26,134,171,1.280701754385965,0.04409636841328589,626,"Did you see that selfie? Me, masterfully astride a HUGE horse!"
854,1090,9,30,132,171,1.280701754385965,0.04250753824948501,626,No I didn’t sign the dude ranch disclaimer.  You’ll take the case?
2761,1090,9,30,132,171,1.280701754385965,0.04250753824948501,626,My connection's unstable.
151,1090,13,22,136,171,1.280701754385965,0.045629909121639105,626,It was this or spending the weekend with my mother-in-law.
170,1090,10,28,133,171,1.280701754385965,0.04330923986444272,626,Is the Jake? From State Farm?
2767,1090,6,36,129,171,1.280701754385965,0.04000615526663642,626,"Yes Elon. The self driving Mustang. Some emission, small footprint."
1319,1090,4,40,127,171,1.280701754385965,0.03824779157035626,626,"We’re like the Flying Wallendas, except with a horse and a tax attorney."
2509,1090,9,30,132,171,1.280701754385965,0.04250753824948501,626,Can I call you back?
261,1090,9,30,132,171,1.280701754385965,0.04250753824948501,626,"Hello, Jackie Chan Horse Training Center, can you please hold for a moment?"
5551,1104,6,37,132,175,1.28,0.039404433248124635,626,"No, no, not a bad time at all!"
5252,1105,10,27,131,168,1.2797619047619047,0.043811162582012286,626,I said it RHYMES WITH buck me!!!
5118,1105,7,33,128,168,1.2797619047619047,0.04129842573874188,626,"No, no, 'Broncs' not 'Bronx'"
4602,1105,11,25,132,168,1.2797619047619047,0.04461730568083673,626,Bill these Tinder dates just keep getting weirder
4523,1105,9,29,130,168,1.2797619047619047,0.04298990541229187,626,"I can't hear you, I'm breaking up."
3616,1105,9,29,130,168,1.2797619047619047,0.04298990541229187,626,Gotta go.  I'll be landing soon.
4338,1105,6,35,127,168,1.2797619047619047,0.04042615451744904,626,"That's right, kids, I taught our horse how to dab."
4293,1105,8,31,129,168,1.2797619047619047,0.04215265078174906,626,"Well yes, I actually am interested in switching my cable service provider"
4292,1105,6,35,127,168,1.2797619047619047,0.04042615451744904,626,Well I WAS calling to say 'I'm back in the saddle'.
5666,1105,8,31,129,168,1.2797619047619047,0.04215265078174906,626,"Me, I'm in the air about to land.  How about you?"
3920,1105,7,33,128,168,1.2797619047619047,0.04129842573874188,626,"Well, it looks like my flight is about to land."
3737,1105,9,29,130,168,1.2797619047619047,0.04298990541229187,626,Something just came up---let me get back to you.
5488,1105,10,27,131,168,1.2797619047619047,0.043811162582012286,626,"Not breaking up, just about to break my neck!"
4507,1105,8,31,129,168,1.2797619047619047,0.04215265078174906,626,My deductible is how much?
3196,1105,8,31,129,168,1.2797619047619047,0.04215265078174906,626,"And then the horse says, ""I've fallen and I can't giddyup"""
3086,1105,9,29,130,168,1.2797619047619047,0.04298990541229187,626,"Mom, remember that pony I wanted as a kid?"""
5706,1105,2,43,123,168,1.2797619047619047,0.03673050464327733,626,Hi Mom!  Are you watching channel twelve?
2542,1105,9,29,130,168,1.2797619047619047,0.04298990541229187,626,Sorry it's a little loud. I'm working on my work-life balance.
2359,1105,7,33,128,168,1.2797619047619047,0.04129842573874188,626,yes--a flip phone
2270,1105,11,25,132,168,1.2797619047619047,0.04461730568083673,626,"Shaken, not stirred"
1612,1105,4,39,125,168,1.2797619047619047,0.03862255778957734,626,I head over heels about this ranch trip.
1500,1105,5,37,126,168,1.2797619047619047,0.03953464265222279,626,I can’t talk now. I’m flying.
1141,1105,10,27,131,168,1.2797619047619047,0.043811162582012286,626,Another day working in the White House
1052,1105,8,31,129,168,1.2797619047619047,0.04215265078174906,626,I love this part...
873,1105,7,33,128,168,1.2797619047619047,0.04129842573874188,626,"Yeah, the dude ranch is a total de-stressor.  I haven't thought about Trump all morning."
698,1105,11,25,132,168,1.2797619047619047,0.04461730568083673,626,I’ll be down in a second!
586,1105,12,23,133,168,1.2797619047619047,0.04540913967085192,626,Hey...just a second...my Uber is dropping me off.
368,1105,8,31,129,168,1.2797619047619047,0.04215265078174906,626,Let me know when you can clearly see both of our faces together in the frame.
94,1105,10,27,131,168,1.2797619047619047,0.043811162582012286,626,The White House Director of Communications job is going great!
3490,1105,7,33,128,168,1.2797619047619047,0.04129842573874188,626,That's what happens when you text and ride.
2611,1105,9,29,130,168,1.2797619047619047,0.04298990541229187,626,"Amazon, one bottle of aspirin, please"
4644,1135,7,34,131,172,1.2790697674418605,0.04065150574302912,626,"This is ironic Sweety, but the buck actually does start here."
444,1136,7,33,129,169,1.2781065088757397,0.04108669081830849,626,"Sorry, but that really threw me."
5265,1136,11,25,133,169,1.2781065088757397,0.04438339413494667,626,"Siri, real quick question about horseback riding."
4376,1136,5,37,127,169,1.2781065088757397,0.039334862477577115,626,"Quick Mom, turn on Sports Channel"
4273,1136,9,29,131,169,1.2781065088757397,0.04276682030112418,626,"All right, all right,, I'll  stop introducing you as ""My Little Pony!"""
3955,1136,7,33,129,169,1.2781065088757397,0.04108669081830849,626,Yeah... the views out West are breathtaking!
3784,1136,6,35,128,169,1.2781065088757397,0.04022031556644713,626,Not much. Just horsin' around.
3229,1136,5,37,127,169,1.2781065088757397,0.039334862477577115,626,Oh - not much.  How about you?
135,1136,5,37,127,169,1.2781065088757397,0.039334862477577115,626,"Same ol, same ol. What's new with you?"
2345,1136,6,35,128,169,1.2781065088757397,0.04022031556644713,626,"Hey, Ma.  Yea, I'm fine.  Could I call you back?"
2146,1136,10,27,132,169,1.2781065088757397,0.043582603143953354,626,"Oh I just got thrown by a bronco and about to break my neck, but I can talk, sure!"
1975,1136,10,27,132,169,1.2781065088757397,0.043582603143953354,626,Great news honey! Remember that promotion I was bucking for...
1908,1136,9,29,131,169,1.2781065088757397,0.04276682030112418,626,Can I call you back from the hospital?
1874,1136,8,31,130,169,1.2781065088757397,0.041935170686834715,626,I'll text you as soon as I land
2457,1136,6,35,128,169,1.2781065088757397,0.04022031556644713,626,I will be landing momentarily.  You can pick me up at ground level.
1794,1136,5,37,127,169,1.2781065088757397,0.039334862477577115,626,"Honestly, I think I have found something just as exciting as the rough and tumble world of arbitrage!"
1844,1136,9,29,131,169,1.2781065088757397,0.04276682030112418,626,This WAS my first rodeo.
468,1136,9,29,131,169,1.2781065088757397,0.04276682030112418,626,"Oh, and can you text me a good orthopedist?"
526,1136,8,31,130,169,1.2781065088757397,0.041935170686834715,626,Of course I’m bucking the trend; I’ve just got to land on my feet!
539,1136,5,37,127,169,1.2781065088757397,0.039334862477577115,626,Call you back when I land.
739,1136,6,35,128,169,1.2781065088757397,0.04022031556644713,626,You know that idea I had about riding a horse...
448,1136,11,25,133,169,1.2781065088757397,0.04438339413494667,626,Just horsing around
1150,1136,8,31,130,169,1.2781065088757397,0.041935170686834715,626,"Political stunt? Not if it gets us the rodeo demographic, it isn't!"
1256,1136,8,31,130,169,1.2781065088757397,0.041935170686834715,626,"Hold on, let me take a selfie first."
1390,1136,10,27,132,169,1.2781065088757397,0.043582603143953354,626,It's for you.
882,1136,8,31,130,169,1.2781065088757397,0.041935170686834715,626,They call it 'the equine paso doble!'
327,1161,9,27,126,162,1.2777777777777777,0.04400228643563344,626,I can't give you a firm answer - things over here are really up in the air right now.
3039,1162,6,34,126,166,1.2771084337349397,0.040646928119378284,626,I'll be on the ground in a second.
5776,1162,9,28,129,166,1.2771084337349397,0.04325772550568576,626,"OK, I gotta go!"
5476,1162,9,28,129,166,1.2771084337349397,0.04325772550568576,626,Yup. WAY harder than the bull at the pub.
5180,1162,6,34,126,166,1.2771084337349397,0.040646928119378284,626,I stayed longer on the horse than I did at my last job!
4970,1162,6,34,126,166,1.2771084337349397,0.040646928119378284,626,"No honey, nobody else is here. Seriously, I'm just horsing around!"
4777,1162,8,30,128,166,1.2771084337349397,0.04240532355492023,626,I couldn't resist. It's only a buck a call!
4548,1162,6,34,126,166,1.2771084337349397,0.040646928119378284,626,"Actually, I’m just about to take a break ..."
4534,1162,8,30,128,166,1.2771084337349397,0.04240532355492023,626,I clearly misunderstood the buck-a-call concept.
3981,1162,6,34,126,166,1.2771084337349397,0.040646928119378284,626,"No, not gonna be really busy for another 2-3 seconds. Why?"
3426,1162,10,26,130,166,1.2771084337349397,0.044093652219486655,626,"Well, I certainly feel thrown, to say the least."
2916,1162,7,32,127,166,1.2771084337349397,0.04153543205107765,626,I think I may need to change my ringtone.
2027,1162,7,32,127,166,1.2771084337349397,0.04153543205107765,626,Ohhh! Rodeo DRIVE! I thought you said -
2575,1162,8,30,128,166,1.2771084337349397,0.04240532355492023,626,"911, yes this is an emergency!"
2314,1162,7,32,127,166,1.2771084337349397,0.04153543205107765,626,Thank you for calling bronco customer service.  Your projected hold time is less than 8 seconds
2741,1162,5,36,125,166,1.2771084337349397,0.03973856332851152,626,Tell everyone - I’ve finally found a substitute for all that cocaine!
1872,1162,6,34,126,166,1.2771084337349397,0.040646928119378284,626,Too much horsepower!
1755,1162,12,22,132,166,1.2771084337349397,0.04571967701448259,626,Yippee-ki-yay yourself. You had me neutered.
1721,1162,7,32,127,166,1.2771084337349397,0.04153543205107765,626,Call you back; my ride is leaving.
1252,1162,3,40,123,166,1.2771084337349397,0.03785650162334805,626,I’m calling because it’s too hard to text at this time
941,1162,9,28,129,166,1.2771084337349397,0.04325772550568576,626,Did you say I'm breaking up?
473,1162,8,30,128,166,1.2771084337349397,0.04240532355492023,626,"""Hello, Uber? I'd like to file a complaint about the driver you sent me."
250,1162,9,28,129,166,1.2771084337349397,0.04325772550568576,626,I haven't had this much fun since I worked in the White House!
174,1162,12,22,132,166,1.2771084337349397,0.04571967701448259,626,That's right — and the horse you rode in on!
1847,1185,10,26,131,167,1.2754491017964071,0.043860222473317334,626,Hello?  Uber customer service?
0,1185,11,24,132,167,1.2754491017964071,0.044675093534335346,626,"Hello, you've reached my mane line."
1148,1187,8,26,119,153,1.2745098039215685,0.04470144637887213,626,I can't believe he would laugh about beating a dead horse!
5389,1188,6,33,125,164,1.274390243902439,0.040870209774351345,626,We are SO going to win Dancing with the Horses.
5320,1188,7,31,126,164,1.274390243902439,0.041775480201748975,626,"Can I change my answer to ""truth""?!"
5004,1188,7,31,126,164,1.274390243902439,0.041775480201748975,626,"Cell service is good, but I may break up."
5505,1188,13,19,132,164,1.274390243902439,0.04684112445928405,626,Best Groupon ever! And I still have seven seconds left!
4339,1188,12,21,131,164,1.274390243902439,0.04603557582482163,626,I’m about to lose coverage.
4171,1188,9,27,128,164,1.274390243902439,0.043529577809360766,626,"Hi honey, can you check to see if our accident policy covers wrangling while intoxicated?"
3949,1188,7,31,126,164,1.274390243902439,0.041775480201748975,626,"I said ""ride to Philly,"" not ""to ride a filly""!"
3202,1188,8,29,127,164,1.274390243902439,0.04266154527409851,626,I'm just breaking in a new phone
3090,1188,8,29,127,164,1.274390243902439,0.04266154527409851,626,Ringtone Cowboy
2098,1188,5,35,124,164,1.274390243902439,0.03994442824615528,626,I’ll be landing shortly. Meet me at the hospital in about an hour.
1970,1188,6,33,125,164,1.274390243902439,0.040870209774351345,626,"Hey, Bob! I just saved 10% on my horse insurance!"
1854,1188,8,29,127,164,1.274390243902439,0.04266154527409851,626,I'm falling off my horse; what's up with you?
4997,1188,5,35,124,164,1.274390243902439,0.03994442824615528,626,"I know, but it's the last day for my Groupon."
1762,1188,10,25,129,164,1.274390243902439,0.044380635905183125,626,So much for multitasking...
1799,1188,4,37,123,164,1.274390243902439,0.0389966748431839,626,It was then I realized the benefit of a hands free phone.
231,1188,9,27,128,164,1.274390243902439,0.043529577809360766,626,Check out this video I'm about to post of me breaking my neck!
423,1188,8,29,127,164,1.274390243902439,0.04266154527409851,626,Just a minute.  I think I just left my comfort zone.
812,1188,10,25,129,164,1.274390243902439,0.044380635905183125,626,"It’s just a horse, how hard can it beeeee!"
317,1188,6,33,125,164,1.274390243902439,0.040870209774351345,626,He's the one making the big bucks around here.
1159,1188,10,25,129,164,1.274390243902439,0.044380635905183125,626,What do you mean I can't bring him on the plane? He's my Emotional Support Bronco.
1235,1188,8,29,127,164,1.274390243902439,0.04266154527409851,626,"Hi, just checking if there's any way to lower my deductible and no I can't hold."
1321,1188,6,33,125,164,1.274390243902439,0.040870209774351345,626,"Don’t worry, I never text while riding."
1498,1188,5,35,124,164,1.274390243902439,0.03994442824615528,626,911 whats your emergency
1127,1188,8,29,127,164,1.274390243902439,0.04266154527409851,626,"No, silly, I am not sitting on the toilet."
3467,1212,10,24,127,161,1.2732919254658386,0.04491847138326595,626,There are worse ways to make a buck.
3764,1212,7,30,124,161,1.2732919254658386,0.042246299444459,626,"And so I go, ‘Hold your horses!’"
3601,1212,11,22,128,161,1.2732919254658386,0.045774543394359234,626,No worries. It will be obsolete before I hit the ground.
3594,1212,6,32,123,161,1.2732919254658386,0.04131718849580767,626,"Sure, the commute is longer, 
but you can't beat the rents out here!"""
3545,1212,4,36,121,161,1.2732919254658386,0.03939328067186727,626,I'm going to Airplane Mode now. Love you!
3450,1212,7,30,124,161,1.2732919254658386,0.042246299444459,626,I can’t commit to anything - I’m up in the air at the moment.
3047,1212,9,26,126,161,1.2732919254658386,0.044045763926358304,626,I've got the horse right here. . .
3296,1212,6,32,123,161,1.2732919254658386,0.04131718849580767,626,"Well it's definitely an improvement over the bull, Terry"
3290,1212,6,32,123,161,1.2732919254658386,0.04131718849580767,626,I've just been unfriended.
3155,1212,7,30,124,161,1.2732919254658386,0.042246299444459,626,Call you back. I’m about to lose my signal...
3942,1212,9,26,126,161,1.2732919254658386,0.044045763926358304,626,"Ha ha!  No, I'm just horsin' around."
2907,1212,7,30,124,161,1.2732919254658386,0.042246299444459,626,I'll be off in a second
2797,1212,6,32,123,161,1.2732919254658386,0.04131718849580767,626,"Hold on, I'm Breaking up."
3306,1212,4,36,121,161,1.2732919254658386,0.03939328067186727,626,"Mom, I’m a little busy right now."
4170,1212,6,32,123,161,1.2732919254658386,0.04131718849580767,626,"Janet, I think you may have been right after all about the advantages of bluetooth earphone."
4863,1212,9,26,126,161,1.2732919254658386,0.044045763926358304,626,"So far, this feels EXACTLY like the virtual reality version!"
4537,1212,8,28,125,161,1.2732919254658386,0.043155411807833464,626,I was on hold...
4605,1212,10,24,127,161,1.2732919254658386,0.04491847138326595,626,"Well, NOW it's a flip phone."
4825,1212,6,32,123,161,1.2732919254658386,0.04131718849580767,626,"No, everything is good dear. Why do you ask?"
5133,1212,10,24,127,161,1.2732919254658386,0.04491847138326595,626,Not much. Just out for a ride. What are you up to?
5172,1212,3,38,120,161,1.2732919254658386,0.03839519254463658,626,"In fairness, the Craigslist ad did say I could have him for one buck."
5187,1212,10,24,127,161,1.2732919254658386,0.04491847138326595,626,"I knew he was a horse trader, but I thought I was getting a Ford Bronco."
5233,1212,8,28,125,161,1.2732919254658386,0.043155411807833464,626,"I’m using a flip phone, so service is a little shaky"
5345,1212,7,30,124,161,1.2732919254658386,0.042246299444459,626,"Hang on a second, I'm dismounting to take your call."
5614,1212,8,28,125,161,1.2732919254658386,0.043155411807833464,626,Mind if I put you on speaker?
5351,1212,7,30,124,161,1.2732919254658386,0.042246299444459,626,"Not doing much, just horsing around."
5501,1212,6,32,123,161,1.2732919254658386,0.04131718849580767,626,Gambling with other people's savings just wasn't exposing me to enough personal risk.
5558,1212,10,24,127,161,1.2732919254658386,0.04491847138326595,626,"No, don't put me on hold!"
2776,1212,9,26,126,161,1.2732919254658386,0.044045763926358304,626,Please continue to hold. Your call will be answered in the order received.
5561,1212,7,30,124,161,1.2732919254658386,0.042246299444459,626,Hi! All good. Things just up in the air!
4299,1212,6,32,123,161,1.2732919254658386,0.04131718849580767,626,"And I got fired by the president all in the same​ day, what are the odds?"
2724,1212,6,32,123,161,1.2732919254658386,0.04131718849580767,626,"Relax, will you? It’s only illegal to talk on your cell phone if you’re driving a CAR!"
5598,1212,7,30,124,161,1.2732919254658386,0.042246299444459,626,Reins?
2421,1212,5,34,122,161,1.2732919254658386,0.04036669807706975,626,"I said, ""Don't touch me there!"""
2633,1212,5,34,122,161,1.2732919254658386,0.04036669807706975,626,"Yeah, I don't think I'm gonna get back on the horse."
102,1212,10,24,127,161,1.2732919254658386,0.04491847138326595,626,Just trying to buck the white collar worker stereotype
196,1212,5,34,122,161,1.2732919254658386,0.04036669807706975,626,I'm test driving a new mustang...  it's just a mid-life crisis thing... Gotta hang up.
258,1212,9,26,126,161,1.2732919254658386,0.044045763926358304,626,It's not as smooth a ride as my old Mustang.
351,1212,8,28,125,161,1.2732919254658386,0.043155411807833464,626,I am being bucked off...I'm at  a therapy dude ranch  for cellphone addicts.
382,1212,7,30,124,161,1.2732919254658386,0.042246299444459,626,This isn't quite what I meant by 'a fast buck'...
462,1212,9,26,126,161,1.2732919254658386,0.044045763926358304,626,"Let me tell you, there is nothing like connecting with nature..."
466,1212,9,26,126,161,1.2732919254658386,0.044045763926358304,626,Let me bounce this off you
485,1212,11,22,128,161,1.2732919254658386,0.045774543394359234,626,The President said what?!
502,1212,7,30,124,161,1.2732919254658386,0.042246299444459,626,"Don't worry, this isn't my first rodeo."
534,1212,3,38,120,161,1.2732919254658386,0.03839519254463658,626,"Whoa, gotta go! My minutes are up!"
607,1212,9,26,126,161,1.2732919254658386,0.044045763926358304,626,"No, no!  I said ""Hold on, I'm getting BUCKED hard!"""
632,1212,10,24,127,161,1.2732919254658386,0.04491847138326595,626,"'Hallo, IT support? How do I exit this game?'"
886,1212,7,30,124,161,1.2732919254658386,0.042246299444459,626,"Oooooh, I thought you said to go BUCK myself."
340,1212,11,22,128,161,1.2732919254658386,0.045774543394359234,626,"Hold on, I'm getting kicked off the network."
1267,1212,5,34,122,161,1.2732919254658386,0.04036669807706975,626,"Nah, just your usual ups and downs..."
2199,1212,8,28,125,161,1.2732919254658386,0.043155411807833464,626,"On my way, sir! I'm flying over Wyoming right now."
2105,1212,6,32,123,161,1.2732919254658386,0.04131718849580767,626,The Oft-forgotten Modernist Dressage
2082,1212,10,24,127,161,1.2732919254658386,0.04491847138326595,626,Of course I’m happy I left the White House.
2019,1212,7,30,124,161,1.2732919254658386,0.042246299444459,626,"They said it would never work, but the epileptic stallion and the masochist cowboy lived happily ever after."
1703,1212,9,26,126,161,1.2732919254658386,0.044045763926358304,626,"No sweetheart, I don't think Santa is giving you a Pony this year..."
1935,1212,5,34,122,161,1.2732919254658386,0.04036669807706975,626,"Hold on, you'll get a kick out of this."
1607,1212,10,24,127,161,1.2732919254658386,0.04491847138326595,626,My new VR desk is legit.
1600,1212,6,32,123,161,1.2732919254658386,0.04131718849580767,626,I get no kick from champagne...
1560,1212,7,30,124,161,1.2732919254658386,0.042246299444459,626,"No,boss. I'm right here in the office,trying to stay on top of,uh ... things."
1322,1212,8,28,125,161,1.2732919254658386,0.043155411807833464,626,"Bucking the odds, I'd say I'll be late for dinner."""
1268,1212,8,28,125,161,1.2732919254658386,0.043155411807833464,626,Some kind of team building event.
1668,1212,4,36,121,161,1.2732919254658386,0.03939328067186727,626,The commute is rough but I do love working outdoors.
1073,1212,10,24,127,161,1.2732919254658386,0.04491847138326595,626,"At the dude ranch, you totally forget all your other problems!"
1565,1275,4,38,127,169,1.272189349112426,0.03822237451264706,626,"Got it! If I live, this goes viral!"
1022,1276,8,28,126,162,1.271604938271605,0.042921358672471925,626,Hold on while I take a selfie.
5079,1276,7,30,125,162,1.271604938271605,0.04201858867441236,626,"Yes, he can talk. He just said, ""Get on, I'll give you a ride to remember."""
3975,1276,9,26,127,162,1.271604938271605,0.04380552780634548,626,"He just bucked me off! This is so much more fun than virtual reality! Yes, I'll call you from the emergency room!"
987,1276,5,34,123,162,1.271604938271605,0.04015220195688405,626,I've decided on the Mustang — it has more kick.
573,1276,9,26,127,162,1.271604938271605,0.04380552780634548,626,"Darling, i'm having a lovely time, but if we' d get cut off would you mind calling an ambulance?"
5793,1281,11,21,127,159,1.270440251572327,0.04609203106499472,626,I tend to ignore my problems until they hit me in the face.
4085,1281,8,27,124,159,1.270440251572327,0.04342396619375543,626,And…there will be no more talk about gelding.
5785,1281,8,27,124,159,1.270440251572327,0.04342396619375543,626,I need a horse whisper ASAP
5779,1281,6,31,122,159,1.270440251572327,0.0415501846950937,626,"Absolutely, Marge. I'll be off in just a second."
5644,1281,6,31,122,159,1.270440251572327,0.0415501846950937,626,Guess what... I took your advice about moving to the broncs to get into freelance riding.
5377,1281,7,29,123,159,1.270440251572327,0.04249740396890623,626,Call me back.  I am going to be out for awhile.
5292,1281,6,31,122,159,1.270440251572327,0.0415501846950937,626,"Sorry, my call might get dropped!"
5208,1281,5,33,121,159,1.270440251572327,0.04058086189691381,626,"Herb, let me call you right back. I am just about to land."
5087,1281,9,25,125,159,1.270440251572327,0.04433116664262766,626,This isn't what I meant by 'add a contract rider'...
4914,1281,5,33,121,159,1.270440251572327,0.04058086189691381,626,Can you hold
4850,1281,7,29,123,159,1.270440251572327,0.04249740396890623,626,"Ok, now one more time for my Snapchat!"
4844,1281,7,29,123,159,1.270440251572327,0.04249740396890623,626,My wife also throws a fit when I talk on my cell when she is in the room.
4615,1281,8,27,124,159,1.270440251572327,0.04342396619375543,626,This is SO much better than the corporate life!
4207,1281,8,27,124,159,1.270440251572327,0.04342396619375543,626,Wait'll you see the selfie I took!
3773,1281,4,35,120,159,1.270440251572327,0.03958781196778098,626,I've never felt more alive!
2945,1281,9,25,125,159,1.270440251572327,0.04433116664262766,626,"You didn't hear me correctly, I said I ve just been bucked!"
3544,1281,4,35,120,159,1.270440251572327,0.03958781196778098,626,I'll call you back.  We're losing our connection.
3680,1281,8,27,124,159,1.270440251572327,0.04342396619375543,626,Are you buckin' kiddin' me!
15,1281,7,29,123,159,1.270440251572327,0.04249740396890623,626,"Hold on, I’m getting another call."
341,1281,8,27,124,159,1.270440251572327,0.04342396619375543,626,I cant text while I'm riding!
407,1281,9,25,125,159,1.270440251572327,0.04433116664262766,626,"Hold on, let me put on speakerphone."
517,1281,7,29,123,159,1.270440251572327,0.04249740396890623,626,Just tryin’ to make a buck. How ‘bout you?
1312,1281,9,25,125,159,1.270440251572327,0.04433116664262766,626,Can I call you back? I took an inexpensive alternative to Uber and my driver and I just got into an argument.
590,1281,7,29,123,159,1.270440251572327,0.04249740396890623,626,"No, I never text and ride..."
2482,1281,7,29,123,159,1.270440251572327,0.04249740396890623,626,Meet me at the gate.  I'm about to land.
2930,1281,6,31,122,159,1.270440251572327,0.0415501846950937,626,"I'm sorry, I'm going to have to take this!"
3123,1281,4,35,120,159,1.270440251572327,0.03958781196778098,626,Hi honey. Buy some insurance.
3521,1281,8,27,124,159,1.270440251572327,0.04342396619375543,626,I'll betcha can't guess where I am right now
1842,1281,9,25,125,159,1.270440251572327,0.04433116664262766,626,"Hold on, I'm about to hit a dead zone."
4557,1310,9,25,126,160,1.26875,0.04408563974896443,626,Don't worry I am not driving.
5313,1310,8,27,125,160,1.26875,0.04318480380729099,626,I should have just called an Uber.
3840,1312,7,28,122,157,1.267515923566879,0.04275175275514142,626,"Hey,  gotta go. Widow Maker, here, has got a bug up her you know what."
5787,1312,9,24,124,157,1.267515923566879,0.04462097038717284,626,I don’t think I’m going to be in work tomorrow.
2428,1312,5,32,120,157,1.267515923566879,0.040796981861168695,626,"You've caught me at a bad time, Margaret."
5253,1312,4,34,119,157,1.267515923566879,0.039783594755280975,626,"Hey, I may lose you in a bit"""
1137,1312,10,22,125,157,1.267515923566879,0.04552680875727029,626,"Hello, Manulife? I like to change my deductible please."
2252,1312,9,24,124,157,1.267515923566879,0.04462097038717284,626,"Yeah, it's called the 'Cowboy Experience,' I found a coupon online!"
4347,1318,5,33,123,161,1.2670807453416149,0.04014508236163696,626,Hi honey. I’m on the hor....  Scratch that; I’m OFF the horse.
4489,1319,6,29,119,154,1.2662337662337662,0.042262440707957816,626,Never text and ride
4539,1319,6,29,119,154,1.2662337662337662,0.042262440707957816,626,It’s a dynamic work environment!
4592,1319,7,27,120,154,1.2662337662337662,0.043255015112900655,626,Siri!  Call an ambulance!
4688,1319,5,31,118,154,1.2662337662337662,0.04124598715960179,626,"Never a horse that couldn't be rode, never a suit that couldn't be throwed"
4732,1319,6,29,119,154,1.2662337662337662,0.042262440707957816,626,"Howdy! My plans are a bit up in the air, but I have a few secs to chat..."
4805,1319,4,33,117,154,1.2662337662337662,0.04020384333551236,626,"Siri, where is the nearest rodeo clown?"
4879,1319,5,31,118,154,1.2662337662337662,0.04124598715960179,626,Hold on...I have to take a selfie!
4976,1319,8,25,121,154,1.2662337662337662,0.0442253182039528,626,"And then I was, like, 'whoah!'"
5033,1319,7,27,120,154,1.2662337662337662,0.043255015112900655,626,"On second thought, cancel the turkey on whole wheat with sprouts to-go and send an ambulance"
5043,1319,4,33,117,154,1.2662337662337662,0.04020384333551236,626,"Dr. Doe? Yes, I'm calling to see if you have an opening for an appointment on Monday. You do? Great!"
5050,1319,9,23,122,154,1.2662337662337662,0.045174785091514194,626,"Playful rascal, ain't ya?"
5099,1319,4,33,117,154,1.2662337662337662,0.04020384333551236,626,"Hey, I'll call you back after I land."
5125,1319,4,33,117,154,1.2662337662337662,0.04020384333551236,626,Sorry but I can't talk right now.  I just took off.
5188,1319,8,25,121,154,1.2662337662337662,0.0442253182039528,626,"whoa, hold on.  I've got to take this fall."
5574,1319,6,29,119,154,1.2662337662337662,0.042262440707957816,626,I'm finally living my best life.
4061,1319,8,25,121,154,1.2662337662337662,0.0442253182039528,626,"Woo hoo, 5G!"
5604,1319,5,31,118,154,1.2662337662337662,0.04124598715960179,626,"A buck a minute, no way!"
5631,1319,8,25,121,154,1.2662337662337662,0.0442253182039528,626,Can I call you back? Something's just thrown me.
3707,1319,4,33,117,154,1.2662337662337662,0.04020384333551236,626,"Honey, there's a good chance I won't be home for supper tonight or any night."
5016,1319,7,27,120,154,1.2662337662337662,0.043255015112900655,626,"And a few kickbacks never hurt, either!"""
3523,1319,8,25,121,154,1.2662337662337662,0.0442253182039528,626,"Not much, just horsing around. How about you?"
3695,1319,4,33,117,154,1.2662337662337662,0.04020384333551236,626,Yeah! Unlimited data. And it only cost me a few bucks!
157,1319,5,31,118,154,1.2662337662337662,0.04124598715960179,626,I need a ride home.
282,1319,6,29,119,154,1.2662337662337662,0.042262440707957816,626,Ha ha. That's amazing. You always make my life seem so boring.
334,1319,6,29,119,154,1.2662337662337662,0.042262440707957816,626,Can you hold a second I've got to take this fall?
651,1319,6,29,119,154,1.2662337662337662,0.042262440707957816,626,"Let me call you back, I've just been bumped from my trip home."
930,1319,6,29,119,154,1.2662337662337662,0.042262440707957816,626,"Yeah, um...can I call you back in a couple of minutes?"
1017,1319,8,25,121,154,1.2662337662337662,0.0442253182039528,626,"What comes after, ""Yippee ki yay?"""
1659,1319,6,29,119,154,1.2662337662337662,0.042262440707957816,626,I'll show you how to make a buck!
934,1319,9,23,122,154,1.2662337662337662,0.045174785091514194,626,"No, I’ve got time to talk."
2218,1319,7,27,120,154,1.2662337662337662,0.043255015112900655,626,Honey this will be the perfect place to send your mother!
2502,1319,6,29,119,154,1.2662337662337662,0.042262440707957816,626,"No, goat yoga is so yesterday. Trust me. Horses! Horses!"
2503,1319,8,25,121,154,1.2662337662337662,0.0442253182039528,626,Five  seconds better than last year.
2780,1319,5,31,118,154,1.2662337662337662,0.04124598715960179,626,"Oh, no honey, it’s just Jake, from State Farm"
2834,1319,6,29,119,154,1.2662337662337662,0.042262440707957816,626,I just took a great selfie riding with no hands
2992,1319,6,29,119,154,1.2662337662337662,0.042262440707957816,626,I don't know. I can think of worse ways to make a buck.
3299,1319,7,27,120,154,1.2662337662337662,0.043255015112900655,626,I’ll be there as soon as I can. Something came up.
3520,1319,5,31,118,154,1.2662337662337662,0.04124598715960179,626,And this is my first dismount!
2194,1319,6,29,119,154,1.2662337662337662,0.042262440707957816,626,Sorry!  It must have been a butt call.
4812,1358,10,19,119,148,1.2635135135135136,0.04732355534084522,626,"Hey, cowboy, you do what you want, but I ain't jumping' that fence for a lousy bunch of hay."
3774,1359,8,24,120,152,1.263157894736842,0.04451125128015218,626,"Honey, can I call you right back? I'm in the middle of something."
5851,1359,6,28,118,152,1.263157894736842,0.04250852548658323,626,"Could I put you on hold? I have another fall coming..."""
4446,1359,4,32,116,152,1.263157894736842,0.04040665771332917,626,I'll give you another update when I land.
4125,1359,7,26,119,152,1.263157894736842,0.04352140984370994,626,"How did ""City Slickers 2"" end?"
3232,1359,7,26,119,152,1.263157894736842,0.04352140984370994,626,'I shouldn't have Call to the Post as my ringtone.'
4684,1359,5,30,117,152,1.263157894736842,0.0414709098441645,626,"Hi Mom, no, no, now’s a good time."
1713,1359,6,28,118,152,1.263157894736842,0.04250852548658323,626,"Mrs. Jones, I understand you feel the market's been volatile, but volatility is all relative."
1428,1359,11,18,123,152,1.263157894736842,0.047356801177305854,626,"Me?  Nothing, just horsing around."
662,1359,6,28,118,152,1.263157894736842,0.04250852548658323,626,"As a matter of fact, this IS my first rodeo."
2796,1359,7,26,119,152,1.263157894736842,0.04352140984370994,626,I'm thinking about going into glue.
1619,1369,6,28,119,153,1.261437908496732,0.04226479039206945,626,It’s like virtual reality but there’s more of a kick.
2682,1369,4,32,117,153,1.261437908496732,0.04017852514558689,626,"No, boss! I said bucked offffffff!"
4538,1371,6,26,114,146,1.2602739726027397,0.04352749528272793,626,"I'm telling you, Lennie, the public is tired of Dancing with the Stars.  Dancing with Horses is the next big thing."
4841,1372,9,21,120,150,1.26,0.045789128571114064,626,I'll call you back the moment I regain consciousness.
4785,1372,6,27,117,150,1.26,0.04275731422181576,626,I’m flying right now; I’ll call you back when we land.
4743,1372,4,31,115,150,1.26,0.04061055284328369,626,"Good one, Thunder, but wait till I get my spurs on!"
4654,1372,7,25,118,150,1.26,0.0437912477337203,626,Press record! Press record!
4412,1372,5,29,116,150,1.26,0.04169775126850502,626,"Well, I got worse news a half a second ago"
4622,1372,5,29,116,150,1.26,0.04169775126850502,626,So next Wednesday works for you?
4915,1372,8,23,119,150,1.26,0.04480132628270104,626,You can lead a horse to water but he really doesn’t like business talk.
4384,1372,6,27,117,150,1.26,0.04275731422181576,626,"Yea, I'm having a rough day!"
4128,1372,6,27,117,150,1.26,0.04275731422181576,626,I'm flying through the air with the greatest of ease!
3848,1372,11,17,122,150,1.26,0.04770340881454872,626,I'm running late and I'll need wheelchair access.
4642,1372,8,23,119,150,1.26,0.04480132628270104,626,"Yeah, almost home, honey"
4965,1372,7,25,118,150,1.26,0.0437912477337203,626,"Busy?...No, just horsin around. Whatsup?"
5129,1372,4,31,115,150,1.26,0.04061055284328369,626,There's a chance the call may be dropped.
5017,1372,6,27,117,150,1.26,0.04275731422181576,626,Gotta go - need to switch to Airplane Mode.
5167,1372,6,27,117,150,1.26,0.04275731422181576,626,"Yeah, it’s this new cell phone plan—only a buck a day."
5203,1372,10,19,121,150,1.26,0.04675606649318342,626,including the hula hoop was my big mistake
5259,1372,9,21,120,150,1.26,0.045789128571114064,626,Can I open my eyes now?
5353,1372,9,21,120,150,1.26,0.045789128571114064,626,This is so much better than being a desk jockey.
5648,1372,4,31,115,150,1.26,0.04061055284328369,626,Hold on let me grab my pen
5670,1372,3,33,114,150,1.26,0.03949343671579066,626,It's still much safer than cars
5693,1372,7,25,118,150,1.26,0.0437912477337203,626,He said I could ride him for a buck.
5731,1372,5,29,116,150,1.26,0.04169775126850502,626,"Yeah, honey, the team building day is going great."
5792,1372,5,29,116,150,1.26,0.04169775126850502,626,I love you too Babe!
5775,1372,5,29,116,150,1.26,0.04169775126850502,626,I'm not horsing around. Things are really up in the air right now.
5011,1372,8,23,119,150,1.26,0.04480132628270104,626,How fast can you deliver a riding helmet?
3679,1372,6,27,117,150,1.26,0.04275731422181576,626,"Ok pal,here’s were you get off. Have a nice day."
3327,1372,6,27,117,150,1.26,0.04275731422181576,626,Still better than the office
3374,1372,11,17,122,150,1.26,0.04770340881454872,626,"Huh, ...he must think I said, buck-off"""
3541,1372,9,21,120,150,1.26,0.045789128571114064,626,"Noooo, I'm not texting while riding!"
144,1372,6,27,117,150,1.26,0.04275731422181576,626,I thought you said there was an App for this.
175,1372,6,27,117,150,1.26,0.04275731422181576,626,I may lose you in a moment.
202,1372,6,27,117,150,1.26,0.04275731422181576,626,I might be late.
302,1372,6,27,117,150,1.26,0.04275731422181576,626,Just a tad bumpier than a Manhattan cab ride.
872,1372,3,33,114,150,1.26,0.03949343671579066,626,Of course I’m not texting!
876,1372,5,29,116,150,1.26,0.04169775126850502,626,I'm using my rollover minutes.
961,1372,7,25,118,150,1.26,0.0437912477337203,626,Feels like a million bucks!
1024,1372,3,33,114,150,1.26,0.03949343671579066,626,"So then she said, 'you'll never last 8 seconds.' And I was like, ""I'll show you!"""
1157,1372,6,27,117,150,1.26,0.04275731422181576,626,Nothing that can't wait...
1262,1372,6,27,117,150,1.26,0.04275731422181576,626,Hello ? Dressage hotline ?
735,1372,7,25,118,150,1.26,0.0437912477337203,626,Why am I in Wyoming?
1768,1372,8,23,119,150,1.26,0.04480132628270104,626,"Anthony Scaramucci finds a career he can hold onto ""long term"""
3217,1372,7,25,118,150,1.26,0.0437912477337203,626,"Nah, I'm not busy."
1610,1372,8,23,119,150,1.26,0.04480132628270104,626,"Hang on, Jeff. This could be the horse people calling back now."
3052,1372,9,21,120,150,1.26,0.045789128571114064,626,Dad! My internship's going great!
2745,1372,5,29,116,150,1.26,0.04169775126850502,626,"I'm switching to airplane mode for safety."""
2410,1372,7,25,118,150,1.26,0.0437912477337203,626,"Hang on, I'm getting another call."
2446,1372,6,27,117,150,1.26,0.04275731422181576,626,You get the same cathartic beat down without the unstable cult leader with multiple personalities!
2168,1372,3,33,114,150,1.26,0.03949343671579066,626,"I'm sorry, honey, but Daddy's a little busy right now."
2162,1372,7,25,118,150,1.26,0.0437912477337203,626,"Hi, I’d like to add “Horse Accident” to my insurance plan – effective immediately."
2052,1372,7,25,118,150,1.26,0.0437912477337203,626,"I know, the caption contest hasn't been fun for years."
2002,1372,5,29,116,150,1.26,0.04169775126850502,626,"It’s gonna hurt for a while, but I have a great selfie."
1930,1372,6,27,117,150,1.26,0.04275731422181576,626,About to land. I'll call you when we're at the gate.
3824,1424,2,34,111,147,1.2585034013605443,0.03872013008717702,626,You know how you keep telling me not to drive and use my cell phone?  I think I can add another place I shouldn't.
4147,1424,7,24,116,147,1.2585034013605443,0.04433044410499038,626,"That's great!  Hey, my phone is about to die..."
4138,1424,3,32,112,147,1.2585034013605443,0.03990534342770983,626,"Yes, I would like to take a brief survey."
3880,1424,6,26,115,147,1.2585034013605443,0.04326661893920212,626,"Believe it or not, Rachel, I’m having a bucking good time."
4237,1424,9,20,118,147,1.2585034013605443,0.04638495655680603,626,Well there's being thrown and then there's being thrown for a loop and right now I'm in the latter.
3776,1424,6,26,115,147,1.2585034013605443,0.04326661893920212,626,Ha! - You should see me when I'm off my meds.
3480,1424,6,26,115,147,1.2585034013605443,0.04326661893920212,626,"Did you say ""stirrups?"""
3706,1424,8,22,117,147,1.2585034013605443,0.04536933143282177,626,"I promise you honey, I’m not horsing around again!"
3690,1424,4,30,113,147,1.2585034013605443,0.041056356319077045,626,"I have no clue why they call this dude ranch, ""Broke Back Mountain."""
3631,1424,5,28,114,147,1.2585034013605443,0.04217596891968897,626,It looks like I won’t be getting back to you on that.
3384,1424,7,24,116,147,1.2585034013605443,0.04433044410499038,626,I'll text you when I land at the gate.
4254,1424,3,32,112,147,1.2585034013605443,0.03990534342770983,626,Tell corporate I'm not in the race anymore
3751,1424,6,26,115,147,1.2585034013605443,0.04326661893920212,626,"It may be my last Selfie, but it will be a great Selfie!"
4264,1424,7,24,116,147,1.2585034013605443,0.04433044410499038,626,Yep - that's the concussion kicking in.
5245,1424,6,26,115,147,1.2585034013605443,0.04326661893920212,626,"Wait . . . what sort of ""hits"" were you talking about?"
4319,1424,5,28,114,147,1.2585034013605443,0.04217596891968897,626,I'll call you back.  I'm going through a pummel.
4431,1424,7,24,116,147,1.2585034013605443,0.04433044410499038,626,"It's okay, in Wyoming it's legal to use a cell phone while operating a vehicle."
4625,1424,5,28,114,147,1.2585034013605443,0.04217596891968897,626,"Ha ha, you said ""you should take a bus to the Bronx"" not ""you should take to bustin' Broncs""."
4692,1424,5,28,114,147,1.2585034013605443,0.04217596891968897,626,"Hands free, my ass!"
4716,1424,8,22,117,147,1.2585034013605443,0.04536933143282177,626,Just a quick Hi and Bye: I'm about to lose consciousness.
5091,1424,5,28,114,147,1.2585034013605443,0.04217596891968897,626,"Well, let me tell you, this is the last time I’m taking Uber."
5096,1424,6,26,115,147,1.2585034013605443,0.04326661893920212,626,Hold for a second.  I have to get this.
5150,1424,6,26,115,147,1.2585034013605443,0.04326661893920212,626,"...So I said ""Horses? They LOVE me."""
5166,1424,6,26,115,147,1.2585034013605443,0.04326661893920212,626,It’s okay. I’m hands free.
5212,1424,3,32,112,147,1.2585034013605443,0.03990534342770983,626,Great news! My insurer says my rates won't go up after one accident.
5485,1424,4,30,113,147,1.2585034013605443,0.041056356319077045,626,"Do you think I would really tell you, even if this was my first rodeo"
5707,1424,7,24,116,147,1.2585034013605443,0.04433044410499038,626,No bucked...I'm getting bucked. The deals fine.
3247,1424,6,26,115,147,1.2585034013605443,0.04326661893920212,626,"Yeah, the reception here is not good either."
4300,1424,6,26,115,147,1.2585034013605443,0.04326661893920212,626,I have to stop texting while droving!
3207,1424,6,26,115,147,1.2585034013605443,0.04326661893920212,626,So much for this bucket list.
3859,1424,8,22,117,147,1.2585034013605443,0.04536933143282177,626,"And for a few extra bucks, I get ten free apps."
3091,1424,10,18,119,147,1.2585034013605443,0.0473788154652724,626,"One rodeo clown, please."
44,1424,6,26,115,147,1.2585034013605443,0.04326661893920212,626,"Boy, am I getting a bang for my buck!"
164,1424,7,24,116,147,1.2585034013605443,0.04433044410499038,626,"This merger's been a damn rodeo."""
216,1424,6,26,115,147,1.2585034013605443,0.04326661893920212,626,Please put me back on hold.
241,1424,7,24,116,147,1.2585034013605443,0.04433044410499038,626,Hahahahaha! I can't believe you're still on a flip phone!
608,1424,7,24,116,147,1.2585034013605443,0.04433044410499038,626,"Hey, do you mind if I put you on hold for just a sec?"
720,1424,6,26,115,147,1.2585034013605443,0.04326661893920212,626,I really thought a bucking bronco was some kind of SUV!
727,1424,7,24,116,147,1.2585034013605443,0.04433044410499038,626,Buck me? Ha-Ha-Ha! No! Ha-Ha-Ha! Buck you! Right! And the...Ha-Ha-Ha...the horse...Ha-Ha-Ha...you rode in on!
810,1424,5,28,114,147,1.2585034013605443,0.04217596891968897,626,"On second thought, I will take that double indemnity package."
862,1424,5,28,114,147,1.2585034013605443,0.04217596891968897,626,"Sure...  I'm head over heels about you, baby!"
865,1424,6,26,115,147,1.2585034013605443,0.04326661893920212,626,You'll never believe what I'm doing right now.
1122,1424,10,18,119,147,1.2585034013605443,0.0473788154652724,626,"Sure, I've got time to talk about better health insurance."
1167,1424,4,30,113,147,1.2585034013605443,0.041056356319077045,626,I'm posting the picture on Facebook right now!
1471,1424,8,22,117,147,1.2585034013605443,0.04536933143282177,626,"Burt, you just gotta try this new trust-building exercise!"""
1561,1424,10,18,119,147,1.2585034013605443,0.0473788154652724,626,I'm trying out my new this-is-gonna-smartphone.
307,1424,6,26,115,147,1.2585034013605443,0.04326661893920212,626,"I said the word IS instead of ISN'T. The sentence should have been, “This ISN'T my first rodeo."""
1857,1424,7,24,116,147,1.2585034013605443,0.04433044410499038,626,"No, I said I'm ""bucked"""
3082,1424,5,28,114,147,1.2585034013605443,0.04217596891968897,626,Can you hold? I've got to take another fall.
2922,1424,7,24,116,147,1.2585034013605443,0.04433044410499038,626,"Yeah, but the first 8 seconds are free."
2852,1424,7,24,116,147,1.2585034013605443,0.04433044410499038,626,Todd unknowingly stepped out of the stock art photo and into some biting social commentary about the state of our democracy.
2749,1424,7,24,116,147,1.2585034013605443,0.04433044410499038,626,Whoa!!  Really?
2653,1424,6,26,115,147,1.2585034013605443,0.04326661893920212,626,"Hey Siri, Google 'affordable chiropractors.'"
2738,1424,6,26,115,147,1.2585034013605443,0.04326661893920212,626,Maybe you were right about distracted rodeo riding.
2215,1424,6,26,115,147,1.2585034013605443,0.04326661893920212,626,"Hey, this is my stop; I'll need to call you back."
2127,1424,7,24,116,147,1.2585034013605443,0.04433044410499038,626,Help! I'm about to fall and won't be able to giddyup!
3105,1424,10,18,119,147,1.2585034013605443,0.0473788154652724,626,"Yes, I went back to the old flip phone!"
2110,1424,8,22,117,147,1.2585034013605443,0.04536933143282177,626,It’s like the Trump Whitehouse.
1913,1424,8,22,117,147,1.2585034013605443,0.04536933143282177,626,Nothing much. What’s new with you?
2489,1424,6,26,115,147,1.2585034013605443,0.04326661893920212,626,"Oh, so THAT'S what you meant by hands-free!"
1806,1424,7,24,116,147,1.2585034013605443,0.04433044410499038,626,My new career as horse whisperer is off to a flying start.
3655,1485,7,25,119,151,1.2582781456953642,0.043534337171142495,626,Hi--what is your return policy?
5625,1485,7,25,119,151,1.2582781456953642,0.043534337171142495,626,"Hi, honey. I've got a problem at work, so I'll be late for dinner."
5297,1485,6,27,118,151,1.2582781456953642,0.04250809678379129,626,I won't need any extra minutes this month
5219,1485,8,23,120,151,1.2582781456953642,0.04453693673436995,626,i got to find a better way to make  a  buck
2420,1485,6,27,118,151,1.2582781456953642,0.04250809678379129,626,Gotta go!
842,1485,6,27,118,151,1.2582781456953642,0.04250809678379129,626,"I have to say, I'm a little thrown off."
1436,1485,8,23,120,151,1.2582781456953642,0.04453693673436995,626,I didn't say dump.  I said jump !
3061,1492,3,32,113,148,1.2567567567567568,0.03967326291325188,626,It'll be great to see you!  Just look for me at the ER.
3240,1493,5,29,118,152,1.256578947368421,0.041217856416234246,626,Back at ya! Gotta fly.
5474,1494,9,19,117,145,1.2551724137931035,0.04671109373842782,626,You're bouncing me because I didn't follow the dress code??
2395,1494,6,25,114,145,1.2551724137931035,0.04352665799715286,626,"hi, can you confirm my medical deductible in the next 2-3 seconds?"
5332,1494,5,27,113,145,1.2551724137931035,0.042412079833322056,626,Mom stop worrying...I'm fine.
4328,1494,5,27,113,145,1.2551724137931035,0.042412079833322056,626,I think my agent sent me on the wrong cattle call ...
4327,1494,7,23,115,145,1.2551724137931035,0.044613399299023804,626,"Back up on the horse, just like you ordered, doc!"
4224,1494,4,29,112,145,1.2551724137931035,0.04126740935865803,626,Yeeee Haw...That was one fine Bar-mitzvah
3465,1494,5,27,113,145,1.2551724137931035,0.042412079833322056,626,Can...you...hear...me...now?
3410,1494,5,27,113,145,1.2551724137931035,0.042412079833322056,626,"Hold on, I’m going into a tuck-and-roll."
2813,1494,9,19,117,145,1.2551724137931035,0.04671109373842782,626,Great news! I'll be there right after the hospital stay.
2707,1494,7,23,115,145,1.2551724137931035,0.044613399299023804,626,Gotta go.  I only get eight seconds per call with my new plan.
2676,1494,4,29,112,145,1.2551724137931035,0.04126740935865803,626,It's not how you get bucked off. It's how you land.
2378,1494,2,33,110,145,1.2551724137931035,0.038877090862730494,626,"Hi Sid. Please pay the premiums on all of my insurance policies, stat!"
478,1494,5,27,113,145,1.2551724137931035,0.042412079833322056,626,"Yep, you're a lot clearer now."
2310,1494,4,29,112,145,1.2551724137931035,0.04126740935865803,626,"Bustin a bronc, you?"
2133,1494,5,27,113,145,1.2551724137931035,0.042412079833322056,626,The things I'll do for a buck!
1977,1494,7,23,115,145,1.2551724137931035,0.044613399299023804,626,Enjoying my last moments of full physical mobility.
1877,1494,7,23,115,145,1.2551724137931035,0.044613399299023804,626,Is the enrollment period for Obamacare still open?
957,1494,6,25,114,145,1.2551724137931035,0.04352665799715286,626,Forget tech start ups. This is where the big bucks are.
674,1494,7,23,115,145,1.2551724137931035,0.044613399299023804,626,I'll do anything for a buck!
673,1494,5,27,113,145,1.2551724137931035,0.042412079833322056,626,My health insurance that doesn't cover pre-existing conditions starts when?
483,1494,6,25,114,145,1.2551724137931035,0.04352665799715286,626,Phil! I'm in Westworld and I still have no idea what's going on.
437,1494,9,19,117,145,1.2551724137931035,0.04671109373842782,626,"Oh, nothing much.  How about you?"
243,1494,6,25,114,145,1.2551724137931035,0.04352665799715286,626,"This actually is my first rodeo, are they dangerous?"
2322,1494,4,29,112,145,1.2551724137931035,0.04126740935865803,626,Hello Blue Cross? How quickly can you bind coverage?
1989,1518,7,22,113,142,1.2535211267605635,0.045182036405808805,626,"Whoa, boy, don't take it personal. 'And the horse you rode in on' is just a figure of speech."
5308,1518,12,12,118,142,1.2535211267605635,0.05040701358056301,626,"Whatever the readers pick, it will likely be stupid and unfunny."
5433,1520,4,29,113,146,1.2534246575342465,0.04102103085809737,626,"You caught me at a great time, Bill! No screaming kids in the background."
5030,1520,2,33,111,146,1.2534246575342465,0.038649428845480435,626,I think it's time to trade in my mustang for a Mustang!
5089,1520,7,23,116,146,1.2534246575342465,0.04434123257792524,626,Hands freeeeeeeeeeeee!
3872,1520,6,25,115,146,1.2534246575342465,0.04326282001025936,626,"It's lots better than VR, so far."
5832,1524,4,28,111,143,1.2517482517482517,0.041479260508742906,626,"It’s great here, no one’s on each other’s back."
2883,1524,7,22,114,143,1.2517482517482517,0.044899980190093225,626,It's the only way I can get a signal!
2887,1524,7,22,114,143,1.2517482517482517,0.044899980190093225,626,I think my “First Call” bugle horse race ringtone set him off.
2914,1524,9,18,116,143,1.2517482517482517,0.047042473718436985,626,"I'm right on it, Frau Blucher!"
3398,1524,5,26,112,143,1.2517482517482517,0.04264999541139124,626,My rider's  I-phone conversation was insolent and he was not properly dressed for riding me. His tie is not a rider's tie.
3758,1524,4,28,111,143,1.2517482517482517,0.041479260508742906,626,This has to be the 'Mother' of dropped calls!
3869,1524,7,22,114,143,1.2517482517482517,0.044899980190093225,626,"I may have overdressed, but so far so good!"
3915,1524,5,26,112,143,1.2517482517482517,0.04264999541139124,626,Love you too babe. But somebody is getting a little jealous.
4848,1524,5,26,112,143,1.2517482517482517,0.04264999541139124,626,'We're about to be disconnected.
4937,1524,7,22,114,143,1.2517482517482517,0.044899980190093225,626,"Hang on Dan, my Uber driver is getting an attitude"
5569,1524,8,20,115,143,1.2517482517482517,0.04598370665040281,626,An unstable relationship
5652,1524,5,26,112,143,1.2517482517482517,0.04264999541139124,626,You can't get kicked off with a 4G signal.
5772,1524,9,18,116,143,1.2517482517482517,0.047042473718436985,626,Cowboy? Not furlong.
2877,1524,6,24,113,143,1.2517482517482517,0.04378944124821906,626,"Wait, I have an incoming close call"
4471,1524,6,24,113,143,1.2517482517482517,0.04378944124821906,626,"Next time, I promise myself to take an Uber!"
2840,1524,5,26,112,143,1.2517482517482517,0.04264999541139124,626,He just threw me and I'm going to be in the hospital for some time but it still beats being press secretary for Trump
36,1524,7,22,114,143,1.2517482517482517,0.044899980190093225,626,I think it's time I got back in the saddle at the office.
2103,1524,5,26,112,143,1.2517482517482517,0.04264999541139124,626,"Hello Uber, I think there’s been a mistake."
2294,1524,5,26,112,143,1.2517482517482517,0.04264999541139124,626,"Honey, is our insurance paid up?"
291,1524,6,24,113,143,1.2517482517482517,0.04378944124821906,626,I wasn't texting
312,1524,3,30,110,143,1.2517482517482517,0.0402745080182567,626,Great time to talk. I’ve almost landed.
583,1524,6,24,113,143,1.2517482517482517,0.04378944124821906,626,Yes--literally really big bucks!
624,1524,7,22,114,143,1.2517482517482517,0.044899980190093225,626,I got an Uber for a buck.
693,1524,8,20,115,143,1.2517482517482517,0.04598370665040281,626,Over and out!
531,1524,9,18,116,143,1.2517482517482517,0.047042473718436985,626,"OK, let me call you back in six months."
1129,1524,5,26,112,143,1.2517482517482517,0.04264999541139124,626,A hands free device would be an improvement.
1280,1524,8,20,115,143,1.2517482517482517,0.04598370665040281,626,Quick! Cancel my Four O'clock
1291,1524,6,24,113,143,1.2517482517482517,0.04378944124821906,626,"I couldn't believe Groupon was still a thing, either!"
1827,1524,6,24,113,143,1.2517482517482517,0.04378944124821906,626,You're loud and clear -- I've finally got three bars.
1922,1524,6,24,113,143,1.2517482517482517,0.04378944124821906,626,Wrong number.
866,1524,6,24,113,143,1.2517482517482517,0.04378944124821906,626,"Sounds great, I’ll hit the ground running with that."
4543,1555,5,25,110,140,1.25,0.04316011443339083,626,Can I call you back in a couple surgeries?
4819,1555,6,23,111,140,1.25,0.044334753871226124,626,"I lost the reins, Harold. This deal just threw me for a loop."
4799,1555,5,25,110,140,1.25,0.04316011443339083,626,"Listen Harry, I’ve got to go. My flight’s already in the air."
4772,1555,4,27,109,140,1.25,0.04195259890620108,626,"It was going fine until I tried for a selfie!"""
4614,1555,8,20,116,144,1.25,0.04569671310050197,626,Ever hear the one about dropped calls?
4555,1555,6,24,114,144,1.25,0.04351941398892446,626,You were right: this Uber driver is a real ass.
4551,1555,4,27,109,140,1.25,0.04195259890620108,626,Giddy DOWN!
4488,1555,5,25,110,140,1.25,0.04316011443339083,626,Yes Geico I'll hold
3936,1555,8,19,113,140,1.25,0.046595281377622505,626,"No, I’m not on my high horse, I’m just bucking around"
4445,1555,8,19,113,140,1.25,0.046595281377622505,626,"That'll have to wait til Monday, Peter. Our team is having an offsite."
4393,1555,6,23,111,140,1.25,0.044334753871226124,626,The commute's a little rough.
4364,1555,6,23,111,140,1.25,0.044334753871226124,626,"I'd like a quote for Health Insurance, please."
4348,1555,7,21,112,140,1.25,0.04547906467530975,626,"Great news, doctor! Glad to hear the test results show no lasting effect from that bowling mishap!"
4212,1555,5,25,110,140,1.25,0.04316011443339083,626,I really have to hang up now.
4820,1555,6,23,111,140,1.25,0.044334753871226124,626,She's an absolute joy to ride! And only 800 bucks!
3858,1555,7,22,115,144,1.25,0.044621345688633046,626,What a great Press Secretary I am going to be.
3807,1555,7,21,112,140,1.25,0.04547906467530975,626,"Hey, lemme take a quick break and get back to you?"
3778,1555,4,27,109,140,1.25,0.04195259890620108,626,"Hold on a sec, I'm in the throes of a great idea!"
4456,1555,8,19,113,140,1.25,0.046595281377622505,626,"Yeah, having a real kick-ass time here!"
4832,1555,9,18,117,144,1.25,0.04674734950042286,626,Ed  -  I'm stress-free for the first time since 2008!
5189,1555,6,23,111,140,1.25,0.044334753871226124,626,I get such a kick from rodeo ballet!
4897,1555,3,29,108,140,1.25,0.040709281890814235,626,"Don’t be ridiculous, Honey.  Of course I am using the Blue Tooth!"
3681,1555,3,29,108,140,1.25,0.040709281890814235,626,I've decided to change carriers.
5817,1555,7,21,112,140,1.25,0.04547906467530975,626,You try bucking the trend for once.
5786,1555,7,22,115,144,1.25,0.044621345688633046,626,"""Yipeee  ki yay  mo..........."""
5770,1555,6,23,111,140,1.25,0.044334753871226124,626,Let me call you right back - I'm almost done here.
5660,1555,6,23,111,140,1.25,0.044334753871226124,626,Can you hold on a sec? I need to take this other call.
5623,1555,7,21,112,140,1.25,0.04547906467530975,626,How long will the survey take?
5606,1555,5,26,113,144,1.25,0.04238884637277,626,"Hi Hon, I've just picked up a couple of great positions we can try tonight!"
5522,1555,6,23,111,140,1.25,0.044334753871226124,626,And you’re positive I’ll receive the full insurance benefit?
4873,1555,3,29,108,140,1.25,0.040709281890814235,626,Gotta hang up now...we're about to descend.
5510,1555,7,21,112,140,1.25,0.04547906467530975,626,"Don't worry dear, I'm not driving."
5361,1555,5,25,110,140,1.25,0.04316011443339083,626,This wasn’t the mustang I was  wishing for!
5322,1555,5,25,110,140,1.25,0.04316011443339083,626,"Can't talk now, honey. I am roaming."
5290,1555,6,23,111,140,1.25,0.044334753871226124,626,Found one that will keep our kids away from their gadgets!
5190,1555,6,23,111,140,1.25,0.044334753871226124,626,Gotta go. The horse wants attention.
5098,1555,8,19,113,140,1.25,0.046595281377622505,626,"OK, OK, I'm sorry I called you an ""old nag""!"
5012,1555,4,27,109,140,1.25,0.04195259890620108,626,"Sorry, I can't hang on right now."
4938,1555,7,21,112,140,1.25,0.04547906467530975,626,It's so great to disconnect and experience life!
4933,1555,8,19,113,140,1.25,0.046595281377622505,626,Aw hell! I didn't last this long in the Trump White House!
5492,1555,8,19,113,140,1.25,0.046595281377622505,626,"Hey, I'll call you back in a minute."
3669,1555,7,21,112,140,1.25,0.04547906467530975,626,SIRI -- rent me a wheelchair!
5691,1555,4,27,109,140,1.25,0.04195259890620108,626,I haven't had this much fun since my last prostate exam!
3501,1555,4,27,109,140,1.25,0.04195259890620108,626,I'll be landing soon.
1741,1555,7,21,112,140,1.25,0.04547906467530975,626,"i'm gettin thrown off this bronco and i'm high as fuck on weed food and, sure i'll hold"
1727,1555,6,23,111,140,1.25,0.044334753871226124,626,Oh honey! What a trail ride! I'll send you a selfie just as soon as I finish my dismount.
1687,1555,3,29,108,140,1.25,0.040709281890814235,626,"K, boss. Gotta go hit the ground running."
1673,1555,9,17,114,140,1.25,0.04768537689458502,626,"What? No, I'm listening to you; I'm not doing anything else right now."
1454,1555,6,24,114,144,1.25,0.04351941398892446,626,"Sorry, something urgent has come up and I will not be able to make our appointment."
1447,1555,5,25,110,140,1.25,0.04316011443339083,626,I've got to bounce. Talk later?
1286,1555,4,27,109,140,1.25,0.04195259890620108,626,Can you imagine? Me? Not present in the moment?
1236,1555,10,15,115,140,1.25,0.048751103500304795,626,"Sorry I gotta go, we're taking off."
1958,1555,5,25,110,140,1.25,0.04316011443339083,626,"...Thanks for calling Billy's Bucking Broncos customer service, please hold on while we connect your call..."
1121,1555,4,27,109,140,1.25,0.04195259890620108,626,"Hey Siri, how long does it take for a compound fracture to heal?"
639,1555,3,30,111,144,1.25,0.04003203845127178,626,"Sorry, I’m kinda I’m the middle of something here"
563,1555,4,27,109,140,1.25,0.04195259890620108,626,"Hang up and dial 911 , ""Animal Control"""
390,1555,4,27,109,140,1.25,0.04195259890620108,626,Hello - I'd like to know how to use my rollover minutes!
292,1555,7,21,112,140,1.25,0.04547906467530975,626,The moment Bill clinched the 2018 Darwin Awards.
134,1555,7,21,112,140,1.25,0.04547906467530975,626,Hi! Horse can’t come to the phone right now.
3507,1555,5,25,110,140,1.25,0.04316011443339083,626,"Babe, I am so getting me that wild Mustang I've always wanted."
106,1555,5,26,113,144,1.25,0.04238884637277,626,I'll call you back on a ground line
103,1555,6,23,111,140,1.25,0.044334753871226124,626,I'm still up in the air about this Dude Ranch thing.
973,1555,8,19,113,140,1.25,0.046595281377622505,626,"I'll have to call you back, I'm going into a coma."
2048,1555,6,24,114,144,1.25,0.04351941398892446,626,This is the only way I can get off!
1578,1555,3,29,108,140,1.25,0.040709281890814235,626,"On no one's bucket list - free falling, head first while talking on cell phone"
2281,1555,1,33,106,140,1.25,0.038101125786886667,626,Of course it's safe to call from a horse. It's not like I'm driving a caaaaaaar!
3449,1555,5,25,110,140,1.25,0.04316011443339083,626,"Seriously, the buck stops with me, right here, right now!!"
3349,1555,6,23,111,140,1.25,0.044334753871226124,626,Can you hold on for a second while I take another fall?
3174,1555,3,29,108,140,1.25,0.040709281890814235,626,"Nothing much . Just,you know, horsing around."
2152,1555,5,25,110,140,1.25,0.04316011443339083,626,I think I've been disconnected.
3056,1555,4,27,109,140,1.25,0.04195259890620108,626,Quick honey! Buy the supplemental insurance.
3034,1555,7,21,112,140,1.25,0.04547906467530975,626,And that's how I got the name - Big Text.
3028,1555,4,27,109,140,1.25,0.04195259890620108,626,Sorry I can't hold any longer.
2988,1555,6,24,114,144,1.25,0.04351941398892446,626,"Ooooo, I like this new flip phone!"
2947,1555,5,25,110,140,1.25,0.04316011443339083,626,"Okay, now I understand why cowboys dress as they do!"
3107,1555,3,29,108,140,1.25,0.040709281890814235,626,I'll call you back after I land.
2891,1555,5,25,110,140,1.25,0.04316011443339083,626,You picked a bad time to call me Lucille.
2864,1555,5,25,110,140,1.25,0.04316011443339083,626,Another credit card offer?
2723,1555,6,23,111,140,1.25,0.044334753871226124,626,"Livin' the life, lovin' the bucks."
2700,1555,4,27,109,140,1.25,0.04195259890620108,626,"Break dance lessons with Scout, how about you?"
2669,1555,5,25,110,140,1.25,0.04316011443339083,626,"This is gonna hurt, but at least I'm in a cartoon that can't include a Trump reference!"
2617,1555,4,27,109,140,1.25,0.04195259890620108,626,You'd better cancel our dinner reservation .
2548,1555,5,25,110,140,1.25,0.04316011443339083,626,Great dance moves...we’re sure to win!
2508,1555,6,23,111,140,1.25,0.044334753871226124,626,"And then I said, "" What do you mean I can't get rodeo clown insurance?"""
2946,1555,6,23,111,140,1.25,0.044334753871226124,626,"To be perfectly honest, I'm quite happy where I am."
2814,1640,5,25,111,141,1.24822695035461,0.04288958558969954,626,Who's phoning please ?
3243,1640,8,19,114,141,1.24822695035461,0.04629760166398814,626,Still ... this ain't my first rodeo!
3268,1640,4,27,110,141,1.24822695035461,0.04169171895547657,626,"Oh, I’m just horsing around."
3482,1640,5,25,111,141,1.24822695035461,0.04288958558969954,626,You were right! This IS easy!
3730,1640,6,23,112,141,1.24822695035461,0.044054893878545213,626,You wouldn’t believe the kickbacks!
3905,1640,2,31,108,141,1.24822695035461,0.03918628821762796,626,"Right now, I really don’t give a flying buck."
4923,1640,4,27,110,141,1.24822695035461,0.04169171895547657,626,I'm officially stepping down to spend more time with family.
4472,1640,1,33,107,141,1.24822695035461,0.03787146764625434,626,I’ll be right down!
4768,1640,4,27,110,141,1.24822695035461,0.04169171895547657,626,"No, I said yippee ki-yay, not trade trade trade."
5418,1640,7,21,113,141,1.24822695035461,0.04519016261581274,626,"It only said ""No TEXTING while riding."""
5503,1640,5,25,111,141,1.24822695035461,0.04288958558969954,626,Agreed — the buck stops here.
2465,1640,4,27,110,141,1.24822695035461,0.04169171895547657,626,"Sure, I’ll hold on."
4279,1640,4,27,110,141,1.24822695035461,0.04169171895547657,626,[Not a quote:] Typical 2018 White House Chief of Staff rotation
2251,1640,3,29,109,141,1.24822695035461,0.04045840217888895,626,Can I put on hold for a minute?
1125,1640,5,25,111,141,1.24822695035461,0.04288958558969954,626,You'll never guess where I'm headed.
2182,1640,10,15,116,141,1.24822695035461,0.04843657879149553,626,Is it the tie?
2243,1640,5,25,111,141,1.24822695035461,0.04288958558969954,626,That's why I get the big bucks!
173,1640,2,31,108,141,1.24822695035461,0.03918628821762796,626,Maybe I'll see you later. I'll know very soon.
281,1640,7,21,113,141,1.24822695035461,0.04519016261581274,626,"Frankly, I don't give a buck!"
426,1640,6,23,112,141,1.24822695035461,0.044054893878545213,626,"Oh! , Hi... Not much... Just horsing around."
1039,1640,7,21,113,141,1.24822695035461,0.04519016261581274,626,Schedule me for an urgent physical therapy appointment.
610,1640,5,25,111,141,1.24822695035461,0.04288958558969954,626,Yeah. I would do anything for a buck.
1344,1640,6,23,112,141,1.24822695035461,0.044054893878545213,626,I can't stand people who ride the fence
1774,1640,7,21,113,141,1.24822695035461,0.04519016261581274,626,"No, you're not interrupting me... I'm just horsing around."
1957,1640,8,19,114,141,1.24822695035461,0.04629760166398814,626,I feel overdressed.
2076,1640,5,25,111,141,1.24822695035461,0.04288958558969954,626,You'll never guess where I am right now.
2164,1640,6,23,112,141,1.24822695035461,0.044054893878545213,626,"I've just stepped away from my desk, but if you leave your name, number and a brief message..."
3726,1667,6,22,110,138,1.2463768115942029,0.04460956331318161,626,So you DO want a second date?
4629,1667,2,30,106,138,1.2463768115942029,0.03958367147959845,626,So I met this girl last week who said she liked horses
4160,1667,5,24,109,138,1.2463768115942029,0.04340767923070482,626,Oh yeah I’m gonna miss my 2 o’clock!
5237,1667,2,30,106,138,1.2463768115942029,0.03958367147959845,626,Me? pffft  Of course I ride
3354,1667,5,24,109,138,1.2463768115942029,0.04340767923070482,626,"To all my Hippy friends, I've found a new way to get high."
4294,1667,3,28,107,138,1.2463768115942029,0.040898087615459135,626,"Yes, now I can hear you."
1067,1667,9,16,113,138,1.2463768115942029,0.04803511952086458,626,I'm kidding! It know it wasn't you in The Godfather.
759,1667,5,24,109,138,1.2463768115942029,0.04340767923070482,626,"Okay, next time you go right and I'll go left."
365,1667,4,26,108,138,1.2463768115942029,0.04217155550129456,626,I'm afraid we're going to have to fire Cheryl... I've found a new secretariat.
2878,1667,5,24,109,138,1.2463768115942029,0.04340767923070482,626,I'm almost ready for that job interview in Texas.
3181,1677,4,25,106,135,1.2444444444444445,0.04266763404099585,626,"It's a lovely horse, the best horse!"
3301,1677,7,19,109,135,1.2444444444444445,0.04639183067305038,626,"Yes, I'm talking hands-free, of course."
3699,1677,8,17,110,135,1.2444444444444445,0.04756847982341376,626,May I call you back? My significant other is feeling ignored.
3716,1677,5,23,107,135,1.2444444444444445,0.04394411580826142,626,This market just doesn’t feel like a bull.
3738,1677,6,21,108,135,1.2444444444444445,0.04518455082971872,626,I shouldn't have fed him all those beans.
3967,1677,6,21,108,135,1.2444444444444445,0.04518455082971872,626,"Yep, just learning why you don't text and ride."
4304,1677,4,25,106,135,1.2444444444444445,0.04266763404099585,626,"I think we just got disconnected,"
4464,1677,8,17,110,135,1.2444444444444445,0.04756847982341376,626,"Oh Montana is great, but the whole whispering thing takes some real work."
4705,1677,3,27,105,135,1.2444444444444445,0.04135176749720385,626,"I can't talk right now,I'm teaching horse how to ballet."
5812,1677,5,23,107,135,1.2444444444444445,0.04394411580826142,626,"No no, all is good. So, what did she say then?"
5164,1677,7,19,109,135,1.2444444444444445,0.04639183067305038,626,"No, I’m still at the office. That’s just Rush Limbaugh you’re hearing through my radio."
5342,1677,3,27,105,135,1.2444444444444445,0.04135176749720385,626,Do you have 8 seconds to chat?
5363,1677,3,27,105,135,1.2444444444444445,0.04135176749720385,626,I’ll like to apply for Obama care.
5367,1677,6,21,108,135,1.2444444444444445,0.04518455082971872,626,"So then she says ""you're acting like an ass""."
5390,1677,8,17,110,135,1.2444444444444445,0.04756847982341376,626,"Bucking,I said Bucking."
3103,1677,4,25,106,135,1.2444444444444445,0.04266763404099585,626,"Yes, I'm interested in opportunites as an Uber driver."
5438,1677,1,31,103,135,1.2444444444444445,0.038585645467138656,626,One Trick Tony
4540,1677,2,29,104,135,1.2444444444444445,0.039992628766177166,626,"Hey, I’m gonna lose you here in a second."
3043,1677,3,27,105,135,1.2444444444444445,0.04135176749720385,626,That's right! Hands free app.
4983,1677,5,23,107,135,1.2444444444444445,0.04394411580826142,626,I'll call you back. There's something I need to get back on.
2799,1677,6,21,108,135,1.2444444444444445,0.04518455082971872,626,Wait...what?  I thought you told me to GET BUCKED?
3002,1677,5,23,107,135,1.2444444444444445,0.04394411580826142,626,"Hold on, can you hear me now?"
80,1677,7,19,109,135,1.2444444444444445,0.04639183067305038,626,"Pack your latex, honey, I bought the S&M Ranch."
367,1677,7,19,109,135,1.2444444444444445,0.04639183067305038,626,"Sorry, I had to take that call."
383,1677,6,21,108,135,1.2444444444444445,0.04518455082971872,626,"Gotta hang up now, gonna die."
575,1677,6,21,108,135,1.2444444444444445,0.04518455082971872,626,Can I call you back later?  I'm in a toss up situation right now.
677,1677,9,15,111,135,1.2444444444444445,0.04871671778993393,626,He didn't like my tie!
706,1677,7,19,109,135,1.2444444444444445,0.04639183067305038,626,I'm breaking up?
1031,1677,2,29,104,135,1.2444444444444445,0.039992628766177166,626,"Rudy Guiliani speaking, how can I help you?"
362,1677,7,19,109,135,1.2444444444444445,0.04639183067305038,626,"It will probably end badly, but for the moment I’m feeling very Agnes de Mille."
1435,1677,3,27,105,135,1.2444444444444445,0.04135176749720385,626,"I'll call you back in a minute. I have to switch to a land line."""
1438,1677,5,23,107,135,1.2444444444444445,0.04394411580826142,626,I Just Hope I'm Dreaming!
1479,1677,6,21,108,135,1.2444444444444445,0.04518455082971872,626,"Well, my Uber just said ""Bronco""!!"
1593,1677,8,17,110,135,1.2444444444444445,0.04756847982341376,626,"Dammit, horse, we had a deal!"
1640,1677,6,21,108,135,1.2444444444444445,0.04518455082971872,626,"Great idea, I'm head over heels about it!"
1766,1677,3,27,105,135,1.2444444444444445,0.04135176749720385,626,You're right - it's exactly like working at the White House!
2038,1677,4,25,106,135,1.2444444444444445,0.04266763404099585,626,hold on. I've got another call.
2778,1677,6,21,108,135,1.2444444444444445,0.04518455082971872,626,It’s this new flip-phone I got...
1186,1677,6,21,108,135,1.2444444444444445,0.04518455082971872,626,Let me tell you how to make a quick buck.
1764,1716,5,21,101,127,1.2440944881889764,0.045708924357428474,626,"S'okay, I've met my deductible."
3580,1717,7,19,110,136,1.2426470588235294,0.04608451496483136,626,Thank you for using our electronic signature option...your disability insurance is now active
3826,1717,6,21,109,136,1.2426470588235294,0.044887081189025055,626,"Wait, hold on. I think I'm too drunk. My UberStallion is bucking me off."
3854,1717,6,21,109,136,1.2426470588235294,0.044887081189025055,626,"Good news, Don. Getting thrown doesn't hurt ... I'll let you know about hitting the ground later."
4049,1717,5,23,108,136,1.2426470588235294,0.04365681614360453,626,This really is EXACTLY like falling off a bicycle!
4249,1717,4,25,107,136,1.2426470588235294,0.042390861443509856,626,"No, she swiped right—I could feel it!"
5271,1717,4,25,107,136,1.2426470588235294,0.042390861443509856,626,"Hang on, I just got disconnected"
4402,1717,5,23,108,136,1.2426470588235294,0.04365681614360453,626,And I didn't even try to make him drink!
4613,1717,5,23,108,136,1.2426470588235294,0.04365681614360453,626,We're just not as good at multi-tasking as we think.
5077,1717,6,21,109,136,1.2426470588235294,0.044887081189025055,626,I'm going to have to get back to you. I seem to be airborne.
5662,1717,6,21,109,136,1.2426470588235294,0.044887081189025055,626,"Hello,Customer Service? I'm having trouble with my connection."
3070,1717,8,17,111,136,1.2426470588235294,0.0472516135324224,626,If I had a buck for every time I heard that!
4390,1717,6,21,109,136,1.2426470588235294,0.044887081189025055,626,This deal is a nightmare; I'm just trying to stay in the saddle
3036,1717,7,19,110,136,1.2426470588235294,0.04608451496483136,626,Heads up about to be a dropped call.
2770,1717,6,21,109,136,1.2426470588235294,0.044887081189025055,626,Ground Control to Major Tom .
2756,1717,10,13,113,136,1.2426470588235294,0.04950333226323942,626,Gotta call you back. I think this rodeo thing is about to start.
101,1717,6,21,109,136,1.2426470588235294,0.044887081189025055,626,Early on Todd still thought his decision to enroll in Cowboy Fantasy Camp had been a good one.
635,1717,6,21,109,136,1.2426470588235294,0.044887081189025055,626,Double indemnity for accidental death? Whoopee!!!!
795,1717,7,19,110,136,1.2426470588235294,0.04608451496483136,626,Better make it quick. I’m going to be be off the grid for a while
827,1717,6,21,109,136,1.2426470588235294,0.044887081189025055,626,Let's finish this later. I'm heading into a dead spot.
1395,1717,5,23,108,136,1.2426470588235294,0.04365681614360453,626,"I just said ""justify"" and he's jealous."
29,1717,5,23,108,136,1.2426470588235294,0.04365681614360453,626,"No, the broken neck is not technically a pre-existing condition, assuming you can issue my policy in the next few milliseconds."
2150,1717,7,19,110,136,1.2426470588235294,0.04608451496483136,626,"Ha, turns out their balls are REALLY ticklish!"
2153,1717,7,19,110,136,1.2426470588235294,0.04608451496483136,626,My fortune cookie did say my life would be unexpectedly upside down.
2415,1717,7,19,110,136,1.2426470588235294,0.04608451496483136,626,Some people will do anything for frequent flyer miles.
2511,1717,6,21,109,136,1.2426470588235294,0.044887081189025055,626,I just passed the buck.
1726,1717,5,23,108,136,1.2426470588235294,0.04365681614360453,626,I thought the Buck Stops Here!
1111,1743,6,20,107,133,1.2406015037593985,0.04547210134179587,626,"Hello, Uber?"
2485,1743,7,18,108,133,1.2406015037593985,0.04670795614230299,626,"Honey, you were right! He has been working on his glutes!"
3851,1745,7,18,109,134,1.2388059701492538,0.04639283801274597,626,Post something that says I had a bad fall - I want to see how many people care about me.
2991,1745,5,22,107,134,1.2388059701492538,0.04390733102351806,626,"911,Send an ambulance to Happy Trails Dude Ranch"
3145,1745,5,22,107,134,1.2388059701492538,0.04390733102351806,626,"Oh, I thought you said bucking list!"
3603,1745,5,22,107,134,1.2388059701492538,0.04390733102351806,626,"Great, so can you help me NOW?"
3645,1745,3,26,105,134,1.2388059701492538,0.04127241229127147,626,"Don’t worry, mom. I’m not driving!"
5784,1745,4,24,106,134,1.2388059701492538,0.042610243685934766,626,He ate too much of  the laughing cow cheese
3675,1745,3,26,105,134,1.2388059701492538,0.04127241229127147,626,I said I wanted a vintage Mustang!
3697,1745,5,22,107,134,1.2388059701492538,0.04390733102351806,626,What kind of noise are you hearing?
3888,1745,3,26,105,134,1.2388059701492538,0.04127241229127147,626,Lately I’ve been dropping a lot of calls.
5112,1745,5,22,107,134,1.2388059701492538,0.04390733102351806,626,The flight is great but I’m expecting a rough landing.
4143,1745,3,26,105,134,1.2388059701492538,0.04127241229127147,626,"Hey Bill, you'll never guess what I'm doing!"
4337,1745,4,24,106,134,1.2388059701492538,0.042610243685934766,626,"Don, you'll never believe what just happened."
4830,1745,4,24,106,134,1.2388059701492538,0.042610243685934766,626,You wouldn’t believe what Im doing now!
4843,1745,6,20,108,134,1.2388059701492538,0.0451671846393246,626,"Very funny. No, I'm not texting."
4979,1745,7,18,109,134,1.2388059701492538,0.04639283801274597,626,"no, not calling  while driving ,why do you ask?"
2987,1745,8,16,110,134,1.2388059701492538,0.04758693381077347,626,"Yeah, you won't believe what I'm doing right now!"
5256,1745,4,24,106,134,1.2388059701492538,0.042610243685934766,626,"OK, yeah, I have a better signal now."
5744,1745,7,18,109,134,1.2388059701492538,0.04639283801274597,626,Just preparing for Trump's economic safety net repeals.
3926,1745,5,22,107,134,1.2388059701492538,0.04390733102351806,626,Can you hear me OK? I'm using my old flip phone!
2884,1745,7,18,109,134,1.2388059701492538,0.04639283801274597,626,Oh hun you just wouldn't believe this work retreat -- the boss has us doing all sorts of fun stuff.
1684,1745,5,22,107,134,1.2388059701492538,0.04390733102351806,626,Tell the boss it's my first rodeo!
2319,1745,7,18,109,134,1.2388059701492538,0.04639283801274597,626,should have used hands free
2572,1745,4,24,106,134,1.2388059701492538,0.042610243685934766,626,"Oh shit, gotta go."
226,1745,8,16,110,134,1.2388059701492538,0.04758693381077347,626,The mileage is great but it handles a little rough.
343,1745,5,22,107,134,1.2388059701492538,0.04390733102351806,626,Dr. Sparks?  Would you have an opening in say...ten seconds?
555,1745,6,20,108,134,1.2388059701492538,0.0451671846393246,626,"At the end of the day, it looks like I’ll have a head injury."
646,1745,8,16,110,134,1.2388059701492538,0.04758693381077347,626,It's how I keep all my calls under 8 1/2 seconds!
881,1745,4,24,106,134,1.2388059701492538,0.042610243685934766,626,Guess I can’t ride and talk at the same time
1046,1745,4,24,106,134,1.2388059701492538,0.042610243685934766,626,"Hello, GEICO?"
1229,1745,4,24,106,134,1.2388059701492538,0.042610243685934766,626,"You're selling accident insurance?  Funny, I was just thinking about that."
1,1745,8,16,110,134,1.2388059701492538,0.04758693381077347,626,"I’ll have to call you back later, the call is about to drop."
1505,1745,5,22,107,134,1.2388059701492538,0.04390733102351806,626,The secret is to relax and let go.
1526,1745,6,20,108,134,1.2388059701492538,0.0451671846393246,626,What am I doing right now? Just fighting with the old nag.
1615,1745,7,18,109,134,1.2388059701492538,0.04639283801274597,626,"When you go low, I go high!"
1797,1745,5,22,107,134,1.2388059701492538,0.04390733102351806,626,"Hold on, I'm going hands free."
1964,1745,6,20,108,134,1.2388059701492538,0.0451671846393246,626,"Hold on a sec, I'm taking another call."
2057,1745,7,18,109,134,1.2388059701492538,0.04639283801274597,626,Gotta run! I'm about to shatter my clavicle.
2078,1745,5,22,107,134,1.2388059701492538,0.04390733102351806,626,Why? Didn't I give you an apple?
1490,1745,4,24,106,134,1.2388059701492538,0.042610243685934766,626,I'll call you back. It's bucking ridiculous here.
2186,1745,5,22,107,134,1.2388059701492538,0.04390733102351806,626,"Whoops, I probably should have let this one go through to voicemail."
3587,1785,6,19,105,130,1.2384615384615385,0.04607924800236506,626,"A bad day bronco riding 
is better than a good day at work."
3454,1785,5,21,104,130,1.2384615384615385,0.044766466379273236,626,"No, dear, its okay.  I am not driving anymore."
3402,1785,6,19,105,130,1.2384615384615385,0.04607924800236506,626,It takes more than a bucking bronco to get me  off my cell phone!
3004,1785,4,23,103,130,1.2384615384615385,0.0434140061237124,626,"You go low, I go high.  Same outcome."
2875,1785,4,23,103,130,1.2384615384615385,0.0434140061237124,626,I'm tickled to death. They're sending in the clowns.
2842,1785,8,15,107,130,1.2384615384615385,0.04859854180134617,626,Can we hire this horse to go to the White House?
2698,1785,5,21,104,130,1.2384615384615385,0.044766466379273236,626,The middle manager's dream of becoming a horse whisperer ended as one might expect.
2430,1785,5,21,104,130,1.2384615384615385,0.044766466379273236,626,Tell him the bucks stops here!
2598,1785,2,27,101,130,1.2384615384615385,0.040574065102673786,626,"I'm about to finish my first riding lesson, you?"
2452,1785,4,23,103,130,1.2384615384615385,0.0434140061237124,626,I'm going to have to let you go.
2361,1785,5,21,104,130,1.2384615384615385,0.044766466379273236,626,I told you - I'm on it!
2358,1785,8,15,107,130,1.2384615384615385,0.04859854180134617,626,Can I get back to you? Things are up in the air now.
2346,1785,5,21,104,130,1.2384615384615385,0.044766466379273236,626,"Hello, I would like to schedule an ambulance please."
2283,1785,5,21,104,130,1.2384615384615385,0.044766466379273236,626,"No, I’m happy with my current credit cards, but thanks for calling!"
3710,1785,4,23,103,130,1.2384615384615385,0.0434140061237124,626,I'm in the middle of something.  Can I call you back?
2628,1785,4,23,103,130,1.2384615384615385,0.0434140061237124,626,"Yeah, I've had a pretty uneventful day, how about you?"
3717,1785,4,23,103,130,1.2384615384615385,0.0434140061237124,626,Just landing honey.
4529,1785,6,19,105,130,1.2384615384615385,0.04607924800236506,626,"Hello Allstate, I'd like to increase my policy immediately."
3971,1785,5,21,104,130,1.2384615384615385,0.044766466379273236,626,I'll have to circle back to you on that one.
2217,1785,8,15,107,130,1.2384615384615385,0.04859854180134617,626,"Actually, the Russia investigation is going great!"
5739,1785,5,21,104,130,1.2384615384615385,0.044766466379273236,626,Yee haw!  This horse can't jump worth a darn but she  sure can throw.
5480,1785,4,23,103,130,1.2384615384615385,0.0434140061237124,626,"You were right, this hair gel is amazing!"
5394,1785,3,25,102,130,1.2384615384615385,0.042018035929025456,626,Wyoming’s been great so far!
5200,1785,7,17,106,130,1.2384615384615385,0.04735565099162219,626,you really think this will get rid of my diarrhea?
5135,1785,7,17,106,130,1.2384615384615385,0.04735565099162219,626,"Yeah, we're good - they just said no texting.  LMAO, literally."
4690,1785,5,21,104,130,1.2384615384615385,0.044766466379273236,626,I'm upset.Call back later
4576,1785,7,17,106,130,1.2384615384615385,0.04735565099162219,626,"Sorry ,I must’ve bucked called you ."
4546,1785,6,19,105,130,1.2384615384615385,0.04607924800236506,626,When I switched cell providers they said they would save me a buck.
4455,1785,3,25,102,130,1.2384615384615385,0.042018035929025456,626,I finally got the dismount down.
4332,1785,6,19,105,130,1.2384615384615385,0.04607924800236506,626,It's either this or go home to my wife.
4274,1785,4,23,103,130,1.2384615384615385,0.0434140061237124,626,And now can you hear me?
4182,1785,3,25,102,130,1.2384615384615385,0.042018035929025456,626,Hold that thought!
4084,1785,5,21,104,130,1.2384615384615385,0.044766466379273236,626,"No, they said the selfie stick would be too dangerous."
3993,1785,7,17,106,130,1.2384615384615385,0.04735565099162219,626,"The ""Horse Whisperer"" was astonished, after whispering ""No more bucking"", but he's afraid the horse heard something else!!"
3910,1785,6,19,105,130,1.2384615384615385,0.04607924800236506,626,I called you a palomino because I thought we were friends.
2214,1785,4,23,103,130,1.2384615384615385,0.0434140061237124,626,It's some kind of team-building thing.
2111,1785,5,21,104,130,1.2384615384615385,0.044766466379273236,626,"It's easy, instead of 144 characters, I get 8 seconds."
430,1785,5,21,104,130,1.2384615384615385,0.044766466379273236,626,Whooooooa - hold the phone!
681,1785,4,23,103,130,1.2384615384615385,0.0434140061237124,626,"You know. This, that and the other... nothing unusual."
652,1785,6,19,105,130,1.2384615384615385,0.04607924800236506,626,Buck off !
645,1785,5,21,104,130,1.2384615384615385,0.044766466379273236,626,"Well, it's harder than riding a desk but easier than deciphering Trump's tweets."
578,1785,4,23,103,130,1.2384615384615385,0.0434140061237124,626,The extension for the head trauma ward please!
496,1785,7,17,106,130,1.2384615384615385,0.04735565099162219,626,Bluetooth wasn't an option with my new mustang.
2198,1785,6,19,105,130,1.2384615384615385,0.04607924800236506,626,Phone's great; plans start at just 50 bucks a month!
721,1785,4,23,103,130,1.2384615384615385,0.0434140061237124,626,Lucy! I am having this Awesome Dream that I am taming a Wild Horse!
409,1785,7,17,106,130,1.2384615384615385,0.04735565099162219,626,"No, no - I said, ""BUCKED!"
198,1785,4,23,103,130,1.2384615384615385,0.0434140061237124,626,Brokeback Mounting
121,1785,4,23,103,130,1.2384615384615385,0.0434140061237124,626,"No, you're not interrupting anything. I'm always available to make a quick buck."
118,1785,7,17,106,130,1.2384615384615385,0.04735565099162219,626,Can ‘Yee Haw!’ me now?
76,1785,5,21,104,130,1.2384615384615385,0.044766466379273236,626,"No, I'm just taking a short flight."
63,1785,6,19,105,130,1.2384615384615385,0.04607924800236506,626,"I’m fine, I’m just trying to recreate a very elaborate white lie"
37,1785,8,15,107,130,1.2384615384615385,0.04859854180134617,626,"...6 seconds is a long time, but 15 minutes could save me 15% or more on car insurance."
404,1785,6,19,105,130,1.2384615384615385,0.04607924800236506,626,Our relationship went from stable to detached.
756,1785,6,19,105,130,1.2384615384615385,0.04607924800236506,626,Amazing what a guy's gotta do these days to get a buck.
752,1785,7,17,106,130,1.2384615384615385,0.04735565099162219,626,I don't care how much you spent. Get off my back.
875,1785,3,25,102,130,1.2384615384615385,0.042018035929025456,626,I thought I told you to put the phone down!
2067,1785,6,19,105,130,1.2384615384615385,0.04607924800236506,626,Please stop the Hokey Pokey music immediately.
2045,1785,7,17,106,130,1.2384615384615385,0.04735565099162219,626,Something just came up.  I'll call you back.
2025,1785,7,17,106,130,1.2384615384615385,0.04735565099162219,626,OMG Brittany you'll never guess what just happened!
2001,1785,3,25,102,130,1.2384615384615385,0.042018035929025456,626,"Let me call you back, I've gotta take this selfie"
1793,1785,3,25,102,130,1.2384615384615385,0.042018035929025456,626,I'll hold
1715,1785,5,21,104,130,1.2384615384615385,0.044766466379273236,626,"When I said, ""This ain't my first rodeo."" I lied."
761,1785,6,19,105,130,1.2384615384615385,0.04607924800236506,626,I had no idea there were two types of dude ranch!
1581,1785,4,23,103,130,1.2384615384615385,0.0434140061237124,626,"Hon, are you sitting down?"""
1651,1785,7,17,106,130,1.2384615384615385,0.04735565099162219,626,Team building is out. Now it's all about individual thrill seeking.
1529,1785,4,23,103,130,1.2384615384615385,0.0434140061237124,626,"It's not a job, it's an adventure!!"
1376,1785,6,19,105,130,1.2384615384615385,0.04607924800236506,626,Tom learns the real meaning of 'Giddy-up!'
1218,1785,3,25,102,130,1.2384615384615385,0.042018035929025456,626,"Have to call you back, I'm about to break my neck."
1187,1785,2,27,101,130,1.2384615384615385,0.040574065102673786,626,"No, no, no, it's my fault. I shouldn't have answered."
1177,1785,8,15,107,130,1.2384615384615385,0.04859854180134617,626,Customer Support! CUS-TO-MER SUP-PORT!
1047,1785,5,21,104,130,1.2384615384615385,0.044766466379273236,626,Can you believe that Quack thought I had ADHD?
1541,1785,7,17,106,130,1.2384615384615385,0.04735565099162219,626,Next time I'll check the mouth for Bluetooth.
5153,1857,4,22,100,126,1.2380952380952381,0.044262666813799055,626,Turns out they are strict here about the no cell phone rule after all.
3458,1858,4,24,107,135,1.237037037037037,0.04233041136859312,626,Call me back on my landline!
4280,1858,4,24,107,135,1.237037037037037,0.04233041136859312,626,"You told me, ""buck you, and the horse you rode in on.""  So I did it!!"
1506,1860,3,25,103,131,1.2366412213740459,0.04173576960964363,626,And cancel all my appointments for tomorrow
2273,1860,4,23,104,131,1.2366412213740459,0.04311976666223454,626,"If I'm still conscious after I hit the ground, I'll live stream my death."
3489,1862,3,24,100,127,1.236220472440945,0.04250718476420963,626,I feel like the universe is just sending is me a message that this job isn't right for me.
2389,1863,5,21,106,132,1.2348484848484849,0.044158998786431834,626,So far it's more fun than the mechanical one.
4494,1863,4,23,105,132,1.2348484848484849,0.042829391226308085,626,"Yes, I really think this place is doing wonders for my masculinity!"
5783,1865,3,24,101,128,1.234375,0.04221414840770096,626,"As I told you, sell it all. The buck stops here!"
5513,1865,5,20,103,128,1.234375,0.04503440149389559,626,That’s not what I meant by “let’s kick up our heels “
4919,1865,2,26,100,128,1.234375,0.04073085844570931,626,You Win!
4711,1865,6,18,104,128,1.234375,0.04638026319434138,626,"So I said, ""Dude, I'll trade jobs with you for a day.""  And here I am...whoa, gotta go..."
4448,1865,6,18,104,128,1.234375,0.04638026319434138,626,Hey Google: Please find nearest emergency room.
4404,1865,5,20,103,128,1.234375,0.04503440149389559,626,"No, now's fine- I'm just hanging out."
4297,1865,4,22,102,128,1.234375,0.0436470597159808,626,"Yeah, he doesn’t like it when I chat while riding. I’ll call you later."
3515,1865,7,16,105,128,1.234375,0.04768815691594056,626,"Addicted? No way! Not only does this smartphone analyze the bronco's moves down to the millisecond, it also reveals the contours of the topography into which I am being thrown!"
3269,1865,7,16,105,128,1.234375,0.04768815691594056,626,Aflac?!
3137,1865,4,22,102,128,1.234375,0.0436470597159808,626,What if I throw in a set of Broncos season tickets for free?
2934,1865,5,20,103,128,1.234375,0.04503440149389559,626,"Hello, is this the glue factory?"
1353,1865,3,24,101,128,1.234375,0.04221414840770096,626,"You know me: I always land on my feet"""
1682,1865,5,20,103,128,1.234375,0.04503440149389559,626,I answered because I thought it might be important.
1817,1865,7,16,105,128,1.234375,0.04768815691594056,626,"Honey, bring my GoPro!"
114,1865,5,20,103,128,1.234375,0.04503440149389559,626,Whoa! I got off him just in time.
819,1865,4,22,102,128,1.234375,0.0436470597159808,626,"This dude ranch is the cure. I'm flying high, babe!"
868,1865,3,24,101,128,1.234375,0.04221414840770096,626,Me? I'm bucking the system!
449,1865,5,20,103,128,1.234375,0.04503440149389559,626,"Sorry, but I'm just getting a real kick out of this."
1086,1865,5,20,103,128,1.234375,0.04503440149389559,626,A horse of a different color would NOT take that statement as an affront!
1337,1865,4,22,102,128,1.234375,0.0436470597159808,626,And then I said ----
1422,1865,5,20,103,128,1.234375,0.04503440149389559,626,"Dude, this team building retreat bucks."
1051,1865,6,18,104,128,1.234375,0.04638026319434138,626,"The reception out here is so . . .  Oh, that's better!"
5573,1887,1,27,96,124,1.2338709677419355,0.03984771524368586,626,GOOGLE SEARCH: Riding a Bucking Bronco in four easy steps.  Step 4: kiss your ass goodbye!!
3139,1887,3,23,98,124,1.2338709677419355,0.04301280155099031,626,"With this choreography, we’re a shoe-in for “So You Think You Can Buck!”"
3757,1889,6,17,102,125,1.232,0.047022300817734855,626,Wild horses couldn’t distract me away.
3794,1889,3,23,99,125,1.232,0.04270831300812524,626,I NEED MORE LIFE INSURANCE
3935,1889,5,19,101,125,1.232,0.04562964514577153,626,"Hey Honey, do you meed me to pick anything up on the way home?"
3952,1889,5,19,101,125,1.232,0.04562964514577153,626,911...what is the nature of your impending emergency?
4109,1889,5,19,101,125,1.232,0.04562964514577153,626,No problem--it has screen rotation.
4115,1889,8,13,104,125,1.232,0.04969065596591154,626,.... ... and the horse you rode in on.
4221,1889,5,19,101,125,1.232,0.04562964514577153,626,his base doesn't know it's a stunt and they forget about the tax cuts if there's an elite they can mock
4129,1889,4,21,100,125,1.232,0.04419312455647955,626,"Yes, I can hold on."
4137,1889,5,19,101,125,1.232,0.04562964514577153,626,Sorry. No chance for a selfie.
4183,1889,6,17,102,125,1.232,0.047022300817734855,626,Screw you. Not the horse you rode in on!
4240,1889,3,23,99,125,1.232,0.04270831300812524,626,Hey! I'm about to go. Don't forget to water the Bonsai tree.
4266,1889,5,19,101,125,1.232,0.04562964514577153,626,Call you when I land!
4421,1889,6,17,102,125,1.232,0.047022300817734855,626,Ha! I couldn't even lead this one to water.
3747,1889,2,25,98,125,1.232,0.041169985935575484,626,"Marty I am telling ya, this is better than the Bull Market high."
3658,1889,7,15,103,125,1.232,0.04837488017822953,626,"This is the LAST time I play 'Truth or Dare' "" !"
4967,1889,6,17,102,125,1.232,0.047022300817734855,626,"Frank's job offered great flexibility, but unfortunately no health insurance."
3519,1889,2,25,98,125,1.232,0.041169985935575484,626,"Oh, but I think I'll have a perfectly good reason to wear the neck brace in court tomorrow!"
4501,1889,5,19,101,125,1.232,0.04562964514577153,626,"My head's about to crack open, make sure you get the shot!"
3059,1889,5,19,101,125,1.232,0.04562964514577153,626,How Bob learned the importance of selecting a situationally-appropriate idiom to describe the size of his appetite.
3064,1889,7,15,103,125,1.232,0.04837488017822953,626,I'm just  checking in on the fly.
3119,1889,5,19,101,125,1.232,0.04562964514577153,626,"Hey Siri, quickly search for ‘how to land safely on bucking horse’!"
3298,1889,5,19,101,125,1.232,0.04562964514577153,626,"Dearest, did you change the call tone on my cell phone?"
3337,1889,6,17,102,125,1.232,0.047022300817734855,626,"You do the Hokey Pokey, and you turn yourself around. That’s what it’s all about!"
3364,1889,6,17,102,125,1.232,0.047022300817734855,626,So my whispers meant nothing to you !?
3375,1889,3,23,99,125,1.232,0.04270831300812524,626,Hi mom just calling to say goodbye
3377,1889,7,15,103,125,1.232,0.04837488017822953,626,"After serving as White House press secretary for two years, Jim was enjoying his new job....."
3394,1889,5,19,101,125,1.232,0.04562964514577153,626,I'll call you back when I get out of the hospital.
3421,1889,3,23,99,125,1.232,0.04270831300812524,626,14 seconds! Beat you by 3 seconds!  Hello?!
3436,1889,5,19,101,125,1.232,0.04562964514577153,626,I'm losing you.
3445,1889,5,19,101,125,1.232,0.04562964514577153,626,"OK Google, call this selfie ""Head over Heels"""
3492,1889,4,21,100,125,1.232,0.04419312455647955,626,"Yes I have been horsing around, I am sorry."
3508,1889,6,17,102,125,1.232,0.047022300817734855,626,I’m just trying to make a buck
3583,1889,4,21,100,125,1.232,0.04419312455647955,626,"I took your advice and got off my high-What do you mean, metaphor?"
4572,1889,6,17,102,125,1.232,0.047022300817734855,626,"When I said ""whoa"", I didn't mean that fast."
5838,1889,7,15,103,125,1.232,0.04837488017822953,626,I’m spending the whole month at an Airbnbronc!
4656,1889,5,19,101,125,1.232,0.04562964514577153,626,"Yes sir, I take full responsibility. The bucking stops here."
5855,1889,4,21,100,125,1.232,0.04419312455647955,626,"Not only self-driving, but a lot more fun too!"
3053,1889,5,19,101,125,1.232,0.04562964514577153,626,I wish the buck would stop here!
5781,1889,4,21,100,125,1.232,0.04419312455647955,626,Getting psyched up for the board meeting
5750,1889,3,23,99,125,1.232,0.04270831300812524,626,This Jackass is breaking up our call
5743,1889,5,19,101,125,1.232,0.04562964514577153,626,Tell them I’m now overqualified — I’ve just completed my first rodeo.
5728,1889,6,17,102,125,1.232,0.047022300817734855,626,"Yes, you did catch me at my first rodeo."
5692,1889,3,23,99,125,1.232,0.04270831300812524,626,"And after this, i'm taking him to a winter rodeo"
5653,1889,5,19,101,125,1.232,0.04562964514577153,626,I’m having a lot of fun with these free roaming charges
5580,1889,3,23,99,125,1.232,0.04270831300812524,626,I told you I would call you back in 8 seconds
5500,1889,5,19,101,125,1.232,0.04562964514577153,626,"Life insurance?  Yeah, sign me up."
5467,1889,5,19,101,125,1.232,0.04562964514577153,626,"Ok, I’ll  try couples therapy"
5466,1889,5,19,101,125,1.232,0.04562964514577153,626,Mama did not let me grow up to be a cowboy
5432,1889,4,21,100,125,1.232,0.04419312455647955,626,"Honey, remember that City Slickers movie?"
5421,1889,5,19,101,125,1.232,0.04562964514577153,626,And another one bites the dust...
5406,1889,5,19,101,125,1.232,0.04562964514577153,626,"Honey,for God sake, what did you feed the horse!"
5391,1889,5,19,101,125,1.232,0.04562964514577153,626,I'm sure glad cannabis is legal in this state. Yahoo!
5329,1889,6,17,102,125,1.232,0.047022300817734855,626,"As matter of fact,  I am loving the 8-second work week."
4675,1889,6,17,102,125,1.232,0.047022300817734855,626,Yahoo! Next time I'll give it a go holding a beer!
4712,1889,5,19,101,125,1.232,0.04562964514577153,626,I'm ready to day trade.
4733,1889,6,17,102,125,1.232,0.047022300817734855,626,"Honey, I got the new job eight seconds ago."
4885,1889,3,23,99,125,1.232,0.04270831300812524,626,Siri; the number for Neurosurgery Inc. please.
4887,1889,2,25,98,125,1.232,0.041169985935575484,626,I'll call you when I'm back on the saddle!
4940,1889,6,17,102,125,1.232,0.047022300817734855,626,"So I say to the guy, ""New factory? More like GLUE factory haha!"""
4628,1889,4,21,100,125,1.232,0.04419312455647955,626,One buck per roaming charge.
4960,1889,5,19,101,125,1.232,0.04562964514577153,626,Got some risky stock here Mac-how does the market look?
5184,1889,5,19,101,125,1.232,0.04562964514577153,626,"What!? Hahaha! Nah, we're gonna ride this one out, don't worry."
5210,1889,5,19,101,125,1.232,0.04562964514577153,626,Hayday! Hayday!
5228,1889,0,29,96,125,1.232,0.03790650637827827,626,Of course i didn't forget her birthday. I'm bringing her present home right now!
5247,1889,6,17,102,125,1.232,0.047022300817734855,626,"Look at me, hands free!!"
5248,1889,5,19,101,125,1.232,0.04562964514577153,626,Buy that insurance !
5258,1889,4,21,100,125,1.232,0.04419312455647955,626,"Yeah, Tom Cruise.  I do my own stunts."
5067,1889,4,21,100,125,1.232,0.04419312455647955,626,"Hi driver, how close are you?"
3015,1889,6,17,102,125,1.232,0.047022300817734855,626,"At first I was gonna hoof it, but then I got thrown a couple bucks so now I’m a little up in the air."
4707,1889,6,17,102,125,1.232,0.047022300817734855,626,"I know this all seems up in the air at the moment. But trust me sir, this isn't our first rodeo."
2966,1889,4,21,100,125,1.232,0.04419312455647955,626,I have good news. It doesn't bite!
767,1889,4,21,100,125,1.232,0.04419312455647955,626,"You're right, it is more exciting this way!"
787,1889,3,23,99,125,1.232,0.04270831300812524,626,YouTube it!
816,1889,7,15,103,125,1.232,0.04837488017822953,626,Well I went and bucked myself like you suggested.
838,1889,3,23,99,125,1.232,0.04270831300812524,626,I'm just passing the corral fence.
899,1889,4,21,100,125,1.232,0.04419312455647955,626,Quick doctor! How do I avoid breaking my neck when thrown by a bucking bronco?
914,1889,4,21,100,125,1.232,0.04419312455647955,626,Yee haw. This sure beats day trading!
765,1889,6,17,102,125,1.232,0.047022300817734855,626,"Sorry, I can’t hear you over my screams of terror."
919,1889,5,19,101,125,1.232,0.04562964514577153,626,"Google ""severe head trauma,"" then get here fast."
1028,1889,5,19,101,125,1.232,0.04562964514577153,626,"Man, it's a good thing I found my old flip-phone."
1037,1889,6,17,102,125,1.232,0.047022300817734855,626,The dealer told me the new Ford Bronco was self parking and hands free.
1038,1889,5,19,101,125,1.232,0.04562964514577153,626,"No not busy, just horsing around."
1057,1889,7,15,103,125,1.232,0.04837488017822953,626,I love my anniversary present.  Did you try the Russian perfume I sent?
1115,1889,3,23,99,125,1.232,0.04270831300812524,626,"Like I said when you signed, I'm your insurance guy 24/7!"
1149,1889,2,25,98,125,1.232,0.041169985935575484,626,"I like buckin'. No dear, not fuckin'.  Wait I do like fuckin'. Must be bad  cell spot."
1025,1889,2,25,98,125,1.232,0.041169985935575484,626,They actually named you Daffodil?  Seriously?
1197,1889,4,21,100,125,1.232,0.04419312455647955,626,I'm really working on being more grounded!
678,1889,7,15,103,125,1.232,0.04837488017822953,626,So far it's going great!
497,1889,4,21,100,125,1.232,0.04419312455647955,626,"I'm going to have to put you on hold, this is my stop."
2971,1889,4,21,100,125,1.232,0.04419312455647955,626,We had agreed every which way but loose.
14,1889,5,19,101,125,1.232,0.04562964514577153,626,Being bucked is the last thing on my bucket...
48,1889,5,19,101,125,1.232,0.04562964514577153,626,Nothing.  What are you doing?
183,1889,5,19,101,125,1.232,0.04562964514577153,626,"Yes, I can finally hear you...but make it fast!"
209,1889,4,21,100,125,1.232,0.04419312455647955,626,"Nope, just horseing around"
244,1889,6,17,102,125,1.232,0.047022300817734855,626,"Wow, this is almost like being back in Congress."
609,1889,5,19,101,125,1.232,0.04562964514577153,626,SORRY! Gotta Fly!
295,1889,5,19,101,125,1.232,0.04562964514577153,626,"Apparently,Biscuit resents being kicked in his side."
393,1889,8,13,104,125,1.232,0.04969065596591154,626,Hello Uber?  What else if I don't want the Bronco.
396,1889,4,21,100,125,1.232,0.04419312455647955,626,I'm just bucking around - and you?
410,1889,5,19,101,125,1.232,0.04562964514577153,626,I would describe my leadership style as 'free rein.'
424,1889,5,19,101,125,1.232,0.04562964514577153,626,"Yeah, I'm up."
428,1889,5,19,101,125,1.232,0.04562964514577153,626,"Sure, I can talk now!"
491,1889,5,19,101,125,1.232,0.04562964514577153,626,Trump's indicted.
364,1889,4,21,100,125,1.232,0.04419312455647955,626,I was just kidding about that old grey mare comment.
1249,1889,4,21,100,125,1.232,0.04419312455647955,626,"Just another 9,999 hours until I'm an expert"
831,1889,6,17,102,125,1.232,0.047022300817734855,626,And I'd like to be buried with it as well!
1401,1889,6,17,102,125,1.232,0.047022300817734855,626,"Try as he might, he could never take a fence."
2173,1889,5,19,101,125,1.232,0.04562964514577153,626,"So, are we still on for next Tuesday?"
2179,1889,5,19,101,125,1.232,0.04562964514577153,626,"'Hold on, I think I'm about to enter a dead zone.'"
2250,1889,5,19,101,125,1.232,0.04562964514577153,626,Watch me stick the landing.
2372,1889,4,21,100,125,1.232,0.04419312455647955,626,Sell!  Sell !  Sell!
2409,1889,5,19,101,125,1.232,0.04562964514577153,626,"Apparently even if I get dropped, the call does not!"
2486,1889,5,19,101,125,1.232,0.04562964514577153,626,"Neigh sayers don't understand the kind of potential this project has Bill, but I'm excited to finally get it off the ground."
2647,1889,5,19,101,125,1.232,0.04562964514577153,626,"Okay Google, is it pronounced row-DAY-oh or ro-dee-oh?"
2659,1889,3,23,99,125,1.232,0.04270831300812524,626,You won't believe the spread I got on the Broncos.
2662,1889,5,19,101,125,1.232,0.04562964514577153,626,"Honey, you'll never guess what I got for just a few bucks!"
2720,1889,6,17,102,125,1.232,0.047022300817734855,626,That's why they pay me the big bucks.
2742,1889,5,19,101,125,1.232,0.04562964514577153,626,"Hi, honey. Yes, I’m loving Westworld!"
1396,1889,6,17,102,125,1.232,0.047022300817734855,626,"Well, you told me to buck off"
2854,1889,6,17,102,125,1.232,0.047022300817734855,626,It was GREAT coffee. I had five cups.
2921,1889,4,21,100,125,1.232,0.04419312455647955,626,I just saved a bunch of money on my life insurance!
2932,1889,8,13,104,125,1.232,0.04969065596591154,626,"Sorry, boss, but I'm assuming I won't be able to come in to work tomorrow."
2101,1889,4,21,100,125,1.232,0.04419312455647955,626,"Dude, you are never going to believe what I'm doing!"
2080,1889,5,19,101,125,1.232,0.04562964514577153,626,"Yes, yes, don't worry. I'm on top of this."
2832,1889,4,21,100,125,1.232,0.04419312455647955,626,"I’m losing my connection, Frank. I’ll have to call you back."
2058,1889,6,17,102,125,1.232,0.047022300817734855,626,But I got a great rate at GEICO!
1443,1889,5,19,101,125,1.232,0.04562964514577153,626,"Oh that?  Well, I just got thrown for a loop when you suggested I wasn’t in my office."
1496,1889,6,17,102,125,1.232,0.047022300817734855,626,"Hang on a minute?  Yeah, right!"
1549,1889,6,17,102,125,1.232,0.047022300817734855,626,Waddaya mean I've had my 8 seconds?
2064,1889,3,23,99,125,1.232,0.04270831300812524,626,I didn't mean this kind of Horseplay
1587,1889,7,15,103,125,1.232,0.04837488017822953,626,"This was great, now I can finally say, “This is not my first rodeo”."
1598,1889,7,15,103,125,1.232,0.04837488017822953,626,Now I know why it's called Uber-Basic.
1643,1889,4,21,100,125,1.232,0.04419312455647955,626,Actually pretty good for a Monday.
1577,1889,5,19,101,125,1.232,0.04562964514577153,626,Wanna hear a funny story?
1885,1889,2,25,98,125,1.232,0.041169985935575484,626,"It's like a mechanical bull, only authentic!"
1889,1889,6,17,102,125,1.232,0.047022300817734855,626,Hah! Is that all you got?
1894,1889,5,19,101,125,1.232,0.04562964514577153,626,"I’ll tell ya, this horse just cracks me up!"
1920,1889,8,13,104,125,1.232,0.04969065596591154,626,I reckon it beats working at the White House.
2000,1889,6,17,102,125,1.232,0.047022300817734855,626,"Dear, this job will be much more stable than the last job at the White House"
1747,1889,3,23,99,125,1.232,0.04270831300812524,626,Markets are bullish -- and I made a quick buck!
1411,1889,4,21,100,125,1.232,0.04419312455647955,626,I'm in a break; I'll call you back
3214,2030,3,23,100,126,1.2301587301587302,0.042407993275749206,626,This video is going to go V...I...R...A...L!
2210,2031,4,20,98,122,1.2295081967213115,0.044759038502775586,626,Incoming. Trigger. Mortis.
1719,2031,1,26,95,122,1.2295081967213115,0.03996151319759143,626,My rates are about to soar.
4928,2033,3,23,101,127,1.2283464566929134,0.04211176049748538,626,Bluetooth?  I thought you weren’t supposed to look ‘em in the mouth!
5538,2034,3,22,98,123,1.2276422764227641,0.04290685281090794,626,"Yeah, and it's way cheaper than Rolfing!"
5511,2034,4,20,99,123,1.2276422764227641,0.04443284865346495,626,"Hi, have I called at a good time"
5381,2034,2,24,97,123,1.2276422764227641,0.04132454472601138,626,"Hey, Joe, I think I might be about to lose the connection. Will call you back when I land."
3793,2034,4,20,99,123,1.2276422764227641,0.04443284865346495,626,"Oh dear, could you pick me up on your way home?"
2131,2034,6,16,101,123,1.2276422764227641,0.047337491295075286,626,Dang . . . I shouldn't have told you I was a Conservative!
1099,2034,5,18,100,123,1.2276422764227641,0.0459081480870937,626,It's required for tenure.
996,2034,4,20,99,123,1.2276422764227641,0.04443284865346495,626,Hold on. I'm gonna send you a great selfie.
643,2034,5,18,100,123,1.2276422764227641,0.0459081480870937,626,"Yes, the service has been great out here, but I think I’m about to drop the call."
613,2034,2,24,97,123,1.2276422764227641,0.04132454472601138,626,you go your way- I go mine
568,2034,4,20,99,123,1.2276422764227641,0.04443284865346495,626,"'OK, you need to go over the stirrup thing again.'"
3494,2034,2,24,97,123,1.2276422764227641,0.04132454472601138,626,"Wow!  I have no idea what just happened, but I’ll text you when I land."
3945,2045,2,24,98,124,1.2258064516129032,0.041031017668178266,626,Hang on. I might have to put you on hold.
3871,2045,5,18,101,124,1.2258064516129032,0.04557340717535674,626,"I'm starting a new challenge, 'Go Buck Yourself'!"
3970,2045,7,14,103,124,1.2258064516129032,0.04836523677905297,626,My new cellular plan is only a buck!
1531,2045,3,22,99,124,1.2258064516129032,0.04259899945360052,626,"Hello, Mr. Trump?  Yep, the horse is great!  I'll set up an LLC and wire the money."
489,2045,8,12,104,124,1.2258064516129032,0.04970237893959763,626,"No, seriously, I love being a PETA volunteer and proving that horses really don't want humans to ride them."
1946,2045,2,24,98,124,1.2258064516129032,0.041031017668178266,626,I just got tossed like a real cowboy! I can’t wait to see the Indians.
5643,2051,6,15,99,120,1.225,0.04801741630812266,626,No - you get off my back!
5343,2051,5,17,98,120,1.225,0.046536182122071425,626,"Just a quick call to let you know that I've just validated your theory that the ""funny bone"" is not located anywhere near the elbow at all."
5327,2051,7,13,100,120,1.225,0.04945430508374905,626,"Honey,I have to call you back!"
5109,2051,3,21,96,120,1.225,0.04342239285991357,626,Gotta hang up now. I'll see you at the hospital!
4433,2051,5,17,98,120,1.225,0.046536182122071425,626,Dave had finally seen a man about a horse and died doing what he loved.
2900,2051,4,19,97,120,1.225,0.04500622428164394,626,I'll call you back - I'm about to go into a tumble.
3209,2051,4,19,97,120,1.225,0.04500622428164394,626,"Don't worry dear, this isn't my first rodeo!"
2948,2051,5,17,98,120,1.225,0.046536182122071425,626,Bucket list completed -- perfect timing!
2806,2051,2,23,95,120,1.225,0.04177856123984776,626,I wonder how many hits I'll get on Facebook. Heck this should go viral.
4247,2051,3,21,96,120,1.225,0.04342239285991357,626,Seriously? Pence is investing in BROKEBACK MOUNTAIN 2!
2578,2051,2,23,95,120,1.225,0.04177856123984776,626,"Oh, hi, Mom.  No.  Everything's fine at the moment."
339,2051,3,21,96,120,1.225,0.04342239285991357,626,"Horseback riding? No, first time! You?"""
350,2051,4,19,97,120,1.225,0.04500622428164394,626,"No, no, your signal's OK. It's the bronco that's breaking."
551,2051,7,13,100,120,1.225,0.04945430508374905,626,"'So cool, running with the bulls next year. Ciao, baby!'"
1192,2051,4,19,97,120,1.225,0.04500622428164394,626,"Hello, 911—I'm experiencing some road rage."
2668,2051,4,19,97,120,1.225,0.04500622428164394,626,My constituents think I’m a horse’s ass! Ha! I’m ON a horse’s ass!
1653,2051,7,13,100,120,1.225,0.04945430508374905,626,"You’re NOT 
Mr. Ed!!!"
2088,2051,5,17,98,120,1.225,0.046536182122071425,626,Synchronized bronc riding!
2297,2051,5,17,98,120,1.225,0.046536182122071425,626,Please remain on equine while we redirect your call.
2470,2051,3,21,96,120,1.225,0.04342239285991357,626,"Sorry, gotta hangup. Just took off."
1442,2051,6,15,99,120,1.225,0.04801741630812266,626,Wow!  The GPS is going wild!
3381,2072,2,22,92,116,1.2241379310344827,0.04256788721526796,626,Bill finds the penalty for cell phone use while riding a bit harsher than expected
171,2072,5,16,95,116,1.2241379310344827,0.047558386583394015,626,She swiped left!
859,2072,1,24,91,116,1.2241379310344827,0.04076886047574195,626,I'm head over heels for you honey.
4900,2072,2,22,92,116,1.2241379310344827,0.04256788721526796,626,Hey...I think I'm being hacked.  Can I call you right back?
5683,2072,2,22,92,116,1.2241379310344827,0.04256788721526796,626,I'm about to regret leaving my Bluetooth in the car!
4368,2077,2,23,96,121,1.2231404958677685,0.0414735524371983,626,I'm gonna be a little late for our 2pm.
4203,2077,2,23,96,121,1.2231404958677685,0.0414735524371983,626,"Hang on a minute, Ed. My Uber guy insists this is where I get off."
4176,2077,3,21,97,121,1.2231404958677685,0.04310216466249686,626,"Please,  transfer me to the Obamacare application hotline."
4057,2077,9,9,103,121,1.2231404958677685,0.0518096794005206,626,This is actually my second rodeo.
3968,2077,5,17,99,121,1.2231404958677685,0.04618743002437898,626,Don't saddle me with your problems.
3965,2077,6,15,100,121,1.2231404958677685,0.0476552173333504,626,Hello Mr. Whipple. Not even bucking broncos can keep me from thinking of squeezing the Charmin.
3723,2077,3,21,97,121,1.2231404958677685,0.04310216466249686,626,"Yes, every morning! It gives me a kick."
3790,2077,5,17,99,121,1.2231404958677685,0.04618743002437898,626,"Yeah...yeah...Hey, listen, babe: gotta bounce."
3750,2077,5,17,99,121,1.2231404958677685,0.04618743002437898,626,This is awesome!  I found a huge hole in their personal injury waiver.
3734,2077,2,23,96,121,1.2231404958677685,0.0414735524371983,626,There’s more than one way to horse a deadbeat!”
3579,2077,3,21,97,121,1.2231404958677685,0.04310216466249686,626,"Hey, all you said was, 'Don't get the coat dirty.'"
3529,2077,3,21,97,121,1.2231404958677685,0.04310216466249686,626,Gotta hang up now...coming in for a landing
4374,2077,4,19,98,121,1.2231404958677685,0.04467144104934325,626,Of course I miss Hawaiian shirt day but I'm so much happier now!
3464,2077,4,19,98,121,1.2231404958677685,0.04467144104934325,626,So I need to tip better and raise my rating?
3861,2077,5,17,99,121,1.2231404958677685,0.04618743002437898,626,Excuse me but I keep getting interrupted...this stupid horse thinks he's going to throw me off
4465,2077,2,23,96,121,1.2231404958677685,0.0414735524371983,626,I was just horsing around!
4941,2077,7,13,101,121,1.2231404958677685,0.04907912780317939,626,Get off my back you phone crazy idiot!
4550,2077,4,19,98,121,1.2231404958677685,0.04467144104934325,626,"Hold on, I'm in a New Yorker cartoon,
and I can't think of a thing!"
5597,2077,2,23,96,121,1.2231404958677685,0.0414735524371983,626,I'm confident we're going to buck the trends this year
5531,2077,5,17,99,121,1.2231404958677685,0.04618743002437898,626,You really threw me off  by calling me today.
5301,2077,2,23,96,121,1.2231404958677685,0.0414735524371983,626,Remember that thing we were talking about? The answer is 2 seconds.
5195,2077,7,13,101,121,1.2231404958677685,0.04907912780317939,626,"Ya, we'll be auditioning for Dancing with the Stars."
5165,2077,6,15,100,121,1.2231404958677685,0.0476552173333504,626,Can you hold on a moment?
5122,2077,5,17,99,121,1.2231404958677685,0.04618743002437898,626,"Yep,  just wrapping the shot for the  “38-42.5 year old,  liberal arts-but-nothing-beyond-that-educated, self-congratulatory family man who hasn’t travelled since his semester abroad, which was epic” voter."
5104,2077,3,21,97,121,1.2231404958677685,0.04310216466249686,626,"Hold your horses, I'm taking you off speakerphone !"
4510,2077,5,17,99,121,1.2231404958677685,0.04618743002437898,626,"Have to call you back, I'm about to break up."
5073,2077,4,19,98,121,1.2231404958677685,0.04467144104934325,626,"Hang on,I have a fall coming in ...."
4985,2077,4,19,98,121,1.2231404958677685,0.04467144104934325,626,Wait until you see the get up and go of the classic mustang I bought.
4974,2077,4,19,98,121,1.2231404958677685,0.04467144104934325,626,It's o.k.! I'm at a red light!
3413,2077,2,23,96,121,1.2231404958677685,0.0414735524371983,626,"Margaret, please make an appointment with my chiropractor."
4889,2077,6,15,100,121,1.2231404958677685,0.0476552173333504,626,I haven't had this much fun since Trump was elected president!
4855,2077,6,15,100,121,1.2231404958677685,0.0476552173333504,626,Hey hon. Justified is not content with the triple crown. Now we’re practicing swing dancing.
4817,2077,4,19,98,121,1.2231404958677685,0.04467144104934325,626,"Sorry,  I'm a bit up in the air and can't take your call right now."
4789,2077,5,17,99,121,1.2231404958677685,0.04618743002437898,626,I’m bucking. What’s up with you?
5058,2077,5,17,99,121,1.2231404958677685,0.04618743002437898,626,"I gotta go Ma, my client is giving me grief. Also he is a horse"
3369,2077,5,17,99,121,1.2231404958677685,0.04618743002437898,626,I told you I was going to fall for you!
3477,2077,5,17,99,121,1.2231404958677685,0.04618743002437898,626,"I'll have a latte, a few bandages and a splint if you have one."
3193,2077,1,25,95,121,1.2231404958677685,0.03977831701981723,626,I give you my word I'm not driving. What kind of idiot do you think I am?
1463,2077,3,21,97,121,1.2231404958677685,0.04310216466249686,626,Then you will? You said you'll marry me?
1456,2077,4,19,98,121,1.2231404958677685,0.04467144104934325,626,I gotta hang up!  Bessie hates it when I talk on the cell and drive at the same time!
1211,2077,3,21,97,121,1.2231404958677685,0.04310216466249686,626,"In fact, we've already launched!"
1207,2077,4,19,98,121,1.2231404958677685,0.04467144104934325,626,"Sorry, no, I can't hold on for a sec."
1003,2077,6,15,100,121,1.2231404958677685,0.0476552173333504,626,"You worry too much. It's all under control, Babe!"
3267,2077,6,15,100,121,1.2231404958677685,0.0476552173333504,626,I just discovered the bronc I’m riding is a mare and has a leg growing out of its neck.
851,2077,4,19,98,121,1.2231404958677685,0.04467144104934325,626,Back in the twaddle again.
748,2077,4,19,98,121,1.2231404958677685,0.04467144104934325,626,"Hello Dar’lin. I know you know how I feel about Obamacare. BUT,
can you please sign me up? 
NOW!"
744,2077,4,19,98,121,1.2231404958677685,0.04467144104934325,626,"Hey, it's me, Bill. I'm doing a bit of multitasking here."
528,2077,4,19,98,121,1.2231404958677685,0.04467144104934325,626,Last one down buys dinner!
493,2077,3,21,97,121,1.2231404958677685,0.04310216466249686,626,Oh nothing really--Buddy and I are just kickin' it for awhile before we head home.
479,2077,4,19,98,121,1.2231404958677685,0.04467144104934325,626,This is the quickest buck I've ever made!
420,2077,4,19,98,121,1.2231404958677685,0.04467144104934325,626,"I'm losing your signal, can you speak a little louder ?"
402,2077,4,19,98,121,1.2231404958677685,0.04467144104934325,626,You’re breaking up!
370,2077,5,17,99,121,1.2231404958677685,0.04618743002437898,626,"So far, it's all upside!"
145,2077,8,11,102,121,1.2231404958677685,0.05046287578758044,626,But her emaaaaiiiils!
116,2077,5,17,99,121,1.2231404958677685,0.04618743002437898,626,"So that long thing I grabbed WAS the brake!"""
1514,2077,7,13,101,121,1.2231404958677685,0.04907912780317939,626,You won’t believe where I am right now!
1527,2077,6,15,100,121,1.2231404958677685,0.0476552173333504,626,Shoot! What part of giddyap didn't you get?
985,2077,4,19,98,121,1.2231404958677685,0.04467144104934325,626,My office is trying out one of those alternate work spaces.
1624,2077,6,15,100,121,1.2231404958677685,0.0476552173333504,626,Another day hurtling toward the ground.
1595,2077,6,15,100,121,1.2231404958677685,0.0476552173333504,626,I’m just finishing up a corporate trust exercise. Call you back.
2963,2077,4,19,98,121,1.2231404958677685,0.04467144104934325,626,"New horse, who dis"
2981,2077,3,21,97,121,1.2231404958677685,0.04310216466249686,626,Let me put you on hold for just a sec...we are about to get cut off.
3023,2077,4,19,98,121,1.2231404958677685,0.04467144104934325,626,"Hey, I'll have to cal you back...I'm getting disconnected."
2841,2077,7,13,101,121,1.2231404958677685,0.04907912780317939,626,"I""m pretty confident that if we hold on to our horses, we can buck the trend and ride out that wild market."
2740,2077,5,17,99,121,1.2231404958677685,0.04618743002437898,626,"Yeah, great talking with ya but I gotta bounce. Bye!"
2390,2077,4,19,98,121,1.2231404958677685,0.04467144104934325,626,"I just received a push notification, feels too real!"
2347,2077,5,17,99,121,1.2231404958677685,0.04618743002437898,626,"Very funny Bob, no this isn’t my first rodeo!"
2225,2077,3,21,97,121,1.2231404958677685,0.04310216466249686,626,"I'd text, but my other hand's a little tied up right now."
2154,2077,4,19,98,121,1.2231404958677685,0.04467144104934325,626,GTG! TTYL!
2037,2077,3,21,97,121,1.2231404958677685,0.04310216466249686,626,"I got the job, really?!!"
1901,2077,4,19,98,121,1.2231404958677685,0.04467144104934325,626,It’s okay.  This isn’t my first rodeo.
1861,2077,5,17,99,121,1.2231404958677685,0.04618743002437898,626,"Notching my Bucket List.  How about you?"""
1795,2077,1,25,95,121,1.2231404958677685,0.03977831701981723,626,"Hey, can I call you back? I’ve gotta fly!"
1717,2077,4,19,98,121,1.2231404958677685,0.04467144104934325,626,Still better than paying surge prices for an Uber.
1686,2077,4,19,98,121,1.2231404958677685,0.04467144104934325,626,Sheriff found a  way to stop texting while on the road.
1661,2077,3,21,97,121,1.2231404958677685,0.04310216466249686,626,Whoa Nelly! I said turn left!!!
3060,2077,5,17,99,121,1.2231404958677685,0.04618743002437898,626,"Nothing much...same old, same old."
5646,2154,3,21,98,122,1.221311475409836,0.042786519284517405,626,I think we're about to lose our connection.
4416,2154,4,19,99,122,1.221311475409836,0.04434150684593693,626,I detect an anti-incumbency bias.
3804,2154,2,23,97,122,1.221311475409836,0.04117284585258212,626,I'm on my way... I just got thrown off a bit!
3822,2154,3,21,98,122,1.221311475409836,0.042786519284517405,626,I'll call you in 10. I'm in the middle of my resiliency training.
2436,2154,6,15,101,122,1.221311475409836,0.04729836385263293,626,Your joke has a real kick to it.
308,2154,5,17,100,122,1.221311475409836,0.04584378067145163,626,I am trying to earn a buck the hard way.
169,2154,6,15,101,122,1.221311475409836,0.04729836385263293,626,"Like Times Square, but calmer."
4231,2154,5,17,100,122,1.221311475409836,0.04584378067145163,626,Jokes on you. I didn’t say Simon says.
3630,2162,4,18,96,118,1.2203389830508475,0.04525203171228205,626,I just saved 15% on my car insurance so all good
3771,2162,5,16,97,118,1.2203389830508475,0.04682532355183029,626,"Hey Siri, Inflate rescue necktie.""  Okay, calling Roscoe Nesterov"
4032,2162,6,14,98,118,1.2203389830508475,0.048347445406947874,626,Ten bucks if I stick this landing?
4500,2162,1,24,93,118,1.2203389830508475,0.04016407249217566,626,You'll never guess where I was just calling from.
4091,2162,6,14,98,118,1.2203389830508475,0.048347445406947874,626,OMG! GMO!
4108,2162,5,16,97,118,1.2203389830508475,0.04682532355183029,626,"Yep, lots more fun than riding the donkey in DC!"
4119,2162,5,16,97,118,1.2203389830508475,0.04682532355183029,626,"I’m at work. What do yo think I’m doing, horsing around?"
4136,2162,5,16,97,118,1.2203389830508475,0.04682532355183029,626,"Woah big fella, I didn't mean it that way....."
4287,2162,3,20,95,118,1.2203389830508475,0.043622033680757795,626,I wasn't texting. I swear it.
4586,2162,6,14,98,118,1.2203389830508475,0.048347445406947874,626,"Right, he bucked up and threw me. I'm falling right now!"
3615,2162,4,18,96,118,1.2203389830508475,0.04525203171228205,626,"Great conference call … sorry if I sounded hoarse.”
Jim Hein, Pittsburgh, Pa."
4714,2162,0,26,92,118,1.2203389830508475,0.03831824849223316,626,"No, I'm working outside the office today."
4757,2162,4,18,96,118,1.2203389830508475,0.04525203171228205,626,What could be safer? It's the original self-driving car!
4794,2162,3,20,95,118,1.2203389830508475,0.043622033680757795,626,"Yes, I'm satisfied with my Boost Mobile plan."
4849,2162,7,12,99,118,1.2203389830508475,0.04982308730921858,626,Hi! It’s me Text Ritter!
4851,2162,3,20,95,118,1.2203389830508475,0.043622033680757795,626,Cancel the mechanical bull order for our bar.  I'm bringing home something a heck of a lot better!
4853,2162,1,24,93,118,1.2203389830508475,0.04016407249217566,626,I told you it would be an uplifting experience!
5155,2162,4,18,96,118,1.2203389830508475,0.04525203171228205,626,"Once upon a time, Paul Manafort knew how to carefully control a different kind of big bucks."
5277,2162,2,22,94,118,1.2203389830508475,0.04192871654130322,626,"And honey, they even offer dressage at this year's corporate retreat"
5284,2162,5,16,97,118,1.2203389830508475,0.04682532355183029,626,"Well mom, you were right. I should have listened when you told me not to horse around..."
5523,2162,3,20,95,118,1.2203389830508475,0.043622033680757795,626,"I was sure you said “horse right, not horse left.”"
5639,2162,4,18,96,118,1.2203389830508475,0.04525203171228205,626,Did I tell you that even the dirt tastes better out here?
4663,2162,2,22,94,118,1.2203389830508475,0.04192871654130322,626,He's learned swipe-right!
3333,2162,4,18,96,118,1.2203389830508475,0.04525203171228205,626,"Yes, I can talk. I’m on of those new “self-driving” horses."
4039,2162,4,18,96,118,1.2203389830508475,0.04525203171228205,626,"Yeah, I know I said making money in this market is like breaking a wild horse, but really? Not so much"
3318,2162,5,16,97,118,1.2203389830508475,0.04682532355183029,626,"O  K ,you can have more oats!"
79,2162,3,20,95,118,1.2203389830508475,0.043622033680757795,626,"Yes, it’s been a wild ride recently, lots of ups and downs, but I think the worst is over now.  We’re somewhat upside-down in our current position, but I’m hoping for a soft landing, Mr. Chairman."
133,2162,3,20,95,118,1.2203389830508475,0.043622033680757795,626,Meditation is for sissies.
3323,2162,2,22,94,118,1.2203389830508475,0.04192871654130322,626,"LOL honey, Thunderbolt just hates your ringtone!"
316,2162,3,20,95,118,1.2203389830508475,0.043622033680757795,626,"When you said 'I bought you a Bronco.', I thought you meant the car!"
481,2162,0,26,92,118,1.2203389830508475,0.03831824849223316,626,"Sorry, but you're going to have to speak up."
540,2162,1,24,93,118,1.2203389830508475,0.04016407249217566,626,"If you must use your phone when riding a bucking bronco, please do so in a hands-free mode."
569,2162,3,20,95,118,1.2203389830508475,0.043622033680757795,626,5 o'clock sounds great. I really could use a drink.
732,2162,4,18,96,118,1.2203389830508475,0.04525203171228205,626,Western parkour.
910,2162,4,18,96,118,1.2203389830508475,0.04525203171228205,626,Yee-Haw Ma!! I ain't wearing a helmet this time either!
1269,2162,7,12,99,118,1.2203389830508475,0.04982308730921858,626,Everything was fine until I looked in its mouth.
1537,2162,3,20,95,118,1.2203389830508475,0.043622033680757795,626,"Sorry, I have to take this."
1625,2162,2,22,94,118,1.2203389830508475,0.04192871654130322,626,"No, there is no collusion"
1716,2162,2,22,94,118,1.2203389830508475,0.04192871654130322,626,That was my boss. I had to answer.
87,2162,3,20,95,118,1.2203389830508475,0.043622033680757795,626,"This is great, it's self-driving so I don't need to be hands free."
1996,2162,3,20,95,118,1.2203389830508475,0.043622033680757795,626,Talk to you later - this is my stop -
3186,2162,4,18,96,118,1.2203389830508475,0.04525203171228205,626,"A Republican cowboy: Yeah, ain't it great that the president is trying to repeal Obamacare."
3158,2162,4,18,96,118,1.2203389830508475,0.04525203171228205,626,"Yippee Ki-Yay!  I'm so happy, I could die!"
1856,2162,2,22,94,118,1.2203389830508475,0.04192871654130322,626,"911, I have a problem!"
3120,2162,5,16,97,118,1.2203389830508475,0.04682532355183029,626,My options seem up in the air.
2994,2162,4,18,96,118,1.2203389830508475,0.04525203171228205,626,Fred - I'm going to need to call you buck
2976,2162,5,16,97,118,1.2203389830508475,0.04682532355183029,626,"VR?  No, I'm using the Actual Reality app!"
3136,2162,5,16,97,118,1.2203389830508475,0.04682532355183029,626,"I thought you said Buck you"""
2643,2162,2,22,94,118,1.2203389830508475,0.04192871654130322,626,"Hold a sec, let me get a selfie."
2386,2162,4,18,96,118,1.2203389830508475,0.04525203171228205,626,"Wow, you're feisty. But I like that in a mare."
2016,2162,5,16,97,118,1.2203389830508475,0.04682532355183029,626,You'd love this - it's like lying on air!
2717,2162,3,20,95,118,1.2203389830508475,0.043622033680757795,626,"OK, OK, you can have 60%"
2093,2162,6,14,98,118,1.2203389830508475,0.048347445406947874,626,"Wait a minute, I got another call."
2327,2162,1,24,93,118,1.2203389830508475,0.04016407249217566,626,"Good news, honey! I made a buck today just like you told me to."""
5847,2216,8,10,101,119,1.218487394957983,0.05085743072843083,626,He says 'no cell phone calls while in the saddle!'
553,2216,3,20,96,119,1.218487394957983,0.04329352138381544,626,Let's circle back when I land.
4235,2216,4,18,97,119,1.218487394957983,0.04490833828041443,626,"Okay, cowboy.  We horses call this dance move ""Pas de Whoops!"""
3654,2216,3,20,96,119,1.218487394957983,0.04329352138381544,626,I wish this thing had Bluetooth. I’m dying over here!
2845,2216,2,22,95,119,1.218487394957983,0.04161609232633013,626,"It's a metaphor, literally."
845,2216,5,16,98,119,1.218487394957983,0.04646707114081311,626,"No, I did NOT give consent."
5173,2216,4,18,97,119,1.218487394957983,0.04490833828041443,626,"You can lead a horse to water, but you can’t make him take your calls."
4134,2223,1,23,91,115,1.2173913043478262,0.040557910675105675,626,The rideshare hardware needs some tweaking but otherwise it is ready to launch.
4164,2223,5,15,95,115,1.2173913043478262,0.04748858098023914,626,"Yeah, I'm livin' the dream, makin' the big bucks."
4209,2223,4,17,94,115,1.2173913043478262,0.045854225783672445,626,"You know me, always willing to buck tradition."
4210,2223,4,17,94,115,1.2173913043478262,0.045854225783672445,626,"At a dude ranch, man, it’s a kick! Where are you?"
4259,2223,2,21,92,115,1.2173913043478262,0.04239692700687835,626,"Medically covered!?!
Yeee Haw!!!"
4296,2223,5,15,95,115,1.2173913043478262,0.04748858098023914,626,I'm making America great again! Exciting! You?
4411,2223,5,15,95,115,1.2173913043478262,0.04748858098023914,626,"Busy? No, just working on my hip-hop dance routine with Jasper. I can talk."
4361,2223,3,19,93,115,1.2173913043478262,0.044159423919739836,626,Tweet this!
4130,2223,4,17,94,115,1.2173913043478262,0.045854225783672445,626,"No, I said that this dude ranch was BUCKIN' awesome!"
4434,2223,3,19,93,115,1.2173913043478262,0.044159423919739836,626,I'm on my way to a conference to teach a class on distracted riders.
4451,2223,2,21,92,115,1.2173913043478262,0.04239692700687835,626,It's my first rodeo!
4616,2223,4,17,94,115,1.2173913043478262,0.045854225783672445,626,I couldn't find the bull to grab by it's horns but I pulled this bronco's ears pretty hard
4664,2223,6,13,96,115,1.2173913043478262,0.049068529882333456,626,Why'd he throw me off?- He found out I'm a globalist.
4318,2223,1,23,91,115,1.2173913043478262,0.040557910675105675,626,"Yeah, I'm putting it on Facebook right now."
4482,2223,3,19,93,115,1.2173913043478262,0.044159423919739836,626,"I’m getting the big bucks now, Honey!"
3336,2223,5,15,95,115,1.2173913043478262,0.04748858098023914,626,"Hey Dad!  Guess what?  I can now truthfully say, “This ain’t my first rodeo!”"
4010,2223,4,17,94,115,1.2173913043478262,0.045854225783672445,626,I'll have to call you on my back.
3335,2223,4,17,94,115,1.2173913043478262,0.045854225783672445,626,I ‘m finally free to talk.
4691,2223,3,19,93,115,1.2173913043478262,0.044159423919739836,626,Try to understand. I'm on another F-A-L-L.
3355,2223,5,15,95,115,1.2173913043478262,0.04748858098023914,626,OKay Okay I'll increase your allowance to a dozen sugar cubes and two apples
3463,2223,3,19,93,115,1.2173913043478262,0.044159423919739836,626,"Yipee just got word ,my apple shares just tripled."
3575,2223,4,17,94,115,1.2173913043478262,0.045854225783672445,626,"Awesome, never better! And you?"
3591,2223,6,13,96,115,1.2173913043478262,0.049068529882333456,626,8 seconds up here is better than 2 days with a spreadsheet.
3593,2223,4,17,94,115,1.2173913043478262,0.045854225783672445,626,I'll get back to you when I land.
3626,2223,2,21,92,115,1.2173913043478262,0.04239692700687835,626,Horseback riding really does give you a high.
3650,2223,5,15,95,115,1.2173913043478262,0.04748858098023914,626,"Hey, this is really my first rodeo."
3672,2223,3,19,93,115,1.2173913043478262,0.044159423919739836,626,I’ve got a great idea for this year’s office party!
3832,2223,3,19,93,115,1.2173913043478262,0.044159423919739836,626,My other ride's a Jaguar.
3837,2223,5,15,95,115,1.2173913043478262,0.04748858098023914,626,At the sadist rodeo...
3855,2223,4,17,94,115,1.2173913043478262,0.045854225783672445,626,Would you visit me in the hospital?  I hav a hunch I'll be there within the hour.
3870,2223,4,17,94,115,1.2173913043478262,0.045854225783672445,626,That's the last time I ask you for ten bucks.
3912,2223,5,15,95,115,1.2173913043478262,0.04748858098023914,626,"Hey, can I call you back? I'm about to go through a dead zone."
4036,2223,6,13,96,115,1.2173913043478262,0.049068529882333456,626,"When you said you were putting me on the Bronco account, I thought you meant Ford!"
4730,2223,2,21,92,115,1.2173913043478262,0.04239692700687835,626,"Let me put you on ""whoa!"""
5304,2223,3,19,93,115,1.2173913043478262,0.044159423919739836,626,"Stick with me here- it's like Uber, but with horses."
4756,2223,6,13,96,115,1.2173913043478262,0.049068529882333456,626,Can I put you on mute for a second?
5419,2223,3,19,93,115,1.2173913043478262,0.044159423919739836,626,Can I call you back in 8 seconds?
5444,2223,5,15,95,115,1.2173913043478262,0.04748858098023914,626,This better be good!
5461,2223,4,17,94,115,1.2173913043478262,0.045854225783672445,626,"I know you've been seeing other horses, Brad!"
5497,2223,4,17,94,115,1.2173913043478262,0.045854225783672445,626,"So then I said - ""What could possibly be tougher than Wall Street!  Give me your best horse!"""
5498,2223,4,17,94,115,1.2173913043478262,0.045854225783672445,626,"SAM, SPORTS ILLUSTRATED WAS RIGHT, THE BRONCOS ARE TOUGH THIS YEAR!"
5524,2223,4,17,94,115,1.2173913043478262,0.045854225783672445,626,Oops! I'm breaking up!
5368,2223,1,23,91,115,1.2173913043478262,0.040557910675105675,626,Wild horses couldn't keep me away!
5608,2223,5,15,95,115,1.2173913043478262,0.04748858098023914,626,"Hey, Great idea, AAron Copland ring tone!"
5697,2223,4,17,94,115,1.2173913043478262,0.045854225783672445,626,"Sure, I'm on my break, so now's a great time."
5804,2223,4,17,94,115,1.2173913043478262,0.045854225783672445,626,"Found her on ""Buck that.com"""
5819,2223,6,13,96,115,1.2173913043478262,0.049068529882333456,626,I'd like to buy 100 shares in Amalgamated Glue.
5829,2223,3,19,93,115,1.2173913043478262,0.044159423919739836,626,Do you have one with a little spirit?
5837,2223,4,17,94,115,1.2173913043478262,0.045854225783672445,626,I'm working overtime today ... need the extra bucks.
5846,2223,4,17,94,115,1.2173913043478262,0.045854225783672445,626,Avenatti!
5628,2223,4,17,94,115,1.2173913043478262,0.045854225783672445,626,"Yup, they give you an Ultra Low Emissions Vehicle, and if you decline the insurance, it's half the price of an Uber!"
4751,2223,4,17,94,115,1.2173913043478262,0.045854225783672445,626,I MUST be covered! Its not like I got thrown off this horse intentionally.
5344,2223,6,13,96,115,1.2173913043478262,0.049068529882333456,626,"We're about to break up, dear. I'll call you back."
3322,2223,5,15,95,115,1.2173913043478262,0.04748858098023914,626,"Yes, the dude ranch is great. Posting some pics on my Instagram as we speak!"
4858,2223,5,15,95,115,1.2173913043478262,0.04748858098023914,626,"Yep, third day on his legal team is going well."
4867,2223,2,21,92,115,1.2173913043478262,0.04239692700687835,626,"Honey, I'm a wall street guy. It's called horse-trading."
4882,2223,3,19,93,115,1.2173913043478262,0.044159423919739836,626,Yes... double indemnity please.
4883,2223,3,19,93,115,1.2173913043478262,0.044159423919739836,626,"No, this is a good time. I'm just horsing around"
4892,2223,4,17,94,115,1.2173913043478262,0.045854225783672445,626,"Yeah, she just did the entrechat quatre from 'Swan Lake'!  Call the Bolshoi!"
4903,2223,3,19,93,115,1.2173913043478262,0.044159423919739836,626,He's perfect...my mother-in-law won't know what hit her!
5339,2223,7,11,97,115,1.2173913043478262,0.05059916922351761,626,Funny you should ask. It is my first rodeo.
4921,2223,5,15,95,115,1.2173913043478262,0.04748858098023914,626,I'm officially stepping down off this horse to spend more time with family
4962,2223,3,19,93,115,1.2173913043478262,0.044159423919739836,626,Hold dinner while I complete my bucket list.
5046,2223,2,21,92,115,1.2173913043478262,0.04239692700687835,626,"Right ?"" ""No,left !"
5124,2223,4,17,94,115,1.2173913043478262,0.045854225783672445,626,"Hey, you know that meeting I scheduled?"
5148,2223,6,13,96,115,1.2173913043478262,0.049068529882333456,626,My ride doesn’t allow texting.
5193,2223,6,13,96,115,1.2173913043478262,0.049068529882333456,626,I’ll take the ostrich jacket !
5194,2223,3,19,93,115,1.2173913043478262,0.044159423919739836,626,"Trying out a Riding App, how about you.."
4922,2223,4,17,94,115,1.2173913043478262,0.045854225783672445,626,I think you'd love it -- it beats even virtual reality.
3265,2223,6,13,96,115,1.2173913043478262,0.049068529882333456,626,...because this hurts less than watching network news!
5093,2223,3,19,93,115,1.2173913043478262,0.044159423919739836,626,"They specifically told me not to take the Pale Horse, so I told 'em, 'I'm on vacation... and this is America!'"
3102,2223,2,21,92,115,1.2173913043478262,0.04239692700687835,626,Actual reality sure beats virtual reality.
984,2223,5,15,95,115,1.2173913043478262,0.04748858098023914,626,Ha! I didn't want to go there anyway!
1065,2223,4,17,94,115,1.2173913043478262,0.045854225783672445,626,"Whoa, you're distracting me."
1085,2223,4,17,94,115,1.2173913043478262,0.045854225783672445,626,Whoops
1110,2223,5,15,95,115,1.2173913043478262,0.04748858098023914,626,"Hey, I get service out here!"
1198,2223,2,21,92,115,1.2173913043478262,0.04239692700687835,626,Funny you should call this a phone pitch!
1216,2223,4,17,94,115,1.2173913043478262,0.045854225783672445,626,"Hold on, I'm got to have a concussion."
970,2223,3,19,93,115,1.2173913043478262,0.044159423919739836,626,"No, I'm not too busy to talk."
1239,2223,2,21,92,115,1.2173913043478262,0.04239692700687835,626,"If I land upside down, maybe the world will make more sense."
1271,2223,5,15,95,115,1.2173913043478262,0.04748858098023914,626,I may be about to lose my signal
1296,2223,4,17,94,115,1.2173913043478262,0.045854225783672445,626,"No, I'm not driving. Just horsing around. Glad you called."
1348,2223,4,17,94,115,1.2173913043478262,0.045854225783672445,626,"Next, we're gonna do the twist!"
1429,2223,4,17,94,115,1.2173913043478262,0.045854225783672445,626,"Oops, got'a call ya back."
1433,2223,3,19,93,115,1.2173913043478262,0.044159423919739836,626,I'll  text you as
1439,2223,5,15,95,115,1.2173913043478262,0.04748858098023914,626,"Hey, yo-yo, the Mustang you're looking for is made by Ford."
1241,2223,4,17,94,115,1.2173913043478262,0.045854225783672445,626,Bill never misses a call from his mother.
951,2223,4,17,94,115,1.2173913043478262,0.045854225783672445,626,"No, I’m telling you—you’ll never take Uber again."
826,2223,5,15,95,115,1.2173913043478262,0.04748858098023914,626,"Raindrop, I keep falling on my head. Now, that's what I call a song title!"
726,2223,4,17,94,115,1.2173913043478262,0.045854225783672445,626,Whoaaaa! Tariffs!
45,2223,5,15,95,115,1.2173913043478262,0.04748858098023914,626,Me? I'm doing great Gil! I think I just won some sort of contest.
84,2223,4,17,94,115,1.2173913043478262,0.045854225783672445,626,Hello?....orthopedic surgery department please.
147,2223,3,19,93,115,1.2173913043478262,0.044159423919739836,626,"No, Joe, put me in a low risk portfolio."
254,2223,3,19,93,115,1.2173913043478262,0.044159423919739836,626,How do you think I feel - I'm the one wearing a tie.
284,2223,1,23,91,115,1.2173913043478262,0.040557910675105675,626,Sprint? I'm switching carriers.
293,2223,5,15,95,115,1.2173913043478262,0.04748858098023914,626,"My  boss is trying a new 'wide open spaces' office plan... Sure, it's going about as well as you could expect..."
303,2223,3,19,93,115,1.2173913043478262,0.044159423919739836,626,I'll be the one on the ground next to a horse.
344,2223,5,15,95,115,1.2173913043478262,0.04748858098023914,626,You’re sooooo frisky!
357,2223,2,21,92,115,1.2173913043478262,0.04239692700687835,626,"""Don't ever tell me to buck-up again!"""
452,2223,3,19,93,115,1.2173913043478262,0.044159423919739836,626,You cannot believe what my prostate feels like these days.
564,2223,4,17,94,115,1.2173913043478262,0.045854225783672445,626,I just dry-cleaned this shirt!
649,2223,4,17,94,115,1.2173913043478262,0.045854225783672445,626,Isn’t the horse in hands-free mode?
663,2223,4,17,94,115,1.2173913043478262,0.045854225783672445,626,"Hey, Marge, can you believe they wanted me to wear a safety belt on a horse--what a joke."
688,2223,3,19,93,115,1.2173913043478262,0.044159423919739836,626,"Hello, Mt. Sinai Hospital?  I'd like to make an appointment."
690,2223,5,15,95,115,1.2173913043478262,0.04748858098023914,626,OK keep up that positive energy and I’ll see you in our next session
1470,2223,5,15,95,115,1.2173913043478262,0.04748858098023914,626,lemme putcha on hold for a second.
1510,2223,6,13,96,115,1.2173913043478262,0.049068529882333456,626,Bye bye.
1093,2223,2,21,92,115,1.2173913043478262,0.04239692700687835,626,"Hello operator, I'm about to have a medical emergency."
1646,2223,4,17,94,115,1.2173913043478262,0.045854225783672445,626,"They're saying its a bull market, but i'm inclined to disagree"
2366,2223,4,17,94,115,1.2173913043478262,0.045854225783672445,626,"No, I can't hold on any longer!"
2523,2223,5,15,95,115,1.2173913043478262,0.04748858098023914,626,"No, I broke up with you first."
2533,2223,4,17,94,115,1.2173913043478262,0.045854225783672445,626,He just went berserk when he saw his selfie and found out he was a horse!
2539,2223,5,15,95,115,1.2173913043478262,0.04748858098023914,626,I think I’m about to drop the call!
2584,2223,4,17,94,115,1.2173913043478262,0.045854225783672445,626,I want you to investigate my horse's collusion with Vladimir Putin
2591,2223,3,19,93,115,1.2173913043478262,0.044159423919739836,626,"Me? Oh,I'm just multitasking."
2616,2223,3,19,93,115,1.2173913043478262,0.044159423919739836,626,I'm so happy finally to have found someone who loves swing dancing as much as I do!
2711,2223,3,19,93,115,1.2173913043478262,0.044159423919739836,626,Hold on. Let me switch to bronco mode.
2744,2223,3,19,93,115,1.2173913043478262,0.044159423919739836,626,"Honey, I don't think I'll make it home for dinner."
1571,2223,4,17,94,115,1.2173913043478262,0.045854225783672445,626,"Well shake the daylights out of  me, you can talk and do a mean two-step too Mr. Ed!"
2866,2223,4,17,94,115,1.2173913043478262,0.045854225783672445,626,"Hello! 911? It's too early to say, but I may need an ambulance."
2902,2223,3,19,93,115,1.2173913043478262,0.044159423919739836,626,"So I said to him """"Watch me whip...now watch me neigh neigh"" and he freaked out!"
2931,2223,3,19,93,115,1.2173913043478262,0.044159423919739836,626,"Hold on, I'm about to go through a dead zone."
2967,2223,7,11,97,115,1.2173913043478262,0.05059916922351761,626,I knew I should have asked for 'The Old Grey Mare'!
2986,2223,2,21,92,115,1.2173913043478262,0.04239692700687835,626,I said it’s a heel-clicking kind of day!
2325,2223,2,21,92,115,1.2173913043478262,0.04239692700687835,626,Checked off my bucket list.  Getting Trump to stop Tweeting next.
2323,2223,5,15,95,115,1.2173913043478262,0.04748858098023914,626,Get off my achin’ back!
2825,2223,4,17,94,115,1.2173913043478262,0.045854225783672445,626,"YES, I did turn off the garden hose!"
2289,2223,4,17,94,115,1.2173913043478262,0.045854225783672445,626,Just do the brakes; the shock absorbers can wait.
1655,2223,1,23,91,115,1.2173913043478262,0.040557910675105675,626,Hold on for a second !
2302,2223,5,15,95,115,1.2173913043478262,0.04748858098023914,626,I thought I had tickets to a football game!
1669,2223,4,17,94,115,1.2173913043478262,0.045854225783672445,626,Hang on a sec...
1751,2223,5,15,95,115,1.2173913043478262,0.04748858098023914,626,Not sure when I'll be in the office. Commute's a TOSS-UP this morning!
1753,2223,5,15,95,115,1.2173913043478262,0.04748858098023914,626,"Full-time disability benefits, here I come!"
1777,2223,3,19,93,115,1.2173913043478262,0.044159423919739836,626,"For the last time, stop trying to lead me to water!"
1840,2223,3,19,93,115,1.2173913043478262,0.044159423919739836,626,Board meetings were never like this!
1940,2223,2,21,92,115,1.2173913043478262,0.04239692700687835,626,Yes! I am starting to reevaluate my choices!
3152,2223,3,19,93,115,1.2173913043478262,0.044159423919739836,626,"Hey, baby, quit horsin' around!"
1999,2223,6,13,96,115,1.2173913043478262,0.049068529882333456,626,"Hey honey, you'll never guess what happened again on the way home from work! Yup!"
2028,2223,4,17,94,115,1.2173913043478262,0.045854225783672445,626,My dreams are so real these days!
2165,2223,5,15,95,115,1.2173913043478262,0.04748858098023914,626,"Acme Stunt Doubles - could you hold a moment, please?"
2181,2223,2,21,92,115,1.2173913043478262,0.04239692700687835,626,Is this supposed to be some kind of metaphor?
2207,2223,5,15,95,115,1.2173913043478262,0.04748858098023914,626,I'd like an order of fries and an ambulance .
2256,2223,3,19,93,115,1.2173913043478262,0.044159423919739836,626,"So I said, 'You think YOUR horse is stupid?  Listen to this . . . !"
2191,2223,6,13,96,115,1.2173913043478262,0.049068529882333456,626,The beta version of self-driving horses needs more tech support!
5309,2367,5,16,99,120,1.2166666666666666,0.04611417649244208,626,You're not going to believe this! Let me take a selfie and send it.
3588,2367,3,20,97,120,1.2166666666666666,0.042969817648649274,626,Your breaking up with me isn't the only thing throwing me for a loop now!
2674,2367,5,16,99,120,1.2166666666666666,0.04611417649244208,626,I'm so present with this adventure right now.
1012,2370,2,20,89,111,1.2162162162162162,0.04322276337316575,626,"...just discovering the perils of distracted riding."""
2416,2370,2,20,89,111,1.2162162162162162,0.04322276337316575,626,"Look up ""Rodeo Fail"" - I'm gonna be famous!"
2109,2370,3,18,90,111,1.2162162162162162,0.045077793173721833,626,You have arrived at your destination on the left.
5588,2373,4,17,95,116,1.2155172413793103,0.045495826592063866,626,"Jerry, I’m telling you you have to come down. I haven’t been bucked this hard in years."
1629,2373,3,19,94,116,1.2155172413793103,0.04381717927724109,626,Ha ha! Thanks for the rollover minutes!!!
1493,2373,3,19,94,116,1.2155172413793103,0.04381717927724109,626,The next horse I get will have bluetooth
1491,2373,5,15,96,116,1.2155172413793103,0.047114703382027195,626,Hey it’s John from the Filly office
1434,2373,4,17,95,116,1.2155172413793103,0.045495826592063866,626,"So I'm at this political rally right, and this politician is saying young healthy people don't need health care..."
1194,2373,4,17,95,116,1.2155172413793103,0.045495826592063866,626,You’ll love it.  No traffic!
1263,2373,4,17,95,116,1.2155172413793103,0.045495826592063866,626,"Honey, I'm throne"
561,2373,3,19,94,116,1.2155172413793103,0.04381717927724109,626,Thanks again for recommending this place for R & R after the Trump Whitehouse.
778,2373,3,19,94,116,1.2155172413793103,0.04381717927724109,626,"Hey, I really should go--I going to break up soon anyway."
1013,2373,3,19,94,116,1.2155172413793103,0.04381717927724109,626,"You've reached horse-related-injuries law firm, how may I help you?"
1043,2373,6,13,97,116,1.2155172413793103,0.048679773132767,626,"Peterson? Is this a good time? Are you sure? Hate to be a bother. Oh, not too bad, Yourself? Glad to hear it; glad to hear it. Oh, nothing much just horsing around. Well, now that you mention it, I think I might like to reconsider that resignation."
700,2373,2,21,93,116,1.2155172413793103,0.042071607555840156,626,Days like this can be ball busters.
3197,2385,4,18,99,121,1.2148760330578512,0.04423611137544672,626,This is a lot more fun than being tossed around in a New York cab!
4305,2385,2,22,97,121,1.2148760330578512,0.04100428582425275,626,I'm feeling a bit hoarse today.
1088,2387,5,15,97,117,1.2136752136752136,0.04674658407270865,626,"Oh, you know....just another day at the office."
2072,2387,5,15,97,117,1.2136752136752136,0.04674658407270865,626,We just adopted him! They were very specific about no refunds. I don't know why!
4594,2387,2,21,94,117,1.2136752136752136,0.04175112541577314,626,That’s not what I meant by “more horsepower.”
2020,2387,8,9,100,117,1.2136752136752136,0.05125748502853041,626,"He saw I was on my cell phone and, well,  I guess he needs more attention."
4959,2391,3,18,92,113,1.2123893805309736,0.044358269149919076,626,"Yes, honey, I told them to take the job and keep it, I’m finally going to chase my dream job of being a rodeo clown!"
5554,2391,4,16,93,113,1.2123893805309736,0.04610513913732104,626,He's through the loop!  Just a sec--we've got to stick the landing.
5472,2391,1,22,90,113,1.2123893805309736,0.040639887010011776,626,"Return to work? Sorry boss, but I'm not ready to get back in the saddle"
5270,2391,4,16,93,113,1.2123893805309736,0.04610513913732104,626,"You were absolutely right. E-rodeo is an amazing virtual reality application. By the way, does it hurt when you fall to the ground?"
4813,2391,3,18,92,113,1.2123893805309736,0.044358269149919076,626,You wouldn't dare do this to the  Marlboro man.
2263,2391,5,14,94,113,1.2123893805309736,0.04778819590408077,626,"Great news, I just got my own internet meme!"
1472,2391,3,18,92,113,1.2123893805309736,0.044358269149919076,626,Collusions not a crime!?!?!  That's a good one!!
1437,2391,4,16,93,113,1.2123893805309736,0.04610513913732104,626,"So then Karen shows up at the party, and Tiffany totally exploded."
366,2391,4,16,93,113,1.2123893805309736,0.04610513913732104,626,I think he likes me!
47,2391,4,16,93,113,1.2123893805309736,0.04610513913732104,626,Sorry. It must have been a butt dial.
3973,2391,2,20,91,113,1.2123893805309736,0.04253972530566686,626,Yes! He broke stride. I win on points.
38,2391,4,16,93,113,1.2123893805309736,0.04610513913732104,626,I can totally see it's butt hole!
1604,2403,2,20,92,114,1.2105263157894737,0.042206058518233065,626,This horse moves around more than the money I launder.
3516,2404,2,19,89,110,1.209090909090909,0.04302074784174658,626,Will do. I'm heading right over.
3484,2404,4,15,91,110,1.209090909090909,0.046737523336702363,626,"I’m working from home, home on the range."
3419,2404,4,15,91,110,1.209090909090909,0.046737523336702363,626,Hold on - Just got in a WIFI Zone
3365,2404,5,13,92,110,1.209090909090909,0.04848919218796726,626,"Hello, emergency medical services? Would you please send an ambulance to the double bar TKO ranch immediately. Thanks."
3379,2404,3,17,90,110,1.209090909090909,0.0449175958423419,626,"This reminds me of my divorce,"
3633,2404,4,15,91,110,1.209090909090909,0.046737523336702363,626,"Horsing around is for the birds, that I can tell you."
3350,2404,3,17,90,110,1.209090909090909,0.0449175958423419,626,I just got the best selfie!
3399,2404,3,17,90,110,1.209090909090909,0.0449175958423419,626,"So I had a few minutes to kill before our meeting,"
3798,2404,5,13,92,110,1.209090909090909,0.04848919218796726,626,It looks like i'm getting roped in !!
3928,2404,5,13,92,110,1.209090909090909,0.04848919218796726,626,I have to do this in 8 seconds or less or I'm paying roaming fees.
3874,2404,4,15,91,110,1.209090909090909,0.046737523336702363,626,I’ve been thinking about switching to Bluetooth.
3347,2404,4,15,91,110,1.209090909090909,0.046737523336702363,626,"911?  Yeah, it’ll be an emergency in just about one second."
3984,2404,5,13,92,110,1.209090909090909,0.04848919218796726,626,Cancel my tee time. Golf has suddenly gotten old.
4007,2404,2,19,89,110,1.209090909090909,0.04302074784174658,626,"I can't today, I'm at the Agnes de Mille dance retreat."
4053,2404,4,15,91,110,1.209090909090909,0.046737523336702363,626,I said this was a no call zone and I mean’t it!
4090,2404,1,21,88,110,1.209090909090909,0.041036314082411394,626,Hang on a sec..traffic got a little rough..
4092,2404,1,21,88,110,1.209090909090909,0.041036314082411394,626,Oh! I finally got service!
4093,2404,5,13,92,110,1.209090909090909,0.04848919218796726,626,I think I’ll call him “trebuchet!”
4101,2404,4,15,91,110,1.209090909090909,0.046737523336702363,626,I’d rather be bucked off a bronco than take that deal
3873,2404,4,15,91,110,1.209090909090909,0.046737523336702363,626,"Okay, thanks--  I guess I'll just have to get right back on the horse that threw me."
3334,2404,3,17,90,110,1.209090909090909,0.0449175958423419,626,"Mister, two hands on the reins, I might have brown teeth but no blue tooth."
3275,2404,4,15,91,110,1.209090909090909,0.046737523336702363,626,I'll call you back. I am about to get workers comp!
3278,2404,4,15,91,110,1.209090909090909,0.046737523336702363,626,You always call me at the right time.
2764,2404,4,15,91,110,1.209090909090909,0.046737523336702363,626,"Honey gotta go.  First time I used the internet to get a ride with Uber, and now they want to drop me off."
2769,2404,4,15,91,110,1.209090909090909,0.046737523336702363,626,I thought you told me the word was giddy up!
2794,2404,4,15,91,110,1.209090909090909,0.046737523336702363,626,I called to catch up. But I'm leaping ahead.
2800,2404,4,15,91,110,1.209090909090909,0.046737523336702363,626,I've think I've really bucked it up this time.
2805,2404,3,17,90,110,1.209090909090909,0.0449175958423419,626,"Hey don't worry about me, I hit the ground running"
2850,2404,2,19,89,110,1.209090909090909,0.04302074784174658,626,The new job allows me to hit the hay earlier.
2868,2404,4,15,91,110,1.209090909090909,0.046737523336702363,626,Still a smoother ride than the economy
2892,2404,4,15,91,110,1.209090909090909,0.046737523336702363,626,Was it something I said ?
2933,2404,3,17,90,110,1.209090909090909,0.0449175958423419,626,Not much. I’m just horsing around. What’s new with you?
2968,2404,3,17,90,110,1.209090909090909,0.0449175958423419,626,This whole mid-life crisis thing is great!
5843,2404,3,17,90,110,1.209090909090909,0.0449175958423419,626,"Gotta go, hon. I have another fall coming."
2758,2404,2,19,89,110,1.209090909090909,0.04302074784174658,626,Damn dude! I told you to tell me if you were going to zag before you zig....
3029,2404,4,15,91,110,1.209090909090909,0.046737523336702363,626,Did you say Buck off?
3032,2404,4,15,91,110,1.209090909090909,0.046737523336702363,626,"Don't worry honey, I've got life insurance riders."
3077,2404,4,15,91,110,1.209090909090909,0.046737523336702363,626,The new job sucks but the commute is a hoot.
3088,2404,3,17,90,110,1.209090909090909,0.0449175958423419,626,And I’m using a flip phone
3144,2404,3,17,90,110,1.209090909090909,0.0449175958423419,626,"Hey, can you believe they make you sign release forms at this dude ranch now?"
3146,2404,3,17,90,110,1.209090909090909,0.0449175958423419,626,I'm in training for my new job at the White House.  It's gonna be a bumpy ride!
3176,2404,3,17,90,110,1.209090909090909,0.0449175958423419,626,Finally got cell reception.
3183,2404,6,11,93,110,1.209090909090909,0.050179751199407645,626,Silly humans! They’re so oblivious. He didn’t even see the ghost!
3184,2404,3,17,90,110,1.209090909090909,0.0449175958423419,626,"Damn-it, Bob! This may be a bull market, but seriously ... no more horsing around here!"
4111,2404,3,17,90,110,1.209090909090909,0.0449175958423419,626,I know you want me to commit to the relationship.  The Good News is that I am no longer on the fence.
3007,2404,3,17,90,110,1.209090909090909,0.0449175958423419,626,I'm up in the air about what the cattle call is going to be like.
4132,2404,3,17,90,110,1.209090909090909,0.0449175958423419,626,We're definitely winning Dancing with the Stars!
4244,2404,1,21,88,110,1.209090909090909,0.041036314082411394,626,I know how to make a quick buck.
4158,2404,5,13,92,110,1.209090909090909,0.04848919218796726,626,I can’t help myself — anything for another buck.
5274,2404,1,21,88,110,1.209090909090909,0.041036314082411394,626,Ma! Ma! Remember how you said I need some down time?
5275,2404,2,19,89,110,1.209090909090909,0.04302074784174658,626,Roy and Trigger killin' it on DWTS.
5326,2404,5,13,92,110,1.209090909090909,0.04848919218796726,626,"""Just a second, I'll show you on Insta"""
5370,2404,4,15,91,110,1.209090909090909,0.046737523336702363,626,"Sorry, dear - I thought you said 'get off your bucking high horse."
5424,2404,4,15,91,110,1.209090909090909,0.046737523336702363,626,"I'm not calling because my monthly phone plan is too high, you should see the only way I get good reception"
5447,2404,4,15,91,110,1.209090909090909,0.046737523336702363,626,And now what?
5456,2404,4,15,91,110,1.209090909090909,0.046737523336702363,626,Ok fine! I'll only get pineapple on HALF the pizza
5489,2404,5,13,92,110,1.209090909090909,0.04848919218796726,626,I'll call you back as soon as I am released from the emergency room!
5543,2404,2,19,89,110,1.209090909090909,0.04302074784174658,626,You'd be surprised - it's a bigger rush than cocaine.
5215,2404,5,13,92,110,1.209090909090909,0.04848919218796726,626,"How about ""The buck stops here"" for our new logo?"
5582,2404,3,17,90,110,1.209090909090909,0.0449175958423419,626,"I know the call is breaking up, this horse doesn't have Bluetooth."
5665,2404,2,19,89,110,1.209090909090909,0.04302074784174658,626,Everything's going well so far!
5695,2404,5,13,92,110,1.209090909090909,0.04848919218796726,626,And then what did he say?
5696,2404,2,19,89,110,1.209090909090909,0.04302074784174658,626,"Hi honey, I just crossed another one off the old bucket list!"
5704,2404,2,19,89,110,1.209090909090909,0.04302074784174658,626,"Hold on a minute, it's Fall Waiting."""
5713,2404,3,17,90,110,1.209090909090909,0.0449175958423419,626,Can you hold on a sec?  There's someone on my other line.
5751,2404,1,21,88,110,1.209090909090909,0.041036314082411394,626,Sure the market's volatile right now. I'm going to make a fortune!
5766,2404,2,19,89,110,1.209090909090909,0.04302074784174658,626,Looks like the Apocalypse will have to settle for four horsemen.
5814,2404,0,23,87,110,1.209090909090909,0.038950910157241364,626,"Believe me, the buck stops here."""
5815,2404,2,19,89,110,1.209090909090909,0.04302074784174658,626,I can't talk now; I'm out in the field.
5619,2404,5,13,92,110,1.209090909090909,0.04848919218796726,626,No! I'm not texting and riding.
5213,2404,5,13,92,110,1.209090909090909,0.04848919218796726,626,Yeeehaaaa!!!! Can you hear me now?
5205,2404,4,15,91,110,1.209090909090909,0.046737523336702363,626,Excel just booted me—I'll need a minute to find those figures.
5199,2404,3,17,90,110,1.209090909090909,0.0449175958423419,626,Yeeeeeeha! Can you hear me now?
4185,2404,3,17,90,110,1.209090909090909,0.0449175958423419,626,Customer service.  Please hold
4262,2404,3,17,90,110,1.209090909090909,0.0449175958423419,626,"Yeah, this new Bronco is a great ride!"
4336,2404,3,17,90,110,1.209090909090909,0.0449175958423419,626,"Hello, mortuary?"
4379,2404,4,15,91,110,1.209090909090909,0.046737523336702363,626,Nothing much.. What are you up to?
4430,2404,3,17,90,110,1.209090909090909,0.0449175958423419,626,Dude ranch is great. I feel like a million bucks!
4441,2404,2,19,89,110,1.209090909090909,0.04302074784174658,626,"Hi, I'd like to order a neck brace and 6 ice packs."
4519,2404,3,17,90,110,1.209090909090909,0.0449175958423419,626,"No bolo tie, no ride."
5842,2404,3,17,90,110,1.209090909090909,0.0449175958423419,626,Let me phone you back; something just came up.
4704,2404,3,17,90,110,1.209090909090909,0.0449175958423419,626,"Yup, my flip phone is still working perfectly!"
4744,2404,4,15,91,110,1.209090909090909,0.046737523336702363,626,Why is he smiling? He didn't even make 1 second of his 8 second ride!
4755,2404,2,19,89,110,1.209090909090909,0.04302074784174658,626,"And then they said, 'Get off your high horse, Jim!'"
4857,2404,2,19,89,110,1.209090909090909,0.04302074784174658,626,"This is how I like my Martini--Shaken, not Stirred!"
4920,2404,2,19,89,110,1.209090909090909,0.04302074784174658,626,Calls are a buck per minute
4930,2404,5,13,92,110,1.209090909090909,0.04848919218796726,626,I'll give you a call from the hospital
4948,2404,3,17,90,110,1.209090909090909,0.0449175958423419,626,"I don't think the buck stops here, Bob."
4958,2404,4,15,91,110,1.209090909090909,0.046737523336702363,626,"Hey honey, this new car service app - ‘BUCKle UP’ - is  awesome...they sent me a Bronco and it’s one hell of a ride!"
4996,2404,5,13,92,110,1.209090909090909,0.04848919218796726,626,They're right. So much more fun than running for office.
5003,2404,2,19,89,110,1.209090909090909,0.04302074784174658,626,"Wait, I dropped my selfie stick."
5103,2404,7,9,94,110,1.209090909090909,0.05181518215568946,626,"Take it easy Bucko, this is my first rodeo!"
5111,2404,4,15,91,110,1.209090909090909,0.046737523336702363,626,"Hey Martha, I'm calling out sick today. I'm about to get a concussion in 3-2-1....."
5141,2404,6,11,93,110,1.209090909090909,0.050179751199407645,626,Things are a bit up in the air now.
4140,2404,4,15,91,110,1.209090909090909,0.046737523336702363,626,"I'm immersed in an Airbnb experience, may I call you back?"
2748,2404,4,15,91,110,1.209090909090909,0.046737523336702363,626,I can’t talk now. I’ll call back when I land
4685,2404,2,19,89,110,1.209090909090909,0.04302074784174658,626,"Operator: 'Sir,can you hold on? I'll be with you in a minute."
2673,2404,3,17,90,110,1.209090909090909,0.0449175958423419,626,My second wish was for a flying f+#k and I must not have  enunciated.
818,2404,5,13,92,110,1.209090909090909,0.04848919218796726,626,Hang on-I’m going into a bad cell area
840,2404,2,19,89,110,1.209090909090909,0.04302074784174658,626,"Hello, Mt. Sinai."
907,2404,2,19,89,110,1.209090909090909,0.04302074784174658,626,"Oh no, I'm just finishing my morning routine. Now it's time to meditate."
922,2404,3,17,90,110,1.209090909090909,0.0449175958423419,626,"No, you giddyup... no, you giddyup... no, YOU giddyup..."
1033,2404,5,13,92,110,1.209090909090909,0.04848919218796726,626,Tell him I was too bucking busy—or vice versa.
1044,2404,3,17,90,110,1.209090909090909,0.0449175958423419,626,Hold that while I take a selfie.
1098,2404,4,15,91,110,1.209090909090909,0.046737523336702363,626,I'll call you later. I'm about to land.
1109,2404,6,11,93,110,1.209090909090909,0.050179751199407645,626,Hold on a second - I think I'm about to hit a dead spot.
1131,2404,4,15,91,110,1.209090909090909,0.046737523336702363,626,I'll send you a selfie from the hospital.
740,2404,4,15,91,110,1.209090909090909,0.046737523336702363,626,'That's what you get for calling me a jackass!
1136,2404,5,13,92,110,1.209090909090909,0.04848919218796726,626,"Hey Dan, sorry I can't make the meeting. 
Working from homestead today."
1195,2404,4,15,91,110,1.209090909090909,0.046737523336702363,626,This horse is letting me fly freeeeeeee!!!!
1265,2404,5,13,92,110,1.209090909090909,0.04848919218796726,626,Can I call you back? I'm about to be out of range.
1276,2404,4,15,91,110,1.209090909090909,0.046737523336702363,626,"I might break every bone in my body, but at least I'll be less arrogant."
1313,2404,5,13,92,110,1.209090909090909,0.04848919218796726,626,So I decided to go retro on this whole autonomous vehicle movement.
1320,2404,6,11,93,110,1.209090909090909,0.050179751199407645,626,Look!  symmetry!
1338,2404,2,19,89,110,1.209090909090909,0.04302074784174658,626,It's OK.  I'm talking hands-free!
1339,2404,3,17,90,110,1.209090909090909,0.0449175958423419,626,"Her sashay is perfect! Book four weeks, seven days a week, twice on Sunday!"
1346,2404,5,13,92,110,1.209090909090909,0.04848919218796726,626,911 What is your  emergency?
1356,2404,6,11,93,110,1.209090909090909,0.050179751199407645,626,My total life has been one of  rejection.
1161,2404,3,17,90,110,1.209090909090909,0.0449175958423419,626,"No, I can't take a selfie."
733,2404,4,15,91,110,1.209090909090909,0.046737523336702363,626,"cowboy up, cowboy down."
697,2404,5,13,92,110,1.209090909090909,0.04848919218796726,626,The buck stops here!
696,2404,3,17,90,110,1.209090909090909,0.0449175958423419,626,"No honey, I said I can’t talk now because I’m getting bucked"
12,2404,3,17,90,110,1.209090909090909,0.0449175958423419,626,Bucking the oddballs.
27,2404,5,13,92,110,1.209090909090909,0.04848919218796726,626,Am I approved to ride the New York Subway yet?
35,2404,4,15,91,110,1.209090909090909,0.046737523336702363,626,Vacationing at the Air Black and Blue Dude Ranch
224,2404,2,19,89,110,1.209090909090909,0.04302074784174658,626,"It’s been a wild ride, honey!"
249,2404,3,17,90,110,1.209090909090909,0.0449175958423419,626,This telecommuting thing is great!
286,2404,3,17,90,110,1.209090909090909,0.0449175958423419,626,"It's gonna hurt but it's nowhere near as bad as doing a performance review."""
323,2404,4,15,91,110,1.209090909090909,0.046737523336702363,626,"Trust me, go with the dark horse."
371,2404,1,21,88,110,1.209090909090909,0.041036314082411394,626,"Yes, of course I can multi-task..."
403,2404,3,17,90,110,1.209090909090909,0.0449175958423419,626,Just horsing around. What are you up to?
482,2404,3,17,90,110,1.209090909090909,0.0449175958423419,626,"If this doesn’t impress the East German judge, nothing will."
486,2404,1,21,88,110,1.209090909090909,0.041036314082411394,626,Damn these “combat Alzheimer’s” adventures!
490,2404,5,13,92,110,1.209090909090909,0.04848919218796726,626,Are you getting all this??
500,2404,2,19,89,110,1.209090909090909,0.04302074784174658,626,"Now's a great time to talk!   In a second though, call an ambulance."
509,2404,5,13,92,110,1.209090909090909,0.04848919218796726,626,Don't worry - I've been to this rodeo before.
537,2404,3,17,90,110,1.209090909090909,0.0449175958423419,626,You wouldn’t believe it. I suggested a live stock buyback and he thought I said a livestock bareback.
541,2404,5,13,92,110,1.209090909090909,0.04848919218796726,626,Hold on a sec while I break my neck.
556,2404,3,17,90,110,1.209090909090909,0.0449175958423419,626,I won’t be able to meet you for lunch.
580,2404,5,13,92,110,1.209090909090909,0.04848919218796726,626,Can you hang on a sec? I spilled my latte.
597,2404,5,13,92,110,1.209090909090909,0.04848919218796726,626,"less stressful...less dangerous, 
weekend R & R for White House staff."
601,2404,6,11,93,110,1.209090909090909,0.050179751199407645,626,"I said, get off you wanna be cowboy!!"
602,2404,2,19,89,110,1.209090909090909,0.04302074784174658,626,You heard it here first. More fake news
1360,2404,3,17,90,110,1.209090909090909,0.0449175958423419,626,"No, my Bronco doesn't have handsfree."
1362,2404,3,17,90,110,1.209090909090909,0.0449175958423419,626,Before there was basketball the game of HORSE was a right more dangerous.
2681,2404,5,13,92,110,1.209090909090909,0.04848919218796726,626,Lucky Falls Dude Ranch...please hold
1402,2404,3,17,90,110,1.209090909090909,0.0449175958423419,626,I hope he's calling a good orthopedic surgeon.
2190,2404,4,15,91,110,1.209090909090909,0.046737523336702363,626,....And now I’m being throw off the horse...
2193,2404,6,11,93,110,1.209090909090909,0.050179751199407645,626,Connection's breaking up ... call you later.
2244,2404,6,11,93,110,1.209090909090909,0.050179751199407645,626,Suffice it to say... I shouldn’t have taken that left turn at Albuquerque!
2285,2404,4,15,91,110,1.209090909090909,0.046737523336702363,626,No Text Rodeo
1385,2404,6,11,93,110,1.209090909090909,0.050179751199407645,626,Hey! I don't think this mare cares much for dudes.
2336,2404,4,15,91,110,1.209090909090909,0.046737523336702363,626,I gotta jump off.
2351,2404,4,15,91,110,1.209090909090909,0.046737523336702363,626,"Just bucking around, you?"
2364,2404,4,15,91,110,1.209090909090909,0.046737523336702363,626,I swear I wasn't looking at her! You're the only horse for me!
2375,2404,3,17,90,110,1.209090909090909,0.0449175958423419,626,What’s it mean when he lays his ears ba- AAAAHHH!!
2174,2404,4,15,91,110,1.209090909090909,0.046737523336702363,626,It'll be a gelding tomorrow
2392,2404,1,21,88,110,1.209090909090909,0.041036314082411394,626,No need to apologize. I know a thing or two about flying off the handle.
2497,2404,3,17,90,110,1.209090909090909,0.0449175958423419,626,Include it in benefits.
2513,2404,2,19,89,110,1.209090909090909,0.04302074784174658,626,We' re going to need an ambulance at the Dude Ranch.
2569,2404,1,21,88,110,1.209090909090909,0.041036314082411394,626,Gotta go.  I'm getting ready to land
2596,2404,3,17,90,110,1.209090909090909,0.0449175958423419,626,"As I was saying, once they’ve seen me on the horse, this deal is sealed."
2614,2404,5,13,92,110,1.209090909090909,0.04848919218796726,626,"Relax!  I said I got bucked bucked"""
2626,2404,3,17,90,110,1.209090909090909,0.0449175958423419,626,"Hold on a sec, I have another call coming in."
2632,2404,1,21,88,110,1.209090909090909,0.041036314082411394,626,I have an APPaloosa for that.
2654,2404,1,21,88,110,1.209090909090909,0.041036314082411394,626,"Honey, I'm going to be Instagram Famous!"
2672,2404,5,13,92,110,1.209090909090909,0.04848919218796726,626,Representative...
2424,2404,6,11,93,110,1.209090909090909,0.050179751199407645,626,"No, I said, a Bucking horse!"
2114,2404,3,17,90,110,1.209090909090909,0.0449175958423419,626,"Hey Siri, overnight me one medium-sized neck brace"
2321,2404,2,19,89,110,1.209090909090909,0.04302074784174658,626,"Hi, I’d like to report a workplace injury"
2026,2404,1,21,88,110,1.209090909090909,0.041036314082411394,626,We might get disconnected.
1412,2404,3,17,90,110,1.209090909090909,0.0449175958423419,626,Let me just get off my bucking high horse.
1414,2404,2,19,89,110,1.209090909090909,0.04302074784174658,626,But I WAS driving hands free!
1507,2404,6,11,93,110,1.209090909090909,0.050179751199407645,626,"I said, the market is STABLE!"
1573,2404,5,13,92,110,1.209090909090909,0.04848919218796726,626,I call this move ‘the Giuliani’.”
2107,2404,6,11,93,110,1.209090909090909,0.050179751199407645,626,"Negotiations are in a transitional phase"""
1599,2404,7,9,94,110,1.209090909090909,0.05181518215568946,626,"Using your cell phone does not work on horses, either."
1660,2404,3,17,90,110,1.209090909090909,0.0449175958423419,626,"Sorry, gotta hang.  Old Dobin here is getting restless."
1704,2404,3,17,90,110,1.209090909090909,0.0449175958423419,626,You betcha! One selfie with a cracked spine comin' up!
1711,2404,5,13,92,110,1.209090909090909,0.04848919218796726,626,Ya gotta do the twist
1737,2404,5,13,92,110,1.209090909090909,0.04848919218796726,626,"No Susan, I promise you, I'm not horsing around"" After the Fall, I""ll call you"
1583,2404,3,17,90,110,1.209090909090909,0.0449175958423419,626,It IS like deleting Facebook
1833,2404,1,21,88,110,1.209090909090909,0.041036314082411394,626,"Oh, it's ""bucking"" bronco?"
1858,2404,3,17,90,110,1.209090909090909,0.0449175958423419,626,Hi dear. Any mail?
1864,2404,3,17,90,110,1.209090909090909,0.0449175958423419,626,"Don't be silly boss, I've always got a spare vacation minute to speak with you."
1878,2404,3,17,90,110,1.209090909090909,0.0449175958423419,626,I am passing the buck as we speak.
1900,2404,2,19,89,110,1.209090909090909,0.04302074784174658,626,"Honey- Jack Palance didn't know the half of it."""
1904,2404,5,13,92,110,1.209090909090909,0.04848919218796726,626,Wow!  You never saw a cowboy with a necktie?
1926,2404,4,15,91,110,1.209090909090909,0.046737523336702363,626,YAHOO!
1980,2404,5,13,92,110,1.209090909090909,0.04848919218796726,626,Hello? Is this the taxidermist?
2006,2404,4,15,91,110,1.209090909090909,0.046737523336702363,626,Sorry my phone must have autocorrected. I said the the horse is bucking.
1822,2404,5,13,92,110,1.209090909090909,0.04848919218796726,626,"No, no, 911, I didn't say I'm getting hoarse"
2600,2596,1,21,89,111,1.2072072072072073,0.04070854260433828,626,I think it's going pretty well.
2851,2596,3,17,91,111,1.2072072072072073,0.04455093454204471,626,"Wow, that does sound like a unique timeshare opportunity!"
2928,2596,2,19,90,111,1.2072072072072073,0.04267300791799646,626,Hello honey I finally got something to talk about on Facebook.
3614,2596,4,15,92,111,1.2072072072072073,0.04635284168602521,626,And to dust we shall return
3619,2596,3,17,91,111,1.2072072072072073,0.04455093454204471,626,It's only a buck a call
3964,2596,5,13,93,111,1.2072072072072073,0.048087275823962834,626,"Uber, can you pick me up?"
5656,2596,4,15,92,111,1.2072072072072073,0.04635284168602521,626,Another one bites the dust....
4835,2596,4,15,92,111,1.2072072072072073,0.04635284168602521,626,"Then he tells me to 'go get bucked' and I say, 'Hey, whatever - you're the boss.'"
4870,2596,2,19,90,111,1.2072072072072073,0.04267300791799646,626,Let me call you back...
5336,2596,3,17,91,111,1.2072072072072073,0.04455093454204471,626,"He tried to take me for a ride, but now I will get the real dirt."
5852,2596,0,23,88,111,1.2072072072072073,0.03864434340455355,626,Heck no I didn't waste all that money I spent on this dude ranch vacation.
2466,2596,3,17,91,111,1.2072072072072073,0.04455093454204471,626,Thank God I'm only leasing this horse.
4627,2596,1,21,89,111,1.2072072072072073,0.04070854260433828,626,"Hello,  is this 911 emergency?"
2419,2596,1,21,89,111,1.2072072072072073,0.04070854260433828,626,"Ha! No, what I said was BUCKING Bronco..."
1838,2596,2,19,90,111,1.2072072072072073,0.04267300791799646,626,"What's 'distracted riding'?"""
252,2596,1,21,89,111,1.2072072072072073,0.04070854260433828,626,Tell the boss that this isn't my first rodeo.
1800,2596,3,17,91,111,1.2072072072072073,0.04455093454204471,626,"Listen, this call may drop in the next 8 seconds."
1775,2596,2,19,90,111,1.2072072072072073,0.04267300791799646,626,I always knew I'd land in Texas
1722,2596,3,17,91,111,1.2072072072072073,0.04455093454204471,626,"My flight's about to land, call me later"
1585,2596,2,19,90,111,1.2072072072072073,0.04267300791799646,626,Number twenty on my bucket list is a piece of  caaaaaaa...
1570,2596,3,17,91,111,1.2072072072072073,0.04455093454204471,626,These dumb humans should've figured out by now that there's no cellphone use during take off or landing.
1094,2596,2,19,90,111,1.2072072072072073,0.04267300791799646,626,"Don't be condescending, Tiff.  Of course, Texas has Uber."
1001,2596,5,13,93,111,1.2072072072072073,0.048087275823962834,626,"Hello, yes I am fine at the moment. On a whim I decided to try horseback riding but he does not seem to like my ring tone."
782,2596,3,17,91,111,1.2072072072072073,0.04455093454204471,626,He remembers me!!!
434,2596,5,13,93,111,1.2072072072072073,0.048087275823962834,626,Did you see the picture of me flying off of the horse? I hope it will get a lot of 'likes'.
2203,2596,3,17,91,111,1.2072072072072073,0.04455093454204471,626,At least Im a good Democrat. I would have fallen off an elephant much sooner.
4647,2622,5,13,94,112,1.2053571428571428,0.047691888465535556,626,"This is my dream job"", spoke Dave the horse"
3715,2623,1,20,87,108,1.2037037037037037,0.04109790263648383,626,Just the usual bucking around.  How about you?
3324,2623,2,18,88,108,1.2037037037037037,0.043152147891456286,626,My boss promised I'd get a raise.
3281,2623,3,16,89,108,1.2037037037037037,0.045112948630901144,626,$3.80 a pound. But that offer is good only for seven or eight more seconds.
3037,2623,4,14,90,108,1.2037037037037037,0.04699200358255153,626,This team-building exercise is awesome!
5416,2623,2,18,88,108,1.2037037037037037,0.043152147891456286,626,I know we can win dancing with the mares together
2615,2623,3,16,89,108,1.2037037037037037,0.045112948630901144,626,No! 911!
2593,2623,6,10,92,108,1.2037037037037037,0.05054096292868743,626,My regular job?  Federal employee. I'm smiling because this horse is more fun than working for Donald
3988,2623,3,16,89,108,1.2037037037037037,0.045112948630901144,626,"Listen, that Bronco you booked for me turns out to be a fun of a ride."
2816,2623,4,14,90,108,1.2037037037037037,0.04699200358255153,626,"Oh you know, just another day at the rodeo. When’s dinner?"
4246,2623,4,14,90,108,1.2037037037037037,0.04699200358255153,626,I finally got back on the horse...and the cell service is fantastic from up here!
4837,2623,2,18,88,108,1.2037037037037037,0.043152147891456286,626,My plan has a great roll over policy
4373,2623,3,16,89,108,1.2037037037037037,0.045112948630901144,626,"Hi, is this dial-a-horse whisperer?"
4403,2623,3,16,89,108,1.2037037037037037,0.045112948630901144,626,"Go, you city- slicker, go!"
4636,2623,4,14,90,108,1.2037037037037037,0.04699200358255153,626,great ! how about you .
4681,2623,4,14,90,108,1.2037037037037037,0.04699200358255153,626,Hang on! Let me get a selfie.
2529,2623,4,14,90,108,1.2037037037037037,0.04699200358255153,626,I Didn’t vote for him.
4904,2623,3,16,89,108,1.2037037037037037,0.045112948630901144,626,"I'll be home around 7, just finishing up with my parkour trainer"
5434,2623,3,16,89,108,1.2037037037037037,0.045112948630901144,626,Oh shit  !
5836,2623,2,18,88,108,1.2037037037037037,0.043152147891456286,626,I just stopped to get a few bucks on the way home.
4276,2623,3,16,89,108,1.2037037037037037,0.045112948630901144,626,These are Real Ups & Downs and not the ones in The Street
2494,2623,6,10,92,108,1.2037037037037037,0.05054096292868743,626,"You're a mean son-of-a-bitch of a horse, you know that?"
1217,2623,2,18,88,108,1.2037037037037037,0.043152147891456286,626,Our relationship changed as of about 30 seconds ago. I really believe that.
2393,2623,3,16,89,108,1.2037037037037037,0.045112948630901144,626,"The Luckiest Man in the World - shown here on Nov 8, 2016."
110,2623,5,12,91,108,1.2037037037037037,0.0487987568205456,626,Let me call you back. Apparently this is a quiet pasture.
413,2623,2,18,88,108,1.2037037037037037,0.043152147891456286,626,"Say it, Forget it, Ride it, Regret it!"
505,2623,2,18,88,108,1.2037037037037037,0.043152147891456286,626,"Just like in the movies, hon, so fun!"
691,2623,3,16,89,108,1.2037037037037037,0.045112948630901144,626,Buy Anthem!
791,2623,3,16,89,108,1.2037037037037037,0.045112948630901144,626,"Ha ha, yes, right now! I'm dying right now!"
908,2623,3,16,89,108,1.2037037037037037,0.045112948630901144,626,Peel an orange big and round ...
920,2623,3,16,89,108,1.2037037037037037,0.045112948630901144,626,Another city slicker bites the dust.
1231,2623,4,14,90,108,1.2037037037037037,0.04699200358255153,626,"Honey, we may not need a trampoline for the kids' party."
2464,2623,5,12,91,108,1.2037037037037037,0.0487987568205456,626,How about never? Is never good for you?
1350,2623,3,16,89,108,1.2037037037037037,0.045112948630901144,626,I told you that this horse could do Salsa!
1482,2623,3,16,89,108,1.2037037037037037,0.045112948630901144,626,At this moment I am falling head over heels for you.
1594,2623,1,20,87,108,1.2037037037037037,0.04109790263648383,626,You were right!  Reception IS great!!
1771,2623,4,14,90,108,1.2037037037037037,0.04699200358255153,626,"He told me to hold my horses, and I said buck off!"
1824,2623,3,16,89,108,1.2037037037037037,0.045112948630901144,626,I told you never to play the Mr. Ed Theme song when we're on speaker phone.
1905,2623,6,10,92,108,1.2037037037037037,0.05054096292868743,626,"Becky listen, just ask anyone here how spontaneous I am!"
1943,2623,1,20,87,108,1.2037037037037037,0.04109790263648383,626,You said it would be all about me this time!
2070,2623,5,12,91,108,1.2037037037037037,0.0487987568205456,626,"Just a sec, I've got a great Instagram photo op."
1347,2623,3,16,89,108,1.2037037037037037,0.045112948630901144,626,"Hay, hay, hay!  We're just horsing around!"
4655,2664,3,17,93,113,1.2035398230088497,0.043834989753693564,626,It's a hard way to make a buck.
5550,2665,2,18,89,109,1.201834862385321,0.0427952487863065,626,"Whooa Yustify, So Sorry, But Just HAVE to take this Call"
3678,2665,6,10,93,109,1.201834862385321,0.05010999880175518,626,No wonder the Pony Express went kaput!
2365,2665,3,16,90,109,1.201834862385321,0.044736204398555954,626,I need to stop drinking.
734,2665,2,18,89,109,1.201834862385321,0.0427952487863065,626,"Whoa!  You've got some crrazzy dance moves there, lil' pony!"
2847,2669,2,17,86,105,1.2,0.04364357804719849,626,"Yes, I can hear you now."
4097,2669,4,13,88,105,1.2,0.04765566357802892,626,But... I am not driving.
3927,2669,3,15,87,105,1.2,0.04569367667316878,626,Could be a while before I get back to you.
3919,2669,3,15,87,105,1.2,0.04569367667316878,626,"Well, we're almost there, but I think he's a bit confused about the ending ."
3809,2669,4,13,88,105,1.2,0.04765566357802892,626,"Honey,I finished my bucket list!"
3791,2669,2,17,86,105,1.2,0.04364357804719849,626,"Yeah, well, Roy Rodgers never had to deal with a cell phone."
3660,2669,2,17,86,105,1.2,0.04364357804719849,626,and I thought my Ford Bronco had a rough ride!
3560,2669,3,15,87,105,1.2,0.04569367667316878,626,Yeah! So I decided to jump the horse instead of the shark.
3542,2669,4,13,88,105,1.2,0.04765566357802892,626,What?!The proprioception is bad here.
2697,2669,5,11,89,105,1.2,0.04954000862144107,626,I'll try to take a Selfie.
3474,2669,2,17,86,105,1.2,0.04364357804719849,626,If you're open to some horse trading .....
3339,2669,3,15,87,105,1.2,0.04569367667316878,626,He's mad that I upgraded the flip phone.
3288,2669,2,17,86,105,1.2,0.04364357804719849,626,I've ben trying to take this damn selfie but this stupid horse won't sit still!
3259,2669,5,11,89,105,1.2,0.04954000862144107,626,Hang on a sec. Incoming call.
3180,2669,3,15,87,105,1.2,0.04569367667316878,626,1991 called; it wants its cliché back.
3127,2669,3,15,87,105,1.2,0.04569367667316878,626,Talk about passing the buck.
3113,2669,4,13,88,105,1.2,0.04765566357802892,626,Horse: He may know about bulls and bears - but he sure knows nothing about broncos!
3079,2669,5,11,89,105,1.2,0.04954000862144107,626,Wait -- he lost me.
2882,2669,3,15,87,105,1.2,0.04569367667316878,626,Call Michael Cohen and tell him I can't do this job either
2846,2669,5,11,89,105,1.2,0.04954000862144107,626,This is what happens when you talk and ride.
4166,2669,1,19,85,105,1.2,0.0414923091863025,626,The Mustang's self-driving system is a bit less forgiving of driver inattention than the Tesla's.
4307,2669,4,13,88,105,1.2,0.04765566357802892,626,"Alaman left and dosey doe, then I go left and you go right!"
5191,2669,5,11,89,105,1.2,0.04954000862144107,626,Did this ever happen to the Lone Ranger?
4350,2669,5,11,89,105,1.2,0.04954000862144107,626,I’m fine. Just having my morning bucks.
5698,2669,3,15,87,105,1.2,0.04569367667316878,626,It’s a challenge getting votes from these ranchers.
5672,2669,3,15,87,105,1.2,0.04569367667316878,626,Mueller-time!
5650,2669,6,9,90,105,1.2,0.05135525910130956,626,"So, can I see you again?"
5585,2669,0,21,84,105,1.2,0.03922322702763682,626,Me? Nothin' much...just horsin' around.
5583,2669,2,17,86,105,1.2,0.04364357804719849,626,"No, I'm still using one of those old flip phones."
5537,2669,3,15,87,105,1.2,0.04569367667316878,626,"Yeah, I get thrown for a loop all the time too."
5442,2669,3,15,87,105,1.2,0.04569367667316878,626,I'm being dropped call ya back
5413,2669,4,13,88,105,1.2,0.04765566357802892,626,Just a step to the left and a jump to the right
5400,2669,4,13,88,105,1.2,0.04765566357802892,626,Are you sure it's yippee io kiyay?
5350,2669,1,19,85,105,1.2,0.0414923091863025,626,"Hey Buddy!
No, now's just as good a time as any."
5319,2669,6,9,90,105,1.2,0.05135525910130956,626,"It’s for you, wiseguy!"
5285,2669,4,13,88,105,1.2,0.04765566357802892,626,"Bravo, Dusty, you did a perfect arabesque!"
5128,2669,6,9,90,105,1.2,0.05135525910130956,626,"No, I didn’t say it was  Mr. Ed...."
5042,2669,4,13,88,105,1.2,0.04765566357802892,626,It's the latest Galaxy S15Plus! Yeah..  They are completely out of upgrade ideas so they give you horse riding lessons!
4829,2669,3,15,87,105,1.2,0.04569367667316878,626,You weren’t kidding—he hates Italian loafers!
4694,2669,4,13,88,105,1.2,0.04765566357802892,626,He felt like a million bucks.
4595,2669,3,15,87,105,1.2,0.04569367667316878,626,"I just came up with a new show,it's called ""Dancing with Horses""."
4579,2669,2,17,86,105,1.2,0.04364357804719849,626,"Actually ,Wyoming is the only state where it’s legal."
4531,2669,3,15,87,105,1.2,0.04569367667316878,626,Just a sec ... I need to put you on hold.
4480,2669,2,17,86,105,1.2,0.04364357804719849,626,OK if I call you back later?
4444,2669,2,17,86,105,1.2,0.04364357804719849,626,"Yeah, my therapist just knows how to push me."
4345,2669,1,19,85,105,1.2,0.0414923091863025,626,"No Siri,  I said ""Orthopedic"", ""not  encyclopedic"""
2645,2669,2,17,86,105,1.2,0.04364357804719849,626,No one was able to predict the distracted horse riding epidemic of the 2020's.
2639,2669,6,9,90,105,1.2,0.05135525910130956,626,"No, no! I said BUCKING horse!"
2579,2669,5,11,89,105,1.2,0.04954000862144107,626,Whee!  Finally figured out how to use all my sick days!
1165,2669,4,13,88,105,1.2,0.04765566357802892,626,Sorry for the background noise- I'll go on mute.
1104,2669,3,15,87,105,1.2,0.04569367667316878,626,"Ha, ha.  Well, I gotta go now - I need to hit the ground running."
959,2669,3,15,87,105,1.2,0.04569367667316878,626,"Honey, I've got a better signal!"
889,2669,7,7,91,105,1.2,0.05310850045437945,626,Hold on a minute. I need to turn on my gyroscope app.
807,2669,3,15,87,105,1.2,0.04569367667316878,626,"Yes I do have a minute to take your survey, thanks for asking!"
751,2669,4,13,88,105,1.2,0.04765566357802892,626,I haven't had this much fun since I voted for Trump!
676,2669,5,11,89,105,1.2,0.04954000862144107,626,I'm flying high on bitcoin.
670,2669,3,15,87,105,1.2,0.04569367667316878,626,So this is what Eric Cantor was talking about!!!
560,2669,3,15,87,105,1.2,0.04569367667316878,626,"So glad I got you, I've only got a sec..."
499,2669,4,13,88,105,1.2,0.04765566357802892,626,Hold my calls. This is gonna hurt.
358,2669,2,17,86,105,1.2,0.04364357804719849,626,I’m so happy you called.  I  could use a good pick me up.
352,2669,2,17,86,105,1.2,0.04364357804719849,626,Too bad they don't come with bluetooth.
347,2669,2,17,86,105,1.2,0.04364357804719849,626,"Hello, Uber?! I don't think I meant a horse-ride when selecting an ""environmentally conscious"" option!"
299,2669,3,15,87,105,1.2,0.04569367667316878,626,Remember that career change I was thinking about?
298,2669,2,17,86,105,1.2,0.04364357804719849,626,Not another dropped call.
237,2669,2,17,86,105,1.2,0.04364357804719849,626,"Let me call you back honey, I'm in a rough spot."
211,2669,3,15,87,105,1.2,0.04569367667316878,626,"I'll just ride it out, bye."
7,2669,5,11,89,105,1.2,0.04954000862144107,626,Luped for a throw.
2602,2669,4,13,88,105,1.2,0.04765566357802892,626,Damn - I really underestimated those Republicans.
1247,2669,1,19,85,105,1.2,0.0414923091863025,626,Tell my doctor I'll be coming in tomorrow with a broken everything.
1264,2669,4,13,88,105,1.2,0.04765566357802892,626,No … great timing. I’m just now leaving a meeting.
255,2669,2,17,86,105,1.2,0.04364357804719849,626,"Ha - my insurance company will never figure out ""suicide by mustang""!"
1289,2669,3,15,87,105,1.2,0.04569367667316878,626,"When you pick me up, bring me a clean shirt."
2414,2669,2,17,86,105,1.2,0.04364357804719849,626,Order the Attorney General to tell the horse to behave.
1287,2669,5,11,89,105,1.2,0.04954000862144107,626,"Sorry, I’ll get back to you! Just been thrown for a loop!"
2348,2669,3,15,87,105,1.2,0.04569367667316878,626,Hold on. I'll see if he's free to talk.
2223,2669,5,11,89,105,1.2,0.04954000862144107,626,"At the White Collar Rodeo, the rider with the most selfies before falling wins!"
2130,2669,2,17,86,105,1.2,0.04364357804719849,626,"Not all horses like Abba.."""
2089,2669,3,15,87,105,1.2,0.04569367667316878,626,Just horsing around the OK corale. What are you up to?
2086,2669,5,11,89,105,1.2,0.04954000862144107,626,Nice meeting you tooooooooooooooooooo
2047,2669,5,11,89,105,1.2,0.04954000862144107,626,Me? I'm just horsing around.
2034,2669,2,17,86,105,1.2,0.04364357804719849,626,"Not the pas de deux I expected, but thrilling."
2255,2669,4,13,88,105,1.2,0.04765566357802892,626,"He heard you call me a horse's ass, that's what!"
1416,2669,5,11,89,105,1.2,0.04954000862144107,626,I can’t talk now. I’m on the quiet stallion.
1695,2669,3,15,87,105,1.2,0.04569367667316878,626,"Sorry, I've gotta hang up!"
1666,2669,1,19,85,105,1.2,0.0414923091863025,626,"Yipee Ki Yay, my iphone still works out here."
1654,2669,5,11,89,105,1.2,0.04954000862144107,626,Bronco riding is the event after the bull market.
1641,2669,0,21,84,105,1.2,0.03922322702763682,626,"Just out stress-testing our health insurance coverage, honey."
1574,2669,4,13,88,105,1.2,0.04765566357802892,626,But Siri I did'not say HE was a horse's ass!
1364,2669,5,11,89,105,1.2,0.04954000862144107,626,"LMOA
Laughing Myself Over an Ass"
1424,2669,3,15,87,105,1.2,0.04569367667316878,626,"Can you believe - I used to always worry 
about breaking something."
2007,2669,4,14,92,110,1.2,0.046207278580632616,626,"Alexa. Call me an ambulance. 
Okay. You’re an ambulance."
1343,2669,0,21,84,105,1.2,0.03922322702763682,626,Just wanted to let you know: I expect I'll be late for dinner.
4868,2761,4,13,89,106,1.1981132075471699,0.04724163444772896,626,It's a wild ride here at the office!!!
381,2761,3,15,88,106,1.1981132075471699,0.04529986209665202,626,Nothing much. At this dude ranch. Horse is super chill.
4230,2761,2,17,87,106,1.1981132075471699,0.04327104097035949,626,I knew I shouldn’t text and cattle drive
3409,2764,5,11,92,108,1.1944444444444444,0.04826217294139892,626,"Really?""  I said, ""So what did I win?"
3659,2765,2,16,85,103,1.1941747572815533,0.04375801017679495,626,"Yes, Carol. I found the perfect team building exercise for the staff this quarter."""
3709,2765,3,14,86,103,1.1941747572815533,0.04588170510924863,626,"One second, the service is better on the bull"
3632,2765,3,14,86,103,1.1941747572815533,0.04588170510924863,626,I think I'll be able to get out of working during this vacation!
3605,2765,4,12,87,103,1.1941747572815533,0.04791135849494997,626,"Those seconds were billable, right?"
3696,2765,1,18,84,103,1.1941747572815533,0.04152584792069788,626,"Yeah,Rose,can you remind me of my deductibles on our health plan?"
3748,2765,3,14,86,103,1.1941747572815533,0.04588170510924863,626,I've thought about switching carriers but it seems like too much of a hassle just to save a few bucks.
4192,2765,4,12,87,103,1.1941747572815533,0.04791135849494997,626,And that's with extra cheese.
3782,2765,5,10,88,103,1.1941747572815533,0.049858456473613144,626,Another Trump lawyer 7 seconds short of 8...
3881,2765,1,18,84,103,1.1941747572815533,0.04152584792069788,626,This is way more fun than a bull market!
4064,2765,1,18,84,103,1.1941747572815533,0.04152584792069788,626,"For emergencies, press 0."
4121,2765,2,16,85,103,1.1941747572815533,0.04375801017679495,626,I saved 15% or more on car insurance by switching to Geico.
3547,2765,1,18,84,103,1.1941747572815533,0.04152584792069788,626,"Dinner sounds great, but I'll have to try and get back to you after I land."
4178,2765,1,18,84,103,1.1941747572815533,0.04152584792069788,626,Don't worry - I'll be taking over the reigns soon enough.
3752,2765,3,14,86,103,1.1941747572815533,0.04588170510924863,626,"No worries, I am winging it!"
3543,2765,5,10,88,103,1.1941747572815533,0.049858456473613144,626,"Hello, this is the White House. How may I help you?"
3040,2765,4,12,87,103,1.1941747572815533,0.04791135849494997,626,"Its the not the Destination, It's the journey."
3457,2765,4,12,87,103,1.1941747572815533,0.04791135849494997,626,"What have I been up to? Oh, just earning a couple bucks."
2839,2765,4,12,87,103,1.1941747572815533,0.04791135849494997,626,I just love horsing around!
4217,2765,4,12,87,103,1.1941747572815533,0.04791135849494997,626,"Naw, I'm using hands free...really!"
2894,2765,4,12,87,103,1.1941747572815533,0.04791135849494997,626,I'm in love!
2904,2765,4,12,87,103,1.1941747572815533,0.04791135849494997,626,I'd like to extend my insurance as soon as possible.
2954,2765,3,14,86,103,1.1941747572815533,0.04588170510924863,626,"Hey Janet, I know you said no horseplay, but this horse keeps bucking me off."
3133,2765,4,12,87,103,1.1941747572815533,0.04791135849494997,626,Of course I'm not wearing my ostrich jacket.
3538,2765,2,16,85,103,1.1941747572815533,0.04375801017679495,626,"Sorry,my UBER app was hacked!"
3182,2765,2,16,85,103,1.1941747572815533,0.04375801017679495,626,It's 5 O'clock Somewhere!
3218,2765,1,18,84,103,1.1941747572815533,0.04152584792069788,626,"Everything's up! Way, way up!"
3244,2765,4,12,87,103,1.1941747572815533,0.04791135849494997,626,"Cancel my two o'clock, I have a feeling I'm going to be headed to the chiropractor."
3256,2765,4,12,87,103,1.1941747572815533,0.04791135849494997,626,'Good thing my new phone plan saves 10 bucks!'
3326,2765,3,14,86,103,1.1941747572815533,0.04588170510924863,626,"Great news on Q3, but let's take it offline. I actually have a hard stop coming up."
3345,2765,4,12,87,103,1.1941747572815533,0.04791135849494997,626,I like my comfort animals edgy
3455,2765,3,14,86,103,1.1941747572815533,0.04588170510924863,626,Working for the big bucks.
3204,2765,3,14,86,103,1.1941747572815533,0.04588170510924863,626,Yeah...haaaaaaa! I’m interested in your platinum medical plan!
4218,2765,2,16,85,103,1.1941747572815533,0.04375801017679495,626,"Oh yea Bill, this Westworld theme park is amazing!"
5383,2765,2,16,85,103,1.1941747572815533,0.04375801017679495,626,Nothing to worry about. I’ll Google what to do next.
4285,2765,3,14,86,103,1.1941747572815533,0.04588170510924863,626,"Scooters are so yesterday, my tech firm just got stallions in."
5307,2765,2,16,85,103,1.1941747572815533,0.04375801017679495,626,"No, Mr. Soros, his ankle seems just fine now"
5365,2765,0,20,83,103,1.1941747572815533,0.03916667762822583,626,Can I put you on hold?
2706,2765,3,14,86,103,1.1941747572815533,0.04588170510924863,626,Raising teenagers?  Nothing to it!
5407,2765,2,16,85,103,1.1941747572815533,0.04375801017679495,626,"Vlad! My man! I took your advice about the horseback riding, and, well ... what’s that? ... oh, shirt OFF!? NOW ya tell me!"
5459,2765,2,16,85,103,1.1941747572815533,0.04375801017679495,626,I said I would rather take my chances on SILVER!
5521,2765,4,12,87,103,1.1941747572815533,0.04791135849494997,626,"Heh, Honey, I might have to make another stop on the way home."
5227,2765,2,16,85,103,1.1941747572815533,0.04375801017679495,626,"No ifs ands or buts, this is one item off my bucket list."
5612,2765,3,14,86,103,1.1941747572815533,0.04588170510924863,626,"If you'd like to schedule an appointment,  please refer to my secreteriat."
5703,2765,3,14,86,103,1.1941747572815533,0.04588170510924863,626,Remember when a buck was a buck?
5712,2765,4,12,87,103,1.1941747572815533,0.04791135849494997,626,Can you make it quick? This call costs me a buck per minute.
5746,2765,4,12,87,103,1.1941747572815533,0.04791135849494997,626,All I needed was a good bucking.
5767,2765,3,14,86,103,1.1941747572815533,0.04588170510924863,626,Gotta go. You're throwing me off my game.
5791,2765,2,16,85,103,1.1941747572815533,0.04375801017679495,626,"I'm on a cellphone, smiling while being tossed from a bucking bronco.  This won't end well!"
5810,2765,5,10,88,103,1.1941747572815533,0.049858456473613144,626,"Hey, I just checked off another item on my buck-it list."
5694,2765,4,12,87,103,1.1941747572815533,0.04791135849494997,626,Turns out the stud I came out to look at has sensitive withers. Better cancel the rest of my appointments for the day.
5134,2765,3,14,86,103,1.1941747572815533,0.04588170510924863,626,I'm fabulous! I'm the best!  I'm flyin High!
5119,2765,4,12,87,103,1.1941747572815533,0.04791135849494997,626,I saw a truffle
5047,2765,0,20,83,103,1.1941747572815533,0.03916667762822583,626,"Sorry, honey, I have 5 bars now but have a feeling that this may become a dropped call!"
4323,2765,3,14,86,103,1.1941747572815533,0.04588170510924863,626,"Yes i""m really doing it, I'm riding a horse!"
4371,2765,5,10,88,103,1.1941747572815533,0.049858456473613144,626,"Frank,you won't believe this horse's name is Trump."
4485,2765,3,14,86,103,1.1941747572815533,0.04588170510924863,626,That 'Your're so horsemeat' comment was intended for the other riders.
4521,2765,3,14,86,103,1.1941747572815533,0.04588170510924863,626,I'm never coming to Denver for a football game again.
4624,2765,3,14,86,103,1.1941747572815533,0.04588170510924863,626,I’ll get back to you in less than 8 seconds.
4653,2765,5,10,88,103,1.1941747572815533,0.049858456473613144,626,"Honey, you won’t believe how aggressive these Uber drivers are out here in the middle of nowhere."
4665,2765,3,14,86,103,1.1941747572815533,0.04588170510924863,626,Horseton! We've a liftoff.
4670,2765,4,12,87,103,1.1941747572815533,0.04791135849494997,626,Reporting live from the White House...back over to you at the studio.
4846,2765,2,16,85,103,1.1941747572815533,0.04375801017679495,626,Hold on a sec -- wanna hear something weird?
4878,2765,5,10,88,103,1.1941747572815533,0.049858456473613144,626,Weeeeeee...again!
4899,2765,4,12,87,103,1.1941747572815533,0.04791135849494997,626,Very funny !  Easy going dude ranch my ass !
4912,2765,3,14,86,103,1.1941747572815533,0.04588170510924863,626,I'll be right back to you after just a few months of rehabilitation.
4917,2765,3,14,86,103,1.1941747572815533,0.04588170510924863,626,I may need to stay longer than the weekend - OK?
4957,2765,1,18,84,103,1.1941747572815533,0.04152584792069788,626,I’m heading into a dead zone
4986,2765,4,12,87,103,1.1941747572815533,0.04791135849494997,626,Hey Ralph!  I found a great new way to alleviate my back spasms!
4241,2765,3,14,86,103,1.1941747572815533,0.04588170510924863,626,My flight just took off. I gotta go.
2695,2765,3,14,86,103,1.1941747572815533,0.04588170510924863,626,"This means my equestrian school tuition is waived, right?"
2231,2765,3,14,86,103,1.1941747572815533,0.04588170510924863,626,It's just like playing the stock market.
2622,2765,5,10,88,103,1.1941747572815533,0.049858456473613144,626,That's bucking hilarious!
1324,2765,6,8,89,103,1.1941747572815533,0.051732321531425,626,"No! REIGN him In! NOT, it’s raining men!"
1282,2765,4,12,87,103,1.1941747572815533,0.04791135849494997,626,It’s my first honest buck in years.
1221,2765,3,14,86,103,1.1941747572815533,0.04588170510924863,626,I'm going to need to call you back.
1190,2765,3,14,86,103,1.1941747572815533,0.04588170510924863,626,Can I call you back in five minutes? I am still in the air and about to land.
1132,2765,5,10,88,103,1.1941747572815533,0.049858456473613144,626,It does remind me of 2008.
1108,2765,3,14,86,103,1.1941747572815533,0.04588170510924863,626,Six Flags charges 100 bucks for a ride like this!
1055,2765,2,16,85,103,1.1941747572815533,0.04375801017679495,626,Are you kidding? It's just like the stock market!
1050,2765,4,12,87,103,1.1941747572815533,0.04791135849494997,626,"Now this is what I call ""Kicking Ass""!"
963,2765,4,12,87,103,1.1941747572815533,0.04791135849494997,626,"Tex, I love her!  What do you think of the Prius?"
931,2765,2,16,85,103,1.1941747572815533,0.04375801017679495,626,"Just a second, I'm getting another call."""
2675,2765,3,14,86,103,1.1941747572815533,0.04588170510924863,626,Yeah....I'm still working on that concussion protocol.
912,2765,4,12,87,103,1.1941747572815533,0.04791135849494997,626,"Hey, just calling to let you know I might be a bit late for work tomorrow"
892,2765,2,16,85,103,1.1941747572815533,0.04375801017679495,626,"No worries, I bought the accidental breakage plan"""
848,2765,4,12,87,103,1.1941747572815533,0.04791135849494997,626,"I just called to tell you, your horse sucks."
719,2765,2,16,85,103,1.1941747572815533,0.04375801017679495,626,"Honey, can you pick up my other suit from the cleaners"
527,2765,3,14,86,103,1.1941747572815533,0.04588170510924863,626,Buck you!
503,2765,3,14,86,103,1.1941747572815533,0.04588170510924863,626,You're saying I should have taken the pick-up?
21,2765,2,16,85,103,1.1941747572815533,0.04375801017679495,626,I came to the ranch to unplug for awhile.
65,2765,5,10,88,103,1.1941747572815533,0.049858456473613144,626,"Yes, it's my first day of rehab for hands-free driving violations."
131,2765,1,18,84,103,1.1941747572815533,0.04152584792069788,626,"All  I said was,  'I'll bet you a buck you can't  jump the fence.'"
158,2765,4,12,87,103,1.1941747572815533,0.04791135849494997,626,At least I led him to water.”
233,2765,4,12,87,103,1.1941747572815533,0.04791135849494997,626,"I'm not driving, found a ride that will drop me OFFFFFF!"
253,2765,2,16,85,103,1.1941747572815533,0.04375801017679495,626,"So far, so good!"
1378,2765,3,14,86,103,1.1941747572815533,0.04588170510924863,626,"Hello, Amazon? I’d like to order a mattress pad. Can you deliver in about 3.5 seconds"
274,2765,1,18,84,103,1.1941747572815533,0.04152584792069788,626,It's a four on the floor.... most of the time.
332,2765,3,14,86,103,1.1941747572815533,0.04588170510924863,626,So much for buying Broncos' tickets on Craigslist....
363,2765,6,8,89,103,1.1941747572815533,0.051732321531425,626,Hang on a sec. I've got another call.
372,2765,5,10,88,103,1.1941747572815533,0.049858456473613144,626,Even wild horses could’t drag me away from the sound of your voice.
375,2765,4,12,87,103,1.1941747572815533,0.04791135849494997,626,Sorry! This horse and saddle interrupted my call!
395,2765,3,14,86,103,1.1941747572815533,0.04588170510924863,626,How am I doing? Bucking great!
474,2765,3,14,86,103,1.1941747572815533,0.04588170510924863,626,I'm losing signal.  Can I call you back from the ambulance?
304,2765,2,16,85,103,1.1941747572815533,0.04375801017679495,626,"Dear, I swear, I asked for an oreo not for a rodeo!"
1430,2765,4,12,87,103,1.1941747572815533,0.04791135849494997,626,Tell everybody I love the life of a cowboy!
925,2765,2,16,85,103,1.1941747572815533,0.04375801017679495,626,"Ya'll just wait till you see this selfie. If I don't make it, post it on Facebook."
1539,2765,4,12,87,103,1.1941747572815533,0.04791135849494997,626,No problem - not my first time at the rodeo.
2621,2765,1,18,84,103,1.1941747572815533,0.04152584792069788,626,"Sure Bob, I can hold on for a moment."
2610,2765,3,14,86,103,1.1941747572815533,0.04588170510924863,626,Sorry I sound hoarse.
1452,2765,2,16,85,103,1.1941747572815533,0.04375801017679495,626,"Actually, I probably shouldn't have said anything about how old he's getting!"
2586,2765,3,14,86,103,1.1941747572815533,0.04588170510924863,626,That’s not as funny as the story I am going to tell you as soon as I can call you back.
2500,2765,2,16,85,103,1.1941747572815533,0.04375801017679495,626,"Luckily, his next day phone replacement plan only cost a few extra bucks."
2402,2765,5,10,88,103,1.1941747572815533,0.049858456473613144,626,"Same law for me too, buddy. No calling while riding."
2367,2765,3,14,86,103,1.1941747572815533,0.04588170510924863,626,"Hi sweetie , could you call me back later ?"
2286,2765,3,14,86,103,1.1941747572815533,0.04588170510924863,626,a black coffee and two eggs over easy
2279,2765,4,12,87,103,1.1941747572815533,0.04791135849494997,626,"I know you said ""hold your horses,"" but..."
2259,2765,4,12,87,103,1.1941747572815533,0.04791135849494997,626,Hold on - I've got no coverage up here.
2221,2765,5,10,88,103,1.1941747572815533,0.049858456473613144,626,Your Uber has arrived and is anxious to get going.
2176,2765,2,16,85,103,1.1941747572815533,0.04375801017679495,626,I'll have to get back to you on that.
2171,2765,4,12,87,103,1.1941747572815533,0.04791135849494997,626,Who you calling a gelding?
2068,2765,3,14,86,103,1.1941747572815533,0.04588170510924863,626,Yeah. Kind of reverse limbo but with an angry horse.
2055,2765,4,12,87,103,1.1941747572815533,0.04791135849494997,626,"Hi Ho Silver, AWAY!"
2608,2765,5,10,88,103,1.1941747572815533,0.049858456473613144,626,"Hey Siri order me a cervical collar on Amazon Prime, express delivery. And text Donna I want prime rib tonight. Oh & Siri email my morning client that I’ll be a little late."
1849,2765,1,18,84,103,1.1941747572815533,0.04152584792069788,626,Gotta go! Gotta catch my ride.
1548,2765,2,16,85,103,1.1941747572815533,0.04375801017679495,626,Honey! You’re NEVER gonna believe what happened with the Bronco!
1559,2765,3,14,86,103,1.1941747572815533,0.04588170510924863,626,At least I wasn't texting
1566,2765,3,14,86,103,1.1941747572815533,0.04588170510924863,626,"I said she's Bucking me.  No, this is not a #MeToo moment."
1579,2765,2,16,85,103,1.1941747572815533,0.04375801017679495,626,I don’t agree that the bolo tie would have made all the difference.
1631,2765,6,8,89,103,1.1941747572815533,0.051732321531425,626,"""Please listen carefully as my physical condition may change."""
1993,2765,1,18,84,103,1.1941747572815533,0.04152584792069788,626,"No worries, your tone of voice just threw me off a little bit."
1678,2765,5,10,88,103,1.1941747572815533,0.049858456473613144,626,The special prosecutor granted me immunity from everything.
1662,2765,1,18,84,103,1.1941747572815533,0.04152584792069788,626,"I know you want me to text first, but I needed to talk to you right away."
1731,2765,2,16,85,103,1.1941747572815533,0.04375801017679495,626,Hold on! I’ll pull over so we can talk.
1743,2765,4,12,87,103,1.1941747572815533,0.04791135849494997,626,I trained by working for Donald Trump!
1780,2765,3,14,86,103,1.1941747572815533,0.04588170510924863,626,Stallion is a compliment!
1808,2765,2,16,85,103,1.1941747572815533,0.04375801017679495,626,"The Dude Ranch didn't tell me this horse has a ""cell free"" policy!"
1846,2765,3,14,86,103,1.1941747572815533,0.04588170510924863,626,...but it WAS his first rodeo.
1720,2765,4,12,87,103,1.1941747572815533,0.04791135849494997,626,"Sorry, I was on mute. Chad is here."
32,2903,4,11,83,98,1.1938775510204083,0.04952576121200433,626,I LOVE LOVE LOVE  your Jimmy Horse Choos!
847,2903,2,15,81,98,1.1938775510204083,0.0450778676534157,626,Of course I still have a flip phone!
2869,2903,1,17,80,98,1.1938775510204083,0.04268044887831027,626,I'm about to have a hard landing...call you from the hospital.
1823,2903,1,17,80,98,1.1938775510204083,0.04268044887831027,626,"Quick, send me a rodeo app!"
5330,2907,1,18,85,104,1.1923076923076923,0.041166983308659526,626,"Sir, you are guaranteed to make big bucks."
4059,2907,6,8,90,104,1.1923076923076923,0.05126649004628654,626,I still like the Packers.
777,2909,0,19,80,99,1.1919191919191918,0.03978080447933687,626,The most fun I ever had in my life until I hit the ground.
3093,2910,3,13,84,100,1.19,0.046482319871173156,626,Okay. We're ready for World of Dance.
3129,2910,2,15,83,100,1.19,0.04425591326123388,626,"Hey Vern, looks like our pony express idea isn't going to work out like we planned."
3210,2910,5,9,86,100,1.19,0.05064233865696235,626,"Hey you up there talking on  your damn cellphone, I might be just a mare but you are a damn nightmare!!!!!...Off you go!"
3245,2910,3,13,84,100,1.19,0.046482319871173156,626,Haw told you no cell while riding
3406,2910,2,15,83,100,1.19,0.04425591326123388,626,"Sure, I’ll be happy to hold."
3528,2910,2,15,83,100,1.19,0.04425591326123388,626,Let's twist again like we did last summer
3595,2910,3,13,84,100,1.19,0.046482319871173156,626,"I didn't holler 'ho', I yelled 'whoah'"
3937,2910,3,13,84,100,1.19,0.046482319871173156,626,"This is what I meant by a fun Bronco ride,OJ!"
3938,2910,3,13,84,100,1.19,0.046482319871173156,626,If you lose me it’s because I’ve broken my neck”.
4009,2910,3,13,84,100,1.19,0.046482319871173156,626,"May I call you back, Bob?  Apparently the boss has still more ideas to bounce off me for our strategic review process."""
4198,2910,2,15,83,100,1.19,0.04425591326123388,626,"Bob, you’ll never guess what just happened."
4547,2910,2,15,83,100,1.19,0.04425591326123388,626,Sid. Quit saying the buck stops there.
4619,2910,3,13,84,100,1.19,0.046482319871173156,626,"Actually, you better make that two extra large pizzas"
4672,2910,3,13,84,100,1.19,0.046482319871173156,626,But I've voting Republican for years!
5019,2910,3,13,84,100,1.19,0.046482319871173156,626,What's that? No! I said BUCKED.
5101,2910,3,13,84,100,1.19,0.046482319871173156,626,"OK already, I took you off speakerphone."
5263,2910,2,15,83,100,1.19,0.04425591326123388,626,Hello? I only have 8 seconds to talk.
5359,2910,4,11,85,100,1.19,0.04860685407045246,626,I must have whispered the wrong thing!
5755,2910,1,17,82,100,1.19,0.041911402464790595,626,I’m bucking for the Marlboro account.
4432,2910,2,15,83,100,1.19,0.04425591326123388,626,and i still got 5 bars!
2918,2910,3,13,84,100,1.19,0.046482319871173156,626,I'm going to have to call you back.
2441,2910,4,11,85,100,1.19,0.04860685407045246,626,H'lo Bonehead?  Yeah...it's Jacobs!  I quit
324,2910,4,11,85,100,1.19,0.04860685407045246,626,"Honey, I didn't fall off the wagon this time!"
2690,2910,4,11,85,100,1.19,0.04860685407045246,626,Everything you read or see is not real.
67,2910,1,17,82,100,1.19,0.041911402464790595,626,"Yes sir, we have everything under control!"
127,2910,2,15,83,100,1.19,0.04425591326123388,626,"Whoa, this Bronco doesn't have hands-free!"
280,2910,5,9,86,100,1.19,0.05064233865696235,626,F
477,2910,2,15,83,100,1.19,0.04425591326123388,626,I'll have to call you back later
488,2910,2,15,83,100,1.19,0.04425591326123388,626,Bucking Nag. No not you!
714,2910,2,15,83,100,1.19,0.04425591326123388,626,you think your having a bad day.
948,2910,3,13,84,100,1.19,0.046482319871173156,626,"Yes, sir ! I am trying but he is not being very coöperative."
1174,2910,5,9,86,100,1.19,0.05064233865696235,626,"Hold on, I’ll call you back, Little Dogie"
895,2910,3,13,84,100,1.19,0.046482319871173156,626,"Well, he's not Kentucky Derby ready just yet but I'm head-over-heals happy with the progress so far!"
1273,2910,5,9,86,100,1.19,0.05064233865696235,626,"I said, 'No cell phones!'"
1373,2910,2,15,83,100,1.19,0.04425591326123388,626,I'm bucking the hands free trend!
1453,2910,3,13,84,100,1.19,0.046482319871173156,626,Yes! And thanks for the peanuts!
1525,2910,2,15,83,100,1.19,0.04425591326123388,626,I'm gonna be laid up for a while.
1569,2910,2,15,83,100,1.19,0.04425591326123388,626,"Okay, I'll sign up for lessons."
2033,2910,2,15,83,100,1.19,0.04425591326123388,626,"Yes, I would like to save money on my car insurance!"
2145,2910,3,13,84,100,1.19,0.046482319871173156,626,Muybridge conclusively demonstrates both horse and rider fully airborne.
2230,2910,7,5,88,100,1.19,0.05448565745851716,626,Just another day of Trump tweets
1224,2910,3,13,84,100,1.19,0.046482319871173156,626,I'm on my way over now!
5075,2952,1,17,83,101,1.188118811881188,0.04153698408594658,626,So this is where 'yee-haw' comes from!
5827,2952,3,13,85,101,1.188118811881188,0.04605823108757625,626,Think of yourself as a dark horse candidate.
5637,2952,1,17,83,101,1.188118811881188,0.04153698408594658,626,"Hi Honey, I bucked the trend!"
5620,2952,3,13,85,101,1.188118811881188,0.04605823108757625,626,Westworld is great so far!
5592,2952,1,17,83,101,1.188118811881188,0.04153698408594658,626,You didn’t tell me he was ticklish!
4535,2952,1,17,83,101,1.188118811881188,0.04153698408594658,626,I’m just landing now.  Call you back from the cab.
2015,2952,4,11,86,101,1.188118811881188,0.048159946562436856,626,"Sorry, but I have found a new therapist"
1778,2952,0,19,82,101,1.188118811881188,0.03908070169503078,626,"No, you didn't interrupt anything. Trigger and I were just playing on the lawn."
667,2952,4,11,86,101,1.188118811881188,0.048159946562436856,626,"Damn it, Dobbin, I told you a thousand times, you've got to stand still when I play man over horse."
17,2952,3,13,85,101,1.188118811881188,0.04605823108757625,626,I finally got that texting guy off my back!!
2541,2952,6,7,88,101,1.188118811881188,0.05210969254233966,626,"No not buck me, I said..."
5097,2963,2,15,85,102,1.1862745098039216,0.04346296968021364,626,"Who cares about poverty, no healthcare, homelessness, and deportation? This is America. Git back on that horse!"
4721,2963,2,15,85,102,1.1862745098039216,0.04346296968021364,626,"The origin to Leap Frog, ""Leap Horse"" was widely popular but deemed ""too dangerous""."
4518,2963,2,15,85,102,1.1862745098039216,0.04346296968021364,626,I'm gonna have to call you back.
582,2963,3,13,86,102,1.1862745098039216,0.045641722077372035,626,"OK, the French preparation and I' m good with horse meat for dinner."
591,2963,3,13,86,102,1.1862745098039216,0.045641722077372035,626,"My mistake was not dressing ""business-casual""."
3701,2963,4,11,87,102,1.1862745098039216,0.04772110492175312,626,I'll send you the link.
3769,2969,2,14,81,97,1.1855670103092784,0.04476431433028531,626,"Bucking Bronco, ha, I've had worse whiplash with my ex's."
4073,2969,5,8,84,97,1.1855670103092784,0.05146040938787607,626,Hold on! Thunder  and I are doin' a fancy two step.
3787,2969,3,12,82,97,1.1855670103092784,0.04710223423323986,626,"Hey, can I call you back using hands-free calling?"
3789,2969,4,10,83,97,1.1855670103092784,0.04932947498266527,626,Everyone can use a buck!
3796,2969,2,14,81,97,1.1855670103092784,0.04476431433028531,626,I was only joking about sending you to the dog food factory.
3817,2969,4,10,83,97,1.1855670103092784,0.04932947498266527,626,"I think it's fun and you think it's fun, but does PETA think it's fun?"
3838,2969,4,10,83,97,1.1855670103092784,0.04932947498266527,626,One last YIPEE!
3853,2969,1,16,80,97,1.1855670103092784,0.042297366409248006,626,"wait a minute, I'm just dropping out"
3884,2969,3,12,82,97,1.1855670103092784,0.04710223423323986,626,I love the big bucks.
3957,2969,3,12,82,97,1.1855670103092784,0.04710223423323986,626,I think I'm entering a dead zone.
4017,2969,4,10,83,97,1.1855670103092784,0.04932947498266527,626,Rehab's great!
4042,2969,1,16,80,97,1.1855670103092784,0.042297366409248006,626,Always horsing around
4098,2969,3,12,82,97,1.1855670103092784,0.04710223423323986,626,Can I get back to you on that?
3992,2969,6,6,85,97,1.1855670103092784,0.053506545082543024,626,Texting is much more dangerous.
4124,2969,2,14,81,97,1.1855670103092784,0.04476431433028531,626,"Wait, what's the emoji for pain?"
4131,2969,2,14,81,97,1.1855670103092784,0.04476431433028531,626,I think I'm bucked!
4184,2969,4,10,83,97,1.1855670103092784,0.04932947498266527,626,"No, no! That's Tuesdays. Thursdays are for buckin'"
4189,2969,3,12,82,97,1.1855670103092784,0.04710223423323986,626,Can I call you back later?
4227,2969,2,14,81,97,1.1855670103092784,0.04476431433028531,626,"Really, I have full MedPay coverage? Great!"
4243,2969,2,14,81,97,1.1855670103092784,0.04476431433028531,626,Now THAT'S what I call getting more bang for your buck!
4260,2969,2,14,81,97,1.1855670103092784,0.04476431433028531,626,"I'm feeling more grounded"""
4317,2969,3,12,82,97,1.1855670103092784,0.04710223423323986,626,This is a great plan! I get a buck every time I make a call!
4344,2969,1,16,80,97,1.1855670103092784,0.042297366409248006,626,"I know, I know .... I told him to calm down, but he's a CRAZY horse!"
4356,2969,3,12,82,97,1.1855670103092784,0.04710223423323986,626,I'd do anything for a few extra bucks.
4422,2969,1,16,80,97,1.1855670103092784,0.042297366409248006,626,"You're breaking up, honey."
3767,2969,2,14,81,97,1.1855670103092784,0.04476431433028531,626,You should be happy; you’ve had your fling.
4099,2969,3,12,82,97,1.1855670103092784,0.04710223423323986,626,"Gotta go, I’m having a bad connection."
3744,2969,3,12,82,97,1.1855670103092784,0.04710223423323986,626,Talk fast...I’m landing soon.
3255,2969,2,14,81,97,1.1855670103092784,0.04476431433028531,626,"Yes, I know what 'Diablo' means in English, why are you asking?"
3733,2969,1,16,80,97,1.1855670103092784,0.042297366409248006,626,"I'm at the stock exchange now, boss."
3092,2969,2,14,81,97,1.1855670103092784,0.04476431433028531,626,Call me at the hospital tonight. Love ya.
3100,2969,2,14,81,97,1.1855670103092784,0.04476431433028531,626,If I hang up abruptly it’s because believe it or not I’m...
3109,2969,1,16,80,97,1.1855670103092784,0.042297366409248006,626,"The owner's kid is pipin' Hip Hop into the corral, and Buster is useless when he's trying to get his groove on!"
3134,2969,3,12,82,97,1.1855670103092784,0.04710223423323986,626,It's the sustainable alternative to carpooling with my wife.
3208,2969,4,10,83,97,1.1855670103092784,0.04932947498266527,626,I am just finishing my first riding lesson. Can I call you back?
3228,2969,3,12,82,97,1.1855670103092784,0.04710223423323986,626,"For sure, Boss, I'll be back in time for my performance review.  I just need to get out for a while to calm my nerves."
3238,2969,3,12,82,97,1.1855670103092784,0.04710223423323986,626,Whoops! Looks like this is gonna be a dropped call.
3249,2969,3,12,82,97,1.1855670103092784,0.04710223423323986,626,"Hi honey, so far, so good!"
4447,2969,6,6,85,97,1.1855670103092784,0.053506545082543024,626,I'm pretending I'm Trump. The horse is named Mueller.
3276,2969,2,14,81,97,1.1855670103092784,0.04476431433028531,626,I don’t think the hands free function is working out so well
3294,2969,4,10,83,97,1.1855670103092784,0.04932947498266527,626,"Hello?  Yeah, I'm free. I'm just horsing around."""
3303,2969,3,12,82,97,1.1855670103092784,0.04710223423323986,626,"Despite all odds, Bill finally proved to everyone that he could not ride a horse."
3343,2969,1,16,80,97,1.1855670103092784,0.042297366409248006,626,There are still a few bugs to fix in our autonomous galloping horse model
3348,2969,1,16,80,97,1.1855670103092784,0.042297366409248006,626,"Hold on a sec, I'm getting another 'fall'."
3378,2969,3,12,82,97,1.1855670103092784,0.04710223423323986,626,I’m still up in the air on that topic.
3388,2969,2,14,81,97,1.1855670103092784,0.04476431433028531,626,"Yes Mr. Trump, if you refer to my CV, you'll see that I have many years of questionable experience in the finance sector. I am also more than comfortable diverting attention while passing the buck."
3447,2969,2,14,81,97,1.1855670103092784,0.04476431433028531,626,Please hold! I will be finished with what I'm doing in a few seconds
3471,2969,2,14,81,97,1.1855670103092784,0.04476431433028531,626,"No, it's fine...you caught me before I hit the ground running."
3525,2969,2,14,81,97,1.1855670103092784,0.04476431433028531,626,"Yes, but can I sue a horse?"
3527,2969,4,10,83,97,1.1855670103092784,0.04932947498266527,626,I really think you're taking me for a bit of a ride here...
3567,2969,2,14,81,97,1.1855670103092784,0.04476431433028531,626,Now that’s a horse of a different caller!
3610,2969,3,12,82,97,1.1855670103092784,0.04710223423323986,626,Eek!  A mouse!
3640,2969,4,10,83,97,1.1855670103092784,0.04932947498266527,626,"I'm just getting off work, see in about 15 minutes"
3641,2969,5,8,84,97,1.1855670103092784,0.05146040938787607,626,"Testing a new app ""wild ride"""
3671,2969,1,16,80,97,1.1855670103092784,0.042297366409248006,626,I'm bucking the trend!
3739,2969,3,12,82,97,1.1855670103092784,0.04710223423323986,626,"You think that's weird? I've been talking into a Hershey bar for half an hour. Hey, look - a horse."
4466,2969,3,12,82,97,1.1855670103092784,0.04710223423323986,626,I thought a double-header was something different.
4924,2969,3,12,82,97,1.1855670103092784,0.04710223423323986,626,"If this is an emergency, please press 1."
4541,2969,2,14,81,97,1.1855670103092784,0.04476431433028531,626,"Dude ranch, no.  I’m at a bro racnch."
5371,2969,2,14,81,97,1.1855670103092784,0.04476431433028531,626,Just gotta take this fall...
5393,2969,5,8,84,97,1.1855670103092784,0.05146040938787607,626,Masochist dude ranch
5401,2969,1,16,80,97,1.1855670103092784,0.042297366409248006,626,I seriously have to get back with you on this boss; I’ve  Been thrown for a loop on this one.”
5408,2969,2,14,81,97,1.1855670103092784,0.04476431433028531,626,Wild stallions couldn’t keep me from telling you about this exciting real estate opportunity!
5411,2969,3,12,82,97,1.1855670103092784,0.04710223423323986,626,"Sweetie, I see a tunnel ahead. Gotta go...Love you!"
5457,2969,1,16,80,97,1.1855670103092784,0.042297366409248006,626,"You were right, doctor, it feels great to be out of my comfort zone!"
5469,2969,1,16,80,97,1.1855670103092784,0.042297366409248006,626,Can I call you back? I'm a little busy at the moment.
5512,2969,3,12,82,97,1.1855670103092784,0.04710223423323986,626,I got a new ring tone for my phone.
5527,2969,4,10,83,97,1.1855670103092784,0.04932947498266527,626,It's so easy! Just get the Country Uber Drop-Off app...
5570,2969,1,16,80,97,1.1855670103092784,0.042297366409248006,626,It's the only way I'm able to limit the minutes I use.
5571,2969,0,18,79,97,1.1855670103092784,0.03967733071737281,626,Equestrian therapy is doing a lot of good for me.
5601,2969,2,14,81,97,1.1855670103092784,0.04476431433028531,626,"Honey, good news.  Fnally got Wi-F . . . uff . . . ai, yai, yai . . . !"""
5607,2969,0,18,79,97,1.1855670103092784,0.03967733071737281,626,"I told him not to say the ""Why the long face"" joke again"
5613,2969,2,14,81,97,1.1855670103092784,0.04476431433028531,626,None of these self-help books tell you how to stay in the saddle!
5622,2969,4,10,83,97,1.1855670103092784,0.04932947498266527,626,"Yup, they give you an Ultra Low Efficiency Vehicle--and when you decline the insurance, it's half the price of an Uber!"
5640,2969,2,14,81,97,1.1855670103092784,0.04476431433028531,626,You’ve gotta be bucking kidding me!
5645,2969,2,14,81,97,1.1855670103092784,0.04476431433028531,626,"No more 'ass' jokes, I promise."
5651,2969,3,12,82,97,1.1855670103092784,0.04710223423323986,626,I'm about to land the account.
5699,2969,2,14,81,97,1.1855670103092784,0.04476431433028531,626,"I don't know, I'm still kind of up-in-the-air about that . . ."
5700,2969,3,12,82,97,1.1855670103092784,0.04710223423323986,626,Let me call you back. I've got a break coming up.
5733,2969,1,16,80,97,1.1855670103092784,0.042297366409248006,626,"After a quarter like that, you have to just get back on the horse."
5756,2969,2,14,81,97,1.1855670103092784,0.04476431433028531,626,"He's fine, he's fine! He just gets a little jumpy around accountants."
5765,2969,4,10,83,97,1.1855670103092784,0.04932947498266527,626,"Yes, mom, I promise to hit the ground running."
5813,2969,2,14,81,97,1.1855670103092784,0.04476431433028531,626,"Okay, yeah, we'll catch up later; I've got a meeting with the mare."
5841,2969,4,10,83,97,1.1855670103092784,0.04932947498266527,626,Swing your partner
5352,2969,2,14,81,97,1.1855670103092784,0.04476431433028531,626,"I’m good, how are you?"
5341,2969,1,16,80,97,1.1855670103092784,0.042297366409248006,626,That’s right honey; most improved!
5333,2969,5,8,84,97,1.1855670103092784,0.05146040938787607,626,I warned you; I just can't have a rider who'd vote for such an idiot.
5294,2969,2,14,81,97,1.1855670103092784,0.04476431433028531,626,"I'm gonna have to call you back, my signal is about to drop!"
4558,2969,2,14,81,97,1.1855670103092784,0.04476431433028531,626,It had been years since Horace and Ed broke out into their old Vegas dance routine.
4574,2969,1,16,80,97,1.1855670103092784,0.042297366409248006,626,"I'm calling to check the deductible on my 'No, you hang up first' policy."
4583,2969,3,12,82,97,1.1855670103092784,0.04710223423323986,626,I am about to be in a dead zone
4596,2969,3,12,82,97,1.1855670103092784,0.04710223423323986,626,"No dear. I said I got bucked, real good."
4610,2969,2,14,81,97,1.1855670103092784,0.04476431433028531,626,"All I said was ""Hay there!"""
4648,2969,5,8,84,97,1.1855670103092784,0.05146040938787607,626,"Everything's good at the office, dear, just let me finish a customer support call"
4649,2969,4,10,83,97,1.1855670103092784,0.04932947498266527,626,"No, Alice, the ad did not say it was not a car."
4652,2969,2,14,81,97,1.1855670103092784,0.04476431433028531,626,"Ha!  You thought you bucked me, but I jumped!"
4678,2969,4,10,83,97,1.1855670103092784,0.04932947498266527,626,"Sorry, gotta go. This new 8 second calling plan is killing me"
4683,2969,4,10,83,97,1.1855670103092784,0.04932947498266527,626,"I swear! They told me they did casual friday and I was like ""Yeah, right""!"
4725,2969,2,14,81,97,1.1855670103092784,0.04476431433028531,626,YO!  This is not the mustang I had  in mind!
4735,2969,1,16,80,97,1.1855670103092784,0.042297366409248006,626,"Hey, this is way more fun than the office."
4524,2969,0,18,79,97,1.1855670103092784,0.03967733071737281,626,I will have to get your back!
4747,2969,2,14,81,97,1.1855670103092784,0.04476431433028531,626,Better than another meeeetiiiing!
4788,2969,3,12,82,97,1.1855670103092784,0.04710223423323986,626,What makes you think I'm horsing around?
4791,2969,2,14,81,97,1.1855670103092784,0.04476431433028531,626,"Uh oh, I shouldn’t use my cell phone while riding!"
2938,2969,1,16,80,97,1.1855670103092784,0.042297366409248006,626,I feel exactly like I am in the real wild west.
4939,2969,3,12,82,97,1.1855670103092784,0.04710223423323986,626,"Good news, Honey. I finally got that raise!"
5000,2969,1,16,80,97,1.1855670103092784,0.042297366409248006,626,I'm getting off NOW!
5060,2969,4,10,83,97,1.1855670103092784,0.04932947498266527,626,Uber was busy!
5081,2969,2,14,81,97,1.1855670103092784,0.04476431433028531,626,Hold on...I just need to deal with some bullshit.
5113,2969,2,14,81,97,1.1855670103092784,0.04476431433028531,626,Where did you learn to dance like that!
5168,2969,4,10,83,97,1.1855670103092784,0.04932947498266527,626,Hey!...Yeah I can talk.
5230,2969,3,12,82,97,1.1855670103092784,0.04710223423323986,626,I have another high flying opportunity for you.
5236,2969,3,12,82,97,1.1855670103092784,0.04710223423323986,626,"CPA by day, roughrider on weekends."
5238,2969,2,14,81,97,1.1855670103092784,0.04476431433028531,626,"I’msorry, I have to cut this call short cause my current project is really going sideways."
4761,2969,2,14,81,97,1.1855670103092784,0.04476431433028531,626,I'm always up for making a quick buck.
2937,2969,6,6,85,97,1.1855670103092784,0.053506545082543024,626,"Horseback riding is a lot of...Listen, I'll call you back. I'm about to crash."
2819,2969,3,12,82,97,1.1855670103092784,0.04710223423323986,626,"Sure, I miss you.  I'm heading over right now!"
2893,2969,3,12,82,97,1.1855670103092784,0.04710223423323986,626,"Dave, forget the bull market, I´ve settled for something much better down here!"
712,2969,4,10,83,97,1.1855670103092784,0.04932947498266527,626,"The dude ranch is great , has super reception, first thing they did let me ride a horse and said can you say “ Whoa?”"
741,2969,3,12,82,97,1.1855670103092784,0.04710223423323986,626,I would avoid Sprint.
772,2969,5,8,84,97,1.1855670103092784,0.05146040938787607,626,I'll have to call you back. I just had an accident.
786,2969,2,14,81,97,1.1855670103092784,0.04476431433028531,626,So that's why the fence was there...
797,2969,2,14,81,97,1.1855670103092784,0.04476431433028531,626,"She said my cholesterol and lab report numbers looked good, but
put me on something called Ritalin."
804,2969,4,10,83,97,1.1855670103092784,0.04932947498266527,626,You gotta try this rodeo app!
950,2969,2,14,81,97,1.1855670103092784,0.04476431433028531,626,"An unbelievable experience. Wait, I’ll send you a picture..."
1006,2969,3,12,82,97,1.1855670103092784,0.04710223423323986,626,It's Dude calling....remember Dude?
1008,2969,3,12,82,97,1.1855670103092784,0.04710223423323986,626,Not to worry.  It's a flip phone.
1032,2969,2,14,81,97,1.1855670103092784,0.04476431433028531,626,But I voted for Bernie!
1091,2969,0,18,79,97,1.1855670103092784,0.03967733071737281,626,I regret nothing!
1092,2969,1,16,80,97,1.1855670103092784,0.042297366409248006,626,"Human:  Yeah, so now I'm soaring through the air upside down, oops, here comes the ground, hahaha,  wait, I'll send you a selfie.....
Horse:  I can't stand these people who talk on their cell phones while riding."
1097,2969,2,14,81,97,1.1855670103092784,0.04476431433028531,626,"Hey Siri, how do I tuck and roll?  

Did you mean, ""buck and roll""?"
1106,2969,5,8,84,97,1.1855670103092784,0.05146040938787607,626,"Ok, number 6, getting thrown from a wild bronco, check."
2924,2969,2,14,81,97,1.1855670103092784,0.04476431433028531,626,"...no, I'm fine. I'm calling hands free"
1123,2969,3,12,82,97,1.1855670103092784,0.04710223423323986,626,Can I get an ambulance sent to Overlook Horse Farm?
1184,2969,2,14,81,97,1.1855670103092784,0.04476431433028531,626,"Listen, I gotta go, somethings coming up!"
1203,2969,1,16,80,97,1.1855670103092784,0.042297366409248006,626,Head over heels...But in a nice way.
1210,2969,4,10,83,97,1.1855670103092784,0.04932947498266527,626,"Goodbye for the last time, Rachel from Cardholder Services!"
1225,2969,2,14,81,97,1.1855670103092784,0.04476431433028531,626,"Well, I have practice talking on the phone while driving."
1250,2969,4,10,83,97,1.1855670103092784,0.04932947498266527,626,I think they're taking this open-office concept a little too seriously...
1274,2969,4,10,83,97,1.1855670103092784,0.04932947498266527,626,Head over heels
1281,2969,2,14,81,97,1.1855670103092784,0.04476431433028531,626,I'm just so glad not to be on hold anymore.
1345,2969,4,10,83,97,1.1855670103092784,0.04932947498266527,626,No cellphones!
1349,2969,3,12,82,97,1.1855670103092784,0.04710223423323986,626,It was either ride this or a Bear Market!
705,2969,0,18,79,97,1.1855670103092784,0.03967733071737281,626,"Yes, I need the number for 911."
1357,2969,3,12,82,97,1.1855670103092784,0.04710223423323986,626,Two out of three?
680,2969,0,18,79,97,1.1855670103092784,0.03967733071737281,626,So you're saying I got the job?
648,2969,3,12,82,97,1.1855670103092784,0.04710223423323986,626,As CEO I can assure you--the buck stops here.
9,2969,2,14,81,97,1.1855670103092784,0.04476431433028531,626,From horse to hearse in two seconds!
20,2969,2,14,81,97,1.1855670103092784,0.04476431433028531,626,Two buck Chuck!
24,2969,4,10,83,97,1.1855670103092784,0.04932947498266527,626,"Hey, I gotta jump."
78,2969,1,16,80,97,1.1855670103092784,0.042297366409248006,626,"The naming rights are ours, sir. Welcome to the Oxycodone Rodeo."
89,2969,2,14,81,97,1.1855670103092784,0.04476431433028531,626,What's up boss? You said no more horsing around!
95,2969,3,12,82,97,1.1855670103092784,0.04710223423323986,626,Now I’m ready to work in the Trump White House.
104,2969,2,14,81,97,1.1855670103092784,0.04476431433028531,626,That's right! I'm head over heels in love with you.
146,2969,4,10,83,97,1.1855670103092784,0.04932947498266527,626,Do-si-do!
199,2969,3,12,82,97,1.1855670103092784,0.04710223423323986,626,Stay out of my way - It's bull market!
229,2969,1,16,80,97,1.1855670103092784,0.042297366409248006,626,"Encountered some turbulence, but let the office know I'll be landing in .7 seconds."
235,2969,2,14,81,97,1.1855670103092784,0.04476431433028531,626,I’ve just learned the hard way not to text and ride.
264,2969,4,10,83,97,1.1855670103092784,0.04932947498266527,626,I got a buck off my phone plan!
278,2969,3,12,82,97,1.1855670103092784,0.04710223423323986,626,"Why, yes!  I WOULD like quotes on horse insurance."
328,2969,0,18,79,97,1.1855670103092784,0.03967733071737281,626,"I personally guarantee this is not a blip, there will be no crash."
373,2969,2,14,81,97,1.1855670103092784,0.04476431433028531,626,"Oh, nothing. Just horsing around."
443,2969,2,14,81,97,1.1855670103092784,0.04476431433028531,626,"No sir, working overtime won't impact my personal plans at all."
447,2969,4,10,83,97,1.1855670103092784,0.04932947498266527,626,I’m not sure that teaching Boxer the “ Paso Doble” was your best idea!
487,2969,2,14,81,97,1.1855670103092784,0.04476431433028531,626,"Oh yes, vacation is going great.”"
513,2969,2,14,81,97,1.1855670103092784,0.04476431433028531,626,"Name's Cowboy Jim---J-I-M---and yes, a semi private room will be fine!  Yee haa!"
522,2969,3,12,82,97,1.1855670103092784,0.04710223423323986,626,Ultimate distraced driving
558,2969,0,18,79,97,1.1855670103092784,0.03967733071737281,626,"You bet on me, but you don't ownme"
574,2969,2,14,81,97,1.1855670103092784,0.04476431433028531,626,"He dropped me off early, so now I can make it to golf."
604,2969,3,12,82,97,1.1855670103092784,0.04710223423323986,626,Everything's still up in the air with me. What about you?
606,2969,3,12,82,97,1.1855670103092784,0.04710223423323986,626,Can you hold? Got another caller.
630,2969,3,12,82,97,1.1855670103092784,0.04710223423323986,626,"No, you didn't catch me at a bad time. I'm just out here bucking around."
653,2969,2,14,81,97,1.1855670103092784,0.04476431433028531,626,". . . Oh, not much, just bucking around."
1368,2969,5,8,84,97,1.1855670103092784,0.05146040938787607,626,Another one off my back. It ain't much but it's a living.
1116,2969,2,14,81,97,1.1855670103092784,0.04476431433028531,626,Fantastic equestrian program. I'm literally flying! Wonder what's next?
1392,2969,3,12,82,97,1.1855670103092784,0.04710223423323986,626,I can cross this off my buckaroo list now.
2119,2969,4,10,83,97,1.1855670103092784,0.04932947498266527,626,I just won the New Yorker caption competition? Can I ring you back?
2143,2969,3,12,82,97,1.1855670103092784,0.04710223423323986,626,"whoa  i will have to call t
you back"
2157,2969,4,10,83,97,1.1855670103092784,0.04932947498266527,626,“Could have been other horses also. There’s a lot of horses out there.”
2184,2969,5,8,84,97,1.1855670103092784,0.05146040938787607,626,"Ha,ha,impossible! My mount would never buck around."
2189,2969,1,16,80,97,1.1855670103092784,0.042297366409248006,626,You heard me right. My current position on stocks is broncoish.
2206,2969,3,12,82,97,1.1855670103092784,0.04710223423323986,626,I need an ambulance please.
2239,2969,4,10,83,97,1.1855670103092784,0.04932947498266527,626,I still have a flip phone and I'm flipping!
2276,2969,1,16,80,97,1.1855670103092784,0.042297366409248006,626,"Ok ok, no more horse jokes!"
2307,2969,2,14,81,97,1.1855670103092784,0.04476431433028531,626,"Yeah, I'm almost done, meet me at the hospital in 15 minutes""
""I'm calling to confirm my long-term disability policy is in good standing.""
""No, they did not make me sign a waiver. So, will you take my case on contingency?"
2341,2969,2,14,81,97,1.1855670103092784,0.04476431433028531,626,"You did not just say, ""the buck stops here!"""
2369,2969,3,12,82,97,1.1855670103092784,0.04710223423323986,626,"This is definitely the last time I'll call you,"
1391,2969,1,16,80,97,1.1855670103092784,0.042297366409248006,626,So you're saying I'm covered for rodeo accidents? That's great!
2422,2969,1,16,80,97,1.1855670103092784,0.042297366409248006,626,I love it. It's as easy as falling off a horse.
2425,2969,3,12,82,97,1.1855670103092784,0.04710223423323986,626,A visual representation of Trumps economy.
2438,2969,2,14,81,97,1.1855670103092784,0.04476431433028531,626,I just completed my bucket list!
2456,2969,4,10,83,97,1.1855670103092784,0.04932947498266527,626,"They said to 'show him who's boss,' but he wasn't impressed by this conference call."
2528,2969,2,14,81,97,1.1855670103092784,0.04476431433028531,626,He takes distracted driving cases very seriously.
2567,2969,2,14,81,97,1.1855670103092784,0.04476431433028531,626,With this new 5 G  I can still hear you !
2601,2969,3,12,82,97,1.1855670103092784,0.04710223423323986,626,Thinks he can ride me while talking on the phone.  Get off my back M*&#@*% F&(*^!
2613,2969,2,14,81,97,1.1855670103092784,0.04476431433028531,626,"You know what they say: if you fall off a horse, you fell off a horse"
2658,2969,3,12,82,97,1.1855670103092784,0.04710223423323986,626,"Finally, a stable relationship"
2751,2969,1,16,80,97,1.1855670103092784,0.042297366409248006,626,"Yeah, lately I've been looking into more eco-friendly commute options."
2837,2969,1,16,80,97,1.1855670103092784,0.042297366409248006,626,I hope when I wake up I am not back at the office
2874,2969,4,10,83,97,1.1855670103092784,0.04932947498266527,626,No problem.  Call my cell any time.
2889,2969,1,16,80,97,1.1855670103092784,0.042297366409248006,626,I'll call you back after landing.
2096,2969,2,14,81,97,1.1855670103092784,0.04476431433028531,626,Distracted riding: iThrown.
2044,2969,2,14,81,97,1.1855670103092784,0.04476431433028531,626,This is a flying buck!
2373,2969,4,10,83,97,1.1855670103092784,0.04932947498266527,626,It’s a great investment opportunity - you get bang for your buck!
2023,2969,2,14,81,97,1.1855670103092784,0.04476431433028531,626,"No, I said, 'He BUCKED up.'"
1409,2969,1,16,80,97,1.1855670103092784,0.042297366409248006,626,But you told me to buck up!
2035,2969,3,12,82,97,1.1855670103092784,0.04710223423323986,626,"Ya, no worries, I am training for a trump cabinet position."
1515,2969,3,12,82,97,1.1855670103092784,0.04710223423323986,626,Hold on a sec  .... something just came  up.
1530,2969,3,12,82,97,1.1855670103092784,0.04710223423323986,626,"Boy howdy,  wait till this hits Instagram!"
1532,2969,3,12,82,97,1.1855670103092784,0.04710223423323986,626,This ride is going viral.  How can I gracefully break my neck?
1558,2969,2,14,81,97,1.1855670103092784,0.04476431433028531,626,But I was texting just for a second!
1608,2969,2,14,81,97,1.1855670103092784,0.04476431433028531,626,Can you believe I’m calling you on Wi-Fly?
1664,2969,3,12,82,97,1.1855670103092784,0.04710223423323986,626,Sorry it’s a little rough on my end
1700,2969,3,12,82,97,1.1855670103092784,0.04710223423323986,626,This is way above my skill level.
1705,2969,3,12,82,97,1.1855670103092784,0.04710223423323986,626,Tell me again how I ride handsfree.
1738,2969,1,16,80,97,1.1855670103092784,0.042297366409248006,626,It's a working vacation.
1744,2969,2,14,81,97,1.1855670103092784,0.04476431433028531,626,"Yeah, I found this dude ranch using my phone--
I love every minute!"
1488,2969,2,14,81,97,1.1855670103092784,0.04476431433028531,626,"I'm in the air right now, can I call you you back, after landing?"
1801,2969,2,14,81,97,1.1855670103092784,0.04476431433028531,626,and that's the way the dipsy-doodle works!
2004,2969,1,16,80,97,1.1855670103092784,0.042297366409248006,626,Hold on . . . gotta take a quick selfie!
2003,2969,5,8,84,97,1.1855670103092784,0.05146040938787607,626,I’m flipping out—no bull!
1984,2969,3,12,82,97,1.1855670103092784,0.04710223423323986,626,I knew you'd be a great ride which is why I named you Trump!
1763,2969,3,12,82,97,1.1855670103092784,0.04710223423323986,626,Now watch me neigh neigh
1954,2969,2,14,81,97,1.1855670103092784,0.04476431433028531,626,Hang on.  I'm getting some push-back on that.
1956,2969,1,16,80,97,1.1855670103092784,0.042297366409248006,626,"Actually, I’m heels over head in love with you."
1893,2969,2,14,81,97,1.1855670103092784,0.04476431433028531,626,When will this guy get a clue?
1802,2969,3,12,82,97,1.1855670103092784,0.04710223423323986,626,Got to go! Call Ya!
1944,2969,2,14,81,97,1.1855670103092784,0.04476431433028531,626,"Ha, ha.  I lasted more than 8 seconds."
4030,3197,3,13,87,103,1.1844660194174756,0.04523259434304085,626,"Whoa! your stud fees plummeted, and gelding was our only option."
313,3197,4,11,88,103,1.1844660194174756,0.04729011524728665,626,Ha ha ha!  And then what did you say?
4103,3197,3,13,87,103,1.1844660194174756,0.04523259434304085,626,"Yeah, Mom, my interview went great, and I think I'm going to nail the tryout, too!"
4165,3200,3,12,83,98,1.183673469387755,0.04665756099726821,626,You know you are not a bull don't 'you
4197,3200,2,14,82,98,1.183673469387755,0.04434562619344774,626,I'll call you back.
3863,3200,0,18,80,98,1.183673469387755,0.039315997902118524,626,Your horse is not broken but I will be shortly.
3759,3200,4,10,84,98,1.183673469387755,0.048860223433162986,626,"Oh yeah, he will make excellent glue."
4352,3200,7,4,87,98,1.183673469387755,0.05494089315903979,626,I haven't been this bucked since Trump won the election!
3722,3200,2,14,82,98,1.183673469387755,0.04434562619344774,626,"My therapist says I need to ""live in the moment."" Can you believe it?"
3576,3200,2,14,82,98,1.183673469387755,0.04434562619344774,626,And to think I was afraid they wouldn't have cell service out here.
3371,3200,3,12,83,98,1.183673469387755,0.04665756099726821,626,Trial 43: the human remains impervious to treatment
3359,3200,4,10,84,98,1.183673469387755,0.048860223433162986,626,I feel like a bad New Yorker cartoon.
3138,3200,1,16,81,98,1.183673469387755,0.04190633754892204,626,"Yeah, I'm doing my horse therapy."
3101,3200,3,12,83,98,1.183673469387755,0.04665756099726821,626,"She's a little feisty today. Whoa, BlueTooth"
4424,3200,4,10,84,98,1.183673469387755,0.048860223433162986,626,"Just checked in to OK Corral Guest Ranch and introduced to my

horsie.  Her name is ""Laughter""."
4689,3200,1,16,81,98,1.183673469387755,0.04190633754892204,626,I don't wanna get back on it again!
5177,3200,3,12,83,98,1.183673469387755,0.04665756099726821,626,"Hi, honey. Guess what? I was picked to try the new Uber ride service!"
4862,3200,4,10,84,98,1.183673469387755,0.048860223433162986,626,"Dang it! If you wanna ride, ride the white pony!"
4869,3200,2,14,82,98,1.183673469387755,0.04434562619344774,626,"Oh my God, no way.  What happened?"
4972,3200,3,12,83,98,1.183673469387755,0.04665756099726821,626,"In keeping with all recent New Yorker cartoons:
""Whoa, that Donald Trump sure is a horse's ass."""
5041,3200,2,14,82,98,1.183673469387755,0.04434562619344774,626,"As my Latin teacher used to say, "" “Equi donati dentes non inspicuintur.”"
5218,3200,2,14,82,98,1.183673469387755,0.04434562619344774,626,"Sally, I’ve fallen for the MUSTANG instead."
5240,3200,4,10,84,98,1.183673469387755,0.048860223433162986,626,"O.K., No More Talk About Make America Great Again."
5410,3200,3,12,83,98,1.183673469387755,0.04665756099726821,626,Please hold.
5676,3200,2,14,82,98,1.183673469387755,0.04434562619344774,626,Never miss the chance to make a quick buck
2860,3200,2,14,82,98,1.183673469387755,0.04434562619344774,626,Can I call you back? I'm being thrown off a horse at the moment.
5514,3200,3,12,83,98,1.183673469387755,0.04665756099726821,626,"Chad, it’s too late to live stream my ride on Instagram!"
5445,3200,4,10,84,98,1.183673469387755,0.048860223433162986,626,"Actually, I expect to be much more hurt by my Facebook stock."
5399,3200,0,18,80,98,1.183673469387755,0.039315997902118524,626,See you at the chiropractor.
4701,3200,3,12,83,98,1.183673469387755,0.04665756099726821,626,"Quickly, I need to swap out for an ""Apple""!"
2743,3200,2,14,82,98,1.183673469387755,0.04434562619344774,626,"Yeah, the Bronco's a good ride, but I really wanna test drive a Mustang!"
4706,3200,0,18,80,98,1.183673469387755,0.039315997902118524,626,I love it when rookies try out for American Cowboy Warriors.
2703,3200,2,14,82,98,1.183673469387755,0.04434562619344774,626,If my chiropractor could see me now!
425,3200,1,16,81,98,1.183673469387755,0.04190633754892204,626,"Ha! It sounded like you just said, ""You're fired!"""
495,3200,3,12,83,98,1.183673469387755,0.04665756099726821,626,"Look honey, no hands!"
620,3200,2,14,82,98,1.183673469387755,0.04434562619344774,626,"The horse understands English, and it only cost one buck..."
636,3200,2,14,82,98,1.183673469387755,0.04434562619344774,626,"Gonna be a little late, Honey. Stopped for a spinning class."
2,3200,3,12,83,98,1.183673469387755,0.04665756099726821,626,I love dancing with the spurs!
2719,3200,3,12,83,98,1.183673469387755,0.04665756099726821,626,Gotta go. Reception is dropping out here.
927,3200,2,14,82,98,1.183673469387755,0.04434562619344774,626,Yaaay the signal just got better
1015,3200,1,16,81,98,1.183673469387755,0.04190633754892204,626,I was hoping to see how the other half lived.
1214,3200,1,16,81,98,1.183673469387755,0.04190633754892204,626,"Second thought, I'll wear that helmet."
1512,3200,2,14,82,98,1.183673469387755,0.04434562619344774,626,Hello Ford? I need to report a problem with a Mustang...
1960,3200,3,12,83,98,1.183673469387755,0.04665756099726821,626,The there's no contract and it's only a buck a call.
2202,3200,3,12,83,98,1.183673469387755,0.04665756099726821,626,"Oops, I just lost my connection."
2233,3200,4,10,84,98,1.183673469387755,0.048860223433162986,626,"Making America great again, how about you?"
2237,3200,3,12,83,98,1.183673469387755,0.04665756099726821,626,I CAN STOP HOLDING MY HORSES!
2267,3200,1,16,81,98,1.183673469387755,0.04190633754892204,626,He's got Autopilot so I can ride him with my eyes closed! What could go wrong?
2344,3200,3,12,83,98,1.183673469387755,0.04665756099726821,626,Wow! Talk about being in the moment!
2477,3200,4,10,84,98,1.183673469387755,0.048860223433162986,626,"This  is some ringtone, dude."
2537,3200,2,14,82,98,1.183673469387755,0.04434562619344774,626,"Look, this isn’t my first rodeo, but I’m simply up in the air over this decision."
2619,3200,2,14,82,98,1.183673469387755,0.04434562619344774,626,Is this 911? I am scheduled to hit the ground in 0.418 seconds and will need an ambulance in 0.419 seconds.
179,3200,2,14,82,98,1.183673469387755,0.04434562619344774,626,Looks like I'll finally meet my deductible AND get brownie points for doing the team building exercise.
62,3200,2,14,82,98,1.183673469387755,0.04434562619344774,626,"Be there shortly, I'm just finishing up here."
2526,3251,2,15,87,104,1.1826923076923077,0.04269755533620633,626,What the hell did I say???
2175,3252,3,12,84,99,1.1818181818181819,0.046221117974161514,626,"Oh, I am not busy. I am just horsing around."
3167,3253,4,9,82,95,1.1789473684210525,0.049587203873582494,626,No I’m fine.  The Kool-Aid is working.
3795,3253,1,15,79,95,1.1789473684210525,0.04227290255943855,626,"No, it’s no really my cup of tea…but it beats work."
3818,3253,2,13,80,95,1.1789473684210525,0.044843756048454156,626,"Dude, can I call you back, I’m at a Dude Ranch"
3823,3253,2,13,80,95,1.1789473684210525,0.044843756048454156,626,I wasn’t ready. 2 out of 3.
3132,3253,2,13,80,95,1.1789473684210525,0.044843756048454156,626,"Gotta go, Frank. My minutes are about up."
3892,3253,3,11,81,95,1.1789473684210525,0.04727501054750545,626,I'll be home as soon as I can.  This commute has taken a rough turn.
3903,3253,2,13,80,95,1.1789473684210525,0.044843756048454156,626,"Oh buck, I got bucked."
3963,3253,2,13,80,95,1.1789473684210525,0.044843756048454156,626,You're the one who told me to grab life by the horns
3994,3253,1,15,79,95,1.1789473684210525,0.04227290255943855,626,Don't wait up for me.
3996,3253,1,15,79,95,1.1789473684210525,0.04227290255943855,626,Can I get some of that short term insurance?
4011,3253,1,15,79,95,1.1789473684210525,0.04227290255943855,626,Well it sure beats sitting in an office all day.
4014,3253,0,17,78,95,1.1789473684210525,0.039535226381877515,626,Tell them to outlaw distracted horseback riding also.
4106,3253,3,11,81,95,1.1789473684210525,0.04727501054750545,626,I knew Regan and you’re no Regan!
4110,3253,2,13,80,95,1.1789473684210525,0.044843756048454156,626,It sure beats sitting at a desk all day!
3772,3253,3,11,81,95,1.1789473684210525,0.04727501054750545,626,An outtake from Mission: Impossible 6 - Falloff (Cruise's last film.)
3693,3253,2,13,80,95,1.1789473684210525,0.044843756048454156,626,"Oh, just horsing around.  You?"
3604,3253,1,15,79,95,1.1789473684210525,0.04227290255943855,626,"Sorry, I have to hang up. Distracted ridingggggg!"
3592,3253,3,11,81,95,1.1789473684210525,0.04727501054750545,626,Before the acceleration of time reaches the infinity.
3548,3253,2,13,80,95,1.1789473684210525,0.044843756048454156,626,I am running out of air time FAST!
3487,3253,2,13,80,95,1.1789473684210525,0.044843756048454156,626,At least I'm not in Chicago!
3473,3253,2,13,80,95,1.1789473684210525,0.044843756048454156,626,"No, it's fine. I just got freed up."
3441,3253,2,13,80,95,1.1789473684210525,0.044843756048454156,626,Notice how good I am at multi-tasking ?
3427,3253,0,17,78,95,1.1789473684210525,0.039535226381877515,626,Its better than the app!
3395,3253,2,13,80,95,1.1789473684210525,0.044843756048454156,626,What do you mean you think I've had too much Loco weed?
3367,3253,2,13,80,95,1.1789473684210525,0.044843756048454156,626,Can you hear me? My voice is a bit hoarse right now.
3346,3253,4,9,82,95,1.1789473684210525,0.049587203873582494,626,I was told that I can do anything.
4162,3253,3,11,81,95,1.1789473684210525,0.04727501054750545,626,Why you shouldn't text and ride
3330,3253,3,11,81,95,1.1789473684210525,0.04727501054750545,626,Hold On Tim I've got about 2 seconds to come up with a pun
3271,3253,1,15,79,95,1.1789473684210525,0.04227290255943855,626,Oh fuck!
3264,3253,0,17,78,95,1.1789473684210525,0.039535226381877515,626,"Yeah, you wouldn't believe how far I had to go to get reception!"
3257,3253,3,11,81,95,1.1789473684210525,0.04727501054750545,626,"So then she asked me to come O-ver. Yeah, so I headed on O-ver there and ... Hey Gary, let me call you back."
3143,3253,3,11,81,95,1.1789473684210525,0.04727501054750545,626,"Wait! Don't hang up, let me hang on for a few more seconds."
4172,3253,3,11,81,95,1.1789473684210525,0.04727501054750545,626,"Hold on, let me get my hands-free device."
4717,3253,2,13,80,95,1.1789473684210525,0.044843756048454156,626,I'm just horse'in around.
4306,3253,4,9,82,95,1.1789473684210525,0.049587203873582494,626,"Hang on, I just gotta Instagram this!"
5720,3253,1,15,79,95,1.1789473684210525,0.04227290255943855,626,I'm just about to hit the ground. Will try to post a photo before I go unconscious.
5624,3253,3,11,81,95,1.1789473684210525,0.04727501054750545,626,The cell service here is amazing!
3114,3253,4,9,82,95,1.1789473684210525,0.049587203873582494,626,I'm killing it.
5789,3253,0,17,78,95,1.1789473684210525,0.039535226381877515,626,is there a barbecue after this shindig?
5820,3253,1,15,79,95,1.1789473684210525,0.04227290255943855,626,How did the Market do today?
5826,3253,2,13,80,95,1.1789473684210525,0.044843756048454156,626,It’s a great way to make a quick buck.
5857,3253,3,11,81,95,1.1789473684210525,0.04727501054750545,626,"Neigh, I'm not busy. What's up?"
5552,3253,2,13,80,95,1.1789473684210525,0.044843756048454156,626,Change in plans! I'll be at St. Lukes emergency ward!
5536,3253,1,15,79,95,1.1789473684210525,0.04227290255943855,626,An arcane method of finding reception in Wyoming
5490,3253,0,17,78,95,1.1789473684210525,0.039535226381877515,626,"You won't believe this, I got the day off work! #horsingaround"
5429,3253,2,13,80,95,1.1789473684210525,0.044843756048454156,626,"So I said, the buck stops here. No more working on vacation."
5364,3253,4,9,82,95,1.1789473684210525,0.049587203873582494,626,"I sound flippant?  Ha ha, great timing!"
5220,3253,2,13,80,95,1.1789473684210525,0.044843756048454156,626,Next time I am not listening to the stock experts.
5198,3253,3,11,81,95,1.1789473684210525,0.04727501054750545,626,I'm roaming on the range! This plan has great coverage.
5123,3253,2,13,80,95,1.1789473684210525,0.044843756048454156,626,"Seriously, who needs Obama Care..."
4847,3253,2,13,80,95,1.1789473684210525,0.044843756048454156,626,"And then I said, ""It's not my first rodeo!"""
4839,3253,4,9,82,95,1.1789473684210525,0.049587203873582494,626,I know...right?
4370,3253,4,9,82,95,1.1789473684210525,0.049587203873582494,626,Beats airport security!
4381,3253,3,11,81,95,1.1789473684210525,0.04727501054750545,626,I found us a great way to make a buck.
4401,3253,5,7,83,95,1.1789473684210525,0.05179628320385274,626,"Not at all, it's actually going great!"
4429,3253,5,7,83,95,1.1789473684210525,0.05179628320385274,626,How could I have known that you don't like mare humor?
4468,3253,2,13,80,95,1.1789473684210525,0.044843756048454156,626,"Well, for what I know, it feels like flying"
4509,3253,3,11,81,95,1.1789473684210525,0.04727501054750545,626,"Hey, I just got the coolest new surfboard today."
4301,3253,1,15,79,95,1.1789473684210525,0.04227290255943855,626,I can't believe we've been chatting for more than 8 seconds.
4522,3253,3,11,81,95,1.1789473684210525,0.04727501054750545,626,"Hey Milt, I'm finally a buckaroo!"
4568,3253,3,11,81,95,1.1789473684210525,0.04727501054750545,626,Can’t hear you -out of range.
4736,3253,1,15,79,95,1.1789473684210525,0.04227290255943855,626,I was expected 4 wheels when she said she'd bought me an off-road Bronco for my birthday !.
4762,3253,3,11,81,95,1.1789473684210525,0.04727501054750545,626,Never mind – I'm dead!
4801,3253,2,13,80,95,1.1789473684210525,0.044843756048454156,626,My horse thought that was hilarious too!
4804,3253,2,13,80,95,1.1789473684210525,0.044843756048454156,626,I’m auditioning for a part in City Slickers III.
4814,3253,2,13,80,95,1.1789473684210525,0.044843756048454156,626,This is the best corporate retreat I've ever been on
4533,3253,1,15,79,95,1.1789473684210525,0.04227290255943855,626,"No, I'm not going through a tunnel."
3106,3253,1,15,79,95,1.1789473684210525,0.04227290255943855,626,Nothing much.  Just hanging...
1617,3253,1,15,79,95,1.1789473684210525,0.04227290255943855,626,Cell Phone Addiction is Not A Crime.  Sad.
2999,3253,4,9,82,95,1.1789473684210525,0.049587203873582494,626,Can I interest you in an anger management seminar?
1729,3253,3,11,81,95,1.1789473684210525,0.04727501054750545,626,Here's how to make a quick buck!
1582,3253,3,11,81,95,1.1789473684210525,0.04727501054750545,626,"This is Norm. Yes, I’m being bucked."
1567,3253,3,11,81,95,1.1789473684210525,0.04727501054750545,626,"No sir, This contract is NOT my first rodeo!"
1467,3253,3,11,81,95,1.1789473684210525,0.04727501054750545,626,"As a horse, I can only generate 2G's of force but that does not add any speed to your 3G cell network provider."
1418,3253,0,17,78,95,1.1789473684210525,0.039535226381877515,626,We’re just horsing around.
1369,3253,0,17,78,95,1.1789473684210525,0.039535226381877515,626,You need to try this!
1277,3253,4,9,82,95,1.1789473684210525,0.049587203873582494,626,I'm calling you on my new flip phone!
1245,3253,3,11,81,95,1.1789473684210525,0.04727501054750545,626,That's right. Give me fifty on the Broncos.
1227,3253,1,15,79,95,1.1789473684210525,0.04227290255943855,626,"Actually, it's 'Doctor' Rodeo Clown but how can I help you?"
1158,3253,2,13,80,95,1.1789473684210525,0.044843756048454156,626,"Whoa, Wall Street, whoa"
1139,3253,2,13,80,95,1.1789473684210525,0.044843756048454156,626,"Yes,hold all my calls till further notice."
997,3253,3,11,81,95,1.1789473684210525,0.04727501054750545,626,I finally understand politics.
917,3253,0,17,78,95,1.1789473684210525,0.039535226381877515,626,"The selfie with Dusty will be a challenge, but he does seem amenable to social media."
1735,3253,3,11,81,95,1.1789473684210525,0.04727501054750545,626,8 Seconds!
877,3253,0,17,78,95,1.1789473684210525,0.039535226381877515,626,It was tough to put the quarters in but you get much more bang for your buck out here!
747,3253,3,11,81,95,1.1789473684210525,0.04727501054750545,626,"When not to listen to your career coach: ""You said it wouldn't hurt if I got off the fence, took the reins and made a few bucks, but..."""
664,3253,4,9,82,95,1.1789473684210525,0.049587203873582494,626,"No, mother, I can't put Timmie on the phone now, please mother!"
650,3253,0,17,78,95,1.1789473684210525,0.039535226381877515,626,Sorry but I’m having some ups and downs.  May I get back to you?
637,3253,2,13,80,95,1.1789473684210525,0.044843756048454156,626,"I'm glad I caught you.  
Remind me, which way does gravity pull you in the southern hemisphere?"
615,3253,2,13,80,95,1.1789473684210525,0.044843756048454156,626,I'm just getting off; see you soon.
571,3253,4,9,82,95,1.1789473684210525,0.049587203873582494,626,Sorry I’m about to break up
519,3253,1,15,79,95,1.1789473684210525,0.04227290255943855,626,"Dude, you would not believe where I am right now!"
385,3253,4,9,82,95,1.1789473684210525,0.049587203873582494,626,"Haha, this dumb horse doesn't know that I'm at this ranch ironically, what a rube."
355,3253,3,11,81,95,1.1789473684210525,0.04727501054750545,626,"Hello,MAYO CLINIC!"
185,3253,2,13,80,95,1.1789473684210525,0.044843756048454156,626,"I'm literally head over heels for that idea, Bob.  Gotta go!"
136,3253,2,13,80,95,1.1789473684210525,0.044843756048454156,626,I'm going to have to call you back on my Black & Bluetooth.
81,3253,1,15,79,95,1.1789473684210525,0.04227290255943855,626,It looks like I'm getting off early today.
3019,3253,3,11,81,95,1.1789473684210525,0.04727501054750545,626,Name your price. Nothing can throw me.
874,3253,3,11,81,95,1.1789473684210525,0.04727501054750545,626,"I should get off. I haven't landed, yet."
1798,3253,2,13,80,95,1.1789473684210525,0.044843756048454156,626,"Excuse me, my face is well proportioned!"
823,3253,4,9,82,95,1.1789473684210525,0.049587203873582494,626,It's been a wild ride! I'll call you right back.
1928,3253,1,15,79,95,1.1789473684210525,0.04227290255943855,626,"Yes Mother, flying for work now, be home for Christmas!"
1845,3253,1,15,79,95,1.1789473684210525,0.04227290255943855,626,You need some money?  I've only got a couple of bucks.
2964,3253,2,13,80,95,1.1789473684210525,0.044843756048454156,626,Hold on. I need to take care of something here.
2961,3253,0,17,78,95,1.1789473684210525,0.039535226381877515,626,"Hang on, I’ll be through driving in a few seconds."
2880,3253,3,11,81,95,1.1789473684210525,0.04727501054750545,626,By the way you should see the huge crowds seeing this.
2785,3253,4,9,82,95,1.1789473684210525,0.049587203873582494,626,"Honey, you were right. I should've taken the bull instead."
2747,3253,1,15,79,95,1.1789473684210525,0.04227290255943855,626,You'll never guess what they have to do to get reception out here!
2716,3253,4,9,82,95,1.1789473684210525,0.049587203873582494,626,Let’s do the Time-Warp again!
2710,3253,3,11,81,95,1.1789473684210525,0.04727501054750545,626,No soup Rodeo
2687,3253,2,13,80,95,1.1789473684210525,0.044843756048454156,626,Good thing I removed my expensive new jacket.
2629,3253,2,13,80,95,1.1789473684210525,0.044843756048454156,626,There you go again!
2607,3253,2,13,80,95,1.1789473684210525,0.044843756048454156,626,Please hold still while I insert your rectum into my forearm.
2597,3253,2,13,80,95,1.1789473684210525,0.044843756048454156,626,"Yeah, no, Its not a bad time"
2551,3253,3,11,81,95,1.1789473684210525,0.04727501054750545,626,Trump did what?  He’s crazy.
2536,3253,1,15,79,95,1.1789473684210525,0.04227290255943855,626,"No problem, Boss,  -  I'll​ hit the ground running!"
2807,3253,3,11,81,95,1.1789473684210525,0.04727501054750545,626,Great news! I'm about to close a financing deal that will let me ride this out!
2514,3253,2,13,80,95,1.1789473684210525,0.044843756048454156,626,I’m completing my bucking list!
2029,3253,3,11,81,95,1.1789473684210525,0.04727501054750545,626,"Yeah, I thought it was UberX but I got UberH instead --and it's really a one-star ride"
2036,3253,3,11,81,95,1.1789473684210525,0.04727501054750545,626,"Oh,nothin'"
1947,3253,0,17,78,95,1.1789473684210525,0.039535226381877515,626,I haven't felt this alive since my old rocking horse.
2085,3253,3,11,81,95,1.1789473684210525,0.04727501054750545,626,"Ha,ha. Guess who’s got a tickle spot!"
2104,3253,4,9,82,95,1.1789473684210525,0.049587203873582494,626,Yippeee Kiyaa mother fucker.. whattionary.com}
2051,3253,4,9,82,95,1.1789473684210525,0.049587203873582494,626,Hang on a minute.  I forgot I was in the rodeo.
2261,3253,0,17,78,95,1.1789473684210525,0.039535226381877515,626,He either likes me or hates me.  I'm guessing he hates me.
2377,3253,3,11,81,95,1.1789473684210525,0.04727501054750545,626,"Sell 1,000 shares of Facebook, postpone my 3 o'clock meeting, and, oh yeah, call 911"
2397,3253,3,11,81,95,1.1789473684210525,0.04727501054750545,626,Can you hear me now? Good!
2401,3253,3,11,81,95,1.1789473684210525,0.04727501054750545,626,I'll call you back. Just finishing up my 'buckram yoga' class.
2253,3253,4,9,82,95,1.1789473684210525,0.049587203873582494,626,"Can I get back to you, I'm about to die? Good, talk soon."
2532,3253,1,15,79,95,1.1789473684210525,0.04227290255943855,626,"Oh, just enjoying an afternoon ride !  What're you up to?"
1027,3383,1,15,80,96,1.1770833333333333,0.04187175404195182,626,I should have tried this with Virtual Reality first!
2412,3383,4,9,83,96,1.1770833333333333,0.04910334533809091,626,I can't talk now!  I'll call you back from the hospital.
989,3383,2,13,81,96,1.1770833333333333,0.044413309178260335,626,Gotta go. The intern roping competition is next
716,3383,4,9,83,96,1.1770833333333333,0.04910334533809091,626,Can’t hear you! I must be out of range.
3497,3383,1,15,80,96,1.1770833333333333,0.04187175404195182,626,"Had an idea, hands-free cell phone mount for saddles."
3867,3383,2,13,81,96,1.1770833333333333,0.044413309178260335,626,"I can ride Strychnine with my eyes closed."""
3344,3383,3,11,82,96,1.1770833333333333,0.04681709386300883,626,I'll call you back when my break is over.
3282,3383,1,15,80,96,1.1770833333333333,0.04187175404195182,626,How much does the policy pay for accidental falls?
4666,3383,3,11,82,96,1.1770833333333333,0.04681709386300883,626,Finally I got rid of that itch on my back!
1146,3392,2,13,82,97,1.175257731958763,0.04399095228347804,626,Hello. Does my mobile service include 'roaming'?
1939,3393,2,11,73,86,1.1744186046511629,0.0473421069773523,626,I told my boss I needed some extra bucks.
2944,3394,1,14,77,92,1.173913043478261,0.042633942421344356,626,"Yeah, I know.  Hands free calling when riding."
3065,3394,2,12,78,92,1.173913043478261,0.04534914100207275,626,I can't believe it - you're still crystal clear
2886,3394,1,14,77,92,1.173913043478261,0.042633942421344356,626,"Okay, okay, I get it! You want me off YOUR back!"
2627,3394,3,10,79,92,1.173913043478261,0.04791071000168172,626,"Forget bull market or bear market, it's fun horsing around with penny stocks"
2729,3394,3,10,79,92,1.173913043478261,0.04791071000168172,626,Well I wouldn't call it a bull market exactly...
2582,3394,2,12,78,92,1.173913043478261,0.04534914100207275,626,You'll never guess what I'm doing!
2480,3394,3,10,79,92,1.173913043478261,0.04791071000168172,626,"Hey, this is tons of fun, but I thought you said if I bundled my service I wouldn't get bucked."
2236,3394,1,14,77,92,1.173913043478261,0.042633942421344356,626,What I’m feeling is the love.
2196,3394,1,14,77,92,1.173913043478261,0.042633942421344356,626,"There's more leg room, and they don't make me turn off my phone during the flight."
3360,3394,2,12,78,92,1.173913043478261,0.04534914100207275,626,Let me put you on hold for a second!
2228,3394,1,14,77,92,1.173913043478261,0.042633942421344356,626,Working remotely and still able to make a few bucks!
2755,3394,1,14,77,92,1.173913043478261,0.042633942421344356,626,Now I can talk and text while riding my new Bronco without getting a ticket.
3913,3394,1,14,77,92,1.173913043478261,0.042633942421344356,626,Most realistic VR device I ever tried!
5159,3394,1,14,77,92,1.173913043478261,0.042633942421344356,626,Good news! My mid-life crisis is over; I'll be back in the office when my brain swelling abates
3946,3394,3,10,79,92,1.173913043478261,0.04791071000168172,626,I got the new Yippee Aye Phone!
5761,3394,3,10,79,92,1.173913043478261,0.04791071000168172,626,Hello Uber I guess I should have called you first and saved a buck
4372,3394,1,14,77,92,1.173913043478261,0.042633942421344356,626,Always be closing.
4581,3394,2,12,78,92,1.173913043478261,0.04534914100207275,626,"I'm supposed to quit the horseplay, but she won't take nay for an answer."
4645,3394,4,8,80,92,1.173913043478261,0.05034210639320343,626,"Oh man, I think its too much Viagra"
4894,3394,2,12,78,92,1.173913043478261,0.04534914100207275,626,I'll catch you on the flip side
5059,3394,1,14,77,92,1.173913043478261,0.042633942421344356,626,That isn’t what I meant by ‘horse around somewhere else’
5403,3394,3,10,79,92,1.173913043478261,0.04791071000168172,626,"The  concierge thought I said ""a bucking excursion."""
5568,3394,3,10,79,92,1.173913043478261,0.04791071000168172,626,You talking to me about this 15 hour work week thing ?
5724,3394,2,12,78,92,1.173913043478261,0.04534914100207275,626,"Yea, no it just took me a second to find the right spot for perfect reception... found it!"
2158,3394,3,10,79,92,1.173913043478261,0.04791071000168172,626,Why you tell Ugg  no use use club?  Coach say Mets is baseball club.
5745,3394,3,10,79,92,1.173913043478261,0.04791071000168172,626,Oh good: I'm no longer on hold.
3944,3394,1,14,77,92,1.173913043478261,0.042633942421344356,626,"I SAID enough with the spoilers, guy"
2079,3394,2,12,78,92,1.173913043478261,0.04534914100207275,626,I told you to get off the damn phone or ride - safe landing!
4133,3394,1,14,77,92,1.173913043478261,0.042633942421344356,626,This IS my first day at the rodeo. Why do you ask?
1955,3394,1,14,77,92,1.173913043478261,0.042633942421344356,626,"''Okay if I put you on ""Hands Free""'?'"
39,3394,2,12,78,92,1.173913043478261,0.04534914100207275,626,Not much. What's happening with you?
156,3394,2,12,78,92,1.173913043478261,0.04534914100207275,626,What? Yes!Of course-that's just the train you hear.
275,3394,2,12,78,92,1.173913043478261,0.04534914100207275,626,Can I call you right back?
294,3394,1,14,77,92,1.173913043478261,0.042633942421344356,626,"Its virtual,  so I 'm not worried."
361,3394,2,12,78,92,1.173913043478261,0.04534914100207275,626,Rachel???  The Rachel with Cardholder Services???
492,3394,2,12,78,92,1.173913043478261,0.04534914100207275,626,"Oh yea, vacation was great. Say, can I call you back after I land?"
544,3394,3,10,79,92,1.173913043478261,0.04791071000168172,626,I never thought I'd find a good Lindy partner
766,3394,1,14,77,92,1.173913043478261,0.042633942421344356,626,"Honey, I finally broke him!"
451,3394,1,14,77,92,1.173913043478261,0.042633942421344356,626,Everything is fine.
933,3394,1,14,77,92,1.173913043478261,0.042633942421344356,626,"Hi, Honey.  You were so right when you told me to have fun and go buck myself."
822,3394,1,14,77,92,1.173913043478261,0.042633942421344356,626,"Ya Ma, I'm just horsing around."
1759,3394,4,8,80,92,1.173913043478261,0.05034210639320343,626,"Sorry, bad cell. Not bro' connect. Broken neck."
1584,3394,1,14,77,92,1.173913043478261,0.042633942421344356,626,George is about to understand why so many people like bluetooth.
2011,3394,3,10,79,92,1.173913043478261,0.04791071000168172,626,Tell the boys at the bunkhouse that they are missing one hell of a great convention!
1890,3394,3,10,79,92,1.173913043478261,0.04791071000168172,626,Gotta go. Something just came up----me.
1299,3394,3,10,79,92,1.173913043478261,0.04791071000168172,626,"Honey, I'm telling you, there's no such thing as a midlife crisis!"
1062,3394,2,12,78,92,1.173913043478261,0.04534914100207275,626,"Funny enough, I have better reception up here."
1403,3394,1,14,77,92,1.173913043478261,0.042633942421344356,626,"As far as business trips go, it was pretty boring until now."
3416,3442,3,10,80,93,1.1720430107526882,0.047429620885569776,626,The tap dance sequence in LaLaLand has nothing over us
2488,3442,1,14,78,93,1.1720430107526882,0.04221446145523714,626,"No sir, I'm laughing because this horse's tail is tickling my underarm."
2507,3442,1,14,78,93,1.1720430107526882,0.04221446145523714,626,"I know my numbers are down this quarter.  I just need some time to get back on my horse, that's all."
2634,3442,2,12,79,93,1.1720430107526882,0.04489782674754191,626,Can I call you back? I’m in the middle of something.
2881,3442,3,10,80,93,1.1720430107526882,0.047429620885569776,626,Hey....this is easier than my commute !
3104,3442,2,12,79,93,1.1720430107526882,0.04489782674754191,626,"give me a sec,  the pas de deux is about over"
3320,3442,3,10,80,93,1.1720430107526882,0.047429620885569776,626,You won't believe the amenities they have at this ranch.  So great to unplug and relax.
3403,3442,2,12,79,93,1.1720430107526882,0.04489782674754191,626,This crazy horse has no sense of humor
3673,3442,0,16,77,93,1.1720430107526882,0.039348528120618634,626,"No, a mustang is not a car."
5803,3442,1,14,78,93,1.1720430107526882,0.04221446145523714,626,"I'm telling you, Steve, you've got to take the family up to Wyoming. Real bang for your buck."
3713,3442,3,10,80,93,1.1720430107526882,0.047429620885569776,626,A bronco busting selfie is on my bucket list!
3923,3442,2,12,79,93,1.1720430107526882,0.04489782674754191,626,"Yeah, my neck's about to be broken. LOL!"
4284,3442,3,10,80,93,1.1720430107526882,0.047429620885569776,626,"Anything you can do I can do better, I can do anything better than you"
4896,3442,1,14,78,93,1.1720430107526882,0.04221446145523714,626,Don't worry...I'm in complete control.
5282,3442,2,12,79,93,1.1720430107526882,0.04489782674754191,626,"Listen, can I call you back? I’ve gotta do a thing right now."
5575,3442,3,10,80,93,1.1720430107526882,0.047429620885569776,626,Not much.  What are you doing?
5753,3442,0,16,77,93,1.1720430107526882,0.039348528120618634,626,"Yes, I'm at my first rodeo and have a great seat . . . oh wait."
2350,3442,0,16,77,93,1.1720430107526882,0.039348528120618634,626,"' Right now I'm still airborne."""
3704,3442,3,10,80,93,1.1720430107526882,0.047429620885569776,626,Great pirouette!  I thought we were working on a pas de deux.
2334,3442,0,16,77,93,1.1720430107526882,0.039348528120618634,626,"Yes mom, I did get fired and lost my medical benefits...but I did stay at a Holiday Inn Express last night!"
1921,3442,5,6,82,93,1.1720430107526882,0.052125589864691714,626,"Is this what Truman meant when he said ""the buck stops here?"""
2272,3442,2,12,79,93,1.1720430107526882,0.04489782674754191,626,"Yes!, I'm finally closing that bucking deal as we speak!"
2305,3442,1,14,78,93,1.1720430107526882,0.04221446145523714,626,I'll call you back from the hospital.
150,3442,2,12,79,93,1.1720430107526882,0.04489782674754191,626,"Hi honey. Yes, I'm picking up a rocking horse for Jenny."
1053,3442,1,14,78,93,1.1720430107526882,0.04221446145523714,626,"I just got a new sweet ride, but it is requiring a little breaking in."
1160,3442,1,14,78,93,1.1720430107526882,0.04221446145523714,626,"Yes, I’ll be sure to post the video on Facebook as soon as I’m out of the ER."
389,3442,1,14,78,93,1.1720430107526882,0.04221446145523714,626,"Yes, please send me quotes on your life insurance policies."
1580,3442,4,8,81,93,1.1720430107526882,0.04983295122753081,626,I’m getting tossed like a two-week-old crypto currency.
1966,3442,3,10,80,93,1.1720430107526882,0.047429620885569776,626,It's only my second day of training honey. Of course I still want to work for Trump.
2124,3442,4,8,81,93,1.1720430107526882,0.04983295122753081,626,"Look, Ma, no hands."
3164,3472,4,8,82,94,1.1702127659574468,0.04933392508086898,626,"Yeah, if you could send me those sales figures.......hold on, dangit!  It's gonna take a while to get use to these new Ubers."
4190,3472,2,12,80,94,1.1702127659574468,0.04445531425009222,626,I love you
3199,3472,1,14,79,94,1.1702127659574468,0.04180304254081611,626,Just got bucked off Fred...call ya back later.
3211,3472,1,14,79,94,1.1702127659574468,0.04180304254081611,626,Yippi-iPhone-kah-yea!
3231,3472,3,10,81,94,1.1702127659574468,0.046958019171166314,626,The new office has an open plain.
4083,3472,5,6,83,94,1.1702127659574468,0.05160055002894798,626,And so I took the fifty thousand dollars and bought a pair of solid gold shoelaces.
4169,3472,2,12,80,94,1.1702127659574468,0.04445531425009222,626,Can I call you back?  I’m being bucked into something else right now.
5823,3472,2,12,80,94,1.1702127659574468,0.04445531425009222,626,The mare is putting me in a really awkward position.
4232,3472,1,14,79,94,1.1702127659574468,0.04180304254081611,626,Oh--ha ha--I thought you said 'Buck off.'
4836,3472,2,12,80,94,1.1702127659574468,0.04445531425009222,626,"Ha, you really know how to throw me off my game."
5136,3472,1,14,79,94,1.1702127659574468,0.04180304254081611,626,"I’d love to keep chatting, but I’ve got to crawl now."
4982,3472,3,10,81,94,1.1702127659574468,0.046958019171166314,626,"Every time, the horse says he didn't throw me, and I believe him."
4865,3472,2,12,80,94,1.1702127659574468,0.04445531425009222,626,"Hank, you fucked up again!""  I said let's have the meeting at Rodeo Drive not at the rodeo."
4608,3472,2,12,80,94,1.1702127659574468,0.04445531425009222,626,"Yes, it's a real bull market!"
4478,3472,3,10,81,94,1.1702127659574468,0.046958019171166314,626,"I found us a horse, honey. It can do anything, including the twist!  Whoa"
4380,3472,2,12,80,94,1.1702127659574468,0.04445531425009222,626,"I have the perfect name for her:
“hashtag-me-too”!"
4295,3472,1,14,79,94,1.1702127659574468,0.04180304254081611,626,"I know earnings are looking down, but we'll bounce back. Trust me - this isn't my first rodeo!"
4255,3472,1,14,79,94,1.1702127659574468,0.04180304254081611,626,How do I get so much done? ...Multitasking!
2718,3472,2,12,80,94,1.1702127659574468,0.04445531425009222,626,"I’m having a blast, honey, but if anything bad happens just call Johnny Ward, the executor of my digital estate, and tell him to delete everything."
5299,3472,4,8,82,94,1.1702127659574468,0.04933392508086898,626,"Sorry to interrupt you, Mr. Gates. Could you please call two ambulances?"
2709,3472,2,12,80,94,1.1702127659574468,0.04445531425009222,626,"Well, I'm back in the dating game!"
1832,3472,2,12,80,94,1.1702127659574468,0.04445531425009222,626,I accidentally pressed HorseTime.
153,3472,2,12,80,94,1.1702127659574468,0.04445531425009222,626,Many people are saying this is probably the best ride they've ever seen!
2405,3472,0,16,78,94,1.1702127659574468,0.03897067828847878,626,"Yes! 100% carbon neutral like I said. Problems? Nah, just a few kinks you'll need to work out"""
2330,3472,4,8,82,94,1.1702127659574468,0.04933392508086898,626,Back in a sec.
2265,3472,2,12,80,94,1.1702127659574468,0.04445531425009222,626,"I’m the one in charge all day at work. So I come to Fancy here, to help put me in my place."
1658,3472,0,16,78,94,1.1702127659574468,0.03897067828847878,626,"Sorry, I didn't make a selfie. Still on a flip phone, you know me."
1366,3472,3,10,81,94,1.1702127659574468,0.046958019171166314,626,"Fun,  but not quiet as exciting as the bronco in the bar."
1363,3472,2,12,80,94,1.1702127659574468,0.04445531425009222,626,"I guess I made the belly strap a bit too tight """
833,3472,1,14,79,94,1.1702127659574468,0.04180304254081611,626,"Enough of your Red State scare tactics. It's the New West, Bob: I got this!"
656,3472,2,12,80,94,1.1702127659574468,0.04445531425009222,626,How do you turn on that reduce motion setting?
622,3472,2,12,80,94,1.1702127659574468,0.04445531425009222,626,"Is there a manual I can download? I thought it might be in the seat but I didn't see it when I got on, thanks!"
2540,3472,1,14,79,94,1.1702127659574468,0.04180304254081611,626,What did you put in his cereal this morning?
3273,3505,2,11,76,89,1.1685393258426966,0.04586016811409948,626,Into every life some reinvmust fall.
3286,3505,3,9,77,89,1.1685393258426966,0.04856457180256656,626,"Laughing Salesman, Bucking Bronco"
3401,3505,3,9,77,89,1.1685393258426966,0.04856457180256656,626,"Hold on, I almost forgot my coat!"
3503,3505,0,15,74,89,1.1685393258426966,0.03990526017490819,626,Tumblr! Now I get it.
5117,3505,2,11,76,89,1.1685393258426966,0.04586016811409948,626,I have to hang up now; I'm taking off
3621,3505,2,11,76,89,1.1685393258426966,0.04586016811409948,626,"Hey, I just remembered where I left my keys"
3634,3505,4,7,78,89,1.1685393258426966,0.05112612100756149,626,"You're right Dad, my loud, pointless, one-sided conversations work just like spurs !"
3657,3505,0,15,74,89,1.1685393258426966,0.03990526017490819,626,"I'm guaranteed a costly, wild ride by my phone provider, one buck at a time."
3266,3505,4,7,78,89,1.1685393258426966,0.05112612100756149,626,"Your services, my dear voter, are no longer required."
3609,3505,2,11,76,89,1.1685393258426966,0.04586016811409948,626,My whole life is in vibrate mode.
3094,3505,2,11,76,89,1.1685393258426966,0.04586016811409948,626,Wait a sec--the horse wants to tell me something!
2927,3505,2,11,76,89,1.1685393258426966,0.04586016811409948,626,"Yes sir, I'm still up in the air on you sitting down with Mueller. And yes, I'm trying everything to rein in the investigation."
3014,3505,3,9,77,89,1.1685393258426966,0.04856457180256656,626,Shirt and tie? You kidding?  Get off you moron.
3011,3505,1,13,75,89,1.1685393258426966,0.04298595589887807,626,Vacation's not all it's cracked up to be.
2973,3505,1,13,75,89,1.1685393258426966,0.04298595589887807,626,I think I'm being autocorrected.
2962,3505,2,11,76,89,1.1685393258426966,0.04586016811409948,626,"Agnes, so glad to hear your voice. I'm just about to land."
3692,3505,2,11,76,89,1.1685393258426966,0.04586016811409948,626,Smart horse dumps self-imposed emperor.
2925,3505,2,11,76,89,1.1685393258426966,0.04586016811409948,626,"Yeah, the apps called go buck yourself."
2913,3505,3,9,77,89,1.1685393258426966,0.04856457180256656,626,I am calling you in the fall
2828,3505,1,13,75,89,1.1685393258426966,0.04298595589887807,626,"Look, I'm more upset than you"
2550,3505,3,9,77,89,1.1685393258426966,0.04856457180256656,626,The first day is going great!
2504,3505,2,11,76,89,1.1685393258426966,0.04586016811409948,626,"As a matter of fact Mr. Trump did fire me, but I’m fine, in fact I’ve never felt so relaxed!"
2499,3505,2,11,76,89,1.1685393258426966,0.04586016811409948,626,"Back up on the horse who threw me, my ass!"
3024,3505,1,13,75,89,1.1685393258426966,0.04298595589887807,626,I'm laughing because I just won a bet that Uber's self driving horses would never work!
3763,3505,3,9,77,89,1.1685393258426966,0.04856457180256656,626,"This might kill me, but no one can call me the office weenie any more!"
4142,3505,2,11,76,89,1.1685393258426966,0.04586016811409948,626,"I can tell you're enjoying this, just wait till I get back in the saddle."
4004,3505,2,11,76,89,1.1685393258426966,0.04586016811409948,626,Give me 500 more shares of Elmer's Glu-ahhhh!
5179,3505,0,15,74,89,1.1685393258426966,0.03990526017490819,626,You got us reservations at Per Se?!!
5539,3505,1,13,75,89,1.1685393258426966,0.04298595589887807,626,"Really, you can lower my interest rate right now..."
5544,3505,2,11,76,89,1.1685393258426966,0.04586016811409948,626,Dammit! Rejected again!
2370,3505,1,13,75,89,1.1685393258426966,0.04298595589887807,626,I took tour advise and got back on so i blame you
5609,3505,2,11,76,89,1.1685393258426966,0.04586016811409948,626,"Trust me, Ackerman. We’re going to ride this Philly deal all the way to the winners circle."
5677,3505,2,11,76,89,1.1685393258426966,0.04586016811409948,626,But compared to that last board meeting this is a walk in the park.
5504,3505,2,11,76,89,1.1685393258426966,0.04586016811409948,626,"No animals were harmed in the filming of “No Calls Dropped,” Verizon's 5-million-dollar Super Bowl commercial."
5710,3505,1,13,75,89,1.1685393258426966,0.04298595589887807,626,"This Uber driver is throwing me off, can you hold on a sec?"
5816,3505,1,13,75,89,1.1685393258426966,0.04298595589887807,626,"...Trust me, bet the farm."
5835,3505,3,9,77,89,1.1685393258426966,0.04856457180256656,626,I just can't get over how much this place is just like virtual reality...
5255,3505,2,11,76,89,1.1685393258426966,0.04586016811409948,626,"So, some country bumpkin tells me, ""no phones when bronco busting.""  What a rube!"
4954,3505,3,9,77,89,1.1685393258426966,0.04856457180256656,626,The Bluetooth phone connection on my Mustang isn’t working!
4737,3505,2,11,76,89,1.1685393258426966,0.04586016811409948,626,Speaking of going over like a lead balloon..
4734,3505,3,9,77,89,1.1685393258426966,0.04856457180256656,626,No no you silly horse... I said BUCKING bronco
4617,3505,4,7,78,89,1.1685393258426966,0.05112612100756149,626,"Hey kiddo! Daddy lost a bet to a very bad man at work. Be a good boy and pass the phone back to your mother."""
4453,3505,2,11,76,89,1.1685393258426966,0.04586016811409948,626,Shut up and ride!
4406,3505,2,11,76,89,1.1685393258426966,0.04586016811409948,626,"Nope, not even wild horses can change my ‘blind faith’ for thr President"
4202,3505,2,11,76,89,1.1685393258426966,0.04586016811409948,626,The most exciting thing is this great reception.
4175,3505,2,11,76,89,1.1685393258426966,0.04586016811409948,626,"Honestly, Hon, I'm just out for a beer with the boys."
4150,3505,2,11,76,89,1.1685393258426966,0.04586016811409948,626,"Okay, you go on top"
4069,3505,2,11,76,89,1.1685393258426966,0.04586016811409948,626,"No, I told him I wanted the ""f***ing bourse."""
4045,3505,3,9,77,89,1.1685393258426966,0.04856457180256656,626,I'm currently in the air.  Can I call you back once I've landed?
4006,3505,3,9,77,89,1.1685393258426966,0.04856457180256656,626,Craig could you mute your line? We’re getting a lot of feedback.
3883,3505,1,13,75,89,1.1685393258426966,0.04298595589887807,626,"Hello,311,I'd like to report an illegal dumping incident."
2332,3505,0,15,74,89,1.1685393258426966,0.03990526017490819,626,Masculinity is a prison!
5563,3505,2,11,76,89,1.1685393258426966,0.04586016811409948,626,I've been horsing around but I can hear you now!
2222,3505,2,11,76,89,1.1685393258426966,0.04586016811409948,626,Having a kinetic phone charger really pays off at a dude ranch.
1155,3505,3,9,77,89,1.1685393258426966,0.04856457180256656,626,"Yes, I'm trying out this new cure for FOMO!"
1081,3505,3,9,77,89,1.1685393258426966,0.04856457180256656,626,"Excuse me, I have to take this call."
1019,3505,2,11,76,89,1.1685393258426966,0.04586016811409948,626,"A modern cowboy, Jim works from the ranch to make a couple extra bucks."
982,3505,2,11,76,89,1.1685393258426966,0.04586016811409948,626,"I'd quit, but the kickbacks are to die for."
935,3505,1,13,75,89,1.1685393258426966,0.04298595589887807,626,I've decided to vote Democrat this year.
846,3505,3,9,77,89,1.1685393258426966,0.04856457180256656,626,"Make it quick, I'm headed for a dirt nap!"
769,3505,2,11,76,89,1.1685393258426966,0.04586016811409948,626,"Let's do lunch. I'm about to get my hands on some fresh viande chevaline."""
660,3505,4,7,78,89,1.1685393258426966,0.05112612100756149,626,No mean No!
572,3505,3,9,77,89,1.1685393258426966,0.04856457180256656,626,"Yes, I know I should have upgraded my flip phone."
524,3505,2,11,76,89,1.1685393258426966,0.04586016811409948,626,I'm trying to record a cool ring tone
494,3505,2,11,76,89,1.1685393258426966,0.04586016811409948,626,"Yes, hello … Mattress King?"
310,3505,2,11,76,89,1.1685393258426966,0.04586016811409948,626,"Oh, just bucking around, how about you?"
262,3505,1,13,75,89,1.1685393258426966,0.04298595589887807,626,I hope I wake up before I hit the ground.
204,3505,3,9,77,89,1.1685393258426966,0.04856457180256656,626,"yeah, I know...I sound a bit horse"
203,3505,3,9,77,89,1.1685393258426966,0.04856457180256656,626,Guess old Dynamite doesn't remember me.
186,3505,1,13,75,89,1.1685393258426966,0.04298595589887807,626,Where did you get the idea that cow-boys could ride horses?
2264,3505,1,13,75,89,1.1685393258426966,0.04298595589887807,626,Hey babe. . .I might be a little late tonight.
1169,3505,4,7,78,89,1.1685393258426966,0.05112612100756149,626,Say what?
1234,3505,2,11,76,89,1.1685393258426966,0.04586016811409948,626,"Stock market plummeted today, what's a couple more bucks these days?!"
672,3505,1,13,75,89,1.1685393258426966,0.04298595589887807,626,"Yep, I'm using my cell phone while riding a horse - my way of bucking the system."
1449,3505,0,15,74,89,1.1685393258426966,0.03990526017490819,626,Thanks for calling but I'll have to get back to you after I land.
1441,3505,3,9,77,89,1.1685393258426966,0.04856457180256656,626,"Next time, I won’t fly stand-by."
2137,3505,2,11,76,89,1.1685393258426966,0.04586016811409948,626,Check that one off the bucket list
2090,3505,3,9,77,89,1.1685393258426966,0.04856457180256656,626,I told you to think Pegasus.
1952,3505,1,13,75,89,1.1685393258426966,0.04298595589887807,626,Hopefully my hospital bed scene will be as beautifully drawn as the horse that put me there.
1941,3505,0,15,74,89,1.1685393258426966,0.03990526017490819,626,"Yea, I can talk now. This isn't my first rodeo."
1938,3505,3,9,77,89,1.1685393258426966,0.04856457180256656,626,"Yee haw, that's riding a horse off the bucket list."
1933,3505,2,11,76,89,1.1685393258426966,0.04586016811409948,626,I'm free!
1916,3505,1,13,75,89,1.1685393258426966,0.04298595589887807,626,My new plan is only 5 bucks a month - and I'm not saddled with long-term contracts or early termination fees.
1841,3505,1,13,75,89,1.1685393258426966,0.04298595589887807,626,Hi Honey.  Remember when I said I was on the train ?
2219,3505,1,13,75,89,1.1685393258426966,0.04298595589887807,626,Sure I can hear you just fine.  I'm pulling 3Gs.
1788,3505,1,13,75,89,1.1685393258426966,0.04298595589887807,626,I was on something else but I think I have a second or two.
1776,3505,3,9,77,89,1.1685393258426966,0.04856457180256656,626,City Slickers 3: A Millennial Western
1709,3505,2,11,76,89,1.1685393258426966,0.04586016811409948,626,"Hey, good to hear from you."
1618,3505,3,9,77,89,1.1685393258426966,0.04856457180256656,626,"""I just got kicked off Twitter."
1553,3505,2,11,76,89,1.1685393258426966,0.04586016811409948,626,"Phil, you’ve got to try autonomous Uber in Texas! It’s a bucking blast!”"
1546,3505,1,13,75,89,1.1685393258426966,0.04298595589887807,626,"Oh, you know, same bull, different stock."
1462,3505,1,13,75,89,1.1685393258426966,0.04298595589887807,626,"Hon, it’s only landing that hurts"
1809,3505,1,13,75,89,1.1685393258426966,0.04298595589887807,626,I’ll text you from the hospital.
2692,3598,3,10,82,95,1.168421052631579,0.0464956296732458,626,I crashed my Tesla and now this!
2460,3598,3,10,82,95,1.168421052631579,0.0464956296732458,626,Gotta go now...
3756,3598,1,14,80,95,1.168421052631579,0.04139945950425743,626,Come now.  No one’s in line.
3864,3601,0,15,75,90,1.1666666666666667,0.039503788594998104,626,Big Sky Country? More like Big Ground Country!
3805,3601,5,5,80,90,1.1666666666666667,0.052999894000318,626,Even the horse is getting a kick out of your hoarse jokes.
3612,3601,4,7,79,90,1.1666666666666667,0.050589533244611136,626,"Hello, Shirley? Something's come up. Cancel my appointments for the next two months."
3711,3601,1,13,76,90,1.1666666666666667,0.04254688241805304,626,"Since the boss is on vacation, I'm just horsing around today."
3812,3601,2,11,77,90,1.1666666666666667,0.045386397671912215,626,"No flies on me, no ties on me, no difference."
3570,3601,1,13,76,90,1.1666666666666667,0.04254688241805304,626,"Hello, is this the risk assessment hotline?"
3440,3601,1,13,76,90,1.1666666666666667,0.04254688241805304,626,"It's OK.  After January, I won't have to do this anymore."
3068,3601,3,9,78,90,1.1666666666666667,0.04805843301409532,626,Health insurance? no why?
3297,3601,2,11,77,90,1.1666666666666667,0.045386397671912215,626,Economists baffled: employers still bucking wage hikes despite record low unemployment.
3236,3601,1,13,76,90,1.1666666666666667,0.04254688241805304,626,These flip phones are a real hassle.
3222,3601,2,11,77,90,1.1666666666666667,0.045386397671912215,626,It’s the best 2 o’clock pick me up I’ve ever tried!
3067,3601,1,13,76,90,1.1666666666666667,0.04254688241805304,626,"Horse's name is tariff. Yeah, he throws me about half the time."
3063,3601,1,13,76,90,1.1666666666666667,0.04254688241805304,626,"I can talk freely now, my ride just left."
3057,3601,3,9,78,90,1.1666666666666667,0.04805843301409532,626,"Honey, I'll be home for dinner earlier than planned."
2923,3601,3,9,78,90,1.1666666666666667,0.04805843301409532,626,We're making cowboys great again!
2737,3601,3,9,78,90,1.1666666666666667,0.04805843301409532,626,I’m about to go viral!
2732,3601,2,11,77,90,1.1666666666666667,0.045386397671912215,626,Hey can I call you right back?
3411,3601,0,15,75,90,1.1666666666666667,0.039503788594998104,626,"Sorry, I keep getting disconnected."
3990,3601,0,15,75,90,1.1666666666666667,0.039503788594998104,626,"It's casual Friday, human!"
4969,3601,4,7,79,90,1.1666666666666667,0.050589533244611136,626,Get the buck off your phone!
4219,3601,3,9,78,90,1.1666666666666667,0.04805843301409532,626,Yippie ki yi Ooooooooooooooh.
4822,3601,4,7,79,90,1.1666666666666667,0.050589533244611136,626,Dances with phone
4866,3601,0,15,75,90,1.1666666666666667,0.039503788594998104,626,I just scored a quick buck!
5024,3601,0,15,75,90,1.1666666666666667,0.039503788594998104,626,"""I told you....LEFT leg first.....what;s so tough about that"
5373,3601,3,9,78,90,1.1666666666666667,0.04805843301409532,626,Bob never watches where he's going when he's on the phone.
5455,3601,0,16,80,96,1.1666666666666667,0.03823595564509364,626,"Hey Mom, my new job is great they even gave me a mustang!"
2705,3601,2,11,77,90,1.1666666666666667,0.045386397671912215,626,"Now, that's what I call feeling your oats."
4790,3601,1,13,76,90,1.1666666666666667,0.04254688241805304,626,This actually is my first.
5481,3601,1,13,76,90,1.1666666666666667,0.04254688241805304,626,I'll take her! She reminds me of my 1st wife!
5483,3601,2,11,77,90,1.1666666666666667,0.045386397671912215,626,I can fly!
5590,3601,1,13,76,90,1.1666666666666667,0.04254688241805304,626,"​""Dropped Caller!"""
5621,3601,2,11,77,90,1.1666666666666667,0.045386397671912215,626,The lessons are paying off after all!!
5854,3601,1,13,76,90,1.1666666666666667,0.04254688241805304,626,I may lose you if I fall off this thing.
4720,3601,1,13,76,90,1.1666666666666667,0.04254688241805304,626,"Yeah, hold the anchovies."
4687,3601,3,9,78,90,1.1666666666666667,0.04805843301409532,626,You're right. It's easier said than done!
4556,3601,2,11,77,90,1.1666666666666667,0.045386397671912215,626,"Oh you know, it's going ok. Some ups, some downs..."
4388,3601,1,13,76,90,1.1666666666666667,0.04254688241805304,626,"Yes, I need to book a one way ticket to Pamplona . . ."
4250,3601,0,15,75,90,1.1666666666666667,0.039503788594998104,626,These days it doesn't take much to please a tourist.
4005,3601,2,11,77,90,1.1666666666666667,0.045386397671912215,626,"Yes doc, I mastered keeping control of my emotions, no matter what the situa... uuugghh!"
2696,3601,1,13,76,90,1.1666666666666667,0.04254688241805304,626,"I know, right! The call hasn’t dropped once!"
1342,3601,2,11,77,90,1.1666666666666667,0.045386397671912215,626,"No! No! No! How many times do I have to tell you?! You're supposed to ZIG when I zig, not ZAG!"
2553,3601,2,11,77,90,1.1666666666666667,0.045386397671912215,626,I should have upgraded to the hands-free model.
8,3601,2,11,77,90,1.1666666666666667,0.045386397671912215,626,What's PTSD?
217,3601,2,11,77,90,1.1666666666666667,0.045386397671912215,626,"I said, GET OFF MY BACK!"
387,3601,2,11,77,90,1.1666666666666667,0.045386397671912215,626,Can't wait for you to see my next Text.
562,3601,2,11,77,90,1.1666666666666667,0.045386397671912215,626,I should have called you from the car. A ticket would have been better as this will cost more in so many ways.
679,3601,1,13,76,90,1.1666666666666667,0.04254688241805304,626,And swing it to the right!
775,3601,1,13,76,90,1.1666666666666667,0.04254688241805304,626,I finally got four bars!
828,3601,3,9,78,90,1.1666666666666667,0.04805843301409532,626,"Yessir, President Trump! I'm ready to serve on your cabinet!!"
937,3601,5,5,80,90,1.1666666666666667,0.052999894000318,626,Can a very good artist also be a great cartoonist?
979,3601,1,13,76,90,1.1666666666666667,0.04254688241805304,626,"There ya go, I can hear you just fine now..."
1113,3601,1,13,76,90,1.1666666666666667,0.04254688241805304,626,"Siri, stop eight-second timer... now!"
1119,3601,1,13,76,90,1.1666666666666667,0.04254688241805304,626,The deductible's how much??
1307,3601,3,9,78,90,1.1666666666666667,0.04805843301409532,626,"Yes, I’ll hold."
864,3601,3,9,78,90,1.1666666666666667,0.04805843301409532,626,I voted to repeal it but I still got it.
2664,3601,1,13,76,90,1.1666666666666667,0.04254688241805304,626,Now I remember why we’re not supposed to text while driving.
1333,3601,5,5,80,90,1.1666666666666667,0.052999894000318,626,I'm head-over-heels for this deal!
2408,3601,1,13,76,90,1.1666666666666667,0.04254688241805304,626,"Hey pal, why the long face?"
2316,3601,1,13,76,90,1.1666666666666667,0.04254688241805304,626,"Hello? No, now’s fine, I’m not busy! How have you been?"
2299,3601,0,15,75,90,1.1666666666666667,0.039503788594998104,626,I think I downloaded the wrong Lyft.
2135,3601,2,11,77,90,1.1666666666666667,0.045386397671912215,626,"No, go ahead.  I can talk now."
1983,3601,1,13,76,90,1.1666666666666667,0.04254688241805304,626,"Yes, I just now got the raise."
2527,3601,4,7,79,90,1.1666666666666667,0.050589533244611136,626,Bump this Trump
1634,3601,4,7,79,90,1.1666666666666667,0.050589533244611136,626,"Oh, me? I'm doing fine at the Ranch, but anyway, lets talk about you a bit more, how are the kids... No, no, you hang up!"
1564,3601,0,15,75,90,1.1666666666666667,0.039503788594998104,626,I get much better reception up here!
1382,3601,2,11,77,90,1.1666666666666667,0.045386397671912215,626,"Sorry Gary, I'm getting a call on the other line..."
1380,3601,2,11,77,90,1.1666666666666667,0.045386397671912215,626,Interested in a kickstart ap?
1828,3601,3,9,78,90,1.1666666666666667,0.04805843301409532,626,"'""Hey Guys!!  'Falling off' feels more fun without the wagon!!!"""
821,3669,1,13,77,91,1.164835164835165,0.04211657832030713,626,"Sure honey, I know that at my age a career change might look a little bit risky but after 15 years working at the Department of Homeland Security , you’’d be amazed of what I’m capable of."
1536,3669,3,9,79,91,1.164835164835165,0.047562660331514815,626,Stupid Republicans; they're always on your back about something!
1540,3669,4,7,80,91,1.164835164835165,0.0500640280242341,626,"Not unmindful of my wife and kids, I leave everything to the Mustang Ranch."
1748,3669,1,13,77,91,1.164835164835165,0.04211657832030713,626,She didn't select Fractured Clavicle coverage? Claim rejected!
1772,3669,3,9,79,91,1.164835164835165,0.047562660331514815,626,"Can this wait until after work, Honey?  It's ""Rodeo Thursday""."
1859,3669,3,9,79,91,1.164835164835165,0.047562660331514815,626,Yeah well buck you too old Pal!
3849,3669,3,9,79,91,1.164835164835165,0.047562660331514815,626,He doesn't want take out.
2187,3669,3,9,79,91,1.164835164835165,0.047562660331514815,626,"hang on, I think I'm about to drop"
4117,3669,2,11,78,91,1.164835164835165,0.04492222627620774,626,....Hey John I just bought this new horse named Fake News! I’m gonna get him neutered! Bahahaha!!
4890,3669,2,11,78,91,1.164835164835165,0.04492222627620774,626,I'm off hold now
5132,3669,3,9,79,91,1.164835164835165,0.047562660331514815,626,I'll never ride a horse named Trump again!!
5701,3669,2,11,78,91,1.164835164835165,0.04492222627620774,626,I'm gonna need an Uber.
1870,3669,2,11,78,91,1.164835164835165,0.04492222627620774,626,"I’m at one of these 1 percenter dude ranches. Totally fun for under 20k a week! Hang on, I’m airborne. Whee!"
514,3669,4,7,80,91,1.164835164835165,0.0500640280242341,626,"You were right, he is an onery bucker!"
1007,3669,3,9,79,91,1.164835164835165,0.047562660331514815,626,We knew all along that this horse Common Sense was too much for this administration.
234,3669,2,11,78,91,1.164835164835165,0.04492222627620774,626,"[Squeal translation] ""Horseplay my ass."""
4041,3685,1,12,72,85,1.1647058823529413,0.04379433351527859,626,"Finally, an off-site where I can truly disconnect!"
5572,3686,7,12,139,158,1.1645569620253164,0.03794779880922107,626,Hey Troy! I found that fast buck you’ve been lookin’ for.
4168,3687,2,11,79,92,1.1630434782608696,0.044467368369936235,626,And that’s why I make the big bucks!
1919,3687,2,11,79,92,1.1630434782608696,0.044467368369936235,626,"collusion, obstruction, Oh let's call the whole thing off!"
2879,3689,1,12,73,86,1.1627906976744187,0.04332445313847639,626,"Neigh, neigh...I am not busy."
3316,3689,1,12,73,86,1.1627906976744187,0.04332445313847639,626,"Dude, that ring tone sucks!"
3351,3689,2,10,74,86,1.1627906976744187,0.046374627232631714,626,Health Care Policies Remove a Few Riders
3363,3689,1,12,73,86,1.1627906976744187,0.04332445313847639,626,"Hello friends. There is going to be a short break in the action. This is Lance Buckman on the road signing off from Casper, Wyoming."
3456,3689,2,10,74,86,1.1627906976744187,0.046374627232631714,626,I’m on Rodeo Dr. Can you hear me?
3468,3689,2,10,74,86,1.1627906976744187,0.046374627232631714,626,Another Brute?  We'll train him for the show money!
3201,3689,2,10,74,86,1.1627906976744187,0.046374627232631714,626,"Where are you ?"""
3493,3689,3,8,75,86,1.1627906976744187,0.04923620479061173,626,I just need to buy a few more crash helmets and my discount roller-coaster will be ready for marketing.
3510,3689,3,8,75,86,1.1627906976744187,0.04923620479061173,626,Now it is my turn to buck you off!!
3514,3689,1,12,73,86,1.1627906976744187,0.04332445313847639,626,Did you post this on U-tube?
3531,3689,2,10,74,86,1.1627906976744187,0.046374627232631714,626,"Will call you later in hospital, it's landing time."
3561,3689,3,8,75,86,1.1627906976744187,0.04923620479061173,626,"No, In fact I'm getting GREAT service out here!"
3565,3689,2,10,74,86,1.1627906976744187,0.046374627232631714,626,That Buckin' Bronco app is a real kick.
3652,3689,1,12,73,86,1.1627906976744187,0.04332445313847639,626,What kinda mare do you think I am?!
3665,3689,2,10,74,86,1.1627906976744187,0.046374627232631714,626,I've got to go! We are ready for landing.
3685,3689,3,8,75,86,1.1627906976744187,0.04923620479061173,626,"Honey, the Instagram add didn't lie when it said ""Westworld like experience"""
3694,3689,2,10,74,86,1.1627906976744187,0.046374627232631714,626,I'd like to Yelp my eight second Uber ride.
3727,3689,1,12,73,86,1.1627906976744187,0.04332445313847639,626,In the desert I fell head over heels on a horse with no name. America.
3496,3689,1,12,73,86,1.1627906976744187,0.04332445313847639,626,Is my insurance paid up?...
3130,3689,1,12,73,86,1.1627906976744187,0.04332445313847639,626,Yes.Please reserve a bed at the nearest hospital
3027,3689,0,14,72,86,1.1627906976744187,0.040042607663968714,626,At least I'm not in that sales meeting!
3073,3689,2,10,74,86,1.1627906976744187,0.046374627232631714,626,"This 'horse sense' workshop is confusing."""
3800,3689,2,10,74,86,1.1627906976744187,0.046374627232631714,626,"Land this triple-rotation jump, and they'll get full points in the rodeo free dance!"
2843,3689,2,10,74,86,1.1627906976744187,0.046374627232631714,626,"No, you didn't catch me at a bad time at all."
2821,3689,2,10,74,86,1.1627906976744187,0.046374627232631714,626,"Siri, bet my IRA on the bronco..."
2731,3689,1,12,73,86,1.1627906976744187,0.04332445313847639,626,"Sorry, I'm about to enter a dead spot."
2730,3689,1,12,73,86,1.1627906976744187,0.04332445313847639,626,We're bonding!
2694,3689,2,10,74,86,1.1627906976744187,0.046374627232631714,626,Midterm Roundup Rodeo
2693,3689,2,10,74,86,1.1627906976744187,0.046374627232631714,626,Customer service? I'd like to file a complaint about your Driverless UberX line.
2666,3689,3,8,75,86,1.1627906976744187,0.04923620479061173,626,"Since they kicked me out of the press briefings, it's the closest I can get."
2926,3689,2,10,74,86,1.1627906976744187,0.046374627232631714,626,Equestrian iDressage
2592,3689,1,12,73,86,1.1627906976744187,0.04332445313847639,626,I swear! I’ll never vote for a malignant narcissist again.
2587,3689,1,12,73,86,1.1627906976744187,0.04332445313847639,626,"Like a fella once said:
""Ain't that a kick in the head?"""
2580,3689,1,12,73,86,1.1627906976744187,0.04332445313847639,626,"-  I entered RODEO DRIVE into the app, and my Über dropped me off here."
2554,3689,1,12,73,86,1.1627906976744187,0.04332445313847639,626,"No, no! I said I have a bucking problem at the moment."
2980,3689,2,10,74,86,1.1627906976744187,0.046374627232631714,626,Let the press corps know I found a great way to prep for the crowd at a Trump rally.
2993,3689,2,10,74,86,1.1627906976744187,0.046374627232631714,626,"Hi Bob, what am I doing?  Well I'm just horsing around."
2995,3689,2,10,74,86,1.1627906976744187,0.046374627232631714,626,You're right! This new app is unbelievable!
3020,3689,0,14,72,86,1.1627906976744187,0.040042607663968714,626,"Trust me, this ain't my first rodeo."
3112,3689,3,8,75,86,1.1627906976744187,0.04923620479061173,626,Yippie-i-o ki yay!
4050,3689,1,12,73,86,1.1627906976744187,0.04332445313847639,626,"No, I'm not driving ...."
5007,3689,1,12,73,86,1.1627906976744187,0.04332445313847639,626,You've been watching Baryshnikov videos again.
4079,3689,3,8,75,86,1.1627906976744187,0.04923620479061173,626,Adulting at its finest
5082,3689,0,14,72,86,1.1627906976744187,0.040042607663968714,626,I do have the experience to run the Metropolitan Transportation Authority.
5090,3689,2,10,74,86,1.1627906976744187,0.046374627232631714,626,Hello? Mrs. Blücher?
5145,3689,2,10,74,86,1.1627906976744187,0.046374627232631714,626,I think you are using me to take out your aggressions on.
5151,3689,1,12,73,86,1.1627906976744187,0.04332445313847639,626,How long have you wanted to do this?
5222,3689,2,10,74,86,1.1627906976744187,0.046374627232631714,626,Breaking in New Shoes.
5298,3689,1,12,73,86,1.1627906976744187,0.04332445313847639,626,Remember how you said I always do things on the fly?
5337,3689,1,12,73,86,1.1627906976744187,0.04332445313847639,626,"Hey Paul, I have a feeling I'm about to enter a dead zone."
5340,3689,0,14,72,86,1.1627906976744187,0.040042607663968714,626,The really funny part is that I only paid a buck for this ride in the first place!
5436,3689,0,14,72,86,1.1627906976744187,0.040042607663968714,626,I'm losing the connection
5454,3689,4,6,76,86,1.1627906976744187,0.051940366511996884,626,"Yeah, I'm on a horse!"""
5530,3689,0,14,72,86,1.1627906976744187,0.040042607663968714,626,"I haven't had this much fun since the hogs ate grandma,"
5611,3689,1,12,73,86,1.1627906976744187,0.04332445313847639,626,I thought I said invest in the bull market.
5760,3689,1,12,73,86,1.1627906976744187,0.04332445313847639,626,Hello-Triple A?
5763,3689,4,6,76,86,1.1627906976744187,0.051940366511996884,626,"Yes, having a great time, but you'd better send up a clean outfit--the dress code's a pain!"
5801,3689,3,8,75,86,1.1627906976744187,0.04923620479061173,626,I never should have given him access to Siri.
5808,3689,1,12,73,86,1.1627906976744187,0.04332445313847639,626,It's a toss who's having more fun.
5853,3689,1,12,73,86,1.1627906976744187,0.04332445313847639,626,"Atta boy, pull your hind legs through and we've got 'er made!"
5072,3689,2,10,74,86,1.1627906976744187,0.046374627232631714,626,"Hi, honey!  Thank you for the experience gift. I'm like a real dude now!  Yahoo!"
2512,3689,2,10,74,86,1.1627906976744187,0.046374627232631714,626,Nine.
4963,3689,1,12,73,86,1.1627906976744187,0.04332445313847639,626,The guy says he guarantees tensions will disappear.  I think it's working!
4908,3689,3,8,75,86,1.1627906976744187,0.04923620479061173,626,"Oh, I thought she said ""buck off""."
4089,3689,1,12,73,86,1.1627906976744187,0.04332445313847639,626,"You were right.  Office boy, not cowboy."
4167,3689,4,6,76,86,1.1627906976744187,0.051940366511996884,626,Get your own ride
4211,3689,1,12,73,86,1.1627906976744187,0.04332445313847639,626,Book me a room in the hospital
4215,3689,0,14,72,86,1.1627906976744187,0.040042607663968714,626,"Honey, I’m a few bucks from my big break!"
4238,3689,3,8,75,86,1.1627906976744187,0.04923620479061173,626,"I said ""I'll phone you after this incredible buck!"""
4261,3689,2,10,74,86,1.1627906976744187,0.046374627232631714,626,"Having Fun? He who laughs last, laughs best."
4286,3689,1,12,73,86,1.1627906976744187,0.04332445313847639,626,"If you fall off a horse, get right back on to never leaving home and watching Netflix."
4407,3689,3,8,75,86,1.1627906976744187,0.04923620479061173,626,This one would be a long shot!
4058,3689,2,10,74,86,1.1627906976744187,0.046374627232631714,626,"Think so, eh? This is not my first rodeo!"
4440,3689,2,10,74,86,1.1627906976744187,0.046374627232631714,626,"Sorry, must 'ang up."
4470,3689,2,10,74,86,1.1627906976744187,0.046374627232631714,626,Can't miss me. I'm vaulting right now.
4530,3689,0,14,72,86,1.1627906976744187,0.040042607663968714,626,"I'll need to call you back, I'm about to break my neck... yeah, yeah, just horsing around."""
4549,3689,3,8,75,86,1.1627906976744187,0.04923620479061173,626,I'm in the cab now.
4580,3689,2,10,74,86,1.1627906976744187,0.046374627232631714,626,"I said, 'hello;' not 'whoa.'"
4637,3689,2,10,74,86,1.1627906976744187,0.046374627232631714,626,... and it looks like I win the bet with that dumb cowboy that nobody could ride But Buster.
4679,3689,1,12,73,86,1.1627906976744187,0.04332445313847639,626,The reception here is bucking horrible
4787,3689,2,10,74,86,1.1627906976744187,0.046374627232631714,626,I really need a hands-off device!
4831,3689,1,12,73,86,1.1627906976744187,0.04332445313847639,626,Remind me to never let you choreograph our act again.
4467,3689,2,10,74,86,1.1627906976744187,0.046374627232631714,626,"Sara (Sanders), tell the ""enemy of the people"" that it was the greatest dismount in the history of horse riding."
2481,3689,4,6,76,86,1.1627906976744187,0.051940366511996884,626,"Honestly, I'm not up to too much, dude. What's up with you, though? You gettin' your dick wet out there in San Diego or what?"
3785,3689,2,10,74,86,1.1627906976744187,0.046374627232631714,626,I told you to quit horsing around!
2317,3689,1,12,73,86,1.1627906976744187,0.04332445313847639,626,"Ok, I'll put you on mute."
441,3689,3,8,75,86,1.1627906976744187,0.04923620479061173,626,"Okay, it's  your turn next."
446,3689,3,8,75,86,1.1627906976744187,0.04923620479061173,626,Of course health care coverage should be optional
545,3689,2,10,74,86,1.1627906976744187,0.046374627232631714,626,"Yeah, I'm used to conference calls when I travel. But this is my first rodeo!"
686,3689,1,12,73,86,1.1627906976744187,0.04332445313847639,626,I’m just happy I found a guy who still seems to give a buck
709,3689,2,10,74,86,1.1627906976744187,0.046374627232631714,626,The danger of the horse hokey pokey
743,3689,1,12,73,86,1.1627906976744187,0.04332445313847639,626,"Bill, after just a few minutes of this, I think we need to develop a new branding strategy."
433,3689,2,10,74,86,1.1627906976744187,0.046374627232631714,626,"Ha ha, I know! The buck never stops where you think it might!"
755,3689,2,10,74,86,1.1627906976744187,0.046374627232631714,626,I'd like to add you to my LinkedIn network
870,3689,1,12,73,86,1.1627906976744187,0.04332445313847639,626,"You're right, honey, it does remind me of our first date."
913,3689,3,8,75,86,1.1627906976744187,0.04923620479061173,626,Reaganomics rider at the 2018 Trumpian  Rodeo.
971,3689,2,10,74,86,1.1627906976744187,0.046374627232631714,626,I'm being thrown for a loop!
976,3689,1,12,73,86,1.1627906976744187,0.04332445313847639,626,That's one off the bucking list.
1020,3689,0,14,72,86,1.1627906976744187,0.040042607663968714,626,Bronc busting caused me to be disconnected from the saddle and I might be losing you next.
1034,3689,2,10,74,86,1.1627906976744187,0.046374627232631714,626,You'll never guess where I'm calling from!
792,3689,0,14,72,86,1.1627906976744187,0.040042607663968714,626,I may be late coming into the office.
1041,3689,1,12,73,86,1.1627906976744187,0.04332445313847639,626,"After jumping the shark, Colt decided to try a bronco."
391,3689,4,6,76,86,1.1627906976744187,0.051940366511996884,626,Sorry - I'm a little hoarse.
331,3689,1,12,73,86,1.1627906976744187,0.04332445313847639,626,Get the buck off me!
11,3689,2,10,74,86,1.1627906976744187,0.046374627232631714,626,"- I'm falling off now. It's almost like in real life.
...
- Hello?"
28,3689,2,10,74,86,1.1627906976744187,0.046374627232631714,626,"Nah, the market's stable, I'm higher than I've ever been."
55,3689,1,12,73,86,1.1627906976744187,0.04332445313847639,626,I said I was going to lead.
68,3689,1,12,73,86,1.1627906976744187,0.04332445313847639,626,"Next time, I'm simply tossing my hat in the ring for a raise."
88,3689,3,8,75,86,1.1627906976744187,0.04923620479061173,626,I'll be right over.
108,3689,1,12,73,86,1.1627906976744187,0.04332445313847639,626,"Oh, THAT? A Bronc's cheer."
348,3689,1,12,73,86,1.1627906976744187,0.04332445313847639,626,Somebody woke up on the wrong side of the fence.
119,3689,1,12,73,86,1.1627906976744187,0.04332445313847639,626,"Hold on, I'll call you right back."
149,3689,2,10,74,86,1.1627906976744187,0.046374627232631714,626,What a load of people-poo
191,3689,2,10,74,86,1.1627906976744187,0.046374627232631714,626,"Now I can cross off ""getting thrown from a horse"" my bucket list."
208,3689,1,12,73,86,1.1627906976744187,0.04332445313847639,626,I knew New Year's Eve was the best time to try this.
214,3689,4,6,76,86,1.1627906976744187,0.051940366511996884,626,"It's nice to have a call thrown,rather than just dropped."
277,3689,2,10,74,86,1.1627906976744187,0.046374627232631714,626,This new Bronco Cell service really is a kick!
297,3689,3,8,75,86,1.1627906976744187,0.04923620479061173,626,My horse just failed me.
141,3689,2,10,74,86,1.1627906976744187,0.046374627232631714,626,John I already told you that's not how centaurs are born!
1049,3689,2,10,74,86,1.1627906976744187,0.046374627232631714,626,DUDE! I just got bucked!
435,3689,3,8,75,86,1.1627906976744187,0.04923620479061173,626,"You know what, I am interested in a new long distance carrier"""
1077,3689,2,10,74,86,1.1627906976744187,0.046374627232631714,626,I'm having a bucking great time!
1830,3689,2,10,74,86,1.1627906976744187,0.046374627232631714,626,Whoa! When I said I wanted to die in the saddle I didn't mean with a bucking bronco!
1853,3689,3,8,75,86,1.1627906976744187,0.04923620479061173,626,"Hah, no this time it's different than the Reagan and Bush tax cuts."
1917,3689,3,8,75,86,1.1627906976744187,0.04923620479061173,626,Dancing/actor Gene Kelly made a western film that was never released.  This is a still  rame from that film.
1953,3689,2,10,74,86,1.1627906976744187,0.046374627232631714,626,"A great day out, plenty of bang for your buck."
1979,3689,3,8,75,86,1.1627906976744187,0.04923620479061173,626,Guess who's having his first rodeo?
1982,3689,2,10,74,86,1.1627906976744187,0.046374627232631714,626,"Let me call you back, my service is bucking terrible here"
1997,3689,2,10,74,86,1.1627906976744187,0.046374627232631714,626,"I'm sorry, but are you calling me from a bathroom?"
1998,3689,3,8,75,86,1.1627906976744187,0.04923620479061173,626,"Oh, I thought you told me to get a bucking cob!"
2046,3689,1,12,73,86,1.1627906976744187,0.04332445313847639,626,O.K. for Number Six!  What’s the next challenge?
2115,3689,2,10,74,86,1.1627906976744187,0.046374627232631714,626,I'm afraid I'll have to get back to you.
2129,3689,3,8,75,86,1.1627906976744187,0.04923620479061173,626,This damn horse isn't colluding with me!
2238,3689,1,12,73,86,1.1627906976744187,0.04332445313847639,626,Incompatibility at its finest...
2247,3689,1,12,73,86,1.1627906976744187,0.04332445313847639,626,I thought your name was Flicka.
2292,3689,2,10,74,86,1.1627906976744187,0.046374627232631714,626,"Mom, I'll have to call you back; I'm about to go to the emergency room."""
1056,3689,5,4,77,86,1.1627906976744187,0.054510544710340926,626,Please don’t slide into home
1736,3689,1,12,73,86,1.1627906976744187,0.04332445313847639,626,The reception IS better from here!
1597,3689,3,8,75,86,1.1627906976744187,0.04923620479061173,626,"funny joke, man. it really threw me!"
2303,3689,2,10,74,86,1.1627906976744187,0.046374627232631714,626,Therapeutic Horseback  Riding in Trumps's alternative universe
2349,3689,3,8,75,86,1.1627906976744187,0.04923620479061173,626,"Excuse me, I’m about to meet some land beneath a horse!"
1518,3689,3,8,75,86,1.1627906976744187,0.04923620479061173,626,"No worries, I got unlimited minutes!"
1096,3689,3,8,75,86,1.1627906976744187,0.04923620479061173,626,I couldn't find the blue tooth.
1100,3689,2,10,74,86,1.1627906976744187,0.046374627232631714,626,"Hey Gene, I'm going to have to let you go."
1152,3689,0,14,72,86,1.1627906976744187,0.040042607663968714,626,"No, I'm not breaking up, I'm breaking in."
1153,3689,2,10,74,86,1.1627906976744187,0.046374627232631714,626,"Isn't it weird  how when you're driving for awhile and you suddenly  feel like you forgot you're driving and wonder, how did I not hit anything? So anyway, what's going on with you?"
1156,3689,0,14,72,86,1.1627906976744187,0.040042607663968714,626,Tried the suburbs. Hated it.
1199,3689,0,14,72,86,1.1627906976744187,0.040042607663968714,626,"Dude, even a horse won't take a selfie with me for Instagram!"
1078,3689,4,6,76,86,1.1627906976744187,0.051940366511996884,626,A lot of people think I'm in an elevator! No I'm actually getting bucked off a horse.
1238,3689,3,8,75,86,1.1627906976744187,0.04923620479061173,626,What the buck?
1331,3689,1,12,73,86,1.1627906976744187,0.04332445313847639,626,I swear I didn't call you that.I said your'e a bucking bronco.
1359,3689,2,10,74,86,1.1627906976744187,0.046374627232631714,626,"And that's when I told Tom, 'Hey, you should do another Mission Impossible.'"
1398,3689,3,8,75,86,1.1627906976744187,0.04923620479061173,626,Whoa-bamacare!
1508,3689,2,10,74,86,1.1627906976744187,0.046374627232631714,626,"What the hay, I was straddled by debt and already losing bucks, . . .  it behooved me to get back in the saddle again!"
1511,3689,0,14,72,86,1.1627906976744187,0.040042607663968714,626,"I guess it was good for you, too."
1220,3689,1,12,73,86,1.1627906976744187,0.04332445313847639,626,Telesales: The art of making a quick buck.
3835,3845,2,10,75,87,1.160919540229885,0.04587666140408817,626,Oh that?  That's the Captain telling us to shut down all phones.
3683,3845,2,10,75,87,1.160919540229885,0.04587666140408817,626,I must have buck-dialed you.
3558,3845,0,14,73,87,1.160919540229885,0.039623877256794074,626,"Hi Jerry, I have decided to become a cowboy, so I called ..."
3517,3845,0,14,73,87,1.160919540229885,0.039623877256794074,626,"No, I'm totally getting the authentic cowboy experience."""
3511,3845,2,10,75,87,1.160919540229885,0.04587666140408817,626,Rhinestone Cowboy you! Like hell you are on the back of this hardass horse!
3502,3845,3,8,76,87,1.160919540229885,0.048702939007284646,626,I warned  you: turn off all your electronic devices before takeoff!
3050,3845,2,10,75,87,1.160919540229885,0.04587666140408817,626,I am having a great Western vacation
3069,3845,2,10,75,87,1.160919540229885,0.04587666140408817,626,"Hey honey, I won't be home tonight."
3033,3845,1,12,74,87,1.160919540229885,0.04286443578566523,626,Can I call you back? I'm slammed.
2989,3845,2,10,75,87,1.160919540229885,0.04587666140408817,626,"I told you, that tie does not go with my mane!"
2752,3845,1,12,74,87,1.160919540229885,0.04286443578566523,626,"You gotta get out here, quickest buck I've ever made!"
2651,3845,2,10,75,87,1.160919540229885,0.04587666140408817,626,"Who, me, sound shaky?"
3844,3845,0,14,73,87,1.160919540229885,0.039623877256794074,626,I'll  send you a message  from the road after I finish at my  texting class.
2650,3845,0,14,73,87,1.160919540229885,0.039623877256794074,626,"Okay Honey, a gallon of milk and  a dozen eggs, do you need me to get anything else on the way home?"
3170,3845,2,10,75,87,1.160919540229885,0.04587666140408817,626,Almost home. Just horsing around a bit.
4021,3845,1,12,74,87,1.160919540229885,0.04286443578566523,626,"Hold on, my Uber just bailed on me."
2571,3845,3,8,76,87,1.160919540229885,0.048702939007284646,626,Gonna have to call you back. I’m about to be hilariously trampled by a horse I had no business trying to ride.
4281,3845,1,12,74,87,1.160919540229885,0.04286443578566523,626,"That? That's the sound of the wild. Just kidding, it's my new polo club membership."
5845,3845,1,12,74,87,1.160919540229885,0.04286443578566523,626,So my medical insurance won't pay for any more equine therapy sessions?
5708,3845,2,10,75,87,1.160919540229885,0.04587666140408817,626,"Oh Mr. Ed, you always did have the best jokes!"
5599,3845,1,12,74,87,1.160919540229885,0.04286443578566523,626,"I only did this on a dare, following on an after work drinking session."
5559,3845,2,10,75,87,1.160919540229885,0.04587666140408817,626,Oh hey Janet! No i'm doing great. Why do you ask?
5482,3845,2,10,75,87,1.160919540229885,0.04587666140408817,626,"I'm telling you, big bucks are to be had."
5362,3845,2,10,75,87,1.160919540229885,0.04587666140408817,626,"I keep telling you, it's Grand Jeté to the LEFT!"
4271,3845,3,8,76,87,1.160919540229885,0.048702939007284646,626,"Yes hunny, I'll make sure to buy glue"
5316,3845,2,10,75,87,1.160919540229885,0.04587666140408817,626,"Sorry, this cartoon doesn't warrant a New Yorker spot or caption."
4989,3845,1,12,74,87,1.160919540229885,0.04286443578566523,626,"Gotta go, my uber driver says its time to get out."
4686,3845,0,14,73,87,1.160919540229885,0.039623877256794074,626,Just as advertised! Dude Ranch - the experience
4659,3845,2,10,75,87,1.160919540229885,0.04587666140408817,626,I feel like Billy Crystal in ‘’City Slickers” ‘1 and 2.
4385,3845,2,10,75,87,1.160919540229885,0.04587666140408817,626,"Yep, racking up  some of those roaming charges."
4342,3845,2,10,75,87,1.160919540229885,0.04587666140408817,626,I’m dropping off.
4283,3845,1,12,74,87,1.160919540229885,0.04286443578566523,626,Westworld’s gotten pretty wild since Elon took over.
5074,3845,3,8,76,87,1.160919540229885,0.048702939007284646,626,Hi! Ho! Over we go!!!
4713,3845,2,10,75,87,1.160919540229885,0.04587666140408817,626,Oh it most definitely beats a day at the office
2300,3845,2,10,75,87,1.160919540229885,0.04587666140408817,626,These New Yorker cartoons are really funny
2151,3845,1,12,74,87,1.160919540229885,0.04286443578566523,626,"Yes, sir....I've had some experience in ""bronc-bustin""....."
99,3845,2,10,75,87,1.160919540229885,0.04587666140408817,626,Urbane Cowboy
130,3845,1,12,74,87,1.160919540229885,0.04286443578566523,626,"Hang on, let me take a Selfie and send it to you!"
167,3845,2,10,75,87,1.160919540229885,0.04587666140408817,626,"Okay, now send me the app for that shark cage thing."
178,3845,1,12,74,87,1.160919540229885,0.04286443578566523,626,Remember the trust falls we did last year? Well you gotta try this!
218,3845,2,10,75,87,1.160919540229885,0.04587666140408817,626,I did not raise you to be a bully!
386,3845,0,14,73,87,1.160919540229885,0.039623877256794074,626,I'll be down soon!
429,3845,2,10,75,87,1.160919540229885,0.04587666140408817,626,"Relax, mom! I haven't had time to get back on the horse yet.
Yeah, I'll be landing in Denver soon."
431,3845,2,10,75,87,1.160919540229885,0.04587666140408817,626,"No, I didn't go 8 seconds this time either."
701,3845,4,6,77,87,1.160919540229885,0.05137396689286534,626,This is even more fun than sub-prime lending!
272,3845,1,12,74,87,1.160919540229885,0.04286443578566523,626,"I was thrown left, so not this horse."
945,3845,2,10,75,87,1.160919540229885,0.04587666140408817,626,"Oh, just practicing for later."
887,3845,2,10,75,87,1.160919540229885,0.04587666140408817,626,Yankees fan?!
2097,3845,2,10,75,87,1.160919540229885,0.04587666140408817,626,Can’t talkbright now. My flight’s about to land.
2056,3845,2,10,75,87,1.160919540229885,0.04587666140408817,626,The boss said he’s sending me to a new location.
2031,3845,3,8,76,87,1.160919540229885,0.048702939007284646,626,"Can’t talk now, I’m in the Quiet Corral."
1910,3845,2,10,75,87,1.160919540229885,0.04587666140408817,626,Only one of us wins!
2241,3845,2,10,75,87,1.160919540229885,0.04587666140408817,626,OK  if I crash at your place?
1259,3845,1,12,74,87,1.160919540229885,0.04286443578566523,626,Me?  Just horsing around.  You good?
1145,3845,2,10,75,87,1.160919540229885,0.04587666140408817,626,"Why yes, I stayed at one of your properties and would love to hear more about a vacation timesharee."
1045,3845,3,8,76,87,1.160919540229885,0.048702939007284646,626,There's nothing this businessman won't do for a buck!
1489,3845,0,14,73,87,1.160919540229885,0.039623877256794074,626,In politics you have your ups and down!
5722,3902,1,12,75,88,1.1590909090909092,0.04241397845684892,626,"Well, I told the boss this wasn't my first rodeo.."
888,3902,2,10,76,88,1.1590909090909092,0.045389190215201616,626,I think you're telling me to get off your back.
472,3902,3,8,77,88,1.1590909090909092,0.04818102954737957,626,Nayyyyyyyyyyyy!
4387,3905,0,14,75,89,1.1573033707865168,0.03881175728695266,626,"Hello,Temple Dental School Admissions?"
3643,3906,1,12,77,90,1.1555555555555554,0.04154059161636941,626,A couple more days of this and I should have a ride to the airport.
3582,3907,2,9,73,84,1.1547619047619047,0.0463654557243119,626,No! No! Without anchovies!
3596,3907,2,9,73,84,1.1547619047619047,0.0463654557243119,626,No need for Airplane Mode—I can stay connected while still in the air.
3620,3907,1,11,72,84,1.1547619047619047,0.04316125289977414,626,"As a gamer, I can tell you the virtual reality thing is perfection."
5738,3907,2,9,73,84,1.1547619047619047,0.0463654557243119,626,"I read the instructions, but installing the hands-free kit is no cinch."
3566,3907,2,9,73,84,1.1547619047619047,0.0463654557243119,626,"Really, I won an all expenses paid vacation for two!"
3959,3907,2,9,73,84,1.1547619047619047,0.0463654557243119,626,Out of network ER visits are covered?  That's great!
3742,3907,2,9,73,84,1.1547619047619047,0.0463654557243119,626,"ThisWyoming campaign looks like a toss up, Steve!"
3753,3907,2,9,73,84,1.1547619047619047,0.0463654557243119,626,"Hey, she called me!"
3760,3907,3,7,74,84,1.1547619047619047,0.04936210304644639,626,"I'm deliriously free-fallin', don't know, and don't care. How about you?"
3799,3907,1,11,72,84,1.1547619047619047,0.04316125289977414,626,I think we have a shot at Dancing With The Stars
3806,3907,1,11,72,84,1.1547619047619047,0.04316125289977414,626,"Happy  landing cowboy,  it was real nice 'kicking it' with you!"
3808,3907,0,13,71,84,1.1547619047619047,0.03969926975692874,626,The guy on Craigslist said she was tame!
3833,3907,1,11,72,84,1.1547619047619047,0.04316125289977414,626,Wow!  Was that a yippee ki yay or a yee-haw?
3908,3907,2,9,73,84,1.1547619047619047,0.0463654557243119,626,Free falling
3549,3907,1,11,72,84,1.1547619047619047,0.04316125289977414,626,"Like a good neigh-bor, State Farm is there."
3982,3907,1,11,72,84,1.1547619047619047,0.04316125289977414,626,How do I know I've been on hold 8 seconds?
3667,3907,1,11,72,84,1.1547619047619047,0.04316125289977414,626,This truly is the Uber for horses!
3485,3907,1,11,72,84,1.1547619047619047,0.04316125289977414,626,And you thought I was trying to get on!
3177,3907,1,11,72,84,1.1547619047619047,0.04316125289977414,626,I said I'm being bucked by a bronco!
3423,3907,3,7,74,84,1.1547619047619047,0.04936210304644639,626,"Trust me, you're gonna love the new flip phone!"
3022,3907,1,11,72,84,1.1547619047619047,0.04316125289977414,626,"Hey boss, I found a new way to generate some bucks!"
3046,3907,3,7,74,84,1.1547619047619047,0.04936210304644639,626,Yee Haa!!  Most fun I’ve had since the ‘08 financial crisis.
3051,3907,1,11,72,84,1.1547619047619047,0.04316125289977414,626,"Don't think I'll be able to make it tonight, I'm going to be in the hospital with two broken leg's and a neck fracture."
3055,3907,3,7,74,84,1.1547619047619047,0.04936210304644639,626,My new plan cost only a buck!
3116,3907,1,11,72,84,1.1547619047619047,0.04316125289977414,626,The dude ranch is a blast. How's Cancun?
3126,3907,2,9,73,84,1.1547619047619047,0.0463654557243119,626,I've been nominated for best dressed dead wrangler.
3131,3907,1,11,72,84,1.1547619047619047,0.04316125289977414,626,"Yep, just at the ranch for a quick buck!"
3140,3907,0,13,71,84,1.1547619047619047,0.03969926975692874,626,"Besides butter,  anything else dear!"
3161,3907,1,11,72,84,1.1547619047619047,0.04316125289977414,626,Once you have taught a horse ballet don't forget her tutu!
3169,3907,0,13,71,84,1.1547619047619047,0.03969926975692874,626,Me and ol' Buck are no longer flying united. Gotta go!
3173,3907,0,13,71,84,1.1547619047619047,0.03969926975692874,626,A flip phone just suits me.
4024,3907,3,7,74,84,1.1547619047619047,0.04936210304644639,626,Can I call you back?  Old Kelso is starting his Fosse routine.
3198,3907,1,11,72,84,1.1547619047619047,0.04316125289977414,626,Good timing on your call.  I just broke free.
3263,3907,1,11,72,84,1.1547619047619047,0.04316125289977414,626,...so then I told her she had to get right back up on that horse.
3385,3907,2,9,73,84,1.1547619047619047,0.0463654557243119,626,You cannot believe what I just stumbled on.
3386,3907,2,9,73,84,1.1547619047619047,0.0463654557243119,626,"No, dude, YOU'RE the stallion."
3408,3907,1,11,72,84,1.1547619047619047,0.04316125289977414,626,I tried to explain that there are a few things you must accomplish before you can retire to the stud farm!
3429,3907,3,7,74,84,1.1547619047619047,0.04936210304644639,626,"Hold on a sec - I'm supposed to be in a gangster film, not a cowboy movie!"
4035,3907,1,11,72,84,1.1547619047619047,0.04316125289977414,626,Emergency dismount for what? My stock portfolio is at an all-time high. I feel it!
4532,3907,3,7,74,84,1.1547619047619047,0.04936210304644639,626,"And this is when you catch me, right? Right?"
4062,3907,3,7,74,84,1.1547619047619047,0.04936210304644639,626,"The Escape Room was a great team builder, but this 401K simulator is going to be very eye-opening for new hires."
4911,3907,1,11,72,84,1.1547619047619047,0.04316125289977414,626,"That's right, bro, I'm at the F.O.M.O. corral."
4946,3907,2,9,73,84,1.1547619047619047,0.0463654557243119,626,"get off the phone you entitled white real estate crook, this is the wide open spaces of the free, not the swamps of Mar a Lago"
5026,3907,2,9,73,84,1.1547619047619047,0.0463654557243119,626,"Oh, nothin’ much. And you?"
2970,3907,2,9,73,84,1.1547619047619047,0.0463654557243119,626,I'm gonna get thrown?  Thanks Captain Obvious.
5038,3907,0,13,71,84,1.1547619047619047,0.03969926975692874,626,"I'm telling you Bob, this horse is no bull."
5080,3907,1,11,72,84,1.1547619047619047,0.04316125289977414,626,If the line goes dead ...
5137,3907,0,13,71,84,1.1547619047619047,0.03969926975692874,626,"I said ""zig"" not ""zag""!"
4891,3907,2,9,73,84,1.1547619047619047,0.0463654557243119,626,Where am I?  I’m buckin’ for that raise you promised me..
5171,3907,2,9,73,84,1.1547619047619047,0.0463654557243119,626,How could he have possibly known I was a city slicker?
5266,3907,1,11,72,84,1.1547619047619047,0.04316125289977414,626,I'll take the survey.
5276,3907,1,11,72,84,1.1547619047619047,0.04316125289977414,626,Swing Your Partner and do-si-do
5314,3907,2,9,73,84,1.1547619047619047,0.0463654557243119,626,Yeah this cowboy camp is a real Hoooot!
5405,3907,2,9,73,84,1.1547619047619047,0.0463654557243119,626,Wait 'till you see my new video game.
5535,3907,1,11,72,84,1.1547619047619047,0.04316125289977414,626,I love team building!
5610,3907,1,11,72,84,1.1547619047619047,0.04316125289977414,626,"Hey, you told me to get one of me horsing around."
5678,3907,0,13,71,84,1.1547619047619047,0.03969926975692874,626,I am such a horse’s ass.
5176,3907,2,9,73,84,1.1547619047619047,0.0463654557243119,626,"Ride’m cowboy, Ha Ha Ha"
4877,3907,0,13,71,84,1.1547619047619047,0.03969926975692874,626,It has given me a new prospective on things.
4811,3907,3,7,74,84,1.1547619047619047,0.04936210304644639,626,"Finally, I'm off my high horse!"
4780,3907,0,13,71,84,1.1547619047619047,0.03969926975692874,626,"Honey, I thought Pony Express used a pony."
4087,3907,1,11,72,84,1.1547619047619047,0.04316125289977414,626,Hang on.  I’m shifting off Bluetooth.
4126,3907,2,9,73,84,1.1547619047619047,0.0463654557243119,626,I'm laughing my horse off!
4135,3907,2,9,73,84,1.1547619047619047,0.0463654557243119,626,"Yeah, new app. I'll know in a second but I think this may be a personal best!"""
4205,3907,3,7,74,84,1.1547619047619047,0.04936210304644639,626,Game over!
4225,3907,2,9,73,84,1.1547619047619047,0.0463654557243119,626,I said my NAME was  buck
4252,3907,1,11,72,84,1.1547619047619047,0.04316125289977414,626,"1) If the call drops, I’ll call you right back. 

2) I hope you’re getting a picture of this because I’m only doing it once."
4278,3907,0,13,71,84,1.1547619047619047,0.03969926975692874,626,Call you bare back later!
4399,3907,0,13,71,84,1.1547619047619047,0.03969926975692874,626,I'll call you Whirlaway!
4511,3907,2,9,73,84,1.1547619047619047,0.0463654557243119,626,Mr Ed and Albert cut a rug on Dancing With The Stars.
4517,3907,1,11,72,84,1.1547619047619047,0.04316125289977414,626,"No, com'on! I'm not texting and driving!"
4542,3907,1,11,72,84,1.1547619047619047,0.04316125289977414,626,"Sorry I lost you there, Internet knocked me off."
4553,3907,3,7,74,84,1.1547619047619047,0.04936210304644639,626,"Hi, I’d like to report a flaw in your anomalous vehicle."
4567,3907,2,9,73,84,1.1547619047619047,0.0463654557243119,626,This is not my idea of a Wester vacation!
4607,3907,2,9,73,84,1.1547619047619047,0.0463654557243119,626,"Hey Joe, I guess retirement can be fun!"
4742,3907,2,9,73,84,1.1547619047619047,0.0463654557243119,626,She's looking for someone to really grab the reins on the new project.
4752,3907,1,11,72,84,1.1547619047619047,0.04316125289977414,626,I had to call. There’s no texting on broncos.
4771,3907,1,11,72,84,1.1547619047619047,0.04316125289977414,626,I'm learning so much at this corporate outing!
5705,3907,1,11,72,84,1.1547619047619047,0.04316125289977414,626,Yippee WiFi ki yo ki yay!
2960,3907,1,11,72,84,1.1547619047619047,0.04316125289977414,626,Don't text while riding.
1645,3907,1,11,72,84,1.1547619047619047,0.04316125289977414,626,"I'll call you as soon as I'm done break dancing with the pony, okay?"
2952,3907,1,11,72,84,1.1547619047619047,0.04316125289977414,626,"Honey, I will never underestimate horsepower again."
1251,3907,0,13,71,84,1.1547619047619047,0.03969926975692874,626,How's it going? Great so far!
1230,3907,3,7,74,84,1.1547619047619047,0.04936210304644639,626,911? Activate the anti-gravity app stat!
1212,3907,0,13,71,84,1.1547619047619047,0.03969926975692874,626,"Thanks, Dobbin!  I just wish I knew an easier way to pop my spine back into place!"
1200,3907,2,9,73,84,1.1547619047619047,0.0463654557243119,626,"... and then she said, ""Anyway, you're over the hill."
1175,3907,4,5,75,84,1.1547619047619047,0.05218696149243465,626,haha yeah he's super pissed that i sucked his dick. hold on he's going to try to stomp me with his big and powerful hooves
1071,3907,1,11,72,84,1.1547619047619047,0.04316125289977414,626,No cell phones at the counter. Your cooperation is much appreciated.
1070,3907,4,5,75,84,1.1547619047619047,0.05218696149243465,626,Yee haw! Rodeo parkour has a new champion.
1058,3907,3,7,74,84,1.1547619047619047,0.04936210304644639,626,I haven't had this much fun since I traded currency futures!
990,3907,0,13,71,84,1.1547619047619047,0.03969926975692874,626,Hi honey! I’ll let you know when my flight lands.
967,3907,2,9,73,84,1.1547619047619047,0.0463654557243119,626,"U Drive, U call , U Pay"
964,3907,0,13,71,84,1.1547619047619047,0.03969926975692874,626,I THOUGHT I WAS A JAMES BOND
944,3907,2,9,73,84,1.1547619047619047,0.0463654557243119,626,I'm riding high!
939,3907,3,7,74,84,1.1547619047619047,0.04936210304644639,626,GIDDEYUP!
911,3907,2,9,73,84,1.1547619047619047,0.0463654557243119,626,"Translation from Horseneigh: Just my version of do-si-do, pardner."
789,3907,2,9,73,84,1.1547619047619047,0.0463654557243119,626,My Uber ride is not pleased you said we shall be late. M
783,3907,1,11,72,84,1.1547619047619047,0.04316125289977414,626,The new look MTA is way more comfortable!
707,3907,1,11,72,84,1.1547619047619047,0.04316125289977414,626,"Oh my god, that is SO funny. Ok, my turn. A priest, a rabbi, and a judge walk into a bar.  Hold on. That’s not right.  Not a bar...."
2953,3907,1,11,72,84,1.1547619047619047,0.04316125289977414,626,"Yes, yes! She’s a hoofer!"
52,3907,3,7,74,84,1.1547619047619047,0.04936210304644639,626,"No,​ I'm not cheating on you."
137,3907,0,13,71,84,1.1547619047619047,0.03969926975692874,626,So I don't need a physical for your new medical insurance package?
155,3907,2,9,73,84,1.1547619047619047,0.0463654557243119,626,My horoscope for today indicates that I will be flying high.
160,3907,1,11,72,84,1.1547619047619047,0.04316125289977414,626,It's a real kick talking to you!
168,3907,1,11,72,84,1.1547619047619047,0.04316125289977414,626,"Me? Oh I'm fantastic. I just bought a new mustang, hold on, I just got thrown for a loop."
1261,3907,1,11,72,84,1.1547619047619047,0.04316125289977414,626,"I avoid the traffic, I get fresh air and I can even use my cell phone, what’s not to like?"
193,3907,0,13,71,84,1.1547619047619047,0.03969926975692874,626,I knew it’d end this way.
221,3907,3,7,74,84,1.1547619047619047,0.04936210304644639,626,Have you heard? American banking system became so indomitable that they decided to replace the Wall Street Bull with a wild horse!
319,3907,2,9,73,84,1.1547619047619047,0.0463654557243119,626,You were right about a 'Dude Ranch' vacation.
333,3907,4,5,75,84,1.1547619047619047,0.05218696149243465,626,I'm in the right mood to pony up the money!
510,3907,0,13,71,84,1.1547619047619047,0.03969926975692874,626,Exhilarating. One way to get out of back pain...let it ride.
584,3907,1,11,72,84,1.1547619047619047,0.04316125289977414,626,"He said I'd never be able to break anything in this ring, but I guess he didn't think about my neck!"
621,3907,1,11,72,84,1.1547619047619047,0.04316125289977414,626,"Nah, it's only dangerous if you're real"
195,3907,0,13,71,84,1.1547619047619047,0.03969926975692874,626,dude dude dude dude dude: PARTICIPATION TROPHY!!!!
1340,3907,1,11,72,84,1.1547619047619047,0.04316125289977414,626,"It just came to me. Let's call the book ""The Kick Ass Kid""."
60,3907,1,11,72,84,1.1547619047619047,0.04316125289977414,626,"I tried to hold a vote to unionize and he banished me to his ranch in Montana. Hold on, my skull is about to cave into my rib cage. Elon is doing a beautiful job disrupting the hara-kiri honor suicide game."
1405,3907,4,5,75,84,1.1547619047619047,0.05218696149243465,626,No. I won't vote for Trump.
2939,3907,2,9,73,84,1.1547619047619047,0.0463654557243119,626,"Mom? Look, no hands!"
2912,3907,0,13,71,84,1.1547619047619047,0.03969926975692874,626,Yahoo! Only one more rib to break!
2899,3907,0,13,71,84,1.1547619047619047,0.03969926975692874,626,"Yes, you can liquidate my shares. I’ve found a new career"
2867,3907,3,7,74,84,1.1547619047619047,0.04936210304644639,626,"Let's see if you call it ""fake news"" when you hit the ground!"
2858,3907,1,11,72,84,1.1547619047619047,0.04316125289977414,626,"Bob, next time, can we use a dummy for the air bale project?"
2824,3907,3,7,74,84,1.1547619047619047,0.04936210304644639,626,I’m having trouble hearing you.
2771,3907,1,11,72,84,1.1547619047619047,0.04316125289977414,626,"Later hon, it's not safe to talk while riding."
2759,3907,0,13,71,84,1.1547619047619047,0.03969926975692874,626,"'Well, if we can't fly united...'"
2677,3907,1,11,72,84,1.1547619047619047,0.04316125289977414,626,"I told you, mute your phone before mounting!"
2661,3907,0,13,71,84,1.1547619047619047,0.03969926975692874,626,Hold on.
2498,3907,3,7,74,84,1.1547619047619047,0.04936210304644639,626,"It's the new stud farm , they want one more try A"
2483,3907,1,11,72,84,1.1547619047619047,0.04316125289977414,626,"Hang on, I gotta switch to my headset."
2473,3907,0,13,71,84,1.1547619047619047,0.03969926975692874,626,"Oh that might be be. Sorry, I’ll go on mute."
2472,3907,2,9,73,84,1.1547619047619047,0.0463654557243119,626,"Ralph,you were right this horse can do the Twist."
2431,3907,2,9,73,84,1.1547619047619047,0.0463654557243119,626,Things are Topsy-turvy here.
2830,3907,1,11,72,84,1.1547619047619047,0.04316125289977414,626,"No, I can talk - what's up?"
2282,3907,1,11,72,84,1.1547619047619047,0.04316125289977414,626,"Hello, is this Rent-A-Rodeo? Sure, I'll hold..."
1415,3907,2,9,73,84,1.1547619047619047,0.0463654557243119,626,Wow! Your good news has thrown me for a loop!
2384,3907,1,11,72,84,1.1547619047619047,0.04316125289977414,626,I said we're going to the shoe factory NOT the GLUE factory!!!
1509,3907,1,11,72,84,1.1547619047619047,0.04316125289977414,626,Uber? Need a ride.
1620,3907,2,9,73,84,1.1547619047619047,0.0463654557243119,626,"The ""Horse Yeller"" proves to be a disastrous experiment."
1632,3907,1,11,72,84,1.1547619047619047,0.04316125289977414,626,"Oh,not much.  We’re just kicking around a couple of things."
1635,3907,2,9,73,84,1.1547619047619047,0.0463654557243119,626,Derek tossed and turned in his dream of headlining at the rodeo.
1616,3907,2,9,73,84,1.1547619047619047,0.0463654557243119,626,I love the ride so far!
1691,3907,2,9,73,84,1.1547619047619047,0.0463654557243119,626,Bronco dancing after work is TOTAL stress reliever.
1875,3907,3,7,74,84,1.1547619047619047,0.04936210304644639,626,"Well, I'm not in the city anymore so I want to cancel my insurance!"
1892,3907,1,11,72,84,1.1547619047619047,0.04316125289977414,626,"Yeah, it's cheaper than Uber, but the jury is still out."
1934,3907,2,9,73,84,1.1547619047619047,0.0463654557243119,626,I needed to update my pic on luvidiotcowboys.com
1981,3907,2,9,73,84,1.1547619047619047,0.0463654557243119,626,I think my Uber has gone mad.
1674,3907,1,11,72,84,1.1547619047619047,0.04316125289977414,626,"I'm going to hang up now, but in a couple minutes I'll get back on."
1949,3907,0,13,71,84,1.1547619047619047,0.03969926975692874,626,Me? Oh nothing much. Just bucking off!
4315,4055,4,5,76,85,1.1529411764705881,0.05160147423941493,626,"Good riddance""---The horse"
4226,4055,2,9,74,85,1.1529411764705881,0.04585289580871799,626,If Frederic Remington was painting today!
3569,4055,1,11,73,85,1.1529411764705881,0.04268929619034754,626,Mr Watson-Can you hear me now?
2982,4055,0,13,72,85,1.1529411764705881,0.03927166872453084,626,I'll have to circle back with you on that
2435,4055,1,11,73,85,1.1529411764705881,0.04268929619034754,626,"Could you clear my schedule for the afternoon, Gary? My availability is looking like a real toss-up."
1936,4055,3,7,75,85,1.1529411764705881,0.048811884811622214,626,"Hold on, the cable company is calling me back."
4357,4055,1,11,73,85,1.1529411764705881,0.04268929619034754,626,I think I'm going to be late for diner hun!
1929,4055,3,7,75,85,1.1529411764705881,0.048811884811622214,626,Gregg was ecstatic that he beat his previous time. He now surpassed his 7 second record of speaking to his wife on his cell.
3084,4055,1,11,73,85,1.1529411764705881,0.04268929619034754,626,I may be out of the office longer than originally planned.
4516,4055,1,11,73,85,1.1529411764705881,0.04268929619034754,626,It's worth the instagram moment.
5384,4055,2,9,74,85,1.1529411764705881,0.04585289580871799,626,Haha... Stop horsing around!
5063,4055,1,11,73,85,1.1529411764705881,0.04268929619034754,626,Recent layoffs necessitate management assuming some operational roles.
5070,4055,1,11,73,85,1.1529411764705881,0.04268929619034754,626,"Hi.......whoa, Silver!"
5305,4055,3,7,75,85,1.1529411764705881,0.048811884811622214,626,"Remember when you told me, 'You'll just flip over my new horse?..."
5323,4055,2,9,74,85,1.1529411764705881,0.04585289580871799,626,LOL-- ROMFHL!
5385,4055,3,7,75,85,1.1529411764705881,0.048811884811622214,626,"Oh, I'm getting better at it, and it's just until they fix the subway."
5423,4055,2,9,74,85,1.1529411764705881,0.04585289580871799,626,"Uber is way more fun out here, too."
5462,4055,1,11,73,85,1.1529411764705881,0.04268929619034754,626,I made the mistake of naming it Deep State!
5771,4055,1,11,73,85,1.1529411764705881,0.04268929619034754,626,"Don't worry.... compared to the bulls and bears I'm used to, this bronco's nothin'."
1888,4055,1,11,73,85,1.1529411764705881,0.04268929619034754,626,"I hate that unsaddling  -  I mean, unsettling -  proposal of theirs."
5020,4055,2,9,74,85,1.1529411764705881,0.04585289580871799,626,If you want to succeed you have to buck the trend.
1865,4055,1,11,73,85,1.1529411764705881,0.04268929619034754,626,"Hey, Chuck, better go with plan B. Plan A is definitely not working"
58,4055,1,11,73,85,1.1529411764705881,0.04268929619034754,626,"Yes, I'm spending a month at ""Sober Farm""..."
1545,4055,2,9,74,85,1.1529411764705881,0.04585289580871799,626,"Happy for you to take the reins on this quarter's report, Phil."
980,4055,3,7,75,85,1.1529411764705881,0.048811884811622214,626,I couldn't find a shark to jump so...
898,4055,3,7,75,85,1.1529411764705881,0.048811884811622214,626,"Well, that didn't last long."
803,4055,2,9,74,85,1.1529411764705881,0.04585289580871799,626,"Dude, you gotta try it - better than VR!"
684,4055,1,11,73,85,1.1529411764705881,0.04268929619034754,626,I'm not sure about this stock option.  It seems to be moving in every direction at once.
1843,4055,1,11,73,85,1.1529411764705881,0.04268929619034754,626,"Me, I've just been horsing around"""
3539,4084,0,12,67,79,1.1518987341772151,0.040639993680056885,626,Buck the patriarchy.
863,4085,1,11,74,86,1.1511627906976745,0.04222745348420426,626,"This is an automated recording confirming your reservation for: horseback riding, today..."
861,4085,2,9,75,86,1.1511627906976745,0.04535146788118489,626,"NO, just bucking around!"
1502,4085,2,9,75,86,1.1511627906976745,0.04535146788118489,626,Six Sigma has gotten so much more interesting!
1902,4085,3,7,76,86,1.1511627906976745,0.048273734578916254,626,GET OFF MY BACK
2665,4085,2,9,75,86,1.1511627906976745,0.04535146788118489,626,"#Me,too, Hopalong!"
2820,4085,2,9,75,86,1.1511627906976745,0.04535146788118489,626,"Good job, Nellie, but next time show some exuberance."""
4208,4085,3,7,76,86,1.1511627906976745,0.048273734578916254,626,A Bronco Market? That's when you start out in a Bull Market but end up in traction for 6 weeks as a Bear Market !
4559,4085,2,9,75,86,1.1511627906976745,0.04535146788118489,626,I can’t wait to try this at home!
1309,4085,0,13,73,86,1.1511627906976745,0.03885305672071535,626,"Look, just do it. It's as easy as falling off a horse, and believe me, the horse will be happy too."
4828,4085,2,9,75,86,1.1511627906976745,0.04535146788118489,626,Hi honey - I found this great new phone plan for just a few bucks!
4952,4085,1,11,74,86,1.1511627906976745,0.04222745348420426,626,I thought the stock market was bullish
5354,4085,1,11,74,86,1.1511627906976745,0.04222745348420426,626,Hey Ma.  I rode her till she bucked me . . . now what?
4341,4085,3,7,76,86,1.1511627906976745,0.048273734578916254,626,"I said ""The cabin door has been closed...."""
1458,4085,3,7,76,86,1.1511627906976745,0.048273734578916254,626,"The view from here ?  You need to be here.  Ha ha, I know... (ooof)"
46,4099,3,7,77,87,1.1494252873563218,0.04774726195683065,626,Stop horsing around!
1329,4099,2,9,76,87,1.1494252873563218,0.04486081606493881,626,What’s it like? Imagine waking up one day and realizing that summer is almost over.
1923,4099,1,11,75,87,1.1494252873563218,0.04177540678018991,626,"Exceptional kickstarter, although... where is the off button?!"
2354,4099,2,9,76,87,1.1494252873563218,0.04486081606493881,626,"You were right, it feels great to earn an honest buck!"
4000,4103,1,10,70,81,1.1481481481481481,0.043429775553920656,626,"Really, Honey, I've fallen heels over head for you"
2897,4103,3,6,72,81,1.1481481481481481,0.0500342818003937,626,I'd like to subscribe to your hands-free calling plan.
2956,4103,1,10,70,81,1.1481481481481481,0.043429775553920656,626,"Don""t worry! this bubble market has no end in sight!"
2974,4103,3,6,72,81,1.1481481481481481,0.0500342818003937,626,Buck outta here!
3319,4103,3,6,72,81,1.1481481481481481,0.0500342818003937,626,Gotta go....my horse just threw a party!
3383,4103,2,8,71,81,1.1481481481481481,0.046848557928420444,626,There are no ties in bronco busting.
3442,4103,2,8,71,81,1.1481481481481481,0.046848557928420444,626,Best buck I ever earned.
3724,4103,2,8,71,81,1.1481481481481481,0.046848557928420444,626,I JUST GOT OFF THE FREEWAY--TOO CROWDED
3830,4103,1,10,70,81,1.1481481481481481,0.043429775553920656,626,"On the way now,be there shortly!"
3918,4103,1,10,70,81,1.1481481481481481,0.043429775553920656,626,"Honey! It's a done deal. Bought low,sold high!"
3922,4103,1,10,70,81,1.1481481481481481,0.043429775553920656,626,I just took off from mane.
3940,4103,0,12,69,81,1.1481481481481481,0.03971779738801338,626,Worst Uber Ever
3948,4103,1,10,70,81,1.1481481481481481,0.043429775553920656,626,Wait till you see what I had for lunch!
2339,4103,1,10,70,81,1.1481481481481481,0.043429775553920656,626,"Listen cowboy, that was inappropriate!"
2640,4103,2,8,71,81,1.1481481481481481,0.046848557928420444,626,"It's a lot more fun than Uber!"""
4082,4103,2,8,71,81,1.1481481481481481,0.046848557928420444,626,I've discovered that breaking up is not so hard to do.
5105,4103,3,6,72,81,1.1481481481481481,0.0500342818003937,626,Get the buck out of here!
4477,4103,1,10,70,81,1.1481481481481481,0.043429775553920656,626,Hi Ma! I just launched my new Tinder Rodeo app!
470,4103,0,12,69,81,1.1481481481481481,0.03971779738801338,626,I've got a hard out in eight seconds.
5596,4103,1,10,70,81,1.1481481481481481,0.043429775553920656,626,"Sure, I'm still happy with my vote. Everything seems to be under control and I'm flying high!"
5548,4103,1,10,70,81,1.1481481481481481,0.043429775553920656,626,Hey PETA! Looks like you win.
5508,4103,2,8,71,81,1.1481481481481481,0.046848557928420444,626,They SAID that playing the horses would be fun!
5477,4103,1,10,70,81,1.1481481481481481,0.043429775553920656,626,The Pasa Doble' !
5335,4103,1,10,70,81,1.1481481481481481,0.043429775553920656,626,"I'll have to call you back, I got out of hands free mode for one second and all hell broke loose."
5181,4103,0,12,69,81,1.1481481481481481,0.03971779738801338,626,At least let me remove my tie.
4458,4103,2,8,71,81,1.1481481481481481,0.046848557928420444,626,You can grab the bull by the horns. I'm going to get back on the horse.
5114,4103,2,8,71,81,1.1481481481481481,0.046848557928420444,626,"Ah, it is the 2018 election!"
5032,4103,3,6,72,81,1.1481481481481481,0.0500342818003937,626,Landing now. I'll be at the gate.
5022,4103,1,10,70,81,1.1481481481481481,0.043429775553920656,626,The tie I can take; the cell phone - no way!!!
5008,4103,1,10,70,81,1.1481481481481481,0.043429775553920656,626,"Call 911 fast, honey"
4749,4103,0,12,69,81,1.1481481481481481,0.03971779738801338,626,"Not much, just horsing around.  What’s new with you?"
4748,4103,2,8,71,81,1.1481481481481481,0.046848557928420444,626,"These ""where the buffalo roam"" charges are getting out of hand."
4631,4103,2,8,71,81,1.1481481481481481,0.046848557928420444,626,"Hey, I'm working so hard"
4566,4103,1,10,70,81,1.1481481481481481,0.043429775553920656,626,Whoa Nelly! Can't we just talk about this?
2274,4103,2,8,71,81,1.1481481481481481,0.046848557928420444,626,Howdy buckaroos! I'm a real maverick and love to buck these traditional cowboys--I keep throwing 'em again and again and they keep climbing back on! I could stomp on them and finish 'em off in the middle of Fifth Avenue and not lose any new takers...
1732,4103,1,10,70,81,1.1481481481481481,0.043429775553920656,626,"Stephane, hi. I got that big buck job in Boise."
1301,4103,2,8,71,81,1.1481481481481481,0.046848557928420444,626,Same jerk who was behind me in the movie theater last night.
1638,4103,2,8,71,81,1.1481481481481481,0.046848557928420444,626,The true meaning of City Slickers became crystal clear.
1685,4103,1,10,70,81,1.1481481481481481,0.043429775553920656,626,Parkour!
107,4103,1,10,70,81,1.1481481481481481,0.043429775553920656,626,I'm taking a little time off. Get it?
125,4103,1,10,70,81,1.1481481481481481,0.043429775553920656,626,This beats being behind a desk!
315,4103,1,10,70,81,1.1481481481481481,0.043429775553920656,626,"As a matter of fact, I do have experience in difficult exits."
460,4103,0,12,69,81,1.1481481481481481,0.03971779738801338,626,"Mr. President, I was just thinking of  you."
589,4103,2,8,71,81,1.1481481481481481,0.046848557928420444,626,How about half a second?
685,4103,0,12,69,81,1.1481481481481481,0.03971779738801338,626,"No, falling off doesn't hurt at all, I just........."
830,4103,1,10,70,81,1.1481481481481481,0.043429775553920656,626,Just trying not to think about the news cycle.  What's up with you?
943,4103,3,6,72,81,1.1481481481481481,0.0500342818003937,626,"Bucky, click those hooves and we're a shoe-in for this year's Rodeo Dance Contest!"
981,4103,1,10,70,81,1.1481481481481481,0.043429775553920656,626,"OK,OK,OK, I promise not to send you to the glue factory"
546,4103,1,10,70,81,1.1481481481481481,0.043429775553920656,626,Hashtag yolo!
1128,4103,0,12,69,81,1.1481481481481481,0.03971779738801338,626,"Boss, you've gotta to meet this new client, you'll get a kick out of him."
1147,4103,1,10,70,81,1.1481481481481481,0.043429775553920656,626,Whoa Willy-nilly Nelly!
1164,4103,0,12,69,81,1.1481481481481481,0.03971779738801338,626,"Guess what I just lasted 3 seconds on a bucking bronco, and guess what I had for lunch. I'll send you a picture of it, and oh yeah I might be late for dinner."
1243,4103,2,8,71,81,1.1481481481481481,0.046848557928420444,626,"You're not going to be distracted on my back, buddy!"
1355,4103,1,10,70,81,1.1481481481481481,0.043429775553920656,626,cell phone distraction!
1474,4103,0,12,69,81,1.1481481481481481,0.03971779738801338,626,"Honey, this is the best ride Ever! And it’s legal to talk and ride..."
1544,4103,2,8,71,81,1.1481481481481481,0.046848557928420444,626,Bet I get back to the barn before you do.
1556,4103,1,10,70,81,1.1481481481481481,0.043429775553920656,626,"Honey, i am going to be late for dinner"
1005,4103,0,12,69,81,1.1481481481481481,0.03971779738801338,626,This is bucking amazing!
1596,4103,4,4,73,81,1.1481481481481481,0.05302896690102354,626,Yeet.
3802,4162,2,8,72,82,1.146341463414634,0.04630896338925492,626,I miss my wife
3590,4162,2,8,72,82,1.146341463414634,0.04630896338925492,626,"Hon, I bought the new Mustang. But I gotta go— an accident up ahead."
3534,4162,1,10,71,82,1.146341463414634,0.0429349038421541,626,Wonderful!    A perfect tourjete'
3430,4162,2,8,72,82,1.146341463414634,0.04630896338925492,626,Don't call me Babe!
2605,4162,2,8,72,82,1.146341463414634,0.04630896338925492,626,Not literally eat one...it’s a phrase!
3239,4162,2,8,72,82,1.146341463414634,0.04630896338925492,626,"‘Yessir, your rate of return is secure as long as markets are stable.”"
3117,4162,1,10,71,82,1.146341463414634,0.0429349038421541,626,"No, I'm, flying. See you soon."
2977,4162,2,8,72,82,1.146341463414634,0.04630896338925492,626,You were right—taking a vacation does kick off lots of ideas to bring back to the office!
2556,4162,3,6,73,82,1.146341463414634,0.049453353904863585,626,How's your buck-ed list going?
4161,4162,1,10,71,82,1.146341463414634,0.0429349038421541,626,"I SAID, I'M A HORSE WHISPERER!"
3292,4162,1,10,71,82,1.146341463414634,0.0429349038421541,626,"Distracted Riding “O my gosh, I fell off my horse!”"
4397,4162,1,10,71,82,1.146341463414634,0.0429349038421541,626,You have to try this new workout class
5730,4162,1,10,71,82,1.146341463414634,0.0429349038421541,626,"No, I am not busy. Just getting kicked around by my boss as usual."
4698,4162,3,6,73,82,1.146341463414634,0.049453353904863585,626,Why would Marge tell me to get off my high horse ?
4753,4162,2,8,72,82,1.146341463414634,0.04630896338925492,626,Lets wrap this up I'm roaming
4754,4162,1,10,71,82,1.146341463414634,0.0429349038421541,626,Shall we dance ?
4783,4162,3,6,73,82,1.146341463414634,0.049453353904863585,626,"I kid you not. ""Short it?!"" I said. ""In this market?!!"" So he says. . ."
5279,4162,1,10,71,82,1.146341463414634,0.0429349038421541,626,I would like to buy some orthopedic stock.
5417,4162,1,10,71,82,1.146341463414634,0.0429349038421541,626,America's got talent.  Break dancing champions.
5525,4162,2,8,72,82,1.146341463414634,0.04630896338925492,626,"Yes sir, I am honored to be considered your next Press Secretary."
5541,4162,2,8,72,82,1.146341463414634,0.04630896338925492,626,Your other right!
2530,4162,1,10,71,82,1.146341463414634,0.0429349038421541,626,I just broke the record for riding a bronc in street clothes!
5736,4162,1,10,71,82,1.146341463414634,0.0429349038421541,626,How did you know I was breaking up?
5747,4162,3,6,73,82,1.146341463414634,0.049453353904863585,626,"Sorry, I keep getting bumped off the call"
4436,4162,1,10,71,82,1.146341463414634,0.0429349038421541,626,Have had enough of your mobile conversation.
2474,4162,0,12,70,82,1.146341463414634,0.03927202370241041,626,HOWDY DOO BUCKAROO!
4884,4162,2,8,72,82,1.146341463414634,0.04630896338925492,626,"Got that, dude? How about, ""Take More Than Wild Horses in Washington to Back Delaney Down."""
1725,4162,1,10,71,82,1.146341463414634,0.0429349038421541,626,I've always loved eating dirt.
296,4162,2,8,72,82,1.146341463414634,0.04630896338925492,626,Tell the kids I love them!
576,4162,3,6,73,82,1.146341463414634,0.049453353904863585,626,I'm about to go through a tunnel...
599,4162,1,10,71,82,1.146341463414634,0.0429349038421541,626,I love you more!
704,4162,1,10,71,82,1.146341463414634,0.0429349038421541,626,"It's okay, he's doing what he promised!"
909,4162,1,10,71,82,1.146341463414634,0.0429349038421541,626,"Q3 earnings look great, Carl!"
587,4162,1,10,71,82,1.146341463414634,0.0429349038421541,626,No worries.  This new phone is shock proof.
1066,4162,2,8,72,82,1.146341463414634,0.04630896338925492,626,"I'm head over heels with this offer, but in a way that anticipates severe injury."
1154,4162,2,8,72,82,1.146341463414634,0.04630896338925492,626,Yahoo is right with this rider.
1272,4162,1,10,71,82,1.146341463414634,0.0429349038421541,626,"I'll call you right back, I'm at the chiropractor."
1468,4162,0,12,70,82,1.146341463414634,0.03927202370241041,626,Hey Bub!  This is a no-cell-phone ranch.
1644,4162,1,10,71,82,1.146341463414634,0.0429349038421541,626,"Hold on, this conversation is about to get bumpy"
918,4162,1,10,71,82,1.146341463414634,0.0429349038421541,626,"Me and my cell phone, us never part!"
1950,4162,2,8,72,82,1.146341463414634,0.04630896338925492,626,This is not the reality I created!
2469,4203,1,10,72,83,1.144578313253012,0.042451092394817716,626,Did I tell you about my latest lunch-time activity?
1182,4203,2,8,73,83,1.144578313253012,0.04578158588104719,626,Harry's great reception makes him feel that his cell phone carrier is worth every buck.
1315,4203,2,8,73,83,1.144578313253012,0.04578158588104719,626,"If you think texting and driving is dangerous, don't try it on a bucking bronco."
1334,4203,2,8,73,83,1.144578313253012,0.04578158588104719,626,Guess i've got to hang up now!
1383,4203,1,10,72,83,1.144578313253012,0.042451092394817716,626,"And dont ever pass  gas again ,!"
1475,4203,1,10,72,83,1.144578313253012,0.042451092394817716,626,He doesn't know the phone is a prop and this is a study!
2180,4203,0,12,71,83,1.144578313253012,0.038836025610803696,626,"I said Whoa, not Throw."
2295,4203,0,12,71,83,1.144578313253012,0.038836025610803696,626,"Can you believe it, they can even deliver a rodeo clown right now!!!"
4359,4203,2,8,73,83,1.144578313253012,0.04578158588104719,626,This Trump stock market can only get higher.
3095,4203,2,8,73,83,1.144578313253012,0.04578158588104719,626,I’m bucking great! How are y’all?
3098,4203,1,10,72,83,1.144578313253012,0.042451092394817716,626,Sell Safe Saddles.Inc.
3803,4203,2,8,73,83,1.144578313253012,0.04578158588104719,626,"Whoa! I'm not  Bronco Billy,   I'm  just
a  urban city  slicker!"""
3842,4203,1,10,72,83,1.144578313253012,0.042451092394817716,626,"I'll text you the address, now that both hands are free."
978,4203,0,12,71,83,1.144578313253012,0.038836025610803696,626,Bucking Awesome!
4417,4203,3,6,74,83,1.144578313253012,0.04888570308437887,626,Mobile order system was down
4503,4203,0,12,71,83,1.144578313253012,0.038836025610803696,626,"I swear. Just get the ""Realistic Rodeo"" app."
5360,4203,1,10,72,83,1.144578313253012,0.042451092394817716,626,Let me call you back after the Fall
3066,4203,4,4,75,83,1.144578313253012,0.051804153562474115,626,"We're still negotiating."" - Tory Hoen, Brooklyn, N"
977,4203,2,8,73,83,1.144578313253012,0.04578158588104719,626,I got the lead in the live action Buckaroo movie! - Daniel Day Lewis
3012,4203,2,8,73,83,1.144578313253012,0.04578158588104719,626,I'm taking an out of office break.
867,4203,1,10,72,83,1.144578313253012,0.042451092394817716,626,I said “Don’t buck me.”
436,4203,3,6,74,83,1.144578313253012,0.04888570308437887,626,Roto-dial is so analog. Rodeo-dial is the next big thing. You don't want to be on the wrong side of history.
408,4203,1,10,72,83,1.144578313253012,0.042451092394817716,626,"My lille pony and Chelsea boy, all growe up. Yippee ki"
120,4203,0,12,71,83,1.144578313253012,0.038836025610803696,626,Leave it to  me to draw a horse without bluetooth...
18,4203,1,10,72,83,1.144578313253012,0.042451092394817716,626,"Hold on honey, distracted driver."
871,4203,0,12,71,83,1.144578313253012,0.038836025610803696,626,Gotta go! The buck stops here.
4157,4229,1,10,73,84,1.1428571428571428,0.04197797807648538,626,I'm really loving these 8 second work days!
1963,4229,2,8,74,84,1.1428571428571428,0.045266017894605576,626,Who said playing the market wasn't fun?
3551,4231,1,9,68,78,1.141025641025641,0.04366020435906115,626,Sure beats those self-driving cars.
3555,4231,0,11,67,78,1.141025641025641,0.039663750600197265,626,Woo Hoo!  What a kick!
3574,4231,2,7,69,78,1.141025641025641,0.047320331546548945,626,"Yes, I can Facetime."
3613,4231,1,9,68,78,1.141025641025641,0.04366020435906115,626,Acme Travel? I said Rodeo Drive!
2950,4231,2,7,69,78,1.141025641025641,0.047320331546548945,626,"New phone, who dis?"
3691,4231,2,7,69,78,1.141025641025641,0.047320331546548945,626,"BUCK UP, OR BUCK OFF!"
3743,4231,2,7,69,78,1.141025641025641,0.047320331546548945,626,From the Bronx to Bronc Hihiiiiiiiiiii !!
3745,4231,0,11,67,78,1.141025641025641,0.039663750600197265,626,It's fake news.  I am not flipping
3797,4231,3,5,70,78,1.141025641025641,0.05071700021369214,626,That's the one. His father was in 'War Horse'.
3783,4231,1,9,68,78,1.141025641025641,0.04366020435906115,626,Can I put you on whinneyphone?
2604,4231,1,9,68,78,1.141025641025641,0.04366020435906115,626,"Hello, Uber? I've changed my mind."
3816,4231,2,7,69,78,1.141025641025641,0.047320331546548945,626,"Hello there, yes, I would like to schedule an appointment with your physical therapist please."
3882,4231,2,7,69,78,1.141025641025641,0.047320331546548945,626,I thought it was a joke when they said to switch my phone to horse mode.
3893,4231,2,7,69,78,1.141025641025641,0.047320331546548945,626,"I'm getting bad service from my carrier, and it's beginning to look as if I could be unable to call you back."
3921,4231,1,9,68,78,1.141025641025641,0.04366020435906115,626,"OK, you can pull a carriage!!!"
3941,4231,2,7,69,78,1.141025641025641,0.047320331546548945,626,It beats the grind of the office but this horse is a jackass.
3980,4231,0,11,67,78,1.141025641025641,0.039663750600197265,626,"Great news, honey—I finally got that raise!"
4051,4231,2,7,69,78,1.141025641025641,0.047320331546548945,626,"I'm checking out this whole ""Raw Gravity"" movement."
4095,4231,1,9,68,78,1.141025641025641,0.04366020435906115,626,Whatever happened to sitting by the dsmn pool.
4096,4231,1,9,68,78,1.141025641025641,0.04366020435906115,626,Hey!  Quit horsing around!
3768,4231,1,9,68,78,1.141025641025641,0.04366020435906115,626,"Sally, you promised that you would never pull that stunt again."
3505,4231,0,11,67,78,1.141025641025641,0.039663750600197265,626,It wasn’t like this at the bar.
3443,4231,1,9,68,78,1.141025641025641,0.04366020435906115,626,"No, sir, the app only tracks your fall. It doesn't prevent injuries."
3469,4231,2,7,69,78,1.141025641025641,0.047320331546548945,626,The mustang didn't have a photo on craigslist.
2942,4231,1,9,68,78,1.141025641025641,0.04366020435906115,626,Hi Hon!  We finally worked out a great dance routine.  Set up an audition as soon as you can with Dancing With The Stars.
2935,4231,2,7,69,78,1.141025641025641,0.047320331546548945,626,This is not going well
4139,4231,1,9,68,78,1.141025641025641,0.04366020435906115,626,Extreme horse play
2919,4231,0,11,67,78,1.141025641025641,0.039663750600197265,626,I don’t think I’ll be getting back on.
2917,4231,1,9,68,78,1.141025641025641,0.04366020435906115,626,"Don't worry Honey, I'll land on my feet again."
2870,4231,1,9,68,78,1.141025641025641,0.04366020435906115,626,Press 6 if you're about to break your neck.
2811,4231,1,9,68,78,1.141025641025641,0.04366020435906115,626,"Ever since I got this horse, crypto has seemed pretty stable"
2793,4231,2,7,69,78,1.141025641025641,0.047320331546548945,626,"You really threw me for a loop, buddy."
2775,4231,1,9,68,78,1.141025641025641,0.04366020435906115,626,Goin' great so far. Way more fact-based than politics!
3483,4231,1,9,68,78,1.141025641025641,0.04366020435906115,626,"""O.K., I'LL BE THERE PRETTY SOON."
2951,4231,1,9,68,78,1.141025641025641,0.04366020435906115,626,"I'll be late, boss, breaking in a Bronco right now."
2733,4231,1,9,68,78,1.141025641025641,0.04366020435906115,626,"My therapist suggested I ""buck up""."
2671,4231,0,11,67,78,1.141025641025641,0.039663750600197265,626,I think we are ready for the Olympics now.
2958,4231,2,7,69,78,1.141025641025641,0.047320331546548945,626,"Pack your bags and sell the house, honey! I finally figured out how to get the big bucks!"
2655,4231,1,9,68,78,1.141025641025641,0.04366020435906115,626,That’s what you get for not listening to me the first time.
3128,4231,2,7,69,78,1.141025641025641,0.047320331546548945,626,I'm landing right now.  I'll  text as soon as I've got my saddle bag.
3272,4231,1,9,68,78,1.141025641025641,0.04366020435906115,626,You know I will be the laughing stock of the company if I do that.
3284,4231,2,7,69,78,1.141025641025641,0.047320331546548945,626,"Sorry, bad connection."""
3370,4231,0,11,67,78,1.141025641025641,0.039663750600197265,626,"So I told the class, ""There's no such thing as a stupid equestrian!"""
3462,4231,1,9,68,78,1.141025641025641,0.04366020435906115,626,He's mad I gave up the landline
2763,4231,1,9,68,78,1.141025641025641,0.04366020435906115,626,"Hold on a second, I have another fall coming."
4229,4231,3,5,70,78,1.141025641025641,0.05071700021369214,626,"Hi honey, having a great, OH HORSEY...GIMME A BREAK...!"
4902,4231,1,9,68,78,1.141025641025641,0.04366020435906115,626,"Well, if they made horse costumes in men's XS, maybe I wouldn't keep falling out of them."
4289,4231,0,11,67,78,1.141025641025641,0.039663750600197265,626,I'm loving my new flip phone!
5375,4231,3,5,70,78,1.141025641025641,0.05071700021369214,626,Honestly? This is my first time at the rodeo.
5420,4231,1,9,68,78,1.141025641025641,0.04366020435906115,626,Hold on Buckeroo..
5441,4231,2,7,69,78,1.141025641025641,0.047320331546548945,626,don’t you dare say i told you so!
5479,4231,1,9,68,78,1.141025641025641,0.04366020435906115,626,"OK, I took you off speakerphone."
5515,4231,1,9,68,78,1.141025641025641,0.04366020435906115,626,"Why yes, I AM interested in saving money on my monthly home energy bill"
5526,4231,3,5,70,78,1.141025641025641,0.05071700021369214,626,Apparently they are both bullish.
5562,4231,1,9,68,78,1.141025641025641,0.04366020435906115,626,Buck wild!
2583,4231,0,11,67,78,1.141025641025641,0.039663750600197265,626,I finally got some reception!
5584,4231,0,11,67,78,1.141025641025641,0.039663750600197265,626,So this is how it feels to chew 5 Gum!
5260,4231,2,7,69,78,1.141025641025641,0.047320331546548945,626,"Don't worry so much, with the market flying this high, what could possibly go wrong?"
5591,4231,3,5,70,78,1.141025641025641,0.05071700021369214,626,"Honey, You want me to pick up topsoil?"
5658,4231,0,11,67,78,1.141025641025641,0.039663750600197265,626,Uber? This ride is a little too rough. Two stars.
5659,4231,2,7,69,78,1.141025641025641,0.047320331546548945,626,"Larry, I’m Bullish on Livestock. Buy, buy, BUY!"
5674,4231,0,11,67,78,1.141025641025641,0.039663750600197265,626,Too scared to jump? Let's toss for it.
5685,4231,1,9,68,78,1.141025641025641,0.04366020435906115,626,Just horsing around and around and around...and you?
5729,4231,2,7,69,78,1.141025641025641,0.047320331546548945,626,HOLD ON WHILE I TAKE THIS CALL.
5741,4231,0,11,67,78,1.141025641025641,0.039663750600197265,626,I'll tame you later !
5758,4231,2,7,69,78,1.141025641025641,0.047320331546548945,626,I'm taking a texting aversion program. It's going w....
5790,4231,1,9,68,78,1.141025641025641,0.04366020435906115,626,I am the stable's genius not that ass' hat!!
5824,4231,3,5,70,78,1.141025641025641,0.05071700021369214,626,I’m OK. Just hangin’!
5602,4231,1,9,68,78,1.141025641025641,0.04366020435906115,626,Darn!  I thought those ballet lessons would help my balance !
5185,4231,1,9,68,78,1.141025641025641,0.04366020435906115,626,"Animal rights is one thing, but this is something else."
5175,4231,1,9,68,78,1.141025641025641,0.04366020435906115,626,"That's amazing! Just a sec, I think I'm coming upon a dead zone."
5156,4231,3,5,70,78,1.141025641025641,0.05071700021369214,626,"Gee, it was just a joke!"
4320,4231,1,9,68,78,1.141025641025641,0.04366020435906115,626,and then I said... hold on I have to deal with this horse
4322,4231,2,7,69,78,1.141025641025641,0.047320331546548945,626,Hands free means hands free!
4324,4231,2,7,69,78,1.141025641025641,0.047320331546548945,626,"Hey, lemme get buck to you."
4329,4231,2,7,69,78,1.141025641025641,0.047320331546548945,626,yeah i took the day off
4346,4231,3,5,70,78,1.141025641025641,0.05071700021369214,626,"So I told him, ""No way man, I'm fiscally conservative but I'm socially liberal!"""
4353,4231,3,5,70,78,1.141025641025641,0.05071700021369214,626,Buck 'em if they can't take a joke.
4365,4231,1,9,68,78,1.141025641025641,0.04366020435906115,626,"Oh, yeah! Everything's great here!"
4383,4231,2,7,69,78,1.141025641025641,0.047320331546548945,626,Of coarse Rusty loves me.
4437,4231,3,5,70,78,1.141025641025641,0.05071700021369214,626,This is a major departure from the dude ranch brochure.
4626,4231,2,7,69,78,1.141025641025641,0.047320331546548945,626,At least it's easier than riding this economy!
4630,4231,2,7,69,78,1.141025641025641,0.047320331546548945,626,Can we put a pin in that?
4641,4231,2,7,69,78,1.141025641025641,0.047320331546548945,626,It was at this moment that Thunder began to feel that the glue factory was sounding better and better all the time.
4718,4231,2,7,69,78,1.141025641025641,0.047320331546548945,626,"I wanted help, not yelp1"
4838,4231,0,11,67,78,1.141025641025641,0.039663750600197265,626,"No, I’m not breaking the bourse."
4861,4231,1,9,68,78,1.141025641025641,0.04366020435906115,626,Johnny’s instructor steered him the wrong way
4926,4231,1,9,68,78,1.141025641025641,0.04366020435906115,626,I just keep dropping.
4944,4231,0,11,67,78,1.141025641025641,0.039663750600197265,626,Ha--you don't expect me to fall for that!
4951,4231,1,9,68,78,1.141025641025641,0.04366020435906115,626,"Yeah, it’s called texting while bucking."
4975,4231,0,11,67,78,1.141025641025641,0.039663750600197265,626,"Hold on a sec, I need to 'gram something."
5045,4231,1,9,68,78,1.141025641025641,0.04366020435906115,626,"Well, he can cross this one off his buck-it list."
5149,4231,2,7,69,78,1.141025641025641,0.047320331546548945,626,Phony cowboy
4263,4231,2,7,69,78,1.141025641025641,0.047320331546548945,626,It seems like neither of us was ready for this relationship.
2566,4231,0,11,67,78,1.141025641025641,0.039663750600197265,626,"Ah, can you hold on a minute?"
4343,4231,1,9,68,78,1.141025641025641,0.04366020435906115,626,I really don't like that tie.
2545,4231,2,7,69,78,1.141025641025641,0.047320331546548945,626,Not a Ford Bronco!  A bucking one!
869,4231,1,9,68,78,1.141025641025641,0.04366020435906115,626,Wow! Those salsa lessons are really paying off.
884,4231,1,9,68,78,1.141025641025641,0.04366020435906115,626,It's ok! My bucket list is complete.
894,4231,2,7,69,78,1.141025641025641,0.047320331546548945,626,I'm in the process of changing carriers and so far it has not been too smooth.
901,4231,1,9,68,78,1.141025641025641,0.04366020435906115,626,"Yes honey, I do have some breaking news. But no, I'm not in the Bronx."
916,4231,1,9,68,78,1.141025641025641,0.04366020435906115,626,"No, no.  I said, 'bucking.'"
1014,4231,0,11,67,78,1.141025641025641,0.039663750600197265,626,I can't text right now so I thought I'd call!
1061,4231,1,9,68,78,1.141025641025641,0.04366020435906115,626,Ah! The Carioca.
1068,4231,1,9,68,78,1.141025641025641,0.04366020435906115,626,Hang on - I'll faceplant you!
1105,4231,1,9,68,78,1.141025641025641,0.04366020435906115,626,"Oh, not up to much! Just kickin' back."
1118,4231,1,9,68,78,1.141025641025641,0.04366020435906115,626,YUPPIE YA YEAH
1138,4231,3,5,70,78,1.141025641025641,0.05071700021369214,626,"That feels good, lets do it again!"
1168,4231,0,11,67,78,1.141025641025641,0.039663750600197265,626,only a republican would try skydiving with a horse instead of a parachute
1242,4231,1,9,68,78,1.141025641025641,0.04366020435906115,626,Stan looked forward to the office Rodeo Daze every year.
1283,4231,0,11,67,78,1.141025641025641,0.039663750600197265,626,"It is confirmed, you are truly off your rockers?"
1354,4231,2,7,69,78,1.141025641025641,0.047320331546548945,626,"Yes, it’s much than being on Trump’s staff!"
1451,4231,1,9,68,78,1.141025641025641,0.04366020435906115,626,"Jitterbuckaroo, whooo..."
1459,4231,1,9,68,78,1.141025641025641,0.04366020435906115,626,"Honey, I might be late for dinner. This horse is a bit feisty."
860,4231,1,9,68,78,1.141025641025641,0.04366020435906115,626,Oh...just lovin this 'ol flip-phone!
1492,4231,1,9,68,78,1.141025641025641,0.04366020435906115,626,How’d O.J. Last so long?
825,4231,0,11,67,78,1.141025641025641,0.039663750600197265,626,A wise man once said: do your mobile on a non mobile platform
800,4231,2,7,69,78,1.141025641025641,0.047320331546548945,626,"Hey, bucko!"
22,4231,1,9,68,78,1.141025641025641,0.04366020435906115,626,And I thought the trade wars hurt.
85,4231,2,7,69,78,1.141025641025641,0.047320331546548945,626,I'm just going along for the ride.
90,4231,2,7,69,78,1.141025641025641,0.047320331546548945,626,"Sorry, I'll go on mute."
112,4231,1,9,68,78,1.141025641025641,0.04366020435906115,626,"Back in the Saddle, Never have had so much Fun, I really missed it."
177,4231,1,9,68,78,1.141025641025641,0.04366020435906115,626,"It's called ""Dancing with the Spurs"""
245,4231,0,11,67,78,1.141025641025641,0.039663750600197265,626,You sound distracted.
330,4231,1,9,68,78,1.141025641025641,0.04366020435906115,626,Trump to his Soul: I told you don't leave me loose.
439,4231,2,7,69,78,1.141025641025641,0.047320331546548945,626,You only paid for three minutes.
440,4231,2,7,69,78,1.141025641025641,0.047320331546548945,626,"Yes honey, I'm on my way home right now."
454,4231,2,7,69,78,1.141025641025641,0.047320331546548945,626,"Such an ass, said the ass."
469,4231,0,11,67,78,1.141025641025641,0.039663750600197265,626,"""There's no more fun than to stirrup a good time with you."""
506,4231,0,11,67,78,1.141025641025641,0.039663750600197265,626,It's all in how you land
538,4231,1,9,68,78,1.141025641025641,0.04366020435906115,626,"Oh-oh, you're breaking up."
581,4231,1,9,68,78,1.141025641025641,0.04366020435906115,626,"lol! . . . hold on, I have another call coming in."
595,4231,2,7,69,78,1.141025641025641,0.047320331546548945,626,"Hold your horses there, cowboy. Don’t you trust me to handle your account?"
703,4231,1,9,68,78,1.141025641025641,0.04366020435906115,626,You were right the Dude Ranch gives a whole new perspective on life
785,4231,2,7,69,78,1.141025641025641,0.047320331546548945,626,"It's the latest stress reliever.  The video is hot, so when I die in a second, be sure it's trending on Twitter."
808,4231,2,7,69,78,1.141025641025641,0.047320331546548945,626,Ok so we didn’t make Dancing with the Stars.
1513,4231,2,7,69,78,1.141025641025641,0.047320331546548945,626,Kourtney from marketing told me to 'like literally buck the trend man'
238,4231,1,9,68,78,1.141025641025641,0.04366020435906115,626,Don't you just love the new marijuana laws?
1663,4231,2,7,69,78,1.141025641025641,0.047320331546548945,626,I'm checking the specs on our new fertilizer factory!
2094,4231,1,9,68,78,1.141025641025641,0.04366020435906115,626,I'll call you back in a minute.
2166,4231,1,9,68,78,1.141025641025641,0.04366020435906115,626,"Hang on, I think I lost you."
2185,4231,1,9,68,78,1.141025641025641,0.04366020435906115,626,I told you to buy a Bluetooth.
2200,4231,2,7,69,78,1.141025641025641,0.047320331546548945,626,"Standing desks? They're okay, I guess."
2205,4231,1,9,68,78,1.141025641025641,0.04366020435906115,626,Hands free!
1614,4231,1,9,68,78,1.141025641025641,0.04366020435906115,626,"Trigger and I are so like totally high we haven't touched ground for nearly an hour, let alone getting to Denver."
2271,4231,2,7,69,78,1.141025641025641,0.047320331546548945,626,This phone costs a couple more bucks than I thought.
2296,4231,1,9,68,78,1.141025641025641,0.04366020435906115,626,"Honey, call our attorney. I think I just fell into one hell of a lawsuit!"
2320,4231,2,7,69,78,1.141025641025641,0.047320331546548945,626,"Yeah, you told me that riding ol' Donny might be crazy. But actually things are looking up."
2329,4231,1,9,68,78,1.141025641025641,0.04366020435906115,626,"Sorry, Ol’Uber is surging again."
2338,4231,2,7,69,78,1.141025641025641,0.047320331546548945,626,This new Wall Street training program is a blaaaaaast!
2381,4231,2,7,69,78,1.141025641025641,0.047320331546548945,626,"Whoa,damn it,I said whoa!"
2434,4231,0,11,67,78,1.141025641025641,0.039663750600197265,626,I've just lost my connection...
2467,4231,3,5,70,78,1.141025641025641,0.05071700021369214,626,"Believe me, this ride has Justified."
2563,4231,2,7,69,78,1.141025641025641,0.047320331546548945,626,"It's hand's free, so nothing can go wrong."
2487,4231,0,11,67,78,1.141025641025641,0.039663750600197265,626,"Steady, Big Fella"
2501,4231,2,7,69,78,1.141025641025641,0.047320331546548945,626,"Whoa, Nellie!  #MeToo for horses"
2083,4231,0,11,67,78,1.141025641025641,0.039663750600197265,626,Guess these new fanged cell phones are a real burr under her saddle.
2049,4231,1,9,68,78,1.141025641025641,0.04366020435906115,626,Jesus...I forgot my saddle!!!
2216,4231,1,9,68,78,1.141025641025641,0.04366020435906115,626,"Hey, I'm at this new dude ranch they just opened way uptown called The Bronc's!"
1962,4231,1,9,68,78,1.141025641025641,0.04366020435906115,626,Just another day in the artificial intelligence office!
1690,4231,0,11,67,78,1.141025641025641,0.039663750600197265,626,"Barry, I'm telling you, drop the foundation, leave DC, and retire to Texas. I have a paintbrush with your name on it."
2017,4231,1,9,68,78,1.141025641025641,0.04366020435906115,626,Uh oh!   It’s going to be ground zero...
1706,4231,0,11,67,78,1.141025641025641,0.039663750600197265,626,I'll Be A Little Late For Our Meeting
1718,4231,2,7,69,78,1.141025641025641,0.047320331546548945,626,"Ah, if it were only that easy to get rid of Trump."
1742,4231,1,9,68,78,1.141025641025641,0.04366020435906115,626,"You won't believe what I'm doing right now, and it's no bull."
1770,4231,0,11,67,78,1.141025641025641,0.039663750600197265,626,Again! Again!
1784,4231,0,11,67,78,1.141025641025641,0.039663750600197265,626,Here at Bron Co. we do have our ups and downs.
1790,4231,4,3,71,78,1.141025641025641,0.05390004122146829,626,"Here, we have Formal Fridays."
1810,4231,0,11,67,78,1.141025641025641,0.039663750600197265,626,"Why d'you call him ""Uncle Buck?"" There's no resemblance to John Candy whatso--yiiii!!"
1702,4231,0,11,67,78,1.141025641025641,0.039663750600197265,626,I think I finally figured out how to livestream my videos!
1819,4231,1,9,68,78,1.141025641025641,0.04366020435906115,626,"Hold on a sec, can I call you back after I come out of my coma?"
1826,4231,2,7,69,78,1.141025641025641,0.047320331546548945,626,I may have to hang up now...
1887,4231,0,11,67,78,1.141025641025641,0.039663750600197265,626,"Buck is my name, not a verb!"
1899,4231,1,9,68,78,1.141025641025641,0.04366020435906115,626,Hey! This call only cost a buck!
1924,4231,3,5,70,78,1.141025641025641,0.05071700021369214,626,dying is fun
1932,4231,1,9,68,78,1.141025641025641,0.04366020435906115,626,Everything is fine Mom. I'm at a motivational sales meeting this weekend.
1945,4231,2,7,69,78,1.141025641025641,0.047320331546548945,626,"Afterward, can we go into the stall and eat hay?"
1813,4231,1,9,68,78,1.141025641025641,0.04366020435906115,626,"Look, I am no Gene Autry, and you are not a bull."
929,4409,3,5,71,79,1.139240506329114,0.050102709228008094,626,I'm on so many painkillers right noooooow!
1290,4409,2,7,70,79,1.139240506329114,0.046751593846233924,626,What's that? The cell service is really bad here in my mid-life crisis.
1336,4409,3,5,71,79,1.139240506329114,0.050102709228008094,626,"Oh no, I misunderstood the meaning of hands-free cell phone use."
1563,4409,2,7,70,79,1.139240506329114,0.046751593846233924,626,I'm going to be late today. Traffic is miserable.
1623,4409,0,11,68,79,1.139240506329114,0.03919912801985522,626,This call is about to get dropped!
1745,4409,1,9,69,79,1.139240506329114,0.04314095017892059,626,I'm quit my job because I'm de-ranged !
1918,4409,1,9,69,79,1.139240506329114,0.04314095017892059,626,Maybe it's the tie.
2065,4409,1,9,69,79,1.139240506329114,0.04314095017892059,626,I'm roaming!
2772,4409,1,9,69,79,1.139240506329114,0.04314095017892059,626,"Must have been the sushi I ate"""
2404,4409,1,9,69,79,1.139240506329114,0.04314095017892059,626,"Honey, I have great news! Our insurance covers equestrian related injuries!"
2445,4409,2,7,70,79,1.139240506329114,0.046751593846233924,626,Wait a minute!
3585,4409,1,9,69,79,1.139240506329114,0.04314095017892059,626,There’s gotta be a better way to buck this cell phone addiction.”
3850,4409,1,9,69,79,1.139240506329114,0.04314095017892059,626,"Save a horse, ride a cowboy"
4821,4409,1,9,69,79,1.139240506329114,0.04314095017892059,626,Is my disability insurance up to date?
5388,4409,3,5,71,79,1.139240506329114,0.050102709228008094,626,"Boy, the things I do to beat out virtual reality these days."
4984,4409,2,7,70,79,1.139240506329114,0.046751593846233924,626,No I didn't tell you you to 'buck off.'
2201,4409,3,5,71,79,1.139240506329114,0.050102709228008094,626,Time to hang up!
577,4409,2,7,70,79,1.139240506329114,0.046751593846233924,626,WOW-Quite the Ride!
142,4409,1,9,69,79,1.139240506329114,0.04314095017892059,626,I lost you. I'm in a tumble.
181,4409,3,5,71,79,1.139240506329114,0.050102709228008094,626,I'm through chasing the buck!
4709,4429,0,11,69,80,1.1375,0.03874515077865563,626,Hold on a sec!  Bad reception!
5630,4429,0,11,69,80,1.1375,0.03874515077865563,626,There's no requirement for hands free!
3062,4429,4,3,73,80,1.1375,0.05260237155937825,626,"Sorry man, I forgot my phone"
2822,4429,2,7,71,80,1.1375,0.04619629964906088,626,Not in the mood for your cell phone antics.
2118,4429,2,7,71,80,1.1375,0.04619629964906088,626,No wonder they call it a dude ranch! I paid how much to do THIS!? Duuude
1750,4429,1,9,70,80,1.1375,0.042633817622437835,626,I think I must be on the wrong Rodeo Drive.
1692,4429,2,7,71,80,1.1375,0.04619629964906088,626,I hate when he talks to his wiife.
972,4429,2,7,71,80,1.1375,0.04619629964906088,626,Aaaaaaahhhhhhhh!!!!
938,4429,2,7,71,80,1.1375,0.04619629964906088,626,Just horsing around. You?
764,4429,1,9,70,80,1.1375,0.042633817622437835,626,It's called dropping the Mike.
128,4429,2,7,71,80,1.1375,0.04619629964906088,626,Intern program at Elmer's
1178,4440,0,10,63,73,1.1369863013698631,0.04052109440479188,626,This is certainly easier than corporate America.
3200,4441,1,9,71,81,1.1358024691358024,0.0421383905330272,626,"Oh Killer, I just Love your sense of humor!!"
2679,4441,2,7,72,81,1.1358024691358024,0.04565398046197679,626,"Whew, what a ride!"
1457,4441,2,7,72,81,1.1358024691358024,0.04565398046197679,626,Bad day at the office
1481,4444,3,5,74,82,1.1341463414634145,0.04834569857699533,626,Merry go-round.
4349,4444,2,7,73,82,1.1341463414634145,0.045124189174381345,626,"No, my bad.  Doc Hughes warned me riding bareback was dangerous."
3434,4446,2,6,67,75,1.1333333333333333,0.047773238138965245,626,I'm jockeying for a better position.
2531,4446,1,8,66,75,1.1333333333333333,0.043839729948095284,626,I knew I could do it as soon as I saw the necktie!
2637,4446,2,6,67,75,1.1333333333333333,0.047773238138965245,626,"Honey, I just had an epiphany: my true life's calling is to go into a coma"
2656,4446,1,8,66,75,1.1333333333333333,0.043839729948095284,626,"Thankfully, the spine breaking business is for insured people."
2691,4446,1,8,66,75,1.1333333333333333,0.043839729948095284,626,And it runs without batteries!
2790,4446,1,8,66,75,1.1333333333333333,0.043839729948095284,626,Just found out what they mean about trying to walk and chew gum at the same time!
2829,4446,0,10,65,75,1.1333333333333333,0.039516598557587955,626,"It's been fun, now the buck stops here, in the dirt."
3021,4446,1,8,66,75,1.1333333333333333,0.043839729948095284,626,My horse hates spammmm...
3049,4446,0,10,65,75,1.1333333333333333,0.039516598557587955,626,This is fun for some reason!
3225,4446,2,6,67,75,1.1333333333333333,0.047773238138965245,626,Say again-the buckground  ruckus  is awful!
3396,4446,0,10,65,75,1.1333333333333333,0.039516598557587955,626,So I should let you go.
3698,4446,2,6,67,75,1.1333333333333333,0.047773238138965245,626,I'm back. I think the call got dropped.
3607,4446,0,10,65,75,1.1333333333333333,0.039516598557587955,626,"They really are magnificent creatures. Listen, I'm gonna have to let you go in a minute."
3533,4446,2,6,67,75,1.1333333333333333,0.047773238138965245,626,"Sorry,Somethings come up and I won't be in today!"
3512,4446,2,6,67,75,1.1333333333333333,0.047773238138965245,626,"Hey dude, I've found a really authentic dude ranch."
3432,4446,1,8,66,75,1.1333333333333333,0.043839729948095284,626,"Hi, me again. I think I'm going need that ride after all."
3788,4446,0,10,65,75,1.1333333333333333,0.039516598557587955,626,"If I land on two feet, we’ll be ready for the big time."
4066,4446,1,8,66,75,1.1333333333333333,0.043839729948095284,626,"At the moment, I'm still kind of up in the air."
3895,4446,2,6,67,75,1.1333333333333333,0.047773238138965245,626,Me?! I don’t give a buck!
4067,4446,1,8,66,75,1.1333333333333333,0.043839729948095284,626,"Howdy, limited partner!"
4104,4446,1,8,66,75,1.1333333333333333,0.043839729948095284,626,"Home, home on the range."
4196,4446,0,10,65,75,1.1333333333333333,0.039516598557587955,626,"Do me a favor, when the line does dead, please call 911 and have them track the GPS on my phone to find me...I'm heading into a short flight!!"
4272,4446,2,6,67,75,1.1333333333333333,0.047773238138965245,626,"So you don't like playing ""Johnny-on-the-pony""?"
4325,4446,1,8,66,75,1.1333333333333333,0.043839729948095284,626,The reception is doubly poor.
4366,4446,1,8,66,75,1.1333333333333333,0.043839729948095284,626,This unplugging retreat is awesome!
4575,4446,0,10,65,75,1.1333333333333333,0.039516598557587955,626,Now watch this move.....oops my bad.
3856,4446,0,10,65,75,1.1333333333333333,0.039516598557587955,626,I need to reboot the self-driving software.
4632,4446,2,6,67,75,1.1333333333333333,0.047773238138965245,626,Do you think Reminghton can do us justice?”
4888,4446,2,6,67,75,1.1333333333333333,0.047773238138965245,626,"Whoopsie, Daisy!!"
4968,4446,3,4,68,75,1.1333333333333333,0.051406640063737324,626,Dancing with the Stars has really jumped the shark
4994,4446,0,10,65,75,1.1333333333333333,0.039516598557587955,626,"Honey, I'm thinking about quitting my desk job!"
5556,4446,2,6,67,75,1.1333333333333333,0.047773238138965245,626,‘ ‘No jumps’ means no jumps!
5605,4446,2,6,67,75,1.1333333333333333,0.047773238138965245,626,"You're right, Deb. ""Dancing with the Rodeo Stars"" might work!"
2491,4446,1,8,66,75,1.1333333333333333,0.043839729948095284,626,"Ride'em, cowboy!"
4043,4446,0,10,65,75,1.1333333333333333,0.039516598557587955,626,Good thing no one dies in Westworld.
4668,4446,0,10,65,75,1.1333333333333333,0.039516598557587955,626,"Funny you should say ""buck-a-roo""."
2468,4446,1,8,66,75,1.1333333333333333,0.043839729948095284,626,"I'm definitely interested, Bill; it's just that I'm kinda broke right now!"
4988,4446,1,8,66,75,1.1333333333333333,0.043839729948095284,626,"While the lumbar support is less than ideal, my new office chair allows for me to take calls on the fly."
2260,4446,0,10,65,75,1.1333333333333333,0.039516598557587955,626,Damn American cars!
3,4446,1,8,66,75,1.1333333333333333,0.043839729948095284,626,"Melanie, I really am head-over-heels in love with you."
115,4446,2,6,67,75,1.1333333333333333,0.047773238138965245,626,Do The Hustle!
176,4446,0,10,65,75,1.1333333333333333,0.039516598557587955,626,Think we bit off more than we could chew?
267,4446,1,8,66,75,1.1333333333333333,0.043839729948095284,626,My therapist says this is just what I neeeeeeeeed….
321,4446,0,10,65,75,1.1333333333333333,0.039516598557587955,626,"We're Pregnant?
No, honest. 
I'm Head over Heels!"
414,4446,1,8,66,75,1.1333333333333333,0.043839729948095284,626,I'm head over heels about my new data plan.
754,4446,1,8,66,75,1.1333333333333333,0.043839729948095284,626,Going my way?
784,4446,0,10,65,75,1.1333333333333333,0.039516598557587955,626,"It's just a house fly, not a horse fly!"
949,4446,2,6,67,75,1.1333333333333333,0.047773238138965245,626,"There, try to fly!"
360,4446,1,8,66,75,1.1333333333333333,0.043839729948095284,626,"…Yes I am earning my frequent flyer miles. No honey, I promise…I’m absolutely not horsing around"
1172,4446,1,8,66,75,1.1333333333333333,0.043839729948095284,626,I found an amazing swing dance teacher!
1114,4446,3,4,68,75,1.1333333333333333,0.051406640063737324,626,Emergency session for policy change...we squeezed them too tight this time.
2091,4446,1,8,66,75,1.1333333333333333,0.043839729948095284,626,You told me to go for broke
1789,4446,1,8,66,75,1.1333333333333333,0.043839729948095284,626,"I'm having a blast.  Just this morning I got branded, for lunch we're having grasshoppers, this afternoon I'm going to walk barefoot over hot coals and then tonight we're gonna stick needles in our eyes !"
1698,4446,2,6,67,75,1.1333333333333333,0.047773238138965245,626,"Wow, highest Poll Numbers in the history of the Republican Party. That includes Honest Abe Lincoln and Ronald Reagan. There must be something wrong, please recheck that poll!"
2229,4446,0,10,65,75,1.1333333333333333,0.039516598557587955,626,"Just what the doctor ordered, really."
1386,4446,1,8,66,75,1.1333333333333333,0.043839729948095284,626,He bucked me when I offered him the fruit - not the stock.
1222,4446,1,8,66,75,1.1333333333333333,0.043839729948095284,626,Was it good for you?
1208,4446,2,6,67,75,1.1333333333333333,0.047773238138965245,626,"No, I'm not doing anything."
1413,4446,2,6,67,75,1.1333333333333333,0.047773238138965245,626,I said stage LEFT!
2308,4446,2,6,67,75,1.1333333333333333,0.047773238138965245,626,"Can I call you back, this conversation has thrown me off."
798,4506,3,5,75,83,1.1325301204819278,0.047787007657898936,626,"I said, Whoa!”"
5496,4507,2,6,68,76,1.131578947368421,0.04717308652543423,626,Horse: I said to turn off all electronic devices while on the bucking bronco express!
4214,4507,2,6,68,76,1.131578947368421,0.04717308652543423,626,This'll make a great online video.
3999,4507,0,10,66,76,1.131578947368421,0.03903262361629298,626,"Sorry, Mum, G-2-G now..."
3559,4507,1,8,67,76,1.131578947368421,0.043294605892116034,626,"No. I'm not busy, what are you up to?"
3080,4507,3,4,69,76,1.131578947368421,0.05075605663680504,626,I still can't believe it's not butter!
1714,4507,1,8,67,76,1.131578947368421,0.043294605892116034,626,"Flying High, into the wild blue yonder, Flying high!"
1140,4507,1,8,67,76,1.131578947368421,0.043294605892116034,626,I’m in mid-flight over Reno. Can we chat after I land?
166,4507,1,8,67,76,1.131578947368421,0.043294605892116034,626,Man: (Into phone) I have just been thrown from a horse and am unaccountably happy about it.
458,4507,1,8,67,76,1.131578947368421,0.043294605892116034,626,It’s been a wild ride!
5366,4516,0,10,67,77,1.12987012987013,0.03856025347250398,626,"Dude, I caught air!"
5243,4516,0,10,67,77,1.12987012987013,0.03856025347250398,626,Can you hear me now? I was on mule for a second.
1016,4516,2,6,69,77,1.12987012987013,0.04658776821420219,626,What's going on? Nothing much!
802,4516,0,10,67,77,1.12987012987013,0.03856025347250398,626,And that’s when he asked me to get off my high horse! So I’m doing that right now.
5325,4520,0,9,61,70,1.1285714285714286,0.04029615300200892,626,But you said you would take a bullet for me
2042,4521,0,10,68,78,1.1282051282051282,0.038099080213023176,626,DWTS Rodeo magic
5427,4522,0,10,69,79,1.1265822784810127,0.03764871456510459,626,I love it when you play hard to get
2929,4523,2,5,65,72,1.125,0.048197153144195225,626,She swipped right!
3435,4523,0,9,63,72,1.125,0.039249114101422455,626,"Yes, I’m head over heels in love with a fiesty country lass."
3452,4523,1,7,64,72,1.125,0.043951442120546434,626,This mindfulness Horse Therapy really works!
3499,4523,0,9,63,72,1.125,0.039249114101422455,626,"I'm gunna be Instagram famous, my life is truly complete!"
3556,4523,3,3,66,72,1.125,0.05209800262902861,626,"Hey,  send an ambulance right away."
3677,4523,1,7,64,72,1.125,0.043951442120546434,626,"OK, gotta go. Thanks for bucking me up!"
3736,4523,1,7,64,72,1.125,0.043951442120546434,626,"Hello, 911,...emergency!"
3813,4523,2,5,65,72,1.125,0.048197153144195225,626,Hey! I just learnt the secret of flying.
3860,4523,1,7,64,72,1.125,0.043951442120546434,626,"Hi honey, don't worry I'm just bucking off now."
3885,4523,0,9,63,72,1.125,0.039249114101422455,626,"I’m trying out a new app, so the reception might be bad."
3891,4523,2,5,65,72,1.125,0.048197153144195225,626,What’s a couple o’ bucks
3894,4523,1,7,64,72,1.125,0.043951442120546434,626,"Charlie, I got some stock for you that'll set you flying!"
3977,4523,1,7,64,72,1.125,0.043951442120546434,626,"Enough with the ""Long Face"" jokes already!"
3997,4523,1,7,64,72,1.125,0.043951442120546434,626,OK!  We're ready for America's Got Talent!
4003,4523,2,5,65,72,1.125,0.048197153144195225,626,"Oh well, at least I won’t have to read Andy Borowitz anymore."
4028,4523,1,7,64,72,1.125,0.043951442120546434,626,"No, bro, no, I'm on a horse."
4068,4523,1,7,64,72,1.125,0.043951442120546434,626,"The truth is, Capitalism and Democracy are two systems that are fundamentally opposed to each other."
4074,4523,3,3,66,72,1.125,0.05209800262902861,626,I thought you said this was a bull market
3431,4523,3,3,66,72,1.125,0.05209800262902861,626,I hope you're having as much fun as I am.
3362,4523,0,9,63,72,1.125,0.039249114101422455,626,"No calls,no text,no ride."
3250,4523,0,9,63,72,1.125,0.039249114101422455,626,This will be the ultimate selfie!
3270,4523,1,7,64,72,1.125,0.043951442120546434,626,Well we must have different understandings of what it means to bet 'a buck.'
2855,4523,0,9,63,72,1.125,0.039249114101422455,626,"Dude, I’m the Dude!"
2983,4523,1,7,64,72,1.125,0.043951442120546434,626,"Just getting the kick in the pants I need, mom!"
2984,4523,0,9,63,72,1.125,0.039249114101422455,626,Can you repeat that? I'm bucking traffic.
2998,4523,0,9,63,72,1.125,0.039249114101422455,626,"Yahooo! Now that I’ve bucked convention, I can corner the market!"
2787,4523,1,7,64,72,1.125,0.043951442120546434,626,Great! I have Lone Star reception!
2765,4523,1,7,64,72,1.125,0.043951442120546434,626,So much for gentrification
4127,4523,1,7,64,72,1.125,0.043951442120546434,626,"That's right, I am use to horsing around."
2726,4523,1,7,64,72,1.125,0.043951442120546434,626,"Rider : No, Buy and Sell!Rider : No, Buy and Sell! 
Broker : What, I can't hear you? 
Rider : It's a hoarse market!"
3310,4523,0,9,63,72,1.125,0.039249114101422455,626,Yeah!  So glad I decided to unplug.
2689,4523,2,5,65,72,1.125,0.048197153144195225,626,But I use my legs to steer.
2683,4523,0,9,63,72,1.125,0.039249114101422455,626,Get this!  They said I gotta talk hands-free for broncobusting!
2657,4523,0,9,63,72,1.125,0.039249114101422455,626,Your sister bucks harder
2648,4523,1,7,64,72,1.125,0.043951442120546434,626,"Sorry, gotta go.  This is my first rodeo and I wanna hit the ground running!"
2642,4523,2,5,65,72,1.125,0.048197153144195225,626,"When I want a kick, I'll ask for champagne!"
3035,4523,1,7,64,72,1.125,0.043951442120546434,626,I'm not in a position where you can hear it from the horse's mouth.
3042,4523,2,5,65,72,1.125,0.048197153144195225,626,I'm doing the same thing and expecting the same results!
2862,4523,2,5,65,72,1.125,0.048197153144195225,626,Who looks like a donkey now?
3251,4523,0,9,63,72,1.125,0.039249114101422455,626,"Oh, I'll be fine. I've got a bale-out on the way!"
2686,4523,0,9,63,72,1.125,0.039249114101422455,626,So they banned Uber out here....
4199,4523,1,7,64,72,1.125,0.043951442120546434,626,*ucking bronco!
4797,4523,2,5,65,72,1.125,0.048197153144195225,626,Fortunately this is not a hands free state.
4367,4523,2,5,65,72,1.125,0.048197153144195225,626,Don't be kicked by anyone so stop using mobile
5186,4523,0,9,63,72,1.125,0.039249114101422455,626,This actually is my first rodeo!
5231,4523,1,7,64,72,1.125,0.043951442120546434,626,"I know, it’s pretty incredible. I can say 250 characters worth of words before I hit the ground."
5235,4523,2,5,65,72,1.125,0.048197153144195225,626,I have just found the supreme method of making a fast buck!
5242,4523,1,7,64,72,1.125,0.043951442120546434,626,I like the honesty. Not ‘O.K.’ ‘Just O.K.’ I like that.
5312,4523,1,7,64,72,1.125,0.043951442120546434,626,"Golly Geepers, It's the ride of my Life!"
5369,4523,1,7,64,72,1.125,0.043951442120546434,626,Hi all. Wild Bill in Cheyenne. I'm on.
5470,4523,0,9,63,72,1.125,0.039249114101422455,626,"Hurt by a horse, calling my lawyer of course."
5484,4523,1,7,64,72,1.125,0.043951442120546434,626,Call you back in five....
5547,4523,1,7,64,72,1.125,0.043951442120546434,626,"Hey Scott, now the guys at the office will have to stop calling me a wimp!"
5565,4523,0,9,63,72,1.125,0.039249114101422455,626,Sorry I'm betwixt and between right now.  I'll  have to call you back.
5581,4523,2,5,65,72,1.125,0.048197153144195225,626,"Kiki, do y'all love me."
5593,4523,1,7,64,72,1.125,0.043951442120546434,626,I always have time for you.
5632,4523,2,5,65,72,1.125,0.048197153144195225,626,I can't tell you what a kick it's been to talk to you!
5638,4523,1,7,64,72,1.125,0.043951442120546434,626,The no cell phone feature is working.
5686,4523,1,7,64,72,1.125,0.043951442120546434,626,Have you tried the bronco app?
5732,4523,1,7,64,72,1.125,0.043951442120546434,626,"Hey Louise, I think I caught a ride to your house tonight."
5764,4523,1,7,64,72,1.125,0.043951442120546434,626,I knew I shouldn't have dressed casual today!
5795,4523,3,3,66,72,1.125,0.05209800262902861,626,"Yes, I'm sitting down."
5844,4523,1,7,64,72,1.125,0.043951442120546434,626,"Great news, Babe! I've finally conquered my fear of flying!"
5178,4523,1,7,64,72,1.125,0.043951442120546434,626,This Helium-Horse is fantastic! I’ve been floating for hours!
4248,4523,2,5,65,72,1.125,0.048197153144195225,626,What do you mean “Grab the bull by it’s horns”?
4971,4523,0,9,63,72,1.125,0.039249114101422455,626,That Elmer’s glue factory commercial idea isn’t going to work.
4901,4523,1,7,64,72,1.125,0.043951442120546434,626,"Bucking Andy Barr by
Kentucky ‘s finest"
4395,4523,2,5,65,72,1.125,0.048197153144195225,626,It's bucking awesome!
4400,4523,1,7,64,72,1.125,0.043951442120546434,626,this hands free riding takes some getting used to
4410,4523,0,9,63,72,1.125,0.039249114101422455,626,I'm now one step further from texting and driving.
4419,4523,0,9,63,72,1.125,0.039249114101422455,626,I guess I 'm really not suited for this type of work!
4483,4523,0,9,63,72,1.125,0.039249114101422455,626,That'll teach you to pay attention!
4486,4523,2,5,65,72,1.125,0.048197153144195225,626,"It was Verizon’s Idea. They told me to take my new phone out for a test ride.

Bryan Mattimore
Stamford, CT

Bmattimore@growth-Engine.com"
4490,4523,1,7,64,72,1.125,0.043951442120546434,626,Siri find me a soft place to land on my bum.
4495,4523,1,7,64,72,1.125,0.043951442120546434,626,"Honey, this Bull Market is a heck of a wild ride!!"
4508,4523,1,7,64,72,1.125,0.043951442120546434,626,Bluetooth doesn’t respond to voice commands
4527,4523,0,9,63,72,1.125,0.039249114101422455,626,Better than politics. Wheeeeee!
4545,4523,1,7,64,72,1.125,0.043951442120546434,626,"We may get cut off, I'm heading to a dead spot."
4620,4523,1,7,64,72,1.125,0.043951442120546434,626,"Hi honey, guess what? I finally figured out why they call my horse ""Hurricane Jaaaack"""
4640,4523,1,7,64,72,1.125,0.043951442120546434,626,There oughta be a law
4657,4523,2,5,65,72,1.125,0.048197153144195225,626,Hello...Is this Dancing With The Stars?
4722,4523,1,7,64,72,1.125,0.043951442120546434,626,"Honey, great news! I'm moving up at the office."
4731,4523,1,7,64,72,1.125,0.043951442120546434,626,I bet he can’t hear me now!
2638,4523,0,9,63,72,1.125,0.039249114101422455,626,"Figuratively speaking, can you pick me up? I'm literally landing this second."
4815,4523,1,7,64,72,1.125,0.043951442120546434,626,Isn't this fun?
4827,4523,1,7,64,72,1.125,0.043951442120546434,626,Now that's what I call passing the buck!
4943,4523,1,7,64,72,1.125,0.043951442120546434,626,The reception is better than advertised!
2635,4523,0,9,63,72,1.125,0.039249114101422455,626,"I was a little overdressed, but they said I should try to hit the ground running!"""
2040,4523,2,5,65,72,1.125,0.048197153144195225,626,If you can't give me your complete attention I want none of it!
2573,4523,0,9,63,72,1.125,0.039249114101422455,626,"Hey, Duffy, I found something much better than your bar's coin operated bull!"
614,4523,0,9,63,72,1.125,0.039249114101422455,626,"''Where have all the real men gone, long time passing.''"
617,4523,2,5,65,72,1.125,0.048197153144195225,626,"If you're getting on, I'm getting off!""
(- A. Lincoln)"
629,4523,1,7,64,72,1.125,0.043951442120546434,626,Where did you learn that step?
633,4523,1,7,64,72,1.125,0.043951442120546434,626,Wait a sec...let me try to get a selfie of this!!
695,4523,1,7,64,72,1.125,0.043951442120546434,626,"Yes, I still have signal."
2576,4523,1,7,64,72,1.125,0.043951442120546434,626,"Hey Bronco, stop yere bucking."
794,4523,2,5,65,72,1.125,0.048197153144195225,626,"Ugh, the dumb horse never got any training."
815,4523,0,9,63,72,1.125,0.039249114101422455,626,"Can I call you back, Larry? I'm about to face plant."
820,4523,2,5,65,72,1.125,0.048197153144195225,626,Great news!  I'm jumping with joy for you!
832,4523,2,5,65,72,1.125,0.048197153144195225,626,I'm so fucking tired right now.
906,4523,0,9,63,72,1.125,0.039249114101422455,626,Hey Sweetheart. Can you draw a bath with epsom salt? I’m gonna need it!
921,4523,0,9,63,72,1.125,0.039249114101422455,626,"Yeah, I'm on the road but it's not illegal yet in Wyoming."
924,4523,0,9,63,72,1.125,0.039249114101422455,626,Do you mind if I put you on hold for a moment?
947,4523,1,7,64,72,1.125,0.043951442120546434,626,"Hang on, this isn't my first rodeo, ya know"
953,4523,0,9,63,72,1.125,0.039249114101422455,626,"Hey, Eddy, it’s Buck!"
611,4523,2,5,65,72,1.125,0.048197153144195225,626,Donald threw me again
954,4523,2,5,65,72,1.125,0.048197153144195225,626,"We're reversing charges, right?"
543,4523,1,7,64,72,1.125,0.043951442120546434,626,This isn’t the kickback I had in mind.
529,4523,1,7,64,72,1.125,0.043951442120546434,626,I’m having a little more trouble with ‘The horse you rode in on!’
6,4523,2,5,65,72,1.125,0.048197153144195225,626,"Right? They told me not to look a gift horse in the mouth, so I took a selfie with it instead!"
13,4523,2,5,65,72,1.125,0.048197153144195225,626,Look at me! I'm a dancing horse!
53,4523,2,5,65,72,1.125,0.048197153144195225,626,"Yeah, I love it out here. Hold on I have another call."
61,4523,1,7,64,72,1.125,0.043951442120546434,626,This horse ferocity app works great!
117,4523,1,7,64,72,1.125,0.043951442120546434,626,"You were right, the buck-ing does stop with me."
162,4523,0,9,63,72,1.125,0.039249114101422455,626,Yippee.  This new iPhone has reality reality.
190,4523,0,9,63,72,1.125,0.039249114101422455,626,You’re right - it’s just like the market was in ‘09.
197,4523,1,7,64,72,1.125,0.043951442120546434,626,I don't have time for this bull****.
230,4523,2,5,65,72,1.125,0.048197153144195225,626,"Yes Sir, I did find the horse you road in on and cannot disagree more strongly with the Board's comments..."
290,4523,3,3,66,72,1.125,0.05209800262902861,626,"Well, it's better than being manipulated by elephants and donkeys..."
320,4523,1,7,64,72,1.125,0.043951442120546434,626,Just after I got rid of my flip phone!
337,4523,1,7,64,72,1.125,0.043951442120546434,626,They all say that I'm a quitter. I'll show them!
377,4523,0,9,63,72,1.125,0.039249114101422455,626,"Seriously, the reception is great at this altitude."
417,4523,2,5,65,72,1.125,0.048197153144195225,626,I'm on the 8 second drop call plan.
419,4523,1,7,64,72,1.125,0.043951442120546434,626,That tickles!
535,4523,0,9,63,72,1.125,0.039249114101422455,626,HA ! I told him it was a mistake to leave her !
956,4523,3,3,66,72,1.125,0.05209800262902861,626,"""And there are no roaming charges so it just costs a few bucks!"
750,4523,1,7,64,72,1.125,0.043951442120546434,626,No sir.. I'm done horsing around for the day anyway.  Can I call you back when I land?
2326,4523,1,7,64,72,1.125,0.043951442120546434,626,"Yes, I love the horsepower in the 2019 Mustang!"
1991,4523,2,5,65,72,1.125,0.048197153144195225,626,"I said floss,not toss!"
2021,4523,1,7,64,72,1.125,0.043951442120546434,626,"Best city slicker vacay ever, gotta go post on instagram now."
2099,4523,0,9,63,72,1.125,0.039249114101422455,626,"Bronco Billy told me it was a easy ride.
Patrick McGuire Waldorf MD"
2136,4523,2,5,65,72,1.125,0.048197153144195225,626,"Relax, Frank.  I've got it covered.  This isn't my first rodeo."
2148,4523,0,9,63,72,1.125,0.039249114101422455,626,"I'd call it Bronco-ish, you got 8 seconds to sell everything!"
2160,4523,1,7,64,72,1.125,0.043951442120546434,626,"I’m out of the ponies, headed for the majors! Woot!"
1987,4523,1,7,64,72,1.125,0.043951442120546434,626,You're right Boss!  Nothing sells like a horse doing the Floss Dance.
2290,4523,1,7,64,72,1.125,0.043951442120546434,626,"...Yes, but I thought the website said I was being upgraded to a FORD bronco..."
988,4523,1,7,64,72,1.125,0.043951442120546434,626,Great Thunder now tuck and role!
2360,4523,2,5,65,72,1.125,0.048197153144195225,626,"And they named you ""Peaches"" anyway"
2427,4523,2,5,65,72,1.125,0.048197153144195225,626,"You call that a wild ride? Remember, I'm a congressman."
2478,4523,1,7,64,72,1.125,0.043951442120546434,626,What's in your wallet?
2496,4523,0,9,63,72,1.125,0.039249114101422455,626,"Hey boss, I'm doing my best, but things are buck wild over here!"
2515,4523,1,7,64,72,1.125,0.043951442120546434,626,"Dude, you need to check out this Ranch!"
2293,4523,2,5,65,72,1.125,0.048197153144195225,626,Please remain on the equine while we redirect your caller
1965,4523,1,7,64,72,1.125,0.043951442120546434,626,"If I live through this, next time it will be a cruise not a Dude Ranch."
2073,4523,1,7,64,72,1.125,0.043951442120546434,626,"I've got a situation here, I'll get back to you shortly. Hey, great talking to you."
1868,4523,1,7,64,72,1.125,0.043951442120546434,626,"Ole!
There's something about the balletic curve of the hindquarters . . ."
1082,4523,1,7,64,72,1.125,0.043951442120546434,626,"Sure, I got a minute to take your call!"
1163,4523,1,7,64,72,1.125,0.043951442120546434,626,Mad Men: Laramie” failed as a spin-off; audiences never warmed up to its comedic undertones
1927,4523,3,3,66,72,1.125,0.05209800262902861,626,"Yes, my battery is running low but I’ve got plenty of horse power."
1352,4523,1,7,64,72,1.125,0.043951442120546434,626,Your mama bucks harder than that!
1384,4523,1,7,64,72,1.125,0.043951442120546434,626,I feel like the housing market
1406,4523,2,5,65,72,1.125,0.048197153144195225,626,No cellphone use while riding!
1487,4523,2,5,65,72,1.125,0.048197153144195225,626,"Can you believe , I’m riding a bronco.....

Oops!!"
1204,4523,1,7,64,72,1.125,0.043951442120546434,626,He just passed the horse sense and cell phones test.
1533,4523,2,5,65,72,1.125,0.048197153144195225,626,It's the latest in green technology!
1562,4523,1,7,64,72,1.125,0.043951442120546434,626,"I can talk, my salad is getting tossed."
1647,4523,0,9,63,72,1.125,0.039249114101422455,626,One last ride Momma! I will be home for dinner.
1708,4523,2,5,65,72,1.125,0.048197153144195225,626,Can you please hold? I didn't.
1760,4523,0,9,63,72,1.125,0.039249114101422455,626,"Wooo, I don't think I like this new dance craze !"
1528,4523,2,5,65,72,1.125,0.048197153144195225,626,Well it's much safer than driving a car that gets better mileage
4148,4683,2,5,66,73,1.1232876712328768,0.047563165881277764,626,It's a bad look if I vote that way.
3985,4683,0,9,64,73,1.1232876712328768,0.038745577051317676,626,Autonomous mode is a little too exciting!
3914,4683,0,9,64,73,1.1232876712328768,0.038745577051317676,626,I'm getting better at this. No dropped calls today.
3749,4683,0,9,64,73,1.1232876712328768,0.038745577051317676,626,"No, they don't have hands free calling for us at the ranch."
3573,4683,0,9,64,73,1.1232876712328768,0.038745577051317676,626,"If you take off the jacket, I take off the saddle."
2844,4683,1,7,65,73,1.1232876712328768,0.043378995433789966,626,"Equus ain' what it used to be."" - Hors"
2906,4683,1,7,65,73,1.1232876712328768,0.043378995433789966,626,You'll never guess? I'm on Reality Cell and I'm having so much fun. . Going to score several ribs and a concussion points on this event.
2588,4683,3,3,67,73,1.1232876712328768,0.051407900681268055,626,"Sorry,go to go.  My digital detox timer just went off."
4154,4683,1,7,65,73,1.1232876712328768,0.043378995433789966,626,You are too far to right and I'm staying to the left to make things right.
2798,4683,0,9,64,73,1.1232876712328768,0.038745577051317676,626,"Of course I didn’t read Section 6.1, paragraph 3 of my contract!"
3115,4683,3,3,67,73,1.1232876712328768,0.051407900681268055,626,Did you hear that one about the distracted driver?
4330,4683,1,7,65,73,1.1232876712328768,0.043378995433789966,626,Kiki.... do you love me... are you riding?
3904,4683,1,7,65,73,1.1232876712328768,0.043378995433789966,626,Busters unite!
4992,4683,1,7,65,73,1.1232876712328768,0.043378995433789966,626,Now you get on my back and we will see if I throw  you.
5183,4683,2,5,66,73,1.1232876712328768,0.047563165881277764,626,When did you learn Samba?
5443,4683,0,9,64,73,1.1232876712328768,0.038745577051317676,626,"Gladys?  I'm leaving you.  I finally flipped over someone else.  Sorry, you wouldn't understand.   Gotta go, take care!"
5452,4683,1,7,65,73,1.1232876712328768,0.043378995433789966,626,My horse liked the gravity shield too!  We danced in the air for hours.
5468,4683,2,5,66,73,1.1232876712328768,0.047563165881277764,626,"The Neigh Neigh
Privileged White Many Style"
5499,4683,1,7,65,73,1.1232876712328768,0.043378995433789966,626,Whoo-hoo. Trump will describe this as the most perfect jump EVER!
5549,4683,1,7,65,73,1.1232876712328768,0.043378995433789966,626,Who needs a stable relationship?
2423,4683,1,7,65,73,1.1232876712328768,0.043378995433789966,626,"They should've put a warning ""Don't talk and ride""...!"
5657,4683,3,3,67,73,1.1232876712328768,0.051407900681268055,626,Tell the Sports editor the horse of a different color says it’s Equines of Diversity or it’s no name at all!
5752,4683,1,7,65,73,1.1232876712328768,0.043378995433789966,626,I have a hard stop in three seconds.
3821,4683,0,9,64,73,1.1232876712328768,0.038745577051317676,626,"I'll call you back, I have another call."
893,4683,1,7,65,73,1.1232876712328768,0.043378995433789966,626,"it’s the journey off the horse, not the destination"
4418,4683,1,7,65,73,1.1232876712328768,0.043378995433789966,626,Doe-see-doe your partner!!!
2132,4683,0,9,64,73,1.1232876712328768,0.038745577051317676,626,Bucking Bronco Dude Ranch -- definitely outside the box!
122,4683,1,7,65,73,1.1232876712328768,0.043378995433789966,626,The dangers of talking and driving
1650,4683,0,9,64,73,1.1232876712328768,0.038745577051317676,626,"tax free bonds at 2% interest are the best, what an economy!"
824,4683,1,7,65,73,1.1232876712328768,0.043378995433789966,626,You just can't quit me?
753,4683,1,7,65,73,1.1232876712328768,0.043378995433789966,626,"You're supposed to follow my lead, not toss me!"
710,4683,0,9,64,73,1.1232876712328768,0.038745577051317676,626,Hello? Is this my insurance company? I am about to break something because I am horsing around...
694,4683,1,7,65,73,1.1232876712328768,0.043378995433789966,626,Me? Just horsin around. How bout you?
585,4683,2,5,66,73,1.1232876712328768,0.047563165881277764,626,The Hokey Pokey is NOT what it's all about.
520,4683,2,5,66,73,1.1232876712328768,0.047563165881277764,626,"Next time, just say you don't like my tie."
219,4683,1,7,65,73,1.1232876712328768,0.043378995433789966,626,"Still High, but Getting Off the Horse!"
1733,4683,1,7,65,73,1.1232876712328768,0.043378995433789966,626,Be sure to point your toes.
3438,4720,1,7,66,74,1.1216216216216217,0.04282120038926688,626,M-A-R-E-D!
3393,4720,1,7,66,74,1.1216216216216217,0.04282120038926688,626,Hello Apple .....  Do you have an app for this
3122,4720,1,7,66,74,1.1216216216216217,0.04282120038926688,626,Sell my entire portfolio now! I don’t like what you mumbled about laughing-stock
3010,4720,0,9,65,74,1.1216216216216217,0.03825469848047654,626,I'll send you a picture of me eating dirt.
2863,4720,1,7,66,74,1.1216216216216217,0.04282120038926688,626,The White House horse whispherer!
2808,4720,1,7,66,74,1.1216216216216217,0.04282120038926688,626,"The workshop leader is a bit tough, I mean, really challenging, throws you of your game, worth every penny."
2443,4720,2,5,67,74,1.1216216216216217,0.04694559031179952,626,Not in the butt!
2471,4720,2,5,67,74,1.1216216216216217,0.04694559031179952,626,"Great throw, Jack...next time less Daniels"
3602,4720,1,7,66,74,1.1216216216216217,0.04282120038926688,626,Another triumph for YouTube.
2407,4720,2,5,67,74,1.1216216216216217,0.04694559031179952,626,Don't worry dude! It's safe!
2304,4720,1,7,66,74,1.1216216216216217,0.04282120038926688,626,Now I wish I had FaceTimed so you could see this is a snap.  Tremendous fun!
2043,4720,0,9,65,74,1.1216216216216217,0.03825469848047654,626,"It's no lie,baby. I'm heads over heels in love with you!"
2492,4720,1,7,66,74,1.1216216216216217,0.04282120038926688,626,Bob and Baby Doll practice a new dance move for couples night at the Ranch Hands Tavern.
3663,4720,0,9,65,74,1.1216216216216217,0.03825469848047654,626,Is now still a good time?
4179,4720,1,7,66,74,1.1216216216216217,0.04282120038926688,626,"My latest thing is ""distracted bronco busting."""
3916,4720,0,9,65,74,1.1216216216216217,0.03825469848047654,626,"Oh ok, kic kic not kick kick    voice text AH!!!"
4155,4720,1,7,66,74,1.1216216216216217,0.04282120038926688,626,Why text when you can call!
1756,4720,1,7,66,74,1.1216216216216217,0.04282120038926688,626,"Sorry about the bad connection, I'm in the air right now."
4282,4720,1,7,66,74,1.1216216216216217,0.04282120038926688,626,I'm upside-down with work right now.
4638,4720,3,3,68,74,1.1216216216216217,0.050735802907502126,626,"Whoa, Sally.  Quit the horsin' around!"
4727,4720,1,7,66,74,1.1216216216216217,0.04282120038926688,626,"I can't trust the bull or the bear, now I can't  even trust the horse."
5005,4720,1,7,66,74,1.1216216216216217,0.04282120038926688,626,Yeah Id like to apply for a patent on horse seatbelts please. Oh 500 other people already applied?
5346,4720,0,9,65,74,1.1216216216216217,0.03825469848047654,626,My therapist says it's good for me.
5357,4720,3,3,68,74,1.1216216216216217,0.050735802907502126,626,Oh! My mane is on fleek!
5435,4720,1,7,66,74,1.1216216216216217,0.04282120038926688,626,"Haha, Don't worry Dave, the economy is most stable right now."
5494,4720,0,9,65,74,1.1216216216216217,0.03825469848047654,626,You're breaking up on me. What'd you say about the first rodeo?
5495,4720,2,5,67,74,1.1216216216216217,0.04694559031179952,626,Riding bucking broncos has just given me an idea for the office.
5576,4720,2,5,67,74,1.1216216216216217,0.04694559031179952,626,I would talk to you but I'm horsing around.
3862,4720,1,7,66,74,1.1216216216216217,0.04282120038926688,626,Buck-et list baby!
1739,4720,2,5,67,74,1.1216216216216217,0.04694559031179952,626,Ok then I'LL jump
3329,4720,0,9,65,74,1.1216216216216217,0.03825469848047654,626,"I haven't seen the proposal, but I should be landing shortly."
1219,4720,1,7,66,74,1.1216216216216217,0.04282120038926688,626,Make it fast. I need to be off in eight seconds.
42,4720,1,7,66,74,1.1216216216216217,0.04282120038926688,626,I've always wanted to be like Superman!
132,4720,1,7,66,74,1.1216216216216217,0.04282120038926688,626,Go buck yourself!
1483,4720,1,7,66,74,1.1216216216216217,0.04282120038926688,626,"Momma, I flew so high but I am goin’ land sooo hard!!"
263,4720,2,5,67,74,1.1216216216216217,0.04694559031179952,626,don't forget the salsa!!
329,4720,2,5,67,74,1.1216216216216217,0.04694559031179952,626,This IS my first rodeo - ouch!
223,4720,0,9,65,74,1.1216216216216217,0.03825469848047654,626,"And then I said, ""What high horse?"""
521,4720,1,7,66,74,1.1216216216216217,0.04282120038926688,626,"Of course, we're months away from having compliant robots, but that just makes it feel more authentic."
668,4720,1,7,66,74,1.1216216216216217,0.04282120038926688,626,"Hi mom, i'm away from D. C. and relaxing..."
1142,4720,2,5,67,74,1.1216216216216217,0.04694559031179952,626,I told you not to make me laugh.
1191,4720,1,7,66,74,1.1216216216216217,0.04282120038926688,626,"Well, no injuries yet."
427,4720,1,7,66,74,1.1216216216216217,0.04282120038926688,626,"Joe, you won't believe where I'm calling from!"
5162,4763,0,9,66,75,1.12,0.037776011264121404,626,"Not Rho-day’-oh, Mr. Predident. 
Rho’-dee-oh."
4823,4763,1,7,67,75,1.12,0.04227750450756747,626,just noticed she dropped her VR goggles!
4588,4763,2,5,68,75,1.12,0.04634379945308485,626,Riding lessons were suggested as a foot in the door when I apply for the CEO position!
1796,4763,0,9,66,75,1.12,0.037776011264121404,626,I’m practicing for Dancing with the Stars with my partner American Pharoh
50,4763,1,7,67,75,1.12,0.04227750450756747,626,I  thought your name was El Placebo?
1613,4763,1,7,67,75,1.12,0.04227750450756747,626,I’m almost a bull. One of your people told me they needed more rodeos.
4046,4769,0,8,59,67,1.1194029850746268,0.039913905875911725,626,"Our stock has taken a nosedive, and I'm going down with it."
5794,4770,0,9,67,76,1.118421052631579,0.03730907073357324,626,"Lower my health insurance deductible, now!"
4268,4770,0,9,67,76,1.118421052631579,0.03730907073357324,626,"Whoa, can we do it again?"
1781,4770,0,9,67,76,1.118421052631579,0.03730907073357324,626,"Maratha Graham, eat your heart out!"
4512,4773,0,8,61,69,1.1159420289855073,0.03882454402978924,626,"Agreeable Democrat jackass, no more."
4435,4773,1,6,62,69,1.1159420289855073,0.04397274927300527,626,"Oh, give me a home where the buffalo have roaming charges...."
3766,4773,0,8,61,69,1.1159420289855073,0.03882454402978924,626,"I think that I will be thrown for a loop shortly, so start the party without me!"
3732,4773,0,8,61,69,1.1159420289855073,0.03882454402978924,626,This is bound to help my business acumen !!
3572,4773,1,6,62,69,1.1159420289855073,0.04397274927300527,626,Looks like the last laugh's on me!!
3557,4773,1,6,62,69,1.1159420289855073,0.04397274927300527,626,He bucked the last offer
3479,4773,0,8,61,69,1.1159420289855073,0.03882454402978924,626,It's a bit rough-and-tumble here in Wyoming but I'm getting into it.
5272,4773,2,4,63,69,1.1159420289855073,0.048578391679141936,626,...and then I said “you’re about as oblivious as a Millenial at a rodeo!”
3168,4773,1,6,62,69,1.1159420289855073,0.04397274927300527,626,"Hold on a minute honey, the Donkey has turned into some kind of Bucking Bronco!"
3031,4773,1,6,62,69,1.1159420289855073,0.04397274927300527,626,"You're my agent, if Frederick Remington is available, GET HIM"""
2859,4773,1,6,62,69,1.1159420289855073,0.04397274927300527,626,"I don't notice any difference from the city"""
2812,4773,2,4,63,69,1.1159420289855073,0.048578391679141936,626,I got a discount on a flip phone.
2773,4773,2,4,63,69,1.1159420289855073,0.048578391679141936,626,Yowza! So the buck starts here!
2555,4773,2,4,63,69,1.1159420289855073,0.048578391679141936,626,Paul Ryan dreams about retirement.
2518,4773,2,4,63,69,1.1159420289855073,0.048578391679141936,626,And they say a buck does not go as far these days.
2442,4773,1,6,62,69,1.1159420289855073,0.04397274927300527,626,Hope my next horse comes with Bluetooth built-in
2394,4773,1,6,62,69,1.1159420289855073,0.04397274927300527,626,"Buck, it's Jesse, I found your contact."
2382,4773,1,6,62,69,1.1159420289855073,0.04397274927300527,626,"When Bull Trumps Truth, 2018"
4520,4773,1,6,62,69,1.1159420289855073,0.04397274927300527,626,I am really enjoying the outdoors. The outdoors does not seem to care about me.
4587,4773,1,6,62,69,1.1159420289855073,0.04397274927300527,626,No phone when you ride.
4715,4773,0,8,61,69,1.1159420289855073,0.03882454402978924,626,"If euphoria is what you're looking for, this is it."
4702,4773,1,6,62,69,1.1159420289855073,0.04397274927300527,626,fuckboy
5295,4773,1,6,62,69,1.1159420289855073,0.04397274927300527,626,You can't have THIS experience in Brooklyn.
5398,4773,1,6,62,69,1.1159420289855073,0.04397274927300527,626,I cant believe I wore this tye on casual friday
5446,4773,0,8,61,69,1.1159420289855073,0.03882454402978924,626,Oh no. I shouldnot have talked about the impact of tariffs on farmers.
5448,4773,0,8,61,69,1.1159420289855073,0.03882454402978924,626,The derby negotiation is a little up in the air at the moment.
5595,4773,2,4,63,69,1.1159420289855073,0.048578391679141936,626,I think one of us is ready for Animals Got Talent.
5675,4773,0,8,61,69,1.1159420289855073,0.03882454402978924,626,"Well, dear, it seems that 'buck-off'  is not his safe word"""
5689,4773,1,6,62,69,1.1159420289855073,0.04397274927300527,626,What?!  Buck me too?
5727,4773,0,8,61,69,1.1159420289855073,0.03882454402978924,626,My kingdom for a horse! And add a buggy to that order.
4667,4773,0,8,61,69,1.1159420289855073,0.03882454402978924,626,"I received possession of Mister Ed this morning... No, my name's not Ed... The horse is named Mister Ed. My name is Mr. Hands."
5811,4773,1,6,62,69,1.1159420289855073,0.04397274927300527,626,I think I'm falling for you!
5068,4773,0,8,61,69,1.1159420289855073,0.03882454402978924,626,Fitbit to max!  All right!
5056,4773,1,6,62,69,1.1159420289855073,0.04397274927300527,626,I'm a bit of a high-flyer but you'll find me down to earth......
4934,4773,1,6,62,69,1.1159420289855073,0.04397274927300527,626,"I feel like I’m conquering my anxieties here, but just to humor me, check your FMLA days."
4872,4773,1,6,62,69,1.1159420289855073,0.04397274927300527,626,"So far, things seem better after Bronxit."
4859,4773,1,6,62,69,1.1159420289855073,0.04397274927300527,626,"Yeah, I'm still up in the air about that"
2212,4773,0,8,61,69,1.1159420289855073,0.03882454402978924,626,"Yep, I finally figured out how to do ""The Floss"", honey!"
4774,4773,1,6,62,69,1.1159420289855073,0.04397274927300527,626,"There, that's better. I couldn't hear you on my handsfree device..."
5139,4773,1,6,62,69,1.1159420289855073,0.04397274927300527,626,This has been an encredibly uplifting experience so far!
5822,4773,1,6,62,69,1.1159420289855073,0.04397274927300527,626,Oh boy do I have a buckin' story for you!
2142,4773,1,6,62,69,1.1159420289855073,0.04397274927300527,626,I'll post it on Facebook.
579,4773,2,4,63,69,1.1159420289855073,0.048578391679141936,626,Hey Honey! I found a great way to travel  on our vacation!
2112,4773,1,6,62,69,1.1159420289855073,0.04397274927300527,626,Please don't put me on hold.
397,4773,0,8,61,69,1.1159420289855073,0.03882454402978924,626,"I know, I know. I have to get rid of this old flip phone!"
406,4773,0,8,61,69,1.1159420289855073,0.03882454402978924,626,Who says women are better multitaskers than men?
445,4773,1,6,62,69,1.1159420289855073,0.04397274927300527,626,Can I get a rush order for a Bob-O-Pedic foam mattress?
533,4773,0,8,61,69,1.1159420289855073,0.03882454402978924,626,I feel just like what's going to happen to America when we land on our head after the next election!
634,4773,1,6,62,69,1.1159420289855073,0.04397274927300527,626,I can't hold on while you get that other call.
829,4773,2,4,63,69,1.1159420289855073,0.048578391679141936,626,"Look Bill, have I got a live stock for you!"
852,4773,1,6,62,69,1.1159420289855073,0.04397274927300527,626,I’m breaking him in as we speak!
1181,4773,1,6,62,69,1.1159420289855073,0.04397274927300527,626,"No, I said ""bucking"" bronco!"
2128,4773,1,6,62,69,1.1159420289855073,0.04397274927300527,626,"Yea, it’s a nostalgia retreat and they have phones you can actually call people from"
1306,4773,1,6,62,69,1.1159420289855073,0.04397274927300527,626,You'll never believe this but I stayed at a Holiday Inn Express last night!
1323,4773,2,4,63,69,1.1159420289855073,0.048578391679141936,626,"She's doing ""The Time Warp"" again!"
1193,4773,1,6,62,69,1.1159420289855073,0.04397274927300527,626,"Can I put you on hold?  It will be for just a second, I guarantee it."
1495,4773,0,8,61,69,1.1159420289855073,0.03882454402978924,626,"Yeah, my back will break, but he's going to the glue factory!"
1988,4773,0,8,61,69,1.1159420289855073,0.03882454402978924,626,It's still legal in Wyoming.
1971,4773,0,8,61,69,1.1159420289855073,0.03882454402978924,626,Wait!  Could we think about this for a sec!?
1473,4773,1,6,62,69,1.1159420289855073,0.04397274927300527,626,I thought you said he was horse broken!
1907,4773,1,6,62,69,1.1159420289855073,0.04397274927300527,626,"And this, for a silver dollar??"
1839,4773,1,6,62,69,1.1159420289855073,0.04397274927300527,626,Hold on...I 'm starting to break up!
1969,4773,1,6,62,69,1.1159420289855073,0.04397274927300527,626,"0nce we perfect this act, we're taking it on the road!"
1835,4773,2,4,63,69,1.1159420289855073,0.048578391679141936,626,Are you busy? I can always ping you later
1712,4773,1,6,62,69,1.1159420289855073,0.04397274927300527,626,"I can't talk long, I'm a bit hoarse right now."
1652,4773,0,8,61,69,1.1159420289855073,0.03882454402978924,626,"Put your left foot in, put your left foot out, put your left foot in, then you shake it all about!"
1628,4773,1,6,62,69,1.1159420289855073,0.04397274927300527,626,You call that bucking?!
1076,4840,1,6,63,70,1.1142857142857143,0.0433716527952698,626,"Hey shorties, it's still the bull market!"
1749,4840,1,6,63,70,1.1142857142857143,0.0433716527952698,626,He who spends enough time with a horse's ass is bound to flip.
2156,4840,1,6,63,70,1.1142857142857143,0.0433716527952698,626,Are you dumping me or is that just an opinion?
2234,4840,1,6,63,70,1.1142857142857143,0.0433716527952698,626,"I'm afraid I've lost all my leverage, so am forced to vote ""Nay""."
2235,4840,1,6,63,70,1.1142857142857143,0.0433716527952698,626,"Don't worry, Ocasio-Cortez was a one-off."
2248,4840,1,6,63,70,1.1142857142857143,0.0433716527952698,626,"Gonna be home early, Hon."
353,4840,0,8,62,70,1.1142857142857143,0.038301717862847806,626,Ha ha.  I'll bet the guys at the office asked you to do this as a joke.
2680,4840,0,8,62,70,1.1142857142857143,0.038301717862847806,626,Can I call you back? I’m dealing with a complicated situation right now.
4964,4840,1,6,63,70,1.1142857142857143,0.0433716527952698,626,You were told no ties allowed!
3444,4840,2,4,64,70,1.1142857142857143,0.047908025853103935,626,"i WAS on a bucking force"""
3540,4840,1,6,63,70,1.1142857142857143,0.0433716527952698,626,"Lean to the left, Lean to the right, Stand up Sit down Fight Fight Fight."
4223,4840,1,6,63,70,1.1142857142857143,0.0433716527952698,626,...I want to learn to rope and ride.  Odo-lay-eee-hee  I want to be a cowboy's...
4408,4840,1,6,63,70,1.1142857142857143,0.0433716527952698,626,These new antidepressants are sure helping me cope better with the daily news cycle!
4845,4840,0,8,62,70,1.1142857142857143,0.038301717862847806,626,"Hey,can I text you later?"
309,4840,0,8,62,70,1.1142857142857143,0.038301717862847806,626,Sid immediately calls his chiropractor to set up an appointment
4947,4840,0,8,62,70,1.1142857142857143,0.038301717862847806,626,And don't forget the artichokes!
3417,4840,1,6,63,70,1.1142857142857143,0.0433716527952698,626,"Yeah, I can hear you better now, but I may have to end the call."
200,4840,0,8,62,70,1.1142857142857143,0.038301717862847806,626,Dude he got me again! Double or nothing tomorrow?
2585,4858,1,6,64,71,1.1126760563380282,0.04278670967729594,626,"so...my chart proves stocks could collapse by 70% soon as next month, so my suggestion is....."
5379,4858,1,6,64,71,1.1126760563380282,0.04278670967729594,626,The new equestrian dance routine
1377,4858,0,8,63,71,1.1126760563380282,0.037792698211264054,626,I say...It's not easy Financing a Horse Business!
1460,4858,0,8,63,71,1.1126760563380282,0.037792698211264054,626,The commute is a little rough but I'm liking the new office!
1501,4858,1,6,64,71,1.1126760563380282,0.04278670967729594,626,Wait a moment while I put you on hold.
1792,4858,2,4,65,71,1.1126760563380282,0.04725586748680781,626,"Yee haw, on Wall Street we can be cowboys too!"
2075,4858,1,6,64,71,1.1126760563380282,0.04278670967729594,626,This horse therapy is great after a hectic day at the office.
2134,4858,1,6,64,71,1.1126760563380282,0.04278670967729594,626,Yahoo! Finally I just got bucked.
2685,4858,0,8,63,71,1.1126760563380282,0.037792698211264054,626,"I know, this cartoon doesn't merit a place in the Caption Contest."""
5719,4858,0,8,63,71,1.1126760563380282,0.037792698211264054,626,"Hi, Honey - I'm gonna be late. The boss has been riding my ass all day and now my ride just got a flat."
2714,4858,1,6,64,71,1.1126760563380282,0.04278670967729594,626,I’m headin for the last selfie.
3097,4858,1,6,64,71,1.1126760563380282,0.04278670967729594,626,Call the meeting to order. I will be right there as soon as I finish horsing around.
3504,4858,1,6,64,71,1.1126760563380282,0.04278670967729594,626,I'm not kidding! You've got to try this!
3820,4858,0,8,63,71,1.1126760563380282,0.037792698211264054,626,Hands-free devices are for wimps
3886,4858,1,6,64,71,1.1126760563380282,0.04278670967729594,626,"I agree, Monty, it’s an aggressive strategy, go for it."
4460,4858,0,8,63,71,1.1126760563380282,0.037792698211264054,626,"Hey, can I call you right back?  I'm a little on the fly at the moment."
4680,4858,1,6,64,71,1.1126760563380282,0.04278670967729594,626,Yippee aye yeah!  Dim-crats almost won.
4824,4858,1,6,64,71,1.1126760563380282,0.04278670967729594,626,"Marvin, you know how these DudeRanches try to impress you with their phony steeds. Oh ... see you at 5 at the ole watering hole. Ciao."
1325,4858,1,6,64,71,1.1126760563380282,0.04278670967729594,626,"He jaw, tha was a good one!"
461,4858,0,8,63,71,1.1126760563380282,0.037792698211264054,626,I think I'll call him Gaines-burger.
4428,4858,1,6,64,71,1.1126760563380282,0.04278670967729594,626,They say the new bronco market is purgatory between the bulls and the bears!
416,4858,1,6,64,71,1.1126760563380282,0.04278670967729594,626,Best. Dude Ranch. Ever!
5553,4880,0,8,64,72,1.1111111111111112,0.037296949257630635,626,"l will die, lol!"
453,4880,0,8,64,72,1.1111111111111112,0.037296949257630635,626,".. And then I told him ""Stop being such a horse's ass!"""
5671,4880,0,8,64,72,1.1111111111111112,0.037296949257630635,626,"You misheard me.  I told the horse to ""stop bucking me""."
1004,4880,1,6,65,72,1.1111111111111112,0.042217280000676725,626,Looks like I'm gonna be late for work again!
1279,4880,0,8,64,72,1.1111111111111112,0.037296949257630635,626,I think the connection is stable now. Your voice sounded a little hoarse.
1297,4880,1,6,65,72,1.1111111111111112,0.042217280000676725,626,Anything to keep from winning.
1446,4880,0,8,64,72,1.1111111111111112,0.037296949257630635,626,And can you belive that picture she put on her page...whoa hold on a sec...
1552,4880,2,4,66,72,1.1111111111111112,0.046621186572038294,626,"Yee haw! 2018 mid-terms, here we come!"
1689,4880,2,4,66,72,1.1111111111111112,0.046621186572038294,626,"Hold on, Pete, I've got another call coming in..."
2374,4880,0,8,64,72,1.1111111111111112,0.037296949257630635,626,The flight is almost over honey.  I'll be landing soon.
3661,4880,0,8,64,72,1.1111111111111112,0.037296949257630635,626,No I didn't read the early termination policy.
4321,4880,0,8,64,72,1.1111111111111112,0.037296949257630635,626,I'm about to hit 'Dancing with the Stars!'
4562,4880,1,6,65,72,1.1111111111111112,0.042217280000676725,626,"Hi Honey.

Remember how you said we should move to the country cause my boss resembled a 'horse's ass'.

Well I finally see what you mean, but it cost me a few bucks."
4674,4880,2,4,66,72,1.1111111111111112,0.046621186572038294,626,This might be a good time to cast a wider net.
5453,4880,2,4,66,72,1.1111111111111112,0.046621186572038294,626,"Tag, you're it!"
5465,4880,1,6,65,72,1.1111111111111112,0.042217280000676725,626,"Uh...sure, I can hold."
442,4896,1,6,66,73,1.1095890410958904,0.04166275705683711,626,It's a living!
4571,4896,1,6,66,73,1.1095890410958904,0.04166275705683711,626,Yippee-yay-yaa
2192,4896,0,8,65,73,1.1095890410958904,0.036813962320997935,626,"Yeah, they say it's like sky diving without a chute!"
5506,4896,1,6,66,73,1.1095890410958904,0.04166275705683711,626,"Blotto by beaucoup beer, B.Bonkers Blowhard blithely brags bucolic boyhood bestride big beasts, bets buddies, boasting benign bareback bounce, but brewski buds barely blink before bucking bronco busts blabbing, phoney-baloney B.B.B.s butt."
4528,4896,2,4,67,73,1.1095890410958904,0.04600329150595863,626,I smell like cheese.
4382,4896,1,6,66,73,1.1095890410958904,0.04166275705683711,626,21st century stable buisnessmane
4291,4896,2,4,67,73,1.1095890410958904,0.04600329150595863,626,"Well , it's great hear the company is in such stable condition."
4105,4896,1,6,66,73,1.1095890410958904,0.04166275705683711,626,"Taxi, please!"
4080,4896,2,4,67,73,1.1095890410958904,0.04600329150595863,626,Gotta Go Buckaroo........
717,4896,1,6,66,73,1.1095890410958904,0.04166275705683711,626,And the best part is that my morning commute is now cheaper than taking my Tesla!
4060,4896,0,8,65,73,1.1095890410958904,0.036813962320997935,626,I haven't had this much fund since I telling my boss to buck off!
3700,4896,1,6,66,73,1.1095890410958904,0.04166275705683711,626,"Ma, wire me 30 bucks more, I want to go skydiving."
3404,4896,1,6,66,73,1.1095890410958904,0.04166275705683711,626,"Well, it's been good knowing you!!"
3352,4896,2,4,67,73,1.1095890410958904,0.04600329150595863,626,Rodeodeodeo!
2903,4896,1,6,66,73,1.1095890410958904,0.04166275705683711,626,Wheeeeeee! Do it again!
2801,4896,1,6,66,73,1.1095890410958904,0.04166275705683711,626,Ha! I knew it. Once a jackass always a jackass. We're gonna win again in November.
2258,4896,1,6,66,73,1.1095890410958904,0.04166275705683711,626,You squeezed my balls - now it's my turn!
4052,4896,0,8,65,73,1.1095890410958904,0.036813962320997935,626,Can you hear me? My bronco is breaking.
1670,4896,1,6,66,73,1.1095890410958904,0.04166275705683711,626,I'm not trying to kill you.  We are dancing with style!
1575,4896,0,8,65,73,1.1095890410958904,0.036813962320997935,626,"Oh you know, same oh, same oh."
4505,4916,0,7,57,64,1.109375,0.039322054350368486,626,Add golden hair and a red tie.  It will sell millions of copies.
40,4917,1,6,67,74,1.1081081081081081,0.04112256523107289,626,It beats those coin operated kiddie machines!
1710,4917,0,8,66,74,1.1081081081081081,0.03634325417788381,626,Your tie was tickling me.
1871,4917,0,8,66,74,1.1081081081081081,0.03634325417788381,626,"hey, MA, this is your son Paul on the way to 
US District court......"
3277,4917,0,8,66,74,1.1081081081081081,0.03634325417788381,626,Are you kidding me? I'm making serious buck.
3815,4917,1,6,67,74,1.1081081081081081,0.04112256523107289,626,I'm beginning to get the hang of it!
3932,4917,2,4,68,74,1.1081081081081081,0.045401526605714705,626,"Sorry, I meant 'Y' for Yankee, not Yippee!"
4152,4917,1,6,67,74,1.1081081081081081,0.04112256523107289,626,Every dummy knows you have to wear a hat when you break a bronco
4682,4917,0,8,66,74,1.1081081081081081,0.03634325417788381,626,Guy falling off a horse.
1455,4917,1,6,67,74,1.1081081081081081,0.04112256523107289,626,... and stay off!!
5627,4917,2,4,68,74,1.1081081081081081,0.045401526605714705,626,"No, I'm using hands-free. I swear."
547,4917,1,6,67,74,1.1081081081081081,0.04112256523107289,626,It's my new flip phone.
4484,4928,1,6,68,75,1.1066666666666667,0.04059615804541172,626,Any more horse jokes? He got a kick out of that one!
1303,4928,0,8,67,75,1.1066666666666667,0.03588436550487812,626,For some reason it just makes my reception better.
3522,4930,2,3,61,66,1.106060606060606,0.04889829547268706,626,Apparently a BUCKING BRONCO doesn't help you make a buck in the financial market.
3536,4930,0,7,59,66,1.106060606060606,0.038192176787049927,626,I think Trigger’s Bluetooth is not working.
3676,4930,1,5,60,66,1.106060606060606,0.04387303082685012,626,"No, Mom. I'm not just horsing around."
3684,4930,0,7,59,66,1.106060606060606,0.038192176787049927,626,"Dear, I won't be home for dinner. I'm having fun with my horse."
3688,4930,0,7,59,66,1.106060606060606,0.038192176787049927,626,I call BS!
3762,4930,0,7,59,66,1.106060606060606,0.038192176787049927,626,My Yin to your Yang.
3810,4930,0,7,59,66,1.106060606060606,0.038192176787049927,626,Don Jr. really thinks he's not going to prison?
3295,4930,0,7,59,66,1.106060606060606,0.038192176787049927,626,No one has ever been as tough on this horse as I have been.
2568,4930,2,3,61,66,1.106060606060606,0.04889829547268706,626,Nice move Bucko! All those hours in the pilates class are really paying off.
3287,4930,1,5,60,66,1.106060606060606,0.04387303082685012,626,„I guess I‘m going short“
3811,4930,1,5,60,66,1.106060606060606,0.04387303082685012,626,"Come on out here, the tax rate is right and the ranch is un-bucking -believable."
3285,4930,0,7,59,66,1.106060606060606,0.038192176787049927,626,...sometimes even one horse power is more than you can handl
3237,4930,1,5,60,66,1.106060606060606,0.04387303082685012,626,I didn't even know you could make phone calls on this thing!
3233,4930,0,7,59,66,1.106060606060606,0.038192176787049927,626,"Pay attention, you four footed vehicles--this is where you toss your padnah in the Look-Ma-No-Hands-Free jitterbug!"
3223,4930,2,3,61,66,1.106060606060606,0.04889829547268706,626,I’m still bullish!
3171,4930,2,3,61,66,1.106060606060606,0.04889829547268706,626,"Too late, but I never asked you to jump so high!"
3096,4930,1,5,60,66,1.106060606060606,0.04387303082685012,626,Thanks but no thanks.
3081,4930,0,7,59,66,1.106060606060606,0.038192176787049927,626,"Neight, it's hilarious horse hockey that they would put it to a yay or neigh vote!"
3048,4930,0,7,59,66,1.106060606060606,0.038192176787049927,626,What happened when Bob used the wrong idiom to describe the size of his appetite.
2940,4930,1,5,60,66,1.106060606060606,0.04387303082685012,626,"Normally I don't mind getting a few bucks, but this is ridiculous!"
2905,4930,1,5,60,66,1.106060606060606,0.04387303082685012,626,"Employee of the Year: Mike Taylor
2018 Arizona Corporate Retreat 
Trust Fall Excersize"
2872,4930,0,7,59,66,1.106060606060606,0.038192176787049927,626,"You're breaking up !!! No not you, the horse I rode in on."
2835,4930,1,5,60,66,1.106060606060606,0.04387303082685012,626,"I wouldn't have picked this Bronco if I knew his name was,'Stock Market'. No wonder I got bucked!"""
2788,4930,0,7,59,66,1.106060606060606,0.038192176787049927,626,Hasbro?  I think there is something wrong with the Pinkie Pie I bought from your My Little Pony series.
2757,4930,0,7,59,66,1.106060606060606,0.038192176787049927,626,Next time I get to wear the spurs.
3376,4930,1,5,60,66,1.106060606060606,0.04387303082685012,626,"I have no control,  I enjoy being drawn to danger.”"
3372,4930,0,7,59,66,1.106060606060606,0.038192176787049927,626,It's a side hustle.
3898,4930,1,5,60,66,1.106060606060606,0.04387303082685012,626,"What's that, Ben?  You said take the bull by the horn not the horse by the..."
1773,4930,0,7,59,66,1.106060606060606,0.038192176787049927,626,Eagle Rock?!?  What the hell happened to style and grace?!?
3933,4930,2,3,61,66,1.106060606060606,0.04889829547268706,626,"Bucking Rogers, in the 25th Century."
5667,4930,0,7,59,66,1.106060606060606,0.038192176787049927,626,"Okay, so you won't do the Mar a lago Putin-Trumo Rodeo weekend."
5587,4930,0,7,59,66,1.106060606060606,0.038192176787049927,626,"haha sorry susan im actually off my rocker with work right now, but ill get back to you as soon as im grounded"
5507,4930,1,5,60,66,1.106060606060606,0.04387303082685012,626,The interview takes place on his ranch!
5412,4930,0,7,59,66,1.106060606060606,0.038192176787049927,626,Lovin' it! It really is the Wild West!
5300,4930,1,5,60,66,1.106060606060606,0.04387303082685012,626,I think Amanda would have preferred the Birkin bag
5154,4930,0,7,59,66,1.106060606060606,0.038192176787049927,626,Always remember: Hang up and ride.
5116,4930,0,7,59,66,1.106060606060606,0.038192176787049927,626,"Oh, I m not thinking it’s a bull or a bear market at this particular moment..."
5115,4930,2,3,61,66,1.106060606060606,0.04889829547268706,626,"Hang on a sec’, I’m driving"
5095,4930,1,5,60,66,1.106060606060606,0.04387303082685012,626,So we have a date; now that’s a kick in the head!
5094,4930,1,5,60,66,1.106060606060606,0.04387303082685012,626,Hopefully this will shut him up.
4990,4930,1,5,60,66,1.106060606060606,0.04387303082685012,626,Correct this is an invite to me funeral.
4927,4930,0,7,59,66,1.106060606060606,0.038192176787049927,626,You might lose me in the tumble
4808,4930,1,5,60,66,1.106060606060606,0.04387303082685012,626,fuck you clown
3909,4930,1,5,60,66,1.106060606060606,0.04387303082685012,626,"They finally got the perfect video for 'Buck off your phone.'"""
4650,4930,1,5,60,66,1.106060606060606,0.04387303082685012,626,I only have time for a short Tweet.
4554,4930,1,5,60,66,1.106060606060606,0.04387303082685012,626,"When Mike heard the news, it threw him for a loop"
4506,4930,2,3,61,66,1.106060606060606,0.04889829547268706,626,"Only, if I we’re a horse!"
4479,4930,0,7,59,66,1.106060606060606,0.038192176787049927,626,Hah!  Now I’ve got you right where I want you...
4473,4930,0,7,59,66,1.106060606060606,0.038192176787049927,626,I’ll send a great selfie in just a sec
2546,4930,2,3,61,66,1.106060606060606,0.04889829547268706,626,Playtime... I play to win...
4461,4930,1,5,60,66,1.106060606060606,0.04387303082685012,626,Yet another way to kicked off a call
4405,4930,0,7,59,66,1.106060606060606,0.038192176787049927,626,I'll call ya back from the ER
4275,4930,1,5,60,66,1.106060606060606,0.04387303082685012,626,The Party told me I could ride this horse!
4174,4930,1,5,60,66,1.106060606060606,0.04387303082685012,626,Yippee-yayo-ta-yaaa
4163,4930,0,7,59,66,1.106060606060606,0.038192176787049927,626,Hi Sweetheart.  Should I roll or belly-flop?  That is the question!
4113,4930,0,7,59,66,1.106060606060606,0.038192176787049927,626,"Be well, Baby.  Gotta fly."
4088,4930,0,7,59,66,1.106060606060606,0.038192176787049927,626,just horsing around.I'll call you later.
3986,4930,1,5,60,66,1.106060606060606,0.04387303082685012,626,Woo Hoo!  I just got bucked!!
4599,4930,2,3,61,66,1.106060606060606,0.04889829547268706,626,Guess I am the guy who should use the F word.
2479,4930,1,5,60,66,1.106060606060606,0.04387303082685012,626,Knocked off that horseplay
779,4930,1,5,60,66,1.106060606060606,0.04387303082685012,626,"Yeah, yeah, I'm on a horse."
2301,4930,1,5,60,66,1.106060606060606,0.04387303082685012,626,...and tell Schumer we are shaking things up for the midterms
5780,4930,0,7,59,66,1.106060606060606,0.038192176787049927,626,"Hey, honey? Cowboy up!"
768,4930,0,7,59,66,1.106060606060606,0.038192176787049927,626,One bar!
742,4930,3,1,62,66,1.106060606060606,0.053453192293208024,626,This career change thing is one wild ride I tell ya'
659,4930,0,7,59,66,1.106060606060606,0.038192176787049927,626,"Yeah, it's like Uber for horses."
647,4930,0,7,59,66,1.106060606060606,0.038192176787049927,626,"No, I'm breaking a bronco, or vice versa!"
631,4930,1,5,60,66,1.106060606060606,0.04387303082685012,626,Nothing personal
618,4930,0,7,59,66,1.106060606060606,0.038192176787049927,626,dabs
2451,4930,1,5,60,66,1.106060606060606,0.04387303082685012,626,"When I ride I soar, I am a hawk."
450,4930,1,5,60,66,1.106060606060606,0.04387303082685012,626,Buck for a hamburger? This ain’t Wendy’s!
374,4930,0,7,59,66,1.106060606060606,0.038192176787049927,626,if you fall off the horse you can always get on the bandwagon
246,4930,1,5,60,66,1.106060606060606,0.04387303082685012,626,Get it? Because horses have long faces!
236,4930,1,5,60,66,1.106060606060606,0.04387303082685012,626,"Sorry, can't come in today. I'm feeling a bit hoarse."
206,4930,0,7,59,66,1.106060606060606,0.038192176787049927,626,Ha! 8 seconds. I win. Let's go again.
49,4930,2,3,61,66,1.106060606060606,0.04889829547268706,626,I can't hoof it with people who laugh themselves horse
43,4930,1,5,60,66,1.106060606060606,0.04387303082685012,626,"Jerry, stop that horse play!"
34,4930,1,5,60,66,1.106060606060606,0.04387303082685012,626,I can hear you now.
5,4930,1,5,60,66,1.106060606060606,0.04387303082685012,626,I''m head over heels over you!
1035,4930,1,5,60,66,1.106060606060606,0.04387303082685012,626,"Gotta hang up now, traffic's a 'NightMare.'"
1059,4930,1,5,60,66,1.106060606060606,0.04387303082685012,626,"NEIGH! No, Heads You Lose?"
565,4930,2,3,61,66,1.106060606060606,0.04889829547268706,626,Mueller will break 'em
1185,4930,3,1,62,66,1.106060606060606,0.053453192293208024,626,"Yep, you can smoke as much as you want, it's totally legal here!"
2224,4930,1,5,60,66,1.106060606060606,0.04387303082685012,626,It’s great....no hands-free regulations!
2204,4930,0,7,59,66,1.106060606060606,0.038192176787049927,626,Whoops! Hold on while I relocate to a quieter location.
2102,4930,1,5,60,66,1.106060606060606,0.04387303082685012,626,"I'll be at the office a little late tonight, dear."
2095,4930,1,5,60,66,1.106060606060606,0.04387303082685012,626,I said..PONY UP OR GET  OFF  !!
2063,4930,0,7,59,66,1.106060606060606,0.038192176787049927,626,Riding a horse makes me feel like Superman!
1130,4930,1,5,60,66,1.106060606060606,0.04387303082685012,626,"OK, I finally get it - I'm on board with corporate bucking the trend."
2050,4930,2,3,61,66,1.106060606060606,0.04889829547268706,626,Buck the men.
1973,4930,0,7,59,66,1.106060606060606,0.038192176787049927,626,"What is it about ""texting"" you don't get?"
1867,4930,1,5,60,66,1.106060606060606,0.04387303082685012,626,Understsnding this new phone is as easy as falling off a horse.
1779,4930,0,7,59,66,1.106060606060606,0.038192176787049927,626,Of course I got back up on the horse...
1769,4930,1,5,60,66,1.106060606060606,0.04387303082685012,626,Violating Equinetiquette
1740,4930,0,7,59,66,1.106060606060606,0.038192176787049927,626,White House Press Corp prep? Loving it!
1523,4930,2,3,61,66,1.106060606060606,0.04889829547268706,626,"911? I've been bucked. Oh, you can't get here before I hit the ground. Wow, I'm bucked!"
1520,4930,0,7,59,66,1.106060606060606,0.038192176787049927,626,Honey! Looks like I hit my mid-life crisis peak! I should be back home soon!
1410,4930,0,7,59,66,1.106060606060606,0.038192176787049927,626,Maybe I should have used a hands-free device.
1293,4930,1,5,60,66,1.106060606060606,0.04387303082685012,626,I bet this never happened to Superman.
1275,4930,1,5,60,66,1.106060606060606,0.04387303082685012,626,Virtual reality chess.
2257,4930,0,7,59,66,1.106060606060606,0.038192176787049927,626,"Oh no, no! You haven't caught me at a bad time! It's just Bronco Billy. Bucking me around as usual."
2288,4930,1,5,60,66,1.106060606060606,0.04387303082685012,626,Nuthin' much--what's up with you?
1075,5032,0,8,68,76,1.105263157894737,0.03543685943284941,626,"I want the world to know, i love horses I really, really do."
4514,5032,0,8,68,76,1.105263157894737,0.03543685943284941,626,"Hooee! Ol' Paint still don't like 
spurs diggin' inta his ribs!"
3924,5034,1,5,61,67,1.1044776119402986,0.04324223293582181,626,"OK slicker, this'll teach ya to keep your Superglamerous toes out of my crotch"""
2081,5034,1,5,61,67,1.1044776119402986,0.04324223293582181,626,"Good news, Felicia; I’m officially a gaucho!"
2315,5034,1,5,61,67,1.1044776119402986,0.04324223293582181,626,"hey, Lissen - send me REAL bull."
2728,5034,1,5,61,67,1.1044776119402986,0.04324223293582181,626,TC not the only DIY stunt man in MI
2746,5034,1,5,61,67,1.1044776119402986,0.04324223293582181,626,"It may be a bull market, but I’m a bronco!"
2848,5034,0,7,60,67,1.1044776119402986,0.0376511178439935,626,"Hello? Yeah, you've reached my cell."
2996,5034,0,7,60,67,1.1044776119402986,0.0376511178439935,626,"Hi Honey, I'm still up in the air about taking those riding lessons"
3258,5034,0,7,60,67,1.1044776119402986,0.0376511178439935,626,"This is a hands-free riding state, pal!"
3283,5034,0,7,60,67,1.1044776119402986,0.0376511178439935,626,Great news! I think this bluetooth thing might really catch on.
3342,5034,0,7,60,67,1.1044776119402986,0.0376511178439935,626,"Haven’t you read the policies before entering?! 
- electronic free area"
3779,5034,1,5,61,67,1.1044776119402986,0.04324223293582181,626,I thought your name was BUCK!
3829,5034,1,5,61,67,1.1044776119402986,0.04324223293582181,626,First Buck!
3831,5034,1,5,61,67,1.1044776119402986,0.04324223293582181,626,See what happens next on my Instagram!
3834,5034,1,5,61,67,1.1044776119402986,0.04324223293582181,626,Now I can hear you!
3847,5034,0,7,60,67,1.1044776119402986,0.0376511178439935,626,Yeeeee-Haaaaaa....Lunch Break!!!
3875,5034,0,7,60,67,1.1044776119402986,0.0376511178439935,626,Woohoo! Who said flip phones were old fashioned?
3878,5034,0,7,60,67,1.1044776119402986,0.0376511178439935,626,"Wow, great throw!  Now see if you can catch me before I hit the ground."
3380,5034,1,5,61,67,1.1044776119402986,0.04324223293582181,626,"On my lunch hour I, can you hear me now"
3962,5034,1,5,61,67,1.1044776119402986,0.04324223293582181,626,So you thought you could jump me! Take that!
5759,5034,0,7,60,67,1.1044776119402986,0.0376511178439935,626,"No worries, it’s an autopilot vehicle“"
5807,5034,0,7,60,67,1.1044776119402986,0.0376511178439935,626,"Honey, I quit!"
3995,5034,1,5,61,67,1.1044776119402986,0.04324223293582181,626,Twice under me. You'll be the first horse on AGT.
5654,5034,1,5,61,67,1.1044776119402986,0.04324223293582181,626,I may need to call you back - the reception round here isn't all that...
5618,5034,1,5,61,67,1.1044776119402986,0.04324223293582181,626,When Sam remembered his life insurance was paid-up.
5520,5034,2,3,62,67,1.1044776119402986,0.04818894835591932,626,Do I miss Wall Street? Heck no! My new job has an 8 second work day!
5471,5034,2,3,62,67,1.1044776119402986,0.04818894835591932,626,You go your way. I’ll go mine.
5376,5034,0,7,60,67,1.1044776119402986,0.0376511178439935,626,"Hold On, I might die in in a sec"
5347,5034,0,7,60,67,1.1044776119402986,0.0376511178439935,626,"Sorry, looks like another dropped call."
5207,5034,1,5,61,67,1.1044776119402986,0.04324223293582181,626,"Yes....my getaway to the ""Wild West"" is a bit of a kick so far!"
5144,5034,2,3,62,67,1.1044776119402986,0.04818894835591932,626,"I am not Trump Sir
Don’t Hold of Listen Me to Hate"
5127,5034,1,5,61,67,1.1044776119402986,0.04324223293582181,626,This is the quiet saddle!
5092,5034,2,3,62,67,1.1044776119402986,0.04818894835591932,626,"Hey, a little rough with the tickling!"
5036,5034,1,5,61,67,1.1044776119402986,0.04324223293582181,626,"In response, I’ll just quote my esteemed colleague here in saying, ‘Get off my back!’’"
4936,5034,0,7,60,67,1.1044776119402986,0.0376511178439935,626,She hates it when you call me here mother.
4633,5034,0,7,60,67,1.1044776119402986,0.0376511178439935,626,"No, no—this one's on RO-deo drive!"
4604,5034,2,3,62,67,1.1044776119402986,0.04818894835591932,626,"Yeah, man. My new girl is WILD! Doesn't even give me a chance to take my dick out!"
4450,5034,1,5,61,67,1.1044776119402986,0.04324223293582181,626,"Some days, you need to get your ads kicked."
4443,5034,0,7,60,67,1.1044776119402986,0.0376511178439935,626,"I swear, this car really kicks when you put the gas on, Rob!"
4423,5034,1,5,61,67,1.1044776119402986,0.04324223293582181,626,"OK, I only owed you a buck."
2074,5034,1,5,61,67,1.1044776119402986,0.04324223293582181,626,"WHOA, THERE.  WHAT DO YOU THINK YOU ARE...DODGE RAM?"
4239,5034,0,7,60,67,1.1044776119402986,0.0376511178439935,626,You're getting good at this!
1851,5034,2,3,62,67,1.1044776119402986,0.04818894835591932,626,"Hello, is this the Breaking In Broncos Corp?"
2721,5034,1,5,61,67,1.1044776119402986,0.04324223293582181,626,"Hi, Ma; I'm doing what you asked - making a difference!"
1486,5034,1,5,61,67,1.1044776119402986,0.04324223293582181,626,"Champion, this is neighhhhhh over the top!"
1657,5034,1,5,61,67,1.1044776119402986,0.04324223293582181,626,A wonderful flight.  Now comes the landing.
346,5034,0,7,60,67,1.1044776119402986,0.0376511178439935,626,No more gravitiy you say?
548,5034,0,7,60,67,1.1044776119402986,0.0376511178439935,626,"Sure, I can talk now. I'm on my break."
557,5034,0,7,60,67,1.1044776119402986,0.0376511178439935,626,"But Boss, you said there'd be no horsing around
in the office!"
666,5034,0,7,60,67,1.1044776119402986,0.0376511178439935,626,"I'm a real cowboy, hon', like on Yellowstone!"
718,5034,0,7,60,67,1.1044776119402986,0.0376511178439935,626,Yes! I found the invisible hamburger!
878,5034,1,5,61,67,1.1044776119402986,0.04324223293582181,626,"How Now, Bron co ?"
880,5034,0,7,60,67,1.1044776119402986,0.0376511178439935,626,I'll never be able to guess where I am!
890,5034,1,5,61,67,1.1044776119402986,0.04324223293582181,626,"Lump sum workers' comp is nothing. You have to try one of the exotic, structured plans."
1084,5034,0,7,60,67,1.1044776119402986,0.0376511178439935,626,"No, dear, I’m not horsing around...remember, I’m here on business!"
354,5034,0,7,60,67,1.1044776119402986,0.0376511178439935,626,"Ahhh, this is extremely fun. And I love to do this."
1103,5034,1,5,61,67,1.1044776119402986,0.04324223293582181,626,"I ALWAYS vote Republican! 
Why do you ask?"
1102,5034,1,5,61,67,1.1044776119402986,0.04324223293582181,626,"You say ""It's a kick in the head?"" I'm not sure yet."
1465,5034,1,5,61,67,1.1044776119402986,0.04324223293582181,626,I am having the life of Riley--and you?
1370,5034,1,5,61,67,1.1044776119402986,0.04324223293582181,626,"After a latte with an extra shot, I'm a Starbucks-aroo."""
1327,5034,1,5,61,67,1.1044776119402986,0.04324223293582181,626,Why would I switch to your data plan?  You think this is my first rodeo?
1393,5034,0,7,60,67,1.1044776119402986,0.0376511178439935,626,"That was great, now you try it."
1298,5034,1,5,61,67,1.1044776119402986,0.04324223293582181,626,"Ed said, ""Don't rein on MY parade!"""
1292,5034,1,5,61,67,1.1044776119402986,0.04324223293582181,626,"I am going to lose the caption contest, for alas, I have no caption to give to this Wild West interlude."
1126,5034,2,3,62,67,1.1044776119402986,0.04818894835591932,626,Must be an older horse. no horse link for hands free.
1317,5034,1,5,61,67,1.1044776119402986,0.04324223293582181,626,Apple AirPlay?  Of course!
3930,5099,0,7,61,68,1.1029411764705883,0.03712509925760679,626,This is going to look slick in Boomerang.
3506,5099,0,7,61,68,1.1029411764705883,0.03712509925760679,626,I thought you said yes!
3780,5099,1,5,62,68,1.1029411764705883,0.04262926879107264,626,"""I asked for saddle bronc. My apologies."""
3702,5099,0,7,61,68,1.1029411764705883,0.03712509925760679,626,...research for marketing Blue Tooth 5 hands-free.
3662,5099,1,5,62,68,1.1029411764705883,0.04262926879107264,626,Uber and under it will be.
3656,5099,0,7,61,68,1.1029411764705883,0.03712509925760679,626,...just calling to confirm the upgrade on my life insurance policy...
3597,5099,0,7,61,68,1.1029411764705883,0.03712509925760679,626,"No problem at all, I just pushed the ""I'm not driving"" button"
3424,5099,0,7,61,68,1.1029411764705883,0.03712509925760679,626,This does not mean I've flipped. My ostrich jacket is still on the fence.
2426,5099,0,7,61,68,1.1029411764705883,0.03712509925760679,626,Honey? It's me. Do you have any enemies with king beds?
3166,5099,2,3,63,68,1.1029411764705883,0.04749985389910039,626,I am really 'bucking the trend' here in Wyoming!
2890,5099,1,5,62,68,1.1029411764705883,0.04262926879107264,626,e-Haw!
2667,5099,0,7,61,68,1.1029411764705883,0.03712509925760679,626,"When the boss said WFH, he should have been more specific"
2335,5099,1,5,62,68,1.1029411764705883,0.04262926879107264,626,That's no bull!
1992,5099,0,7,61,68,1.1029411764705883,0.03712509925760679,626,You got the house!
1959,5099,1,5,62,68,1.1029411764705883,0.04262926879107264,626,Quit horsing around and come home now!
3931,5099,1,5,62,68,1.1029411764705883,0.04262926879107264,626,Is it better now?
3312,5099,0,7,61,68,1.1029411764705883,0.03712509925760679,626,I bill at 100 bucks an hour too!
4016,5099,0,7,61,68,1.1029411764705883,0.03712509925760679,626,Work-life balance is a state of mind.
4895,5099,1,5,62,68,1.1029411764705883,0.04262926879107264,626,Just got here on my UberEquine.
4112,5099,0,7,61,68,1.1029411764705883,0.03712509925760679,626,Sorry Bruce. You're breaking up. Gotta go.
5757,5099,1,5,62,68,1.1029411764705883,0.04262926879107264,626,What an awesome test of resilience this is!
5709,5099,1,5,62,68,1.1029411764705883,0.04262926879107264,626,The more you ignore me the closer I get...
5642,5099,1,5,62,68,1.1029411764705883,0.04262926879107264,626,Hold on. I'm mid-air in airplane mode.
5464,5099,0,7,61,68,1.1029411764705883,0.03712509925760679,626,What? Funding. Secured?
5409,5099,0,7,61,68,1.1029411764705883,0.03712509925760679,626,"Oh no, I can't afford another R.U.I."
5382,5099,0,7,61,68,1.1029411764705883,0.03712509925760679,626,I don't understand why they don't let us use these things while we're flying.
5291,5099,2,3,63,68,1.1029411764705883,0.04749985389910039,626,The bull market is bucking today!
4950,5099,0,7,61,68,1.1029411764705883,0.03712509925760679,626,Does the premium package cover all ungulates?
1879,5099,2,3,63,68,1.1029411764705883,0.04749985389910039,626,This ain't my first time at the rodeo !
4786,5099,1,5,62,68,1.1029411764705883,0.04262926879107264,626,Theses old flip phones sure work great!
4760,5099,1,5,62,68,1.1029411764705883,0.04262926879107264,626,To think it took me this long to realize my boyhood dream!
4729,5099,0,7,61,68,1.1029411764705883,0.03712509925760679,626,"No worries, this isn't my first time at the rodeo."
4700,5099,0,7,61,68,1.1029411764705883,0.03712509925760679,626,Dude ranch insurer nightmare.
4578,5099,0,7,61,68,1.1029411764705883,0.03712509925760679,626,"Yee-Haw, this sure beats the 3 cocktail lunch!"
4569,5099,1,5,62,68,1.1029411764705883,0.04262926879107264,626,You know I can’t remember a time when animals had power over humans
4194,5099,1,5,62,68,1.1029411764705883,0.04262926879107264,626,The lawsuits are still cheaper than steel tariffs.
4156,5099,0,7,61,68,1.1029411764705883,0.03712509925760679,626,"You nailed it man, bachelorhood’s a blast!"
4044,5099,1,5,62,68,1.1029411764705883,0.04262926879107264,626,Can you hear me now? I kicked the thing so I could get a better signal.
1820,5099,1,5,62,68,1.1029411764705883,0.04262926879107264,626,Hello...emergency room...
5278,5099,1,5,62,68,1.1029411764705883,0.04262926879107264,626,"Hi Al...Ziggy doesn't know what the hell 
to make of this either? 
Oh boy!"
1679,5099,0,7,61,68,1.1029411764705883,0.03712509925760679,626,Great news! Our summer sales are bucking the trend!
1752,5099,1,5,62,68,1.1029411764705883,0.04262926879107264,626,Who needs ringtones?
399,5099,1,5,62,68,1.1029411764705883,0.04262926879107264,626,"Yes, I couldn't get a selfie, but I am actually being thrown from a horse here in real time."
412,5099,0,7,61,68,1.1029411764705883,0.03712509925760679,626,Early experimental research on synchronization of heterogeneous oscillators.
516,5099,0,7,61,68,1.1029411764705883,0.03712509925760679,626,"I have no idea where the umpire went. He called ""strike three"" and I assumed he ran for his life."
746,5099,1,5,62,68,1.1029411764705883,0.04262926879107264,626,"10 000 on this, 5000 on this, 15 000 on this... and meet me at the hospital."
770,5099,2,3,63,68,1.1029411764705883,0.04749985389910039,626,That's right!  But now do it with more feeling!
923,5099,0,7,61,68,1.1029411764705883,0.03712509925760679,626,"In the money, I shorted this ride"
928,5099,0,7,61,68,1.1029411764705883,0.03712509925760679,626,Portrait of patriarchy in America
724,5099,0,7,61,68,1.1029411764705883,0.03712509925760679,626,I'm flying the reception is not good.
1000,5099,2,3,63,68,1.1029411764705883,0.04749985389910039,626,"He zigged, while I zagged."
942,5099,2,3,63,68,1.1029411764705883,0.04749985389910039,626,I should’ve waited til casual Friday.
1440,5099,1,5,62,68,1.1029411764705883,0.04262926879107264,626,Ahhhhhhhhh! The Horse Through Me Off His Back!!!!
1394,5099,1,5,62,68,1.1029411764705883,0.04262926879107264,626,Why I play the horses-
1361,5099,1,5,62,68,1.1029411764705883,0.04262926879107264,626,Don't you think you need your jacket?
1522,5099,1,5,62,68,1.1029411764705883,0.04262926879107264,626,I've already started to prepare for the L train shutdown!
1295,5099,1,5,62,68,1.1029411764705883,0.04262926879107264,626,I really got remove this March of the Swiss Soldiers ringtone.
1215,5099,1,5,62,68,1.1029411764705883,0.04262926879107264,626,I might lose you I'm about to go through a ton of pain.
1213,5099,2,3,63,68,1.1029411764705883,0.04749985389910039,626,im on the phone with a horse lol
1335,5158,1,5,63,69,1.1014492753623188,0.042033394835877404,626,You won't believe this but his name is Brunellus.
1516,5158,1,5,63,69,1.1014492753623188,0.042033394835877404,626,Yes but I’ve been holding for eight seconds
1694,5158,1,5,63,69,1.1014492753623188,0.042033394835877404,626,"That’s right, I beat the dress code, but it’ll take some getting used to for the horses."
1821,5158,0,7,62,69,1.1014492753623188,0.03661350600424963,626,"I had three bars, but I just left the area."
1886,5158,0,7,62,69,1.1014492753623188,0.03661350600424963,626,I'm sure that talking while trotting is safer than texting while driving.
2155,5158,2,3,64,69,1.1014492753623188,0.046830158455148395,626,Hey Maddy. It's me. Guess where I am right now?
2447,5158,1,5,63,69,1.1014492753623188,0.042033394835877404,626,"Mustangs running, gotta go!"
2510,5158,1,5,63,69,1.1014492753623188,0.042033394835877404,626,Hahaha! a rectal exam requires LUBE - I thought you said ICE CUBES.
2544,5158,1,5,63,69,1.1014492753623188,0.042033394835877404,626,Call you back in a minute
2577,5158,1,5,63,69,1.1014492753623188,0.042033394835877404,626,What a hell! Did you see Trump at the other side?
4909,5158,0,7,62,69,1.1014492753623188,0.03661350600424963,626,"Wait, I'm breaking up."
3562,5158,0,7,62,69,1.1014492753623188,0.03661350600424963,626,"But Honey, what makes you always think I am horsing around?"
3857,5158,0,7,62,69,1.1014492753623188,0.03661350600424963,626,"Which one?

Can you believe there are no hands free laws in Wyoming?"
3906,5158,2,3,64,69,1.1014492753623188,0.046830158455148395,626,I'll call you right back.  Gotta get a selfie of me falling.
4002,5158,1,5,63,69,1.1014492753623188,0.042033394835877404,626,"I'll call again when we've landed"""
4019,5158,1,5,63,69,1.1014492753623188,0.042033394835877404,626,I never knew equestrian could be so fun! This horse is my new ride- or-fly.
4560,5158,0,7,62,69,1.1014492753623188,0.03661350600424963,626,"Ha - oh, hang on, I'm about to head into a long tunnel, so I might lose you."
4697,5158,1,5,63,69,1.1014492753623188,0.042033394835877404,626,"Hey, my Bronc just busted a move!"
857,5158,0,7,62,69,1.1014492753623188,0.03661350600424963,626,And Do-Si-Dooooo!
5629,5158,1,5,63,69,1.1014492753623188,0.042033394835877404,626,I’m working on a fitting send-off into eternity.
3453,5158,0,7,62,69,1.1014492753623188,0.03661350600424963,626,Joke's on you 'Flicka': flip phone per my cheapness.
722,5158,0,7,62,69,1.1014492753623188,0.03661350600424963,626,Saddle Soaring
5078,5158,0,7,62,69,1.1014492753623188,0.03661350600424963,626,"Oh, you scamp!  Quit your fooling."
269,5158,1,5,63,69,1.1014492753623188,0.042033394835877404,626,Just doing some training exercises.
687,5158,1,5,63,69,1.1014492753623188,0.042033394835877404,626,WAIT!  You're breaking up..
3420,5183,0,7,63,70,1.1,0.036115755925730755,626,His tweets are getting buck wild
3172,5183,0,7,63,70,1.1,0.036115755925730755,626,Is that the best you got?
2831,5183,1,5,64,70,1.1,0.04145390815152651,626,You’ll love dating me! I’ve got big bucks! But—full disclosure—my man part is only this big.
2612,5183,1,5,64,70,1.1,0.04145390815152651,626,I'm out with a stud client. His name is Subprime!
2280,5183,2,3,65,70,1.1,0.04617905559865247,626,"Yes, but can you throw a fast ball????"
1816,5183,0,7,63,70,1.1,0.036115755925730755,626,I figure death by bucking bronco is a much better ending than being stabbed in the back by somebodies Big Brother.
1521,5183,0,7,63,70,1.1,0.036115755925730755,626,ha ha very funny... when is my break really over!
1244,5183,0,7,63,70,1.1,0.036115755925730755,626,"Uh, oh; what’s the nearest virtual hospital?"
776,5183,1,5,64,70,1.1,0.04145390815152651,626,"Horse: Get off me dude!
City Slicker: This is the most excited I've been since my wife dumped me."
603,5183,0,7,63,70,1.1,0.036115755925730755,626,Is this Ennis? This is Jack!
993,5183,0,7,63,70,1.1,0.036115755925730755,626,You assume I'm horsing around.
376,5194,0,7,64,71,1.0985915492957747,0.03563129757936204,626,"Here and Now Farm:
 now offering classes in mindfulness, 
Corporate discounts available."
2836,5194,1,5,65,71,1.0985915492957747,0.0408901437281722,626,I thought this was going to be just a matter of politics!
4200,5194,0,7,64,71,1.0985915492957747,0.03563129757936204,626,I’m going to be in a full body cast for awhile.
2355,5197,1,5,66,72,1.0972222222222223,0.04034147195184963,626,Hello? Is this Time and Temperature?
2810,5197,1,5,66,72,1.0972222222222223,0.04034147195184963,626,You only need a couple bucks to have fun!
5799,5197,0,7,65,72,1.0972222222222223,0.035159608253116335,626,"so Cindy, we were talking about the new refrigerator you got..... definetely go with silver."
3425,5200,0,6,57,63,1.0952380952380953,0.03728006482184823,626,"I said, ""I'm bucked!"" The dollar's fine."
3819,5200,1,4,58,63,1.0952380952380953,0.04361004475139291,626,I'm addressing one last client request and then I'm hoping the account is ours.
3929,5200,0,6,57,63,1.0952380952380953,0.03728006482184823,626,"My miles are through the roof, but they fleece you for a scheduled dismount!"
2910,5200,0,6,57,63,1.0952380952380953,0.03728006482184823,626,You never guess what's just happening...
3947,5200,0,6,57,63,1.0952380952380953,0.03728006482184823,626,This has got a flip to it!
3983,5200,1,4,58,63,1.0952380952380953,0.04361004475139291,626,"I can't talk right now, I'm going over things with the mare"
4026,5200,0,6,57,63,1.0952380952380953,0.03728006482184823,626,Can you believe this is a lot easier then trying to stay on top of the news.
4031,5200,0,6,57,63,1.0952380952380953,0.03728006482184823,626,Am I being Detained?
4065,5200,2,2,59,63,1.0952380952380953,0.0491311385306282,626,Hey Honey! They let you steer and use your cell phone: oops!
4102,5200,0,6,57,63,1.0952380952380953,0.03728006482184823,626,"I'm not horsing around anymore, I will be there in 30 minutes!"
2965,5200,0,6,57,63,1.0952380952380953,0.03728006482184823,626,"Yes, I'm on a mobile."
3414,5200,2,2,59,63,1.0952380952380953,0.0491311385306282,626,you said i was flying cattle?!
3108,5200,0,6,57,63,1.0952380952380953,0.03728006482184823,626,Hi ! Oh I’m just horsing around!
3151,5200,0,6,57,63,1.0952380952380953,0.03728006482184823,626,"The flight has been pretty bumpy, honey, but I’m hoping for a smooth landing."
3578,5200,1,4,58,63,1.0952380952380953,0.04361004475139291,626,I would Be a Liar...
3624,5200,0,6,57,63,1.0952380952380953,0.03728006482184823,626,I get it. It can wait. I won't text and drive.
3639,5200,0,6,57,63,1.0952380952380953,0.03728006482184823,626,We are so bucked!
3648,5200,0,6,57,63,1.0952380952380953,0.03728006482184823,626,Call Ann Romeny. I'm ready for dressage.
3687,5200,0,6,57,63,1.0952380952380953,0.03728006482184823,626,Some Guy Falling Off a Horse
3728,5200,0,6,57,63,1.0952380952380953,0.03728006482184823,626,"Thanks for sharing your new ""Thunder"" sleep sound."
3761,5200,0,6,57,63,1.0952380952380953,0.03728006482184823,626,"I'll be late again, I'm busting my hump."
3814,5200,0,6,57,63,1.0952380952380953,0.03728006482184823,626,"Whoa,I thought it was like riding a bike--you never forget."
3361,5200,0,6,57,63,1.0952380952380953,0.03728006482184823,626,"Run this backward, and I'll show you how to stabilize the stock market."
3328,5200,1,4,58,63,1.0952380952380953,0.04361004475139291,626,Wish I could stay in touch more often.
4123,5200,1,4,58,63,1.0952380952380953,0.04361004475139291,626,Poor Timing Democrate Robo Call
3293,5200,0,6,57,63,1.0952380952380953,0.03728006482184823,626,"I'm fine, just a little out of context!"
3289,5200,1,4,58,63,1.0952380952380953,0.04361004475139291,626,Let me pull off the road for your call.
3246,5200,1,4,58,63,1.0952380952380953,0.04361004475139291,626,I told him to go buck himself
3153,5200,1,4,58,63,1.0952380952380953,0.04361004475139291,626,And that’s how he got his head in the clouds
3149,5200,1,4,58,63,1.0952380952380953,0.04361004475139291,626,This whole trip is just a buck.
4144,5200,2,2,59,63,1.0952380952380953,0.0491311385306282,626,"Oh,Oh a couwboy texting and riding!!"
4585,5200,0,6,57,63,1.0952380952380953,0.03728006482184823,626,You mean we're getting standing desks?
4312,5200,1,4,58,63,1.0952380952380953,0.04361004475139291,626,"Honey! They fired Nick, not me!"
5725,5200,1,4,58,63,1.0952380952380953,0.04361004475139291,626,It's true! Flip phones are all the rage out here.
5680,5200,0,6,57,63,1.0952380952380953,0.03728006482184823,626,"I usually commute by mechanical bull, but this is faster."
5519,5200,0,6,57,63,1.0952380952380953,0.03728006482184823,626,He hasn't had his supper yet.
5516,5200,1,4,58,63,1.0952380952380953,0.04361004475139291,626,Can I put you on hold for a minute?
5487,5200,0,6,57,63,1.0952380952380953,0.03728006482184823,626,it's a tie! I threw the reins around him like a lasso just as he threw me.
5475,5200,1,4,58,63,1.0952380952380953,0.04361004475139291,626,"Sorry man, I'm on a break. Ya know, union rules."
5426,5200,0,6,57,63,1.0952380952380953,0.03728006482184823,626,"Hey, there's no Wild Mouse in Montana, so guess what I'm riding ..."
2895,5200,0,6,57,63,1.0952380952380953,0.03728006482184823,626,"This is payback time for 5,000 years of domestication, buddy!"
5415,5200,0,6,57,63,1.0952380952380953,0.03728006482184823,626,Wow! This is much more fun than a donkey or elephant!
5414,5200,0,6,57,63,1.0952380952380953,0.03728006482184823,626,Hey! This call is for you. It's your agent!
5402,5200,0,6,57,63,1.0952380952380953,0.03728006482184823,626,Burr under the saddle my ass!
5324,5200,0,6,57,63,1.0952380952380953,0.03728006482184823,626,"Don’t worry, I will not text and bronc."
5216,5200,0,6,57,63,1.0952380952380953,0.03728006482184823,626,Only really sick people will laugh at this!
5120,5200,0,6,57,63,1.0952380952380953,0.03728006482184823,626,"Hello, ambulance?...I'm just about to be thr...oops...get here as soon as you can.."
4918,5200,0,6,57,63,1.0952380952380953,0.03728006482184823,626,"Home soon, honey, the new Uber Horse option is just a bit tricky!"
4854,5200,0,6,57,63,1.0952380952380953,0.03728006482184823,626,"Well, it’s actually a horse not a tea kettle . . . ."
4798,5200,0,6,57,63,1.0952380952380953,0.03728006482184823,626,"Siri, how do I get to Row-DA-oh?"
4770,5200,1,4,58,63,1.0952380952380953,0.04361004475139291,626,"I'm glad I didn't purchase the Tesla, hun!"
4746,5200,0,6,57,63,1.0952380952380953,0.03728006482184823,626,"Hey Jim, can you tell me how Ace Ventura sat on his sofa back again?"
4710,5200,0,6,57,63,1.0952380952380953,0.03728006482184823,626,Barely-there-back Riding
4673,5200,0,6,57,63,1.0952380952380953,0.03728006482184823,626,You call this the Pasodoble? I ain't no BULL!!
4611,5200,1,4,58,63,1.0952380952380953,0.04361004475139291,626,No one told me this mule was from Kiev!!
4589,5200,0,6,57,63,1.0952380952380953,0.03728006482184823,626,"911, what's your emergency?""
""Hi, I was just wondering long it takes to remove a hoof from a given body part.""
""I'm not sure. When did it happen?""
""Oh, I'm calling in anticipation."
4492,5200,0,6,57,63,1.0952380952380953,0.03728006482184823,626,you should try riding one of these-- it's better than a roller coaster and you can talk on your cell phone
4413,5200,0,6,57,63,1.0952380952380953,0.03728006482184823,626,Attempting this without proper supervision may not be such a good idea.
4389,5200,0,6,57,63,1.0952380952380953,0.03728006482184823,626,I know HR said no more horsing around...
4334,5200,0,6,57,63,1.0952380952380953,0.03728006482184823,626,Market sell everything. I feel a big crash coming.
4326,5200,1,4,58,63,1.0952380952380953,0.04361004475139291,626,"Right,  ""Miles & Miles of Texas.""  THAT hasn't been done yet, has it?"
4313,5200,1,4,58,63,1.0952380952380953,0.04361004475139291,626,Nothing much new. On my cellphone as usual.
4145,5200,0,6,57,63,1.0952380952380953,0.03728006482184823,626,"Okay, let's make it two out of three."
2649,5200,1,4,58,63,1.0952380952380953,0.04361004475139291,626,I'm not dressed for this!
2406,5200,0,6,57,63,1.0952380952380953,0.03728006482184823,626,I'm on the horse now. No bucking!
2525,5200,0,6,57,63,1.0952380952380953,0.03728006482184823,626,"I forgot to get on the ""quiet horse."""
1063,5200,0,6,57,63,1.0952380952380953,0.03728006482184823,626,"I'm on my way, in my mustang now."
903,5200,0,6,57,63,1.0952380952380953,0.03728006482184823,626,Another failed John Elway Halftime Show attempt
897,5200,0,6,57,63,1.0952380952380953,0.03728006482184823,626,Hey Horsey! Stop treating me like my wife!! Nor am I your husband!!!
774,5200,0,6,57,63,1.0952380952380953,0.03728006482184823,626,She’s not a Neil Young fan either.
745,5200,1,4,58,63,1.0952380952380953,0.04361004475139291,626,Buckaroo call fall!
729,5200,0,6,57,63,1.0952380952380953,0.03728006482184823,626,You've got to imagine success to have success.
628,5200,0,6,57,63,1.0952380952380953,0.03728006482184823,626,"Really, Smithers? Let us turn your accident into a Yeehaw?"
612,5200,1,4,58,63,1.0952380952380953,0.04361004475139291,626,"That noise? Sorry, but my Bluetooth isn't working."
605,5200,0,6,57,63,1.0952380952380953,0.03728006482184823,626,"And that goes for Mr. or Ms. So Important That You Can't Focus on Your ride, too."
567,5200,0,6,57,63,1.0952380952380953,0.03728006482184823,626,hang on i gotta jump over this misshapen horse
379,5200,0,6,57,63,1.0952380952380953,0.03728006482184823,626,"Birth of the expression: ""horsing around"""
369,5200,0,6,57,63,1.0952380952380953,0.03728006482184823,626,"Whoa, they warned me not to text and buck, but didn't say not to call so I must be ok."
318,5200,0,6,57,63,1.0952380952380953,0.03728006482184823,626,"Trust me, this will totally disrupt the last mile delivery market!"
248,5200,0,6,57,63,1.0952380952380953,0.03728006482184823,626,You're up in the air about it?
222,5200,1,4,58,63,1.0952380952380953,0.04361004475139291,626,I get to make all of my long distance calls for only a buck!
220,5200,1,4,58,63,1.0952380952380953,0.04361004475139291,626,"Jackson Hole is Great! Yeah, the new Aspen... Really getting connecting with nature... I'll have to get you back ... my masseuse is calling."
113,5200,0,6,57,63,1.0952380952380953,0.03728006482184823,626,I'm doing the #kikichallenge!
70,5200,0,6,57,63,1.0952380952380953,0.03728006482184823,626,"Hey dude, it's your dude. Guess where I'm vacationing, dude."
2636,5200,0,6,57,63,1.0952380952380953,0.03728006482184823,626,"Yep,you've reached 3 Bar Ranch."
1173,5200,1,4,58,63,1.0952380952380953,0.04361004475139291,626,UNIMPORTANT CALL YET OBLIVIOUS TO THE ENVIRONMENT
1284,5200,0,6,57,63,1.0952380952380953,0.03728006482184823,626,Why the long face?
187,5200,1,4,58,63,1.0952380952380953,0.04361004475139291,626,I expect a bottom pretty soon -- I'll call you later.
1326,5200,0,6,57,63,1.0952380952380953,0.03728006482184823,626,At least it is better behaved than a Donkey or Elephant.
1314,5200,1,4,58,63,1.0952380952380953,0.04361004475139291,626,It’s a typical Trump tweet and doesn’t really show a grasp of the issue.
2505,5200,1,4,58,63,1.0952380952380953,0.04361004475139291,626,"If I knew this existed ,ross, I wouldn't be stuck in wall street."
2318,5200,1,4,58,63,1.0952380952380953,0.04361004475139291,626,"Tell Trump, the economic outlook is somewhere between a raging bull and sleeping bear."
2275,5200,0,6,57,63,1.0952380952380953,0.03728006482184823,626,"Hold on, I'm bucked."
2211,5200,1,4,58,63,1.0952380952380953,0.04361004475139291,626,"Hey Duke, the floor is lava!"
2053,5200,0,6,57,63,1.0952380952380953,0.03728006482184823,626,I know it. You know it. But Yee-hah! I’m having fun!
2032,5200,1,4,58,63,1.0952380952380953,0.04361004475139291,626,"This new bucking bronco app is so lifelike.

----

Let the app of our hearts sense all the love we can know.

God Bless."
1942,5200,0,6,57,63,1.0952380952380953,0.03728006482184823,626,"I know it's big bucks, but this ain't my first rodeo."
1848,5200,1,4,58,63,1.0952380952380953,0.04361004475139291,626,"Haha! ""Damn near killed him"" Hillarious!"
2172,5200,0,6,57,63,1.0952380952380953,0.03728006482184823,626,"I can't hold on, I've lost contact."
1786,5200,0,6,57,63,1.0952380952380953,0.03728006482184823,626,Darn. I've really got to stop horsing around.
1358,5200,1,4,58,63,1.0952380952380953,0.04361004475139291,626,I do love a good cattle call.
1374,5200,0,6,57,63,1.0952380952380953,0.03728006482184823,626,"It's a fiery horse with the speed light, a cloud of dust, and a hearty hi ho, over I go."
1837,5200,1,4,58,63,1.0952380952380953,0.04361004475139291,626,So then I said arghhh
1517,5200,0,6,57,63,1.0952380952380953,0.03728006482184823,626,"ROTFLMAO! In a moment, anyway!"
1477,5200,0,6,57,63,1.0952380952380953,0.03728006482184823,626,The Arthur Murray dance lessons were certainly worth it.
1627,5200,1,4,58,63,1.0952380952380953,0.04361004475139291,626,"Hi Honey, I’m afraid the wedding’s off."
1637,5200,0,6,57,63,1.0952380952380953,0.03728006482184823,626,"Hold on Doris, I'll ring you back in a moment."
1677,5200,0,6,57,63,1.0952380952380953,0.03728006482184823,626,Thanks! Now I can die happy.
1551,5200,1,4,58,63,1.0952380952380953,0.04361004475139291,626,"Hey Boss, you know that DUI ticket and license suspension I got? Well, I think I've found a way to get to work."
5015,5309,1,4,59,64,1.09375,0.0429490169335173,626,"Hi..?  Oh, Sylvia..."
1603,5309,0,6,58,64,1.09375,0.036723103212062694,626,We're going to try out for America's Got Talent
161,5309,1,4,59,64,1.09375,0.0429490169335173,626,"I""ll have to put you on hold, I' m flying   through another call"
1630,5309,1,4,59,64,1.09375,0.0429490169335173,626,I'm getting a big kick out of my vacation!
2022,5309,1,4,59,64,1.09375,0.0429490169335173,626,Whoa.  This synchronized bronco riding ins't quite as advertised.
2725,5309,0,6,58,64,1.09375,0.036723103212062694,626,Check out my Instagram!
3896,5309,1,4,59,64,1.09375,0.0429490169335173,626,"I'm telling you, Mare Cunningham's new choreography is unlike anything she's done before!"
4474,5309,0,6,58,64,1.09375,0.036723103212062694,626,"Whoa,Sassy girl. Don't you vote your Uncle Roy out too."
4565,5309,0,6,58,64,1.09375,0.036723103212062694,626,Buddy- “ The Perfect sidekick”
758,5318,0,6,59,65,1.0923076923076922,0.03618247638889766,626,No son. I said your dad is on a bucking horse. Told you before I’m DONE with financials.
2116,5319,0,5,55,60,1.0833333333333333,0.03598231413236438,626,Whoa! This sure is a kick ass cha cha I downloaded onto my mobile phone!
3072,5319,0,5,55,60,1.0833333333333333,0.03598231413236438,626,I’ll have the bucking report by Friday
2972,5319,1,3,56,60,1.0833333333333333,0.04312422383919018,626,"Okay, okay, I understand, No means No!"
2809,5319,0,5,55,60,1.0833333333333333,0.03598231413236438,626,"Giddyap, man!"
2699,5319,0,5,55,60,1.0833333333333333,0.03598231413236438,626,Whoa! I forgot my jacket.
2547,5319,0,5,55,60,1.0833333333333333,0.03598231413236438,626,Enough about your OTHER horse!  Tell 'im to come pick you up here.
1994,5319,0,5,55,60,1.0833333333333333,0.03598231413236438,626,Nancy Pelosi gets involved in the midterms
3135,5319,1,3,56,60,1.0833333333333333,0.04312422383919018,626,I heard you say “Check out the rodeo app not Rodeo Gap
3185,5319,1,3,56,60,1.0833333333333333,0.04312422383919018,626,Dirty Dancing
4363,5319,1,3,56,60,1.0833333333333333,0.04312422383919018,626,What do you mean my insurance doesn't cover bucking bronco injuries?
3466,5319,0,5,55,60,1.0833333333333333,0.03598231413236438,626,It seems Ol' Paint here didn't like that I kept sitting on the fence ...
5831,5319,0,5,55,60,1.0833333333333333,0.03598231413236438,626,Now I understand why you're called Lightning.
1990,5319,0,5,55,60,1.0833333333333333,0.03598231413236438,626,"Ha, Ha! Come on you little rascal!"
5858,5319,0,5,55,60,1.0833333333333333,0.03598231413236438,626,"While you're airborne, I want you to think of how privileged you are. For instance, you can mate at your will. I can't."
5540,5319,1,3,56,60,1.0833333333333333,0.04312422383919018,626,"I thought you said Turn, Jump, Spin but not all at the same timee"
5214,5319,0,5,55,60,1.0833333333333333,0.03598231413236438,626,"FOHLOL"""
5085,5319,1,3,56,60,1.0833333333333333,0.04312422383919018,626,"...but I haven't even gotten to the tax cuts, yet!"
5025,5319,1,3,56,60,1.0833333333333333,0.04312422383919018,626,"Of course I can hold, no problem!"
5018,5319,1,3,56,60,1.0833333333333333,0.04312422383919018,626,No cell phones while riding.
4810,5319,0,5,55,60,1.0833333333333333,0.03598231413236438,626,``She's everything I've ever wanted!''
4803,5319,1,3,56,60,1.0833333333333333,0.04312422383919018,626,"Well, honey, I really bucked up this time."
4719,5319,0,5,55,60,1.0833333333333333,0.03598231413236438,626,"Ya, right, uh-huh, wow, are you kidding?"
4414,5319,0,5,55,60,1.0833333333333333,0.03598231413236438,626,"Dude Ranch Riding Competition: ""Nailed It!"""
4071,5319,0,5,55,60,1.0833333333333333,0.03598231413236438,626,"My car won't let me talk on my cell phone when riding, either."
3877,5319,0,5,55,60,1.0833333333333333,0.03598231413236438,626,I’d like to order an air mattress for immediate delivery.”
3801,5319,1,3,56,60,1.0833333333333333,0.04312422383919018,626,Yea... and then he told me to go BUCK myself!
3721,5319,0,5,55,60,1.0833333333333333,0.03598231413236438,626,Hello?  You're breaking up while I'm breaking in!
3651,5319,1,3,56,60,1.0833333333333333,0.04312422383919018,626,You're Bucking Me Like New York is Bucking Spectrum!
3584,5319,0,5,55,60,1.0833333333333333,0.03598231413236438,626,"No, this isn't a buck dial"
3552,5319,2,1,57,60,1.0833333333333333,0.049240942650857204,626,What could go wrong with Trump in charge? He's as steady as old Dobbin!
3407,5319,1,3,56,60,1.0833333333333333,0.04312422383919018,626,When I said give me a brake I did not talk to you
1976,5319,0,5,55,60,1.0833333333333333,0.03598231413236438,626,Don't like bond traders......eh?
2411,5319,0,5,55,60,1.0833333333333333,0.03598231413236438,626,Next on my bucket list: Lion taming!
1895,5319,0,5,55,60,1.0833333333333333,0.03598231413236438,626,"Sure, I'll be heading over to the cleaner's anyway."
1626,5319,0,5,55,60,1.0833333333333333,0.03598231413236438,626,"Dear Honey, how can I help you?"
1550,5319,1,3,56,60,1.0833333333333333,0.04312422383919018,626,Come on! This is not a rodeo!!
1135,5319,1,3,56,60,1.0833333333333333,0.04312422383919018,626,"Just a minute, I shouldn't be on the phone when I'm driving."
1018,5319,0,5,55,60,1.0833333333333333,0.03598231413236438,626,"Sweetheart, I said ""nude ranch not dude ranch""."
484,5319,0,5,55,60,1.0833333333333333,0.03598231413236438,626,I'm sure glad this is an AT&T connect virtual simulation!
256,5319,0,5,55,60,1.0833333333333333,0.03598231413236438,626,Don't move .  You're coming in loud and clear
232,5319,0,5,55,60,1.0833333333333333,0.03598231413236438,626,Can I call you back once I've been admitted for x-rays?
72,5319,1,3,56,60,1.0833333333333333,0.04312422383919018,626,She’s my ride or die horse.
25,5319,0,5,55,60,1.0833333333333333,0.03598231413236438,626,"Yeah, the view is great from up here!"
1961,5319,0,5,55,60,1.0833333333333333,0.03598231413236438,626,Look out world!
3353,5363,0,5,56,61,1.0819672131147542,0.03541388359785716,626,I guess I took corporate’s “bucking trends” instruction a bit too seriously ...
2783,5363,0,5,56,61,1.0819672131147542,0.03541388359785716,626,Gotta go. I've an important call coming in.
2475,5363,0,5,56,61,1.0819672131147542,0.03541388359785716,626,Howdyeedo?
2385,5363,1,3,57,61,1.0819672131147542,0.04243337411654028,626,Great... what am I supposed to do now?
1240,5363,0,5,56,61,1.0819672131147542,0.03541388359785716,626,"Come on, the horse couldn't have at least waited until I got a picture on it after I finished my call?"
1873,5363,0,5,56,61,1.0819672131147542,0.03541388359785716,626,"Mom, I'm just trying to be like Tom Cruise!"
1538,5363,1,3,57,61,1.0819672131147542,0.04243337411654028,626,Morpheus! Not much...What's up with you?
1469,5363,1,3,57,61,1.0819672131147542,0.04243337411654028,626,This one’s feeling more like “die” than “ride.”
2277,5363,1,3,57,61,1.0819672131147542,0.04243337411654028,626,Worst break-dancing partner I've ever had
3720,5363,0,5,56,61,1.0819672131147542,0.03541388359785716,626,"No, YOU get back on first."
4995,5363,0,5,56,61,1.0819672131147542,0.03541388359785716,626,I can't hear you. We have a bad connection.
4188,5363,1,3,57,61,1.0819672131147542,0.04243337411654028,626,Me too
4310,5363,1,3,57,61,1.0819672131147542,0.04243337411654028,626,Get your hoof out my coat pocket
975,5363,1,3,57,61,1.0819672131147542,0.04243337411654028,626,"It's amazingly authentic dude. And I only paid 10,000 bucks for the entire weekend!"
5057,5363,1,3,57,61,1.0819672131147542,0.04243337411654028,626,I made the cut! I'm Blake Little's Gay Cowboy Collection now hanging at Gilcrease Museum!
5126,5363,0,5,56,61,1.0819672131147542,0.03541388359785716,626,I said left -left turn!
5138,5363,0,5,56,61,1.0819672131147542,0.03541388359785716,626,I thought I can manage this stallion: says the RNC.
5348,5363,1,3,57,61,1.0819672131147542,0.04243337411654028,626,I didn't know he is scared of heights....
5422,5363,0,5,56,61,1.0819672131147542,0.03541388359785716,626,I don’t know. I was on hold and they started playing In My Feelings and...
5796,5363,1,3,57,61,1.0819672131147542,0.04243337411654028,626,"Just another day at the office."""
3825,5363,1,3,57,61,1.0819672131147542,0.04243337411654028,626,"My ringtone is Hi-Ho, Silver!"
411,5363,1,3,57,61,1.0819672131147542,0.04243337411654028,626,Happiness is...
3827,5363,0,5,56,61,1.0819672131147542,0.03541388359785716,626,It's a great plan but there's a small catch.
289,5363,1,3,57,61,1.0819672131147542,0.04243337411654028,626,I'd like to submit my polling results! The GOP is in for a rough ride.
322,5363,1,3,57,61,1.0819672131147542,0.04243337411654028,626,So I tell the embicile he'd better start paying attention or there may be hell to pay!
5577,5388,0,5,57,62,1.0806451612903225,0.03486308566114124,626,"Johnny get the boys together, I'm throwing a party. I'm about to come into a large sum of money."
5246,5388,1,3,58,62,1.0806451612903225,0.04176428464117013,626,I had no idea that Uber XL had Broncos
4600,5388,0,5,57,62,1.0806451612903225,0.03486308566114124,626,"That's a great slogan Harry, but this buck can't read."
3897,5388,1,3,58,62,1.0806451612903225,0.04176428464117013,626,"Lately, I'm into synchronized broncobusting."
3162,5388,0,5,57,62,1.0806451612903225,0.03486308566114124,626,"Hi boss, its me. I've got the perfect ad campaign for our new Bucking Bronc  account: ""You'll fly through the air with the greatest of ease!"""
2885,5388,1,3,58,62,1.0806451612903225,0.04176428464117013,626,Brodeo
2462,5388,0,5,57,62,1.0806451612903225,0.03486308566114124,626,Bronco Busted
1183,5388,0,5,57,62,1.0806451612903225,0.03486308566114124,626,"Yes, I'll get to that, right after I have the stitches removed."
1124,5388,0,5,57,62,1.0806451612903225,0.03486308566114124,626,All I said was Giddyap. You shouldn't take it the wrong way.
1080,5388,0,5,57,62,1.0806451612903225,0.03486308566114124,626,"I could have chosen a donkey or elephant to ride, but I figured this would be safer."
834,5388,1,3,58,62,1.0806451612903225,0.04176428464117013,626,This image is so perfect it doesn't need a caption
189,5388,2,1,59,62,1.0806451612903225,0.04767678891621463,626,Bravo! Baryshnikov should have done an arabesque with such aplomb!
91,5388,0,5,57,62,1.0806451612903225,0.03486308566114124,626,A funner way to earn a buck.
23,5388,0,5,57,62,1.0806451612903225,0.03486308566114124,626,"Oh wow, I think that jolt fixed my slipped disc!"
1332,5388,0,5,57,62,1.0806451612903225,0.03486308566114124,626,"Nero fiddled while Rome burned; when it happened here, I was on my iPhone."
83,5403,0,5,58,63,1.0793650793650793,0.034329114781078834,626,"Wait 'till I tell my wife, I AM the bad cowboy of her dreams."
4802,5403,0,5,58,63,1.0793650793650793,0.034329114781078834,626,"Hello Meme? It's me, Trend!"
4703,5403,0,5,58,63,1.0793650793650793,0.034329114781078834,626,"Damn, I forgot my helmet."
4420,5403,1,3,59,63,1.0793650793650793,0.04111594449541165,626,The prarie's lava
708,5407,0,5,59,64,1.078125,0.033811213593755246,626,"I really just needed to get away from the stress of work, and I've never felt better!"
4394,5407,1,3,60,64,1.078125,0.04048740434646664,626,Think it's time we pass the reins on this project to someone with unbridled enthusiasm for the subject
5076,5407,1,3,60,64,1.078125,0.04048740434646664,626,Three stars? THREE? STARS?
2543,5410,0,4,52,56,1.0714285714285714,0.03472660248602838,626,No problem -- bitcoin just hit a new high!
2400,5410,0,4,52,56,1.0714285714285714,0.03472660248602838,626,Don't you know that I am the BEST negotiator that ever existed....
3279,5410,1,2,53,56,1.0714285714285714,0.04307304922539478,626,My new wife's playing hard to get.
3025,5410,0,4,52,56,1.0714285714285714,0.03472660248602838,626,You know that ranch I always wanted?
2524,5410,0,4,52,56,1.0714285714285714,0.03472660248602838,626,I knew I shouldn’t have worn my good clothes!
2901,5410,0,4,52,56,1.0714285714285714,0.03472660248602838,626,"Yes,I'm from Washington and yes I support  Trumps' immigration controls."
2520,5410,0,4,52,56,1.0714285714285714,0.03472660248602838,626,"Tots cra-cra, I know, right?"
2762,5410,0,4,52,56,1.0714285714285714,0.03472660248602838,626,Who said you can't Buck the system
2663,5410,1,2,53,56,1.0714285714285714,0.04307304922539478,626,"I'm a happy caballero, not gay..."
2625,5410,1,2,53,56,1.0714285714285714,0.04307304922539478,626,Listen mister...no bucking cell phones when you ride on me.
5673,5410,0,4,52,56,1.0714285714285714,0.03472660248602838,626,"No! No! I said I was on a ""BUCKING"" bronco"
2549,5410,0,4,52,56,1.0714285714285714,0.03472660248602838,626,Let me see your driver's license!
2865,5410,0,4,52,56,1.0714285714285714,0.03472660248602838,626,I said LEFT!
2853,5410,0,4,52,56,1.0714285714285714,0.03472660248602838,626,I've just called an Uber.
4708,5410,0,4,52,56,1.0714285714285714,0.03472660248602838,626,I don’t care!
2246,5410,1,2,53,56,1.0714285714285714,0.04307304922539478,626,"July 23rd
What, I made a choice,...You go, now you want to make up, forget about it!"
4907,5410,1,2,53,56,1.0714285714285714,0.04307304922539478,626,"No, I don't have my own streaming show."
4998,5410,1,2,53,56,1.0714285714285714,0.04307304922539478,626,"Now, lets try the Bowie knife .."
5232,5410,0,4,52,56,1.0714285714285714,0.03472660248602838,626,Tony’s the only one who can get any kind of kick out of him.
5315,5410,0,4,52,56,1.0714285714285714,0.03472660248602838,626,I need the insurance coverage RIGHT NOW1
5374,5410,1,2,53,56,1.0714285714285714,0.04307304922539478,626,"It's a great dance, you should try it sometime!"
4552,5410,1,2,53,56,1.0714285714285714,0.04307304922539478,626,"Honey, I'm sorry the Introduction To Neanderthal Literature lecture series is a no-go. I broke my shoulder saving an orphan from a runaway bus."
4502,5410,1,2,53,56,1.0714285714285714,0.04307304922539478,626,"No, mom, I said BUCKIN' bronco!"
4369,5410,1,2,53,56,1.0714285714285714,0.04307304922539478,626,Don't underestimate the power of an London horse
4335,5410,0,4,52,56,1.0714285714285714,0.03472660248602838,626,"Let me call you back Honey, I'm in Hollywood trying out as a stunt rider"""
4333,5410,0,4,52,56,1.0714285714285714,0.03472660248602838,626,I said Giddyup and he went berserk.
4181,5410,0,4,52,56,1.0714285714285714,0.03472660248602838,626,Beautiful! One more rehearsal and I think we're ready for the Synchronized Bi/Quadruped  Olympics!
4022,5410,0,4,52,56,1.0714285714285714,0.03472660248602838,626,"No,it's not exactly a ride discount app."
3911,5410,1,2,53,56,1.0714285714285714,0.04307304922539478,626,My horse is smarter than your honor student.
3571,5410,0,4,52,56,1.0714285714285714,0.03472660248602838,626,"I'm testing my iPhone, but call 911"
3518,5410,0,4,52,56,1.0714285714285714,0.03472660248602838,626,You should of had a RedBull.
3498,5410,0,4,52,56,1.0714285714285714,0.03472660248602838,626,"Yee-hawh!  This is Jim, your bronco bustin' cowboy investment banker.  May I put you on a brief hold?"
3470,5410,1,2,53,56,1.0714285714285714,0.04307304922539478,626,"Sure, my phone is counterfeit but the VR is to die."
3460,5410,1,2,53,56,1.0714285714285714,0.04307304922539478,626,This work a better than a stress ball.
3311,5410,0,4,52,56,1.0714285714285714,0.03472660248602838,626,"Sorry, I'll have to call you back. The connection here really bucks."
4634,5410,0,4,52,56,1.0714285714285714,0.03472660248602838,626,"Actually, in a way I'm glad this call went to Dude Whisperer instead of Horse Whisperer."
2039,5410,0,4,52,56,1.0714285714285714,0.03472660248602838,626,Again!
2570,5410,1,2,53,56,1.0714285714285714,0.04307304922539478,626,This IS my fist time at the rodeo!
1968,5410,0,4,52,56,1.0714285714285714,0.03472660248602838,626,Yippee! (Riding a market neither bull nor bear.)
2005,5410,0,4,52,56,1.0714285714285714,0.03472660248602838,626,"They said I could never ""live off the land,"" but look at me now! I'm levitating over a horse!"
140,5410,0,4,52,56,1.0714285714285714,0.03472660248602838,626,"The buck's too strong, the stocks are jumpy, but we're going nowhere but up."
148,5410,0,4,52,56,1.0714285714285714,0.03472660248602838,626,Hores are like Middle School boys . Even the nice ones are oppositional.
532,5410,0,4,52,56,1.0714285714285714,0.03472660248602838,626,I have no idea why I'm laughing. Clearly I'm going to drop this call.
885,5410,1,2,53,56,1.0714285714285714,0.04307304922539478,626,I am bad at riding horses.
904,5410,0,4,52,56,1.0714285714285714,0.03472660248602838,626,"Hey, Marge, I just got bucked off a horse. It's not nearly as upsetting  as getting kicked out of Trump's White House with no reason given!"
1134,5410,0,4,52,56,1.0714285714285714,0.03472660248602838,626,I'm just catching up on my missed vacations.
213,5410,0,4,52,56,1.0714285714285714,0.03472660248602838,626,"As a personal injury attorney, I'm gonna clean up!"
1389,5410,0,4,52,56,1.0714285714285714,0.03472660248602838,626,I don't have any hangups do you?
1404,5410,0,4,52,56,1.0714285714285714,0.03472660248602838,626,"You can lead a Hank to horse, but you can’t make him ride."
1432,5410,0,4,52,56,1.0714285714285714,0.03472660248602838,626,This new flip phone is awesome!
1852,5410,0,4,52,56,1.0714285714285714,0.03472660248602838,626,Tell Chairman Perez I just thought of a new metaphor for working at the White House.
1866,5410,1,2,53,56,1.0714285714285714,0.04307304922539478,626,Nest time let's do a waltz
1880,5410,0,4,52,56,1.0714285714285714,0.03472660248602838,626,Bucking Broncohhh my Gosh!
1260,5410,0,4,52,56,1.0714285714285714,0.03472660248602838,626,"Sorry I can't talk right now, I'm in a zero gravity chamber with my horse!"
1896,5410,1,2,53,56,1.0714285714285714,0.04307304922539478,626,"It's as easy as, oh, what was the expression?"
4377,5465,0,4,53,57,1.0701754385964912,0.034134933513474304,626,"One sec, I have to take this."
3746,5465,0,4,53,57,1.0701754385964912,0.034134933513474304,626,"Hey Boss, new idea for a sit-com, Calamity James!"
3509,5465,0,4,53,57,1.0701754385964912,0.034134933513474304,626,"Hey, horse, what are you doing dumping me after the jump?  Are you mad at me for something I did. You could have been a bit more tactful and not toss me over like this."
3368,5465,0,4,53,57,1.0701754385964912,0.034134933513474304,626,"I've given up on golf, but bronco busting is in my blood."
2071,5465,0,4,53,57,1.0701754385964912,0.034134933513474304,626,"Did you say, 'hang on'?  I can't I'm about to land!"
2782,5465,0,4,53,57,1.0701754385964912,0.034134933513474304,626,One fart is too many!
946,5465,0,4,53,57,1.0701754385964912,0.034134933513474304,626,He’s my Ride or Die
1407,5465,0,4,53,57,1.0701754385964912,0.034134933513474304,626,Just like the rocking horses when I was growing up
4439,5465,0,4,53,57,1.0701754385964912,0.034134933513474304,626,"Yay!!!

Neigh!!!"
3234,5465,1,2,54,57,1.0701754385964912,0.04232918735352016,626,Fred bucks the ‘Don’t bronk and phone phone’ rule.
4590,5465,1,2,54,57,1.0701754385964912,0.04232918735352016,626,"Sorry, it’s just a butt call."
1606,5465,1,2,54,57,1.0701754385964912,0.04232918735352016,626,When I thoughts things were going so well!
4834,5465,0,4,53,57,1.0701754385964912,0.034134933513474304,626,Let's just say this 'faithful stead' crap is over.
4881,5465,0,4,53,57,1.0701754385964912,0.034134933513474304,626,Gotta go -  I just dropped the reins and old Thunderhooves is throwing a tantrum!
4981,5465,0,4,53,57,1.0701754385964912,0.034134933513474304,626,Now you go your way and I'll go mine.
5069,5465,0,4,53,57,1.0701754385964912,0.034134933513474304,626,"Hey, I just figured out how the stock market works!"
5152,5465,0,4,53,57,1.0701754385964912,0.034134933513474304,626,I'm busy. That stock trade will have to wait.
1476,5465,0,4,53,57,1.0701754385964912,0.034134933513474304,626,Where was Remington just 20 seconds ago.
4623,5465,1,2,54,57,1.0701754385964912,0.04232918735352016,626,"Ok, Dogfood, I’ll think of a new name for you"
955,5484,0,4,54,58,1.0689655172413792,0.033563052647743945,626,She didn’t know there was another Nellie.
1011,5484,0,4,54,58,1.0689655172413792,0.033563052647743945,626,Something just came to me. Could we pass the buck to Jim?
4116,5484,0,4,54,58,1.0689655172413792,0.033563052647743945,626,"Okay for this time, but let's make it two out of three."
3302,5484,0,4,54,58,1.0689655172413792,0.033563052647743945,626,"You put your right foot in, you put your right foot out..."
5269,5488,0,4,56,60,1.0666666666666667,0.03247482002983032,626,I just hatched a Pikachu egg!
1419,5489,0,3,50,53,1.0566037735849056,0.03204557643805459,626,"I'm telling you, Clarence, the dirt is nothing compared to downtown traffic! And you don't even feel bad not tipping!"
2565,5489,0,3,50,53,1.0566037735849056,0.03204557643805459,626,I discovered the western Coney Island  Cyclone.  Not quite as wild.
1829,5489,0,3,50,53,1.0566037735849056,0.03204557643805459,626,Seriously. I just quit that horse's ass and got a raise too.
5828,5489,0,3,50,53,1.0566037735849056,0.03204557643805459,626,"When I said, “whoa Nellie”, I meant whoa Flicka.”
I miss spoke, kinda like the President."
5777,5489,1,1,51,53,1.0566037735849056,0.041864165752847474,626,I told you to stop hoofing around.
5491,5489,0,3,50,53,1.0566037735849056,0.03204557643805459,626,"Just can't seem to take hold, pop.  Just being bucked around."
5449,5489,0,3,50,53,1.0566037735849056,0.03204557643805459,626,"Jumping on the horse like this is easy,the hard part is making your tie look like you're getting thrown off!"
5040,5489,0,3,50,53,1.0566037735849056,0.03204557643805459,626,Wow! Even better than a bill market!!
4769,5489,1,1,51,53,1.0566037735849056,0.041864165752847474,626,"Whoa, big fella! Your recent actions significantly increase the likelihood of serious injury or death on my part. Yee-haw!"
4201,5489,0,3,50,53,1.0566037735849056,0.03204557643805459,626,You wouldn't believe who threw a buck my way.
3969,5489,0,3,50,53,1.0566037735849056,0.03204557643805459,626,"Ha!,Ha! You change my ringtone to a rattlesnake noise."
3943,5489,0,3,50,53,1.0566037735849056,0.03204557643805459,626,Wrong Place .. the dog park is a block to the South .
3786,5489,1,1,51,53,1.0566037735849056,0.041864165752847474,626,There's nothing like trail mix for man and beast.
3719,5489,0,3,50,53,1.0566037735849056,0.03204557643805459,626,This new iPhone is an unbelievable trip!
3178,5489,0,3,50,53,1.0566037735849056,0.03204557643805459,626,Don't ride so high else you will  fall back someway or the other!!
3175,5489,0,3,50,53,1.0566037735849056,0.03204557643805459,626,Whoa Nellie!
3157,5489,0,3,50,53,1.0566037735849056,0.03204557643805459,626,I'll get back to you after I land!
2786,5489,0,3,50,53,1.0566037735849056,0.03204557643805459,626,Thrown again.  Sweet justice.
1316,5489,0,3,50,53,1.0566037735849056,0.03204557643805459,626,‘Yiii-ha’ THIS!
2439,5489,0,3,50,53,1.0566037735849056,0.03204557643805459,626,"Kick him to the curb"""
2266,5489,1,1,51,53,1.0566037735849056,0.041864165752847474,626,"I’ll take the high road, you take the low road."
2069,5489,0,3,50,53,1.0566037735849056,0.03204557643805459,626,"Hi honey, the dude ranch didn’t have a “cellphones prohibited” sign so go ahead and call my lawyer."
1676,5489,0,3,50,53,1.0566037735849056,0.03204557643805459,626,"Oh, I thought you said a bucking horse!"
1206,5489,0,3,50,53,1.0566037735849056,0.03204557643805459,626,"Yes, you're right, the ception is mac better."
5244,5489,1,1,51,53,1.0566037735849056,0.041864165752847474,626,Yippee!  Hula Flossing
550,5489,1,1,51,53,1.0566037735849056,0.041864165752847474,626,This isn't my first rodeo
508,5489,1,1,51,53,1.0566037735849056,0.041864165752847474,626,"Hi Hon, yup, just horsin' around here!"
345,5489,1,1,51,53,1.0566037735849056,0.041864165752847474,626,ESKEEEETTIT!!!!
902,5489,0,3,50,53,1.0566037735849056,0.03204557643805459,626,"Hold on, I'm getting off the E-Ticket ride."
3770,5518,1,1,52,54,1.0555555555555556,0.0410949597147016,626,I thought that I was auditioning for the rodeo clown job.
3670,5518,0,3,51,54,1.0555555555555556,0.031464006330825245,626,This is the bullshit I deserve for horsing around on my phone
3636,5518,0,3,51,54,1.0555555555555556,0.031464006330825245,626,"Hold on, I just lost my Wild Ride Connection"
3622,5518,0,3,51,54,1.0555555555555556,0.031464006330825245,626,still bucking the irends
3577,5518,0,3,51,54,1.0555555555555556,0.031464006330825245,626,And this one is me one day after work trying to ride bareback.
3553,5518,0,3,51,54,1.0555555555555556,0.031464006330825245,626,"Oh, nothing much... how about you?  What have you been up to to recently?"
3535,5518,0,3,51,54,1.0555555555555556,0.031464006330825245,626,"Y


Yeah,eahY"
3526,5518,1,1,52,54,1.0555555555555556,0.0410949597147016,626,"Big bucks, big buck."
3472,5518,0,3,51,54,1.0555555555555556,0.031464006330825245,626,Do-si-do your partner...Ye Haw!
3191,5518,0,3,51,54,1.0555555555555556,0.031464006330825245,626,I hate robocalls!!
3792,5518,0,3,51,54,1.0555555555555556,0.031464006330825245,626,The growth hormone works--invest now!
3076,5518,0,3,51,54,1.0555555555555556,0.031464006330825245,626,Can you hold on a second?
3038,5518,1,1,52,54,1.0555555555555556,0.0410949597147016,626,I don't do joy rides for Office Workers!
2861,5518,1,1,52,54,1.0555555555555556,0.0410949597147016,626,Why didn't that horse glue on the saddle stick?
2777,5518,0,3,51,54,1.0555555555555556,0.031464006330825245,626,We're naming it The Western Salsa move.
2708,5518,0,3,51,54,1.0555555555555556,0.031464006330825245,626,I'll call you back in the next life!
2704,5518,0,3,51,54,1.0555555555555556,0.031464006330825245,626,The Dow Jones Average doesn't get any wilder than this!
2448,5518,0,3,51,54,1.0555555555555556,0.031464006330825245,626,"I just thrown by a bucking fronco, but I'm on top of it."
2183,5518,1,1,52,54,1.0555555555555556,0.0410949597147016,626,"And that Pilgrims, is how you do the Floss!"
3260,5518,0,3,51,54,1.0555555555555556,0.031464006330825245,626,It's the new buckaroo workout !
3843,5518,1,1,52,54,1.0555555555555556,0.0410949597147016,626,"Hold that thought, I'm busy earning a buck!"
3925,5518,0,3,51,54,1.0555555555555556,0.031464006330825245,626,The good news is I’ve broken in my new boots.
2170,5518,0,3,51,54,1.0555555555555556,0.031464006330825245,626,"They're supportive, but their style is a little too jazzy for me."
5762,5518,1,1,52,54,1.0555555555555556,0.0410949597147016,626,Supersize your future with an MBA from Rodeo Clown College
5723,5518,1,1,52,54,1.0555555555555556,0.0410949597147016,626,Could I borrow a buck?
5721,5518,0,3,51,54,1.0555555555555556,0.031464006330825245,626,"Well, Millennia, if activation is this easy, you should have a satisfied customer for life!"
5634,5518,0,3,51,54,1.0555555555555556,0.031464006330825245,626,Mid-life crises? What mid-life crises?
5509,5518,1,1,52,54,1.0555555555555556,0.0410949597147016,626,"When you do this, don't forget your selfie stick!"
5226,5518,1,1,52,54,1.0555555555555556,0.0410949597147016,626,I'm not going to become a burger.
5140,5518,0,3,51,54,1.0555555555555556,0.031464006330825245,626,I should never have given you that hula hoop!
5027,5518,1,1,52,54,1.0555555555555556,0.0410949597147016,626,Buckin' city slicker
4999,5518,0,3,51,54,1.0555555555555556,0.031464006330825245,626,Can you believe that hee haw about distracted riding?
4991,5518,0,3,51,54,1.0555555555555556,0.031464006330825245,626,No way. You cheated again. That's way too funny.
4961,5518,0,3,51,54,1.0555555555555556,0.031464006330825245,626,This resilience training is a real killer!
4953,5518,0,3,51,54,1.0555555555555556,0.031464006330825245,626,"No, Sullivan, not corporate strategy. Corporate sat a gee."
4871,5518,0,3,51,54,1.0555555555555556,0.031464006330825245,626,Someone doesn't like Marimba!
4740,5518,0,3,51,54,1.0555555555555556,0.031464006330825245,626,Sure! I can take your survey!!
4603,5518,0,3,51,54,1.0555555555555556,0.031464006330825245,626,I now understand that elected officials just horsing around is no longer going to be tolerated.
4601,5518,1,1,52,54,1.0555555555555556,0.0410949597147016,626,I'm a cinch for silver if I nail this flip this late in the program.
4597,5518,0,3,51,54,1.0555555555555556,0.031464006330825245,626,"Well, I wouldn't say it was exactly a bull market."
4591,5518,0,3,51,54,1.0555555555555556,0.031464006330825245,626,If only Fred could ride like his next door neighbour; Mrs Robinson
4561,5518,1,1,52,54,1.0555555555555556,0.0410949597147016,626,I’m to catch you. Next time wear a parachute.
4544,5518,1,1,52,54,1.0555555555555556,0.0410949597147016,626,Making a Run for the Border.
4303,5518,0,3,51,54,1.0555555555555556,0.031464006330825245,626,"Dude, I just tripped over a horse!"
3865,5518,1,1,52,54,1.0555555555555556,0.0410949597147016,626,"It'll cost you a few bucks, but it's worth it."
2169,5518,1,1,52,54,1.0555555555555556,0.0410949597147016,626,Can’t talk; I’m going through a tumble.
2177,5518,1,1,52,54,1.0555555555555556,0.0410949597147016,626,"The sign clearly says no talking on the phone while on me,"" the horse exclaimed in disarray.  ""Sorry! Anyways honey, what did you say we're having for dinner?"" said the man in midair"
2084,5518,0,3,51,54,1.0555555555555556,0.031464006330825245,626,Oh I meant to say bucking bronco!
2147,5518,0,3,51,54,1.0555555555555556,0.031464006330825245,626,"No, sorry I said my horse is bucking me crazy."
54,5518,0,3,51,54,1.0555555555555556,0.031464006330825245,626,"Cancel all my meetings, I'm taking the day off to feel alive."
71,5518,1,1,52,54,1.0555555555555556,0.0410949597147016,626,"I need you to reschedule my next appointment, my meeting with Bronco Billy is taking a little longer than expected."
86,5518,0,3,51,54,1.0555555555555556,0.031464006330825245,626,David Remnick gets his stupid ass kicked.
240,5518,1,1,52,54,1.0555555555555556,0.0410949597147016,626,"Yes Marge,  I really am head over heels about our relationship."
311,5518,0,3,51,54,1.0555555555555556,0.031464006330825245,626,Yeah!! It's called buckarooober!
342,5518,1,1,52,54,1.0555555555555556,0.0410949597147016,626,Monday's got me like...
457,5518,0,3,51,54,1.0555555555555556,0.031464006330825245,626,"Right now, seems like even the West is swiveling left."
512,5518,1,1,52,54,1.0555555555555556,0.0410949597147016,626,She just hates when I do FaceTime.
523,5518,0,3,51,54,1.0555555555555556,0.031464006330825245,626,"CBS, you ingrates!"
781,5518,0,3,51,54,1.0555555555555556,0.031464006330825245,626,"Honey, I never thought distracted driving would end like this!"
883,5518,1,1,52,54,1.0555555555555556,0.0410949597147016,626,Wheeee!!!
336,5518,0,3,51,54,1.0555555555555556,0.031464006330825245,626,I rate it 4 stars.
1036,5518,0,3,51,54,1.0555555555555556,0.031464006330825245,626,"Yes, ma'am. I'm bucking the trend!"
1972,5518,0,3,51,54,1.0555555555555556,0.031464006330825245,626,I had warned you -- no phubbing while you ride me!
974,5518,0,3,51,54,1.0555555555555556,0.031464006330825245,626,"I did exactly what you said, and the phone is working perfectly."
1906,5518,0,3,51,54,1.0555555555555556,0.031464006330825245,626,Didn't you see the sign no hand held devices allowed on the range?
1860,5518,1,1,52,54,1.0555555555555556,0.0410949597147016,626,"Sure, Helios & Matheson sounds like a win to me!"
1672,5518,0,3,51,54,1.0555555555555556,0.031464006330825245,626,I tried to tell you horse trading wouldn’t get us very far.
1807,5518,0,3,51,54,1.0555555555555556,0.031464006330825245,626,Honk if you're on cloud Giddyup sounds great!
1572,5518,0,3,51,54,1.0555555555555556,0.031464006330825245,626,What do you say Buckaroo?
1503,5518,0,3,51,54,1.0555555555555556,0.031464006330825245,626,Seriously.  I wind my watch and satisfy my deductible at the same time.
1388,5518,0,3,51,54,1.0555555555555556,0.031464006330825245,626,Just before what he thought was fake turned out to be real.
1189,5518,0,3,51,54,1.0555555555555556,0.031464006330825245,626,"Honey, I'm not going to make it on time to pick up Billy from soccer practice...I literally just got thrown off a horse."
1665,5518,1,1,52,54,1.0555555555555556,0.0410949597147016,626,Looks like that's over.  A bull market should be next!
3124,5591,0,3,52,55,1.0545454545454545,0.030903148567228995,626,"As your broker, I strongly recommend getting right back in the saddle, its a strong ""buy""."
64,5591,0,3,52,55,1.0545454545454545,0.030903148567228995,626,"OWNER'S  MANUAL
An example of a Dropped Call"
3121,5591,1,1,53,55,1.0545454545454545,0.040353503748359956,626,A trillion bucks?!?
2440,5591,0,3,52,55,1.0545454545454545,0.030903148567228995,626,"Buck him off, real cowboys wear boots and hats, and not red ties."
1730,5591,0,3,52,55,1.0545454545454545,0.030903148567228995,626,I can't believe that Trump won!
154,5591,0,3,52,55,1.0545454545454545,0.030903148567228995,626,Not today!
1151,5591,1,1,53,55,1.0545454545454545,0.040353503748359956,626,"Gee,I never realized that bronco riding was so complicated."
476,5591,0,3,52,55,1.0545454545454545,0.030903148567228995,626,Let's circle back on this.
480,5591,0,3,52,55,1.0545454545454545,0.030903148567228995,626,"We keep on getting thrown but
come on ,some of us hate to lose the thrill!"
760,5591,1,1,53,55,1.0545454545454545,0.040353503748359956,626,"I am not just horsing around boss,!"
1445,5591,0,3,52,55,1.0545454545454545,0.030903148567228995,626,Horse Power
3448,5591,0,3,52,55,1.0545454545454545,0.030903148567228995,626,I told you to please set all electronic devices to airplane mode before we take flight.
165,5591,1,1,53,55,1.0545454545454545,0.040353503748359956,626,Do I really want a Selfie of This?
3568,5591,0,3,52,55,1.0545454545454545,0.030903148567228995,626,You won’t believe what just happened!
1656,5591,0,3,52,55,1.0545454545454545,0.030903148567228995,626,"No, not that kind of mustang.  That would be unsafe."
4245,5591,0,3,52,55,1.0545454545454545,0.030903148567228995,626,"Hey, Honey !  So sorry, but I have to work late tonight!"
4354,5591,0,3,52,55,1.0545454545454545,0.030903148567228995,626,Can you believe this call is only costing me a buck?
4606,5591,0,3,52,55,1.0545454545454545,0.030903148567228995,626,I'm on a roll!
4852,5591,0,3,52,55,1.0545454545454545,0.030903148567228995,626,"I thought this is what you meant when you told me to ""buck the market."""
5037,5591,1,1,53,55,1.0545454545454545,0.040353503748359956,626,NO PROBLEM -  I have been bucked before!
5268,5591,0,3,52,55,1.0545454545454545,0.030903148567228995,626,"Alternate reality: nothing is happening, nothing to worry about."
5358,5591,0,3,52,55,1.0545454545454545,0.030903148567228995,626,Let me call you back. I'm about to go into an MRI tunnel.
1568,5591,0,3,52,55,1.0545454545454545,0.030903148567228995,626,"I'm telling you, this is the best way to buck the status quo and pivot off our new brand message."
3647,5591,0,3,52,55,1.0545454545454545,0.030903148567228995,626,My instagram is no longer weak AF.
97,5615,1,1,54,56,1.0535714285714286,0.03963832312904237,626,This Hands-Free Law has some drawbacks.
983,5615,0,3,53,56,1.0535714285714286,0.030361917118846855,626,I'm going to be a little late. I just figured out how to get that remaining money out of my flex account.
1300,5615,0,3,53,56,1.0535714285714286,0.030361917118846855,626,"I know horses can dance, but this is ridiculous."
4481,5615,0,3,53,56,1.0535714285714286,0.030361917118846855,626,Yes. I’m calling about the pony express.
5196,5615,1,1,54,56,1.0535714285714286,0.03963832312904237,626,I thought you were a mare!
5626,5615,0,3,53,56,1.0535714285714286,0.030361917118846855,626,"Hello, Operator? Am I supposed to still be on hold?"
1622,5615,0,3,53,56,1.0535714285714286,0.030361917118846855,626,That was fun! Let's do it again!
3718,5615,0,3,53,56,1.0535714285714286,0.030361917118846855,626,Giddy-Up Horsey !!
932,5623,0,3,54,57,1.0526315789473684,0.02983930050072848,626,Thanks for the ride Chuck!
2590,5624,0,2,48,50,1.04,0.02799416848895062,626,Got it. You don’t like being called ‘girl’.
1466,5624,0,2,48,50,1.04,0.02799416848895062,626,Swing your partner and a do si do.
1519,5624,0,2,48,50,1.04,0.02799416848895062,626,"After flunking out of law school, Toby was excited to start his career as a Christopher Reeve impersonator."
1683,5624,0,2,48,50,1.04,0.02799416848895062,626,"Luckily for me, this nag doesn't neigh English; his next stop is the knacker."
1850,5624,0,2,48,50,1.04,0.02799416848895062,626,"Sylvia! Sylvia! .. Not ""Silver!""   Sylvia!"
1911,5624,0,2,48,50,1.04,0.02799416848895062,626,My flight is pulling away from the gate. I'll call when I land.
2141,5624,0,2,48,50,1.04,0.02799416848895062,626,No phoning while crossing!
2163,5624,0,2,48,50,1.04,0.02799416848895062,626,OOPS.com
2278,5624,0,2,48,50,1.04,0.02799416848895062,626,"Ride him, Phone boy!
Bide him, Phone boy!
Olay, Olay!!"
2342,5624,0,2,48,50,1.04,0.02799416848895062,626,"No, not at all, I just finished my workout!"
4253,5624,0,2,48,50,1.04,0.02799416848895062,626,Okay! I'll become a vegan
2722,5624,0,2,48,50,1.04,0.02799416848895062,626,"And the sport of ""Parhourse"" was born..."
2827,5624,0,2,48,50,1.04,0.02799416848895062,626,Yee-haw for synchronized bucking!
3001,5624,0,2,48,50,1.04,0.02799416848895062,626,"Okay, Okay! I'm sorry I forgot the apple after we won the dressage last Sunday!"
3008,5624,0,2,48,50,1.04,0.02799416848895062,626,Yippy hi yo I asked for a horse who follows.
3030,5624,0,2,48,50,1.04,0.02799416848895062,626,Im the stunt horsewhisper stand in. Nice to meet you.
3058,5624,0,2,48,50,1.04,0.02799416848895062,626,„Let‘s tango!“
3226,5624,0,2,48,50,1.04,0.02799416848895062,626,I just hit a speed bump. Let me call you right back.
3325,5624,0,2,48,50,1.04,0.02799416848895062,626,It's just like the trading floor.
3341,5624,0,2,48,50,1.04,0.02799416848895062,626,"It's a kickstarter, y'all."
3390,5624,0,2,48,50,1.04,0.02799416848895062,626,I’m jus’ buckin’ around
3513,5624,0,2,48,50,1.04,0.02799416848895062,626,Siri told me I could Justify making an easy buck this way...
3653,5624,1,0,49,50,1.04,0.04000000000000001,626,Is that all you got?
3866,5624,0,2,48,50,1.04,0.02799416848895062,626,This is NOT the novice trail!; Where's your riding helmet?
3951,5624,0,2,48,50,1.04,0.02799416848895062,626,i'll be their at six theirs just a little traffic
1371,5624,1,0,49,50,1.04,0.04000000000000001,626,"Well, one of us is ready for the luau!"
1305,5624,0,2,48,50,1.04,0.02799416848895062,626,I believe 'ole Mueller is ready for the White House.
1180,5624,0,2,48,50,1.04,0.02799416848895062,626,Yeeha Marm! We're flying now!
641,5624,0,2,48,50,1.04,0.02799416848895062,626,"Dude, I'm soooo close to passing Rodeo Clown boot camp.   
Periscope this!"
3978,5624,0,2,48,50,1.04,0.02799416848895062,626,"Taking the most common feedback in consumer satisfaction surveys to heart, Comcast empowers phone agents to ""buck off"" upon customer request."
5289,5624,0,2,48,50,1.04,0.02799416848895062,626,I will text you when it is safe.
5170,5624,1,0,49,50,1.04,0.04000000000000001,626,"Don't be silly! As your stock broker answering my phone,I simply said,""I am being bucked off. Somehow, you must have misunderstood me"""
4893,5624,0,2,48,50,1.04,0.02799416848895062,626,"A little busy right now, can you call back?"""
4840,5624,0,2,48,50,1.04,0.02799416848895062,626,"Yea, I know I have been living of the government teat for a couple decades. Do you know I am getting thrown off a horse at a first class Wyoming Dude Ranch adventure?  Yee hah!"
4695,5624,0,2,48,50,1.04,0.02799416848895062,626,"Yeah, Thursdays are my ""Work on the range days""."
5532,5624,0,2,48,50,1.04,0.02799416848895062,626,"Up, up and away!"
4493,5624,0,2,48,50,1.04,0.02799416848895062,626,And the best part of this plan is the unlimited toss and text.
4573,5624,0,2,48,50,1.04,0.02799416848895062,626,It really HAS given me a new look at the world!
570,5624,0,2,48,50,1.04,0.02799416848895062,626,I'm gonna have to call you back. I'm driving.
566,5624,1,0,49,50,1.04,0.04000000000000001,626,Now I'm really glad I bought those tampons!
4001,5624,0,2,48,50,1.04,0.02799416848895062,626,Isn't City Slickering fun?
41,5624,0,2,48,50,1.04,0.02799416848895062,626,"No, I got the app for falling off a bull!"""
4427,5624,0,2,48,50,1.04,0.02799416848895062,626,Hiiiiiiiiiiiiiiiiiiii
56,5624,0,2,48,50,1.04,0.02799416848895062,626,That's not the border fence.
3026,5668,0,2,49,51,1.0392156862745099,0.027450980392156866,626,"Sorry, I'm losing contact with my Blackberry roan!"
2789,5668,0,2,49,51,1.0392156862745099,0.027450980392156866,626,Hold on Wilbur your custom “A horse is a horse” ringtone has got Mr. Ed spooked again.”
2753,5668,0,2,49,51,1.0392156862745099,0.027450980392156866,626,Remind me again where to plug in the hands-free kit?
2455,5668,0,2,49,51,1.0392156862745099,0.027450980392156866,626,I couldn't decide between telecommuting or bronco-commuting
2376,5668,0,2,49,51,1.0392156862745099,0.027450980392156866,626,Who knew the horse's ass could cha-cha!
2362,5668,0,2,49,51,1.0392156862745099,0.027450980392156866,626,Good call!  I will take the fall.
2149,5668,0,2,49,51,1.0392156862745099,0.027450980392156866,626,And you told me NOT to pack business chaps!
2012,5668,0,2,49,51,1.0392156862745099,0.027450980392156866,626,Bulls and bears just weren't fun anymore.
1897,5668,0,2,49,51,1.0392156862745099,0.027450980392156866,626,"For a few extra bucks, I could've gotten one with Bluetooth!"
1869,5668,0,2,49,51,1.0392156862745099,0.027450980392156866,626,"The judges will measure this in seconds, but I like to keep track of minutes."
1697,5668,1,0,50,51,1.0392156862745099,0.0392156862745098,626,"Things were looking up a moment ago, I'm sure it'll be fine"
2581,5668,0,2,49,51,1.0392156862745099,0.027450980392156866,626,"Yea, my Chiropractor is out of town this week and recommend I get some air"
4759,5668,0,2,49,51,1.0392156862745099,0.027450980392156866,626,All dressed up and just tossed away. Reminds me of a bad date.
3159,5668,0,2,49,51,1.0392156862745099,0.027450980392156866,626,I feel like Tim Tebow!
5636,5668,0,2,49,51,1.0392156862745099,0.027450980392156866,626,my girl dumped me off my high horse.
5586,5668,0,2,49,51,1.0392156862745099,0.027450980392156866,626,"Yep, we still got it."
5517,5668,0,2,49,51,1.0392156862745099,0.027450980392156866,626,"Not, not FUN!  Dial 911"
5386,5668,0,2,49,51,1.0392156862745099,0.027450980392156866,626,Quick! Twist the other way and I’ll fall right back on.
5262,5668,0,2,49,51,1.0392156862745099,0.027450980392156866,626,"Not much, just bucking around out here.  How about you?"
5174,5668,0,2,49,51,1.0392156862745099,0.027450980392156866,626,Hah! Don’t count us out yet! This is not my first rodeo!
5088,5668,0,2,49,51,1.0392156862745099,0.027450980392156866,626,Call me back in a few days when the trauma goes away.
5062,5668,0,2,49,51,1.0392156862745099,0.027450980392156866,626,"Just your basic retreat, honey! Lots of trust falls."
5009,5668,0,2,49,51,1.0392156862745099,0.027450980392156866,626,You weren't expecting a call? Well I guess I'm old-fashioned.
1557,5668,0,2,49,51,1.0392156862745099,0.027450980392156866,626,"Hey,"" I told the boss, ""this isn't my first rodeo."
4978,5668,0,2,49,51,1.0392156862745099,0.027450980392156866,626,"2017-2018"" really is the best ride at Six Flags"
4778,5668,0,2,49,51,1.0392156862745099,0.027450980392156866,626,This ranch retreat is really helping me get back on the horse.
4598,5668,0,2,49,51,1.0392156862745099,0.027450980392156866,626,"Wait, hold on a minute, I think I hit a bump in the road."
4187,5668,0,2,49,51,1.0392156862745099,0.027450980392156866,626,"Sell the hybrid, Susan...I found cheaper family transportation!"
4180,5668,0,2,49,51,1.0392156862745099,0.027450980392156866,626,...I'm going to have to let you go...this autonomous vehicle is acting up again.
3953,5668,0,2,49,51,1.0392156862745099,0.027450980392156866,626,Call me crazy but once I'm trained it's goodbye to MTA!
3846,5668,0,2,49,51,1.0392156862745099,0.027450980392156866,626,Her name is Debbie and she's a physical therapist
3391,5668,0,2,49,51,1.0392156862745099,0.027450980392156866,626,I've found a new entry for the smartphone etiquette book.
3317,5668,0,2,49,51,1.0392156862745099,0.027450980392156866,626,Jumping for Joy
3300,5668,0,2,49,51,1.0392156862745099,0.027450980392156866,626,"Buck me off, it tickles!"
4916,5668,1,0,50,51,1.0392156862745099,0.0392156862745098,626,"Oh no, I forgot my helmet."
1494,5668,0,2,49,51,1.0392156862745099,0.027450980392156866,626,He has talent to go in any direction
2979,5668,0,2,49,51,1.0392156862745099,0.027450980392156866,626,I am going to go viral #InMyFeelings
1310,5668,1,0,50,51,1.0392156862745099,0.0392156862745098,626,...and a workman's comp claim? Best corporate retreat ever!
1372,5668,0,2,49,51,1.0392156862745099,0.027450980392156866,626,We’re ready to take this act on the road!
59,5668,0,2,49,51,1.0392156862745099,0.027450980392156866,626,Dang! I knew these self-driving horses weren't safe!
159,5668,0,2,49,51,1.0392156862745099,0.027450980392156866,626,"NOT a car horn, Mum , it’s okay!"
210,5668,0,2,49,51,1.0392156862745099,0.027450980392156866,626,I'm so bucked!
259,5668,0,2,49,51,1.0392156862745099,0.027450980392156866,626,Hold that thought! I'm about to lose your call.
736,5668,0,2,49,51,1.0392156862745099,0.027450980392156866,626,He helps me re-compress.
98,5668,0,2,49,51,1.0392156862745099,0.027450980392156866,626,Guess he didn't recgonize me with a shirt.
1179,5668,0,2,49,51,1.0392156862745099,0.027450980392156866,626,Perfect!  This should get a million views.
1202,5668,0,2,49,51,1.0392156862745099,0.027450980392156866,626,Come back later Pecos Bill Wanna-Be.
1254,5668,0,2,49,51,1.0392156862745099,0.027450980392156866,626,It's unreal dude.  Ambien rodeo!
1255,5668,0,2,49,51,1.0392156862745099,0.027450980392156866,626,"Yes, I'm head over heels in love with you and Bronco is here as my witness."
1302,5668,0,2,49,51,1.0392156862745099,0.027450980392156866,626,James Bonds
793,5668,0,2,49,51,1.0392156862745099,0.027450980392156866,626,"Yep, ain't been a broker never been throwed..."
1967,5719,0,2,50,52,1.0384615384615385,0.02692846315438478,626,"I guess this ""Rodeo"" business really does require more than a suit and tie."
2059,5719,0,2,50,52,1.0384615384615385,0.02692846315438478,626,This guy is just horsing around
4213,5719,0,2,50,52,1.0384615384615385,0.02692846315438478,626,This Do Not Disturb While Driving App actually works!
1444,5719,0,2,50,52,1.0384615384615385,0.02692846315438478,626,One Dude too many this summer.
5160,5719,0,2,50,52,1.0384615384615385,0.02692846315438478,626,I'm havin' a buckin' blast.
5283,5719,0,2,50,52,1.0384615384615385,0.02692846315438478,626,"And then i said, Trump's mantra is ""the buck starts here"" and that's the last thing i remember"
2450,5725,0,2,51,53,1.0377358490566038,0.02642545929758075,626,"Honey, pack your bags for Hawaii!!  The Broncos covered the spread!!"
4063,5725,0,2,51,53,1.0377358490566038,0.02642545929758075,626,I’m out of touch? I just someone the Macarena!
2562,5727,0,2,52,54,1.037037037037037,0.025940896147128686,626,I just got tired of waiting for the Tesla!
2561,5728,1,0,56,57,1.0350877192982457,0.035087719298245605,626,Stop!! That tickles!
2535,5729,0,1,45,46,1.0217391304347827,0.021979349113192898,626,"Yeh, okay, I'll get back to you after the first bounce."
3415,5729,0,1,45,46,1.0217391304347827,0.021979349113192898,626,Hay...Nay...OMG
3307,5729,0,1,45,46,1.0217391304347827,0.021979349113192898,626,"And get this, Christmas bonus looks like a million fine."
3190,5729,0,1,45,46,1.0217391304347827,0.021979349113192898,626,The real air time is almost as good as virtual!
3044,5729,0,1,45,46,1.0217391304347827,0.021979349113192898,626,"Sorry, looks like I was on mute."
3003,5729,0,1,45,46,1.0217391304347827,0.021979349113192898,626,"Gotta go, my engine's bucking"
2476,5729,0,1,45,46,1.0217391304347827,0.021979349113192898,626,"Hello IT support, since the farmware update every time I get on it just kicks me off again."
2357,5729,0,1,45,46,1.0217391304347827,0.021979349113192898,626,He's trying to prove to the kids that someone always gets hurt if you don't stop horsing around.
2340,5729,0,1,45,46,1.0217391304347827,0.021979349113192898,626,Ed had been waiting for that call all day.
3524,5729,0,1,45,46,1.0217391304347827,0.021979349113192898,626,"You’re right, it’s MUCH better if I flip left on the 
dosey do."
3608,5729,0,1,45,46,1.0217391304347827,0.021979349113192898,626,"Hell no, I don't need a few more bucks!"
4222,5729,0,1,45,46,1.0217391304347827,0.021979349113192898,626,I told you once. No corduroy pants. You may NOT ride me wearing corduroy pants.
3625,5729,0,1,45,46,1.0217391304347827,0.021979349113192898,626,Wish I hadn't paid the big bucks to train you!
5773,5729,0,1,45,46,1.0217391304347827,0.021979349113192898,626,Midterms. Easy!
5502,5729,0,1,45,46,1.0217391304347827,0.021979349113192898,626,"Just a minute, I think that wasn't my Uber"
5486,5729,0,1,45,46,1.0217391304347827,0.021979349113192898,626,Hi... but the line will drop suddenly...bye...
5463,5729,0,1,45,46,1.0217391304347827,0.021979349113192898,626,"Next time, I lead"
5431,5729,0,1,45,46,1.0217391304347827,0.021979349113192898,626,So I just met Steven Seagal  at the ranch...When's the last time you saw a ponytail on a horse's ass?
5331,5729,0,1,45,46,1.0217391304347827,0.021979349113192898,626,I knew you'd love the hula hoop!
5293,5729,0,1,45,46,1.0217391304347827,0.021979349113192898,626,"What's you mean ""the buck stops here?"""
5048,5729,0,1,45,46,1.0217391304347827,0.021979349113192898,626,I heard you say turn right!
4931,5729,0,1,45,46,1.0217391304347827,0.021979349113192898,626,"It's all about network, buddy!"
3611,5729,0,1,45,46,1.0217391304347827,0.021979349113192898,626,"That’s hilarious! Anyhoo, I’ll be there as I beat the traffic."
4775,5729,0,1,45,46,1.0217391304347827,0.021979349113192898,626,And you call yourself a cowboy?
4475,5729,0,1,45,46,1.0217391304347827,0.021979349113192898,626,You won't believe what I'm doing!
4438,5729,0,1,45,46,1.0217391304347827,0.021979349113192898,626,I can see your butt!
4362,5729,0,1,45,46,1.0217391304347827,0.021979349113192898,626,I know when I've really been bucked!
4355,5729,0,1,45,46,1.0217391304347827,0.021979349113192898,626,You bet! Ride 'em desk jockey!
4242,5729,0,1,45,46,1.0217391304347827,0.021979349113192898,626,"Buck the HFT, this is OG day trades, bro!"
2324,5729,0,1,45,46,1.0217391304347827,0.021979349113192898,626,This is simply how I get off of my hybrid.
4186,5729,0,1,45,46,1.0217391304347827,0.021979349113192898,626,You complete me.
4146,5729,0,1,45,46,1.0217391304347827,0.021979349113192898,626,"Phone danger!
I knew multitasking isn’t always efficient. Even my mount didn’t like my conference call. Where was my equestrian Zen?"
3689,5729,0,1,45,46,1.0217391304347827,0.021979349113192898,626,Coming to you LIVE from the Ellensburg Rodeo!
4765,5729,0,1,45,46,1.0217391304347827,0.021979349113192898,626,WEEEEEEEEE! Being thrown from a horse! Best office job ever!
2167,5729,0,1,45,46,1.0217391304347827,0.021979349113192898,626,"Good morning,"" Editor, ""I'm a presidential hopeful in the Heartland, and the local press hiding in the stables will be submitting some great shots of my resiliency to the opposition and robust political daring."""
960,5729,0,1,45,46,1.0217391304347827,0.021979349113192898,626,"I thought it was an everlasting bull market, for outsiders."
1547,5729,0,1,45,46,1.0217391304347827,0.021979349113192898,626,Put me down for a million bucks!
1696,5729,0,1,45,46,1.0217391304347827,0.021979349113192898,626,"Dude, they named this wild ranch after us!"
518,5729,0,1,45,46,1.0217391304347827,0.021979349113192898,626,"Well, goodbye. I just lost my ride"
542,5729,0,1,45,46,1.0217391304347827,0.021979349113192898,626,"Mother, finally I'm free!"
638,5729,0,1,45,46,1.0217391304347827,0.021979349113192898,626,What's up with you?
682,5729,0,1,45,46,1.0217391304347827,0.021979349113192898,626,Hi-Yo Silver.  Looking for 8.  How about you?
552,5729,0,1,45,46,1.0217391304347827,0.021979349113192898,626,Better than the office!
952,5729,0,1,45,46,1.0217391304347827,0.021979349113192898,626,This bronc riden'  app is the way to go....I've never even been on horseback before!
995,5729,0,1,45,46,1.0217391304347827,0.021979349113192898,626,Where's Bluetooth when you need it....?
1201,5729,0,1,45,46,1.0217391304347827,0.021979349113192898,626,Ha! It definitely is a great metaphor for the economy.
1226,5729,0,1,45,46,1.0217391304347827,0.021979349113192898,626,"Hey--Take it easy!  I called you a ""B""ucking Bronco!"
1425,5729,0,1,45,46,1.0217391304347827,0.021979349113192898,626,But you said his name is Harry Truman!
723,5729,0,1,45,46,1.0217391304347827,0.021979349113192898,626,"Damn you, Trigger!"
1884,5778,0,1,46,47,1.0212765957446808,0.021506619680967013,626,I feel the same way about you.
5545,5778,0,1,46,47,1.0212765957446808,0.021506619680967013,626,I said I'm calling to report a break in!
5534,5778,0,1,46,47,1.0212765957446808,0.021506619680967013,626,Time for another round-up.
5158,5778,0,1,46,47,1.0212765957446808,0.021506619680967013,626,Not again! Will this be considered preexisting on Trump Insurance Plan?
1542,5778,0,1,46,47,1.0212765957446808,0.021506619680967013,626,What am I doing? Just horsing around with 'In My Feelings'.
2458,5778,0,1,46,47,1.0212765957446808,0.021506619680967013,626,"Hey,guess what ! I've decided to stop using my cellphone !"
4699,5778,0,1,46,47,1.0212765957446808,0.021506619680967013,626,"Wait, I think my Uber is here"
2823,5778,0,1,46,47,1.0212765957446808,0.021506619680967013,626,And they say nature doesn't give a buck.
3230,5778,0,1,46,47,1.0212765957446808,0.021506619680967013,626,"Hi, I'm calling to cancel my Equinox subscription."
4191,5778,0,1,46,47,1.0212765957446808,0.021506619680967013,626,I've gotta get this monkey off my back!
4498,5778,0,1,46,47,1.0212765957446808,0.021506619680967013,626,"If I'm supposed to be talking on a mobile, the artist really PHONED IT IN ON DETAIL HA HA AHA HAHAAH i'll show myself out."
5684,5778,0,1,46,47,1.0212765957446808,0.021506619680967013,626,"Yeah, we’re going riding later but I haven’t seen any horses yet."
5064,5778,0,1,46,47,1.0212765957446808,0.021506619680967013,626,So Hungry You Could Eat a Horse? Eat this Dave!
2678,5778,0,1,46,47,1.0212765957446808,0.021506619680967013,626,Am I close enough for Face time
5768,5778,0,1,46,47,1.0212765957446808,0.021506619680967013,626,"Easy there, Boogie!"
5338,5778,0,1,46,47,1.0212765957446808,0.021506619680967013,626,The spider on the fence made a face.
5440,5778,0,1,46,47,1.0212765957446808,0.021506619680967013,626,Your ‘Yeah’ came across as a  ‘YAAAAA’ on the speakerphone!!
5830,5778,0,1,46,47,1.0212765957446808,0.021506619680967013,626,I need to hung up now! I will be the next horse-proofed President of Turkey!
109,5796,0,1,47,48,1.0208333333333333,0.021053798026662972,626,Jen Acker's birthday parties are so much fun...call my insurance agent!
5560,5796,0,1,47,48,1.0208333333333333,0.021053798026662972,626,I think our dance routine is a bit much...
5430,5796,0,1,47,48,1.0208333333333333,0.021053798026662972,626,I should have gone with Fox Trot!
5234,5796,0,1,47,48,1.0208333333333333,0.021053798026662972,626,This is better than I could have ever imagined!
4913,5796,0,1,47,48,1.0208333333333333,0.021053798026662972,626,"Work is fine, honey..."
4618,5796,0,1,47,48,1.0208333333333333,0.021053798026662972,626,Can you hear me now?  My throat's a little horse.
3252,5796,0,1,47,48,1.0208333333333333,0.021053798026662972,626,Yahoo. We be making Remington proud.
2522,5796,0,1,47,48,1.0208333333333333,0.021053798026662972,626,At least you don't kick as hard as my boss!
2139,5796,0,1,47,48,1.0208333333333333,0.021053798026662972,626,"Yeah, we're gonna make so much from super glue!"
671,5796,0,1,47,48,1.0208333333333333,0.021053798026662972,626,"How's your horse riding going honey?
Not sure Betty ....not got on it yet."
4220,5796,0,1,47,48,1.0208333333333333,0.021053798026662972,626,My first ride is going well.
2213,5796,0,1,47,48,1.0208333333333333,0.021053798026662972,626,"Honey, I’m absolutely flying with joy."
31,5808,0,1,48,49,1.0204081632653061,0.020619652471058063,626,"Ya broke mah damn funny bone, ha-ha-ha-haaaaghh!"
5142,5808,0,1,48,49,1.0204081632653061,0.020619652471058063,626,This is called Passin’ the Buckin’…
5204,5808,0,1,48,49,1.0204081632653061,0.020619652471058063,626,Bill loved doing contact improv on the farm. It reminded him of college.
1831,5811,0,1,49,50,1.02,0.020203050891044214,626,"Dancing with the Stars, here we come!"
4639,5812,0,1,50,51,1.0196078431372548,0.019802950859533486,626,"Hey, just checking in. No, it's not illegal."
1397,5813,0,0,43,43,1.0,0.023531040266750583,626,"Hey, glad you called.  I'm a little tied up right now, so can I call you back?"
966,5813,0,0,43,43,1.0,0.023531040266750583,626,So this is why you shouldn't text while driving...
1196,5813,0,0,43,43,1.0,0.023531040266750583,626,Getting bucked over getting bucks.
4766,5813,0,0,44,44,1.0,0.022990024493585143,626,"I'm glad I purchase the Tesla, hun!"
4741,5813,0,0,44,44,1.0,0.022990024493585143,626,Don't text and dive!
4469,5813,0,0,43,43,1.0,0.023531040266750583,626,And no extra charges in the package
689,5813,0,0,45,45,1.0,0.022473328748774737,626,Catch you on the flip side.
4331,5813,0,0,43,43,1.0,0.023531040266750583,626,Traffic is getting heavy--I'll have to hang up.
4234,5813,0,0,43,43,1.0,0.023531040266750583,626,Whooooooa.  My lucky penny!!!
4193,5813,0,0,43,43,1.0,0.023531040266750583,626,i knew this would be more thrills than the amusement park!
3972,5813,0,0,44,44,1.0,0.022990024493585143,626,"If you close your eyes, it’s still a Bull Market!"
3917,5813,0,0,44,44,1.0,0.022990024493585143,626,"That noise? Oh, I'm making sure our investment in Sowed Oats pans out. This seems to be a highly spirited one too."
3741,5813,0,0,43,43,1.0,0.023531040266750583,626,This pony is phony!
3637,5813,0,0,45,45,1.0,0.022473328748774737,626,It's a bull market Yippee!
3589,5813,0,0,43,43,1.0,0.023531040266750583,626,I'm winning!
3054,5813,0,0,45,45,1.0,0.022473328748774737,626,"Hon, I'm WINning all the BEEEETS!"
2750,5813,0,0,44,44,1.0,0.022990024493585143,626,"So, on Friday they make us wear seatbelts in cars and now they make us wear seatbelts on horses. I can't stand it!"
2018,5813,0,0,43,43,1.0,0.023531040266750583,626,"I wont need healthcare, I'm going for my third felony."
1754,5813,0,0,45,45,1.0,0.022473328748774737,626,"Hey, Deadeye, dead zone...I’m losing you!"
1590,5813,0,0,44,44,1.0,0.022990024493585143,626,Copland would love this!
757,5813,0,0,44,44,1.0,0.022990024493585143,626,"Yeah, I shouldn't have named him ""Trooper""--now he's enforcing the hands-free calling law!"
936,5813,0,0,42,42,1.0,0.024098134635593994,626,"By gum, I’m droppin’ my ‘G’s!"
5317,5813,0,0,45,45,1.0,0.022473328748774737,626,Instead of getting back on him I think I'll cry over spilt milk.
4216,5813,0,0,55,55,1.0,0.018349396085439344,626,"I don't know, honestly, I just said something about, ""C'mon, girl, let's head to that red room,"" and she tosses me! Maybe we shouldn't have painted the stable red."
5647,5813,0,0,103,103,1.0,0.009756213637973549,626,I promised my wife I wouldn't text while driving.
4724,5813,0,0,103,103,1.0,0.009756213637973549,626,"Quick, buy 10,000 shares of Wells Fargo!"
2876,5813,0,0,103,103,1.0,0.009756213637973549,626,This cartoon is NOT political!
3305,5813,0,0,105,105,1.0,0.009569487529386909,626,I'm losing horsepower--I'll call you back!
3142,5813,0,0,110,110,1.0,0.009132515299544463,626,"Yes, he promised he would show me he had more horsepower than any Mustang"
3900,5813,0,0,169,169,1.0,0.005934744229311227,626,"Hi sweetie. No, daddy's not busy at all."
3118,5813,0,0,95,95,1.0,0.010582158705422128,626,"Ok, honey. a dozen eggs, milk and 1 pound of horse meat."
5797,5813,0,0,95,95,1.0,0.010582158705422128,626,"Kiki, do you love me?"
1461,5813,0,0,92,92,1.0,0.010929124924699354,626,My client is offering some big bucks for this deal.
1318,5813,0,0,93,93,1.0,0.010810968751610264,626,Can I call you back? I’ve got a hairy issue I need to deal with.
2652,5813,0,0,94,94,1.0,0.010695340092890231,626,Feels good to get off an ass for once!
1767,5813,0,0,89,89,1.0,0.011299615367639217,626,"Hold on, let me give you a call back in eight seconds!"
1101,5813,0,0,90,90,1.0,0.011173358719233181,626,Who's got the last laugh now !
3828,5813,0,0,84,84,1.0,0.011976262619132589,626,The virtual office is all it is cracked up to be after all.  Yee Ha!
5229,5813,0,0,84,84,1.0,0.011976262619132589,626,Dual focus on making a buck.
4758,5813,0,0,83,83,1.0,0.012121434739137725,626,Anything but my desk job!
2646,5813,0,0,78,78,1.0,0.012903494352312729,626,"Hey Y'all,watch this!!"
1021,5813,0,0,72,72,1.0,0.013986355971611485,626,Talk about white privilege.
3373,5813,0,0,72,72,1.0,0.013986355971611485,626,Yippee! Let's do another ride and fly!
3212,5813,0,0,73,73,1.0,0.013793431476706131,626,"Tell me the rest of the story, I'm flippin' over the news!"
2688,5813,0,0,69,69,1.0,0.014598929061844594,626,"OK, no more political discussions!"
654,5813,0,0,43,43,1.0,0.023531040266750583,626,I am not texting while riding.
5397,5813,0,0,43,43,1.0,0.023531040266750583,626,No! I said bipolar not bipartisan.
