target_id,rank,funny,somewhat_funny,unfunny,count,score,precision,contest,caption
2383,1,629,967,761,2357,1.9439966058549003,0.01577909271609004,633,The judge ordered a short recess.
1372,2,2766,3847,3715,10328,1.9081138652207592,0.007742555416864231,633,"Sorry, kid, but this is the corporate ladder."
598,3,3236,4288,4808,12332,1.872526759649692,0.0071819461763183625,633,"Stop calling me 'Dad', you're embarrassing me in front of my friends."
4313,4,2977,4277,4664,11918,1.8584494042624602,0.0072193046465142555,633,"Now that recreational pot is legal, you'll be seeing a lot more of us."
3503,5,2331,3698,3977,10006,1.8354987007795323,0.00776569082398172,633,"'Two more times, Dad, then we need to pick up Mom at ballet class."""
1003,6,2106,3620,3750,9476,1.8265090755593076,0.007876910381924453,633,I’m 45 and A HALF.
2156,7,2334,3902,4236,10472,1.8183728036669213,0.007534334741168286,633,Shouldn't you be somewhere staring at a screen?
137,8,2200,3313,4048,9561,1.8067147787888296,0.00802799072986533,633,You work here at Google too?
4117,9,2178,2676,3871,8725,1.8059598853868195,0.008669141114551056,633,It's new for us. We're actually from a swing state.
725,10,2161,3530,4088,9779,1.8029450864096532,0.007834657154356196,633,"Wow, Bring Your Parents To School Day is so much more fun than taking you to work"
3642,11,2203,3098,4089,9390,1.7991480298189564,0.008189710841449144,633,Our Boss told us to work on our slide presentation
2652,12,1695,3345,3828,8868,1.7594722598105548,0.007982072847652299,633,Well the judge said we could take a short recess.
3045,13,1527,2857,3452,7836,1.7543389484430831,0.008567099638842838,633,"Trust me, kid. Teachers need this more than you do."
3065,14,1561,1944,3220,6725,1.7533085501858736,0.00983257144022147,633,Our parents never picked us up.
150,15,4085,2464,7740,14289,1.7442088319686473,0.007303465155522404,633,Can you spell social security?
3575,16,422,844,1271,2537,1.6653527788726843,0.014797993724790954,633,"When you're a grown-up, you view it more as a slippery slope."
3211,17,1318,2658,4015,7991,1.6624953072206232,0.008322853168934233,633,"Ok I'm serious dad, five more minutes and then we're leaving"
1094,18,941,1665,2827,5433,1.6528621387815203,0.010270949945691223,633,"It really doesn’t get any better than this, trust me."
319,19,773,1451,2410,4634,1.646741476046612,0.011014657747065901,633,"You pay taxes for this park, kid? I didn't think so."
571,20,170,430,638,1238,1.6219709208400646,0.020300085120947938,633,"I don’t care what your mother said, I’m not ready to go home yet."
3085,21,451,876,1598,2925,1.607863247863248,0.013674213954361369,633,Senate's on recess. Why are YOU here?
1230,22,814,1403,2778,4995,1.6068068068068069,0.01063199386481113,633,I answered a Craigslist ad about having some fun with a married couple.
2736,23,744,1648,2785,5177,1.6057562294765308,0.010083124086808705,633,We finally got off the corporate merry-go-round.
1953,24,60,160,246,466,1.6008583690987124,0.03270389536485592,633,"Not yet, son.  We have to make sure it's safe."
4247,25,472,1294,1994,3760,1.5952127659574469,0.011440517354850079,633,"When Daddy does it, it's therapy."
550,26,582,1028,2115,3725,1.588456375838926,0.012204165123490695,633,"If you think this is unfair, just wait until you find out what we did to the environment."
886,27,671,1059,2424,4154,1.577997111218103,0.011684290674056467,633,This is how we celebrate getting fired at the White House.
4277,28,630,1020,2302,3952,1.5769230769230769,0.011936183461152446,633,"DAD, PLE ASE  !! I gotta pee."
3102,29,373,625,1387,2385,1.5748427672955976,0.01528788094376309,633,"It's going to be like this for the rest of his presidency, son."
3006,30,397,900,1665,2962,1.5719108710330858,0.01316113406154624,633,Normally we're swingers
1313,31,572,1341,2454,4367,1.569040531257156,0.010778217932704793,633,The strenuous climb to the top then in an instant you're back at the bottom. It's a metaphor for life kid; you're next.
2713,32,166,460,772,1398,1.5665236051502145,0.018595200450416446,633,Don't complain. I've been waiting my turn for 30 years.
2977,33,335,811,1487,2633,1.5624762628180782,0.013790652901198294,633,There's no app.  It's called a slide.
173,34,222,508,986,1716,1.5547785547785549,0.01717243313774548,633,"Sorry, I'm not supposed to talk to strangers."
2112,35,342,814,1585,2741,1.546515870120394,0.01347314490141483,633,The corporate slide is a lot easier than the corporate ladder.
135,36,391,559,1506,2456,1.5460097719869708,0.015187718932925304,633,Little Timmy soon regretted adding his Ritalin to the teachers coffees.
731,37,178,346,762,1286,1.5458786936236393,0.020207532539522233,633,Because the mood swings are taken.
335,38,502,650,1894,3046,1.5430072225869993,0.013774670186720486,633,Thank you for waiting—you are now number 3 in the queue.
2725,39,86,205,410,701,1.5378031383737518,0.026563527325413613,633,That one is the child slide.  This one’s the finding your inner child slide
1011,40,178,426,862,1466,1.5334242837653478,0.018320626968376972,633,"Sorry
We are having our pre school reunion!"
3078,41,161,363,765,1289,1.5314197051978278,0.019679474546394196,633,"When you come to the office next week, I'll let you fire someone."
4312,42,266,674,1351,2291,1.526407682234832,0.014500649612602806,633,"Sorry, kid. We only have a few more weeks of Congressional recess."
1299,43,231,697,1279,2207,1.5251472587222474,0.014419903403494402,633,"Actually, instead of a pay raise, we got recess."
1823,44,207,579,1115,1901,1.522356654392425,0.015682378574507754,633,"No, for you it's fun. For us it's just a metaphor."
1692,45,272,394,1149,1815,1.5168044077134986,0.017403730001484524,633,"No, you can't look up her skirt.  What if you want to be on the Supreme Court someday?"
3323,46,66,193,372,631,1.515055467511886,0.026991035902023376,633,When you're eight it's goin' down the slide.  When you're an adult it's a corporate team building exercise.
1699,47,207,368,956,1531,1.510777269758328,0.01844077866536401,633,"Of course we're behaving like children, we're politicians."
1499,48,207,381,971,1559,1.5099422706863375,0.01818913601222884,633,We just finished paying off our student loans. Hooray!!!
2057,49,193,424,973,1590,1.509433962264151,0.01760839478754411,633,"Sorry, this section is for platinum playground points members only."
1241,50,207,388,991,1586,1.5056746532156369,0.017955462710681817,633,Look kid....after 18 months of Trump it was either this or jumping out the window
3331,51,161,473,940,1574,1.5050825921219821,0.016999093131772457,633,We're Alumni.
3534,52,127,259,631,1017,1.5044247787610618,0.022178024349918665,633,We're retracing our steps to see where it all went wrong.
3595,53,151,374,817,1342,1.503725782414307,0.018821017658970315,633,You promise you’re gonna watch this time?
687,54,169,429,929,1527,1.5022920759659464,0.017574850165256527,633,This is so much more fun than take your kid to work day.
3988,55,175,347,869,1391,1.501078360891445,0.01899671267425039,633,"Oh yeah? Well, aren’t you a little young to be talking to strangers?"
1275,56,49,95,243,387,1.4987080103359174,0.036106789829906255,633,This one is for the kids that just paid off their student loans.
3773,57,167,351,860,1378,1.4970972423802613,0.018909481954940025,633,Inside every old person is a young person wondering what the hell happened.
1976,58,168,346,860,1374,1.4963609898107715,0.018978429936530313,633,There are good people on both slides.
3981,59,161,368,862,1391,1.4960460100647017,0.018611370083860213,633,"When you're old enough to drink, you'll understand."
2941,60,150,397,859,1406,1.495732574679943,0.018160084011516184,633,"When you're an adult, it's called Team Building."
966,61,169,337,858,1364,1.4948680351906158,0.019110334338732042,633,"When you can show me a master's degree, a mortgage, and a dream deferred, then you can have your turn on the big slide."
2730,62,107,297,634,1038,1.4922928709055876,0.020972183980292384,633,It's what we did for fun before the iPhone. You wouldn't understand.
804,63,121,370,760,1251,1.4892086330935252,0.01883249936052559,633,Teachers are people too Jimmy.
2323,64,124,357,760,1241,1.4875100725221595,0.019043304668762057,633,"Sorry, this is the inner child area."
1336,65,169,266,805,1240,1.4870967741935484,0.020533917529497746,633,After this we're going after the swing voters.
1379,66,132,319,748,1199,1.4862385321100917,0.019806958782889527,633,You're not the boss of me.
3604,67,125,324,734,1183,1.485207100591716,0.019751165754778092,633,"It's a Business Park, son. No tie, no slide."""
3343,68,137,309,756,1202,1.4850249584026622,0.01994432632267445,633,One day you'll miss sliding down a slippery slope without unintended consequences.
154,69,112,284,653,1049,1.4842707340324117,0.021025459208678265,633,Can't you play on your phone like the other kids
1999,70,136,300,746,1182,1.4839255499153976,0.020157299612392317,633,"Look away, kid.  This lady is about to recall a tough life lesson about skirts and hot metal slides."
375,71,124,262,684,1070,1.4766355140186915,0.021217167487488763,633,But the other kids are letting their parents go down the slide one more time!
258,72,99,308,655,1062,1.4764595103578155,0.020268846277451312,633,I really love take your parents to school days.
2517,73,72,205,456,733,1.47612551159618,0.02468055311625257,633,"The judge declared recess."""
526,74,104,286,648,1038,1.4759152215799614,0.02082681677350719,633,Why don't YOU grow up?
480,75,109,268,648,1025,1.4741463414634146,0.021241140505402618,633,Go play on your phone.
4120,76,127,199,639,965,1.4694300518134715,0.023052301923316202,633,Yeah mister … it’s superglue.
3505,77,94,266,608,968,1.46900826446281,0.02140983325583983,633,Corporate team building workshop. Why are you here?
2516,78,93,267,606,966,1.468944099378882,0.021391541471235502,633,I’m only 7 in dog years.
3345,79,107,233,614,954,1.4685534591194969,0.02228617114466197,633,Haven’t you heard? Forty is the new four.
1582,80,86,263,581,930,1.467741935483871,0.021611743155775992,633,I’m an personal injury attorney.  I come here a lot.
2623,81,107,207,589,903,1.4662236987818382,0.02320846861309364,633,We already spent your retirement. So now we thought we'd take away your childhood too.
1413,82,86,244,567,897,1.463768115942029,0.022171146621339236,633,The boss asked for a slide show.
3513,83,87,239,566,892,1.4630044843049328,0.02231542566617718,633,"Sorry, Kid, but forty is the new ten."
2023,84,101,197,567,865,1.461271676300578,0.023619919807116002,633,"I remember being like you. Young and full of dreams. It's all a lie kid. You'll realize that in 30 years when you find yourself on a slide in a park because your 25-year-old boss thinks it is good for ""team morale."""
522,85,78,233,535,846,1.4598108747044918,0.022631129980091536,633,Call your mother and tell her there’s traffic
3361,86,76,230,529,835,1.4574850299401199,0.022712582359552876,633,The judge said we could take a five-minute recess.
1550,87,82,215,533,830,1.4566265060240964,0.02318720950262934,633,Don't be a helicopter kid.
3262,88,85,207,534,826,1.4564164648910412,0.02345625492549092,633,"Also, ""snack time"" has been replaced by something we call ""cocktail hour."""
1115,89,94,188,542,824,1.4563106796116505,0.02405559031457218,633,it's parents weekend.
4099,90,79,209,519,807,1.4547707558859975,0.023463745869620797,633,That’s a slide—this is a slippery slope.
3659,91,70,219,503,792,1.4532828282828283,0.023168300377778575,633,But Billy! We just GOT here!
1679,92,75,205,504,784,1.4528061224489797,0.023681023882532792,633,"It's called team-building, kid. We act like children and pretend to have fun."
2338,93,79,195,507,781,1.4519846350832266,0.02401920338160842,633,"Daddy pays the taxes, daddy gets to go first."
2717,94,66,219,492,777,1.4517374517374517,0.023196685250206177,633,"Not now, Son. Dad's networking."
3522,94,84,183,510,777,1.4517374517374517,0.024449794515913385,633,The Senate is in recess.
407,96,59,177,420,656,1.4496951219512195,0.025542883206108383,633,We are working on our slide presentation.
3530,97,78,184,495,757,1.4491413474240422,0.024491927611068855,633,What institution haven't we ruined for your generation?
1934,98,79,180,494,753,1.448871181938911,0.02465758054216472,633,Don't be one of those helicopter kids.
790,99,64,209,478,751,1.4487350199733688,0.023602579405293343,633,We didn't get a raise this year but we get recess
4201,100,60,126,364,550,1.4472727272727273,0.02911573704549309,633,"That's right, we do the same thing over and over and expect a different result."
1720,101,62,197,462,721,1.4452149791955617,0.024123005327580774,633,Eminent domain. Look it up.
2719,102,62,192,458,712,1.4438202247191012,0.02433362626897758,633,"Honestly, we need this more than you do right now."
4066,103,61,190,453,704,1.4431818181818181,0.024444530313507375,633,"Son, you're too young for the corporate ladder."
3622,104,64,183,455,702,1.443019943019943,0.024740866855986216,633,"OK, Dad, but this is the LAST TIME! Then we REALLY HAVE TO GO!!"
2228,105,76,155,463,694,1.442363112391931,0.025923022970129043,633,"Have you ever heard of a slide rule? Well, here's the rule.  This is our slide!"
3676,106,59,191,449,699,1.44206008583691,0.024396895962555714,633,"Remember we said, 'Stop with the smart phone, go out and play!?'  
It began to make sense."
50,107,62,179,445,686,1.4416909620991254,0.02497759795104539,633,Stop helicoptering. You're embarrassing me.
3544,108,51,125,338,514,1.4416342412451362,0.029453667913363422,633,"Which part of ""hostile takeover"" did you not understand?"
1162,109,68,166,451,685,1.4408759124087591,0.02550783872901802,633,I'll let you drive home.
76,110,61,177,442,680,1.4397058823529412,0.02504124386055959,633,I love take your parent to school day.
2644,111,66,165,445,676,1.4393491124260356,0.025577413126829363,633,"We're swingers, but one thing led to another"
2512,112,68,159,445,672,1.4389880952380953,0.02585810471632698,633,"Because I'm the Principal, that's why!"
4114,113,61,170,436,667,1.4377811094452773,0.02538109992319531,633,You’re upset?  We were promised golden parachutes.
1267,114,46,199,420,665,1.437593984962406,0.024062273436541947,633,I didn't go into teaching for the salary.
1221,115,70,150,443,663,1.4374057315233786,0.026281170392491518,633,Excuse us. We are filming an ad for a new rheumatoid arthritis drug.
2534,115,62,166,435,663,1.4374057315233786,0.02557822594027814,633,Our Team Building budget was drastically reduced this year.
2171,117,60,160,421,641,1.436817472698908,0.026017285616471007,633,Did your taxes pay for this playground?
1904,118,55,168,414,637,1.4364207221350078,0.02565623411144561,633,Well your mother and I tried swinging first...
1701,119,50,182,416,648,1.4351851851851851,0.02486812287745054,633,Can I stay 10 more minutes? All my work friends are here.
2581,120,58,164,422,644,1.434782608695652,0.02573555296830954,633,Aren't you supposed to be playing on your phone?
4130,121,50,179,413,642,1.4345794392523366,0.025026768511583194,633,"Because I was here first,  that's why!"
1769,122,56,163,415,634,1.4337539432176656,0.025828074520960104,633,We're free range adults
1199,123,60,153,417,630,1.4333333333333333,0.026328961670107454,633,You might as well know the truth. Being eight years old is as good as it gets.
2402,124,49,133,354,536,1.4309701492537314,0.028286607266636874,633,The slide is a lot like life: high expectations at the top and sand in your pants when you get to the bottom.
3336,125,46,88,285,419,1.4295942720763724,0.03333939718700662,633,Stop acting like a child and  just go talk to her.
3021,126,58,143,403,604,1.4288079470198676,0.02691996219139759,633,Be glad we didn't take your candy too.
3353,127,55,146,397,598,1.4280936454849498,0.026799583876199858,633,"Unfortunately, our company outings get cheaper every year."
2015,128,42,141,344,527,1.426944971537002,0.027715822723829,633,All we need to know we learned in kindergarten
838,129,58,134,394,586,1.4266211604095562,0.027505019412326703,633,I was told 50 is the new five.
1443,130,54,141,390,585,1.4256410256410257,0.027106023680602817,633,I’ve been delaying gratification for a lot longer than you.
51,130,55,139,391,585,1.4256410256410257,0.027213794943310596,633,"Grow up. We were here first."""
3369,132,48,152,383,583,1.4253859348198972,0.026512600402942316,633,"Come on son, all the OTHER parents are doing it!"
2751,133,62,120,393,575,1.4243478260869564,0.02830671121514385,633,We're making kindergarten great again!
3894,134,59,119,381,559,1.4239713774597496,0.02856517677516734,633,"She's from OSHA, he's from Consumer Reports and I'm just big for my age."
1386,135,48,143,374,565,1.4230088495575222,0.02709269179867026,633,"The slide's over there, kid.  This is a slippery slope."
2176,135,58,123,384,565,1.4230088495575222,0.028227234512144084,633,Sorry. This one's the corporate ladder.
1853,137,34,170,359,563,1.4227353463587922,0.02547805212854285,633,"“Five more minutes, Timmy, we promise!”"
3162,138,51,135,375,561,1.4224598930481283,0.02757475921511485,633,Tell Mom to pick me up at Six.
1630,138,41,155,365,561,1.4224598930481283,0.02639517981381924,633,In forty years you will understand.
96,140,49,144,380,573,1.4223385689354275,0.02693550866073834,633,"Not everyone can afford a sports car level mid-life crisis, kid."
3921,141,57,121,380,558,1.4211469534050178,0.028362974078618642,633,"Sorry, son.  This one's reserved for hip and knee replacements"
57,142,43,148,365,556,1.420863309352518,0.026792954673855254,633,Just remember Billy.....what happens on the playground stays on the playground!
1189,142,57,120,379,556,1.420863309352518,0.028435904071963055,633,The President will be arriving shortly.  We are the advance team.
1979,144,38,139,334,511,1.4207436399217221,0.027739912977921846,633,"Yes, son, this is as good as it gets."""
2793,145,43,147,364,554,1.4205776173285198,0.02685863946425244,633,"We didn’t get a pay raise, but we got recess."
2742,146,38,156,358,552,1.4202898550724639,0.026307115797625815,633,Sorry kid. 45 is the new five.
1039,147,48,134,366,548,1.4197080291970803,0.02766790791319882,633,"Sorry kid, I need this more than you do."
4236,148,41,146,357,544,1.4191176470588236,0.0269435443841106,633,"It's called the corporate ladder, and it's only for grown-ups."
1844,149,50,129,368,547,1.4186471663619744,0.02793887470330238,633,You can have it after we've ruined it
3261,150,46,134,360,540,1.4185185185185185,0.027705418937271273,633,Hostile takeover. It's a corporate park now.
615,151,45,131,355,531,1.4161958568738229,0.027896993515519487,633,Our slide presentation will be over shortly and then you can use it again....
212,152,42,134,349,525,1.4152380952380952,0.027726011552425222,633,We'll be on our way soon - I'm just about to hit my activity goal.
229,152,41,136,348,525,1.4152380952380952,0.02759459427132886,633,Sorry. Hostile takeover.
528,152,49,120,356,525,1.4152380952380952,0.028629046471144427,633,"Growing older is required, growing up is optional."
1310,155,43,131,349,523,1.4149139579349905,0.027929725438016084,633,"When we got elected to congress, the first thing we learned was to let everything slide."
2998,156,40,135,344,519,1.4142581888246628,0.02767680697294057,633,The unintended consequences of legalizing marijuana.
4321,157,50,113,352,515,1.4135922330097088,0.029148367784902464,633,"Sorry, Congress is in recess."
3148,158,30,150,328,508,1.4133858267716535,0.026669436045168672,633,"We work hard, we play hard."
2508,159,49,114,350,513,1.4132553606237817,0.0290980463376171,633,"I'm sorry to tell you:
Life doesn't get any better than this."
2545,160,36,143,342,521,1.4126679462571976,0.027052971176944687,633,"Well son, sometimes a slippery slope is not just metaphorical"""
1452,161,35,134,328,497,1.4104627766599598,0.027781845867338516,633,"Sorry kid, the Judge called a ten minute recess."
3805,162,41,121,333,495,1.41010101010101,0.02872368492113781,633,"Son, this is how you have a midlife crisis on a budget."
4188,162,41,121,333,495,1.41010101010101,0.02872368492113781,633,It’s been your turn for the last 8 years Timothy”
3574,164,39,123,330,492,1.4085365853658536,0.02854841990945399,633,"No Jimmy, I don’t know what a metaphor is."
2948,165,50,100,340,490,1.4081632653061225,0.030188489213769418,633,The judge granted our request for a recess.
1228,166,39,121,328,488,1.4077868852459017,0.02870700273878475,633,"It's time you learned, kid. This is as good as it gets."
2372,166,33,133,322,488,1.4077868852459017,0.027813645149133422,633,We’ve decided to do something about that whole “youth is wasted on the young “ thing.
273,168,43,107,326,476,1.4054621848739495,0.029797028125169083,633,Apparently they’ve revised the presidential fitness test.
1100,169,47,98,329,474,1.4050632911392404,0.03047541752207912,633,What happens at Georgetown Playground stays at Georgetown Playground.
2000,169,35,122,317,474,1.4050632911392404,0.028665392877967114,633,Company cutbacks limited our choices for this year's all-employee outing.
1439,171,33,125,314,472,1.4046610169491525,0.02843180042756491,633,Yes. This IS as good as it gets.
1300,172,38,114,318,470,1.4042553191489362,0.029296480345894133,633,I've decided your way of life is much better.
1886,172,34,122,314,470,1.4042553191489362,0.028670386464552156,633,"Trust me, I need this more than you."
1986,174,48,93,327,468,1.4038461538461537,0.03089952783011831,633,We're making playgrounds great again.
794,175,35,117,312,464,1.4030172413793103,0.02907710809027987,633,"No, you act YOUR age!"
3387,176,36,114,312,462,1.4025974025974026,0.02932194287150923,633,"Sorry, the workshop is about connecting with our inner child, not just any child."
4193,177,33,119,308,460,1.4021739130434783,0.028920607935447363,633,Tell your mother I’ll be home in time for dinner.
1187,178,40,104,314,458,1.4017467248908297,0.030135317830961492,633,The internet is down.
3879,179,48,86,320,454,1.4008810572687225,0.03157489361169571,633,Did you help close the Fischer deal? Then no you can't.
447,180,40,101,311,452,1.4004424778761062,0.030410329461953243,633,"Yeah, it's kind of like recess, only we call it a corporate retreat."
4224,181,27,123,294,444,1.3986486486486487,0.02856024187228345,633,New this year. Teachers get recess too!
1529,182,38,100,304,442,1.3981900452488687,0.03054977851072753,633,"Be careful what you wish for, kid.  It's a long hard struggle to get to the top, and a short grueling slide into the abyss.  Also, I was here first."
1806,182,33,110,299,442,1.3981900452488687,0.029698255752544356,633,The bar was closed.
2324,184,30,114,294,438,1.3972602739726028,0.029349579660316264,633,"Sorry, shirt and tie only!"
4109,184,22,130,286,438,1.3972602739726028,0.027889171381043916,633,"If your mom asks, I was at a meeting"
1708,186,36,100,298,434,1.3963133640552996,0.030588821149278078,633,"Sorry kid, didn't you hear? The Senate is in recess."
3655,187,34,100,290,424,1.3962264150943395,0.03073598400772158,633,This is remedial training for those  of us who didn't learn everything we needed to know when we were in kindergarten.
1743,188,34,103,295,432,1.3958333333333333,0.03033290590907085,633,"Freddie, the teachers were given this new slide ... instead of a raise."
3626,189,41,88,301,430,1.3953488372093024,0.03165025247067152,633,"The big slide is for closers, Timmy"
2406,190,36,97,295,428,1.394859813084112,0.030879756226995566,633,"Daddy isn’t playing, he’s team building."
1872,191,30,104,284,418,1.3923444976076556,0.030264658444232772,633,"Sorry Billy, we stopped swinging in the seventies."
3945,192,36,91,289,416,1.3918269230769231,0.031484381613054224,633,We’re taking a break from the news
3075,193,34,92,283,409,1.39119804400978,0.03148378446140026,633,"Metaphysically speaking, this is the furthest we can get from the Senate hearings."
1029,194,32,95,281,408,1.3897058823529411,0.031141192006465136,633,"Sorry, this is the slide into middle age."
1675,194,34,91,283,408,1.3897058823529411,0.0315255784874109,633,We’re making Adults Great Again!
2226,194,34,91,283,408,1.3897058823529411,0.0315255784874109,633,"If the president can be a child, then I can too."
1263,197,36,85,283,404,1.3886138613861385,0.032121471908760496,633,"Someday you will learn that adults climbing the corporate ladder can be ruthless...now beat it, I was here first."""
435,198,33,89,278,400,1.3875,0.03175500473649053,633,"Believe me, we need this more than you"
995,198,30,95,275,400,1.3875,0.031157444388975972,633,"The older you get, the bigger the slide. You’ll get the irony later."
4134,200,34,85,276,395,1.3873417721518988,0.032237224378270854,633,Close your eyes. She's goin' head first!
4081,201,25,104,269,398,1.3869346733668342,0.030231865210368122,633,My taxes. My slide.
4111,201,24,106,268,398,1.3869346733668342,0.03002179086802965,633,Go play inside with the rest of the kids.
2676,201,37,80,281,398,1.3869346733668342,0.03264749056493871,633,IN MY DAY WE HAD SLIDE RULES
2932,204,29,95,272,396,1.3863636363636365,0.03116113383014373,633,"It's over, Tommy. We just can't lie about adulthood anymore."
3212,204,34,85,277,396,1.3863636363636365,0.03217058758023246,633,This is the slide for reliving childhood.  The childhood slide is over there.
3310,204,27,99,270,396,1.3863636363636365,0.0307480744780745,633,Pretend you don't know me.
3845,204,32,89,275,396,1.3863636363636365,0.03177065513624948,633,Congress is in recess this week.
3624,208,38,76,280,394,1.385786802030457,0.033072083598544334,633,"Slide’s over there, kid. The slippery slope is for adults."
1388,209,33,85,274,392,1.385204081632653,0.03219145269733313,633,Did you sign up on the app?
304,210,28,94,268,390,1.3846153846153846,0.03126617356775311,633,"Okay, you stand watch and let us know when you see our boss"
1307,210,30,90,270,390,1.3846153846153846,0.031685007539418435,633,Why aren't you in school?
266,212,27,95,266,388,1.384020618556701,0.031158677034703222,633,Your therapist recommend this place too?
517,213,29,90,267,386,1.383419689119171,0.03169120892779329,633,"I know the sign says ten and over.Well,I'm over."
898,213,24,100,262,386,1.383419689119171,0.030611149938778972,633,"Slide inspectors.  Beat it, kid."
1700,213,23,102,261,386,1.383419689119171,0.030390532341969274,633,Team building.  How about you?
483,216,36,75,273,384,1.3828125,0.0332632152360936,633,Don’t do drugs.
548,216,39,69,276,384,1.3828125,0.0338708994933735,633,"No son, I think you will find that we were here first."
1516,216,32,83,269,384,1.3828125,0.03243526416796997,633,My inner child is bigger than your outer child!
2946,219,28,90,264,382,1.382198952879581,0.03169406627592242,633,"Scram, kid!  This is the corporate ladder."
4275,219,29,88,265,382,1.382198952879581,0.03191011712424011,633,"If I don’t make it down, tell Mom I loved her."
708,221,32,80,266,378,1.380952380952381,0.032781724614945724,633,"Well, you shouldn’t have put Crazy Glue on her pants. Beat it. This is the big kids’ slide."
1361,221,31,82,265,378,1.380952380952381,0.03256696135559812,633,The court is in recess.
4018,221,37,70,271,378,1.380952380952381,0.033835099419031206,633,"We're with ""Consumer Reports.""  
We're testing batteries for pace-makers."
2849,224,23,97,256,376,1.3803191489361701,0.030898410721612736,633,Corporate can't afford gym memberships anymore so they gave us recess instead.
2883,224,28,87,261,376,1.3803191489361701,0.032025517496788024,633,"Got a problem? Take it to my dad, he's at the monkey bars."
1565,224,29,85,262,376,1.3803191489361701,0.03224621168602904,633,"Yea? Well, we were here first."
586,227,33,76,265,374,1.3796791443850267,0.033234622920914496,633,Grow up
863,228,38,63,267,368,1.377717391304348,0.03468694965161352,633,"'Screwed' is a harsh word, Billy. Save it till after recess when we study Social Security."
1329,228,27,85,256,368,1.377717391304348,0.032253512748106755,633,Your mom says this as far as I can go with my mid life crisis.
701,230,29,80,257,366,1.3770491803278688,0.03282803017541032,633,I see one tweet out of you and you're #grounded4ever.
2532,231,24,88,250,362,1.3756906077348066,0.03189073537855236,633,Sorry- this is the after-40 downhill slide.
2650,231,37,62,263,362,1.3756906077348066,0.03487083663916444,633,"You're right, kid. These slides would work a lot better if the bottoms were elevated several inches off the ground. It's an easy fix but you will have to talk to the cartoonist about that."
3518,231,25,86,251,362,1.3756906077348066,0.03212978881844638,633,"Be careful, kid.  I got hooked on this when I was your age, and now I can't stop."
471,234,26,82,249,357,1.3753501400560224,0.032676516140528446,633,"Because I'm the daddy, that's why."
631,234,28,78,251,357,1.3753501400560224,0.033154607078728957,633,It's a hostile takeover of the playground. Buy us out and it's yours again.
2152,234,27,80,250,357,1.3753501400560224,0.03291642961825538,633,Slide rule? Never heard of it...
2244,234,28,78,251,357,1.3753501400560224,0.033154607078728957,633,His polyester slacks can reach up to 45 mph.
1083,238,20,95,245,360,1.375,0.03102187704608967,633,The judge called a recess.
463,239,22,90,246,358,1.3743016759776536,0.031627424864507064,633,And then it dawned on us: why do we pay all the taxes and you have all the fun?
2646,239,28,78,252,358,1.3743016759776536,0.033078487103941165,633,You millennials get a turn once we're dead.
3958,241,29,73,248,350,1.3742857142857143,0.033850768237405744,633,Oh; and you’re not getting Social Security either.
4071,242,18,99,244,361,1.373961218836565,0.03045202134016113,633,Tell your mother that the meeting is running a little late
2206,243,21,91,244,356,1.3735955056179776,0.031488850335706815,633,"Discovering my inner child, what's it to you?"
3246,244,26,80,248,354,1.3728813559322033,0.032841515981267756,633,The portability for your portfolio amortized against your future education debts puts you at the back of the line ... plus I called it.
159,245,20,91,241,352,1.3721590909090908,0.03145534824685588,633,"Don't worry, our enjoyment will trickle down to you."
1843,245,25,81,246,352,1.3721590909090908,0.032716609149918946,633,What can I say? This is as close as we’ll ever get to working at Google.
290,247,33,64,253,350,1.3714285714285714,0.03477478981483966,633,Just use the sandbox like the cats do.
727,247,26,78,246,350,1.3714285714285714,0.03308584026665361,633,"C’mon now son, you didn’t hear me complain when it was ‘Take Your Child to Work Day’."
1251,247,28,74,248,350,1.3714285714285714,0.03357706731021963,633,"Faculty only, Paulie."
1560,247,30,70,250,350,1.3714285714285714,0.034061210667848,633,It's called the Slide Rule - you have to wait until we're done.
2138,247,23,84,243,350,1.3714285714285714,0.03233501030839117,633,"Unless you're my inner child, you'll need to wait your turn."
389,252,17,94,234,345,1.3710144927536232,0.031062271643354896,633,"You work your way up the ladder, then slide to the bottom like everyone else..."
1712,253,35,59,254,348,1.3706896551724137,0.035382971042470374,633,"Sure, Brett, look up her skirt all you want.  No one's ever gonna care."
4322,253,21,87,240,348,1.3706896551724137,0.03193872419865884,633,"I was next tommy, don’t make me call H.R."
179,253,34,61,253,348,1.3706896551724137,0.03514814811290902,633,"And, as a bonus, I get to look up Brenda's skirt"
3900,256,25,77,241,343,1.370262390670554,0.033286842468363456,633,Taxpayers first.
2169,257,33,62,251,346,1.369942196531792,0.03505012612781914,633,What happens at the playground stays at the playground.
2674,257,19,90,237,346,1.369942196531792,0.0315269177537297,633,"Yeah we DO have lives outside of the classroom, BILLY"
3266,257,28,72,246,346,1.369942196531792,0.033833979949829444,633,Why?  Big people don't share.  Any other questions?
200,260,29,68,244,341,1.3695014662756597,0.03443058273051594,633,"I see Paris, I see France, I see Ms. Bosman’s underpants."
2373,260,28,70,243,341,1.3695014662756597,0.034179156298577935,633,"If Trump gets impeached, then we'll go to Disney World."
2750,262,30,67,247,344,1.369186046511628,0.034459860209631744,633,It was either this or buy the Corvette.
2180,262,23,81,240,344,1.369186046511628,0.03269296336613993,633,"For you it's playing, for us it's team building."
2068,262,25,77,242,344,1.369186046511628,0.033207385580477554,633,"When you start paying taxes, you can start using the infrastructure."
1303,262,26,75,243,344,1.369186046511628,0.03346163114383217,633,"There's no height requirement, but you must have recently either had a mid-life crisis, gotten divorced or lost a job."
899,262,31,65,248,344,1.369186046511628,0.03470493145624598,633,We just quit our jobs.
2055,262,27,73,244,344,1.369186046511628,0.03371395943109099,633,The downside of 'Bring Your Parents to School Day.'
982,268,28,70,244,342,1.368421052631579,0.03409619265936892,633,"So what's the whole point of ""Bring Your Parents to a School Day"" then?"
2051,269,27,70,240,337,1.367952522255193,0.034191375459163606,633,We decided to make sliding great again.
2613,269,29,66,242,337,1.367952522255193,0.034704118758023296,633,"Court or school, it's still recess."
3573,269,27,70,240,337,1.367952522255193,0.034191375459163606,633,It’s never too late to learn how to play well with others.
2356,272,31,61,243,335,1.3671641791044775,0.035352344168126805,633,Grown-ups need bigger slides. We call them slippery slopes.
2499,272,26,71,238,335,1.3671641791044775,0.03406486087391763,633,No suit? No slide.
2740,272,22,79,234,335,1.3671641791044775,0.032998726534542264,633,"Because I have a mustache and you don’t, that’s why"
416,275,22,77,231,330,1.3666666666666667,0.03333333333333333,633,You see the Ted Talk too?
2009,276,23,76,234,333,1.3663663663663663,0.03339613416863797,633,"Sorry Timmy, but in lieu of a pay raise the teacher association voted we get to go on recess too"
4243,277,21,79,231,331,1.365558912386707,0.032974453448913844,633,Nothing slides like gabardine.
3913,277,26,69,236,331,1.365558912386707,0.03433459655722089,633,We reserved it online.
2496,277,24,73,234,331,1.365558912386707,0.03379710852351291,633,It's our 30th Elementary School Playground reunion.
3757,277,22,77,232,331,1.365558912386707,0.03325093334559338,633,"Sorry you have to wait, but our group therapist says we have to put our inner child first."
1383,277,20,81,230,331,1.365558912386707,0.032695635674445576,633,You're never too old to have a happy childhood.
1103,277,21,79,231,331,1.365558912386707,0.032974453448913844,633,We prefer this to swinging.
1021,283,20,82,232,334,1.3652694610778444,0.032494312781379445,633,Well you tell granddad I will go down the big slide if I want to.
1725,284,29,62,238,329,1.364741641337386,0.03526887013190233,633,"What, you expected the generation that elected Donald Trump President to behave differently?"
2184,284,24,72,233,329,1.364741641337386,0.03392970822815477,633,It's part of our Anger Management course -- learning to let things slide.
3326,284,21,78,230,329,1.364741641337386,0.03310021511240895,633,The judge let us have a fifteen minute recess.
3636,287,28,62,235,325,1.363076923076923,0.03529241880407184,633,You're too young to remember—it's called the slide rule.
3733,287,29,60,236,325,1.363076923076923,0.03556048618015071,633,Just one more time down and then you can push me on the swing.
1547,289,15,87,221,323,1.3622291021671826,0.03171585985079728,633,Wait here....I'll be down in a second.
300,290,25,66,230,321,1.3613707165109035,0.03475562731570822,633,You're too young to have an inner child.
4294,290,24,68,229,321,1.3613707165109035,0.03447438505795252,633,"Jeez Trevor, you’re a total helicopter kid!"
603,292,22,69,222,313,1.3610223642172523,0.03449546126891572,633,"When the teacher strike is settled, you can have it back.."
3303,293,26,63,230,319,1.3605015673981191,0.03517921733580124,633,"We supreme court candidates have a different  definition of ""playing
around"" these days"""
3001,293,23,69,227,319,1.3605015673981191,0.03432827163614178,633,If something bad happens let Grandma know.
2172,293,19,77,223,319,1.3605015673981191,0.03315972610077371,633,"This one is ""baby boomers only."""
1620,293,19,77,223,319,1.3605015673981191,0.03315972610077371,633,It is too my turn!
1533,293,22,71,226,319,1.3605015673981191,0.03403989620890662,633,We are middle-aged tax payers with student loans and mortgages ...this is all the fun we can afford
360,293,21,73,225,319,1.3605015673981191,0.03374905679128729,633,You just got baby-boomered.
14,299,19,76,222,317,1.359621451104101,0.0332885200896846,633,I'm sorry -- this is the executive slide.
365,299,20,74,223,317,1.359621451104101,0.03358706936944248,633,We're on Congressional recess.
588,299,27,60,230,317,1.359621451104101,0.035606893185064346,633,"Sorry kid, we're the White House press corps and need access to the President's mind-set."
3500,299,19,76,222,317,1.359621451104101,0.0332885200896846,633,It's called a hostile takeover.
4053,299,18,78,221,317,1.359621451104101,0.03298726891840138,633,Why aren't you inside playing video games like the other kids?
2400,304,20,72,220,312,1.358974358974359,0.03394325209274481,633,Just grow up and wait your turn.
1138,305,22,69,224,315,1.3587301587301588,0.034314273071153624,633,"We’re not playing, this is therapy."
2699,305,20,73,222,315,1.3587301587301588,0.03371985367153428,633,"This slide is for Amazon Prime, the other one is for no membership fee."
3632,305,18,77,220,315,1.3587301587301588,0.03311476599430636,633,What else do you think it means for Senate to be in recess?
3995,305,24,65,226,315,1.3587301587301588,0.03489856932846551,633,Sorry kid - you need a tie on this one.....
4112,309,17,76,215,308,1.3571428571428572,0.03327809225087382,633,I see it more as a slow uptrend followed by a rapid decline.
2642,309,21,68,219,308,1.3571428571428572,0.03452589421949558,633,The slide in the teacher’s lounge is broken.
3923,309,18,74,216,308,1.3571428571428572,0.03359438808502397,633,You'll understand when you're in therapy some day.
1119,309,20,70,218,308,1.3571428571428572,0.034218209840759725,633,"Ohh no no no, it goes boy, girl, boy, girl..."
141,309,19,72,217,308,1.3571428571428572,0.03390773359805596,633,It's the poignant symbolism that makes it so much fun.
1243,309,24,62,222,308,1.3571428571428572,0.03543292018031249,633,I didn't realize how fun 'bring your parent to school' day would be!
272,315,24,63,224,311,1.3569131832797428,0.03518921200585006,633,"Sorry, kid. This is the corporate ladder."
328,315,25,61,225,311,1.3569131832797428,0.035482747605222124,633,Haven't you heard? 40 is the new 10.
3098,317,20,67,213,300,1.3566666666666667,0.03483304129005504,633,Go get me a juicebox.
1423,318,18,72,213,303,1.3564356435643565,0.033955617543289546,633,"Don't worry, our kids will probably come for us soon."
1051,319,21,67,218,306,1.3562091503267975,0.03466841022096803,633,"Hey kid, 45 is the new 5."
1782,319,29,51,226,306,1.3562091503267975,0.037058512670445076,633,Your turn is never.
2387,319,20,69,217,306,1.3562091503267975,0.034357958764852335,633,"Peanut butter and jelly, again.
How about you ?"
3300,322,20,68,216,304,1.355263157894737,0.034499255930456996,633,To hell with computers and calculators. It's back to the old slide rule!
485,323,20,69,218,307,1.3550488599348534,0.03426551109113051,633,Was that a non age-neutral pronoun I just heard?
1456,323,23,63,221,307,1.3550488599348534,0.03518514524942609,633,We were tired of  being swing voters.
3448,323,14,81,212,307,1.3550488599348534,0.03234790346471839,633,"Sorry, but this is the inner child only slide."
3547,323,15,79,213,307,1.3550488599348534,0.03267532081747653,633,"""Who ever told you life is fair?"
1748,327,27,54,224,305,1.3540983606557377,0.036534135622357106,633,Tell your mother I'm getting a little action on the slide.
1624,327,24,60,221,305,1.3540983606557377,0.03563750984497385,633,"We're living longer, too."
5,327,18,72,215,305,1.3540983606557377,0.03377292099458173,633,"Aw gee, do we have to go now???"
2025,330,22,61,214,297,1.3535353535353536,0.03567383473561115,633,"Look, Kid. You'll understand one day when a doctor cures YOUR hemmorrhoids."
1436,330,21,63,213,297,1.3535353535353536,0.03535353535353535,633,"You'll have an existential crisis too, one day"
1451,330,22,61,214,297,1.3535353535353536,0.03567383473561115,633,No!  I don't wanna go home yet!
819,333,22,62,216,300,1.3533333333333333,0.03542175679862384,633,"You have recess, we have employer-sponsored wellness plans and the thrill of slightly cheaper insurance."""
580,334,24,59,220,303,1.353135313531353,0.03579034820559258,633,"Pathetic, isn't it?"
2961,335,23,59,216,298,1.3523489932885906,0.03588991756622939,633,This is a different me too movement.
2709,335,26,53,219,298,1.3523489932885906,0.03682225138433933,633,"Not now Jimmy, your father is presenting his slideshow!"
564,335,23,59,216,298,1.3523489932885906,0.03588991756622939,633,We let you drive here. It's only fair.
316,335,25,55,218,298,1.3523489932885906,0.036514118625237284,633,Take Your Parent to School Day should happen every year.
770,335,19,67,212,298,1.3523489932885906,0.034607756800700364,633,"Well, son, it beats $1,000 a week to pay for the psychiatrist."
1486,340,17,68,205,290,1.3517241379310345,0.03456379929326272,633,"How long have you worked here at Google, kid?"
2271,340,20,62,208,290,1.3517241379310345,0.03558436066464648,633,"We took it because we’re bigger. It’s called 
the Law of the Jungle Gym."
2575,340,28,46,216,290,1.3517241379310345,0.03817269613370465,633,"You can't tell on me, my mom is dead."
3597,340,19,64,207,290,1.3517241379310345,0.03524745697402971,633,"Remember when your teachers went on strike? Well, this is what we got."
2308,344,19,63,206,288,1.3506944444444444,0.035399772412342066,633,"Because I’m your father, that’s why!"
3210,345,17,69,208,294,1.3503401360544218,0.034227116549017715,633,"For five seconds, Timmy, my mind is free of immigration issues, fake news, trade deals, border wars,Supreme Court nominations...."
3002,345,24,55,215,294,1.3503401360544218,0.03652420915068156,633,Because
2892,345,20,63,211,294,1.3503401360544218,0.03522992962826669,633,Shouldn't kids your age be in playing video games?
1462,345,22,59,213,294,1.3503401360544218,0.03588290537077059,633,We belong to the Adults Too movement.
614,345,25,53,216,294,1.3503401360544218,0.03684067496939025,633,"Son, you’re much to young to be on the downhill slide."
1821,345,19,65,210,294,1.3503401360544218,0.03489886048992282,633,"Isn’t this new, “Bring your parent to school day” great?"
3485,351,24,54,214,292,1.3493150684931507,0.036687479865785896,633,"Oh , grow up -You lost your place in line when you retied your shoes."
2777,351,28,46,218,292,1.3493150684931507,0.03794891091504137,633,Yes.  This is the actual corporate ladder.
1006,351,24,54,214,292,1.3493150684931507,0.036687479865785896,633,This may be mommy and daddy's last chance for fun before our country sinks into total stupidity and civil war.
3015,351,17,68,207,292,1.3493150684931507,0.03436875066998608,633,"The wifi should be back up soon, son."
917,351,17,68,207,292,1.3493150684931507,0.03436875066998608,633,Relax kid. What do you think grown ups do all day while you're at school.
562,351,17,68,207,292,1.3493150684931507,0.03436875066998608,633,"Get used to it, kid.  You'll also be paying our social security soon."
977,351,23,56,213,292,1.3493150684931507,0.036365285833038906,633,We're from the White House. You'll just have to wait.
2328,358,26,47,211,284,1.3485915492957747,0.03807070196918223,633,We 're trying out for Trump's next admin staff
1893,359,25,49,211,285,1.3473684210526315,0.0376296911164379,633,"They kicked us out of the sandbox"""
465,360,19,62,207,288,1.3472222222222223,0.035348114255215245,633,We're the safety inspectors.
541,360,19,62,207,288,1.3472222222222223,0.035348114255215245,633,"Yeah, well your dad cut in front of me when we were kids, so it's only fair."
1399,360,14,72,202,288,1.3472222222222223,0.03359324081878796,633,"I'm the adult in the room, not on the playground."
1732,360,19,62,207,288,1.3472222222222223,0.035348114255215245,633,"Believe me, we need this a lot more than you do, kid."
4189,364,21,56,206,283,1.3462897526501767,0.03645569806577678,633,It’s our responsibility as adults to go and ruin everything.
3402,364,23,52,208,283,1.3462897526501767,0.03713676704034817,633,This slide is for second childhood only.
4219,364,21,56,206,283,1.3462897526501767,0.03645569806577678,633,We don't want you to grow up feeling entitled.
3507,364,20,58,205,283,1.3462897526501767,0.03611034684256129,633,Remember when Daddy told you that life isn't always fair?
2492,364,18,62,203,283,1.3462897526501767,0.03540954114845415,633,"Maybe next time kid, Judge said we get a 15-minute recess."
2938,364,19,60,204,283,1.3462897526501767,0.03576166070971917,633,"It's cheaper than pills, kid."
3420,364,24,50,209,283,1.3462897526501767,0.037472659881333414,633,"Five more minutes, please?"
3829,371,23,52,209,284,1.3450704225352113,0.037025855592765396,633,"Well Billy Boy, it’s called the law of unintended consequences. Maybe next time you will think twice before whining about going to the park."
3679,372,15,64,194,273,1.3443223443223444,0.035128680329109666,633,You’ve heard of adult coloring books? This is kind of like that.
916,373,19,58,202,279,1.3440860215053763,0.036080024374077334,633,"Yeah? 
Well if that’s the rule, where’s your kid?"
1240,373,17,62,200,279,1.3440860215053763,0.035358118062545914,633,The judge told us to take a 30 minute recess.
2653,375,20,57,205,282,1.3439716312056738,0.03616387768170304,633,"Bugger off, can't you see we're team building?"
875,375,23,51,208,282,1.3439716312056738,0.03719601418910519,633,"This is what ""Take Your Parent to Work Day"" looks like."
999,375,18,61,203,282,1.3439716312056738,0.035459099921711056,633,Shouldn't you be in school?
1218,375,13,71,198,282,1.3439716312056738,0.033632604165595964,633,"Sorry, it's a slide rule."
1255,375,17,63,202,282,1.3439716312056738,0.03510140490633165,633,"Don't worry, I'll be careful."
2029,375,18,61,203,282,1.3439716312056738,0.035459099921711056,633,Go find your own metaphor.
4263,381,12,69,190,271,1.3431734317343174,0.034100413438075045,633,Don't you have homework to do?
475,382,16,63,198,277,1.3429602888086642,0.035142669613776045,633,The judge announced the court is in recess.
3201,382,15,65,197,277,1.3429602888086642,0.03476847742549291,633,Being Principal gets you more than your name on a door.
2343,382,18,59,200,277,1.3429602888086642,0.035879348346577224,633,It's supposed to help old people enjoy going downhill/
261,382,16,63,198,277,1.3429602888086642,0.035142669613776045,633,"Well, I don't Snapchat, so we're even."""
935,382,29,37,211,277,1.3429602888086642,0.03968740220562592,633,Fuck off.
2297,382,13,69,195,277,1.3429602888086642,0.03400774341668371,633,"Listen kid, 5 more minutes okay!"
538,388,14,65,193,272,1.3419117647058822,0.03478713796815461,633,We heard that Google is looking for people with experience.
821,388,15,63,194,272,1.3419117647058822,0.0351749568909877,633,We’re done with the sandbox.
1538,388,24,45,203,272,1.3419117647058822,0.038489884524243706,633,You can't use this right now.  It's teacher training.
4290,391,17,58,195,270,1.3407407407407408,0.03609994461199748,633,This slide got five stars on Yelp!
4056,391,15,62,193,270,1.3407407407407408,0.03532891648448434,633,It was take your parents to school day
3888,391,14,64,192,270,1.3407407407407408,0.03493702204620282,633,We've given up. Something you'll understand when your are older.
3780,391,17,58,195,270,1.3407407407407408,0.03609994461199748,633,"I am sorry, we booked it for our team building!"
3274,391,22,48,200,270,1.3407407407407408,0.037959058912772424,633,The Slow Slide into Irrelevance is reserved for grown-ups.
3216,391,15,62,193,270,1.3407407407407408,0.03532891648448434,633,We actually pay taxes so technically this is our slide.
3683,391,17,58,195,270,1.3407407407407408,0.03609994461199748,633,"Dress code?  Why yes, yes there is."
2403,391,21,50,199,270,1.3407407407407408,0.037594591672639815,633,"Get used to it kid, the higher you climb the faster you drop."
1972,391,18,56,196,270,1.3407407407407408,0.036479348013637725,633,Don't tell your mother.
1512,391,16,60,194,270,1.3407407407407408,0.035716511174504126,633,The budget for our team-building retreat was slashed. What's your excuse?
1460,391,17,58,195,270,1.3407407407407408,0.03609994461199748,633,It's easy. You climb your way to the top. The country elects a moron for President. You begin your slide down.
1429,391,16,60,194,270,1.3407407407407408,0.035716511174504126,633,The judge called for a recess.
1192,391,19,54,197,270,1.3407407407407408,0.03685484584163801,633,"Just a few more safety checks, I promise."
2982,391,16,60,194,270,1.3407407407407408,0.035716511174504126,633,"It's part of our 'Work-a-holics Anonymous program."""
686,391,11,70,189,270,1.3407407407407408,0.033734033525868755,633,"Because, Son, you get to go downhill faster the older you get."
3290,406,21,51,201,273,1.3406593406593406,0.037301272851598566,633,Fifty is the new 8.
338,407,19,53,196,268,1.3395522388059702,0.037026539763138105,633,"The Judge said we have a 15 minute recess. How much time do we have left, Billy?"
948,407,17,57,194,268,1.3395522388059702,0.036263816303857284,633,"Don’t be in a rush to grow up,kid. It’s just more  climbing just to slide down."
1309,407,25,41,202,268,1.3395522388059702,0.03922582655044089,633,I think we got our meds mixed up again.
2005,407,17,57,194,268,1.3395522388059702,0.036263816303857284,633,"A life lesson, kid - Baby Boomers rule."
4318,407,16,59,193,268,1.3395522388059702,0.03587637434251452,633,What your mother doesn't know won't hurt your allowance.
569,412,18,53,193,264,1.3371212121212122,0.03698906100872422,633,Court took a recess.
749,412,17,55,192,264,1.3371212121212122,0.036597615665806875,633,"What? Our generation has stolen everything else from yours, why not this, too?"
1502,412,13,63,188,264,1.3371212121212122,0.03498806689261459,633,"You're not the boss of me. In fact, he's two ahead of us in line."
1503,415,15,56,185,256,1.3359375,0.036529386295320446,633,"We are not drunk, and we don’t care if you tell  your Mom."
4332,416,20,48,194,262,1.3358778625954197,0.03794206511924715,633,It'll be your turn when YOU start paying taxes.
2154,416,19,50,193,262,1.3358778625954197,0.037554664726643316,633,You think this is unfair?  Wait until you are able to understand the Federal debt we're going to leave you.
1206,416,16,56,190,262,1.3358778625954197,0.036367711701216186,633,I don't have to stand in line -- I paid for this.
2,416,17,54,191,262,1.3358778625954197,0.036767620499093774,633,I won’t tell your teacher if you don’t tell my boss.
245,416,18,52,192,262,1.3358778625954197,0.037163226177876214,633,Come back in twelve inches.
1982,421,21,47,197,265,1.3358490566037735,0.03801639567642836,633,Promise me you'll look after your mother.
64,422,18,51,191,260,1.3346153846153845,0.03733959089346322,633,"Son, we can't afford our gym membership anymore."
994,422,18,51,191,260,1.3346153846153845,0.03733959089346322,633,"Sorry—this slide is for teachers only, kid. It’s one of the few things we still enjoy about our job."
1231,422,20,47,193,260,1.3346153846153845,0.03812669809321627,633,My juice box has bourbon in it.
2779,422,16,55,189,260,1.3346153846153845,0.036535530496916865,633,We're exercising our inner child.
4267,426,13,59,183,255,1.3333333333333333,0.03572549578877983,633,"Sorry son, daddy’s made new friends."
4027,426,14,58,186,258,1.3333333333333333,0.035874259113550744,633,Remind me how to do this.
4015,426,18,49,188,255,1.3333333333333333,0.03782464163745377,633,"Inner child here, actual child there"
3227,426,15,56,187,258,1.3333333333333333,0.03629222574829532,633,For snack we get proscuitto wrapped pears with blue cheese and a chilled fume' blanc.
1932,426,18,50,190,258,1.3333333333333333,0.037518198227292084,633,"You try working in the White House for 14 hours a day, and then tell me you don't need this."
2224,426,16,54,188,258,1.3333333333333333,0.036705433284246636,633,"Face it kid, we’re older and we pay taxes."
22,426,17,52,189,258,1.3333333333333333,0.037114040677395016,633,We need this more than you.
2341,426,13,60,185,258,1.3333333333333333,0.03545136505308544,633,What part of calling dibs don’t you understand?
3684,434,20,44,189,253,1.33201581027668,0.03882623472834099,633,You may use this slide once your hopes and dreams have been demolished.
4164,434,9,66,178,253,1.33201581027668,0.03409414818885149,633,"Sorry kid, the judge only gave us a 15 minute recess."
2776,434,17,50,186,253,1.33201581027668,0.037594783061207684,633,Be patient. The senate recess is only for 15 minutes.
355,434,18,48,187,253,1.33201581027668,0.03800970020937098,633,"Stop complaining, it's all yours from nine to five."
1896,434,22,40,191,253,1.33201581027668,0.039625947261285856,633,Why don’t you play with your iPhone like any normal kid.
462,434,16,52,185,253,1.33201581027668,0.03717523526263527,633,"I don't know, Randall. CAN you use this slide?"
2014,434,14,56,183,253,1.33201581027668,0.036321604089829304,633,"Dad, mom wants you home at 5:30, so you can clean up your room before dinner."
1,441,14,54,179,247,1.3319838056680162,0.03690962828142977,633,"Billy, run get Daddy a bottle of Dewar's."
427,442,17,50,187,254,1.330708661417323,0.03746928704854904,633,The jury’s on recess.
1508,442,16,52,186,254,1.330708661417323,0.03705165151564923,633,I have permission from my therapist
1938,442,18,48,188,254,1.330708661417323,0.03788231861721266,633,"We’re on recess, too. And you should see the confirmation hearing. It’s a real circus."
2371,442,15,54,185,254,1.330708661417323,0.03662925453988464,633,The tough climb up and then the ride is over in a second. It's a metaphor for life kid.
2522,446,12,59,180,251,1.3306772908366533,0.03560603039048654,633,Sorry kid. It's another one of those Team Building exercises.
4281,446,16,51,184,251,1.3306772908366533,0.03735343946692043,633,Your dad’s the one who laid us off. Blame him.
3970,446,14,55,182,251,1.3306772908366533,0.03649019621882801,633,It was either this or another adult coloring book.
3487,446,14,55,182,251,1.3306772908366533,0.03649019621882801,633,Have you self identified as a child?
2452,446,14,55,182,251,1.3306772908366533,0.03649019621882801,633,It’s only fair after ‘Bring your child to work’ day.
1410,446,15,53,183,251,1.3306772908366533,0.036924340617656655,633,"Just one more, Son. It’s been a very stressful administration."
1136,446,15,53,183,251,1.3306772908366533,0.036924340617656655,633,"After my slide, I got dibs on the sandbox."
636,446,16,51,184,251,1.3306772908366533,0.03735343946692043,633,Your Mom & I are seeing a new therapist.
280,446,16,51,184,251,1.3306772908366533,0.03735343946692043,633,Just making sure it's safe.
52,446,18,47,186,251,1.3306772908366533,0.03819717869069923,633,"No, we were here first."
2598,456,16,48,179,243,1.3292181069958848,0.0381667063070912,633,You'll know it's your turn when you have an ulcer and a divorce lawyer.
106,457,16,50,184,250,1.328,0.03740669785181133,633,"When you get to be our age, you take irrational exuberance any way you can get it."
1007,457,18,46,186,250,1.328,0.038255954729808486,633,Your teachers need recess too.
1475,457,16,50,184,250,1.328,0.03740669785181133,633,It's for former White House employees.
1653,457,13,56,181,250,1.328,0.03609536676649833,633,"...Because you don't NEED to find your inner child, Billy."
3273,457,19,44,187,250,1.328,0.03867359029551538,633,"So, you think you can play with the big boys?"
3377,457,14,54,182,250,1.328,0.03653770677073558,633,"Set high goals, work hard, and one day it’ll be your turn on the big slide."
3664,457,13,56,181,250,1.328,0.03609536676649833,633,"Kid, my advice to you is to stay in this playground for the rest of your life."
4287,457,9,64,177,250,1.328,0.034268957465658806,633,"Do me a favor son, just don't tell your mother."
2665,465,16,49,182,247,1.3279352226720649,0.03771676474162835,633,It’s Opposite Day. You’re supposed to be at my office.
1353,465,20,41,186,247,1.3279352226720649,0.03942354091423087,633,"Can I just stay for another 15mins, pleaseeeee."
1351,465,22,37,188,247,1.3279352226720649,0.04024979746578092,633,This is the senior slide.
578,465,13,55,179,247,1.3279352226720649,0.03638417809769539,633,Adult play doesn’t end for another 10 minutes.
969,469,14,52,179,245,1.3265306122448979,0.037008754269943364,633,Baby boomers are retiring. Deal with it.
1763,470,16,47,179,242,1.3264462809917354,0.03822354597790222,633,No one will believe you.
2875,470,13,53,176,242,1.3264462809917354,0.036853254085777776,633,Gravity is a reality. Everything else can be disputed in court.
3132,470,15,49,178,242,1.3264462809917354,0.03777230586448448,633,We'll be gone soon; the judge only gave us a 15-minute recess.
3298,470,20,39,183,242,1.3264462809917354,0.03997760591060138,633,"Sorry, Jimmy, but the new union contract gives all teachers first dibs on the playground at recess."
3816,470,16,47,179,242,1.3264462809917354,0.03822354597790222,633,That’s right kid.  We’re deregulating playgrounds too.
3980,470,14,51,177,242,1.3264462809917354,0.03731560951553026,633,What? I already finished my homework.
613,476,14,51,178,243,1.3251028806584362,0.03718600415948874,633,"Take your Parents to Play Day"" is way more fun than ""Take your Kids to Work Day"
1496,476,16,47,180,243,1.3251028806584362,0.03808962031039409,633,"Timmy, can you go around and catch me when I get to the bottom?"
65,478,15,48,177,240,1.325,0.037959183099613165,633,"Sorry, kid, but we're late for our childhood."
4165,479,18,42,181,241,1.3236514522821576,0.039172629851658106,633,"Take note, my lad. A gentleman waits on the first rung."""
3842,479,16,46,179,241,1.3236514522821576,0.03827974185221646,633,"Back off kid, it's Congressional recess"
3350,479,14,50,177,241,1.3236514522821576,0.03736552345477913,633,"When you turn 18 kid, you can ride the big slide, vote, or go to war"
4029,479,11,56,174,241,1.3236514522821576,0.03595063147172278,633,"Keep working that practice slide, kid, and someday you'll make it here to the big time."
1628,479,12,54,175,241,1.3236514522821576,0.03642836875056261,633,"This is your ""special"" meeting for work, Dad?"
626,479,11,56,174,241,1.3236514522821576,0.03595063147172278,633,"We only get half an hour for lunch, and the swings are full."
243,479,12,54,175,241,1.3236514522821576,0.03642836875056261,633,I'll be sure to remember the little guy when I make it to the top.
2797,479,15,48,178,241,1.3236514522821576,0.03782539477204423,633,"I thought the corporate ladder was a metaphor when I was your age, too"
3956,487,17,43,178,238,1.3235294117647058,0.03906692701334414,633,"Sorry, you need a note from your therapist."
2415,487,12,53,173,238,1.3235294117647058,0.03672790059274848,633,"Someday, son, this will all be yours."
1607,487,13,51,174,238,1.3235294117647058,0.03720747106178869,633,Taxpayers have priority.
1688,487,15,47,176,238,1.3235294117647058,0.03814853004428743,633,"No son, I said it’s my play day not my payday.”"
664,487,13,51,174,238,1.3235294117647058,0.03720747106178869,633,"Sorry son, we couldn't afford the fancy gym memberships anymore."
514,487,16,45,177,238,1.3235294117647058,0.03861045927469562,633,"It's called a"" Team Building Session"" kid, and yah, we still haven't learned how to play together nicely."
318,487,12,53,173,238,1.3235294117647058,0.03672790059274848,633,"Don't give me that look, Milton. We need this more than you do."
1188,487,15,47,176,238,1.3235294117647058,0.03814853004428743,633,The geezers kicked me off the seesaw.
3311,495,17,42,176,235,1.323404255319149,0.039413152064507906,633,"Stay in your lane, kid. This is the corporate ladder."
4162,495,9,58,168,235,1.323404255319149,0.035530755164650964,633,"Sorry, kid, big boy pants and a tie are required for the corporate ladder."
4144,495,13,50,172,235,1.323404255319149,0.037522200883146464,633,Bad news kid. This is as good as it gets.
3969,495,14,48,173,235,1.323404255319149,0.03800376044882143,633,"""Fifty is the new five.""

Jane Pinchin
Hubbardsville, NY"
3836,495,16,44,175,235,1.323404255319149,0.038949021894314845,633,You're too young to know the importance of a slide presentation.
3548,495,16,44,175,235,1.323404255319149,0.038949021894314845,633,We're education majors. This is an elective
4221,495,11,54,170,235,1.323404255319149,0.0365400473568766,633,"Five more minutes, please, son."
3258,495,18,40,177,235,1.323404255319149,0.039871879875373696,633,The Senate Judiciary Committee is in recess.
2294,495,12,52,171,235,1.323404255319149,0.037034380107934715,633,We put the FUN in Fund Management.
2903,495,13,50,172,235,1.323404255319149,0.037522200883146464,633,"You'll have to wait your turn, kid.  In so many ways, we were here first."
2331,495,14,48,173,235,1.323404255319149,0.03800376044882143,633,The Judge gave us a five minute recess.
2062,495,15,46,174,235,1.323404255319149,0.03847929387849536,633,Government shutdown; what's your excuse?
2052,495,15,46,174,235,1.323404255319149,0.03847929387849536,633,"Thanks for letting me cut the line. My mother is picking me up in five minutes"""
697,495,16,44,175,235,1.323404255319149,0.038949021894314845,633,"It's a perk, kid. Not a right"
234,495,16,44,175,235,1.323404255319149,0.038949021894314845,633,"Recess? No, recession."
133,495,17,42,176,235,1.323404255319149,0.039413152064507906,633,What are you looking at? It was a long day at work.
2935,495,13,50,172,235,1.323404255319149,0.037522200883146464,633,You work you're way up and then it's downhill.
752,512,16,44,177,237,1.3206751054852321,0.038667623169563875,633,Well? What did you think the teachers' lounge looked like?
1589,512,10,56,171,237,1.3206751054852321,0.03578601468269151,633,"Son, never pass up a free ride."
1860,512,12,52,173,237,1.3206751054852321,0.03677165020013388,633,Just one more time I promise and then mommy and I will take you home.
2229,512,14,48,175,237,1.3206751054852321,0.03773154741078345,633,Don't you have a screen to go stare at?
3542,512,13,50,174,237,1.3206751054852321,0.03725469049967537,633,You get better at dealing with life's ups and downs as you get older.
3083,517,15,45,174,234,1.3205128205128205,0.03853483350364872,633,Burning Man is terrible this year.
3057,517,15,45,174,234,1.3205128205128205,0.03853483350364872,633,Careful!  She pees on the slide.
317,517,14,47,173,234,1.3205128205128205,0.038055892487734555,633,"But if my dad was still alive, he could beat up your dad."
795,517,13,49,172,234,1.3205128205128205,0.03757084658245133,633,"Listen kid, we’ve waited all our lives to play."
2507,517,16,43,175,234,1.3205128205128205,0.039007894499316985,633,"It's called ""Pay to Play"". We paid, you didn't."
2275,522,9,55,164,228,1.3201754385964912,0.03614767164509525,633,"No, we were never your age."
2971,522,14,45,169,228,1.3201754385964912,0.03872813549188695,633,"I'm afraid this slide's for closers, Jimmy."
1090,524,13,48,171,232,1.3189655172413792,0.037756079844658,633,"Sorry kid, adult slides are the new coloring books."
1261,524,18,38,176,232,1.3189655172413792,0.04015117158212711,633,"Sorry kid, we work in government. We need this more than you do."
4014,524,13,48,171,232,1.3189655172413792,0.037756079844658,633,Okay now it's your turn to watch me for 30 minutes.
194,527,20,33,176,229,1.3187772925764192,0.04145547280427035,633,Big boy pants.
866,527,18,37,174,229,1.3187772925764192,0.04052092650223752,633,It's all we've got left.
1450,527,11,51,167,229,1.3187772925764192,0.03706491456497926,633,What did you think I meant when I told you court was in recess?
3060,527,13,47,169,229,1.3187772925764192,0.038084362047106364,633,"Well son, sometimes age has it’s privileges"
2735,531,15,44,174,233,1.3175965665236051,0.03858959303735032,633,This is the midlife crisis slide.
3093,532,17,38,172,227,1.3171806167400881,0.040262238220104093,633,"It's just a slide kid, not  a metaphor."
2447,532,11,50,166,227,1.3171806167400881,0.037244312546979116,633,"Fair is fair, you went to bring your child to work day."
3077,532,12,48,167,227,1.3171806167400881,0.03776405237784062,633,Adults are just like kids but with bigger and better toys.
1327,532,7,58,162,227,1.3171806167400881,0.035088452195845984,633,You'll understand when you reach your second childhood.
71,532,14,44,169,227,1.3171806167400881,0.03878264201669013,633,It's complicated.
70,532,14,44,169,227,1.3171806167400881,0.03878264201669013,633,We were tired of the corporate park.
1910,532,14,44,169,227,1.3171806167400881,0.03878264201669013,633,Shouldn’t you be sitting on a couch playing Fortnite?
235,539,16,39,170,225,1.3155555555555556,0.039988975553080036,633,Just another perk of owning a 'Playground Rewards' credit card.
506,539,10,51,164,225,1.3155555555555556,0.03689204423299954,633,Court's in recess.
3299,541,14,42,167,223,1.3139013452914798,0.03918814796192727,633,When you grow up you'll be sad too.
373,541,8,54,161,223,1.3139013452914798,0.03596270400646985,633,Our kids are home. We're free range parents.
2370,541,14,42,167,223,1.3139013452914798,0.03918814796192727,633,"Yes, Edward.  I did finish my estate plan."
4194,541,16,38,169,223,1.3139013452914798,0.040205835742616006,633,What you need to realize is that we're quite drunk.
4227,541,11,48,164,223,1.3139013452914798,0.037610018745959616,633,"When they took away smoke breaks, they had to replace it with something"
288,546,10,50,164,224,1.3125,0.03692978820527693,633,Maybe some day when you've done ALL your homework.
521,546,18,34,172,224,1.3125,0.041037991569788095,633,I thought you said they were swingers
604,546,15,40,169,224,1.3125,0.039547458090043265,633,"Sorry, executive privilege"
758,546,12,46,166,224,1.3125,0.03799850169000691,633,"When you get to the top, you have to pretend it's fun going down!"
2590,550,14,41,166,221,1.3122171945701357,0.03939511105824237,633,"Adulthood is a myth, kiddo."
2657,550,9,51,161,221,1.3122171945701357,0.03669193506789113,633,"It's no golden parachute, but the climb is easier."
2179,550,8,53,160,221,1.3122171945701357,0.036127036465414056,633,It's like when you shadowed me at work--why do you ask?
4036,550,12,45,164,221,1.3122171945701357,0.03833672005773689,633,Take your kid to work day is so overrated.
4196,550,12,45,164,221,1.3122171945701357,0.03833672005773689,633,"Sorry, this slide is only for inner children."
3091,550,16,37,168,221,1.3122171945701357,0.040425801733511915,633,"Don't worry Brett, in America men always get to go first."
2101,550,17,35,169,221,1.3122171945701357,0.040931415575938705,633,"You call it a slide, we call it a market adjustment."
4131,550,13,43,165,221,1.3122171945701357,0.038869518134886476,633,"Our lunch break is almost over, relax."
683,550,13,43,165,221,1.3122171945701357,0.038869518134886476,633,"Put a tie on and get in line,"
549,550,15,39,167,221,1.3122171945701357,0.03991378346566801,633,Outer-child slide's over there.
413,550,11,47,163,221,1.3122171945701357,0.0377964121251251,633,Shouldn't you be playing with your cell phone?
363,550,10,49,162,221,1.3122171945701357,0.03724826753393131,633,It was either this or an affair.
246,550,10,49,162,221,1.3122171945701357,0.03724826753393131,633,"Wrong line, kid....but I'll let it slide this time."""
1250,550,9,51,161,221,1.3122171945701357,0.03669193506789113,633,"Bring your Parent to the Park"" day is much more fun than ""Bring your Kid to Work"" day"
4309,564,14,40,164,218,1.311926605504587,0.03976131350783614,633,"Do you really think you can
handle the adult slide?"
4239,564,15,38,165,218,1.311926605504587,0.040289452552921094,633,"Sorry, but we need this more than you."
3756,564,10,48,160,218,1.311926605504587,0.037574596621731585,633,Adulthood does some crazy stuff to you.
2755,564,10,48,160,218,1.311926605504587,0.037574596621731585,633,"After you grow up you’ll wish you hadn’t, too."
1471,564,12,44,162,218,1.311926605504587,0.03868340964259921,633,You've got YouTube now. Let us have this.
1324,564,11,46,161,218,1.311926605504587,0.038133033533033926,633,"Not now, Honey. The grown-ups are playing."
1046,564,16,36,166,218,1.311926605504587,0.040810757431830734,633,We're auditioning for the White House.
3492,564,13,42,163,218,1.311926605504587,0.03922606425226453,633,Our tax dollars pay for this park.
679,564,9,50,159,218,1.311926605504587,0.03700773400439691,633,"Sorry kid, therapist's orders."
468,564,7,54,157,218,1.311926605504587,0.03584712688415768,633,It's daddy's turn to dissociate now.
369,564,9,50,159,218,1.311926605504587,0.03700773400439691,633,This slide is for the big kids.
350,564,15,38,165,218,1.311926605504587,0.040289452552921094,633,Sometimes daddy needs a little whee time.
264,564,12,44,162,218,1.311926605504587,0.03868340964259921,633,The ladder of success was too hard to climb
978,564,11,46,161,218,1.311926605504587,0.038133033533033926,633,"I don't care what you call it, WE call it team building."
263,578,13,42,164,219,1.3105022831050228,0.03907250825425628,633,Tell mommy that daddy is busy with his friends.
3758,579,15,37,164,216,1.3101851851851851,0.04051179701660881,633,We still have fifteen minutes to play before we have to go back to the courthouse.
2418,579,12,43,161,216,1.3101851851851851,0.03888453074304286,633,The adult thing is not what it's all cracked up to be.
2388,579,17,33,166,216,1.3101851851851851,0.04156126010826781,633,"And our job is to tell him he's the greatest slide champion in the universe, forever."
2188,579,12,43,161,216,1.3101851851851851,0.03888453074304286,633,It's called happy hour kid.
1561,579,18,31,167,216,1.3101851851851851,0.0420761769166732,633,You don't have the stomach for the 1929 slide. Go play with your sister on 2008.
934,579,11,45,160,216,1.3101851851851851,0.0383267583937196,633,"It's called, a do over!"
1130,579,13,41,162,216,1.3101851851851851,0.039434414579688326,633,Just give us a dozen more turns. We need to make sure it's safe.
510,579,11,45,160,216,1.3101851851851851,0.0383267583937196,633,"Listen, kid...we need this more than you do."
177,579,13,41,162,216,1.3101851851851851,0.039434414579688326,633,"Like I said, kid, it's all downhill from here."
1298,579,11,45,160,216,1.3101851851851851,0.0383267583937196,633,Yeah yeah...I know I'm not supposed to be on the ladder until the guy ahead of me is off
1833,589,8,53,162,223,1.3094170403587444,0.035856760480470234,633,"It sucks kid. You can fight for your country, but still can’t drink or use the adult slide."
3159,590,9,46,153,208,1.3076923076923077,0.038041181157449255,633,I suppose you think you're entitled to this?
3867,591,13,39,160,212,1.3066037735849056,0.03985990924638046,633,Slides teach us two important life lessons:  take turns and go for the cheap thrills.
3568,591,8,49,155,212,1.3066037735849056,0.03694940807339748,633,"You didn't hear?""
""It's take Mommy and Daddy to Play Day."
3531,591,17,31,164,212,1.3066037735849056,0.0420434923817453,633,"You were right, kid. This is way better than watching the news."
1944,591,11,43,158,212,1.3066037735849056,0.03872196949882059,633,"It's called regressing, son."
956,591,14,37,161,212,1.3066037735849056,0.040416866364931525,633,Sorry kid...the reality is that  it just now got to be our turn because the baby boomers took so long to retire
869,591,15,35,162,212,1.3066037735849056,0.04096625206669242,633,"So like, what’s your moms deal? Do you think she’s into me?"
2960,597,20,24,165,209,1.30622009569378,0.04406272345800865,633,I like beer!
2913,597,14,36,159,209,1.30622009569378,0.04081033997423919,633,"Watch and learn Kevin: today the slide, tomorrow the corporate ladder."
2858,597,8,48,153,209,1.30622009569378,0.03727524780721149,633,"Two pages, doublespcaces is fine. Now if you’ll excuse me, it’s almost my turn."
2817,597,13,38,158,209,1.30622009569378,0.04024272883216286,633,You call it childish. I call nostalgia.
2716,597,14,36,159,209,1.30622009569378,0.04081033997423919,633,"Sometimes, you just gotta let things slide."
2632,597,13,38,158,209,1.30622009569378,0.04024272883216286,633,It's a metaphor for adult life. We're going downhill fast.
2375,597,13,38,158,209,1.30622009569378,0.04024272883216286,633,Sometimes you've just gotta get off the merry-go-round
2231,597,14,36,159,209,1.30622009569378,0.04081033997423919,633,"Not until you sign a Release, Hold-Harmless and an Indemnification."
2093,597,12,40,157,209,1.30622009569378,0.039666996343370876,633,"No, I am not looking up Miss Orphan Annie's Skirt!”"
2049,597,16,32,161,209,1.30622009569378,0.04192251302964759,633,"I know you are, but what am I?"
943,597,15,34,160,209,1.30622009569378,0.041370164052937704,633,"The more complex the mind, the greater the need for the simplicity of play- Captain J T Kirk- look it up."
279,597,15,34,160,209,1.30622009569378,0.041370164052937704,633,We’re practicing for life after the midterms.
220,597,12,40,157,209,1.30622009569378,0.039666996343370876,633,"It's called a ""staycation."""
170,597,11,42,156,209,1.30622009569378,0.039082783600339996,633,"Sorry, but our judge gave us a 15 minute recess."
3698,611,10,45,158,213,1.3051643192488263,0.037988067337071746,633,"It's okay, son, we're from the Product Safety Commission"
3666,611,14,37,162,213,1.3051643192488263,0.04025241446920025,633,You ain’t seen nothin’ yet. Wait ‘till we get to the sandbox!
2369,611,9,47,157,213,1.3051643192488263,0.037400566270543306,633,"We took your Facebook, we took your Instagram, so get used to this."
677,611,7,51,155,213,1.3051643192488263,0.03619696882420004,633,You can use it as soon as Daddy is done with his team building exercise.
798,611,12,41,160,213,1.3051643192488263,0.0391366205145908,633,Can so!
438,611,9,47,157,213,1.3051643192488263,0.037400566270543306,633,"We had to give up our dental plan, but it was totally worth it to get recess back!"
2258,611,13,39,161,213,1.3051643192488263,0.039698437852788176,633,You millennials always think the world is just for you.
1457,618,22,19,166,207,1.3043478260869565,0.04538297729050119,633,"Fuck you, kid. We're Baby Boomers!"
3381,618,10,43,154,207,1.3043478260869565,0.038688360579447585,633,"No use sulking, kid.  This is the Boomers slide."
3744,620,7,47,147,201,1.3034825870646767,0.03748550704650664,633,Because our taxes paid for it.  Get a job.
3003,621,16,30,159,205,1.302439024390244,0.04241873556484505,633,Not now.  Can't you see I'm busy?
345,621,12,38,155,205,1.302439024390244,0.04010053735690939,633,"Wait your turn, Kid. We are doing some serious team building here."
660,621,11,40,154,205,1.302439024390244,0.03949973529861997,633,There is always a line since they legalized pot.
1002,621,8,46,151,205,1.302439024390244,0.03763983349731399,633,I don't know why your mom left. I remember her saying something about me being childish.
1850,621,11,40,154,205,1.302439024390244,0.03949973529861997,633,"Sorry, you can't play in the adult section, your dreams haven't been completely shattered yet."
2443,621,12,38,155,205,1.302439024390244,0.04010053735690939,633,Congress is in recess.
2451,621,15,32,158,205,1.302439024390244,0.041851226018701164,633,"You ruined my life, and now you have to wait your turn."
1176,628,10,41,152,203,1.3004926108374384,0.03909362772244479,633,"I'd say 'you'll understand when you're older', but we don't."
211,628,12,37,154,203,1.3004926108374384,0.040321934836810104,633,Sharing? That sounds like communist propaganda.
91,630,8,44,148,200,1.3,0.0381744211764999,633,"Balloon mortgage, a dead-end job, aluminum hips? . . . Are you sure you want to trade places?"
2095,630,12,36,152,200,1.3,0.04072212491123753,633,"No, son, you can't ride this one. And that's called parental guidance, not age discrimination."
2128,630,9,42,149,200,1.3,0.03882702265745097,633,"You ever heard of the ""Me Generation,""  Billy?
Doesn't mater, it's not about you."
2256,630,13,34,153,200,1.3,0.04133452205563576,633,you will get the slide all to your self once we retire
2368,630,10,40,150,200,1.3,0.03946883510725416,633,"Talk to me when you start paying property taxes, kid."
2473,630,13,34,153,200,1.3,0.04133452205563576,633,"Get used to the lines, kid.
Due to budgets cuts this is now the FBI training facility."
2523,630,8,44,148,200,1.3,0.0381744211764999,633,"Son, can I please stay 5 more minutes?"
2706,630,10,40,150,200,1.3,0.03946883510725416,633,We were told there would be juice boxes...
3036,630,12,36,152,200,1.3,0.04072212491123753,633,"Look, kid, you're starting out as a white male so when you grow up you can join the Republican Party and be entitled too."
3111,630,12,36,152,200,1.3,0.04072212491123753,633,The Court’s been called into recess.
3285,630,10,40,150,200,1.3,0.03946883510725416,633,"This is the Middle-Aged Unemployed Financial Slide.              
 Yours is the other one."
3360,630,12,36,152,200,1.3,0.04072212491123753,633,Our therapists told us to turn off the news and try regressive self care - it's all the rage since 2016.
3858,630,11,38,151,200,1.3,0.04010037656936684,633,You wouldn't believe how long the line was when we got here.
4057,630,10,40,150,200,1.3,0.03946883510725416,633,We’re from Risk Assessment. I have some bad news kid.
4138,630,10,40,150,200,1.3,0.03946883510725416,633,"Don't judge me, it's been a tough week on Capitol Hill"
4223,630,13,34,153,200,1.3,0.04133452205563576,633,"No, it's my turn ... your turn will come when you hit middle age and your whole world comes crashing around you and you have just once last slide into oblivion."
4258,630,9,42,149,200,1.3,0.03882702265745097,633,Honey. Is this a great vacation or what!?
4307,630,9,42,149,200,1.3,0.03882702265745097,633,It's called climbing the corporate ladder
2008,630,13,34,153,200,1.3,0.04133452205563576,633,"This one's for the mature, sane adults who just can't take it anymore."
2003,630,11,38,151,200,1.3,0.04010037656936684,633,"A word to the wise, kid: You’re only small once, but you can be downsized whenever."
3635,630,12,36,152,200,1.3,0.04072212491123753,633,"Trust us, kid, it’s all downhill from here."
1874,630,12,36,152,200,1.3,0.04072212491123753,633,we couldn't afford a retreat this year.
228,630,11,38,151,200,1.3,0.04010037656936684,633,"Sorry, son, but I’m afraid you’ll just have to learn to let some things slide."
367,630,12,36,152,200,1.3,0.04072212491123753,633,Tell Mom to call that hypnotist she hired for your birthday right away!
424,630,9,42,149,200,1.3,0.03882702265745097,633,It'll be your turn after you spend thirty years at a job that eats your soul.
458,630,11,38,151,200,1.3,0.04010037656936684,633,"When you’ve had a hell of a day like I did kid, you can use the big slide"
1933,630,12,36,152,200,1.3,0.04072212491123753,633,"'I know it's not Disneyland, times are hard!'"
593,630,13,34,153,200,1.3,0.04133452205563576,633,This one's only for the inner child.
648,630,9,42,149,200,1.3,0.03882702265745097,633,This slide has a height requirement.  Sorry.
667,630,14,32,154,200,1.3,0.04193797765569111,633,40 is the new 10
847,630,11,38,151,200,1.3,0.04010037656936684,633,I've got to go over the slides from yesterday's presentation.
940,630,10,40,150,200,1.3,0.03946883510725416,633,You will need to sign a waiver of liability first.
1213,630,11,38,151,200,1.3,0.04010037656936684,633,Rewarding my best employees of the month
1226,630,10,40,150,200,1.3,0.03946883510725416,633,We're making America great again!
1248,630,15,30,155,200,1.3,0.04253287230050015,633,Sorry- this playground is only for ex-whitehouse employees!
1354,630,10,40,150,200,1.3,0.03946883510725416,633,"I'm not your daddy right now, I'm playing with my friends."
1384,630,10,40,150,200,1.3,0.03946883510725416,633,They may have replaced our teacher’s lounge with this slide but look who’s laughing now!
1608,630,8,44,148,200,1.3,0.0381744211764999,633,The first rule of Slide Club: Don't talk about Slide Club.
1676,630,12,36,152,200,1.3,0.04072212491123753,633,Childhood is like fine wine. It takes a certain maturity to appreciate.
197,630,12,36,152,200,1.3,0.04072212491123753,633,Sorry. This is the big kids' slide.
168,630,12,36,152,200,1.3,0.04072212491123753,633,"Sorry, but this is the only reward we teachers get for buying you classroom supplies."
2127,671,9,41,147,197,1.299492385786802,0.03919907687234107,633,It's much more fun than the stock market slide!
2908,672,11,39,154,204,1.2990196078431373,0.039544825175295784,633,"Not now, Timmy. It's quality time for adults."
1102,672,14,33,157,204,1.2990196078431373,0.04133616743927493,633,Stop moping. Grow up.
1308,674,6,31,107,144,1.2986111111111112,0.045248022694922535,633,"Sometimes at our age, you just need to feel SOMETHING."
3955,675,10,40,151,201,1.2985074626865671,0.03930033364802289,633,Sober Happy Hour ends at 5:00 pm.
3951,676,10,39,149,198,1.297979797979798,0.03968134104764072,633,"Just a minute, Johnny, wait until the OSHA inspectors are done!"
2955,676,9,41,148,198,1.297979797979798,0.03902992011764675,633,"“We have DCD, Delayed Childhood Disorder.”"
473,676,12,35,151,198,1.297979797979798,0.04095310920110653,633,"Sorry kid, the jury gets recess, too."
1952,676,14,31,153,198,1.297979797979798,0.042186555668083825,633,Because it's the only ladder I can climb...
754,676,12,35,151,198,1.297979797979798,0.04095310920110653,633,Scram! This slide's for kids with thirty or more years of soul-sucking corporate servitude!
2572,676,13,33,152,198,1.297979797979798,0.04157440698539242,633,"If I was you, I'd skip growing up."
764,682,11,35,146,192,1.296875,0.04114357238027794,633,Because I pay more taxes than you.
422,683,15,29,155,199,1.2964824120603016,0.042600704233961145,633,Go build your own team
4140,684,12,34,150,196,1.2959183673469388,0.04118748047308187,633,"Sorry, kid, no lobbying during Congressional Recess."
4090,684,9,40,147,196,1.2959183673469388,0.039235477268014914,633,That's right Billy.  It's women and elitist preppies first.
3572,684,9,40,147,196,1.2959183673469388,0.039235477268014914,633,This playground operates on the seniority system.
3524,684,10,38,148,196,1.2959183673469388,0.03989675801623623,633,"No, I don't have any homework today."
3442,684,11,36,149,196,1.2959183673469388,0.04054725544304208,633,Whaddya mean you'll tell Mom?
3409,684,17,24,155,196,1.2959183673469388,0.04424987758747448,633,Let me show you how to push women out of the way -- its called the Brett maneuver
2788,684,10,38,148,196,1.2959183673469388,0.03989675801623623,633,"You should’ve looked in the office calendar, we booked this two weeks ago."
2670,684,7,44,145,196,1.2959183673469388,0.03787829759815671,633,"It's recess for EVERYONE, Tommy."
2124,684,9,40,147,196,1.2959183673469388,0.039235477268014914,633,"Sorry kid, mid-life crises only."
840,684,12,34,150,196,1.2959183673469388,0.04118748047308187,633,"You'll understand when you're older, cynical and jaded."
358,684,9,40,147,196,1.2959183673469388,0.039235477268014914,633,"You have to understand, kid, it’s all downhill from here."
48,684,9,40,147,196,1.2959183673469388,0.039235477268014914,633,Corporate retreat budget was a little tight this year.
2947,684,9,40,147,196,1.2959183673469388,0.039235477268014914,633,"One day, you’ll want to feel like this again."
2989,697,9,39,146,194,1.2938144329896908,0.03944373687690991,633,Read some Marx kid...to each according to his needs.
4069,697,10,37,147,194,1.2938144329896908,0.040115138399581446,633,"Life's a rollercoaster, but we prefer the slide."
1885,697,12,33,149,194,1.2938144329896908,0.04142530903714438,633,"What really happened at Georgetown Prep. 
That's our story and we are sticking to it."
3639,697,9,39,146,194,1.2938144329896908,0.03944373687690991,633,"Do as I say, not as I do."
1347,697,8,41,145,194,1.2938144329896908,0.0387607072795664,633,"Pleeease.... I just want to go one more time, then we can go home."
989,697,10,37,147,194,1.2938144329896908,0.040115138399581446,633,"Sorry, kid. This is the corporate ladder. It's not as much fun as it looks."
1453,697,11,35,148,194,1.2938144329896908,0.04077548624872847,633,"No, we were here first -- in 1986; now, scram!"
7,697,10,37,147,194,1.2938144329896908,0.040115138399581446,633,"Pay attention, kid. I've been letting myself slide for 20 years."
2626,705,10,36,145,191,1.293193717277487,0.04051920943475372,633,"My inner child's bigger than your inner child. That's why."""
2844,705,7,42,142,191,1.293193717277487,0.03842488165552899,633,"Sorry kid , this is what Accountants consider a thrill ride."
3051,705,15,26,150,191,1.293193717277487,0.04378771903373683,633,"Sorry kid, we booked this conference slide weeks ago"
3169,705,11,34,146,191,1.293193717277487,0.041193663762882804,633,Please don’t tell your mother...
3240,705,12,32,147,191,1.293193717277487,0.041857251883054294,633,Social Security is not all we are stealing from your generation
3280,705,9,38,144,191,1.293193717277487,0.039833336945646745,633,"Just one more, please!"
3741,705,5,46,140,191,1.293193717277487,0.03696279654270481,633,"Sorry son, size DOES matter!"
3932,705,6,44,141,191,1.293193717277487,0.03770092743221842,633,"I was here first and no, I’m not too old for this."
2607,705,10,36,145,191,1.293193717277487,0.04051920943475372,633,"Young man, my tax dollars paid for this slide."
3933,705,9,38,144,191,1.293193717277487,0.039833336945646745,633,Sure kid; you could consider this a hostile take over!
4072,705,13,30,148,191,1.293193717277487,0.04251048266243823,633,"Sorry, kid. The judge said we were on recess"
4108,705,13,30,148,191,1.293193717277487,0.04251048266243823,633,Santa isn't real.
4191,705,12,32,147,191,1.293193717277487,0.041857251883054294,633,A famous man named Shakespeare was right - play's the thing.
4195,705,10,36,145,191,1.293193717277487,0.04051920943475372,633,"When you've groan up, completed your education and go to work every day, you get to ride the big slide."
3815,705,12,32,147,191,1.293193717277487,0.041857251883054294,633,Please don’t put this in your calendar.
2423,705,9,38,144,191,1.293193717277487,0.039833336945646745,633,"Leave it to the professionals, kid."
2304,705,11,34,146,191,1.293193717277487,0.041193663762882804,633,Sorry.  Baby boomers only.
1532,705,13,30,148,191,1.293193717277487,0.04251048266243823,633,Freaky Friday is next week?
2287,705,10,36,145,191,1.293193717277487,0.04051920943475372,633,This is business class.
2167,705,8,40,143,191,1.293193717277487,0.03913544596952253,633,Where does it say kids only?
2160,705,10,36,145,191,1.293193717277487,0.04051920943475372,633,"Son, just remember, he's your mom's brother, not mine."
2031,705,8,40,143,191,1.293193717277487,0.03913544596952253,633,You got to go first last time.
2016,705,13,30,148,191,1.293193717277487,0.04251048266243823,633,Have you seen the news?  We need this.
1941,705,8,40,143,191,1.293193717277487,0.03913544596952253,633,I'm sure looking forward to the bourbon and cookies.
1922,705,14,28,149,191,1.293193717277487,0.04315382644894274,633,"If that woman farts again, you can have my place in line."
1881,705,9,38,144,191,1.293193717277487,0.039833336945646745,633,"According to a recent study, there’s a high correlation between how old someone acts and how old he or she looks. You won’t even recognize us by Aunt Judy’s wedding."
2312,705,14,28,149,191,1.293193717277487,0.04315382644894274,633,"Sorry kid, grownups on weed go first."
1411,705,6,44,141,191,1.293193717277487,0.03770092743221842,633,Oh grow up! It's my turn.
862,705,9,38,144,191,1.293193717277487,0.039833336945646745,633,The court called for a recess.
729,705,9,38,144,191,1.293193717277487,0.039833336945646745,633,"Son, we work hard - we play hard"
617,705,7,42,142,191,1.293193717277487,0.03842488165552899,633,"Sorry kid, you have to be overworked, underpaid and totally stressed out to ride this one."
165,705,8,40,143,191,1.293193717277487,0.03913544596952253,633,"When you get to our age, you'll understand."
73,705,5,46,140,191,1.293193717277487,0.03696279654270481,633,Trust me. We need this way more than you!
1797,738,14,29,152,195,1.2923076923076924,0.04250249531274893,633,We might as well enjoy ourselves because the next election's results may destroy the world as we know it.
486,738,12,33,150,195,1.2923076923076924,0.041239858384817835,633,To us grownups it's called the slippery slope. Someday you'll understand.
3878,740,6,44,142,192,1.2916666666666667,0.037535129948104075,633,"Whaddya mean, you never heard of a corporate takeover?"
2792,740,9,38,145,192,1.2916666666666667,0.039654741780348106,633,Mid-life-crisis adults only.
199,742,7,41,141,189,1.291005291005291,0.03861948064857136,633,Because you're the child and I'm the adult.
4121,742,11,33,145,189,1.291005291005291,0.04143203406646543,633,Nuh uh. It's only cultural appropriation if we steal your lunch money.
4067,742,9,37,143,189,1.291005291005291,0.04005045400772712,633,55 is now the new 10.
3506,742,8,39,142,189,1.291005291005291,0.03934147399240681,633,"No, we are not acting like kids. No, this is not fun for  me and the other teachers but we need to make sure the new slide is safe. No, Mr. Smith just looks like he is having fun."
3388,742,13,29,147,189,1.291005291005291,0.042769007792377405,633,"No, it’s ours now, just like Facebook."
3282,742,5,45,139,189,1.291005291005291,0.03713340416532924,633,We can’t all work for Google.
3550,742,8,39,142,189,1.291005291005291,0.03934147399240681,633,"Beat it kid, this slide is for Congress only!"
1362,742,8,39,142,189,1.291005291005291,0.03934147399240681,633,Someday you'll understand why we need this more than you.
967,742,10,35,144,189,1.291005291005291,0.04074709997723652,633,"But dad, this isn't how career day was supposed to go!"
507,742,11,33,145,189,1.291005291005291,0.04143203406646543,633,The big slide is for closers.
326,742,9,37,143,189,1.291005291005291,0.04005045400772712,633,"Years from now, your inner child will understand."
2836,742,9,37,143,189,1.291005291005291,0.04005045400772712,633,Thirty is the new ten
1907,754,12,31,147,190,1.2894736842105263,0.041911626591735286,633,You had all day to use the slide.
2731,755,13,28,146,187,1.2887700534759359,0.04303158022922594,633,We'll be out of here after I go. We've got to get back to the White House.
3991,755,11,32,144,187,1.2887700534759359,0.041673911317382836,633,"Sorry, kid. The one in our Google office is closed for repair."
3762,755,9,36,142,187,1.2887700534759359,0.04027049629634417,633,"We made a deal, now go drive the car"
3313,755,8,38,141,187,1.2887700534759359,0.03955011840293604,633,"Believe me, Billy, this is a real breakthrough for your father."
3255,755,12,30,145,187,1.2887700534759359,0.04235818564051934,633,"Hey kid, why aren’t you at work?"
2745,755,11,32,144,187,1.2887700534759359,0.041673911317382836,633,It's a slide. Which happens to be in a playground. You can look that up on your phone.
2621,755,7,40,140,187,1.2887700534759359,0.038816373599534645,633,Sorry kid.  Second childbood rules.
1648,755,11,32,144,187,1.2887700534759359,0.041673911317382836,633,Son. Someday this will be all yours.  But now I just want you to get lost.
1449,755,7,40,140,187,1.2887700534759359,0.038816373599534645,633,"Dad, I thought you said we are in a recession, not recess."
1173,755,10,34,143,187,1.2887700534759359,0.04097821223798666,633,Here’s the way it works. Our generation is going down. It’s up to your generation to save us.
740,755,8,38,141,187,1.2887700534759359,0.03955011840293604,633,"The kids' slide is over there, Buster. The steep slippery slope is only for grownups."
641,755,13,28,146,187,1.2887700534759359,0.04303158022922594,633,"Beat it, kid. We're brainstorming a new national healthcare system."
620,755,10,34,143,187,1.2887700534759359,0.04097821223798666,633,"Listen kid, you can cut in line when it’s your taxes paying for the park."
2208,755,12,30,145,187,1.2887700534759359,0.04235818564051934,633,"Sorry kid, this slide is for those living lives of quiet desperation."
4145,769,5,44,139,188,1.2872340425531914,0.03713842704226315,633,"Sorry kid, this one is reserved for corporate team-building."
414,770,9,35,141,185,1.2864864864864864,0.040493509735217474,633,This slide is for closers.
4,770,9,35,141,185,1.2864864864864864,0.040493509735217474,633,"Following in our footsteps would be a slippery slope, kid."
1733,770,11,31,143,185,1.2864864864864864,0.041919364783321075,633,We're playing a game called Ambien.
2098,773,10,32,140,182,1.2857142857142858,0.04164913578080869,633,We called dibs.
2362,773,7,38,137,182,1.2857142857142858,0.03940193152122081,633,What you call 'hogging the slide' we call 'managing a mid-life crisis'.
2048,773,5,42,135,182,1.2857142857142858,0.03782970620838599,633,"Court is in recess, kid."
2980,773,9,34,139,182,1.2857142857142858,0.040913784271234925,633,"Tax-payers only, punk"
3329,773,9,34,139,182,1.2857142857142858,0.040913784271234925,633,Slides are wasted on the young.
3917,773,9,34,139,182,1.2857142857142858,0.040913784271234925,633,Big people trump little people.
2006,773,7,38,137,182,1.2857142857142858,0.03940193152122081,633,Your mother and I are taking our inner children outdoors.   Uncle Joe came along for the ride.
1131,773,9,34,139,182,1.2857142857142858,0.040913784271234925,633,Our financial advisors said this can help acclimate us to the impending economic decline.
1695,773,9,34,139,182,1.2857142857142858,0.040913784271234925,633,"Because I'm the parent, that's why."
1482,773,6,40,136,182,1.2857142857142858,0.038623819589831944,633,"It’s called a mid-life crisis, johnny. You’ll get there eventually, then you will understand."
1273,773,9,34,139,182,1.2857142857142858,0.040913784271234925,633,You're young. You have your life life in front of you. This is all we have left.
1041,773,9,34,139,182,1.2857142857142858,0.040913784271234925,633,"Kid, climbing the corporate ladder requires finesse... and pants."
1009,773,10,32,140,182,1.2857142857142858,0.04164913578080869,633,"Just five more minutes son, I promise! We have a big presentation tomorrow, and we have to perfect our slides."
1836,773,8,36,138,182,1.2857142857142858,0.040164971996729464,633,Our trial is currently in recess.
3987,787,8,37,141,186,1.2849462365591398,0.039577046596874436,633,He really gets into these team building exercises. You should see him on the bouncy castle.
2017,787,5,43,138,186,1.2849462365591398,0.03730917716899919,633,"Enjoy your childhood, my son. It's all downhill from there."
2620,787,6,41,139,186,1.2849462365591398,0.03808014364200285,633,"Ok Bobby, but if I don't get my turn, how happy do you think I'll be when I correct your math test?"
1167,787,12,29,145,186,1.2849462365591398,0.042412653446847325,633,"Well, you’ve heard of Adult Swim, haven’t you"
3168,791,10,30,136,176,1.2840909090909092,0.04256219839241481,633,I had to cancel the golf membership after the divorce.
2197,792,7,37,137,181,1.281767955801105,0.0394210068916388,633,They're renovating the teacher's lounge
3103,793,10,30,138,178,1.2808988764044944,0.042142765710148626,633,"Second childhood? Heck, this is my first!"
4133,793,9,32,137,178,1.2808988764044944,0.041382758845099565,633,"No son, this is the slide of Presidential Adolescence . Your slide of Childhood Innocence is over there."
4080,793,7,36,135,178,1.2808988764044944,0.03981925144316555,633,"Tetherball in the Rose Garden after the Cabinet meeting, pass it on !"
4076,793,8,34,136,178,1.2808988764044944,0.04060853060088304,633,"You’re right, Jeremy, this is much better than the app!"
3905,793,9,32,137,178,1.2808988764044944,0.041382758845099565,633,Everyone deserves a second chance.
3646,793,12,26,140,178,1.2808988764044944,0.04362307469491466,633,"When you pull off the merger of a lifetime, kid, you'll get your turn."
3367,793,8,34,136,178,1.2808988764044944,0.04060853060088304,633,We're done with your ageism.
3011,793,11,28,139,178,1.2808988764044944,0.04288930721950742,633,"Like I said kid, I'm a white male republican senator. I can do what I want and you can't stop me... go tell your mother, I dare ya!"
2185,793,11,28,139,178,1.2808988764044944,0.04288930721950742,633,But you said we could play until Wall Street Week comes on!
1961,793,9,32,137,178,1.2808988764044944,0.041382758845099565,633,You'll understand when you get to be my age.
1470,793,10,30,138,178,1.2808988764044944,0.042142765710148626,633,"Sorry, but we need this."
1266,793,9,32,137,178,1.2808988764044944,0.041382758845099565,633,"Yeah kid, you don't see these anymore. Only Baby Boomers remember them. They're ""dangerous"", now bug off."
1163,793,7,36,135,178,1.2808988764044944,0.03981925144316555,633,We did grow up!
1084,793,10,30,138,178,1.2808988764044944,0.042142765710148626,633,It's one of the perks of being a teacher kid.
716,793,12,26,140,178,1.2808988764044944,0.04362307469491466,633,It's not casual Friday.  Put on a tie and come back.
669,793,8,34,136,178,1.2808988764044944,0.04060853060088304,633,It helps us remember how bull markets end.
2479,793,6,38,134,178,1.2808988764044944,0.03901400791286675,633,"Sorry, kid, this playground's being gentrified!"
2842,810,11,27,137,175,1.28,0.04337184091740699,633,Just one more time!
3183,810,10,29,136,175,1.28,0.042607923436528444,633,"Why? Well we’ve given up on the socioeconomic ladder, so might as well have some fun!"
3232,810,4,41,130,175,1.28,0.03770074892654429,633,Enjoy it while you can Billy. The corporate ladder isn’t nearly this much fun.
3276,810,9,31,135,175,1.28,0.041830057310279646,633,PLAY AS LONG AS YOU CAN.
3940,810,7,35,133,175,1.28,0.040229228237659495,633,"But son, my friends don’t have to go home for dinner!"
3884,810,11,27,137,175,1.28,0.04337184091740699,633,"Sorry, son, this one's the corporate ladder."
3475,810,9,31,135,175,1.28,0.041830057310279646,633,The answer to your question is that we crossed the playground to get to the other slide.
3832,810,9,31,135,175,1.28,0.041830057310279646,633,No son. This is not the slippery slope I cautioned about.
3928,810,11,27,137,175,1.28,0.04337184091740699,633,"There are no terms of service, you just slide down to accept."
3305,810,10,29,136,175,1.28,0.042607923436528444,633,Usually we're into swinging.
2700,810,6,37,132,175,1.28,0.039404433248124635,633,Do you have a recess appointment?
1812,810,10,29,136,175,1.28,0.042607923436528444,633,"You can use this slide when you pay off your student loans"""
2535,810,10,29,136,175,1.28,0.042607923436528444,633,Can we stay for five more minutes?
2395,810,9,31,135,175,1.28,0.041830057310279646,633,It's our corporate ladder--it's not as much fun as it looks.
2263,810,7,35,133,175,1.28,0.040229228237659495,633,My mother told me never to talk to strangers.  So beat it kid.
1936,810,9,31,135,175,1.28,0.041830057310279646,633,Hold it in for a few minutes. I’m not done playing.
1862,810,9,31,135,175,1.28,0.041830057310279646,633,"This is what's wrong with your generation, you can't just let things slide."
1737,810,9,31,135,175,1.28,0.041830057310279646,633,"Sorry, we've all been waiting many years for this slide."
1685,810,8,33,134,175,1.28,0.04103744935530826,633,We're embracing our inner child. Why are you here?
1521,810,12,25,138,175,1.28,0.044122534260360086,633,You're turning this into an adulterated experience.
1070,810,7,35,133,175,1.28,0.040229228237659495,633,"Well, Timmy, think of it as just like the faculty lounge..."
532,810,4,41,130,175,1.28,0.03770074892654429,633,The court is on a 5-minute recess
2584,810,9,31,135,175,1.28,0.041830057310279646,633,"Beat it, kid. Who do you think paid for this stuff?"
4040,833,8,32,133,173,1.277456647398844,0.04127052029033314,633,"It’s time to make up your mind, little comrade. Which slide are you on?"
1067,833,11,26,136,173,1.277456647398844,0.043645112560421535,633,"Forgot your pants on slide day, huh? I did that once."
396,833,8,32,133,173,1.277456647398844,0.04127052029033314,633,Did the judge say we get lunch or a nap after recess?
1056,833,10,28,135,173,1.277456647398844,0.04286819934737377,633,Court is in recess and so are we.
2465,837,8,32,134,174,1.2758620689655173,0.041063619811502555,633,Not-growing-up is the new growing-up
4234,837,9,30,135,174,1.2758620689655173,0.04186480192332103,633,LIMERICK : Jungle Jim and Jungle Jane...Went to the park with a guy named Shane...By riding the slide...They were trying to hide...From the fact that their country was going down the drain.
3998,837,5,38,131,174,1.2758620689655173,0.03856032375198359,633,We got you your own slide--now go play on it.
3996,837,8,32,134,174,1.2758620689655173,0.041063619811502555,633,"No dad, I think you had enough candy for today..!"
3896,837,10,28,136,174,1.2758620689655173,0.04265093677909294,633,It’s more fun when you get paid to do it.
4248,837,11,26,137,174,1.2758620689655173,0.043422841641116275,633,"It's not about fairness, kid.  
When you have 51 votes, you get to make the rules."
3682,837,9,30,135,174,1.2758620689655173,0.04186480192332103,633,Please!!!!!!!! Just 5 more minutes!
3571,837,5,38,131,174,1.2758620689655173,0.03856032375198359,633,"Buzz off kid, this is the Business Class slide"
3407,837,9,30,135,174,1.2758620689655173,0.04186480192332103,633,"Beat it, kid. This one’s taken until the Congressional recess ends."
3088,837,5,38,131,174,1.2758620689655173,0.03856032375198359,633,Life's a slippery slope. Watch and learn.
2701,837,10,28,136,174,1.2758620689655173,0.04265093677909294,633,"Believe it or not, climbing the corporate ladder is actually less enjoyable"
2562,837,10,28,136,174,1.2758620689655173,0.04265093677909294,633,This slide is for Senators only.
2240,837,8,32,134,174,1.2758620689655173,0.041063619811502555,633,"Yes, If you follow her it's a slippery slope!"
1128,837,9,30,135,174,1.2758620689655173,0.04186480192332103,633,"Out of the way kid, we paid good money for this team-building experience."
2125,837,9,30,135,174,1.2758620689655173,0.04186480192332103,633,"Sure you can ride, but only if all your dreams have been crushed beyond recognition and you have no hope for the future."
2221,837,9,30,135,174,1.2758620689655173,0.04186480192332103,633,"Sorry, kid. We’re making the playground great again."
240,837,6,36,132,174,1.2758620689655173,0.039412426161213016,633,Get lost. This is a congressional recess.
351,837,9,30,135,174,1.2758620689655173,0.04186480192332103,633,"Sorry kid, senators only."
452,837,7,34,133,174,1.2758620689655173,0.04024649182187619,633,I'll let you cut in line if you give me halfsies on your lunch.
1246,837,7,34,133,174,1.2758620689655173,0.04024649182187619,633,"Trust me, kid. We need this more than you do."
428,837,5,38,131,174,1.2758620689655173,0.03856032375198359,633,Hit the road kid we're team building.
1746,837,9,30,135,174,1.2758620689655173,0.04186480192332103,633,"It’s like this, kid...when you hit YOUR mid-life crisis, then you can get on the big slide."
1905,837,10,28,136,174,1.2758620689655173,0.04265093677909294,633,Welcome to your first Congressional Recess.
1989,837,7,34,133,174,1.2758620689655173,0.04024649182187619,633,"This slide has a dress code, kid."
2056,837,9,30,135,174,1.2758620689655173,0.04186480192332103,633,"Yes son, it is true. You CAN slide through life!"
1409,837,8,32,134,174,1.2758620689655173,0.041063619811502555,633,"Go help your sister, daddy has work to do."
98,863,9,28,130,167,1.2754491017964071,0.04302992271101786,633,"Not now, son. Grown-ups are playing."
2816,864,9,29,133,171,1.2748538011695907,0.04232732027252226,633,You've heard of swingers?  We're sliders.
3394,864,10,27,134,171,1.2748538011695907,0.0431323717300252,633,We're the adults in the room.
3371,864,8,31,132,171,1.2748538011695907,0.04150665719915627,633,You think this is crazy? Go look at what we left in the sandbox.
2634,864,11,25,135,171,1.2748538011695907,0.04392267000833944,633,"Please, the other one smells like diapers."
2513,864,7,33,131,171,1.2748538011695907,0.04066943744685766,633,One more go and then I'll drop you to cello class.
1948,864,11,25,135,171,1.2748538011695907,0.04392267000833944,633,"Oh c'mon, next you're gonna say we can't play on the swings!"
809,864,11,25,135,171,1.2748538011695907,0.04392267000833944,633,"It's all down hill from here, kid."
206,864,7,33,131,171,1.2748538011695907,0.04066943744685766,633,I'd like to add you to my LinkedIn network
26,864,6,35,130,171,1.2748538011695907,0.039814616570293185,633,Low-angle shot. And don't forget the parent visiting day hashtag or I'll take your phone away.
3434,873,5,36,127,168,1.2738095238095237,0.039332885937785216,633,"Next comes a tummy tuck,a Corvette then a young girlfriend"
4303,873,9,28,131,168,1.2738095238095237,0.04280443801656167,633,What.....you gotta pee again
4077,873,7,32,129,168,1.2738095238095237,0.04110532708852036,633,"Sorry kid, the slide is booked for my therapy group."
3984,873,9,28,131,168,1.2738095238095237,0.04280443801656167,633,"Sorry, you'll have to wait until this congressional recess is over"
3960,873,10,26,132,168,1.2738095238095237,0.043629186485005446,633,You're too young to relive your childhood.
3882,873,7,32,129,168,1.2738095238095237,0.04110532708852036,633,"Well kid, it's called delayed gratification."
3613,873,11,24,133,168,1.2738095238095237,0.04443863086069478,633,We're trying to see if we qualify to run for office.
2951,873,10,26,132,168,1.2738095238095237,0.043629186485005446,633,"Harvard '86, MBA, you?"
2930,873,10,26,132,168,1.2738095238095237,0.043629186485005446,633,We've been assigned 26 hours of community work for perjury.
2686,873,7,32,129,168,1.2738095238095237,0.04110532708852036,633,"No we are not goofing off, it’s team building!"
2236,873,7,32,129,168,1.2738095238095237,0.04110532708852036,633,"Talk to me when you're balancing a job, a family, and writing a novel."
2069,873,4,38,126,168,1.2738095238095237,0.0384160112032094,633,no son. This is our practice on climbing the corporate ladder.
402,873,9,28,131,168,1.2738095238095237,0.04280443801656167,633,"Don't worry kid, they only have five more minutes of therapy."
1683,873,9,28,131,168,1.2738095238095237,0.04280443801656167,633,What are you looking at?
81,873,5,36,127,168,1.2738095238095237,0.039332885937785216,633,We were product testers for Toys R Us.
84,873,6,34,128,168,1.2738095238095237,0.04022886918152851,633,"Take Your Parent to Play Day is super awesome, isn’t it, son?"
1698,873,7,32,129,168,1.2738095238095237,0.04110532708852036,633,"Well, the judge told us the trial is in recess."
236,873,10,26,132,168,1.2738095238095237,0.043629186485005446,633,Don't expect Social Security benefits either.
253,873,7,32,129,168,1.2738095238095237,0.04110532708852036,633,Do YOU pay taxes!?
340,873,10,26,132,168,1.2738095238095237,0.043629186485005446,633,"Inner child before real one, kid."
134,873,3,40,125,168,1.2738095238095237,0.037476711666518954,633,We're in training for the next market correction.
573,873,10,26,132,168,1.2738095238095237,0.043629186485005446,633,This is the helicopter parent's slide.
826,873,7,32,129,168,1.2738095238095237,0.04110532708852036,633,Wait till you sit in a cubicle all day kid.  Then you'll get it.
1467,873,11,24,133,168,1.2738095238095237,0.04443863086069478,633,"No, you can't go first."
1570,873,4,38,126,168,1.2738095238095237,0.0384160112032094,633,"Yeah? Well, it feels like we've been waiting in line for years too."
343,873,9,28,131,168,1.2738095238095237,0.04280443801656167,633,"I've been coming here for over 30 years, wait your turn!"
4314,899,0,44,118,162,1.271604938271605,0.035054145852934045,633,"No, this is the 'adults who never grew up' slide."
2898,900,11,23,132,166,1.2710843373493976,0.04473001431993507,633,Rumor has it we all get trophies!
4324,900,9,27,130,166,1.2710843373493976,0.043066639999029745,633,Sales and Marketing was using the see-saw.
4061,900,7,31,128,166,1.2710843373493976,0.041336385673525704,633,Houndstooth wool is the best material for speed.
3418,900,4,37,125,166,1.2710843373493976,0.0385958382493127,633,We’re celebrating. We passed the Monkey Bar Exam.
3263,900,11,23,132,166,1.2710843373493976,0.04473001431993507,633,Of course it's fair. We told you you could have a martini.
3119,900,8,29,129,166,1.2710843373493976,0.04221037941879041,633,I am sorry this is only for lawyers testing the equipment for future lawsuits.
3041,900,6,33,127,166,1.2710843373493976,0.0404435091259732,633,"Sorry kid, Wall Street always goes first."
2381,900,8,29,129,166,1.2710843373493976,0.04221037941879041,633,This is play therapy. You'll get your turn in 40 years.
4262,900,7,31,128,166,1.2710843373493976,0.041336385673525704,633,"This is what happens when you ""stay in school"", Timmy."
2122,900,7,31,128,166,1.2710843373493976,0.041336385673525704,633,"Sorry, kid. This one is staff only."
511,900,5,35,126,166,1.2710843373493976,0.03953047027667257,633,"What do you mean, what’s waxed paper?"
16,900,11,23,132,166,1.2710843373493976,0.04473001431993507,633,Parent-teacher night was tough this year.
1595,900,10,25,131,166,1.2710843373493976,0.043906204925201774,633,Be grateful you're not down to your inner child.
1629,900,12,21,133,166,1.2710843373493976,0.045538923254611334,633,This is our slide. Being held back has its benefits.
789,900,9,27,130,166,1.2710843373493976,0.043066639999029745,633,"so, what's your mom's story? are she and your dad, like, serious, or...?"
1923,900,7,31,128,166,1.2710843373493976,0.041336385673525704,633,You can have a turn when you’re old enough to want to relive your childhood.
1968,900,6,33,127,166,1.2710843373493976,0.0404435091259732,633,"So, you don't think they'll hold you back a year for not doing your homework? Kid, you don't know the half of it."
2103,900,8,29,129,166,1.2710843373493976,0.04221037941879041,633,Not without a tie.
1655,900,7,31,128,166,1.2710843373493976,0.041336385673525704,633,"Billy, this is the business slide. The other slide is business casual."
2334,900,10,25,131,166,1.2710843373493976,0.043906204925201774,633,It's a form of enwhee!
3038,920,12,21,134,167,1.2694610778443114,0.04529451017438324,633,"It's National ""Take Your Work to Child"" day."
4246,920,8,29,130,167,1.2694610778443114,0.04198825055139145,633,When you're older you can move on up to the East Slide.
4209,920,9,27,131,167,1.2694610778443114,0.042838744744204925,633,It's supposed to make us more efficient office workers.
3811,920,10,25,132,167,1.2694610778443114,0.043672679310432345,633,You'll have to wait until your inner child has been trampled.
3703,920,9,27,131,167,1.2694610778443114,0.042838744744204925,633,"Sorry boy, this slide has a dress code."
3488,920,10,25,132,167,1.2694610778443114,0.043672679310432345,633,"Yeah, we got out early today too!"
3245,920,5,35,127,167,1.2694610778443114,0.03932656333431975,633,"We’re not in your playground, you’re in our “open” office."
2968,920,9,27,131,167,1.2694610778443114,0.042838744744204925,633,It’s the only raise we can actually get.
2137,920,9,27,131,167,1.2694610778443114,0.042838744744204925,633,Sure you can go after me.  We're headed to the sand box.
2032,920,5,35,127,167,1.2694610778443114,0.03932656333431975,633,You think this is bad.  Wait till its time to find a job.
2007,920,6,33,128,167,1.2694610778443114,0.0402333624070992,633,It's a theory called Trickle Down Fun.
1528,920,7,31,129,167,1.2694610778443114,0.041120169229633574,633,Welcome to the financial world
928,920,8,29,130,167,1.2694610778443114,0.04198825055139145,633,"We decided to become sliders, since all the swings are being used."
639,920,7,31,129,167,1.2694610778443114,0.041120169229633574,633,"If you work hard enough, maybe one day you'll get to climb the corporate ladder too."
208,920,5,35,127,167,1.2694610778443114,0.03932656333431975,633,"I understand, Billy, but you and Sarah need to work things out before you're ready for the big slide."
2332,920,5,35,127,167,1.2694610778443114,0.03932656333431975,633,We just sold all of our Girls Scout Cookie Quota
3979,936,5,34,125,164,1.2682926829268293,0.039729710180000224,633,"You just THINK you're entitled, kid!"
3725,936,10,24,130,164,1.2682926829268293,0.044187479747355984,633,Back off loser. Over 45 and single only.
3482,936,6,32,126,164,1.2682926829268293,0.04066038084024853,633,Go do your homework.
3417,936,10,24,130,164,1.2682926829268293,0.044187479747355984,633,You have to go pee-now.
3176,936,9,26,129,164,1.2682926829268293,0.04333262820711154,633,Like this?
2537,936,6,32,126,164,1.2682926829268293,0.04066038084024853,633,So choose my retirement home. See if I care.
2431,936,8,28,128,164,1.2682926829268293,0.04246056957046764,633,"Move aside, son. I’m going through a midlife crisis and I don’t care."
2390,936,5,34,125,164,1.2682926829268293,0.039729710180000224,633,"Just one more time, PLEEZ!!"
2401,936,8,28,128,164,1.2682926829268293,0.04246056957046764,633,It's either this or drugs.
2075,936,10,24,130,164,1.2682926829268293,0.044187479747355984,633,It doesn't get better
2064,936,6,32,126,164,1.2682926829268293,0.04066038084024853,633,When you’re old enough to tie a Windsor knot.
1742,936,8,28,128,164,1.2682926829268293,0.04246056957046764,633,"Use the other slide kid, this one's for plunging expectations."
1652,936,11,22,131,164,1.2682926829268293,0.0450261042675272,633,"Son, I just don't need someone to catch me, ok?"
1650,936,9,26,129,164,1.2682926829268293,0.04333262820711154,633,"No, you can't go back to foster care."
1478,936,7,30,127,164,1.2682926829268293,0.04157022094193494,633,"Oh, yeah! Well your mother has a mustache."
1032,936,7,30,127,164,1.2682926829268293,0.04157022094193494,633,"I’m not your prin-ci-pal out here, kid. Now scram!"
100,936,8,28,128,164,1.2682926829268293,0.04246056957046764,633,"It's our metaphor kid, get your own."
2222,936,7,30,127,164,1.2682926829268293,0.04157022094193494,633,It's one of the few ladders I can climb.
1202,954,6,30,121,157,1.267515923566879,0.041785799577232385,633,"You don't see me on the little slide, do you?"
2936,955,7,29,125,161,1.2670807453416149,0.04203459457313946,633,"And then one day you die, okay?"
2928,955,9,25,127,161,1.2670807453416149,0.043842749047405725,633,"This slide is only for adults that identify as children, sorry."
2921,955,9,25,127,161,1.2670807453416149,0.043842749047405725,633,It is  to too late to have a happy childhood
2806,955,7,29,125,161,1.2670807453416149,0.04203459457313946,633,We got these instead of raises.
2252,955,6,31,124,161,1.2670807453416149,0.041100698161654264,633,Taking turns? What a childish concept
1975,955,7,29,125,161,1.2670807453416149,0.04203459457313946,633,"Turn about is fair play, and I let you go first on the little one."
2601,955,9,25,127,161,1.2670807453416149,0.043842749047405725,633,"Alright, son, but remember: If you DO give her a push, this might come back to haunt you in thirty-six years."
2542,955,5,33,123,161,1.2670807453416149,0.04014508236163696,633,"Sorry, kid. Your inner child has to be this tall to ride this ride."
2949,955,11,21,129,161,1.2670807453416149,0.04557922933902443,633,"Sorry kid, but you need to be stuck in a pointless soul-crushing job to ride this ride"
2126,955,6,31,124,161,1.2670807453416149,0.041100698161654264,633,"But you can use my coloring book when we get home, son."
2752,955,8,27,126,161,1.2670807453416149,0.0429481884656501,633,We’ve been waiting longer than you.
2957,955,11,21,129,161,1.2670807453416149,0.04557922933902443,633,Cutting to the front of the line is a white man’s God-given right.
3495,955,8,27,126,161,1.2670807453416149,0.0429481884656501,633,This? This is called cutbacks to our teambuilding budget.
3309,955,8,27,126,161,1.2670807453416149,0.0429481884656501,633,Enjoy your time at the top because it’s a quick trip back to reality.
3374,955,8,27,126,161,1.2670807453416149,0.0429481884656501,633,"Sorry kid, this is for second childhoods only."
3443,955,8,27,126,161,1.2670807453416149,0.0429481884656501,633,"I love role reversal!
Tomorrow you go to work at my office!"
3496,955,10,23,128,161,1.2670807453416149,0.04471941855152625,633,what  do you know about relieving stress.
3556,955,7,29,125,161,1.2670807453416149,0.04203459457313946,633,You got first dibs on the sandbox. Now it's my turn.
3651,955,6,31,124,161,1.2670807453416149,0.041100698161654264,633,What exactly did you think we did during recess?
3761,955,5,33,123,161,1.2670807453416149,0.04014508236163696,633,"'""Read the sign, kid. This is an age-neutral playground."""
3774,955,6,31,124,161,1.2670807453416149,0.041100698161654264,633,"Daddy's team building. If you want, do software updates on my laptop."
3790,955,9,25,127,161,1.2670807453416149,0.043842749047405725,633,"Sorry kid, this is America."
4031,955,7,29,125,161,1.2670807453416149,0.04203459457313946,633,Your second childhood can wait until you finish your first one.
4035,955,8,27,126,161,1.2670807453416149,0.0429481884656501,633,What's your rush?
4293,955,7,29,125,161,1.2670807453416149,0.04203459457313946,633,Hey it says it’s fun for ages 9 and up.
3031,955,4,35,122,161,1.2670807453416149,0.03916615741006284,633,"I'm next, kid. It's been a rough week."
1899,955,5,33,123,161,1.2670807453416149,0.04014508236163696,633,Watch and learn.
2711,955,7,29,125,161,1.2670807453416149,0.04203459457313946,633,"Sorry, kid. This one's for second childhoods."
1668,955,7,29,125,161,1.2670807453416149,0.04203459457313946,633,"It's just like Disneyland son, you have to be 5' tall for this ride."
23,955,8,27,126,161,1.2670807453416149,0.0429481884656501,633,"Sorry kid, this one's for corporate sponsors only."
83,955,10,23,128,161,1.2670807453416149,0.04471941855152625,633,Uncle Fred is having a 5-year timeout for money laundering.
306,955,6,31,124,161,1.2670807453416149,0.041100698161654264,633,"Johnny, it just doesn't get any better than this."
323,955,10,23,128,161,1.2670807453416149,0.04471941855152625,633,I saw you look kid. You can never be on the Supreme Court now.
359,955,8,27,126,161,1.2670807453416149,0.0429481884656501,633,"Don't worry, this slide will trickle down to you when we get a bigger one."
440,955,9,25,127,161,1.2670807453416149,0.043842749047405725,633,Ha ha! I beat you!
535,955,6,31,124,161,1.2670807453416149,0.041100698161654264,633,Our play therapist gave us a prescription for this slide.
543,955,6,31,124,161,1.2670807453416149,0.041100698161654264,633,"This is the best National Take Your Parents to the Park Day, ever!"
608,955,10,23,128,161,1.2670807453416149,0.04471941855152625,633,"Beat it, Punk!"
609,955,3,37,121,161,1.2670807453416149,0.038162129588336986,633,"Sorry kid, we signed up for the sand box too."
630,955,8,27,126,161,1.2670807453416149,0.0429481884656501,633,"Beat it kid, this line is for reliving your childhood only."
700,955,10,23,128,161,1.2670807453416149,0.04471941855152625,633,"Why do Mommy, Daddy and Uncle John get to go first?  Because we are bigger and stronger than you.That's life on the playground, son. It is not all about fun and games. Its all about power.  The sooner you learn it the happier you'll be."
801,955,7,29,125,161,1.2670807453416149,0.04203459457313946,633,"As you get older, this will come to have more meaning."
1715,955,5,33,123,161,1.2670807453416149,0.04014508236163696,633,"No, the other one is for letting out your inner adult."
857,955,9,25,127,161,1.2670807453416149,0.043842749047405725,633,It's a lot more fun than climbing the ladder of success.
814,955,7,29,125,161,1.2670807453416149,0.04203459457313946,633,You’re too young to appreciate the gravity of this situation.
1597,955,7,29,125,161,1.2670807453416149,0.04203459457313946,633,"To be honest, it's a slippery slope."
1592,955,7,29,125,161,1.2670807453416149,0.04203459457313946,633,"Wait for your mother, or just pee in the bushes."""
1545,955,7,29,125,161,1.2670807453416149,0.04203459457313946,633,"I know all about the rule of law, but I don't know what this ""slide rule"" is of which you speak."
1259,955,6,31,124,161,1.2670807453416149,0.041100698161654264,633,It's called adult day care.
1641,955,7,29,125,161,1.2670807453416149,0.04203459457313946,633,Where’s your tie?
1174,955,5,33,123,161,1.2670807453416149,0.04014508236163696,633,It is all about work/life balance
1155,955,4,35,122,161,1.2670807453416149,0.03916615741006284,633,Its so much faster in polyester!!
1141,955,7,29,125,161,1.2670807453416149,0.04203459457313946,633,Let me show you how it's done.
1038,955,10,23,128,161,1.2670807453416149,0.04471941855152625,633,"Kid, just remember: what happens on the playground  stays on the playground!"
947,955,8,27,126,161,1.2670807453416149,0.0429481884656501,633,We were told “our business is sliding”!
1181,955,8,27,126,161,1.2670807453416149,0.0429481884656501,633,"We're statisticians, so we get to play until our sample size is adequate."""
1636,1011,8,27,127,162,1.2654320987654322,0.0427140813334007,633,"No, MeToo doesn’t include you."
2193,1011,7,29,126,162,1.2654320987654322,0.04180683566182501,633,We're reclaiming lost youth.  You'll have a turn in 40 years.
2712,1011,9,25,128,162,1.2654320987654322,0.043602453832988525,633,"Sorry son, this is the really big boy slide."
3849,1011,8,27,127,162,1.2654320987654322,0.0427140813334007,633,"Out of my way, dweeb!"
3190,1015,10,22,127,159,1.2641509433962264,0.04501486294780466,633,Come back when your hopes and dreams are dead.
2723,1015,7,28,124,159,1.2641509433962264,0.04227887650481754,633,Don't worry. Court's in recess for only 5 more minutes.
3127,1015,7,28,124,159,1.2641509433962264,0.04227887650481754,633,It's the long slide into middle age.
3137,1015,7,28,124,159,1.2641509433962264,0.04227887650481754,633,"Kid, this is the closest thing we'll ever have to a golden parachute."
3165,1015,9,24,126,159,1.2641509433962264,0.04412172243135606,633,I was coming here way before it blew up on Instagram.
3483,1015,9,24,126,159,1.2641509433962264,0.04412172243135606,633,You should have thought about that before you made the app.
4116,1015,6,30,123,159,1.2641509433962264,0.04132664881900787,633,This line is for business class only.
3669,1015,4,34,121,159,1.2641509433962264,0.039353130889544084,633,I got tired of climbing the corporate ladder
3731,1015,9,24,126,159,1.2641509433962264,0.04412172243135606,633,"Mr. T., can we go back to the classroom now? The recess is over."
3791,1015,7,28,124,159,1.2641509433962264,0.04227887650481754,633,"Lawyers first kid, the court's in recess."
3869,1015,5,32,122,159,1.2641509433962264,0.04035195666519279,633,You'll understand what the word unemployment means later in life.
4078,1015,6,30,123,159,1.2641509433962264,0.04132664881900787,633,Our company down-sized the Wellness Program.
4105,1015,3,36,120,159,1.2641509433962264,0.03832828478955953,633,"In childhood, it's about fun; in a second childhood, it's therapy."
2583,1015,9,24,126,159,1.2641509433962264,0.04412172243135606,633,"Beat it kid, we are working on our slide presentations"
3586,1015,5,32,122,159,1.2641509433962264,0.04035195666519279,633,It's great fun and you don't have to click on anything to slide down.
2549,1015,7,28,124,159,1.2641509433962264,0.04227887650481754,633,The Judge said court would recess until tomorrow
1783,1015,10,22,127,159,1.2641509433962264,0.04501486294780466,633,"Listen kid, it's Karen's 58th and we're all gonna have a good time."
2285,1015,8,26,125,159,1.2641509433962264,0.04321012490620249,633,You'll just have to wait your turn. We're learning how to play with others.
241,1015,9,24,126,159,1.2641509433962264,0.04412172243135606,633,I called in sick for this
339,1015,5,32,122,159,1.2641509433962264,0.04035195666519279,633,"Hey kid, it's one last ride for the Baby boomers."
433,1015,10,22,127,159,1.2641509433962264,0.04501486294780466,633,You want your turn? Get a job.
2464,1015,6,30,123,159,1.2641509433962264,0.04132664881900787,633,"No cuts kid, I’m having a mid-life crisis."
837,1015,7,28,124,159,1.2641509433962264,0.04227887650481754,633,We took Facebook and now we’re coming for your slides.
864,1015,11,20,128,159,1.2641509433962264,0.04589062411985311,633,The boss told us our performance was sliding.
975,1015,6,30,123,159,1.2641509433962264,0.04132664881900787,633,"Sorry kid, but we have to complete our team-building exercises."
536,1015,7,28,124,159,1.2641509433962264,0.04227887650481754,633,"Take it up with the judge, we’re in recess."
1019,1015,8,26,125,159,1.2641509433962264,0.04321012490620249,633,It's true... you see the same people on the way down.
1333,1015,8,26,125,159,1.2641509433962264,0.04321012490620249,633,"Sorry, kid. Second childhoods only."
1674,1015,6,30,123,159,1.2641509433962264,0.04132664881900787,633,I'm a doctor and it's OK -- they're rediscovering their inner child.
1789,1015,8,26,125,159,1.2641509433962264,0.04321012490620249,633,"No, when we get to the bottom, it sort of resets itself."
1801,1015,6,30,123,159,1.2641509433962264,0.04132664881900787,633,"You have to have 3 credit cards to use this slide, kid."
2096,1015,7,28,124,159,1.2641509433962264,0.04227887650481754,633,"Look, kid, you don't have an inner 10-year old, you ARE a 10-year old."
996,1015,7,28,124,159,1.2641509433962264,0.04227887650481754,633,"Get into a competitive nursery school. Score above 1500 on your SATs. Graduate from a top ten university. Make VP by thirty. And, then, and only then...you can use the big boy slide."
957,1048,7,29,127,163,1.2638036809815951,0.04158145875937288,633,Shouldn't you kids be at school?
4291,1049,6,29,122,157,1.2611464968152866,0.0415548853183028,633,"Some day, Son, when you are a grown up."
4055,1049,5,31,121,157,1.2611464968152866,0.04056043856381721,633,Can I go just one more time?  Please?
3393,1049,6,29,122,157,1.2611464968152866,0.0415548853183028,633,"Hey, just be glad your parents aren't swingers, Billy!"
3291,1049,6,29,122,157,1.2611464968152866,0.0415548853183028,633,We're practicing for the slide show after lunch.
2962,1049,6,29,122,157,1.2611464968152866,0.0415548853183028,633,"Just one more time, I promise?!"
2958,1049,4,33,120,157,1.2611464968152866,0.03954098960776125,633,"Sorry, Billy. It’s Adult Slide for another eight minutes."
2288,1049,6,29,122,157,1.2611464968152866,0.0415548853183028,633,"The kid slide is over there, now if you'll excuse me."
964,1049,6,29,122,157,1.2611464968152866,0.0415548853183028,633,"It's not recess, it's a corporate retreat."
524,1049,6,29,122,157,1.2611464968152866,0.0415548853183028,633,"Sorry.  This is the corporate ladder, son."
213,1049,9,23,125,157,1.2611464968152866,0.044404802057903814,633,Don't be in such a rush to grow up.
144,1049,3,35,119,157,1.2611464968152866,0.038494552105888646,633,"Daddy's office is having a team-building play date, son.  Someday you'll understand."
1371,1049,5,31,121,157,1.2611464968152866,0.04056043856381721,633,It may look thrilling but it’s really a metaphor for our inescapable decline and demise
906,1061,7,25,118,150,1.26,0.0437912477337203,633,"Beat it, kid. This slide is for closers."
2767,1062,9,22,123,154,1.2597402597402598,0.044951562463733934,633,No we didn’t do “Buttski’s” we did “King of the big slide” so piss off!
2881,1062,5,30,119,154,1.2597402597402598,0.04100138066744237,633,"Little people little slide. Big people big slide! Get back to the little slide, kid."
2922,1062,6,28,120,154,1.2597402597402598,0.04202375107555406,633,"Yup, shirt AND tie ..."
2933,1062,7,26,121,154,1.2597402597402598,0.04302183273971188,633,"Well, since this school is in a republican district, the teachers redrew the boundaries of the school , and this slide fell into the  new extension  of the teacher’s  lunchroom."
3154,1062,6,28,120,154,1.2597402597402598,0.04202375107555406,633,Maybe when you start paying taxes.
3265,1062,7,26,121,154,1.2597402597402598,0.04302183273971188,633,Mommy and Daddy like to go “whee!”. You’ll understand one day.
3332,1062,7,26,121,154,1.2597402597402598,0.04302183273971188,633,We heard sliders are all the rage for lunch so we thought we would try it out.
3426,1062,9,22,123,154,1.2597402597402598,0.044951562463733934,633,Just give us five more minutes. We have to get back to the confirmation hearing shortly.
3663,1062,6,28,120,154,1.2597402597402598,0.04202375107555406,633,I do it for my midlife crisis because  I can't afford a Corvette.
3696,1062,6,28,120,154,1.2597402597402598,0.04202375107555406,633,Who do you think pays for all of this?
2641,1062,8,24,122,154,1.2597402597402598,0.04399727866706485,633,Second childhood? Nope. This is still our first.
3713,1062,6,28,120,154,1.2597402597402598,0.04202375107555406,633,"Slide rule #1, Gen Z: whoever wax-papered it gets dibs."
4016,1062,6,28,120,154,1.2597402597402598,0.04202375107555406,633,"Hey, you wear long pants, you get the big slide"
4059,1062,7,26,121,154,1.2597402597402598,0.04302183273971188,633,"Stick with me, kid, and you’ll slide right into the big leagues."
4171,1062,7,26,121,154,1.2597402597402598,0.04302183273971188,633,After this we’re going to pee in the sandbox.
4187,1062,5,30,119,154,1.2597402597402598,0.04100138066744237,633,"When I was your age, I used that slide too"""
4213,1062,8,24,122,154,1.2597402597402598,0.04399727866706485,633,You wanna join our gang?
4305,1062,4,32,118,154,1.2597402597402598,0.039952856954326835,633,What did you think we do on staff development day?
4333,1062,5,30,119,154,1.2597402597402598,0.04100138066744237,633,It´s a lot cheaper than joining a country club.
3692,1062,8,24,122,154,1.2597402597402598,0.04399727866706485,633,"Sorry kid, this one’s pay to play."
2494,1062,6,28,120,154,1.2597402597402598,0.04202375107555406,633,"Sorry, son. Uncle Howie thinks he's 10 and you mothers says we should go along with it!"
3009,1062,5,30,119,154,1.2597402597402598,0.04100138066744237,633,Just be happy we're not swinging.
2394,1062,6,28,120,154,1.2597402597402598,0.04202375107555406,633,"No, you can’t play Golden Parachutes with us."
47,1062,7,26,121,154,1.2597402597402598,0.04302183273971188,633,This is what we adults call 'public intoxication'.
2471,1062,6,28,120,154,1.2597402597402598,0.04202375107555406,633,"Sorry, today is seniors day."
152,1062,7,26,121,154,1.2597402597402598,0.04302183273971188,633,It's all downhill from here.
278,1062,6,28,120,154,1.2597402597402598,0.04202375107555406,633,"HR told everybody to spend more time with their children, so, yeah..."
286,1062,7,26,121,154,1.2597402597402598,0.04302183273971188,633,Just shut up and elect your own President some day
392,1062,5,30,119,154,1.2597402597402598,0.04100138066744237,633,"""When I said you were grounded I meant it."
768,1062,5,30,119,154,1.2597402597402598,0.04100138066744237,633,You're lucky this is all that showed up for the P.S. 89 reunion.
849,1062,7,26,121,154,1.2597402597402598,0.04302183273971188,633,"Of course our law firm can help you kid, but wait until after recess."
1062,1062,5,30,119,154,1.2597402597402598,0.04100138066744237,633,Ummm.. children's slide is actually behind you…
1106,1062,7,26,121,154,1.2597402597402598,0.04302183273971188,633,"You see, Paul, when you get to the bottom you go back to the top of the slide."
63,1062,9,22,123,154,1.2597402597402598,0.044951562463733934,633,"I’m sorry, but this slide is for grown-ups whose childhood dreams have been crushed in the grim vice of remorseless reality.  But don’t worry, you’ll get your turn!"
1346,1062,5,30,119,154,1.2597402597402598,0.04100138066744237,633,I guess happy hour has a new location.
1485,1062,7,26,121,154,1.2597402597402598,0.04302183273971188,633,"Sorry kid, but corporate said we needed to put together a slideshow."
1487,1062,6,28,120,154,1.2597402597402598,0.04202375107555406,633,"Listen, so long as we're paying the bills, mom and dad get to choose who goes on the big slide."
1549,1062,9,22,123,154,1.2597402597402598,0.044951562463733934,633,How is this ‘exactly the same’ as when we started using Facebook?
1626,1062,7,26,121,154,1.2597402597402598,0.04302183273971188,633,You’re right. Letting even one adult on the playground is a slippery slope.
1635,1062,8,24,122,154,1.2597402597402598,0.04399727866706485,633,Last year’s retreat was in Aspen.
1726,1062,6,28,120,154,1.2597402597402598,0.04202375107555406,633,It's all fun and games until your inner child loses an eye.
1855,1062,6,28,120,154,1.2597402597402598,0.04202375107555406,633,We have a higher coefficient of friction.
2223,1062,5,30,119,154,1.2597402597402598,0.04100138066744237,633,During recess this one is for faculty and administration only.
2379,1062,9,22,123,154,1.2597402597402598,0.044951562463733934,633,""" Fool, you didn't think we were going to stop at colouring books, did you?!"""
1319,1062,7,26,121,154,1.2597402597402598,0.04302183273971188,633,"Yes, I am Billy's father, and yes, I do intend to go ""zoom-zoom"""
2290,1107,5,29,117,151,1.2582781456953642,0.04145645994811443,633,When you grow up you’ll be able to use the adult slide too.
3348,1108,7,26,122,155,1.2580645161290323,0.04277620729996249,633,When the lawyers get their break
3826,1108,8,24,123,155,1.2580645161290323,0.043744612142876955,633,Back off kid. This is the parent's slide.
2515,1110,4,30,114,148,1.2567567567567568,0.04081539481055208,633,"Son, we're in Colorado now, get used to it"
1483,1111,6,27,119,152,1.256578947368421,0.042261685523532766,633,"As I say in my TED Talk, please move on to the next slide."
4274,1112,5,28,116,149,1.25503355704698,0.04167972608026823,633,"Consider this training, son. Men are on their way down."
3727,1112,5,28,116,149,1.25503355704698,0.04167972608026823,633,This slide requires a prescription from a therapist.
3678,1112,5,28,116,149,1.25503355704698,0.04167972608026823,633,"At the 25th reunion of the Woodmere Preschool, ""It's just the way I remember it."""
3113,1112,5,28,116,149,1.25503355704698,0.04167972608026823,633,"Back off kid, I haven’t been this high since grade school!"
2210,1112,8,22,119,149,1.25503355704698,0.04482503464391083,633,A lot of grown up behaviors have slid since the 2016 election
3040,1112,6,26,117,149,1.25503355704698,0.04275388038170801,633,"I know I'm cutting in line, but I only have 20 minutes left on my lunch break."
2939,1112,7,24,118,149,1.25503355704698,0.04380170098592749,633,"Son, slide yoga is part of our new corporate wellness plan."
2841,1112,8,22,119,149,1.25503355704698,0.04482503464391083,633,"Cmon man, can’t you let us slide this once?"
2733,1112,8,22,119,149,1.25503355704698,0.04482503464391083,633,"The efficiency consultant isn't exactly thrilled, but she's going to let me slide this time."
2438,1112,6,26,117,149,1.25503355704698,0.04275388038170801,633,"Never grow up son, and always follow women wearing skirts..."
2309,1112,7,24,118,149,1.25503355704698,0.04380170098592749,633,Take your parent to playground day.
2299,1112,5,28,116,149,1.25503355704698,0.04167972608026823,633,"That’s right, kid — the Deep State IS real . . ."
2211,1112,6,26,117,149,1.25503355704698,0.04275388038170801,633,No cutting or I'll tell me.
2082,1112,7,24,118,149,1.25503355704698,0.04380170098592749,633,"Taxpayers only, Kid."
936,1112,6,26,117,149,1.25503355704698,0.04275388038170801,633,Of course the corporate world has it's ups and downs too.
1901,1112,7,24,118,149,1.25503355704698,0.04380170098592749,633,"Sorry, young fella.  Sign says ""Must be over 5 feet and fat"""
53,1112,5,28,116,149,1.25503355704698,0.04167972608026823,633,"OK, let me do it three more times, and then we'll go home - promised!"
94,1112,8,22,119,149,1.25503355704698,0.04482503464391083,633,It’s a slippery slope
387,1112,9,20,120,149,1.25503355704698,0.045825521845310295,633,"Someday, this will all be yours."
746,1112,6,26,117,149,1.25503355704698,0.04275388038170801,633,You can have your slide back after my legal team completes this short recess.
920,1112,7,24,118,149,1.25503355704698,0.04380170098592749,633,"Because adulthood ain't working for us, okay, kid?  Now, are you going to tell me how to work this thing, or not?"
2030,1112,8,22,119,149,1.25503355704698,0.04482503464391083,633,Once you reach the top it's all downhill from there
531,1112,6,26,117,149,1.25503355704698,0.04275388038170801,633,"They always talk about the corporate ladder, but it's the company slide I'm interested in."
1312,1112,6,26,117,149,1.25503355704698,0.04275388038170801,633,It's all lies kid.
1417,1112,7,24,118,149,1.25503355704698,0.04380170098592749,633,"Here's the scary part: we're not just adults, we're ""the adults in the room."""
1494,1112,7,24,118,149,1.25503355704698,0.04380170098592749,633,Don't ever grow up kid.
1594,1112,6,26,117,149,1.25503355704698,0.04275388038170801,633,It's not for you.  It's triple black diamond.
1604,1112,8,22,119,149,1.25503355704698,0.04482503464391083,633,Forget it kid. We're lobbyists. We make the rules.
1667,1112,5,28,116,149,1.25503355704698,0.04167972608026823,633,"No, Harold, you may NOT post this."
1081,1112,8,22,119,149,1.25503355704698,0.04482503464391083,633,This is the big butt slide.
1184,1142,7,23,116,146,1.2534246575342465,0.04434123257792524,633,Could you spot for him?
1374,1142,2,33,111,146,1.2534246575342465,0.038649428845480435,633,"Yours is a slide. Ours is a team building, vertical stress reliever."
2107,1142,5,27,114,146,1.2534246575342465,0.04215682962404238,633,"""Ten more minutes? Daddy's making up for lost time!"
92,1142,6,25,115,146,1.2534246575342465,0.04326282001025936,633,"Hey, cut us a little slack, we all got downsized today."
3471,1146,8,22,120,150,1.2533333333333334,0.044557648521436594,633,"Mommies and Daddies need playtime, too."
4030,1146,7,24,119,150,1.2533333333333334,0.043541917540996115,633,"Sorry kid, but the judge called a recess."
3662,1146,5,28,117,150,1.2533333333333334,0.041435825874730124,633,"Trust me, we need this much more than you do."
3606,1146,4,30,116,150,1.2533333333333334,0.040341569222180476,633,"What you call a slide,we call cheap team building."
3094,1146,8,22,120,150,1.2533333333333334,0.044557648521436594,633,It is our Senate recess. You will understand when you are old enough to vote.
1401,1146,12,14,124,150,1.2533333333333334,0.048407911297759815,633,Fuck you kid.
2437,1146,8,22,120,150,1.2533333333333334,0.044557648521436594,633,"We're supposed to be at work, but the boss is letting us slide."
1219,1146,9,20,121,150,1.2533333333333334,0.04555073545369884,633,"Fun? No, it’s research."
1183,1146,8,22,120,150,1.2533333333333334,0.044557648521436594,633,"Son, grow up"
547,1146,5,28,117,150,1.2533333333333334,0.041435825874730124,633,"Hey kid, after 19 years at Toys R Us, we get a turn!"
44,1146,6,26,118,150,1.2533333333333334,0.042501919068836526,633,"No, we didn’t get more school funding or a pay raise, but we’re now allowed fifteen minutes of recess."
2520,1146,4,30,116,150,1.2533333333333334,0.040341569222180476,633,This ladder is executives only - come back when you've got more experience.
870,1158,2,32,109,143,1.2517482517482517,0.03903258817799671,633,"And if you have a problem with it Billy, my inner child will take your lunch money too."
2506,1159,6,25,116,147,1.251700680272109,0.0430020787076315,633,"Sorry kid, this is the new flight evacuation trainer for Cheepo Air and by the way the see-saw is off limits for turbulence training."
2747,1159,5,27,115,147,1.251700680272109,0.04190454406221098,633,"Don't worry, court is only in recess for another five minutes."""
2787,1159,9,19,119,147,1.251700680272109,0.046138299204933786,633,"Your day will come, kid."
3440,1159,6,25,116,147,1.251700680272109,0.0430020787076315,633,Casual Friday. Why do you ask?
3753,1159,5,27,115,147,1.251700680272109,0.04190454406221098,633,"'No Johnny, Devils' Triangle is a different game."
3587,1159,8,21,118,147,1.251700680272109,0.04511712195395935,633,"Sorry kid, you need at least two years of experience for this position."
4282,1159,7,23,117,147,1.251700680272109,0.044072289857606535,633,"This slide is adults only as part of a new, corporate-subsidized emotional wellbeing initiative—and because it has a 500-pound capacity."
4301,1159,4,29,114,147,1.251700680272109,0.04077747972773978,633,Once you’ve really made it you can move on up to the East Slide.
1918,1159,7,23,117,147,1.251700680272109,0.044072289857606535,633,"It’s a metaphor for life, but the descent is more enjoyable."
3470,1159,8,21,118,147,1.251700680272109,0.04511712195395935,633,"Age before youth, Buddy."
1739,1159,6,25,116,147,1.251700680272109,0.0430020787076315,633,Being Grown Up doesn't mean your an Adult
1389,1159,6,25,116,147,1.251700680272109,0.0430020787076315,633,"I see London, I see France..."
1656,1159,4,29,114,147,1.251700680272109,0.04077747972773978,633,It's a sliding scale.
1734,1159,6,25,116,147,1.251700680272109,0.0430020787076315,633,"We like to swing, too."
378,1159,8,21,118,147,1.251700680272109,0.04511712195395935,633,"Always remember, it's never to late to tap into your inner ridiculousness"
459,1159,8,21,118,147,1.251700680272109,0.04511712195395935,633,"No, that one is for playing on, this one is a metaphor for life's upward struggle that ends in a rapid descent into senescence and death."
634,1159,4,29,114,147,1.251700680272109,0.04077747972773978,633,Mommy and I call this “Daddy’s last bucket list item.”
705,1159,3,31,113,147,1.251700680272109,0.03961836560019451,633,Too bad....it was YOUR idea of  “take your parents to the playground” day.
497,1159,6,25,116,147,1.251700680272109,0.0430020787076315,633,I learned it from watching you.
1247,1159,3,31,113,147,1.251700680272109,0.03961836560019451,633,You get 30 minutes for recess? Our boss only gives us 20.
1332,1159,8,21,118,147,1.251700680272109,0.04511712195395935,633,"It may be cold comfort in this chaotic era, but Americans should know that there are adults in the room."
28,1159,5,27,115,147,1.251700680272109,0.04190454406221098,633,"Run along, kid. This is the slide of broken dreams. See you in 30 years."
1524,1159,4,29,114,147,1.251700680272109,0.04077747972773978,633,"Go play in the street, kid."
1599,1159,7,23,117,147,1.251700680272109,0.044072289857606535,633,"Sorry kid, this slide is reserved for our company's wellness program enrollees."
930,1159,6,25,116,147,1.251700680272109,0.0430020787076315,633,"You don't complain when we play ""Chutes and Ladders"" together at home."
151,1184,8,22,121,151,1.2516556291390728,0.04429336582095581,633,"It's not the size of the slide, it's the number of bureaucratic obstacles we overcame that makes it so fun."
2668,1184,5,28,118,151,1.2516556291390728,0.04119467918915452,633,I'll be glad when the power's back on
4238,1184,6,26,119,151,1.2516556291390728,0.04225283202636141,633,The judge ordered the courtroom to take a recess.
2481,1187,7,23,118,148,1.25,0.04380651604022256,633,"That's right, junior, the big slide is for people who have no shame."
4075,1187,9,19,120,148,1.25,0.045857040618608895,633,"Beat it, kid. We're checking this out for the President."
1634,1187,6,25,117,148,1.25,0.04274438190247978,633,"The judge said we're in recess, so..."
431,1187,6,25,117,148,1.25,0.04274438190247978,633,Welcome to the real world
1414,1187,3,31,114,148,1.25,0.039386497612168274,633,He's assessing the risk.
310,1187,7,23,118,148,1.25,0.04380651604022256,633,No cuts. No butts. No coconuts.
85,1187,6,25,117,148,1.25,0.04274438190247978,633,Wait ‘till you see our merry-go-round.
1438,1187,5,27,116,148,1.25,0.04165517399877003,633,Stop telling me what to do.  You're not my real son and you never will be
2611,1195,10,16,119,145,1.2482758620689656,0.04747557799554802,633,"He said ""whee"", not ""wee""."
4093,1195,5,26,114,145,1.2482758620689656,0.04213078806462358,633,"After we’re done learning how to use the slide, we’ll discuss proper sandbox etiquette."
3831,1195,7,22,116,145,1.2482758620689656,0.04434607292841478,633,Life starts to go downhill after the age of twenty-one.
3763,1195,7,22,116,145,1.2482758620689656,0.04434607292841478,633,"Yeah, I don’t think so."
3708,1195,3,30,112,145,1.2482758620689656,0.03979236637497417,633,"If you have to pee just hold it, it's almost my turn to go down the slide!"
3455,1195,7,22,116,145,1.2482758620689656,0.04434607292841478,633,"No, Brian, this one is for disillusioned GROWN-UPS"
3425,1195,6,24,115,145,1.2482758620689656,0.043252615453394906,633,"We've been ordered to review the ""customer experience"". Our new principal has a business background."
2845,1195,8,20,117,145,1.2482758620689656,0.045413209804915894,633,"After that hearing, we need this."
2435,1195,5,26,114,145,1.2482758620689656,0.04213078806462358,633,Leveraged buyout.  Live with it.
4253,1195,10,16,119,145,1.2482758620689656,0.04747557799554802,633,"No son, she's a feminist-you can't help her down the slide."
1943,1195,5,26,114,145,1.2482758620689656,0.04213078806462358,633,Its a Millennial Thing
1805,1195,6,24,115,145,1.2482758620689656,0.043252615453394906,633,"I don’t care who your dad is, you’ll wait in line like the rest of us."
1762,1195,8,20,117,145,1.2482758620689656,0.045413209804915894,633,"You don't understand, we really need this right now."
1727,1195,6,24,115,145,1.2482758620689656,0.043252615453394906,633,Go back to your own corporate ladder.
1459,1195,7,22,116,145,1.2482758620689656,0.04434607292841478,633,"I'm not gonna lie to you, working for a company that builds playgrounds has its benefits."
1339,1195,7,22,116,145,1.2482758620689656,0.04434607292841478,633,"We'd thought that we would try this first before buying a couple of Harley's"""
1150,1195,4,28,113,145,1.2482758620689656,0.04097826085051929,633,"When you grow up and assume power just
because you can, then you'll be able to monopolize the big slide."
799,1195,7,22,116,145,1.2482758620689656,0.04434607292841478,633,"We’re doing research for Consumer Reports kid , so get in line!"
739,1195,5,26,114,145,1.2482758620689656,0.04213078806462358,633,We're Congress in recess -- the president kicked us out of the sandbox.
2325,1195,7,22,116,145,1.2482758620689656,0.04434607292841478,633,"Sorry kid, this is the existential crisis only slide."
3414,1215,8,12,93,113,1.247787610619469,0.05411477806782426,633,Act your age.  Go do a start-up.
2564,1216,5,26,115,146,1.2465753424657535,0.04187576812582842,633,"I'm sorry kiddo, the grownups just need a little recess from the real world."
2772,1216,4,28,114,146,1.2465753424657535,0.04073213282948226,633,You have to be drunk for this one.
3292,1216,4,28,114,146,1.2465753424657535,0.04073213282948226,633,"Jimmy, did you get the dinner started?"
3493,1216,5,26,115,146,1.2465753424657535,0.04187576812582842,633,"We don't drink, so this is our Happy Hour."
3579,1216,6,24,116,146,1.2465753424657535,0.04298899007208366,633,"Listen kid, this slides all about mid life crisis's, menopause and little blue pills!"
4327,1216,6,24,116,146,1.2465753424657535,0.04298899007208366,633,"You don't pay taxes, that is what the little slide is for."
3793,1216,5,26,115,146,1.2465753424657535,0.04187576812582842,633,This is NOT what '#Me too' means.
3930,1216,7,22,117,146,1.2465753424657535,0.04407410326605941,633,"Would you rather Daddy resume his love affair with scotch whiskey and Mrs Henderson, not necessarily in that order?"
4199,1216,6,24,116,146,1.2465753424657535,0.04298899007208366,633,You’re not stressed.
2475,1216,6,24,116,146,1.2465753424657535,0.04298899007208366,633,This is the playground for adults when the Prozac has run out.
3751,1216,7,22,117,146,1.2465753424657535,0.04407410326605941,633,Can we have jello after?
2414,1216,6,24,116,146,1.2465753424657535,0.04298899007208366,633,Big slide....Big people.
3617,1216,6,24,116,146,1.2465753424657535,0.04298899007208366,633,Shouldn't you be at school right now?
1939,1216,7,22,117,146,1.2465753424657535,0.04407410326605941,633,"It’s called “a second childhood”.
‘"
111,1216,5,26,115,146,1.2465753424657535,0.04187576812582842,633,"Relax, kid.  This is just a metaphor for the joy we Democrats are feeling during the Kavanaugh inquisition."
2315,1216,7,22,117,146,1.2465753424657535,0.04407410326605941,633,Why would you ask THAT?
560,1216,9,18,119,146,1.2465753424657535,0.04616788062372357,633,The slide's behind you. This is a metaphor.
567,1216,7,22,117,146,1.2465753424657535,0.04407410326605941,633,"Yes...this is what mommy was referring to when she talked about a ""menage a trois."""
684,1216,5,26,115,146,1.2465753424657535,0.04187576812582842,633,The President sent us here on a recess appointment.
921,1216,5,26,115,146,1.2465753424657535,0.04187576812582842,633,"What's it look like, kid? We are sliding into middle age and throwing our dignity out the window!"
226,1216,9,18,119,146,1.2465753424657535,0.04616788062372357,633,Our butts no longer fit on the seasaw!
992,1216,7,22,117,146,1.2465753424657535,0.04407410326605941,633,"Principal Jordan, will I be breaking any rules if I do my homework?"
1124,1216,3,30,113,146,1.2465753424657535,0.039555446319679236,633,You can't' just be unhappy. It only works if you're unhappy and over thirty.
1211,1216,7,22,117,146,1.2465753424657535,0.04407410326605941,633,Of course I feel like a kid... after a couple of drinks.
1290,1216,5,26,115,146,1.2465753424657535,0.04187576812582842,633,We are making this playground great again!
1785,1216,6,24,116,146,1.2465753424657535,0.04298899007208366,633,So sue me.
1368,1216,5,26,115,146,1.2465753424657535,0.04187576812582842,633,"It’s not appropriate to call it the slide  for old, fat people."
2551,1243,6,23,113,142,1.2464788732394365,0.04377846231529865,633,No son of mine asks for frontsies.
4192,1243,5,25,112,142,1.2464788732394365,0.04262233735759899,633,Yeah!  Sue me.
2550,1243,5,25,112,142,1.2464788732394365,0.04262233735759899,633,"It takes 10,000 hours to master a skill."
2461,1243,3,29,110,142,1.2464788732394365,0.040210488682567457,633,Please can I show you how to do it just one more time?
1858,1243,5,25,112,142,1.2464788732394365,0.04262233735759899,633,Your allowance in advance? Waddaya mean just in case?
1489,1243,7,21,114,142,1.2464788732394365,0.04490483140552997,633,"Co-opting our playground is one thing, appropriating our childhood is another..."
1609,1243,5,25,112,142,1.2464788732394365,0.04262233735759899,633,"Someday, when you feel the cold grey hand of mortality grip your innards, you'll understand why dignity is something to be exchanged for one brief moment of childlike wonder."
1584,1243,5,25,112,142,1.2464788732394365,0.04262233735759899,633,Humor them.  My parents are idiots.
1520,1243,5,25,112,142,1.2464788732394365,0.04262233735759899,633,"Sorry, kid. No work, no play."
2580,1243,5,25,112,142,1.2464788732394365,0.04262233735759899,633,"Sorry kid, we just really need to take a break from politics."
2216,1243,11,13,118,142,1.2464788732394365,0.0491528673327127,633,Is this safe?
2662,1243,5,25,112,142,1.2464788732394365,0.04262233735759899,633,"Believe me, I need it more than you"
3421,1243,5,25,112,142,1.2464788732394365,0.04262233735759899,633,Get back to me in 30 years.
2763,1243,5,25,112,142,1.2464788732394365,0.04262233735759899,633,Tell Mommy that Daddy is going to be late getting home from work.”
2843,1243,8,19,115,142,1.2464788732394365,0.0460036303396386,633,Growing up doesn't mean acting like a grown up.
3254,1243,7,21,114,142,1.2464788732394365,0.04490483140552997,633,It’s simple.  No pants - no slides.
3389,1243,4,27,111,142,1.2464788732394365,0.041433965788443806,633,We're trying to enjoy downward mobility.
3640,1243,6,23,113,142,1.2464788732394365,0.04377846231529865,633,Tell mom I'm climbing the ladder.
3710,1243,7,21,114,142,1.2464788732394365,0.04490483140552997,633,"Son, this is the Republicans' slide. That one for Democrats, immigants, and kids."
3732,1243,5,25,112,142,1.2464788732394365,0.04262233735759899,633,"You got time, kid, it's your first childhood."
3952,1243,6,23,113,142,1.2464788732394365,0.04377846231529865,633,It's not just kids who have their ups and downs.
4007,1243,3,29,110,142,1.2464788732394365,0.040210488682567457,633,Letting you onto the adult slide could be a slippery slope.
4062,1243,5,25,112,142,1.2464788732394365,0.04262233735759899,633,Some idiot in HR thought this would be a good team-building exercise.
1359,1243,3,29,110,142,1.2464788732394365,0.040210488682567457,633,Sorry pal you need an AARP card for this one.
2703,1243,7,21,114,142,1.2464788732394365,0.04490483140552997,633,The minimum age requirement for this slide is 35 years old
1352,1243,7,21,114,142,1.2464788732394365,0.04490483140552997,633,This is how I did it when I was your age.
587,1243,5,25,112,142,1.2464788732394365,0.04262233735759899,633,It's bring your parents to the playground day.
1104,1243,7,21,114,142,1.2464788732394365,0.04490483140552997,633,You can try this one when your morals start slipping. It looks like more fun than it is.
169,1243,5,25,112,142,1.2464788732394365,0.04262233735759899,633,Lesson number one for career advice: do what you love.
205,1243,6,23,113,142,1.2464788732394365,0.04377846231529865,633,"Sorry, kid. It's a hostile takeover."
210,1243,5,25,112,142,1.2464788732394365,0.04262233735759899,633,"I”m sorry son, this slide is for executives only”"
225,1243,3,29,110,142,1.2464788732394365,0.040210488682567457,633,Run along Timmy. Daddy has work to do.
277,1243,6,23,113,142,1.2464788732394365,0.04377846231529865,633,"This is not the think big I was talking about."""
322,1243,7,21,114,142,1.2464788732394365,0.04490483140552997,633,"40 is the new 4, kid."
399,1243,7,21,114,142,1.2464788732394365,0.04490483140552997,633,"My playground, my rules."
405,1243,6,23,113,142,1.2464788732394365,0.04377846231529865,633,We’re trying to bring back irrational exuberance.
460,1243,7,21,114,142,1.2464788732394365,0.04490483140552997,633,"No MBA, no big slide."
1224,1243,6,23,113,142,1.2464788732394365,0.04377846231529865,633,Just let me have one more go then I'll take you to school
653,1243,7,21,114,142,1.2464788732394365,0.04490483140552997,633,"If my taxes are paying for it, it's mine, got it?"
472,1243,7,21,114,142,1.2464788732394365,0.04490483140552997,633,"You are a 47-year-old accounts receivable clerk from Akron, Ohio, and this is a recurring anxiety dream."
767,1243,7,21,114,142,1.2464788732394365,0.04490483140552997,633,Don't make your Mother and I regret buying you these slides.
1085,1243,4,27,111,142,1.2464788732394365,0.041433965788443806,633,This is the big kids slide. Your slide is over there.
1080,1243,6,23,113,142,1.2464788732394365,0.04377846231529865,633,"Trust me kid, we know a lawsuit when we see one."
753,1243,4,27,111,142,1.2464788732394365,0.041433965788443806,633,"It'll be your turn in sixty years, kid."
1018,1243,7,21,114,142,1.2464788732394365,0.04490483140552997,633,Beat it kid! We're playing CORPORATE Chutes and Ladders.
979,1243,5,25,112,142,1.2464788732394365,0.04262233735759899,633,"""This is your first lesson in diversity and inclusiveness."""
1064,1243,8,19,115,142,1.2464788732394365,0.0460036303396386,633,"We’re presidential advisors. . . give us a break, will ya?"
892,1243,4,27,111,142,1.2464788732394365,0.041433965788443806,633,It's a contest to see who goes down the slowest.
880,1243,6,23,113,142,1.2464788732394365,0.04377846231529865,633,"Why, when I was your age . . ."
784,1243,4,27,111,142,1.2464788732394365,0.041433965788443806,633,They're in training for the next financial crisis.
778,1243,5,25,112,142,1.2464788732394365,0.04262233735759899,633,"It's the corporate slide, kid"
907,1243,7,21,114,142,1.2464788732394365,0.04490483140552997,633,"Before cellphones Jimmy, this was about as upskirt as you could get."
3277,1295,7,21,115,143,1.2447552447552448,0.04462300714153091,633,Hey Mister...No Trump Cuts.
3819,1295,5,25,113,143,1.2447552447552448,0.04235831268917647,633,"Size matters, kid."
3797,1295,7,21,115,143,1.2447552447552448,0.04462300714153091,633,Wait until you see the bannister.
3719,1295,6,23,114,143,1.2447552447552448,0.04350539863182021,633,My Dad says it’s all downhill after 50.
2248,1295,3,29,111,143,1.2447552447552448,0.0399654918823099,633,"Sorry, kid. Mid-life crises only on the big slide."
2420,1295,5,25,113,143,1.2447552447552448,0.04235831268917647,633,The court case is in recess.
2050,1295,4,27,112,143,1.2447552447552448,0.041179286026284054,633,"I wish I could tell you when we'd be done, but we're on tenure."
2168,1295,5,25,113,143,1.2447552447552448,0.04235831268917647,633,You wouldn't understand since its not on your iPhone.
1825,1295,8,19,116,143,1.2447552447552448,0.045713300281128834,633,"You know the nearer your destination
The more you're slip slidin' away!"
1428,1295,4,27,112,143,1.2447552447552448,0.041179286026284054,633,"Sorry kid, This is only for IT professionals."
1375,1295,8,19,116,143,1.2447552447552448,0.045713300281128834,633,The fuck you want?
990,1295,7,21,115,143,1.2447552447552448,0.04462300714153091,633,"Sorry, kid. It's an executive therapy slide only."
2037,1307,3,27,105,135,1.2444444444444445,0.04135176749720385,633,They say this is the only free ride we get.
4028,1307,4,25,106,135,1.2444444444444445,0.04266763404099585,633,You can use this slide once you pay your own taxes.
2720,1309,5,24,111,140,1.2428571428571429,0.04285714285714285,633,"When you get a nice severance package, that's when!"
2822,1309,5,24,111,140,1.2428571428571429,0.04285714285714285,633,I have my mother's permission.
3022,1309,7,20,113,140,1.2428571428571429,0.04519164236576456,633,We're performing an audit on the slide.
3411,1309,8,18,114,140,1.2428571428571429,0.04631478665214787,633,Because it's here.
4174,1309,7,20,113,140,1.2428571428571429,0.04519164236576456,633,"Thanks to the school district's budget cuts, this slide is now being used as the teacher's Health & Wellness Program."
3892,1309,6,22,112,140,1.2428571428571429,0.04403986395070219,633,"My wife wanted us to be swingers, but I'm more comfortable as a slider."
4151,1309,3,28,109,140,1.2428571428571429,0.04038792948443798,633,"wait your turn kid,it took us 30years to admit to our ""deprived childhood""."
2432,1309,8,18,114,140,1.2428571428571429,0.04631478665214787,633,"We get the big slide 'cus these are the Trump years and I can kick your seven-year-old ass, okay?"
3804,1309,5,24,111,140,1.2428571428571429,0.04285714285714285,633,"Right: same toys, only bigger."
2329,1309,8,18,114,140,1.2428571428571429,0.04631478665214787,633,"You’ll always be chasing your first slide, kid."
4146,1309,6,22,112,140,1.2428571428571429,0.04403986395070219,633,The judge said court would recess until tomorrow morning.
1980,1309,7,20,113,140,1.2428571428571429,0.04519164236576456,633,"Beat it kid, the slide is only for second childhoods."
661,1309,6,22,112,140,1.2428571428571429,0.04403986395070219,633,Get to work paying into our social security.
1050,1309,9,16,115,140,1.2428571428571429,0.0474113318263976,633,You’ll need to pay for a share - this is a corporate ladder.
1161,1309,5,24,111,140,1.2428571428571429,0.04285714285714285,633,There’s a height requirement son. I don’t make the rules.
1017,1309,3,28,109,140,1.2428571428571429,0.04038792948443798,633,We replaced Casual Friday with Playful Friday.
1587,1309,6,22,112,140,1.2428571428571429,0.04403986395070219,633,Talk to me in forty years when you get three weeks of PTO.
1670,1309,5,24,111,140,1.2428571428571429,0.04285714285714285,633,We are prepaing for the expcted slide in the stock market
1772,1309,7,20,113,140,1.2428571428571429,0.04519164236576456,633,"In another 40 years, you can go first."
1385,1309,4,26,110,140,1.2428571428571429,0.041640842582238206,633,"Sorry kid, you need to be a little bit taller and a lot more desperate."
2134,1309,6,22,112,140,1.2428571428571429,0.04403986395070219,633,"Get behind her and push. I have to that with your mother,too."
3596,1330,0,33,103,136,1.2426470588235294,0.03689519326996807,633,"Cry to your own dad, kid. We were here first."
2151,1331,3,28,110,141,1.2411347517730495,0.04013744019435515,633,"Sorry, son. You must be in your mid-life crisis or older to try this ride."
8,1332,5,23,109,137,1.2408759124087592,0.04337315922182596,633,"Dad, can we leave?"
1182,1332,6,21,110,137,1.2408759124087592,0.04459342045456528,633,"Sorry kid, this one’s taxpayers-only."
1766,1332,5,23,109,137,1.2408759124087592,0.04337315922182596,633,Adulting is hard. We need this more than you do.
3152,1335,6,21,111,138,1.2391304347826086,0.044303498047984134,633,More problems more slide
4295,1335,4,25,109,138,1.2391304347826086,0.04184766294183874,633,"Adult privilege, champ!"
2067,1335,2,29,107,138,1.2391304347826086,0.03923842310924015,633,Did you call in sick too?
2035,1335,7,19,112,138,1.2391304347826086,0.04548171568976626,633,It's Take Your Parent to Playground Day!
1165,1335,7,19,112,138,1.2391304347826086,0.04548171568976626,633,Adults have bigger ups and downs.
2861,1335,8,17,113,138,1.2391304347826086,0.04663017247321444,633,Oh yeah? Well if my dad were alive he could totally beat up your dad.
2313,1341,5,22,107,134,1.2388059701492538,0.04390733102351806,633,"No, this is a class about investing"""
295,1342,2,28,105,135,1.237037037037037,0.03963265178621323,633,This is way more fun than climbing the corporate ladder!
4096,1342,4,24,107,135,1.237037037037037,0.04233041136859312,633,Sorry.  Adult-children only.
1861,1342,5,22,108,135,1.237037037037037,0.04361676336166934,633,"And just remember, son--stocks can go up as well as down!"
3561,1342,9,14,112,135,1.237037037037037,0.048421641072995805,633,Go pound sand!
3430,1342,5,22,108,135,1.237037037037037,0.04361676336166934,633,"This is a slippery slope, son. Once you go down, there's no coming back up."
3017,1342,7,18,110,135,1.237037037037037,0.04608186937587219,633,"Remember, in life it's never too late."
2894,1342,4,24,107,135,1.237037037037037,0.04233041136859312,633,"When you have an inner child, you will understand."
2872,1342,3,26,106,135,1.237037037037037,0.04100372430793054,633,"When you become a CFO you can ride the big slide too, kid."
2510,1342,7,18,110,135,1.237037037037037,0.04608186937587219,633,"Sorry, kiddo, this one’s reserved for those whose spirits have been crushed by a relentlessly cynical world."
2484,1342,4,24,107,135,1.237037037037037,0.04233041136859312,633,"It'ss a three slide presentation, kid."
2010,1342,4,24,107,135,1.237037037037037,0.04233041136859312,633,Go use your own slide... this is reserved for the City Council.
1842,1342,3,26,106,135,1.237037037037037,0.04100372430793054,633,"Trust me, kid--being a grown-up isn't as fun as it looks."
585,1342,8,16,111,135,1.237037037037037,0.04726623535557376,633,I'm not looking up her skirt son.
1697,1342,5,22,108,135,1.237037037037037,0.04361676336166934,633,"Sure, once you find a necktie to put on."
25,1342,4,24,107,135,1.237037037037037,0.04233041136859312,633,"Back off, buddy. This one requires a mid-life crisis."
103,1342,7,18,110,135,1.237037037037037,0.04608186937587219,633,You millennials need to grow up!
249,1342,6,20,109,135,1.237037037037037,0.04486624973921271,633,This is quality time - for the adults.
448,1342,6,20,109,135,1.237037037037037,0.04486624973921271,633,"Sorry kid, this slide is for the gainfully employed"
222,1342,6,20,109,135,1.237037037037037,0.04486624973921271,633,You'll understand when you're older.
672,1342,5,22,108,135,1.237037037037037,0.04361676336166934,633,"Hey kid, when you had the week we had, you’ll understand why we need this."
879,1342,6,20,109,135,1.237037037037037,0.04486624973921271,633,Don't hop on landing
1053,1342,4,24,107,135,1.237037037037037,0.04233041136859312,633,"At your age, I only had a filthy rubber tire swing, and a stick for a horse. So , yes, I’ll take the risk!"
1611,1342,4,24,107,135,1.237037037037037,0.04233041136859312,633,"On this one, men need to wear a tie."
663,1342,6,20,109,135,1.237037037037037,0.04486624973921271,633,"Listen kid, choose a job you love, and you'll never work a day in your life."
1776,1342,5,22,108,135,1.237037037037037,0.04361676336166934,633,"Use the other one kid, this is the ladder of success."
2582,1367,5,21,105,131,1.2366412213740459,0.04446070275087714,633,Let me show you how I medaled at Sochi!
2865,1367,3,25,103,131,1.2366412213740459,0.04173576960964363,633,The end is near.
2790,1369,4,23,105,132,1.2348484848484849,0.042829391226308085,633,"One day, you’ll be able to climb the corporate ladder too."
3853,1369,5,21,106,132,1.2348484848484849,0.044158998786431834,633,20s are the new 10s; get used to it.
3511,1369,6,19,107,132,1.2348484848484849,0.045449726014839965,633,Note to my younger self: Have fun while you can.
3413,1369,5,21,106,132,1.2348484848484849,0.044158998786431834,633,"I paid for this thing, kid. I go first."
3250,1369,5,21,106,132,1.2348484848484849,0.044158998786431834,633,"It's like our economic forecast, but more fun."
2577,1369,4,23,105,132,1.2348484848484849,0.042829391226308085,633,"This is OUR metaphor for the grueling climb up the employment hierarchy and sudden free fall into obsolescence of corporate culture, and stay off the adult mood swings, too.”"
1911,1369,4,23,105,132,1.2348484848484849,0.042829391226308085,633,We need this more than you do honey.
1402,1369,5,21,106,132,1.2348484848484849,0.044158998786431834,633,We’re a new political party called “WEEEEEEEEEE! the People”
1380,1369,6,19,107,132,1.2348484848484849,0.045449726014839965,633,"Sorry, kid.  Only for those in their second childhood."
1302,1369,5,21,106,132,1.2348484848484849,0.044158998786431834,633,"Think of it as a metaphor for life, kid...."
1049,1369,5,21,106,132,1.2348484848484849,0.044158998786431834,633,This slide is for inner children only.  Yours is over there.
376,1369,3,25,104,132,1.2348484848484849,0.041457162611691405,633,"Hey, grow up, would ya?"
971,1369,5,21,106,132,1.2348484848484849,0.044158998786431834,633,"This is our recess, too, you know."
2707,1369,6,19,107,132,1.2348484848484849,0.045449726014839965,633,It's called regression therapy.  You won't need it for about twenty years.
4331,1383,4,23,106,133,1.2330827067669172,0.04254280683002801,633,"Go away, kid. It’s happy hour."
2150,1383,5,21,107,133,1.2330827067669172,0.043861276537850824,633,It's a perk of the gig economy.
681,1383,8,15,110,133,1.2330827067669172,0.047598057514861465,633,"It's just like the economy."""
131,1383,6,19,108,133,1.2330827067669172,0.045141253262205396,633,It's a new economic theory. The fun we're having will eventually slide down to you.
1977,1383,5,21,107,133,1.2330827067669172,0.043861276537850824,633,"Well, son, a person's a person no matter how tall."
4304,1388,5,20,104,129,1.2325581395348837,0.044720855655869474,633,"Cool it, kid. My tax dollars pay for this."
3100,1389,5,21,108,134,1.2313432835820894,0.043567459954432904,633,"Sorry kid, it's company mandated."
2305,1389,6,19,109,134,1.2313432835820894,0.044836864492459355,633,Welcome to the “BIG” slippery slope.
2159,1389,5,21,108,134,1.2313432835820894,0.043567459954432904,633,"Sorry, sonny, this is only for second childhoods!"
698,1389,3,25,106,134,1.2313432835820894,0.0409106571153901,633,"Practice, practice, practice"
1567,1389,5,21,108,134,1.2313432835820894,0.043567459954432904,633,Stop staring. That’s not what ‘parental supervision’ means.
594,1389,7,17,110,134,1.2313432835820894,0.04607130634298544,633,No.  Sorry.  This one is for home based consultants.
2070,1389,2,27,105,134,1.2313432835820894,0.039515326330159174,633,Did your taxes pay for the playground? No? I didn't think so.
1262,1389,4,23,107,134,1.2313432835820894,0.04225994221774406,633,Adults are just kids with much better toys
602,1389,3,25,106,134,1.2313432835820894,0.0409106571153901,633,"As kindergarten teachers, this is the only real work experience that we can get."
3195,1398,6,18,106,130,1.2307692307692308,0.045734529320285634,633,Why? This is a therapy group for recovering workaholics.
2878,1398,7,16,107,130,1.2307692307692308,0.04702029090217254,633,Don't let them fool you. THIS is the ladder of success.
2887,1398,7,16,107,130,1.2307692307692308,0.04702029090217254,633,This playground does not tolerate ageism.
2926,1398,3,24,103,130,1.2307692307692308,0.04163970964136848,633,"No, its our lunch break."
2991,1398,4,22,104,130,1.2307692307692308,0.04304795004868802,633,Do *your* taxes pay for this park?
2994,1398,4,22,104,130,1.2307692307692308,0.04304795004868802,633,"This is our metaphor, kid, go find your own."
3020,1398,5,20,105,130,1.2307692307692308,0.04441155916843274,633,"Age before, well, whatever."
3032,1398,4,22,104,130,1.2307692307692308,0.04304795004868802,633,"Sorry kid, but on Fridays this slide is school staff only."
3055,1398,8,14,108,130,1.2307692307692308,0.04827181725294577,633,"I suppose I am grounding you, in a way."
2870,1398,4,22,104,130,1.2307692307692308,0.04304795004868802,633,Your millennial moment has passed. You’re not that special. Get in line.
3121,1398,3,24,103,130,1.2307692307692308,0.04163970964136848,633,Just because she's a girl it doesn't mean the slide is not challenging.
3128,1398,6,18,106,130,1.2307692307692308,0.045734529320285634,633,I also prefer this to bring your child to work day.
3153,1398,5,20,105,130,1.2307692307692308,0.04441155916843274,633,Is your office park hiring?
3172,1398,3,24,103,130,1.2307692307692308,0.04163970964136848,633,We won’t be long. Our office slide is in the shop.
3187,1398,5,20,105,130,1.2307692307692308,0.04441155916843274,633,This is the daddy  and  mommy slide.
3189,1398,5,20,105,130,1.2307692307692308,0.04441155916843274,633,This one’s for the age of senescence. That one’s for the age of innocence.
3213,1398,3,24,103,130,1.2307692307692308,0.04163970964136848,633,"Someday this will all make sense, Danny."
3120,1398,7,16,107,130,1.2307692307692308,0.04702029090217254,633,Kid let me you once you go down the slippery slope there is no going back.
2405,1398,4,22,104,130,1.2307692307692308,0.04304795004868802,633,"There was a turf war, Andy. And the grown-ups won the funnest slide. Stop bellyaching; it's playground rules."
2810,1398,5,20,105,130,1.2307692307692308,0.04441155916843274,633,Better late than never
2428,1398,4,22,104,130,1.2307692307692308,0.04304795004868802,633,"Son, it's called graded exposure.  Another few months of therapy, and I'll be ready to take you on that roller coaster."
2433,1398,3,24,103,130,1.2307692307692308,0.04163970964136848,633,"I call it playground therapy. The wife sees her husband acting lik









""The judge told us to take a ten-minute recess."""
2442,1398,7,16,107,130,1.2307692307692308,0.04702029090217254,633,"Yes, I heard you say you wanted large sliders and fries."
2446,1398,4,22,104,130,1.2307692307692308,0.04304795004868802,633,Scram! This is a company character building retreat.
2480,1398,7,16,107,130,1.2307692307692308,0.04702029090217254,633,"So, what? It is cheaper than the therapy."
2533,1398,2,26,102,130,1.2307692307692308,0.04018214571971751,633,Our inner children need some time off-screen.
2558,1398,8,14,108,130,1.2307692307692308,0.04827181725294577,633,"This one's too big for your britches"""
3256,1398,8,14,108,130,1.2307692307692308,0.04827181725294577,633,When I was your age I’d probably sneak a peek—but in today’s environment...
2560,1398,4,22,104,130,1.2307692307692308,0.04304795004868802,633,"No, Bobby. You need to grow at least two feet more and then drink at least three martinis before you can use the big kids slide."
2316,1398,6,18,106,130,1.2307692307692308,0.045734529320285634,633,"This slide is reserved for fearless, adventurous adults."
2588,1398,7,16,107,130,1.2307692307692308,0.04702029090217254,633,"Climb the ladder, don’t touch the girl, and you’ll be fine."
2645,1398,7,16,107,130,1.2307692307692308,0.04702029090217254,633,Can we go home now?
2685,1398,6,18,106,130,1.2307692307692308,0.045734529320285634,633,"The boss told us to practice with the new slides, but I can't quite see how this relates to our annual financial overview presentation"
2702,1398,6,18,106,130,1.2307692307692308,0.045734529320285634,633,You'll understand after you have ten years at the same job.
2708,1398,4,22,104,130,1.2307692307692308,0.04304795004868802,633,"One more time...This will really help me connect with Millennials at work."""
2801,1398,3,24,103,130,1.2307692307692308,0.04163970964136848,633,We need this more than you do right now.
2568,1398,6,18,106,130,1.2307692307692308,0.045734529320285634,633,You'll have to use the other one;this one is reserved for the Judiciary Committee party.
2856,1398,5,20,105,130,1.2307692307692308,0.04441155916843274,633,"You heard about the adult only swimming pool? 
Well this is the adult only slide!"
3312,1398,3,24,103,130,1.2307692307692308,0.04163970964136848,633,"Sorry son, the internet is down."
3346,1398,4,22,104,130,1.2307692307692308,0.04304795004868802,633,We identify as children...but only at lunchtime...and only on sunny days.
3901,1398,7,16,107,130,1.2307692307692308,0.04702029090217254,633,Adult Privilege
3971,1398,4,22,104,130,1.2307692307692308,0.04304795004868802,633,We're reliving the Me Decade.
3973,1398,2,26,102,130,1.2307692307692308,0.04018214571971751,633,"Wait until the congressional recess is over, kid."
4042,1398,5,20,105,130,1.2307692307692308,0.04441155916843274,633,"Not until you understand what ""metaphor for life"" means."
4082,1398,5,20,105,130,1.2307692307692308,0.04441155916843274,633,We’ve gone back to try to get our kindergarten equivalency diploma.
4113,1398,3,24,103,130,1.2307692307692308,0.04163970964136848,633,Don't worry our lunch hour ends in 5.
4142,1398,7,16,107,130,1.2307692307692308,0.04702029090217254,633,"Sorry Ski, only three can play 'Devil's Triangle'."
4176,1398,5,20,105,130,1.2307692307692308,0.04441155916843274,633,Come back after the midterms.
4190,1398,7,16,107,130,1.2307692307692308,0.04702029090217254,633,You have to make a recess appointment.
4207,1398,4,22,104,130,1.2307692307692308,0.04304795004868802,633,"Listen Junior, I BOUGHT THE SLIDE, SO IM RIDING THE SLIDE!"
4230,1398,5,20,105,130,1.2307692307692308,0.04441155916843274,633,Sliding into the weekend.
4233,1398,5,20,105,130,1.2307692307692308,0.04441155916843274,633,"No, your 'inner adult' can't use the big people's slide."
4250,1398,3,24,103,130,1.2307692307692308,0.04163970964136848,633,Youth is relative
4255,1398,8,14,108,130,1.2307692307692308,0.04827181725294577,633,Hey kiddo! Why aren’t you at school?
4256,1398,4,22,104,130,1.2307692307692308,0.04304795004868802,633,"Watch this, kid. It could be you someday!"
4283,1398,6,18,106,130,1.2307692307692308,0.045734529320285634,633,Today is casual Friday.
4326,1398,2,26,102,130,1.2307692307692308,0.04018214571971751,633,Didn't your parents teach you to share?
3818,1398,6,18,106,130,1.2307692307692308,0.045734529320285634,633,"Trust me, young man. It's all downhill from here."
3264,1398,5,20,105,130,1.2307692307692308,0.04441155916843274,633,"HOSTILE TAKEOVER

""Scram, kid. It's a corporate park now."""
3814,1398,2,26,102,130,1.2307692307692308,0.04018214571971751,633,"Not now, Son, I'm very busy."
3792,1398,2,26,102,130,1.2307692307692308,0.04018214571971751,633,"Mr. Smith, Mrs Blake and I are illustrating the principles of inertia, friction  and gravety to the third graders."
3396,1398,3,24,103,130,1.2307692307692308,0.04163970964136848,633,There are so few benefits to seniority these days.
3437,1398,5,20,105,130,1.2307692307692308,0.04441155916843274,633,Administration slide only
3451,1398,5,20,105,130,1.2307692307692308,0.04441155916843274,633,My favorite part of Career Day is recess.
3453,1398,5,20,105,130,1.2307692307692308,0.04441155916843274,633,Only after you do your homework and sign the products liability release.
3459,1398,5,20,105,130,1.2307692307692308,0.04441155916843274,633,We teachers also like to celebrate Spring break.
3462,1398,7,16,107,130,1.2307692307692308,0.04702029090217254,633,We are NASA gravity and friction experts on lunch break.
3481,1398,3,24,103,130,1.2307692307692308,0.04163970964136848,633,"When you're an adult, its a ""work retreat""."
3528,1398,5,20,105,130,1.2307692307692308,0.04441155916843274,633,You’re adopted.
3619,1398,6,18,106,130,1.2307692307692308,0.045734529320285634,633,You promise you'll catch me at the bottom?
3641,1398,1,28,101,130,1.2307692307692308,0.038669681279572876,633,If the judge didn't want us to leave the building then he shouldn't have declared court in recess
3685,1398,2,26,102,130,1.2307692307692308,0.04018214571971751,633,Some people just never grow up.
3720,1398,4,22,104,130,1.2307692307692308,0.04304795004868802,633,"Go slide over there kid.
This one’s for the inner child."
3742,1398,7,16,107,130,1.2307692307692308,0.04702029090217254,633,Isn’t there a screen around somewhere that you should be gazing in to?
3755,1398,3,24,103,130,1.2307692307692308,0.04163970964136848,633,"You're a kid, think about it."
3772,1398,5,20,105,130,1.2307692307692308,0.04441155916843274,633,"Eventually it will grow kid, you can’t rush a mustache"
3783,1398,5,20,105,130,1.2307692307692308,0.04441155916843274,633,"After this, we do the swings, then the board meeting adjourns."
3788,1398,6,18,106,130,1.2307692307692308,0.045734529320285634,633,The lesson is that as you get older you assume responsibilities  You don't really grow up.
3796,1398,3,24,103,130,1.2307692307692308,0.04163970964136848,633,You can play by the rules or just go with it!
2289,1398,5,20,105,130,1.2307692307692308,0.04441155916843274,633,"Don't worry, kid.  The bouncy castle hurts our sciatica."
788,1398,7,16,107,130,1.2307692307692308,0.04702029090217254,633,We're with the Department of Education - we don't care about your state and local cutsies regulations.
2220,1398,3,24,103,130,1.2307692307692308,0.04163970964136848,633,Like I tell the defendants-  I will not let you slide.
662,1398,2,26,102,130,1.2307692307692308,0.04018214571971751,633,Youth is wasted on the young
680,1398,6,18,106,130,1.2307692307692308,0.045734529320285634,633,Tough.
707,1398,6,18,106,130,1.2307692307692308,0.045734529320285634,633,Take your unemployed parents to work day!
711,1398,5,20,105,130,1.2307692307692308,0.04441155916843274,633,Go play with your bluetooth-enabled toys kid and let the pros show you how it's done.
724,1398,5,20,105,130,1.2307692307692308,0.04441155916843274,633,"Believe me, I'd still be on the kid's slide if I could."
735,1398,4,22,104,130,1.2307692307692308,0.04304795004868802,633,"I am getting in touch with my inner kid, kid!"
781,1398,4,22,104,130,1.2307692307692308,0.04304795004868802,633,"Go back to the car and grab the selfie stick, will ya?"
659,1398,6,18,106,130,1.2307692307692308,0.045734529320285634,633,What happens in the playground. Stays in the playground.
820,1398,6,18,106,130,1.2307692307692308,0.045734529320285634,633,"It's a metaphor kid. Middle management, upper management, and severance pay."
887,1398,2,26,102,130,1.2307692307692308,0.04018214571971751,633,Our office is trying to cut costs on the company retreat this year
933,1398,6,18,106,130,1.2307692307692308,0.045734529320285634,633,"For you, it's just fun;  for us it's a metaphor.  You spend your life climbing to the top, then it's all downhill from there."
941,1398,5,20,105,130,1.2307692307692308,0.04441155916843274,633,"Son, life'll lift you up just to let you down."
959,1398,5,20,105,130,1.2307692307692308,0.04441155916843274,633,"It’s not your turn, Jimmy. Grow up!”"
1022,1398,5,20,105,130,1.2307692307692308,0.04441155916843274,633,"Donald, when you grow up, you can look up women's skirts too - just like Daddy...."
1023,1398,4,22,104,130,1.2307692307692308,0.04304795004868802,633,"Not everything your boss tells you to do makes sense, but it all affects your bonus."
1040,1398,5,20,105,130,1.2307692307692308,0.04441155916843274,633,"Sorry, kid. You must be this stressed to ride."
839,1398,2,26,102,130,1.2307692307692308,0.04018214571971751,633,"Wait your turn kid, we've discovered our inner child!"
650,1398,2,26,102,130,1.2307692307692308,0.04018214571971751,633,You get the sandbox and the little slide - this big one has a business dress code requirement.
557,1398,5,20,105,130,1.2307692307692308,0.04441155916843274,633,I know it's time to go home son but Daddy hasn't hit the sandbox yet!
518,1398,3,24,103,130,1.2307692307692308,0.04163970964136848,633,"No grown-ups don't have all the fun, but they have bigger fun"
2242,1398,2,26,102,130,1.2307692307692308,0.04018214571971751,633,Oh just grow up!
13,1398,5,20,105,130,1.2307692307692308,0.04441155916843274,633,"No, I won't use my inside voice!"
38,1398,5,20,105,130,1.2307692307692308,0.04441155916843274,633,"Climbing the ladder of success may seem elementary Son, but really the ride to the bottom is no laughing matter."
104,1398,4,22,104,130,1.2307692307692308,0.04304795004868802,633,"I had my first slide when I was your age, and I wish I'd never started."
121,1398,3,24,103,130,1.2307692307692308,0.04163970964136848,633,"When you grow-up you'll undersatand, kid!"""
149,1398,5,20,105,130,1.2307692307692308,0.04441155916843274,633,What's the eight character or more password?
191,1398,6,18,106,130,1.2307692307692308,0.045734529320285634,633,"Wait your fucking turn, Jeffery."
242,1398,2,26,102,130,1.2307692307692308,0.04018214571971751,633,"It really is all downhill from here, kid."
251,1398,3,24,103,130,1.2307692307692308,0.04163970964136848,633,Just five more minutes! Please?!
334,1398,4,22,104,130,1.2307692307692308,0.04304795004868802,633,Teaching has a new productivity initiative to integrate play at work.
346,1398,3,24,103,130,1.2307692307692308,0.04163970964136848,633,You're too damned young.  Come back when you're old enough to wear long pants.
382,1398,5,20,105,130,1.2307692307692308,0.04441155916843274,633,Isn't this more fun than playing those stupid video games?
390,1398,6,18,106,130,1.2307692307692308,0.045734529320285634,633,"Mr. Atkinson, this isn't what I had in mind when you wrote 'slideshow' in the syllabus."
409,1398,3,24,103,130,1.2307692307692308,0.04163970964136848,633,Tell our HR department to bring back the foosball table!
419,1398,5,20,105,130,1.2307692307692308,0.04441155916843274,633,"It's the latest Vertical Reality device."""
479,1398,8,14,108,130,1.2307692307692308,0.04827181725294577,633,"We work easy, we play easy"
512,1398,5,20,105,130,1.2307692307692308,0.04441155916843274,633,Recess was our best life experience.
1060,1398,6,18,106,130,1.2307692307692308,0.045734529320285634,633,Beat it kid. This slide is for the weeeeee! generation.
1086,1398,2,26,102,130,1.2307692307692308,0.04018214571971751,633,You can go after the adults have tested  the slide for safety.
153,1398,4,22,104,130,1.2307692307692308,0.04304795004868802,633,"It's easy. You just climb ambitiously to the top, realize how terribly alone you are, and then it's all downhill from there."
1143,1398,5,20,105,130,1.2307692307692308,0.04441155916843274,633,"Yes, but my inner child can crush your outer bully."
1728,1398,4,22,104,130,1.2307692307692308,0.04304795004868802,633,"You’ll understand when you’re older, son."
1754,1398,3,24,103,130,1.2307692307692308,0.04163970964136848,633,With rayon workwear you can reduce your coefficient of static friction down to nearly zero.
1777,1398,3,24,103,130,1.2307692307692308,0.04163970964136848,633,It’s part of our new # Weeeeeeee too movement
1814,1398,4,22,104,130,1.2307692307692308,0.04304795004868802,633,"And next we're going to go home and color, no kids allowed."
1981,1398,6,18,106,130,1.2307692307692308,0.045734529320285634,633,"Find your own safe space, Timmy."
2012,1398,5,20,105,130,1.2307692307692308,0.04441155916843274,633,A hostile takeover?  You can't be serious.
2077,1398,3,24,103,130,1.2307692307692308,0.04163970964136848,633,"When you have your own place to live, a career, a family, and a respectable credit rating, then you can ride the grown-up slide."
2102,1398,6,18,106,130,1.2307692307692308,0.045734529320285634,633,You’ll thank me when you’re my age.
2163,1398,6,18,106,130,1.2307692307692308,0.045734529320285634,633,"Excuse me mister, is life really all downhill from here?"
2166,1398,3,24,103,130,1.2307692307692308,0.04163970964136848,633,We're team-building to rediscover our inner child.
2214,1398,4,22,104,130,1.2307692307692308,0.04304795004868802,633,"When can I go on the big slide?""
""When you've had at least​ 3 major breakdowns and 5 midlife​ crises.​"""
2181,1398,5,20,105,130,1.2307692307692308,0.04441155916843274,633,"Get out while you can, kid."
2187,1398,5,20,105,130,1.2307692307692308,0.04441155916843274,633,"To get along better with coworkers, we're learning to let go, let a thing or two slide, and stop taking every directive so literally."
2192,1398,6,18,106,130,1.2307692307692308,0.045734529320285634,633,"We call it a ""slide"" not a play structure."
2196,1398,7,16,107,130,1.2307692307692308,0.04702029090217254,633,We'll be done sliding when my boss says we're done sliding.
2209,1398,2,26,102,130,1.2307692307692308,0.04018214571971751,633,"What, like your suppose to be the center of the world and I'm not allowed to have any fun?"
1116,1398,4,22,104,130,1.2307692307692308,0.04304795004868802,633,After your Bar-Mitzvah
1722,1398,9,12,109,130,1.2307692307692308,0.049491705621029634,633,Our union is the best!
1709,1398,6,18,106,130,1.2307692307692308,0.045734529320285634,633,"Look, Johnny. This is what you can have when you get an education and a career."
1998,1398,6,18,106,130,1.2307692307692308,0.045734529320285634,633,Go play in the sandbox.We adults have serious work to do.
1511,1398,4,22,104,130,1.2307692307692308,0.04304795004868802,633,This slide is for the adult agoraphobia support group. The kids' slide is over there
1151,1398,5,20,105,130,1.2307692307692308,0.04441155916843274,633,When you get a little older that slide will be ours too.
1637,1398,5,20,105,130,1.2307692307692308,0.04441155916843274,633,You already have an inner child.
1214,1398,4,22,104,130,1.2307692307692308,0.04304795004868802,633,Get a job.
1227,1398,3,24,103,130,1.2307692307692308,0.04163970964136848,633,If the boss said to go jump in a lake we'd do that too.
1239,1398,4,22,104,130,1.2307692307692308,0.04304795004868802,633,Why? Just because.
1244,1398,5,20,105,130,1.2307692307692308,0.04441155916843274,633,"You're not old enough for the mid-life-crisis slide, kid."
1253,1398,5,20,105,130,1.2307692307692308,0.04441155916843274,633,"And then the judge said, ‘Court is in recess.’"
1268,1398,7,16,107,130,1.2307692307692308,0.04702029090217254,633,Sorry kid. This one's for air passenger training.
1304,1398,5,20,105,130,1.2307692307692308,0.04441155916843274,633,"No, it's not a sand-bucket list; it's a plain ole bucket list."
1172,1398,6,18,106,130,1.2307692307692308,0.045734529320285634,633,You can live vicariously through us for a change.
1366,1398,5,20,105,130,1.2307692307692308,0.04441155916843274,633,"Hey, its my turn to slide into middle age."
1504,1398,5,20,105,130,1.2307692307692308,0.04441155916843274,633,"While we still use ""traditional"" pronouns, we self identify as ""big kids."""
1419,1398,5,20,105,130,1.2307692307692308,0.04441155916843274,633,"It's like adult swim, but for the playground."
1432,1398,5,20,105,130,1.2307692307692308,0.04441155916843274,633,Waiting your turn is a big part of growing up
1466,1398,4,22,104,130,1.2307692307692308,0.04304795004868802,633,"You can play on the adult slide when you're older, Billy."
1468,1398,4,22,104,130,1.2307692307692308,0.04304795004868802,633,Your mom and dad still love you. They just need a little whee-time.
1479,1398,5,20,105,130,1.2307692307692308,0.04441155916843274,633,Mommy and I will talk with you after our parent-teacher conference.
1314,1398,6,18,106,130,1.2307692307692308,0.045734529320285634,633,This is a Life Lesson. Wait your turn!
802,1560,3,23,100,126,1.2301587301587302,0.042407993275749206,633,we call it team building
160,1560,7,15,104,126,1.2301587301587302,0.04802472698113439,633,Don't be in a rush to grow up. Just enjoy the ride!
4286,1562,5,20,106,131,1.2290076335877862,0.04410642855716718,633,I said only 5 more minutes
3789,1563,4,21,102,127,1.2283464566929134,0.04357045729792666,633,"You know, ""Rosebud"" and all that stuff."
3347,1563,3,23,101,127,1.2283464566929134,0.04211176049748538,633,Don't give me that look—our tax dollars paid for this slide.
3074,1563,5,19,103,127,1.2283464566929134,0.04498187552896535,633,Don't  you have the app?
2089,1563,3,23,101,127,1.2283464566929134,0.04211176049748538,633,Recess is over when I say it’s over.
2553,1563,6,17,104,127,1.2283464566929134,0.046350334443844225,633,"No, Conrad, this is not the corporate ladder. My, you are a precocious little pip."
1612,1563,5,19,103,127,1.2283464566929134,0.04498187552896535,633,No! Go have a smoke. I’ll be done soon.
1323,1563,5,19,103,127,1.2283464566929134,0.04498187552896535,633,You seem a little young for an advanced therapy session.
657,1563,4,21,102,127,1.2283464566929134,0.04357045729792666,633,"If you’re looking for people who play nice, go check out the sandbox."
2687,1563,2,25,100,127,1.2283464566929134,0.04060068959075312,633,It's our company retreat. Budgets are tight.
4273,1572,5,19,104,128,1.2265625,0.04466471185388032,633,We identify as six-year-olds.
3885,1572,5,19,104,128,1.2265625,0.04466471185388032,633,"Your parents are correct, son.  I am the Senator and these are the Representatives elected to represent your family in Congress."
3490,1572,3,23,102,128,1.2265625,0.04181953482362248,633,"Tough, kid.  I'm in touch with my inner child and he says no 'cutsies'."
3272,1572,2,25,101,128,1.2265625,0.040321731073965326,633,This is why we climb the ladder
3147,1572,3,23,102,128,1.2265625,0.04181953482362248,633,"Yes I'm listening. Something about bullying. Look, can we talk about this after recess?"
3142,1572,3,23,102,128,1.2265625,0.04181953482362248,633,No we're not trying to steal your childhood and prematurely thrust you into the disenchanting condition known as adulthood.
1523,1572,4,21,103,128,1.2265625,0.04326551731953711,633,"Which sounds more modern, young fellow, “23 Skidoo!” or “Geronimo!”??"
2541,1572,5,19,104,128,1.2265625,0.04466471185388032,633,No lunch money? No Grownup slide.
720,1572,6,17,105,128,1.2265625,0.046021386127029565,633,"Sorry, kid, you have to be a virgin all the way through college to use this slide."
834,1572,5,19,104,128,1.2265625,0.04466471185388032,633,"Sorry, kid.  Baby Boomers have annexed the playground to the senior center next door."
1079,1572,4,21,103,128,1.2265625,0.04326551731953711,633,Back off! We work for the Federal Government and we need the down time.
3043,1572,4,21,103,128,1.2265625,0.04326551731953711,633,"Sorry, this is the mid-life crisis slide"
1425,1572,4,21,103,128,1.2265625,0.04326551731953711,633,"Next slide, please."
2391,1572,3,23,102,128,1.2265625,0.04181953482362248,633,"Sorry, not now son, I'm in a meeting."
1140,1572,4,21,103,128,1.2265625,0.04326551731953711,633,"One day we’ll all be dead, James."
1145,1587,4,20,100,124,1.2258064516129032,0.04411128084752649,633,"If you and your friend don't mind, the rest of the team will be here soon and we'll need the other slide too."
3095,1588,5,18,102,125,1.224,0.045243427610377675,633,Bart O’Kavanaugh in College
2791,1588,6,16,103,125,1.224,0.04664761515876241,633,Congress is back in session!
3086,1588,4,20,101,125,1.224,0.04379424030475889,633,We tried the corporate ladder.
3081,1588,5,18,102,125,1.224,0.045243427610377675,633,During the lunch this slide is Adults Only.
2963,1588,3,22,100,125,1.224,0.04229542795393436,633,This is for adults who never got to slide into home plate
2833,1588,6,16,103,125,1.224,0.04664761515876241,633,I’m for a two slide solution.
2827,1588,4,20,101,125,1.224,0.04379424030475889,633,Sorry kid—grandparents rule!
2775,1588,7,14,104,125,1.224,0.04801075148406361,633,"Thanks for all the hard work, son."
2714,1588,6,16,103,125,1.224,0.04664761515876241,633,It's called microdosing. You're too young to understand.
2765,1588,6,16,103,125,1.224,0.04664761515876241,633,"Sorry, Kid, but someday you'll get your chance to enjoy a 2nd childhood."
2718,1588,6,16,103,125,1.224,0.04664761515876241,633,"No, I'm not going to pay you $5 so we have a child accompanying us while we're in the playground."
3151,1588,7,14,104,125,1.224,0.04801075148406361,633,We have to test the enjoyment level of these before we release them to the public.
2691,1588,5,18,102,125,1.224,0.045243427610377675,633,"You don't know, kid? Adults are entitled to 12 minutes of fun per week."
2678,1588,3,22,100,125,1.224,0.04229542795393436,633,Only if you are a member of our Frequent Sliders' Club.
2624,1588,4,20,101,125,1.224,0.04379424030475889,633,"I've led a lot of hostile corporate takeovers, son, but this one was fun!"
2539,1588,6,16,103,125,1.224,0.04664761515876241,633,The days are long and the slide is short
2509,1588,2,24,99,125,1.224,0.04074151405804571,633,"Look, kid, you can have the slide after our mandatory employee fun day is over."
2503,1588,4,20,101,125,1.224,0.04379424030475889,633,The helicopter parents have landed.
2773,1588,5,18,102,125,1.224,0.045243427610377675,633,Do you pay taxes? Didn't think so. Scram kid.
3164,1588,5,18,102,125,1.224,0.045243427610377675,633,"Not now, kid. The grown-ups are increasing our neuroplasticity."
3515,1588,3,22,100,125,1.224,0.04229542795393436,633,"Sorry, you have to be at least 5'2'' for this ride!"
3226,1588,6,16,103,125,1.224,0.04664761515876241,633,Wait here.  I'll swing by in a minute to pick you up.
4139,1588,5,18,102,125,1.224,0.045243427610377675,633,"Look, kid, my day was stressful. Just let me go first."
4049,1588,6,16,103,125,1.224,0.04664761515876241,633,Aren’t you supposed to be looking out for me by the benches? I guess someone isn’t performing their duties as a child.
4024,1588,0,28,97,125,1.224,0.03744070581082712,633,It all started with Bring Your Child to Work Day.
3994,1588,3,22,100,125,1.224,0.04229542795393436,633,"Kid, this is one of the advantages of belonging to the FBI."
3978,1588,4,20,101,125,1.224,0.04379424030475889,633,It's Bring Your Work to Child Day.
3848,1588,6,16,103,125,1.224,0.04664761515876241,633,"No, you can't catch me at the bottom."
3823,1588,5,18,102,125,1.224,0.045243427610377675,633,"That's right kid, an executive order deregulating playgrounds."
3802,1588,3,22,100,125,1.224,0.04229542795393436,633,"You might find the step up too big, son."
3739,1588,6,16,103,125,1.224,0.04664761515876241,633,Adulting.
3681,1588,3,22,100,125,1.224,0.04229542795393436,633,The judge said we get a 30 minute recess this time!
3625,1588,2,24,99,125,1.224,0.04074151405804571,633,Can you kids go inside and play on a screen?
3583,1588,4,20,101,125,1.224,0.04379424030475889,633,We are loving our office’s new recess policy.
3565,1588,6,16,103,125,1.224,0.04664761515876241,633,Most of life's slippery slopes aren't fun!
2352,1588,4,20,101,125,1.224,0.04379424030475889,633,It’s like adult swim at the pool
4222,1588,5,18,102,125,1.224,0.045243427610377675,633,Can’t you see that this is the big kids slide?
3558,1588,2,24,99,125,1.224,0.04074151405804571,633,"someday,when you grow up,this will be all yours."
3537,1588,4,20,101,125,1.224,0.04379424030475889,633,You'll understand some day.  We're off the grid.
3322,1588,6,16,103,125,1.224,0.04664761515876241,633,I don't wanna go home....Can I go down the slide 2 more times?
3304,1588,3,22,100,125,1.224,0.04229542795393436,633,"Sorry, court’s in recess now"
3222,1588,4,20,101,125,1.224,0.04379424030475889,633,"In these uncertain times, we all must rise up...and slide down."
2337,1588,4,20,101,125,1.224,0.04379424030475889,633,"When Daddy and his friends on the White House resistance team are finished their fun time, that's when."
786,1588,6,16,103,125,1.224,0.04664761515876241,633,Wait your turn. It'll be about 50 years.
2303,1588,6,16,103,125,1.224,0.04664761515876241,633,These bring your parents to school days are really catching on.
1015,1588,6,16,103,125,1.224,0.04664761515876241,633,I like this take your parent to play day!
965,1588,3,22,100,125,1.224,0.04229542795393436,633,Don’t worry. We’re just having our  mid-lunch crisis.”
950,1588,7,14,104,125,1.224,0.04801075148406361,633,Your parents designed the enormous fat ass slide after repeatedly damaging the normal slide.
918,1588,2,24,99,125,1.224,0.04074151405804571,633,Daddy can’t play with you now because he has work to do
842,1588,3,22,100,125,1.224,0.04229542795393436,633,It's a metaphor for the stock market.
760,1588,4,20,101,125,1.224,0.04379424030475889,633,"We know it should have been done years ago, but it was still on our bucket lists."
759,1588,2,24,99,125,1.224,0.04074151405804571,633,Go play with your own species.
741,1588,4,20,101,125,1.224,0.04379424030475889,633,When you're older you'll understand.
1099,1588,4,20,101,125,1.224,0.04379424030475889,633,"Give us a sec, kid. We Gen Xers are finally having our big moment."
558,1588,2,24,99,125,1.224,0.04074151405804571,633,"Believe me, kid, we need it more than you do."
372,1588,3,22,100,125,1.224,0.04229542795393436,633,"When you’re ready for the big slide, you’ll know."
327,1588,5,18,102,125,1.224,0.045243427610377675,633,"Turns out, you millennial's didn't ruin everything."
281,1588,5,18,102,125,1.224,0.045243427610377675,633,"Sorry kid, this Five Step Program is only for adults!"
187,1588,5,18,102,125,1.224,0.045243427610377675,633,"You can get your turn when you earn it, you little parasite."
175,1588,6,16,103,125,1.224,0.04664761515876241,633,"The time has come to put on your big boy pants, kid."
130,1588,4,20,101,125,1.224,0.04379424030475889,633,You're never to old to play on a playground......ever.......
59,1588,3,22,100,125,1.224,0.04229542795393436,633,"I'm sorry son, but you have to be over 18 to ride this slide."
2330,1588,6,16,103,125,1.224,0.04664761515876241,633,Get lost kid.  This slide is for us adults!
441,1588,5,18,102,125,1.224,0.045243427610377675,633,"So kid, do you or don’t you like us just the way we are?"
1110,1588,7,14,104,125,1.224,0.04801075148406361,633,This is the corporate ladder kid.
576,1588,3,22,100,125,1.224,0.04229542795393436,633,My INNER child is telling you to get lost.
1258,1588,6,16,103,125,1.224,0.04664761515876241,633,It’s called mindfullness. Look it up.
2161,1588,4,20,101,125,1.224,0.04379424030475889,633,"Son, we're all loving take your parents to school day. Why do you look so mad?"
2147,1588,6,16,103,125,1.224,0.04664761515876241,633,It's called role modeling.
2119,1588,5,18,102,125,1.224,0.045243427610377675,633,Come back when you're ready to play in the big leagues.
2026,1588,1,26,98,125,1.224,0.039125933978339994,633,Its the best upper and downer for a mid-life-crisis
1955,1588,3,22,100,125,1.224,0.04229542795393436,633,We wouldn't be having fun if we weren't flaunting it.
1945,1588,3,22,100,125,1.224,0.04229542795393436,633,"Get used to it, kid.  Life has its ups and downs."
1894,1588,6,16,103,125,1.224,0.04664761515876241,633,"If you must know, it's February 29th."
1755,1588,2,24,99,125,1.224,0.04074151405804571,633,If you promise not to tell your mother I'll raise your allowance.
1724,1588,4,20,101,125,1.224,0.04379424030475889,633,You're trying to bully my inner child.
1256,1588,1,26,98,125,1.224,0.039125933978339994,633,"Not now, sweetie, it's daddy time."
1677,1588,5,18,102,125,1.224,0.045243427610377675,633,We paid for it and we're going to enjoy it.
1577,1588,3,22,100,125,1.224,0.04229542795393436,633,Second childhoods only on this one.
1544,1588,7,14,104,125,1.224,0.04801075148406361,633,"I don't know, kid.  He was either trying to draw Freddie Mercury or Magnum P.I."
1484,1588,4,20,101,125,1.224,0.04379424030475889,633,"Trust me kid, it doesn't get any better than this."
1458,1588,3,22,100,125,1.224,0.04229542795393436,633,"I went to 4 years of college, you're gonna have to wait your turn."
1442,1588,4,20,101,125,1.224,0.04379424030475889,633,Yours is a slide. Ours is a metaphor for my career path.
1426,1588,5,18,102,125,1.224,0.045243427610377675,633,"They cut the budget for our team-building retreat, but we're still important grown-ups--so scram!"
1335,1588,6,16,103,125,1.224,0.04664761515876241,633,I guess your parents never taught you about entitlement.
1270,1588,5,18,102,125,1.224,0.045243427610377675,633,"Trust me kid, you don't want to grow up to be just like me."
2182,1588,3,22,100,125,1.224,0.04229542795393436,633,"Sorry, Kiddo, this is the 'inner child' only slid"
744,1675,3,21,97,121,1.2231404958677685,0.04310216466249686,633,Dominance hierarchy? But i’m seven...
451,1676,6,16,104,126,1.2222222222222223,0.04631005086682023,633,You didn’t know it was national day off from being an adult?
2190,1677,5,16,99,120,1.2166666666666666,0.04611417649244208,633,Product Safety Division
3330,1677,4,18,98,120,1.2166666666666666,0.04456973469931287,633,"We’re here on a team-builder.  This exercise
helps us visualize our career arcs."
3243,1677,4,18,98,120,1.2166666666666666,0.04456973469931287,633,Warn the grown-ups that it is a slippery slope
3233,1677,4,18,98,120,1.2166666666666666,0.04456973469931287,633,Google puberty kid.
3144,1677,3,20,97,120,1.2166666666666666,0.042969817648649274,633,Teachers get recess too!
3090,1677,2,22,96,120,1.2166666666666666,0.041307979935470175,633,It's take your parent to play day.
3046,1677,3,20,97,120,1.2166666666666666,0.042969817648649274,633,"One day, this will all be yours, my son."
2992,1677,5,16,99,120,1.2166666666666666,0.04611417649244208,633,We’re preparing for retirement.
2905,1677,5,16,99,120,1.2166666666666666,0.04611417649244208,633,"Sorry kid, we never learned to let it slide."
2141,1677,2,22,96,120,1.2166666666666666,0.041307979935470175,633,"Yeah, sure ... but aren't YOU supposed to be at school?"
3351,1677,5,16,99,120,1.2166666666666666,0.04611417649244208,633,I'm training them about the stock market.
2837,1677,2,22,96,120,1.2166666666666666,0.041307979935470175,633,"Yes, son, life does have its ups and downs, but you have to learn to let it slide."
2666,1677,1,24,95,120,1.2166666666666666,0.03957642207097862,633,"Sorry son, you need your big-boy pants for this slide."
2606,1677,4,18,98,120,1.2166666666666666,0.04456973469931287,633,Adults should be heard and not seen
2589,1677,6,14,100,120,1.2166666666666666,0.047608542258559663,633,Midget Huh?  I'm gonna need to see some ID.
2502,1677,2,22,96,120,1.2166666666666666,0.041307979935470175,633,HR is making us do this as part of our anger management seminar
2427,1677,6,14,100,120,1.2166666666666666,0.047608542258559663,633,"Haven't you heard, kid? Forty is the new six."
2283,1677,1,24,95,120,1.2166666666666666,0.03957642207097862,633,The play slide is over there. This slide is reserved for catharsis.
2239,1677,3,20,97,120,1.2166666666666666,0.042969817648649274,633,"Relax, kid. It’s just til the midterms."
2850,1677,4,18,98,120,1.2166666666666666,0.04456973469931287,633,"Scram, kid ! We're from the Parks Commission. We're here to help."
3355,1677,4,18,98,120,1.2166666666666666,0.04456973469931287,633,We're living our truth.
4310,1677,4,18,98,120,1.2166666666666666,0.04456973469931287,633,We really needed to unwind after take-your-child-to-work day.
3464,1677,8,10,102,120,1.2166666666666666,0.05046469400286688,633,"Never get married, kid."
2114,1677,3,20,97,120,1.2166666666666666,0.042969817648649274,633,I raised you through kindergarten graduation - now this is my time.
4249,1677,3,20,97,120,1.2166666666666666,0.042969817648649274,633,"Yeah, well, aren't you supposed to be glued to a screen?"""
4177,1677,6,14,100,120,1.2166666666666666,0.047608542258559663,633,"Son, people don't stop playing because they get old; people get old because they stop playing."
4170,1677,1,24,95,120,1.2166666666666666,0.03957642207097862,633,Oh yeah? Then why don't you take it up with HR?
4319,1677,3,20,97,120,1.2166666666666666,0.042969817648649274,633,Just be thankful that we're not swingers.
4154,1677,3,20,97,120,1.2166666666666666,0.042969817648649274,633,You should see him on the merry-go-round.
4088,1677,4,18,98,120,1.2166666666666666,0.04456973469931287,633,"Trust us, kid — we need 'whee' more than you do."
3993,1677,2,22,96,120,1.2166666666666666,0.041307979935470175,633,Who knew take your parent to work day would be such a hit
3962,1677,4,18,98,120,1.2166666666666666,0.04456973469931287,633,"At this age, we take all we can get during the 15 minute breaks."
3405,1677,3,20,97,120,1.2166666666666666,0.042969817648649274,633,"Kid, we need this."
3938,1677,3,20,97,120,1.2166666666666666,0.042969817648649274,633,When you grow up you can play the stock market too.
3810,1677,4,18,98,120,1.2166666666666666,0.04456973469931287,633,Aren't you one of the kids here in a trenchcoat yesterday?
3754,1677,5,16,99,120,1.2166666666666666,0.04611417649244208,633,"Sorry kid, no time to talk, the judge said we only have a twenty minute recess."
3749,1677,5,16,99,120,1.2166666666666666,0.04611417649244208,633,"It’s like Bitcoin, except funner on the way down!"
3745,1677,3,20,97,120,1.2166666666666666,0.042969817648649274,633,"The only thing you gotta remember, son, is to yell ""WHEE"" at the top of your lungs."
3627,1677,5,16,99,120,1.2166666666666666,0.04611417649244208,633,"I knew you shouldn't have watched that stupid movie again dad!  This happens every time you see, 'Cocoon'."
3615,1677,4,18,98,120,1.2166666666666666,0.04456973469931287,633,Let's agree to disagree.
3611,1677,3,20,97,120,1.2166666666666666,0.042969817648649274,633,So when did they start Bring Your Parents To School Day?
3581,1677,2,22,96,120,1.2166666666666666,0.041307979935470175,633,"Sometimes you need to let everything slide and have some fun."""
3559,1677,3,20,97,120,1.2166666666666666,0.042969817648649274,633,"When you’re older, you’ll take over children’s games, trying to recover your happiness."
3902,1677,3,20,97,120,1.2166666666666666,0.042969817648649274,633,I thought I told you to get lost.  This is no place for kids.
2091,1677,1,24,95,120,1.2166666666666666,0.03957642207097862,633,"We didn’t get immigration reform, infrastructure improvements or health care, but we love the new slide!"
250,1677,3,20,97,120,1.2166666666666666,0.042969817648649274,633,I still don't think this will make it as a Summer Olympics event
2076,1677,5,16,99,120,1.2166666666666666,0.04611417649244208,633,I can't go until I make sure my parent company is watching!
1157,1677,3,20,97,120,1.2166666666666666,0.042969817648649274,633,"Isn't taking our living wage, affordable healthcare, manageable home prices, responsible government, and sustainable economy enough?! Now they take our recess?"
1112,1677,6,14,100,120,1.2166666666666666,0.047608542258559663,633,"You're gonna have to ask yourself Johnny, ""Is the climb worth the fall?"""
1034,1677,6,14,100,120,1.2166666666666666,0.047608542258559663,633,"Due to low participation numbers, last year's exercise programs are replaced with recess at the local elementary school.”
-Sincerely, H"
974,1677,3,20,97,120,1.2166666666666666,0.042969817648649274,633,"Well, I happen to think that you also are a butt-head. Now, I will thank you to please step back sir."
955,1677,3,20,97,120,1.2166666666666666,0.042969817648649274,633,"Haha, look what Michael Pollan is making us do!"
902,1677,5,16,99,120,1.2166666666666666,0.04611417649244208,633,"No, son, it only looks like a skirt, it's culottes."
885,1677,4,18,98,120,1.2166666666666666,0.04456973469931287,633,"Get over it, kid.  We're the one percent."
881,1677,4,18,98,120,1.2166666666666666,0.04456973469931287,633,Come here often?
750,1677,3,20,97,120,1.2166666666666666,0.042969817648649274,633,"Pictured Above: September 21st, 2021, the rampant spread of Benjamin Button disease"
693,1677,7,12,101,120,1.2166666666666666,0.04905740839459444,633,"Sorry kid, we're having a midlife recess."
622,1677,4,18,98,120,1.2166666666666666,0.04456973469931287,633,"Yes, we’re going off the grid."
482,1677,3,20,97,120,1.2166666666666666,0.042969817648649274,633,So maybe now you’ll know how we feel when you interrupt our classes.
454,1677,3,20,97,120,1.2166666666666666,0.042969817648649274,633,"Pay some taxes kid, then we'll talk."
257,1677,4,18,98,120,1.2166666666666666,0.04456973469931287,633,"Sorry, there's no app."
82,1677,4,18,98,120,1.2166666666666666,0.04456973469931287,633,"Sorry, but you need a college education before you can be a professional slide tester."
27,1677,4,18,98,120,1.2166666666666666,0.04456973469931287,633,The idea is to make it look fun so others will follow suit.
24,1677,3,20,97,120,1.2166666666666666,0.042969817648649274,633,"Just think, this could be you after two failed marriages, one bankruptcy and a case of the gout."
19,1677,5,16,99,120,1.2166666666666666,0.04611417649244208,633,I convinced your mother this is better than swinging.
2086,1677,4,18,98,120,1.2166666666666666,0.04456973469931287,633,"Sorry kid, this is for 55+ back-sliders."
1177,1677,2,22,96,120,1.2166666666666666,0.041307979935470175,633,"Kid, if you wait five minutes, my patients will be done with their regression slope therapy."
1193,1677,3,20,97,120,1.2166666666666666,0.042969817648649274,633,"By the time I get to the bottom, you better have your lunch money out."
582,1677,7,12,101,120,1.2166666666666666,0.04905740839459444,633,It’s not that fun if you do it from 9 to 5.
1435,1677,5,16,99,120,1.2166666666666666,0.04611417649244208,633,It’s Adult Day at the park
1232,1677,3,20,97,120,1.2166666666666666,0.042969817648649274,633,"Beat it, kid.  This is _our_ metaphor."
2073,1677,4,18,98,120,1.2166666666666666,0.04456973469931287,633,"Sorry, long pants only, the shorts need to use the other slide."
1994,1677,5,16,99,120,1.2166666666666666,0.04611417649244208,633,This slide is rated PG-13.
1985,1677,4,18,98,120,1.2166666666666666,0.04456973469931287,633,"Sorry, kid.  You have to be 44 inches tall to ride this one."
1983,1677,5,16,99,120,1.2166666666666666,0.04611417649244208,633,Is it true that SUI is as bad as DUI?
1914,1677,7,12,101,120,1.2166666666666666,0.04905740839459444,633,Capitalism is a lie.
1906,1677,3,20,97,120,1.2166666666666666,0.042969817648649274,633,It’s why we have children.
1863,1677,3,20,97,120,1.2166666666666666,0.042969817648649274,633,You can ride the big-boy slide when you get a job.
1820,1677,4,18,98,120,1.2166666666666666,0.04456973469931287,633,Piss off.
1978,1677,2,22,96,120,1.2166666666666666,0.041307979935470175,633,It's called free-range adulting. Get over it.
1775,1677,6,14,100,120,1.2166666666666666,0.047608542258559663,633,The research never said anything about paying attention to my actual child
1774,1677,2,22,96,120,1.2166666666666666,0.041307979935470175,633,The fun slide is over there. This is the slippery slope of life over here.
1751,1677,6,14,100,120,1.2166666666666666,0.047608542258559663,633,We're trying to recapture that prepubescent egocentricity that you take for granted.
1691,1677,2,22,96,120,1.2166666666666666,0.041307979935470175,633,It’s just a “fired” drill.
1631,1677,6,14,100,120,1.2166666666666666,0.047608542258559663,633,"Someday, you'll understand. .."
1569,1677,5,16,99,120,1.2166666666666666,0.04611417649244208,633,Proletariat expropriation.
1554,1677,3,20,97,120,1.2166666666666666,0.042969817648649274,633,"‘Sure, kid, all slides are equal, but some slides are more equal than others.’"
1480,1677,2,22,96,120,1.2166666666666666,0.041307979935470175,633,"I thought I told you, this one's the Corporate slide."
1798,1677,3,20,97,120,1.2166666666666666,0.042969817648649274,633,We were Toys-r-Us Kids.
1440,1677,7,12,101,120,1.2166666666666666,0.04905740839459444,633,"You'd better not, that's how Fred got his black eye."
3268,1767,4,17,95,116,1.2155172413793103,0.045495826592063866,633,Sorry short stuff.  Size matters.
3218,1767,4,17,95,116,1.2155172413793103,0.045495826592063866,633,"You see, as oldest children we didn't have time to do this at your age."
3160,1767,2,21,93,116,1.2155172413793103,0.042071607555840156,633,"Look, our new CEO is from Silicon Valley and she claims this will help us think like our customers."
3096,1767,4,17,95,116,1.2155172413793103,0.045495826592063866,633,"Hey, recess can be for teachers too"
3037,1767,5,15,96,116,1.2155172413793103,0.047114703382027195,633,We got rid of PowerPoints.
2574,1767,2,21,93,116,1.2155172413793103,0.042071607555840156,633,"Just two more times; then, we can leave."
2722,1767,3,19,94,116,1.2155172413793103,0.04381717927724109,633,"Listen, kid. You gotta wait 20 years like the rest of us before you can ride this slide."
2659,1767,4,17,95,116,1.2155172413793103,0.045495826592063866,633,"In this life, kid, there are many parallels."
2511,1767,6,13,97,116,1.2155172413793103,0.048679773132767,633,"I think you’re a bit young for the corporate ladder, son."
3270,1767,2,21,93,116,1.2155172413793103,0.042071607555840156,633,"Sorry, this slide is for corporate retreat use only."""
2424,1767,4,17,95,116,1.2155172413793103,0.045495826592063866,633,"Sorry, you must have a mid-life crisis to ride this slide."
2732,1767,4,17,95,116,1.2155172413793103,0.045495826592063866,633,We call it a life simulator.  You call it a slide.
3340,1767,5,15,96,116,1.2155172413793103,0.047114703382027195,633,GO SMOKE A PIPE
4129,1767,5,15,96,116,1.2155172413793103,0.047114703382027195,633,"Someday, you will understand the metaphorical implications of the Big Slide."
3546,1767,1,23,92,116,1.2155172413793103,0.04025040527561639,633,"When you grow up, you, too, can regress."
3612,1767,0,25,91,116,1.2155172413793103,0.03834279707285461,633,"Step aside, kid. We're professional sliders"
3743,1767,5,15,96,116,1.2155172413793103,0.047114703382027195,633,"Son, now you know why the executives crossed the road - to get to this other slide"
3765,1767,2,21,93,116,1.2155172413793103,0.042071607555840156,633,"We're from Congress. We have recess, too."
3800,1767,5,15,96,116,1.2155172413793103,0.047114703382027195,633,"We do ""kid"". You do ""adult"". Just like the gun debate."
3801,1767,2,21,93,116,1.2155172413793103,0.042071607555840156,633,Sorry. Ya gotta wait 50 years or so for your turn.
3968,1767,4,17,95,116,1.2155172413793103,0.045495826592063866,633,"You can get white male privilege when you're older."""
4010,1767,3,19,94,116,1.2155172413793103,0.04381717927724109,633,You can have a turn when you start pulling more weight around here.
4181,1767,3,19,94,116,1.2155172413793103,0.04381717927724109,633,Some times you just have to wait until she's ready
4244,1767,4,17,95,116,1.2155172413793103,0.045495826592063866,633,"Sorry kid, company earnings are sliding and so are the employees."
4245,1767,2,21,93,116,1.2155172413793103,0.042071607555840156,633,Trust me Johnny as a engineer I know more than you about a Slide rule.
2361,1767,3,19,94,116,1.2155172413793103,0.04381717927724109,633,"You've had your turn, now let Daddy have a chance."
3491,1767,4,17,95,116,1.2155172413793103,0.045495826592063866,633,"It's all about letting go,..."
2262,1767,4,17,95,116,1.2155172413793103,0.045495826592063866,633,"I’m Ernest Hemingway, kid. This slide tolls for me, not thee."
1491,1767,6,13,97,116,1.2155172413793103,0.048679773132767,633,"Don't ever take the points against the Steelers, kid."
2087,1767,3,19,94,116,1.2155172413793103,0.04381717927724109,633,"yes, Johnny, the slide is steeper when your older!"
56,1767,4,17,95,116,1.2155172413793103,0.045495826592063866,633,Ready to plummet twelve feet at three meters per second?
102,1767,5,15,96,116,1.2155172413793103,0.047114703382027195,633,"After paying school tuition for the kids, this is the only fun we can afford."
2164,1767,3,19,94,116,1.2155172413793103,0.04381717927724109,633,"Well, the rule is, you can only go down after you climb the Midlife Ladder, and you are not allowed to come back up again."
255,1767,2,21,93,116,1.2155172413793103,0.042071607555840156,633,Please just give us 5 more minutes and then we will go for ice cream.
324,1767,6,13,97,116,1.2155172413793103,0.048679773132767,633,"Son, you, not me, ended that sentence with a preposition."
411,1767,4,17,95,116,1.2155172413793103,0.045495826592063866,633,We’re working on our slides for today’s PowerPoint presentation.
596,1767,4,17,95,116,1.2155172413793103,0.045495826592063866,633,"No, because this one is a curvilinear metallic rapid re-entry conveyance."
666,1767,4,17,95,116,1.2155172413793103,0.045495826592063866,633,We tried the corporate ladder but they let a lot less slide.
757,1767,4,17,95,116,1.2155172413793103,0.045495826592063866,633,If you wanted to ride the slide you shouldn’t have gone public with that lemonade stand of yours.
806,1767,2,21,93,116,1.2155172413793103,0.042071607555840156,633,"We're applying for jobs at Google"""
852,1767,5,15,96,116,1.2155172413793103,0.047114703382027195,633,"‘Pay attention, you’re doing it all wrong."
927,1767,2,21,93,116,1.2155172413793103,0.042071607555840156,633,It's been widened and reinforced to support our ample backsides.
1057,1767,2,21,93,116,1.2155172413793103,0.042071607555840156,633,"Left hand on rung number three, left foot on rung number one, right hand on side rail and at all times, son keep your eyes pointed down."
238,1767,3,19,94,116,1.2155172413793103,0.04381717927724109,633,It's time we put our own needs first.
1142,1767,3,19,94,116,1.2155172413793103,0.04381717927724109,633,Just think of it as a metaphor for life
2041,1767,5,15,96,116,1.2155172413793103,0.047114703382027195,633,"Trust me, kid. Adulthood is not all it’s cracked up to be."
1966,1767,6,13,97,116,1.2155172413793103,0.048679773132767,633,White House staff only kid.
1959,1767,4,17,95,116,1.2155172413793103,0.045495826592063866,633,"It's a lifestyle, not a slide."
1888,1767,5,15,96,116,1.2155172413793103,0.047114703382027195,633,...and I suppose your tax money paid for the big slide.
1539,1767,2,21,93,116,1.2155172413793103,0.042071607555840156,633,"Sorry, kid, we're reclaiming our lost childhood"
1707,1767,2,21,93,116,1.2155172413793103,0.042071607555840156,633,"Trust me kid, it don't get any better"
1318,1767,4,17,95,116,1.2155172413793103,0.045495826592063866,633,"Yes, Joey, thirty years from now, your brand of therapy might look very different from ours."""
1215,1767,4,17,95,116,1.2155172413793103,0.045495826592063866,633,You'll understand in 40 years when you get laid off.
1198,1767,6,13,97,116,1.2155172413793103,0.048679773132767,633,Easy kid... age before beauty.
1514,1767,5,15,96,116,1.2155172413793103,0.047114703382027195,633,"If my calculations are correct, when this baby hits .88 miles per hour, you're going to see some serious shit."
1059,1767,1,23,92,116,1.2155172413793103,0.04025040527561639,633,Is this the corporate ladder I keep hearing about?
3877,1823,6,13,98,117,1.2136752136752136,0.04829705310673263,633,Just suck it up or go put on your big boy pants
2045,1823,3,19,95,117,1.2136752136752136,0.04348009532891287,633,Tommy couldn't wait until he was big enough to go down the grown-up slide.
4315,1823,5,15,97,117,1.2136752136752136,0.04674658407270865,633,"#UsThree means just that kid, don’t try your #MeTwo on us"
3766,1823,3,19,95,117,1.2136752136752136,0.04348009532891287,633,You have to be this tall to ride this one.
3738,1823,5,15,97,117,1.2136752136752136,0.04674658407270865,633,"Your mother said no, but I’ll let it slide."
2784,1823,4,17,96,117,1.2136752136752136,0.04514289430396643,633,"Sorry, kid, this is the Republican slide!"
1898,1823,4,17,96,117,1.2136752136752136,0.04514289430396643,633,"You have to wait your turn, Timmy. This is required OSHA training"
1710,1823,7,11,99,117,1.2136752136752136,0.04979927263647819,633,"When your parents vote for increased education funding, you can use the slide again. Meanwhile, go pound sand."
1600,1823,5,15,97,117,1.2136752136752136,0.04674658407270865,633,You won’t hear your father screaming “Weeeeee!’ That’s just not me!
1553,1823,3,19,95,117,1.2136752136752136,0.04348009532891287,633,It brings back memories.
922,1823,3,19,95,117,1.2136752136752136,0.04348009532891287,633,"This one's only for inner children, kid."
1796,1823,4,17,96,117,1.2136752136752136,0.04514289430396643,633,Your mother and I had to settle for sliding-scale therapy.
3175,1835,2,20,91,113,1.2123893805309736,0.04253972530566686,633,Go pick on some first graders.
1348,1836,1,19,79,99,1.2121212121212122,0.04372080059897002,633,"When you pay taxes, you can go first."
2959,1837,5,15,99,119,1.2100840336134453,0.04602710567270303,633,We're on a time out.
3016,1837,4,17,98,119,1.2100840336134453,0.04445294819591745,633,"You have to be tall enough to vote to take this ride, kiddo"
3035,1837,3,19,97,119,1.2100840336134453,0.0428209615727119,633,"Sorry kid, our lunch break is only half an hour."
3110,1837,3,19,97,119,1.2100840336134453,0.0428209615727119,633,"To each, according to his height."
3937,1837,5,15,99,119,1.2100840336134453,0.04602710567270303,633,Hey age is just a  number.  This slide is for people who have land lines.
3375,1837,5,15,99,119,1.2100840336134453,0.04602710567270303,633,Why don’t you go play the market?
3588,1837,4,17,98,119,1.2100840336134453,0.04445294819591745,633,It's called work-slide-balance. You should look it up some time!
4166,1837,4,17,98,119,1.2100840336134453,0.04445294819591745,633,Your fun time is over. Now YOU can pay the bills for once.
2904,1837,3,19,97,119,1.2100840336134453,0.0428209615727119,633,"And as the tree looked on, he wept, for his roots assured that it would never be his turn."
3206,1837,4,17,98,119,1.2100840336134453,0.04445294819591745,633,Welcome to Wall Street!
2637,1837,3,19,97,119,1.2100840336134453,0.0428209615727119,633,"Oh ya, my dad can beat up your dad."
2689,1837,3,19,97,119,1.2100840336134453,0.0428209615727119,633,The market just crashed. Now there's nothing to do but slide.
2602,1837,5,15,99,119,1.2100840336134453,0.04602710567270303,633,"Listen, kid. We’ve all got problems."
292,1837,3,19,97,119,1.2100840336134453,0.0428209615727119,633,No son. You can't have an inner child.
523,1837,3,19,97,119,1.2100840336134453,0.0428209615727119,633,When you grow up you'll understand
695,1837,3,19,97,119,1.2100840336134453,0.0428209615727119,633,Because we’ve already screwed up Facebook.
1001,1837,5,15,99,119,1.2100840336134453,0.04602710567270303,633,You can go on the corporate ladder--we're done.
183,1837,3,19,97,119,1.2100840336134453,0.0428209615727119,633,This is for when you grow into your immaturity.
2060,1837,5,15,99,119,1.2100840336134453,0.04602710567270303,633,"This one is for US Citizens, only."
2142,1837,4,17,98,119,1.2100840336134453,0.04445294819591745,633,"Back off, little man. No short pants on this slide."
2264,1837,3,19,97,119,1.2100840336134453,0.0428209615727119,633,It'll be fun. We'll go first and show you how.
2396,1837,4,17,98,119,1.2100840336134453,0.04445294819591745,633,"Scram, Ambition's not a slide for kids."
1185,1837,4,17,98,119,1.2100840336134453,0.04445294819591745,633,"""Your generation failed us. Adults rule."""
1795,1860,4,15,91,110,1.209090909090909,0.046737523336702363,633,I'll shout 'Bombs Away' if I want to.
3204,1861,4,16,95,115,1.208695652173913,0.045374368134300666,633,...And that's how Congress works.
2753,1861,3,18,94,115,1.208695652173913,0.043660943442513006,633,"When your inner child emerges, then it will be your turn."
2804,1861,5,14,96,115,1.208695652173913,0.04702540361213032,633,Working in an office park sure does beat the concrete jungle.
2805,1861,4,16,95,115,1.208695652173913,0.045374368134300666,633,"Don't worry, son.  You're never too old to act your age."
2855,1861,4,16,95,115,1.208695652173913,0.045374368134300666,633,"Don't play politics with me kid, I'm a way bigger baby than you."
2934,1861,2,20,93,115,1.208695652173913,0.041877472237392736,633,"Get in line, kid. I’m honoring my inner child and he’s a bully."
2966,1861,3,18,94,115,1.208695652173913,0.043660943442513006,633,It's throw-back Thursday!
2973,1861,4,16,95,115,1.208695652173913,0.045374368134300666,633,"Sorry Jeremy, the slide rule is clear: hands-free is not for children."
3200,1861,4,16,95,115,1.208695652173913,0.045374368134300666,633,"Sorry, kid. Give it a decade and a couple of burgers and you’ll be up here too."
3228,1861,5,14,96,115,1.208695652173913,0.04702540361213032,633,"Our lunch break is only 15 minutes, so back up."
3750,1861,7,10,98,115,1.208695652173913,0.05016472054618863,633,How to succeed in business without really sliding
3392,1861,6,12,97,115,1.208695652173913,0.04862040606762226,633,"Yes, this is how Monday-Friday will always feel."
3592,1861,5,14,96,115,1.208695652173913,0.04702540361213032,633,"Hey kid, this slide is for grownups. It's coated with Preparation-H."
3610,1861,4,16,95,115,1.208695652173913,0.045374368134300666,633,Company employees only.
3616,1861,3,18,94,115,1.208695652173913,0.043660943442513006,633,"sorry millennials, you don't have enough experience to climb this entry level career ladder"
2692,1861,6,12,97,115,1.208695652173913,0.04862040606762226,633,It's a Carl Reiner workshop.
3856,1861,6,12,97,115,1.208695652173913,0.04862040606762226,633,"Listen kid, this is the adult slide!"
4034,1861,2,20,93,115,1.208695652173913,0.041877472237392736,633,"You had ten minutes to scarf down lunch, and you get one trip down the slide. Then back to making America great."
4161,1861,2,20,93,115,1.208695652173913,0.041877472237392736,633,"Son, I can see she looks a little on edge, but PLEASE don't ask her if it's that time of month."
4251,1861,2,20,93,115,1.208695652173913,0.041877472237392736,633,You'll have to wait by the children's slide 'til the end of adult swing.
4298,1861,5,14,96,115,1.208695652173913,0.04702540361213032,633,"Sorry son, the rules are just too complicated to explain to a child."
3339,1861,2,20,93,115,1.208695652173913,0.041877472237392736,633,"No Billy, I'm not retired, we got laid off."
2469,1861,3,18,94,115,1.208695652173913,0.043660943442513006,633,It's part of our employee wellness plan. Get used to it.
3294,1861,5,14,96,115,1.208695652173913,0.04702540361213032,633,"By the time you're old enough for this one, we'll have privatized it."
2165,1861,5,14,96,115,1.208695652173913,0.04702540361213032,633,it's never too late to have a third childhood!
207,1861,6,12,97,115,1.208695652173913,0.04862040606762226,633,"Don't judge us, kid.  Baby boomers feel entitled by their very nature."
356,1861,5,14,96,115,1.208695652173913,0.04702540361213032,633,You do it for fun. We do it for mindfulness stress therapy.
408,1861,4,16,95,115,1.208695652173913,0.045374368134300666,633,Playing hooky never gets old!
455,1861,2,20,93,115,1.208695652173913,0.041877472237392736,633,"Don't look at us, the minimum age is four"
456,1861,6,12,97,115,1.208695652173913,0.04862040606762226,633,It’s because our family has recessive genes.
508,1861,4,16,95,115,1.208695652173913,0.045374368134300666,633,Because every day is kids day.
627,1861,4,16,95,115,1.208695652173913,0.045374368134300666,633,"It’s not always about you kids, Scram."
833,1861,5,14,96,115,1.208695652173913,0.04702540361213032,633,Sorry kid but this is an inner-child emergency.
960,1861,9,6,100,115,1.208695652173913,0.05311882707732391,633,"yeh, like HR is going to believe that i cut in line"
2213,1861,6,12,97,115,1.208695652173913,0.04862040606762226,633,I haven’t had this much fun since I was your age!
1024,1861,4,16,95,115,1.208695652173913,0.045374368134300666,633,"Taking a cue from the community pool, main street park offers fifteen minutes of adult play."
1004,1861,5,14,96,115,1.208695652173913,0.04702540361213032,633,"Wait your turn,you entitled little snot."
1654,1861,2,20,93,115,1.208695652173913,0.041877472237392736,633,No way Jose
1120,1861,4,16,95,115,1.208695652173913,0.045374368134300666,633,"Beat it, kid. This is a business park."""
1525,1861,4,16,95,115,1.208695652173913,0.045374368134300666,633,This slide is rated PG-13 for language and alcohol/drug use.
1598,1861,3,18,94,115,1.208695652173913,0.043660943442513006,633,"I'm gonna have to see your C.V., kid."
1615,1861,5,14,96,115,1.208695652173913,0.04702540361213032,633,"Don't just stand there, get the sandbox ready for us!"
1731,1861,3,18,94,115,1.208695652173913,0.043660943442513006,633,"You'll understand this when your older.  We're trying to rediscover our ""inner child."
1744,1861,4,16,95,115,1.208695652173913,0.045374368134300666,633,Hey- no kids on the playground on Teacher Tuesday!
1852,1861,2,20,93,115,1.208695652173913,0.041877472237392736,633,Don't tell the principal.
1991,1861,5,14,96,115,1.208695652173913,0.04702540361213032,633,"Stick to your age-appropriate slide, kid."
1878,1861,4,16,95,115,1.208695652173913,0.045374368134300666,633,There is a dress code for this slide.
2493,1908,5,14,97,116,1.206896551724138,0.04665295229583647,633,"Life's short, kid. Make the most of it."
3591,1908,3,18,95,116,1.206896551724138,0.043320294123598405,633,"Sorry, kid. You have to be at least 40 years old and suffer from crippling nostalgia to use the adult slike."
2759,1908,3,18,95,116,1.206896551724138,0.043320294123598405,633,Gentlemen are asked to wear ties.
2643,1908,2,20,94,116,1.206896551724138,0.041553854760705604,633,Come back when you have a mortgage kid
3835,1908,4,16,96,116,1.206896551724138,0.04501747350125653,633,"no,we don't believe in that sharing stuff"
1854,1908,3,18,95,116,1.206896551724138,0.043320294123598405,633,Your existential angst must be this high to ride.
1395,1908,4,16,96,116,1.206896551724138,0.04501747350125653,633,We decided this was better than the metaphor
623,1908,3,18,95,116,1.206896551724138,0.043320294123598405,633,Hi kid who said that life is fair.
342,1908,5,14,97,116,1.206896551724138,0.04665295229583647,633,Corporate slashed the budget for this year's retreat.
2036,1908,3,18,95,116,1.206896551724138,0.043320294123598405,633,Today is Take Your Parent to School Day. You're going to have to wait your turn.
1664,1918,4,15,93,112,1.2053571428571428,0.04597435224702924,633,"Sorry kid, this is business class."
1891,1918,1,21,90,112,1.2053571428571428,0.040385833926123646,633,"It's been a rough day at the office, that's why..."
2054,1918,2,19,91,112,1.2053571428571428,0.04233073047779356,633,This is for people with Extended  Childhood Disorder.
2116,1918,4,15,93,112,1.2053571428571428,0.04597435224702924,633,"Don't be afraid, just listen to your inner child."
2410,1918,2,19,91,112,1.2053571428571428,0.04233073047779356,633,"One day, Bobby. When you’re older."
2462,1918,3,17,92,112,1.2053571428571428,0.044190110926074416,633,You think you can slide with the big boys?
2477,1918,4,15,93,112,1.2053571428571428,0.04597435224702924,633,"No more of this ""all dressed up and nowhere to go"" jazz."
2529,1918,4,15,93,112,1.2053571428571428,0.04597435224702924,633,We called dibs on the big-kid slide.
2578,1918,2,19,91,112,1.2053571428571428,0.04233073047779356,633,"Just watch us, Mitch. You'll learn how to let things slide."
2848,1918,3,17,92,112,1.2053571428571428,0.044190110926074416,633,"Excuse me sir, if I ride this slide do I have to pay taxes and pack my own lunch?"
2862,1918,4,15,93,112,1.2053571428571428,0.04597435224702924,633,"Sorry, kid. Its been a tough news week for adults."
3030,1918,3,17,92,112,1.2053571428571428,0.044190110926074416,633,"And stay out of the big sandbox, too."
3215,1918,4,15,93,112,1.2053571428571428,0.04597435224702924,633,My firm owns this slide.
3301,1918,4,15,93,112,1.2053571428571428,0.04597435224702924,633,We're from Barcelona. You?
3302,1918,6,11,95,112,1.2053571428571428,0.04934968476377782,633,Go slide down your own slide.
3324,1918,6,11,95,112,1.2053571428571428,0.04934968476377782,633,"Yeah, they're my Senate staffers."
3349,1918,5,13,94,112,1.2053571428571428,0.047691888465535556,633,Beat it.
3415,1918,4,15,93,112,1.2053571428571428,0.04597435224702924,633,We’re on the research panel to legalize marijuana
3447,1918,5,13,94,112,1.2053571428571428,0.047691888465535556,633,Uncle Arthur is curing a case of hiccups.
3525,1918,4,15,93,112,1.2053571428571428,0.04597435224702924,633,There’s always a bully in every park.
3847,1918,4,15,93,112,1.2053571428571428,0.04597435224702924,633,"I told you to never come here during school hours.
This time, I’ll let it slide, but not a word to anyone!!"
3854,1918,4,15,93,112,1.2053571428571428,0.04597435224702924,633,Figure out your own team building exercise.
3966,1918,3,17,92,112,1.2053571428571428,0.044190110926074416,633,"But we're not done yet.  And besides, we have no homework."
1642,1918,4,15,93,112,1.2053571428571428,0.04597435224702924,633,This is the adult slide. Go play on the children's.
4025,1918,3,17,92,112,1.2053571428571428,0.044190110926074416,633,Well you’ll just have to channel your inner adult and wait.”
4124,1918,2,19,91,112,1.2053571428571428,0.04233073047779356,633,You wouldn't want your teachers to start smoking again would you?
1606,1918,5,13,94,112,1.2053571428571428,0.047691888465535556,633,"Jesus Jimmy, I can't do everything for you."
4150,1918,3,17,92,112,1.2053571428571428,0.044190110926074416,633,Act your age young man!
1564,1918,1,21,90,112,1.2053571428571428,0.040385833926123646,633,Court's in recess kid. Wait your turn.
4336,1918,3,17,92,112,1.2053571428571428,0.044190110926074416,633,"Yes, we are the slide inspectors you were expecting. No, we don’t get any joy from it. The smile is only to make sure conditions are equal."
99,1918,5,13,94,112,1.2053571428571428,0.047691888465535556,633,This is our revenge for you kids ruining vaping.
117,1918,3,17,92,112,1.2053571428571428,0.044190110926074416,633,"Her name is Susie, and we found her playground."
254,1918,5,13,94,112,1.2053571428571428,0.047691888465535556,633,It beats smoking
285,1918,2,19,91,112,1.2053571428571428,0.04233073047779356,633,You'll understand when you're forty. Or fifty.
406,1918,3,17,92,112,1.2053571428571428,0.044190110926074416,633,"Well, Simon, you can go first when it's your second childhood."
418,1918,1,21,90,112,1.2053571428571428,0.040385833926123646,633,Don't worry son. It didn't crash. It was only a slow market day.
434,1918,5,13,94,112,1.2053571428571428,0.047691888465535556,633,Give me a quarter and I'll let you on ahead of me.
551,1918,9,5,98,112,1.2053571428571428,0.05401867148412414,633,"Daddy's having fun, and he's bigger than you, so why don't you go fuck yourself?"
579,1918,2,19,91,112,1.2053571428571428,0.04233073047779356,633,Sometimes daddies and mommies need a temporary emotional rush so they can go back to caring for you.
581,1918,5,13,94,112,1.2053571428571428,0.047691888465535556,633,Aren't you a little young to need play therapy?
595,1918,2,19,91,112,1.2053571428571428,0.04233073047779356,633,He likes to get a few in between tweets.
1583,1918,4,15,93,112,1.2053571428571428,0.04597435224702924,633,This playground needs to be in the backyard of the White House.
655,1918,1,21,90,112,1.2053571428571428,0.040385833926123646,633,"Well it doesn't have quite the same rush as today's bull market, but it's something..."
944,1918,4,15,93,112,1.2053571428571428,0.04597435224702924,633,It's adult entertainment!
962,1918,3,17,92,112,1.2053571428571428,0.044190110926074416,633,Take your parent to work day.
972,1918,2,19,91,112,1.2053571428571428,0.04233073047779356,633,"Never give up on your dreams, kid. And right now, my dream is to go down this slide before you do."
1078,1918,2,19,91,112,1.2053571428571428,0.04233073047779356,633,Is this still what you want to be when you grow up?
1097,1918,6,11,95,112,1.2053571428571428,0.04934968476377782,633,"Sorry, but this is the adults only slide."
1152,1918,3,17,92,112,1.2053571428571428,0.044190110926074416,633,This is the 'kids who never grew up slide.' Yours is over there.
1252,1918,2,19,91,112,1.2053571428571428,0.04233073047779356,633,We are in a retraining program.
1316,1918,6,11,95,112,1.2053571428571428,0.04934968476377782,633,"I know I just told you not to, but check out this sick head first slide."
1493,1918,6,11,95,112,1.2053571428571428,0.04934968476377782,633,"Sorry, kid, this one's strictly pay-to-play."
1513,1918,5,13,94,112,1.2053571428571428,0.047691888465535556,633,No! We’re the entitled generation.
1548,1918,1,21,90,112,1.2053571428571428,0.040385833926123646,633,It’s the slippery slide to ....
1563,1918,6,11,95,112,1.2053571428571428,0.04934968476377782,633,"Out of my way kid, the Courts in recess"
774,1918,1,21,90,112,1.2053571428571428,0.040385833926123646,633,"It’s been a long day son , Daddy needs this more than you."
4183,1918,7,9,96,112,1.2053571428571428,0.05095357246709405,633,How do you organize an average play date?
1572,1975,4,15,94,113,1.2035398230088497,0.04560190938547957,633,They only give us 15 minutes for lunch so it isn't cutting.
1848,1976,3,15,86,104,1.2019230769230769,0.04609429503917236,633,Who needs wage increases when you have benefits like these!
1061,1977,2,19,93,114,1.2017543859649122,0.041662070036289175,633,Because it's the only thing we understand anymore.
2291,1978,1,20,89,110,1.2,0.04043136875805354,633,Sorry kid.  Business casual only.
2474,1978,3,16,91,110,1.2,0.0443656051737758,633,no worries - the hunchback at the top is quite harmless.  cheerio!
2505,1978,3,16,91,110,1.2,0.0443656051737758,633,"Sorry, you need a therapist's note for this one."
2547,1978,4,14,92,110,1.2,0.046207278580632616,633,"Sorry kid, this board is only for adults who have declared bankruptcy at least twice."
2566,1978,3,16,91,110,1.2,0.0443656051737758,633,We are practicing the back slide on our campaign promises.
2627,1978,4,14,92,110,1.2,0.046207278580632616,633,"Sorry, kiddo, height restriction is 44"" in this one."
2743,1978,4,14,92,110,1.2,0.046207278580632616,633,Because my office windows are locked.
2758,1978,2,18,90,110,1.2,0.04244409559694416,633,"We call it the “whee machine,” but it’s really more about us."
2912,1978,5,12,93,110,1.2,0.047978310362298264,633,It’s either this or the Empire State Building.
2931,1978,5,12,93,110,1.2,0.047978310362298264,633,"Sorry, kid, but we’re practicing for the slide in the market!"
3170,1978,5,12,93,110,1.2,0.047978310362298264,633,Use your own slide son.
3205,1978,3,16,91,110,1.2,0.0443656051737758,633,"Before you grow up, be sure to learn that life is just a slippery slope"
3207,1978,4,14,92,110,1.2,0.046207278580632616,633,"This is the 58th time I've done this, and it always ends downhill."
3281,1978,3,16,91,110,1.2,0.0443656051737758,633,"Won’t be long son, witness protection program rules say we get priority"
2250,1978,4,14,92,110,1.2,0.046207278580632616,633,Try stomping on the daddy doll when you go to play therapy.
3296,1978,2,18,90,110,1.2,0.04244409559694416,633,"Like life, the path going up is clogged and slippery once you've arrived."
3630,1978,0,22,88,110,1.2,0.03831305140884605,633,Corporate team building has to start somewhere.
3706,1978,2,18,90,110,1.2,0.04244409559694416,633,"When I grow up, I want to be just like you."
3721,1978,4,14,92,110,1.2,0.046207278580632616,633,You see kid! This is how you climb up the corporate ladder!
3746,1978,4,14,92,110,1.2,0.046207278580632616,633,"So sorry to hear that, Jimmy, but that bell you just heard means I'm off the clock now."
3807,1978,4,14,92,110,1.2,0.046207278580632616,633,"That's right, kid, once a toy always a toy...they just get bigger."
3852,1978,3,16,91,110,1.2,0.0443656051737758,633,This playground wouldn’t even be here if not for our community benefits agreement.
3961,1978,1,20,89,110,1.2,0.04043136875805354,633,"Welcome to the business world son, you never get to go down the fun slide."
4032,1978,3,16,91,110,1.2,0.0443656051737758,633,"Well, yes, I am sort of an organ-grinder. I’m a surgeon."
4101,1978,3,16,91,110,1.2,0.0443656051737758,633,You're just going to have to wait. This year's team-building budget has really been slashed.
4208,1978,5,12,93,110,1.2,0.047978310362298264,633,"Your mother and I are getting separated, I'll tell you more about it later."
1716,1978,2,17,86,105,1.2,0.04364357804719849,633,Some day you too may make it to the top.
3271,1978,0,21,84,105,1.2,0.03922322702763682,633,Beat it Bobby I was in line first
900,1978,3,15,87,105,1.2,0.04569367667316878,633,"No, I do not believe this contributes to global warming."
2416,1978,1,20,89,110,1.2,0.04043136875805354,633,"Didn't you read the sign mister, no middle age crises allowed."
3318,1978,4,14,92,110,1.2,0.046207278580632616,633,"This is an amusement part. Look, your brother is amused!"
2175,1978,3,16,91,110,1.2,0.0443656051737758,633,"Something to look forward to, son. The one second free fall."
3445,1978,3,16,91,110,1.2,0.0443656051737758,633,"Can you see the difference?  For you, its fun.  For us, its stress relief."
1799,1978,3,16,91,110,1.2,0.0443656051737758,633,"When I get off this slide, I'm going to kill you and eat you."
2174,1978,1,19,85,105,1.2,0.0414923091863025,633,You’ve heard about life’s swings and roundabouts? Their out of operation today...
2092,1978,4,14,92,110,1.2,0.046207278580632616,633,Do you have photo ID?
87,1978,3,16,91,110,1.2,0.0443656051737758,633,It’s down hill either way...
186,1978,3,16,91,110,1.2,0.0443656051737758,633,"Work hard, play hard, son!"
223,1978,2,18,90,110,1.2,0.04244409559694416,633,"Hit the road, kid...this playground is a Child Free Zone!"
302,1978,5,12,93,110,1.2,0.047978310362298264,633,We're gone as soon as corporate approves the adult slip and slide.
368,1978,1,20,89,110,1.2,0.04043136875805354,633,Don't you just love us at this age?
437,1978,6,10,94,110,1.2,0.04968625500693169,633,I don't remember seeing you paying taxes.
546,1978,4,14,92,110,1.2,0.046207278580632616,633,"Sorry kid, we were forced to choose a non-drinking activity at work."
612,1978,6,10,94,110,1.2,0.04968625500693169,633,"Sorry, son, but there is a $10,000 minimum investment to play on the big kid slide."
747,1978,5,12,93,110,1.2,0.047978310362298264,633,ima go down butt-ass naked and just wait til you see the damn skid marks i leave
777,1978,3,16,91,110,1.2,0.0443656051737758,633,Put on your big boy pants and get ready for the ride of your life!
782,1978,2,18,90,110,1.2,0.04244409559694416,633,Mueller lets him have this board once a week.
792,1978,3,16,91,110,1.2,0.0443656051737758,633,This slide is R rated
831,1978,3,16,91,110,1.2,0.0443656051737758,633,This slide is for big kids only.
398,1978,5,12,93,110,1.2,0.047978310362298264,633,"We just need some adult time"""
1235,1978,2,18,90,110,1.2,0.04244409559694416,633,You have to wait until you grow up. This kind of fun is for big people.
908,1978,3,16,91,110,1.2,0.0443656051737758,633,Would you rather we relive it through you?
1665,1978,3,16,91,110,1.2,0.0443656051737758,633,"This is the slippery slope for pros, kid. You need to start next door."
1517,1978,3,16,91,110,1.2,0.0443656051737758,633,"We, the jury, are in recess."
1461,1978,5,12,93,110,1.2,0.047978310362298264,633,"Take your depression meds while they're free, son."
1376,1978,2,18,90,110,1.2,0.04244409559694416,633,Internships start next quarter.
1711,1978,1,20,89,110,1.2,0.04043136875805354,633,"It's all a big farce, once you reach the top it's straight downhill from there."
1753,1978,3,16,91,110,1.2,0.0443656051737758,633,"Could be a good twenty-minutes kid, looks like he's wedgied himself in there pretty good again."
1210,1978,4,14,92,110,1.2,0.046207278580632616,633,Ever heard of vertical integration?
1197,1978,3,16,91,110,1.2,0.0443656051737758,633,Your mother and I are on separate slides.
1133,1978,4,14,92,110,1.2,0.046207278580632616,633,"You may very well play the trombone,but you cannot slide here!"
1129,1978,4,14,92,110,1.2,0.046207278580632616,633,"Years from now, I want you to be able to say, ""Everybody did it."""
1088,1978,4,14,92,110,1.2,0.046207278580632616,633,Why do you think only kids should have this much fun?
949,1978,4,14,92,110,1.2,0.046207278580632616,633,"4 years of college, an MBA and then you get a text saying team building in 15 minutes, that's why."
1223,1978,1,20,89,110,1.2,0.04043136875805354,633,"Now had you worn a tie like I suggested, you would be able to enjoy the slide, too."
2596,2043,2,17,87,106,1.1981132075471699,0.04327104097035949,633,Capitalism be like
737,2043,4,13,89,106,1.1981132075471699,0.04724163444772896,633,Don’t make me kick you in the face again. I’ll do it.
3244,2045,4,13,90,107,1.1962616822429906,0.046834653903772186,633,It's great they installed this playground for members of congress.
3358,2045,2,17,88,107,1.1962616822429906,0.042904700439180404,633,We're a therapeutic study group sampling new methodologies for dealing with the psychological effects of the next economic crash.
2738,2045,1,19,87,107,1.1962616822429906,0.04079800946762782,633,psychologist recommended getting in touch with my inner child
3236,2045,3,15,89,107,1.1962616822429906,0.044912682652352945,633,Hey kid aren't you supposed to be in school.
3516,2045,4,13,90,107,1.1962616822429906,0.046834653903772186,633,Adult play things
3406,2045,2,17,88,107,1.1962616822429906,0.042904700439180404,633,"At first I was afraid, I was petrified... then I solved my mid-life crisis down the slide."
3192,2045,2,17,88,107,1.1962616822429906,0.042904700439180404,633,"Independent doesn't work here, kid.  You have to pick either the Republican slide or the Democrat slide."
2811,2045,2,17,88,107,1.1962616822429906,0.042904700439180404,633,"'Next'? Not while I still breathe, Millennial!"
3084,2045,2,17,88,107,1.1962616822429906,0.042904700439180404,633,"No way, kid.  Get a mortgage, a wife that spends more than you make, two kids in college and one with orthodontia issues and THEN you can play on the big boys' slide."
3026,2045,4,13,90,107,1.1962616822429906,0.046834653903772186,633,"Out of my way, kid. I'll wreck you."
3014,2045,5,11,91,107,1.1962616822429906,0.04868080267971432,633,This is the emotionally stunted slide.
2983,2045,3,15,89,107,1.1962616822429906,0.044912682652352945,633,"We go high, you go low!"
2838,2045,2,17,88,107,1.1962616822429906,0.042904700439180404,633,It's all downhill for you from here.
2815,2045,2,17,88,107,1.1962616822429906,0.042904700439180404,633,"This is the Premium slide, that’s why."
3526,2045,1,19,87,107,1.1962616822429906,0.04079800946762782,633,"As a seasoned veteran, I can assure you it is the only downward slide that will put a smile on your face."
3177,2045,3,15,89,107,1.1962616822429906,0.044912682652352945,633,"Google was right, slides at the work place IS a great idea!"
3543,2045,1,19,87,107,1.1962616822429906,0.04079800946762782,633,You have to have student loans to be on this side!
4289,2045,2,17,88,107,1.1962616822429906,0.042904700439180404,633,"You didn't see ME trying to sit at the kids table at Thanksgiving, did you?"
3584,2045,6,9,92,107,1.1962616822429906,0.05045945196686582,633,"Buzz off kid, you have to work hard to play hard."
2615,2045,1,19,87,107,1.1962616822429906,0.04079800946762782,633,There was a thirty minute recess in the case.
4330,2045,4,13,90,107,1.1962616822429906,0.046834653903772186,633,"Remember Jimmy, climbing the corporate ladder starts here."
4217,2045,5,11,91,107,1.1962616822429906,0.04868080267971432,633,We’re not entitled—we’re Boomers!
4211,2045,2,17,88,107,1.1962616822429906,0.042904700439180404,633,At least your parents aren’t swingers
4172,2045,3,15,89,107,1.1962616822429906,0.044912682652352945,633,It’s career training
4104,2045,1,19,87,107,1.1962616822429906,0.04079800946762782,633,We're practicing for the coming economic slide
3943,2045,1,19,87,107,1.1962616822429906,0.04079800946762782,633,Just one more and then we can play tag!
3936,2045,3,15,89,107,1.1962616822429906,0.044912682652352945,633,It’s not as fun as it seems
3903,2045,2,17,88,107,1.1962616822429906,0.042904700439180404,633,Children are not the future.
3886,2045,3,15,89,107,1.1962616822429906,0.044912682652352945,633,Trust me.  When you’re an adult and follow politics you’ll understand why we need more fun than you do.
3809,2045,1,19,87,107,1.1962616822429906,0.04079800946762782,633,"You can play on the kid's slide, this one is for grown ups."
3747,2045,5,11,91,107,1.1962616822429906,0.04868080267971432,633,"When you're done feeling more creative, can we have our slide back?"
3716,2045,3,15,89,107,1.1962616822429906,0.044912682652352945,633,This weeks assignment was a visual representation of our sales.
3704,2045,3,15,89,107,1.1962616822429906,0.044912682652352945,633,About ten more minutes here and then some time on swings and merry-go-round. Why?
3693,2045,5,11,91,107,1.1962616822429906,0.04868080267971432,633,We're enjoying life before it all goes down
3578,2045,2,17,88,107,1.1962616822429906,0.042904700439180404,633,"You don't meet the minimum blood pressure, kid."
2612,2045,4,13,90,107,1.1962616822429906,0.046834653903772186,633,It' s only downward from here buddy.
3714,2045,2,17,88,107,1.1962616822429906,0.042904700439180404,633,"Sorry, its a corporate execs only perk..."
2404,2045,3,15,89,107,1.1962616822429906,0.044912682652352945,633,"You want the slide on the left, this is the Parents Reliving Their Childhood slide."
542,2045,2,17,88,107,1.1962616822429906,0.042904700439180404,633,"Pick on someone your own size, kid!"
516,2045,3,15,89,107,1.1962616822429906,0.044912682652352945,633,It’s called team building and next we take over the sand box for a couple hours.
495,2045,3,15,89,107,1.1962616822429906,0.044912682652352945,633,We get an hour for lunch if you must know.
494,2045,1,19,87,107,1.1962616822429906,0.04079800946762782,633,It's attention deficit hyperactivity disorder!
436,2045,4,13,90,107,1.1962616822429906,0.046834653903772186,633,You need big boy pants to ride this slide
420,2045,2,17,88,107,1.1962616822429906,0.042904700439180404,633,"Son, let me show you what happens after climbing the corporate ladder for 30 years."
364,2045,1,19,87,107,1.1962616822429906,0.04079800946762782,633,"It's entry-level, but you need 5 years sliding experience."
329,2045,4,13,90,107,1.1962616822429906,0.046834653903772186,633,Losers-say-what?
297,2045,1,19,87,107,1.1962616822429906,0.04079800946762782,633,"Someday you'll understand son, someday."
239,2045,1,19,87,107,1.1962616822429906,0.04079800946762782,633,Anne from HR said this was a team-building activity.
209,2045,1,19,87,107,1.1962616822429906,0.04079800946762782,633,"This is the corporate ladder, pipsqueak."
162,2045,3,15,89,107,1.1962616822429906,0.044912682652352945,633,"When I was your age we had to climb uphill, both ways."
156,2045,3,15,89,107,1.1962616822429906,0.044912682652352945,633,Go away kid.Were undercover FBI after pedofiles
89,2045,2,17,88,107,1.1962616822429906,0.042904700439180404,633,"Son, let me demonstrate how the corporate world works...."
107,2045,5,11,91,107,1.1962616822429906,0.04868080267971432,633,"Look out, kid. MY taxes, it’s MY turn."
2434,2045,3,15,89,107,1.1962616822429906,0.044912682652352945,633,"Fridays are parents' days, kid. Come back tomorrow."
6,2045,3,15,89,107,1.1962616822429906,0.044912682652352945,633,I'm going to stop your Mother from doing something she will regret years later.
807,2045,4,13,90,107,1.1962616822429906,0.046834653903772186,633,The fun has just begun.
865,2045,1,19,87,107,1.1962616822429906,0.04079800946762782,633,Tell your mother I won't be home tonight; the judge gave us recess 'til tomorrow.
850,2045,1,19,87,107,1.1962616822429906,0.04079800946762782,633,"Our parents had it better than us, so we'll be damned if we don't have it better than you!"
909,2045,3,15,89,107,1.1962616822429906,0.044912682652352945,633,You'll get to use the big slide in Hell if you don't scram
2302,2045,0,21,86,107,1.1962616822429906,0.038576441428227824,633,"Like most playground activities it just converts potential and kinetic energy back and forth. Now beat it, kid."
2293,2045,3,15,89,107,1.1962616822429906,0.044912682652352945,633,"Let it slide, just this once?"
2189,2045,4,13,90,107,1.1962616822429906,0.046834653903772186,633,"Son, you'll just have to wait your turn. The adult coloring book station was full."
2149,2045,3,15,89,107,1.1962616822429906,0.044912682652352945,633,Our playground lawyer is on the way to help us get to the bottom of this.
2131,2045,1,19,87,107,1.1962616822429906,0.04079800946762782,633,You’ll understand when you get to be 40.
2079,2045,4,13,90,107,1.1962616822429906,0.046834653903772186,633,It helps to get the sandbox sand out of our underwear.
1869,2045,1,19,87,107,1.1962616822429906,0.04079800946762782,633,Lot more fun than stepping on people on the way down.
888,2045,3,15,89,107,1.1962616822429906,0.044912682652352945,633,It’s the new generation come to town.
1757,2045,5,11,91,107,1.1962616822429906,0.04868080267971432,633,The big slide is for your 2nd childhood!
1847,2045,4,13,90,107,1.1962616822429906,0.046834653903772186,633,She's not the only one who is stuck.
1649,2045,1,19,87,107,1.1962616822429906,0.04079800946762782,633,"Sorry Timmy, we’re just following the recommendations of Secretary DeVos."
1500,2045,3,15,89,107,1.1962616822429906,0.044912682652352945,633,It's not age discrimination.  It's a dress code.
1476,2045,4,13,90,107,1.1962616822429906,0.046834653903772186,633,"No, they're not usually for adults, but kid, have you read the headlines lately?"
1398,2045,4,13,90,107,1.1962616822429906,0.046834653903772186,633,It's a grown-up thing -- you wouldn't understand.
1216,2045,4,13,90,107,1.1962616822429906,0.046834653903772186,633,Our slide is bigger than yours.
1137,2045,2,17,88,107,1.1962616822429906,0.042904700439180404,633,"Life is full of ups and downs, kid."
1077,2045,2,17,88,107,1.1962616822429906,0.042904700439180404,633,Did you short? Because you can't appreciate a downward slide unless you've shorted.
983,2045,2,17,88,107,1.1962616822429906,0.042904700439180404,633,Shorts? Really
1750,2045,5,11,91,107,1.1962616822429906,0.04868080267971432,633,It gets better.
3167,2123,3,15,90,108,1.1944444444444444,0.04453197507374984,633,Just find a Zoltar machine and tell him you want to be big. It's easy. Everyone's doing it.
3157,2124,2,16,85,103,1.1941747572815533,0.04375801017679495,633,"You are correct Darrel, adults never grow up ......but tell no one !"
3822,2124,1,18,84,103,1.1941747572815533,0.04152584792069788,633,If she sits there all day I guess you've got a problem - this  one' s for  us big kids.
3628,2124,3,14,86,103,1.1941747572815533,0.04588170510924863,633,"Sorry, kid..you have to be over 18 and in therapy."
3063,2124,3,14,86,103,1.1941747572815533,0.04588170510924863,633,"Metaphor or not, it’s adults only."
4226,2124,4,12,87,103,1.1941747572815533,0.04791135849494997,633,Why yes we are training to be stock brokers!
2834,2124,1,18,84,103,1.1941747572815533,0.04152584792069788,633,"We're taking this park back, structure by structure!"
2840,2124,1,18,84,103,1.1941747572815533,0.04152584792069788,633,"Yes, I promise I won't ruin my new Brioni suit or my Crockett and Jones burnished leather Balmorals"
1320,2124,2,16,85,103,1.1941747572815533,0.04375801017679495,633,We didn't grow up with the internet son and it didn't do us any harm!
555,2124,3,14,86,103,1.1941747572815533,0.04588170510924863,633,"It’s nothing personal, it’s just business."
244,2124,4,12,87,103,1.1941747572815533,0.04791135849494997,633,We're done adulting!
591,2124,4,12,87,103,1.1941747572815533,0.04791135849494997,633,Business class kid!
2367,2124,2,16,85,103,1.1941747572815533,0.04375801017679495,633,We'll see who's turn it is once you've gone through a mass layoff too kid.
1338,2124,4,12,87,103,1.1941747572815533,0.04791135849494997,633,"It says the age limit is 6. Let's just let it slide, okay?"""
1406,2124,3,14,86,103,1.1941747572815533,0.04588170510924863,633,"Kid, if you want the ups and downs...stick with investment banking."
3107,2138,5,10,89,104,1.1923076923076923,0.04941200769327116,633,"Twice the hill, half the the thrill. Then you die. It’s the meaning of life."
2619,2138,4,12,88,104,1.1923076923076923,0.047485155647778804,633,"You're not clones, you just have bad genes."
2631,2138,4,12,88,104,1.1923076923076923,0.047485155647778804,633,"Sorry, pal, this one's strictly for inner child."
2655,2138,3,14,87,104,1.1923076923076923,0.045476735915275075,633,I’m not letting this one slide Jimmy.”
2682,2138,2,16,86,104,1.1923076923076923,0.04337541944605909,633,You need to have a tie.....
2757,2138,1,18,85,104,1.1923076923076923,0.041166983308659526,633,Because you are not 3 foot 6.
2783,2138,2,16,86,104,1.1923076923076923,0.04337541944605909,633,"Tommy, don’t be such a baby. This is the adult slide!"
2789,2138,2,16,86,104,1.1923076923076923,0.04337541944605909,633,You think the boss will catch us at the bottom?
2882,2138,3,14,87,104,1.1923076923076923,0.045476735915275075,633,"This is going to hurt me, Johnny, more than it hurts you."
2886,2138,4,12,88,104,1.1923076923076923,0.047485155647778804,633,"Because without vague, administrative data we can't ban it, that's why."
2899,2138,1,18,85,104,1.1923076923076923,0.041166983308659526,633,"Oh really, little boy...and what percentage of  YOUR tax dollars paid for this playground?"
2909,2138,5,10,89,104,1.1923076923076923,0.04941200769327116,633,"Sorry, Mooch. This one’s for taxpayers."
2609,2138,0,20,84,104,1.1923076923076923,0.038833156160030864,633,You'll have to wait until our team building exercise is over.
2985,2138,1,18,85,104,1.1923076923076923,0.041166983308659526,633,"Sorry, bud. This one’s for midlife crises only."
2987,2138,4,12,88,104,1.1923076923076923,0.047485155647778804,633,"It’s no coincidence. Women at the top, men fleeing for their lives. It’s the MeTooMovement."
2990,2138,4,12,88,104,1.1923076923076923,0.047485155647778804,633,Forget it kid. This one's for adult day care.
2993,2138,3,14,87,104,1.1923076923076923,0.045476735915275075,633,Even dogs get parks.....
3067,2138,2,16,86,104,1.1923076923076923,0.04337541944605909,633,Being an adult is like being a kid…only you are bigger and you have to dress nicer.
3123,2138,4,12,88,104,1.1923076923076923,0.047485155647778804,633,"Kid, this is what happens when health insurance stops paying for your meds."
3108,2138,6,8,90,104,1.1923076923076923,0.05126649004628654,633,Ignore what I’m saying. I’m just trying not to look up.
2940,2138,1,18,85,104,1.1923076923076923,0.041166983308659526,633,"Because adults, they wanna have fu-un"
2504,2138,2,16,86,104,1.1923076923076923,0.04337541944605909,633,"Sorry kiddo, but on this one you’ll need a liability waiver"
2527,2138,3,14,87,104,1.1923076923076923,0.045476735915275075,633,"Sorry kid, but we need this more than you do."
3166,2138,4,12,88,104,1.1923076923076923,0.047485155647778804,633,"Size doesn't matter, son."
2097,2138,3,14,87,104,1.1923076923076923,0.045476735915275075,633,"Dad, seriously, it's embarrassing.  You all are taking the inner-child exercises too far."
2100,2138,5,10,89,104,1.1923076923076923,0.04941200769327116,633,"It's bigger, and so are we."
2106,2138,1,18,85,104,1.1923076923076923,0.041166983308659526,633,Don't tell Mom I'm playing hooky.
2108,2138,3,14,87,104,1.1923076923076923,0.045476735915275075,633,I was here Way before you!!!
2129,2138,1,18,85,104,1.1923076923076923,0.041166983308659526,633,Has your teacher told you about the benefits of whole life insurance?
2143,2138,4,12,88,104,1.1923076923076923,0.047485155647778804,633,I'm sorry Teddy..we'll let mom and dad come home soon but..remember..don't bring up the presidential election EVER again.
2148,2138,3,14,87,104,1.1923076923076923,0.045476735915275075,633,"Don't worry. You'll have a bigger one too, someday."
2085,2138,4,12,88,104,1.1923076923076923,0.047485155647778804,633,Who says we don't have a proper work-life separation?
2183,2138,3,14,87,104,1.1923076923076923,0.045476735915275075,633,My mommy said it was safe.
2569,2138,3,14,87,104,1.1923076923076923,0.045476735915275075,633,"Your turn . . . in a decade!  Neener, neener, neener!"
2232,2138,5,10,89,104,1.1923076923076923,0.04941200769327116,633,You have to be taller than the third rung to use this ride!
2282,2138,4,12,88,104,1.1923076923076923,0.047485155647778804,633,Our teachers union sure knows how to negotiate fun!
2354,2138,0,20,84,104,1.1923076923076923,0.038833156160030864,633,The judge ordered a recess.
2377,2138,2,16,86,104,1.1923076923076923,0.04337541944605909,633,I'm kind of in a midlife crisis here
2385,2138,3,14,87,104,1.1923076923076923,0.045476735915275075,633,She just agreed to the divorce!
2409,2138,3,14,87,104,1.1923076923076923,0.045476735915275075,633,Tax Payers first Buddy Boy!
2421,2138,3,14,87,104,1.1923076923076923,0.045476735915275075,633,Company retreats since they cut the budget have actually been more fun
2422,2138,2,16,86,104,1.1923076923076923,0.04337541944605909,633,"Yes, Ebenezer, you are in the presence of the Ghost of Playgrounds Yet To Come."
2457,2138,3,14,87,104,1.1923076923076923,0.045476735915275075,633,If you don't like the queue tell em to bring back the five-martini lunch.
2463,2138,2,16,86,104,1.1923076923076923,0.04337541944605909,633,"Sorry son, there is a dress code for this one."
2495,2138,2,16,86,104,1.1923076923076923,0.04337541944605909,633,"Listen kid, I identify as a five year old so quit your complaining and wait your turn!"
2276,2138,4,12,88,104,1.1923076923076923,0.047485155647778804,633,"""Therapy session, sandbox next."""
3181,2138,4,12,88,104,1.1923076923076923,0.047485155647778804,633,Thanks son for teaching us how to enjoy a market slide.
3906,2138,2,16,86,104,1.1923076923076923,0.04337541944605909,633,"Sorry kid, but this is the six-figure slide."
3209,2138,4,12,88,104,1.1923076923076923,0.047485155647778804,633,His name was Ponce De Leon!
3975,2138,3,14,87,104,1.1923076923076923,0.045476735915275075,633,Stop whining. Get use to women beating you to the top.
3977,2138,2,16,86,104,1.1923076923076923,0.04337541944605909,633,"Sorry, kid, we’ve got this one reserved till four o’clock."
3986,2138,4,12,88,104,1.1923076923076923,0.047485155647778804,633,"I'm terribly sorry, there's quite obviously a dress code."
4000,2138,5,10,89,104,1.1923076923076923,0.04941200769327116,633,We retired early so we could take advantage of our second childhood.
4006,2138,4,12,88,104,1.1923076923076923,0.047485155647778804,633,"Scram, kid. This is an audition for the 'Twilight Zone' reboot."
4011,2138,4,12,88,104,1.1923076923076923,0.047485155647778804,633,The person whose taxes paid for the playground goes first.
4039,2138,3,14,87,104,1.1923076923076923,0.045476735915275075,633,"After you've evaded taxes, been subpoenaed by a federal grand jury, and served time for fraud, THEN you can play on the big slide."
4041,2138,5,10,89,104,1.1923076923076923,0.04941200769327116,633,Careful. It's electric.
4045,2138,5,10,89,104,1.1923076923076923,0.04941200769327116,633,Gotta put on your big boy pants.
4073,2138,4,12,88,104,1.1923076923076923,0.047485155647778804,633,Did somebody lose their inner child?
4084,2138,5,10,89,104,1.1923076923076923,0.04941200769327116,633,"'no child left behind', EXCEPT when it comes to the big slide.'"
4086,2138,2,16,86,104,1.1923076923076923,0.04337541944605909,633,"""Tell it to the judge, crybaby stupidface."""
4098,2138,3,14,87,104,1.1923076923076923,0.045476735915275075,633,"""Go away - this slide is for 'real men' only."""
4110,2138,3,14,87,104,1.1923076923076923,0.045476735915275075,633,"Sorry Kid,it's 10 min Adult Slide."
4126,2138,3,14,87,104,1.1923076923076923,0.045476735915275075,633,"Look kid we had some budget cuts and had to have our team building event here,no we won't be using the sandbox"
4141,2138,3,14,87,104,1.1923076923076923,0.045476735915275075,633,"Scram, kid. Can't you see we need our Whee-Time?"
4157,2138,4,12,88,104,1.1923076923076923,0.047485155647778804,633,The adult slide??? What's next bungee jumping?
4168,2138,3,14,87,104,1.1923076923076923,0.045476735915275075,633,We’re celebrating Midlife Crisis Day!!!
4212,2138,1,18,85,104,1.1923076923076923,0.041166983308659526,633,"Thanks for the advice, 'Friends don't let friends slide drunk'--I'll pass it on."
4269,2138,4,12,88,104,1.1923076923076923,0.047485155647778804,633,"you snooze, you lose"
4285,2138,3,14,87,104,1.1923076923076923,0.045476735915275075,633,"Listen kid, I only get a half hour for lunch."
3944,2138,2,16,86,104,1.1923076923076923,0.04337541944605909,633,"Sorry kid, we only get a forty-five minute recess at our insurance firm."
3199,2138,3,14,87,104,1.1923076923076923,0.045476735915275075,633,I can see your butt
3916,2138,2,16,86,104,1.1923076923076923,0.04337541944605909,633,Sorry Timmy. Grownups need more gravity.
3895,2138,2,16,86,104,1.1923076923076923,0.04337541944605909,633,"Dad, I TOLD you adult playtime is AFTER 6 o’clock."
3224,2138,2,16,86,104,1.1923076923076923,0.04337541944605909,633,"Some free advice for you, kid - don't grow up too fast."
3229,2138,4,12,88,104,1.1923076923076923,0.047485155647778804,633,Son - you need to understand that adults need to have fun too!
3235,2138,2,16,86,104,1.1923076923076923,0.04337541944605909,633,Sorry! This is an R rated slide!
3352,2138,2,16,86,104,1.1923076923076923,0.04337541944605909,633,Regression therapy...we'll be home by 8.
3382,2138,0,20,84,104,1.1923076923076923,0.038833156160030864,633,"They only said ""Recess"" not ""Student's Recess""."
3441,2138,5,10,89,104,1.1923076923076923,0.04941200769327116,633,Is your last name Trump?
3461,2138,2,16,86,104,1.1923076923076923,0.04337541944605909,633,"When you grow up, that's when!"
3468,2138,2,16,86,104,1.1923076923076923,0.04337541944605909,633,You'll just have to wait your turn until this congressional recess ends
3519,2138,4,12,88,104,1.1923076923076923,0.047485155647778804,633,"Sorry, kid, it's a threesome."""
3566,2138,3,14,87,104,1.1923076923076923,0.045476735915275075,633,When is it your turn? How about when you start paying for the equipment?
3567,2138,2,16,86,104,1.1923076923076923,0.04337541944605909,633,We rubbed her down with wax paper. She really screams now!
3602,2138,3,14,87,104,1.1923076923076923,0.045476735915275075,633,Do you pay the bills?
3637,2138,4,12,88,104,1.1923076923076923,0.047485155647778804,633,I don't care if it isn't Politically Correct - I paid for the playground and I'll use it.
3658,2138,2,16,86,104,1.1923076923076923,0.04337541944605909,633,Go play with kids your own Age
3667,2138,3,14,87,104,1.1923076923076923,0.045476735915275075,633,I am never going to grow up.
3699,2138,2,16,86,104,1.1923076923076923,0.04337541944605909,633,"I’m not cutting the line, 18 & over on this slide."
3701,2138,2,16,86,104,1.1923076923076923,0.04337541944605909,633,It's a blast when the Internet is down!
3735,2138,2,16,86,104,1.1923076923076923,0.04337541944605909,633,Did you read the Huffington Post article too?
3837,2138,2,16,86,104,1.1923076923076923,0.04337541944605909,633,Seniority is a bitch.
3865,2138,1,18,85,104,1.1923076923076923,0.041166983308659526,633,"Don't tell your mother what we did today. She'd let you slide, but not me."
3870,2138,4,12,88,104,1.1923076923076923,0.047485155647778804,633,"Oh, please son, just one more time? I promise."
3908,2138,1,18,85,104,1.1923076923076923,0.041166983308659526,633,"Primary research isn't always fun and games, kid."
2066,2138,5,10,89,104,1.1923076923076923,0.04941200769327116,633,Sorry son. It's a closed board meeting.
656,2138,4,12,88,104,1.1923076923076923,0.047485155647778804,633,You need to be wearing long pants to start on this ladder
2020,2138,3,14,87,104,1.1923076923076923,0.045476735915275075,633,This is the new software testing process.
412,2138,3,14,87,104,1.1923076923076923,0.045476735915275075,633,You haven't worked hard enough yet to earn this privilege young man
421,2138,2,16,86,104,1.1923076923076923,0.04337541944605909,633,You must be this divorced to ride this slide.
445,2138,3,14,87,104,1.1923076923076923,0.045476735915275075,633,Lunch break
450,2138,4,12,88,104,1.1923076923076923,0.047485155647778804,633,It's our annual stock market reenactment.
453,2138,5,10,89,104,1.1923076923076923,0.04941200769327116,633,Get used to it kid.
515,2138,2,16,86,104,1.1923076923076923,0.04337541944605909,633,Just wait - someday you'll understand.
554,2138,4,12,88,104,1.1923076923076923,0.047485155647778804,633,Did you pay for it? Then scram.
589,2138,2,16,86,104,1.1923076923076923,0.04337541944605909,633,You can’t wait to grow up. Be careful what you wish for
599,2138,4,12,88,104,1.1923076923076923,0.047485155647778804,633,"Look kid, wait your turn. We'll be done when we are done!"
638,2138,4,12,88,104,1.1923076923076923,0.047485155647778804,633,Scram!
2028,2138,5,10,89,104,1.1923076923076923,0.04941200769327116,633,"It's called ""second childhood""...."
779,2138,3,14,87,104,1.1923076923076923,0.045476735915275075,633,"Sorry, son, we're testing this for your safety."
780,2138,3,14,87,104,1.1923076923076923,0.045476735915275075,633,Isn’t that why we have kids-so that we can act like one again?
817,2138,4,12,88,104,1.1923076923076923,0.047485155647778804,633,"Hey kid, go fly a kite!"
823,2138,3,14,87,104,1.1923076923076923,0.045476735915275075,633,You can use it when you help pay for it with property taxes.
876,2138,4,12,88,104,1.1923076923076923,0.047485155647778804,633,"We can't afford sports cars, so..."
903,2138,5,10,89,104,1.1923076923076923,0.04941200769327116,633,"'Hey kid,  fuck off !"
913,2138,4,12,88,104,1.1923076923076923,0.047485155647778804,633,"We are dying. ""Make-a-Wish"" for grown-ups sucks."
942,2138,4,12,88,104,1.1923076923076923,0.047485155647778804,633,Now you know what you can have someday.
1000,2138,3,14,87,104,1.1923076923076923,0.045476735915275075,633,Stay away from the sandbox-that’s our next stop!
1028,2138,4,12,88,104,1.1923076923076923,0.047485155647778804,633,Sorry kid. Mature and sophisticated people only.
393,2138,5,10,89,104,1.1923076923076923,0.04941200769327116,633,This one is for big kids.
1043,2138,3,14,87,104,1.1923076923076923,0.045476735915275075,633,Preparing for the down cycle
352,2138,3,14,87,104,1.1923076923076923,0.045476735915275075,633,It's easier than climbing the CORPORATE ladder.
320,2138,2,16,86,104,1.1923076923076923,0.04337541944605909,633,"Time out Tommy, we adults need to exhilarate more."
32,2138,2,16,86,104,1.1923076923076923,0.04337541944605909,633,"I was like you once, now, if you will excuse me. I am late for my board meeting over by the jungle gym."
34,2138,3,14,87,104,1.1923076923076923,0.045476735915275075,633,"No, son - life is MORE fun in Big Boy Pants"
37,2138,3,14,87,104,1.1923076923076923,0.045476735915275075,633,"It varies, but you generally get to the top when you are around 30 to 40 years old."
60,2138,1,18,85,104,1.1923076923076923,0.041166983308659526,633,It's 'Happy Hour'
62,2138,2,16,86,104,1.1923076923076923,0.04337541944605909,633,"Report us AND you REALLY will be going down a slippery slope."""
69,2138,2,16,86,104,1.1923076923076923,0.04337541944605909,633,You'll have to wait your turn kid. We're still ruling the world.
105,2138,2,16,86,104,1.1923076923076923,0.04337541944605909,633,It's just so much more fun than climbing the corporate ladder
158,2138,5,10,89,104,1.1923076923076923,0.04941200769327116,633,"Beat it kid, this is the adult therapy slide."
161,2138,4,12,88,104,1.1923076923076923,0.047485155647778804,633,Go find your own skirt to peek under!
167,2138,2,16,86,104,1.1923076923076923,0.04337541944605909,633,What did you think was at the top of the corporate ladder?
184,2138,1,18,85,104,1.1923076923076923,0.041166983308659526,633,This is the red slide; you can only use the blue one.
198,2138,2,16,86,104,1.1923076923076923,0.04337541944605909,633,Stop complaining or you'll never be on top on the seesaw again
218,2138,2,16,86,104,1.1923076923076923,0.04337541944605909,633,Corporate's trying a new recess program to increase productivity.
224,2138,3,14,87,104,1.1923076923076923,0.045476735915275075,633,We're big investors with low risk tolerance.
233,2138,4,12,88,104,1.1923076923076923,0.047485155647778804,633,One day you'll understand.
262,2138,3,14,87,104,1.1923076923076923,0.045476735915275075,633,You are too young to sign the waiver!
267,2138,4,12,88,104,1.1923076923076923,0.047485155647778804,633,"Because sometimes all you've got left is to say ""whee."""
270,2138,4,12,88,104,1.1923076923076923,0.047485155647778804,633,"Sorry kid, we reserved this slide for our offsite."
289,2138,3,14,87,104,1.1923076923076923,0.045476735915275075,633,"Son, you must learn to wait your turn. The adults are playing."
298,2138,3,14,87,104,1.1923076923076923,0.045476735915275075,633,We'll be done in 5 minutes.  Our boss thinks we're out here taking a smoke break.
312,2138,4,12,88,104,1.1923076923076923,0.047485155647778804,633,"Requirements to ride this slide include a bachelor's degree, five years of playground experience, and a demonstrated proficiency in ladder climbing."
341,2138,3,14,87,104,1.1923076923076923,0.045476735915275075,633,"We're not sliding, we're team building."
1071,2138,3,14,87,104,1.1923076923076923,0.045476735915275075,633,You must be this tall to slide this slide.
710,2138,4,12,88,104,1.1923076923076923,0.047485155647778804,633,"You gotta take recess when you can, son."
1107,2138,1,18,85,104,1.1923076923076923,0.041166983308659526,633,Sorry.....you have to be as tall as the third step to slide down this slide
1673,2138,2,16,86,104,1.1923076923076923,0.04337541944605909,633,"Yea, he's ot working either!"
1696,2138,3,14,87,104,1.1923076923076923,0.045476735915275075,633,"Sorry kid, no children allowed in the “ADULTS WITHOUT CHILDREN” section of the playground."
1702,2138,4,12,88,104,1.1923076923076923,0.047485155647778804,633,Now go home and study!!...we bought this with your future...
1760,2138,2,16,86,104,1.1923076923076923,0.04337541944605909,633,My inner child is 14 and under.
1788,2138,3,14,87,104,1.1923076923076923,0.045476735915275075,633,Think this is unfair? Just wait until you see the coloring books.
1791,2138,2,16,86,104,1.1923076923076923,0.04337541944605909,633,I can't wait to tell  Legal about this playground. But for now it's  Marketing's secret.
1802,2138,2,16,86,104,1.1923076923076923,0.04337541944605909,633,Being in charge of adult day care doesn’t mean you can butt in. And yes I asked my mommy.
1809,2138,5,10,89,104,1.1923076923076923,0.04941200769327116,633,"Son, you can’t just slide by in life or maybe you can"
1810,2138,6,8,90,104,1.1923076923076923,0.05126649004628654,633,...what? It's our slideshow presentation.
1811,2138,4,12,88,104,1.1923076923076923,0.047485155647778804,633,"Yess kid, this one is for shiny ass bookkeepers."
1662,2138,2,16,86,104,1.1923076923076923,0.04337541944605909,633,Our company replaced the free gym memberships with visits to the free jungle gym
1072,2138,3,14,87,104,1.1923076923076923,0.045476735915275075,633,They have their ups and downs
1864,2138,5,10,89,104,1.1923076923076923,0.04941200769327116,633,"Beat it kid, this is the metaphor slide."
1865,2138,1,18,85,104,1.1923076923076923,0.041166983308659526,633,Once you've reached the top of the corporate ladder it's all downhill from there
1877,2138,0,20,84,104,1.1923076923076923,0.038833156160030864,633,My therapist said I have to let my inner child play.
1883,2138,3,14,87,104,1.1923076923076923,0.045476735915275075,633,Life lesson No. I.  Big wins!
1889,2138,4,12,88,104,1.1923076923076923,0.047485155647778804,633,"No, you can't. Only those in the top 1 percent can use this slide."
1903,2138,3,14,87,104,1.1923076923076923,0.045476735915275075,633,He who slides last slides best.
1920,2138,4,12,88,104,1.1923076923076923,0.047485155647778804,633,"It’s a 350$ personal growth class, but believe me, it’s worth it!"
1960,2138,5,10,89,104,1.1923076923076923,0.04941200769327116,633,David Remnick has always been a jerk.
1970,2138,5,10,89,104,1.1923076923076923,0.04941200769327116,633,When you wear big boy pants
1971,2138,3,14,87,104,1.1923076923076923,0.045476735915275075,633,Do you think this is the last administration? Just wait.
1834,2138,3,14,87,104,1.1923076923076923,0.045476735915275075,633,"Go away, kid. This is our weekly Accountants Go Crazy Day."
1645,2138,2,16,86,104,1.1923076923076923,0.04337541944605909,633,"It's a flagrant foul, the tie shouldn't fly."
1819,2138,3,14,87,104,1.1923076923076923,0.045476735915275075,633,No cutsies.
1614,2138,5,10,89,104,1.1923076923076923,0.04941200769327116,633,Tell mom I'll be home late tonight.
1632,2138,4,12,88,104,1.1923076923076923,0.047485155647778804,633,"We’re reliving our childhood, when going down meant success."
1127,2138,2,16,86,104,1.1923076923076923,0.04337541944605909,633,"Sorry kid, business class only."
1160,2138,2,16,86,104,1.1923076923076923,0.04337541944605909,633,"Son, you’ve got to be 4 rungs tall to slide down this slide."
1171,2138,5,10,89,104,1.1923076923076923,0.04941200769327116,633,Pretty soon we're gonna be too old for the playground. It happens before you know it...
1237,2138,2,16,86,104,1.1923076923076923,0.04337541944605909,633,"Sometimes parents need to have fun ,too."
1345,2138,2,16,86,104,1.1923076923076923,0.04337541944605909,633,"I know you said it was the big kids slide, but I didn’t know you were talking about yourself."
1364,2138,2,16,86,104,1.1923076923076923,0.04337541944605909,633,Go and play with your sister in the board room.
1370,2138,3,14,87,104,1.1923076923076923,0.045476735915275075,633,Haters gonna hate.
1396,2138,2,16,86,104,1.1923076923076923,0.04337541944605909,633,It distracts us from the political news.
1407,2138,4,12,88,104,1.1923076923076923,0.047485155647778804,633,Scram kid! Go pick on somebody your own size!
1408,2138,3,14,87,104,1.1923076923076923,0.045476735915275075,633,No. I didn't notice if the playground stocks continued their slide so don't bug me
1349,2138,5,10,89,104,1.1923076923076923,0.04941200769327116,633,This is a working lunch!
1415,2138,5,10,89,104,1.1923076923076923,0.04941200769327116,633,"Until you wear a tie, long pants, and can grow a mustache, you are not allowed on the big slide."
1418,2138,2,16,86,104,1.1923076923076923,0.04337541944605909,633,The trial resumes at two o’clock—until then it’s recess.
1424,2138,4,12,88,104,1.1923076923076923,0.047485155647778804,633,Wait your turn. Let us know when you feel general ennui and an irresistible urge to relive your childhood.
1430,2138,2,16,86,104,1.1923076923076923,0.04337541944605909,633,"Our therapist reccomended this, said it would help us cope with our inevitable deaths or whatever. I don’t know. I’m just here ‘cuz slides are dope, ya dig?"
1464,2138,3,14,87,104,1.1923076923076923,0.045476735915275075,633,"I am rubber, you are glue, whatever you say affects your father’s quarterly performance evaluation."
1506,2138,2,16,86,104,1.1923076923076923,0.04337541944605909,633,"No, that's a different me too."
1518,2138,2,16,86,104,1.1923076923076923,0.04337541944605909,633,"Because,after the last rounds of tariffs,this is the only fun thing we can afford."
1551,2138,2,16,86,104,1.1923076923076923,0.04337541944605909,633,We're figuring out how to monetize fun kid...get lost!
1555,2138,3,14,87,104,1.1923076923076923,0.045476735915275075,633,"Don't worry, I promise you won't be late this time."
1576,2138,2,16,86,104,1.1923076923076923,0.04337541944605909,633,This slide is for adults only.
3089,2335,3,14,88,105,1.1904761904761905,0.045078763173336374,633,"Get back in line, I was here first.”"
3025,2335,4,12,89,105,1.1904761904761905,0.04706639005052258,633,"Sorry son, you'll have to organize your own menage a trois."
2802,2335,1,18,86,105,1.1904761904761905,0.040814146113049836,633,"The older you get, the higher the gravity of problems, now go and play!"
2778,2335,4,12,89,105,1.1904761904761905,0.04706639005052258,633,"Thanks for coming along, Timmy.  We wouldn't be able to play here without you, because of the playground rule that all adults must be accompanied by a child."
2769,2335,3,14,88,105,1.1904761904761905,0.045078763173336374,633,One day you'll miss going down a slippery slope without unintended circumstances.
2521,2335,5,10,90,105,1.1904761904761905,0.04897341376234777,633,Teachers gain parity in the schoolyard!
2608,2335,2,16,87,105,1.1904761904761905,0.04299935704272291,633,We're with a stockbrokers convention.
2540,2335,5,10,90,105,1.1904761904761905,0.04897341376234777,633,"Move over kid, this is the big boy slide."
2455,2335,3,14,88,105,1.1904761904761905,0.045078763173336374,633,"Don't you have Forthright to play, or something?"
3174,2335,3,14,88,105,1.1904761904761905,0.045078763173336374,633,Not until you wear your big-boy pants.
2737,2335,4,12,89,105,1.1904761904761905,0.04706639005052258,633,This ain't no merry go round!
3289,2335,3,14,88,105,1.1904761904761905,0.045078763173336374,633,Pick on someone your own size!
4323,2335,5,10,90,105,1.1904761904761905,0.04897341376234777,633,You can play with our inner children once they're free.
3564,2335,3,14,88,105,1.1904761904761905,0.045078763173336374,633,"We've been diagnosed with corporate ladder syndrome, so stay out of our way kid."
3598,2335,2,16,87,105,1.1904761904761905,0.04299935704272291,633,Did you sign the petition for longer recess?
3638,2335,5,10,90,105,1.1904761904761905,0.04897341376234777,633,"Sorry, son--but this is part of the requirements we have to pass before we can join the ""Make America Great Again"" organization."
3707,2335,2,16,87,105,1.1904761904761905,0.04299935704272291,633,It’s Mr. Fletcher’s retirement party.
3889,2335,3,14,88,105,1.1904761904761905,0.045078763173336374,633,So you can buy your own when you grow up.
3891,2335,2,16,87,105,1.1904761904761905,0.04299935704272291,633,It’s called nostalgia.  One day you’ll feel it when you’re inside staring at your phone.
3959,2335,3,14,88,105,1.1904761904761905,0.045078763173336374,633,Sometimes I need a little wheeee time.
4026,2335,4,12,89,105,1.1904761904761905,0.04706639005052258,633,you need to be eighteen
4242,2335,4,12,89,105,1.1904761904761905,0.04706639005052258,633,This is what happens when your sport gets into the Olympics.
4335,2335,3,14,88,105,1.1904761904761905,0.045078763173336374,633,We are testing the slide. Come back in an hour.
2344,2335,4,12,89,105,1.1904761904761905,0.04706639005052258,633,You need to put your big boy pants on.
3510,2335,3,14,88,105,1.1904761904761905,0.045078763173336374,633,'Bring-a-parent-to-work' days are great for morale.
2339,2335,3,14,88,105,1.1904761904761905,0.045078763173336374,633,"11 to 12 is for adults  only with depraved childhoods,"
1530,2335,2,16,87,105,1.1904761904761905,0.04299935704272291,633,We're the ones who never put on our big boy pants.
2266,2335,3,14,88,105,1.1904761904761905,0.045078763173336374,633,"I'm sorry, Bobby. You need to take the kid's slide to nowhere for a long time before you get to take the grown-up's slide to nowhere."
2319,2335,1,18,86,105,1.1904761904761905,0.040814146113049836,633,"When the electricity comes back on, we can all go home and play Nintendo."
9,2335,2,16,87,105,1.1904761904761905,0.04299935704272291,633,"Someday, when you make enough money, you can slide down this one."
110,2335,2,16,87,105,1.1904761904761905,0.04299935704272291,633,"It's called reliving glory days, kid...let us slide."
132,2335,2,16,87,105,1.1904761904761905,0.04299935704272291,633,"Trust me, in ten years you will rebel into maturity."
145,2335,2,16,87,105,1.1904761904761905,0.04299935704272291,633,We're learning to have fun. Now go back to your own slide.
214,2335,3,14,88,105,1.1904761904761905,0.045078763173336374,633,"Sorry, kid...this slide's to be ridden ironically."
274,2335,3,14,88,105,1.1904761904761905,0.045078763173336374,633,Will you also tell Mrs. Anderson that I'll be home late tonight?
572,2335,3,14,88,105,1.1904761904761905,0.045078763173336374,633,"Shorts are no good, kid. Makes the legs too sticky."
717,2335,3,14,88,105,1.1904761904761905,0.045078763173336374,633,I wish the kids would grow up and have fun!
1026,2335,3,14,88,105,1.1904761904761905,0.045078763173336374,633,"One more time, then we're back to our cubicles at Tesla."
1101,2335,4,12,89,105,1.1904761904761905,0.04706639005052258,633,"Trust me, twenty years of being a divorce lawyer this isn’t even the weirdest thing I’ve seen."
1121,2335,2,16,87,105,1.1904761904761905,0.04299935704272291,633,Big folks are to big slide as little folks are to kiddie slide.
755,2335,3,14,88,105,1.1904761904761905,0.045078763173336374,633,"Sorry kid, I need this."
1287,2335,6,8,91,105,1.1904761904761905,0.050808911016555915,633,"This is the real thing, lad; yours is a toy."
2249,2335,3,14,88,105,1.1904761904761905,0.045078763173336374,633,We need it more than you do!
2235,2335,3,14,88,105,1.1904761904761905,0.045078763173336374,633,I suggest you start looking for work.
1125,2335,5,10,90,105,1.1904761904761905,0.04897341376234777,633,Falling is more fun than climbing the corporate ladder.
2083,2335,4,12,89,105,1.1904761904761905,0.04706639005052258,633,"Sorry kid, it’s company policy that you submit a request to slide twenty-four hours in advance."
2038,2335,2,16,87,105,1.1904761904761905,0.04299935704272291,633,"And you're too young to be a divorced, unaccomplished furniture salesman yearning for a time before his spirit was crushed.  Your point, kid?"""
1962,2335,2,16,87,105,1.1904761904761905,0.04299935704272291,633,This one's for adults only.
2146,2335,3,14,88,105,1.1904761904761905,0.045078763173336374,633,Piss off I am the firm's Happiness Manager
1818,2335,2,16,87,105,1.1904761904761905,0.04299935704272291,633,We’re from quality assurance. So far so good.
1657,2335,5,10,90,105,1.1904761904761905,0.04897341376234777,633,"Legal said ""What the hell."""
1593,2335,1,18,86,105,1.1904761904761905,0.040814146113049836,633,Neckties or skirts required
1838,2335,4,12,89,105,1.1904761904761905,0.04706639005052258,633,"Here’s a fun fact for you, Myles: this is where you and your siblings were each conceived."
2237,2388,2,15,84,101,1.188118811881188,0.043855910079901174,633,This is the adult slide.
3498,2389,4,11,87,102,1.1862745098039216,0.04772110492175312,633,"Don't look for fairness if you want to WIN, son !"
4266,2389,1,17,84,102,1.1862745098039216,0.04116907422639316,633,"Listen kid, when an adult hits a slide there is no telling how long it might last."
4210,2389,2,15,85,102,1.1862745098039216,0.04346296968021364,633,We don't carry lunch money. How about a stock option instead?
4167,2389,3,13,86,102,1.1862745098039216,0.045641722077372035,633,"One day, you’ll understand, Son."
4022,2389,3,13,86,102,1.1862745098039216,0.045641722077372035,633,"We do take playtime seriously.  But at Facebook, we also take your privacy seriously."
3730,2389,4,11,87,102,1.1862745098039216,0.04772110492175312,633,"Hey, kid, you have this everyday, we only come once a month !!"
3660,2389,4,11,87,102,1.1862745098039216,0.04772110492175312,633,"Back up, kid. We need this more than you do."
3555,2389,2,15,85,102,1.1862745098039216,0.04346296968021364,633,Enjoy it while you can Billy because tomorrow we're taking over the small slide too.
2981,2389,4,11,87,102,1.1862745098039216,0.04772110492175312,633,We rediscovered simple pleasures in group.
127,2389,3,13,86,102,1.1862745098039216,0.045641722077372035,633,"When adults tell you to be mature, but then they ride the slide."
2501,2389,4,11,87,102,1.1862745098039216,0.04772110492175312,633,"You know kid, this experience prepares you for life. You climb the ladder as I as you can and then you slide down, all alone."
1935,2389,3,13,86,102,1.1862745098039216,0.045641722077372035,633,"Sorry kid, we were here first"
1895,2389,3,13,86,102,1.1862745098039216,0.045641722077372035,633,"Daddy has a little more work to do, then we can play."
1781,2389,5,9,88,102,1.1862745098039216,0.04971358884367402,633,This is the only slippery slope that ever made me happy; every other slippery slope simply sucks you in.
1778,2389,1,17,84,102,1.1862745098039216,0.04116907422639316,633,One day you will find out about having a second childhood.
1571,2389,5,9,88,102,1.1862745098039216,0.04971358884367402,633,Aw c'mon.  Just one more time?
509,2389,2,15,85,102,1.1862745098039216,0.04346296968021364,633,"We'd use the playground on 3rd street, but that's Madison's Law Firm Territory"
493,2389,3,13,86,102,1.1862745098039216,0.045641722077372035,633,"You must have $10,000 or more in debt to ride this slide."
2915,2389,2,15,85,102,1.1862745098039216,0.04346296968021364,633,"Sure, you can use this one--but not until our lunch hour is over."
4184,2408,1,16,80,97,1.1855670103092784,0.042297366409248006,633,Dad is teaching the family how to slide into third base.
3553,2409,4,11,88,103,1.1844660194174756,0.04729011524728665,633,"Sorry buddy, but the gym was closed."
3514,2409,1,17,85,103,1.1844660194174756,0.04080750877967151,633,"Don't worry, you'll slide into middle age too soon enough"
3241,2409,2,15,86,103,1.1844660194174756,0.04307691007839965,633,Sorry. You have to wear a tie on this slide.
3139,2409,6,7,90,103,1.1844660194174756,0.05115750011778115,633,The suite and tie are just for more gravity.
3219,2409,3,13,87,103,1.1844660194174756,0.04523259434304085,633,"Avert your eyes, Billy! If you accidentally see up her skirt, your nomination to the Supreme Court in 45 years will never make it out of Committee."
4272,2409,1,17,85,103,1.1844660194174756,0.04080750877967151,633,The generation gap.  That's why it's bigger.
2897,2409,4,11,88,103,1.1844660194174756,0.04729011524728665,633,"Whatever you do, don’t look up."
1207,2409,2,15,86,103,1.1844660194174756,0.04307691007839965,633,You will continue to lose teeth if you slide head first.
1841,2409,2,15,86,103,1.1844660194174756,0.04307691007839965,633,We're finding our inner child!
1824,2409,4,11,88,103,1.1844660194174756,0.04729011524728665,633,"I don't care that you want a turn your mother, me and Uncle Billy are taking this one for ourselves."
721,2409,4,11,88,103,1.1844660194174756,0.04729011524728665,633,"It's ok Billy, when you grow up you'll get to be a kid everyday, but until then, mind your manners."""
605,2409,4,11,88,103,1.1844660194174756,0.04729011524728665,633,"Hey, ya big baby-->Go take a ride on yer own stinkin' slide!!!"
544,2409,4,11,88,103,1.1844660194174756,0.04729011524728665,633,We're just taking a break from our white house jobs.
540,2409,4,11,88,103,1.1844660194174756,0.04729011524728665,633,I told you we were going to let it slide this time.
101,2409,0,19,84,103,1.1844660194174756,0.03840423627288277,633,Shouldn't you be inside playing Fortnite?
2728,2409,4,11,88,103,1.1844660194174756,0.04729011524728665,633,"No you can't; this one is only for immature, obese adults."
3012,2425,2,14,83,99,1.1818181818181819,0.04393459551987973,633,You asked us to follow you so we're following you.
2986,2425,1,16,82,99,1.1818181818181819,0.041522350851192366,633,"Don’t look so miffed, Sisyphus, you’ll find your own line of work when you’re older."
2979,2425,1,16,82,99,1.1818181818181819,0.041522350851192366,633,"Sorry, you must be up to your neck in crippling mortgage debt to ride."
2970,2425,2,14,83,99,1.1818181818181819,0.04393459551987973,633,My company replaced salaries with visits to the park.
2956,2425,3,12,84,99,1.1818181818181819,0.046221117974161514,633,"Son, it's a lesson for you. Life is a slippery slope"
2901,2425,6,6,87,99,1.1818181818181819,0.05248638810814779,633,Quiet! Mom and Dad are trying to play.
2860,2425,3,12,84,99,1.1818181818181819,0.046221117974161514,633,"Listen kid, be young while you can."
2694,2425,4,10,85,99,1.1818181818181819,0.048399739772722716,633,The world without Viagra
2771,2425,3,12,84,99,1.1818181818181819,0.046221117974161514,633,"Hey kid, you've got your own slide—plus, a sandbox. Goodbye"
2746,2425,3,12,84,99,1.1818181818181819,0.046221117974161514,633,"You can""t emulate me not until you. Emulate her."
3221,2425,2,14,83,99,1.1818181818181819,0.04393459551987973,633,You have to be this tall to go down this slide.
2525,2425,3,12,84,99,1.1818181818181819,0.046221117974161514,633,"In times like these Timmy, it’s crucial to find glee in the simple things."
2441,2425,4,10,85,99,1.1818181818181819,0.048399739772722716,633,"Sorry, Buddy. Big slides are for adults and stock markets."
2365,2425,2,14,83,99,1.1818181818181819,0.04393459551987973,633,"We’ll be done in an hour, son!"
2360,2425,4,10,85,99,1.1818181818181819,0.048399739772722716,633,Fired Trump Employee Day.
2311,2425,3,12,84,99,1.1818181818181819,0.046221117974161514,633,You'll get your turn after the midterms.
2800,2425,3,12,84,99,1.1818181818181819,0.046221117974161514,633,And don't try and use the executive bathroom either.
3242,2425,4,10,85,99,1.1818181818181819,0.048399739772722716,633,It’s only fair that we go first since you have all of our retirement money...
3342,2425,2,14,83,99,1.1818181818181819,0.04393459551987973,633,Sorry kid ‘ This is the downhill slide of life
3288,2425,4,10,85,99,1.1818181818181819,0.048399739772722716,633,They keep holding me back because I can't grasp the null set.
2238,2425,2,14,83,99,1.1818181818181819,0.04393459551987973,633,"Beat it kid, this is a formal wear slide."
4297,2425,2,14,83,99,1.1818181818181819,0.04393459551987973,633,Sorry. Inner children only.
4278,2425,4,10,85,99,1.1818181818181819,0.048399739772722716,633,"Sorry, this slide is strictly for second childhoods."
4216,2425,3,12,84,99,1.1818181818181819,0.046221117974161514,633,"Back off, kid. This slide is for inner children only!"
4152,2425,3,12,84,99,1.1818181818181819,0.046221117974161514,633,"Sorry Kid, but if she's not ready to take the plunge, I'm afraid your relationship is going downhill."
4064,2425,2,14,83,99,1.1818181818181819,0.04393459551987973,633,"Fine, I'll be careful. Now can I go play?"
3919,2425,2,14,83,99,1.1818181818181819,0.04393459551987973,633,Don’t believe the unemployment rate.
3260,2425,2,14,83,99,1.1818181818181819,0.04393459551987973,633,Better to be a slider than a swinger kid.
3760,2425,3,12,84,99,1.1818181818181819,0.046221117974161514,633,Are you waiting in line to be the next Supreme Court nominee?
3652,2425,2,14,83,99,1.1818181818181819,0.04393459551987973,633,"Son, life is like this slide. Waiting your whole childhood, climbing your whole career, and when its time to enjoy it, bam you're in the dirt."
3608,2425,4,10,85,99,1.1818181818181819,0.048399739772722716,633,Daddy's busy.
3593,2425,4,10,85,99,1.1818181818181819,0.048399739772722716,633,"Sir, we couldn't help but notice you coming here alone from that bench across the street, but the slides, swing, and sandbox are for 'Take Your Repressed Parent to Recess Day'."
3538,2425,5,8,86,99,1.1818181818181819,0.05048443199000259,633,"Right now, we’re pursuing OUR happiness. You’ll just have to wait your turn."
3439,2425,3,12,84,99,1.1818181818181819,0.046221117974161514,633,Bring your parents to work day.
3384,2425,3,12,84,99,1.1818181818181819,0.046221117974161514,633,Boss thinks we need to do better job balancing work and play!
3295,2425,2,14,83,99,1.1818181818181819,0.04393459551987973,633,You're too young to play Devil's Triangle
3677,2425,1,16,82,99,1.1818181818181819,0.041522350851192366,633,This is included in the teacher's union contract.
2170,2425,1,16,82,99,1.1818181818181819,0.041522350851192366,633,A man's inner child always surfaces during a nasty divorce.
4235,2425,3,12,84,99,1.1818181818181819,0.046221117974161514,633,Your mother and I decided you're not making full use of the amenities your private school has to offer. We have to get our money's worth.
2004,2425,3,12,84,99,1.1818181818181819,0.046221117974161514,633,"Sorry Sonny, this one is only for politicians !"
787,2425,1,16,82,99,1.1818181818181819,0.041522350851192366,633,"Sorry, you’re not properly dressed for the super slide."
765,2425,3,12,84,99,1.1818181818181819,0.046221117974161514,633,WE'RE GETTING READY FOR THE DOWNWARD SLIDE OF THE COUNTRY
763,2425,2,14,83,99,1.1818181818181819,0.04393459551987973,633,"Sorry son, you're not old enough to get high."
745,2425,2,14,83,99,1.1818181818181819,0.04393459551987973,633,"Yup, just like our stock portfolios...we're sliding!"
722,2425,3,12,84,99,1.1818181818181819,0.046221117974161514,633,You'll get you're money when we're finished. We can't be unaccompanied adults!
688,2425,2,14,83,99,1.1818181818181819,0.04393459551987973,633,This one's for the inner child
611,2425,2,14,83,99,1.1818181818181819,0.04393459551987973,633,Did you forget it is bring your parents to playground week following the bring your child to work week ?
570,2425,2,14,83,99,1.1818181818181819,0.04393459551987973,633,"It's true, adults do have more fun."
556,2425,4,10,85,99,1.1818181818181819,0.048399739772722716,633,"'Sorry kid, we're from the #ustoo movement.'"
423,2425,1,16,82,99,1.1818181818181819,0.041522350851192366,633,"Please understand, most people over 40 don't care what you feel"
395,2425,2,14,83,99,1.1818181818181819,0.04393459551987973,633,We’re sent from the Government to help you have fun. Watch and learn.
394,2425,0,18,81,99,1.1818181818181819,0.038961038961038946,633,We are sliding into midlife crisis in style
385,2425,3,12,84,99,1.1818181818181819,0.046221117974161514,633,"I'm feeling a bit overdressed."""
2111,2425,0,18,81,99,1.1818181818181819,0.038961038961038946,633,"Well you can just go tell Ms. Johnson that as of today, Wilson and Sullivan LLP rule the playground!"
269,2425,4,10,85,99,1.1818181818181819,0.048399739772722716,633,He just was fired by Trump for sliding past his critics..
190,2425,1,16,82,99,1.1818181818181819,0.041522350851192366,633,"We whee, too."
148,2425,3,12,84,99,1.1818181818181819,0.046221117974161514,633,This is an exercise designed to enhance team dynamics.
856,2425,2,14,83,99,1.1818181818181819,0.04393459551987973,633,"Excuse me, son. We're the committee which tests out recreational equipment to recommend to President Trump"
925,2425,3,12,84,99,1.1818181818181819,0.046221117974161514,633,Are all  the teachers  having  break downs?
912,2425,3,12,84,99,1.1818181818181819,0.046221117974161514,633,When you grow up your turn will come.
1729,2425,2,14,83,99,1.1818181818181819,0.04393459551987973,633,You'll get your turn.  Second childhood is our priority.
1937,2425,2,14,83,99,1.1818181818181819,0.04393459551987973,633,"Sorry kid, this is Daddy's happy hour."""
1875,2425,2,14,83,99,1.1818181818181819,0.04393459551987973,633,"Sorry, kindergarten is too early for the technical ladder."
1846,2425,3,12,84,99,1.1818181818181819,0.046221117974161514,633,Are you sure I'm ready for the Grown-up Slide?
1830,2425,3,12,84,99,1.1818181818181819,0.046221117974161514,633,"Well, as the saying goes: “Live, work and play.” In that order."
1804,2425,2,14,83,99,1.1818181818181819,0.04393459551987973,633,You can use the slide once Slide Co. deems it safe
1764,2425,4,10,85,99,1.1818181818181819,0.048399739772722716,633,This way the staffers think it's a fake arrest.
1738,2425,3,12,84,99,1.1818181818181819,0.046221117974161514,633,It’s sexual. Try the other slide
931,2425,3,12,84,99,1.1818181818181819,0.046221117974161514,633,"Whose idea was this ""Bring your parent to school day?"""
1687,2425,3,12,84,99,1.1818181818181819,0.046221117974161514,633,Adult Enfantalism without a seesaw in sight.
164,2425,2,14,83,99,1.1818181818181819,0.04393459551987973,633,"Sorry Timmy, it's adult slide only from 3 to 4."""
1515,2425,4,10,85,99,1.1818181818181819,0.048399739772722716,633,"Now, son, the rules were very clear.  You are a rotten egg."
1477,2425,3,12,84,99,1.1818181818181819,0.046221117974161514,633,This one is for big people only. Your kind uses the little one.
1455,2425,2,14,83,99,1.1818181818181819,0.04393459551987973,633,Don't make me give you another timeout.
1344,2425,4,10,85,99,1.1818181818181819,0.048399739772722716,633,Sorry kid. MBAs only.
1326,2425,2,14,83,99,1.1818181818181819,0.04393459551987973,633,"Someday, son, but this is not the day."
1311,2425,4,10,85,99,1.1818181818181819,0.048399739772722716,633,I agree this represents a difficult trend for your generation's future
1168,2425,2,14,83,99,1.1818181818181819,0.04393459551987973,633,We need recess also.
1048,2425,3,12,84,99,1.1818181818181819,0.046221117974161514,633,You can wait your turn. This is the only vacation teachers get.
1543,2425,3,12,84,99,1.1818181818181819,0.046221117974161514,633,"No, Marvin, you CAN'T go down the big kids' slide!"
3460,2505,2,14,84,100,1.18,0.04353101761904371,633,"Sorry shorty, the big slide is for big boy pants."
3444,2505,2,14,84,100,1.18,0.04353101761904371,633,"Rest assured, your turn is coming."
2906,2505,1,16,83,100,1.18,0.04114522199392406,633,"Let me have this one turn, kid. It’s all I have left."
2673,2505,4,10,86,100,1.18,0.04794778304562056,633,"Listen kid we need this a lot more than you right now"""
1169,2505,2,14,84,100,1.18,0.04353101761904371,633,We are following your natural leadership.
853,2505,1,16,83,100,1.18,0.04114522199392406,633,We're doing a metaphor.
176,2505,0,18,82,100,1.18,0.0386122919665369,633,Look.....and learn!
40,2505,2,14,84,100,1.18,0.04353101761904371,633,Today is Take Your Adult Child To Work Out Some Issues Day.
3967,2513,2,13,80,95,1.1789473684210525,0.044843756048454156,633,We went to Yale.
3820,2514,4,10,87,101,1.1782178217821782,0.047504120934238225,633,We're from the ACME Slide Safety Evaluation Corporation. Now #$@% off.
2917,2515,3,11,82,96,1.1770833333333333,0.04681709386300883,633,"No, Henry, this is not ""just a slide!"" This is a ""Grown-Up Life""  training device: one moment you're at the top of the corporate ladder, the next moment you're on the pavement!"
2891,2515,3,11,82,96,1.1770833333333333,0.04681709386300883,633,We're trying to be more fluid as a family.
2890,2515,1,15,80,96,1.1770833333333333,0.04187175404195182,633,"He's ""slip-sliding away"", …..."
2879,2515,1,15,80,96,1.1770833333333333,0.04187175404195182,633,"These are the executive slides kid, see you in 20 years"""
2853,2515,2,13,81,96,1.1770833333333333,0.044413309178260335,633,Do I tell you what to do during your coffee break?
2826,2515,1,15,80,96,1.1770833333333333,0.04187175404195182,633,"It's like ""adult swim"" at the pool. It's called ""adult slide."""
2781,2515,2,13,81,96,1.1770833333333333,0.044413309178260335,633,"Son, this slide beats the heck out of the Rabbit Holes your Mom and I have been going down!"
2764,2515,5,7,84,96,1.1770833333333333,0.051287783818428426,633,You won't believe what I buried in the sandbox!
2478,2515,2,13,81,96,1.1770833333333333,0.044413309178260335,633,"Поехали! which is Russian for ""Let's go!"""
2591,2515,4,9,83,96,1.1770833333333333,0.04910334533809091,633,"No duh, this is the big kid slide"
3019,2515,3,11,82,96,1.1770833333333333,0.04681709386300883,633,"Stop kidding around, get your own."
2366,2515,2,13,81,96,1.1770833333333333,0.044413309178260335,633,"Sorry kid, you need to have crippling debt and a failed marriage to ride this slide."
2364,2515,3,11,82,96,1.1770833333333333,0.04681709386300883,633,"It's definitely boy, girl, boy, girl.  You'll have to get on the other slide."
2346,2515,2,13,81,96,1.1770833333333333,0.044413309178260335,633,We didn’t realize this is what the teachers meant by ‘taking our recess away’ for our misbehavior!
2310,2515,3,11,82,96,1.1770833333333333,0.04681709386300883,633,You're Dad now.
2081,2515,1,15,80,96,1.1770833333333333,0.04187175404195182,633,"It's OK, this one is reinforced for us big boys and big girls."
2727,2515,2,13,81,96,1.1770833333333333,0.044413309178260335,633,"Hey kid, we’re the new 10."
3034,2515,3,11,82,96,1.1770833333333333,0.04681709386300883,633,"At your age, you don't even need the slide. What could you possibly be stressed about?"
3398,2515,3,11,82,96,1.1770833333333333,0.04681709386300883,633,We’re connecting with our inner children.
3179,2515,0,17,79,96,1.1770833333333333,0.03916561682056946,633,"You pay, you play."
4206,2515,1,15,80,96,1.1770833333333333,0.04187175404195182,633,Some day this will be all yours kid.
4204,2515,5,7,84,96,1.1770833333333333,0.051287783818428426,633,"I m not going to tell you again, some things are just for grownups"
4198,2515,3,11,82,96,1.1770833333333333,0.04681709386300883,633,Stop complaining.  Just watch and learn.
4123,2515,3,11,82,96,1.1770833333333333,0.04681709386300883,633,"Get a life, kid."
4095,2515,0,17,79,96,1.1770833333333333,0.03916561682056946,633,Office bet to see if the thrill of living is gone
3876,2515,5,7,84,96,1.1770833333333333,0.051287783818428426,633,We work at a play-based office.
3813,2515,2,13,81,96,1.1770833333333333,0.044413309178260335,633,Don't worry. It's just a photo op to attract silicon valley investment.
3163,2515,2,13,81,96,1.1770833333333333,0.044413309178260335,633,"This one is for the old folks, it's the downhill slide."
3798,2515,1,15,80,96,1.1770833333333333,0.04187175404195182,633,"Stop complaining, you've got the sandbox all to yourself."
3776,2515,2,13,81,96,1.1770833333333333,0.044413309178260335,633,It’s different because of the drugs
3709,2515,3,11,82,96,1.1770833333333333,0.04681709386300883,633,"NO, THIS ONE IS FOR ""MAJOR LEAGUER"""
3661,2515,1,15,80,96,1.1770833333333333,0.04187175404195182,633,"It's not insured for kids,"
3570,2515,3,11,82,96,1.1770833333333333,0.04681709386300883,633,Midlife sliders only.
3419,2515,1,15,80,96,1.1770833333333333,0.04187175404195182,633,Parents night out
3408,2515,5,7,84,96,1.1770833333333333,0.051287783818428426,633,We're putting the Whee in our team
1974,2515,6,5,85,96,1.1770833333333333,0.053382909386992805,633,Well shouldn’t you be off adulting somewhere?
3782,2515,2,13,81,96,1.1770833333333333,0.044413309178260335,633,"No, Kenny, you CAN'T go down my big slide. I know YOUR slide is tiny, but that's what you get for being a kid. Neener, neener, NEENer!!!!"
1919,2515,3,11,82,96,1.1770833333333333,0.04681709386300883,633,Now you are learning life's lessons on the playground.
896,2515,1,15,80,96,1.1770833333333333,0.04187175404195182,633,We'll show you how to have fun.
1800,2515,1,15,80,96,1.1770833333333333,0.04187175404195182,633,"Hey, Buzz Off, kid!
It's National ""Parents Enable Themselves Day!"""
706,2515,4,9,83,96,1.1770833333333333,0.04910334533809091,633,"Sorry Jimmy, This slide is only for overweight adults. You have to share the other one with the overweight girl."
703,2515,4,9,83,96,1.1770833333333333,0.04910334533809091,633,Put on your big boy pants and use your own damned slide!
668,2515,2,13,81,96,1.1770833333333333,0.044413309178260335,633,"Sorry kid, the slide is millennials only."
642,2515,2,13,81,96,1.1770833333333333,0.044413309178260335,633,"It's called a mid-life crisis, and when you grow up, you will have one just like daddy."
632,2515,4,9,83,96,1.1770833333333333,0.04910334533809091,633,Ayn Rand will explain it all to you when you're old enough to understand bad writing.
1831,2515,1,15,80,96,1.1770833333333333,0.04187175404195182,633,Life Begins at Forty
429,2515,3,11,82,96,1.1770833333333333,0.04681709386300883,633,How does my butt look?
415,2515,4,9,83,96,1.1770833333333333,0.04910334533809091,633,"You're too young for corporate chutes & ladders."""
371,2515,3,11,82,96,1.1770833333333333,0.04681709386300883,633,Wait till you have a mortgage.
314,2515,2,13,81,96,1.1770833333333333,0.044413309178260335,633,"Sorry, but you kids have to suffer for the excesses of our generation."
284,2515,2,13,81,96,1.1770833333333333,0.044413309178260335,633,Your mother and I have decided: no cuts.
252,2515,4,9,83,96,1.1770833333333333,0.04910334533809091,633,Does your company pay you to play? I didn't think so.
193,2515,1,15,80,96,1.1770833333333333,0.04187175404195182,633,We're practicing for the next big stock market crash.
178,2515,2,13,81,96,1.1770833333333333,0.044413309178260335,633,Be nice to those you meet on the way up because you will meet them when you slide down
136,2515,4,9,83,96,1.1770833333333333,0.04910334533809091,633,You should see the wheelchair slide for grandparents.
95,2515,4,9,83,96,1.1770833333333333,0.04910334533809091,633,"This is the dark money slide, kid."
15,2515,0,17,79,96,1.1770833333333333,0.03916561682056946,633,I was with Toys R Us and this is the only corporate ladder that remains.
734,2515,1,15,80,96,1.1770833333333333,0.04187175404195182,633,Uncle Ed just paroled and this is what he wants to do.  It could be worse.
785,2515,1,15,80,96,1.1770833333333333,0.04187175404195182,633,"It's all about scale and proportion, do you see?"
583,2515,1,15,80,96,1.1770833333333333,0.04187175404195182,633,"It's called ""Second Childhood"".  Ask your teacher."
827,2515,3,11,82,96,1.1770833333333333,0.04681709386300883,633,"Sorry, Billy.  We're the New Big Kids on the Block!"
793,2515,3,11,82,96,1.1770833333333333,0.04681709386300883,633,"Pay attention now, it’s a lesson in how to let stuff slide!"
1647,2515,2,13,81,96,1.1770833333333333,0.044413309178260335,633,"Adults donated to build this children's park so bottom line is bull---walks, money talks."
1574,2515,2,13,81,96,1.1770833333333333,0.044413309178260335,633,We are trying out the  effects of the President's new tariffs.
1573,2515,2,13,81,96,1.1770833333333333,0.044413309178260335,633,"Two seconds of relief, little man, two seconds of relief."
1557,2515,3,11,82,96,1.1770833333333333,0.04681709386300883,633,"Get lost, kid, this is our turf."
1535,2515,2,13,81,96,1.1770833333333333,0.044413309178260335,633,"Well I'm not gonna sit here and pretend like working for a playground construction company doesn't have its perks...anyway what are YOU doing here?"""
1421,2515,2,13,81,96,1.1770833333333333,0.044413309178260335,633,"Sorry, the slide is for children.  This frictionless plane is for adults only."
1393,2515,1,15,80,96,1.1770833333333333,0.04187175404195182,633,"Sorry, but we need to practice climbing the corporate ladder."
1680,2515,0,17,79,96,1.1770833333333333,0.03916561682056946,633,One more time than I’ll go back to work!
1330,2515,1,15,80,96,1.1770833333333333,0.04187175404195182,633,"Why do grownups get all the good rides?""

Barbara Druskoff
867 El Caminito Rd. 
Fallbrook, CA 92028
760 723 045"
1288,2515,3,11,82,96,1.1770833333333333,0.04681709386300883,633,We're practicing to run for president.
1279,2515,2,13,81,96,1.1770833333333333,0.044413309178260335,633,"Hey kid, the line is 30 years for this one."
1209,2515,4,9,83,96,1.1770833333333333,0.04910334533809091,633,"When you're a little taller, you can go on the big people slide."
1118,2515,3,11,82,96,1.1770833333333333,0.04681709386300883,633,PAPA I HAVE PRESSURE .MAY I GO FIRST  ON SLIDE
1066,2515,3,11,82,96,1.1770833333333333,0.04681709386300883,633,"Father: ""No son, this is only for grown-ups"" Son: Wow, I guess this is a slide where adults are young again"""
867,2515,2,13,81,96,1.1770833333333333,0.044413309178260335,633,"We're still getting paid for this, right?"
1373,2515,0,17,79,96,1.1770833333333333,0.03916561682056946,633,"No, not everything gets better."
2486,2593,0,17,80,97,1.175257731958763,0.03880271405716913,633,"We never played well in the sandbox, either"
2592,2593,3,11,83,97,1.175257731958763,0.04636788236602624,633,"Oh, we're not playing, we're enacting the 'Stages of Business Life.'"
4334,2593,1,15,81,97,1.175257731958763,0.04147803334904919,633,First you have to get your MBA.
2863,2593,2,13,82,97,1.175257731958763,0.04399095228347804,633,"Hey, kid, this isn't scary, is it?"
2914,2593,2,13,82,97,1.175257731958763,0.04399095228347804,633,"Graduate 8th grade, graduate high school, get a b.s. in accounting from a middling college, work your way up to assistant manager, then you can enjoy the big rewards. Now scram."
3023,2593,4,9,84,97,1.175257731958763,0.048628768721941266,633,"It's for your protection son. All of us at the agency do whatever it takes to protect all consumers."""
3044,2593,2,13,82,97,1.175257731958763,0.04399095228347804,633,"I was here first, Dustin. Sad!"
3404,2593,3,11,83,97,1.175257731958763,0.04636788236602624,633,"This is the best it's gonna get, kid!"
3267,2593,2,13,82,97,1.175257731958763,0.04399095228347804,633,And for only 15 cents more you can add metal burn cover to your policy.
3279,2593,3,11,83,97,1.175257731958763,0.04636788236602624,633,"Sorry kid, our experts have to try it out first."
3563,2593,1,15,81,97,1.175257731958763,0.04147803334904919,633,Your therapist was right....you are an old soul
4008,2593,1,15,81,97,1.175257731958763,0.04147803334904919,633,May I see some ID?
4063,2593,0,17,80,97,1.175257731958763,0.03880271405716913,633,Sorry!  You are not tall enough for this slide
4276,2593,1,15,81,97,1.175257731958763,0.04147803334904919,633,"This is our economy kid, you'll just have to wait your turn."
2044,2593,3,11,83,97,1.175257731958763,0.04636788236602624,633,No shorts allowed.
3124,2593,2,13,82,97,1.175257731958763,0.04399095228347804,633,"There were some mistakes in your execution, but I’ll let them slide. Now watch how it’s done."
1969,2593,1,15,81,97,1.175257731958763,0.04147803334904919,633,"So what, kid, you want to make something of it?"
2782,2593,3,11,83,97,1.175257731958763,0.04636788236602624,633,"Son, five more minutes...pleaseeeee"
1682,2593,1,15,81,97,1.175257731958763,0.04147803334904919,633,You’ll get to your big slide down when you grow up.
42,2593,2,13,82,97,1.175257731958763,0.04399095228347804,633,"Sorry, no 'half-off' discounts on couples therapy."
384,2593,2,13,82,97,1.175257731958763,0.04399095228347804,633,"I know you are scared, but there is nothing to be scared of on the little slide... debatable"
404,2593,4,9,84,97,1.175257731958763,0.048628768721941266,633,"One day my boy, you'll be an adult like us and need to start taking life seriously. Now watch me this time!"
505,2593,3,11,83,97,1.175257731958763,0.04636788236602624,633,The whee is not here for you.  Go back to mini-whee.
808,2593,2,13,82,97,1.175257731958763,0.04399095228347804,633,"sorry, this ones  just people who feel young"
830,2593,4,9,84,97,1.175257731958763,0.048628768721941266,633,"Pick a slide of your own, kid, and shut up."
1005,2593,1,15,81,97,1.175257731958763,0.04147803334904919,633,"You can take our mortgage from here, right, Buddy?"
336,2593,2,13,82,97,1.175257731958763,0.04399095228347804,633,"Sorry, kid.  This one's for adults only."
1229,2593,3,11,83,97,1.175257731958763,0.04636788236602624,633,What? You've never seen three adults in business attire dominate the playground before?
1337,2593,2,13,82,97,1.175257731958763,0.04399095228347804,633,"Buzz off kid, I'm prepping for the next round of tariffs."
1377,2593,2,13,82,97,1.175257731958763,0.04399095228347804,633,"Wait your turn on Bring Your Kids to School Day, Billy."
1397,2593,1,15,81,97,1.175257731958763,0.04147803334904919,633,And to think that they were skeptical about universal basic income
1510,2593,3,11,83,97,1.175257731958763,0.04636788236602624,633,"""When we're through"
1773,2593,0,17,80,97,1.175257731958763,0.03880271405716913,633,"If you have no children, there’s no need to grow."
1135,2593,2,13,82,97,1.175257731958763,0.04399095228347804,633,"Not until you are ready to act like a child"""
2923,2627,1,15,82,98,1.1734693877551021,0.04109154006947437,633,"Well, the sign didn't say anything about adults."
2953,2627,2,13,83,98,1.1734693877551021,0.043576462694968975,633,"Are we in touch with our inner child yet, dear?"
3099,2627,4,9,85,98,1.1734693877551021,0.048163211816236194,633,"Whoever plays at Georgetown Prep, stays at Georgetown Prep."
3365,2627,4,9,85,98,1.1734693877551021,0.048163211816236194,633,"You see, son, this is a lesson on sharing."
3372,2627,2,13,83,98,1.1734693877551021,0.043576462694968975,633,Wait until you get a meeting canceled at the last minute!
3380,2627,1,15,82,98,1.1734693877551021,0.04109154006947437,633,"Sure, I’ll tell you how to handle those bullies...right after my next turn."
3670,2627,0,17,81,98,1.1734693877551021,0.038446342212964967,633,What happens here stays in this playground.
3582,2627,3,11,84,98,1.1734693877551021,0.04592713290344639,633,"Hey kid, this is the grown-ups slide!"
3899,2627,1,15,82,98,1.1734693877551021,0.04109154006947437,633,"Well, my lad, you'll understand once you get into the work force."
4017,2627,2,13,83,98,1.1734693877551021,0.043576462694968975,633,"Sorry!  Since the administration removed the teeter-totter, merry-go-round, and jungle gym, this is the only fun thing
 left to do on our lunch hour!"
4058,2627,1,15,82,98,1.1734693877551021,0.04109154006947437,633,"You may want to put on long pants in the future before climbing this ladder, son, so it wont burn you on the way down."
2734,2627,2,13,83,98,1.1734693877551021,0.043576462694968975,633,"It's a game adults play called Downsizing.  It helps them learn how to enjoy being fired."""
3480,2627,1,15,82,98,1.1734693877551021,0.04109154006947437,633,Can too.  We're team building.
2555,2627,3,11,84,98,1.1734693877551021,0.04592713290344639,633,"Hey Brett, grab Orin and the girls, my dad got us a keg"
2298,2627,2,13,83,98,1.1734693877551021,0.043576462694968975,633,"Sorry kid. He’s a Democrat, so he’s feeling a little giddy right now"
812,2627,1,15,82,98,1.1734693877551021,0.04109154006947437,633,"When you're older you will learn how to ""slide by."""
1897,2627,2,13,83,98,1.1734693877551021,0.043576462694968975,633,We're here because our parents wouldn't let us play on the jungle gym.
1661,2627,2,13,83,98,1.1734693877551021,0.043576462694968975,633,"Sorry son, this is daddy's 'Whee' time"
1640,2627,1,15,82,98,1.1734693877551021,0.04109154006947437,633,You will understand when you are old enough.
1217,2627,2,13,83,98,1.1734693877551021,0.043576462694968975,633,"I've had a rough week, Timmy. Let me have this one."
1203,2627,2,13,83,98,1.1734693877551021,0.043576462694968975,633,"We just want to show you how it's supposed to be done, kid."
872,2627,0,17,81,98,1.1734693877551021,0.038446342212964967,633,"Sorry for cutting, kid, but our parents are waiting for us."
851,2627,2,13,83,98,1.1734693877551021,0.043576462694968975,633,This slide is too big for you.
553,2627,3,11,84,98,1.1734693877551021,0.04592713290344639,633,Your mother and I are Crash of ‘87 deprived children.
347,2627,1,15,82,98,1.1734693877551021,0.04109154006947437,633,"No, this is just for frequent sliders."
128,2627,2,13,83,98,1.1734693877551021,0.043576462694968975,633,"Well, it's not child's play."
2425,2627,2,13,83,98,1.1734693877551021,0.043576462694968975,633,"Today is adult play day.
 Go home!"
2823,2654,1,14,78,93,1.1720430107526882,0.04221446145523714,633,"Sorry, kid, but this one is for TSA pre-check."
2794,2654,3,10,80,93,1.1720430107526882,0.047429620885569776,633,"This is the adult slide, Shorty."
2656,2654,2,12,79,93,1.1720430107526882,0.04489782674754191,633,"We have a PhD Billy, you know the rule."
3039,2654,2,12,79,93,1.1720430107526882,0.04489782674754191,633,"When you grow up, you'll understand the true meaning of ""all work and no play"""
2671,2654,1,14,78,93,1.1720430107526882,0.04221446145523714,633,Just wait till you try to draw down social security.
2762,2654,2,12,79,93,1.1720430107526882,0.04489782674754191,633,"Life is fleeting.  Enjoy the ride!"""
3156,2654,3,10,80,93,1.1720430107526882,0.047429620885569776,633,"Sorry, you're not mature enough."
3871,2654,3,10,80,93,1.1720430107526882,0.047429620885569776,633,It's our hemorrhoid therapy day kid.
3341,2654,3,10,80,93,1.1720430107526882,0.047429620885569776,633,The linen makes you slide faster.
3370,2654,1,14,78,93,1.1720430107526882,0.04221446145523714,633,This is the ‘grown-up’ slide kid.
3386,2654,2,12,79,93,1.1720430107526882,0.04489782674754191,633,Sorry son. The ‘Menage a Trois’ slide  requires proof of deviant sexual behavior.
3770,2654,2,12,79,93,1.1720430107526882,0.04489782674754191,633,This is the adult slide son; don’t be in a hurry to grow up.
3806,2654,3,10,80,93,1.1720430107526882,0.047429620885569776,633,Sorry. We have this one reserved until 4 p.m.
3862,2654,2,12,79,93,1.1720430107526882,0.04489782674754191,633,The boss told us to release our inner child.
3182,2654,1,14,78,93,1.1720430107526882,0.04221446145523714,633,"No, it's true. The corporate ladder is still just a ladder."
2628,2654,1,14,78,93,1.1720430107526882,0.04221446145523714,633,My lunch hour; my slide.
3974,2654,1,14,78,93,1.1720430107526882,0.04221446145523714,633,Bet you don't even know what TGIF stands for Dummy!
2429,2654,2,12,79,93,1.1720430107526882,0.04489782674754191,633,We really are the one percent.
2605,2654,1,14,78,93,1.1720430107526882,0.04221446145523714,633,Flight attendant cosplay. You?
227,2654,1,14,78,93,1.1720430107526882,0.04221446145523714,633,"Federal Bureau of Overprotective Parents, Sir. We have a warrant to test this equipment."
449,2654,3,10,80,93,1.1720430107526882,0.047429620885569776,633,"Life's lesson son, don't aspire to grownups fun."
565,2654,2,12,79,93,1.1720430107526882,0.04489782674754191,633,You'll understand when you're my age.
910,2654,1,14,78,93,1.1720430107526882,0.04221446145523714,633,"Hey Mister, is this what they mean by “over the hill?”"
1013,2654,1,14,78,93,1.1720430107526882,0.04221446145523714,633,My stress is bigger than yours. No backs!
467,2654,2,12,79,93,1.1720430107526882,0.04489782674754191,633,It's my inner child's turn.
1714,2654,3,10,80,93,1.1720430107526882,0.047429620885569776,633,"No.. all I said was, it's rude to do this."
1851,2654,3,10,80,93,1.1720430107526882,0.047429620885569776,633,"Age before puny, son."
1902,2654,2,12,79,93,1.1720430107526882,0.04489782674754191,633,We are reconnecting with our inner child.
2246,2654,3,10,80,93,1.1720430107526882,0.047429620885569776,633,"Sorry, kid. It's straight edge happy hour."
2267,2654,3,10,80,93,1.1720430107526882,0.047429620885569776,633,I've taught your Mom and she's really good now
2327,2654,2,12,79,93,1.1720430107526882,0.04489782674754191,633,When you get to wear 'Big-boy pants'.
1623,2654,2,12,79,93,1.1720430107526882,0.04489782674754191,633,"Among other things, yes.  The bigger question is why you are here on an in-service day."
3449,2686,2,12,80,94,1.1702127659574468,0.04445531425009222,633,We got here first kid so go play in the sandbox.
2133,2686,2,12,80,94,1.1702127659574468,0.04445531425009222,633,Adults only!
2408,2686,1,14,79,94,1.1702127659574468,0.04180304254081611,633,"'""Beat it somewhere else kid...and STOP looking up her skirt..."""
3050,2686,1,14,79,94,1.1702127659574468,0.04180304254081611,633,I'll let you cut in on me in the rat race.
3161,2686,2,12,80,94,1.1702127659574468,0.04445531425009222,633,Use the other one kid.  We gotta have fun too.
3314,2686,1,14,79,94,1.1702127659574468,0.04180304254081611,633,"Will you please try not to wiz on this ride, too !"
3391,2686,2,12,80,94,1.1702127659574468,0.04445531425009222,633,"Be patient, son. It takes awhile to embrace the prospect of  deliberately climbing a ladder just so some part of your body can hit the ground at full speed. But after a time, it's all you'll ever want to do."
3476,2686,1,14,79,94,1.1702127659574468,0.04180304254081611,633,Don’t make me subpoena your middle name.
4054,2686,1,14,79,94,1.1702127659574468,0.04180304254081611,633,This is really about sliding out of problems.
3509,2686,2,12,80,94,1.1702127659574468,0.04445531425009222,633,Because my smart watch said so.
3603,2686,1,14,79,94,1.1702127659574468,0.04180304254081611,633,I'll meet you in the sandbox after my next turn.
3850,2686,2,12,80,94,1.1702127659574468,0.04445531425009222,633,I need to see some ID.
3997,2686,1,14,79,94,1.1702127659574468,0.04180304254081611,633,This isn't kids' stuff. You'll understand when you're older.
2063,2686,0,16,78,94,1.1702127659574468,0.03897067828847878,633,The grownups are in charge now
4107,2686,4,8,82,94,1.1702127659574468,0.04933392508086898,633,"Please, kid. This is the best part of our week."
4115,2686,3,10,81,94,1.1702127659574468,0.046958019171166314,633,We're just grabbing a little whee time.
3501,2686,3,10,81,94,1.1702127659574468,0.046958019171166314,633,"Okay, I'll ask him to tone it down."
1987,2686,0,16,78,94,1.1702127659574468,0.03897067828847878,633,"Dentists only, kid."
3723,2686,2,12,80,94,1.1702127659574468,0.04445531425009222,633,Sorry kid. The corporate cuts really hit our team-building budget this quarter.
1672,2686,4,8,82,94,1.1702127659574468,0.04933392508086898,633,We used to be circus folk.
1735,2686,2,12,80,94,1.1702127659574468,0.04445531425009222,633,"You can be anything you want. Don’t look up to me, kid."
49,2686,2,12,80,94,1.1702127659574468,0.04445531425009222,633,"Sorry, Timmy. Only premium park users can ride today. Come back on Wednesday."
256,2686,2,12,80,94,1.1702127659574468,0.04445531425009222,633,"Now that the kids no longer do the physical, we have it all to ourselves!"
357,2686,2,12,80,94,1.1702127659574468,0.04445531425009222,633,We cheat by riding on sheets of waxed paper.
403,2686,2,12,80,94,1.1702127659574468,0.04445531425009222,633,"You can have a turn on the big slide once you start paying taxes, you freeloader"
487,2686,1,14,79,94,1.1702127659574468,0.04180304254081611,633,"These days, Johnny, most adults need a lawyer to have fun."
714,2686,3,10,81,94,1.1702127659574468,0.046958019171166314,633,Go play in the sandbox kid- This is for grownups
566,2686,4,8,82,94,1.1702127659574468,0.04933392508086898,633,"One day, Simba, all of this will be yours."
905,2686,1,14,79,94,1.1702127659574468,0.04180304254081611,633,This is the adult-only slide
1020,2686,2,12,80,94,1.1702127659574468,0.04445531425009222,633,This will teach you to respect your elders.
1027,2686,0,16,78,94,1.1702127659574468,0.03897067828847878,633,"When you're an adult everything scares you, so what-the-hell!"
1091,2686,3,10,81,94,1.1702127659574468,0.046958019171166314,633,"No one cares, kid."
1441,2686,2,12,80,94,1.1702127659574468,0.04445531425009222,633,Go cry to mommy about it.
1586,2686,2,12,80,94,1.1702127659574468,0.04445531425009222,633,...and this is how we Trump supporters entertain ourselves.
873,2686,2,12,80,94,1.1702127659574468,0.04445531425009222,633,"Oh come on Jimmy, go back to your sister, your parents need some fun."
2636,2721,2,12,81,95,1.168421052631579,0.0440213517849933,633,hey mister...how come you guys all smell like skunk?
2721,2721,4,8,83,95,1.168421052631579,0.04884473097935025,633,"Sorry, this one is for grown=up kids."
1794,2721,3,10,82,95,1.168421052631579,0.0464956296732458,633,"""Just wait your turn. Maybe twenty years."""
1365,2721,1,14,80,95,1.168421052631579,0.04139945950425743,633,"listen, son....you must be 21 or older fro this one."
401,2721,2,12,81,95,1.168421052631579,0.0440213517849933,633,I want both your feet out of that lava by the time I get back from space.
1522,2726,0,16,80,96,1.1666666666666667,0.03823595564509364,633,It's easier than trying to describe to you what to do.
2358,2727,1,13,77,91,1.164835164835165,0.04211657832030713,633,"I don't care what your qualifications are, no cutsies."
3140,2727,1,13,77,91,1.164835164835165,0.04211657832030713,633,Just five more minutes.
3076,2727,1,13,77,91,1.164835164835165,0.04211657832030713,633,"Quiet kid, my mom said I’m too old to be single but I told her that 40 is too young, wait a minute.....son?"
3066,2727,3,9,79,91,1.164835164835165,0.047562660331514815,633,Life slides past you fast kid.
3059,2727,2,11,78,91,1.164835164835165,0.04492222627620774,633,"Excuse me sir this is our recess."" ""Yeah, me too kid."
2877,2727,4,7,80,91,1.164835164835165,0.0500640280242341,633,This is different. You're too young to understand.
2808,2727,2,11,78,91,1.164835164835165,0.04492222627620774,633,Do you get a little nauseous on the way down too?
2741,2727,3,9,79,91,1.164835164835165,0.047562660331514815,633,This slide is addictive.  Once you go down it you can never ever stop.
2597,2727,3,9,79,91,1.164835164835165,0.047562660331514815,633,"Get a job, kid."
3141,2727,3,9,79,91,1.164835164835165,0.047562660331514815,633,"Sorry, son, this is for hedge fun traders only."
2567,2727,2,11,78,91,1.164835164835165,0.04492222627620774,633,"Sorry, you have to be over 5 feet tall and over 200 pounds to ride the big kid slide!"
2524,2727,3,9,79,91,1.164835164835165,0.047562660331514815,633,"Sure it looks fun, but you would not believe the tax bracket it puts me into."
2488,2727,2,11,78,91,1.164835164835165,0.04492222627620774,633,This has really helped me to work out feelings of belonging. I should have done this years ago.
2453,2727,2,11,78,91,1.164835164835165,0.04492222627620774,633,The small one is for kids
2417,2727,0,15,76,91,1.164835164835165,0.039110176747367435,633,Just follow your slide coaches.
2411,2727,1,13,77,91,1.164835164835165,0.04211657832030713,633,"When you get to be my age, you'll understand."
2359,2727,1,13,77,91,1.164835164835165,0.04211657832030713,633,It’s too dangerous for you Tommy
3143,2727,2,11,78,91,1.164835164835165,0.04492222627620774,633,"""Step aside kid, let me show you how the pros do it"""
3569,2727,1,13,77,91,1.164835164835165,0.04211657832030713,633,"Sorry kid,they're not here. This slide's restricted to those searching for their inner child."
3252,2727,2,11,78,91,1.164835164835165,0.04492222627620774,633,I’ll look slimmer with the jacket on when you post this on Instagram.
2314,2727,2,11,78,91,1.164835164835165,0.04492222627620774,633,"Not now, son. This is an important board meeting."
4264,2727,4,7,80,91,1.164835164835165,0.0500640280242341,633,"I gave you my weekly lunch stipend yesterday, please don't hit me again"
4215,2727,1,13,77,91,1.164835164835165,0.04211657832030713,633,The slide for “shorts” is behind you!
4047,2727,3,9,79,91,1.164835164835165,0.047562660331514815,633,"You can have this back, kid, when OUR nightmare is over"
3946,2727,3,9,79,91,1.164835164835165,0.047562660331514815,633,Can't we just for once let 'This Week's Contest' slide?
3736,2727,3,9,79,91,1.164835164835165,0.047562660331514815,633,Watch and learn how Daddy slides backwards!
3645,2727,3,9,79,91,1.164835164835165,0.047562660331514815,633,"Behind every mediocre shlub is an equally mediocre woman;  welcome to the real world, son!"
3180,2727,3,9,79,91,1.164835164835165,0.047562660331514815,633,"Stop complaining, Steven. Can't you see that Daddy is trying to forget about the pressures of society in this increasingly nihilistic world?"
3605,2727,2,11,78,91,1.164835164835165,0.04492222627620774,633,You'll have to wait until all the all the joy of youth is crushed.
3484,2727,2,11,78,91,1.164835164835165,0.04492222627620774,633,Next time we'll use a material with less friction.
3473,2727,2,11,78,91,1.164835164835165,0.04492222627620774,633,Pre-Retirement Seminar.
3436,2727,1,13,77,91,1.164835164835165,0.04211657832030713,633,"The lonely, the confused, and the adults."
3433,2727,2,11,78,91,1.164835164835165,0.04492222627620774,633,"Listen Billy, one must always have fun with the utmost seriousness."
3432,2727,1,13,77,91,1.164835164835165,0.04211657832030713,633,"Sorry, this one is for sliding into mid-life crisis."
3373,2727,0,15,76,91,1.164835164835165,0.039110176747367435,633,They put this one up as part of an age discrimination settlement.
3364,2727,3,9,79,91,1.164835164835165,0.047562660331514815,633,"Sorry, necktie required here"
3497,2727,2,11,78,91,1.164835164835165,0.04492222627620774,633,OK Jimmy - It's time to put on your big boy pants
2080,2727,2,11,78,91,1.164835164835165,0.04492222627620774,633,It's about time they instituted bring your parent to school day.
2270,2727,2,11,78,91,1.164835164835165,0.04492222627620774,633,Minimum height for this slide is 4 feet!
79,2727,3,9,79,91,1.164835164835165,0.047562660331514815,633,"Sorry, kid. This one's for inner children only."
1195,2727,1,13,77,91,1.164835164835165,0.04211657832030713,633,This is why the Park & Rec department aren't taken seriously anymore.
1117,2727,2,11,78,91,1.164835164835165,0.04492222627620774,633,This is our prep period.
1058,2727,4,7,80,91,1.164835164835165,0.0500640280242341,633,Cuts?! How much property tax did YOU pay last year?! Yeah. That’s what I thought. Cuts.
1025,2727,2,11,78,91,1.164835164835165,0.04492222627620774,633,"Sorry kid, but the short-pants slide is over there."
915,2727,2,11,78,91,1.164835164835165,0.04492222627620774,633,"use the other one, we have to go back to work in a few minutes"
824,2727,4,7,80,91,1.164835164835165,0.0500640280242341,633,We got sent back for not playing nicely.
730,2727,1,13,77,91,1.164835164835165,0.04211657832030713,633,"These days, adults need ways to forget what's happening in Washington and have some childlike fun."
519,2727,4,7,80,91,1.164835164835165,0.0500640280242341,633,This one's for the big kids.
362,2727,3,9,79,91,1.164835164835165,0.047562660331514815,633,"Don't worry son, is not fun not at all!"
307,2727,2,11,78,91,1.164835164835165,0.04492222627620774,633,"Wait. Wait a long time. 
You must be very old to ride this one."
282,2727,2,11,78,91,1.164835164835165,0.04492222627620774,633,You don’t meet the height or age requirement yet.
276,2727,1,13,77,91,1.164835164835165,0.04211657832030713,633,"Listen, when the principal starts forcing you to buy the slides, then we'll discuss dibs."
172,2727,2,11,78,91,1.164835164835165,0.04492222627620774,633,"Once we finished our coloring books, what else were we gonna do?"
33,2727,1,13,77,91,1.164835164835165,0.04211657832030713,633,"Hey listen, Life is a mix of Rise & Fall. Just enjoy it at all the time."
2040,2727,2,11,78,91,1.164835164835165,0.04492222627620774,633,Can It.  We need recess more.
1236,2727,1,13,77,91,1.164835164835165,0.04211657832030713,633,"Buzz off, kid. House Committee for Ensuring Quality Child Playtime gets the good slide."
1242,2727,1,13,77,91,1.164835164835165,0.04211657832030713,633,"Yeah, well life isn't fair."
889,2727,3,9,79,91,1.164835164835165,0.047562660331514815,633,We're reinventing adult entertainment.
1254,2727,1,13,77,91,1.164835164835165,0.04211657832030713,633,I can't stop and explain.  I only have 10 minutes before I  am back at my desk increasing shareholder value.
2013,2727,1,13,77,91,1.164835164835165,0.04211657832030713,633,"Son, the grownups are busy here."
1245,2727,0,15,76,91,1.164835164835165,0.039110176747367435,633,"Son, this is a private company event."
1839,2727,3,9,79,91,1.164835164835165,0.047562660331514815,633,"Sorry kid, this kind of fun is only for adults"
1822,2727,2,11,78,91,1.164835164835165,0.04492222627620774,633,You’ll have to wait till your second childhood.
1765,2727,3,9,79,91,1.164835164835165,0.047562660331514815,633,The baby boomers screwed us all so we're in the same boat.
1759,2727,2,11,78,91,1.164835164835165,0.04492222627620774,633,Haven’t you heard? It’s take yourself to recess day.
1706,2727,3,9,79,91,1.164835164835165,0.047562660331514815,633,"Sorry kid, but this slippery slope is for ill-intentioned adults only."
1542,2727,2,11,78,91,1.164835164835165,0.04492222627620774,633,"""It's a sanctuary playground... that's why."""
1926,2727,1,13,77,91,1.164835164835165,0.04211657832030713,633,This is a corporate outing. Would you mind using the other facilities?
1519,2727,3,9,79,91,1.164835164835165,0.047562660331514815,633,"Forget it, Jake. It's 2018."
1412,2727,2,11,78,91,1.164835164835165,0.04492222627620774,633,"Go into the gin mill across the street and get me back my car keys, then you can have the slide."
1369,2727,1,13,77,91,1.164835164835165,0.04211657832030713,633,Have you gotten your Real ID yet?
1305,2727,2,11,78,91,1.164835164835165,0.04492222627620774,633,"Hey, helicopter parents are allowed to have fun too."
1293,2727,3,9,79,91,1.164835164835165,0.047562660331514815,633,"It has to do with sex, you wouldn't understand."
1277,2727,1,13,77,91,1.164835164835165,0.04211657832030713,633,Wait  till you  pay  your  dues  kid
1527,2727,2,11,78,91,1.164835164835165,0.04492222627620774,633,Maybe when you're old enough to think this was ever fun.
1603,2802,0,16,82,98,1.163265306122449,0.037527961525778745,633,"Look kid, you wanna play on a slide, get out there and float an ipo, then get lots of dough, quit to”be with the fam more”, then buy yourself one.  This one is ours."
3198,2803,0,14,74,88,1.1590909090909092,0.039213678081561475,633,"My mom said, you can't play on this slide!"
3133,2803,2,10,76,88,1.1590909090909092,0.045389190215201616,633,"Don't patronize me, Tim."
3092,2803,1,12,75,88,1.1590909090909092,0.04241397845684892,633,"If he goes down,we all go down."
3008,2803,1,12,75,88,1.1590909090909092,0.04241397845684892,633,If you want to play with the big boys you'll have to grow up.
2995,2803,0,14,74,88,1.1590909090909092,0.039213678081561475,633,The sandbox is also off limits.
2910,2803,3,8,77,88,1.1590909090909092,0.04818102954737957,633,"Now, dear, I'll show you how to go backwards in time"
2667,2803,0,14,74,88,1.1590909090909092,0.039213678081561475,633,Wait for your turn kid. My 150$ hour therapist says my inner child needs to go down that slide
2726,2803,0,14,74,88,1.1590909090909092,0.039213678081561475,633,"No, you can't use this grown-up one.  Go over there and give her a little push."
2679,2803,1,12,75,88,1.1590909090909092,0.04241397845684892,633,Obviously business in on the slide again.
2648,2803,2,10,76,88,1.1590909090909092,0.045389190215201616,633,This slide is only for analysts. Please go back to your little slide and write my PowerPoint because you will never be an analyst.
2557,2803,1,12,75,88,1.1590909090909092,0.04241397845684892,633,All work and no play makes you a dull boy...you'll get it when you're older.
2548,2803,1,12,75,88,1.1590909090909092,0.04241397845684892,633,Size matters.
3239,2803,2,10,76,88,1.1590909090909092,0.045389190215201616,633,"Wait your turn, kid."
2766,2803,1,12,75,88,1.1590909090909092,0.04241397845684892,633,"Sorry, kid. You don’t meet the height requirement."
3286,2803,2,10,76,88,1.1590909090909092,0.045389190215201616,633,We need a weeeee too.
1995,2803,2,10,76,88,1.1590909090909092,0.045389190215201616,633,It's a new model for the stock market.
3427,2803,1,12,75,88,1.1590909090909092,0.04241397845684892,633,He's retiring from Google.
2307,2803,3,8,77,88,1.1590909090909092,0.04818102954737957,633,"If you want to ride the Big Slide, you've got to pay your dues in the Sandbox."
4271,2803,2,10,76,88,1.1590909090909092,0.045389190215201616,633,We told our boss we wanted to climb the coroporate ladder... then he bought us this
4179,2803,4,6,78,88,1.1590909090909092,0.05081972676135885,633,"Act your age, kid."
4065,2803,1,12,75,88,1.1590909090909092,0.04241397845684892,633,It sure is fun once you reach the top of the Corporate Ladder.
3920,2803,2,10,76,88,1.1590909090909092,0.045389190215201616,633,Trust me when I tell you it’s a slippery slope.
3898,2803,1,12,75,88,1.1590909090909092,0.04241397845684892,633,We had this slide reserved for 12:15pm.
3325,2803,0,14,74,88,1.1590909090909092,0.039213678081561475,633,"Why?  Yes, you're right, both  are shaped like the Gaussian probability density function,  but ours has a variance of  0.5. Your variance is 1."
3893,2803,3,8,77,88,1.1590909090909092,0.04818102954737957,633,"Sorry, but you need an AARP membership card
to use this one."""
3759,2803,3,8,77,88,1.1590909090909092,0.04818102954737957,633,"Don't even think about it, kid."
3690,2803,2,10,76,88,1.1590909090909092,0.045389190215201616,633,We are in transition mode to retirement...wait your turn kid.
3644,2803,2,10,76,88,1.1590909090909092,0.045389190215201616,633,"Can't you see I'm busy? If you can't hold it, use the sandbox."
3549,2803,2,10,76,88,1.1590909090909092,0.045389190215201616,633,"Our taxes paid for this playground, and we'll use it when we darn well want to. And we want to."
3477,2803,2,10,76,88,1.1590909090909092,0.045389190215201616,633,Just rub some wax paper on your shooty shoot.
3438,2803,2,10,76,88,1.1590909090909092,0.045389190215201616,633,You've got to be as high as me to ride this ride.
3839,2803,1,12,75,88,1.1590909090909092,0.04241397845684892,633,Sorry kid. You're not ready for the Slippery Slope.
2269,2803,0,14,74,88,1.1590909090909092,0.039213678081561475,633,"Sorry kid, from 12 to 3  is the 'witchng hour'  reserved for the child inside us adults""."
1488,2803,1,12,75,88,1.1590909090909092,0.04241397845684892,633,"You're NOT my Mother, KID!"
2027,2803,1,12,75,88,1.1590909090909092,0.04241397845684892,633,"Sorry kid but you're too young to understand the importance of metaphor to us Wall Street types."""
66,2803,1,12,75,88,1.1590909090909092,0.04241397845684892,633,That's the problem with your generation. You dress like children.
88,2803,2,10,76,88,1.1590909090909092,0.045389190215201616,633,We need this.
93,2803,1,12,75,88,1.1590909090909092,0.04241397845684892,633,We didn’t run it by HR or Legal.
204,2803,1,12,75,88,1.1590909090909092,0.04241397845684892,633,"Scram kid, we all are desperately trying to find our inner child."
231,2803,2,10,76,88,1.1590909090909092,0.045389190215201616,633,You'll understand when you grow up son.
299,2803,3,8,77,88,1.1590909090909092,0.04818102954737957,633,They're in the 99th percentile.
446,2803,1,12,75,88,1.1590909090909092,0.04241397845684892,633,They’ll only hire us if we know Slides.
464,2803,1,12,75,88,1.1590909090909092,0.04241397845684892,633,"Look kid, the key to success is to work hard, and play even harder."
2241,2803,3,8,77,88,1.1590909090909092,0.04818102954737957,633,We already have adult coloring books. Why not slides?
499,2803,1,12,75,88,1.1590909090909092,0.04241397845684892,633,"Sorry, our boss asked us to work on the slides."
601,2803,0,14,74,88,1.1590909090909092,0.039213678081561475,633,We at quality control take our job seriously.
637,2803,3,8,77,88,1.1590909090909092,0.04818102954737957,633,You’re no son of mine.
783,2803,1,12,75,88,1.1590909090909092,0.04241397845684892,633,"Sorry, kid, opioid crisis."
893,2803,1,12,75,88,1.1590909090909092,0.04241397845684892,633,Yours is just a slide son ... ours is a symbol of political morality
897,2803,1,12,75,88,1.1590909090909092,0.04241397845684892,633,"Go back to the bunny hill, kid."
489,2803,0,14,74,88,1.1590909090909092,0.039213678081561475,633,Youth? How we mock what we are to become.
1272,2803,3,8,77,88,1.1590909090909092,0.04818102954737957,633,I don't think you're quite ready for life's ups and downs.
1205,2803,2,10,76,88,1.1590909090909092,0.045389190215201616,633,Because we're bigger than you.
1866,2803,0,14,74,88,1.1590909090909092,0.039213678081561475,633,It beats playing in the sandbox.
1767,2803,1,12,75,88,1.1590909090909092,0.04241397845684892,633,"This slide was bought with my taxes.  I get to go first, kid."
1736,2803,2,10,76,88,1.1590909090909092,0.045389190215201616,633,I don't suppose you have any Valium?
1669,2803,2,10,76,88,1.1590909090909092,0.045389190215201616,633,Sorry kid. This is then midlife crisis adult slide.
1644,2803,1,12,75,88,1.1590909090909092,0.04241397845684892,633,"No, I will NOT lend you $100,000"
2018,2803,2,10,76,88,1.1590909090909092,0.045389190215201616,633,"They couldn't give us healthcare, so this is the next best thing"
1531,2803,2,10,76,88,1.1590909090909092,0.045389190215201616,633,"To use this one, you have to be a dolt."
1507,2803,3,8,77,88,1.1590909090909092,0.04818102954737957,633,Don’t ever grow up!
1448,2803,2,10,76,88,1.1590909090909092,0.045389190215201616,633,Sure. But only after I explain to you the complexity and craftsmanship that makes this particular model so unique and help you to gain a fuller appreciation for the-
1387,2803,2,10,76,88,1.1590909090909092,0.045389190215201616,633,"Listen Timmy, teachers need recess dealing with you ME-ME-ME degenerates all morning!"
1276,2803,2,10,76,88,1.1590909090909092,0.045389190215201616,633,This will prepare you to be a stockbroker like your daddy.
1568,2803,3,8,77,88,1.1590909090909092,0.04818102954737957,633,"You'll have to wait your turn. 
We're practising for the midterm celebration."
259,2868,1,11,71,83,1.1566265060240963,0.04364365530634865,633,This is the Business Slide.
3129,2869,3,7,75,85,1.1529411764705881,0.048811884811622214,633,"how can anyone at the new yorker not want t know how ""i love NY"" actually came about?"
3116,2869,3,7,75,85,1.1529411764705881,0.048811884811622214,633,"It has to do with vectors and ratios, things you'll understand when you're older."
3101,2869,4,5,76,85,1.1529411764705881,0.05160147423941493,633,"Beat it kid, or we'll put you in a cage too."
3079,2869,0,13,72,85,1.1529411764705881,0.03927166872453084,633,The senators have entered day 12 of their recess with no signs of slowing down.
3027,2869,2,9,74,85,1.1529411764705881,0.04585289580871799,633,"Hey Jill, I know it's against corporate policy, but do you think we can let this little one slide?"
3010,2869,3,7,75,85,1.1529411764705881,0.048811884811622214,633,Sorry kid......this is the I'M AN ADULT AND IT REALLY STINKS slide.
2896,2869,0,13,72,85,1.1529411764705881,0.03927166872453084,633,Only when you are grown up
2996,2869,2,9,74,85,1.1529411764705881,0.04585289580871799,633,"I don't get it either, kid. It's a bond market thing."
2950,2869,1,11,73,85,1.1529411764705881,0.04268929619034754,633,"Come back in 30 years, kid."
2868,2869,1,11,73,85,1.1529411764705881,0.04268929619034754,633,"Live while you can kid, cause it can all go downslide real fast"
2812,2869,1,11,73,85,1.1529411764705881,0.04268929619034754,633,"Sorry, this one's rated PG 13."
2807,2869,3,7,75,85,1.1529411764705881,0.048811884811622214,633,"Sonny, dare not ever look up when any female is even slightly above you in a skirt!"
3186,2869,1,11,73,85,1.1529411764705881,0.04268929619034754,633,"Sorry, this slide is adults only."
3000,2869,2,9,74,85,1.1529411764705881,0.04585289580871799,633,This is only for bitter partisan Supreme Court nomination viewers.
3220,2869,3,7,75,85,1.1529411764705881,0.048811884811622214,633,You've got a gun?
2599,2869,2,9,74,85,1.1529411764705881,0.04585289580871799,633,"Recharging after an adulting class. ""You'll get there, kid,"""
3278,2869,1,11,73,85,1.1529411764705881,0.04268929619034754,633,"Look kid, the slide is a metaphor alright?"
2604,2869,2,9,74,85,1.1529411764705881,0.04585289580871799,633,It's our recess too.
4202,2869,2,9,74,85,1.1529411764705881,0.04585289580871799,633,We're judges.
4169,2869,2,9,74,85,1.1529411764705881,0.04585289580871799,633,"Trust me kid, business downslides are not fun!"
4005,2869,1,11,73,85,1.1529411764705881,0.04268929619034754,633,We've been upsized.
3999,2869,1,11,73,85,1.1529411764705881,0.04268929619034754,633,Poor Corporate Retreat planning - “Corporate ladders for executives only- all others use the office pool”
3939,2869,3,7,75,85,1.1529411764705881,0.048811884811622214,633,Sorry I can't play I have to go to work.
3238,2869,1,11,73,85,1.1529411764705881,0.04268929619034754,633,Not until you are bar mitvahed
3872,2869,2,9,74,85,1.1529411764705881,0.04585289580871799,633,"Some advice, kid, enjoy the down slide."
3795,2869,2,9,74,85,1.1529411764705881,0.04585289580871799,633,Sonny ... we paid for the whole playground!
3562,2869,3,7,75,85,1.1529411764705881,0.048811884811622214,633,Sooner or later you'll be over the hill too!
3474,2869,2,9,74,85,1.1529411764705881,0.04585289580871799,633,"Sorry, bigger slides are for bigger people."
3401,2869,3,7,75,85,1.1529411764705881,0.048811884811622214,633,"Not until Mr. Mustache has had his fun, kid."
3395,2869,1,11,73,85,1.1529411764705881,0.04268929619034754,633,We're not up for election until 2020
3338,2869,0,13,72,85,1.1529411764705881,0.03927166872453084,633,"You must have a mortgage, a marriage licence, and a life insurance policy in place in order to ride this ride"""
3828,2869,2,9,74,85,1.1529411764705881,0.04585289580871799,633,"Look, we are started small. But it takes vision and a lot of practice to rise to something really great."
2552,2869,1,11,73,85,1.1529411764705881,0.04268929619034754,633,Look Mom No Hands!
1868,2869,1,11,73,85,1.1529411764705881,0.04268929619034754,633,"Come back at 2:00 p.m. buddy. That's when grown-up fun-hour ends, not a minute before. You'll get your turn then."
1382,2869,2,9,74,85,1.1529411764705881,0.04585289580871799,633,It's because of a guy named Trump
529,2869,3,7,75,85,1.1529411764705881,0.048811884811622214,633,Whee - I'm twitter-free!
619,2869,1,11,73,85,1.1529411764705881,0.04268929619034754,633,your father is not Frank Sinatra.
644,2869,3,7,75,85,1.1529411764705881,0.048811884811622214,633,We used to work in the Trump Whitehouse.
751,2869,1,11,73,85,1.1529411764705881,0.04268929619034754,633,"Sorry, I need this more that you do. In thirty years you’ll understand."
791,2869,2,9,74,85,1.1529411764705881,0.04585289580871799,633,If you talk to me one more second I will punch you dead.
871,2869,0,13,72,85,1.1529411764705881,0.03927166872453084,633,Sorry son.  No tie. No slide.
938,2869,2,9,74,85,1.1529411764705881,0.04585289580871799,633,Even us adults need to learn to play nice on the playground.
991,2869,1,11,73,85,1.1529411764705881,0.04268929619034754,633,No Billy - not until you show you can have fun like an adult.
1096,2869,1,11,73,85,1.1529411764705881,0.04268929619034754,633,"Same thing tomorrow, kid. Thirty bucks for thirty minutes of park access."
1123,2869,1,11,73,85,1.1529411764705881,0.04268929619034754,633,"Sorry, we can't afford Disneyworld"
1260,2869,1,11,73,85,1.1529411764705881,0.04268929619034754,633,You'll get a shiny seat.
1381,2869,2,9,74,85,1.1529411764705881,0.04585289580871799,633,"Billy, I don't make the rules. When you work hard, you play hard."
2430,2869,3,7,75,85,1.1529411764705881,0.048811884811622214,633,Get off my slide or I will pee on your leg.
1391,2869,3,7,75,85,1.1529411764705881,0.048811884811622214,633,Wait my turn? Can't you see we're entitled?
1400,2869,2,9,74,85,1.1529411764705881,0.04585289580871799,633,"This is adults only, totally different from your slide. You won't have fun here."
1552,2869,1,11,73,85,1.1529411764705881,0.04268929619034754,633,When you are all grown up you can have bigger ups and downs too!
1643,2869,2,9,74,85,1.1529411764705881,0.04585289580871799,633,"This is the politician's slide, you're supposed to go to the voter's slide.  Beat it."
1659,2869,2,9,74,85,1.1529411764705881,0.04585289580871799,633,"Kid, you're too short for this ride."
1790,2869,0,13,72,85,1.1529411764705881,0.03927166872453084,633,Listen Jimmy- you have to let this one slide.
1807,2869,1,11,73,85,1.1529411764705881,0.04268929619034754,633,This slide is only for those that love AND hate gravity.
1859,2869,3,7,75,85,1.1529411764705881,0.048811884811622214,633,Wait your turn kid....We're reliving our lost  youth.
17,2869,4,5,76,85,1.1529411764705881,0.05160147423941493,633,Your generation can have it back after we've broken it.  MAGA!
1927,2869,4,5,76,85,1.1529411764705881,0.05160147423941493,633,"Unlike Google, our company can't afford an inside gym"
2099,2869,0,13,72,85,1.1529411764705881,0.03927166872453084,633,"See, I knew the small slide was a gateway playground apparatus."
2153,2869,1,11,73,85,1.1529411764705881,0.04268929619034754,633,I couldn’t afford a Tesla.
2199,2869,2,9,74,85,1.1529411764705881,0.04585289580871799,633,"Sorry kid, giant failures only."
2278,2869,2,9,74,85,1.1529411764705881,0.04585289580871799,633,"Here you go, kid. I doubt the slide will be in tact after Nancy's turn, anyway."
2376,2869,2,9,74,85,1.1529411764705881,0.04585289580871799,633,We’re “Celebrating our Trump Refunds.”
2393,2869,2,9,74,85,1.1529411764705881,0.04585289580871799,633,"Sorry, kid. Gotta watch the safety training video first."
500,2869,2,9,74,85,1.1529411764705881,0.04585289580871799,633,"When I was your age,"
142,2869,2,9,74,85,1.1529411764705881,0.04585289580871799,633,"No, I'm not here to play with you Tommy. It's the mandatory corporate stress relief policy."
2132,2935,2,9,75,86,1.1511627906976745,0.04535146788118489,633,"Listen sir, in thirty-five years I’ll remember this but you will deny it ever happen."
490,2935,1,11,74,86,1.1511627906976745,0.04222745348420426,633,"Trust me, you'll regret wanting to grow up so fast."
2219,2935,3,7,76,86,1.1511627906976745,0.048273734578916254,633,F--k off. You've got your own slide.
4197,2938,0,12,68,80,1.15,0.04017367360141355,633,"Sorry, kid: big dogs need big beds, little dogs need little beds."
4268,2939,2,9,76,87,1.1494252873563218,0.04486081606493881,633,"HR only, kid."
2342,2939,1,11,75,87,1.1494252873563218,0.04177540678018991,633,"Now, pay close attention! Everything you need to 
know about the corporate ladder is in this slideshow.”"
2363,2939,2,9,76,87,1.1494252873563218,0.04486081606493881,633,No more trickle down. Sliding. It's just as effective and much more fun.
2426,2939,0,13,74,87,1.1494252873563218,0.038443158107632124,633,Beat it kid...our taxes paid for this slide.
2445,2939,1,11,75,87,1.1494252873563218,0.04177540678018991,633,"I know you are an emotionally frail, middle-aged man"
2530,2939,1,11,75,87,1.1494252873563218,0.04177540678018991,633,This slide is Adults Only. The bushes behind us are all triple XXX.
2536,2939,2,9,76,87,1.1494252873563218,0.04486081606493881,633,You practice letting go. We practice getting let go.
2825,2939,2,9,76,87,1.1494252873563218,0.04486081606493881,633,"Pat needs to stop holding up the slide line, before our break is done. Am I right?"
2336,2939,0,13,74,87,1.1494252873563218,0.038443158107632124,633,"Sorry, you'll have to wait, as it's now only for those in their second childhood"
2893,2939,1,11,75,87,1.1494252873563218,0.04177540678018991,633,"Not here, Sonny. I think you're too young for psychotherapy."
2954,2939,1,11,75,87,1.1494252873563218,0.04177540678018991,633,"Sorry kid, this slide is restricted to 35 and over."
2988,2939,2,9,76,87,1.1494252873563218,0.04486081606493881,633,You need a mid-life crisis to ride.
3136,2939,0,13,74,87,1.1494252873563218,0.038443158107632124,633,"Kid, you gotta take your fun where you can get it"
3283,2939,0,13,74,87,1.1494252873563218,0.038443158107632124,633,We'll be gone in a minute... we're just on recess at the Senate.
3450,2939,2,9,76,87,1.1494252873563218,0.04486081606493881,633,"Sorry, You have to ware big boy pants & a tie on this slide."
3504,2939,2,9,76,87,1.1494252873563218,0.04486081606493881,633,Back off! I’ve been waiting 30 years for this.
3517,2939,1,11,75,87,1.1494252873563218,0.04177540678018991,633,Under 17 not admitted without parent.
3529,2939,1,11,75,87,1.1494252873563218,0.04177540678018991,633,We're easing ourselves into the fall from the corporate ladder- our CEO just made some questionable tweets.
3614,2939,0,13,74,87,1.1494252873563218,0.038443158107632124,633,"Sorry, the adult slide is busy, but it looks like nobody's using the adult sandbox over there."
3620,2939,0,13,74,87,1.1494252873563218,0.038443158107632124,633,"Hey, kid!  Watch and learn."
3654,2939,1,11,75,87,1.1494252873563218,0.04177540678018991,633,"I’m sorry, you’re not old enough to have this much fun."
3840,2939,3,7,77,87,1.1494252873563218,0.04774726195683065,633,The Zoltar machine is behind the swings.
3929,2939,3,7,77,87,1.1494252873563218,0.04774726195683065,633,Scram kid.  This is the adult slide.
4021,2939,1,11,75,87,1.1494252873563218,0.04177540678018991,633,The small slide is for small people.
4118,2939,1,11,75,87,1.1494252873563218,0.04177540678018991,633,"Didn't you hear, son? It's 'Moms and Dads Can Relive Their Childhoods Day'!"
4153,2939,1,11,75,87,1.1494252873563218,0.04177540678018991,633,This one requires wisdom kid
4158,2939,2,9,76,87,1.1494252873563218,0.04486081606493881,633,"some day you might make it to the big leagues,son"
4241,2939,2,9,76,87,1.1494252873563218,0.04486081606493881,633,Mommy’s special friend always gets to go first.
4252,2939,1,11,75,87,1.1494252873563218,0.04177540678018991,633,Tough week in your office too?
4261,2939,2,9,76,87,1.1494252873563218,0.04486081606493881,633,"When you get a job, that's when."
4329,2939,1,11,75,87,1.1494252873563218,0.04177540678018991,633,"Well, we need to find something to ruin and then blame on Millennials."
2295,2939,1,11,75,87,1.1494252873563218,0.04177540678018991,633,You wouldn't understand.
1463,2939,4,5,78,87,1.1494252873563218,0.050468893694394994,633,The secret to happiness is to slide through life.
2215,2939,0,13,74,87,1.1494252873563218,0.038443158107632124,633,You’re not old enough for “ the slippery slope”.
3,2939,1,11,75,87,1.1494252873563218,0.04177540678018991,633,It's your turn when you starts paying taxes.
78,2939,1,11,75,87,1.1494252873563218,0.04177540678018991,633,Grow up you little punk.
139,2939,1,11,75,87,1.1494252873563218,0.04177540678018991,633,We didn't have playgrounds in Khazakstan.
219,2939,2,9,76,87,1.1494252873563218,0.04486081606493881,633,The boss wasn't happy about the recent miscommunications but then he said he would let us slide!
331,2939,2,9,76,87,1.1494252873563218,0.04486081606493881,633,"Son, be patient. One day you'll be climbing the corporate ladder."
563,2939,4,5,78,87,1.1494252873563218,0.050468893694394994,633,The court took a recess.
692,2939,1,11,75,87,1.1494252873563218,0.04177540678018991,633,It's the payoff for having to climb the corporate ladder.
694,2939,2,9,76,87,1.1494252873563218,0.04486081606493881,633,What? Play is important for a healthy lifestyle.
719,2939,2,9,76,87,1.1494252873563218,0.04486081606493881,633,Don't try and grow up so fast kid.
726,2939,3,7,77,87,1.1494252873563218,0.04774726195683065,633,"Don’t worry. Eat all your vegetables, get good grades, and one day you’ll be having as much fun as we are."
822,2939,2,9,76,87,1.1494252873563218,0.04486081606493881,633,Catch me later
2272,2939,2,9,76,87,1.1494252873563218,0.04486081606493881,633,Casual Friday.  We just forgot our Dockers.
895,2939,0,13,74,87,1.1494252873563218,0.038443158107632124,633,Kid stuff is in right now . .  you'll understand when you grow up . . . .
961,2939,2,9,76,87,1.1494252873563218,0.04486081606493881,633,The debt?  Sure! It's all yours as soon as we're done.
1010,2939,0,13,74,87,1.1494252873563218,0.038443158107632124,633,"It’s never too late, kid."
843,2939,2,9,76,87,1.1494252873563218,0.04486081606493881,633,"You kids take life way to seriously! You need to take time for fun. If you don’t use this playground, we will!"
1149,2939,2,9,76,87,1.1494252873563218,0.04486081606493881,633,"Index funds, my boy, index funds."
2162,2939,2,9,76,87,1.1494252873563218,0.04486081606493881,633,I'm wearing the pants here. Don't you dare tell me to wait my turn.
2139,2939,1,11,75,87,1.1494252873563218,0.04177540678018991,633,"Sorry, the seesaw was closed for repairs."
1884,2939,2,9,76,87,1.1494252873563218,0.04486081606493881,633,Our tax dollars paid for these slides! You'll get your turn once you've made your contribution.
1146,2939,1,11,75,87,1.1494252873563218,0.04177540678018991,633,Watch and learn son!
1770,2939,1,11,75,87,1.1494252873563218,0.04177540678018991,633,Now is the end of days
1719,2939,0,13,74,87,1.1494252873563218,0.038443158107632124,633,The president says its OK.
1816,2939,1,11,75,87,1.1494252873563218,0.04177540678018991,633,Aren’t you a little young for this?
1446,2939,2,9,76,87,1.1494252873563218,0.04486081606493881,633,"Listen, kid. Enjoy the view at the top, because it’s all downhill from there."
1403,2939,2,9,76,87,1.1494252873563218,0.04486081606493881,633,"And you're sure this will help us get into her ""DM's?"""
1378,2939,2,9,76,87,1.1494252873563218,0.04486081606493881,633,I told you this playground had lousy reception.
1341,2939,1,11,75,87,1.1494252873563218,0.04177540678018991,633,It's a puberty thing.
1180,2939,2,9,76,87,1.1494252873563218,0.04486081606493881,633,"Somewhere on the trip down, we find our inner child, but the tray tables and the seat back must be up and your seat belt must be fastened."
1601,2939,1,11,75,87,1.1494252873563218,0.04177540678018991,633,I'll let you know when you're old enough for the big slide.
1190,2939,2,9,76,87,1.1494252873563218,0.04486081606493881,633,"No son, this one is a slippery slope."
2907,3004,1,10,71,82,1.146341463414634,0.0429349038421541,633,And then he said we should slide into their DMs.
3253,3004,1,10,71,82,1.146341463414634,0.0429349038421541,633,"Sorry, kid - the court's in recess for another 4 hours."
3231,3004,3,6,73,82,1.146341463414634,0.049453353904863585,633,You have to wait for your second childhood
3225,3004,3,6,73,82,1.146341463414634,0.049453353904863585,633,"No, yours is over there!"
3134,3004,1,10,71,82,1.146341463414634,0.0429349038421541,633,You can take your jacket off on your way down.
3114,3004,1,10,71,82,1.146341463414634,0.0429349038421541,633,"Hey kid, this is child's play."
3316,3004,1,10,71,82,1.146341463414634,0.0429349038421541,633,Sorry! This slide is only for people who have accrued a retirement fund of 250K or more.
2454,3004,0,12,70,82,1.146341463414634,0.03927202370241041,633,"Wrong place kiddo, this one is the 'Corporate Ladder'."
2832,3004,1,10,71,82,1.146341463414634,0.0429349038421541,633,"""Son, you will take my place, someday.""
Oahu, Honolulu, Talieah Ram."
2690,3004,1,10,71,82,1.146341463414634,0.0429349038421541,633,"Son, you really thought climbing the corporate ladder was all fun and games?"
2651,3004,2,8,72,82,1.146341463414634,0.04630896338925492,633,"Sorry, this is made for adults only"
2633,3004,1,10,71,82,1.146341463414634,0.0429349038421541,633,When you grow up you can use the bigger one.
2556,3004,2,8,72,82,1.146341463414634,0.04630896338925492,633,Sorry son this is an X rated only slide. You’ll have to join your sister at the G rated slide over there.
2470,3004,3,6,73,82,1.146341463414634,0.049453353904863585,633,That touchdown will be overturned on replay.
3328,3004,4,4,74,82,1.146341463414634,0.05240942982605344,633,"Scram kid, we used our 401K to get the big slide"
2857,3004,0,12,70,82,1.146341463414634,0.03927202370241041,633,Come back in 20 years.
3385,3004,2,8,72,82,1.146341463414634,0.04630896338925492,633,"Get used to kid, pot's legal now"
1663,3004,0,12,70,82,1.146341463414634,0.03927202370241041,633,I really don’t appreciate you telling me two’s company and three’s a crowd.”
3479,3004,2,8,72,82,1.146341463414634,0.04630896338925492,633,"Sorry, kid. This is the playground corporate ladder."
2386,3004,1,10,71,82,1.146341463414634,0.0429349038421541,633,"Sorry,this is reserved for those in their second childhood!"
4175,3004,1,10,71,82,1.146341463414634,0.0429349038421541,633,Sorry but you’re not on the downward slope of life.
4102,3004,1,10,71,82,1.146341463414634,0.0429349038421541,633,"Corporate ladder? More like downsized, down slides."
4050,3004,1,10,71,82,1.146341463414634,0.0429349038421541,633,"Aldo, you can go first when YOUR income tax starts paying for public parks and recreation."
3972,3004,2,8,72,82,1.146341463414634,0.04630896338925492,633,Go away! This slide is reserved for kids who refused to grow up!
3963,3004,1,10,71,82,1.146341463414634,0.0429349038421541,633,"No, you can't go back to reading yet.  Do you think that's how we got to where we are today?"
3954,3004,2,8,72,82,1.146341463414634,0.04630896338925492,633,"Now watch me do it perfectly, and I'll critique your performance later."
3416,3004,2,8,72,82,1.146341463414634,0.04630896338925492,633,"Run along, sonny! This slide is reserved for taxpayers only."
3926,3004,1,10,71,82,1.146341463414634,0.0429349038421541,633,Age is just a two-digit number.
3817,3004,2,8,72,82,1.146341463414634,0.04630896338925492,633,"It can't be both, Senator!"
3786,3004,1,10,71,82,1.146341463414634,0.0429349038421541,633,"Just let it slide, kid"
3691,3004,0,12,70,82,1.146341463414634,0.03927202370241041,633,I blame you for the sliding economy.
3674,3004,1,10,71,82,1.146341463414634,0.0429349038421541,633,I don’t care you are a kid. I’ve got to go to a meeting in five minutes.
3665,3004,1,10,71,82,1.146341463414634,0.0429349038421541,633,Wait till your big brother finds out you have moved the sand box!
3648,3004,2,8,72,82,1.146341463414634,0.04630896338925492,633,"'Children First'?  Where you from, kid?"
3512,3004,0,12,70,82,1.146341463414634,0.03927202370241041,633,This is so much more fun than 'take your daughter to work day.'
3821,3004,2,8,72,82,1.146341463414634,0.04630896338925492,633,"Look mister, that's like me wanting to kick the ass of my outer adult"""
2317,3004,1,10,71,82,1.146341463414634,0.0429349038421541,633,This is what happens after a wedding …
691,3004,1,10,71,82,1.146341463414634,0.0429349038421541,633,"Office ""potluck"" in the age of recreational cannabis.. there will be blood."
2204,3004,1,10,71,82,1.146341463414634,0.0429349038421541,633,"Proper form is key, now watch mommy and daddy. It's arms up, lean in and yell whoo on the descent."
810,3004,0,12,70,82,1.146341463414634,0.03927202370241041,633,"Fun"" kid.  This is supposed to be ""fun."
805,3004,1,10,71,82,1.146341463414634,0.0429349038421541,633,"An' if you don't want sand kicked in your face, you'll stay outta the sandbox, too."
685,3004,1,10,71,82,1.146341463414634,0.0429349038421541,633,Adults only after five!
628,3004,2,8,72,82,1.146341463414634,0.04630896338925492,633,This is where we practice for the recess(ion).
530,3004,0,12,70,82,1.146341463414634,0.03927202370241041,633,How much playtime do you get in your benefits package?
478,3004,1,10,71,82,1.146341463414634,0.0429349038421541,633,"Hey kid, Adults call this product saftey testing."
444,3004,2,8,72,82,1.146341463414634,0.04630896338925492,633,"Yes cuts, yes buts, and, certainly, yes coconuts."
432,3004,1,10,71,82,1.146341463414634,0.0429349038421541,633,"Sure, that's difficult, but he's had a lot of practice."
366,3004,2,8,72,82,1.146341463414634,0.04630896338925492,633,"When you're older, it takes more effort to get the same buzz."
330,3004,1,10,71,82,1.146341463414634,0.0429349038421541,633,"Sorry, Jimmy. This is the mid-slide crisis."
192,3004,2,8,72,82,1.146341463414634,0.04630896338925492,633,I could't afford the Tesla so this is my second childhood.
189,3004,2,8,72,82,1.146341463414634,0.04630896338925492,633,Me too - Yeah!
68,3004,0,12,70,82,1.146341463414634,0.03927202370241041,633,"Sorry, Son. This is a trickle-down playground.
In the long-term, we'll pass the fun onto you."
31,3004,1,10,71,82,1.146341463414634,0.0429349038421541,633,"Buzz off, dweeb!"
2300,3004,1,10,71,82,1.146341463414634,0.0429349038421541,633,Our broker recommended it.
904,3004,1,10,71,82,1.146341463414634,0.0429349038421541,633,"You gotta problem with this? We pay taxes, what do you do?"
954,3004,0,12,70,82,1.146341463414634,0.03927202370241041,633,"Sorry, it's our last free thrill."
67,3004,2,8,72,82,1.146341463414634,0.04630896338925492,633,"It’s called a second childhood..
– now why not go push grandma on the swing? 
- she’s on her third!"
1068,3004,2,8,72,82,1.146341463414634,0.04630896338925492,633,"Son, you were right to get us. Adults are not supposed to have fun. Your Uncle Jackie knows better."
1037,3004,1,10,71,82,1.146341463414634,0.0429349038421541,633,"Get out of here, kid, I need this."
2109,3004,0,12,70,82,1.146341463414634,0.03927202370241041,633,"This is what life's like kid, minus the smiles."
1951,3004,0,12,70,82,1.146341463414634,0.03927202370241041,633,"It's a basic Need, to relive our Youth"
1916,3004,0,12,70,82,1.146341463414634,0.03927202370241041,633,F- off kid
1835,3004,0,12,70,82,1.146341463414634,0.03927202370241041,633,It's our annual corporate play day.
1761,3004,2,8,72,82,1.146341463414634,0.04630896338925492,633,"Listen kid, sometimes the President needs a break too."
1721,3004,1,10,71,82,1.146341463414634,0.0429349038421541,633,Sorry kid; sometimes our jealousy gets the better of us.
1718,3004,2,8,72,82,1.146341463414634,0.04630896338925492,633,"Say, shouldn't you be playing Fortnite?"
2144,3004,0,12,70,82,1.146341463414634,0.03927202370241041,633,"Sorry kid, 50 is the new 5."
1431,3004,1,10,71,82,1.146341463414634,0.0429349038421541,633,"This is the corporate slide, kid. You got to crash the economy first."
1405,3004,1,10,71,82,1.146341463414634,0.0429349038421541,633,"Well Tommy, when you are all grown up you can look back upon this as an early example of how life can crush your spirit with its unfairness."
1363,3004,1,10,71,82,1.146341463414634,0.0429349038421541,633,"Go pay with your sister, Kenny. The grown-ups are doing grown-up things."
1340,3004,1,10,71,82,1.146341463414634,0.0429349038421541,633,"In this economy, this is the only ladder-climbing we get."
1559,3004,1,10,71,82,1.146341463414634,0.0429349038421541,633,This is more fun than climbing the corporate ladder
1238,3004,3,6,73,82,1.146341463414634,0.049453353904863585,633,"If you want to slide with the big boys, you're going to have to reach the first rung."
1092,3004,2,8,72,82,1.146341463414634,0.04630896338925492,633,Nope you can't say anything; that way lies madness.
2218,3078,3,6,74,83,1.144578313253012,0.04888570308437887,633,"Play on your own slide, adults need some fun right now."
3399,3078,1,10,72,83,1.144578313253012,0.042451092394817716,633,"Your generation is all about me,me,me"
3058,3080,1,9,69,79,1.139240506329114,0.04314095017892059,633,Jack's Dad reminded him that Team building exercises were 'All work and no play'.
3080,3080,2,7,70,79,1.139240506329114,0.046751593846233924,633,"I’m you in 25 years, and FYI your life goes downhill."
3126,3080,1,9,69,79,1.139240506329114,0.04314095017892059,633,"Hey kid, this is the grown up slide. Bananas are for monkeys. Go get you one."
3150,3080,1,9,69,79,1.139240506329114,0.04314095017892059,633,"Don’t be sad, in 10 years you’ll have fun too son."
3155,3080,1,9,69,79,1.139240506329114,0.04314095017892059,633,"IT'S CALLED  RECLAIMING OUR YOUTH. NOW SHUT UP, AND GROW UP."
3248,3080,0,11,68,79,1.139240506329114,0.03919912801985522,633,It's Adult Slide.
3230,3080,2,7,70,79,1.139240506329114,0.046751593846233924,633,"One of these days, kid, I’ll tell you what “six years sober” means."
3018,3080,0,11,68,79,1.139240506329114,0.03919912801985522,633,Its not how it looks we are product testers checking for ware and tear.
3275,3080,1,9,69,79,1.139240506329114,0.04314095017892059,633,"Timmy, you have your own slide. This one is for Grown-Ups."
3327,3080,1,9,69,79,1.139240506329114,0.04314095017892059,633,"Sorry, kid.  We are Republican senators preparing for a nomination hearing."
3333,3080,1,9,69,79,1.139240506329114,0.04314095017892059,633,Yolo!
3344,3080,2,7,70,79,1.139240506329114,0.046751593846233924,633,"Forget it, kid, you'll never handle the speed"
3202,3080,1,9,69,79,1.139240506329114,0.04314095017892059,633,The big slide is for the big  kids.
2984,3080,3,5,71,79,1.139240506329114,0.050102709228008094,633,I think i literally grew up on this playground
2880,3080,1,9,69,79,1.139240506329114,0.04314095017892059,633,You're too young for this. Go play with your sister.
2975,3080,2,7,70,79,1.139240506329114,0.046751593846233924,633,"Hey you little greaseball, go play with someone your own size."
2952,3080,2,7,70,79,1.139240506329114,0.046751593846233924,633,This 'high' slide is only for adults' You go on the low slide.
2884,3080,1,9,69,79,1.139240506329114,0.04314095017892059,633,NO! We're the test cohort. You're the control cohort.
2867,3080,1,9,69,79,1.139240506329114,0.04314095017892059,633,"Kid, when you get to our ages, you'll understand..."
2852,3080,1,9,69,79,1.139240506329114,0.04314095017892059,633,Your father looks silly in that ridiculous tie!
2830,3080,0,11,68,79,1.139240506329114,0.03919912801985522,633,We have a recess too now!
2756,3080,2,7,70,79,1.139240506329114,0.046751593846233924,633,"Generation X, kid. Get over it."
2696,3080,2,7,70,79,1.139240506329114,0.046751593846233924,633,"Well Timmy, teachers need a recess too."
2684,3080,1,9,69,79,1.139240506329114,0.04314095017892059,633,"I told you, once they finish building the playground at our law firm we won't be using yours anymore."
2654,3080,0,11,68,79,1.139240506329114,0.03919912801985522,633,What? You want THIS to be your future career?
2585,3080,2,7,70,79,1.139240506329114,0.046751593846233924,633,This slide is for bad parents.
2576,3080,0,11,68,79,1.139240506329114,0.03919912801985522,633,This you can learn only from your Parents!
3362,3080,2,7,70,79,1.139240506329114,0.046751593846233924,633,"Get lost, kid!  You haven't been vetted for the big slide"""
2543,3080,1,9,69,79,1.139240506329114,0.04314095017892059,633,"Paul Simon the name
Slip slidin’ the game"
2978,3080,2,7,70,79,1.139240506329114,0.046751593846233924,633,"Well let's see, are you a Wall Street banker?"
3400,3080,2,7,70,79,1.139240506329114,0.046751593846233924,633,"when you’re older, billy, you can climb this ladder just like your old man, but for now, go play on that one with sally."
3904,3080,1,9,69,79,1.139240506329114,0.04314095017892059,633,"Sorry, kid. We are far more miserable than you."
3454,3080,0,11,68,79,1.139240506329114,0.03919912801985522,633,Recess benefit
4288,3080,2,7,70,79,1.139240506329114,0.046751593846233924,633,Sorry kid. You’re too small and you aren’t an investment banker.
4279,3080,1,9,69,79,1.139240506329114,0.04314095017892059,633,Told my dad we needed to be home soon for dinner. He asked to play a little longer.
4228,3080,2,7,70,79,1.139240506329114,0.046751593846233924,633,"Sorry kid, boss said we need a team-building exercise."
4135,3080,2,7,70,79,1.139240506329114,0.046751593846233924,633,Go play until the big people are finished here.
4094,3080,2,7,70,79,1.139240506329114,0.046751593846233924,633,"Marty, time machines are so last year"
4087,3080,1,9,69,79,1.139240506329114,0.04314095017892059,633,It’s easy. Just slide down it!
4074,3080,0,11,68,79,1.139240506329114,0.03919912801985522,633,"IT'S A TECHNIQUE WE  CALL THE ""SULLENBERGER"""
4052,3080,2,7,70,79,1.139240506329114,0.046751593846233924,633,Our gym is a bore.
4051,3080,2,7,70,79,1.139240506329114,0.046751593846233924,633,It’s not that kind of ‘whee’
4043,3080,2,7,70,79,1.139240506329114,0.046751593846233924,633,"Sorry kid,AARP only..."
4038,3080,2,7,70,79,1.139240506329114,0.046751593846233924,633,"Now,now,CEOs need to experienced unbridled joy too,Tommy."
4002,3080,0,11,68,79,1.139240506329114,0.03919912801985522,633,"Be patient, Timmy.  We're celebrating another Trump market rally."
3922,3080,0,11,68,79,1.139240506329114,0.03919912801985522,633,They cut our vacation days.
3912,3080,0,11,68,79,1.139240506329114,0.03919912801985522,633,"My advice, young man, Let it slide!!"
2528,3080,1,9,69,79,1.139240506329114,0.04314095017892059,633,Beat it kid.
3860,3080,0,11,68,79,1.139240506329114,0.03919912801985522,633,"Beat it kid, it’s summer hours Friday."
3838,3080,2,7,70,79,1.139240506329114,0.046751593846233924,633,"Now,Tommy,be quiet while dad is working"
3478,3080,0,11,68,79,1.139240506329114,0.03919912801985522,633,Can I borrow the car tonight?
3577,3080,0,11,68,79,1.139240506329114,0.03919912801985522,633,"Beat it, kid.  This slide is only for Supreme Court Justice nominees."
3589,3080,0,11,68,79,1.139240506329114,0.03919912801985522,633,This is our break time.
3607,3080,0,11,68,79,1.139240506329114,0.03919912801985522,633,"If I don't break my leg, you'll know the slippery slope theory of economics is wrong."
3618,3080,2,7,70,79,1.139240506329114,0.046751593846233924,633,"It's called capitalism, kid."
3633,3080,2,7,70,79,1.139240506329114,0.046751593846233924,633,"We old fat white people have only a little time left in control, so we are doing everything we can to prolong it."
3429,3080,0,11,68,79,1.139240506329114,0.03919912801985522,633,You watch the grown-ups and see how it's done.
3634,3080,3,5,71,79,1.139240506329114,0.050102709228008094,633,"Timmy, if I ever catch you and your sister on the adult slide again, I promise I will bury you both in that sandbox over there."
3657,3080,0,11,68,79,1.139240506329114,0.03919912801985522,633,"It's Trump's country now, kid - every white man for himself!"
3673,3080,2,7,70,79,1.139240506329114,0.046751593846233924,633,Just watch what we do and repeat often! Damn! Is the instruction not simple enough for you??
3697,3080,1,9,69,79,1.139240506329114,0.04314095017892059,633,There's more to life than just paying taxes.
3712,3080,2,7,70,79,1.139240506329114,0.046751593846233924,633,You can play on the slide when your tax dollars have paid for it snowflake scum!
3715,3080,1,9,69,79,1.139240506329114,0.04314095017892059,633,"Remember, Jimmy: Slide to win!"
3722,3080,2,7,70,79,1.139240506329114,0.046751593846233924,633,Don't worry his khaki pants are fireproof
3647,3080,1,9,69,79,1.139240506329114,0.04314095017892059,633,"Mister, do you realize your are  destroying my  self  image"
2497,3080,1,9,69,79,1.139240506329114,0.04314095017892059,633,Follow your dad's happy side.
2698,3080,1,9,69,79,1.139240506329114,0.04314095017892059,633,Buzz off kid.   We're in the middle of an EQ training session.
2485,3080,1,9,69,79,1.139240506329114,0.04314095017892059,633,"Dad, I’m telling mom”. “You go ahead and tell Santa....I mean your mother, Kevin”"
1008,3080,0,11,68,79,1.139240506329114,0.03919912801985522,633,"Sorry, this is only for Big Gouls!"
980,3080,0,11,68,79,1.139240506329114,0.03919912801985522,633,"I'm sorry, this is the court-ordered therapy slide"
953,3080,1,9,69,79,1.139240506329114,0.04314095017892059,633,You can try this one as soon as you're old enough.
923,3080,1,9,69,79,1.139240506329114,0.04314095017892059,633,"Beat it kid, its time for us to have some fun"
911,3080,1,9,69,79,1.139240506329114,0.04314095017892059,633,"It was always a metaphor, kid. Someday, you'll understand."
901,3080,0,11,68,79,1.139240506329114,0.03919912801985522,633,This is R rated
890,3080,1,9,69,79,1.139240506329114,0.04314095017892059,633,"Sorry kid. In the olden days I would've let you sit in my lap, but not now."
884,3080,0,11,68,79,1.139240506329114,0.03919912801985522,633,See what you can look forward to when you grow up
854,3080,0,11,68,79,1.139240506329114,0.03919912801985522,633,Anabolic steroids.
800,3080,2,7,70,79,1.139240506329114,0.046751593846233924,633,I see you did not get your needs met when you were children.
771,3080,2,7,70,79,1.139240506329114,0.046751593846233924,633,Call me about a loan. Then you can buy your own slide with steep interest.
675,3080,2,7,70,79,1.139240506329114,0.046751593846233924,633,"Grow up, kiddo."
635,3080,1,9,69,79,1.139240506329114,0.04314095017892059,633,"This'll be their last run, trust me."
616,3080,0,11,68,79,1.139240506329114,0.03919912801985522,633,Snowflake Park......when things don't go your way.
1016,3080,1,9,69,79,1.139240506329114,0.04314095017892059,633,"Some day, Johnny, you’ll come to understand;
it’s just
SIZE and SLIDE
that make the difference!"
597,3080,1,9,69,79,1.139240506329114,0.04314095017892059,633,"Sorry, kid. This ride is only for adults with failed dreams."
488,3080,0,11,68,79,1.139240506329114,0.03919912801985522,633,Please try to have fun. I told you that he was an important client and it's not like you're getting married or anything.
474,3080,0,11,68,79,1.139240506329114,0.03919912801985522,633,We were kids once... This never gets old.
469,3080,2,7,70,79,1.139240506329114,0.046751593846233924,633,I guess you could call this a lesson in laissez faire...
391,3080,2,7,70,79,1.139240506329114,0.046751593846233924,633,His wife just got a hysterectomy.
354,3080,0,11,68,79,1.139240506329114,0.03919912801985522,633,There are plenty of slides out there; you're just not looking.
309,3080,1,9,69,79,1.139240506329114,0.04314095017892059,633,"So, you're 43, you and your friends are still hanging out in this playground, and you're hogging the big slide.  I'm okay with all of that, but that mustache?  Really?"
201,3080,2,7,70,79,1.139240506329114,0.046751593846233924,633,"After we practice the slide son, we will go and practice the Merry-Go-Round"
196,3080,1,9,69,79,1.139240506329114,0.04314095017892059,633,You must be this tall to ride
2489,3080,1,9,69,79,1.139240506329114,0.04314095017892059,633,Our boss forgot to pack me a lunch again so I've been eating ants.  They're everywhere!
125,3080,0,11,68,79,1.139240506329114,0.03919912801985522,633,"You were warned about BGH in our milk, Dad, but you wouldn't  listen."
112,3080,0,11,68,79,1.139240506329114,0.03919912801985522,633,"Human Resources did us a solid.
Frank Buckley Andover, MA"
86,3080,1,9,69,79,1.139240506329114,0.04314095017892059,633,It's safer if you just watch.
74,3080,2,7,70,79,1.139240506329114,0.046751593846233924,633,Since talk of the layoffs they've added recess to keep moral up.
29,3080,2,7,70,79,1.139240506329114,0.046751593846233924,633,You're not old enough to act your age on this slide.
513,3080,1,9,69,79,1.139240506329114,0.04314095017892059,633,"Sorry, kid, you're too young for adult entertainment."
1054,3080,0,11,68,79,1.139240506329114,0.03919912801985522,633,"When Bobby McFarrin kills himself, well, that’s when you rally need to start worrying."
157,3080,1,9,69,79,1.139240506329114,0.04314095017892059,633,Sorry kiddo - Diabetes Only.  And I’ve got it.
1178,3080,3,5,71,79,1.139240506329114,0.050102709228008094,633,Can't you see that the guy in the tie and I want to take this babe for a ride?
2467,3080,3,5,71,79,1.139240506329114,0.050102709228008094,633,"Sorry kid, the boss asked us to find out what ""irrational exuberance"" was."
2413,3080,1,9,69,79,1.139240506329114,0.04314095017892059,633,You're too young for the handles.
2384,3080,1,9,69,79,1.139240506329114,0.04314095017892059,633,Second childhood
2273,3080,1,9,69,79,1.139240506329114,0.04314095017892059,633,"Someday you'll be old enough for the big slide, but I'll let you in in a secret. It's no more fun than the kid's slide."
2247,3080,2,7,70,79,1.139240506329114,0.046751593846233924,633,Officially over the hill.
2173,3080,1,9,69,79,1.139240506329114,0.04314095017892059,633,We’ll  take you home. Just give us a minute.
2084,3080,1,9,69,79,1.139240506329114,0.04314095017892059,633,Go away kid; this is too dangerous for you.
1996,3080,0,11,68,79,1.139240506329114,0.03919912801985522,633,Forbidding your kind adds to our fun!
1973,3080,2,7,70,79,1.139240506329114,0.046751593846233924,633,This is the adult slide: it's too dangerous for children.
1132,3080,0,11,68,79,1.139240506329114,0.03919912801985522,633,Quality control.
1915,3080,2,7,70,79,1.139240506329114,0.046751593846233924,633,I dunno...Is that one greased regularly?
1892,3080,3,5,71,79,1.139240506329114,0.050102709228008094,633,"That’s right kiddo, life is all about the ride downhill..."
1890,3080,0,11,68,79,1.139240506329114,0.03919912801985522,633,"Take it from me, kid: there’s nothing wrong with being a swinger when you’re young."
1779,3080,2,7,70,79,1.139240506329114,0.046751593846233924,633,It's called 'Helter Skelter.'  Google it
1752,3080,1,9,69,79,1.139240506329114,0.04314095017892059,633,"Sorry, this slide is rated ""NC-17."""
1928,3080,0,11,68,79,1.139240506329114,0.03919912801985522,633,Most things you won't understand until you get older -- I was kinda hoping you'd get this one.
1686,3080,1,9,69,79,1.139240506329114,0.04314095017892059,633,"Scram, kid! It's still our turn on the big slide down."
1222,3080,1,9,69,79,1.139240506329114,0.04314095017892059,633,Think of it as a metaphor describing the trajectory of  the education system.
1317,3080,1,9,69,79,1.139240506329114,0.04314095017892059,633,"No you ""may"" not! This is our 15-minute kid-free playtime."""
1749,3080,2,7,70,79,1.139240506329114,0.046751593846233924,633,"Step aside, bitch. It's opposite day."
1334,3080,0,11,68,79,1.139240506329114,0.03919912801985522,633,It's our new business model.
1437,3080,0,11,68,79,1.139240506329114,0.03919912801985522,633,You were supposed to cover the class.
1537,3080,1,9,69,79,1.139240506329114,0.04314095017892059,633,"Sorry kid, this one's for grownups only."
1546,3080,1,9,69,79,1.139240506329114,0.04314095017892059,633,The therapist said this would help us relate more.
1416,3080,0,11,68,79,1.139240506329114,0.03919912801985522,633,"My son, I only live once."
1578,3080,2,7,70,79,1.139240506329114,0.046751593846233924,633,This is for Senate Republicans only! Go find another playground.
1591,3080,3,5,71,79,1.139240506329114,0.050102709228008094,633,"It's the principal involved."""
1596,3080,2,7,70,79,1.139240506329114,0.046751593846233924,633,"I know I can do this, son.. and I promise, I won''t yell: Yikes!! I can't.. Help! like the last time. OK"
1622,3080,0,11,68,79,1.139240506329114,0.03919912801985522,633,"Sorry kid, only for ex-Wall Street brokers..."
1678,3080,0,11,68,79,1.139240506329114,0.03919912801985522,633,We're the Button family
1684,3080,0,11,68,79,1.139240506329114,0.03919912801985522,633,"No you can't, this is a trickle-down playground!"
1566,3080,2,7,70,79,1.139240506329114,0.046751593846233924,633,"No, you're not tall enough yet for the big slide."
1191,3214,2,7,71,80,1.1375,0.04619629964906088,633,It's part of an 'adults only' movement.  Use that one.
2255,3214,2,7,71,80,1.1375,0.04619629964906088,633,"Step aside kid, I'll show you how to climb the corporate ladder."
2942,3214,2,7,71,80,1.1375,0.04619629964906088,633,This slide is for frustrated adults who didn't get a chance when they were your age.
3671,3217,2,6,68,76,1.131578947368421,0.04717308652543423,633,You can't go on the slide until you are old enough to get liability insurance.
803,3217,2,6,68,76,1.131578947368421,0.04717308652543423,633,Not until your divorce papers come through.
3803,3217,2,6,68,76,1.131578947368421,0.04717308652543423,633,In my day this is how you slid into her DM’s
2693,3220,0,10,67,77,1.12987012987013,0.03856025347250398,633,I  just love when the judge gives us a half hour recess.
3188,3220,1,8,68,77,1.12987012987013,0.04276279513224073,633,"Job related stress, it's like a bad day at school, so we-e-e-e."
4128,3220,1,8,68,77,1.12987012987013,0.04276279513224073,633,This is our idea of screen time.
3775,3220,0,10,67,77,1.12987012987013,0.03856025347250398,633,I'm trying to heal my wounded inner child. Just hope my adult self doesn't get wounded in the process...
3320,3220,0,10,67,77,1.12987012987013,0.03856025347250398,633,"We chose not to grow up. We're Toys ""R"" Us kids!"
2261,3220,2,6,69,77,1.12987012987013,0.04658776821420219,633,"This is the 50+ slide, kid."
1481,3220,1,8,68,77,1.12987012987013,0.04276279513224073,633,Slides are for closers.
477,3220,0,10,67,77,1.12987012987013,0.03856025347250398,633,The nostalgia craze hits baby boomers.
20,3220,2,6,69,77,1.12987012987013,0.04658776821420219,633,Stop whining and grow up already.
1913,3220,3,4,70,77,1.12987012987013,0.050121688387747526,633,"No, son. Smartphones are for grown-ups."
4231,3230,0,10,68,78,1.1282051282051282,0.038099080213023176,633,"No son, that is not where babies come from. Now stop staring and get back to your own slide."
4068,3230,1,8,69,78,1.1282051282051282,0.04224381902809815,633,Grandma wanted us out of her house too!
3106,3230,0,10,68,78,1.1282051282051282,0.038099080213023176,633,You need more memories before you can use this.
3061,3230,1,8,69,78,1.1282051282051282,0.04224381902809815,633,"Yes son, life is Shoots and Ladders"
2640,3230,1,8,69,78,1.1282051282051282,0.04224381902809815,633,Big kids only
1704,3230,2,6,70,78,1.1282051282051282,0.04601674237795457,633,Just play nicely - okay!”
3251,3230,1,8,69,78,1.1282051282051282,0.04224381902809815,633,You’ll have to wait kid. The boomers have’nt retired yet.
646,3230,1,8,69,78,1.1282051282051282,0.04224381902809815,633,"Sorry, this slide has a dress code."
592,3230,1,8,69,78,1.1282051282051282,0.04224381902809815,633,We need this more than you kid!
333,3230,0,10,68,78,1.1282051282051282,0.038099080213023176,633,"Someday, kid, this will be all yours."
1355,3230,1,8,69,78,1.1282051282051282,0.04224381902809815,633,Why is there an expiration date for being a child?
773,3241,2,5,64,71,1.1267605633802817,0.04884821258914619,633,Are you about to piss on my shoe?
3590,3242,0,9,63,72,1.125,0.039249114101422455,633,Sorry--adults are active aggressive.
2774,3243,0,9,64,73,1.1232876712328768,0.038745577051317676,633,"Grab Bars,kid.  Your friends through life."
2824,3243,1,7,65,73,1.1232876712328768,0.043378995433789966,633,"I'm sliding next, so get in line!"
2869,3243,0,9,64,73,1.1232876712328768,0.038745577051317676,633,"Sorry kid, you gotta be high to ride."
3070,3243,1,7,65,73,1.1232876712328768,0.043378995433789966,633,Yes but you and I have the same amount of time until retirement.
3115,3243,0,9,64,73,1.1232876712328768,0.038745577051317676,633,"Mommy and Daddy need to test it first. Could be dangerous, you know."
3104,3243,1,7,65,73,1.1232876712328768,0.043378995433789966,633,The older you get the more you'll understand you father.
3122,3243,2,5,66,73,1.1232876712328768,0.047563165881277764,633,We’re part of the sharing is caring economy too.
3145,3243,0,9,64,73,1.1232876712328768,0.038745577051317676,633,"School, work, jail- it's all the same thing. You get time for recess and three squares.  Only difference is we get to be tripping right now, bye."
3171,3243,1,7,65,73,1.1232876712328768,0.043378995433789966,633,"Listen kid, time is a thief, so we're stealing back this slide."
2770,3243,2,5,66,73,1.1232876712328768,0.047563165881277764,633,"Sorry kid, this slide has not been certified for under 35 year olds."
3173,3243,0,9,64,73,1.1232876712328768,0.038745577051317676,633,"Wanna go ""double or nothing""?"
2768,3243,0,9,64,73,1.1232876712328768,0.038745577051317676,633,"Sorry, my little Pablo... Americans first!"
2347,3243,1,7,65,73,1.1232876712328768,0.043378995433789966,633,"Run along, sonny. This slide is for the big kids."
2715,3243,1,7,65,73,1.1232876712328768,0.043378995433789966,633,"Because the world ends in five minutes, I'm bigger than you, and I'll always be bigger than you."
2672,3243,0,9,64,73,1.1232876712328768,0.038745577051317676,633,"Son, pay attention if you want to learn how to upskirt properly."
2649,3243,0,9,64,73,1.1232876712328768,0.038745577051317676,633,"It never gets better than this, kid."
2350,3243,2,5,66,73,1.1232876712328768,0.047563165881277764,633,"Sorry, but this is our safe space."
2348,3243,2,5,66,73,1.1232876712328768,0.047563165881277764,633,"Sorry, this slide is only for pedophiles."
2335,3243,3,3,67,73,1.1232876712328768,0.051407900681268055,633,Sorry kid. I've got my attorney with me.
2281,3243,0,9,64,73,1.1232876712328768,0.038745577051317676,633,Excuse me son but we will give you the slide back as soon as the stock market falls again
2279,3243,1,7,65,73,1.1232876712328768,0.043378995433789966,633,"Forget about it, small fry."
2254,3243,2,5,66,73,1.1232876712328768,0.047563165881277764,633,You’re going to be here a while.
3178,3243,2,5,66,73,1.1232876712328768,0.047563165881277764,633,"That's not your mommy, it's Sarah, and she's making sure little Donnie doesn't fall!"
2243,3243,0,9,64,73,1.1232876712328768,0.038745577051317676,633,Our business is slipping.
2761,3243,1,7,65,73,1.1232876712328768,0.043378995433789966,633,Because we're old enough to have liability insurance!
3196,3243,1,7,65,73,1.1232876712328768,0.043378995433789966,633,"Dad, the corporate ladder has many more steps."
2225,3243,1,7,65,73,1.1232876712328768,0.043378995433789966,633,"""Our lunch break only lasts a bit longer."
3237,3243,1,7,65,73,1.1232876712328768,0.043378995433789966,633,He’s throwing caution to the wind.
4240,3243,1,7,65,73,1.1232876712328768,0.043378995433789966,633,"Sorry, Bud. Someday when you grow up!"
4182,3243,0,9,64,73,1.1232876712328768,0.038745577051317676,633,Come back when you have your mid-life crisis.
4119,3243,0,9,64,73,1.1232876712328768,0.038745577051317676,633,"Listen kid, this is how adults relieve their stress. Don’t judge."
4100,3243,2,5,66,73,1.1232876712328768,0.047563165881277764,633,It's back-to-school night.
3949,3243,1,7,65,73,1.1232876712328768,0.043378995433789966,633,It is the only way we can relax after a hard week on the hamster wheel.
3911,3243,1,7,65,73,1.1232876712328768,0.043378995433789966,633,Children are no longer the future.
3887,3243,2,5,66,73,1.1232876712328768,0.047563165881277764,633,"If you want to be a good stock broker, you'd better get used to sudden drops."
3874,3243,0,9,64,73,1.1232876712328768,0.038745577051317676,633,take pride in the slide my friend
3825,3243,1,7,65,73,1.1232876712328768,0.043378995433789966,633,"Sorry kid, this is adult time."
3799,3243,0,9,64,73,1.1232876712328768,0.038745577051317676,633,Hobbled-by-the-crushing-misery-of-society goes first.
3718,3243,2,5,66,73,1.1232876712328768,0.047563165881277764,633,"This is where the grown-ups go to play, kiddo. Get lost."
3705,3243,0,9,64,73,1.1232876712328768,0.038745577051317676,633,"If people were really made equal, they wouldn't have built two slides."
3672,3243,0,9,64,73,1.1232876712328768,0.038745577051317676,633,Because rules are rules
3643,3243,0,9,64,73,1.1232876712328768,0.038745577051317676,633,"The president is a child, so no one can tell me I can't be one too."
3621,3243,2,5,66,73,1.1232876712328768,0.047563165881277764,633,"First grade, that’s great.  We’re in a wellness class together."
3576,3243,0,9,64,73,1.1232876712328768,0.038745577051317676,633,Beat it kid. Wait your turn to climb the ladder when you’re older.
3540,3243,2,5,66,73,1.1232876712328768,0.047563165881277764,633,It's Bring Your Staff to Play Day.
3508,3243,1,7,65,73,1.1232876712328768,0.043378995433789966,633,We teachers refer to this as professional development. Back to the sandbox for you kid
3502,3243,0,9,64,73,1.1232876712328768,0.038745577051317676,633,"Don’t worry, kid. You’ll forget all about your broken iPad once you see what old-school fun is like."
3494,3243,1,7,65,73,1.1232876712328768,0.043378995433789966,633,We're warming it up for you
3472,3243,2,5,66,73,1.1232876712328768,0.047563165881277764,633,Don’t forget get to hold both arms up”
3458,3243,0,9,64,73,1.1232876712328768,0.038745577051317676,633,"As you can see, they have invested in the unemployment line"
3422,3243,1,7,65,73,1.1232876712328768,0.043378995433789966,633,"We pay our taxes, just like everybody else."
3397,3243,1,7,65,73,1.1232876712328768,0.043378995433789966,633,There’s a line here man.
3334,3243,0,9,64,73,1.1232876712328768,0.038745577051317676,633,Old age must have its fling.
3214,3243,1,7,65,73,1.1232876712328768,0.043378995433789966,633,"Sorry Billy, therapist's orders."
2203,3243,0,9,64,73,1.1232876712328768,0.038745577051317676,633,"No, that's for CEOs. We get the old plastic chute."
1740,3243,0,9,64,73,1.1232876712328768,0.038745577051317676,633,"Son, it doesn't matter how many times she goes down the slide, she's not a slut."
2186,3243,1,7,65,73,1.1232876712328768,0.043378995433789966,633,There’s a grown-up play area you’d enjoy more over there.
713,3243,0,9,64,73,1.1232876712328768,0.038745577051317676,633,Can it wait? I'm on a Zoom meeting.
699,3243,1,7,65,73,1.1232876712328768,0.043378995433789966,633,"Baby boomers rule, kid. We're repossessing your playground."
674,3243,2,5,66,73,1.1232876712328768,0.047563165881277764,633,We are just following the stock market.
671,3243,0,9,64,73,1.1232876712328768,0.038745577051317676,633,We're stockbrokers practicing for the next stupid tweet.
665,3243,0,9,64,73,1.1232876712328768,0.038745577051317676,633,It’s part of our new corporate wellness program.
643,3243,3,3,67,73,1.1232876712328768,0.051407900681268055,633,It's a living!
577,3243,2,5,66,73,1.1232876712328768,0.047563165881277764,633,Old people first...kid.
574,3243,2,5,66,73,1.1232876712328768,0.047563165881277764,633,This slide is only for those who have known an irretrievable loss.
537,3243,0,9,64,73,1.1232876712328768,0.038745577051317676,633,Who says that Charles Addams' cartoons have to die just because their creator has?
439,3243,1,7,65,73,1.1232876712328768,0.043378995433789966,633,Sorry but you need 10+ years of experience to go on this slide.
383,3243,0,9,64,73,1.1232876712328768,0.038745577051317676,633,This slide is for adults
756,3243,0,9,64,73,1.1232876712328768,0.038745577051317676,633,"Watch out intern, you will climb the corporate ladder one day."
380,3243,0,9,64,73,1.1232876712328768,0.038745577051317676,633,"Beat it kid, work morale is low."
293,3243,0,9,64,73,1.1232876712328768,0.038745577051317676,633,"If you say anything, I'll remember it at the parent teacher conference."
287,3243,1,7,65,73,1.1232876712328768,0.043378995433789966,633,I wish this had happened on a casual freaky Friday.
247,3243,0,9,64,73,1.1232876712328768,0.038745577051317676,633,"Jimmy, you’re going to have to let the adults do the playing around here."
221,3243,2,5,66,73,1.1232876712328768,0.047563165881277764,633,This is the slide of decline
215,3243,1,7,65,73,1.1232876712328768,0.043378995433789966,633,"Beat it, kid. This slide's for adult children."""
129,3243,1,7,65,73,1.1232876712328768,0.043378995433789966,633,When the kids think you're at work........
90,3243,0,9,64,73,1.1232876712328768,0.038745577051317676,633,have you a sliders license?
2194,3243,2,5,66,73,1.1232876712328768,0.047563165881277764,633,"Go away kid, you bother me."
61,3243,0,9,64,73,1.1232876712328768,0.038745577051317676,633,"I’m busy, junior. Go talk to some strangers.”"
36,3243,1,7,65,73,1.1232876712328768,0.043378995433789966,633,"Beat it kid, or I'll outsource your dad's job."
10,3243,0,9,64,73,1.1232876712328768,0.038745577051317676,633,Why do I keep choosing the small one? You tell me!
374,3243,1,7,65,73,1.1232876712328768,0.043378995433789966,633,"Life’s unfair, but if you put your pants on and go to work everyday it’ll stay that way."
832,3243,2,5,66,73,1.1232876712328768,0.047563165881277764,633,"One day you will realize that there are too few pleasures in life. Until then kid, wait your turn."
283,3243,1,7,65,73,1.1232876712328768,0.043378995433789966,633,You need to have faith that you won't brake your leg ... again.
836,3243,0,9,64,73,1.1232876712328768,0.038745577051317676,633,Ties and skirts only!
835,3243,1,7,65,73,1.1232876712328768,0.043378995433789966,633,"It's called a slippery slope, sonny - the slide for kids is behind you."
2140,3243,0,9,64,73,1.1232876712328768,0.038745577051317676,633,"Sorry kid, you gotta wait another 20 years for your turn."
2135,3243,0,9,64,73,1.1232876712328768,0.038745577051317676,633,"No cuts, no buts, no midlife ruts."
2120,3243,2,5,66,73,1.1232876712328768,0.047563165881277764,633,There were raisins on my salad.
2090,3243,0,9,64,73,1.1232876712328768,0.038745577051317676,633,It's advanced management training.
2074,3243,0,9,64,73,1.1232876712328768,0.038745577051317676,633,"It’s not technically the adult slide, but..."
1949,3243,0,9,64,73,1.1232876712328768,0.038745577051317676,633,"Sorry, kid. You must be this tall to ride."
1929,3243,2,5,66,73,1.1232876712328768,0.047563165881277764,633,Sorry sonny boy. Maybe you can go first after the midterms.
1832,3243,1,7,65,73,1.1232876712328768,0.043378995433789966,633,"Slide? No, my friend. This is trickle down economics."
1786,3243,0,9,64,73,1.1232876712328768,0.038745577051317676,633,Just sliding our troubles away...big slide for big problems
1681,3243,1,7,65,73,1.1232876712328768,0.043378995433789966,633,We are embracing our inner child. Someday you will understand and be as foolish as we are.
1666,3243,0,9,64,73,1.1232876712328768,0.038745577051317676,633,It's more fun than playing the stock market and you get to go down faster.
2033,3243,0,9,64,73,1.1232876712328768,0.038745577051317676,633,"I don’t think that’s what the 
company had in mind for its mandatory fitness program"
1579,3243,0,9,64,73,1.1232876712328768,0.038745577051317676,633,"the adult slide's our karma son, not yours"
859,3243,2,5,66,73,1.1232876712328768,0.047563165881277764,633,You peak quick and then look away...you’ll get it...
1602,3243,1,7,65,73,1.1232876712328768,0.043378995433789966,633,Sorry kid - it's adults only for the next half hour.
926,3243,1,7,65,73,1.1232876712328768,0.043378995433789966,633,Take that kid !
970,3243,0,9,64,73,1.1232876712328768,0.038745577051317676,633,My retirement savings was invested with Madoff.
973,3243,1,7,65,73,1.1232876712328768,0.043378995433789966,633,I know millennials are special but this is too much!
1114,3243,2,5,66,73,1.1232876712328768,0.047563165881277764,633,"Sorry, kid. But when you've worked your way up in the White House like we have, you gotta stay in practice for the next step!"
1093,3243,1,7,65,73,1.1232876712328768,0.043378995433789966,633,Take Your Parent To School  Day Got Out Of Hand...
1264,3243,2,5,66,73,1.1232876712328768,0.047563165881277764,633,"It's his birthday present, graduating to the big-boy slide!"
1315,3243,1,7,65,73,1.1232876712328768,0.043378995433789966,633,move dipshit
1356,3243,0,9,64,73,1.1232876712328768,0.038745577051317676,633,Recess is not just for kids!
1444,3243,0,9,64,73,1.1232876712328768,0.038745577051317676,633,"On the grown-up side, you only get one turn."
1472,3243,0,9,64,73,1.1232876712328768,0.038745577051317676,633,We're just here for the event
2695,3354,1,7,66,74,1.1216216216216217,0.04282120038926688,633,Big Brother's on the slide
2999,3354,1,7,66,74,1.1216216216216217,0.04282120038926688,633,T. G. I. F.
2835,3354,1,7,66,74,1.1216216216216217,0.04282120038926688,633,"I climbed the stairs, then waited for the old man to finish his turn."
2798,3354,1,7,66,74,1.1216216216216217,0.04282120038926688,633,When can you have a turn? When you become a creator.
2785,3354,0,9,65,74,1.1216216216216217,0.03825469848047654,633,"Sorry, kid, this one is reserved for ""inner children."""
2964,3354,2,5,67,74,1.1216216216216217,0.04694559031179952,633,"Oh, grow up, Timmy"
2680,3354,2,5,67,74,1.1216216216216217,0.04694559031179952,633,My slide is bigger than you're slide; so there.
2483,3354,1,7,66,74,1.1216216216216217,0.04282120038926688,633,"Sorry kid, this slide is only for the Toys ""R"" Us kids."
2647,3354,1,7,66,74,1.1216216216216217,0.04282120038926688,633,Ay fam season 6 is out
2603,3354,1,7,66,74,1.1216216216216217,0.04282120038926688,633,"Sorry, kiddo. You'll get your chance AFTER the mid-terms."
2514,3354,1,7,66,74,1.1216216216216217,0.04282120038926688,633,Nowhere to go but down
2490,3354,0,9,65,74,1.1216216216216217,0.03825469848047654,633,Gen Z needs to learn to wait their turn.
2397,3354,1,7,66,74,1.1216216216216217,0.04282120038926688,633,"Buzz off kid, we need this release more than you do."
3024,3354,1,7,66,74,1.1216216216216217,0.04282120038926688,633,Sorry kid. Professionals only.
2357,3354,0,9,65,74,1.1216216216216217,0.03825469848047654,633,This is the only coworking space our startup can afford right now.
2675,3354,1,7,66,74,1.1216216216216217,0.04282120038926688,633,Our parents say it's a hormone issue.
3321,3354,1,7,66,74,1.1216216216216217,0.04282120038926688,633,Wait your turn. I’d give it 35 years.
3875,3354,0,9,65,74,1.1216216216216217,0.03825469848047654,633,It’s all about getting up and down in the world and choosing the right way to do it.
3379,3354,2,5,67,74,1.1216216216216217,0.04694559031179952,633,"You have homework, I have joy-producing, childhood-rediscovering therapy tasks."
2284,3354,2,5,67,74,1.1216216216216217,0.04694559031179952,633,"Sorry kid, our office weight-loss contest ends tomorrow."
4299,3354,3,3,68,74,1.1216216216216217,0.050735802907502126,633,"You're on a time out, Timmy, so go pound sand."
4229,3354,2,5,67,74,1.1216216216216217,0.04694559031179952,633,It's Bring Your Work To Kids Day. Didn't you guys get the email?
4149,3354,1,7,66,74,1.1216216216216217,0.04282120038926688,633,Listen kid-- someday you'll understand.
3990,3354,0,9,65,74,1.1216216216216217,0.03825469848047654,633,"Sorry kid, under the new Trump deregulation rules, there is no longer any preferential treatment for pipsqueaks like you."
3851,3354,2,5,67,74,1.1216216216216217,0.04694559031179952,633,One day you'll learn. Membership has its privileges.
3834,3354,1,7,66,74,1.1216216216216217,0.04282120038926688,633,"You don’t just get access to the good slide, you have to put your time in. Trust me, you will appreciate it more after years of hard work."
3689,3354,0,9,65,74,1.1216216216216217,0.03825469848047654,633,"The bottomless boxes of crayons, hours of recess time, chocolate milk and naps in the afternoon, and the clean smell of mopped floors convinced me that it was never going to get better kid."
3560,3354,1,7,66,74,1.1216216216216217,0.04282120038926688,633,It's adult day care. Why do you ask?
3535,3354,1,7,66,74,1.1216216216216217,0.04282120038926688,633,You will understand when you are older why it is so important to relieve stress.
3489,3354,1,7,66,74,1.1216216216216217,0.04282120038926688,633,Go to the small slide.  It’s less fun.
3469,3354,1,7,66,74,1.1216216216216217,0.04282120038926688,633,I deserve slide?
3465,3354,1,7,66,74,1.1216216216216217,0.04282120038926688,633,We're still kids but in big-people clothes.
3463,3354,0,9,65,74,1.1216216216216217,0.03825469848047654,633,We are not bullies. Someday you may work at the WH and you will get to go 1st like the Staff.
3446,3354,1,7,66,74,1.1216216216216217,0.04282120038926688,633,Now you know the truth son. We're all just wrinkled 5 year olds.
3359,3354,1,7,66,74,1.1216216216216217,0.04282120038926688,633,"Sorry, kid. Until 7:00 this one is reserved for lap sliding only."
2253,3354,2,5,67,74,1.1216216216216217,0.04694559031179952,633,Corporate retreat ropes course.
1536,3354,1,7,66,74,1.1216216216216217,0.04282120038926688,633,"Well, kid, this is the only way we get to experience any of the volatility that you call daily life."
2205,3354,2,5,67,74,1.1216216216216217,0.04694559031179952,633,Your slide is over there
718,3354,0,9,65,74,1.1216216216216217,0.03825469848047654,633,"If the FBI investigation clears you of any wrong doing, we might
let you try the big slide."
704,3354,0,9,65,74,1.1216216216216217,0.03825469848047654,633,Didn't I give you homework or something?
682,3354,1,7,66,74,1.1216216216216217,0.04282120038926688,633,You'll understand when you get a little older
584,3354,1,7,66,74,1.1216216216216217,0.04282120038926688,633,I’m tired of climbing corporate ladders.
575,3354,3,3,68,74,1.1216216216216217,0.050735802907502126,633,This side is actually called a 'businessground'.
525,3354,0,9,65,74,1.1216216216216217,0.03825469848047654,633,We're making sure the playground is worth the 45k we just paid for your Pre-K.
762,3354,0,9,65,74,1.1216216216216217,0.03825469848047654,633,Our team building takes priority over your playing.
430,3354,0,9,65,74,1.1216216216216217,0.03825469848047654,633,After recess we're going to go back to annihilating one another in the courtroom.
315,3354,2,5,67,74,1.1216216216216217,0.04694559031179952,633,Run along and work.
268,3354,0,9,65,74,1.1216216216216217,0.03825469848047654,633,This one is for therapy.
202,3354,1,7,66,74,1.1216216216216217,0.04282120038926688,633,Our boss calls this our millennial break space
140,3354,1,7,66,74,1.1216216216216217,0.04282120038926688,633,Suck it.
116,3354,0,9,65,74,1.1216216216216217,0.03825469848047654,633,We're conducting an experiment regarding the force of gravity.
2227,3354,2,5,67,74,1.1216216216216217,0.04694559031179952,633,Let this be a lesson to you son. You've got to just plow right through.
321,3354,2,5,67,74,1.1216216216216217,0.04694559031179952,633,"Sorry kid, you're too young to get on the career ladder at the White House"
855,3354,0,9,65,74,1.1216216216216217,0.03825469848047654,633,It’s one of the things you’ll understand when you grow up..
484,3354,1,7,66,74,1.1216216216216217,0.04282120038926688,633,"Just slide, glide, slippity-slide
Just forget about your troubles and your nine to five...""  Take it from me, kid, all the advice you'll ever need is in that song"
998,3354,1,7,66,74,1.1216216216216217,0.04282120038926688,633,"Sorry, sonny, the long downhill slide into madness is only for adults."
2191,3354,0,9,65,74,1.1216216216216217,0.03825469848047654,633,"Call me when you've finished makin' dinner, kid!"
988,3354,2,5,67,74,1.1216216216216217,0.04694559031179952,633,You're too young to play the Dow Jones
1958,3354,1,7,66,74,1.1216216216216217,0.04282120038926688,633,"When you learn to play well with others, you can use this slide."
1942,3354,0,9,65,74,1.1216216216216217,0.03825469848047654,633,Talk to the city.  This slide is booked for a private party.
1627,3354,2,5,67,74,1.1216216216216217,0.04694559031179952,633,"Listen kid, anymore lip, and I'll make this a hostile takeover."
1509,3354,0,9,65,74,1.1216216216216217,0.03825469848047654,633,We line up by height. Wait your turn.
1297,3354,2,5,67,74,1.1216216216216217,0.04694559031179952,633,This is part of our group therapy
1625,3354,2,5,67,74,1.1216216216216217,0.04694559031179952,633,"Yes, sometimes Principal Tromp lets us out to feel again."
1269,3354,0,9,65,74,1.1216216216216217,0.03825469848047654,633,"Beat it kid, this is the adult slide"
1153,3354,1,7,66,74,1.1216216216216217,0.04282120038926688,633,"Sorry, Billy.  This one's for parents only."
1139,3354,0,9,65,74,1.1216216216216217,0.03825469848047654,633,"Daddy's busy right now, Gerard--the booboo on your knee will have to wait."
1074,3354,1,7,66,74,1.1216216216216217,0.04282120038926688,633,"Wow, I haven’t had this much fun since I was a child I think, don’ you? This is a blast, we ought to do this many more times."
1063,3354,2,5,67,74,1.1216216216216217,0.04694559031179952,633,This is for grown-ups. I’ve got a camera on my shoe.
1036,3354,1,7,66,74,1.1216216216216217,0.04282120038926688,633,This slide is only for teachers and administrators during recess
1030,3354,0,9,65,74,1.1216216216216217,0.03825469848047654,633,"Midlife Crisis Park

""Oh please son, five more minutes..."""
2326,3425,1,6,62,69,1.1159420289855073,0.04397274927300527,633,"Stop whining,  freeloader. I've - earned - this. Maybe you can have your turn once you get a job and start paying taxes like the rest of us."
2924,3426,0,8,62,70,1.1142857142857143,0.038301717862847806,633,You know. . . adult swim.
2847,3426,2,4,64,70,1.1142857142857143,0.047908025853103935,633,"Get lost, kid."
2920,3426,0,8,62,70,1.1142857142857143,0.038301717862847806,633,Youth has been wasted on the young for far too long.
2888,3426,1,6,63,70,1.1142857142857143,0.0433716527952698,633,"And if you don't let me go ahead of you, inner child, remember I know who stole all the cookies."
2876,3426,2,4,64,70,1.1142857142857143,0.047908025853103935,633,"For the umpteenth time NO, you can't wear long pants!"
2866,3426,2,4,64,70,1.1142857142857143,0.047908025853103935,633,So pleased that the Parks Dept. added adults only after hours.
2944,3426,2,4,64,70,1.1142857142857143,0.047908025853103935,633,"The Intro to Executive Fun and Frolic Package starts $2500, kid."
2831,3426,0,8,62,70,1.1142857142857143,0.038301717862847806,633,"Watch and learn, Grasshopper!"
2563,3426,0,8,62,70,1.1142857142857143,0.038301717862847806,633,"Sorry, but this one's reserved for our team building off-site."
2669,3426,1,6,63,70,1.1142857142857143,0.0433716527952698,633,They're all in this together.
2635,3426,0,8,62,70,1.1142857142857143,0.038301717862847806,633,Parents can have fun too.
2610,3426,0,8,62,70,1.1142857142857143,0.038301717862847806,633,"No, corporate teams don't have playoffs."
2594,3426,1,6,63,70,1.1142857142857143,0.0433716527952698,633,It's Trickle-Down Economics. You'll understand when you're older.
2593,3426,0,8,62,70,1.1142857142857143,0.038301717862847806,633,"No, this one's for adults working through deeseated playground anxiety."
2570,3426,0,8,62,70,1.1142857142857143,0.038301717862847806,633,"Sorry kid, I'm late for work."
2554,3426,0,8,62,70,1.1142857142857143,0.038301717862847806,633,"In a few years from now when you’re in the corporate world,
you’ll be doing something very similar to this."
3028,3426,0,8,62,70,1.1142857142857143,0.038301717862847806,633,"No, Timmy. The teachers' slide is not 'an appropriation of child culture.' You carry an analogical approach to uncovering oppression too far."
2677,3426,2,4,64,70,1.1142857142857143,0.047908025853103935,633,"Sorry, kid. The adults needs this right now."
3047,3426,1,6,63,70,1.1142857142857143,0.0433716527952698,633,"'Sorry kid, but doctors say its important us adults get some ""play time""  too.'"
4257,3426,0,8,62,70,1.1142857142857143,0.038301717862847806,633,"You'll understand this when you're my age, son."
3138,3426,1,6,63,70,1.1142857142857143,0.0433716527952698,633,PLEASE JUST LET ME HAVE TWO SECONDS OF JOY IN THIS TERRIBLE TERRIBLE WORLD
2491,3426,1,6,63,70,1.1142857142857143,0.0433716527952698,633,"hey kid, what are you doing, go back to work."
4296,3426,1,6,63,70,1.1142857142857143,0.0433716527952698,633,My daddy can beat up your daddy!
4292,3426,0,8,62,70,1.1142857142857143,0.038301717862847806,633,"No son, this one's for grown ups, where the slide downhill is both long and fast."
3983,3426,0,8,62,70,1.1142857142857143,0.038301717862847806,633,Are you disappointed that this is the 'corporate ladder' Daddy has been climbing
3925,3426,1,6,63,70,1.1142857142857143,0.0433716527952698,633,Eat it you dumb shit. I bought this slide in cash
3914,3426,1,6,63,70,1.1142857142857143,0.0433716527952698,633,Allow me to show you the way up the ladder via white male privilege.
3897,3426,1,6,63,70,1.1142857142857143,0.0433716527952698,633,It's adults-only to compensate for past invidious age-discrimination.
3864,3426,2,4,64,70,1.1142857142857143,0.047908025853103935,633,"Stop staring kid, very shiny pants and big smiles come with being a team of Playground Inspectors."
3863,3426,1,6,63,70,1.1142857142857143,0.0433716527952698,633,Therefore you are to young to slide into adulthood.
3830,3426,1,6,63,70,1.1142857142857143,0.0433716527952698,633,"We don't call it down-sliding any more. Now it's ""right-sliding."""
3784,3426,0,8,62,70,1.1142857142857143,0.038301717862847806,633,"Believe me, we need this."
3594,3426,1,6,63,70,1.1142857142857143,0.0433716527952698,633,"Sorry ,Timmy. You must be this tall to ride the big slide."
3457,3426,1,6,63,70,1.1142857142857143,0.0433716527952698,633,"Sorry son, we have a lot of catching up to do..."
3452,3426,1,6,63,70,1.1142857142857143,0.0433716527952698,633,What they don’t tell you is that the ladder of success begins here.
3383,3426,0,8,62,70,1.1142857142857143,0.038301717862847806,633,"If this ain't your second childhood, you got the wrong slide!"
3366,3426,1,6,63,70,1.1142857142857143,0.0433716527952698,633,"Sure, I'm all business kid, but sometimes you got to get on a swing and just let loose."
3269,3426,1,6,63,70,1.1142857142857143,0.0433716527952698,633,Sorry -- you're not ready yet for this metaphor for the corporate world.
3052,3426,0,8,62,70,1.1142857142857143,0.038301717862847806,633,"Teacher training seminar, circa 2047"
2306,3426,1,6,63,70,1.1142857142857143,0.0433716527952698,633,"No, this is for second childhoods. You're next slide over."
115,3426,0,8,62,70,1.1142857142857143,0.038301717862847806,633,"Step aside, rookie."
2265,3426,1,6,63,70,1.1142857142857143,0.0433716527952698,633,I'm fairly certain that shorts are not considered business casual.
654,3426,0,8,62,70,1.1142857142857143,0.038301717862847806,633,"That's right, kid, co-opting your coloring books isn't enough. 
Just wait, you'll see how stressful adulting can be."
647,3426,1,6,63,70,1.1142857142857143,0.0433716527952698,633,I need to get in my steps.
552,3426,1,6,63,70,1.1142857142857143,0.0433716527952698,633,The other slide is too small for us now.
545,3426,0,8,62,70,1.1142857142857143,0.038301717862847806,633,"Listen here son. One day, when you're all grown up, you'll realize it was really Chutes & Ladders the entire time."
520,3426,2,4,64,70,1.1142857142857143,0.047908025853103935,633,"Excuse me kid, this area is restricted. Adults only."
502,3426,1,6,63,70,1.1142857142857143,0.0433716527952698,633,You're going to need a better pitch for the slides.
501,3426,1,6,63,70,1.1142857142857143,0.0433716527952698,633,"You know, this recession has really brought out the kid in me."
723,3426,2,4,64,70,1.1142857142857143,0.047908025853103935,633,"Sorry, kid, this one is rated “R.”"
492,3426,0,8,62,70,1.1142857142857143,0.038301717862847806,633,No.  We're not playing.  We're on a corporate team building event some HR person thought up to improve morale.
349,3426,0,8,62,70,1.1142857142857143,0.038301717862847806,633,We're emulating millennial to see if our pay does the same.
248,3426,2,4,64,70,1.1142857142857143,0.047908025853103935,633,"Some day your boss is going to tell you,""we're having a team building event, but we don't have any budget.""  My advice,kid...find another job."
185,3426,2,4,64,70,1.1142857142857143,0.047908025853103935,633,"In order to win a negotiation, you have to take them out of their ele-WHEE!"
54,3426,1,6,63,70,1.1142857142857143,0.0433716527952698,633,Like it or not it’s forty-eight inches; forty-two with an adult.
43,3426,2,4,64,70,1.1142857142857143,0.047908025853103935,633,She said all she needed was a symbolic gesture.
21,3426,1,6,63,70,1.1142857142857143,0.0433716527952698,633,"When your all grown up like we are,then you can go on this slide."
2286,3426,1,6,63,70,1.1142857142857143,0.0433716527952698,633,"Beat it pip-squeak,this is adult rated."
443,3426,0,8,62,70,1.1142857142857143,0.038301717862847806,633,Wait your turn backslider.
848,3426,0,8,62,70,1.1142857142857143,0.038301717862847806,633,"Put on a coat and tie; otherwise, stick to the training slide."
561,3426,1,6,63,70,1.1142857142857143,0.0433716527952698,633,Sorry kid - we're filling our Mandatory Fun quotas for the month
1967,3426,1,6,63,70,1.1142857142857143,0.0433716527952698,633,"If  'A Midsummer Night's Dream' were true, or wait, if even Shakespeare were true."
2158,3426,2,4,64,70,1.1142857142857143,0.047908025853103935,633,Stop whining and grow up.
2123,3426,2,4,64,70,1.1142857142857143,0.047908025853103935,633,The big slide is for big people. You’re supposed to use the little slide.
2022,3426,1,6,63,70,1.1142857142857143,0.0433716527952698,633,You millenials want everything handed to you!
2259,3426,0,8,62,70,1.1142857142857143,0.038301717862847806,633,"I get a lower deductible if I have ""active"" time every day."
868,3426,0,8,62,70,1.1142857142857143,0.038301717862847806,633,Some day you too will grow up.
1950,3426,0,8,62,70,1.1142857142857143,0.038301717862847806,633,"A.I may pose a job risk, they said."
1921,3426,1,6,63,70,1.1142857142857143,0.0433716527952698,633,"We finished our adult colouring, and now it’s play time."
1912,3426,1,6,63,70,1.1142857142857143,0.0433716527952698,633,bottoms up!
1876,3426,1,6,63,70,1.1142857142857143,0.0433716527952698,633,...stimulating parental pleasure in the short term and benefiting families at large in the long term.
1817,3426,0,8,62,70,1.1142857142857143,0.038301717862847806,633,"In this great land you could fulfill your dream of becoming an ICE exec, cage children, and then play on their recreational equipment."
1747,3426,0,8,62,70,1.1142857142857143,0.038301717862847806,633,"This is the line  for inner child play. Get your own line, kid."
1658,3426,1,6,63,70,1.1142857142857143,0.0433716527952698,633,"I voted for the bond measure, I pay my taxes, I'm damn well going first on the slide, kid."
1621,3426,0,8,62,70,1.1142857142857143,0.038301717862847806,633,"Sorry, kid, we are bigger than you and privileged."
1208,3426,1,6,63,70,1.1142857142857143,0.0433716527952698,633,"Yeah, well we have to deal with our inner child."
1166,3426,1,6,63,70,1.1142857142857143,0.0433716527952698,633,Go back to your small Democratic slide.
1158,3426,0,8,62,70,1.1142857142857143,0.038301717862847806,633,"New US law. Transparency,  and adults must act like children. In five minutes we will have our temper tantrums, then milk and cookies."
1840,3426,2,4,64,70,1.1142857142857143,0.047908025853103935,633,Dibs on big slide.
2864,3505,1,6,64,71,1.1126760563380282,0.04278670967729594,633,Climbing the corporate ladder was overrated.
2796,3505,1,6,64,71,1.1126760563380282,0.04278670967729594,633,Your parents don't care pal--they work for us.
2829,3505,0,8,63,71,1.1126760563380282,0.037792698211264054,633,Long pants required.
3467,3505,1,6,64,71,1.1126760563380282,0.04278670967729594,633,THIS is the slide for people in debt.
4220,3505,1,6,64,71,1.1126760563380282,0.04278670967729594,633,"Helicopter parents like to have fun too, kid."
3734,3505,1,6,64,71,1.1126760563380282,0.04278670967729594,633,"Sorry kid, we’ re entitled to this."
3915,3505,0,8,63,71,1.1126760563380282,0.037792698211264054,633,Well I'm trying to break my own record of twenty-thousand.
3989,3505,1,6,64,71,1.1126760563380282,0.04278670967729594,633,We were having a disagreement in the office.  The boss told us to 'just let it slide''...
4125,3505,1,6,64,71,1.1126760563380282,0.04278670967729594,633,"No, your parents aren't the only ones."
2617,3505,1,6,64,71,1.1126760563380282,0.04278670967729594,633,"After I try this slide 200 more times, I’m gonna have the best glutes in town."
3499,3505,1,6,64,71,1.1126760563380282,0.04278670967729594,633,Because it’s a metaphor for life after 40.
2559,3505,1,6,64,71,1.1126760563380282,0.04278670967729594,633,"Don’t cut in line, Clarence. That is so immature."
1580,3505,1,6,64,71,1.1126760563380282,0.04278670967729594,633,You can use this slide when you put your big boy pants on.
2117,3505,1,6,64,71,1.1126760563380282,0.04278670967729594,633,"No, I do not consider this Childhood appropriation."
1997,3505,2,4,65,71,1.1126760563380282,0.04725586748680781,633,"Sorry, no kickball today. Judge only called a five minute recess."""
1526,3505,1,6,64,71,1.1126760563380282,0.04278670967729594,633,"This is the adult slide, the kid's is over there."
1076,3505,1,6,64,71,1.1126760563380282,0.04278670967729594,633,"Look kid, you got this all day. We only get a 20 minute break!"
600,3505,2,4,65,71,1.1126760563380282,0.04725586748680781,633,How do you expect to climb the corporate ladder dressed like that?
527,3505,2,4,65,71,1.1126760563380282,0.04725586748680781,633,Shootie Hoot!
2444,3505,0,8,63,71,1.1126760563380282,0.037792698211264054,633,"Look, kid.  I didn’t want to come here, but the judge called recess."
332,3505,0,8,63,71,1.1126760563380282,0.037792698211264054,633,"Son, the ladder of success is often followed by a fun, but ultimately disappointing, downhill slide."
232,3505,1,6,64,71,1.1126760563380282,0.04278670967729594,633,I don't want to go home yet. Just another half hour. Pleeeease.
35,3505,2,4,65,71,1.1126760563380282,0.04725586748680781,633,You take after me son slim and handsome ...don't bother.
397,3528,0,8,64,72,1.1111111111111112,0.037296949257630635,633,"Sorry, you're still in your first childhood."
2333,3529,1,5,61,67,1.1044776119402986,0.04324223293582181,633,Why don't you slide on over to that little one kiddo?
2871,3529,0,7,60,67,1.1044776119402986,0.0376511178439935,633,Get lost! Go play with your friends.
2345,3529,1,5,61,67,1.1044776119402986,0.04324223293582181,633,"This is the grown-up slide, son. Why don’t you try the other one?"
2351,3529,1,5,61,67,1.1044776119402986,0.04324223293582181,633,"What's the matter kid, didn't you ever play follow the leader?"
2389,3529,2,3,62,67,1.1044776119402986,0.04818894835591932,633,"Bobby, our previous slide consultant also advised us on “Wheeeee!”"
2392,3529,0,7,60,67,1.1044776119402986,0.0376511178439935,633,What do I look like. Uber?
2482,3529,1,5,61,67,1.1044776119402986,0.04324223293582181,633,Parents deserve a turn and some fun too.
2498,3529,0,7,60,67,1.1044776119402986,0.0376511178439935,633,Your turn will come once you have a mid-life crisis.
2546,3529,0,7,60,67,1.1044776119402986,0.0376511178439935,633,"It's called ""Team Building"" ...someday you'll understand."
2177,3529,0,7,60,67,1.1044776119402986,0.0376511178439935,633,Life is a slippery slope.  You will learn fast enough but at a later time.
2565,3529,0,7,60,67,1.1044776119402986,0.0376511178439935,633,The committee has not reached a conclusive decision yet.
2622,3529,2,3,62,67,1.1044776119402986,0.04818894835591932,633,"Get on the other slide, son. You'll learn to have fun one day."
2320,3529,1,5,61,67,1.1044776119402986,0.04324223293582181,633,Is it just me or are these startup founders getting younger and younger?
2927,3529,0,7,60,67,1.1044776119402986,0.0376511178439935,633,Fair play.
3601,3529,1,5,61,67,1.1044776119402986,0.04324223293582181,633,Sometimes proportionality trumps equality.
3130,3529,1,5,61,67,1.1044776119402986,0.04324223293582181,633,"Sorry, you have to have at least a few bucks in equities."
3368,3529,0,7,60,67,1.1044776119402986,0.0376511178439935,633,Don’t do it Dad. It’s the first step on a slippery slope to rock bottom.
3390,3529,0,7,60,67,1.1044776119402986,0.0376511178439935,633,"Sorry kid, but it’s adult slide rite now. You’ll have to go on the kiddy slide."
3486,3529,1,5,61,67,1.1044776119402986,0.04324223293582181,633,"Hey kids, how about some Facebook after we’re finished here?"
3629,3529,1,5,61,67,1.1044776119402986,0.04324223293582181,633,Just one more time? I promise I’ll eat all my peas and clean my room.
3631,3529,0,7,60,67,1.1044776119402986,0.0376511178439935,633,"Someday, you too will understand the joy of going down a slide."
3702,3529,0,7,60,67,1.1044776119402986,0.0376511178439935,633,"“We all go through our little ups and downs in life, kid.”"
3724,3529,1,5,61,67,1.1044776119402986,0.04324223293582181,633,Why don't you go play video games?
3881,3529,3,1,63,67,1.1044776119402986,0.05267313146209408,633,Beat it kid. Why don't you run over to your friend there and play with some emojis or whatever?
3924,3529,1,5,61,67,1.1044776119402986,0.04324223293582181,633,"Soon as you grow up, you can use this one."
3935,3529,1,5,61,67,1.1044776119402986,0.04324223293582181,633,The big one belongs to the big ones.
4160,3529,0,7,60,67,1.1044776119402986,0.0376511178439935,633,"Sorry, Happy  Hour is adults only"
2110,3529,0,7,60,67,1.1044776119402986,0.0376511178439935,633,"life is not always fare son, now move out of they way!"
3982,3529,0,7,60,67,1.1044776119402986,0.0376511178439935,633,Before laundry mates
3056,3529,1,5,61,67,1.1044776119402986,0.04324223293582181,633,These safety tests take time. Shouldn't you be staring at a phone?
2104,3529,1,5,61,67,1.1044776119402986,0.04324223293582181,633,"We are Toys R Us kids, kid!"
2078,3529,0,7,60,67,1.1044776119402986,0.0376511178439935,633,You have to climb the corporate ladder before they give you this perk.
12,3529,0,7,60,67,1.1044776119402986,0.0376511178439935,633,"Son, I want the Samoan goin'  first, to clean the slide up with his skirt, before gliding into the dirt."
2071,3529,1,5,61,67,1.1044776119402986,0.04324223293582181,633,"No, you're not dressed for it."
39,3529,0,7,60,67,1.1044776119402986,0.0376511178439935,633,"See son, adults like slide parties too. But you still can't come to the swing party with your mother and I"
41,3529,1,5,61,67,1.1044776119402986,0.04324223293582181,633,You'll have to wait. You are not ready to see up that skirt.
58,3529,1,5,61,67,1.1044776119402986,0.04324223293582181,633,You wanna get in touch with your inner adult? Get outta here and go back over to the baby slide!
75,3529,1,5,61,67,1.1044776119402986,0.04324223293582181,633,Maybe when you’re older...
174,3529,2,3,62,67,1.1044776119402986,0.04818894835591932,633,"Get away kid, we are on our lunch break."
203,3529,1,5,61,67,1.1044776119402986,0.04324223293582181,633,"Warren, I know it feels bad to be pushed aside and bullied by adults, but right now you love Twenty-One Pilots and you idolize the Joker from that Batman movie and when you grow up you’ll see we were right to belittle you."
301,3529,1,5,61,67,1.1044776119402986,0.04324223293582181,633,"Addressing me as ""Trumphead"" will not get you on the slide any faster."
504,3529,0,7,60,67,1.1044776119402986,0.0376511178439935,633,They're cutting back on office perks - this is the closest thing to an amusement park we're going to get
629,3529,0,7,60,67,1.1044776119402986,0.0376511178439935,633,You have to be 5 feet or over to use this adult slide. Didn't you see the sign?
676,3529,0,7,60,67,1.1044776119402986,0.0376511178439935,633,Wait your turn
732,3529,0,7,60,67,1.1044776119402986,0.0376511178439935,633,"Sorry, kid. Adults can’t reinvent thrills as good as this...."
878,3529,1,5,61,67,1.1044776119402986,0.04324223293582181,633,"Son, we pay subscription for THIS slide."
919,3529,1,5,61,67,1.1044776119402986,0.04324223293582181,633,"Sorry, kid - the market has spoken."
325,3529,1,5,61,67,1.1044776119402986,0.04324223293582181,633,They wouldn't confer my PhD until I demonstrated competence in this area.
1082,3529,0,7,60,67,1.1044776119402986,0.0376511178439935,633,YOUR FATHER WAS ALWAYS A GODDAMNED SHOW-OFF---
946,3529,1,5,61,67,1.1044776119402986,0.04324223293582181,633,Bugger off!
1954,3529,0,7,60,67,1.1044776119402986,0.0376511178439935,633,"I  know the story, kid. First you're just having fun on a see saw; next you're pushing her on a swing; eventually you find you're zooming down a slippery slope."""
1705,3529,1,5,61,67,1.1044776119402986,0.04324223293582181,633,We need this now... Sky
1505,3529,0,7,60,67,1.1044776119402986,0.0376511178439935,633,"Just wait son, we've only had a few turns."
1220,3529,1,5,61,67,1.1044776119402986,0.04324223293582181,633,Must be at least this tall to ride.
1201,3529,1,5,61,67,1.1044776119402986,0.04324223293582181,633,This is for people with hemorrhoids only.
1350,3529,0,7,60,67,1.1044776119402986,0.0376511178439935,633,"Sorry kid, you gotta be 18 to use this slide."
1148,3529,1,5,61,67,1.1044776119402986,0.04324223293582181,633,He's sliding into history.
1144,3529,1,5,61,67,1.1044776119402986,0.04324223293582181,633,"You should have gotten ""no cuts"" in writing."
1134,3529,1,5,61,67,1.1044776119402986,0.04324223293582181,633,And when you grow up you'll be big enough to understand that it's all same ride.
1109,3529,0,7,60,67,1.1044776119402986,0.0376511178439935,633,Climbing the corporate ladder can sometimes be a slippery slide.
1164,3529,0,7,60,67,1.1044776119402986,0.0376511178439935,633,Are you sure we are allowed to?
1957,3529,0,7,60,67,1.1044776119402986,0.0376511178439935,633,You millennials just have to learn to wait your turn!
2874,3591,1,5,62,68,1.1029411764705883,0.04262926879107264,633,"Sorry kid, this slide is only for people going through a midlife crisis"
2945,3591,0,7,61,68,1.1029411764705883,0.03712509925760679,633,Having fun!!!
2900,3591,1,5,62,68,1.1029411764705883,0.04262926879107264,633,Even Lee Harvey Oswald  played on a slide when he was a boy.
2911,3591,1,5,62,68,1.1029411764705883,0.04262926879107264,633,When you're older.
2943,3591,1,5,62,68,1.1029411764705883,0.04262926879107264,633,"Hey, wait your turn. Parents wanna have fun too."
3287,3591,0,7,61,68,1.1029411764705883,0.03712509925760679,633,We're Baby Boomers. Enough said!
3048,3591,1,5,62,68,1.1029411764705883,0.04262926879107264,633,OK kid. Our last slide ...then we go to jungle jim!
3053,3591,0,7,61,68,1.1029411764705883,0.03712509925760679,633,"This is the grownup slide, Sonny.  You get to use it when you're old enough to drink and vote."
3097,3591,1,5,62,68,1.1029411764705883,0.04262926879107264,633,This is for big boys and girls.
3284,3591,1,5,62,68,1.1029411764705883,0.04262926879107264,633,...You just wait.
2813,3591,0,7,61,68,1.1029411764705883,0.03712509925760679,633,Did you sign up for this on class pass or living social?
3013,3591,0,7,61,68,1.1029411764705883,0.03712509925760679,633,Grow up ya little whiner..
2739,3591,1,5,62,68,1.1029411764705883,0.04262926879107264,633,"We want our rights, too!"
3752,3591,1,5,62,68,1.1029411764705883,0.04262926879107264,633,"Next time, obey the dress code."
2573,3591,2,3,63,68,1.1029411764705883,0.04749985389910039,633,"Age before beauty, pretty boy."
2459,3591,0,7,61,68,1.1029411764705883,0.03712509925760679,633,"Stick to your own slide, sonny; you might get hurt looking at the big leagues over here."
2450,3591,0,7,61,68,1.1029411764705883,0.03712509925760679,633,It's like climbing the corporate ladder but without the inner turmoil and despair
2448,3591,1,5,62,68,1.1029411764705883,0.04262926879107264,633,We'll be doing this for another hour. Go play.
2412,3591,0,7,61,68,1.1029411764705883,0.03712509925760679,633,I'm making all my teachers do this as part of their required sensitivity training. Now shut up and wait your turn!
2399,3591,1,5,62,68,1.1029411764705883,0.04262926879107264,633,It's a grown up thing; you wouldn't understand.
2382,3591,1,5,62,68,1.1029411764705883,0.04262926879107264,633,"Sorry son, this one is X-rated . . . for x-tra old."
2340,3591,1,5,62,68,1.1029411764705883,0.04262926879107264,633,"Kid , wait your turn. The Declaration of Independence affirms my right to pursue happiness."
2301,3591,1,5,62,68,1.1029411764705883,0.04262926879107264,633,No kiddo this is for staff only
2296,3591,1,5,62,68,1.1029411764705883,0.04262926879107264,633,"Go use your own slide, kid.  This is adults only."
2277,3591,1,5,62,68,1.1029411764705883,0.04262926879107264,633,Don't believe what you hear about Daddy's inability to slide when he was a boy.
2198,3591,0,7,61,68,1.1029411764705883,0.03712509925760679,633,The child is the father of the man.
3293,3591,1,5,62,68,1.1029411764705883,0.04262926879107264,633,"I don't care HOW old you are. No cuts, no butts, no coconuts."
2587,3591,1,5,62,68,1.1029411764705883,0.04262926879107264,633,"This is the grownups slide. You work hard to climb the ladder, then one brief  moment of joy and you land at the bottom."
3308,3591,1,5,62,68,1.1029411764705883,0.04262926879107264,633,"Sorry kid, taxpayers only."
3947,3591,0,7,61,68,1.1029411764705883,0.03712509925760679,633,Are you eighteen over over?
3378,3591,0,7,61,68,1.1029411764705883,0.03712509925760679,633,"Sure, Go home to your Playstation."
4280,3591,1,5,62,68,1.1029411764705883,0.04262926879107264,633,"Sorry, this slide's  for the big kids."
4232,3591,0,7,61,68,1.1029411764705883,0.03712509925760679,633,"Sure, in 20 years I'll  be happy to let you skip ahead of me in line to go down the big people's slide."""
4225,3591,0,7,61,68,1.1029411764705883,0.03712509925760679,633,"Someday, you'll get to play with the big kids too."
4218,3591,0,7,61,68,1.1029411764705883,0.03712509925760679,633,Once you grow up and mature you can go on the adult slide.
4180,3591,1,5,62,68,1.1029411764705883,0.04262926879107264,633,"It's our new ""teachers' wellness"" initiative to prevent burnout from dealing with troublemakers like you."
4159,3591,2,3,63,68,1.1029411764705883,0.04749985389910039,633,"5 more minutes please, it’s bosses day off!!"
4156,3591,1,5,62,68,1.1029411764705883,0.04262926879107264,633,Work hard and maybe you could be a teacher like us some day.
4155,3591,0,7,61,68,1.1029411764705883,0.03712509925760679,633,"You’ll wish you’d befriended girls when you’re older, TRUST ME."
4136,3591,0,7,61,68,1.1029411764705883,0.03712509925760679,633,They're not just for big boys anymore.
4091,3591,1,5,62,68,1.1029411764705883,0.04262926879107264,633,"Sorry, you have to wear long pants for this one."
4048,3591,0,7,61,68,1.1029411764705883,0.03712509925760679,633,"Government borrowing as a percent of Gross Domestic Product? My, what big words for an eight-year-old!"
4009,3591,0,7,61,68,1.1029411764705883,0.03712509925760679,633,"Study and work hard, son, and someday this will all be yours."
3976,3591,1,5,62,68,1.1029411764705883,0.04262926879107264,633,"Yes, grownups like to have fun sometimes too!!"
3950,3591,1,5,62,68,1.1029411764705883,0.04262926879107264,633,Come back in a few years when we show up with our walkers
2157,3591,1,5,62,68,1.1029411764705883,0.04262926879107264,633,One boys recess is another mans recession.
3918,3591,1,5,62,68,1.1029411764705883,0.04262926879107264,633,... and by the time you're our age Social Security won't exist!
3857,3591,1,5,62,68,1.1029411764705883,0.04262926879107264,633,"It's for your own good, Junior. Big boys go first on the Boys Will Be Boys Slide to model how it's done."
3844,3591,0,7,61,68,1.1029411764705883,0.03712509925760679,633,"As your parents’ lawyer, your parent-child agreement stipulates no slides above 6ft."
3794,3591,1,5,62,68,1.1029411764705883,0.04262926879107264,633,Helter Skelter
3785,3591,1,5,62,68,1.1029411764705883,0.04262926879107264,633,"Being an adult is hard, son."
3769,3591,0,7,61,68,1.1029411764705883,0.03712509925760679,633,It’s called ‘entitlement’ sonny.  Better start getting used to it.
3728,3591,0,7,61,68,1.1029411764705883,0.03712509925760679,633,"Sorry, kid, you gotta be 50 or older."
3695,3591,1,5,62,68,1.1029411764705883,0.04262926879107264,633,"He can't read yet. Tell him the ""Watch Your Step"" sign says ""Adults First."""
3649,3591,0,7,61,68,1.1029411764705883,0.03712509925760679,633,Do you understand what a corporate wellness program is?  Quick point - we can keep smoking if we do this.
3609,3591,2,3,63,68,1.1029411764705883,0.04749985389910039,633,Budget cuts.
3539,3591,1,5,62,68,1.1029411764705883,0.04262926879107264,633,This is the career slide. You need to practice on the other one for awhile.
3435,3591,3,1,64,68,1.1029411764705883,0.051915485967197174,633,"Well, this is Adult Playing, son. I don't think you'd understand it."
3354,3591,0,7,61,68,1.1029411764705883,0.03712509925760679,633,Adults Only doesn't always mean it is sexy.
2130,3591,0,7,61,68,1.1029411764705883,0.03712509925760679,633,"Listen, kid. I need to de-stress. You have no idea what it's like to work for him."
2820,3591,0,7,61,68,1.1029411764705883,0.03712509925760679,633,"You be the adults, now."
2118,3591,1,5,62,68,1.1029411764705883,0.04262926879107264,633,Tax payers only!
958,3591,0,7,61,68,1.1029411764705883,0.03712509925760679,633,"We're all children at heart, so go play on the babies' teeny-weeny slide."
883,3591,0,7,61,68,1.1029411764705883,0.03712509925760679,633,"Wait your turn, sub-millennial"
828,3591,0,7,61,68,1.1029411764705883,0.03712509925760679,633,Corporate retreat.
797,3591,0,7,61,68,1.1029411764705883,0.03712509925760679,633,"What, you think you can ride the big slide without earning it? You children are so entitled these days..."
775,3591,0,7,61,68,1.1029411764705883,0.03712509925760679,633,It's good you kids started practicing your cheerful downward mobility so early in life.
766,3591,0,7,61,68,1.1029411764705883,0.03712509925760679,633,It's like Adult Swim.
738,3591,1,5,62,68,1.1029411764705883,0.04262926879107264,633,This adults only!
733,3591,1,5,62,68,1.1029411764705883,0.04262926879107264,633,Our moms told us to put down our phones and go out and play!
689,3591,1,5,62,68,1.1029411764705883,0.04262926879107264,633,Your gonna have to wait. We've been assigned 15 minutes of carefree fun a day.
673,3591,1,5,62,68,1.1029411764705883,0.04262926879107264,633,Get a wife!
658,3591,0,7,61,68,1.1029411764705883,0.03712509925760679,633,We’re all adults. You two are just short.
621,3591,2,3,63,68,1.1029411764705883,0.04749985389910039,633,"You were too young to vote, so you don't deserve this wild ride"
607,3591,0,7,61,68,1.1029411764705883,0.03712509925760679,633,"Sorry kid, we need it more than you do."
417,3591,0,7,61,68,1.1029411764705883,0.03712509925760679,633,Don't worry son... with a lot of hard work and appropriate sucking up... you too can ride the executive slide!
410,3591,1,5,62,68,1.1029411764705883,0.04262926879107264,633,Get lost kid -----You're to young for this one!
361,3591,1,5,62,68,1.1029411764705883,0.04262926879107264,633,I never want to go down a slide that would have me as a slider.
337,3591,1,5,62,68,1.1029411764705883,0.04262926879107264,633,"My Dr. prescribed two times, first thing in the morning 
for 3 weeks."
311,3591,0,7,61,68,1.1029411764705883,0.03712509925760679,633,"Scram, you brat! This is the teacher’s slide!"
265,3591,1,5,62,68,1.1029411764705883,0.04262926879107264,633,Sorry kid. Adults only.
182,3591,1,5,62,68,1.1029411764705883,0.04262926879107264,633,Where's your ticket?
171,3591,0,7,61,68,1.1029411764705883,0.03712509925760679,633,What? This isn't how you slide into DMs?
147,3591,0,7,61,68,1.1029411764705883,0.03712509925760679,633,"Yes, it's like being ""advised"" by the Senate."
126,3591,0,7,61,68,1.1029411764705883,0.03712509925760679,633,2018
124,3591,1,5,62,68,1.1029411764705883,0.04262926879107264,633,Don't put a child's lock on our fun.
122,3591,0,7,61,68,1.1029411764705883,0.03712509925760679,633,we are kids now
45,3591,1,5,62,68,1.1029411764705883,0.04262926879107264,633,When will they understand that I'm not ready to let go yet
2121,3591,0,7,61,68,1.1029411764705883,0.03712509925760679,633,You can only play as hard as you work.
976,3591,0,7,61,68,1.1029411764705883,0.03712509925760679,633,"Sorry kid, judge’s orders: Court must be currently in recess."
985,3591,2,3,63,68,1.1029411764705883,0.04749985389910039,633,"beat it kid,I'ts my  turn"
841,3591,0,7,61,68,1.1029411764705883,0.03712509925760679,633,"Son, always remember, 'Bigger is better'"""
1073,3591,1,5,62,68,1.1029411764705883,0.04262926879107264,633,either bully or get bullied
2043,3591,1,5,62,68,1.1029411764705883,0.04262926879107264,633,"Sorry kid, you need a 401k to ride this slide."
2024,3591,0,7,61,68,1.1029411764705883,0.03712509925760679,633,We didn't have one of these when we were small.
1931,3591,1,5,62,68,1.1029411764705883,0.04262926879107264,633,This one is for people with a sense of proportion
1924,3591,1,5,62,68,1.1029411764705883,0.04262926879107264,633,"We got dibs, kid."
1908,3591,0,7,61,68,1.1029411764705883,0.03712509925760679,633,"Don't worry kid, it's called a second childhood."
1900,3591,1,5,62,68,1.1029411764705883,0.04262926879107264,633,i dont think your brother took a shower
1887,3591,1,5,62,68,1.1029411764705883,0.04262926879107264,633,Ghouls just wanna have fun!
1880,3591,0,7,61,68,1.1029411764705883,0.03712509925760679,633,"No son, this is the ""Big"" kid's slide."
1069,3591,1,5,62,68,1.1029411764705883,0.04262926879107264,633,It didn't fit in the teachers' lounge.
1792,3591,2,3,63,68,1.1029411764705883,0.04749985389910039,633,You think it's awful that the grownups are cutting in...I think it's awful I have to go down the slide after his Neanderthal wife.
1784,3591,1,5,62,68,1.1029411764705883,0.04262926879107264,633,"Cloud-gazing in three, tree-climbing in eight."
1639,3591,1,5,62,68,1.1029411764705883,0.04262926879107264,633,This is the unwind yourself slide.
1633,3591,2,3,63,68,1.1029411764705883,0.04749985389910039,633,Shakespeare's pantaloon stage early.
1605,3591,0,7,61,68,1.1029411764705883,0.03712509925760679,633,"You can explore your inner child too when you're older, but right now get lost!"
1857,3591,2,3,63,68,1.1029411764705883,0.04749985389910039,633,"Go back to your sandbox, the mommies and daddies are having a grown-up reversion”"
1558,3591,1,5,62,68,1.1029411764705883,0.04262926879107264,633,We call it the stock market
1111,3591,2,3,63,68,1.1029411764705883,0.04749985389910039,633,Your inner child is still outer. Scram!
1585,3591,1,5,62,68,1.1029411764705883,0.04262926879107264,633,"I think you are mixed up, kid. Today is Old Senate Day."
1204,3591,0,7,61,68,1.1029411764705883,0.03712509925760679,633,"Go play your Forthright or whatever it is, the adults are playing on this slide."
1234,3591,0,7,61,68,1.1029411764705883,0.03712509925760679,633,Because I say so!
1271,3591,2,3,63,68,1.1029411764705883,0.04749985389910039,633,"Step aside, son!  This is for adults only!"
1159,3591,0,7,61,68,1.1029411764705883,0.03712509925760679,633,I won't grow up. I don't want to wear a tie.
1292,3591,1,5,62,68,1.1029411764705883,0.04262926879107264,633,It's cheaper than a mid-life crisis car.
1357,3591,0,7,61,68,1.1029411764705883,0.03712509925760679,633,"This slide is for lawyers, only. No more sharing damage awards with victims."
1404,3591,1,5,62,68,1.1029411764705883,0.04262926879107264,633,"This is OUR time, bro."
1490,3591,1,5,62,68,1.1029411764705883,0.04262926879107264,633,"Ini mini miny moe, you’re too small and I’m not yet too old!"
1286,3591,0,7,61,68,1.1029411764705883,0.03712509925760679,633,"When you're old enough to pay for it, then you're old enough to play on it."
1837,3711,1,5,63,69,1.1014492753623188,0.042033394835877404,633,Sorry son...but you don't meet the height restriction on this one!
2292,3711,0,7,62,69,1.1014492753623188,0.03661350600424963,633,Mommies and Daddies go on a slide when their boss makes them.
2440,3711,1,5,63,69,1.1014492753623188,0.042033394835877404,633,You're mature for your age but you're not mature enough for the big slide.
2531,3711,1,5,63,69,1.1014492753623188,0.042033394835877404,633,"Why, he's Future You! Finally free of his glum missus, first smile in 25 years! Does she look familiar too, Sonny? Choose your playground mates carefully. Very carefully."
3158,3711,0,7,62,69,1.1014492753623188,0.03661350600424963,633,"Sorry kid, the board is only at recess for another five minutes."
3412,3711,2,3,64,69,1.1014492753623188,0.046830158455148395,633,You be the judge.  Do you think that spiking her lemonade might get you on primetime TV?
3846,3711,1,5,63,69,1.1014492753623188,0.042033394835877404,633,You'll have to wait for your second childhood to use the big one.
3541,3711,0,7,62,69,1.1014492753623188,0.03661350600424963,633,Look upon the sandbox as your default setting.
3824,3711,0,7,62,69,1.1014492753623188,0.03661350600424963,633,"If the corporate ladder is not for you, go work on a start up in the sandbox"
1540,3711,0,7,62,69,1.1014492753623188,0.03661350600424963,633,"Everyone on this slide has HPV, so unless you want it I suggest you pick wisely..."
3957,3711,1,5,63,69,1.1014492753623188,0.042033394835877404,633,"Sorry kid, this slide leads to the orgy portal and we can’t risk another lawsuit.  You can enter the Hollywood orgy portal on your right."
3184,3711,1,5,63,69,1.1014492753623188,0.042033394835877404,633,It’s too early for graduation.
1427,3711,1,5,63,69,1.1014492753623188,0.042033394835877404,633,You haven't heard of FortyNight?
217,3711,1,5,63,69,1.1014492753623188,0.042033394835877404,633,"Sorry kid, but our playground insurance doesn't cover slides over six feet tall."
1055,3711,0,7,62,69,1.1014492753623188,0.03661350600424963,633,"Ok just one more slide before we go, everyone else is doing it!"
984,3711,0,7,62,69,1.1014492753623188,0.03661350600424963,633,"Sure kid, Im telling you, when it is cold enough you can stick your tongue on this and reserve first."
951,3711,0,7,62,69,1.1014492753623188,0.03661350600424963,633,Hey kid there’s tootsie rolls in that sand box.
858,3711,0,7,62,69,1.1014492753623188,0.03661350600424963,633,"Watch, son. We are about to disrupt the playing field by gamifying frictionless vertical movement."
633,3711,1,5,63,69,1.1014492753623188,0.042033394835877404,633,"""Yes you can .. when you can reach the 16th floor elevator button."""
503,3711,0,7,62,69,1.1014492753623188,0.03661350600424963,633,You must learn to slide before you can SLIDE.
294,3711,1,5,63,69,1.1014492753623188,0.042033394835877404,633,"Beat it, kid, this is for grown ups only."
271,3711,1,5,63,69,1.1014492753623188,0.042033394835877404,633,"Beat it, kid. You've got to be 13 or older to enter."
108,3711,2,3,64,69,1.1014492753623188,0.046830158455148395,633,Too old? The race to the bottom never gets old!
1285,3711,1,5,63,69,1.1014492753623188,0.042033394835877404,633,"This is the corporate slide, for those climbing the corporate ladder."
0,3735,1,5,64,70,1.1,0.04145390815152651,633,We look forward to Career Day all year.
3866,3735,0,7,63,70,1.1,0.036115755925730755,633,Sorry. This slide is only for the mature.
2846,3737,2,2,60,64,1.09375,0.048380262520859696,633,"Move over, Kid! This is all about winning!!"
2819,3737,1,4,59,64,1.09375,0.0429490169335173,633,"Go play on the toddlers' slide, half pint, the grown-ups have taken over this one!"
2814,3737,0,6,58,64,1.09375,0.036723103212062694,633,The big slide is for the big people.
2724,3737,1,4,59,64,1.09375,0.0429490169335173,633,"Well; go tell him., HE's her husband."
2760,3737,0,6,58,64,1.09375,0.036723103212062694,633,"Beat it,kid, it's an adult world."
2885,3737,0,6,58,64,1.09375,0.036723103212062694,633,"I'm sliding by example.""

Anders Bengtson
Los Angeles, CA"
2809,3737,1,4,59,64,1.09375,0.0429490169335173,633,We thought we'd teach you now it's all downhill.
2902,3737,0,6,58,64,1.09375,0.036723103212062694,633,'Scuze me son. We're sliding into adulthood.
3029,3737,1,4,59,64,1.09375,0.0429490169335173,633,"When I was your age, I never got to slide at work."
2929,3737,0,6,58,64,1.09375,0.036723103212062694,633,"This is our slide, kid.  The PG slide is over there."""
2969,3737,0,6,58,64,1.09375,0.036723103212062694,633,"Smell you later, son!"
2974,3737,1,4,59,64,1.09375,0.0429490169335173,633,"This one's for the wedding party, kid -- go take care of your sister."
2997,3737,1,4,59,64,1.09375,0.0429490169335173,633,"Sorry, Max! It’s Adult Swim rules without the pool!"
2710,3737,0,6,58,64,1.09375,0.036723103212062694,633,"'There's no 'out there,' kid."""
3064,3737,0,6,58,64,1.09375,0.036723103212062694,633,"Back in my day, this how us old folk “slid into the DM's."""
3068,3737,1,4,59,64,1.09375,0.0429490169335173,633,"Go play over there, Timmy. The adults are talking right now."
3082,3737,1,4,59,64,1.09375,0.0429490169335173,633,Climbing the corporate ladder?  Slippery slope?  Aren't you too young for metaphors?
3105,3737,1,4,59,64,1.09375,0.0429490169335173,633,test
2916,3737,0,6,58,64,1.09375,0.036723103212062694,633,this is great for work to create a family-like atmosphere.
2704,3737,1,4,59,64,1.09375,0.0429490169335173,633,You must pay taxes to board this ride.
2625,3737,1,4,59,64,1.09375,0.0429490169335173,633,"Not 'till you're 12, son."
2688,3737,1,4,59,64,1.09375,0.0429490169335173,633,Beat it kid. The boss told us to never talk to strangers.
2321,3737,1,4,59,64,1.09375,0.0429490169335173,633,Hey kid! Pick a slide your own size.
2349,3737,0,6,58,64,1.09375,0.036723103212062694,633,"Since the firm instituted its new recess policy, playground politics have been interesting at the local park."
3117,3737,1,4,59,64,1.09375,0.0429490169335173,633,How sharper than a serpent’s tooth it is to have a thankless child.
2374,3737,1,4,59,64,1.09375,0.0429490169335173,633,"“Listen son, didn’t your mother ever teach you to wait your turn.”

Sophie Murray, Lexington, MA"
2380,3737,0,6,58,64,1.09375,0.036723103212062694,633,This is the corporate ladder.
4328,3737,1,4,59,64,1.09375,0.0429490169335173,633,You must have a 401k to be on this slide
2398,3737,1,4,59,64,1.09375,0.0429490169335173,633,Sorry. You're not old enough for the big slide.
2407,3737,1,4,59,64,1.09375,0.0429490169335173,633,Just respect your elders.
2466,3737,1,4,59,64,1.09375,0.0429490169335173,633,Beat it. This is the adult slide.
2468,3737,0,6,58,64,1.09375,0.036723103212062694,633,"Beat it kid!   From 4 - 6 p.m., adults only.
It's our Happy Hour."
2476,3737,0,6,58,64,1.09375,0.036723103212062694,633,"Someday this will all be yours. Now back off,  punk..."
2518,3737,2,2,60,64,1.09375,0.048380262520859696,633,"This is the adult slide, kiddo!"
2538,3737,1,4,59,64,1.09375,0.0429490169335173,633,"Son, I'm on my way to the top. Go push your sister."
2561,3737,2,2,60,64,1.09375,0.048380262520859696,633,Sorry Kid...... but this is the adult slide.
2595,3737,1,4,59,64,1.09375,0.0429490169335173,633,Beat it kid! Adults Only.
2600,3737,0,6,58,64,1.09375,0.036723103212062694,633,We have no intention of down sizing.
2629,3737,0,6,58,64,1.09375,0.036723103212062694,633,"beat it kid, it's our turn."
2630,3737,1,4,59,64,1.09375,0.0429490169335173,633,Adulthood is a slippery slope.
2661,3737,0,6,58,64,1.09375,0.036723103212062694,633,"Jimmy, you need to understand, Mom and Dad are well-intentioned but it's either this or Lexapro."
2697,3737,0,6,58,64,1.09375,0.036723103212062694,633,This is how Daddy climbs the corporate ladder - and gets off.
3118,3737,1,4,59,64,1.09375,0.0429490169335173,633,"This is a professional playground.  If you want to be taken seriously, you should dress like it."
2268,3737,1,4,59,64,1.09375,0.0429490169335173,633,Mommy & Daddy spent our childhoods studying and in organized activities.  Now it's our turn to play.
3135,3737,1,4,59,64,1.09375,0.0429490169335173,633,The short pants slide is toward your back!
3781,3737,1,4,59,64,1.09375,0.0429490169335173,633,You are too young for this.
3787,3737,0,6,58,64,1.09375,0.036723103212062694,633,"As a freelancer, I have a tip: highbrow wordplay always benefits from a lowbrow swoop of a slide."
3909,3737,1,4,59,64,1.09375,0.0429490169335173,633,"Back off, kiddo, this one you get after you work your way up into middle management."
3910,3737,1,4,59,64,1.09375,0.0429490169335173,633,Don't Interrupt. Let us play with big things.
3927,3737,0,6,58,64,1.09375,0.036723103212062694,633,"Trust me- you don’t want to ride this one, it’s all downhill from here..."
3948,3737,0,6,58,64,1.09375,0.036723103212062694,633,"Yes, just like net neutrality!"
3964,3737,1,4,59,64,1.09375,0.0429490169335173,633,Tell you what--let this one slide and I'll double your allowance.
4001,3737,1,4,59,64,1.09375,0.0429490169335173,633,"If you can’t run with the big dogs, stay on the porch"
3779,3737,1,4,59,64,1.09375,0.0429490169335173,633,Can't you see I'm busy now.  Go play with your friend.
4033,3737,1,4,59,64,1.09375,0.0429490169335173,633,"Hey, shouldn't you be at work?"
4092,3737,1,4,59,64,1.09375,0.0429490169335173,633,Just give us a few more turns and your likely to have an elevator installed.
4103,3737,1,4,59,64,1.09375,0.0429490169335173,633,Please just step aside and give us stockbrokers a chance to unwind.
4106,3737,1,4,59,64,1.09375,0.0429490169335173,633,"Sorry Timmy, this is the big boy slide."
4214,3737,1,4,59,64,1.09375,0.0429490169335173,633,"Here’s the takeaway, son:  the nearer your destination, the more you're slip slidin' away."
4237,3737,0,6,58,64,1.09375,0.036723103212062694,633,"We aren't asking you to use your slide, so stop asking us to use our slide."
4325,3737,0,6,58,64,1.09375,0.036723103212062694,633,"Sorry kid, Congress has appropriated it to facilitate recess appointments."
4306,3737,0,6,58,64,1.09375,0.036723103212062694,633,Notice that the men wear ties and we are bigger than you are...so scram
4302,3737,0,6,58,64,1.09375,0.036723103212062694,633,Our company has this slide reserved from 12:00-12:30 every Tuesday.
4070,3737,1,4,59,64,1.09375,0.0429490169335173,633,Her five-step plan is just too shallow for us.
3768,3737,0,6,58,64,1.09375,0.036723103212062694,633,One more demo by each of us and then you can try
3767,3737,0,6,58,64,1.09375,0.036723103212062694,633,We're running for Congress. Any advice
3748,3737,1,4,59,64,1.09375,0.0429490169335173,633,This is the big kid slide. You've gotta earn this privilege.
3185,3737,1,4,59,64,1.09375,0.0429490169335173,633,"...and we get to dress up, and we get a bigger slide, and we get paid..."
3193,3737,0,6,58,64,1.09375,0.036723103212062694,633,Now both of you go home and try to play the stock market.
3223,3737,0,6,58,64,1.09375,0.036723103212062694,633,"'Capitalism demands the very best of every man and rewards him accordingly,' son."
3247,3737,1,4,59,64,1.09375,0.0429490169335173,633,It's a great ice-breaker.  Check out the chick behind you.
3249,3737,2,2,60,64,1.09375,0.048380262520859696,633,"Son, you can try this when you grow up."
3257,3737,1,4,59,64,1.09375,0.0429490169335173,633,Get lost.
3307,3737,0,6,58,64,1.09375,0.036723103212062694,633,"Son, when you turn 18 we'll have a beer together and  enjoy the big slide."
3319,3737,0,6,58,64,1.09375,0.036723103212062694,633,"Someday son, someday."
3356,3737,1,4,59,64,1.09375,0.0429490169335173,633,This is a slippery slope!
3410,3737,0,6,58,64,1.09375,0.036723103212062694,633,"Now if you’ll excuse me, I’d like to get back to some good old fashioned corporate bonding."
3423,3737,0,6,58,64,1.09375,0.036723103212062694,633,Your inner child isn’t old enough for this slide.
3527,3737,1,4,59,64,1.09375,0.0429490169335173,633,The American white male enters his 45th year of boydom.
3545,3737,1,4,59,64,1.09375,0.0429490169335173,633,Get back to your cellphone. We’re taking over here.
3551,3737,0,6,58,64,1.09375,0.036723103212062694,633,It’s called quality assurance. Shall I google that for you?
3623,3737,0,6,58,64,1.09375,0.036723103212062694,633,"Ah, no son. This is the slide for the helicopter parents."
3650,3737,0,6,58,64,1.09375,0.036723103212062694,633,That I'm not youth enough to throw myself on a slide? And you to ask me for a mobile?
3656,3737,0,6,58,64,1.09375,0.036723103212062694,633,This is the over-eighteen slide.
3717,3737,1,4,59,64,1.09375,0.0429490169335173,633,"Public"" park, kiddo. These taxes come outta my paycheck"
3740,3737,0,6,58,64,1.09375,0.036723103212062694,633,"When you’re our age, you’ll need Claret to feel this uninhibited."
3131,3737,0,6,58,64,1.09375,0.036723103212062694,633,"Sorry...you have to be at least 60""  high to ride this slide..."""
2260,3737,1,4,59,64,1.09375,0.0429490169335173,633,"The judge says, 'Court will recess until tomorrow.' So, sorry kid, this could be a while."
2094,3737,0,6,58,64,1.09375,0.036723103212062694,633,You're not old enough - so remind her its a unisex slide
2245,3737,1,4,59,64,1.09375,0.0429490169335173,633,Go back to your silly slide.
846,3737,1,4,59,64,1.09375,0.0429490169335173,633,"Sorry, this is PG-13 slide."
874,3737,1,4,59,64,1.09375,0.0429490169335173,633,"Shoo, kid. This slide is rated  ""R."""
877,3737,0,6,58,64,1.09375,0.036723103212062694,633,Short people go on the short slide Billy.
882,3737,0,6,58,64,1.09375,0.036723103212062694,633,"Sorry, you’re not allowed on the adult slide."
894,3737,0,6,58,64,1.09375,0.036723103212062694,633,"Yeah, but when our recess is over we don’t get to play King of the Hill, we go back to Capitol Hill."
968,3737,0,6,58,64,1.09375,0.036723103212062694,633,"Because HR says so, that’s why."
1033,3737,1,4,59,64,1.09375,0.0429490169335173,633,"No, you can't use the adults slide."
1042,3737,0,6,58,64,1.09375,0.036723103212062694,633,Sorry. This one is for lawyers.
1089,3737,0,6,58,64,1.09375,0.036723103212062694,633,"Sup Yellenial Dude, tell those restaurant-killing millennial dweebs that Gen-X is taking a bit of an el breako. If you need anything, just use your best judgement. The Boomers have been getting a little, eh, 'Late Reagan' on Facebook. Peace out!"
1095,3737,0,6,58,64,1.09375,0.036723103212062694,633,"Well son, I hope you’re enjoying “Take your kid to work” Day!"
1126,3737,0,6,58,64,1.09375,0.036723103212062694,633,Stop your whining.  You get to take my place for a whole afternoon of market share analysis reviews!
1154,3737,1,4,59,64,1.09375,0.0429490169335173,633,'Haven't you heard Jimmy? Micro-playing is the new thing in Silicon Valley.'
1156,3737,0,6,58,64,1.09375,0.036723103212062694,633,Here's why we got into politics.
1175,3737,0,6,58,64,1.09375,0.036723103212062694,633,"When you're a C.E.O. with A.A., this is how we kick back and unwind."
1194,3737,0,6,58,64,1.09375,0.036723103212062694,633,"Sorry kid, adults get the big slide."
1212,3737,1,4,59,64,1.09375,0.0429490169335173,633,It's adult slide. Come back in half an hour.
1281,3737,0,6,58,64,1.09375,0.036723103212062694,633,Will you hold on to the ladder for me while I'm up?
815,3737,1,4,59,64,1.09375,0.0429490169335173,633,"Use the other slide, son. This one's for the Special Olympics."
772,3737,1,4,59,64,1.09375,0.0429490169335173,633,"Oh! Boo Hoo, go tell your momey"
748,3737,1,4,59,64,1.09375,0.0429490169335173,633,"You can't ride this one until you understand bonds, mortgages and golden parachutes."
712,3737,1,4,59,64,1.09375,0.0429490169335173,633,"Don't you know, ""Age before beauty""?"
2257,3737,1,4,59,64,1.09375,0.0429490169335173,633,It's called redundancy kid. Don't worry - you'll get your turn.
11,3737,1,4,59,64,1.09375,0.0429490169335173,633,"Well you guys took over all the border prisons, so..."
72,3737,1,4,59,64,1.09375,0.0429490169335173,633,"It's a just an acute case of slidemania, buddy."
80,3737,0,6,58,64,1.09375,0.036723103212062694,633,Someday you'll look back on this as the moment you realized just how far our country had slid after less than two years of Trump.
155,3737,0,6,58,64,1.09375,0.036723103212062694,633,I told you that the big slide is for vertical assholes and little slide is for horizontal assholes.
188,3737,1,4,59,64,1.09375,0.0429490169335173,633,"Why don’t
you play some video games?"
195,3737,0,6,58,64,1.09375,0.036723103212062694,633,It's cheaper than dry cleaning.
275,3737,1,4,59,64,1.09375,0.0429490169335173,633,Have you gone to high school?
1289,3737,0,6,58,64,1.09375,0.036723103212062694,633,"Trust me, kid, the slide into adulthood may start out on a high, but it declines rapidly and before you know it, it's over."
296,3737,1,4,59,64,1.09375,0.0429490169335173,633,Only after YOU pay the mortgage.”
559,3737,1,4,59,64,1.09375,0.0429490169335173,633,Because.  My teeter is bigger than your totter.
590,3737,0,6,58,64,1.09375,0.036723103212062694,633,"No, you're not old enough to play with the big boys--"
606,3737,0,6,58,64,1.09375,0.036723103212062694,633,"Yes, it IS an app."
618,3737,1,4,59,64,1.09375,0.0429490169335173,633,This world needs more heroes kid.
651,3737,0,6,58,64,1.09375,0.036723103212062694,633,"So, why don't you behave as adult?"
670,3737,0,6,58,64,1.09375,0.036723103212062694,633,You’ll understand when you grow up.
702,3737,1,4,59,64,1.09375,0.0429490169335173,633,"Sorry, It's adult slide time."
709,3737,1,4,59,64,1.09375,0.0429490169335173,633,"Whaddaya mean, “equity?”  We got here first."
400,3737,1,4,59,64,1.09375,0.0429490169335173,633,I get where you're coming from but I'm still presenting these slides to corporate
1291,3737,0,6,58,64,1.09375,0.036723103212062694,633,"Now that you fuckers spend all your free time watching strangers play video games and us grown-ups are immiserated by neoliberalism or whatever, the city lifted the ban on unaccompanied adults. So, you know, be careful."
1098,3737,0,6,58,64,1.09375,0.036723103212062694,633,"Its the new Betsy de Voss playground rules, snowflake. Go look 'em up and quit whining!"
1301,3737,0,6,58,64,1.09375,0.036723103212062694,633,"Because age goes before beauty, and if that’s not enough big boys, and big girls, get the big toys."
1745,3737,0,6,58,64,1.09375,0.036723103212062694,633,"This is the ladder of success. Eleven year olds can't climb the ladder of success, Benny."
1758,3737,0,6,58,64,1.09375,0.036723103212062694,633,"It’s ok, we identify as 10 year olds. Back off poop-head!"
1803,3737,1,4,59,64,1.09375,0.0429490169335173,633,"One day, when you're big enough, you'll be allowed to have fun. Until then, you can just play pretend."
1828,3737,1,4,59,64,1.09375,0.0429490169335173,633,Your sister is just like her mother. Her uncle is another story.
1829,3737,0,6,58,64,1.09375,0.036723103212062694,633,"Sorry, you must be amidst a mid-life crisis to go down this slide."
1867,3737,2,2,60,64,1.09375,0.048380262520859696,633,When you grow up you'll be able to do this too.
1296,3737,1,4,59,64,1.09375,0.0429490169335173,633,"We're calling it ""Slide-share.""  Our Series A is open, if interested."
1947,3737,2,2,60,64,1.09375,0.048380262520859696,633,"Now son, the key to life is to enjoy 'the' ride"
1713,3737,2,2,60,64,1.09375,0.048380262520859696,633,"Sorry kid, maybe someday when you act like an adult."
1993,3737,1,4,59,64,1.09375,0.0429490169335173,633,"Life's not always fair son, but all in due time."
2011,3737,0,6,58,64,1.09375,0.036723103212062694,633,Why *can't* there be a slide for adults only?
2047,3737,1,4,59,64,1.09375,0.0429490169335173,633,"No, I am not your mother."
2053,3737,1,4,59,64,1.09375,0.0429490169335173,633,"Don't ever stop dreaming extra large, Kid, and someday you'll be ready for the big slide...but this isn't that day."
2065,3737,1,4,59,64,1.09375,0.0429490169335173,633,"Look Kid, I'm not your daddy and I dont have any food for you."
2113,3737,0,6,58,64,1.09375,0.036723103212062694,633,Go play on your cellphone.
2145,3737,0,6,58,64,1.09375,0.036723103212062694,633,"(As ""Helter Skelter"" fades out) I've got blisters on me fingers!"
2202,3737,1,4,59,64,1.09375,0.0429490169335173,633,"Wait your turn Jimmy, you'll be able to have this much fun in 30 Years!"
2217,3737,0,6,58,64,1.09375,0.036723103212062694,633,Keep practicing kid.
2001,3737,0,6,58,64,1.09375,0.036723103212062694,633,"Sorry, kid.  Company is cutting costs, this is the morale-booster team picnic.  Maybe you can outsource your fun to China."
1689,3737,1,4,59,64,1.09375,0.0429490169335173,633,Go pee in the bathroom
1946,3737,1,4,59,64,1.09375,0.0429490169335173,633,"Oh yea?  Well, my dad’s denture is bigger than your dad’s !"
1646,3737,1,4,59,64,1.09375,0.0429490169335173,633,No kids allowed!
1651,3737,0,6,58,64,1.09375,0.036723103212062694,633,Scram kid.  The three of just are celebrating because our boss didn't think we were very smart and gave us six month vacations twice a year.  We thought two weeks paid was good!
1321,3737,1,4,59,64,1.09375,0.0429490169335173,633,"No, Junior, you have to use the junior slide."
1322,3737,1,4,59,64,1.09375,0.0429490169335173,633,The rest of the team wanted to go paintballing
1392,3737,0,6,58,64,1.09375,0.036723103212062694,633,Sorry kid! You can't use this until you're in your second childhood.
1434,3737,1,4,59,64,1.09375,0.0429490169335173,633,"Don't worry, kid. It's all uphill from here."
1445,3737,0,6,58,64,1.09375,0.036723103212062694,633,"Sorry, graduate students need only apply."
1465,3737,0,6,58,64,1.09375,0.036723103212062694,633,I really do believe that children are the future...which is why it'll be your turn to use the slide in 10-15 years.
1474,3737,0,6,58,64,1.09375,0.036723103212062694,633,"Bigger risk, bigger reward."
1306,3737,1,4,59,64,1.09375,0.0429490169335173,633,We shorted Ripple (XRP) when it was done pumping.
1495,3737,1,4,59,64,1.09375,0.0429490169335173,633,Tell her that I’ve decided to let her slide.
1492,3737,0,6,58,64,1.09375,0.036723103212062694,633,You have to be an overgrown child to go on this slide.
1610,3737,0,6,58,64,1.09375,0.036723103212062694,633,Go get your own #Metoo moment
1590,3737,0,6,58,64,1.09375,0.036723103212062694,633,"Something went wrong in our lives, we need a fresh start."
1562,3737,2,2,60,64,1.09375,0.048380262520859696,633,It's our motivational seminar homework.
1618,3737,0,6,58,64,1.09375,0.036723103212062694,633,"Sorry Kid, This Slide is Business Class.""

Lucia Bybee, Age 1"
1498,3737,1,4,59,64,1.09375,0.0429490169335173,633,"If I'm not back in a minute, son, have mom call 911."
1497,3737,1,4,59,64,1.09375,0.0429490169335173,633,Inside the universal mind of  The New Yorker.
1541,3737,1,4,59,64,1.09375,0.0429490169335173,633,You're too young to understand.
2976,3910,2,2,61,65,1.0923076923076922,0.04765196805139949,633,Back off kid. This slide is X-rated.
2458,3910,1,4,60,65,1.0923076923076922,0.04230769230769232,633,We're preparing for the next market crash.
2472,3910,0,6,59,65,1.0923076923076922,0.03618247638889766,633,Our slide rules!
2500,3910,1,4,60,65,1.0923076923076922,0.04230769230769232,633,Grow up! The grown-up slide is for grown-ups only.
2663,3910,1,4,60,65,1.0923076923076922,0.04230769230769232,633,"A new educational reform program has started,  Johnny, so you need to go back in and get your lesson plans ready."
2419,3910,1,4,60,65,1.0923076923076922,0.04230769230769232,633,Go away. kid. We are enjoying our second childhood!
2889,3910,0,6,59,65,1.0923076923076922,0.03618247638889766,633,You're going to have to wait another 30 years for your turn
3337,3910,1,4,60,65,1.0923076923076922,0.04230769230769232,633,These things are fun but they always make me puke.
3965,3910,1,4,60,65,1.0923076923076922,0.04230769230769232,633,What's wrong with old white men having fun?
3520,3910,0,6,59,65,1.0923076923076922,0.03618247638889766,633,I've never actually passed out on a sliding board but I may have fallen asleep.
3680,3910,1,4,60,65,1.0923076923076922,0.04230769230769232,633,This is the one time in life when I can at least enjoy sliding down.
3688,3910,2,2,61,65,1.0923076923076922,0.04765196805139949,633,You can get your license when you're 16.
4148,3910,0,6,59,65,1.0923076923076922,0.03618247638889766,633,My tax dollars pay for this playground!
4200,3910,1,4,60,65,1.0923076923076922,0.04230769230769232,633,"Sorry to cut in line Little Jimmy, but slide rules are for engineers, not substitute teachers."
4270,3910,1,4,60,65,1.0923076923076922,0.04230769230769232,633,Age before beauty.
4300,3910,0,6,59,65,1.0923076923076922,0.03618247638889766,633,The small one is a ‘sliding pon’ and the large one is a‘sliding pond’.  I’m just sayin’.”
2251,3910,0,6,59,65,1.0923076923076922,0.03618247638889766,633,"I'm sorry, son, but we waited almost an hour for those big kids to leave and now it's OUR turn."
3431,3910,0,6,59,65,1.0923076923076922,0.03618247638889766,633,Wait 'til you see our new pirate ship!!
2046,3910,1,4,60,65,1.0923076923076922,0.04230769230769232,633,Go play your video games.
2803,3910,2,2,61,65,1.0923076923076922,0.04765196805139949,633,Because we baggsed it first.
1813,3910,1,4,60,65,1.0923076923076922,0.04230769230769232,633,"Sorry, only those thirteen or older can enter or vote--or play on the slide."
163,3910,0,6,59,65,1.0923076923076922,0.03618247638889766,633,Adults are just children in bigger clothes.
388,3910,1,4,60,65,1.0923076923076922,0.04230769230769232,633,You really have to play the game to get ahead here.
498,3910,1,4,60,65,1.0923076923076922,0.04230769230769232,633,"You know, Kid, it’s telling how few parks have grownup sized slides..."
534,3910,1,4,60,65,1.0923076923076922,0.04230769230769232,633,No small fry with our sliders.
645,3910,1,4,60,65,1.0923076923076922,0.04230769230769232,633,Watch me here too--I also make an excellent slide model.
696,3910,0,6,59,65,1.0923076923076922,0.03618247638889766,633,With my deductible? This is more of a thrill-ride than you think.
1196,3910,0,6,59,65,1.0923076923076922,0.03618247638889766,633,"A vote for us, son, is a vote for your parents and your parents' parents!"
1278,3910,0,6,59,65,1.0923076923076922,0.03618247638889766,633,"'Actually, it's a blast to practice landing on your feet!'"
1282,3910,1,4,60,65,1.0923076923076922,0.04230769230769232,633,",,There's a place for grown ups and for children and the only thing that can change it it's TIME"""
2021,3910,1,4,60,65,1.0923076923076922,0.04230769230769232,633,Go back to your class. This time is reserved for the teachers!
1328,3910,1,4,60,65,1.0923076923076922,0.04230769230769232,633,When you get a job you can go on this slide!
1660,3910,0,6,59,65,1.0923076923076922,0.03618247638889766,633,It’s called ‘adult slide’ so beat it!
1756,3910,1,4,60,65,1.0923076923076922,0.04230769230769232,633,"Beat it, kid.  No room for new arrivals."
1771,3910,1,4,60,65,1.0923076923076922,0.04230769230769232,633,"OVER THERE, SONNY.  THIS ONE'S FOR THE INNER CHILDREN."
1787,3910,0,6,59,65,1.0923076923076922,0.03618247638889766,633,"Don’t worry, ‘take your parent to play day’ is only once a year."
2460,3946,1,4,61,66,1.0909090909090908,0.04168520460680058,633,"No, son, this slide is for grownups who want to recreate the demise of their careers."
457,3946,1,4,61,66,1.0909090909090908,0.04168520460680058,633,"This is the adult slide, get lost."
2034,3946,0,6,60,66,1.0909090909090908,0.03565747911603346,633,Even us old farts like to have fun!
3297,3949,1,3,57,61,1.0819672131147542,0.04243337411654028,633,Shove off kid!
2859,3949,0,5,56,61,1.0819672131147542,0.03541388359785716,633,Beat it kid!   Don't you have some crack to smoke?
2895,3949,1,3,57,61,1.0819672131147542,0.04243337411654028,633,"Go play in the sand box.This is for moms,dads&uncles....."
2918,3949,0,5,56,61,1.0819672131147542,0.03541388359785716,633,Sorry kid this one is for the young at heart
2925,3949,0,5,56,61,1.0819672131147542,0.03541388359785716,633,"This is the adults' slide, son.  You have to stand in line at the kids' slide until she gets the courage to let go and slide down. If that doesn't happen, you could consider the sandbox, no one seems to be using it now"
2965,3949,0,5,56,61,1.0819672131147542,0.03541388359785716,633,You're never too young to learn that the career ladder has its ups and downs.
4316,3949,0,5,56,61,1.0819672131147542,0.03541388359785716,633,Then how do you slide into her DMs?
2972,3949,1,3,57,61,1.0819672131147542,0.04243337411654028,633,"Management thought this was the most effective way to find our management style. Now shove off kid, the grown-ups are here to play!"
3004,3949,0,5,56,61,1.0819672131147542,0.03541388359785716,633,We found our inner kids – now piss off.
3005,3949,0,5,56,61,1.0819672131147542,0.03541388359785716,633,"It's ok - in 30 years, you'll be taking over Facebook."
3007,3949,0,5,56,61,1.0819672131147542,0.03541388359785716,633,"No, I won't let you cut in line!"
3042,3949,0,5,56,61,1.0819672131147542,0.03541388359785716,633,I see this as one of the rewards of maturity.
3049,3949,0,5,56,61,1.0819672131147542,0.03541388359785716,633,"Sorry, kid. You need at least eight years of experience for this slide. Try that one over there. It only needs four years of previous sliding."
3054,3949,0,5,56,61,1.0819672131147542,0.03541388359785716,633,Please play with your sister while your parent plays with bigger toys.
3072,3949,0,5,56,61,1.0819672131147542,0.03541388359785716,633,"I heard all the young folk are sliding into DM""s"
3317,3949,1,3,57,61,1.0819672131147542,0.04243337411654028,633,Whaddaya lookin' at?! The sand box would've gotten my suit dirty!
3087,3949,1,3,57,61,1.0819672131147542,0.04243337411654028,633,"No, you need to use the kiddie slide."
3125,3949,1,3,57,61,1.0819672131147542,0.04243337411654028,633,"Dad: Where did you get it?
Son: DAD!
Dad: Answer me! Who taught you how to slide?
Son: YOU ALRIGHT! I learned it by watching you.
Parents who slide have children who slide."
3306,3949,1,3,57,61,1.0819672131147542,0.04243337411654028,633,Left-wing opposition group when not seeking revenge on behalf of the Clintons.
2854,3949,0,5,56,61,1.0819672131147542,0.03541388359785716,633,"Hey kid, we're Amish,  we aren't allowed to do the Electric Slide so we'll be here awhile."
3146,3949,1,3,57,61,1.0819672131147542,0.04243337411654028,633,"I’m sorry, you must have 3-5 years of experience on this slide to ride this slide."
2839,3949,0,5,56,61,1.0819672131147542,0.03541388359785716,633,We're channeling our inner child.
2681,3949,1,3,57,61,1.0819672131147542,0.04243337411654028,633,"Sorry, kid, the adults have decided to take over the playground."
2818,3949,1,3,57,61,1.0819672131147542,0.04243337411654028,633,"Sorry, this is reserved for a corporate bonding retreat."
2207,3949,1,3,57,61,1.0819672131147542,0.04243337411654028,633,Look at her; he's on a slippery slope.
2234,3949,0,5,56,61,1.0819672131147542,0.03541388359785716,633,Whatever you do --don't touch the little girl  because you could lose a career later!
2274,3949,0,5,56,61,1.0819672131147542,0.03541388359785716,633,"Sorry, I'm afraid you have to be a kid at heart."
2280,3949,0,5,56,61,1.0819672131147542,0.03541388359785716,633,When your big it will be a lot smaller. You'll be a grown up standing your grounds  playing!
2353,3949,0,5,56,61,1.0819672131147542,0.03541388359785716,633,This slide is for us power brokers!
2355,3949,0,5,56,61,1.0819672131147542,0.03541388359785716,633,"tRUMPland:  ""Wait your turn chump"""
2378,3949,0,5,56,61,1.0819672131147542,0.03541388359785716,633,"Sorry, son. Maybe when you're all grown up and morbidly obese."
2436,3949,2,1,58,61,1.0819672131147542,0.048446251932899455,633,But Dad! It’s MY turn to watch Mommy’ dress fly up!
2456,3949,0,5,56,61,1.0819672131147542,0.03541388359785716,633,This is the most productive I've felt in years.
2487,3949,0,5,56,61,1.0819672131147542,0.03541388359785716,633,We're celebrating Jimboy Taco Day!
2821,3949,1,3,57,61,1.0819672131147542,0.04243337411654028,633,"He went down the slide, I thought about it"
2519,3949,0,5,56,61,1.0819672131147542,0.03541388359785716,633,"It's part of leadership training.  The sandbox is next.""

By my spouse, Meg Mann, Chesapeake, V"
2639,3949,0,5,56,61,1.0819672131147542,0.03541388359785716,633,You wouldn't understand. Its a grownup thing.
2658,3949,0,5,56,61,1.0819672131147542,0.03541388359785716,633,Come on son slide on over there and ask if she’s down.
2664,3949,1,3,57,61,1.0819672131147542,0.04243337411654028,633,Watch out for snakes on the corporate ladder.
3403,3949,1,3,57,61,1.0819672131147542,0.04243337411654028,633,You'll get your frisbee back when you stop asking dumb questions.
2705,3949,0,5,56,61,1.0819672131147542,0.03541388359785716,633,Sara Jean won't let me get on 'cause she said i groped her when we was 3...
2744,3949,0,5,56,61,1.0819672131147542,0.03541388359785716,633,The judge told us to take a recess.
2749,3949,1,3,57,61,1.0819672131147542,0.04243337411654028,633,"Scram this is ""adults only""!"
2754,3949,0,5,56,61,1.0819672131147542,0.03541388359785716,633,"I've been in this business 20 years. And that's it, I'm done."""
2780,3949,2,1,58,61,1.0819672131147542,0.048446251932899455,633,"Wait 20 years, kid."
2795,3949,0,5,56,61,1.0819672131147542,0.03541388359785716,633,"No son, you are just a minor  member here, the president goes first."
2586,3949,0,5,56,61,1.0819672131147542,0.03541388359785716,633,"Let this be a lesson... as soon as you start respecting your elders, your mother and I will let you slide"
3456,3949,0,5,56,61,1.0819672131147542,0.03541388359785716,633,"Beat it, kid. This slide is only for the young at heart."
3668,3949,1,3,57,61,1.0819672131147542,0.04243337411654028,633,"In this day and age, you have to be more inclusive."
3521,3949,0,5,56,61,1.0819672131147542,0.03541388359785716,633,This is what separates the men from the boys.
3985,3949,0,5,56,61,1.0819672131147542,0.03541388359785716,633,God told us to do this: Hallelujah!
3992,3949,0,5,56,61,1.0819672131147542,0.03541388359785716,633,"Hey, go back to the kids’ slide!  This one is for adults only. Plus we’re U.S. Senators...just on a break from a Judiciary Committee Hearing...we need our playtime as well, you know”"
4003,3949,0,5,56,61,1.0819672131147542,0.03541388359785716,633,"Beat it kid. You got your Xbox, I got my slide"
4004,3949,0,5,56,61,1.0819672131147542,0.03541388359785716,633,You don’t get a turn on this one until you’re a grown up.
4012,3949,1,3,57,61,1.0819672131147542,0.04243337411654028,633,"Scram kid, she prefers more mature men."
4013,3949,1,3,57,61,1.0819672131147542,0.04243337411654028,633,"It's a conserva-slide. Investments climb up, taxes slide down."
4020,3949,1,3,57,61,1.0819672131147542,0.04243337411654028,633,This slide is for the big losers only.
4037,3949,1,3,57,61,1.0819672131147542,0.04243337411654028,633,Go use the small slide. Your not tall enough to use this one.
4046,3949,1,3,57,61,1.0819672131147542,0.04243337411654028,633,Adult swim without the water.
4079,3949,1,3,57,61,1.0819672131147542,0.04243337411654028,633,See the sign? You have to be this side to side this slide.
4083,3949,0,5,56,61,1.0819672131147542,0.03541388359785716,633,Go work on your own childhood traumas!
4085,3949,1,3,57,61,1.0819672131147542,0.04243337411654028,633,"Unlike your mother, I am not letting your mischievous actions slide from yesterday."
4089,3949,1,3,57,61,1.0819672131147542,0.04243337411654028,633,Aren’t you a little to young to be going on the big slide
4127,3949,1,3,57,61,1.0819672131147542,0.04243337411654028,633,They gave a “find your motivation” speech at the office but it didn’t went well
4178,3949,2,1,58,61,1.0819672131147542,0.048446251932899455,633,"We’re hands on investors kid.  Relax, nothing will change."
4185,3949,1,3,57,61,1.0819672131147542,0.04243337411654028,633,"Sorry  son,   it's  my turn down

the slide!"
4203,3949,0,5,56,61,1.0819672131147542,0.03541388359785716,633,"Careful for that girl up there, son. She’s acting a little strange."
4308,3949,0,5,56,61,1.0819672131147542,0.03541388359785716,633,"It’s not your turn yet kid, but I’ll see you on the other slide."
4254,3949,0,5,56,61,1.0819672131147542,0.03541388359785716,633,Not until you're older!
4205,3949,1,3,57,61,1.0819672131147542,0.04243337411654028,633,"Sorry kid, our team building exercise is more important than any of your silly playground games."
2201,3949,0,5,56,61,1.0819672131147542,0.03541388359785716,633,"Excuse me,it's also time out at Stinky's Investments."
3942,3949,0,5,56,61,1.0819672131147542,0.03541388359785716,633,Watch and learn. This is how you have fun.
3934,3949,0,5,56,61,1.0819672131147542,0.03541388359785716,633,"Go play in the sandbox, the slide is for adults"
3931,3949,0,5,56,61,1.0819672131147542,0.03541388359785716,633,"It's not your age, it's your attire."
3907,3949,0,5,56,61,1.0819672131147542,0.03541388359785716,633,Can you give me a push ?
3523,3949,1,3,57,61,1.0819672131147542,0.04243337411654028,633,Sorry! To slow
3532,3949,0,5,56,61,1.0819672131147542,0.03541388359785716,633,"Do YOU  like beer, Senator?"
3557,3949,0,5,56,61,1.0819672131147542,0.03541388359785716,633,"Kid, this is a slippery slope you don't want to get on."
3585,3949,1,3,57,61,1.0819672131147542,0.04243337411654028,633,"Sorry, kid. Adult voters need this slide."
3599,3949,0,5,56,61,1.0819672131147542,0.03541388359785716,633,It's an employee team building exercise; you wouldn't understand.
3600,3949,0,5,56,61,1.0819672131147542,0.03541388359785716,633,"Sure Billy, there' a a lot to be afraid of, but in my experience it's probably better step up to it now."
3653,3949,0,5,56,61,1.0819672131147542,0.03541388359785716,633,"Hey shrimp boy! This is the big boy slide, so back the fuck off!"
3675,3949,0,5,56,61,1.0819672131147542,0.03541388359785716,633,Teachers negotiated firsties on the big slide in our latest contract.
3694,3949,1,3,57,61,1.0819672131147542,0.04243337411654028,633,Please step back. The Federal Kiddie Slide Acceptance Test is in progress.
3700,3949,0,5,56,61,1.0819672131147542,0.03541388359785716,633,We've just been fired from the White House
3466,3949,1,3,57,61,1.0819672131147542,0.04243337411654028,633,"Oh yeah?  Well I'm seven with 40 years of experience, so there."
3737,3949,0,5,56,61,1.0819672131147542,0.03541388359785716,633,You're not ready.  This one's for the high and mighty.
3771,3949,2,1,58,61,1.0819672131147542,0.048446251932899455,633,This one's for bigger kids.
3777,3949,1,3,57,61,1.0819672131147542,0.04243337411654028,633,It’s called childing”
3808,3949,1,3,57,61,1.0819672131147542,0.04243337411654028,633,"No, you put away childish things."
3812,3949,1,3,57,61,1.0819672131147542,0.04243337411654028,633,"Careful son, getting into this past-time is a slippery slope"
3841,3949,1,3,57,61,1.0819672131147542,0.04243337411654028,633,"Sorry this is the big person slide"""
3843,3949,0,5,56,61,1.0819672131147542,0.03541388359785716,633,"Sorry kid, we don't want to make the boss feel self-conscious."
3859,3949,0,5,56,61,1.0819672131147542,0.03541388359785716,633,This is the  Boomer slide.
3873,3949,0,5,56,61,1.0819672131147542,0.03541388359785716,633,It’s spelled Y-O-L-O and it’s dad’s new lifestyle.
3880,3949,0,5,56,61,1.0819672131147542,0.03541388359785716,633,"No, you can’t play with their inner children."
3883,3949,0,5,56,61,1.0819672131147542,0.03541388359785716,633,Sorry kid.  We're NRA semiautomatic assault gun enthusiasts testing the schoolyard slippery slope.
3764,3949,0,5,56,61,1.0819672131147542,0.03541388359785716,633,"Strictly Adults only kid, can’t you see?"
2200,3949,1,3,57,61,1.0819672131147542,0.04243337411654028,633,"Get lost, kid. This slide's for mid-life crises and adult play therapy."
2967,3949,0,5,56,61,1.0819672131147542,0.03541388359785716,633,"You and your little friend can scram.  This park is for midlife crises only, got it?"
2136,3949,0,5,56,61,1.0819672131147542,0.03541388359785716,633,And that's why I shine my shoes!
625,3949,1,3,57,61,1.0819672131147542,0.04243337411654028,633,Beat it - this is our corporate sandbox retreat.
652,3949,1,3,57,61,1.0819672131147542,0.04243337411654028,633,You have to evolve this high before you ride this slide.
678,3949,0,5,56,61,1.0819672131147542,0.03541388359785716,633,"New directive kid, slide before work."
690,3949,0,5,56,61,1.0819672131147542,0.03541388359785716,633,Catch me if you can
742,3949,0,5,56,61,1.0819672131147542,0.03541388359785716,633,You have to be this big to go on this ride.
743,3949,1,3,57,61,1.0819672131147542,0.04243337411654028,633,What with all my duties I am just getting around to being a kid.
761,3949,1,3,57,61,1.0819672131147542,0.04243337411654028,633,You need a drivers license to show you are 2 1
844,3949,0,5,56,61,1.0819672131147542,0.03541388359785716,633,"Life lesson, kid, it’s all about being transparent parents.”"
860,3949,0,5,56,61,1.0819672131147542,0.03541388359785716,633,EXPRESSING REPRESSED EMOTIONS...YOU MAY NEED THIS SOMEDAY SON.
568,3949,0,5,56,61,1.0819672131147542,0.03541388359785716,633,I'm getting myself back in the game Baby Boy!
914,3949,1,3,57,61,1.0819672131147542,0.04243337411654028,633,Oh grow up sonny
932,3949,0,5,56,61,1.0819672131147542,0.03541388359785716,633,A career open to some talents
937,3949,1,3,57,61,1.0819672131147542,0.04243337411654028,633,"If you could read, you’d know. We’re guaranteed priority until we’re 26."
939,3949,1,3,57,61,1.0819672131147542,0.04243337411654028,633,THIS SLIDE WAS ERECTED BY TWO ORTHOPODS. A CHIROPRACTOR AND ONE OF THOSE CHINESE NEEDLES GUYS.
963,3949,0,5,56,61,1.0819672131147542,0.03541388359785716,633,You stay put while we have the time of our lives.
981,3949,0,5,56,61,1.0819672131147542,0.03541388359785716,633,Didn’t you see the sign? This one is adults only.
1014,3949,1,3,57,61,1.0819672131147542,0.04243337411654028,633,"Thanks for offering, but my 'inner child' is years ahead of your 'inner Child' already!"
1047,3949,0,5,56,61,1.0819672131147542,0.03541388359785716,633,"I've got news for you, kid:  adulthood is a shitshow.  Live while you can!"
1052,3949,0,5,56,61,1.0819672131147542,0.03541388359785716,633,Tell him I don't like him papa. Who is this Tgif anyway?
1075,3949,0,5,56,61,1.0819672131147542,0.03541388359785716,633,"It's called market research, son. Stand aside!"
924,3949,0,5,56,61,1.0819672131147542,0.03541388359785716,633,"Sorry kid, we're on lunch break"
539,3949,1,3,57,61,1.0819672131147542,0.04243337411654028,633,"No, don't ask her if she'd like to park; ask if she'd like to parkour."
533,3949,0,5,56,61,1.0819672131147542,0.03541388359785716,633,"This is called a ""Retro Slide"" it's only for Mommy's and Daddy's."
491,3949,0,5,56,61,1.0819672131147542,0.03541388359785716,633,"Sorry kid, your to young for this kind of game"
2195,3949,0,5,56,61,1.0819672131147542,0.03541388359785716,633,"You’re too young to go on the downward slide!
Clara Mikowski"
55,3949,1,3,57,61,1.0819672131147542,0.04243337411654028,633,"Sorry, this slide is reserved for quirky rom-com movies."
97,3949,0,5,56,61,1.0819672131147542,0.03541388359785716,633,Who knows where you’ll end up if you go down this one son
109,3949,1,3,57,61,1.0819672131147542,0.04243337411654028,633,2018 is about equality. It's Bring Your Father to Play Day.
118,3949,1,3,57,61,1.0819672131147542,0.04243337411654028,633,"We millenials invented this life hack, son, and you've been doing it wrong this whole time."
138,3949,0,5,56,61,1.0819672131147542,0.03541388359785716,633,Beat it. This one’s for big kids only.
143,3949,0,5,56,61,1.0819672131147542,0.03541388359785716,633,"Sir, we want to know what this 'remote conference call ' means?"
146,3949,0,5,56,61,1.0819672131147542,0.03541388359785716,633,You Won't Understand It Now but This Is For Your Own Security
237,3949,0,5,56,61,1.0819672131147542,0.03541388359785716,633,"You get Take Your Child to Work Day, give us this."
303,3949,0,5,56,61,1.0819672131147542,0.03541388359785716,633,"Sorry, it's a test only."""
308,3949,0,5,56,61,1.0819672131147542,0.03541388359785716,633,Even physicians need to take continuing education courses.
313,3949,0,5,56,61,1.0819672131147542,0.03541388359785716,633,Because big people are sick of Bring Your Child to Work Day.
344,3949,1,3,57,61,1.0819672131147542,0.04243337411654028,633,This is NOT your Spartacus moment!
353,3949,0,5,56,61,1.0819672131147542,0.03541388359785716,633,It's a safety-related outcome practical survey....
370,3949,2,1,58,61,1.0819672131147542,0.048446251932899455,633,"sorry kid, that's capitalism. now are you going to cry like some kind of democrat, or are you gonna get me my goddamn sonic pop with the gumball eyes?"
381,3949,1,3,57,61,1.0819672131147542,0.04243337411654028,633,boy howdy my butt's gonna love this cool slide
386,3949,0,5,56,61,1.0819672131147542,0.03541388359785716,633,"I did NOT butt in line, butthead. This is the big kids' slide."
426,3949,0,5,56,61,1.0819672131147542,0.03541388359785716,633,What can I say; the second quarter gross revenue was up!
466,3949,0,5,56,61,1.0819672131147542,0.03541388359785716,633,WHEE!!!
476,3949,0,5,56,61,1.0819672131147542,0.03541388359785716,633, 
481,3949,0,5,56,61,1.0819672131147542,0.03541388359785716,633,This is the big kids slide
1087,3949,0,5,56,61,1.0819672131147542,0.03541388359785716,633,"Sorry kid, it's mid-life crisis only."
1113,3949,0,5,56,61,1.0819672131147542,0.03541388359785716,633,"Scram, kid. 
This is for the pros!"
180,3949,0,5,56,61,1.0819672131147542,0.03541388359785716,633,Your must be 'This Old' to use this ride.
1179,3949,0,5,56,61,1.0819672131147542,0.03541388359785716,633,This is more work than it looks.
1693,3949,0,5,56,61,1.0819672131147542,0.03541388359785716,633,"Kid, you gotta lot to learn about climbing the corporate chutes and ladders."
1717,3949,0,5,56,61,1.0819672131147542,0.03541388359785716,633,"No, it's us. This all started when Billy found his dad's
 T-E-S-T-E-R-O-N-E Patches."
1780,3949,1,3,57,61,1.0819672131147542,0.04243337411654028,633,"""This is how to REALLY go down a slide."
1882,3949,1,3,57,61,1.0819672131147542,0.04243337411654028,633,Your mother has decided to run off with someone “more playful.”
1909,3949,1,3,57,61,1.0819672131147542,0.04243337411654028,633,Adult playground rules—you must be 18 to enter.
1917,3949,1,3,57,61,1.0819672131147542,0.04243337411654028,633,It's only for kidult boy.
1930,3949,0,5,56,61,1.0819672131147542,0.03541388359785716,633,"Sorry son, this is the grown up's slide!"
1956,3949,0,5,56,61,1.0819672131147542,0.03541388359785716,633,You'll get your turn on the debt slide one day.
1964,3949,1,3,57,61,1.0819672131147542,0.04243337411654028,633,Just do as you're told.
1671,3949,1,3,57,61,1.0819672131147542,0.04243337411654028,633,This is thevgrownup slide.  Try the other.
1965,3949,0,5,56,61,1.0819672131147542,0.03541388359785716,633,"Grown ups need playtime, too."
1990,3949,1,3,57,61,1.0819672131147542,0.04243337411654028,633,"It's adult play time now kid, beat it."
2002,3949,1,3,57,61,1.0819672131147542,0.04243337411654028,633,"Sorry, son, this was the only way I could convince your mom to join a swingers club."
2019,3949,0,5,56,61,1.0819672131147542,0.03541388359785716,633,"Yes, this new slide is for adults because we needed it.""
Hilary A. Kaplan, Silver Spring, M"
2039,3949,0,5,56,61,1.0819672131147542,0.03541388359785716,633,"Sorry buddy, this slide is for the big guys, the people making all the big decisions, and not caring two hoots about who gets hurt in the process."
2042,3949,0,5,56,61,1.0819672131147542,0.03541388359785716,633,"Dating advice? I thought you said ""slide until PM"""
2058,3949,1,3,57,61,1.0819672131147542,0.04243337411654028,633,Beat it kid! Let us enjoy what out tax dollars paid for!
2059,3949,1,3,57,61,1.0819672131147542,0.04243337411654028,633,This area is for the big dogs.
2088,3949,0,5,56,61,1.0819672131147542,0.03541388359785716,633,"I think it's about time you learn about the corporate ladder, son."
1122,3949,0,5,56,61,1.0819672131147542,0.03541388359785716,633,and this is the last time we let that type of behavior continue to slide
2105,3949,1,3,57,61,1.0819672131147542,0.04243337411654028,633,Beat it kid-this is the short sellers slide
1638,3949,0,5,56,61,1.0819672131147542,0.03541388359785716,633,"Well, you're in Proportional Park, what did you expect?"
1741,3949,1,3,57,61,1.0819672131147542,0.04243337411654028,633,"Sorry, kid. Automation is increasing competition everywhere."
1613,3949,0,5,56,61,1.0819672131147542,0.03541388359785716,633,You can't ride this slide until you understand why we're screaming.
1186,3949,1,3,57,61,1.0819672131147542,0.04243337411654028,633,The market has its ups and downs.
1200,3949,0,5,56,61,1.0819672131147542,0.03541388359785716,633,"You're not tall enough...but, this time, I'll let you slide."""
1249,3949,0,5,56,61,1.0819672131147542,0.03541388359785716,633,This will take awhile.  It's the Roller Coaster from hunger.
1265,3949,1,3,57,61,1.0819672131147542,0.04243337411654028,633,I was'nt allowed to do this growing up..said it was much too dangerous
1274,3949,0,5,56,61,1.0819672131147542,0.03541388359785716,633,"When you are older, you will inevitably go down the Freudian slide. Just wait."
1280,3949,1,3,57,61,1.0819672131147542,0.04243337411654028,633,"This one’s for stockbrokers only, Sunny."
1283,3949,1,3,57,61,1.0819672131147542,0.04243337411654028,633,"We're getting in touch with our 'inner child'; so, beat it, bozo."
1619,3949,1,3,57,61,1.0819672131147542,0.04243337411654028,633,You can blame Le Petite Prince.
1325,3949,1,3,57,61,1.0819672131147542,0.04243337411654028,633,"Unfortunately, you parents were suffering from acute juvenile play deprivation, generational anger, millennial guilt, and parental inhibition that deprived than of the ability to be silly in front of you kids."
1331,3949,0,5,56,61,1.0819672131147542,0.03541388359785716,633,It's inexpensive and it presents substantially less downside than a midlife crisis.
1342,3949,1,3,57,61,1.0819672131147542,0.04243337411654028,633,"No, it’s only for adult. You don’t have the right."
1294,3949,2,1,58,61,1.0819672131147542,0.048446251932899455,633,We're practicing for careers on Wall Street.
1390,3949,1,3,57,61,1.0819672131147542,0.04243337411654028,633,"Instead of bonuses - the company installed a ""community library"" in the breakroom.  Last Monday - Bob brought in the complete works of Satre and Nietzsche."""
1394,3949,0,5,56,61,1.0819672131147542,0.03541388359785716,633,Keep your knees up or it'll burn your legs.  That's why I wore this suit - only a static shock.
1422,3949,0,5,56,61,1.0819672131147542,0.03541388359785716,633,"All that stuff I taught you about schoolyard bullies,  forget it."""
1447,3949,1,3,57,61,1.0819672131147542,0.04243337411654028,633,Have you got your sliding license?
1454,3949,2,1,58,61,1.0819672131147542,0.048446251932899455,633,Play to win!
1469,3949,0,5,56,61,1.0819672131147542,0.03541388359785716,633,"You’ll understand when you’re older, if you’re lucky."
1501,3949,1,3,57,61,1.0819672131147542,0.04243337411654028,633,"Yes, son. The time has come to share the playground with the girls."
1534,3949,0,5,56,61,1.0819672131147542,0.03541388359785716,633,Wait until you have not yet fully matured into your adult body.
1358,3949,1,3,57,61,1.0819672131147542,0.04243337411654028,633,"Sorry kid, we're looking for experienced sliders."
1581,3949,0,5,56,61,1.0819672131147542,0.03541388359785716,633,"Son, your read to play to win."
1575,4145,0,5,57,62,1.0806451612903225,0.03486308566114124,633,"I'm a Zoologist, my wife is a Shrink & our son is a Phys Ed teacher; this is called 'Behavioral Enrichment'"
1815,4145,0,5,57,62,1.0806451612903225,0.03486308566114124,633,This is what happens when you build a playground without swings.
1827,4145,1,3,58,62,1.0806451612903225,0.04176428464117013,633,"…and it, Steven Guttenberg finds an alien pod that makes you feel young again!"
2230,4145,0,5,57,62,1.0806451612903225,0.03486308566114124,633,The battle of Waterloo was won on the playing fields of Eton.
3855,4145,0,5,57,62,1.0806451612903225,0.03486308566114124,633,"Business is down, from stock markets to slides."
2748,4145,1,3,58,62,1.0806451612903225,0.04176428464117013,633,You've got to be at least this high to ride...
3552,4145,0,5,57,62,1.0806451612903225,0.03486308566114124,633,"Dibs. Dibs and lunch, they're in the retainer agreement. What you have now is peace of mind."
1257,4145,1,3,58,62,1.0806451612903225,0.04176428464117013,633,You go and play house this time.
4173,4145,0,5,57,62,1.0806451612903225,0.03486308566114124,633,Wait your turn! Allegations come strong these days.
2729,4145,0,5,57,62,1.0806451612903225,0.03486308566114124,633,It’s never too late to have a happy childhood.
1233,4145,0,5,57,62,1.0806451612903225,0.03486308566114124,633,You are not even big enough for the kiddie slide..... So go play in the sandbox with the other unqualified sliders.
2061,4145,0,5,57,62,1.0806451612903225,0.03486308566114124,633,Don't complain kid -- We've waited all summer for our chance
1105,4145,1,3,58,62,1.0806451612903225,0.04176428464117013,633,This slide is only for holders of cryptocurrency.
993,4145,0,5,57,62,1.0806451612903225,0.03486308566114124,633,"I said, ""You need to 'grow down' to use this slide!"""
796,4145,0,5,57,62,1.0806451612903225,0.03486308566114124,633,Do you think this will strike the right note or middle aged whimsy?
715,4145,1,3,58,62,1.0806451612903225,0.04176428464117013,633,This is the big boy slide at onsite corporate daycare.
379,4145,1,3,58,62,1.0806451612903225,0.04176428464117013,633,"The kid's slide is over there, Timmy"
291,4145,0,5,57,62,1.0806451612903225,0.03486308566114124,633,"We may look like adults, but we're Millennials."
46,4145,0,5,57,62,1.0806451612903225,0.03486308566114124,633,"I was here first, and if you complain to your mother, I’ll tell you where else."
1108,4145,0,5,57,62,1.0806451612903225,0.03486308566114124,633,Some of us have to work today
3071,4165,0,4,54,58,1.0689655172413792,0.033563052647743945,633,Next up on the Senate Slide...
3073,4165,0,4,54,58,1.0689655172413792,0.033563052647743945,633,That's really big of you
3109,4165,0,4,54,58,1.0689655172413792,0.033563052647743945,633,Taller kids first!
3112,4165,0,4,54,58,1.0689655172413792,0.033563052647743945,633,"Executive order kiddo, making America great again!!"
3149,4165,0,4,54,58,1.0689655172413792,0.033563052647743945,633,"The sliding scale of playing it big to small...
the day you realize that you have the ability to expand or shrink like a tumor in someone's gut...
Even if the forgiveness is heavy, the slide can hold both your weight. happy hour is deeper than usual-"
3208,4165,0,4,54,58,1.0689655172413792,0.033563052647743945,633,"Grown ups on a playground? Only in New York! (Or the New YorkER cartoon caption contest, to humorous effect!)"
3194,4165,0,4,54,58,1.0689655172413792,0.033563052647743945,633,This one's only for man-children
3203,4165,0,4,54,58,1.0689655172413792,0.033563052647743945,633,"Better stick to your own, kid. This one’s the financial downslide."
3069,4165,0,4,54,58,1.0689655172413792,0.033563052647743945,633,Wait until you’re older.
3217,4165,0,4,54,58,1.0689655172413792,0.033563052647743945,633,When I was your age I practiced hours a day.
3234,4165,0,4,54,58,1.0689655172413792,0.033563052647743945,633,"""You better join your little friend; our slide is the no hands version."""
3191,4165,0,4,54,58,1.0689655172413792,0.033563052647743945,633,"Cutting, kid? We've accomplished more than in the history of this playground."
3062,4165,0,4,54,58,1.0689655172413792,0.033563052647743945,633,"We're going ""wee wee wee"", then all the way home."
2786,4165,0,4,54,58,1.0689655172413792,0.033563052647743945,633,"Kiddo, this slide is for the grown-ups, 
you have to use the shorter one behind you."
2851,4165,0,4,54,58,1.0689655172413792,0.033563052647743945,633,Take a hike and do yourself some good.
2799,4165,0,4,54,58,1.0689655172413792,0.033563052647743945,633,Sorry but you're going to have to use the post-tariff slide
3315,4165,1,2,55,58,1.0689655172413792,0.041610565732650054,633,"Darn it Timmy, when will you just grow up?"
2683,4165,0,4,54,58,1.0689655172413792,0.033563052647743945,633,But Doug gets five more minutes!
2660,4165,0,4,54,58,1.0689655172413792,0.033563052647743945,633,When you have kids of your own you can go down the big slide.
2614,4165,0,4,54,58,1.0689655172413792,0.033563052647743945,633,"When you start paying taxes, you can cut in line."
2579,4165,1,2,55,58,1.0689655172413792,0.041610565732650054,633,You can go down the slide when you turn 27 like everyone else.
2544,4165,0,4,54,58,1.0689655172413792,0.033563052647743945,633,"Keep working on that dismount."""
2526,4165,0,4,54,58,1.0689655172413792,0.033563052647743945,633,"Beat it, kid. This metaphor is for grown-ups only."
2322,4165,0,4,54,58,1.0689655172413792,0.033563052647743945,633,You had your chance.. now beat it!
2318,4165,0,4,54,58,1.0689655172413792,0.033563052647743945,633,"Warning, strong language in use."
2233,4165,0,4,54,58,1.0689655172413792,0.033563052647743945,633,"It'

""We're breaking before voting on the Supreme Court nomination."
2178,4165,0,4,54,58,1.0689655172413792,0.033563052647743945,633,"Entitlement enschmitelment - go play in the sand pit, dog shit or no dog shit."
2155,4165,0,4,54,58,1.0689655172413792,0.033563052647743945,633,"Sorry, kid, this slide is for big boys only!"
2937,4165,0,4,54,58,1.0689655172413792,0.033563052647743945,633,"Leave us alone, kid. This is all we've got."
3335,4165,0,4,54,58,1.0689655172413792,0.033563052647743945,633,"We get to play here for one more week, and then you get a turn."
3376,4165,0,4,54,58,1.0689655172413792,0.033563052647743945,633,"Welcome to the real world kid, you have to start at the bottom of the ladder."
4320,4165,0,4,54,58,1.0689655172413792,0.033563052647743945,633,"Sorry kid, age before beauty."
4260,4165,0,4,54,58,1.0689655172413792,0.033563052647743945,633,"Young man, you're going to have to wait your turn. We only have so much time left."
4284,4165,0,4,54,58,1.0689655172413792,0.033563052647743945,633,You see in our family we grow slowly...
4311,4165,0,4,54,58,1.0689655172413792,0.033563052647743945,633,"If this breaks I'll break out the checkbook, just name your price"
4317,4165,1,2,55,58,1.0689655172413792,0.041610565732650054,633,Cant you read kid? It says 'For Adults Only'
2115,4165,0,4,54,58,1.0689655172413792,0.033563052647743945,633,Boys will be boys.
4259,4165,1,2,55,58,1.0689655172413792,0.041610565732650054,633,"Well Jeremy, if you wanted a turn on the big boy slide that bad, you would’ve stopped squeaking your Crocs at Wholefoods last week like I asked you to."
4186,4165,0,4,54,58,1.0689655172413792,0.033563052647743945,633,Thank you for showing us how Murgatroid.  Now go play.
4163,4165,0,4,54,58,1.0689655172413792,0.033563052647743945,633,"Sorry, Billy, you have to be this tall to get on this slide."
4143,4165,0,4,54,58,1.0689655172413792,0.033563052647743945,633,So we do invade your space. It's the latest in discovering your inner child.
4137,4165,1,2,55,58,1.0689655172413792,0.041610565732650054,633,"We’re a litte fatter than you, so they’re having us take the big slide."
4122,4165,0,4,54,58,1.0689655172413792,0.033563052647743945,633,I know - your brother is just off of our insurance.
4023,4165,0,4,54,58,1.0689655172413792,0.033563052647743945,633,Wait. You’re telling me I’m not in Neverkand?
4019,4165,0,4,54,58,1.0689655172413792,0.033563052647743945,633,"We don't exhibit childlike wonder, you're in therapy in 20 years complaining we were frigid and joyless. We play, and we're hogging the slide. You only get one Chad."
3357,4165,0,4,54,58,1.0689655172413792,0.033563052647743945,633,We’ll give you a turn while we’re in the sandbox.
3953,4165,0,4,54,58,1.0689655172413792,0.033563052647743945,633,Keep your sliding in the playground and out of direct messages
3890,4165,0,4,54,58,1.0689655172413792,0.033563052647743945,633,No you can’t. This is the grownup slide.
3868,4165,1,2,55,58,1.0689655172413792,0.041610565732650054,633,"Sorry, it’s grownups only."
3833,4165,0,4,54,58,1.0689655172413792,0.033563052647743945,633,...you’ve heard of gay conversion therapy?...this is the pedophile analogue...”can I go down a sliding board without thinking of little girls?”...
3827,4165,1,2,55,58,1.0689655172413792,0.041610565732650054,633,"Go away little guy. Don't you see we have a country to run here"""
3726,4165,1,2,55,58,1.0689655172413792,0.041610565732650054,633,"Everyone convinced Bill he was on a roller coaster, so he went with it."
3686,4165,1,2,55,58,1.0689655172413792,0.041610565732650054,633,"Amusement parks didn't make the Summer quarter's budget cut, kid."
3580,4165,0,4,54,58,1.0689655172413792,0.033563052647743945,633,"Monkey see, monkey do, where are the bars?"
3554,4165,1,2,55,58,1.0689655172413792,0.041610565732650054,633,Go play in the sandbox.
3536,4165,0,4,54,58,1.0689655172413792,0.033563052647743945,633,"THIS ONE'S FOR THE BIG KIDS .WE'RE
 DOING AN EXPERIMENT."
3533,4165,0,4,54,58,1.0689655172413792,0.033563052647743945,633,"Federal Government’s annual team-building week-end
“We’ll be moving on to the sandbox after this, kid.”"
3428,4165,0,4,54,58,1.0689655172413792,0.033563052647743945,633,"Sorry Junior, conservatives and invertebrates only"
3424,4165,0,4,54,58,1.0689655172413792,0.033563052647743945,633,"Son, do you think my moustache will make me more aerodynamic?"
3363,4165,0,4,54,58,1.0689655172413792,0.033563052647743945,633,"Well, because...life is helter skelter."
3941,4165,0,4,54,58,1.0689655172413792,0.033563052647743945,633,"It's a long way to the top, if you got fat rolls!"
2072,4165,0,4,54,58,1.0689655172413792,0.033563052647743945,633,"Try the swings,  we've already been there"
829,4165,0,4,54,58,1.0689655172413792,0.033563052647743945,633,"Hey little boy, I'll give you a candy if you cut in front of me."
1988,4165,0,4,54,58,1.0689655172413792,0.033563052647743945,633,"You aren't ready to climb this ladder of success, kid."
929,4165,0,4,54,58,1.0689655172413792,0.033563052647743945,633,"SON, LIFE HAS ITS UPS AND DOWNS"
891,4165,0,4,54,58,1.0689655172413792,0.033563052647743945,633,"Trump said ""We're winning""!"
825,4165,0,4,54,58,1.0689655172413792,0.033563052647743945,633,Beat it.  This slide's too good for kids.
816,4165,0,4,54,58,1.0689655172413792,0.033563052647743945,633,"Someday, son, you'll find your inner-child too."
813,4165,0,4,54,58,1.0689655172413792,0.033563052647743945,633,"Sorry , this slide is only for adults that have never passed there driver's test."
811,4165,0,4,54,58,1.0689655172413792,0.033563052647743945,633,"Not now kid.  You'll get it someday, but this is the only fun we have."
769,4165,1,2,55,58,1.0689655172413792,0.041610565732650054,633,We grownups are preparing for a very big slide in the Market.
736,4165,0,4,54,58,1.0689655172413792,0.033563052647743945,633,My Dad Can Beat Up Your Dad!
640,4165,0,4,54,58,1.0689655172413792,0.033563052647743945,633,"sorry sonny, i need to find my inner child"
624,4165,0,4,54,58,1.0689655172413792,0.033563052647743945,633,"This is life, kid. You climb up - you slide back down - you climb up - you slide back down - over and over, again."" --- ""Thank you, Mr. Sisyphus. But, is it always this much fun?"" ---- ""No."
610,4165,0,4,54,58,1.0689655172413792,0.033563052647743945,633,Come back in twenty years....then you'll understand!
470,4165,1,2,55,58,1.0689655172413792,0.041610565732650054,633,This is the original definition of sliders kid.
945,4165,0,4,54,58,1.0689655172413792,0.033563052647743945,633,Buzz off kid... this is where the big dogs play!
461,4165,0,4,54,58,1.0689655172413792,0.033563052647743945,633,I think your on the wrong line? The other one is shorter!
377,4165,0,4,54,58,1.0689655172413792,0.033563052647743945,633,We just invested in Urbit.
305,4165,0,4,54,58,1.0689655172413792,0.033563052647743945,633,"Sorry, kid, I don't have time to debate whether Boomers are ""too materialistic and self absorbed"". Get over it."
260,4165,0,4,54,58,1.0689655172413792,0.033563052647743945,633,"As soon as you mount this ladder, you grow three feet, gain two hundred pounds, and get heartburn. But this moustache makes it all worth it."
230,4165,0,4,54,58,1.0689655172413792,0.033563052647743945,633,Adults are using the slide.
181,4165,1,2,55,58,1.0689655172413792,0.041610565732650054,633,"Warren, I know it feels bad to get bullied by adults, but right now you love Donnie Darko and idolize the Joker from that Batman movie and when you get older you’ll realize we were right to belittle you."
123,4165,0,4,54,58,1.0689655172413792,0.033563052647743945,633,Kids switch parents for a day
120,4165,0,4,54,58,1.0689655172413792,0.033563052647743945,633,"When you're our age, you'll understand."
119,4165,0,4,54,58,1.0689655172413792,0.033563052647743945,633,Kids wait your turn
114,4165,0,4,54,58,1.0689655172413792,0.033563052647743945,633,ummmmmmm dad  hang tight  your moms boobs aren't
1992,4165,0,4,54,58,1.0689655172413792,0.033563052647743945,633,You can't play with the Big People in Trump's yard ! Play on the sidelines with the Little People'
30,4165,0,4,54,58,1.0689655172413792,0.033563052647743945,633,I will impart upon you a great but simple truth: adulthood sucks. Now beat it before I share the truth of a knuckle sandwich.
18,4165,0,4,54,58,1.0689655172413792,0.033563052647743945,633,"Let's face it, kid... What could you really know about SlideShare?"
442,4165,0,4,54,58,1.0689655172413792,0.033563052647743945,633,"Remember when I told you and mom how I was picked to move up the ladder








If you wanna get ahead, you gotta play the game, got it!"
952,4165,0,4,54,58,1.0689655172413792,0.033563052647743945,633,Whadda ya mean I’m too old to feel like a kid again?!
77,4165,0,4,54,58,1.0689655172413792,0.033563052647743945,633,When you grow up.
1012,4165,0,4,54,58,1.0689655172413792,0.033563052647743945,633,"Hey kid, this is our version of “show and tell”."
997,4165,0,4,54,58,1.0689655172413792,0.033563052647743945,633,It's our new KPI-Kiddie Playground Interaction.
1963,4165,1,2,55,58,1.0689655172413792,0.041610565732650054,633,We couldn't get firewalking insurance.
1940,4165,0,4,54,58,1.0689655172413792,0.033563052647743945,633,Hey Kids... Age Before Beauty.
1925,4165,0,4,54,58,1.0689655172413792,0.033563052647743945,633,I only wait my turn climbing the corporate ladder.
1879,4165,0,4,54,58,1.0689655172413792,0.033563052647743945,633,Who do you think paid taxes to get this slide?
1873,4165,0,4,54,58,1.0689655172413792,0.033563052647743945,633,"If Paul Simon can do it in Queens, 
we can do it on this playground!"
1871,4165,1,2,55,58,1.0689655172413792,0.041610565732650054,633,Get back in my nutsack!
1870,4165,0,4,54,58,1.0689655172413792,0.033563052647743945,633,"Beat it kid, the slides over there. This is a poorly placed metaphorical healing devise for former cocaine addicted stock traders."
1856,4165,0,4,54,58,1.0689655172413792,0.033563052647743945,633,"Kid, just wait.  This is Corporate free time."
1849,4165,0,4,54,58,1.0689655172413792,0.033563052647743945,633,"You'll understand when you're older, kid."
1793,4165,0,4,54,58,1.0689655172413792,0.033563052647743945,633,"Step aside sonny boy, the big slide requires a masters degree."
1768,4165,0,4,54,58,1.0689655172413792,0.033563052647743945,633,The family that plays together stays together.
1703,4165,0,4,54,58,1.0689655172413792,0.033563052647743945,633,"Widen your eyes boy, and try it!"
1845,4165,1,2,55,58,1.0689655172413792,0.041610565732650054,633,"Sorry, you have to be an AARP member to ride this slide."
1616,4165,0,4,54,58,1.0689655172413792,0.033563052647743945,633,"What's so strange about this?  This is The New Yorker, after all!"
1035,4165,0,4,54,58,1.0689655172413792,0.033563052647743945,633,"The grown-up slide is bigger and funner.  Suck it up, kid."
1044,4165,0,4,54,58,1.0689655172413792,0.033563052647743945,633,"Sorry buddy, you must have a 401(k) to ride this slide."
1065,4165,0,4,54,58,1.0689655172413792,0.033563052647743945,633,We are testing a new ap.
1690,4165,0,4,54,58,1.0689655172413792,0.033563052647743945,633,When you get to be an adult you can use this slide as the only way to have real fun.
1170,4165,0,4,54,58,1.0689655172413792,0.033563052647743945,633,Want to play tag?
1225,4165,0,4,54,58,1.0689655172413792,0.033563052647743945,633,"If we admitted you, we'd be on a slippery slope."
1147,4165,0,4,54,58,1.0689655172413792,0.033563052647743945,633,"On the sliding scale, one to ten is over there."
1367,4165,0,4,54,58,1.0689655172413792,0.033563052647743945,633,"This is an adult only slide, too dangerous for children."
1420,4165,0,4,54,58,1.0689655172413792,0.033563052647743945,633,"It's inconvenient they turned their lunch break into recess now,"" says the boy"
1433,4165,1,2,55,58,1.0689655172413792,0.041610565732650054,633,Go play with the children your own size.
1556,4165,1,2,55,58,1.0689655172413792,0.041610565732650054,633,"The other slide is the ""short"" slide."
1284,4165,0,4,54,58,1.0689655172413792,0.033563052647743945,633,This is my recess period so scram!
1360,4286,0,3,51,54,1.0555555555555556,0.031464006330825245,633,It’s called AI dislocation. Go ask your Mom and Dad.
4132,4286,0,3,51,54,1.0555555555555556,0.031464006330825245,633,"I told you Billy, this is a grownup thing"
3729,4286,0,3,51,54,1.0555555555555556,0.031464006330825245,633,"Get lost, kid -- this is the billionaires' slide."
2638,4286,0,3,51,54,1.0555555555555556,0.031464006330825245,633,"Of course it's funner...wait, did you ask if it's funner or safer?"
2212,4286,0,3,51,54,1.0555555555555556,0.031464006330825245,633,Go see if the taxi's arrived!!
1826,4286,0,3,51,54,1.0555555555555556,0.031464006330825245,633,"Yes, but at least it’s a pure pleasure."
1045,4286,1,1,52,54,1.0555555555555556,0.0410949597147016,633,Where do you think you’re going? Slides are only for the little people.
2571,4286,0,3,51,54,1.0555555555555556,0.031464006330825245,633,"Check your six for the kids slide, pal."
776,4286,0,3,51,54,1.0555555555555556,0.031464006330825245,633,Go practice putting your tray table is the upright position.
425,4286,0,3,51,54,1.0555555555555556,0.031464006330825245,633,Oh no. This is not the kiddie slide. We are just starting our downward slide in life.
986,4286,0,3,51,54,1.0555555555555556,0.031464006330825245,633,Can't you see? - - The little slide is for little people and the big slide is for big people.
3259,4297,1,1,53,55,1.0545454545454545,0.040353503748359956,633,"No,this is the downslide to oblivion"
3861,4297,1,1,53,55,1.0545454545454545,0.040353503748359956,633,It's either this or going to grandma's.
3778,4299,0,2,49,51,1.0392156862745099,0.027450980392156866,633,What do you mean Toy Story 3 already came out? What year is it?
3711,4299,0,2,49,51,1.0392156862745099,0.027450980392156866,633,"Remember son, there's no better excuse:  ""But, I was just a boy."""
2873,4299,0,2,49,51,1.0392156862745099,0.027450980392156866,633,"We've waited our turn a long time for this, kid, go play in your sandbox until you grow up."
1984,4299,0,2,49,51,1.0392156862745099,0.027450980392156866,633,"Come back in a decade, kid, when you've earned this bigger ""wheee""."
1808,4299,0,2,49,51,1.0392156862745099,0.027450980392156866,633,Therapy for dealing with the Democrats new morals and ethics!
1617,4299,0,2,49,51,1.0392156862745099,0.027450980392156866,633,"Ever hear,'all is fair in love  and war' ?"
1473,4299,0,2,49,51,1.0392156862745099,0.027450980392156866,633,"Beat it, Marvin. Go over there with your stupid, fat sister on the kiddie slide. Your mom and I are tying to teach your uncle Fred how to slide in style. They didn't have practice slides when he was a dopey little kid like you."
1343,4299,0,2,49,51,1.0392156862745099,0.027450980392156866,633,"You can’t play on the cool one, you’re not a adult yet."
4147,4299,0,2,49,51,1.0392156862745099,0.027450980392156866,633,Can you slide me some time son? I haven’t had a turn.
861,4299,0,2,49,51,1.0392156862745099,0.027450980392156866,633,You think I am not the perfect candidate for the next Matryoshka doll?  Look at me!  That’s sexual discrimination!
348,4299,0,2,49,51,1.0392156862745099,0.027450980392156866,633,"Sorry kid, but old fat people get to go first"
216,4299,0,2,49,51,1.0392156862745099,0.027450980392156866,633,Just think of this as preparation for all the deficits.
1031,4299,0,2,49,51,1.0392156862745099,0.027450980392156866,633,How often does adult play to destress ?
1723,4312,0,2,50,52,1.0384615384615385,0.02692846315438478,633,"You had the playground all weekend, it’s the grownups’ day today,"
3197,4313,0,1,46,47,1.0212765957446808,0.021506619680967013,633,No cutsies or you're grounded.
3033,4313,0,1,46,47,1.0212765957446808,0.021506619680967013,633,It’s my turn on the slide!
2618,4313,0,1,46,47,1.0212765957446808,0.021506619680967013,633,It's alright now to separate children from parents
2616,4313,0,1,46,47,1.0212765957446808,0.021506619680967013,633,"You’re better off on that one. Trust me, this one is going to be rough."
2449,4313,0,1,46,47,1.0212765957446808,0.021506619680967013,633,We’re taking this over until the current president leaves office.
1730,4313,0,1,46,47,1.0212765957446808,0.021506619680967013,633,"I don't know why.  It's just fun, that's all.  Quit trying to figure it all out and go sit under that apple tree for a while Isaac."
1694,4313,0,1,46,47,1.0212765957446808,0.021506619680967013,633,Go away kid. This is the grownup slide!
1588,4313,0,1,46,47,1.0212765957446808,0.021506619680967013,633,"Kiddo, this is the “Adults Only” slide!"
1295,4313,0,1,46,47,1.0212765957446808,0.021506619680967013,633,You will get to use this one ten years from now.
728,4313,0,1,46,47,1.0212765957446808,0.021506619680967013,633,"Go down head first, you creep!"
649,4313,0,1,46,47,1.0212765957446808,0.021506619680967013,633,I'm not letting you climb up the ladder rung anymore!
166,4313,0,1,46,47,1.0212765957446808,0.021506619680967013,633,This is what stocks looked like when we crashed the economy!
113,4313,0,1,46,47,1.0212765957446808,0.021506619680967013,633,"You climb the corporate ladder, then go down the corporate shute"
845,4313,0,1,46,47,1.0212765957446808,0.021506619680967013,633,We’re young at heart
2828,4327,0,1,48,49,1.0204081632653061,0.020619652471058063,633,We’re getting ready for the Neil Diamond concert.
3687,4327,0,1,48,49,1.0204081632653061,0.020619652471058063,633,Ms. Stone has been doing this for years.
4044,4329,0,0,61,61,1.0,0.016529490122682157,633,"Sorry son, this is an adult slide!"
4097,4329,0,0,73,73,1.0,0.013793431476706131,633,"When you pay the kind of property taxes we do, come see me. Until then? Go back to the kiddie slide"
987,4329,0,0,80,80,1.0,0.01257886513566569,633,Don't you have an Xbox you could be playing on?
4265,4329,0,0,95,95,1.0,0.010582158705422128,633,You have to stay in a child’s place son.
2919,4329,0,0,44,44,1.0,0.022990024493585143,633,We are the failures in the neighborhood.
496,4329,0,0,44,44,1.0,0.022990024493585143,633,"Sorry, but this is adults only."
818,4329,0,0,44,44,1.0,0.022990024493585143,633,"Now, this is the climb and slide of Life!!!"
2439,4329,0,0,44,44,1.0,0.022990024493585143,633,"I'm sorry, but you are much too young to be con-descending."
4060,4329,0,0,44,44,1.0,0.022990024493585143,633,Just a few cases of arrested development.
