target_id,rank,funny,somewhat_funny,unfunny,count,score,precision,contest,caption
3870,1,3896,5590,3762,13248,2.010114734299517,0.0066051900386275815,634,"He offered us a franchise, but I think it’s a pyramid scheme."
2715,2,3039,4057,4009,11105,1.9126519585772175,0.007514631427218594,634,"Finally, hotdogs are at the top of the food pyramid."
4039,3,2802,3301,3675,9778,1.9107179382286765,0.008181447674541266,634,Of course it’s kosher – who do you think built this place?
3125,4,2692,3798,4121,10611,1.8653284327584583,0.007668515994216459,634,I think it's safe to assume it contains preservatives.
203,5,5105,3211,7241,15557,1.8626984637140838,0.007057172144433573,634,"No, thanks--you never know who goes into those things."
2735,6,2282,3081,3966,9329,1.8194876192517955,0.008264721274438608,634,We did it. All seven vendors of the ancient world.
875,7,2406,3063,4246,9715,1.8106021616057644,0.00817279680292056,634,He must be the only one in the whole Middle East actually making concessions.
3050,8,1414,1923,2541,5878,1.8082681184076217,0.01040352089777155,634,"Look, It was either this or Pizza Tut"
2737,9,2316,3204,4191,9711,1.8069199876428792,0.008072693567377826,634,No thanks. Those things always get stuck in my sarcophagus.
3520,10,1207,1980,2280,5467,1.803731479787818,0.010471029063192137,634,Pretty steep for two hot dogs.
4178,11,1973,2839,3773,8585,1.790331974373908,0.008535233768619737,634,Never eat anything with an expiration date ending in BC.
4120,12,1457,1915,2742,6114,1.7898266274124959,0.010252908383382331,634,Did you tell him he was missing the point?
3770,13,1760,2828,4146,8734,1.7268147469658806,0.008299733526782361,634,It's an old recipe he got from his mummy.
4008,14,338,821,968,2127,1.7038081805359662,0.01573356403663551,634,These must be good for us … they're from the top of the food pyramid.
3302,15,1537,2620,3943,8100,1.702962962962963,0.008522916447238781,634,The korean taco truck at Stonehenge was better.
519,16,403,792,1125,2320,1.688793103448276,0.015564288316647046,634,"Right, so you're not actually selling the hots dogs but recruiting others to sell them for you. There's a name for this business model but it escapes me."
3682,17,1301,2124,3437,6862,1.6887204896531622,0.00930130404920788,634,It would seem more exotic if we weren't in New Jersey.
2630,18,1091,2460,3267,6818,1.6808448225286008,0.008878181908189783,634,This place has been around forever.
4011,19,791,1040,2063,3894,1.6733436055469955,0.012682958957565651,634,"According to the legend, if we both eat these we will toot in common."
1311,20,1208,2084,3448,6740,1.6676557863501484,0.009279972920366874,634,I hear their wraps are to die for.
4306,21,691,1250,2078,4019,1.6548892759392884,0.01190927151660534,634,An to think--at the very spot where Moses founded Hebrew National!
1112,22,894,1829,2813,5536,1.6533598265895955,0.00996341675268767,634,He really ought to put up a sign about the escalator on the other side.
592,23,482,902,1496,2880,1.6479166666666667,0.013982111356301254,634,I never heard of a hot dog with relics.
1685,24,239,643,880,1762,1.6362088535754824,0.01689614503272752,634,"Kinda steep for a hotdog, wouldn't you say?"
1617,25,258,617,939,1814,1.6245865490628446,0.01691829162745451,634,"Could you go back and get me one of those relish packets, please?"
3860,26,956,2081,3363,6400,1.62390625,0.00912996951626128,634,WOW !! Now THAT’S a pop-up.
2969,27,447,944,1602,2993,1.6140995656531907,0.013380465157244253,634,Mine has the mustard. Yours has the curse.
2454,28,314,789,1219,2322,1.6102497846683894,0.014798684804727881,634,I always thought the food pyramid was just a metaphor.
730,29,644,1249,2265,4158,1.61014911014911,0.011477682094550799,634,Why are they wrapped in gauze?
2138,30,307,732,1175,2214,1.6079494128274616,0.01526498923875739,634,After this we should go see the leaning tower of pizza.
705,31,655,1207,2306,4168,1.603886756238004,0.011525235154711416,634,"Technically, it's a polyhedron scheme."
942,32,831,1843,3175,5849,1.5992477346554967,0.00946861963990157,634,But if you REALLY loved me you'd go back for extra mustard.
1509,33,68,86,218,372,1.596774193548387,0.04042317105639753,634,He said he didn't want a tip.
4527,34,520,1079,1962,3561,1.5950575680988486,0.012236169134413624,634,"I just find the name ""pharaohs in a blanket"" unappetizing."
2202,35,334,796,1331,2461,1.5948801300284436,0.014432801073508824,634,"Thanks!  I would've gone up myself, but I didn't see the point."
1191,36,240,528,935,1703,1.5918966529653553,0.017536441061479766,634,Home of the original Slider
671,37,801,1702,3092,5595,1.5905272564789992,0.009716502494897672,634,"Sorry, we haven't had kosher hot dogs on the menu since the Exodus."
2195,38,558,1139,2184,3881,1.581035815511466,0.01169840008593332,634,And all I have to do is get five more people to buy hot dogs?
5,39,261,621,1092,1974,1.5790273556231003,0.016049094203429204,634,"It's why I love Vegas. In Giza, you can't get a hotdog."
2773,40,421,867,1680,2968,1.5758086253369272,0.013339387419322583,634,You forgot the Tutankhondiments.
3581,41,531,1353,2392,4276,1.5647801683816651,0.01075148825077615,634,Pretty steep for a just a hotdog
3176,42,331,882,1577,2790,1.553405017921147,0.013179183931815126,634,I don't trust the whole food pyramid thing.
4102,43,449,1011,2049,3509,1.5440296380735252,0.011986009002260335,634,This is where Nathan's first started 4070 years ago
455,44,355,527,1413,2295,1.5389978213507625,0.015594124058955577,634,"Frank has a meat cart at the top of Giza. He spots 12 customers at the base. The angle of depression is 36°. Frank can make 10 hotdogs/minute. If Frank’s stand is 146 m off the ground, can he make enough hot dogs in time? Show your work."
1415,45,76,215,390,681,1.538913362701909,0.0263373734941057,634,He says the secret is the method of preservation.
682,46,267,576,1237,2080,1.5336538461538463,0.015594645605410727,634,They also sell Pi.
1820,47,124,333,634,1091,1.532538955087076,0.02090291246265406,634,Ketchup? Is nothing sacred?
3736,48,239,553,1145,1937,1.532266391326794,0.01600187619516944,634,If course it's kosher. Who do you think built this hotdog stand?
3340,49,406,944,1954,3304,1.5314769975786926,0.012239064709425347,634,I've got great news: they're Hebrew National!
542,50,330,610,1463,2403,1.5285060341240118,0.014767756429544646,634,I still can't believe this guy got his ad on the back of the 1 dollar bill.
3212,51,221,567,1122,1910,1.5282722513089004,0.015867020271796154,634,We have to get drinks at the oasis.
3633,52,288,824,1580,2692,1.5200594353640415,0.013124973565865372,634,Don't you think it's a little steep for a hot dog?
3883,53,310,671,1528,2509,1.5145476285372659,0.014075706234597783,634,Wonder why he was out of sliders ??
2779,54,113,251,566,930,1.5129032258064516,0.023032813665082686,634,"No thanks, I'll wait for a square meal."
789,55,251,663,1369,2283,1.510293473499781,0.014347938791837508,634,It's a cubit-long.
869,56,361,434,1472,2267,1.50992501102779,0.015837659296972974,634,We've been dating for five years.  I was hoping for a diamond.
4635,57,218,553,1177,1948,1.507700205338809,0.015598980790026527,634,He made a killing during the flood.
57,58,368,354,1429,2151,1.506741050674105,0.01659533406619411,634,"Wow. How were they made, and by whom?"
1394,59,123,496,860,1479,1.5016903313049357,0.0167833795449074,634,No thanks. I'm trying to avoid preservatives.
186,60,201,569,1167,1937,1.5012906556530718,0.015373043166844737,634,"Wow, who would have guessed that it was hot dogs at the top of the food pyramid?"
3771,61,161,454,940,1555,1.4990353697749197,0.017150124937585966,634,You're sure the bun is made with ancient grains?
4321,62,190,503,1083,1776,1.4971846846846846,0.016167364762378466,634,Do you want an explanation or a hot dog?
144,63,206,407,1042,1655,1.4948640483383686,0.017367849980091946,634,Let my hot dog go.
176,64,175,512,1057,1744,1.4942660550458715,0.016079535449787904,634,"""How is this not a pyramid scheme if the man at the top gets all the money?"
107,65,184,441,1022,1647,1.4911961141469339,0.016958226190857146,634,"...and afterwards, we can stroll over to the Sphinx for a gelatto."
798,66,204,404,1046,1654,1.49093107617896,0.017332597171643576,634,It's from the top of the food pyramid.
1344,67,182,377,966,1525,1.4859016393442623,0.017903389040032514,634,I still don't see the point.
3207,68,105,253,600,958,1.4832985386221293,0.022135890321049494,634,"Funny, on the dollar bill he always looked like an eye."
8,69,139,406,876,1421,1.4813511611541168,0.017708299483526407,634,So these are the franks you've been tut-tutting about.
3538,70,128,411,851,1390,1.4798561151079137,0.01767164889821624,634,"Ok, ok, so it wasn’t a mirage. Now can I please have one?"
1271,71,159,346,880,1385,1.47942238267148,0.01860720092118069,634,Of course they're Kosher.  Who do you think built it?
727,72,191,276,906,1373,1.4792425345957756,0.019613465900984554,634,Hot dog?  Or a pyramid scheme?
91,73,138,263,729,1130,1.476991150442478,0.020911860680996704,634,Twenty dollars? Egypt you!
3499,74,141,357,842,1340,1.476865671641791,0.018533069247891935,634,I seriously doubt it’s Hebrew National!
250,75,125,380,817,1322,1.4765506807866868,0.018220566829643542,634,"What'd he mean by ""relatively fresh?"""
4186,76,109,300,684,1093,1.473924977127173,0.02027221219552949,634,"I feel bad supporting anything built with slave labor, but these really are the best brats in Cairo."
1738,77,120,352,780,1252,1.4728434504792332,0.018774521669305756,634,This place is a tourist trapezoid.
278,78,133,321,789,1243,1.4722445695897024,0.019312416368339903,634,A little steep for a hot dog.
4241,78,150,287,806,1243,1.4722445695897024,0.019874428760928393,634,It's inflatable!!
1923,80,122,319,757,1198,1.4699499165275458,0.01944874764215359,634,I was hoping for a square meal.
1980,81,114,326,742,1182,1.4686971235194586,0.01934388496757238,634,I had no idea hot dogs were so high on the food pyramid.
2725,82,123,291,733,1147,1.4681778552746294,0.020110078572024563,634,Did you grab any napkins?
586,83,107,332,728,1167,1.467866323907455,0.01925596308022903,634,Zagat said it was the pinnacle of Egyptian cuisine.
3763,84,113,283,695,1091,1.466544454628781,0.02045424813327193,634,He’s been on this corner for ages.
118,85,99,302,679,1080,1.462962962962963,0.02000837617048101,634,I have a feeling this may be some sort of pyramid scheme
1908,86,118,254,688,1060,1.4622641509433962,0.021094184116057523,634,It's cold.
3134,87,129,234,704,1067,1.4611059044048735,0.021446007229368874,634,I can’t believe they serve Hebrew nationals here
1085,88,106,242,647,995,1.456281407035176,0.021539211617068326,634,"I offered but he insisted ""No Tip"""
4285,88,89,276,630,995,1.456281407035176,0.020725841843255852,634,Can you ask him for a napkin?
828,90,88,277,628,993,1.4561933534743203,0.020706319709719003,634,"Sorry, I'm not going back for mustard."
2341,91,101,246,638,985,1.4548223350253806,0.021456969624030462,634,This one's yours.  The other one's Mayan
316,92,99,230,617,946,1.452431289640592,0.021991810485732132,634,So now all you have to do is sell two hotdogs to each of your friends...
1066,93,107,204,613,924,1.4523809523809523,0.022788636376347236,634,I just don't see the point.
3428,94,88,255,610,953,1.4522560335781742,0.02131201952309857,634,"Well, the on-line menu was all in hieroglyphics, so I’m not sure what I ordered."
3493,95,71,280,585,936,1.4508547008547008,0.020665249998974827,634,"Well, because they actually sell a product, it's multi-level marketing, not a pyramid scheme."
1737,96,107,198,611,916,1.4497816593886463,0.022930223747468684,634,"No, thanks. I like beer! I still like beer! Sometimes I had too many beers!"
1501,97,82,235,573,890,1.448314606741573,0.0220337782167038,634,"Oh, he doesn’t actually sell hot dogs. He sells hot dog opportunities, and then you sell the hot dogs."
1679,98,90,223,586,899,1.4482758620689655,0.02232447204975712,634,I don’t know why you always drag me to these tourist trapezoids.
4121,99,101,200,596,897,1.4481605351170568,0.02296415502242421,634,"Sure it's more expensive, but you're paying for the experience."
2013,100,72,257,566,895,1.4480446927374302,0.0213680462686144,634,This is taking street food to new heights
3044,101,43,151,339,533,1.4446529080675423,0.027703028514862577,634,I bought one hotdog and I have to sell this one. I think it’s a goddamn pyramid scheme!
4305,102,102,177,578,857,1.4445740956826139,0.023802331485029443,634,HEY ... He shortchanged me $10.
1993,103,76,221,545,842,1.4429928741092637,0.022540035801520378,634,Easier than the ones on the Washington Monument
4627,104,74,204,524,802,1.4389027431421446,0.0231912683903198,634,I’m sure it’s fine. They’ve been perfecting the art of preserving meats for thousands of years.
2412,105,89,164,531,784,1.4362244897959184,0.024577489743157637,634,"Pharaoh's Phamous Phrankfurters - it's a hike, but it's better than Pizza Tut."
4245,105,87,168,529,784,1.4362244897959184,0.024444569656813055,634,Uh. No. I doubt they're Hebrew National.
4553,107,71,191,503,765,1.4352941176470588,0.023763507148941848,634,"What luck, finding a place that's Ziggurat rated."
3730,108,70,180,487,737,1.4341926729986432,0.024328723913695272,634,It's good for you. It's at the top of the food pyramid.
1007,109,61,191,475,727,1.4305364511691885,0.02385065289611519,634,"Like the pyramids, he's not sure how it was made"
258,110,54,200,463,717,1.4295676429567643,0.023507603017802386,634,"Actually, I was going to hit the salad bar at the Hanging Gardens of Babylon."
4545,111,65,160,457,682,1.4252199413489737,0.025274521499172867,634,Let's hit the Sphinx next. I hear they've turned it into a pez dispenser.
1281,112,59,171,450,680,1.425,0.02480867620350009,634,... and then *those* people each find two people to whom they can sell hotdogs.
3598,113,62,161,451,674,1.4228486646884273,0.025218920601327174,634,I thought we were going to Pizza Tut?
3783,114,64,156,452,672,1.4226190476190477,0.025446486284158108,634,I can't believe that's on the food pyramid.
2556,115,46,182,423,651,1.4208909370199694,0.024339357197165012,634,I thought he was selling sliders.
372,116,50,172,425,647,1.4204018547140649,0.02482831577464119,634,Oops... I forgot to leave a tip.
394,116,50,172,425,647,1.4204018547140649,0.02482831577464119,634,And you're sure it's kosher?
3372,118,47,171,417,635,1.4173228346456692,0.02484005562381586,634,He said we're lucky since he normally doesn't bring his pyramid and cart here on Tuesdays.
3183,119,49,165,417,631,1.4167987321711568,0.02514676230578756,634,"It's like they say: location, location, location."
827,120,52,156,416,624,1.4166666666666667,0.025644883851802244,634,He says he answers to a higher authority!
2532,120,56,148,420,624,1.4166666666666667,0.02604301710701917,634,"Just wipe the mustard off, I’m not going back up there."
1030,122,47,161,406,614,1.4153094462540716,0.025414090087079646,634,Egyptian? No it’s Chicago style. Why do you ask?
2923,122,54,147,413,614,1.4153094462540716,0.02613565051222991,634,It’s only fair given the amount of falafel we sell in New York
2542,124,53,148,411,612,1.4150326797385622,0.026092595060030636,634,It was a tomb-for-one special.
883,125,56,140,412,608,1.4144736842105263,0.02651957641972241,634,"No sauerkraut! That really Sphinx!"""
2882,126,46,152,394,592,1.412162162162162,0.025940512437728453,634,"The hotdogs aren't great, but the line is always short."
569,127,52,137,397,586,1.4112627986348123,0.026781806294899544,634,Pyramids are like hot dogs. It’s better not to see them being made.
1252,128,56,126,398,580,1.410344827586207,0.027411827507124314,634,How can I be sure this is not a pyramid scheme?
1113,129,47,123,365,535,1.405607476635514,0.027937563684577445,634,He gives away the hot dogs. The rappel rope is $15.
1758,129,49,119,367,535,1.405607476635514,0.028187029902616186,634,He's a spiritual master. He made me one with everything.
1307,131,54,115,381,550,1.4054545454545455,0.028227052139293097,634,"Top of the food pyramid doesn't mean what you think, Albert."
791,132,47,122,364,533,1.405253283302064,0.028009909793607037,634,"Sounds like a pyramid scheme to me."""
1275,132,44,128,361,533,1.405253283302064,0.027629607402273177,634,"Since 2630 B.C., they’ve been known for their preservatives."
2677,134,46,128,370,544,1.4044117647058822,0.027477783972325667,634,It's a really unique hot dog.  They call it the Tut Uncommon.
3419,135,38,143,361,542,1.4040590405904059,0.0265383179364081,634,"I thought his prices were steep, but at least the line was short."
3011,136,43,126,356,525,1.4038095238095238,0.02778588100810399,634,Turns out they're Hebrew National.
2323,137,48,120,367,535,1.4037383177570093,0.028050681154587424,634,Go back for the mustard
1528,138,49,108,360,517,1.3984526112185687,0.02884210065961431,634,$8 each? Egypt us!
3213,139,40,124,348,512,1.3984375,0.027835660391308383,634,I think he's missing the point...
4372,139,39,126,347,512,1.3984375,0.02769800831408326,634,"I said Relish, not Relics"
681,141,49,104,355,508,1.3976377952755905,0.029204960430532577,634,I hope you like preservatives.
726,141,46,110,352,508,1.3976377952755905,0.028803364545986615,634,Yours is the Cleopatra. Mine is the Mark Antony Wiener.
2301,143,35,132,342,509,1.3968565815324165,0.02723786998619821,634,I just get this weird feeling that it's some kind of pyramid scheme!
4256,144,35,130,339,504,1.3968253968253967,0.027422179431051994,634,Apparently hot dogs are at the top of the food pyramid.
3075,145,43,112,345,500,1.396,0.028705679439165487,634,Future archeologists will spend years arguing about how he got the cart up there.
1398,146,41,111,339,491,1.3930753564154785,0.028769783985269942,634,"I hate to put money into a pyramid scheme, but I was starving."
1472,146,38,117,336,491,1.3930753564154785,0.028333050986045702,634,"Our bloodlines will be forever cursed, but they're delicious and totally worth it."
918,146,38,117,336,491,1.3930753564154785,0.028333050986045702,634,"Oh, thanks, but I asked for the Sisyphus Dog with onions. Would you mind going back up?"
3971,149,34,123,330,487,1.3921971252566736,0.027888996987425585,634,I expected a wrap.
313,150,38,112,330,480,1.3916666666666666,0.028774453056303245,634,Would it be too Sisyphean for you to go back and get me some relish?
1051,151,36,117,330,483,1.391304347826087,0.02834485244491809,634,Let’s sit inside where it’s cooler.
362,152,32,124,325,481,1.3908523908523909,0.027806733764559843,634,You should save some room for desert!
4491,153,43,100,333,476,1.3907563025210083,0.029690972701042765,634,Of course they're healthy.  They're from the top of the food pyramid
4591,154,38,109,327,474,1.390295358649789,0.029018563877113955,634,"Okay,it's not technically street food."
413,155,35,114,323,472,1.3898305084745763,0.028633705729177315,634,Really! You text him and he slides it down?
496,156,32,119,319,470,1.3893617021276596,0.02823633808600511,634,I said I wanted onions
3772,157,34,112,318,464,1.3879310344827587,0.02879855824571818,634,These are straight from the top of the food pyramid.
3019,158,43,92,325,460,1.3869565217391304,0.03039957909358507,634,Seems like Egypt you on the relish.
584,159,47,79,324,450,1.3844444444444444,0.031500549804977886,634,I always knew hotdogs would make it to the top of the food pyramid.
831,159,32,109,309,450,1.3844444444444444,0.02904834829272683,634,That guy took over after the Giant Eye stopped paying rent.
4418,161,39,91,310,440,1.384090909090909,0.0307031421569247,634,How old are they?
1090,162,32,107,307,446,1.383408071748879,0.029218436542096795,634,Did you ask him if it's lonely at the top?
1127,162,33,105,308,446,1.383408071748879,0.02939037467779241,634,He relishes it up there.
4649,164,33,104,307,444,1.382882882882883,0.029477474643314214,634,"Don't look so smug, I saw the elevator in the back."
3531,164,28,114,302,444,1.382882882882883,0.028602108361421776,634,They finally opened Frankfurters Tomb
4628,166,40,89,313,442,1.3823529411764706,0.030755957137817293,634,"You're kidding, that's what you found at the top of the food pyramid??"
1259,167,42,82,311,435,1.3816091954022989,0.03144328028050748,634,It's one of the 7 most wonderful hot dogs in the world.
1139,168,23,118,290,431,1.3805104408352669,0.02822050975812732,634,Mustard and relish are at the Sphinx.
1660,168,27,110,294,431,1.3805104408352669,0.028975220706765177,634,I think this may be a pyramid scheme.
4272,170,39,83,303,425,1.3788235294117648,0.031429978881652824,634,"When we've finished these, let's get something on a cone."
1358,171,31,91,283,405,1.3777777777777778,0.030996173037021214,634,Do they come with Mayan-naise?
4334,171,33,87,285,405,1.3777777777777778,0.03138804919191887,634,He got the recipe from his mummy.
444,173,29,100,290,419,1.3770883054892602,0.02988484823383005,634,"Thanks, but those have got to be just loaded with preservatives."
3901,174,35,89,298,422,1.3767772511848342,0.030850683666998148,634,"Larry, I said with ketchup."
4465,174,21,117,284,422,1.3767772511848342,0.028180880823755684,634,Last food for the next seven pyramids?
849,176,33,91,293,417,1.3764988009592327,0.030736974849678227,634,See? I told you geometry would come in handy some day.
3051,176,31,95,291,417,1.3764988009592327,0.030359564335047128,634,"He claims that he's been ""wheelchair  accessible"" for nearly 5k years."
1634,178,26,104,285,415,1.3759036144578314,0.02948434825571635,634,I sell it and you get half of the profits? What kind of scheme is this?
3510,178,37,82,296,415,1.3759036144578314,0.03158124787988542,634,"Three words: location, location, location."
4177,180,31,93,289,413,1.3753026634382566,0.03055202627946057,634,We're his first customers in ages.
4307,180,39,77,297,413,1.3753026634382566,0.03205398055217524,634,"I got you a Kuhfu dog with everything and a bag of Cheops!"""
1787,180,29,97,287,413,1.3753026634382566,0.03016485487974796,634,"Frankly, this looks like a pyramid scheme to me."
4549,180,30,95,288,413,1.3753026634382566,0.03035905778920933,634,They look good but I’m missing the point.
4087,184,27,100,284,411,1.3746958637469586,0.029864969884863018,634,Who knew hot dogs would be on top of the food pyramid?
2669,185,35,83,291,409,1.374083129584352,0.03151773878057727,634,I have no idea how to scale a polyhedron. I got these from the cart around the corner.
386,186,32,86,284,402,1.373134328358209,0.0313100926044415,634,Cubitlongs!
2571,186,27,96,279,402,1.373134328358209,0.030303265980696516,634,He's taken the lowly hotdog to the next level.
4597,186,25,100,277,402,1.373134328358209,0.029891041152427147,634,You’d think he’d know why business is so slow
2069,189,26,97,277,400,1.3725,0.030193351439976725,634,Did you ask if they use preservatives?
1877,190,38,72,288,398,1.3718592964824121,0.03270102464025138,634,"Jerry's looking for franchisees, but I can't shake the feeling it's a pyramid scheme."
2357,190,27,94,277,398,1.3718592964824121,0.03049789818342554,634,He misunderstood the meaning of 'Food Pyramid'.
4375,190,25,98,275,398,1.3718592964824121,0.030079998325436706,634,You'll never guess what kind of scheme that hot dog vendor wanted me to invest in.
4611,193,33,83,285,401,1.371571072319202,0.03154736673690312,634,I think Egypt us !
497,194,32,83,281,396,1.371212121212121,0.031623971195292803,634,You're missing the point.
1294,195,25,90,263,378,1.3703703703703705,0.031135508203338387,634,I’m surprised he didn’t have any wraps.
4163,195,36,68,274,378,1.3703703703703705,0.03352311643932354,634,Are these from the top of the food pyramid?
2623,197,31,82,277,390,1.3692307692307693,0.031739369503814945,634,What's really impressive is they're kosher
3080,197,36,72,282,390,1.3692307692307693,0.03276130048563468,634,I love immersing ourselves in new cultures
38,199,28,89,277,394,1.368020304568528,0.030878294281476332,634,"When you said we were going to see the top dog, this isn't really what I expected."
694,199,30,85,279,394,1.368020304568528,0.031293798780591006,634,"Sorry, I forgot to mention relish. Would you mind?"
4548,199,31,83,280,394,1.368020304568528,0.03149949577871766,634,"You do know how many preservatives they use here, don't you?"
4467,202,37,66,279,382,1.3664921465968587,0.03343395301315049,634,"I realize it's a pyramid scheme, but let's just say I'm in de Nile."
2855,203,30,77,268,375,1.3653333333333333,0.032369230491171894,634,"No, thanks. I just had a kebab at the Hanging Gardens of Babylon."
2509,203,39,59,277,375,1.3653333333333333,0.03429445040498414,634,Welcome  to Trump Towers at the Vallley of the Damned.
265,205,33,70,270,373,1.3646112600536193,0.033142474649318784,634,Probably not as old as the ones spinning in the convenience store...
345,205,33,70,270,373,1.3646112600536193,0.033142474649318784,634,No one knows how they're made.
1219,207,32,73,271,376,1.3643617021276595,0.03273387717570249,634,"""The good news is that the guy says they're repurposing  ruins of failed civilizations.  The bad news is that next week they're opening up at the Washington Monument."
2903,207,27,83,266,376,1.3643617021276595,0.03163202063002573,634,"If you don't like this, I saw a McDonalds at the Sphinx"
4473,209,29,65,244,338,1.363905325443787,0.034584257095580564,634,… and after he finished Trump University he scooped up this little operation.
4228,210,22,91,258,371,1.3638814016172507,0.030759314560406894,634,I think we’re really just paying for the view.
3729,210,23,89,259,371,1.3638814016172507,0.030995245734090255,634,"on second thought, i’d prefer to go back to the Sphinx and grab a pretzel."
4207,210,25,85,261,371,1.3638814016172507,0.03146180080506838,634,"Oh, I wanted brown mustard darling."
1830,210,28,79,264,371,1.3638814016172507,0.032148940691250516,634,So that's why they call them sliders.
3289,210,26,83,262,371,1.3638814016172507,0.0316925028325057,634,He said his name is Ponzi?
1274,215,23,82,247,352,1.3636363636363635,0.03211831656327876,634,Where does he wash his hands?
1997,216,27,79,261,367,1.3623978201634876,0.03214569822591216,634,They're half price if you're with your Mummy.
969,217,32,68,265,365,1.3616438356164384,0.033405600863325564,634,"I said, no locusts."
2845,217,26,80,259,365,1.3616438356164384,0.032025201494666256,634,Few people know that a small group of Egyptian rebels worshipped the dog instead of the cat.
551,219,26,78,257,361,1.3601108033240996,0.032252275285069736,634,I've seen older ones in New York City.
1355,220,27,75,257,359,1.3593314763231197,0.0326069445316312,634,Seems like a tourist trap.
638,220,25,79,255,359,1.3593314763231197,0.032126153761133966,634,Get your own damn mustard.
19,220,28,73,258,359,1.3593314763231197,0.032844700787056966,634,Are you sure it's cooked? It looks Ra to me.
481,223,30,67,257,354,1.3587570621468927,0.03364293248690247,634,Do you want the one with or without the the curse?
672,223,23,81,250,354,1.3587570621468927,0.03193450873216211,634,...and you say in a few weeks we'll get ten dozen hotdogs if we buy these?
3377,223,32,63,259,354,1.3587570621468927,0.03411534313584562,634,"Here’s your starter pack. Now, the only thing you have to do is recruit 4 more more members......"
3502,223,17,93,244,354,1.3587570621468927,0.030393809486306652,634,"The hot dogs are okay, but you are mostly paying for the view."
4640,223,22,83,249,354,1.3587570621468927,0.031682928881109344,634,How much?  He must have seen us coming.
1121,228,21,86,250,357,1.3585434173669468,0.03124913904671578,634,It's impossible to get a square meal around here.
1508,228,24,80,253,357,1.3585434173669468,0.03199560260965575,634,Didn't they have Arab Spring Rolls?
2214,230,21,83,246,350,1.3571428571428572,0.03164957831097807,634,"Sorry, he said they all have preservatives."
527,231,29,66,255,350,1.3542857142857143,0.03362022998635523,634,Odd to see a Hebrew National in Egypt.
3590,231,27,70,253,350,1.3542857142857143,0.03312964293998528,634,I've heard that he built his business from the ground up!
2379,233,24,73,245,342,1.3538011695906433,0.03289442719828958,634,He's literally the god of street food.
563,234,28,63,246,337,1.3531157270029674,0.03426946428027032,634,"They have regular, footlong, and cursed."
3072,234,21,77,239,337,1.3531157270029674,0.03241537014475557,634,"So...did you ask about the ""use by"" date?"
3368,234,29,61,247,337,1.3531157270029674,0.03452620792307588,634,You couldn’t reach my brand in the tampon aisle but this you can reach?
4202,234,17,85,235,337,1.3531157270029674,0.03130662574693306,634,Was there a line?
4435,238,27,64,244,335,1.3522388059701493,0.0341430882788073,634,"After this whole Kavanaugh thing, you put that in my face?"
2500,238,26,66,243,335,1.3522388059701493,0.03388031550694243,634,"When you say locally-sourced, what exactly does that mean?"
2156,240,21,75,237,333,1.3513513513513513,0.03265508435573688,634,I don't know - there's no place up there for him to wash his hands.
56,241,21,76,239,336,1.3511904761904763,0.03245459402770635,634,It was nothing. There’s an elevator ‘round back.
1458,241,23,72,241,336,1.3511904761904763,0.03299753439583046,634,What did you have to sacrifice for these?
2956,241,18,82,236,336,1.3511904761904763,0.03162270971077684,634,Does it have preservatives?
3831,244,24,68,239,331,1.350453172205438,0.03360424089563719,634,You forgot napkins.
247,244,25,66,240,331,1.350453172205438,0.03387558109125986,634,Nice catch.
1887,244,26,64,241,331,1.350453172205438,0.034144765080009416,634,"It's ok honey, I got it from the top of the food pyramid."
3667,244,24,68,239,331,1.350453172205438,0.03360424089563719,634,Now that's a food pyramid.
4367,244,28,60,243,331,1.350453172205438,0.0346768648895203,634,"After this, we could get some lemon Isis."
255,249,29,57,243,329,1.3495440729483283,0.035080691275836115,634,I’m not going back up there for ketchup.
1244,249,26,63,240,329,1.3495440729483283,0.0342790612536364,634,"Yes, there really is a food pyramid."
2427,249,24,67,238,329,1.3495440729483283,0.03373405994625084,634,They're made with the best preservatives.
2789,249,23,69,237,329,1.3495440729483283,0.033458230384624185,634,It feels so good to get out of New York.
3168,253,25,64,238,327,1.348623853211009,0.03414110295407106,634,But it’s at the top of the food pyramid.
4124,253,25,64,238,327,1.348623853211009,0.03414110295407106,634,"So, these are free, if we can convince two other couples to make the climb?"
2026,253,26,62,239,327,1.348623853211009,0.03441476841420726,634,Do you have any Mayan-aise?
4142,253,16,82,229,327,1.348623853211009,0.031571546433032685,634,I thought he'd sell wraps.
934,257,18,75,227,320,1.346875,0.0326015526667867,634,I didn't want the meaning of life! I wanted ketchup.
1529,258,29,52,237,318,1.3459119496855345,0.035904131457270505,634,Calls himself Sisyphus. Catch is you always want another one
4259,258,19,72,227,318,1.3459119496855345,0.033025834839788375,634,So this is elevated street food?
4374,258,21,68,229,318,1.3459119496855345,0.03362121271804716,634,They’re messy—why didn’t you ask for some papyrus?
3587,261,24,61,231,316,1.3449367088607596,0.034634330611164346,634,"Kosher dogs, Honey.  The guys’ family’s had the place for 3000 years."
264,262,25,58,231,314,1.3439490445859872,0.03506651680694606,634,“This will have to do until they open a Pizza Tut.”
1216,262,22,64,228,314,1.3439490445859872,0.03418496427183261,634,Doesn't it come with Tater-Tuts?
230,264,22,65,230,317,1.3438485804416405,0.03395911521709199,634,You forgot the relish.
704,264,19,71,227,317,1.3438485804416405,0.03306545824767156,634,Moses said we should get it to go.
962,264,20,69,228,317,1.3438485804416405,0.033366003479513656,634,Are there steps on the other side?
1105,264,21,67,229,317,1.3438485804416405,0.03366386560187827,634,So with Prime I don't have to climb up to the stand?
1659,264,29,51,237,317,1.3438485804416405,0.03595804666263963,634,You've never heard of the tummy's curse?
1990,264,25,59,233,317,1.3438485804416405,0.03482985046661766,634,"It's one fifty for the hot dog, eight fifty for delivery."
2892,264,18,73,226,317,1.3438485804416405,0.03276215606552941,634,He said condiments are on top of the Sphinx.
3765,264,26,57,234,317,1.3438485804416405,0.035115297842868314,634,They paved paradise and put up a pyramid.
73,272,20,67,225,312,1.3429487179487178,0.03371623703658701,634,"I think I understand.  You sell me five, and then I sell  five to five friends making mine free.  Man, what can go wrong!"
2790,272,20,67,225,312,1.3429487179487178,0.03371623703658701,634,At least New York is taking rising sea levels seriously.
3916,274,18,68,219,305,1.340983606557377,0.03357760911511308,634,I didn’t relish the climb either
3321,274,16,72,217,305,1.340983606557377,0.03292894160773886,634,So now you’re not hungry
516,276,21,61,221,303,1.33993399339934,0.03466933368844645,634,Are these the Sphinx Links or the Tut Dogs?
2094,276,17,69,217,303,1.33993399339934,0.03338467818119096,634,Hebrew National? I seriously doubt it.
2915,276,25,53,225,303,1.33993399339934,0.03590805842063879,634,"No, seriously, it’s good for you. It’s at the top of the food pyramid."
3897,276,23,57,223,303,1.33993399339934,0.03529413094227464,634,I suspect these aren’t Hebrew National.
1368,280,16,70,215,301,1.3388704318936877,0.033183809035967994,634,Hot dogs on top of the food pyramid!?!?
127,280,9,84,208,301,1.3388704318936877,0.030759168103927464,634,"Wow, it's really well wrapped."
691,280,19,64,218,301,1.3388704318936877,0.034170314087813757,634,"He says if we find people  to buy these, he’ll sell us ten more at half the price."
742,280,19,64,218,301,1.3388704318936877,0.034170314087813757,634,"Trust me, they don't call these Top Dogs for nothing"
1971,280,17,68,216,301,1.3388704318936877,0.03351587051498153,634,You want some mustard? Then you go answer the riddle.
2107,280,16,70,215,301,1.3388704318936877,0.033183809035967994,634,They're just like the ones my mummy used to make.
2250,280,22,58,221,301,1.3388704318936877,0.035129126769450104,634,Very simple. They built it under him.
3693,280,20,62,219,301,1.3388704318936877,0.03449287983194881,634,"I told you, just because he can see Coney Island from there doesn’t make it authentic."
3768,280,21,60,220,301,1.3388704318936877,0.034812456870245145,634,He's out of sliders.
3466,289,21,59,219,299,1.3377926421404682,0.03495716460639679,634,"I know, right? Imagine what I'd do for a Klondike bar."
4314,289,18,65,216,299,1.3377926421404682,0.03398035905499354,634,You believed him when he said it was Kosher?
2011,289,20,61,218,299,1.3377926421404682,0.034634623890666225,634,"My ex, Sisyphus, would have gone back to get to mustard."
2390,292,18,64,215,297,1.3367003367003367,0.034117510621496074,634,"He calls it, “Tomb Steak”."
2090,293,14,69,207,290,1.3344827586206895,0.03323168991097948,634,If you buy two you get to use the slide on the other side
762,293,20,57,213,290,1.3344827586206895,0.0353203371868514,634,"Thanks, I hope it wasn't a huge sacrifice."
1404,295,18,60,210,288,1.3333333333333333,0.03478266129707009,634,He says it's his mummy's recipe.
3220,295,16,64,208,288,1.3333333333333333,0.03407990882954985,634,He just sits there. There is no point.
78,295,15,66,207,288,1.3333333333333333,0.03372304131142824,634,"Are you sure this isn't a pyramid scheme?"""
50,298,21,53,212,286,1.332167832167832,0.03596711511161671,634,"We opened up the tomb, and they were perfectly preserved."
709,298,19,57,210,286,1.332167832167832,0.03527831679896347,634,It may not be convenient but it has great visibility.
741,298,14,67,205,286,1.332167832167832,0.033494407039942935,634,"It doesn't look like it's a foot long, but maybe it's just the perspective."
775,298,24,47,215,286,1.332167832167832,0.036976262241858314,634,I'd rather go to Pizza Tut
2758,298,20,55,211,286,1.332167832167832,0.03562438073581291,634,"Don't worry, they're safe to eat.  the Egyptians are known for their preservatives."
2891,298,20,55,211,286,1.332167832167832,0.03562438073581291,634,That hot dog vendor is sitting on a goldmine
3440,298,18,59,209,286,1.332167832167832,0.03492882433644021,634,It's probably past its expiration date.
3894,298,13,69,204,286,1.332167832167832,0.0331260990204891,634,"You know, it’s all about the journey."
4003,298,19,57,210,286,1.332167832167832,0.03527831679896347,634,"He's got it all to himself...location, location, location."
4525,298,17,61,208,286,1.332167832167832,0.034575799381702924,634,"He said ""tutkankhamen""  in ancient Egyptian  actually means ""bratwurst."""
2561,308,17,60,207,284,1.3309859154929577,0.03472011001153988,634,Trust me. I know a good hot-dog stand when I see one.
125,308,17,60,207,284,1.3309859154929577,0.03472011001153988,634,"Well, I’m sorry, but what about ‘with mustard’ didn’t you understand?"
388,308,25,44,215,284,1.3309859154929577,0.03747746447797103,634,He said it was made long ago and what’s inside is still a mystery.
2292,308,21,52,211,284,1.3309859154929577,0.03612510472587597,634,"I know.... we're missing the WHOLE point!"""
4390,312,23,46,211,280,1.3285714285714285,0.03714246326940715,634,"And a Diet Coke, sorry..."
1774,312,13,66,201,280,1.3285714285714285,0.033519340576309314,634,More good news! There's a Starbucks at The Great Sphinx.
3939,312,19,54,207,280,1.3285714285714285,0.035737319760997775,634,Bernie Madoff liked it a lot.
82,315,16,59,202,277,1.3285198555956679,0.034897262557140936,634,Its a great concept. You burn off the calories just getting there.
503,315,17,57,203,277,1.3285198555956679,0.03527008844726702,634,"He was a lighthouse keeper, with a dream."
1619,315,12,67,198,277,1.3285198555956679,0.03336432396434849,634,"So when you said you started a ""hotdog pyramid scheme"" . . ."
4016,315,22,47,208,277,1.3285198555956679,0.03707802805649295,634,You went all the way to the top of the food pyramid just for me?
1970,319,16,58,201,275,1.3272727272727274,0.03504579515058295,634,Do these hotdogs have any preservatives?
2531,319,14,62,199,275,1.3272727272727274,0.03428005480167392,634,He has been there for years
3851,319,19,52,204,275,1.3272727272727274,0.03616401745565483,634,We call it tomb with a view
1199,322,15,60,201,276,1.326086956521739,0.034559561522999244,634,It's pronounced 'haute' dog
511,322,21,48,207,276,1.326086956521739,0.036775889648795565,634,"I love his 'Tut Dog', it's truly uncommon."
614,322,17,56,203,276,1.326086956521739,0.03531379638226552,634,Just like mummy used to make!
1385,322,18,54,204,276,1.326086956521739,0.03568493626253491,634,He said it's the longest running pyramid scheme on the Nile
2957,326,15,59,199,273,1.326007326007326,0.03481129060033524,634,He said he had  the franchise a month before he realized it was a pyramid scheme.
4315,326,19,51,203,273,1.326007326007326,0.03632576709601654,634,"It’s a Pharaoh-Furter.  When they dig you up 3000 years from now, it will still be in your stomach."
4149,326,21,47,205,273,1.326007326007326,0.037059803777685627,634,Hebrew National. They left it behind.
2143,326,17,55,201,273,1.326007326007326,0.03557658856871346,634,He has five 〰️’s on Yelp!
2507,326,16,57,200,273,1.326007326007326,0.03519601971422693,634,I still think “Just the Tip” is an odd name for a hotdog stand”
794,326,18,53,202,273,1.326007326007326,0.035953129274804096,634,Kosher?
2917,326,20,49,204,273,1.326007326007326,0.036694620935190214,634,Who knew there was an actual Food Pyramid?
1491,333,16,56,199,271,1.3247232472324724,0.03534796556307648,634,Egypt reminds me so much of Coney Island.
3436,334,14,59,195,268,1.3246268656716418,0.03482013041342663,634,Let’s go. This place looks deserted.
4428,334,15,57,196,268,1.3246268656716418,0.03521919389997036,634,His boss told him the most important sales tool is location. I think he got the point
1156,336,19,48,199,266,1.3233082706766917,0.03694142102495449,634,"It's good, but, not exactly the eighth wonder of the world."
1909,336,19,48,199,266,1.3233082706766917,0.03694142102495449,634,She's been up there ever since her 23andme results said she was 3% Egyptian
1953,336,16,54,196,266,1.3233082706766917,0.03577079997462028,634,Wait. So all I have to do is sell these to two other people?
4424,336,14,58,194,266,1.3233082706766917,0.034968621550544296,634,"They’re made from a 4,000-year old recipe."
4216,340,19,47,198,264,1.321969696969697,0.03711274596535153,634,"Oh honey, I'm sure it has way too many preservatives."
4382,340,12,61,191,264,1.321969696969697,0.03428877046342793,634,So that's the newly installed roof top restaurant?
4093,340,23,39,202,264,1.321969696969697,0.03863387840521264,634,"That cart has been in his family for over 4,500 years!"
1778,340,18,49,197,264,1.321969696969697,0.03672261906786751,634,What makes you always fall for these pyramid schemes?
149,340,16,53,195,264,1.321969696969697,0.035929659439433694,634,He said his family has been selling kosher dogs here since the early B.C.'s.
2949,340,17,51,196,264,1.321969696969697,0.036328302868682105,634,The stairs and an escalator were on the other side.
70,346,15,54,193,262,1.3206106870229009,0.03568289947410805,634,Lemme guess. We now have to get four other people to eat these?
1365,346,16,52,194,262,1.3206106870229009,0.036090397305403886,634,Be honest... is this hotdog thing a front for a pyramid scheme?
1802,346,16,52,194,262,1.3206106870229009,0.036090397305403886,634,"It may be a food pyramid, Chad, but it's not THE food pyramid."
2576,346,16,52,194,262,1.3206106870229009,0.036090397305403886,634,Just for this millennium they're two for the price of one.
3495,346,17,50,195,262,1.3206106870229009,0.0364933451528427,634,Welcome to Queen Ketchupsut's pyramid.
22,351,14,54,189,257,1.3190661478599222,0.03569687691456732,634,Now that's what I call haut cuisine
2558,352,16,49,191,256,1.31640625,0.03658422112251307,634,"I said mustard, not ketchup."
367,352,13,55,188,256,1.31640625,0.03530571441615435,634,"No worries, I checked the ""sell-by"" date - these are good for up to 5,000 years."
1440,352,13,55,188,256,1.31640625,0.03530571441615435,634,It's made with all-natural preservatives.
1986,352,9,63,184,256,1.31640625,0.03352528077178782,634,I thought it would be falafel.
4190,352,11,59,186,256,1.31640625,0.03442700917348365,634,"I was hoping this was a mirage, but I’ll take it."
2233,357,13,54,186,253,1.316205533596838,0.035578350411593226,634,"Sure, it starts with one, but it's a slippery slope."
4105,357,14,52,187,253,1.316205533596838,0.03601650475264227,634,Condiments are in a hidden entrance around back.
3878,357,13,54,186,253,1.316205533596838,0.035578350411593226,634,Why would I want to sell mine to two other people?
4614,357,12,56,185,253,1.316205533596838,0.03513473240858862,634,Walk like an Egyptian and get me some sauerkraut.
2025,357,19,42,192,253,1.316205533596838,0.03813183181453578,634,And all you have to do to make it up there is get ten other people to join you in selling hotdogs.
4283,357,19,42,192,253,1.316205533596838,0.03813183181453578,634,So you're saying there was a point.
1648,357,13,54,186,253,1.316205533596838,0.035578350411593226,634,"This isn’t just a hot dog, it’s your chance to get involved in a great multi-level marketing opportunity!"
3120,357,12,56,185,253,1.316205533596838,0.03513473240858862,634,"Trust me, it's not ANY kind of scheme."
1122,357,13,54,186,253,1.316205533596838,0.035578350411593226,634,This is your idea of high cuisine?
121,357,17,46,190,253,1.316205533596838,0.037300099253997535,634,The Sarcophagus Dog is to die for.
476,357,22,36,195,253,1.316205533596838,0.03934647871529302,634,"We get friends to give him hotdogs, and then he gives us more hot dogs. He swears it's not a scheme."
891,357,16,48,189,253,1.316205533596838,0.03687719902285258,634,$10 bucks! That's steep
1455,357,11,58,184,253,1.316205533596838,0.03468544110770598,634,He says the competition eventually eroded
1040,357,15,50,188,253,1.316205533596838,0.03644939246659801,634,The prices were a little steep.
933,357,19,42,192,253,1.316205533596838,0.03813183181453578,634,"Toot’s Unkahmen Dogs, of course!"
1327,372,17,47,193,257,1.3151750972762646,0.036876878933990415,634,'Can I have a sheik with it?'
2986,372,13,55,189,257,1.3151750972762646,0.035189613086433424,634,The condiments are one pyramid over.
4583,372,9,63,185,257,1.3151750972762646,0.03341726407762292,634,I don't know about this guy. All that storage space and he doesn't carry sauerkraut.
282,375,10,59,182,251,1.3147410358565736,0.034372104451424156,634,"Kind of gives new meaning to location, location, location, huh?"
1335,375,14,51,186,251,1.3147410358565736,0.0361791598058917,634,"Oh, NOW you want a hotdog?!?"
3131,375,16,47,188,251,1.3147410358565736,0.037049650797012494,634,Sorry that took so long. He tried to talk me into some kind of pyramid scheme.
3721,375,13,53,185,251,1.3147410358565736,0.03573596359831494,634,They're called King Pups.
3993,375,16,47,188,251,1.3147410358565736,0.037049650797012494,634,You're kidding! He calls it Ponzi's Hot Dogs?
823,380,18,42,188,248,1.314516129032258,0.038217204931376286,634,"That guy in the wheelchair in line ahead of you sure left in a hurry."""
2874,380,15,48,185,248,1.314516129032258,0.036913482146162864,634,"He's offering immortality, but it's just another pyramid scheme."
1141,382,19,39,188,246,1.3130081300813008,0.03883537127990385,634,"The expiration date says 4,000 B.C. so we're fine."
3136,383,10,56,178,244,1.3114754098360655,0.03492647727570044,634,Did you ask about preservatives?
4331,383,15,46,183,244,1.3114754098360655,0.03726279152181927,634,He doesn't believe in tips.
4385,383,18,40,186,244,1.3114754098360655,0.03859675792425699,634,How they were made remains a mystery.
601,383,12,52,180,244,1.3114754098360655,0.03587926339452133,634,I prefer to eat from the bottom of the food pyramid.
4630,383,14,48,182,244,1.3114754098360655,0.03680739421063188,634,Are these pharoh trade?
2642,383,24,28,192,244,1.3114754098360655,0.04113511763437601,634,We’re finding that people are taking to the free hotdogs much better than ritual human sacrifice.
4603,383,14,48,182,244,1.3114754098360655,0.03680739421063188,634,No the tip wasn't included.
2489,383,18,40,186,244,1.3114754098360655,0.03859675792425699,634,For some reason he didn't want the tip.
227,383,17,42,185,244,1.3114754098360655,0.03815728447940164,634,No hot dogs for me.  My body is a temple.
1912,383,14,48,182,244,1.3114754098360655,0.03680739421063188,634,"No, the one the aliens built has a vending machine"
1695,383,12,52,180,244,1.3114754098360655,0.03587926339452133,634,No one knows how these things were made.
1652,383,20,36,188,244,1.3114754098360655,0.0394610244305329,634,They’re called Trumpdogs?  And he sold you a distributorship?  Did he tell you you’re also an idiot?
1561,383,13,50,181,244,1.3114754098360655,0.03634629149108816,634,Good catch...
446,383,16,44,184,244,1.3114754098360655,0.037712690111158555,634,"The first great mystery is how the pyramids were made.  Next
 comes what's in these hot dogs."
2269,383,18,40,186,244,1.3114754098360655,0.03859675792425699,634,He is at the top of the food pyramid.
2728,398,15,45,182,242,1.3099173553719008,0.03744071553692313,634,"Sure, they're good, but I still think you're putting him on a pedestal"
3341,398,11,53,178,242,1.3099173553719008,0.03556174451145854,634,"Yuck! That thing looks like it was made 1,000 years ago."
3143,398,20,35,187,242,1.3099173553719008,0.03966445592643341,634,The prices here are too steep. I rather go to Pizza Tut.
4433,398,16,43,183,242,1.3099173553719008,0.03789590422092384,634,It's not technically a pyramid scheme because the top's flat.
2271,398,8,59,175,242,1.3099173553719008,0.03408460858341112,634,I hope it is better than the falafel on the Empire State Building.
2110,398,9,57,176,242,1.3099173553719008,0.03458399802060166,634,That's one helluva pyramid scheme.
399,398,9,57,176,242,1.3099173553719008,0.03458399802060166,634,This doesn't explain why it's on the dollar bill.
2614,398,16,43,183,242,1.3099173553719008,0.03789590422092384,634,We won't be having seconds.
1182,398,17,41,184,242,1.3099173553719008,0.03834568989503344,634,"Go ahead, it's fine.  He told me he used to have a cart outside the Met."
502,407,13,43,168,224,1.3080357142857142,0.03842301379583991,634,It just looks shriveled. I wanted mummified.
2288,407,20,29,175,224,1.3080357142857142,0.041911776954112405,634,Is it true he hasn't changed the water in 4000 yrs?
2679,407,20,29,175,224,1.3080357142857142,0.041911776954112405,634,I got it from the top of the food pyramid.
3030,407,13,43,168,224,1.3080357142857142,0.03842301379583991,634,Talk about a pyramid  scheme!
3884,411,13,47,177,237,1.3080168776371308,0.036986433729025395,634,I told you I wanted mustard
1316,411,15,43,179,237,1.3080168776371308,0.037940897347885444,634,I just don't think we should support pyramid schemes
4578,413,15,42,178,235,1.3063829787234043,0.0381277667366587,634,Did he say why he’s changing locations?
2783,413,17,38,180,235,1.3063829787234043,0.03907002808544512,634,This first one is free as long as you bring two more buyers.
4340,413,14,44,177,235,1.3063829787234043,0.037647793390700214,634,He said it was from an ancient recipe.
4051,413,13,46,176,235,1.3063829787234043,0.037161621305489945,634,"Try one, they're to die for."
3634,413,17,38,180,235,1.3063829787234043,0.03907002808544512,634,So THAT's the devil's triangle!
3262,413,19,34,182,235,1.3063829787234043,0.03999009368418489,634,"I said I wanted to see Egyptian relics, not relish."
2985,413,15,42,178,235,1.3063829787234043,0.0381277667366587,634,"That's it?...
The secret of the pyramid is a hot dog?"
2920,413,14,44,177,235,1.3063829787234043,0.037647793390700214,634,Now this is how we fight the obesity crisis.
2397,413,12,48,175,235,1.3063829787234043,0.0366690039258832,634,Cynthia says this place also has a great hidden bar chamber.
2194,413,16,40,179,235,1.3063829787234043,0.038601772568902376,634,"It's from the top of the food pyramid, how can it be bad for you?"
2097,413,13,46,176,235,1.3063829787234043,0.037161621305489945,634,That doesn't make it Egyptian food.
1826,413,13,46,176,235,1.3063829787234043,0.037161621305489945,634,"What, no onions?"
1807,413,14,44,177,235,1.3063829787234043,0.037647793390700214,634,I think this guy has reached his peak
754,413,15,42,178,235,1.3063829787234043,0.0381277667366587,634,What makes you think this is a pyramid scheme?
198,413,12,48,175,235,1.3063829787234043,0.0366690039258832,634,He does not relish the commute to work.
1,413,14,44,177,235,1.3063829787234043,0.037647793390700214,634,To the contrary.  Business is at its peak.
2648,413,11,50,174,235,1.3063829787234043,0.03616967790539793,634,It’s a thing now.  There’s a churros cart at the top of the Eiffel Tower.
3198,430,8,56,172,236,1.305084745762712,0.034505914006529054,634,I like how they're wrapped.
1239,430,16,40,180,236,1.305084745762712,0.03845977528422619,634,"That one's yours, and this one's Mayan."
2008,430,8,56,172,236,1.305084745762712,0.034505914006529054,634,And his prices are steep too!
2150,430,15,42,179,236,1.305084745762712,0.037988054546492324,634,They haven't done wraps for a couple thousand years.
2497,430,13,46,177,236,1.305084745762712,0.03702658821516609,634,I thought self-actualization would be more complicated.
2657,430,19,34,183,236,1.305084745762712,0.03984144067388722,634,He said he still makes more money up there than he did at Amazon
3001,430,14,44,178,236,1.305084745762712,0.03751040204451795,634,"I get it but ""Not your'e Mummies Hot Dogs"" still seems like a cheesy name."
3733,430,13,46,177,236,1.305084745762712,0.03702658821516609,634,He really is the top dog.
3791,438,13,45,175,233,1.3047210300429184,0.037338970739485236,634,I hear there’s a great burger place at the top of Everest.
3369,438,13,45,175,233,1.3047210300429184,0.037338970739485236,634,Can you run back up and make sure it's gluten free?
2537,438,13,45,175,233,1.3047210300429184,0.037338970739485236,634,It took you forever because you bought it at peak time.
2806,438,12,47,174,233,1.3047210300429184,0.036840196359902655,634,I guess my diet is ancient history.
2367,438,15,41,177,233,1.3047210300429184,0.038317046754415135,634,I told you they're at the top of the food pyramid.
2484,438,15,41,177,233,1.3047210300429184,0.038317046754415135,634,and he said if each of us gets 2 people to also buy a hot dog...
1109,438,12,47,174,233,1.3047210300429184,0.036840196359902655,634,"It may be the top of the food pyramid, but I still want mustard."
899,438,13,45,175,233,1.3047210300429184,0.037338970739485236,634,"No thanks, I had pizza at the Sphinx"
553,446,18,36,183,237,1.3037974683544304,0.039240852369902206,634,"Not a problem, there is an escalator on the other side."
2414,446,11,50,176,237,1.3037974683544304,0.03591017340834324,634,Its a Hebrew National and it answers to a higher authority!
2778,446,14,44,179,237,1.3037974683544304,0.03737397050855143,634,The eleventh plague is type 2 diabetes.
3003,446,14,44,179,237,1.3037974683544304,0.03737397050855143,634,Should be good. I hear they use aged beef and ancient grains.
4035,446,14,44,179,237,1.3037974683544304,0.03737397050855143,634,I hope you were wearing your Fitbit.
2296,451,14,40,170,224,1.3035714285714286,0.038840585791196244,634,I assume the stairs are on the other side.
3271,451,13,42,169,224,1.3035714285714286,0.03832169969748018,634,No thanks...I'll grab a taco from the Mesoamerican pyramid down the street.
353,453,14,42,175,231,1.303030303030303,0.03801687609743559,634,What took you so long?
340,453,14,42,175,231,1.303030303030303,0.03801687609743559,634,"It's not a scheme, it's a franchise."
63,453,12,46,173,231,1.303030303030303,0.037013454802260745,634,I heard he got the idea from the back of a dollar bill.
554,456,11,47,170,228,1.3026315789473684,0.036807448396363386,634,So he has taken his food to a new level?
945,456,16,37,175,228,1.3026315789473684,0.039344663815659736,634,Apparetly hot dogs have been elevated to the top of the food pyramid.
1769,456,13,43,172,228,1.3026315789473684,0.03784275337204583,634,You can't tell me you really believe the ancient Egyptians built not only a pyramid but a hotdog stand without extraterrestrial help.
2480,456,15,39,174,228,1.3026315789473684,0.03885047886582633,634,You never know where you'll run into someone from the old neighborhood.
4243,460,14,40,172,226,1.3008849557522124,0.038542732675070385,634,What do you mean they were out of mustard?
3659,460,7,54,165,226,1.3008849557522124,0.03478825483847922,634,Street food has really reached new heights these days.
3353,460,17,34,175,226,1.3008849557522124,0.040044179881187775,634,It's reinventing Maslow's Hierarchy. You work your way to the bottom.
3118,460,17,34,175,226,1.3008849557522124,0.040044179881187775,634,Is it organic?
2852,460,13,42,171,226,1.3008849557522124,0.038029079338013735,634,I love coming here. There's never a line at Climb and Slide Hot Dogs.
2835,460,11,46,169,226,1.3008849557522124,0.036980375089592496,634,I wouldn't have thought hotdogs were a the top of the food pyramid.
2821,460,18,32,176,226,1.3008849557522124,0.04053230451284406,634,He calls them tut-dogs.
2621,460,15,38,173,226,1.3008849557522124,0.03904963007285643,634,I had no idea that hot dogs were at the top of the food pyramid!
616,460,14,40,172,226,1.3008849557522124,0.038542732675070385,634,"He says, 'business is ramping up.'"
2328,460,12,44,170,226,1.3008849557522124,0.03750839250797011,634,"We call it the Ra Dog - but really, it's fully cooked."
2077,460,12,44,170,226,1.3008849557522124,0.03750839250797011,634,That dog looks 5000 years old.
1503,460,12,44,170,226,1.3008849557522124,0.03750839250797011,634,"They said to avoid Ra meat, but this one looks local."
858,460,13,42,171,226,1.3008849557522124,0.038029079338013735,634,"I said mustard, no relish."
643,460,15,38,173,226,1.3008849557522124,0.03904963007285643,634,"Don't ask, just eat."
395,460,14,40,172,226,1.3008849557522124,0.038542732675070385,634,He says it's not only local but historically authentic.
2488,460,12,44,170,226,1.3008849557522124,0.03750839250797011,634,"He just said, why not up here."
915,476,16,35,173,224,1.2991071428571428,0.03975819304154554,634,Told you hot dogs were at the top f the food pyramid!
2775,476,11,45,168,224,1.2991071428571428,0.03715537282051794,634,I think there are steps on the other side.
3130,476,10,47,167,224,1.2991071428571428,0.036612611113279805,634,Thank God they haven't commercialized this place.
4249,479,12,41,166,219,1.2968036529680365,0.03821116398952879,634,"A weiner, huh? You men will go to the ends of the earth to over-compensate."
4029,479,17,31,171,219,1.2968036529680365,0.040860154549893474,634,"Listen to this.  He says if we sell these hot dogs to 10 people who in turn each sell them to another 10 people and so on, we'll have enough money for our own vendor cart."
3945,479,20,25,174,219,1.2968036529680365,0.042370127869586265,634,"Wait, I'm supposed to buy these from you and then sell them to someone else? What kind of scheme is this?"
2774,479,8,49,162,219,1.2968036529680365,0.03595171362132057,634,"He said the hot dog sales are good, but the REAL money is in recruiting new members."
1405,479,13,39,167,219,1.2968036529680365,0.03875544979375114,634,You paid how much for these?!! I can’t believe you fell for another pyramid scheme!
3463,479,12,41,166,219,1.2968036529680365,0.03821116398952879,634,These are from the food truck on the other side. Up there it's a piano and he's playing Cheops Sticks.
2843,485,12,41,167,220,1.2954545454545454,0.03806099803348013,634,Now you eat this one and we both get rich
3314,486,12,40,165,217,1.294930875576037,0.038402457757296476,634,How come the ketchup is all at one end?
4246,486,11,42,164,217,1.294930875576037,0.03784282447562329,634,Wow!!  Nathan’s !   Who knew?
4176,486,9,46,162,217,1.294930875576037,0.036697964102612265,634,Usually everyone's buried with the pharoah but the hotdog man got left out.
3719,486,13,38,166,217,1.294930875576037,0.038954051898474534,634,How many times have we heard the looters-stole-the-condiments story?
3152,486,16,32,169,217,1.294930875576037,0.04056385523878825,634,"If you’re in a hurry to leave, you can get your hot dog with matzoh"
1226,486,7,50,160,217,1.294930875576037,0.03551621846791131,634,The one at the Eiffel Tower had more sauces
599,486,10,44,163,217,1.294930875576037,0.037274789962986055,634,But I said no mustard.
307,486,12,40,165,217,1.294930875576037,0.038402457757296476,634,He seems to be involved in some sort of scheme...
305,486,12,40,165,217,1.294930875576037,0.038402457757296476,634,I guess you have to hustle kosher hot dogs to reach the promised land these days.
205,486,14,36,167,217,1.294930875576037,0.0394979437036557,634,"'Well it's supposed to be the top dog around."""
1489,486,8,48,161,217,1.294930875576037,0.03611192561701067,634,Behold the eighth wonder of the world! Only cost me $4.
3370,497,10,43,161,214,1.294392523364486,0.037603285584448434,634,I guess they are still trying to pay King Tut's funeral expenses.
3631,497,11,41,162,214,1.294392523364486,0.03818224791345542,634,Now you tell me you want mustard?
1815,497,14,35,165,214,1.294392523364486,0.03986872160806663,634,I got you the Ramesses II with extra onion and I'm having the Sobekneferu with French mustard.
4135,497,12,39,163,214,1.294392523364486,0.03875256152441479,634,He says we have to go the Sphinx for the condiments.
4452,497,13,37,164,214,1.294392523364486,0.03931460280458822,634,What do you mean you didn't get relish!
2446,497,11,41,162,214,1.294392523364486,0.03818224791345542,634,He’s known as the Top Dog
3823,497,11,41,162,214,1.294392523364486,0.03818224791345542,634,Now you tell me you also wanted a soda?
2198,497,6,51,157,214,1.294392523364486,0.0351923174972842,634,I took the stairs on the other side since the handicap ramps look dangerous.
1050,497,11,41,162,214,1.294392523364486,0.03818224791345542,634,"And to think, we used to have to go all the way
to Coney Island for Nathan's."
1894,497,9,45,160,214,1.294392523364486,0.03701526871125758,634,You're the one who wanted an authentic Egyptian experience.
1568,497,6,51,157,214,1.294392523364486,0.0351923174972842,634,"I don’t care what sort of scheme it is, his hot dogs are terrific."
1513,497,12,39,163,214,1.294392523364486,0.03875256152441479,634,What's it madoff?
368,497,14,35,165,214,1.294392523364486,0.03986872160806663,634,"This is the pyramid of Tutankhamun's cousin, Frankfurter."
131,497,14,35,165,214,1.294392523364486,0.03986872160806663,634,He's trying to franchise the idea.  To me it's just another pyramid scheme.
2141,497,11,41,162,214,1.294392523364486,0.03818224791345542,634,And then each of those friends buys two hot dogs...?
3685,512,12,37,161,210,1.2904761904761906,0.03915284046405271,634,Someone's in the Madoff suite
3326,512,11,39,160,210,1.2904761904761906,0.03856651980387218,634,I'm so tired of these Pyramid scams.
3470,512,12,37,161,210,1.2904761904761906,0.03915284046405271,634,"Little known fact, the Maya were conquered by the Mayers."
3503,512,11,39,160,210,1.2904761904761906,0.03856651980387218,634,This you call one of the Seven Wonders of the World?  Really?  Go get me some sauerkraut.
4143,512,11,39,160,210,1.2904761904761906,0.03856651980387218,634,I didn’t realize hot dogs were at the top of the food pyramid.
3195,512,9,43,158,210,1.2904761904761906,0.037366288503680276,634,"He said he inherited the location from his great, great, great, great, great, great, great grandfather."
4655,512,10,41,159,210,1.2904761904761906,0.03797114671907298,634,Are they boiled or sun-dried?
4173,512,11,39,160,210,1.2904761904761906,0.03856651980387218,634,It's on wheels for catering.
4200,512,10,41,159,210,1.2904761904761906,0.03797114671907298,634,He's taken fast food to new heights!
4388,512,12,37,161,210,1.2904761904761906,0.03915284046405271,634,"Thanks, sweetie, but the Use By date on this dog is 3,000 B.C."
4165,512,15,31,164,210,1.2904761904761906,0.04086135480214597,634,At least it's wheelchair accessible.
3178,512,8,45,157,210,1.2904761904761906,0.03675147683997434,634,"And best of all, it's kosher."
566,512,12,37,161,210,1.2904761904761906,0.03915284046405271,634,"Not Kosher, but it comes from closer to God."
1871,512,14,33,163,210,1.2904761904761906,0.040299898878852776,634,"He swears they're kosher."""
2933,512,9,43,158,210,1.2904761904761906,0.037366288503680276,634,"Strange, tastes like a lot of preservatives but he swore he just unwrapped these"
52,512,15,31,164,210,1.2904761904761906,0.04086135480214597,634,I hear his ancestors were awarded the very first Hebrew National franchise.
443,512,10,41,159,210,1.2904761904761906,0.03797114671907298,634,All I said was that the restaurant has a view.
890,512,15,31,164,210,1.2904761904761906,0.04086135480214597,634,"On second thought, I think I will have the sauerkraut."
1227,512,13,35,162,210,1.2904761904761906,0.039730509473509916,634,Who would've thought hot dogs were found at the top of the food pyramid?
235,512,15,31,164,210,1.2904761904761906,0.04086135480214597,634,Top Dog?
1330,512,10,41,159,210,1.2904761904761906,0.03797114671907298,634,King Pup.
1495,512,13,35,162,210,1.2904761904761906,0.039730509473509916,634,"Location, location, location."
1515,512,13,35,162,210,1.2904761904761906,0.039730509473509916,634,They say this is the ORIGINAL “Hebrew National” stand
1726,512,11,39,160,210,1.2904761904761906,0.03856651980387218,634,At last Phil reached the pinnacle of hot dog salesmanship
1280,512,15,31,164,210,1.2904761904761906,0.04086135480214597,634,Finally a pyramid scheme that I can get behind.
3653,537,12,36,159,207,1.289855072463768,0.03952270690684244,634,What kind of hot dog king doesn't have napkins?
4187,537,9,42,156,207,1.289855072463768,0.037700636803480826,634,"Yeah, Chicago style is great, but have you tried Mesopotamian?"
3956,537,12,36,159,207,1.289855072463768,0.03952270690684244,634,"Thanks, but would you mind going back up for some relish?"
3858,537,12,36,159,207,1.289855072463768,0.03952270690684244,634,"""Poor soul  realized too late that he fell for a pyramid scheme."""
3836,537,9,42,156,207,1.289855072463768,0.037700636803480826,634,These hot dogs have really gone downhill.
3833,537,14,32,161,207,1.289855072463768,0.04069211952964566,634,"Wow, twenty dollars?! Place should be called “ He Gyps, Hotdogs”"
3676,537,14,32,161,207,1.289855072463768,0.04069211952964566,634,What a great pyramid scheme!
3644,537,14,32,161,207,1.289855072463768,0.04069211952964566,634,"On second thought, I'd rather have a sphinxburger."
952,537,10,40,157,207,1.289855072463768,0.03831762167297668,634,"I don't care if it is on a 'Pharoal', I asked for mustard."
3022,537,11,38,158,207,1.289855072463768,0.03892482814295744,634,Now you understand why Uber Eats is so important!
2063,537,10,40,157,207,1.289855072463768,0.03831762167297668,634,You're sure this isn't a pyramid scheme?
1312,537,11,38,158,207,1.289855072463768,0.03892482814295744,634,That's king-sized?
1008,537,14,32,161,207,1.289855072463768,0.04069211952964566,634,I've always wanted to experience one of the wonders of the ancient world.
4293,537,9,42,156,207,1.289855072463768,0.037700636803480826,634,I 'd be careful.  It could be a pyramid scheme.
859,537,13,34,160,207,1.289855072463768,0.040111675065117515,634,You’re eating another one? It’s a slippery slope...
439,537,11,38,158,207,1.289855072463768,0.03892482814295744,634,Why are they wrapped in cotton?
65,537,10,40,157,207,1.289855072463768,0.03831762167297668,634,Are you sure it's not a pyramid scheme?
3366,537,14,32,161,207,1.289855072463768,0.04069211952964566,634,I can't wait to get my Cheops into one of those.
1336,555,9,40,152,201,1.2885572139303483,0.0383955848389547,634,"Ironically, he's kind of a square guy."
4637,556,9,42,157,208,1.2884615384615385,0.03754481642939434,634,"It's simple. You pay for this, then he'll give me ten more. What makes you think it's a scheme?"""
40,556,12,36,160,208,1.2884615384615385,0.03935691350880916,634,"When I said I wanted an Egyptian dog, I meant a Pharaoh Hound."
128,558,7,45,153,205,1.2878048780487805,0.03659971024387983,634,"Trust me, this is not a pyramid scheme."
440,558,14,31,160,205,1.2878048780487805,0.04091829472862781,634,Where's the relish?
1847,560,15,28,160,203,1.2857142857142858,0.041736139804314544,634,Really! He only takes Bitcoin?
3930,560,6,46,151,203,1.2857142857142858,0.03609633241192845,634,I tried to get mustard but the cursed bottled wouldn't open.
3885,560,10,38,155,203,1.2857142857142858,0.03870450380198858,634,Straight from the top of the food pyramid
3612,560,8,42,153,203,1.2857142857142858,0.037423146768748514,634,Did you remember to grab napkins?
3459,560,14,30,159,203,1.2857142857142858,0.041147685421222185,634,"After you get to the top, you feel compelled to buy a couple."
3245,560,11,36,156,203,1.2857142857142858,0.03932953044214457,634,What will Vegas think of next?
3087,560,9,40,154,203,1.2857142857142858,0.038069216754705114,634,Since when were hot dogs at the top of the food pyramid?
2894,560,9,40,154,203,1.2857142857142858,0.038069216754705114,634,"I don't care if that's how King Tutenkamin ate it,
go back up there and tell him to put some mustard on it!"
2766,560,7,44,152,203,1.2857142857142858,0.0367657253951811,634,He's worried about rising sea levels.
2757,560,13,32,158,203,1.2857142857142858,0.04055069253764272,634,Classic pyramid scheme!
2432,560,9,40,154,203,1.2857142857142858,0.038069216754705114,634,Not what I meant when I said a top-tier restaurant...
2263,560,11,36,156,203,1.2857142857142858,0.03932953044214457,634,He tried to sell me a franchise-it's a pyramid scheme.
1991,560,10,38,155,203,1.2857142857142858,0.03870450380198858,634,Well of course there was no line.
1395,560,14,30,159,203,1.2857142857142858,0.041147685421222185,634,Ancient recipe.
1393,560,11,36,156,203,1.2857142857142858,0.03932953044214457,634,Hot dogs are $2 apiece or 2 for $3. Add the meaning of life for an extra $2.50.
1026,560,11,36,156,203,1.2857142857142858,0.03932953044214457,634,I think this is how Madoff got started
851,560,13,32,158,203,1.2857142857142858,0.04055069253764272,634,"Here you go, a hot Anubis with kraut."
591,560,8,42,153,203,1.2857142857142858,0.037423146768748514,634,No relish?
590,560,9,40,154,203,1.2857142857142858,0.038069216754705114,634,I like the hot dogs better at the Louvre.
582,560,10,38,155,203,1.2857142857142858,0.03870450380198858,634,Technically it's still on the food pyramid.
543,560,10,38,155,203,1.2857142857142858,0.03870450380198858,634,"No way, Moses! These aren't Hebrew National."
412,560,12,34,157,203,1.2857142857142858,0.03994477832008841,634,I don't know about investing in this.  It seems like a pyramid scheme.
256,560,10,38,155,203,1.2857142857142858,0.03870450380198858,634,A cubit long!
238,560,10,38,155,203,1.2857142857142858,0.03870450380198858,634,He has the best toppings.
221,560,9,40,154,203,1.2857142857142858,0.038069216754705114,634,"It's ok... not so sure about the whole ""hot dog of the gods"" thing."
197,560,15,28,160,203,1.2857142857142858,0.041736139804314544,634,No... a tip is not required
4551,560,11,36,156,203,1.2857142857142858,0.03932953044214457,634,I still think the ruins are too commercialized.
4605,560,9,40,154,203,1.2857142857142858,0.038069216754705114,634,"I think its kosher, but the menu has never been completely translated."
3504,588,11,35,154,200,1.285,0.03970842220448767,634,"Processed Meat. The Eighth Wonder of the World."""
3806,588,11,35,154,200,1.285,0.03970842220448767,634,"They're both Mayan, but you can have this one."
2514,588,7,43,150,200,1.285,0.03709115485994229,634,So inside it's one big refrigerator?
4192,588,10,37,153,200,1.285,0.03907054565383548,634,We are NOT going to invest in his hot dog stand.  It's clearly a pyramid scheme.
4000,588,11,35,154,200,1.285,0.03970842220448767,634,Don’t worry it’s a healthy hotdog; it came from the top of the food pyramid.
2443,588,7,43,150,200,1.285,0.03709115485994229,634,"It's Hebrew National, but don't snitch on him."
1436,588,8,41,151,200,1.285,0.03776248171301282,634,Who says you can’t find a good hot dog in Gaza?
1824,588,8,41,151,200,1.285,0.03776248171301282,634,I still think it’s a pyramid scheme.
1600,588,10,37,153,200,1.285,0.03907054565383548,634,"Up there, they're a dollar, down here they're five."
2320,588,9,39,152,200,1.285,0.03842208064911419,634,"He said it's a Pharaoh Frank, and yes, it's a mystery what it's made of."
1378,588,10,37,153,200,1.285,0.03907054565383548,634,"The hot dogs are fine, but the price was steep."
1100,588,13,31,156,200,1.285,0.04095438079781775,634,Are you sure they're kosher?
740,588,16,25,159,200,1.285,0.04275529295159705,634,"...And then you get your friends to sell all those hot dogs to their friends, and then we both get a cut."
2504,601,7,42,149,198,1.2828282828282829,0.03726319586849468,634,Still not as good as Fenway Park.
2526,601,11,34,153,198,1.2828282828282829,0.039920451126345735,634,I would not have thought you could get those here in Las Vegas.
2560,601,10,36,152,198,1.2828282828282829,0.039272996513911036,634,"Location may be the key to success, but thank you for delivering."
2768,601,6,44,148,198,1.2828282828282829,0.03656872438825983,634,He says he thinks business will pick up when the escalator and slide arrive
2850,601,7,42,149,198,1.2828282828282829,0.03726319586849468,634,$30 for 2 hot dogs? I feel like this is some kind of scheme
3981,601,10,36,152,198,1.2828282828282829,0.039272996513911036,634,He says he has to answer to an even higher authority.
3576,601,9,38,151,198,1.2828282828282829,0.03861468751954855,634,"Sorry, that hotdog does not conform with the Americans with Disabilities Act of 1990."
2355,601,8,40,150,198,1.2828282828282829,0.03794495920781954,634,Now you find two people to sell those hot dogs.
4030,601,7,42,149,198,1.2828282828282829,0.03726319586849468,634,"I was short a dollar, but he let me slide """
4075,601,6,44,148,198,1.2828282828282829,0.03656872438825983,634,At least Tripadvisor wasn't wrong about the amazing 360 degree views of this place.
4159,601,12,32,154,198,1.2828282828282829,0.040557571193061456,634,"When God gives you human sacrifices, make hotdogs."
3489,601,11,34,153,198,1.2828282828282829,0.039920451126345735,634,Was this alteration approved by the Historical Society?
1950,601,7,42,149,198,1.2828282828282829,0.03726319586849468,634,"There’s no easy way to say this, but you forgot the relish."
1823,601,7,42,149,198,1.2828282828282829,0.03726319586849468,634,It’s a food pyramid. You had to have known there would only be junk food at the top.
1636,601,11,34,153,198,1.2828282828282829,0.039920451126345735,634,"I like what’s at the top of the new Food Pyramid,"
1412,601,10,36,152,198,1.2828282828282829,0.039272996513911036,634,"It is all about... Location, Location, Location."
981,601,10,36,152,198,1.2828282828282829,0.039272996513911036,634,The condiments are on the next pyramid?
810,601,10,36,152,198,1.2828282828282829,0.039272996513911036,634,I particularly liked the Climb Up Get One Free discount.
772,601,11,34,153,198,1.2828282828282829,0.039920451126345735,634,That's what's at the top of the food pyramid
770,601,9,38,151,198,1.2828282828282829,0.03861468751954855,634,"Yes, I admit it. I used to think ""Because it's there"" was reason enough ..."
692,601,11,34,153,198,1.2828282828282829,0.039920451126345735,634,"A little more mustard, please, on both of them!"
200,601,11,34,153,198,1.2828282828282829,0.039920451126345735,634,That looks more like a cubit-long than a foot-long.
183,601,9,38,151,198,1.2828282828282829,0.03861468751954855,634,He doesn't work on the Sabbath.  It's in his contract.
129,601,10,36,152,198,1.2828282828282829,0.039272996513911036,634,Ketchup instead of mustard? Tut-tut.
120,601,7,42,149,198,1.2828282828282829,0.03726319586849468,634,"We had perfectly good hot dogs back home, Dave."
1856,601,9,38,151,198,1.2828282828282829,0.03861468751954855,634,Kosher since 1300 BCE!
1524,627,9,38,152,199,1.2814070351758795,0.038446432433298004,634,"I specifically said, mustard AND onions."
2286,628,9,37,150,196,1.280612244897959,0.038809577697420584,634,There are also wraps inside
4481,628,8,39,149,196,1.280612244897959,0.038129446590462475,634,It's how he wanted to spend the after life.
2000,628,8,39,149,196,1.280612244897959,0.038129446590462475,634,Best service in centuries
4365,628,13,29,154,196,1.280612244897959,0.04141856849386403,634,"It is healthy, it's from the top of the food pyramid"
571,628,13,29,154,196,1.280612244897959,0.04141856849386403,634,Toot and come in.
1987,628,8,39,149,196,1.280612244897959,0.038129446590462475,634,Trust me this is the pinnacle of hot dogs.
513,628,12,31,153,196,1.280612244897959,0.04078197141291371,634,Are these better than the Sphinx burgers we had yesterday?
3115,635,11,32,150,193,1.2797927461139897,0.04053666053206766,634,"I said they look like regular hot dogs, but he said I'm missing the point."
3279,635,7,40,146,193,1.2797927461139897,0.037780039471895274,634,"No thanks, I filled up on churros back at the sphinx."
3281,635,12,30,151,193,1.2797927461139897,0.04119700490618978,634,Let's go to the Sphinx next.  I hear they have the best funnel cakes.
3537,635,10,34,149,193,1.2797927461139897,0.0398653794782335,634,They’re Hebrew Nationals!
3641,635,11,32,150,193,1.2797927461139897,0.04053666053206766,634,He said it's kosher.
3722,635,6,42,145,193,1.2797927461139897,0.037058858810673494,634,"Twenty bucks apiece, including the royalty fee."
3984,635,9,36,148,193,1.2797927461139897,0.039182599643145535,634,"Well, if Cleopatra ate cubit-longs, then sure."
4098,635,11,32,150,193,1.2797927461139897,0.04053666053206766,634,It’s from Hebrew National’s original location.
4158,635,7,40,146,193,1.2797927461139897,0.037780039471895274,634,He isn’t an independent hot dog vendor; he is part of a major pyramid scheme.
4201,635,12,30,151,193,1.2797927461139897,0.04119700490618978,634,He guaranteed these would sustain us on our journey to the afterlife.
4598,635,6,42,145,193,1.2797927461139897,0.037058858810673494,634,Since we built it I think we can assume the hotdogs are Kosher.
4618,635,11,32,150,193,1.2797927461139897,0.04053666053206766,634,I though hot dogs aren't the top of the food pyramid.
2253,635,7,40,146,193,1.2797927461139897,0.037780039471895274,634,"Yes, it's a pyramid scheme. But at least it's transparent!"
2175,635,11,32,150,193,1.2797927461139897,0.04053666053206766,634,"I'm sorry, but condiments are not included on the food pyramid."
2905,635,10,34,149,193,1.2797927461139897,0.0398653794782335,634,"As far as I’m concerned, the food pyramid is ancient history."
2086,635,9,36,148,193,1.2797927461139897,0.039182599643145535,634,"It’s not paleo, but the glute workout is worth it."
47,635,9,36,148,193,1.2797927461139897,0.039182599643145535,634,These hotdogs definitely belong on the top of the food pyramid.
49,635,9,36,148,193,1.2797927461139897,0.039182599643145535,634,Mummified or just no nitrates?
2169,635,11,32,150,193,1.2797927461139897,0.04053666053206766,634,"Actually, I’d love a little mustard if it’s not too much trouble."
402,635,9,36,148,193,1.2797927461139897,0.039182599643145535,634,He said there is relish by the Sphinx.
418,635,8,38,147,193,1.2797927461139897,0.03848770905947114,634,I hope you relish my efforts for getting this.
927,635,8,38,147,193,1.2797927461139897,0.03848770905947114,634,Tomb for the price of one!
171,635,12,30,151,193,1.2797927461139897,0.04119700490618978,634,I shouldn't. I've already eaten my daily allowance from the top of the food pyramid.
1095,635,6,42,145,193,1.2797927461139897,0.037058858810673494,634,Apparently he's been in business since 3000 BC.
1286,635,9,36,148,193,1.2797927461139897,0.039182599643145535,634,Go back and get me the tater tuts.
1426,635,11,32,150,193,1.2797927461139897,0.04053666053206766,634,"I got yours with mustard, relish and locust."
1629,635,9,36,148,193,1.2797927461139897,0.039182599643145535,634,"Really, its a Ra Dog?"
1798,635,7,40,146,193,1.2797927461139897,0.037780039471895274,634,Would it be much trouble to exchange that for the gluten-free bun? There’s no line.
961,635,10,34,149,193,1.2797927461139897,0.0398653794782335,634,"Despite the delicious food, the hot dog vendor's business continued to go down hill."
189,664,10,35,152,197,1.2791878172588833,0.039302906796009424,634,These really are the pinnacle of hotdogs.
2441,665,13,27,151,191,1.2774869109947644,0.04209097788510338,634,No Grey Poupon?
3753,665,12,29,150,191,1.2774869109947644,0.04143113344252427,634,"Can you go back and get me a bit more mustard, sweetie?"
3710,665,9,35,147,191,1.2774869109947644,0.03938532741207348,634,That's great but why didn't you get me one?
3660,665,12,29,150,191,1.2774869109947644,0.04143113344252427,634,"Tut, tut. You forgot the mustard!"
3582,665,9,35,147,191,1.2774869109947644,0.03938532741207348,634,"Frankly, I just don't see the point."""
2964,665,7,39,145,191,1.2774869109947644,0.03796025307307907,634,We just have to find five friends to buy hot dogs and then they each get five of their friends to buy hot dogs and then they get…
2353,665,10,33,148,191,1.2774869109947644,0.040078867453412846,634,When will you be top dog?
1374,665,9,35,147,191,1.2774869109947644,0.03938532741207348,634,He does most of his business with extraterrestrials.
1635,665,10,33,148,191,1.2774869109947644,0.040078867453412846,634,"Honey, it's not a pyramid scheme, just eat it!"
1753,665,7,39,145,191,1.2774869109947644,0.03796025307307907,634,He says it's too crowded in Cairo
1005,665,9,35,147,191,1.2774869109947644,0.03938532741207348,634,"They're Madoff hotdogs, you pay twice for them tomorrow."
860,665,10,33,148,191,1.2774869109947644,0.040078867453412846,634,The cardio offsets the calories.
716,665,12,29,150,191,1.2774869109947644,0.04143113344252427,634,I had no idea hot dogs were on the top of the food pyramid.
293,665,10,33,148,191,1.2774869109947644,0.040078867453412846,634,"I know it's a bit of a climb, but I really need a little more mustard."
54,665,9,35,147,191,1.2774869109947644,0.03938532741207348,634,"I guess it makes sense.  When the Halal Guys took over Manhattan, the hot dog vendors to go somewhere."
4573,680,9,34,146,189,1.2751322751322751,0.03959049702969164,634,I generally prefer Giza's but the lines are longer.
4470,680,12,28,149,189,1.2751322751322751,0.041668565202650706,634,"He tried to sell me a franchise, but I was sensing a pyramid scheme."
4341,680,10,32,147,189,1.2751322751322751,0.04029509579822173,634,So where are my onions?
3737,680,10,32,147,189,1.2751322751322751,0.04029509579822173,634,Oh good! Something from the top of the food pyramid.
3725,680,12,28,149,189,1.2751322751322751,0.041668565202650706,634,They're out of toppings.
3114,680,6,40,143,189,1.2751322751322751,0.03739713336699074,634,That's a bit steep for me.
2767,680,15,22,152,189,1.2751322751322751,0.043647808616665784,634,"Pricey? Yes, I think it's a pyramid scheme"
2822,680,9,34,146,189,1.2751322751322751,0.03959049702969164,634,Looks like a pyramid scheme
2455,680,8,36,145,189,1.2751322751322751,0.0388731290833164,634,He says it was flown in this morning from Coney Island.
1899,680,9,34,146,189,1.2751322751322751,0.03959049702969164,634,"OK, what's his angle?"
1898,680,11,30,148,189,1.2751322751322751,0.0409875839214476,634,"Sure, it’s probably the best hot dog within a hundred miles, but food for the gods?"
1722,680,11,30,148,189,1.2751322751322751,0.0409875839214476,634,Is it too late to change my order?
1207,680,8,36,145,189,1.2751322751322751,0.0388731290833164,634,It's halal.
1092,680,12,28,149,189,1.2751322751322751,0.041668565202650706,634,What exactly is your concept of a “bucket list”?
605,680,9,34,146,189,1.2751322751322751,0.03959049702969164,634,"It's a pyramid scheme, isn't it?"
2668,680,10,32,147,189,1.2751322751322751,0.04029509579822173,634,Who would have thought they'd have Hebrew Nationals out here?
4139,696,9,34,147,190,1.2736842105263158,0.039408188493235005,634,I guess the food pyramid is ancient history.
528,696,8,36,146,190,1.2736842105263158,0.03869509694756485,634,I think golden arches would work better.
2112,696,6,40,144,190,1.2736842105263158,0.03722795915313713,634,I thought they did away with the food pyramid.
3476,699,10,31,146,187,1.2727272727272727,0.04051410076417775,634,ya mean I gotta go back for sauerkraut?
4434,699,9,33,145,187,1.2727272727272727,0.0397981325499368,634,It's wonderful!  It's magnificent! . . . A good hot dog outside of New York City
4409,699,8,35,144,187,1.2727272727272727,0.03906904590842639,634,Did I say ketchup? .. I meant mayonnaise.”
4294,699,10,31,146,187,1.2727272727272727,0.04051410076417775,634,So these are the famous Pharaoh's Phranks! I thought it was just a gimmick.
4522,699,9,33,145,187,1.2727272727272727,0.0397981325499368,634,"They're better at the ball park."""
3519,699,8,35,144,187,1.2727272727272727,0.03906904590842639,634,There’s an elevator around back!
3386,699,15,21,151,187,1.2727272727272727,0.0439192143835474,634,He's selling franchises? Sounds like a pyramid scheme.
3812,699,9,33,145,187,1.2727272727272727,0.0397981325499368,634,I told you Vegas is just like the real thing
2385,699,11,29,147,187,1.2727272727272727,0.041217634175162915,634,Isn’t ice cream supposed to be at the top of the food pyramid?
1498,699,13,25,149,187,1.2727272727272727,0.04258985066342423,634,Didn't you see the new study that says Hot Dogs are now at the top of the food pyramid?
1441,699,10,31,146,187,1.2727272727272727,0.04051410076417775,634,And you're sure this isn't a pyramid scheme?
1142,699,7,37,143,187,1.2727272727272727,0.038326092181790714,634,Well I'm not going back up there for mustard.....it's pointless.
522,699,7,37,143,187,1.2727272727272727,0.038326092181790714,634,They're just like your mummy used to wrap.
254,699,11,29,147,187,1.2727272727272727,0.041217634175162915,634,Where are the napkins?
2867,699,7,37,143,187,1.2727272727272727,0.038326092181790714,634,Of course we can eat them - it's from the top of the food pyramid!
3128,714,4,42,138,184,1.2717391304347827,0.03631790690922581,634,"At first I thought it was just a pyramid scheme, but he's actually legit"
3119,714,9,32,143,184,1.2717391304347827,0.04019916688788548,634,"I had to sacrifice a cat, but here you go..."
3010,714,8,34,142,184,1.2717391304347827,0.03945347243573743,634,It's as close as one can get to kosher here.
2866,714,12,26,146,184,1.2717391304347827,0.0423575567308573,634,I know it's a long climb but I said mustard AND relish.
2810,714,9,32,143,184,1.2717391304347827,0.04019916688788548,634,"No, Marcia, I didn't have the guts to ask him."
2807,714,10,30,144,184,1.2717391304347827,0.04093127837879785,634,He said they're opening up a pizza place at the Sphinx next week.
2598,714,10,30,144,184,1.2717391304347827,0.04093127837879785,634,"Nathan, you always fall for shady pyramid schemes."
2696,714,10,30,144,184,1.2717391304347827,0.04093127837879785,634,I changed my mind - I want a Colossus dog.
3137,714,8,34,142,184,1.2717391304347827,0.03945347243573743,634,No thanks. I know a pyramid scheme when I see one.
2539,714,7,36,141,184,1.2717391304347827,0.03869340972303834,634,Is this trickle-down economics or a pyramid scheme?
2394,714,6,38,140,184,1.2717391304347827,0.03791811473098765,634,I like what the boy pharaoh has done with Cheops.
2375,714,7,36,141,184,1.2717391304347827,0.03869340972303834,634,No drink?
2330,714,9,32,143,184,1.2717391304347827,0.04019916688788548,634,Did he tell you how he built it?
2795,714,8,34,142,184,1.2717391304347827,0.03945347243573743,634,Are you sure this is the place from the article?
3162,714,8,34,142,184,1.2717391304347827,0.03945347243573743,634,"He said if we find 4 more people to sell hot dogs, we could get a good scheme going here."
3886,714,10,30,144,184,1.2717391304347827,0.04093127837879785,634,Apparently he was fooled into investing his life savings in some sort of food cart pyramid scheme.
3816,714,8,34,142,184,1.2717391304347827,0.03945347243573743,634,These are from the top of the food pyramid.
2326,714,10,30,144,184,1.2717391304347827,0.04093127837879785,634,So that is what is at the top of the food pyramid.
4624,714,9,32,143,184,1.2717391304347827,0.04019916688788548,634,Why would you think this is a pyramid scheme?
4594,714,9,32,143,184,1.2717391304347827,0.04019916688788548,634,It's the best for miles around.
4590,714,8,34,142,184,1.2717391304347827,0.03945347243573743,634,"So no, not Kosher."
4572,714,7,36,141,184,1.2717391304347827,0.03869340972303834,634,"And now you're going to tell me that the condiment cart is atop the Sphinx, right?"
4377,714,12,26,146,184,1.2717391304347827,0.0423575567308573,634,Now this is a pyramid scheme I can sink my teeth into
3403,714,10,30,144,184,1.2717391304347827,0.04093127837879785,634,You can’t beat Top Dog
4346,714,9,32,143,184,1.2717391304347827,0.04019916688788548,634,Now we ate at all seven Wonders of the World.
4292,714,10,30,144,184,1.2717391304347827,0.04093127837879785,634,"Let me get this straight...so the guy told you if we open our own hotdog stand and then recruit a couple of other people to do the same, we could make a lot of money??"
4291,714,6,38,140,184,1.2717391304347827,0.03791811473098765,634,"Thanks, can you get me some mustard?"
4258,714,12,26,146,184,1.2717391304347827,0.0423575567308573,634,The mustard's been aged 4000 years.
4257,714,8,34,142,184,1.2717391304347827,0.03945347243573743,634,Thanks. I wasn't inclined to get one for myself.
4026,714,9,32,143,184,1.2717391304347827,0.04019916688788548,634,I think it's safe to say that it's not kosher.
3869,714,8,34,142,184,1.2717391304347827,0.03945347243573743,634,Didn't he have drinks?
4323,714,7,36,141,184,1.2717391304347827,0.03869340972303834,634,"I know what you're thinking, but it's NOT a pyramid scheme."
2225,714,10,30,144,184,1.2717391304347827,0.04093127837879785,634,It took 1000 Hebrew Nationals to build the stand.
1641,714,9,32,143,184,1.2717391304347827,0.04019916688788548,634,They're free if we find 7 other friends who want hot dogs.
2161,714,11,28,145,184,1.2717391304347827,0.041650523177569086,634,"Yeah, after the tourism got big, Cairo said they had to make them wheelchair accessible"""
44,714,12,26,146,184,1.2717391304347827,0.0423575567308573,634,"He said it's the hot dog of the Pharaohs 
and comes with a side of locusts or toads.
The curse is extra."
252,714,9,32,143,184,1.2717391304347827,0.04019916688788548,634,Fresh from the top of the Food-Pyramid?
438,714,10,30,144,184,1.2717391304347827,0.04093127837879785,634,You really know the way to a girl's heartburn.
469,714,6,38,140,184,1.2717391304347827,0.03791811473098765,634,Did you forget the mustard?
491,714,11,28,145,184,1.2717391304347827,0.041650523177569086,634,He makes a good point.
593,714,8,34,142,184,1.2717391304347827,0.03945347243573743,634,"I told you ""at the top of the food pyramid."""
595,714,8,34,142,184,1.2717391304347827,0.03945347243573743,634,He said if we convince 4 other people to buy hot dogs then we will get these for free!
657,714,8,34,142,184,1.2717391304347827,0.03945347243573743,634,No thanks. I ate at Sushi on the Sphinx.
662,714,9,32,143,184,1.2717391304347827,0.04019916688788548,634,Lunch with a pharaoh included with the timeshare pitch.
663,714,9,32,143,184,1.2717391304347827,0.04019916688788548,634,I still don't trust it is kosher
666,714,9,32,143,184,1.2717391304347827,0.04019916688788548,634,It's only called a scheme if we don't include the hot dog.
669,714,9,32,143,184,1.2717391304347827,0.04019916688788548,634,"Yes, this is the only place you can get them.  Seriously."
1063,714,10,30,144,184,1.2717391304347827,0.04093127837879785,634,Who would have thought?  A Hebrew National Frankfurter in Egypt
1111,714,8,34,142,184,1.2717391304347827,0.03945347243573743,634,He calls himself the Sun God of hot dogs.
1128,714,8,34,142,184,1.2717391304347827,0.03945347243573743,634,You don't think I know a pyramid scheme when I see one?
1123,714,10,30,144,184,1.2717391304347827,0.04093127837879785,634,The Illuminati are a lot less sinister than I thought they would be.
1179,714,10,30,144,184,1.2717391304347827,0.04093127837879785,634,How old is it?
2068,714,5,40,139,184,1.2717391304347827,0.037126633209998545,634,I’m guessing now is not a good time to remind you I don’t like mustard.
2065,714,13,24,147,184,1.2717391304347827,0.04305298065698089,634,This shouldn't be at the top of the food pyramid.
2057,714,9,32,143,184,1.2717391304347827,0.04019916688788548,634,There's an escalator on the other side.
2043,714,12,26,146,184,1.2717391304347827,0.0423575567308573,634,He’s not selling hot dogs. He’s selling unlimited hotdog potential.
2027,714,9,32,143,184,1.2717391304347827,0.04019916688788548,634,I'm so glad that you found the elevator button on the other side!
1866,714,9,32,143,184,1.2717391304347827,0.04019916688788548,634,"He said after I buy my own stand, I just need to recruit ten more people to double my money."
1135,714,5,40,139,184,1.2717391304347827,0.037126633209998545,634,"He slides them down, you pay with the app."
1714,714,10,30,144,184,1.2717391304347827,0.04093127837879785,634,The TRUMP logo is going on tomorrow.
1350,714,5,40,139,184,1.2717391304347827,0.037126633209998545,634,I've been to the mountaintop.
1342,714,8,34,142,184,1.2717391304347827,0.03945347243573743,634,Shouldn't the top of the nutritional pyramid be kale?
1291,714,11,28,145,184,1.2717391304347827,0.041650523177569086,634,So all I do is get four friends to buy two hot dogs each?
1229,714,12,26,146,184,1.2717391304347827,0.0423575567308573,634,It’s obviously a pyramid scheme disguised as a hotdog stand
1222,714,11,28,145,184,1.2717391304347827,0.041650523177569086,634,I don't care if it is 'Giza style'. You don't put ketchup on a hot dog!
1180,714,7,36,141,184,1.2717391304347827,0.03869340972303834,634,He calls them Wonder of the World Wieners
2200,714,13,24,147,184,1.2717391304347827,0.04305298065698089,634,"You're right, hot dogs are at the top of the food pyramid."
3948,781,11,29,148,188,1.2712765957446808,0.041023462762350006,634,I do not know what's on top of the food pyramid... but at the botton there will always be the hot dog.
4211,781,7,37,144,188,1.2712765957446808,0.03814927683815272,634,I don't care what he said; that's not locally sourced.
4539,783,11,28,146,185,1.2702702702702702,0.04145080702767782,634,Food pyramid?  What food pyramid?
4042,783,7,36,142,185,1.2702702702702702,0.0385117096079077,634,"Well, they were warm two hours ago."
2317,783,8,34,143,185,1.2702702702702702,0.03926711325657011,634,Nice! But you gotta try the sliders!
2227,783,10,30,145,185,1.2702702702702702,0.04073591777124079,634,Top of the food pyramid
1893,783,6,38,141,185,1.2702702702702702,0.03774118930748364,634,"I'll take two, but I wish you hadn't told me how they get down here from up there."
3992,788,10,29,143,182,1.2692307692307692,0.04115968579713304,634,But where's the mustard?
3548,788,9,31,142,182,1.2692307692307692,0.040415429813669274,634,I thought we didn't support gentrification.
3112,788,8,33,141,182,1.2692307692307692,0.039657208665367996,634,I asked for ketchup!
2922,788,11,27,144,182,1.2692307692307692,0.04189072096316562,634,"Of course not, there's a guy around back."
2793,788,9,31,142,182,1.2692307692307692,0.040415429813669274,634,He prefers the term “multi level marketing.”
3324,788,6,37,139,182,1.2692307692307692,0.038095520252890126,634,I think I would like sauerkraut after all.
1640,788,9,31,142,182,1.2692307692307692,0.040415429813669274,634,You should see what they've done with the Sphinx now.
1483,788,7,35,140,182,1.2692307692307692,0.038884205421140475,634,So we're meant to sell these to other people? Seems like a pyramid scheme to me.
990,788,8,33,141,182,1.2692307692307692,0.039657208665367996,634,"gerald stood atop his mesa and threw sausages to the unwashed peons below. his was a thankless job, often leaving him weary, but he could not quit. melchior had entrusted him this duty, so many years ago, and his final words lingered in gerald's mind"
4,788,7,35,140,182,1.2692307692307692,0.038884205421140475,634,"I think the bigger question here is, how?"
2463,788,11,27,144,182,1.2692307692307692,0.04189072096316562,634,"Easy, the ladder’s on the other side."
1036,799,7,34,138,179,1.2681564245810055,0.03926722387704179,634,There’s also a restaurant inside that sells wraps.
1808,799,10,28,141,179,1.2681564245810055,0.04159599700600226,634,Did he make me one with everything?
4063,801,11,26,143,180,1.2666666666666666,0.04213424792162008,634,Business is bad but he likes the view.
907,802,7,33,137,177,1.265536723163842,0.03946539170107485,634,What happened to the gigantic eye?
2486,803,9,30,142,181,1.2651933701657458,0.040436051048952884,634,The top 1% own 50% of the hotdogs.
4247,803,9,30,142,181,1.2651933701657458,0.040436051048952884,634,He said he couldn’t stop people complaining about the smell...
3646,803,7,34,140,181,1.2651933701657458,0.038888295360216756,634,Looks like a pyramid scheme to me.
1506,803,11,26,144,181,1.2651933701657458,0.04192670906288247,634,Trump at Summit Meeting
442,803,6,36,139,181,1.2651933701657458,0.038090840917711734,634,Now all we have to do is recruit two more participants.
738,803,8,32,141,181,1.2651933701657458,0.03966972233616577,634,"With all the really good cartoons out there , we get stuck in this one>"
136,803,8,32,141,181,1.2651933701657458,0.03966972233616577,634,Seems like a pyramid scheme to me.
744,803,9,30,142,181,1.2651933701657458,0.040436051048952884,634,No dogs that long. They're all one cubit with everything.
2888,811,4,38,132,174,1.264367816091954,0.037281501045919076,634,Oh!  A slider!
4457,811,12,22,140,174,1.264367816091954,0.043834192871308755,634,"Honey, you know that I can't pass up a two for one offer on Kosher hotdogs."
4147,811,8,30,136,174,1.264367816091954,0.04068996672962488,634,I hope nobody tips him.
4116,811,3,40,131,174,1.264367816091954,0.03637952105486803,634,The Sphinx has much better dogs.
4602,811,8,30,136,174,1.264367816091954,0.04068996672962488,634,I thought Hebrew National answered to the higher authority
4077,811,9,28,137,174,1.264367816091954,0.04149836334740514,634,It just seems pointless!
3923,811,10,26,138,174,1.264367816091954,0.04229131031983447,634,"Can you get me some mustard?"""
3830,811,10,26,138,174,1.264367816091954,0.04229131031983447,634,"He says if I buy two hot dogs, I'll double my investment in no time."
3610,811,6,34,134,174,1.264367816091954,0.039022965755403864,634,I wouldn't eat that. There's a reason there's no line.
3363,811,5,36,133,174,1.264367816091954,0.038162168286041395,634,The aliens really understood fine dining.
3347,811,4,38,132,174,1.264367816091954,0.037281501045919076,634,The problem is you're putting your boss on a pedestal.
3307,811,7,32,135,174,1.264367816091954,0.03986518060165665,634,They answer to a higher authority. Literally.
2801,811,11,24,139,174,1.264367816091954,0.043069660976420704,634,"You know these things are just processed sphinx snouts, right?"
790,811,10,26,138,174,1.264367816091954,0.04229131031983447,634,He doesn't like people standing around
2518,811,9,28,137,174,1.264367816091954,0.04149836334740514,634,Was the menu the same as in Vegas?
241,811,9,28,137,174,1.264367816091954,0.04149836334740514,634,Can he throw me down a pickle?
618,811,6,34,134,174,1.264367816091954,0.039022965755403864,634,They’re all beef and they’re Kosher!
777,811,6,34,134,174,1.264367816091954,0.039022965755403864,634,It's an old Egyptian recipe.
1133,811,8,30,136,174,1.264367816091954,0.04068996672962488,634,You’re kidding. Hebrew National?
1264,811,9,28,137,174,1.264367816091954,0.04149836334740514,634,"I'm glad we came to Cairo, IL."
2772,811,11,24,139,174,1.264367816091954,0.043069660976420704,634,"No, I don’t believe that is the wiener he exposed and  no, I don’t believe that this is what he meant by “devil’s triangle.”"
1766,811,9,28,137,174,1.264367816091954,0.04149836334740514,634,"Sorta like Subway, but with an Amway structure ..."
1775,811,10,26,138,174,1.264367816091954,0.04229131031983447,634,Did you remember to ask about the Friends of Khufu discount?
1901,811,11,24,139,174,1.264367816091954,0.043069660976420704,634,"I can’t shake the feeling that thousands of people are staring at us, trying to think up something clever."
2283,811,6,34,134,174,1.264367816091954,0.039022965755403864,634,"Nobody knows exactly how, when, or by whom they were built. But with a little kraut they're delicious."
2453,811,8,30,136,174,1.264367816091954,0.04068996672962488,634,"Honey, you forgot the onions."
1382,811,10,26,138,174,1.264367816091954,0.04229131031983447,634,So you get a percentage of my hot dog then I'll get a percentage of everyone I sign on to sell hot dogs. How do we handle condiments?
4309,838,9,28,138,175,1.262857142857143,0.041288194310771846,634,"Honey, no one puts sauerkraut on a Tut-Dog"
3308,838,10,26,139,175,1.262857142857143,0.042076079123842355,634,"Wait, did he say 'organic', or 'organs in it.' """
1323,838,8,30,137,175,1.262857142857143,0.040484979244804646,634,It may be an apex hot dog but it still needs mustard.
901,841,7,31,134,172,1.2616279069767442,0.04007114244383266,634,He says it’s an old family recipe.
1623,841,9,27,136,172,1.2616279069767442,0.04173362395913673,634,Pretty steep for a couple of chili dogs.
2036,841,10,25,137,172,1.2616279069767442,0.04254050804547336,634,I ordered them BC style - before catsup.
2052,841,5,35,132,172,1.2616279069767442,0.03833663449946048,634,"It's probably full of preservatives, but what the hell."
2364,841,6,33,133,172,1.2616279069767442,0.03921347983474019,634,"It's been locally-sourced, wrapped and aged."
2706,841,11,23,138,172,1.2616279069767442,0.043332369895625784,634,Since when did hot dogs become the top of the food pyramid?
2911,841,8,29,135,172,1.2616279069767442,0.040910828795788036,634,You guessed my hierarchy of needs!
3354,841,10,25,137,172,1.2616279069767442,0.04254050804547336,634,You know....let's just go home. The best seat's taken
4146,841,13,19,140,172,1.2616279069767442,0.04487419294850927,634,"The pyramids have the best 
kosher hot dogs you’ll ever eat."
1407,841,8,29,135,172,1.2616279069767442,0.040910828795788036,634,"One way or another, he wants to be known as the top of his industry."
3465,851,10,25,138,173,1.260115606936416,0.042320923297170694,634,"We'll never have to cook again! He said that as we each bought a hot dog tonight, if we persuade two friends to buy tomorrow, he'd give us more hot dogs if their friends persuaded others to buy..."
2981,851,11,23,139,173,1.260115606936416,0.043107700980807295,634,These have a TON of preservatives!
2754,851,11,23,139,173,1.260115606936416,0.043107700980807295,634,"He says the hours are better, and so is the money, but he misses the Oracle gig."
1553,851,7,31,135,173,1.260115606936416,0.03986753746280222,634,I thought more conspiracy theorists would've shown up by now.
279,851,7,31,135,173,1.260115606936416,0.03986753746280222,634,"Is a hot dog a sandwich?"" really is a debate as old as time"
60,851,7,31,135,173,1.260115606936416,0.03986753746280222,634,Foursquare said it's the only hotdog in town favored by the Sun God.
1657,851,8,29,136,173,1.260115606936416,0.04070176751043654,634,Dave thinks he's invented a new type of pyramid scheme.
2594,858,6,32,132,170,1.2588235294117647,0.039405504175705416,634,He's trying to re-arrange the food pyramid.
2700,858,12,20,138,170,1.2588235294117647,0.044390039704726596,634,Hot dogs are DEFINITELY at the top of the food pyramid.
2809,858,7,30,133,170,1.2588235294117647,0.04027911870455727,634,Are they good?  Just like Mummy used to make?
2928,858,7,30,133,170,1.2588235294117647,0.04027911870455727,634,"I said brown mustard"""
4644,858,7,30,133,170,1.2588235294117647,0.04027911870455727,634,This food pyramid thing is getting out of hand.
2997,858,9,26,135,170,1.2588235294117647,0.04197183212780174,634,We pride ourselves on transparency. It’s a pyramid scheme.
3175,858,8,28,134,170,1.2588235294117647,0.04113418344746973,634,Mustard?......You didn’t say anything about mustard!
3206,858,8,28,134,170,1.2588235294117647,0.04113418344746973,634,He didn't have Hebrew National or Nathans?
3211,858,9,26,135,170,1.2588235294117647,0.04197183212780174,634,Where'd the eyeball go?
3215,858,7,30,133,170,1.2588235294117647,0.04027911870455727,634,.. and we only need to recruit twenty hot dog product champions  to advance to the next level.
3391,858,10,24,136,170,1.2588235294117647,0.04279308748429644,634,This is absolutely not as good as seeing the real thing.
3539,858,5,34,131,170,1.2588235294117647,0.03851207752208727,634,Location is everything.
3563,858,10,24,136,170,1.2588235294117647,0.04279308748429644,634,I slept with your brother
3565,858,8,28,134,170,1.2588235294117647,0.04113418344746973,634,"Ironically, he is serving Hebrew Nationals."
3654,858,7,30,133,170,1.2588235294117647,0.04027911870455727,634,Told you it wasn’t a mirage.
3678,858,13,18,139,170,1.2588235294117647,0.0451673473790689,634,"Seriously, a Hebrew National?"
3942,858,9,26,135,170,1.2588235294117647,0.04197183212780174,634,Playing the piano gives him something to do between hot dog sales.
4336,858,5,34,131,170,1.2588235294117647,0.03851207752208727,634,Can we find our seats now? It’s already the 5th inning.
4415,858,8,28,134,170,1.2588235294117647,0.04113418344746973,634,He's the 20th generation in the family business
4507,858,6,32,132,170,1.2588235294117647,0.039405504175705416,634,"They’re not kosher, are they."
4562,858,7,30,133,170,1.2588235294117647,0.04027911870455727,634,And you're sure they're kosher?
2587,858,9,26,135,170,1.2588235294117647,0.04197183212780174,634,It's a profound misunderstanding of a pyramid scheme.
3546,858,10,24,136,170,1.2588235294117647,0.04279308748429644,634,You sure you wanna eat that? It looks like a pyramid scheme to me.
2472,858,8,28,134,170,1.2588235294117647,0.04113418344746973,634,Can you ask him if they're kosher?
2943,858,10,24,136,170,1.2588235294117647,0.04279308748429644,634,"They're health food hot dogs 
because the pyramid takes away the risk of bladder cancer."
2306,858,10,24,136,170,1.2588235294117647,0.04279308748429644,634,Hot dog on a farro roll.
2466,858,5,34,131,170,1.2588235294117647,0.03851207752208727,634,He's convinced that hot dogs should be at the top of the food pyramid.
0,858,7,30,133,170,1.2588235294117647,0.04027911870455727,634,You go first....
7,858,7,30,133,170,1.2588235294117647,0.04027911870455727,634,Is it kosher?
33,858,9,26,135,170,1.2588235294117647,0.04197183212780174,634,I always suspected those pushcart licenses were a pyramid scheme.
105,858,7,30,133,170,1.2588235294117647,0.04027911870455727,634,"Once upon a time, in a kingdom pharaoh-way"
288,858,9,26,135,170,1.2588235294117647,0.04197183212780174,634,He offered to make us partners but it looked like a pyramid scheme.
457,858,6,32,132,170,1.2588235294117647,0.039405504175705416,634,I suppose you're going to tell me they're out of wraps.
501,858,6,32,132,170,1.2588235294117647,0.039405504175705416,634,He’s elevated the hot dog to an art form.
535,858,7,30,133,170,1.2588235294117647,0.04027911870455727,634,Michelin gave it two stars!
548,858,8,28,134,170,1.2588235294117647,0.04113418344746973,634,I still can't see how this pyramid scheme of his works.
612,858,7,30,133,170,1.2588235294117647,0.04027911870455727,634,It's pointless.
271,858,8,28,134,170,1.2588235294117647,0.04113418344746973,634,Some say his hot dogs are too high.
1058,858,3,38,129,170,1.2588235294117647,0.03665996217290334,634,I’m his first customer this decade.
1241,858,8,28,134,170,1.2588235294117647,0.04113418344746973,634,I said no onions!
1324,858,7,30,133,170,1.2588235294117647,0.04027911870455727,634,They call 'em hot sphynxes here
1356,858,10,24,136,170,1.2588235294117647,0.04279308748429644,634,Must be some kind of pyramid scheme
1713,858,7,30,133,170,1.2588235294117647,0.04027911870455727,634,"Well, it's not THE food pyramid."
1011,858,9,26,135,170,1.2588235294117647,0.04197183212780174,634,It's a mummy finger. He has 8 more if we like 'em.
1850,858,8,28,134,170,1.2588235294117647,0.04113418344746973,634,"Apparently, it was built to honor the god of processed meat."
1921,858,6,32,132,170,1.2588235294117647,0.039405504175705416,634,"You wouldn’t mind getting me a napkin, would you?"
2012,858,5,34,131,170,1.2588235294117647,0.03851207752208727,634,The Height of Indigestion
2132,858,7,30,133,170,1.2588235294117647,0.04027911870455727,634,He said it's fit for a king.
2285,858,7,30,133,170,1.2588235294117647,0.04027911870455727,634,I don’t know what’s in them. He just kept mumbling ‘E pluribus unum’.
2693,907,6,33,135,174,1.2586206896551724,0.03881939401024628,634,"No, No, his are only healthier 'cuz you have to climb 1,000 feet!"
778,907,7,31,136,174,1.2586206896551724,0.039665931469940595,634,I said I wanted mustard .
181,909,4,35,128,167,1.2574850299401197,0.037951354477917726,634,Could you grab me a napkin?
470,909,6,31,130,167,1.2574850299401197,0.0398069722598191,634,"I said no relish, Donald."
2362,909,8,27,132,167,1.2574850299401197,0.04157986020033555,634,So where’s the eye?
3092,909,5,33,129,167,1.2574850299401197,0.0388902323675404,634,I hate to ask but could you put some mustard on that?
3108,909,9,25,133,167,1.2574850299401197,0.04243853957397885,634,where's my diet coke?
3083,914,9,25,134,168,1.255952380952381,0.042213005401537225,634,Really!?  I expected a little more variety at a food pyramid.
4410,914,8,27,133,168,1.255952380952381,0.04136002690521971,634,Apparently he’s part of some pyramid scheme
4224,914,10,23,135,168,1.255952380952381,0.043049086220963186,634,Kosher? ...no they’e Pagan.
3892,914,5,33,130,168,1.255952380952381,0.03868841980892167,634,Well of course it’s the top dog.
3817,914,10,23,135,168,1.255952380952381,0.043049086220963186,634,"It may be a great pyramid, but it's a lousy hot dog."
3571,914,9,25,134,168,1.255952380952381,0.042213005401537225,634,Turns out they‘re way up the food pyramid now.
2902,914,6,31,131,168,1.255952380952381,0.039598987698438386,634,There's a really good bar near the Sphinx.
170,914,7,29,132,168,1.255952380952381,0.040489082802291125,634,"If you think that's hard,,wait til you see him try to get down"
2206,914,10,23,135,168,1.255952380952381,0.043049086220963186,634,Did you realize that Bernie Madoff is out of prison?
2054,914,5,33,130,168,1.255952380952381,0.03868841980892167,634,"Wow, I've never heard of a hot dog pyramid scheme."
1577,914,9,25,134,168,1.255952380952381,0.042213005401537225,634,Free?  Is this one of those pyramid scheme?
720,914,9,25,134,168,1.255952380952381,0.042213005401537225,634,"If you want mustard, it’s up there..."
606,914,7,29,132,168,1.255952380952381,0.040489082802291125,634,"I've heard the expression ""top dog"", but this is ridiculous!"
326,914,7,29,132,168,1.255952380952381,0.040489082802291125,634,So this is the Great Pyramid of Geezer.
2720,914,8,27,133,168,1.255952380952381,0.04136002690521971,634,It's a one-man pyramid scheme.
2965,929,6,31,132,169,1.2544378698224852,0.039393101083701705,634,"Right, we no longer advertise,""Get A Square Meal Here."""
2979,929,8,27,134,169,1.2544378698224852,0.04114244972361408,634,Stairs on the other side.
3005,929,8,27,134,169,1.2544378698224852,0.04114244972361408,634,Did you bring a napkin for me?
3358,929,9,25,135,169,1.2544378698224852,0.041989802897784576,634,Wieners are at top of the food pyramid under new FDA director!
3401,929,11,21,137,169,1.2544378698224852,0.04363517278141763,634,I gave him a twenty dollar bill and he only gave me change for a ten. I can't believe Egypt me like that.
3420,929,5,33,131,169,1.2544378698224852,0.03848862214805896,634,"This isn't one of your silly pyramid schemes again, is it?"
3442,929,10,23,136,169,1.2544378698224852,0.04282039146866226,634,He’s taking hot dogs to the next level
3487,929,9,25,135,169,1.2544378698224852,0.041989802897784576,634,The USDA finally gets the food pyramid right.
4053,929,8,27,134,169,1.2544378698224852,0.04114244972361408,634,"They’re overpriced but if you find 20 other people in this desert, and they each find 20 other people to buy some, you’ll get a lifetime supply!"
3706,929,9,25,135,169,1.2544378698224852,0.041989802897784576,634,"No, thanks. I try to avoid eating from the top of the food pyramid."
4068,929,8,27,134,169,1.2544378698224852,0.04114244972361408,634,"Frankly, this apex diet leaves me wanting more."
4082,929,6,31,132,169,1.2544378698224852,0.039393101083701705,634,"That was the moment Fred realized,she is not the one."
4347,929,5,33,131,169,1.2544378698224852,0.03848862214805896,634,He said his usual spot at the Sphinx was taken....
4479,929,8,27,134,169,1.2544378698224852,0.04114244972361408,634,Did I say ketchup?? I hate ketchup … I meant mustard.”
4498,929,10,23,136,169,1.2544378698224852,0.04282039146866226,634,Apparently this is the go to place for take out among alien abductees.
2941,929,9,25,135,169,1.2544378698224852,0.041989802897784576,634,Hasn't he heard that the pyramid business model is unsustainable?
3697,929,7,29,133,169,1.2544378698224852,0.040277273879018013,634,The real mystery is how he got up there.
2818,929,10,23,136,169,1.2544378698224852,0.04282039146866226,634,"You want to invest in his cart?? How do you know it's not some kind of pyramid scheme???"""
3497,929,7,29,133,169,1.2544378698224852,0.040277273879018013,634,"Well, they are from the top of the food pyramid."
2336,929,8,27,134,169,1.2544378698224852,0.04114244972361408,634,"Sorry, he was out of relish"
13,929,8,27,134,169,1.2544378698224852,0.04114244972361408,634,"He was right,these hot dogs are remarkably well preserved."
25,929,9,25,135,169,1.2544378698224852,0.041989802897784576,634,Are these Hebrew National?
342,929,10,23,136,169,1.2544378698224852,0.04282039146866226,634,Great. Now can you wrap it in linen?
369,929,4,35,130,169,1.2544378698224852,0.03756237022235643,634,"That will be $1 for the hot dog, ma'am, and $10 for the delivery service."
474,929,9,25,135,169,1.2544378698224852,0.041989802897784576,634,What kind of place doesn't have mustard?
541,929,9,25,135,169,1.2544378698224852,0.041989802897784576,634,"The math checks out, if we keep this up, we will never gain weight!"
795,929,3,37,129,169,1.2544378698224852,0.03661269286172056,634,Only one.  The USDA says eat from the top of the food pyramid only sparingly.
931,929,8,27,134,169,1.2544378698224852,0.04114244972361408,634,I always said that hot dogs were at the top of the food pyramid.
2726,929,6,31,132,169,1.2544378698224852,0.039393101083701705,634,Twenty bucks a piece?! Don't you know a pyramid scheme when you see one?
1616,929,6,31,132,169,1.2544378698224852,0.039393101083701705,634,"Don't get mad at me, but I really didn't want mustard on it"
1777,929,6,31,132,169,1.2544378698224852,0.039393101083701705,634,"As an independent distributor, you can earn enough to quit your job!"
1790,929,8,27,134,169,1.2544378698224852,0.04114244972361408,634,Would you mind going back up for a little mustard?
1881,929,11,21,137,169,1.2544378698224852,0.04363517278141763,634,He made me one with everything
1956,929,8,27,134,169,1.2544378698224852,0.04114244972361408,634,Do you relish the thought of going back up there to get some ketchup?
2005,929,8,27,134,169,1.2544378698224852,0.04114244972361408,634,They say that Brendan Fraser's buried here.
2166,929,7,29,133,169,1.2544378698224852,0.040277273879018013,634,"I'm not buying that hot dog, Walter! This is obviously a pryamid scheme."
2186,929,7,29,133,169,1.2544378698224852,0.040277273879018013,634,"It's a hot dog stand, not a pyramid scheme. Now just enroll 150 other people to buy hot dogs, and you'll be rich."
1408,929,11,21,137,169,1.2544378698224852,0.04363517278141763,634,Eight dollars?  'Egypt you.
4571,967,7,27,128,162,1.2530864197530864,0.041362917122645615,634,"I wish he would just come down here, paint ""Top Dog"" on the side of his cart, and stop being so literal about everything."
2641,967,7,27,128,162,1.2530864197530864,0.041362917122645615,634,"I should have gone with you.
We could have had lunch in the shade."
2528,967,6,29,127,162,1.2530864197530864,0.040425359327943194,634,This is clearly a pyramid scheme.
2316,967,8,25,129,162,1.2530864197530864,0.042279689556527916,634,Try this; it’s amazing. You know it answers to a higher authority.
1968,967,7,27,128,162,1.2530864197530864,0.041362917122645615,634,"Wait, why is the wrapper papyrus?"""
2199,967,6,29,127,162,1.2530864197530864,0.040425359327943194,634,It takes a while to satisfy a girl with your wiener
2126,967,7,27,128,162,1.2530864197530864,0.041362917122645615,634,Did you remember to get mustard?
2058,967,8,25,129,162,1.2530864197530864,0.042279689556527916,634,Who knew that the hotdog was at the top of the food pyramid.
2829,967,9,23,130,162,1.2530864197530864,0.04317700064962713,634,A Tut-Dog?
2255,967,6,29,127,162,1.2530864197530864,0.040425359327943194,634,The Louvre has better food.
2854,967,5,31,126,162,1.2530864197530864,0.03946553484613882,634,He said you get drinks at the Sphinx
3794,967,8,25,129,162,1.2530864197530864,0.042279689556527916,634,"But, Honey, where is the mustard?"
3095,967,7,27,128,162,1.2530864197530864,0.041362917122645615,634,I don’t care if he does call it a haute dog.
3098,967,9,23,130,162,1.2530864197530864,0.04317700064962713,634,"No, I didn’t ask what’s in them.  Why?"
3458,967,9,23,130,162,1.2530864197530864,0.04317700064962713,634,"So that's what Rick Steves meant by the hot dogs being ""over the top""."
4041,967,8,25,129,162,1.2530864197530864,0.042279689556527916,634,Top dog is always best.
4078,967,6,29,127,162,1.2530864197530864,0.040425359327943194,634,"Whatever happened to “location, location, location”?"
4167,967,10,21,131,162,1.2530864197530864,0.044056039554179485,634,"Actually, I wanted his umbrella."
4221,967,8,25,129,162,1.2530864197530864,0.042279689556527916,634,He's taking hot dogs to a whole new level.
1915,967,4,33,125,162,1.2530864197530864,0.038481777565365555,634,"After your seven friends buy hotdogs, they each find seven friends to buy hotdogs."
4414,967,7,27,128,162,1.2530864197530864,0.041362917122645615,634,Something tells me those aren’t kosher.
4519,967,6,29,127,162,1.2530864197530864,0.040425359327943194,634,I would be more impressed if there wasn't an escalator in the back.
2961,967,7,27,128,162,1.2530864197530864,0.041362917122645615,634,Thanks. I'm vegetarian. Would you go back up and see if they have tofu-dogs?
4261,967,6,29,127,162,1.2530864197530864,0.040425359327943194,634,"Some say grilled, others say boiled in beer, but if you ask me honey nothing beats a hot dog cooked with potential energy."
1765,967,5,31,126,162,1.2530864197530864,0.03946553484613882,634,This doesn't mean hotdogs are actually part of the food pyramid.
1708,967,8,25,129,162,1.2530864197530864,0.042279689556527916,634,I think his entire operation is a pyramid scheme.
55,967,8,25,129,162,1.2530864197530864,0.042279689556527916,634,And now Hot Dog is back at the top of the food pyramid.
1721,967,7,27,128,162,1.2530864197530864,0.041362917122645615,634,I think hot dogs should be a wonder of the world. Cuz you always wonder what they are made of.
262,967,10,21,131,162,1.2530864197530864,0.044056039554179485,634,He wants me to open a franchise from home. I think it’s some type of scheme.
270,967,5,31,126,162,1.2530864197530864,0.03946553484613882,634,Where's the mustard?
275,967,5,31,126,162,1.2530864197530864,0.03946553484613882,634,But is it kosher?
291,967,6,29,127,162,1.2530864197530864,0.040425359327943194,634,"Actually, I wanted mustard."
314,967,6,29,127,162,1.2530864197530864,0.040425359327943194,634,"No ketchup though, he says it would be sacrilegious."
361,967,9,23,130,162,1.2530864197530864,0.04317700064962713,634,But hot dogs are at the top of the food pyramid honey
461,967,5,31,126,162,1.2530864197530864,0.03946553484613882,634,You were supposed to get three people to help you.  Then they would each get three people to help.
580,967,8,25,129,162,1.2530864197530864,0.042279689556527916,634,"What?  I said no relish!  Now, get back up there."
712,967,10,21,131,162,1.2530864197530864,0.044056039554179485,634,I understand he makes perfectly preserved hot dogs..
84,967,7,27,128,162,1.2530864197530864,0.041362917122645615,634,I said WITH mustard.
830,967,9,23,130,162,1.2530864197530864,0.04317700064962713,634,"its a pyramid scheme, he has a hundred carts, all making money, and we just got in on the bottom"
761,967,5,31,126,162,1.2530864197530864,0.03946553484613882,634,I think you and I have different definitions of the food pyramid.
1624,967,3,35,124,162,1.2530864197530864,0.03747220261058517,634,"What, now you want mustard!"
1464,967,6,29,127,162,1.2530864197530864,0.040425359327943194,634,"Yes, I know there is nothing around for miles, but is it gluten-free?"
1193,967,8,25,129,162,1.2530864197530864,0.042279689556527916,634,It tastes like it was injected with a preservative and wrapped in gauze.
1500,967,9,23,130,162,1.2530864197530864,0.04317700064962713,634,Who would've guessed that selling hotdogs was a pyramid scheme?
1107,967,9,23,130,162,1.2530864197530864,0.04317700064962713,634,There's an elevator on the other side?
1038,967,6,29,127,162,1.2530864197530864,0.040425359327943194,634,Thanks. I'm delighted you were inclined.
987,967,7,27,128,162,1.2530864197530864,0.041362917122645615,634,And now you recruit two venders. It's guaranteed!
867,967,6,29,127,162,1.2530864197530864,0.040425359327943194,634,"That's for you, but this one's Mayan!"
1167,967,5,31,126,162,1.2530864197530864,0.03946553484613882,634,"On second thought, I might go inside and check out the food court."
3468,1016,7,27,129,163,1.2515337423312884,0.04113768580672014,634,"No, ma’am, it’s not that type of pyramid scheme."
4526,1016,6,29,128,163,1.2515337423312884,0.04020657696812169,634,He says that he thinks hotdogs should be at the top of the food pyramid.
4429,1016,9,23,131,163,1.2515337423312884,0.042939374909403194,634,"Oh, and I'd love onions on mine also."
3962,1016,9,23,131,163,1.2515337423312884,0.042939374909403194,634,"Thanks, but this isn't one of those pyramid schemes, is it?"
3925,1016,11,19,133,163,1.2515337423312884,0.04466845242101125,634,"We came here because he claims to have the world's best mustard, Gary. Does that hot dog have mustard on it? Go back up there and get me some."
3704,1016,5,31,127,163,1.2515337423312884,0.03925338799969453,634,I’d rather not get involved. It sounds like a pirimid scheme.
3210,1016,6,29,128,163,1.2515337423312884,0.04020657696812169,634,Here’s your hotdog slider!
1540,1016,7,27,129,163,1.2515337423312884,0.04113768580672014,634,I asked for no onions.
2018,1016,6,29,128,163,1.2515337423312884,0.04020657696812169,634,And you laughed when I said these hotdogs were the pinnacle of my culinary experience!
1873,1016,5,31,127,163,1.2515337423312884,0.03925338799969453,634,But you forgot the mustard.
1736,1016,7,27,129,163,1.2515337423312884,0.04113768580672014,634,It's called 'Just the Tip' hotdogs.
1535,1016,8,25,130,163,1.2515337423312884,0.04204818135866704,634,You're kidding - all he has are camel dogs?
870,1016,6,29,128,163,1.2515337423312884,0.04020657696812169,634,Ooh - did aliens make the hot dogs too?
579,1016,10,21,132,163,1.2515337423312884,0.04381244434688865,634,I hate it when Nathan gets into one of his moods.
2827,1016,8,25,130,163,1.2515337423312884,0.04204818135866704,634,I meant to ask for ketchup - can you go back and grab me a packet?
2635,1031,8,26,133,167,1.251497005988024,0.041366321584708224,634,Mummifried?
2840,1031,6,30,131,167,1.251497005988024,0.03958387080193215,634,You Forgot My Drink !
3876,1031,7,28,132,167,1.251497005988024,0.040484906997012814,634,I didn't know hot dogs were on the USDA's food pyramid.
1689,1031,5,32,130,167,1.251497005988024,0.0386618411456482,634,I can’t believe he didn’t have onions !!
560,1031,8,26,133,167,1.251497005988024,0.041366321584708224,634,I wanted ketchup AND mustard....
1349,1031,9,24,134,167,1.251497005988024,0.04222934321466791,634,"Oh, this really brings me back."
92,1031,6,30,131,167,1.251497005988024,0.03958387080193215,634,I asked for ketchup AND mustard.
1611,1031,6,30,131,167,1.251497005988024,0.03958387080193215,634,Condiments are up top
4555,1039,6,28,126,160,1.25,0.04063180276860005,634,You forgot my soda.
4509,1039,7,26,127,160,1.25,0.041587976007827945,634,Is this the Kosher pyramid?
4317,1039,8,24,128,160,1.25,0.04252265396972455,634,Please tell me this isn't tofu.
4219,1039,4,32,124,160,1.25,0.038648553554096944,634,Could you get me some relish with that?
2710,1039,5,30,125,160,1.25,0.03965257928590721,634,Is more mustard a big ask?
4401,1039,8,24,128,160,1.25,0.04252265396972455,634,"If it's not too much trouble, could you ask him to put a little more mustard on mine?"
1289,1039,7,26,127,160,1.25,0.041587976007827945,634,You’ll have to talk to the man upstairs if you want to know what’s in them.
1015,1039,9,22,129,160,1.25,0.04343722427630694,634,"That's weird, it was hot when he gave it to me..."
958,1039,8,24,128,160,1.25,0.04252265396972455,634,You call that “hot”?
384,1039,6,28,126,160,1.25,0.04063180276860005,634,You know I didn't relish the trip up there.
1926,1039,6,28,126,160,1.25,0.04063180276860005,634,I wish for once we could find a hotdog vendor who isn't high.
3529,1050,9,21,127,157,1.2484076433121019,0.04395152979929169,634,Do you think the pharaohs would have preferred it Chicago style?
2611,1050,8,23,126,157,1.2484076433121019,0.04301252903945452,634,And my drink?
2746,1050,9,21,127,157,1.2484076433121019,0.04395152979929169,634,"Tut,tut,tut,you forgot the mustard."
2841,1050,8,23,126,157,1.2484076433121019,0.04301252903945452,634,I heard they have great wraps!
2857,1050,8,23,126,157,1.2484076433121019,0.04301252903945452,634,The Nomads nearly cleaned him out. These were his last two.
3023,1050,7,25,125,157,1.2484076433121019,0.04205256635500158,634,"""He's getting ready for global warming."""
3043,1050,4,31,122,157,1.2484076433121019,0.03903127444828684,634,"TWO hotdogs?! Tut, tut."
3229,1050,3,33,121,157,1.2484076433121019,0.03797079229788842,634,"Nope.  Just hot dogs.  He used to make wraps, but his mummy made him stop."
3444,1050,5,29,123,157,1.2484076433121019,0.040063695565756244,634,"I don't care how aged it is, its not Nathans"
3673,1050,7,25,125,157,1.2484076433121019,0.04205256635500158,634,"It's not your marketing strategy. I just think ""Tut's Massive Sausage"" is a bit over the top for the actual product."
4408,1050,6,27,124,157,1.2484076433121019,0.04107017189778616,634,If you want ketchup you’ll have to get it yourself
4056,1050,5,29,123,157,1.2484076433121019,0.040063695565756244,634,"It's like a Dodger Dog, but less expensive."
4057,1050,1,37,119,157,1.2484076433121019,0.03575559303204421,634,That hot dog isn't all beef. You've been E-gypped.
4067,1050,6,27,124,157,1.2484076433121019,0.04107017189778616,634,Could you grab some napkins?
4270,1050,6,27,124,157,1.2484076433121019,0.04107017189778616,634,Is it local?
4318,1050,9,21,127,157,1.2484076433121019,0.04395152979929169,634,They also serve sliders
2513,1050,5,29,123,157,1.2484076433121019,0.040063695565756244,634,And the net calories are zero.
4474,1050,5,29,123,157,1.2484076433121019,0.040063695565756244,634,This doesn't mean we're back together.
4557,1050,4,31,122,157,1.2484076433121019,0.03903127444828684,634,So I just have to enroll five more distributors and I get my own cart?
4645,1050,8,23,126,157,1.2484076433121019,0.04301252903945452,634,I guess that’s one way to keep an eye on the competition.
3854,1050,3,33,121,157,1.2484076433121019,0.03797079229788842,634,So glad Barry finally climbed Nathan's corporate pyramid
2493,1050,6,27,124,157,1.2484076433121019,0.04107017189778616,634,$5.00?  E-qypt us.
3840,1050,10,19,128,157,1.2484076433121019,0.044870884647242384,634,The new food pyramid leaves much to the imagination.
2471,1050,7,25,125,157,1.2484076433121019,0.04205256635500158,634,What do you expect for slave wages?
187,1050,8,23,126,157,1.2484076433121019,0.04301252903945452,634,You didn’t get any mustard?
524,1050,6,27,124,157,1.2484076433121019,0.04107017189778616,634,What do you mean they didn’t have Hebrew Nationals?
619,1050,7,25,125,157,1.2484076433121019,0.04205256635500158,634,I didn't want mustard.
679,1050,8,23,126,157,1.2484076433121019,0.04301252903945452,634,But I didn’t  want mustard.......
779,1050,8,23,126,157,1.2484076433121019,0.04301252903945452,634,"Sorry, they didn't have kosher."
797,1050,5,29,123,157,1.2484076433121019,0.040063695565756244,634,That is one way to get your steps in.
825,1050,5,29,123,157,1.2484076433121019,0.040063695565756244,634,Can you go back and ask for a little more ketchup?
850,1050,7,25,125,157,1.2484076433121019,0.04205256635500158,634,Where are the onions?
1018,1050,8,23,126,157,1.2484076433121019,0.04301252903945452,634,Toot uncommon?
2475,1050,9,21,127,157,1.2484076433121019,0.04395152979929169,634,Welcome to the Great Pyramid of Geezer
1093,1050,2,35,120,157,1.2484076433121019,0.036879828502872344,634,But I asked for mustard and onions!
1384,1050,3,33,121,157,1.2484076433121019,0.03797079229788842,634,I wanted a wrap.
1428,1050,4,31,122,157,1.2484076433121019,0.03903127444828684,634,You say this was recommended by Ziggurat's Guide?
1542,1050,9,21,127,157,1.2484076433121019,0.04395152979929169,634,The hot dog was reasonable but I had to join some sort of pyramid scheme...
1609,1050,9,21,127,157,1.2484076433121019,0.04395152979929169,634,How come you don't deliver ?
1610,1050,3,33,121,157,1.2484076433121019,0.03797079229788842,634,They say these are fit for a Pharoe
1885,1050,7,25,125,157,1.2484076433121019,0.04205256635500158,634,This has the smell of a pyramid scheme.
2113,1050,9,21,127,157,1.2484076433121019,0.04395152979929169,634,Welcome to the Ancient Pyramid at Ponzi Timeshare Resort
2413,1050,7,25,125,157,1.2484076433121019,0.04205256635500158,634,He lost his Taco business in a Pyramid Scheme.
2431,1050,6,27,124,157,1.2484076433121019,0.04107017189778616,634,Not exactly what I was picturing when you said you got roped into a pyramid scheme
2468,1050,10,19,128,157,1.2484076433121019,0.044870884647242384,634,"You are correct that is not a pyramid because of the flat top, but a prism has parallelogram sides, whereas these sides are clearly trapezoidal."
1245,1050,7,25,125,157,1.2484076433121019,0.04205256635500158,634,You call this ambience?
2284,1096,9,21,128,158,1.2468354430379747,0.04370075993240433,634,Hot dogs are an important part of the food pyramid
3617,1096,8,23,127,158,1.2468354430379747,0.04276833833089834,634,"So, I sell two a day, and you promise me I will be on top in a year?"
2567,1096,10,19,129,158,1.2468354430379747,0.04461369827477973,634,"Here is your hotdog, bitch."
2224,1096,6,27,125,158,1.2468354430379747,0.04083967988879557,634,"$2.00 for the hot dog, but $10.00 for delivery - that's a bit steep."
4542,1096,7,25,126,158,1.2468354430379747,0.041815130138536466,634,Facebook said it’s the best hotdog joint in Cairo.
1225,1096,7,25,126,158,1.2468354430379747,0.041815130138536466,634,I Got the king Tut with extra sand
322,1096,7,25,126,158,1.2468354430379747,0.041815130138536466,634,"Somehow, this doesn't seem kosher."
1527,1096,7,25,126,158,1.2468354430379747,0.041815130138536466,634,You forgot mustard.
1012,1096,4,31,123,158,1.2468354430379747,0.03881530810456615,634,"What do you mean, you think this is a pyramid scheme?"
2501,1105,6,26,123,155,1.2451612903225806,0.04128429993780832,634,"Abraham Froman
""The Sausage King Of Cairo"""
2632,1105,8,22,125,155,1.2451612903225806,0.043266242990091804,634,"The  organs are liquefied, then removed. But no one knows where they go after that."
2694,1105,7,24,124,155,1.2451612903225806,0.04228688451418825,634,This eatery has achieved the apex of the culinary world.
2699,1105,6,26,123,155,1.2451612903225806,0.04128429993780832,634,You won't believe where we have to go to get relish.
3021,1105,7,24,124,155,1.2451612903225806,0.04228688451418825,634,It might help if he put in stairs.
3742,1105,5,28,122,155,1.2451612903225806,0.04025675397735821,634,"I promise you, this is not a pyramid scheme"
3123,1105,3,32,120,155,1.2451612903225806,0.038118655271019174,634,He’s wrong. Hot dogs are not at the top of the food pyramid.
3190,1105,4,30,121,155,1.2451612903225806,0.039202283865001686,634,"Well, if he doesn’t have sauerkraut, we'll just have to try another pyramid."
3266,1105,7,24,124,155,1.2451612903225806,0.04228688451418825,634,Why is the price so steep!?
3267,1105,7,24,124,155,1.2451612903225806,0.04228688451418825,634,mine has the scarabs.
3379,1105,7,24,124,155,1.2451612903225806,0.04228688451418825,634,"He can brand it pharaoh food all he wants, but it's still a hot dog."
3507,1105,6,26,123,155,1.2451612903225806,0.04128429993780832,634,"It's called a ""Sacrificial Mayan"" dog.  You don't want to know what's in it."
3700,1105,7,24,124,155,1.2451612903225806,0.04228688451418825,634,Do you think it’s a scheme?i
3090,1105,5,28,122,155,1.2451612903225806,0.04025675397735821,634,Is this some kind of a joke?
3911,1105,4,30,121,155,1.2451612903225806,0.039202283865001686,634,Their full-service restaurant is on top of the Sphynx's head.
3918,1105,8,22,125,155,1.2451612903225806,0.043266242990091804,634,And one for mummy.
4060,1105,7,24,124,155,1.2451612903225806,0.04228688451418825,634,"Yes, but his prices aren't steep at all."
4074,1105,6,26,123,155,1.2451612903225806,0.04128429993780832,634,He tells me it’s all about location
4083,1105,6,26,123,155,1.2451612903225806,0.04128429993780832,634,Can you believe it? I invested in one hotdog and got two back.
4111,1105,5,28,122,155,1.2451612903225806,0.04025675397735821,634,He said it has something to do with cooking them at the angle of the gravitational pull which gives them that special taste.
4180,1105,7,24,124,155,1.2451612903225806,0.04228688451418825,634,This is definitely not your typical pyramid scheme.
4195,1105,6,26,123,155,1.2451612903225806,0.04128429993780832,634,You forgot to get the relish.
4411,1105,6,26,123,155,1.2451612903225806,0.04128429993780832,634,"Talk about poor planning. The ketchup is at the cube, the mustard is at the cylinder, and just try climbing the sphere for the relish."
4453,1105,7,24,124,155,1.2451612903225806,0.04228688451418825,634,Why would you think it's not kosher?
4648,1105,7,24,124,155,1.2451612903225806,0.04228688451418825,634,He's convinced his business is not a pyramid scheme.
4506,1105,5,28,122,155,1.2451612903225806,0.04025675397735821,634,He's working on a pyramid scheme to sell kosher hotdogs in Egypt
4538,1105,7,24,124,155,1.2451612903225806,0.04228688451418825,634,Where’s Jill?
4546,1105,8,22,125,155,1.2451612903225806,0.043266242990091804,634,I feel like the FDA has just given up with this new food pyramid.
2494,1105,6,26,123,155,1.2451612903225806,0.04128429993780832,634,He inherited the concession from his mummy.
3808,1105,6,26,123,155,1.2451612903225806,0.04128429993780832,634,"Honey, I said I wanted sauerkraut."
2464,1105,6,26,123,155,1.2451612903225806,0.04128429993780832,634,They all work for tips around here.
373,1105,9,20,126,155,1.2451612903225806,0.04422391844962455,634,The mustard is over at the Sphinx.
2314,1105,6,26,123,155,1.2451612903225806,0.04128429993780832,634,"Thanks, did you remember I like extra mustard?"
41,1105,6,26,123,155,1.2451612903225806,0.04128429993780832,634,Do you have anything less Sisyphean?
85,1105,6,26,123,155,1.2451612903225806,0.04128429993780832,634,They say it is lonely at the top.
365,1105,5,28,122,155,1.2451612903225806,0.04025675397735821,634,"He is looking for investors in hot dog franchises, but I don't like his business model."
462,1105,3,32,120,155,1.2451612903225806,0.038118655271019174,634,"It’s called a Bratwurst. I think it’s German. Yeah, I’m also confused why they sell it here."
490,1105,7,24,124,155,1.2451612903225806,0.04228688451418825,634,"So it's a pyramid scheme? 
Yeah, but he's got a great location."
784,1105,5,28,122,155,1.2451612903225806,0.04025675397735821,634,Don't tell me you forgot relish!?
2407,1105,7,24,124,155,1.2451612903225806,0.04228688451418825,634,"I got you a hot dog, but there’s really no point to the stand up there."
1195,1105,7,24,124,155,1.2451612903225806,0.04228688451418825,634,"I'm not sure how he did it, but the hot dogs are delicious!"
1204,1105,7,24,124,155,1.2451612903225806,0.04228688451418825,634,Any chance you saw a drink machine from up there?
1443,1105,7,24,124,155,1.2451612903225806,0.04228688451418825,634,It’s a King Tut dog.
1473,1105,7,24,124,155,1.2451612903225806,0.04228688451418825,634,At least Stonehenge didn't charge extra for relish.
1557,1105,9,20,126,155,1.2451612903225806,0.04422391844962455,634,Not everyone can make it to the the top. But it helps if your father gives you a few hundred million dollars.
1673,1105,8,22,125,155,1.2451612903225806,0.043266242990091804,634,"I don't trust the tomb dweller, it has to be a pyramid scheme."
1680,1105,5,28,122,155,1.2451612903225806,0.04025675397735821,634,So hot dogs are now at the top of the food pyramid?
1140,1105,5,28,122,155,1.2451612903225806,0.04025675397735821,634,"It's Tutan free, right?"""
1822,1105,3,32,120,155,1.2451612903225806,0.038118655271019174,634,Last chance to eat before you enter the waiting area for the Mother Ship.
1710,1105,8,22,125,155,1.2451612903225806,0.043266242990091804,634,Good thing we brought our own.
2312,1105,5,28,122,155,1.2451612903225806,0.04025675397735821,634,Hot dog guy says he's at the peak of his career.
2298,1105,7,24,124,155,1.2451612903225806,0.04228688451418825,634,Everything's smaller up there.
2203,1105,7,24,124,155,1.2451612903225806,0.04228688451418825,634,I didn't just buy hot dogs; I purchased partial ownership in the entire operation. Right now we're sapphire contributors but if we sell a few cases to 12 of our closest friends and if they make five contacts of their own...
2142,1105,4,30,121,155,1.2451612903225806,0.039202283865001686,634,"After this, let's go to the ice cream truck on the Sphinx."
2125,1105,7,24,124,155,1.2451612903225806,0.04228688451418825,634,So these have enough preservatives to last thousands of years?
2148,1105,5,28,122,155,1.2451612903225806,0.04025675397735821,634,So you get 10 friends to climb up to get a hot dog and tell them to get 10 friends to go up and in no time at all we will be on top of the pyramid!
2007,1105,8,22,125,155,1.2451612903225806,0.043266242990091804,634,The hot dog lobby finally got put in charge of the food pyramid.
1969,1105,7,24,124,155,1.2451612903225806,0.04228688451418825,634,Is this mummy meat?
1962,1105,4,30,121,155,1.2451612903225806,0.039202283865001686,634,I'd like the one-cubit dog with kraut please.
1903,1105,8,22,125,155,1.2451612903225806,0.043266242990091804,634,"'Blowing your own horn' with two hot dogs from the guy at the top? I must say, that's a toot uncommon."
1841,1105,9,20,126,155,1.2451612903225806,0.04422391844962455,634,It didn't look like a pyramid scheme.
2051,1105,5,28,122,155,1.2451612903225806,0.04025675397735821,634,"It's not a ""Scheme"" and anyway it's an isosceles trapezoid... Look, do want the hotdog or not?"
3371,1167,6,25,122,153,1.2418300653594772,0.041499814314480576,634,They say they're top dog now.
2697,1167,8,21,124,153,1.2418300653594772,0.04352278957221578,634,"Well, did you at least ask if they had Hebrew National?"
3252,1167,9,19,125,153,1.2418300653594772,0.044499803641733955,634,"Terrible…but so hard to get, I love it."
3269,1167,4,29,120,153,1.2418300653594772,0.039373036003404145,634,I took the elevator.
3323,1167,5,27,121,153,1.2418300653594772,0.04045040514173947,634,Try it! He has 100k followers on Instagram.
3381,1167,6,25,122,153,1.2418300653594772,0.041499814314480576,634,It's okay.  It's vegan.
4273,1167,3,31,119,153,1.2418300653594772,0.03826534531557052,634,"Guilt-free for YOU, maybe!"
4009,1167,6,25,122,153,1.2418300653594772,0.041499814314480576,634,I'm leaving you.
4101,1167,6,25,122,153,1.2418300653594772,0.041499814314480576,634,"He said they're the best hot dogs 20 miles around."""
4119,1167,6,25,122,153,1.2418300653594772,0.041499814314480576,634,Make me one with everything
4148,1167,5,27,121,153,1.2418300653594772,0.04045040514173947,634,Well it was hot
4193,1167,8,21,124,153,1.2418300653594772,0.04352278957221578,634,"Never mind how he made it, how'd he build it?"
2584,1167,5,27,121,153,1.2418300653594772,0.04045040514173947,634,"Apparently, there’s a loophole in his restraining order."
3675,1167,9,19,125,153,1.2418300653594772,0.044499803641733955,634,Asp burgers? Really?
2331,1167,7,23,123,153,1.2418300653594772,0.04252333359629594,634,"Wow, think of all poor Hebrew National slaves."
2826,1167,6,25,122,153,1.2418300653594772,0.041499814314480576,634,He’s top dog around here.
2085,1167,6,25,122,153,1.2418300653594772,0.041499814314480576,634,"I’m not going back. If you want relish, you get it."
61,1167,6,25,122,153,1.2418300653594772,0.041499814314480576,634,I spilled the drinks.
304,1167,8,21,124,153,1.2418300653594772,0.04352278957221578,634,A Hebrew National?  Here?
437,1167,7,23,123,153,1.2418300653594772,0.04252333359629594,634,Was there a long wait?
622,1167,8,21,124,153,1.2418300653594772,0.04352278957221578,634,Climb this hill while holding two hot dogs and you can be confirmed as a Supreme Court Justice.
733,1167,7,23,123,153,1.2418300653594772,0.04252333359629594,634,I didn't want sauerkraut.
873,1167,5,27,121,153,1.2418300653594772,0.04045040514173947,634,Are they made with preservatives?
982,1167,6,25,122,153,1.2418300653594772,0.041499814314480576,634,"Your ""Curse Of The Pharaohs"" hot dog came with everything"
676,1167,5,27,121,153,1.2418300653594772,0.04045040514173947,634,Some business owners frame the first dollar they made. He wants to be ON the dollar.
1351,1167,5,27,121,153,1.2418300653594772,0.04045040514173947,634,Here's your Dog..Ma
1701,1167,5,27,121,153,1.2418300653594772,0.04045040514173947,634,Please tell me you didn't climb a sacred ancient pyramid to buy me this hot dog.
1732,1167,7,23,123,153,1.2418300653594772,0.04252333359629594,634,Don't tell me you forgot the ketchup.
2108,1167,4,29,120,153,1.2418300653594772,0.039373036003404145,634,And the bun is kosher too?
1817,1167,7,23,123,153,1.2418300653594772,0.04252333359629594,634,He didn't want a tip.
1832,1167,5,27,121,153,1.2418300653594772,0.04045040514173947,634,And you tried to convince me he was a lifeguard.
1067,1167,6,25,122,153,1.2418300653594772,0.041499814314480576,634,"No, no! This is the unfinished Trump Tower near Phoenix. He knew how to get to the top but can't figure out how to get to the bottom ."
3232,1199,6,24,120,150,1.24,0.04196515013083304,634,What i want to know is how he got his stuff up there
3439,1199,7,22,121,150,1.24,0.04301812738969854,634,He said he is not going to be taking any more new world orders.
3376,1199,10,16,124,150,1.24,0.046032767241990326,634,"Hey, I said no scarab beetle topping."
3364,1199,8,20,122,150,1.24,0.044045939003832205,634,It's not a pyramid scheme if you like hot dogs.
3337,1199,4,28,118,150,1.24,0.039775657232500955,634,"Being a New Jersey construction project, completion is a relative term"
3280,1199,5,26,119,150,1.24,0.04088506288230924,634,You could say he's reached the pinnacle of his hot dog vending career.
3227,1199,7,22,121,150,1.24,0.04301812738969854,634,HE USED TO BE AN ORGAN GRINDER--NO ONE KNOWS WHAT HAPPENED TO HIS MONKEY
2722,1199,7,22,121,150,1.24,0.04301812738969854,634,There's an escalator on the back side.
3187,1199,6,24,120,150,1.24,0.04196515013083304,634,"So if I recruit more people to sell hot dogs, we all make money?"
3180,1199,9,18,123,150,1.24,0.0450503074500306,634,Of course it's Kosher. Its Hebrew National.
3018,1199,6,24,120,150,1.24,0.04196515013083304,634,"He claims, like most wines, his sauerkraut improves by being allowed to breathe for a bit in an unadulterated atmosphere."
2886,1199,8,20,122,150,1.24,0.044045939003832205,634,He'd get more customers if he had parking.
2832,1199,4,28,118,150,1.24,0.039775657232500955,634,This is not a date.
2742,1199,5,26,119,150,1.24,0.04088506288230924,634,The real purpose of ancient pyramids is discovered.
3490,1199,6,24,120,150,1.24,0.04196515013083304,634,8 bucks apiece? I hope the view was worth it...
3214,1199,6,24,120,150,1.24,0.04196515013083304,634,"I wanted relish, not locusts."
3512,1199,4,28,118,150,1.24,0.039775657232500955,634,This reminds me of home.
3999,1199,9,18,123,150,1.24,0.0450503074500306,634,No
3595,1199,6,24,120,150,1.24,0.04196515013083304,634,He answers to a higher authority!
4647,1199,3,30,117,150,1.24,0.03863440758785399,634,"Oh my, there is sand in the mustard."
4612,1199,4,28,118,150,1.24,0.039775657232500955,634,"For some reason, I just love Egyptian cuisine."
4462,1199,7,22,121,150,1.24,0.04301812738969854,634,This is Pharaoh Oscar Mayer night. Tomorrow night is Pharaoh Chipotle night.
4451,1199,4,28,118,150,1.24,0.039775657232500955,634,"Really, they're called 'Top Dogs'. A rare truth in advertising."
4416,1199,4,28,118,150,1.24,0.039775657232500955,634,"Try one, Mummy."
4339,1199,4,28,118,150,1.24,0.039775657232500955,634,That's what I call a food pyramid!
4206,1199,8,20,122,150,1.24,0.044045939003832205,634,That's not what I meant when I said we should eat more ancient grains like farro
3514,1199,6,24,120,150,1.24,0.04196515013083304,634,Are you sure this isn't a junk food pyramid scheme?
4128,1199,9,18,123,150,1.24,0.0450503074500306,634,"So we get our friends to sell these hot dogs, and they get their friends to see these hot dogs...?"
4106,1199,8,20,122,150,1.24,0.044045939003832205,634,Go back and get the King Tut Special. This dog tastes like it's been guarding the tomb for a gazillion years.
2603,1199,6,24,120,150,1.24,0.04196515013083304,634,"It’s true, a zero calorie hot dog!  300 calories for the dog and bun, -300 getting the damn thing!"
3969,1199,4,28,118,150,1.24,0.039775657232500955,634,"No, no, no—it’s called ‘Geometrically Vertical Marketing.’ Like I said: he gets as many of me - to get as many of you - to get as many of them, to actually sell the hotdogs. You see the difference, right?"
3953,1199,4,28,118,150,1.24,0.039775657232500955,634,"Given the ingredients, I guess they are the eighth wonder."
3919,1199,8,20,122,150,1.24,0.044045939003832205,634,Thanks
3867,1199,8,20,122,150,1.24,0.044045939003832205,634,Well can't you just roll back up and get me some mustard?
3635,1199,6,24,120,150,1.24,0.04196515013083304,634,Trump is starting his revision of the Food Pyramid.
4125,1199,5,26,119,150,1.24,0.04088506288230924,634,He wants to know if you can help him roll down.
2591,1199,9,18,123,150,1.24,0.0450503074500306,634,Ok! So hot dog vendors built the pyramids! But we still don't know HOW!
3367,1199,6,24,120,150,1.24,0.04196515013083304,634,Obviously that guy doesn't buy that 'location-location-location' bit.
2380,1199,8,20,122,150,1.24,0.044045939003832205,634,It's a Hebrew Slave National hot dog on a Wonder of the Ancient World bread bun
1078,1199,3,30,117,150,1.24,0.03863440758785399,634,Shall we go see the Macdonald's now?
943,1199,4,28,118,150,1.24,0.039775657232500955,634,But is it halal?
832,1199,4,28,118,150,1.24,0.039775657232500955,634,"No, I said I wanted the bun made from FARRO."
799,1199,6,24,120,150,1.24,0.04196515013083304,634,"Well I guess you’re gonna have to climb back up, because I asked for relish."
793,1199,3,30,117,150,1.24,0.03863440758785399,634,He said he's tired of the street food label.
780,1199,7,22,121,150,1.24,0.04301812738969854,634,The food pyramid has changed a little
752,1199,5,26,119,150,1.24,0.04088506288230924,634,"It might be a scheme, but it's delicious."
1106,1199,8,20,122,150,1.24,0.044045939003832205,634,He assured me that these answer to a higher power.
547,1199,4,28,118,150,1.24,0.039775657232500955,634,"I know, but he gets 5 stars on Yelp!"
517,1199,5,26,119,150,1.24,0.04088506288230924,634,He was all out of mustard so I got the embalming fluid
515,1199,8,20,122,150,1.24,0.044045939003832205,634,"You won't eat duck lo mein from the Great Wall of China, but you'll eat this?"
488,1199,5,26,119,150,1.24,0.04088506288230924,634,If only King Tut could see this.
354,1199,7,22,121,150,1.24,0.04301812738969854,634,"He added pyramid power to organic, local and sustainable."
243,1199,7,22,121,150,1.24,0.04301812738969854,634,"I thought it was a great business opportunity, but now I'm worried it's some sort of scheme."
239,1199,5,26,119,150,1.24,0.04088506288230924,634,They say protein is at the top of the food pyramid but not everyone gets it.
142,1199,3,30,117,150,1.24,0.03863440758785399,634,Bill and Ted never got the hang of pyramid schemes.
537,1199,5,26,119,150,1.24,0.04088506288230924,634,"Sure it's a pyramid scheme, but the sauerkraut is to die for."
1146,1199,7,22,121,150,1.24,0.04301812738969854,634,That's strange. Egyptians were supposed to favor cool cats.
1104,1199,7,22,121,150,1.24,0.04301812738969854,634,'And normally I hate pyramid selling...'
1186,1199,9,18,123,150,1.24,0.0450503074500306,634,That's the top dog in town.
2350,1199,6,24,120,150,1.24,0.04196515013083304,634,Wow. Gentrification really is an everywhere problem.
2130,1199,6,24,120,150,1.24,0.04196515013083304,634,Good thing we brought hot dogs from home!
2096,1199,8,20,122,150,1.24,0.044045939003832205,634,"I expected more, somehow."
1933,1199,7,22,121,150,1.24,0.04301812738969854,634,Did you ever SEE how they make a camel dog?
1932,1199,5,26,119,150,1.24,0.04088506288230924,634,The reception is better there.
1794,1199,4,28,118,150,1.24,0.039775657232500955,634,"No, I don't want to go back up for mustard."
1178,1199,6,24,120,150,1.24,0.04196515013083304,634,"No not cursed, he said the meat was cured."
1699,1199,6,24,120,150,1.24,0.04196515013083304,634,I always wondered if a hot dog was on top of the food pyramid.
1739,1199,8,20,122,150,1.24,0.044045939003832205,634,Of course it's Kosher.
1507,1199,7,22,121,150,1.24,0.04301812738969854,634,Do You suppose he takes American Express?
1505,1199,4,28,118,150,1.24,0.039775657232500955,634,He says the Masons are having a convention here next week.
1425,1199,9,18,123,150,1.24,0.0450503074500306,634,"Yes, I’ll marry you!"
1411,1199,4,28,118,150,1.24,0.039775657232500955,634,"Trust me, Milton, this place is not kosher."
1372,1199,6,24,120,150,1.24,0.04196515013083304,634,The climb was worth it. They are two for one
1366,1199,7,22,121,150,1.24,0.04301812738969854,634,Could you ask him for mustard?
1546,1199,3,30,117,150,1.24,0.03863440758785399,634,"Is that a Pharoh Dog? 
No, it's a Gyro-Glyphic"
2551,1199,6,24,120,150,1.24,0.04196515013083304,634,Is it fresh?
4524,1275,6,24,121,151,1.2384105960264902,0.04171659800800959,634,"So we just recruit ten of our closest friends to operate hot dog stands, and we’ll be millionaires?"
3949,1275,5,26,120,151,1.2384105960264902,0.0406444870629624,634,I guess you don't get to the top of the food chart by playing it safe.
4477,1275,5,26,120,151,1.2384105960264902,0.0406444870629624,634,"Is it kosher, halal, or tried and true mechanically separated and ground pig, chicken, and cow trimmings?"
4357,1275,5,26,120,151,1.2384105960264902,0.0406444870629624,634,"But there are no toppings? 
 I got the ponzi dogs, they're garnished at the bottom..."
4289,1275,6,24,121,151,1.2384105960264902,0.04171659800800959,634,He said we have to go ask the Sphinx for condiments.
2705,1275,8,20,123,151,1.2384105960264902,0.043782130953883155,634,"Alright, which one do you want? I got the King size or the Pharaoh size."
2254,1275,6,24,121,151,1.2384105960264902,0.04171659800800959,634,Don't tell me you forgot my drink.
1951,1275,7,22,122,151,1.2384105960264902,0.042761837777537365,634,"Thanks, but I thought you were gonna get me the ‘Sacred Temple Meal Deal With King Tut Collector’s Cup’?"
634,1275,7,22,122,151,1.2384105960264902,0.042761837777537365,634,Those fake perspective lines really change the meaning of life.
257,1275,7,22,122,151,1.2384105960264902,0.042761837777537365,634,Sorry - I'll go back for the mustard and onions.
3209,1275,5,26,120,151,1.2384105960264902,0.0406444870629624,634,Is this what they call a pyramid scheme?
4501,1286,5,25,118,148,1.2364864864864864,0.04108463106752489,634,They say these are top dogs.
3890,1286,7,21,120,148,1.2364864864864864,0.043264352955627354,634,I DIDN'T WANT THE RELISH
3827,1286,8,19,121,148,1.2364864864864864,0.044314025996588666,634,He isn’t quite at the peak of his career yet”
3718,1286,6,23,119,148,1.2364864864864864,0.04218857159601243,634,Deli Mustard? Deli Mustard? You know I hate Deli Mustard!
3663,1286,5,25,118,148,1.2364864864864864,0.04108463106752489,634,Could you go back up and see if he has any tofu dogs?
3170,1286,6,23,119,148,1.2364864864864864,0.04218857159601243,634,We can get dessert over at The Sphinx.
3142,1286,4,27,117,148,1.2364864864864864,0.03995019707832988,634,"Well, it was hot when I bought it..."
3024,1286,6,23,119,148,1.2364864864864864,0.04218857159601243,634,The real mystery is how he makes them.
4327,1286,6,23,119,148,1.2364864864864864,0.04218857159601243,634,"Actually, you know what? It's not THAT lonely."
2791,1286,5,25,118,148,1.2364864864864864,0.04108463106752489,634,Are you sure they're fresh?
2418,1286,8,19,121,148,1.2364864864864864,0.044314025996588666,634,No kraut?
1811,1286,8,19,121,148,1.2364864864864864,0.044314025996588666,634,"So let me get this straight.  If we sell a hundred of these, we'll get HOW much money in two weeks?"
1691,1286,3,29,116,148,1.2364864864864864,0.038782593817847745,634,"I know for a fact that his family has been doing business on this very spot going back to his great, great, great, great, great, great, great, great, great, great, great, great, great, great, great, great, great, great, great, great, grandfather."
1202,1286,9,17,122,148,1.2364864864864864,0.045339404091624,634,You’re kidding! He ran out of hummus?
380,1286,2,31,115,148,1.2364864864864864,0.03757872962039733,634,My hotdog business is a front for a pyramid scheme.
318,1286,5,25,118,148,1.2364864864864864,0.04108463106752489,634,I said mustard.
2992,1286,6,23,119,148,1.2364864864864864,0.04218857159601243,634,We got lucky--he says these are the last two before the aliens come.
4089,1303,9,16,120,145,1.2344827586206897,0.04591950426537513,634,You can see the Walmart from up there
684,1303,7,20,118,145,1.2344827586206897,0.04378390104538141,634,"Would you get some kraut on mine, if it's not too much trouble."
2212,1303,6,22,117,145,1.2344827586206897,0.04267604187525741,634,He says his name is Pharaoh.
3776,1306,8,18,120,146,1.2328767123287672,0.04458499749835465,634,I wanted a felafel.
3181,1306,6,22,118,146,1.2328767123287672,0.04241315101886642,634,I read that the inventor of the hotdog is buried here!
3255,1306,6,22,118,146,1.2328767123287672,0.04241315101886642,634,I know its a high-end hot dog
3147,1306,3,28,115,146,1.2328767123287672,0.038928851068076586,634,I'm pretty sure it's not kosher!
3433,1306,5,24,117,146,1.2328767123287672,0.04128440465913986,634,That's very nice but can we just be friends?
3480,1306,6,22,118,146,1.2328767123287672,0.04241315101886642,634,Did you ask for extra mustard?
3826,1306,4,26,116,146,1.2328767123287672,0.0401239175152433,634,"Locally-sourced meat? Sounds great! What do you mean, he winked?"
4297,1306,3,28,115,146,1.2328767123287672,0.038928851068076586,634,"He said they didn't have ice cream in Ancient Egypt, but they did have Anubis and mummification."
3913,1306,6,22,118,146,1.2328767123287672,0.04241315101886642,634,His scheme requires each of us to recruit at least two more hungry participants
4044,1306,5,24,117,146,1.2328767123287672,0.04128440465913986,634,"As a shareholder, I worry that his hot dog empire is basically a pyramid scheme."
4129,1306,4,26,116,146,1.2328767123287672,0.0401239175152433,634,I asked for a hamburger
4237,1306,5,24,117,146,1.2328767123287672,0.04128440465913986,634,"Thanks, hon. Could you grab a couple napkins too?"
4356,1306,3,28,115,146,1.2328767123287672,0.038928851068076586,634,"You know, I should have listened to my mother. You have no sense of history."
4376,1306,6,22,118,146,1.2328767123287672,0.04241315101886642,634,"Here you go, Hon. Next time let’s not use the word “Top” when looking for food on Yelp."
2721,1306,7,20,119,146,1.2328767123287672,0.043512626795434106,634,Trip Advisor says these hot dogs are the 8th wonder!
3888,1306,5,24,117,146,1.2328767123287672,0.04128440465913986,634,I heard they’re selling ice cream out of the Sphinx’s nose.
2575,1306,5,24,117,146,1.2328767123287672,0.04128440465913986,634,By the time you came down I turned vegan.
3389,1306,6,22,118,146,1.2328767123287672,0.04241315101886642,634,But I wanted cheese on my Pharaoh Pfrank.
2434,1306,5,24,117,146,1.2328767123287672,0.04128440465913986,634,You don't just eat this hot dog. You worship it.
475,1306,4,26,116,146,1.2328767123287672,0.0401239175152433,634,Condiments are just across the desert.
649,1306,6,22,118,146,1.2328767123287672,0.04241315101886642,634,Did you know they store the grain for the buns inside the pyramid?
711,1306,9,16,121,146,1.2328767123287672,0.04563217410137119,634,"Oh honey,can you get some onions on it for me?"
973,1306,5,24,117,146,1.2328767123287672,0.04128440465913986,634,The reviews said these hot dogs are out of this world.
1010,1306,6,22,118,146,1.2328767123287672,0.04241315101886642,634,It's not just the prices that are ridiculous.
1089,1306,7,20,119,146,1.2328767123287672,0.043512626795434106,634,I bought these from a Hot Dog vendor set up on a pyramid scheme.
1132,1306,6,22,118,146,1.2328767123287672,0.04241315101886642,634,"Of course they're good, that's how he got to the top."
1601,1306,4,26,116,146,1.2328767123287672,0.0401239175152433,634,This place really elevated the hot dog!
1185,1306,6,22,118,146,1.2328767123287672,0.04241315101886642,634,"No thanks.  I know he's at the top of the food pyramid, but in the end it's still a hot dog."
1728,1306,10,14,122,146,1.2328767123287672,0.04665585305733261,634,"Honey, today we dine like the pharaohs did."
1785,1306,5,24,117,146,1.2328767123287672,0.04128440465913986,634,"You cannot order a hot dog from the most famous vender in all of Tibet without sacrifice.
Tell him to make you one with everything."
2465,1306,6,22,118,146,1.2328767123287672,0.04241315101886642,634,It's a living!
2073,1306,3,28,115,146,1.2328767123287672,0.038928851068076586,634,He said some people also look at the pyramids.
2092,1306,4,26,116,146,1.2328767123287672,0.0401239175152433,634,Can you get me some more mustard?
2277,1306,5,24,117,146,1.2328767123287672,0.04128440465913986,634,He said these hot dogs are the closest to God you'll ever get
2393,1306,6,22,118,146,1.2328767123287672,0.04241315101886642,634,I don't know why you support these guys - everyone knows they run a pyramid scheme.
1697,1306,6,22,118,146,1.2328767123287672,0.04241315101886642,634,"Honey, it’s fine, hot dogs are at the top of “Larry’s Food Pyramid”!"
4220,1342,3,28,116,147,1.2312925170068028,0.03869556407217128,634,Are you sure it's not just a pyramid scheme?
4475,1342,4,26,117,147,1.2312925170068028,0.0398815074812759,634,The chair's comfortable. It's the damn helicopter ride and drop that make me nervous.
4322,1342,4,26,117,147,1.2312925170068028,0.0398815074812759,634,I hear they've got ice ice cream on the head of the Sphinx .
3467,1342,7,20,120,147,1.2312925170068028,0.04324463572890544,634,Ketchup and mustard are available up top.
3738,1342,7,20,120,147,1.2312925170068028,0.04324463572890544,634,They're Hebrew National.  He said they answer to a higher calling.
2153,1342,4,26,117,147,1.2312925170068028,0.0398815074812759,634,That one hit the ground when he rolled it down. I want the other one.
944,1342,5,24,118,147,1.2312925170068028,0.04103318899494187,634,"I hate to ask this, but would you mind going back for some napkins."
94,1342,4,26,117,147,1.2312925170068028,0.0398815074812759,634,What about ketchup?
2196,1342,6,22,119,147,1.2312925170068028,0.042153416933982606,634,Good thing they've finally modernized these tourist attractions!
3121,1351,5,23,115,143,1.2307692307692308,0.041744094870360064,634,Please go back up and get some mustard!
3515,1352,5,22,113,140,1.2285714285714286,0.042218607343789044,634,"Two free hot dogs, must be a pyramid scheme."
3430,1352,3,26,111,140,1.2285714285714286,0.03970970863921596,634,"Sorry, but the sell by date on the mustard was 2589 BC."
3422,1352,4,24,112,140,1.2285714285714286,0.04098336105214201,634,"I wanted onions, not cheese..."
3408,1352,2,28,110,140,1.2285714285714286,0.038393828114589135,634,Why does he call them camel dogs?
3380,1352,5,22,113,140,1.2285714285714286,0.042218607343789044,634,Is this some kind of scheme?
3352,1352,5,22,113,140,1.2285714285714286,0.042218607343789044,634,"It's a good hotdog, but not a top of the pyramid hotdog."
3286,1352,5,22,113,140,1.2285714285714286,0.042218607343789044,634,"I'll admit, these hot dog carts are sort of a pyramid scheme."
3234,1352,5,22,113,140,1.2285714285714286,0.042218607343789044,634,these are the only hot dogs perfectly aligned with the vernal equinox
3153,1352,5,22,113,140,1.2285714285714286,0.042218607343789044,634,"Look, I'm telling you the hotdog vendor has created some sort of pyramid scheme."
2989,1352,2,28,110,140,1.2285714285714286,0.038393828114589135,634,Would you go back up and have him add relish?
3049,1352,5,22,113,140,1.2285714285714286,0.042218607343789044,634,"I said, “ No mustard”.  It’ll take you two minutes, tops. Run!"
2973,1352,1,30,109,140,1.2285714285714286,0.037031218105455385,634,"Not quite Vegas, I know, but at least there's lots of parking."
2834,1352,6,20,114,140,1.2285714285714286,0.04341872555669784,634,So the escalator on the other side is working again?
2819,1352,9,14,117,140,1.2285714285714286,0.046834928181051685,634,"Listen, he recruited me and another guy to sell hotdogs for him. And we're just responsible for each getting two more guys..."
2803,1352,5,22,113,140,1.2285714285714286,0.042218607343789044,634,Selling hotdogs was the original pyramid scheme.
2788,1352,8,16,116,140,1.2285714285714286,0.045724562051543606,634,Seems like a missed opportunity to be selling wraps...
2703,1352,4,24,112,140,1.2285714285714286,0.04098336105214201,634,"Great plan for repeat customers
By time we climb back down. We're hungry again."
2711,1352,3,26,111,140,1.2285714285714286,0.03970970863921596,634,They looked bigger in the picture.
3129,1352,4,24,112,140,1.2285714285714286,0.04098336105214201,634,Could you get onions and pickle relish on mine?
3575,1352,4,24,112,140,1.2285714285714286,0.04098336105214201,634,This is the only place in the world you’ll find hot dogs on a food pyramid.
3997,1352,7,18,115,140,1.2285714285714286,0.04458655236600666,634,"He was very clear that this is multi-level marketing, not a pyramid scheme."
3622,1352,7,18,115,140,1.2285714285714286,0.04458655236600666,634,What do you mean they're all out of Hebrew Nationals?
4600,1352,4,24,112,140,1.2285714285714286,0.04098336105214201,634,It's embarrassing when we only eat from the top of the food pyramid.
4541,1352,8,16,116,140,1.2285714285714286,0.045724562051543606,634,Perfectly symmetrical geometric structures filled with the remnants of things that died thousands of years ago. And pyramids.
4537,1352,7,18,115,140,1.2285714285714286,0.04458655236600666,634,And still only $1.50. Gotta love Costco!
4523,1352,6,20,114,140,1.2285714285714286,0.04341872555669784,634,Junk food? No. He said it was the top of the food pyramid.
4496,1352,4,24,112,140,1.2285714285714286,0.04098336105214201,634,"It’s got mustard, ketchup, onions and relish. But where’s the crucial Fifth Condiment, sauerkraut?"
4412,1352,8,16,116,140,1.2285714285714286,0.045724562051543606,634,"If you want ketchup so bad, you go get it."
4326,1352,5,22,113,140,1.2285714285714286,0.042218607343789044,634,This is not quite the pyramid scheme I had in mind
4295,1352,5,22,113,140,1.2285714285714286,0.042218607343789044,634,There is no way I am going up again just to get more ketchup!
2659,1352,3,26,111,140,1.2285714285714286,0.03970970863921596,634,Mustard!  Why  couldn't you have told me sooner?
3994,1352,6,20,114,140,1.2285714285714286,0.04341872555669784,634,He wanted to know how we got his address.
3965,1352,3,26,111,140,1.2285714285714286,0.03970970863921596,634,"Their spaceships might be weird, but you have to admit they make a great hot dog."
3957,1352,8,16,116,140,1.2285714285714286,0.045724562051543606,634,I can't believe you forgot the mustard Frank...
3834,1352,4,24,112,140,1.2285714285714286,0.04098336105214201,634,"I can see where they came from, but are they Kosher?"
3811,1352,4,24,112,140,1.2285714285714286,0.04098336105214201,634,"I'd love to be an Oscar Mayan weiner, that is what I'd truly love to be-e-e ..."
3786,1352,6,20,114,140,1.2285714285714286,0.04341872555669784,634,"The hot dogs are a front, it's one of those 'pointless' pyramid schemes."
3777,1352,2,28,110,140,1.2285714285714286,0.038393828114589135,634,You forgot the beer.
3764,1352,5,22,113,140,1.2285714285714286,0.042218607343789044,634,"What about “Location, Location, Location?”"
3747,1352,3,26,111,140,1.2285714285714286,0.03970970863921596,634,It wasn't easy.
3735,1352,4,24,112,140,1.2285714285714286,0.04098336105214201,634,"I don’t care if it’s the ‘world’s best’ hotdog, his time-share pitch feels like a pyramid scheme."
3609,1352,5,22,113,140,1.2285714285714286,0.042218607343789044,634,Did you get my change?
2428,1352,4,24,112,140,1.2285714285714286,0.04098336105214201,634,I hope you like hotdogs...
2730,1352,6,20,114,140,1.2285714285714286,0.04341872555669784,634,Wait. Is this some sort of pyramid scheme?
2351,1352,4,24,112,140,1.2285714285714286,0.04098336105214201,634,But it’s still just a hot dog.
736,1352,4,24,112,140,1.2285714285714286,0.04098336105214201,634,"He calls it ""The Path Of The Cronut."" If you don't make it hard to get, the foodies will never worship you."
732,1352,6,20,114,140,1.2285714285714286,0.04341872555669784,634,I call these top dogs
597,1352,4,24,112,140,1.2285714285714286,0.04098336105214201,634,Who knew the secret of the pyramids is spicy brown mustard?
506,1352,3,26,111,140,1.2285714285714286,0.03970970863921596,634,"I'm not ready to call it the Eighth Wonder, but it was good."
499,1352,3,26,111,140,1.2285714285714286,0.03970970863921596,634,"A dollar each is reasonable, but it's still too steep!"
397,1352,6,20,114,140,1.2285714285714286,0.04341872555669784,634,Its called Pyramid Hot Dogs! All you have to do is find two other people who want hot dogs and yours are free.
381,1352,6,20,114,140,1.2285714285714286,0.04341872555669784,634,"Uh, just how old is that hot dog?"
374,1352,7,18,115,140,1.2285714285714286,0.04458655236600666,634,"We may be in Egypt, but it's Kosher."
332,1352,4,24,112,140,1.2285714285714286,0.04098336105214201,634,In Dog We Trust
297,1352,5,22,113,140,1.2285714285714286,0.042218607343789044,634,We like to put local businesses at the top.
220,1352,3,26,111,140,1.2285714285714286,0.03970970863921596,634,"Sure, it's a little hole in the prism, but the food's terrific."
115,1352,6,20,114,140,1.2285714285714286,0.04341872555669784,634,It’s only a negative-calorie food if we both make the hike.
114,1352,5,22,113,140,1.2285714285714286,0.042218607343789044,634,Well you wouldn't exactly call it a multi-level marketing scheme
109,1352,4,24,112,140,1.2285714285714286,0.04098336105214201,634,The food pyramid in our textbooks is way off.
76,1352,4,24,112,140,1.2285714285714286,0.04098336105214201,634,He used to own a food truck.
74,1352,7,18,115,140,1.2285714285714286,0.04458655236600666,634,"In a recent breakthrough, Egyptologists have found that the Dog God Anubis was actually the Hot Dog God."
2421,1352,5,22,113,140,1.2285714285714286,0.042218607343789044,634,I should have ordered the aspurger.
16,1352,7,18,115,140,1.2285714285714286,0.04458655236600666,634,Which one is Mayan?
2,1352,4,24,112,140,1.2285714285714286,0.04098336105214201,634,Didn't we see him on our last vacation selling crepes atop the Eiffel Tower?
737,1352,4,24,112,140,1.2285714285714286,0.04098336105214201,634,We can get our drinks from the sphinx.
821,1352,3,26,111,140,1.2285714285714286,0.03970970863921596,634,Typical Hot dog Pyramid Scheme With Umbrella Insurance
32,1352,6,20,114,140,1.2285714285714286,0.04341872555669784,634,"So, I just get three friends to buy a $90 hotdog and mine is free?"
893,1352,5,22,113,140,1.2285714285714286,0.042218607343789044,634,He either offers you a hot dog or a human sacrifice.
826,1352,5,22,113,140,1.2285714285714286,0.042218607343789044,634,Free? What kind of scheme is this?
2217,1352,3,26,111,140,1.2285714285714286,0.03970970863921596,634,"No, I said 'relish AND mustard."
2192,1352,5,22,113,140,1.2285714285714286,0.042218607343789044,634,Hope this is better than Sphinx Shack.
2117,1352,6,20,114,140,1.2285714285714286,0.04341872555669784,634,"Well, sure, it’s an expensive hot dog, but think what he’s paying in rent!"
2115,1352,4,24,112,140,1.2285714285714286,0.04098336105214201,634,I don't know...wasn't one of the plagues 'livestock?'
2074,1352,6,20,114,140,1.2285714285714286,0.04341872555669784,634,I just don't think a camel dog can be kosher.
2047,1352,2,28,110,140,1.2285714285714286,0.038393828114589135,634,This is one pyramid scheme we can sink our teeth into.
2046,1352,6,20,114,140,1.2285714285714286,0.04341872555669784,634,Trust me. The best hot dog in Egypt.
2003,1352,4,24,112,140,1.2285714285714286,0.04098336105214201,634,I suppose it's not a Kosher dog?
2078,1352,1,30,109,140,1.2285714285714286,0.037031218105455385,634,I told you to stop for directions ! Now we're out in the middle of Giza and you forgot the mustard.
1639,1352,5,22,113,140,1.2285714285714286,0.042218607343789044,634,"I know it’s a scheme, but I’m hungry ."
1596,1352,5,22,113,140,1.2285714285714286,0.042218607343789044,634,"Two for a buck! Don't believe it, it's a pyramid scheme!"
1502,1352,5,22,113,140,1.2285714285714286,0.042218607343789044,634,I'm thought I told you mustard AND onions!
1475,1352,6,20,114,140,1.2285714285714286,0.04341872555669784,634,what's the point?
1386,1352,6,20,114,140,1.2285714285714286,0.04341872555669784,634,You didn't mention there was a delivery charge
1383,1352,6,20,114,140,1.2285714285714286,0.04341872555669784,634,And I don't get to eat it unless I find two more people that want one? Tell me again how this isn't a pyramid scheme?
1255,1352,4,24,112,140,1.2285714285714286,0.04098336105214201,634,He said it's made from preserved meat he found in the basement.
1231,1352,8,16,116,140,1.2285714285714286,0.045724562051543606,634,I distinctly said NO mustard.
1150,1352,8,16,116,140,1.2285714285714286,0.045724562051543606,634,But there's no point to it
1763,1352,4,24,112,140,1.2285714285714286,0.04098336105214201,634,These are so much better than the burgers at the Sphinx.
2910,1440,6,20,115,141,1.2269503546099292,0.04314015978934907,634,He’s taken the hot dog stand to a whole new level
3089,1440,3,26,112,141,1.2269503546099292,0.03946038543741578,634,What makes you so sure Pharaoh's Franks will be the capstone of our vacation?
3344,1440,6,20,115,141,1.2269503546099292,0.04314015978934907,634,"Honey, I wanted a chili dog!"
3649,1440,5,22,114,141,1.2269503546099292,0.04194944891243331,634,These look better than the ones at the Sphinx.
4351,1440,5,22,114,141,1.2269503546099292,0.04194944891243331,634,His competition's not very steep.
3973,1440,5,22,114,141,1.2269503546099292,0.04194944891243331,634,"I wanted relish, not onions."
4084,1440,7,18,116,141,1.2269503546099292,0.044298877065274335,634,"Yes, I'd be willing to invest in a hot dog cart franchise, as long as you're sure it isn't some kind of pyramid scheme."
4459,1440,4,24,113,141,1.2269503546099292,0.040723938187055705,634,Is it just me or does it feel like the authentic halal food craze is getting out of hand?
2760,1440,6,20,115,141,1.2269503546099292,0.04314015978934907,634,Seven thousand years of civilization and no mustard to show for it!
3857,1440,6,20,115,141,1.2269503546099292,0.04314015978934907,634,"Wow, hot dog's never been at the top of my food pyramid!"
2653,1440,5,22,114,141,1.2269503546099292,0.04194944891243331,634,Is that really Al Franken up there?
1757,1440,5,22,114,141,1.2269503546099292,0.04194944891243331,634,Sabrett’s?
2181,1440,4,24,113,141,1.2269503546099292,0.040723938187055705,634,I could use a little more mustard.
2352,1440,3,26,112,141,1.2269503546099292,0.03946038543741578,634,"So, basically, it's a pyramid scheme?"
81,1440,5,22,114,141,1.2269503546099292,0.04194944891243331,634,"They might not be fresh, but his buns must be fit."
480,1440,6,20,115,141,1.2269503546099292,0.04314015978934907,634,It’s so much bigger in person!
717,1440,6,20,115,141,1.2269503546099292,0.04314015978934907,634,I see hotdogs finally made it to the top of the food pyramid!!
234,1440,5,22,114,141,1.2269503546099292,0.04194944891243331,634,"Great, another pyramid scheme."
1110,1440,5,22,114,141,1.2269503546099292,0.04194944891243331,634,You made the mustard squiggles perfectly. The relish too! I'm pretty sure I'll want a second one. Thanks sweetie
1218,1440,5,22,114,141,1.2269503546099292,0.04194944891243331,634,"Yeah, that's why he named his business ""Top Dog""."
1844,1440,6,20,115,141,1.2269503546099292,0.04314015978934907,634,This guy puts the stand in hotdog stand.
1892,1440,6,20,115,141,1.2269503546099292,0.04314015978934907,634,"He says that it's actually a francise, and that we can get in on the ground floor."
955,1440,6,20,115,141,1.2269503546099292,0.04314015978934907,634,I always knew hot dogs were at the top of the food pyramid...
3474,1463,5,21,111,137,1.2262773722627738,0.042708711037555025,634,This isn't what I thought they meant when they said 'pyramid scheme...'
2750,1463,4,23,110,137,1.2262773722627738,0.0414329795155212,634,These are the oldest hot dogs I've ever tasted.
2980,1463,5,21,111,137,1.2262773722627738,0.042708711037555025,634,"""On second thought, I'll have a knish."""
3009,1463,6,19,112,137,1.2262773722627738,0.043947425470044876,634,I know it’s a scheme but the dogs are fantastic.
3383,1463,3,25,109,137,1.2262773722627738,0.04011669957234548,634,"You even think about asking for more relish, and I'll unleash the wrath of Cheops who'll turn your buns to stone."
3572,1463,6,19,112,137,1.2262773722627738,0.043947425470044876,634,They're still warm.
4420,1463,4,23,110,137,1.2262773722627738,0.0414329795155212,634,"The Pharaohs ate the Hebrew National brand, but I favor the Kirkland brand that Costco now carries."""
3879,1463,7,17,113,137,1.2262773722627738,0.04515216952042198,634,"Try it, you will like it. It's called a Top Dog"
4304,1463,7,17,113,137,1.2262773722627738,0.04515216952042198,634,Could you go extra on the preservatives? It's for my mummy.
4354,1463,4,23,110,137,1.2262773722627738,0.0414329795155212,634,"He peaked in college, now he just sits around."
4515,1463,2,27,108,137,1.2262773722627738,0.03875573993129339,634,"Talk about human progress! 4,000 years ago he would have been just another burial piece."
2687,1463,7,17,113,137,1.2262773722627738,0.04515216952042198,634,"See, you would be a gold-level hot dog vendor, where Sam is what we call a platinum-level vendor....and that's where the real money is...."
3829,1463,3,25,109,137,1.2262773722627738,0.04011669957234548,634,He told me that the start up bribes and dhimmi tax are astronomical but that he makes his margins by getting his pork certified as halal by a crooked Imam.
2477,1463,5,21,111,137,1.2262773722627738,0.042708711037555025,634,The travel guide said it was the top dog.
2540,1463,6,19,112,137,1.2262773722627738,0.043947425470044876,634,Yes it’s Nathans
2381,1463,5,21,111,137,1.2262773722627738,0.042708711037555025,634,They’re Kosher.
30,1463,4,23,110,137,1.2262773722627738,0.0414329795155212,634,It's wrapped it in a tight casing and filled with preservatives.That's why the mummies have lasted all these years.
162,1463,5,21,111,137,1.2262773722627738,0.042708711037555025,634,Cleopatra would roll over in her grave!
286,1463,5,21,111,137,1.2262773722627738,0.042708711037555025,634,"Maybe they aren't the pinnacle of the food pyramid, but what the heck.  These look good."
310,1463,7,17,113,137,1.2262773722627738,0.04515216952042198,634,That's a top dog if I ever saw one!
378,1463,4,23,110,137,1.2262773722627738,0.0414329795155212,634,He's really cornered the market.
392,1463,3,25,109,137,1.2262773722627738,0.04011669957234548,634,"Really, no sauerkraut!"
818,1463,4,23,110,137,1.2262773722627738,0.0414329795155212,634,"I tried to get Vienna hot dogs, but all they had were Sinai."
960,1463,5,21,111,137,1.2262773722627738,0.042708711037555025,634,"They look delicious, but I've been burned by pyramid schemes before..."
1485,1463,5,21,111,137,1.2262773722627738,0.042708711037555025,634,How much do you think he skims off the top?
1496,1463,5,21,111,137,1.2262773722627738,0.042708711037555025,634,"""Up again? Why doesn't he sell drinks in cans and roll them down?"""
1630,1463,4,23,110,137,1.2262773722627738,0.0414329795155212,634,They didn't have sauerkraut?
2230,1463,6,19,112,137,1.2262773722627738,0.043947425470044876,634,Sometimes I think these Tutdogs are just a gimmick.
2386,1463,4,23,110,137,1.2262773722627738,0.0414329795155212,634,Mummy needs mustard.
902,1463,6,19,112,137,1.2262773722627738,0.043947425470044876,634,"I'm sorry, but the penthouse is already occupied . . ."
3065,1493,4,23,111,138,1.2246376811594204,0.04116431448799274,634,I don’t even know how I got up there.
4109,1493,1,29,108,138,1.2246376811594204,0.03710985339334261,634,"It's what you wanted: mustard, onions, sedimentary rock."
2482,1493,5,21,112,138,1.2246376811594204,0.0424297927176573,634,"Like I always say, in the restaurant business it’s location, location, location."
240,1493,6,19,113,138,1.2246376811594204,0.043658605484604755,634,I would like the Sphinx Combo with fries.
390,1493,5,21,112,138,1.2246376811594204,0.0424297927176573,634,What do you mean he didn't want a tip?
432,1493,5,21,112,138,1.2246376811594204,0.0424297927176573,634,'I didn't want it with mustard.'
2946,1499,3,24,108,135,1.2222222222222223,0.04026812659575772,634,And you're one hundred percent sure they're not made from sacrificial victims?
2409,1499,6,18,111,135,1.2222222222222223,0.04419498815558842,634,It's okay; they're an important part of the food pyramid.
2449,1499,5,20,110,135,1.2222222222222223,0.042925967182569774,634,"It’s a pyramid scheme, right?"
2460,1499,3,24,108,135,1.2222222222222223,0.04026812659575772,634,Is there something wrong with them?  No one else is on line.
2505,1499,3,24,108,135,1.2222222222222223,0.04026812659575772,634,But I wanted shawarma from the hidden chamber food court.
2553,1499,5,20,110,135,1.2222222222222223,0.042925967182569774,634,It's not hard to get up there if you have the right shoes
2574,1499,5,20,110,135,1.2222222222222223,0.042925967182569774,634,"I know you don’t like mustard, but please don’t send it back."
2615,1499,4,22,109,135,1.2222222222222223,0.04161826929421157,634,He caters to apex predators...
2634,1499,2,26,107,135,1.2222222222222223,0.03887111652652168,634,Zoning.  What a pain.  Right?
2879,1499,4,22,109,135,1.2222222222222223,0.04161826929421157,634,After this I hear they’re letting everyone take selfies on Tut’s lap.
3070,1499,1,28,106,135,1.2222222222222223,0.037421990600513,634,"Here's how it works - I sell you this hot dog, you sell it to someone else for more money, then you come back and give me 20% of the profit and I give you another hot dog to sell."
4301,1499,4,22,109,135,1.2222222222222223,0.04161826929421157,634,They're free?  I wonder what his angle is.
3117,1499,3,24,108,135,1.2222222222222223,0.04026812659575772,634,Two for one sale if you can get up there.
3177,1499,3,24,108,135,1.2222222222222223,0.04026812659575772,634,Go back and tell the hot dog guru that I wanted mustard.
3579,1499,2,26,107,135,1.2222222222222223,0.03887111652652168,634,"If you want a second one, you'll have to get it yourself."
3607,1499,4,22,109,135,1.2222222222222223,0.04161826929421157,634,We thought it would be more profitable than a papyrus route.
3842,1499,4,22,109,135,1.2222222222222223,0.04161826929421157,634,Pharaoh dog?  His ad said lobster thermador!
4023,1499,5,20,110,135,1.2222222222222223,0.042925967182569774,634,"Excuse me, but I wanted some Grey Poupon"
4065,1499,4,22,109,135,1.2222222222222223,0.04161826929421157,634,I never thought hot dog vending would be a pyramid scheme.
4265,1499,8,14,113,135,1.2222222222222223,0.046629535887671957,634,This is what you get when you reach the top of the pyramid...
2257,1499,4,22,109,135,1.2222222222222223,0.04161826929421157,634,"Well, no biggie. There are steps on the back side. Nice photo op from this side though."
4486,1499,3,24,108,135,1.2222222222222223,0.04026812659575772,634,You're sure it's kosher?
3073,1499,4,22,109,135,1.2222222222222223,0.04161826929421157,634,Could you ask him for a gluten-free bun?
2095,1499,4,22,109,135,1.2222222222222223,0.04161826929421157,634,He didn't have any Horus burgers so I got us the king tut chilly dogs.
4389,1499,5,20,110,135,1.2222222222222223,0.042925967182569774,634,Of course it's a dream. And such a Freudian dream!
1855,1499,3,24,108,135,1.2222222222222223,0.04026812659575772,634,It’s aged beef.
18,1499,6,18,111,135,1.2222222222222223,0.04419498815558842,634,I said NO ketchup!
2064,1499,5,20,110,135,1.2222222222222223,0.042925967182569774,634,Isn't this a little over the top?
20,1499,4,22,109,135,1.2222222222222223,0.04161826929421157,634,"Huh, who would have thought that the top of the government's New Food Pyramid was hot dogs?"
351,1499,5,20,110,135,1.2222222222222223,0.042925967182569774,634,"Take it back ... it's mummified."""
375,1499,4,22,109,135,1.2222222222222223,0.04161826929421157,634,"You forgot the relish, darling"
377,1499,5,20,110,135,1.2222222222222223,0.042925967182569774,634,"I know it's your specialty, but I'm trying to avoid preservatives."
507,1499,6,18,111,135,1.2222222222222223,0.04419498815558842,634,"Those aren't hot dogs, its a pyramid scheme."
545,1499,6,18,111,135,1.2222222222222223,0.04419498815558842,634,He’s from Egypt
550,1499,3,24,108,135,1.2222222222222223,0.04026812659575772,634,It's changed since my last visit. The stand is a lovely new amenity. I do miss all the camels that used to wander around.
706,1499,5,20,110,135,1.2222222222222223,0.042925967182569774,634,He says they’re top of the line.
747,1499,2,26,107,135,1.2222222222222223,0.03887111652652168,634,But are they Kosher?
708,1499,6,18,111,135,1.2222222222222223,0.04419498815558842,634,He's still saving up for stairs.
880,1499,3,24,108,135,1.2222222222222223,0.04026812659575772,634,Let’s ignore it.  It’s just a pyramid scheme.
1048,1499,3,24,108,135,1.2222222222222223,0.04026812659575772,634,So he dispenses wisdom AND kosher all-beef hot dogs?
1072,1499,1,28,106,135,1.2222222222222223,0.037421990600513,634,"I'll admit, the grill marks really could pass for hieroglyphs."""
1184,1499,9,12,114,135,1.2222222222222223,0.0478003340638246,634,"It’s simple...  if you invest in this hotdog now, you’ll receive a reliable average annual return of better than 11% hotdogs- but with very little volatility!"
1296,1499,4,22,109,135,1.2222222222222223,0.04161826929421157,634,Eight dollars for a hot dog! It's some sort of pyramid scheme.
1477,1499,6,18,111,135,1.2222222222222223,0.04419498815558842,634,Maslow's Hot Dogs: Fast Food Actualized
1494,1499,5,20,110,135,1.2222222222222223,0.042925967182569774,634,It's totally worth the effort; trust me!
1598,1499,5,20,110,135,1.2222222222222223,0.042925967182569774,634,Everything has become a pyramid scheme.
1664,1499,4,22,109,135,1.2222222222222223,0.04161826929421157,634,"I don't know, honey. Seems like a pyramid scheme to me."
1671,1499,5,20,110,135,1.2222222222222223,0.042925967182569774,634,I wanted catchup no onions.
785,1499,5,20,110,135,1.2222222222222223,0.042925967182569774,634,"Don't bother. It's a pyramid scheme."""
3228,1548,5,20,111,136,1.2205882352941178,0.04264048480620878,634,This better be good - he calls himself the Top 1% hot dog seller
4387,1548,5,20,111,136,1.2205882352941178,0.04264048480620878,634,He’ll be buried with his dogs”
3856,1548,6,18,112,136,1.2205882352941178,0.043899241523996296,634,I don't care. go back and get my sauerkraut.
3107,1548,4,22,110,136,1.2205882352941178,0.04134342127394495,634,I guess necessity is really is the mummy of invention.
2645,1548,4,22,110,136,1.2205882352941178,0.04134342127394495,634,It was a choice between the Isis burger or the Anubis roll. I got you the Anubis roll.
2606,1548,5,20,111,136,1.2205882352941178,0.04264048480620878,634,"Great spot, says he's descended from Pharaohs, tough part is getting the cart up the inclined plain..."
1470,1548,3,24,109,136,1.2205882352941178,0.040004325025692476,634,"He has the best sliders."""
1438,1548,4,22,110,136,1.2205882352941178,0.04134342127394495,634,It’d be more convenient though if hot dogs were at the bottom of the food pyramid
1359,1548,5,20,111,136,1.2205882352941178,0.04264048480620878,634,I said I wanted extra mustard...
2121,1557,5,19,108,132,1.2196969696969697,0.0434388037525702,634,I'm really relishing this time to catch up.
2303,1557,7,15,110,132,1.2196969696969697,0.046024455602018496,634,"Ok, NOW you tell me you want Ketchup?"
2334,1557,5,19,108,132,1.2196969696969697,0.0434388037525702,634,He thinks he's the Pharaoh of Sandwich.
2384,1557,4,21,107,132,1.2196969696969697,0.04208644972494561,634,Be careful of the mustard. He says we are the first customer in several thousand years.
2607,1557,3,23,106,132,1.2196969696969697,0.04068917336892508,634,I think they're running out of franchise ideas.
2678,1557,5,19,108,132,1.2196969696969697,0.0434388037525702,634,Now that's what I call a Top Dog!
2799,1557,3,23,106,132,1.2196969696969697,0.04068917336892508,634,Cool! Can we eat it over by that lion looking thing.
2804,1557,5,19,108,132,1.2196969696969697,0.0434388037525702,634,So this is your father's pyramid scheme?
2816,1557,2,25,105,132,1.2196969696969697,0.039242176397882286,634,"So Guy Fieri says this is the best hot dog in the world, but isn't it crazy we flew 6,000 miles to get one?"
4641,1557,2,25,105,132,1.2196969696969697,0.039242176397882286,634,You’ll have to wait another 20 minutes if you want condiments.
3066,1557,7,15,110,132,1.2196969696969697,0.046024455602018496,634,These are my favorite by a landslide.
3103,1557,5,19,108,132,1.2196969696969697,0.0434388037525702,634,"Frankly, pun intended, I think it's a pyramid scheme."
2042,1557,5,19,108,132,1.2196969696969697,0.0434388037525702,634,"I wish I’d chosen the
“beachfront timeshare” scheme..."
3394,1557,5,19,108,132,1.2196969696969697,0.0434388037525702,634,Why didn't you say you wanted mustard?
3603,1557,3,23,106,132,1.2196969696969697,0.04068917336892508,634,Who cares about the meaning of Life.  This is a great dog!
3616,1557,4,21,107,132,1.2196969696969697,0.04208644972494561,634,I SAID KETCHUP NOT MUSTARD
3904,1557,3,23,106,132,1.2196969696969697,0.04068917336892508,634,I got the Bernie Madoff Special; two for the price of one.
3954,1557,5,19,108,132,1.2196969696969697,0.0434388037525702,634,"Thanks, Son. You make Mummy very happy."
4094,1557,4,21,107,132,1.2196969696969697,0.04208644972494561,634,"Abdul, are you sure these are 'kosher'?"
4169,1557,7,15,110,132,1.2196969696969697,0.046024455602018496,634,'I hope that hotdog  isn't three thousand years old!'
4266,1557,6,17,109,132,1.2196969696969697,0.04475030829456082,634,Go back up and find out whether they’re kosher.
4398,1557,6,17,109,132,1.2196969696969697,0.04475030829456082,634,I hope you didn't fall for his franchise scheme.
3096,1557,5,19,108,132,1.2196969696969697,0.0434388037525702,634,"camel dogs with sauerkraut, worth the schlep."
2015,1557,7,15,110,132,1.2196969696969697,0.046024455602018496,634,Must be nice being the top dog of a pyramid scheme.
1052,1557,3,23,106,132,1.2196969696969697,0.04068917336892508,634,No ketchup?
1852,1557,4,21,107,132,1.2196969696969697,0.04208644972494561,634,No Sriracha sauce?...and he won 'The Apprentice' for this?
89,1557,4,21,107,132,1.2196969696969697,0.04208644972494561,634,Can you get me a Diet Coke.
160,1557,8,13,111,132,1.2196969696969697,0.04726426699385176,634,"I wanted mustard, not ketchup."
228,1557,5,19,108,132,1.2196969696969697,0.0434388037525702,634,What pyramid scheme?
352,1557,3,23,106,132,1.2196969696969697,0.04068917336892508,634,"Did you actually ask, or are you just assuming they're Kosher?"
391,1557,5,19,108,132,1.2196969696969697,0.0434388037525702,634,Can you go back and get relish?
1942,1557,5,19,108,132,1.2196969696969697,0.0434388037525702,634,Thanks but no thanks. This one looks ancient.
626,1557,5,19,108,132,1.2196969696969697,0.0434388037525702,634,No they're not Kosher but they're flown in from New York twice a day from the lower east side.
670,1557,3,23,106,132,1.2196969696969697,0.04068917336892508,634,Why didn’t you tell me you want mustard?
698,1557,6,17,109,132,1.2196969696969697,0.04475030829456082,634,"He calls it ""The Amon Raw"""
802,1557,7,15,110,132,1.2196969696969697,0.046024455602018496,634,It's better than all the sand which is here.
611,1557,4,21,107,132,1.2196969696969697,0.04208644972494561,634,"Only one person is top dog, in a Pyramid Scheme."
1025,1557,4,21,107,132,1.2196969696969697,0.04208644972494561,634,Sorry but they’re all out of camel burgers.
1081,1557,4,21,107,132,1.2196969696969697,0.04208644972494561,634,"He said if we get three other people to sell his hotdogs, then he'll give us a free hotdog once a month."
1220,1557,5,19,108,132,1.2196969696969697,0.0434388037525702,634,"That good, huh?"
1313,1557,6,17,109,132,1.2196969696969697,0.04475030829456082,634,Try one. They're Tutankhamunly good.
1402,1557,5,19,108,132,1.2196969696969697,0.0434388037525702,634,"They call it Gray's Papyrus."""
1414,1557,5,19,108,132,1.2196969696969697,0.0434388037525702,634,This is probably the dumbest cartoon anyone could come up with. I'll take the one with mustard.
1461,1557,6,17,109,132,1.2196969696969697,0.04475030829456082,634,It's his mummy's recipe.
1662,1557,4,21,107,132,1.2196969696969697,0.04208644972494561,634,Whatever happened to that missing camel?
1666,1557,6,17,109,132,1.2196969696969697,0.04475030829456082,634,They're not the best hotdogs I've ever had. I just come here for the ambiance.
1848,1557,2,25,105,132,1.2196969696969697,0.039242176397882286,634,Worth the climb?
854,1557,3,23,106,132,1.2196969696969697,0.04068917336892508,634,"When I saw ""tomb with a view""  on my AirBNB booking, I thought it was a typo."
1979,1605,3,23,107,133,1.218045112781955,0.04041585193137699,634,"Yelp Review: Good food, a bit hard to find though."
2104,1605,6,17,110,133,1.218045112781955,0.044443273810524195,634,"Disney doesn't ""do"" Egyptian food?"
2164,1605,5,19,109,133,1.218045112781955,0.043142594039353735,634,Carbs are an uphill battle.
2219,1605,6,17,110,133,1.218045112781955,0.044443273810524195,634,"Marketingwise he truly is ""Top Dog"" - but he really didn't think through supply chain or distribution."
1693,1605,4,21,108,133,1.218045112781955,0.04180146234154655,634,He uses the pyramid as an illusion to make the hot dogs appear larger.
2863,1605,6,17,110,133,1.218045112781955,0.044443273810524195,634,"No, thanks. I only eat hot dogs at Costco."
4250,1605,6,17,110,133,1.218045112781955,0.044443273810524195,634,The paper said it was heads and shoulders above the rest of the pop-up restaurants in the area.
4268,1605,4,21,108,133,1.218045112781955,0.04180146234154655,634,For those at the pinnacle of their career.
4478,1605,5,19,109,133,1.218045112781955,0.043142594039353735,634,"Doggone it, another pyramid scheme??"
2671,1605,4,21,108,133,1.218045112781955,0.04180146234154655,634,Anything for free delivery.
1686,1605,4,21,108,133,1.218045112781955,0.04180146234154655,634,He can't be the original tenant.
4607,1605,5,19,109,133,1.218045112781955,0.043142594039353735,634,His were too steep. I got these in the Valley of the Kings much lower.
1633,1605,5,19,109,133,1.218045112781955,0.043142594039353735,634,Hebrew National?.....Yea!.... Heee brew National
1569,1605,5,19,109,133,1.218045112781955,0.043142594039353735,634,"If you want to ruin a perfectly good hotdog, you’re gonna have to climb back up there for the ketchup yourself!"
1347,1605,5,19,109,133,1.218045112781955,0.043142594039353735,634,"It must be lonely being top dog"""
1188,1605,4,21,108,133,1.218045112781955,0.04180146234154655,634,I think I'm just going to get a salad from the Sphinx.
1045,1605,5,19,109,133,1.218045112781955,0.043142594039353735,634,I bet he's lonely.
889,1605,4,21,108,133,1.218045112781955,0.04180146234154655,634,So if  we can just find four other people to buy hotdogs can get our own cart?
683,1605,4,21,108,133,1.218045112781955,0.04180146234154655,634,Could I have a mummy burger?
428,1605,6,17,110,133,1.218045112781955,0.044443273810524195,634,"Here! Buy one get one free, if you make it to the top."
135,1605,4,21,108,133,1.218045112781955,0.04180146234154655,634,It’s the latest in gentrification.
77,1605,7,15,111,133,1.218045112781955,0.04570695519885318,634,"Oh, the stairs are at the back."
1647,1605,6,17,110,133,1.218045112781955,0.044443273810524195,634,You say you took the elevator?
2442,1628,4,20,106,130,1.2153846153846153,0.04227379788275202,634,Get Alex Honnold.
2661,1628,5,18,107,130,1.2153846153846153,0.043661591494225584,634,"You're sure it's an all-beef frank? Look, just go ask the guy again to make sure."
2875,1628,5,18,107,130,1.2153846153846153,0.043661591494225584,634,Well we made it up and down for Taco Tuesday. Let's see if we can do it again tomorrow for Weiner Wednesday.
2976,1628,7,14,109,130,1.2153846153846153,0.046312587279943224,634,"You tackled that hill just for a hot dog!?""
""No...for two hot dogs."
3135,1628,5,18,107,130,1.2153846153846153,0.043661591494225584,634,Care for a Nebachudweiner?
4160,1628,4,20,106,130,1.2153846153846153,0.04227379788275202,634,Twenty bucks! It’s the ultimate pyramid scam!
3570,1628,3,22,105,130,1.2153846153846153,0.040838871226503135,634,"I said, “Hold the mustard.”"
3614,1628,4,20,106,130,1.2153846153846153,0.04227379788275202,634,I deserve this.
3931,1628,5,18,107,130,1.2153846153846153,0.043661591494225584,634,You got two for the price of one? Seems like a pyramid scheme to me.
2287,1628,4,20,106,130,1.2153846153846153,0.04227379788275202,634,"Could you grab a mustard packet, please?"
3528,1628,4,20,106,130,1.2153846153846153,0.04227379788275202,634,Vegan solar hot dogs!
1863,1628,4,20,106,130,1.2153846153846153,0.04227379788275202,634,You sure a top-down operation is really the best business model?
2966,1628,3,22,105,130,1.2153846153846153,0.040838871226503135,634,I was just talking with Noah and the flood should be along any day now.
1273,1628,4,20,106,130,1.2153846153846153,0.04227379788275202,634,"No, thanks.  I'd rather have a Sphinxburger."
1223,1628,6,16,108,130,1.2153846153846153,0.04500661236069091,634,No gluten free buns?
1153,1628,3,22,105,130,1.2153846153846153,0.040838871226503135,634,The stairs are around back.
1014,1628,5,18,107,130,1.2153846153846153,0.043661591494225584,634,Could you get one with sauerkraut?
993,1628,3,22,105,130,1.2153846153846153,0.040838871226503135,634,It was a pretty quick exchange; he threw down and I threw up!
774,1628,5,18,107,130,1.2153846153846153,0.043661591494225584,634,The step pyramid might be better for your next pop-up.
673,1628,5,18,107,130,1.2153846153846153,0.043661591494225584,634,"Yeah, . . . but they're worth it."
646,1628,3,22,105,130,1.2153846153846153,0.040838871226503135,634,It's a strange dyslexic religion. They worship DOG
539,1628,5,18,107,130,1.2153846153846153,0.043661591494225584,634,"Thank you, but I wanted mustard, not ketchup."
330,1628,4,20,106,130,1.2153846153846153,0.04227379788275202,634,You think he's taking the food pyramid thing a tad too literally?
192,1628,2,24,104,130,1.2153846153846153,0.03935165585687649,634,That's one way to avoid food inspectors.
1325,1628,2,24,104,130,1.2153846153846153,0.03935165585687649,634,Could you just get me some mustard?
4422,1653,5,18,108,131,1.213740458015267,0.04335819969343802,634,So if we want to dine-in we'd have to buy the place?
4281,1653,7,14,110,131,1.213740458015267,0.045987097156144255,634,The view
3951,1653,6,16,109,131,1.213740458015267,0.044691982421373413,634,"Really, you shouldn’t have!"
3679,1653,3,22,106,131,1.213740458015267,0.040559263509874634,634,"Trust me! He not only answers to a higher power, he is the higher power."
1447,1653,7,14,110,131,1.213740458015267,0.045987097156144255,634,They come from this little out-of-the-way place I know.
1057,1653,1,26,104,131,1.213740458015267,0.037552286645034634,634,You're just encouraging steep prices.
525,1653,6,16,109,131,1.213740458015267,0.044691982421373413,634,You're 'going to let me' put my own condiments on it?
1712,1653,6,16,109,131,1.213740458015267,0.044691982421373413,634,The higher the dog the closer to god.
2748,1661,6,15,106,127,1.2125984251968505,0.04559035366650368,634,"OK now you find a friend to buy two hot dogs, and they find two friends and so on and so on."
2805,1661,1,25,101,127,1.2125984251968505,0.03812556180140144,634,Is he sure that this wasn't made by enslaved laborers?
2939,1661,4,19,104,127,1.2125984251968505,0.04276109906832521,634,Little known that dogs were held even higher than cats in pharaohs time
3208,1661,4,19,104,127,1.2125984251968505,0.04276109906832521,634,When did they move hotdogs to the top of the pyramid food chart?
3399,1661,4,19,104,127,1.2125984251968505,0.04276109906832521,634,I'm sensing a pyramid scheme.
3849,1661,4,19,104,127,1.2125984251968505,0.04276109906832521,634,No one makes a better hot dog than The Illuminati!
4402,1661,3,21,103,127,1.2125984251968505,0.041273807875918625,634,"I said,"" make me one with everything!"""
4510,1661,5,17,105,127,1.2125984251968505,0.04419837067680215,634,Did you tell him how he can get more business?
4554,1661,5,17,105,127,1.2125984251968505,0.04419837067680215,634,"He inherited the franchise from a King"""
4558,1661,4,19,104,127,1.2125984251968505,0.04276109906832521,634,Could you have him put some mustard on it?
4656,1661,5,17,105,127,1.2125984251968505,0.04419837067680215,634,"Look, I'm not going to make any concessions with you."
2740,1661,6,15,106,127,1.2125984251968505,0.04559035366650368,634,'The rumored inside staircase from 3300 B.C.? I found it.'
4080,1661,5,17,105,127,1.2125984251968505,0.04419837067680215,634,Calling them ‘Mummy Dogs’ doesn’t make it true Egyptian cuisine.
2692,1661,3,21,103,127,1.2125984251968505,0.041273807875918625,634,He says there are great franchise opportunities available.
1735,1661,3,21,103,127,1.2125984251968505,0.041273807875918625,634,You work off the calories beforehand.
2430,1661,6,15,106,127,1.2125984251968505,0.04559035366650368,634,"The man at the top told me in return, they pay you with hotdogs. It's a sound investment opportunity"". 
""I don't know Harry, sounds like a pyramid scheme to me""."
2596,1661,5,17,105,127,1.2125984251968505,0.04419837067680215,634,Aren’t you glad we didn’t end up getting the Mayan burgers?
450,1661,4,19,104,127,1.2125984251968505,0.04276109906832521,634,"Oh, my mummy loved those dogs!"
529,1661,2,23,102,127,1.2125984251968505,0.03973088017682671,634,Where is the sauerkraut?
637,1661,5,17,105,127,1.2125984251968505,0.04419837067680215,634,"You saying if I give him one hot dog, I'll get two back. Sounds like a pyramid scheme to me!"
863,1661,5,17,105,127,1.2125984251968505,0.04419837067680215,634,I try to avoid pyramid schemes.
922,1661,4,19,104,127,1.2125984251968505,0.04276109906832521,634,"He says, that was “his spot” before the Met ever got there."
719,1661,6,15,106,127,1.2125984251968505,0.04559035366650368,634,Up top he charges a $2 more and the view is pretty much the same.
1380,1661,3,21,103,127,1.2125984251968505,0.041273807875918625,634,I'm a vegan.
2014,1661,4,19,104,127,1.2125984251968505,0.04276109906832521,634,So all I have to do is sell these and get a few of my friends to sell some too?
2229,1661,3,21,103,127,1.2125984251968505,0.041273807875918625,634,"Sales don't just go up when you do, Paul."
2346,1661,3,21,103,127,1.2125984251968505,0.041273807875918625,634,He said this is the pinnacle of hot dogs!
1165,1661,3,21,103,127,1.2125984251968505,0.041273807875918625,634,He caters for a very niche market..
3309,1689,5,17,106,128,1.2109375,0.04388315472313635,634,It sounds like a wonderful opportunity. All we have to do is find ten people to open Pharoah's Greatest hot dog stands.
3454,1689,1,25,102,128,1.2109375,0.0378629803924989,634,They call it gentrification.
3400,1689,4,19,105,128,1.2109375,0.04245821207248054,634,Competition in the hot dog market is very steep.
3362,1689,2,23,103,128,1.2109375,0.03945423653127441,634,We warned you this was a pyramid scheme......
3350,1689,5,17,106,128,1.2109375,0.04388315472313635,634,I'm not sure the hot dog cart business model is is suitable for a pyramid scheme.
3298,1689,5,17,106,128,1.2109375,0.04388315472313635,634,Really? No mustard?
3140,1689,5,17,106,128,1.2109375,0.04388315472313635,634,I sell the hot dogs.  The guy up there has the franchise for the condiments.
3243,1689,6,15,107,128,1.2109375,0.045263260648319585,634,Do you really think this could be a pyramid scheme?
3233,1689,3,21,104,128,1.2109375,0.04098375624962578,634,"For privacy it's great, not so much for home delivery."
3217,1689,5,17,106,128,1.2109375,0.04388315472313635,634,"When I asked, 'what's with the lettuce wrap,' he said 'they're called Mummy Dogs, you figure it out."""
3164,1689,5,17,106,128,1.2109375,0.04388315472313635,634,Feels like a pyramid scheme “
3491,1689,6,15,107,128,1.2109375,0.045263260648319585,634,Better than the vegetable vendor at the bottom of the food pyramid.
3122,1689,5,17,106,128,1.2109375,0.04388315472313635,634,I said no mustard on mine. Please go get me another.
2883,1689,4,19,105,128,1.2109375,0.04245821207248054,634,Is it really the pinnacle of flavor?
3294,1689,4,19,105,128,1.2109375,0.04245821207248054,634,"No thanks, this just feels like a pyramid scheme to me"
3506,1689,3,21,104,128,1.2109375,0.04098375624962578,634,"Tut-tut, where's the mustard?"
3915,1689,7,13,108,128,1.2109375,0.04660251345776007,634,He claims to answer to a higher authority?
3748,1689,3,21,104,128,1.2109375,0.04098375624962578,634,‘It’s just a soft open til they get the gravetop ice-cream brand right.’
2859,1689,5,17,106,128,1.2109375,0.04388315472313635,634,Definitely Halal
4218,1689,5,17,106,128,1.2109375,0.04388315472313635,634,"I told you, mustard AND relish."
4189,1689,5,17,106,128,1.2109375,0.04388315472313635,634,I wanted the hamburger slider
4085,1689,4,19,105,128,1.2109375,0.04245821207248054,634,I think he is running a pyramid scheme
4073,1689,3,21,104,128,1.2109375,0.04098375624962578,634,I’m bored. Let’s go ride the Sphinx.
4064,1689,5,17,106,128,1.2109375,0.04388315472313635,634,Wait until you see the hike up to the condiments stand.
3702,1689,2,23,103,128,1.2109375,0.03945423653127441,634,I didn't know the Red Sea Beach Club let in Jews!
4037,1689,3,21,104,128,1.2109375,0.04098375624962578,634,He just ran out of falafel.
4584,1689,6,15,107,128,1.2109375,0.045263260648319585,634,Whaddaya’  mean they don’t have kosher?
3941,1689,4,19,105,128,1.2109375,0.04245821207248054,634,Oh My God! The user review gave NO stars to the Ponzi Dog stand!
3920,1689,5,17,106,128,1.2109375,0.04388315472313635,634,I heard these hotdogs were on point!
3893,1689,4,19,105,128,1.2109375,0.04245821207248054,634,It looks ancient. Are the dogs fresh off the grill?
3821,1689,6,15,107,128,1.2109375,0.045263260648319585,634,I said no pickles!
3782,1689,4,19,105,128,1.2109375,0.04245821207248054,634,Who'd have thought that hot dogs would make it to the top of the food pyramid!
4022,1689,4,19,105,128,1.2109375,0.04245821207248054,634,"I don't know Mike, he really thinks we can sell these to all our friends and family?"
2848,1689,3,21,104,128,1.2109375,0.04098375624962578,634,"We save on energy by keeping them warm by being closer to the Sun,and pass the savings onto you"
675,1689,3,21,104,128,1.2109375,0.04098375624962578,634,I have over ten years experience in pyramid schemes.
2784,1689,1,25,102,128,1.2109375,0.0378629803924989,634,Would it be a bother if you went back and put just a smidge more mustard on it for me?
1084,1689,4,19,105,128,1.2109375,0.04245821207248054,634,It’s a wonder - how did he get up there?
1076,1689,5,17,106,128,1.2109375,0.04388315472313635,634,"Finally, alone at last. It is just me, my umbrella, and my .... great. People are here"
1022,1689,5,17,106,128,1.2109375,0.04388315472313635,634,I think it’s some kind of pyramid scheme!
964,1689,4,19,105,128,1.2109375,0.04245821207248054,634,Let's start at the top of the food pyramid.
938,1689,1,25,102,128,1.2109375,0.0378629803924989,634,Which one is the spelt bun
924,1689,4,19,105,128,1.2109375,0.04245821207248054,634,"We supreme court candidates have a different  definition of ""playing"
1361,1689,2,23,103,128,1.2109375,0.03945423653127441,634,"So, let me get this straight. You sell one to me and I get someone else to buy it and we all get rich?"
739,1689,5,17,106,128,1.2109375,0.04388315472313635,634,Don't be fooled. It's another pyramid scheme.
334,1689,5,17,106,128,1.2109375,0.04388315472313635,634,"OK, you got me. It is indeed scalable as well as disruptive. And with the hot dog, it's sustainable."
320,1689,2,23,103,128,1.2109375,0.03945423653127441,634,"""I wonder if you would mind, sweetie, asking him for a bit more relish."""
208,1689,5,17,106,128,1.2109375,0.04388315472313635,634,He sure knows how to make the mustard sharp.
204,1689,4,19,105,128,1.2109375,0.04245821207248054,634,"What can I say, the Illumanatis love their Nathans"
165,1689,4,19,105,128,1.2109375,0.04245821207248054,634,These pyramid schemes always get you.
6,1689,3,21,104,128,1.2109375,0.04098375624962578,634,So how's this hotdog pyramid scheme working out for you?
2820,1689,4,19,105,128,1.2109375,0.04245821207248054,634,Hot dog? From up there I thought he was selling sliders.
1468,1689,4,19,105,128,1.2109375,0.04245821207248054,634,"When you recruit five friends, you’ll have hot dogs beyond your wildest dreams.”"
652,1689,3,21,104,128,1.2109375,0.04098375624962578,634,A little out of the way maybe but it's worth the climb.
1582,1689,4,19,105,128,1.2109375,0.04245821207248054,634,"Yes, it’s a pyramid scheme to sell hotdogs!"
1560,1689,2,23,103,128,1.2109375,0.03945423653127441,634,"Thanks, but I wanted the vegan special."
2782,1689,7,13,108,128,1.2109375,0.04660251345776007,634,It's the epitome of  'haute cuisone'.
2665,1689,6,15,107,128,1.2109375,0.045263260648319585,634,If you get two friends to buy hot dogs and I get two friends to buy hots dogs every third hot dog is free.
2438,1689,4,19,105,128,1.2109375,0.04245821207248054,634,I said ketchup...do you mind...?
2209,1689,2,23,103,128,1.2109375,0.03945423653127441,634,I'll forget the mustard only because it's you.
2127,1689,4,19,105,128,1.2109375,0.04245821207248054,634,Now this is a pyramid scheme I can get behind.
2116,1689,5,17,106,128,1.2109375,0.04388315472313635,634,I knew it! These food vendor carts are just a pyramid scheme!
2270,1689,6,15,107,128,1.2109375,0.045263260648319585,634,It's the only Trump-free space left.
2053,1689,5,17,106,128,1.2109375,0.04388315472313635,634,Hot dogs are literally at the top of the food pyramid. Enjoy!
1995,1689,6,15,107,128,1.2109375,0.045263260648319585,634,You shouldn’t be eating junk from the top of the food pyramid—even if you are getting in some exercise.
1983,1689,4,19,105,128,1.2109375,0.04245821207248054,634,"Thanks, but you forgot the sauerkraut."
1918,1689,7,13,108,128,1.2109375,0.04660251345776007,634,I really like what you've done with the place.
1745,1689,4,19,105,128,1.2109375,0.04245821207248054,634,"The apex of hot dogs, you say?"
1594,1689,3,21,104,128,1.2109375,0.04098375624962578,634,I hear these Illuminati Hot Dogs ™️ are made from 100% Sphinx.
2093,1689,5,17,106,128,1.2109375,0.04388315472313635,634,Thanks but I try to avoid eating anything from the top of the food pyramid.
1864,1758,4,18,103,125,1.208,0.04294933248946162,634,But I wanted it with mustard and onions.
3424,1758,3,20,102,125,1.208,0.04141995778879799,634,It certainly isn't how I would have spent our lottery winnings.
3259,1758,2,22,101,125,1.208,0.039831904864835316,634,"Oh, could you go back up and get more mustard for mine."
2876,1758,1,24,100,125,1.208,0.038177852049280814,634,it's true!  the pyramids were built as a tourist attraction.
2629,1758,5,16,104,125,1.208,0.04442608939975293,634,"sorry to keep bringing up my ex....it's just that he ran a hot dog cart that he parked on top of a gigantic Mayan pyramid thing, too."
2361,1758,4,18,103,125,1.208,0.04294933248946162,634,You should taste his sliders.
2030,1758,1,24,100,125,1.208,0.038177852049280814,634,"Here's how it works. You buy this hot dog from me for $100, then you resell it to a friend for a $100, and give me $99.99, tell them they can tell it for a $100 and give you $99.99, but you have to kick up $99.98 to me.  And so on.  Got it"
1720,1758,2,22,101,125,1.208,0.039831904864835316,634,"I'll pass dear, it looks embalmed."
336,1758,5,16,104,125,1.208,0.04442608939975293,634,"No,  I definitely said both mustard and relish."
1392,1758,4,18,103,125,1.208,0.04294933248946162,634,He doesn't know what's in it either.
1348,1758,2,22,101,125,1.208,0.039831904864835316,634,It looks like an ancient wonder alright.
1221,1758,5,16,104,125,1.208,0.04442608939975293,634,He’s finally got the point.
604,1758,2,22,101,125,1.208,0.039831904864835316,634,Did he tell you why he only has hot dogs?
464,1758,4,18,103,125,1.208,0.04294933248946162,634,I wanted extra mustard.
346,1758,6,14,105,125,1.208,0.045855312423091786,634,I think that hot dog vendor is running a pyramid scheme.
103,1758,4,18,103,125,1.208,0.04294933248946162,634,"Egypt you, I wanted mine with everything."
3464,1758,4,18,103,125,1.208,0.04294933248946162,634,I think he's just making a point.
1597,1758,5,16,104,125,1.208,0.04442608939975293,634,You forgot the condiments.
3557,1758,3,20,102,125,1.208,0.04141995778879799,634,So was it worth it?
4380,1777,7,12,107,126,1.2063492063492063,0.04689395035604231,634,"I hope this is alright; they were all out of horizontal wavy line, bird with legs, woman holding a snake."
42,1778,5,15,102,122,1.2049180327868851,0.044987954837924234,634,Twenty bucks! You got Egypt. And I wanted Mayan with relish on it.
3291,1778,6,13,103,122,1.2049180327868851,0.04646933480676264,634,Did he have a picture with Bourdain?
3239,1778,3,19,100,122,1.2049180327868851,0.041868246759702375,634,"I wouldn't say it's unique, but it is quite Ankhamen."
3231,1778,3,19,100,122,1.2049180327868851,0.041868246759702375,634,He just retired from Costco
3084,1778,3,19,100,122,1.2049180327868851,0.041868246759702375,634,"I don't want to complain, Harold, but Cairo has turned into such a tourist trap."
3059,1778,4,17,101,122,1.2049180327868851,0.043456105251336315,634,"Mummy, care for a Sphinx dog with Ramses relish?"
3040,1778,5,15,102,122,1.2049180327868851,0.044987954837924234,634,"Literally, from the TOP of the Food Pyramid and you only got two servings?"
3033,1778,5,15,102,122,1.2049180327868851,0.044987954837924234,634,It’s the best food cart around.
3020,1778,3,19,100,122,1.2049180327868851,0.041868246759702375,634,Is this a Bernie Madoff interprise by any chance?
3300,1778,5,15,102,122,1.2049180327868851,0.044987954837924234,634,Are you sure? I've never heard of pharonic mustard.
2993,1778,6,13,103,122,1.2049180327868851,0.04646933480676264,634,"Great pyramid, but so-so dog!"
2833,1778,2,21,99,122,1.2049180327868851,0.040217745956821566,634,I need mustard on that.
2825,1778,3,19,100,122,1.2049180327868851,0.041868246759702375,634,Great! This should hold me until the afterlife.
2787,1778,4,17,101,122,1.2049180327868851,0.043456105251336315,634,It’s the journey.
2622,1778,4,17,101,122,1.2049180327868851,0.043456105251336315,634,Mustard or ketchup? Now that's a riddle.
2618,1778,3,19,100,122,1.2049180327868851,0.041868246759702375,634,"I'm sorry, we don't have any mustard."
2610,1778,3,19,100,122,1.2049180327868851,0.041868246759702375,634,Ice cold beer!
2543,1778,6,13,103,122,1.2049180327868851,0.04646933480676264,634,“I refuse to encourage him.”
2535,1778,5,15,102,122,1.2049180327868851,0.044987954837924234,634,It's a scheme; those are tofu dogs.
2844,1778,2,21,99,122,1.2049180327868851,0.040217745956821566,634,"I don't know, it took more than five seconds to roll down."
3438,1778,3,19,100,122,1.2049180327868851,0.041868246759702375,634,"If you like this one, the climb for the next one is worth it."
3456,1778,5,15,102,122,1.2049180327868851,0.044987954837924234,634,"What's a ""Cheops Dog""?"
3523,1778,3,19,100,122,1.2049180327868851,0.041868246759702375,634,He threw me the hot dogs.   You yell up for the mustard.
4502,1778,3,19,100,122,1.2049180327868851,0.041868246759702375,634,"So anyway, I did pass up the franchise opportunity. Sounded like a real pyramid scheme."
4494,1778,4,17,101,122,1.2049180327868851,0.043456105251336315,634,"I said mustard only.  I mean, who puts ketchup on a hot dog?"
4488,1778,3,19,100,122,1.2049180327868851,0.041868246759702375,634,"Honey , have an Aztec dog"
4333,1778,7,11,104,122,1.2049180327868851,0.047904927452892494,634,"You did not seriously buy a franchise from that guy, did you?"
4298,1778,2,21,99,122,1.2049180327868851,0.040217745956821566,634,He says Melania forgot her helmet
4229,1778,0,25,97,122,1.2049180327868851,0.036694701198942276,634,"If you want ketchup that badly, you can go back for it yourself."
4226,1778,3,19,100,122,1.2049180327868851,0.041868246759702375,634,I'd watch this guy. Someone told me he is running a pyramid scheme.
4222,1778,2,21,99,122,1.2049180327868851,0.040217745956821566,634,Their concessions have been elevated to a pyramid scheme!
4217,1778,3,19,100,122,1.2049180327868851,0.041868246759702375,634,He’s only selling hot dogs... sliders are the way down.
4214,1778,2,21,99,122,1.2049180327868851,0.040217745956821566,634,"Guy's nuts, keeps rambling on about some ""New World"""
4103,1778,2,21,99,122,1.2049180327868851,0.040217745956821566,634,Damn. You forgot the mustard!
4046,1778,4,17,101,122,1.2049180327868851,0.043456105251336315,634,Were you working at Stonehenge last year?
4013,1778,6,13,103,122,1.2049180327868851,0.04646933480676264,634,And to think I doubted you when you said this guy was top dog.
3887,1778,6,13,103,122,1.2049180327868851,0.04646933480676264,634,I said I wanted it without mustard.
3727,1778,4,17,101,122,1.2049180327868851,0.043456105251336315,634,Did he wash his hands first?
3699,1778,4,17,101,122,1.2049180327868851,0.043456105251336315,634,He calls it a Hot Pyramidog.
3691,1778,3,19,100,122,1.2049180327868851,0.041868246759702375,634,Two Hellenistic hot dogs on a Babylonian bun.
3671,1778,1,23,98,122,1.2049180327868851,0.03849654650697315,634,My type of haute cuisine.
3585,1778,3,19,100,122,1.2049180327868851,0.041868246759702375,634,Frankly Mummy got a bad wrap!
2517,1778,3,19,100,122,1.2049180327868851,0.041868246759702375,634,"If it's not too much trouble, could you please add some kraut?"
2495,1778,5,15,102,122,1.2049180327868851,0.044987954837924234,634,First it was no beers after the seventh inning. Now this?
3724,1778,3,19,100,122,1.2049180327868851,0.041868246759702375,634,"I swear, it’s kosher."
2433,1778,6,13,103,122,1.2049180327868851,0.04646933480676264,634,Really? You're sending me back up there for mustard?
1214,1778,7,11,104,122,1.2049180327868851,0.047904927452892494,634,They call them sliders.
1108,1778,4,17,101,122,1.2049180327868851,0.043456105251336315,634,"It looks delicious, just like Mummy used to make."
1101,1778,3,19,100,122,1.2049180327868851,0.041868246759702375,634,Meaning of life? I only asked for extra relish!
1096,1778,5,15,102,122,1.2049180327868851,0.044987954837924234,634,"I'll take it, but I'm not selling hot dogs to my friends and family."
972,1778,1,23,98,122,1.2049180327868851,0.03849654650697315,634,Zoning doesn’t allow a deck.
919,1778,4,17,101,122,1.2049180327868851,0.043456105251336315,634,These concessions really stand alone.
861,1778,7,11,104,122,1.2049180327868851,0.047904927452892494,634,What’s a hot Anubis?
824,1778,2,21,99,122,1.2049180327868851,0.040217745956821566,634,Why go up there?  There's not point to the pyramid anymore.
807,1778,5,15,102,122,1.2049180327868851,0.044987954837924234,634,But I thought they sold sliders.
627,1778,6,13,103,122,1.2049180327868851,0.04646933480676264,634,The whole thing is and excercise in futility
540,1778,4,17,101,122,1.2049180327868851,0.043456105251336315,634,"But I didn't want catchup, remember I'm from Chicago."
536,1778,3,19,100,122,1.2049180327868851,0.041868246759702375,634,"If you want mustard, the condiments are kept on top of the Sphinx."
498,1778,5,15,102,122,1.2049180327868851,0.044987954837924234,634,Is that really I.M. Pei up there?
398,1778,3,19,100,122,1.2049180327868851,0.041868246759702375,634,Isn't there another food pyramid?
370,1778,1,23,98,122,1.2049180327868851,0.03849654650697315,634,"Business is slow, but Ave C and 3rd St was too saturated with vendors."
249,1778,3,19,100,122,1.2049180327868851,0.041868246759702375,634,You got to like a vendor who builds his business on a strong base.
242,1778,6,13,103,122,1.2049180327868851,0.04646933480676264,634,He's an ex-CEO.  He retired at the top.
166,1778,3,19,100,122,1.2049180327868851,0.041868246759702375,634,What part of vegan do you not understand?
2439,1778,5,15,102,122,1.2049180327868851,0.044987954837924234,634,Why did'nt we just go to coney island?
1268,1778,2,21,99,122,1.2049180327868851,0.040217745956821566,634,Thanks.  I don't fall for pyramid schemes.
1371,1778,2,21,99,122,1.2049180327868851,0.040217745956821566,634,King Tut’s favorite. Topped with gold.
585,1778,3,19,100,122,1.2049180327868851,0.041868246759702375,634,Is the bun Gluten Free?
1543,1778,6,13,103,122,1.2049180327868851,0.04646933480676264,634,He prefers to call it multi-level marketing.
2371,1778,5,15,102,122,1.2049180327868851,0.044987954837924234,634,I thought the food pyramid was supposed to be ancient history.
1459,1778,5,15,102,122,1.2049180327868851,0.044987954837924234,634,"Pinnacle, Zenith, Apex my ass.  It's just a fucking hotdog."
2366,1778,2,21,99,122,1.2049180327868851,0.040217745956821566,634,Is HE the famous tetrahedral  hot-dog vendor?
2358,1778,3,19,100,122,1.2049180327868851,0.041868246759702375,634,Would you mind checking if the Sphinx has mustard?
2324,1778,2,21,99,122,1.2049180327868851,0.040217745956821566,634,Everyone is getting ready for global warming.
2321,1778,2,21,99,122,1.2049180327868851,0.040217745956821566,634,Eat it!!! I am not climbing back up that pyramid.
2295,1778,3,19,100,122,1.2049180327868851,0.041868246759702375,634,He said today it’s buy one and get the second at 1/2 price but I’ll bet you he’s running a pyramid scheme.
2170,1778,4,17,101,122,1.2049180327868851,0.043456105251336315,634,I dunno.  Those mustard packets look pretty old...
2059,1778,6,13,103,122,1.2049180327868851,0.04646933480676264,634,"Yes, it is a pyramid scheme involving hot dogs."
2041,1778,4,17,101,122,1.2049180327868851,0.043456105251336315,634,I'll take three hot dogs
2319,1778,5,15,102,122,1.2049180327868851,0.044987954837924234,634,You forgot the 'Pharaoh Phries'!
1977,1778,4,17,101,122,1.2049180327868851,0.043456105251336315,634,Wow their prices are steep!
1965,1778,6,13,103,122,1.2049180327868851,0.04646933480676264,634,I'm a vegetarian.
1920,1778,5,15,102,122,1.2049180327868851,0.044987954837924234,634,"But, I wanted a foot long."
1746,1778,1,23,98,122,1.2049180327868851,0.03849654650697315,634,I hate to nag dear but I distinctly said mustard.
1743,1778,1,23,98,122,1.2049180327868851,0.03849654650697315,634,It's really a prime piece of property. View is amazing.
1727,1778,4,17,101,122,1.2049180327868851,0.043456105251336315,634,"Its ok, I burned the calories on the way up."
2035,1778,1,23,98,122,1.2049180327868851,0.03849654650697315,634,For a pyramid scheme it's a pretty good hot dog.
1588,1778,6,13,103,122,1.2049180327868851,0.04646933480676264,634,"Eat it honey, you'll need the energy for the Devil's Triangle"
1705,1778,4,17,101,122,1.2049180327868851,0.043456105251336315,634,I've got an exciting opportunity for you...
3559,1867,5,14,100,119,1.2016806722689075,0.045569763256829085,634,"At the last minute, we decided to repurpose."
3078,1867,2,20,97,119,1.2016806722689075,0.04061174415599134,634,"It might be a pyramid scheme, but they're pretty tasty."
3091,1867,3,18,98,119,1.2016806722689075,0.042328992625491904,634,I guess it’s ok since you burned off calories getting up there.
3146,1867,4,16,99,119,1.2016806722689075,0.04397923907920871,634,Food pyramid scheme
3236,1867,7,10,102,119,1.2016806722689075,0.048594886869689824,634,"Ever since they legalized marijuana, the hot dog vendor has been really high."
3435,1867,4,16,99,119,1.2016806722689075,0.04397923907920871,634,Thanks.  Now go back for yours.
3317,1867,2,20,97,119,1.2016806722689075,0.04061174415599134,634,"Ah, the hot dog of the gods."
3421,1867,4,16,99,119,1.2016806722689075,0.04397923907920871,634,"I'd like a little more mustard, if it's not too much trouble."
3530,1867,4,16,99,119,1.2016806722689075,0.04397923907920871,634,It’s the special -  it’s been dry aged over several millennia
3564,1867,4,16,99,119,1.2016806722689075,0.04397923907920871,634,It doesn’t look Kosher to me
2931,1867,6,12,101,119,1.2016806722689075,0.04710661499811573,634,It's called Bernie Madoff's Hot Dog Stand and you get two for the price of four.
3274,1867,3,18,98,119,1.2016806722689075,0.042328992625491904,634,"Yelp gives him 5 stars!
A little out of the way but worth it!"
2889,1867,1,22,96,119,1.2016806722689075,0.03881860262933798,634,"Ooh, my favorite! Fried asp."
2564,1867,4,16,99,119,1.2016806722689075,0.04397923907920871,634,Wait! You forgot the fries.
2797,1867,5,14,100,119,1.2016806722689075,0.045569763256829085,634,"Next to the hot dog you got me at the Eiffel Tower, this is my most romantic hot dog."
2763,1867,5,14,100,119,1.2016806722689075,0.045569763256829085,634,These hot dogs are on point.
2734,1867,6,12,101,119,1.2016806722689075,0.04710661499811573,634,But...I wanted mustard AND ketchup.
2670,1867,2,20,97,119,1.2016806722689075,0.04061174415599134,634,Now you want ketchup ?
2627,1867,5,14,100,119,1.2016806722689075,0.045569763256829085,634,"It gives ""Top Dog"" a whole new meaning."
2616,1867,5,14,100,119,1.2016806722689075,0.045569763256829085,634,Can't you see that this is just another pyramid scheme.
2593,1867,4,16,99,119,1.2016806722689075,0.04397923907920871,634,"It's a new food cart business! You can be an owner, too!"
2541,1867,4,16,99,119,1.2016806722689075,0.04397923907920871,634,This is just the tip of the food pyramid
2474,1867,6,12,101,119,1.2016806722689075,0.04710661499811573,634,He claims that Tut's Famous was first!
2435,1867,5,14,100,119,1.2016806722689075,0.045569763256829085,634,Are you sure this is Kosher?
3591,1867,2,20,97,119,1.2016806722689075,0.04061174415599134,634,Did I say ketchup I meant mustard.
2378,1867,4,16,99,119,1.2016806722689075,0.04397923907920871,634,"I specifically said onions. When I say onions, I want onions!"
2847,1867,2,20,97,119,1.2016806722689075,0.04061174415599134,634,The best franks but I think I liked the 56th st. Location better
3602,1867,3,18,98,119,1.2016806722689075,0.042328992625491904,634,"The ball park is mostly torn down, but he hung in there."
4282,1867,5,14,100,119,1.2016806722689075,0.045569763256829085,634,It’s all done with mirrors
3652,1867,3,18,98,119,1.2016806722689075,0.042328992625491904,634,"If you want a soda with the dog, you gotta climb the pyramid and burn the calories"
2333,1867,3,18,98,119,1.2016806722689075,0.042328992625491904,634,He said all I need to do is find 10 more people to buy hot dogs and he'll give me this one for free.
4651,1867,2,20,97,119,1.2016806722689075,0.04061174415599134,634,Ecotourism is getting out of hand
4440,1867,5,14,100,119,1.2016806722689075,0.045569763256829085,634,"Okay, we just need to buy 3 more hot dogs, and give them to 3 of our friends, so they can give it to 3 of their friends..."
4413,1867,4,16,99,119,1.2016806722689075,0.04397923907920871,634,Would a little mustard be too much to ask?
4358,1867,5,14,100,119,1.2016806722689075,0.045569763256829085,634,"Really...it's still true...it is lonely at the top """
4355,1867,5,14,100,119,1.2016806722689075,0.045569763256829085,634,Everybody knows it’s just a pyramid scheme but the hotdogs sure are good.
4310,1867,5,14,100,119,1.2016806722689075,0.045569763256829085,634,"These are known as ""King of the Hill"" hot dogs"
4288,1867,4,16,99,119,1.2016806722689075,0.04397923907920871,634,"I knew you'd forget...I told you with mustard, plenty of  mustard!"
4276,1867,4,16,99,119,1.2016806722689075,0.04397923907920871,634,It's a truncated square pyramid; he used to teach solid geometry at Brooklyn High.
4271,1867,5,14,100,119,1.2016806722689075,0.045569763256829085,634,The 10 commandment kosher dogs is really a great name for his cart don’t ya think?
4196,1867,1,22,96,119,1.2016806722689075,0.03881860262933798,634,Now this is a pyramid scheme I can buy into.
4134,1867,1,22,96,119,1.2016806722689075,0.03881860262933798,634,Eat your Giza hotdog before the Uber chariot gets here.
4115,1867,2,20,97,119,1.2016806722689075,0.04061174415599134,634,Thanks so much but next time I'll order a slider.
4112,1867,5,14,100,119,1.2016806722689075,0.045569763256829085,634,"I still think he would improve business by adding a big sign: ""Welcome to the Food Pyramid - Home of the Top Dog"""
4096,1867,6,12,101,119,1.2016806722689075,0.04710661499811573,634,I was expecting more when they advertised a haute dog.
4061,1867,2,20,97,119,1.2016806722689075,0.04061174415599134,634,"He didn't have mustard, so I got the cumin, coriander and cardamom spread."""
4045,1867,4,16,99,119,1.2016806722689075,0.04397923907920871,634,The food is good but I worry the business model is a pyramid scheme
4002,1867,1,22,96,119,1.2016806722689075,0.03881860262933798,634,Is that an authentic hotdog of affliction?
3972,1867,5,14,100,119,1.2016806722689075,0.045569763256829085,634,And to think we nearly gave up on finding a hot dog cart.
3921,1867,4,16,99,119,1.2016806722689075,0.04397923907920871,634,I said I wanted mustard AND relish.
3895,1867,4,16,99,119,1.2016806722689075,0.04397923907920871,634,Oh dear. You forgot the mustard!
3793,1867,5,14,100,119,1.2016806722689075,0.045569763256829085,634,...Ketchup!??
3774,1867,2,20,97,119,1.2016806722689075,0.04061174415599134,634,Do you have any hot dogs that HAVEN’T been embalmed?
3754,1867,5,14,100,119,1.2016806722689075,0.045569763256829085,634,"Actually, I do want mustard."
3711,1867,2,20,97,119,1.2016806722689075,0.04061174415599134,634,I told you that hot dogs were at the top of the food pyramid!
3698,1867,4,16,99,119,1.2016806722689075,0.04397923907920871,634,"I know what you're thinking, but this is a genuine business opportunity."
3686,1867,3,18,98,119,1.2016806722689075,0.042328992625491904,634,I've had it with your cheapness; I'm going home to mummy.
3650,1867,5,14,100,119,1.2016806722689075,0.045569763256829085,634,Business was a lot better before he got involved in a pyramid scheme.
2260,1867,5,14,100,119,1.2016806722689075,0.045569763256829085,634,No mustard? Tut-tut.
2691,1867,3,18,98,119,1.2016806722689075,0.042328992625491904,634,I thought they only sold cotton.
2152,1867,4,16,99,119,1.2016806722689075,0.04397923907920871,634,He's trying to get me to franchise one of these carts--but I think it's a pyramid scheme.
1155,1867,3,18,98,119,1.2016806722689075,0.042328992625491904,634,"When you said you were getting King Tut's dogs, I didn't think this is what you meant."
1024,1867,1,22,96,119,1.2016806722689075,0.03881860262933798,634,You said you wanted authentic.
1023,1867,2,20,97,119,1.2016806722689075,0.04061174415599134,634,"...and on the 3rd and the holiest of days, the Great Pharaoh blessed his people with the gift of hotdogs."
1019,1867,4,16,99,119,1.2016806722689075,0.04397923907920871,634,Hotdog slider?
992,1867,1,22,96,119,1.2016806722689075,0.03881860262933798,634,"And the lesser known 8th wonder of the world is how they got that hotdog stand up there"""
978,1867,3,18,98,119,1.2016806722689075,0.042328992625491904,634,"It was a hot dog, now it's a cold dog. Go back and tell him if he move his stand down here I'll buy two."
935,1867,4,16,99,119,1.2016806722689075,0.04397923907920871,634,"It's camel meat, with a sprinkle of sand."
920,1867,5,14,100,119,1.2016806722689075,0.045569763256829085,634,It's a pyramid sales scheme.
886,1867,5,14,100,119,1.2016806722689075,0.045569763256829085,634,I'm allergic to Egyptian onions.
852,1867,5,14,100,119,1.2016806722689075,0.045569763256829085,634,"No, Really! I can toss 'em up there, just like this!"
749,1867,2,20,97,119,1.2016806722689075,0.04061174415599134,634,"Well I have to admit the Weight Watchers Hot Dog Cart location does cut down on my desire to get a second one"""
688,1867,5,14,100,119,1.2016806722689075,0.045569763256829085,634,"So all I have to do is sell one of these, and everybody makes a profit?"
661,1867,4,16,99,119,1.2016806722689075,0.04397923907920871,634,"Nice throw, nice catch."
658,1867,3,18,98,119,1.2016806722689075,0.042328992625491904,634,"Yes indeedy, up there is where I go to get this high-end food."
587,1867,3,18,98,119,1.2016806722689075,0.042328992625491904,634,All you have to do is have 10 of your friends sell these hotdogs...
558,1867,4,16,99,119,1.2016806722689075,0.04397923907920871,634,He’s the only vendor I could find
509,1867,4,16,99,119,1.2016806722689075,0.04397923907920871,634,I asked for mine wrapped.
489,1867,2,20,97,119,1.2016806722689075,0.04061174415599134,634,They say you can see Kansas from the top?
407,1867,3,18,98,119,1.2016806722689075,0.042328992625491904,634,What? Then we have to find people to buy hotdogs from us? And you still aren't suspicious about what kind of business he's running
389,1867,4,16,99,119,1.2016806722689075,0.04397923907920871,634,"No thanks, smells like a pyramid scheme to me."
350,1867,6,12,101,119,1.2016806722689075,0.04710661499811573,634,You sure it's Tutan free?
268,1867,4,16,99,119,1.2016806722689075,0.04397923907920871,634,"I'd kind of like some mustard, but he said I have to wait until Sirius rises."
244,1867,2,20,97,119,1.2016806722689075,0.04061174415599134,634,"Marc, or is it Antony, I asked for mustard."
163,1867,4,16,99,119,1.2016806722689075,0.04397923907920871,634,Anybody want weiners?????
53,1867,4,16,99,119,1.2016806722689075,0.04397923907920871,634,Hot Dogs are from the top of the food pyramid!
15,1867,4,16,99,119,1.2016806722689075,0.04397923907920871,634,He said business has been the wurst lately.
2216,1867,4,16,99,119,1.2016806722689075,0.04397923907920871,634,Do you mind going back?  I wanted relish on it
1161,1867,4,16,99,119,1.2016806722689075,0.04397923907920871,634,I felt the energy flow right through me. But your hot dog is cold.
1183,1867,4,16,99,119,1.2016806722689075,0.04397923907920871,634,"No thanks, I'm not hungry any more."
110,1867,4,16,99,119,1.2016806722689075,0.04397923907920871,634,You forgot the mustard.
1224,1867,3,18,98,119,1.2016806722689075,0.042328992625491904,634,Next time please don’t forget the onions.
1209,1867,3,18,98,119,1.2016806722689075,0.042328992625491904,634,He said “it’s a top dog”
2032,1867,5,14,100,119,1.2016806722689075,0.045569763256829085,634,"I wonder what they mean by ""Pharaoh's Favorite Dog""."
1992,1867,3,18,98,119,1.2016806722689075,0.042328992625491904,634,I could go for some french fries at the Sphinx.
1981,1867,5,14,100,119,1.2016806722689075,0.045569763256829085,634,I'd rather have a slider.
1966,1867,7,10,102,119,1.2016806722689075,0.048594886869689824,634,Can you believe it? They built a hot dog stand here.
1939,1867,2,20,97,119,1.2016806722689075,0.04061174415599134,634,You're going back up there if this doesn't fit in my paleo-level 7 vegan-Sunday pescatarian diet
1937,1867,6,12,101,119,1.2016806722689075,0.04710661499811573,634,He didn’t have mustard so I got you the camel sauce.
1862,1867,4,16,99,119,1.2016806722689075,0.04397923907920871,634,He said to go next door for Pyramid Ale.
1799,1867,2,20,97,119,1.2016806722689075,0.04061174415599134,634,"What, no napkin?"
1717,1867,3,18,98,119,1.2016806722689075,0.042328992625491904,634,He said it’s the new food pyramid.
1670,1867,4,16,99,119,1.2016806722689075,0.04397923907920871,634,"Oh no, you forgot the relish and my soda."
1658,1867,4,16,99,119,1.2016806722689075,0.04397923907920871,634,I wanted relish.
1606,1867,3,18,98,119,1.2016806722689075,0.042328992625491904,634,Apparently this was the favourite food of  Ramesses II !
2010,1867,4,16,99,119,1.2016806722689075,0.04397923907920871,634,"Look, I just want to know if it is Kosher."
1604,1867,6,12,101,119,1.2016806722689075,0.04710661499811573,634,Was he out of the lamb Cheops and the Memphis barbecue?
1236,1867,3,18,98,119,1.2016806722689075,0.042328992625491904,634,"I'm not sure I understand your concept, but your presentation is on point."
1605,1867,5,14,100,119,1.2016806722689075,0.045569763256829085,634,He calls it the King Tut Dog.
1238,1867,2,20,97,119,1.2016806722689075,0.04061174415599134,634,He says it was a sandy hill before the windstorm
1261,1867,2,20,97,119,1.2016806722689075,0.04061174415599134,634,"You said you'd climb the highest mountain, but this is too much."
1265,1867,3,18,98,119,1.2016806722689075,0.042328992625491904,634,"Last food and drink for 100 miles? Well, I guess I could come of my diet for one day."
1267,1867,3,18,98,119,1.2016806722689075,0.042328992625491904,634,Where's the chili?
2137,1867,4,16,99,119,1.2016806722689075,0.04397923907920871,634,It’s a matter of perspective.
1379,1867,3,18,98,119,1.2016806722689075,0.042328992625491904,634,He said condiments are in the tomb.
1587,1867,5,14,100,119,1.2016806722689075,0.045569763256829085,634,"Try one. They're Tut-dogs, pyramidie and delicious !"
1339,1867,3,18,98,119,1.2016806722689075,0.042328992625491904,634,I said mustard and relish. You need to go back.
1595,1867,4,16,99,119,1.2016806722689075,0.04397923907920871,634,Nothing but the wurst for my girl!
1578,1867,3,18,98,119,1.2016806722689075,0.042328992625491904,634,Sorry for having you do that pointless exercise.
1478,1867,2,20,97,119,1.2016806722689075,0.04061174415599134,634,"They’re fresh, but his mummy’s recipe is 4000 years old."
3031,1987,3,17,97,117,1.1965811965811965,0.042468962400341995,634,I don't know. What exactly is a Sphinx Dog?
3047,1987,4,15,98,117,1.1965811965811965,0.04416984246846932,634,On second thought -- I would like some sauerkraut.
3055,1987,3,17,97,117,1.1965811965811965,0.042468962400341995,634,Can he roll down some mustard?
3100,1987,3,17,97,117,1.1965811965811965,0.042468962400341995,634,This better be worth it.
3133,1987,3,17,97,117,1.1965811965811965,0.042468962400341995,634,Those don’t look kosher to me.
3141,1987,5,13,99,117,1.1965811965811965,0.04580761072155073,634,The other guy can break a twenty?
3145,1987,3,17,97,117,1.1965811965811965,0.042468962400341995,634,This is your idea of a date? Eating from the top of the food pyramid?
3157,1987,3,17,97,117,1.1965811965811965,0.042468962400341995,634,"I saw it on Yelp.  Pharoh's Franks.  The best dogs in Egypt, Mummy."
3188,1987,4,15,98,117,1.1965811965811965,0.04416984246846932,634,The king of hot dogs since 2950 B.C.
3008,1987,4,15,98,117,1.1965811965811965,0.04416984246846932,634,"It took him three years, but he got the highest position in the company."
3116,1987,5,13,99,117,1.1965811965811965,0.04580761072155073,634,Remember when Grandpa had to walk uphill both ways to school?
3241,1987,7,9,101,117,1.1965811965811965,0.04891892918567,634,I never knew you could get Nathans Kosher hot dogs in Egypt!
3235,1987,5,13,99,117,1.1965811965811965,0.04580761072155073,634,Did you see the point?
3285,1987,4,15,98,117,1.1965811965811965,0.04416984246846932,634,"No, I'm not scamming you - I'm a distributor for a revolutionary new product that changes lives."
3313,1987,2,19,96,117,1.1965811965811965,0.04069705826019773,634,So all we have to do is persuade our friends to buy these hot-dogs and we'll be rich?
3333,1987,7,9,101,117,1.1965811965811965,0.04891892918567,634,"Climb ""    ""Climb""  Why is (Everything so hard ) in life any more."
3404,1987,3,17,97,117,1.1965811965811965,0.042468962400341995,634,Did you ask if it's kosher?
3410,1987,5,13,99,117,1.1965811965811965,0.04580761072155073,634,He wants to discourage fat people.
3411,1987,3,17,97,117,1.1965811965811965,0.042468962400341995,634,Yelp did say this place was upscale...
3453,1987,2,19,96,117,1.1965811965811965,0.04069705826019773,634,"The vendor asked me to tell our friends about his hotdog stand on top of the pyramid, and then their friends will tell their friends..."
3457,1987,2,19,96,117,1.1965811965811965,0.04069705826019773,634,"Bill, I specifically told you ""ketchup and relish."""
3486,1987,4,15,98,117,1.1965811965811965,0.04416984246846932,634,"Here, have a Guilt-Free Dog. Apparently, you burn off more calories just buying it than are in it."
3000,1987,4,15,98,117,1.1965811965811965,0.04416984246846932,634,He says it's really easy.  We just get our friends to buy more hotdogs and they'll get their friends to buy more hotdogs...
3478,1987,1,21,95,117,1.1965811965811965,0.03884441188518877,634,It's a little early for the noon sacrifice.
3189,1987,4,15,98,117,1.1965811965811965,0.04416984246846932,634,"Sorry it took so long. I got lost in the tunnels. Lots of how do you say... cul-de-sacs. Anyway, here you go."
3343,1987,3,17,97,117,1.1965811965811965,0.042468962400341995,634,Odd he doesn't offer toppings.
2674,1987,3,17,97,117,1.1965811965811965,0.042468962400341995,634,He's  Zen. He made me one with everything.
2984,1987,4,15,98,117,1.1965811965811965,0.04416984246846932,634,"All I want is to indulge in authentic cuisine, it that too much to ask for."
2424,1987,5,13,99,117,1.1965811965811965,0.04580761072155073,634,Damn! You forgot the Pepsi.
3578,1987,4,15,98,117,1.1965811965811965,0.04416984246846932,634,If you love me you'll go back for mustard.
2425,1987,4,15,98,117,1.1965811965811965,0.04416984246846932,634,He's out of soda.  Something about the delivery guy was like Sisyphus but with a hand truck.
2458,1987,4,15,98,117,1.1965811965811965,0.04416984246846932,634,You know they used slavs to get that cart up there...
2473,1987,3,17,97,117,1.1965811965811965,0.042468962400341995,634,What do you mean you want more mustard?
2487,1987,1,21,95,117,1.1965811965811965,0.03884441188518877,634,"I guess it wasn’t aliens, just an Oscar Mayer sponsorship."
2512,1987,2,19,96,117,1.1965811965811965,0.04069705826019773,634,"See, I told you it wasn’t just another pyramid scheme."
2519,1987,3,17,97,117,1.1965811965811965,0.042468962400341995,634,"Made from 5,000 year old Egyptian wheat"
2547,1987,4,15,98,117,1.1965811965811965,0.04416984246846932,634,I’m gonna stick with the salad bar at the base of the food pyramid.
2568,1987,4,15,98,117,1.1965811965811965,0.04416984246846932,634,"I got a basic 'lazy-fair' economy here. It's fair that I charge double, 'cuz people are so lazy."
2585,1987,1,21,95,117,1.1965811965811965,0.03884441188518877,634,Ugh. I said *no* curse.
2604,1987,4,15,98,117,1.1965811965811965,0.04416984246846932,634,"It is so hard to find organic, non-GMO, grass fed, all natural, local, raised on the range, all beef hot dogs."
2644,1987,3,17,97,117,1.1965811965811965,0.042468962400341995,634,"If it's not kosher, halal is OK."
2654,1987,4,15,98,117,1.1965811965811965,0.04416984246846932,634,Sauerkraut? Now you tell me you want sauerkraut?
2685,1987,4,15,98,117,1.1965811965811965,0.04416984246846932,634,You’re not even going to get down on one knee?
2723,1987,5,13,99,117,1.1965811965811965,0.04580761072155073,634,I don't care.  Hot dogs are not at the top of the food pyramid.
2724,1987,3,17,97,117,1.1965811965811965,0.042468962400341995,634,I guess that's why they say hotdogs here are monumental.
2727,1987,4,15,98,117,1.1965811965811965,0.04416984246846932,634,The job has a steep learning curve.
2733,1987,4,15,98,117,1.1965811965811965,0.04416984246846932,634,They were how much?  I told you not to buy hot dogs from Bernie Madoff's brother.
2743,1987,6,11,100,117,1.1965811965811965,0.04738881108811301,634,Best hot dog this side of the Nile...
2755,1987,5,13,99,117,1.1965811965811965,0.04580761072155073,634,It tastes like a pyramid scheme.
2762,1987,2,19,96,117,1.1965811965811965,0.04069705826019773,634,I didn't he understands what a pyramid scheme is
2842,1987,5,13,99,117,1.1965811965811965,0.04580761072155073,634,It's at the top of the USDA's new food pyramid.
2916,1987,2,19,96,117,1.1965811965811965,0.04069705826019773,634,"I forgot to tell you, I can't eat these things without souerkraut."
2935,1987,1,21,95,117,1.1965811965811965,0.03884441188518877,634,These pharoah dogs are so authentic.
2991,1987,4,15,98,117,1.1965811965811965,0.04416984246846932,634,One Mummy’s Curse with mustard.
3619,1987,3,17,97,117,1.1965811965811965,0.042468962400341995,634,I didn't have enough money but he let me slide.
4278,1987,5,13,99,117,1.1965811965811965,0.04580761072155073,634,That’s not what “Eating from the food pyramid” means
3665,1987,2,19,96,117,1.1965811965811965,0.04069705826019773,634,"Hebrew Nationals in Egypt, that's it?"
4316,1987,2,19,96,117,1.1965811965811965,0.04069705826019773,634,"He told me business is slow, so he's relocating to the Sphinx."
4338,1987,5,13,99,117,1.1965811965811965,0.04580761072155073,634,I told you I wanted mustard and relish!
4369,1987,5,13,99,117,1.1965811965811965,0.04580761072155073,634,Machu Picchu seemed so much grander in the brochure
4393,1987,2,19,96,117,1.1965811965811965,0.04069705826019773,634,"When they said fatty foods are at the top of the food pyramid, I didn’t realize they actually took it literally."
4396,1987,1,21,95,117,1.1965811965811965,0.03884441188518877,634,don't you know hotdog carts are a pyramid scheme?
4405,1987,4,15,98,117,1.1965811965811965,0.04416984246846932,634,"Henry, I wanted onions!"
4419,1987,1,21,95,117,1.1965811965811965,0.03884441188518877,634,I thought Egyptians liked cats more.
4437,1987,5,13,99,117,1.1965811965811965,0.04580761072155073,634,Where's my pretzel?
4438,1987,5,13,99,117,1.1965811965811965,0.04580761072155073,634,"Well, I guess I can have one since it's from the top of the food pyramid."
4448,1987,4,15,98,117,1.1965811965811965,0.04416984246846932,634,They let Madoff have a day-long furlough.
4449,1987,4,15,98,117,1.1965811965811965,0.04416984246846932,634,... and at the top of the food pyramid... hot dogs!
4472,1987,2,19,96,117,1.1965811965811965,0.04069705826019773,634,condiments are at the top.
4500,1987,6,11,100,117,1.1965811965811965,0.04738881108811301,634,"So, let me get this straight. I’m supposed to buy ten more hot dogs, keep one, and give the rest away to nine friends?"
4511,1987,4,15,98,117,1.1965811965811965,0.04416984246846932,634,“Now you tell me you want mustard on it?”
4532,1987,4,15,98,117,1.1965811965811965,0.04416984246846932,634,"According to that hieroglyphic, they haven't changed the water since the Ptolemaic dynasty."
4540,1987,1,21,95,117,1.1965811965811965,0.03884441188518877,634,"You go ask him for mustard, my hands are full."
4576,1987,4,15,98,117,1.1965811965811965,0.04416984246846932,634,"No really, the permit is posted behind the stone in the secret passageway."
4577,1987,4,15,98,117,1.1965811965811965,0.04416984246846932,634,His business model is as old as king Tuk... if you build it they’ll come it’s all about location location location
4582,1987,4,15,98,117,1.1965811965811965,0.04416984246846932,634,Worth the trip for the best brauts in Egypt.
4592,1987,2,19,96,117,1.1965811965811965,0.04069705826019773,634,I hope that cart has some darn good brakes
4609,1987,4,15,98,117,1.1965811965811965,0.04416984246846932,634,This has to be the best dog west of the Nile.
4610,1987,2,19,96,117,1.1965811965811965,0.04069705826019773,634,"Oh, do you mind getting me more mustard!"
4636,1987,6,11,100,117,1.1965811965811965,0.04738881108811301,634,"Thank you, but I was really hungry for a couple of sliders."
4650,1987,2,19,96,117,1.1965811965811965,0.04069705826019773,634,The Yelp reviews say these hot dogs are fit for Kings
2416,1987,3,17,97,117,1.1965811965811965,0.042468962400341995,634,I hadn’t a clue that Bernie Madoff’s brother ran a hot dog stand!
4311,1987,2,19,96,117,1.1965811965811965,0.04069705826019773,634,I know a little ziggurat where we can get the fries.
3643,1987,5,13,99,117,1.1965811965811965,0.04580761072155073,634,Last falafel before the After-World.
4303,1987,3,17,97,117,1.1965811965811965,0.042468962400341995,634,It tastes better because you have to earn it.
4199,1987,5,13,99,117,1.1965811965811965,0.04580761072155073,634,Did you ask him about the ingredients?  Yes I did.  What's in a canopic jar?
3669,1987,1,21,95,117,1.1965811965811965,0.03884441188518877,634,"The water, John, you forgot my water"
3687,1987,2,19,96,117,1.1965811965811965,0.04069705826019773,634,"Oddly, no sliders. Just hot dogs."
3726,1987,4,15,98,117,1.1965811965811965,0.04416984246846932,634,"Ask him for more onions, and get me a napkin."
3757,1987,3,17,97,117,1.1965811965811965,0.042468962400341995,634,Now can we please go get my latte at the Sphinx?
3758,1987,2,19,96,117,1.1965811965811965,0.04069705826019773,634,"Considering what this stuff does to your body, he wants you to get your cardio in ahead of time."
3785,1987,4,15,98,117,1.1965811965811965,0.04416984246846932,634,"What, you went all the way up there and forgot relish?"
3809,1987,2,19,96,117,1.1965811965811965,0.04069705826019773,634,Trip Advisor named it Top Dog in the region
3828,1987,4,15,98,117,1.1965811965811965,0.04416984246846932,634,It's $5 extra for the delivery.
3847,1987,2,19,96,117,1.1965811965811965,0.04069705826019773,634,Yes. All our grains are locally sourced.
3863,1987,2,19,96,117,1.1965811965811965,0.04069705826019773,634,Did you tell him we ate at his Giza stand too?
3927,1987,4,15,98,117,1.1965811965811965,0.04416984246846932,634,It's free for guessing the secret of the sauce.
3932,1987,2,19,96,117,1.1965811965811965,0.04069705826019773,634,"It is just a hot dog, not a pyramid scheme."
3934,1987,4,15,98,117,1.1965811965811965,0.04416984246846932,634,That’s why they are call sliders
3966,1987,4,15,98,117,1.1965811965811965,0.04416984246846932,634,"Until now, I never got the point of hot dogs."
3974,1987,3,17,97,117,1.1965811965811965,0.042468962400341995,634,"I was already there, so I got one for you too."
4001,1987,2,19,96,117,1.1965811965811965,0.04069705826019773,634,Oh!  So that's how you get a zero-calorie-hotdog!
4117,1987,4,15,98,117,1.1965811965811965,0.04416984246846932,634,You'll go anywhere to save a buck.
4152,1987,2,19,96,117,1.1965811965811965,0.04069705826019773,634,I have had enough embalmed dogs for one trip.
4153,1987,5,13,99,117,1.1965811965811965,0.04580761072155073,634,Charged extra for the view??!!  That way too steep!
4157,1987,2,19,96,117,1.1965811965811965,0.04069705826019773,634,He says business has been slow.
4161,1987,3,17,97,117,1.1965811965811965,0.042468962400341995,634,This is one of the Seven Wonders of the world?
4172,1987,4,15,98,117,1.1965811965811965,0.04416984246846932,634,Cleopatra chili dog? But I asked for the Nefertiti with mustard and relish.
4183,1987,5,13,99,117,1.1965811965811965,0.04580761072155073,634,I don’t care how well preserved it is—I’m not eating a 4000 year old hot dog.
4188,1987,3,17,97,117,1.1965811965811965,0.042468962400341995,634,We might as well build our own tomb.
4194,1987,3,17,97,117,1.1965811965811965,0.042468962400341995,634,People have started to call him the eighth wonder.
4236,1987,4,15,98,117,1.1965811965811965,0.04416984246846932,634,LOL no no no I got these from the guy down the street
2391,1987,3,17,97,117,1.1965811965811965,0.042468962400341995,634,A kosher frank?  Here?  Really?
2006,1987,4,15,98,117,1.1965811965811965,0.04416984246846932,634,The original sliders.
2365,1987,2,19,96,117,1.1965811965811965,0.04069705826019773,634,I sure hope this is not just some deceptive pyramid scheme where all the pork supposedly trickles down from the top?
641,1987,2,19,96,117,1.1965811965811965,0.04069705826019773,634,He's a descendant of Sisyphus.
677,1987,3,17,97,117,1.1965811965811965,0.042468962400341995,634,"What, no relish?"
686,1987,7,9,101,117,1.1965811965811965,0.04891892918567,634,"This is not a hot dog. It's an opportunity. If you sell it to ten of your friends and each sells it to ten of their friends, then you qualify for a franchise."
699,1987,3,17,97,117,1.1965811965811965,0.042468962400341995,634,"One dollar, plus fifty dollar delivery?!"
700,1987,1,21,95,117,1.1965811965811965,0.03884441188518877,634,Some internet guy sold him on this pyramid scheme.
702,1987,3,17,97,117,1.1965811965811965,0.042468962400341995,634,"Sorry to ask you to, but he forgot the relish."
718,1987,5,13,99,117,1.1965811965811965,0.04580761072155073,634,I said I wanted falafel
724,1987,3,17,97,117,1.1965811965811965,0.042468962400341995,634,He said that if I paid $10 for the first hot dog then all the others would be free but I think that it is just some kind of pyramid scheme.
755,1987,1,21,95,117,1.1965811965811965,0.03884441188518877,634,"I am not going back up there for mustard!"""
838,1987,3,17,97,117,1.1965811965811965,0.042468962400341995,634,Do you want fries with that ?
839,1987,2,19,96,117,1.1965811965811965,0.04069705826019773,634,That's how they kept the workers going. It was one of their key ops.
532,1987,4,15,98,117,1.1965811965811965,0.04416984246846932,634,I can't believe you fell for another obvious pyramid scheme!
844,1987,4,15,98,117,1.1965811965811965,0.04416984246846932,634,"Location, location, location ----"
896,1987,2,19,96,117,1.1965811965811965,0.04069705826019773,634,It is the pyramid of dogs
917,1987,4,15,98,117,1.1965811965811965,0.04416984246846932,634,"Moses won the drink concession, it’s kinda a climb."
925,1987,3,17,97,117,1.1965811965811965,0.042468962400341995,634,Are you thinking that this may be another pyramid scheme?
971,1987,4,15,98,117,1.1965811965811965,0.04416984246846932,634,These are the original sliders
974,1987,3,17,97,117,1.1965811965811965,0.042468962400341995,634,I don't believe in the Pyramid Diet.
991,1987,4,15,98,117,1.1965811965811965,0.04416984246846932,634,It was ordered by Donald Trump
994,1987,5,13,99,117,1.1965811965811965,0.04580761072155073,634,They've got extra 'energy' sauce.
998,1987,2,19,96,117,1.1965811965811965,0.04069705826019773,634,I've never seen a hotdog pyramid scheme.
1032,1987,3,17,97,117,1.1965811965811965,0.042468962400341995,634,"If you don't eat it, the pharaoh wants to be buried with it."
1062,1987,3,17,97,117,1.1965811965811965,0.042468962400341995,634,It tastes better because it’s not easily available.
1102,1987,4,15,98,117,1.1965811965811965,0.04416984246846932,634,Thank you for going to great heights for these hot dogs.
846,1987,3,17,97,117,1.1965811965811965,0.042468962400341995,634,I told you no mustard.
483,1987,2,19,96,117,1.1965811965811965,0.04069705826019773,634,That was way too many human sacrifices for a hot dog.
465,1987,4,15,98,117,1.1965811965811965,0.04416984246846932,634,I'd prefer a Sphinxburger.
429,1987,3,17,97,117,1.1965811965811965,0.042468962400341995,634,Can you take it back and add some onions to it for me?
2374,1987,5,13,99,117,1.1965811965811965,0.04580761072155073,634,"'So I buy two, and then tell 20 of my friends to buy four, and they tell 40 of their friends to buy...'"
11,1987,4,15,98,117,1.1965811965811965,0.04416984246846932,634,What do you mean pass it on?  Sounds like a pyramid scheme.
27,1987,3,17,97,117,1.1965811965811965,0.042468962400341995,634,He’s from Brooklyn - and a Yankees fan?
28,1987,6,11,100,117,1.1965811965811965,0.04738881108811301,634,Only 700 calories if you skip the elevator.
35,1987,4,15,98,117,1.1965811965811965,0.04416984246846932,634,I know it was kept very far from dairy products- it's still not kosher.
39,1987,4,15,98,117,1.1965811965811965,0.04416984246846932,634,Only eat one! It's at the top of the food pyramid.
96,1987,6,11,100,117,1.1965811965811965,0.04738881108811301,634,Could you get that with extra mustard?
137,1987,3,17,97,117,1.1965811965811965,0.042468962400341995,634,"Soooorrrieeee! I said ""gluten-free bun."""
139,1987,4,15,98,117,1.1965811965811965,0.04416984246846932,634,"It’s like a half pipe, but more Egyptian"
155,1987,4,15,98,117,1.1965811965811965,0.04416984246846932,634,Was that so hard?
164,1987,6,11,100,117,1.1965811965811965,0.04738881108811301,634,Pyramid scheme
169,1987,2,19,96,117,1.1965811965811965,0.04069705826019773,634,"If it's that hard to get, it must be worth it."""
222,1987,6,11,100,117,1.1965811965811965,0.04738881108811301,634,"Sure, the view is great, but it’s obviously  a pyramid scheme."
281,1987,4,15,98,117,1.1965811965811965,0.04416984246846932,634,All the money goes to the top 1%.”
292,1987,2,19,96,117,1.1965811965811965,0.04069705826019773,634,Could you ask him to add some more dijon ? It slid off when you slid down.
300,1987,2,19,96,117,1.1965811965811965,0.04069705826019773,634,Are these genuine Egyptian hotdogs?
301,1987,3,17,97,117,1.1965811965811965,0.042468962400341995,634,I always knew it wasn’t in _God_ we trust!”
302,1987,1,21,95,117,1.1965811965811965,0.03884441188518877,634,The History channel said the mystery meat came from ancient aliens.
308,1987,2,19,96,117,1.1965811965811965,0.04069705826019773,634,I'd like it wrapped really well.
312,1987,2,19,96,117,1.1965811965811965,0.04069705826019773,634,How important is it to you to sit down while we eat lunch?
331,1987,5,13,99,117,1.1965811965811965,0.04580761072155073,634,No ketchup?  This isn't Chicago.
339,1987,2,19,96,117,1.1965811965811965,0.04069705826019773,634,He does sliders as well.
387,1987,4,15,98,117,1.1965811965811965,0.04416984246846932,634,"The high price? Like everywhere, it's location ,location,location, plus the mustard."
403,1987,3,17,97,117,1.1965811965811965,0.042468962400341995,634,So that's what they mean by the food pyramid.
414,1987,2,19,96,117,1.1965811965811965,0.04069705826019773,634,So did he just roll it down or throw it?
1152,1987,5,13,99,117,1.1965811965811965,0.04580761072155073,634,What are our chances of borrowing some mustard?
1157,1987,6,11,100,117,1.1965811965811965,0.04738881108811301,634,"No, I don’t want a chili dog. Do I look like Cleofatra?"
608,1987,6,11,100,117,1.1965811965811965,0.04738881108811301,634,Tomatoes? What kind of Neanderthal tops a hot dog with tomatoes?
1263,1987,4,15,98,117,1.1965811965811965,0.04416984246846932,634,"I could afford two, since this guy has a no-tip policy."
1958,1987,5,13,99,117,1.1965811965811965,0.04580761072155073,634,Ketchup..? No you won't need ketchup. These are top of the pyramid hot dogs!
1985,1987,1,21,95,117,1.1965811965811965,0.03884441188518877,634,No thanks. I feel healthier avoiding the top of the food pyramid.
2022,1987,6,11,100,117,1.1965811965811965,0.04738881108811301,634,They finally figured out how to make them without preservatives
2024,1987,3,17,97,117,1.1965811965811965,0.042468962400341995,634,"No thanks, I called in a pizza order with the Sphinx."
2067,1987,5,13,99,117,1.1965811965811965,0.04580761072155073,634,"I don't know. I just feel like this whole thing is just a set-up for pyramid scheme jokes."""
2072,1987,2,19,96,117,1.1965811965811965,0.04069705826019773,634,"I'm sure it's delicious, but the one on 6th is just more convenient."
2079,1987,3,17,97,117,1.1965811965811965,0.042468962400341995,634,"But, what about the mummy sauce?"
2082,1987,4,15,98,117,1.1965811965811965,0.04416984246846932,634,"Not much else to do, unless you want to look at the pyramids."
2083,1987,4,15,98,117,1.1965811965811965,0.04416984246846932,634,"Finally, a food pyramid worth the trouble."
2109,1987,3,17,97,117,1.1965811965811965,0.042468962400341995,634,You paid how much?? I think that's a pyramid scheme.
2146,1987,5,13,99,117,1.1965811965811965,0.04580761072155073,634,"Well, I can cross eating a Tutdog off my bucket list"""
2155,1987,4,15,98,117,1.1965811965811965,0.04416984246846932,634,"OK,you can forget the mustard!"
2167,1987,5,13,99,117,1.1965811965811965,0.04580761072155073,634,"Sorry, getting extra mustard would be a bit of an uphill battle."
2168,1987,4,15,98,117,1.1965811965811965,0.04416984246846932,634,world famous...ponzi's dogs.
2182,1987,4,15,98,117,1.1965811965811965,0.04416984246846932,634,"That's not the kind of ""Food Pyramid"" I was talking about"
2197,1987,6,11,100,117,1.1965811965811965,0.04738881108811301,634,Good thing we got a reservation....he really is at the top of his game.
2220,1987,4,15,98,117,1.1965811965811965,0.04416984246846932,634,"Honey, I know our relationship on this trip has been a slippery slope, BUT you forgot the mustard!"
2238,1987,4,15,98,117,1.1965811965811965,0.04416984246846932,634,This isn't the 'riddle' I was expecting.
2239,1987,4,15,98,117,1.1965811965811965,0.04416984246846932,634,Who wouldn’t want a “top dog”?
2248,1987,4,15,98,117,1.1965811965811965,0.04416984246846932,634,"I swear!  It's a thing!  
MLM hot dogs first...then napkins, acne creams, statins, and wellness products.  You'll be rich!"
2256,1987,6,11,100,117,1.1965811965811965,0.04738881108811301,634,Must be a franchise - it tastes just like the one I ate at Chichen Itza.
2268,1987,4,15,98,117,1.1965811965811965,0.04416984246846932,634,Why didn’t you tell me you wanted sauerkraut?
2278,1987,5,13,99,117,1.1965811965811965,0.04580761072155073,634,You brought me to Cairo for a Hebrew National?  Hmmm.
1247,1987,5,13,99,117,1.1965811965811965,0.04580761072155073,634,Are you sure it's kosher?
2349,1987,2,19,96,117,1.1965811965811965,0.04069705826019773,634,Now you tell me you want sauerkraut?
1895,1987,3,17,97,117,1.1965811965811965,0.042468962400341995,634,"I get that you're really tired and hot, but I asked for no mustard."
1886,1987,2,19,96,117,1.1965811965811965,0.04069705826019773,634,Guaranteed you’ll be feeling that mummy’s curse in about 8 hours.”
2282,1987,2,19,96,117,1.1965811965811965,0.04069705826019773,634,"I must say I’m relieved. When you told me that you and Larry were getting into a pyramid scheme, I expected the worst."
1486,1987,1,21,95,117,1.1965811965811965,0.03884441188518877,634,"Thanks, but it still feels like some sort of scheme."
1319,1987,4,15,98,117,1.1965811965811965,0.04416984246846932,634,"You forgot the mustard, again!"
1321,1987,1,21,95,117,1.1965811965811965,0.03884441188518877,634,"ADA compliant or not, it's a good hotdog."
1345,1987,3,17,97,117,1.1965811965811965,0.042468962400341995,634,His permit allows exclusive use of the entire city block.
1346,1987,3,17,97,117,1.1965811965811965,0.042468962400341995,634,Shirley McLaine loves these pyramid dogs.
1352,1987,3,17,97,117,1.1965811965811965,0.042468962400341995,634,"Mama says, you're a Hot Dog, if  for a $20 - you will run up to grill'em up for me!"
1354,1987,4,15,98,117,1.1965811965811965,0.04416984246846932,634,How do you know you don't like Egyptian mustard?
1490,1987,3,17,97,117,1.1965811965811965,0.042468962400341995,634,How did that get to the top of the food chain?
1558,1987,5,13,99,117,1.1965811965811965,0.04580761072155073,634,Working hard against the FDA to get hot dogs into the bottom level of the food pyramid.
1579,1987,4,15,98,117,1.1965811965811965,0.04416984246846932,634,It's a no-weight-gain hot dog.  You burn up all the calories going to get it.
1590,1987,3,17,97,117,1.1965811965811965,0.042468962400341995,634,The slope is calculated so you burn the exact number of calories in the hot dog climbing up there
1649,1987,4,15,98,117,1.1965811965811965,0.04416984246846932,634,These are kosher.  His are local.
1651,1987,4,15,98,117,1.1965811965811965,0.04416984246846932,634,I find it hard to believe that hot dogs are at the top of the food pyramid.
1878,1987,4,15,98,117,1.1965811965811965,0.04416984246846932,634,"Can I assume that since we are in Egypt, these are not kosher?"
1678,1987,6,11,100,117,1.1965811965811965,0.04738881108811301,634,"The Mesopotamians, the Egyptians, the Mayans.....O.K.....but the hot dog vendors!?"
1715,1987,4,15,98,117,1.1965811965811965,0.04416984246846932,634,"You can take your ""King Tut Wiener"" and shove it!"
1729,1987,4,15,98,117,1.1965811965811965,0.04416984246846932,634,"Honey, I said koshary not kosher."
1733,1987,2,19,96,117,1.1965811965811965,0.04069705826019773,634,Twenty dollars? I told you it was a pyramid scheme.
1749,1987,4,15,98,117,1.1965811965811965,0.04416984246846932,634,The reason it costs so much are the shipping charges.
1761,1987,6,11,100,117,1.1965811965811965,0.04738881108811301,634,Were they out of Cheops?
1861,1987,4,15,98,117,1.1965811965811965,0.04416984246846932,634,So you get us two cold hot dogs and zero mummifried pickles?
1764,1987,2,19,96,117,1.1965811965811965,0.04069705826019773,634,I think you are now part of a pyramid scheme.
1773,1987,3,17,97,117,1.1965811965811965,0.042468962400341995,634,You’ll be dying for one in the afterlife.
1791,1987,3,17,97,117,1.1965811965811965,0.042468962400341995,634,He used to be a Supreme Court candidate.
1845,1987,5,13,99,117,1.1965811965811965,0.04580761072155073,634,"Now, get two people to sell four dogs, four people to sell eight..."
1669,1987,7,9,101,117,1.1965811965811965,0.04891892918567,634,"This is a bit awkward, but I forgot to mention that I'm vegan."
3756,2213,3,16,95,114,1.1929824561403508,0.04294180119029562,634,Ask him if this is organic.
2944,2213,3,16,95,114,1.1929824561403508,0.04294180119029562,634,A little mustard would be nice.
1390,2213,3,16,95,114,1.1929824561403508,0.04294180119029562,634,This is a Top Dog
344,2213,3,16,95,114,1.1929824561403508,0.04294180119029562,634,Did you remember the ....?
2023,2213,1,20,93,114,1.1929824561403508,0.039159768886152954,634,So glad we decided to travel abroad this Summer
3265,2218,3,16,96,115,1.191304347826087,0.0425998216136205,634,"At last! Your idiotic dream fulfilled, a hot dog in every country!  My mother was right about you."
3194,2218,2,18,95,115,1.191304347826087,0.04076995830529592,634,You mean to tell me that we wasted all of our free air miles for a hot dog?!
2868,2218,5,12,98,115,1.191304347826087,0.04604188749503791,634,I didn't realize Costco was in Egypt now . . . .
3167,2218,3,16,96,115,1.191304347826087,0.0425998216136205,634,That's one pyramid scheme I like
3138,2218,4,14,97,115,1.191304347826087,0.044354256873596794,634,No way  - a hot dog Pyramid Scheme!
3097,2218,2,18,95,115,1.191304347826087,0.04076995830529592,634,"Oh, you forgot to get mustard on mine."
3048,2218,2,18,95,115,1.191304347826087,0.04076995830529592,634,"What, nothing to drink?"
3039,2218,5,12,98,115,1.191304347826087,0.04604188749503791,634,"Dear, would you mind getting me some relish?"
2872,2218,2,18,95,115,1.191304347826087,0.04076995830529592,634,That's with ketchup. I asked for mustard.
3202,2218,3,16,96,115,1.191304347826087,0.0425998216136205,634,I'd didn't think to ask if it was kosher.
2313,2218,5,12,98,115,1.191304347826087,0.04604188749503791,634,I graduated Yale. How do I get a job at the top of the pyramid?
2817,2218,2,18,95,115,1.191304347826087,0.04076995830529592,634,"And by the way, we welcome walk-ins."
2765,2218,3,16,96,115,1.191304347826087,0.0425998216136205,634,"OK, he likes beer and pillaging. OK, his grandfather was Pharoah. But he worked his tail off to get where he is."
2732,2218,2,18,95,115,1.191304347826087,0.04076995830529592,634,"No, I won't go back up for more relish."
2717,2218,4,14,97,115,1.191304347826087,0.044354256873596794,634,STILL faster than the pretzels line.”
2637,2218,4,14,97,115,1.191304347826087,0.044354256873596794,634,"Mark my words, this pyramid scheme will be the next Amway"
2530,2218,3,16,96,115,1.191304347826087,0.0425998216136205,634,You say he calls it his pyramid scheme?
2420,2218,5,12,98,115,1.191304347826087,0.04604188749503791,634,Thanks! Now can you go back up for some Mustard?
2383,2218,2,18,95,115,1.191304347826087,0.04076995830529592,634,Food pyramids with hot dogs on top are the best!
2322,2218,4,14,97,115,1.191304347826087,0.044354256873596794,634,Let's just say it was pricey.
3284,2218,5,12,98,115,1.191304347826087,0.04604188749503791,634,"More mustard. You know, I like more mustard. Get more mustard."
2318,2218,2,18,95,115,1.191304347826087,0.04076995830529592,634,He looks tiny but he’s just really really far away
2849,2218,4,14,97,115,1.191304347826087,0.044354256873596794,634,Because it's there.
3342,2218,2,18,95,115,1.191304347826087,0.04076995830529592,634,They're even Kosher!
4131,2218,2,18,95,115,1.191304347826087,0.04076995830529592,634,Did you ask him if it's kosher?
3569,2218,4,14,97,115,1.191304347826087,0.044354256873596794,634,no one knows how they were made-- but people come from all over the world to taste them.
4585,2218,4,14,97,115,1.191304347826087,0.044354256873596794,634,Glad I paid extra for delivery.
4504,2218,2,18,95,115,1.191304347826087,0.04076995830529592,634,"Wait, how could they be out of Cheops?"
4441,2218,4,14,97,115,1.191304347826087,0.044354256873596794,634,In legal circles they call it a ponzi dog.
4417,2218,2,18,95,115,1.191304347826087,0.04076995830529592,634,I thought I asked you for one with mustard.
4400,2218,4,14,97,115,1.191304347826087,0.044354256873596794,634,We get mustard and onions at the Sphinx.
4343,2218,3,16,96,115,1.191304347826087,0.0425998216136205,634,I specifically said no mustard
4232,2218,4,14,97,115,1.191304347826087,0.044354256873596794,634,Isn’t that a little high for two hot dogs?
4208,2218,4,14,97,115,1.191304347826087,0.044354256873596794,634,"Thanks, but no thanks. I told you I wanted sauerkraut."""
4205,2218,4,14,97,115,1.191304347826087,0.044354256873596794,634,"I dunno, it kind of sounds like a pyramid scheme."
4133,2218,5,12,98,115,1.191304347826087,0.04604188749503791,634,That was the most convenient hot dog stand ever
3348,2218,5,12,98,115,1.191304347826087,0.04604188749503791,634,"I asked for relish, no mustard."
4054,2218,6,10,99,115,1.191304347826087,0.047669809160541525,634,Nice that it rolls down
3982,2218,4,14,97,115,1.191304347826087,0.044354256873596794,634,"I'd like some more mustard,please."
3906,2218,3,16,96,115,1.191304347826087,0.0425998216136205,634,He's got the market cornered.
3873,2218,2,18,95,115,1.191304347826087,0.04076995830529592,634,"Believe me, they're the best hot dogs on the hill."
3822,2218,4,14,97,115,1.191304347826087,0.044354256873596794,634,Your missing the point!  I'm not inclined to get in on the ground floor of some pyramid scheme.
3801,2218,4,14,97,115,1.191304347826087,0.044354256873596794,634,Hmmmm. I don't think so pal . Looks like another pyramid scheme to me.
3751,2218,5,12,98,115,1.191304347826087,0.04604188749503791,634,He says it makes him feel important
3713,2218,6,10,99,115,1.191304347826087,0.047669809160541525,634,So THIS is what the food pyramid is all about?
3696,2218,4,14,97,115,1.191304347826087,0.044354256873596794,634,It’s free with if you get 20 friends to sign up
3657,2218,3,16,96,115,1.191304347826087,0.0425998216136205,634,Did I forget to tell you I’m a vegetarian?
3629,2218,4,14,97,115,1.191304347826087,0.044354256873596794,634,"We call them hot dogs, but he calls them 'Sliders.'"
4018,2218,3,16,96,115,1.191304347826087,0.0425998216136205,634,It did not start as a hot dog stand. Three centuries ago a megalomaniac Gringo Emperor tried to build a wall from here all the way to El Paso to keep us out. It worked mostly in shutting down factory farms.
2267,2218,5,12,98,115,1.191304347826087,0.04604188749503791,634,"yours has pickles, the one with onions is mayan"
913,2218,1,20,94,115,1.191304347826087,0.03885401136200545,634,"No thanks, I'm wedgetarian."
2190,2218,3,16,96,115,1.191304347826087,0.0425998216136205,634,You call that a square meal?
956,2218,6,10,99,115,1.191304347826087,0.047669809160541525,634,"Hot dogs?  Top of the food pyramid?.
My dreams have been answered!"
953,2218,3,16,96,115,1.191304347826087,0.0425998216136205,634,That was a hassle.
941,2218,4,14,97,115,1.191304347826087,0.044354256873596794,634,"Um, can I get one with mustard, no relish?"
879,2218,5,12,98,115,1.191304347826087,0.04604188749503791,634,He said all we have to do is find four new people to buy hot dogs.
878,2218,2,18,95,115,1.191304347826087,0.04076995830529592,634,Not Hebrew National? Take 'em back right this minute!
848,2218,3,16,96,115,1.191304347826087,0.0425998216136205,634,It's Kosher!?
656,2218,1,20,94,115,1.191304347826087,0.03885401136200545,634,"I promise, they're top quality."
651,2218,5,12,98,115,1.191304347826087,0.04604188749503791,634,Sorry. He just sold out of tofu dogs.
642,2218,3,16,96,115,1.191304347826087,0.0425998216136205,634,I wanted pizza.
607,2218,2,18,95,115,1.191304347826087,0.04076995830529592,634,He calls it a King Tutankhot dog fit for a pharaoh.
568,2218,3,16,96,115,1.191304347826087,0.0425998216136205,634,I wanted mustard on mine.
508,2218,4,14,97,115,1.191304347826087,0.044354256873596794,634,"I asked for a King Tutt, this looks like a Cleopatra."
493,2218,1,20,94,115,1.191304347826087,0.03885401136200545,634,But I wanted mustard and relish on my hotdog!
371,2218,2,18,95,115,1.191304347826087,0.04076995830529592,634,"Nice, but where's my change."
356,2218,3,16,96,115,1.191304347826087,0.0425998216136205,634,"Go back up there and tell him I want ketchup."""
348,2218,4,14,97,115,1.191304347826087,0.044354256873596794,634,"It's cold, could you deliver one faster?"
317,2218,2,18,95,115,1.191304347826087,0.04076995830529592,634,What kind of pyramid scheme are you running here?
306,2218,2,18,95,115,1.191304347826087,0.04076995830529592,634,What? No change for a gold piece?
273,2218,6,10,99,115,1.191304347826087,0.047669809160541525,634,"They're called tut dogs and are very ankhamun, so I'm told."
87,2218,2,18,95,115,1.191304347826087,0.04076995830529592,634,Oh no you forgot the mustard!
2247,2218,1,20,94,115,1.191304347826087,0.03885401136200545,634,"No, no, no. It's called 'multi-level marketing.'"
1021,2218,3,16,96,115,1.191304347826087,0.0425998216136205,634,"I know you're a vegetarian, but this is a top dog."
1037,2218,6,10,99,115,1.191304347826087,0.047669809160541525,634,I always knew the best hot dogs were at the top of the pyramid.
578,2218,4,14,97,115,1.191304347826087,0.044354256873596794,634,Getting to the top of the pyramid is overrated
1147,2218,4,14,97,115,1.191304347826087,0.044354256873596794,634,Thanks for remembering my food pyramid diet.
2163,2218,3,16,96,115,1.191304347826087,0.0425998216136205,634,Are you sure it was solar grilled?
1042,2218,4,14,97,115,1.191304347826087,0.044354256873596794,634,His issues are many sided.
1952,2218,4,14,97,115,1.191304347826087,0.044354256873596794,634,"Damn Mildred, these are the apex of hotdogs!"
1947,2218,4,14,97,115,1.191304347826087,0.044354256873596794,634,The walk was worth it.
1922,2218,3,16,96,115,1.191304347826087,0.0425998216136205,634,Is there a vegan option?
1905,2218,4,14,97,115,1.191304347826087,0.044354256873596794,634,"Babe, it's the Dome of the Rock, of course it's kosher."
1896,2218,6,10,99,115,1.191304347826087,0.047669809160541525,634,Nothing but lips and asp
1801,2218,4,14,97,115,1.191304347826087,0.044354256873596794,634,Every thing is a mirage
1742,2218,4,14,97,115,1.191304347826087,0.044354256873596794,634,"No, I said I *did* want relish on it."
1707,2218,1,20,94,115,1.191304347826087,0.03885401136200545,634,"Is it kosher?""
""shhhhhh!"
1631,2218,2,18,95,115,1.191304347826087,0.04076995830529592,634,I asked for relish!
1842,2218,4,14,97,115,1.191304347826087,0.044354256873596794,634,One Let My Weiner Go special. Come again!
1614,2218,3,16,96,115,1.191304347826087,0.0425998216136205,634,He built it when his wife died just so he could do that.
1149,2218,3,16,96,115,1.191304347826087,0.0425998216136205,634,Can you go back for relish?
1297,2218,3,16,96,115,1.191304347826087,0.0425998216136205,634,Go back and get some mustard on it.
1300,2218,2,18,95,115,1.191304347826087,0.04076995830529592,634,"But I said 'no ketchup'!"""
1309,2218,3,16,96,115,1.191304347826087,0.0425998216136205,634,"No Carl, ""Mummy"" isn't hungry."
1328,2218,1,20,94,115,1.191304347826087,0.03885401136200545,634,When did the pyramid change sponsorship to Top Dogs?
1250,2218,6,10,99,115,1.191304347826087,0.047669809160541525,634,4$ for the Frank's but the magic show is for free.
1418,2218,4,14,97,115,1.191304347826087,0.044354256873596794,634,How do you think he got up there?
1537,2218,3,16,96,115,1.191304347826087,0.0425998216136205,634,Getting the hot dogs was easy. Paying him was hard.
1556,2218,4,14,97,115,1.191304347826087,0.044354256873596794,634,Would you mind?  Spicy mustard.
1362,2218,3,16,96,115,1.191304347826087,0.0425998216136205,634,What?.......where’s the sauerkraut!
2749,2318,2,17,92,111,1.1891891891891893,0.041498376301112666,634,I wish it was an Aztec pyramid.
3054,2318,4,13,94,111,1.1891891891891893,0.04527378450305516,634,Would you like that with Cheops and fries?
3061,2318,3,15,93,111,1.1891891891891893,0.04342712746002104,634,Weirdest pyramid scheme ever.
3027,2318,1,19,91,111,1.1891891891891893,0.03947549964001198,634,Do you think he has any relish?
3016,2318,4,13,94,111,1.1891891891891893,0.04527378450305516,634,"He's outta hot dogs, I got you a hot Sphinx."
2983,2318,1,19,91,111,1.1891891891891893,0.03947549964001198,634,Are you sure you carried it down?
2959,2318,2,17,92,111,1.1891891891891893,0.041498376301112666,634,Just trust me - we call it ‘the pyramid scheme’”.
2952,2318,3,15,93,111,1.1891891891891893,0.04342712746002104,634,And the hot dogs never spoil on a pyramid.  This one is from 1983.
2877,2318,2,17,92,111,1.1891891891891893,0.041498376301112666,634,You know the old Aztec joke about what hot dogs are made of?
2776,2318,1,19,91,111,1.1891891891891893,0.03947549964001198,634,I guess I'm supposed to sell these to you now? I don't know... might just be a pyramid scheme.
2751,2318,5,11,95,111,1.1891891891891893,0.04704801512316158,634,These taste just like the ones my mummy used to make when I was a kid.
2739,2318,3,15,93,111,1.1891891891891893,0.04342712746002104,634,I thought it came with a 20 oz soda
2444,2318,3,15,93,111,1.1891891891891893,0.04342712746002104,634,Can I get mustard on that.
2559,2318,3,15,93,111,1.1891891891891893,0.04342712746002104,634,"Well, it seems he misunderstood  'pyrimid scheme.'"
2555,2318,4,13,94,111,1.1891891891891893,0.04527378450305516,634,"Thank you, honey. 
My interest is piqued."
2554,2318,3,15,93,111,1.1891891891891893,0.04342712746002104,634,He says he always wanted to be Top Dog
2524,2318,1,19,91,111,1.1891891891891893,0.03947549964001198,634,But is it vegan?
2521,2318,2,17,92,111,1.1891891891891893,0.041498376301112666,634,It may be one of the Seven Wonders but its an average hot dog.
2516,2318,1,19,91,111,1.1891891891891893,0.03947549964001198,634,Mustard!  Now you tell me!
2481,2318,2,17,92,111,1.1891891891891893,0.041498376301112666,634,I wanted ketchup. I hate mustard.
2478,2318,5,11,95,111,1.1891891891891893,0.04704801512316158,634,Did you get those from Costco? Because there's no way you climbed that pyramid
2469,2318,3,15,93,111,1.1891891891891893,0.04342712746002104,634,It’s a marketing ploy - something about being top dog.
2436,2318,4,13,94,111,1.1891891891891893,0.04527378450305516,634,I hear it's the best hotdog for miles...
3067,2318,3,15,93,111,1.1891891891891893,0.04342712746002104,634,"Oh, I want ketchup on that."
2563,2318,3,15,93,111,1.1891891891891893,0.04342712746002104,634,"But technically, is it an Egyptian hot dog or a kosher hot dog?"
3079,2318,1,19,91,111,1.1891891891891893,0.03947549964001198,634,"If you won’t come to the hotdog, the hotdog will come to you."
4544,2318,4,13,94,111,1.1891891891891893,0.04527378450305516,634,"Wow, the ninth and tenth wonders of the world."
3248,2318,3,15,93,111,1.1891891891891893,0.04342712746002104,634,"Sorry, I 'm on a strictly bottom-of-the-pyramid diet."""
2387,2318,2,17,92,111,1.1891891891891893,0.041498376301112666,634,Hotdog! I finally get the point of this place
4646,2318,3,15,93,111,1.1891891891891893,0.04342712746002104,634,"No, sorry, I asked for a “farro” dog."
4623,2318,2,17,92,111,1.1891891891891893,0.041498376301112666,634,"I know this hot dog vendor can hawk like an Egyptian, but it's still a tourist trap."
4517,2318,2,17,92,111,1.1891891891891893,0.041498376301112666,634,"Sorry, but Pyramid enterprises repel me, no matter how tempting the sales talk can be."
4503,2318,3,15,93,111,1.1891891891891893,0.04342712746002104,634,a royal mumified hot dog?
4342,2318,1,19,91,111,1.1891891891891893,0.03947549964001198,634,"Honey, is this some kind of Pyramid Scheme?"
4267,2318,3,15,93,111,1.1891891891891893,0.04342712746002104,634,I thought you were taking me to that new restaurant in Cairo.
3985,2318,3,15,93,111,1.1891891891891893,0.04342712746002104,634,Are you sure they're Anubis free?
3977,2318,2,17,92,111,1.1891891891891893,0.041498376301112666,634,"What?  He said if we get people on the bus to buy
these for $7.50 apiece, we get ours for only $1.10?
Hmmm. . .sounds like some sort of scheme to me."
3967,2318,3,15,93,111,1.1891891891891893,0.04342712746002104,634,Did he live in Chicago before converting to Islam?
3963,2318,5,11,95,111,1.1891891891891893,0.04704801512316158,634,I asked for a toasted bun- under this sun he can't do it?
3106,2318,0,21,90,111,1.1891891891891893,0.03734320430852743,634,I'm impressed by his adherence to Mayan dietary laws.
3912,2318,2,17,92,111,1.1891891891891893,0.041498376301112666,634,Delicious. These are TOP DOGS!
3814,2318,2,17,92,111,1.1891891891891893,0.041498376301112666,634,"Mustard please, if you are so inclined."
3767,2318,3,15,93,111,1.1891891891891893,0.04342712746002104,634,LIMERICK: The tourists went to see the sight...While they were there they had a bite...Some kind of meat...Right off the street...Their undies are no longer white.
3728,2318,5,11,95,111,1.1891891891891893,0.04704801512316158,634,In Egypt they calls 'em 'Hot Gods'.
3535,2318,2,17,92,111,1.1891891891891893,0.041498376301112666,634,His father told him to scale up!
3533,2318,2,17,92,111,1.1891891891891893,0.041498376301112666,634,"I hear ""Akhenaten's Famous"" are the best."
3527,2318,2,17,92,111,1.1891891891891893,0.041498376301112666,634,Now this is a pyramid scheme I'm interested in
3516,2318,3,15,93,111,1.1891891891891893,0.04342712746002104,634,How much did you invest in this hot dog pyramid scheme?
3406,2318,4,13,94,111,1.1891891891891893,0.04527378450305516,634,I wanted the Ra National Beef frank without the dressings!
3296,2318,3,15,93,111,1.1891891891891893,0.04342712746002104,634,But there's no mustard in that hot dog!
3282,2318,1,19,91,111,1.1891891891891893,0.03947549964001198,634,"Girl: ""We're done. I told you to get me a chili-dog.""
Guy: ""You thought one of these was for you?"""
3251,2318,2,17,92,111,1.1891891891891893,0.041498376301112666,634,Let's hang around.  He thinks he's got a great seat  for something.
3866,2318,2,17,92,111,1.1891891891891893,0.041498376301112666,634,It seems like a pyra-meat scheme to me.
2290,2318,4,13,94,111,1.1891891891891893,0.04527378450305516,634,I wanted mine with sauerkraut.
552,2318,2,17,92,111,1.1891891891891893,0.041498376301112666,634,"Yes, they’re expensive. But they ARE 4,000 years old"
2222,2318,4,13,94,111,1.1891891891891893,0.04527378450305516,634,"What kind of scheme? No, it’s a time-share."
903,2318,3,15,93,111,1.1891891891891893,0.04342712746002104,634,Never Ketchup!  I wanted mustard.
888,2318,4,13,94,111,1.1891891891891893,0.04527378450305516,634,"I told him you want mustard and relish, but he just sat there like a sphinx."
853,2318,4,13,94,111,1.1891891891891893,0.04527378450305516,634,"Now, I see why your ""buns"" are so firm."
787,2318,2,17,92,111,1.1891891891891893,0.041498376301112666,634,What a dream come true to finally see the Great Fred of Giza.
776,2318,4,13,94,111,1.1891891891891893,0.04527378450305516,634,Did you remember the mustard?
750,2318,2,17,92,111,1.1891891891891893,0.041498376301112666,634,He claims his dogs are from an ancient Egyptian recipe.
731,2318,2,17,92,111,1.1891891891891893,0.041498376301112666,634,We cook them until they reach the peak of flavor.
715,2318,8,5,98,111,1.1891891891891893,0.05200880904644647,634,Do you have a beer to go with the dog so I can blackout like Brett Kavanaugh?
693,2318,3,15,93,111,1.1891891891891893,0.04342712746002104,634,Pharaoh's charge less for permits apparently.
629,2318,2,17,92,111,1.1891891891891893,0.041498376301112666,634,How exactly do you know these are the best hotdogs in Egypt?
620,2318,4,13,94,111,1.1891891891891893,0.04527378450305516,634,With the beach erosion he is staking his spot for next summer too.
2223,2318,3,15,93,111,1.1891891891891893,0.04342712746002104,634,Can you go back for the relish?
451,2318,3,15,93,111,1.1891891891891893,0.04342712746002104,634,You fell for another pyramid scheme.
417,2318,2,17,92,111,1.1891891891891893,0.041498376301112666,634,We're always eating food from the bottom of the pyramid!
408,2318,3,15,93,111,1.1891891891891893,0.04342712746002104,634,Needs mustard.
323,2318,2,17,92,111,1.1891891891891893,0.041498376301112666,634,"Now you go out and recruit two more hot dog vendors, and before long we'll be rolling in wieners!"
315,2318,4,13,94,111,1.1891891891891893,0.04527378450305516,634,"Here’s the deal. Buy this one now, and you get a free one every day for the rest of your life."
283,2318,4,13,94,111,1.1891891891891893,0.04527378450305516,634,No jalapeno relish?
210,2318,3,15,93,111,1.1891891891891893,0.04342712746002104,634,And you said this was a tourist trap.
150,2318,1,19,91,111,1.1891891891891893,0.03947549964001198,634,Who knew a footlong was the food of the Pharaofs.
146,2318,3,15,93,111,1.1891891891891893,0.04342712746002104,634,"Trust me, it's not a pyramid scheme."
119,2318,5,11,95,111,1.1891891891891893,0.04704801512316158,634,"Pyramid Dogs""...Fascinating outside, Dead Inside"
43,2318,5,11,95,111,1.1891891891891893,0.04704801512316158,634,"Sorry, I'm just not into multi-level marketing."
968,2318,0,21,90,111,1.1891891891891893,0.03734320430852743,634,"Maslow was a little off, but it’s still tasty at the top."
975,2318,4,13,94,111,1.1891891891891893,0.04527378450305516,634,Why not ? Can’t you see it’s top of the food pyramid?
876,2318,2,17,92,111,1.1891891891891893,0.041498376301112666,634,"To get to the top, just follow Mr. Madoff’s directions."
1053,2318,3,15,93,111,1.1891891891891893,0.04342712746002104,634,Did you remember the relish?
2213,2318,2,17,92,111,1.1891891891891893,0.041498376301112666,634,"No, no!  I said mustard--not ketchup!"
2174,2318,4,13,94,111,1.1891891891891893,0.04527378450305516,634,"Thanks dear, did you put mustard on it?"
2134,2318,1,19,91,111,1.1891891891891893,0.03947549964001198,634,What did I tell you about pyramid schemes?
2114,2318,3,15,93,111,1.1891891891891893,0.04342712746002104,634,"C'mon Ralph, how many times do I have to tell you? There are no dogs in Heaven."
2099,2318,4,13,94,111,1.1891891891891893,0.04527378450305516,634,He said it was more authentic.
2045,2318,5,11,95,111,1.1891891891891893,0.04704801512316158,634,You didn't get mustard & sauerkraut on either one?
2033,2318,5,11,95,111,1.1891891891891893,0.04704801512316158,634,"I said I wanted relish on mine.  When you go back up, can you ask him if they’re kosher?"
1047,2318,3,15,93,111,1.1891891891891893,0.04342712746002104,634,"Sorry, no felafel.  He says hot dogs sell better here than in Times Square."
1867,2318,4,13,94,111,1.1891891891891893,0.04527378450305516,634,As exclusive as this is - the Camel Cafeteria serves the same food
1821,2318,2,17,92,111,1.1891891891891893,0.041498376301112666,634,It’s wrong to be eating chili-cheese dogs even if you are getting some exercise.
1759,2318,3,15,93,111,1.1891891891891893,0.04342712746002104,634,"Taste it, then you tell me if the hype isn't worth it!"
1756,2318,2,17,92,111,1.1891891891891893,0.041498376301112666,634,Enjoy the pinnacle of hot dogs
2002,2318,5,11,95,111,1.1891891891891893,0.04704801512316158,634,"Wow,those look good,l thought it was just a pyramid scheme."
1643,2318,6,9,96,111,1.1891891891891893,0.04875772647313864,634,The vendor said this hot dog was cursed by King Tut.
1692,2318,1,19,91,111,1.1891891891891893,0.03947549964001198,634,It’s the most exclusive Hot Dog stand in the country
1387,2318,2,17,92,111,1.1891891891891893,0.041498376301112666,634,"He promised to send us two more next week.
But we can cancel at anytime.”"
1463,2318,3,15,93,111,1.1891891891891893,0.04342712746002104,634,Where'd you get the hot dogs?
1469,2318,3,15,93,111,1.1891891891891893,0.04342712746002104,634,"I'm not sure, something about a curse..."
1474,2318,4,13,94,111,1.1891891891891893,0.04527378450305516,634,"No thanks, this hotdog vendor is pointless."
1086,2318,3,15,93,111,1.1891891891891893,0.04342712746002104,634,This is where the Sun King is buried.
1493,2318,6,9,96,111,1.1891891891891893,0.04875772647313864,634,Gentrification.
1547,2318,0,21,90,111,1.1891891891891893,0.03734320430852743,634,The profits go to Ra.
1555,2318,3,15,93,111,1.1891891891891893,0.04342712746002104,634,The reward is the journey but the hotdogs aren't bad.
1563,2318,2,17,92,111,1.1891891891891893,0.041498376301112666,634,Return receipt pretty much inevitable.
1476,2318,3,15,93,111,1.1891891891891893,0.04342712746002104,634,I didn’t have the heart to tell him the pyramids are actually tombs.
405,2426,3,13,85,101,1.188118811881188,0.04605823108757625,634,It’s refreshing to see people at the pinnacle of their career.
2713,2427,3,15,94,112,1.1875,0.04307077546134616,634,For the price you'll have an unobstructed view and unlimited Wi-Fi!
4072,2427,3,15,94,112,1.1875,0.04307077546134616,634,He brought his street corner with him when he retired.
3980,2427,4,13,95,112,1.1875,0.044899519593386075,634,"Ah, so that's what they do with the leftover embalming fluid..."
3647,2427,1,19,92,112,1.1875,0.03915790312429123,634,Onions?  No onions?
3494,2427,2,17,93,112,1.1875,0.041160861725266853,634,"To tell the truth, he's got the better product. But my secret? Location, location, location!"""
3322,2427,3,15,94,112,1.1875,0.04307077546134616,634,Sysiphus decided to stay on top
3218,2427,1,19,92,112,1.1875,0.03915790312429123,634,Aw shoot. Forgot the relish.
3013,2427,4,13,95,112,1.1875,0.044899519593386075,634,All it took was a hotdog.
2796,2427,1,19,92,112,1.1875,0.03915790312429123,634,He started at the top.
2588,2427,5,11,96,112,1.1875,0.046656639619587055,634,I don't want a sandwich.
4622,2427,2,17,93,112,1.1875,0.041160861725266853,634,Is there a restroom up there?
1936,2427,1,19,92,112,1.1875,0.03915790312429123,634,"So, that’s why the top is missing?"
2392,2427,4,13,95,112,1.1875,0.044899519593386075,634,"It looks pretty old, but are you sure it's genuine ?"
492,2427,1,19,92,112,1.1875,0.03915790312429123,634,Hot dogs are earned here
751,2427,2,17,93,112,1.1875,0.041160861725266853,634,Great place for a new pop-up!
822,2427,5,11,96,112,1.1875,0.046656639619587055,634,Are you sure it's a kosher hot dog?
633,2427,4,13,95,112,1.1875,0.044899519593386075,634,"No, I said I wanted mustard, not ketchup!"
1049,2427,2,17,93,112,1.1875,0.041160861725266853,634,It's made from the intestines of a virgin?
1233,2427,2,17,93,112,1.1875,0.041160861725266853,634,This hot dog looks petty mummified.
1269,2427,4,13,95,112,1.1875,0.044899519593386075,634,And the amazing thing is the top ten feet will be solid hot dogs!
1544,2427,3,15,94,112,1.1875,0.04307077546134616,634,Really ... he started with two hot dogs and someone looking for an opportunity.  Are you in?
916,2427,2,17,93,112,1.1875,0.041160861725266853,634,I don’t think this is what the Egyptians had in mind…
3081,2449,3,14,92,109,1.18348623853211,0.0435533846923308,634,A kosher hot dog? How did you even guess he was Jewish?
2862,2449,5,10,94,109,1.18348623853211,0.04729362164999815,634,You forgot the drinks!
2897,2449,3,14,92,109,1.18348623853211,0.0435533846923308,634,"Current plans call for finishing up in the next millennium. Until then, let’s have a little fun."
2930,2449,3,14,92,109,1.18348623853211,0.0435533846923308,634,"Here you go, two 'King Tuts', light on the natron."
2995,2449,4,12,93,109,1.18348623853211,0.04546198393675384,634,"Pharaoh dog! I said Pharaoh dog, not Sphinx dog!"
3038,2449,3,14,92,109,1.18348623853211,0.0435533846923308,634,What about the relish?
3102,2449,3,14,92,109,1.18348623853211,0.0435533846923308,634,The food pyramid has changed somewhat since we learned about it as children.
3414,2449,2,16,91,109,1.18348623853211,0.04155722142841897,634,Of course they’re kosher. Moses delivered them out of Brooklyn.
3201,2449,0,20,89,109,1.18348623853211,0.03724531275523977,634,10 dollars each? The prices here are pretty steep.
3237,2449,2,16,91,109,1.18348623853211,0.04155722142841897,634,The Mummy Dog? Ew. No wonder business is dead.
3290,2449,1,18,90,109,1.18348623853211,0.039460207646984526,634,Anyone can get a hot dog. All you have to do is pull yourself up by your bootstraps.
2839,2449,5,10,94,109,1.18348623853211,0.04729362164999815,634,"I'd like more mustard, but now I guess we'll have to wait until after the human sacrifice."
3445,2449,4,12,93,109,1.18348623853211,0.04546198393675384,634,"It’s the Pharoh Khufu tofu dog, with mummified onions."
3461,2449,3,14,92,109,1.18348623853211,0.0435533846923308,634,"Oh, thank you for getting me one too...wait, thats not mustard is it?"
3169,2449,3,14,92,109,1.18348623853211,0.0435533846923308,634,I hear the family are going to cremate him anyway
2786,2449,3,14,92,109,1.18348623853211,0.0435533846923308,634,It looks good but I don’t think it belongs at the top of the food pyramid
2579,2449,4,12,93,109,1.18348623853211,0.04546198393675384,634,Is this a hot dog pyramid scheme?
2698,2449,2,16,91,109,1.18348623853211,0.04155722142841897,634,Who knew the Egyptians were so fond of hot dogs?
2266,2449,2,16,91,109,1.18348623853211,0.04155722142841897,634,I said “extra mustard”.
2274,2449,2,16,91,109,1.18348623853211,0.04155722142841897,634,You're sure it's all beef?
2297,2449,2,16,91,109,1.18348623853211,0.04155722142841897,634,Jose's hot dogs are are the pinnacle of taste.
2311,2449,1,18,90,109,1.18348623853211,0.039460207646984526,634,Mayan and mustard?
2325,2449,4,12,93,109,1.18348623853211,0.04546198393675384,634,It's the new NAFTA
2356,2449,5,10,94,109,1.18348623853211,0.04729362164999815,634,I’m going to be the hot dog king one day! Continual improvement! Dad taught me to believe in the endless mountain!
2376,2449,4,12,93,109,1.18348623853211,0.04546198393675384,634,"Good hotdog, but his franchise pitch sounds like a pyramid scheme."
2718,2449,2,16,91,109,1.18348623853211,0.04155722142841897,634,That guy is offering a great opportunity to own our own Hot Dog Cart.
2400,2449,3,14,92,109,1.18348623853211,0.0435533846923308,634,His yelp reviews were amazing
2411,2449,1,18,90,109,1.18348623853211,0.039460207646984526,634,How many Jews did it take to get the cart up there?
2426,2449,1,18,90,109,1.18348623853211,0.039460207646984526,634,Is there a delivery charge?
2445,2449,2,16,91,109,1.18348623853211,0.04155722142841897,634,"It's the climb, Miley."
2476,2449,3,14,92,109,1.18348623853211,0.0435533846923308,634,"Isn’t it ironic? They sacrificed their hearts here, too!"
3483,2449,3,14,92,109,1.18348623853211,0.0435533846923308,634,You're thinking of India. Totally cool to eat beef here.
2617,2449,6,8,95,109,1.18348623853211,0.04905691912544736,634,"If it's not too much trouble, I would like a little more relish!"
2688,2449,3,14,92,109,1.18348623853211,0.0435533846923308,634,"I said, ""No, sauerkraut!"
2402,2449,3,14,92,109,1.18348623853211,0.0435533846923308,634,Just mustard.
3521,2449,3,14,92,109,1.18348623853211,0.0435533846923308,634,He says it's not a pyramid scheme.
3797,2449,4,12,93,109,1.18348623853211,0.04546198393675384,634,Anything called a Mummy Dog has got to be loaded with preservatives.
3553,2449,6,8,95,109,1.18348623853211,0.04905691912544736,634,"It may be the meaning of life, but is it Kosher?"
4407,2449,4,12,93,109,1.18348623853211,0.04546198393675384,634,a hot dog stand ... who knew
4421,2449,2,16,91,109,1.18348623853211,0.04155722142841897,634,But I said I wanted mine PLANE!
4436,2449,3,14,92,109,1.18348623853211,0.0435533846923308,634,"The set up may take a while, but he practically flies home...."
4455,2449,3,14,92,109,1.18348623853211,0.0435533846923308,634,So they were sliders the whole time?
4529,2449,0,20,89,109,1.18348623853211,0.03724531275523977,634,He says the relish is heavenly
4543,2449,1,18,90,109,1.18348623853211,0.039460207646984526,634,That's not Egyptian food.
4547,2449,4,12,93,109,1.18348623853211,0.04546198393675384,634,would you mind going back for some relish ?
4560,2449,1,18,90,109,1.18348623853211,0.039460207646984526,634,I thought I told you no relish!
4566,2449,3,14,92,109,1.18348623853211,0.0435533846923308,634,No one around here wants to see how the sausage is made.
4579,2449,3,14,92,109,1.18348623853211,0.0435533846923308,634,Great Groupon!
4606,2449,6,8,95,109,1.18348623853211,0.04905691912544736,634,"You forgot the sodas, and I wanted relish on my hot dog."
4621,2449,5,10,94,109,1.18348623853211,0.04729362164999815,634,"So are these called ""entombed"" meats?"
4625,2449,3,14,92,109,1.18348623853211,0.0435533846923308,634,The rooftop bar is modeled after the one in Vegas.
4634,2449,2,16,91,109,1.18348623853211,0.04155722142841897,634,What do you mean there was a line?
2193,2449,4,12,93,109,1.18348623853211,0.04546198393675384,634,How hard could it be to run back for more ketchup?
4362,2449,5,10,94,109,1.18348623853211,0.04729362164999815,634,Do they comply with the food pyramid?
4361,2449,2,16,91,109,1.18348623853211,0.04155722142841897,634,"Listen, I only want 1 hot dog. And why do I need to recruit more eaters?"
4337,2449,1,18,90,109,1.18348623853211,0.039460207646984526,634,"They both have mustard, but this one is mummified."
4233,2449,3,14,92,109,1.18348623853211,0.0435533846923308,634,"I guess if you build it, they will not come."
3558,2449,1,18,90,109,1.18348623853211,0.039460207646984526,634,When in Cairo....
3594,2449,3,14,92,109,1.18348623853211,0.0435533846923308,634,He says the view is wonderful.
3683,2449,2,16,91,109,1.18348623853211,0.04155722142841897,634,50 bucks for two hotdogs? He must have seen you coming from a mile away!
3798,2449,4,12,93,109,1.18348623853211,0.04546198393675384,634,"The hot dog is ok. Personally, I liked the pizza at The Great Wall better."
3820,2449,4,12,93,109,1.18348623853211,0.04546198393675384,634,Yelp says the hot dog guy was born in Arizona but then moved here to Babylona
3933,2449,2,16,91,109,1.18348623853211,0.04155722142841897,634,It's a mystery how he made these...
3952,2449,5,10,94,109,1.18348623853211,0.04729362164999815,634,"Sure, honey, you're a real apex predator."
3550,2449,2,16,91,109,1.18348623853211,0.04155722142841897,634,"It's okay, I lost all those calories walking up."
3968,2449,3,14,92,109,1.18348623853211,0.0435533846923308,634,Can you clean the sand on off my cheeks?
4004,2449,2,16,91,109,1.18348623853211,0.04155722142841897,634,"Now, what you want to do is take this hot dog and sell it to two of your friends..."
4048,2449,3,14,92,109,1.18348623853211,0.0435533846923308,634,"I have a queasy feeling they mean “hotdog” literally, in this part of the world."
4055,2449,4,12,93,109,1.18348623853211,0.04546198393675384,634,This pyramid scheme tastes better than most
4144,2449,3,14,92,109,1.18348623853211,0.0435533846923308,634,I’d like to see what the noon rush looks like.
4151,2449,6,8,95,109,1.18348623853211,0.04905691912544736,634,Wow. Certified camel.
4168,2449,4,12,93,109,1.18348623853211,0.04546198393675384,634,This trek was so worth it for Nefertiti’s Famous Hot Dogs.
4174,2449,6,8,95,109,1.18348623853211,0.04905691912544736,634,But how can I eat a hotdog with no mustard?
3975,2449,1,18,90,109,1.18348623853211,0.039460207646984526,634,I can't believe you used the wheelchair accessible ramp.
2106,2449,3,14,92,109,1.18348623853211,0.0435533846923308,634,"Is this a hipster restaurant, or a retro foodie joint?"
1530,2449,4,12,93,109,1.18348623853211,0.04546198393675384,634,"Ketchup?  Nobody, I mean nobody, puts ketchup on a hot dog!"
2102,2449,2,16,91,109,1.18348623853211,0.04155722142841897,634,"Well, I guess you were right, it’s not a mirage."
567,2449,3,14,92,109,1.18348623853211,0.0435533846923308,634,I miss the old Papaya King location.
596,2449,4,12,93,109,1.18348623853211,0.04546198393675384,634,"Oh, Honey! I said I wanted my hummus on the side."
628,2449,3,14,92,109,1.18348623853211,0.0435533846923308,634,Good to be atop the food pyramid.
2103,2449,3,14,92,109,1.18348623853211,0.0435533846923308,634,No pickle or tomato but not bad from a mirage.
648,2449,4,12,93,109,1.18348623853211,0.04546198393675384,634,The hotdogs taste better when you have to work for them.
664,2449,2,16,91,109,1.18348623853211,0.04155722142841897,634,Now we just need to convince our friends to buy these hot dogs and then we'll make money too.
678,2449,2,16,91,109,1.18348623853211,0.04155722142841897,634,"You forgot the relish, dear."
764,2449,5,10,94,109,1.18348623853211,0.04729362164999815,634,"No. I definitely asked for relish , Cheops!"
766,2449,4,12,93,109,1.18348623853211,0.04546198393675384,634,"Your re-branding to ""Valley of the Gelato""  is genius."
965,2449,3,14,92,109,1.18348623853211,0.0435533846923308,634,It's a pyramid scheme.
976,2449,1,18,90,109,1.18348623853211,0.039460207646984526,634,I don't care if they've been in business 3000 years. Eight bucks is way too much for a hot dog.
997,2449,2,16,91,109,1.18348623853211,0.04155722142841897,634,"You forgot the mustard dear"""
1035,2449,3,14,92,109,1.18348623853211,0.0435533846923308,634,Love is ...
1054,2449,2,16,91,109,1.18348623853211,0.04155722142841897,634,"You know, I always have considered hotdogs to be the pinnacle of human ingenuity."
1060,2449,1,18,90,109,1.18348623853211,0.039460207646984526,634,"Two questions: 1. how much are His burritos and 2. Will
He accept crowd-source if he gets rid of Donald Trump’s “Beautiful Wall?"
495,2449,2,16,91,109,1.18348623853211,0.04155722142841897,634,"Oh, Frank..........Something tells me buying a franchise is sketchy."
458,2449,3,14,92,109,1.18348623853211,0.0435533846923308,634,"Cheops, Shmeops...it's not the same without sauerkraut."
435,2449,2,16,91,109,1.18348623853211,0.04155722142841897,634,I’m not going back up there for a napkin.
422,2449,4,12,93,109,1.18348623853211,0.04546198393675384,634,"We only serve when it has reached its peak ;
It is fresh and not three thousand years old ..."
58,2449,5,10,94,109,1.18348623853211,0.04729362164999815,634,Does he sell sliders?
86,2449,4,12,93,109,1.18348623853211,0.04546198393675384,634,"The hot dog is great ,but the line was rough"
102,2449,2,16,91,109,1.18348623853211,0.04155722142841897,634,The Yankees Must Be In Town!
113,2449,3,14,92,109,1.18348623853211,0.0435533846923308,634,There was a $5 dollar entertainment fee for watching him get the cart down
122,2449,3,14,92,109,1.18348623853211,0.0435533846923308,634,If only the scientists would mustard the pyramids secrets
141,2449,4,12,93,109,1.18348623853211,0.04546198393675384,634,I said hold the relish.
145,2449,4,12,93,109,1.18348623853211,0.04546198393675384,634,Where's the one for Mom?
1065,2449,4,12,93,109,1.18348623853211,0.04546198393675384,634,This is your idea of a square meal?
201,2449,4,12,93,109,1.18348623853211,0.04546198393675384,634,"Frankly, top bun has the best deal plus no sweat policy."
223,2449,1,18,90,109,1.18348623853211,0.039460207646984526,634,"That will be $4.99. Sorry, it's a pyramid scheme."""
263,2449,2,16,91,109,1.18348623853211,0.04155722142841897,634,According to this ancient map... that’s our Airbnb.
269,2449,2,16,91,109,1.18348623853211,0.04155722142841897,634,They say it's the top dog.
285,2449,4,12,93,109,1.18348623853211,0.04546198393675384,634,"Well, if you want to eat one now, YOU go back up there and get it. I'm suppose to save mine for the Afterlife"
343,2449,3,14,92,109,1.18348623853211,0.0435533846923308,634,"Don't be suspicious darling, he says they're self-actualized."
349,2449,4,12,93,109,1.18348623853211,0.04546198393675384,634,"I'm not sure this qualifies as 'exotic food,' but OK."
376,2449,3,14,92,109,1.18348623853211,0.0435533846923308,634,Was the beef grass fed?
212,2449,3,14,92,109,1.18348623853211,0.0435533846923308,634,I’ve heard the Sphinx fries are excellent as well.
1097,2449,5,10,94,109,1.18348623853211,0.04729362164999815,634,"No, Grub Hub delivered these dogs, that guy just offers audio tours."
644,2449,3,14,92,109,1.18348623853211,0.0435533846923308,634,Make the climb and get a free dog.
1192,2449,4,12,93,109,1.18348623853211,0.04546198393675384,634,I hate to send you back but I'd like just a smidge more relish on mine.
1687,2449,4,12,93,109,1.18348623853211,0.04546198393675384,634,They must be very special.
1711,2449,6,8,95,109,1.18348623853211,0.04905691912544736,634,"If you get the hot dog with the ticket in it, you get to sit on the top for 30 minutes."
1718,2449,2,16,91,109,1.18348623853211,0.04155722142841897,634,You bought two hot dogs and you have to sell one...? Thats a pyramid scheme.
1762,2449,3,14,92,109,1.18348623853211,0.0435533846923308,634,You can only get these twice a year.
1768,2449,2,16,91,109,1.18348623853211,0.04155722142841897,634,"Honey,I know a pyramid scheme when I see one."
1783,2449,3,14,92,109,1.18348623853211,0.0435533846923308,634,Who knew the aliens were so innovative?
1897,2449,2,16,91,109,1.18348623853211,0.04155722142841897,634,"...plus tax, tariffs and toppings?!"
1917,2449,3,14,92,109,1.18348623853211,0.0435533846923308,634,"This is Trump Tower, Cairo. He wants it to blend in with the local scene."
1928,2449,3,14,92,109,1.18348623853211,0.0435533846923308,634,"I asked for The King Tut Dog. That’s just a regular Chicago-style hot dog, and we’re not in Chicago. We’re in Las Vegas."
1931,2449,2,16,91,109,1.18348623853211,0.04155722142841897,634,"I don't like mustard, get one with ketchup, please."
1935,2449,5,10,94,109,1.18348623853211,0.04729362164999815,634,Please convey my compliments to the chef.
1171,2449,5,10,94,109,1.18348623853211,0.04729362164999815,634,I've relished the thought of eating his hot dogs for a very long time!
1961,2449,3,14,92,109,1.18348623853211,0.0435533846923308,634,"I didn't come all this way to eat a hot dog!
...Wait, is that chilli pepper?"
2009,2449,3,14,92,109,1.18348623853211,0.0435533846923308,634,I thought you said his prices were too steep?
2060,2449,2,16,91,109,1.18348623853211,0.04155722142841897,634,What?  They didn't have mustard?
1682,2449,2,16,91,109,1.18348623853211,0.04155722142841897,634,"Only here, you can find hot dog on top of  the food pyramid"
1638,2449,1,18,90,109,1.18348623853211,0.039460207646984526,634,Where's my relish Harold ?
1960,2449,3,14,92,109,1.18348623853211,0.0435533846923308,634,Honey! I though you were taking me to that chinese place next to the Miller´s...
1602,2449,2,16,91,109,1.18348623853211,0.04155722142841897,634,Yelp claims they're Tutankhamunly good.
1618,2449,5,10,94,109,1.18348623853211,0.04729362164999815,634,He said he always wanted to be at the top of the food pyramid.
1198,2449,3,14,92,109,1.18348623853211,0.0435533846923308,634,These hotdogs are out of this world. I don’t know how he does it.
1208,2449,1,18,90,109,1.18348623853211,0.039460207646984526,634,His prices are Cheops
1288,2449,5,10,94,109,1.18348623853211,0.04729362164999815,634,He said he sold more dogs before muslims starting murdering tourists.
1295,2449,3,14,92,109,1.18348623853211,0.0435533846923308,634,Should we ask that guy if he has some ketchup?
1298,2449,3,14,92,109,1.18348623853211,0.0435533846923308,634,No mustard? No relish? You've totally missed the point.
1314,2449,4,12,93,109,1.18348623853211,0.04546198393675384,634,"Believe me, this is the apex of hot dogs."
1320,2449,2,16,91,109,1.18348623853211,0.04155722142841897,634,Choke-proof hotdog?  This is categorically and unequivocally not a pyramid scheme.
1277,2449,4,12,93,109,1.18348623853211,0.04546198393675384,634,"This is not what I was expecting when they said ""top of the Rock""."
1449,2449,2,16,91,109,1.18348623853211,0.04155722142841897,634,"I think he misunderstood the whole ""dinner and a view"" thing"
1512,2449,0,20,89,109,1.18348623853211,0.03724531275523977,634,Would you please ask him to put some mustard on it?
1519,2449,0,20,89,109,1.18348623853211,0.03724531275523977,634,"He said he had a top location, but I told him to think again."
1545,2449,3,14,92,109,1.18348623853211,0.0435533846923308,634,The churros are out by the sphinx.
1559,2449,5,10,94,109,1.18348623853211,0.04729362164999815,634,"This pyramid may have been pointless, but isn't that the best hot dog you've ever had?"
1389,2449,2,16,91,109,1.18348623853211,0.04155722142841897,634,He's part of the Illumen-hot-d.
1574,2449,2,16,91,109,1.18348623853211,0.04155722142841897,634,Is this a pyramid scheme?
3525,2600,2,15,89,106,1.179245283018868,0.041958285473954755,634,"I know what it looks like, but I promise it's completely kosher."
3482,2600,4,11,91,106,1.179245283018868,0.0460422279928785,634,"You never listen.... I said, ""one with onions."""
3427,2600,3,13,90,106,1.179245283018868,0.04404761332048586,634,????  I wanted mustard!  Who puts ketchup on a hot dog?
3373,2600,2,15,89,106,1.179245283018868,0.041958285473954755,634,No thanks. Looks like a pyramid scheme.
3327,2600,2,15,89,106,1.179245283018868,0.041958285473954755,634,I don't think either of those will bring back tourism to the Middle East.
3165,2600,4,11,91,106,1.179245283018868,0.0460422279928785,634,Welcome to Hot Dogue Gourmet fine dinning! That will be 75$.
3242,2600,3,13,90,106,1.179245283018868,0.04404761332048586,634,"Next, let's go to the Sphinx for slushies."
3139,2600,2,15,89,106,1.179245283018868,0.041958285473954755,634,"Darling, I know you are a foodie.  That's why I ordered you a tube steak."
3111,2600,4,11,91,106,1.179245283018868,0.0460422279928785,634,I  don't usually get involved with these pyramid schemes but I was hungry.
3621,2600,1,17,88,106,1.179245283018868,0.039759315896991006,634,"It's kosher, right?"
3110,2600,3,13,90,106,1.179245283018868,0.04404761332048586,634,"Are you kidding me?  You know, there used to be a point to that."
3257,2600,2,15,89,106,1.179245283018868,0.041958285473954755,634,They've really ramped up the quality of their dogs!
3819,2600,4,11,91,106,1.179245283018868,0.0460422279928785,634,"He was all out of ""Tut Dogs"" so I got you a kielbasa."
4456,2600,2,15,89,106,1.179245283018868,0.041958285473954755,634,"But, he assured me that sand was a regionally authentic condiment."
3877,2600,3,13,90,106,1.179245283018868,0.04404761332048586,634,Now I just need to find the Mustard-Sphinx.
4024,2600,5,9,92,106,1.179245283018868,0.047953949554394006,634,I think he might be high
4095,2600,4,11,91,106,1.179245283018868,0.0460422279928785,634,from the peek of perfection
4252,2600,2,15,89,106,1.179245283018868,0.041958285473954755,634,Down here it’s strictly take-out. Fine dining is upstairs.
4381,2600,3,13,90,106,1.179245283018868,0.04404761332048586,634,I was told these came from the Eunuchs
4399,2600,2,15,89,106,1.179245283018868,0.041958285473954755,634,You did say without mustard?
4430,2600,4,11,91,106,1.179245283018868,0.0460422279928785,634,The old geezah was chintzy on the kraut.
4489,2600,4,11,91,106,1.179245283018868,0.0460422279928785,634,"I don’t know man, I’m anti Multi-Level-Marketing..."
4512,2600,4,11,91,106,1.179245283018868,0.0460422279928785,634,These mummified hot dogs look even fresher than the ones from Times Square.
4520,2600,4,11,91,106,1.179245283018868,0.0460422279928785,634,"If these dogs are really sundried, explain the umbrella."
4552,2600,3,13,90,106,1.179245283018868,0.04404761332048586,634,Do you really need a snack on every sightseeing trip?
4596,2600,2,15,89,106,1.179245283018868,0.041958285473954755,634,"-Sweetie! I just cut a business deal with that guy up there and bought a truckload of these amazing hot dogs! They'll be selling like hotcakes! It's a no-fail investment opportunity!
-Honey, I have strong reasons to believe this is a pyramid scheme."
3071,2600,3,13,90,106,1.179245283018868,0.04404761332048586,634,It's a reverse funnel.
3865,2600,3,13,90,106,1.179245283018868,0.04404761332048586,634,The stairs are on the other side
2963,2600,4,11,91,106,1.179245283018868,0.0460422279928785,634,"Like an antelope on the savannah, it gives him an elevated view to guard for predator competitors."
4079,2600,2,15,89,106,1.179245283018868,0.041958285473954755,634,It's not your typical pyramid scheme. I can double my investment in no time.
2864,2600,2,15,89,106,1.179245283018868,0.041958285473954755,634,"He says now that he's at the top of the pyramid, he's making over a million dollars a week."
21,2600,4,11,91,106,1.179245283018868,0.0460422279928785,634,"I said I wanted a Ra hotdog, not a raw hotdog."
101,2600,3,13,90,106,1.179245283018868,0.04404761332048586,634,"If it isn't hot anymore we can always come back to complain, he said."
168,2600,4,11,91,106,1.179245283018868,0.0460422279928785,634,"What, no sauerkraut?"""
180,2600,3,13,90,106,1.179245283018868,0.04404761332048586,634,Are they kosher?
191,2600,2,15,89,106,1.179245283018868,0.041958285473954755,634,Now I have to sell one? It sounds like a pyramid scheme to me.
411,2600,3,13,90,106,1.179245283018868,0.04404761332048586,634,What about this makes you think its a pyramid scheme?
426,2600,3,13,90,106,1.179245283018868,0.04404761332048586,634,But I ordered falafel.
471,2600,2,15,89,106,1.179245283018868,0.041958285473954755,634,It looked bigger in the pictures.
514,2600,4,11,91,106,1.179245283018868,0.0460422279928785,634,This is the shit that killed Tut!
760,2600,3,13,90,106,1.179245283018868,0.04404761332048586,634,You call this a slider?
2950,2600,5,9,92,106,1.179245283018868,0.047953949554394006,634,When she was young she played with boy Tut
980,2600,3,13,90,106,1.179245283018868,0.04404761332048586,634,"If your throw hits him with this one, I'll give you the other one."
1004,2600,3,13,90,106,1.179245283018868,0.04404761332048586,634,"Oh, you want some mustard with that..."
610,2600,1,17,88,106,1.179245283018868,0.039759315896991006,634,"If it's forced perspective,then why is it so small?"
1166,2600,3,13,90,106,1.179245283018868,0.04404761332048586,634,"They say when you grill at that altitude, it makes all the difference."
2838,2600,4,11,91,106,1.179245283018868,0.0460422279928785,634,Do you want Hatshepsut or mustard on that?
1080,2600,2,15,89,106,1.179245283018868,0.041958285473954755,634,People would eat more servings if he was at the base of the pyramid.
2565,2600,3,13,90,106,1.179245283018868,0.04404761332048586,634,That one's for my mummy.
2498,2600,4,11,91,106,1.179245283018868,0.0460422279928785,634,"Trust me, come low tide everyone will want these seats 2"
2187,2600,5,9,92,106,1.179245283018868,0.047953949554394006,634,"As part of the recent political turmoil, both sides had to give concessions."
2101,2600,2,15,89,106,1.179245283018868,0.041958285473954755,634,"Even today, the hot dogs are still kosher!"
2602,2600,1,17,88,106,1.179245283018868,0.039759315896991006,634,It's not JUST a hot dog.  It's from the top of the food pyramid!
1851,2600,1,17,88,106,1.179245283018868,0.039759315896991006,634,Sorry―It was better as a distant desire.
1838,2600,1,17,88,106,1.179245283018868,0.039759315896991006,634,Ooo! Cairowurst!
1797,2600,3,13,90,106,1.179245283018868,0.04404761332048586,634,"Look, I relish the opportunity, but I think pyramid schemes are pointless."
1541,2600,4,11,91,106,1.179245283018868,0.0460422279928785,634,"'It's the Pyramid Dog. If you don't eat one, you break the chain and have bad luck for seven years.'"
1173,2600,4,11,91,106,1.179245283018868,0.0460422279928785,634,"Hurry, there's a guy called Sphinx selling pizzas."
1904,2600,3,13,90,106,1.179245283018868,0.04404761332048586,634,I'm not going back for sauerkraut.
3374,2659,0,19,88,107,1.1775700934579438,0.0371177315313174,634,There are less calories in this hotdog that are required to go up there and get it.
3577,2659,2,15,90,107,1.1775700934579438,0.04159804659525817,634,What idiot politician bans Diet Coke from the tops of food pyramids?
4006,2659,4,11,92,107,1.1775700934579438,0.045640650379366696,634,"He is an expert in the New Kingdom, when he said everyone eat hotdogs."
4019,2659,1,17,89,107,1.1775700934579438,0.039421589735652615,634,"Slide into your DM’s like..."""
4353,2659,0,19,88,107,1.1775700934579438,0.0371177315313174,634,You’re telling me that for every hot dog I sell I can multiply my investment?
4141,2659,3,13,91,107,1.1775700934579438,0.04366615650359472,634,I told you I didn't want mustard ?
4497,2659,3,13,91,107,1.1775700934579438,0.04366615650359472,634,Is it locally sourced?
4513,2659,2,15,90,107,1.1775700934579438,0.04159804659525817,634,"Common misconception, believing they’re of German origin."
2898,2659,4,11,92,107,1.1775700934579438,0.045640650379366696,634,"But I never said I wanted to eat a hot dog. I said ""You look hot, dawg!"""
4127,2659,1,17,89,107,1.1775700934579438,0.039421589735652615,634,"Advanced civilization? If they don’t have gluten free, I think not."
2548,2659,2,15,90,107,1.1775700934579438,0.04159804659525817,634,Now that's what I call a pyramid scheme
2695,2659,5,9,93,107,1.1775700934579438,0.04753319587726816,634,No relish?! 'E-gypt me!! I guess he wasn't ON THE LEVEL!!  This SPHINX to high Heaven!!  Too much?
2276,2659,1,17,89,107,1.1775700934579438,0.039421589735652615,634,I'd prefer we climb and get a taco.
2389,2659,4,11,92,107,1.1775700934579438,0.045640650379366696,634,Have you lost all sense of self-preservation?
1972,2659,4,11,92,107,1.1775700934579438,0.045640650379366696,634,"Here you are! I got this hot dog from the top of pyramid.
Oh, I am glad you didn’t splash any ketchup when you slide down."
1963,2659,0,19,88,107,1.1775700934579438,0.0371177315313174,634,He calls it the sausage of the Nile
1550,2659,2,15,90,107,1.1775700934579438,0.04159804659525817,634,Top dog? Or underdog?
1397,2659,3,13,91,107,1.1775700934579438,0.04366615650359472,634,I was expecting something more.
1189,2659,2,15,90,107,1.1775700934579438,0.04159804659525817,634,I don’t care what he said; that’s still just a hotdog.”
1134,2659,2,15,90,107,1.1775700934579438,0.04159804659525817,634,"Actually, the hotdog was invented about 5,000years ago."
1103,2659,4,11,92,107,1.1775700934579438,0.045640650379366696,634,Who said mystery meat isn't at the top of the food pyramid?
820,2659,3,13,91,107,1.1775700934579438,0.04366615650359472,634,Let's relish this moment.
218,2659,4,11,92,107,1.1775700934579438,0.045640650379366696,634,"It can't hurt you, you are eating from the top of the food pyramid."
3,2659,1,17,89,107,1.1775700934579438,0.039421589735652615,634,"Actually, mine could use some relish."
3318,2683,3,12,88,103,1.174757281553398,0.04455329495109556,634,He's at the apex of his career.
687,2683,3,12,88,103,1.174757281553398,0.04455329495109556,634,Two hot jackals naturally slow cooked... but he only had toasted bread.
2960,2685,4,10,90,104,1.1730769230769231,0.046220700895214704,634,"It was a long way to travel, but he's definitely top dog."
3261,2685,1,16,87,104,1.1730769230769231,0.039701809770923226,634,Tastes just like it did back during the Old Kingdom
3260,2685,3,12,89,104,1.1730769230769231,0.04415480374612475,634,I thought it was a pyramid scheme but they're really two for one.
2406,2685,3,12,89,104,1.1730769230769231,0.04415480374612475,634,I'm not going all the way back up there to ask for mustard!
3222,2685,0,18,86,104,1.1730769230769231,0.03727636250629165,634,I have finally made it to the top of the pyramid scheme.
3159,2685,3,12,89,104,1.1730769230769231,0.04415480374612475,634,"These are $20 each, but they’re $3.50 at the top..."
3109,2685,1,16,87,104,1.1730769230769231,0.039701809770923226,634,Now that's a top dog.
3077,2685,1,16,87,104,1.1730769230769231,0.039701809770923226,634,"Here, have a Tut Dog."
3275,2685,0,18,86,104,1.1730769230769231,0.03727636250629165,634,It's cultural appropriation gone mad!
3076,2685,3,12,89,104,1.1730769230769231,0.04415480374612475,634,Can you go back and ask for mustard on mine?
3045,2685,3,12,89,104,1.1730769230769231,0.04415480374612475,634,"Oh hun, can you ask for ketchup?"
2996,2685,1,16,87,104,1.1730769230769231,0.039701809770923226,634,It is a special haut dog!
2972,2685,3,12,89,104,1.1730769230769231,0.04415480374612475,634,Condiments are your reward at the top”.
2934,2685,3,12,89,104,1.1730769230769231,0.04415480374612475,634,Should have gotten the aspurger.
2741,2685,0,18,86,104,1.1730769230769231,0.03727636250629165,634,But I wanted it with kraut.
2912,2685,3,12,89,104,1.1730769230769231,0.04415480374612475,634,I asked for one with pickle relish.
2908,2685,2,14,88,104,1.1730769230769231,0.04198738139575608,634,You think better because they're from the Upper East Side?
2895,2685,3,12,89,104,1.1730769230769231,0.04415480374612475,634,Mine was $5 and yours $10–sounds like a pyramid scheme to me.
2887,2685,1,16,87,104,1.1730769230769231,0.039701809770923226,634,Just tell him I prefer French's.
2853,2685,2,14,88,104,1.1730769230769231,0.04198738139575608,634,"Don't want no fancy frankfurter, just one like ole King Tut..."
2738,2685,3,12,89,104,1.1730769230769231,0.04415480374612475,634,That's gotta be a million years old.
2709,2685,2,14,88,104,1.1730769230769231,0.04198738139575608,634,Could you go back and get me some mustard?
2652,2685,1,16,87,104,1.1730769230769231,0.039701809770923226,634,Way to minimize the environmental footprint! Traveling really opens my mind.
2640,2685,1,16,87,104,1.1730769230769231,0.039701809770923226,634,"Thanks, Dear - but you forgot the pickles."
2592,2685,1,16,87,104,1.1730769230769231,0.039701809770923226,634,Hot dogs at the pyramids beats roast beef at the Ritz.
2552,2685,2,14,88,104,1.1730769230769231,0.04198738139575608,634,"I was asking about Anubi, the GOD dog"
2452,2685,2,14,88,104,1.1730769230769231,0.04198738139575608,634,Is this another one of those pyramid schemes?
3297,2685,1,16,87,104,1.1730769230769231,0.039701809770923226,634,He always gets a tip
2924,2685,3,12,89,104,1.1730769230769231,0.04415480374612475,634,I bet he got the footlong hotdog”
3299,2685,2,14,88,104,1.1730769230769231,0.04198738139575608,634,I wanted mustard AND sauerkraut.
4373,2685,5,8,91,104,1.1730769230769231,0.04819812951382046,634,These Canopic-dogs taste just like Mummy used to make
3328,2685,1,16,87,104,1.1730769230769231,0.039701809770923226,634,These hot dogs must be good.  They were on the top of the food pyramid!
4619,2685,2,14,88,104,1.1730769230769231,0.04198738139575608,634,I think I’d like mayo after all.
4616,2685,3,12,89,104,1.1730769230769231,0.04415480374612475,634,"It’s not a frankfurter, it’s a pinnacle wiener!"
4615,2685,1,16,87,104,1.1730769230769231,0.039701809770923226,634,Discount outlets can be so inconvenient.
4556,2685,2,14,88,104,1.1730769230769231,0.04198738139575608,634,"So you're saying if I can get three more friends in on selling hot dogs, and they get three more friends to sell hot dogs, I'll get $1 million??"
4397,2685,5,8,91,104,1.1730769230769231,0.04819812951382046,634,"You want mustard, get it yourself"
2388,2685,3,12,89,104,1.1730769230769231,0.04415480374612475,634,You're sure it's pre-Columbian?
4255,2685,1,16,87,104,1.1730769230769231,0.039701809770923226,634,He claims that getting up to his cart burns more calories than what the hotdog has?
4230,2685,2,14,88,104,1.1730769230769231,0.04198738139575608,634,"The last visitor never came out, but I'm sure you'll do great. Enjoy!"
4170,2685,2,14,88,104,1.1730769230769231,0.04198738139575608,634,Today he had them two for one.
4110,2685,1,16,87,104,1.1730769230769231,0.039701809770923226,634,I've always wanted to see what hot dogs tasted like in 2630 BC
4066,2685,1,16,87,104,1.1730769230769231,0.039701809770923226,634,"Didn’t you know, hotdogs are top of the food pyramid."
4050,2685,4,10,90,104,1.1730769230769231,0.046220700895214704,634,"Honestly, your tour is great, but I think you’re missing the point!"
3995,2685,2,14,88,104,1.1730769230769231,0.04198738139575608,634,"The tough crawl up and the slippery slide down were worth the trouble after all. He had a buy one, get one free sale."""
3976,2685,1,16,87,104,1.1730769230769231,0.039701809770923226,634,"Thanks, but you forgot the mustard!"
3304,2685,0,18,86,104,1.1730769230769231,0.03727636250629165,634,He's running a Ponzi scheme.
3825,2685,2,14,88,104,1.1730769230769231,0.04198738139575608,634,I thought the King Tut combo came with chips?
3708,2685,3,12,89,104,1.1730769230769231,0.04415480374612475,634,"Yes, this is the waiting area for the Magic Carpet Oasis Viewing Ride . Hot dog?"
3639,2685,3,12,89,104,1.1730769230769231,0.04415480374612475,634,"I liked the blazing eye emblem, but the hot dog cart is far more functional."
3618,2685,3,12,89,104,1.1730769230769231,0.04415480374612475,634,"I always love it when Sisyphus sings, 'Just get them sliders sliding, Rawhide!'"
3604,2685,2,14,88,104,1.1730769230769231,0.04198738139575608,634,Wow! Nathan's hot dogs in Egypt.
3599,2685,2,14,88,104,1.1730769230769231,0.04198738139575608,634,I've changed my mind.  I want a pizza instead.
3545,2685,2,14,88,104,1.1730769230769231,0.04198738139575608,634,You seemed to beat the crowd.
3513,2685,4,10,90,104,1.1730769230769231,0.046220700895214704,634,"Hey look, honey, the American pyramid is real."
3511,2685,3,12,89,104,1.1730769230769231,0.04415480374612475,634,Pharaoh dog? I thought you said Feral Dog!
3432,2685,2,14,88,104,1.1730769230769231,0.04198738139575608,634,"Well, I suppose the rent is cheaper up there, plus the camels can’t steal the hot dogs."
3417,2685,2,14,88,104,1.1730769230769231,0.04198738139575608,634,So you want me to recruit people to sell hot dogs and turn the money over to you?
3398,2685,0,18,86,104,1.1730769230769231,0.03727636250629165,634,"3 Michelin starts for a guy they're calling the ""Jiro"" of hot dogs seems a bit much."
3365,2685,4,10,90,104,1.1730769230769231,0.046220700895214704,634,He must be high if he thinks he's getting any business
3360,2685,1,16,87,104,1.1730769230769231,0.039701809770923226,634,"The hotdogs are alright, but the view was splendid."
3346,2685,2,14,88,104,1.1730769230769231,0.04198738139575608,634,"Actually, he got the idea for building this after his Africa tour. But  now we have no idea how to bring him down!"
3746,2685,3,12,89,104,1.1730769230769231,0.04415480374612475,634,"But, frankly, I just don’t see the point."
2363,2685,4,10,90,104,1.1730769230769231,0.046220700895214704,634,I would not have expected tofu pups from the junk food pyramid.
3249,2685,3,12,89,104,1.1730769230769231,0.04415480374612475,634,"I said ""cheese,"" not Cheops."
2302,2685,3,12,89,104,1.1730769230769231,0.04415480374612475,634,"Ohhh...now I know why Zagat's called this place ""Top Dog""."
1129,2685,1,16,87,104,1.1730769230769231,0.039701809770923226,634,That’s easy—he’s waiting for his mummy.
1119,2685,3,12,89,104,1.1730769230769231,0.04415480374612475,634,It's part of a pyramid Hot Dog business
1094,2685,2,14,88,104,1.1730769230769231,0.04198738139575608,634,"For a burial site, it's actually rather cheery!"
1061,2685,2,14,88,104,1.1730769230769231,0.04198738139575608,634,"You forgot the relish, again."
966,2685,3,12,89,104,1.1730769230769231,0.04415480374612475,634,Two thousand years from now do you think anyone will remember that we built this so the pharaoh can spy on naked bathers?
959,2685,2,14,88,104,1.1730769230769231,0.04198738139575608,634,"I don't know what kind of meat it is, but he says it's been marinating for a few millennia."
908,2685,3,12,89,104,1.1730769230769231,0.04415480374612475,634,"Could you take it back and ask for ""no mustard'?"
900,2685,2,14,88,104,1.1730769230769231,0.04198738139575608,634,"Yes Ma'am, I guarantee these hot dogs are from the top of the food pyramid! """
659,2685,2,14,88,104,1.1730769230769231,0.04198738139575608,634,No thanks. If I don't go get it myself I'll have to burn off those calories at the gym.
639,2685,1,16,87,104,1.1730769230769231,0.039701809770923226,634,"Yeah, I invested in his food-cart idea--why'd you ask?"
600,2685,4,10,90,104,1.1730769230769231,0.046220700895214704,634,You're my gyro!
564,2685,4,10,90,104,1.1730769230769231,0.046220700895214704,634,They're supposedly tip-top.
557,2685,2,14,88,104,1.1730769230769231,0.04198738139575608,634,I told him hot dogs were lower on the food pyramid.
523,2685,2,14,88,104,1.1730769230769231,0.04198738139575608,634,You better RELISH this.
521,2685,1,16,87,104,1.1730769230769231,0.039701809770923226,634,He says they told him to elevate his output and get it off the street.
510,2685,3,12,89,104,1.1730769230769231,0.04415480374612475,634,Yet another redesign of the food pyramid.
505,2685,2,14,88,104,1.1730769230769231,0.04198738139575608,634,I hate to be a pain but could you please climb back up and ask for relish?
500,2685,3,12,89,104,1.1730769230769231,0.04415480374612475,634,He said they were made 4700 years ago!
494,2685,2,14,88,104,1.1730769230769231,0.04198738139575608,634,It’s lonely at the top
479,2685,3,12,89,104,1.1730769230769231,0.04415480374612475,634,"Oscar Mayer introduces new hot dog, named “the Egyptian”."
295,2685,2,14,88,104,1.1730769230769231,0.04198738139575608,634,I never sausage a thing.
260,2685,1,16,87,104,1.1730769230769231,0.039701809770923226,634,It’s the best Slider in town!
190,2685,1,16,87,104,1.1730769230769231,0.039701809770923226,634,How long is the wait until we're seated?
175,2685,2,14,88,104,1.1730769230769231,0.04198738139575608,634,Humbled is the tourist who crawls up steep inclines to find the perfect dog.
99,2685,3,12,89,104,1.1730769230769231,0.04415480374612475,634,"Oh, I wanted ket- chup. Do you mind?"
95,2685,3,12,89,104,1.1730769230769231,0.04415480374612475,634,"No, they’re not Kosher."
71,2685,1,16,87,104,1.1730769230769231,0.039701809770923226,634,But I asked you for mustard.
9,2685,3,12,89,104,1.1730769230769231,0.04415480374612475,634,It’s their revenge on the Halal guys.
2337,2685,3,12,89,104,1.1730769230769231,0.04415480374612475,634,"Well, just slide your ass back up there and get me some damn relish."
1200,2685,2,14,88,104,1.1730769230769231,0.04198738139575608,634,Water comes to a rolling boil two minutes faster up there.
1246,2685,4,10,90,104,1.1730769230769231,0.046220700895214704,634,Why does it look so dry?
123,2685,3,12,89,104,1.1730769230769231,0.04415480374612475,634,"I know I said we wouldn't come back, but now they're gluten free."
1317,2685,3,12,89,104,1.1730769230769231,0.04415480374612475,634,I always wondered what was at the tip of a prymaid
2244,2685,2,14,88,104,1.1730769230769231,0.04198738139575608,634,"What can I say, he’s the boss"
1287,2685,1,16,87,104,1.1730769230769231,0.039701809770923226,634,"If you want mustard,get it yourself."
2215,2685,2,14,88,104,1.1730769230769231,0.04198738139575608,634,You forgot ketchup.
2188,2685,3,12,89,104,1.1730769230769231,0.04415480374612475,634,"Wow, the Temple of Vienna Beef is way better than the Egyptian ones"
2173,2685,4,10,90,104,1.1730769230769231,0.046220700895214704,634,So which do you think came first?
2084,2685,0,18,86,104,1.1730769230769231,0.03727636250629165,634,The cheese steak at the sphinx is to die for!
2039,2685,3,12,89,104,1.1730769230769231,0.04415480374612475,634,Hold my hot dog... I'm going up!
2019,2685,3,12,89,104,1.1730769230769231,0.04415480374612475,634,Thanks but I wanted a double with onions.
1976,2685,2,14,88,104,1.1730769230769231,0.04198738139575608,634,That's why they call it a roll.
1959,2685,4,10,90,104,1.1730769230769231,0.046220700895214704,634,What about the toppings?
1924,2685,4,10,90,104,1.1730769230769231,0.046220700895214704,634,"Thanks, but I am trying not to eat anything from the top of the food pyramid."
1900,2685,1,16,87,104,1.1730769230769231,0.039701809770923226,634,"I know what you're thinking, but he says it's rent-controlled."
1849,2685,2,14,88,104,1.1730769230769231,0.04198738139575608,634,You win.  Hot dogs are on top of the food pyramid.
1818,2685,2,14,88,104,1.1730769230769231,0.04198738139575608,634,The Seventh Inning Stretch of the World.
2176,2685,2,14,88,104,1.1730769230769231,0.04198738139575608,634,You better like mustard.
1779,2685,3,12,89,104,1.1730769230769231,0.04415480374612475,634,Thanks. Just bring the bill up to my husband.
1786,2685,1,16,87,104,1.1730769230769231,0.039701809770923226,634,It's worth it for the view.
1401,2685,3,12,89,104,1.1730769230769231,0.04415480374612475,634,It's from the Ra Ra Ra God.
1481,2685,4,10,90,104,1.1730769230769231,0.046220700895214704,634,I thought these were going to be sliders...
1391,2685,3,12,89,104,1.1730769230769231,0.04415480374612475,634,I think it could use a little more relish.
1487,2685,3,12,89,104,1.1730769230769231,0.04415480374612475,634,"Why do we have to wait 3,000 years for mustard?"
1520,2685,3,12,89,104,1.1730769230769231,0.04415480374612475,634,"That's capitalism, baby!"
1419,2685,0,18,86,104,1.1730769230769231,0.03727636250629165,634,"No, I said 'Khufu.'"
1628,2685,2,14,88,104,1.1730769230769231,0.04198738139575608,634,The NSA needs to be more creative if they need to man their listening posts.
1751,2685,1,16,87,104,1.1730769230769231,0.039701809770923226,634,They look so much bigger up close.
1603,2685,1,16,87,104,1.1730769230769231,0.039701809770923226,634,"Thanks for the brat, now I'd like a diet soda please."
1703,2685,2,14,88,104,1.1730769230769231,0.04198738139575608,634,"When you said ""King Tut Tacos,"" I had no idea."
1399,2685,6,6,92,104,1.1730769230769231,0.05009756666762488,634,"I HAVE BEEN TO THE PINNACLE OF GASTRONOMIC DELIGHT, AND I BROUGHT YOU THIS."
1683,2685,2,14,88,104,1.1730769230769231,0.04198738139575608,634,How did he get up there???
1674,2685,3,12,89,104,1.1730769230769231,0.04415480374612475,634,Look at this good hot dog stand! They call it gisa hot dogs. The word gisa sounds familiar to me I don't know why
2958,2814,3,11,86,100,1.17,0.04507009131689365,634,"You were right, they're not kosher."
2977,2814,1,15,84,100,1.17,0.04033946860424327,634,I bet these are the only hot dogs that he has sold all day
2990,2814,3,11,86,100,1.17,0.04507009131689365,634,"It was pretty expensive, but you know...convenience costs extra."
3015,2814,4,9,87,100,1.17,0.047258156262526094,634,Please deliver it to my home
3026,2814,1,15,84,100,1.17,0.04033946860424327,634,Can you see if he has any napkins?
3028,2814,4,9,87,100,1.17,0.047258156262526094,634,So how many hotdogs do I have to sell to eat this 'one'?
3029,2814,1,15,84,100,1.17,0.04033946860424327,634,Now you tell me you want relish?
3053,2814,4,9,87,100,1.17,0.047258156262526094,634,I was yelling 'Which side do you plan to slide down?'
3064,2814,1,15,84,100,1.17,0.04033946860424327,634,They call it the “no calorie hotdog.”
3093,2814,4,9,87,100,1.17,0.047258156262526094,634,Oooops!  Did I say mustard? I meant mayonnaise.
2998,2814,2,13,85,100,1.17,0.042770234150550666,634,But is it hot?
3192,2814,2,13,85,100,1.17,0.042770234150550666,634,No mustard on top?
3105,2814,2,13,85,100,1.17,0.042770234150550666,634,I finally have my dream hot dog stand with a view.
3113,2814,2,13,85,100,1.17,0.042770234150550666,634,"Now we’ll find out if it’s really about the food, or just the view."
3124,2814,4,9,87,100,1.17,0.047258156262526094,634,You forgot the onion relish.
3132,2814,3,11,86,100,1.17,0.04507009131689365,634,You put ketchup on it? Now it's as ruined as this pyramid.
3204,2814,1,15,84,100,1.17,0.04033946860424327,634,First time I've witnessed a pyra-middle life crisis.
3205,2814,1,15,84,100,1.17,0.04033946860424327,634,Don’t tell me you fell for another pyramid scheme!
3216,2814,2,13,85,100,1.17,0.042770234150550666,634,Is that a Coney Island dog?
3253,2814,4,9,87,100,1.17,0.047258156262526094,634,Are you sure this isn't some sort of pyramid sales scam?
3258,2814,2,13,85,100,1.17,0.042770234150550666,634,You know I don't like ketchup.
2951,2814,4,9,87,100,1.17,0.047258156262526094,634,Limited seating but great prices
3273,2814,1,15,84,100,1.17,0.04033946860424327,634,This is what I call the top of the food pyramid.
3101,2814,1,15,84,100,1.17,0.04033946860424327,634,"You made sure they’re Kosher hotdogs, right?"
2900,2814,2,13,85,100,1.17,0.042770234150550666,634,Do you deliver?  I need both hands to make it to the top.
2523,2814,5,7,88,100,1.17,0.04934930126509935,634,"You buy a hot dog and get three friends to do the same -- then in six months you own the world's beef supply!"""
2884,2814,1,15,84,100,1.17,0.04033946860424327,634,"Please dear, go back and get me mustard."
3293,2814,2,13,85,100,1.17,0.042770234150550666,634,"He tried to recruit me to be a hot dog vendor, but I think it's a scheme."
2335,2814,2,13,85,100,1.17,0.042770234150550666,634,"Here's your hotdog. Oh, and I think we may be part of a pyramid scheme now."
2340,2814,2,13,85,100,1.17,0.042770234150550666,634,Excuse me.  Do you know where I can get a rope ladder?
2354,2814,2,13,85,100,1.17,0.042770234150550666,634,You got mustard but he made me one with everything.
2377,2814,2,13,85,100,1.17,0.042770234150550666,634,"If Nathan's can't get him down, nothing can."
2396,2814,2,13,85,100,1.17,0.042770234150550666,634,"What, no fries?"
2403,2814,2,13,85,100,1.17,0.042770234150550666,634,These are definitely fresher than the Mummy dog we had inside.
2456,2814,3,11,86,100,1.17,0.04507009131689365,634,What !  All this way and no pickle relish....
2461,2814,0,17,83,100,1.17,0.03775251680686371,634,Wait until we visit the Eiffle Tower next summer.
2462,2814,1,15,84,100,1.17,0.04033946860424327,634,"I would clime any mountain ... sail across the stormy ... wait, wadda ya mean “no relish”?"
2503,2814,1,15,84,100,1.17,0.04033946860424327,634,This an authentic King Tut Dog
2890,2814,2,13,85,100,1.17,0.042770234150550666,634,Offering the base price from a higher authority.
2508,2814,1,15,84,100,1.17,0.04033946860424327,634,I wanted mustard.  Do you think you could ascend back and get some?
2590,2814,2,13,85,100,1.17,0.042770234150550666,634,This is the best Kosher Hot Dog in Egypt.
2633,2814,2,13,85,100,1.17,0.042770234150550666,634,Admission includes one Pyramid Pretzel or vegan dog.
2651,2814,3,11,86,100,1.17,0.04507009131689365,634,Eighth Wonder hot dogs don’t come with relish?
2660,2814,2,13,85,100,1.17,0.042770234150550666,634,I thought we were going Vegan.
2683,2814,3,11,86,100,1.17,0.04507009131689365,634,I asked for extra
2792,2814,3,11,86,100,1.17,0.04507009131689365,634,You'll have to go for the mustard!
2800,2814,3,11,86,100,1.17,0.04507009131689365,634,"No sliders. Only dogs."""
2808,2814,2,13,85,100,1.17,0.042770234150550666,634,So in order to start making money you have to get ten new people to invest in hot dogs.
2814,2814,1,15,84,100,1.17,0.04033946860424327,634,It makes it worth the calories.
2815,2814,2,13,85,100,1.17,0.042770234150550666,634,What? No beer?
2880,2814,1,15,84,100,1.17,0.04033946860424327,634,Why is it that he always seems to know where you are?
2549,2814,3,11,86,100,1.17,0.04507009131689365,634,"Oh good, you got them.  I hear he sells out quick."
3315,2814,1,15,84,100,1.17,0.04033946860424327,634,"Let me get this right. You are a multi-level entrepreneur, not a hot dog vendor?"
4122,2814,2,13,85,100,1.17,0.042770234150550666,634,These hot dogs are the best and you never have to wait on line.
3332,2814,2,13,85,100,1.17,0.042770234150550666,634,"Him? Oh, he’s top dog."
4097,2814,2,13,85,100,1.17,0.042770234150550666,634,You forgot to get mustard.
4132,2814,2,13,85,100,1.17,0.042770234150550666,634,Sorry but they didn't have any Hebrew National.
4145,2814,1,15,84,100,1.17,0.04033946860424327,634,Go back up there and get me some mustard.
4179,2814,1,15,84,100,1.17,0.04033946860424327,634,"Brats are fine, but I wanted the Pork Cheops."
4181,2814,5,7,88,100,1.17,0.04934930126509935,634,C'est si bon
4204,2814,2,13,85,100,1.17,0.042770234150550666,634,Now let's go to the Sphynx for refillable drinks.
4238,2814,3,11,86,100,1.17,0.04507009131689365,634,The tourist guide said it was the 'Top Dog' in Cairo.
4248,2814,3,11,86,100,1.17,0.04507009131689365,634,"You, armed with merely $2, are truly an apex predator."
4302,2814,2,13,85,100,1.17,0.042770234150550666,634,Are you sure it's not some kind of pyramid scheme?
4308,2814,1,15,84,100,1.17,0.04033946860424327,634,They aren’t on _every_ corner.
4312,2814,4,9,87,100,1.17,0.047258156262526094,634,"I said ""mustard and NO relish."""
4043,2814,3,11,86,100,1.17,0.04507009131689365,634,Does he have falafel?
4328,2814,0,17,83,100,1.17,0.03775251680686371,634,It was no trouble at all
4345,2814,1,15,84,100,1.17,0.04033946860424327,634,"Darling, I think the couples therapy is really working."
4383,2814,1,15,84,100,1.17,0.04033946860424327,634,We're still not sure how he gets up there every day.
4386,2814,3,11,86,100,1.17,0.04507009131689365,634,I told you I can't eat that without mustard!
4392,2814,2,13,85,100,1.17,0.042770234150550666,634,"That is very nice that Huichaana created the dog, but you're going to have to go back up there and get me saurkraut."
4480,2814,2,13,85,100,1.17,0.042770234150550666,634,Who's going back for the mustard?
4492,2814,2,13,85,100,1.17,0.042770234150550666,634,"I told the taxi driver the Pyramids of Giza, but he took us to the Pyramids of Gyro.  What luck!"
4514,2814,4,9,87,100,1.17,0.047258156262526094,634,"It's a little out of the way and he's not very friendly, but they really are the best."
4521,2814,4,9,87,100,1.17,0.047258156262526094,634,Did you remember the Ankh sauce?
4588,2814,3,11,86,100,1.17,0.04507009131689365,634,How do I know this isn't a pyramid scheme?
4620,2814,2,13,85,100,1.17,0.042770234150550666,634,They were out of sliders.
2293,2814,2,13,85,100,1.17,0.042770234150550666,634,"I don't care if it's technically a frustum, paying a licensing fee to sell hot dogs and then enlisting other sellers is still a pyramid scheme."
4330,2814,1,15,84,100,1.17,0.04033946860424327,634,"Okay, okay, so hot dogs are at the top of the food pyramid."
3325,2814,1,15,84,100,1.17,0.04033946860424327,634,You forgot a dab of mustard.
4040,2814,1,15,84,100,1.17,0.04033946860424327,634,You didn't tell me you wanted relish.
4032,2814,1,15,84,100,1.17,0.04033946860424327,634,This Tut dog will prove he had nice buns.
3335,2814,3,11,86,100,1.17,0.04507009131689365,634,So when did Trump Tower have sex with the food pyramid?
3349,2814,4,9,87,100,1.17,0.047258156262526094,634,"I know it’s a pyramid scheme, but the dogs are delicious."
3378,2814,2,13,85,100,1.17,0.042770234150550666,634,You forgot my pharaoh size Diet Coke.
3387,2814,2,13,85,100,1.17,0.042770234150550666,634,Were they 10 percent off the top?
3397,2814,4,9,87,100,1.17,0.047258156262526094,634,You can't mirage your way out of this one.
3434,2814,2,13,85,100,1.17,0.042770234150550666,634,"Yes, it's a halal hot dog."
3462,2814,2,13,85,100,1.17,0.042770234150550666,634,He won't reach the Top of our Pyramid Scheme standing up there.
3477,2814,0,17,83,100,1.17,0.03775251680686371,634,Where’s my Baba Ghanoush?
3606,2814,0,17,83,100,1.17,0.03775251680686371,634,"When I learn to skate board, I'll dine in."""
3642,2814,1,15,84,100,1.17,0.04033946860424327,634,We're betting farm-to-pyramid is the next big thing.
3670,2814,1,15,84,100,1.17,0.04033946860424327,634,"I didn’t want relish, but it wasn’t up to me. 
He had the high ground."
4034,2814,4,9,87,100,1.17,0.047258156262526094,634,I said
3680,2814,1,15,84,100,1.17,0.04033946860424327,634,The reviews are so-so. The chef thinks he's the only game in town.
3745,2814,4,9,87,100,1.17,0.047258156262526094,634,"He told me that for a small fee, he could help us become hot dog distributors too."
3750,2814,4,9,87,100,1.17,0.047258156262526094,634,"I asked for mustard,not ketchup."
3755,2814,2,13,85,100,1.17,0.042770234150550666,634,Ten bucks says there’s cat meat in ‘em.
3788,2814,3,11,86,100,1.17,0.04507009131689365,634,"This is the strangest ""time share"" I've ever seen!"
3839,2814,3,11,86,100,1.17,0.04507009131689365,634,The 9th wonder of the World: The Grand Pyramid Scheme
3843,2814,1,15,84,100,1.17,0.04033946860424327,634,My best guess from the cart hieroglyphics
3908,2814,2,13,85,100,1.17,0.042770234150550666,634,They look yummy but the price is a little steep.
3928,2814,1,15,84,100,1.17,0.04033946860424327,634,"They were two for five dollars. And no, I didn’t ask."
3944,2814,3,11,86,100,1.17,0.04507009131689365,634,Getting ice cream will be much harder!
3979,2814,2,13,85,100,1.17,0.042770234150550666,634,What about the condiments?
4010,2814,4,9,87,100,1.17,0.047258156262526094,634,Did you ask him where he gets his meat?
3723,2814,4,9,87,100,1.17,0.047258156262526094,634,"After I kept falling down the pyramid, the guy threw down these special Sisyphus dogs. He said it’s impossible to finish them."
2275,2814,3,11,86,100,1.17,0.04507009131689365,634,No... I don't think they're Kosher.
1431,2814,2,13,85,100,1.17,0.042770234150550666,634,Do I have to go back to Coney Island to get a decent hot dog?
2272,2814,4,9,87,100,1.17,0.047258156262526094,634,Here you be...the pinnacle of Ball Park Anubis Meat Franks.
703,2814,4,9,87,100,1.17,0.047258156262526094,634,"It’s not a Ponzi, it’s a pyramid!"
713,2814,1,15,84,100,1.17,0.04033946860424327,634,If we sell ten franchises we get our's for free.
734,2814,4,9,87,100,1.17,0.047258156262526094,634,"He is top dog on the pyramid scheme.
I am ground level."
763,2814,3,11,86,100,1.17,0.04507009131689365,634,"It's really simple... You buy this hotdog from me for $2, and sell it to a customer for $4, and they will then sell it for $8, and so on... Once anyone completes a sale, they come here and take a seat on the pyramid. I bought mine from him for $1."
792,2814,2,13,85,100,1.17,0.042770234150550666,634,"Have Joe slide one down--with mustard, will ya?"
800,2814,2,13,85,100,1.17,0.042770234150550666,634,Escalator out of order
816,2814,1,15,84,100,1.17,0.04033946860424327,634,I'd never have guessed that they contain no preservatives.
845,2814,3,11,86,100,1.17,0.04507009131689365,634,"No honey, not a Khufu dog. I wanted a tofu dog."
864,2814,2,13,85,100,1.17,0.042770234150550666,634,"FREE fitbit steps, just walk right up!"
882,2814,1,15,84,100,1.17,0.04033946860424327,634,"Looks like the good seats have sold out. On the plus side, we’ve got hotdogs."
885,2814,3,11,86,100,1.17,0.04507009131689365,634,Where is my side of chickpeas?
892,2814,3,11,86,100,1.17,0.04507009131689365,634,Playing hard-to-get doesn't work with me.
911,2814,1,15,84,100,1.17,0.04033946860424327,634,Pam confirmed her suspicions that hot dogs were not to be found at the top of the food pyramid.
926,2814,1,15,84,100,1.17,0.04033946860424327,634,Really?  What kind of sacrifice?
929,2814,1,15,84,100,1.17,0.04033946860424327,634,Seems like a pyramid scheme to sell hotdogs.
949,2814,4,9,87,100,1.17,0.047258156262526094,634,"No, I said when it comes to relationships, nobody can be too frank."
963,2814,2,13,85,100,1.17,0.042770234150550666,634,"This truncated square pyramid hotdog has 12,000 five star reviews on Yelp"
970,2814,0,17,83,100,1.17,0.03775251680686371,634,Why didn't you have them deliver it?
996,2814,2,13,85,100,1.17,0.042770234150550666,634,"The price is not high, the vendor is."
1001,2814,2,13,85,100,1.17,0.042770234150550666,634,Hot dog or Hot dog with a view
1006,2814,1,15,84,100,1.17,0.04033946860424327,634,"Changed my mind, Iwant a hamburger instead."
1020,2814,1,15,84,100,1.17,0.04033946860424327,634,"It’s not your average pyramid scheme, he has hotdogs."
1028,2814,2,13,85,100,1.17,0.042770234150550666,634,I've never seen a hot dog stand like this before in Hoboken.
701,2814,2,13,85,100,1.17,0.042770234150550666,634,He's out of mustard...it's been a busy day.
640,2814,3,11,86,100,1.17,0.04507009131689365,634,It’s all about the climb.
632,2814,3,11,86,100,1.17,0.04507009131689365,634,A dog eat dog world.
609,2814,1,15,84,100,1.17,0.04033946860424327,634,Are Valley of the King sized Dogs' hot dogs kosher?
46,2814,2,13,85,100,1.17,0.042770234150550666,634,There’s also a pool in the tombs downstairs.”
48,2814,3,11,86,100,1.17,0.04507009131689365,634,"I don't know if they're Kosher, and I'm not going back up to ask!"
79,2814,4,9,87,100,1.17,0.047258156262526094,634,You got your point across!
111,2814,2,13,85,100,1.17,0.042770234150550666,634,You paid how much? You know this could be a pyramid scheme.
157,2814,2,13,85,100,1.17,0.042770234150550666,634,"Heavenly Hot Dogs
""hot dogs from the sky"""
237,2814,1,15,84,100,1.17,0.04033946860424327,634,"Pyramid, multi-level, whatever you call it, it's still a scheme to get your francs."
251,2814,2,13,85,100,1.17,0.042770234150550666,634,Its not kosher.
284,2814,1,15,84,100,1.17,0.04033946860424327,634,I can’t take another one of your pyramid schemes.
290,2814,2,13,85,100,1.17,0.042770234150550666,634,Go tell him I asked for sauerkraut.
324,2814,3,11,86,100,1.17,0.04507009131689365,634,Did you ask if they’re kosher?”
347,2814,1,15,84,100,1.17,0.04033946860424327,634,Thanks- I bet you now feel like one of the slaves that built it!
1033,2814,2,13,85,100,1.17,0.042770234150550666,634,What's for desert?
357,2814,1,15,84,100,1.17,0.04033946860424327,634,I got yours with aged cheeze.
409,2814,3,11,86,100,1.17,0.04507009131689365,634,These pop-up restaurants are getting harder and harder to find.
421,2814,3,11,86,100,1.17,0.04507009131689365,634,"No, he says it's called ""multi-level marketing,"" and it's completely different!"
424,2814,1,15,84,100,1.17,0.04033946860424327,634,And the mustard?
425,2814,4,9,87,100,1.17,0.047258156262526094,634,Hotdogs are at the top of the food pyramid
436,2814,2,13,85,100,1.17,0.042770234150550666,634,I told you this sounded too good to be true.
453,2814,2,13,85,100,1.17,0.042770234150550666,634,I said I wanted mustard AND ketchup.
459,2814,3,11,86,100,1.17,0.04507009131689365,634,Good that Disneyland expanded.
467,2814,0,17,83,100,1.17,0.03775251680686371,634,Kanye praised these hot dogs...
487,2814,1,15,84,100,1.17,0.04033946860424327,634,OK.  Here's your damn hotdog!
544,2814,2,13,85,100,1.17,0.042770234150550666,634,He's been eating up there ever since he became a vegan.
589,2814,1,15,84,100,1.17,0.04033946860424327,634,He calls it a 'Slider Dog.'
379,2814,2,13,85,100,1.17,0.042770234150550666,634,The pyramid schemes leave a good taste in your mouth out here!
1055,2814,5,7,88,100,1.17,0.04934930126509935,634,You don't ask a freed slave what goes in his hot dogs.
855,2814,2,13,85,100,1.17,0.042770234150550666,634,Thanks. But where's the sauerkraut?
1068,2814,4,9,87,100,1.17,0.047258156262526094,634,Seriously?  A pharaoh dog?
1724,2814,2,13,85,100,1.17,0.042770234150550666,634,"A bit more mustard on that one and a bit more relish on the other one, please."
1781,2814,3,11,86,100,1.17,0.04507009131689365,634,I told you we should have bought the premium package.
1810,2814,2,13,85,100,1.17,0.042770234150550666,634,"By god, Sisyphus, you always forget the mayo"
1836,2814,3,11,86,100,1.17,0.04507009131689365,634,"Would you take these, please? I have to go back to get the sodas. What, you want onions now?!"
1875,2814,2,13,85,100,1.17,0.042770234150550666,634,"Try some, it’s very high quality"
1883,2814,2,13,85,100,1.17,0.042770234150550666,634,I'll take this food pyramid over the one with green stuff on it.
1916,2814,3,11,86,100,1.17,0.04507009131689365,634,What's a pyramid scheme and why does he have ten billion hot dogs?
1964,2814,3,11,86,100,1.17,0.04507009131689365,634,Tut-Tut! You know you shouldn't be eating hot dogs with your high cholesterol!
1967,2814,1,15,84,100,1.17,0.04033946860424327,634,"Need more mustard, Honey?"
1982,2814,3,11,86,100,1.17,0.04507009131689365,634,I'll take the Tut Brat with slaw hold the special Giza sauce.
2048,2814,2,13,85,100,1.17,0.042770234150550666,634,"Honey, it took me 5,000 years to get you this hot dog."
1700,2814,3,11,86,100,1.17,0.04507009131689365,634,Life is an endless nightmare of hell and then you die.
2055,2814,2,13,85,100,1.17,0.042770234150550666,634,So the pyra-midtown halal cart serves beef only?
2158,2814,3,11,86,100,1.17,0.04507009131689365,634,"Yes, it is great that the hotdog has achieved its rightful place at the top of the food pyramid."
2159,2814,2,13,85,100,1.17,0.042770234150550666,634,Don't make me go back up there for relish.
1059,2814,2,13,85,100,1.17,0.042770234150550666,634,It would be nice if you could get some relish.
2171,2814,1,15,84,100,1.17,0.04033946860424327,634,Would it be too much trouble to get one with ketchup instead of mustard?
2185,2814,2,13,85,100,1.17,0.042770234150550666,634,"Let’s be frank. You can smother it in mustard and relish, but this is always going to be a food desert.”"
2191,2814,3,11,86,100,1.17,0.04507009131689365,634,[Concessions at an AmWay convention]
2232,2814,3,11,86,100,1.17,0.04507009131689365,634,I don't care if this pyramid has no steps. I want mustard.
2241,2814,2,13,85,100,1.17,0.042770234150550666,634,"These are the new slider hot dogs, he built his business from the ground up."
2245,2814,2,13,85,100,1.17,0.042770234150550666,634,"Getting them was tough, but I slid down no-handed."
2246,2814,2,13,85,100,1.17,0.042770234150550666,634,"As I've always said, hot dogs are at the very top of the nutrition pyramid"
2264,2814,4,9,87,100,1.17,0.047258156262526094,634,I get no shade and no seating...but no condiments?
2075,2814,3,11,86,100,1.17,0.04507009131689365,634,Could you go ask if there are any nitrates or embalming chemicals?
1690,2814,1,15,84,100,1.17,0.04033946860424327,634,Where’s the pickles?
2162,2814,0,17,83,100,1.17,0.03775251680686371,634,"You Forgot the Relish, Tim!"
1608,2814,2,13,85,100,1.17,0.042770234150550666,634,He's the Egyptian god ra-dog.
1681,2814,1,15,84,100,1.17,0.04033946860424327,634,You didn’t tell me you wanted mustard.
1069,2814,0,17,83,100,1.17,0.03775251680686371,634,What about some mustard?
1071,2814,1,15,84,100,1.17,0.04033946860424327,634,Is the soda only for the handicapped?
1099,2814,3,11,86,100,1.17,0.04507009131689365,634,Now this is a food pyramid I can relish in.
1126,2814,1,15,84,100,1.17,0.04033946860424327,634,Looks like the old Frankfurter Pyramid Scheme to me.
1145,2814,2,13,85,100,1.17,0.042770234150550666,634,Oh yes it’s very private!
1168,2814,0,17,83,100,1.17,0.03775251680686371,634,So half the diet is trying to figure out how to get up there.
1235,2814,2,13,85,100,1.17,0.042770234150550666,634,When it comes to preserved meat this is the best stand around.
1257,2814,2,13,85,100,1.17,0.042770234150550666,634,Best in all the dunes and well worth the climb
1283,2814,0,17,83,100,1.17,0.03775251680686371,634,It really summons the flavor of Chichen Itza.
1284,2814,0,17,83,100,1.17,0.03775251680686371,634,"Well, sure, its easy to get the cart down. But how does he get it up there?"
1308,2814,4,9,87,100,1.17,0.047258156262526094,634,"I told you, hotdogs ARE at the top of the food pyramid"
1143,2814,3,11,86,100,1.17,0.04507009131689365,634,Piramidal Systems Are Not Like Before ...
1338,2814,3,11,86,100,1.17,0.04507009131689365,634,"I'm afraid to tell you but, I asked for mustard not ketchup."
1315,2814,2,13,85,100,1.17,0.042770234150550666,634,The water tastes old kingdom.
1549,2814,1,15,84,100,1.17,0.04033946860424327,634,"Giza Dogs, really?  I was actually craving a Pharaoh Burger..."
1525,2814,2,13,85,100,1.17,0.042770234150550666,634,"Believe me, the second you taste this hot dog you'll be begging to invest."""
1566,2814,3,11,86,100,1.17,0.04507009131689365,634,He says it beats the last pyramid scheme he was roped into.
1521,2814,3,11,86,100,1.17,0.04507009131689365,634,"Don’t ask, won’t tell."
1523,2814,4,9,87,100,1.17,0.047258156262526094,634,You know I want sauerkraut on my Sabarett
2273,2814,3,11,86,100,1.17,0.04507009131689365,634,Guessing you'd like exact change ...
1430,2814,0,17,83,100,1.17,0.03775251680686371,634,"I thought you yelled, "" Loads of mustard!"""
1421,2814,2,13,85,100,1.17,0.042770234150550666,634,"I'm telling you no one gets to the top, it's a pyramid scheme."
1388,2814,2,13,85,100,1.17,0.042770234150550666,634,I heard it points to Canis Major.
3451,3032,2,12,83,97,1.1649484536082475,0.043178116402505386,634,You forgot the Great Sauerkraut.
3384,3032,2,12,83,97,1.1649484536082475,0.043178116402505386,634,They could have at least added stairs.
3382,3032,2,12,83,97,1.1649484536082475,0.043178116402505386,634,Getting your hotdog is easy. It's ordering it that's hard.
3375,3032,2,12,83,97,1.1649484536082475,0.043178116402505386,634,I wonder how they ever got them back then
3356,3032,3,10,84,97,1.1649484536082475,0.045597438177716845,634,No Pompeii mustard?
3385,3032,0,16,81,97,1.1649484536082475,0.037878707362626475,634,"Here, take a bite, Helen. It's not bad for being more than 3000 years old."
3306,3032,4,8,85,97,1.1649484536082475,0.047894707439059644,634,"Boy, he really seems to know his Cheops."
2744,3032,3,10,84,97,1.1649484536082475,0.045597438177716845,634,"I said, “with the works”!"
3060,3032,1,14,82,97,1.1649484536082475,0.040614936953858476,634,"To get the real experience, you gotta live like the locals"
2932,3032,3,10,84,97,1.1649484536082475,0.045597438177716845,634,Here’s your top dog.
2769,3032,0,16,81,97,1.1649484536082475,0.037878707362626475,634,"Hot dogs AND the secret of life? The climb was worth it, then."
2675,3032,4,8,85,97,1.1649484536082475,0.047894707439059644,634,Is this boofing?
2672,3032,3,10,84,97,1.1649484536082475,0.045597438177716845,634,Oh! Sliders!
3452,3032,1,14,82,97,1.1649484536082475,0.040614936953858476,634,I told you this was a tourist trap.
2450,3032,3,10,84,97,1.1649484536082475,0.045597438177716845,634,"No thanks, I thought he was selling sliders."
3148,3032,2,12,83,97,1.1649484536082475,0.043178116402505386,634,You want me to go back for ketchup?
3492,3032,2,12,83,97,1.1649484536082475,0.043178116402505386,634,It looks like Franks pyramid business is doing well....
4371,3032,1,14,82,97,1.1649484536082475,0.040614936953858476,634,I'm sure the food is on the food pyramid but I still think you are missing the point.
3810,3032,1,14,82,97,1.1649484536082475,0.040614936953858476,634,"Mustard please, if are so inclined."
2437,3032,1,14,82,97,1.1649484536082475,0.040614936953858476,634,"Yes, it is accessible, up to a point."
4589,3032,1,14,82,97,1.1649484536082475,0.040614936953858476,634,"The vendor said we have to find four people who will recruit eight people who will each pay $5,000 for a hot dog, but then this trip is practically paid for."
4570,3032,2,12,83,97,1.1649484536082475,0.043178116402505386,634,"I can’t eat, I left the camera at the hotel."
4476,3032,1,14,82,97,1.1649484536082475,0.040614936953858476,634,"Oh, so I was supposed to remember the relish?"
4461,3032,3,10,84,97,1.1649484536082475,0.045597438177716845,634,Not now. Maybe in half an hour.
4425,3032,4,8,85,97,1.1649484536082475,0.047894707439059644,634,"Talk about a tourist trap, these prices are wayyyyy too steep."
4329,3032,2,12,83,97,1.1649484536082475,0.043178116402505386,634,"No, He didn't have mustard."
4171,3032,2,12,83,97,1.1649484536082475,0.043178116402505386,634,So all we have to do is get two more people to buy hot dogs.
4164,3032,0,16,81,97,1.1649484536082475,0.037878707362626475,634,But I wanted my Hot Anubis with Ra onions.
4049,3032,1,14,82,97,1.1649484536082475,0.040614936953858476,634,I'm so glad were able to afford this trip.
4038,3032,4,8,85,97,1.1649484536082475,0.047894707439059644,634,I go Khufu for kosher!
4021,3032,2,12,83,97,1.1649484536082475,0.043178116402505386,634,"He doesn’t sell many, but he really enjoys the ride down at the end of the day."
3998,3032,4,8,85,97,1.1649484536082475,0.047894707439059644,634,Aten dogs.  An ancient recipe
3964,3032,3,10,84,97,1.1649484536082475,0.045597438177716845,634,I told you I wanted a hot dog with attitude not altitude.
3926,3032,3,10,84,97,1.1649484536082475,0.045597438177716845,634,I came for the ancient alien astronauts and stayed for the hot-dogs.
3500,3032,2,12,83,97,1.1649484536082475,0.043178116402505386,634,We're taking collections to finish the top.
2279,3032,3,10,84,97,1.1649484536082475,0.045597438177716845,634,He's originally from Chicago – says we should eat 'em with relish.
1242,3032,4,8,85,97,1.1649484536082475,0.047894707439059644,634,Looks a little shriveled.
2004,3032,3,10,84,97,1.1649484536082475,0.045597438177716845,634,"So, they’re free if we bring him another customer? Sounds like a pyramid scheme to me."
1075,3032,2,12,83,97,1.1649484536082475,0.043178116402505386,634,Dirty Water Dogs on a Hill! The perfect Food Pyramid items for the active New Yorker!
1000,3032,2,12,83,97,1.1649484536082475,0.043178116402505386,634,"Honey, it's not a Pyramid scheme! He said just sell these to the next people that stop by for double the price!"
989,3032,2,12,83,97,1.1649484536082475,0.043178116402505386,634,"What happened to “Location, location, location?”"
932,3032,4,8,85,97,1.1649484536082475,0.047894707439059644,634,There's no port and no storm.
819,3032,2,12,83,97,1.1649484536082475,0.043178116402505386,634,I'm no Pyramidiot!
454,3032,3,10,84,97,1.1649484536082475,0.045597438177716845,634,"This hot dog symbolizes our culture's belief that art is subservient to profit. I won't support it, Darryl."
447,3032,3,10,84,97,1.1649484536082475,0.045597438177716845,634,And they were roommates!
246,3032,1,14,82,97,1.1649484536082475,0.040614936953858476,634,"No thanks on the hot dog,  I read that this place is famous for Cheops."
219,3032,4,8,85,97,1.1649484536082475,0.047894707439059644,634,What happened to the skateboard?
195,3032,2,12,83,97,1.1649484536082475,0.043178116402505386,634,That's the kind of food pyramid that I can follow.
185,3032,1,14,82,97,1.1649484536082475,0.040614936953858476,634,But mustard was too tall an order?
126,3032,3,10,84,97,1.1649484536082475,0.045597438177716845,634,So it's a trapezium scheme?
106,3032,1,14,82,97,1.1649484536082475,0.040614936953858476,634,You forgot the onions.
83,3032,2,12,83,97,1.1649484536082475,0.043178116402505386,634,I trust it’s halal?
2235,3032,4,8,85,97,1.1649484536082475,0.047894707439059644,634,My tummy loves the Mummy Yummy!
1136,3032,1,14,82,97,1.1649484536082475,0.040614936953858476,634,Since when are hot dogs on the food pyramid?
1203,3032,3,10,84,97,1.1649484536082475,0.045597438177716845,634,Have a Haute Dog.
10,3032,2,12,83,97,1.1649484536082475,0.043178116402505386,634,Okay I know it took you forty years . . . but it's kosher right?
1293,3032,2,12,83,97,1.1649484536082475,0.043178116402505386,634,"Here's your ""Hotep Dog."""
1927,3032,1,14,82,97,1.1649484536082475,0.040614936953858476,634,Look honey i found an ancient hotdog
1825,3032,3,10,84,97,1.1649484536082475,0.045597438177716845,634,He's reached the pinnacle of our profession.
1819,3032,4,8,85,97,1.1649484536082475,0.047894707439059644,634,I'm the victim of a foodie pyramid scheme
1668,3032,2,12,83,97,1.1649484536082475,0.043178116402505386,634,How come the bun looks like a sarcophagus?
1653,3032,1,14,82,97,1.1649484536082475,0.040614936953858476,634,I got you a Pharao-hot dog with extra Ra-lish.
1644,3032,2,12,83,97,1.1649484536082475,0.043178116402505386,634,Room for your own choice of toppings.
1615,3032,3,10,84,97,1.1649484536082475,0.045597438177716845,634,Would it be too much trouble for you to ask for a line of spicy mustard?
1592,3032,2,12,83,97,1.1649484536082475,0.043178116402505386,634,This proves that hot dogs are at the very top of the food pyramid
1531,3032,2,12,83,97,1.1649484536082475,0.043178116402505386,634,Hot dogs are great but they have a tough return policy.
1504,3032,2,12,83,97,1.1649484536082475,0.043178116402505386,634,Why do I climb all the way up there for a hot dog?  They make them just the way Mummy used to do.
1400,3032,1,14,82,97,1.1649484536082475,0.040614936953858476,634,How about the mustard?
1396,3032,2,12,83,97,1.1649484536082475,0.043178116402505386,634,This is the Mecca of all hot dogs.
1364,3032,1,14,82,97,1.1649484536082475,0.040614936953858476,634,Me Sphinx that hot dog is not kosher.
1329,3032,0,16,81,97,1.1649484536082475,0.037878707362626475,634,It's our new slider.
1304,3032,2,12,83,97,1.1649484536082475,0.043178116402505386,634,And they have churros at the Sphinx.
1929,3032,3,10,84,97,1.1649484536082475,0.045597438177716845,634,Just another  hot dog vendor involved in a shady pyramid scheme!
2686,3105,1,14,83,98,1.163265306122449,0.04023358462783468,634,It is so nice that the climb up wipes out all the carbs and fats! I'll go next time honey.
179,3105,2,12,84,98,1.163265306122449,0.042768385142882594,634,Catching the dogs was easy... How do we pay?
2681,3107,1,14,84,99,1.1616161616161615,0.03985924189591093,634,I said I wanted a sandwich.
4563,3107,3,10,86,99,1.1616161616161615,0.04473304473304475,634,"Authenticity at its peak, hot dog SLIDERS!!"
2994,3109,1,13,81,95,1.1578947368421053,0.040478076611364315,634,"It’s a Cairo Dog.  Ketchup, mustard, onions and sand."
3017,3109,1,13,81,95,1.1578947368421053,0.040478076611364315,634,"During the winter, we use it as a ski jump, but in the summer we take turns selling hot dogs and working on our tans."
3085,3109,2,11,82,95,1.1578947368421053,0.04315598280527234,634,"Have a hotgog, I already called the Landmarks Commission."
3155,3109,2,11,82,95,1.1578947368421053,0.04315598280527234,634,Looks like a pyramid scheme to me - it's not worth the papyrus it's written on.
3174,3109,2,11,82,95,1.1578947368421053,0.04315598280527234,634,You want a hotdog? You get a hotdog.
3191,3109,1,13,81,95,1.1578947368421053,0.040478076611364315,634,"No, I don't think 'Scheme Dogs' is a catchy name."
3226,3109,4,7,84,95,1.1578947368421053,0.04806627906709574,634,"Thanks, it looks mummy."
3250,3109,2,11,82,95,1.1578947368421053,0.04315598280527234,634,Everything's vegan!
3361,3109,3,9,83,95,1.1578947368421053,0.04567716078766766,634,"I know the Egyptians were excellent at preserving all sorts of items, but I still think his sales motto, 'From Sarcophagus to Esophagus (and back again),' is just downright creepy, not to mention unappetizing. But I’m starving, so… hand it over."
3488,3109,2,11,82,95,1.1578947368421053,0.04315598280527234,634,Could you get me some mustard?
3496,3109,4,7,84,95,1.1578947368421053,0.04806627906709574,634,I hope my mummydog doesn’t taste like it was entombed.
3509,3109,1,13,81,95,1.1578947368421053,0.040478076611364315,634,He said he did his time but pyramid schemes are all he knows.
3543,3109,3,9,83,95,1.1578947368421053,0.04567716078766766,634,This mustard stripe is too precise to have been squeezed by humans.
3620,3109,2,11,82,95,1.1578947368421053,0.04315598280527234,634,"Born in the heavens, made just for you."
2945,3109,3,9,83,95,1.1578947368421053,0.04567716078766766,634,"The dogs are the same, but the ones up at top last longer, relatively speaking."
2329,3109,1,13,81,95,1.1578947368421053,0.040478076611364315,634,I foolishly fell for his Coney Dog app.
2937,3109,3,9,83,95,1.1578947368421053,0.04567716078766766,634,"Sorry, the USDA says they’re too high on the food pyramid."
2865,3109,1,13,81,95,1.1578947368421053,0.040478076611364315,634,The elevator is around back.
2802,3109,3,9,83,95,1.1578947368421053,0.04567716078766766,634,I think you're missing the point of the pyramid
4631,3109,2,11,82,95,1.1578947368421053,0.04315598280527234,634,Hopefully it isn't also 3000 years old.
2781,3109,0,15,80,95,1.1578947368421053,0.03760997900055245,634,"It's as healthy as that green juice place, but you get to eat a hot dog instead."
2643,3109,3,9,83,95,1.1578947368421053,0.04567716078766766,634,He's going out on a high note....
2372,3109,1,13,81,95,1.1578947368421053,0.040478076611364315,634,He said the mustard and ketchup are by the Sphinx.
2221,3109,1,13,81,95,1.1578947368421053,0.040478076611364315,634,Wonder how much they charge for an ice cream cone up there
2307,3109,3,9,83,95,1.1578947368421053,0.04567716078766766,634,Your dogs are worth the slide !
2294,3109,1,13,81,95,1.1578947368421053,0.040478076611364315,634,I have an interesting food service business opportunity with great potential !
2258,3109,3,9,83,95,1.1578947368421053,0.04567716078766766,634,"I recruit you, you recruit him and so on...it's called the hot dog pyramid scheme."
2243,3109,3,9,83,95,1.1578947368421053,0.04567716078766766,634,"If you want the lemonade, you'll have to climb to the top."
2237,3109,1,13,81,95,1.1578947368421053,0.040478076611364315,634,"This may be the nicest thing anyone has ever done for me, but I want mustard."
3661,3109,2,11,82,95,1.1578947368421053,0.04315598280527234,634,At least you know they're not made with offal.
2938,3109,1,13,81,95,1.1578947368421053,0.040478076611364315,634,It is a Set dog. Ramses up there made it special.
3773,3109,3,9,83,95,1.1578947368421053,0.04567716078766766,634,What d’ya mean you want more mustard!
4251,3109,1,13,81,95,1.1578947368421053,0.040478076611364315,634,I told you!! There's room at the top!!
3795,3109,2,11,82,95,1.1578947368421053,0.04315598280527234,634,"If you know how to levitate, I'll give it to you free."
2183,3109,1,13,81,95,1.1578947368421053,0.040478076611364315,634,He calls them Maslow Dogs.
4561,3109,2,11,82,95,1.1578947368421053,0.04315598280527234,634,Hotdogs 2 for $5. If you want lemonade get it yourself.
4536,3109,1,13,81,95,1.1578947368421053,0.040478076611364315,634,What should we rate him on Yelp?
4518,3109,3,9,83,95,1.1578947368421053,0.04567716078766766,634,You make everything look so easy.
4495,3109,2,11,82,95,1.1578947368421053,0.04315598280527234,634,So what makes these Top Dogs?
4483,3109,2,11,82,95,1.1578947368421053,0.04315598280527234,634,Prioritizing Presentation over Substance is so Bridge and Tunnel
4482,3109,2,11,82,95,1.1578947368421053,0.04315598280527234,634,"To be perfectly honest with you, I'm a vegetarian."
4426,3109,0,15,80,95,1.1578947368421053,0.03760997900055245,634,The hotdog vendor told me that for a $500 investment he could set me up with my own stand.
4332,3109,1,13,81,95,1.1578947368421053,0.040478076611364315,634,"I love these, but they take a while to unwrap."""
4299,3109,1,13,81,95,1.1578947368421053,0.040478076611364315,634,I'm not sure the term 'pyramid scheme' means what your boss thinks it does.
4296,3109,1,13,81,95,1.1578947368421053,0.040478076611364315,634,But I wanted mustard AND relish...
4277,3109,2,11,82,95,1.1578947368421053,0.04315598280527234,634,See. It's really not a pyramid scheme.
4275,3109,1,13,81,95,1.1578947368421053,0.040478076611364315,634,well you don't see this in egypt
4269,3109,3,9,83,95,1.1578947368421053,0.04567716078766766,634,What do you mean Egyptian hot dogs have no onions!
4191,3109,2,11,82,95,1.1578947368421053,0.04315598280527234,634,You will now taste the pinnacle of hot dogs !
4185,3109,0,15,80,95,1.1578947368421053,0.03760997900055245,634,I'll need more than one to push you back up to the top.
4182,3109,2,11,82,95,1.1578947368421053,0.04315598280527234,634,I don’t care. It needs more relish
3796,3109,2,11,82,95,1.1578947368421053,0.04315598280527234,634,Stick around for the show. He's going to jump 42 war chariots!
3818,3109,2,11,82,95,1.1578947368421053,0.04315598280527234,634,"He wants us to sell hot dogs too, but I think it's a pyramid scheme."
3841,3109,3,9,83,95,1.1578947368421053,0.04567716078766766,634,"I said I wanted mustard, not Hatshepsut!"
3874,3109,1,13,81,95,1.1578947368421053,0.040478076611364315,634,Hot dogs are loaded with nitrates and preservatives. That’s why you guys have been assigned space at the very top of the food pyramid.
3907,3109,2,11,82,95,1.1578947368421053,0.04315598280527234,634,Why didn't you tell me you wanted mustard BEFORE I climbed all the way up there?
3935,3109,1,13,81,95,1.1578947368421053,0.040478076611364315,634,"They say dogs were important to the Ancient Egyptians, and I guess they weren't kidding."
3780,3109,2,11,82,95,1.1578947368421053,0.04315598280527234,634,Thanks!   I've heard so much about these Egyptian hot dogs.
3938,3109,0,15,80,95,1.1578947368421053,0.03760997900055245,634,Tell him I wanted ketchup AND mustard!
4086,3109,0,15,80,95,1.1578947368421053,0.03760997900055245,634,It’s an old Egyptian favourite.
4100,3109,4,7,84,95,1.1578947368421053,0.04806627906709574,634,"No darling, he doesn’t have sriracha."
4114,3109,1,13,81,95,1.1578947368421053,0.040478076611364315,634,"It's not healthy John, you literally got it from the top of the [food] pyramid"
4123,3109,3,9,83,95,1.1578947368421053,0.04567716078766766,634,Don't drop it.
4126,3109,3,9,83,95,1.1578947368421053,0.04567716078766766,634,You know what the slaves put in those hot dogs?!?
4130,3109,1,13,81,95,1.1578947368421053,0.040478076611364315,634,"Brett dahling. You are so gallant to scale the food pyramid and fetch our favorite victuals. But, dear, where are the trimmings?"" ""Frankly, I don't give a man about trimmings. Enjoy the main course or farewell!"""
3970,3109,2,11,82,95,1.1578947368421053,0.04315598280527234,634,Did you get me The Pharonic Dog: the works on a jewel encrusted 24 carat solid gold bun?
2178,3109,1,13,81,95,1.1578947368421053,0.040478076611364315,634,What's the Hygiene rating?
1772,3109,2,11,82,95,1.1578947368421053,0.04315598280527234,634,Buy your food out here! Concessions inside are so expensive - not to mention STALE!
2124,3109,3,9,83,95,1.1578947368421053,0.04567716078766766,634,"Can he play ""You Belong to Me?"""
874,3109,3,9,83,95,1.1578947368421053,0.04567716078766766,634,From the top of the food pyramid
868,3109,3,9,83,95,1.1578947368421053,0.04567716078766766,634,"It’s $1.50, and $25 for shipping and handling."
840,3109,3,9,83,95,1.1578947368421053,0.04567716078766766,634,"See, I told you Pops would love Mexico!"
829,3109,1,13,81,95,1.1578947368421053,0.040478076611364315,634,"My Hero!""
""No, sorry, but it's just a hot dog."
813,3109,2,11,82,95,1.1578947368421053,0.04315598280527234,634,"OK honey, I'll climb from behind and you take a selfie with both of us on the top from this angle"
803,3109,2,11,82,95,1.1578947368421053,0.04315598280527234,634,I think he should be investigated.
783,3109,2,11,82,95,1.1578947368421053,0.04315598280527234,634,"honestly, the zenith of hot dogs?"
710,3109,1,13,81,95,1.1578947368421053,0.040478076611364315,634,"They say it's the pinnacle of street food, but I can see it's only the frustum."
689,3109,3,9,83,95,1.1578947368421053,0.04567716078766766,634,According to Ben Carson it's kosher.
655,3109,1,13,81,95,1.1578947368421053,0.040478076611364315,634,$5 and no sauerkraut? That's a bit steep.
653,3109,2,11,82,95,1.1578947368421053,0.04315598280527234,634,The surcharge cost more than the hot dog.
561,3109,1,13,81,95,1.1578947368421053,0.040478076611364315,634,...I thought there were three?
518,3109,1,13,81,95,1.1578947368421053,0.040478076611364315,634,"I hate visiting third world countries, I had to walk to get food!"
445,3109,2,11,82,95,1.1578947368421053,0.04315598280527234,634,the Pinnacle of hot dogs.
923,3109,3,9,83,95,1.1578947368421053,0.04567716078766766,634,Thanks......but you forgot the Scarab juice again.
410,3109,2,11,82,95,1.1578947368421053,0.04315598280527234,634,"No, the *other* mustard."
321,3109,1,13,81,95,1.1578947368421053,0.040478076611364315,634,Beachfront property owners are using old technology to protect themselves against tsunamis
309,3109,3,9,83,95,1.1578947368421053,0.04567716078766766,634,Woud you top it off with mustard?
261,3109,1,13,81,95,1.1578947368421053,0.040478076611364315,634,"So if I sign up to sell hot dogs, I'll get a discount, too?"
245,3109,1,13,81,95,1.1578947368421053,0.040478076611364315,634,They're the top hot dogs around
233,3109,2,11,82,95,1.1578947368421053,0.04315598280527234,634,These better be worth it because they were hard to get!
178,3109,4,7,84,95,1.1578947368421053,0.04806627906709574,634,I don't care what he told you. Hot dogs are not the capstone of the food pyramid...especially with so little mustard.
158,3109,2,11,82,95,1.1578947368421053,0.04315598280527234,634,Trying to make people exercise to get food.
140,3109,3,9,83,95,1.1578947368421053,0.04567716078766766,634,Look what's on top of the food pyramid now!
133,3109,2,11,82,95,1.1578947368421053,0.04315598280527234,634,"What, no mustard?"
93,3109,2,11,82,95,1.1578947368421053,0.04315598280527234,634,"I buy hot dogs from you and resell them to others, who in turn resell them to others.  What a great idea!"
68,3109,0,15,80,95,1.1578947368421053,0.03760997900055245,634,No mustard?
62,3109,2,11,82,95,1.1578947368421053,0.04315598280527234,634,Good thing you didn't get the soup of the day.
37,3109,1,13,81,95,1.1578947368421053,0.040478076611364315,634,"For a pyramid scheme, it's a good one!"
2145,3109,4,7,84,95,1.1578947368421053,0.04806627906709574,634,He says we'll get even richer when we sell more franchises.
401,3109,2,11,82,95,1.1578947368421053,0.04315598280527234,634,I meant something from the top of the ‘food’ pyramid.
979,3109,1,13,81,95,1.1578947368421053,0.040478076611364315,634,"It'll go perfectly with the mustard we got at the Leaning Tower-remember that, dear?"
341,3109,4,7,84,95,1.1578947368421053,0.04806627906709574,634,I appreciate your climbing skills.
1091,3109,4,7,84,95,1.1578947368421053,0.04806627906709574,634,He claims that his sales have peaked
2071,3109,3,9,83,95,1.1578947368421053,0.04567716078766766,634,Really? Now you tell me?
1016,3109,2,11,82,95,1.1578947368421053,0.04315598280527234,634,"I admit, the tip of this Food Pyramid follows the US Department of Agriculture's guidelines: fats, oils and sweets."
2049,3109,2,11,82,95,1.1578947368421053,0.04315598280527234,634,TWO FOR ME NONE FOR YOU!
2044,3109,4,7,84,95,1.1578947368421053,0.04806627906709574,634,It’s actually a rectangular prism.
2037,3109,2,11,82,95,1.1578947368421053,0.04315598280527234,634,"Nailed it, Fred. Only thing better than a Sphinx Burger is a Pyramid 'Dog."
2034,3109,1,13,81,95,1.1578947368421053,0.040478076611364315,634,He said it had to do with hailing aliens while tanning.
2017,3109,1,13,81,95,1.1578947368421053,0.040478076611364315,634,Not exactly the best location for a hot dog stand.
1999,3109,2,11,82,95,1.1578947368421053,0.04315598280527234,634,Some customers say they get a natural high.
1890,3109,1,13,81,95,1.1578947368421053,0.040478076611364315,634,I don't believe these are real hot dogs.  You're up to some kind of pyramid scheme.
1828,3109,3,9,83,95,1.1578947368421053,0.04567716078766766,634,I’m pretty sure that’s a tomb and not a nutrition pyramid.
1754,3109,3,9,83,95,1.1578947368421053,0.04567716078766766,634,His hot dogs are at the top of the food pyramid.
1702,3109,2,11,82,95,1.1578947368421053,0.04315598280527234,634,Free!
1696,3109,3,9,83,95,1.1578947368421053,0.04567716078766766,634,I never thought they were in the top of the food pyramid
1694,3109,2,11,82,95,1.1578947368421053,0.04315598280527234,634,You really don’t want to know how this sausage got made.
1676,3109,0,15,80,95,1.1578947368421053,0.03760997900055245,634,Who the fuck is Larry?
1934,3109,1,13,81,95,1.1578947368421053,0.040478076611364315,634,He had the highest rating
1256,3109,2,11,82,95,1.1578947368421053,0.04315598280527234,634,You forgot the pickle relish
1163,3109,3,9,83,95,1.1578947368421053,0.04567716078766766,634,"'I'm not sure  Jack, it looks like Pyramid selling to me!'"
1211,3109,2,11,82,95,1.1578947368421053,0.04315598280527234,634,They were kinda expensive.
1138,3109,4,7,84,95,1.1578947368421053,0.04806627906709574,634,We've found that when franks are grilled with mummys' remains they acquire that certain piquant flavor that makes them extra yummy.
1305,3109,2,11,82,95,1.1578947368421053,0.04315598280527234,634,The relish is over by the tombs.
1322,3109,1,13,81,95,1.1578947368421053,0.040478076611364315,634,"According to the hot dog guy, they were all built with elevators."""
1654,3109,3,9,83,95,1.1578947368421053,0.04567716078766766,634,"Not Cairo style, again!"
1360,3109,2,11,82,95,1.1578947368421053,0.04315598280527234,634,Must be some old hot dogs.  Guy said he was grandfathered in.
1424,3109,2,11,82,95,1.1578947368421053,0.04315598280527234,634,"Why of course Schmidlappe. He is a Mason"""
1457,3109,3,9,83,95,1.1578947368421053,0.04567716078766766,634,$14! We're really paying for the location.
1584,3109,3,9,83,95,1.1578947368421053,0.04567716078766766,634,"So, where's the mustard and sauerkraut?"""
1591,3109,2,11,82,95,1.1578947368421053,0.04315598280527234,634,"No thanks, they elevate my cholesterol."
1593,3109,1,13,81,95,1.1578947368421053,0.040478076611364315,634,You expect me to eat that after it rolled down here?
1632,3109,3,9,83,95,1.1578947368421053,0.04567716078766766,634,"I brought the hot dogs, now you get the mustard."
1159,3109,2,11,82,95,1.1578947368421053,0.04315598280527234,634,It's all the rage. Hot-dogging is the latest extreme-sport trend.
2139,3243,1,13,82,96,1.15625,0.04008796522823715,634,It's the perfect business model. Now YOU sell these hot dogs...
3179,3244,1,12,79,92,1.1521739130434783,0.040702099693023734,634,"No, I will not fall for your pyramid scheme."
3086,3244,1,12,79,92,1.1521739130434783,0.040702099693023734,634,"It is not the apex of good food, but it is close enough"
2936,3244,1,12,79,92,1.1521739130434783,0.040702099693023734,634,Have they ever figured out how they made their hot dogs taste so great?
3203,3244,2,10,80,92,1.1521739130434783,0.04353794279315701,634,He's top of the food chain now that he started the food pyramid scheme.
3082,3244,1,12,79,92,1.1521739130434783,0.040702099693023734,634,You have taken pyramid selling to a new low....a dog and a bun for a buck!
3225,3244,0,14,78,92,1.1521739130434783,0.037653278425410365,634,We've reached peak sausage.
3193,3244,1,12,79,92,1.1521739130434783,0.040702099693023734,634,Could you ask if he has tapenade?
3068,3244,2,10,80,92,1.1521739130434783,0.04353794279315701,634,"Is this a Hebrew National
 hot dog?"
2971,3244,1,12,79,92,1.1521739130434783,0.040702099693023734,634,The chili dog with beans will gas you up.
3034,3244,2,10,80,92,1.1521739130434783,0.04353794279315701,634,He really swore that it's kosher?
3006,3244,3,8,81,92,1.1521739130434783,0.046200043353871234,634,Was one his mummy's favorite?
3002,3244,2,10,80,92,1.1521739130434783,0.04353794279315701,634,"Here, Hon. He's out of onions, so I got sand instead."
2978,3244,2,10,80,92,1.1521739130434783,0.04353794279315701,634,They're really trying to heighten their gift shop game.
2955,3244,1,12,79,92,1.1521739130434783,0.040702099693023734,634,How is the view up there?
3240,3244,2,10,80,92,1.1521739130434783,0.04353794279315701,634,Even on vacation he has to be the top of the pyramid!
3046,3244,2,10,80,92,1.1521739130434783,0.04353794279315701,634,"What do I look like, a charity case?"
3256,3244,1,12,79,92,1.1521739130434783,0.040702099693023734,634,"Go on, try it! Egyptian Food Week only comes around once a year!"""
3517,3244,1,12,79,92,1.1521739130434783,0.040702099693023734,634,Street hot dogs are sooo last year.
3270,3244,2,10,80,92,1.1521739130434783,0.04353794279315701,634,"They say it's 100% all beef,"
2906,3244,0,14,78,92,1.1521739130434783,0.037653278425410365,634,I hope you gave him a nice tip.
3562,3244,2,10,80,92,1.1521739130434783,0.04353794279315701,634,"He said they're made with pharaoh."""
3524,3244,1,12,79,92,1.1521739130434783,0.040702099693023734,634,A hotdog stand capstone? Wouldn't a naked warrior be more popular?
3498,3244,1,12,79,92,1.1521739130434783,0.040702099693023734,634,They're free for anyone whose DNA profile says they're related to Keops.
3475,3244,2,10,80,92,1.1521739130434783,0.04353794279315701,634,Since when did the highest court in the land become both a tourist attraction and a one justice court?!
3448,3244,2,10,80,92,1.1521739130434783,0.04353794279315701,634,"I don’t know...are you sure this is the vegan, gluten free option I ordered?"
3415,3244,2,10,80,92,1.1521739130434783,0.04353794279315701,634,It's either a great hot dog or a pyramid scam
3263,3244,3,8,81,92,1.1521739130434783,0.046200043353871234,634,"If you're so upset about it, ask me if I want mustard before you go."
3409,3244,1,12,79,92,1.1521739130434783,0.040702099693023734,634,“We have to come back on the solstice — they transform into chili dogs.
3355,3244,1,12,79,92,1.1521739130434783,0.040702099693023734,634,For me? I know they're hard to get.
3351,3244,1,12,79,92,1.1521739130434783,0.040702099693023734,634,The best part about frustum vendors is we don’t have to tip.
3320,3244,1,12,79,92,1.1521739130434783,0.040702099693023734,634,Have we hit peak hotdog?
3305,3244,2,10,80,92,1.1521739130434783,0.04353794279315701,634,I really want mustard too.
3277,3244,3,8,81,92,1.1521739130434783,0.046200043353871234,634,"They, like the clouds, sailed through the air with the greatest of ease."
3276,3244,0,14,78,92,1.1521739130434783,0.037653278425410365,634,Is this non GMO?
3272,3244,2,10,80,92,1.1521739130434783,0.04353794279315701,634,These hot dogs are a real pyramid scheme.
3388,3244,3,8,81,92,1.1521739130434783,0.046200043353871234,634,Maybe they should try this in Vegas!
2896,3244,2,10,80,92,1.1521739130434783,0.04353794279315701,634,No mustard! No napkins!
2447,3244,1,12,79,92,1.1521739130434783,0.040702099693023734,634,"Yeah, it's a Tut dog with the famous Malaria sauce."
2878,3244,1,12,79,92,1.1521739130434783,0.040702099693023734,634,It's just a little out of the way place.... for hotdogs.
2546,3244,0,14,78,92,1.1521739130434783,0.037653278425410365,634,An umbrella can take you to the top !!
2536,3244,3,8,81,92,1.1521739130434783,0.046200043353871234,634,"Pssh, you’ll burn ‘em off fetching  condiments.”"
2525,3244,2,10,80,92,1.1521739130434783,0.04353794279315701,634,My effort to get it for you pales in comparison to his effort getting his cart up there!
2515,3244,3,8,81,92,1.1521739130434783,0.046200043353871234,634,Thank goodness it's truncated.
2483,3244,1,12,79,92,1.1521739130434783,0.040702099693023734,634,$12.99 for a capstone dog you’ve got to be kidding me!
2479,3244,1,12,79,92,1.1521739130434783,0.040702099693023734,634,What about the King Tut mustard?
2459,3244,2,10,80,92,1.1521739130434783,0.04353794279315701,634,Go back. No one puts ketchup and not mustard on hot dogs!
2573,3244,2,10,80,92,1.1521739130434783,0.04353794279315701,634,After falling countless times. dude laughed and threw me these Sisyphus dogs. He said they'd be impossible to finish.
2457,3244,2,10,80,92,1.1521739130434783,0.04353794279315701,634,"Take these two and give them to your two friends ...

- Spencer Merritt Raleigh, NC"
3593,3244,2,10,80,92,1.1521739130434783,0.04353794279315701,634,Don’t tell me they ran out of embalming fluid again.
2415,3244,1,12,79,92,1.1521739130434783,0.040702099693023734,634,It's a politically kosher dog.
2369,3244,0,14,78,92,1.1521739130434783,0.037653278425410365,634,I greased it...
2359,3244,0,14,78,92,1.1521739130434783,0.037653278425410365,634,"It's called a Mummy Dog.
It's a well done weiner wrapped in bacon."
2345,3244,0,14,78,92,1.1521739130434783,0.037653278425410365,634,To say I'm impressed would be an overstatement.
2342,3244,1,12,79,92,1.1521739130434783,0.040702099693023734,634,I think they taste better at the pyramid.
2338,3244,2,10,80,92,1.1521739130434783,0.04353794279315701,634,"'Trust me, these hotdogs are the best. Lee Harvey Oswald loved them.'"
2451,3244,1,12,79,92,1.1521739130434783,0.040702099693023734,634,"Yeah, that's Ulay, his answer to a Moment of Silence. Shimmy up to your left and slide on down to your right when you're finished staring at him"
2586,3244,5,4,83,92,1.1521739130434783,0.05110995101130816,634,Going up was tough - I almost had a vender bender!
2595,3244,2,10,80,92,1.1521739130434783,0.04353794279315701,634,"Well, 
At least we know where you land on the food pyramid!"
2600,3244,1,12,79,92,1.1521739130434783,0.040702099693023734,634,They say that those who eat of the bratwurst of Amenemhat are forever cursed. Especially if you have the sauerkraut.
2860,3244,2,10,80,92,1.1521739130434783,0.04353794279315701,634,I wanted mustard on my Anubis.
2851,3244,1,12,79,92,1.1521739130434783,0.040702099693023734,634,"Whadoyumean, he was out'a sliders?"
2846,3244,0,14,78,92,1.1521739130434783,0.037653278425410365,634,"But honey, we agreed to go with the Sphinx dog."
2813,3244,1,12,79,92,1.1521739130434783,0.040702099693023734,634,What kind of pyramid scheme is he offering now?
2756,3244,1,12,79,92,1.1521739130434783,0.040702099693023734,634,"Thanks, I need some energy food."
2731,3244,1,12,79,92,1.1521739130434783,0.040702099693023734,634,You don't have any sliders?
2714,3244,1,12,79,92,1.1521739130434783,0.040702099693023734,634,Are you sure it's the best street meat east of Tripoli? Seems like a pyramid scheme to me.
2702,3244,2,10,80,92,1.1521739130434783,0.04353794279315701,634,The Pharaohs call this a 'Hot Anubis'
2690,3244,3,8,81,92,1.1521739130434783,0.046200043353871234,634,Noone stays up th
2676,3244,2,10,80,92,1.1521739130434783,0.04353794279315701,634,It was either raising the ground or raising taxes to prevent obesity.
2656,3244,1,12,79,92,1.1521739130434783,0.040702099693023734,634,But the best part is the ketchup and mustard at the top.
2650,3244,1,12,79,92,1.1521739130434783,0.040702099693023734,634,There's just no way I'm going up there again for extra kraut.
2649,3244,2,10,80,92,1.1521739130434783,0.04353794279315701,634,Do you think it was built for King Nathan?
2647,3244,1,12,79,92,1.1521739130434783,0.040702099693023734,634,"No, I said i wanted Bratwurst with Grey Poupon!"
2638,3244,1,12,79,92,1.1521739130434783,0.040702099693023734,634,I'm Khufused.
2636,3244,2,10,80,92,1.1521739130434783,0.04353794279315701,634,I'll get the mustard once the excavation is done.
2608,3244,3,8,81,92,1.1521739130434783,0.046200043353871234,634,On a bun? I think I'll take a roll.
2881,3244,0,14,78,92,1.1521739130434783,0.037653278425410365,634,You fell for the 'blessed by Tutankhamun' bit?
3611,3244,0,14,78,92,1.1521739130434783,0.037653278425410365,634,"If you're a hot dog aficionado , this is the place to be."
3946,3244,2,10,80,92,1.1521739130434783,0.04353794279315701,634,Which way to the nearest subway station?
3615,3244,3,8,81,92,1.1521739130434783,0.046200043353871234,634,What happens to the business when he runs out of canopic jars?
4264,3244,2,10,80,92,1.1521739130434783,0.04353794279315701,634,Can you get me some ketchup?
4254,3244,3,8,81,92,1.1521739130434783,0.046200043353871234,634,I really wish hot dogs were a bit lower on the food pyramid.
4215,3244,4,6,82,92,1.1521739130434783,0.04871689182551522,634,Ketchup! Has the plague turned all the mustard to ketchup? You know how highly Pharoah holds Chicago dogs.
4198,3244,0,14,78,92,1.1521739130434783,0.037653278425410365,634,I am not going back up just because I forgot to ask for mustard
4197,3244,2,10,80,92,1.1521739130434783,0.04353794279315701,634,Wait...where’s Anubis?
4175,3244,3,8,81,92,1.1521739130434783,0.046200043353871234,634,You act like the menu is in hieroglyphics
4140,3244,2,10,80,92,1.1521739130434783,0.04353794279315701,634,He said he wants to be closer to his sun.
4290,3244,3,8,81,92,1.1521739130434783,0.046200043353871234,634,That's not what I meant by a 'slider.'
4137,3244,2,10,80,92,1.1521739130434783,0.04353794279315701,634,"Where’s the mustard?




John Klotsche 
South Huntington, NY"
4092,3244,3,8,81,92,1.1521739130434783,0.046200043353871234,634,This tastes like a 2000-year-old mummified pharoah’s corpse - just like back in NYC
4091,3244,1,12,79,92,1.1521739130434783,0.040702099693023734,634,Best  TOP DODS  around
4088,3244,0,14,78,92,1.1521739130434783,0.037653278425410365,634,The best dogs in the mirage!
4081,3244,2,10,80,92,1.1521739130434783,0.04353794279315701,634,Food for the gods is best shared on common ground.
4076,3244,2,10,80,92,1.1521739130434783,0.04353794279315701,634,The Cholula hotdog comes with a lot of ketchup.
4062,3244,2,10,80,92,1.1521739130434783,0.04353794279315701,634,i heard it was the top dog
4047,3244,1,12,79,92,1.1521739130434783,0.040702099693023734,634,"The food's so good here, it's worth the trip!"
4099,3244,2,10,80,92,1.1521739130434783,0.04353794279315701,634,Can my friends sell them too?
4036,3244,0,14,78,92,1.1521739130434783,0.037653278425410365,634,Pharaoh frank?
4319,3244,3,8,81,92,1.1521739130434783,0.046200043353871234,634,"So maybe it IS a good hot dog, but I still think the whole thing is just another pyramid scheme."
4344,3244,1,12,79,92,1.1521739130434783,0.040702099693023734,634,He's playing at the pyramidal peak of this performance.
2308,3244,1,12,79,92,1.1521739130434783,0.040702099693023734,634,"His sales have risen, but he still charges on a sliding scale."
4587,3244,2,10,80,92,1.1521739130434783,0.04353794279315701,634,"Yes,it's good,but I still think ""Ra-Dog"" is a terrible name."
4568,3244,1,12,79,92,1.1521739130434783,0.040702099693023734,634,He says that the hot dog is the pinnacle of American culinary expression.
4565,3244,0,14,78,92,1.1521739130434783,0.037653278425410365,634,"Sure the hotdogs are tasty, but it still sounds like a pyramid scheme to me"
4508,3244,0,14,78,92,1.1521739130434783,0.037653278425410365,634,"Frank,  it  took  a  long, long time
to  get the  hot dogs.""   ""The  hot
dogs  are cold by  now!"
4493,3244,0,14,78,92,1.1521739130434783,0.037653278425410365,634,Formerly of Nathan’s Coney Island!
4471,3244,2,10,80,92,1.1521739130434783,0.04353794279315701,634,"Tomb food, I see.  Not good for a summit.  I'll try my luck up there."
4325,3244,1,12,79,92,1.1521739130434783,0.040702099693023734,634,There's really no point up there
4450,3244,2,10,80,92,1.1521739130434783,0.04353794279315701,634,"Honey, can you put some peppers and mustard on it?"
4442,3244,1,12,79,92,1.1521739130434783,0.040702099693023734,634,He says that the likes the view up because he can see the people coming and  he is ready with his Egyptian hot dogs ready.
4404,3244,2,10,80,92,1.1521739130434783,0.04353794279315701,634,Perfectly grilled by the pyramid cosmic rays but needs more mustard.
4391,3244,3,8,81,92,1.1521739130434783,0.046200043353871234,634,Are you sure it's the pinnacle of NEW YORK hot dogs?
4384,3244,3,8,81,92,1.1521739130434783,0.046200043353871234,634,"Not the best hot dog, but good delivery service."
4370,3244,3,8,81,92,1.1521739130434783,0.046200043353871234,634,"Two,but you'll have to deliver the other one."
4366,3244,3,8,81,92,1.1521739130434783,0.046200043353871234,634,But I wanted the cheese dog!
4350,3244,2,10,80,92,1.1521739130434783,0.04353794279315701,634,We'll never get through Customs in Chicago if they find out about the ketchup.
4444,3244,1,12,79,92,1.1521739130434783,0.040702099693023734,634,And you say the tip is already covered?
4031,3244,1,12,79,92,1.1521739130434783,0.040702099693023734,634,"Two Amenhotep specials -- with mustard, onion, and the elixir of life."
4027,3244,2,10,80,92,1.1521739130434783,0.04353794279315701,634,"Yeah, it even came with that ancient tomb cheese they found over the summer. It was like four bucks plus the eternal curse and fatal disease."
4025,3244,1,12,79,92,1.1521739130434783,0.040702099693023734,634,Great concept.  We burn up all the lunch calories just climbing up there for the hot dog order pickup.
3792,3244,1,12,79,92,1.1521739130434783,0.040702099693023734,634,"Sure they’re tough to get, but mummy and daddy love them!"
3787,3244,3,8,81,92,1.1521739130434783,0.046200043353871234,634,"Here you go, the bus leaves in 10 minutes."
3769,3244,2,10,80,92,1.1521739130434783,0.04353794279315701,634,"it may be dirty, but it's still cooked in water!"
3759,3244,1,12,79,92,1.1521739130434783,0.040702099693023734,634,How much is the upcharge for rolling down the mustard?
3734,3244,1,12,79,92,1.1521739130434783,0.040702099693023734,634,NO ! I wanted a scheme not a structure.
3720,3244,2,10,80,92,1.1521739130434783,0.04353794279315701,634,Please recalculate the length.
3716,3244,1,12,79,92,1.1521739130434783,0.040702099693023734,634,This new food pyramid is weird...
3799,3244,1,12,79,92,1.1521739130434783,0.040702099693023734,634,Resell these hot dogs? I don't know...sounds like some sort of scheme.
3714,3244,2,10,80,92,1.1521739130434783,0.04353794279315701,634,"Las Vegas in its early days
""it's a really lovely pyramid  but it does feel different somehow"""
3701,3244,3,8,81,92,1.1521739130434783,0.046200043353871234,634,No thanks. I never climb on a full stomach.
3677,3244,0,14,78,92,1.1521739130434783,0.037653278425410365,634,Wait… they aren't in pita?
3672,3244,2,10,80,92,1.1521739130434783,0.04353794279315701,634,He actually said these dogs are kosher!
3668,3244,0,14,78,92,1.1521739130434783,0.037653278425410365,634,"Trust me,the Sphinx-top patio across the desert is way better."
3648,3244,2,10,80,92,1.1521739130434783,0.04353794279315701,634,Apparently it’s a frustum
3645,3244,2,10,80,92,1.1521739130434783,0.04353794279315701,634,"So, I buy two, and get two other people to buy them off me, and then next time I buy four, and after that I can win a free holiday?"
3638,3244,2,10,80,92,1.1521739130434783,0.04353794279315701,634,Great catch!  And I really liked watching what you had to do to pay him.
3707,3244,1,12,79,92,1.1521739130434783,0.040702099693023734,634,They call it trickle down eco-DOG-mics
3803,3244,1,12,79,92,1.1521739130434783,0.040702099693023734,634,"It's a tough climb, but he *is* at the top of the food pyramid."
3807,3244,1,12,79,92,1.1521739130434783,0.040702099693023734,634,I think this has gone too far.
3824,3244,1,12,79,92,1.1521739130434783,0.040702099693023734,634,Opportunity found.  he just offered us a chance to start our own business and sell the worlds best hot dog
4020,3244,3,8,81,92,1.1521739130434783,0.046200043353871234,634,"OK, he said if I bought 2 hot dogs, cut them in half and sold them to you as 4 hot dogs and then you did the same I could get sauerkraut."
4015,3244,1,12,79,92,1.1521739130434783,0.040702099693023734,634,How can you forget the drone
3990,3244,2,10,80,92,1.1521739130434783,0.04353794279315701,634,You're welcome and there's free lemonade up the hill.
3988,3244,2,10,80,92,1.1521739130434783,0.04353794279315701,634,The sliders were all gone.
3958,3244,1,12,79,92,1.1521739130434783,0.040702099693023734,634,Uh oh. I forgot the mustard.
3955,3244,2,10,80,92,1.1521739130434783,0.04353794279315701,634,Then you sell four and they sell eight.
4643,3244,2,10,80,92,1.1521739130434783,0.04353794279315701,634,I never thought the pyramids were actually about food.
3914,3244,5,4,83,92,1.1521739130434783,0.05110995101130816,634,"No, Herold! Take it back.  I said mustard not catsup."
3910,3244,1,12,79,92,1.1521739130434783,0.040702099693023734,634,"What, no sliders?"
3900,3244,1,12,79,92,1.1521739130434783,0.040702099693023734,634,"It's the latest in ""height cuisine."""
3899,3244,0,14,78,92,1.1521739130434783,0.037653278425410365,634,High Tea (umbrella extra).
3864,3244,3,8,81,92,1.1521739130434783,0.046200043353871234,634,Didn't you get any mustard?
3861,3244,1,12,79,92,1.1521739130434783,0.040702099693023734,634,I think the toppings are in the toumb
3853,3244,1,12,79,92,1.1521739130434783,0.040702099693023734,634,"Thank you, Honey, but did you forget that I like chili on my dog."
3846,3244,2,10,80,92,1.1521739130434783,0.04353794279315701,634,They said they'd bring the sodas up later.
3845,3244,1,12,79,92,1.1521739130434783,0.040702099693023734,634,It's about time they make us feel at home.
3844,3244,1,12,79,92,1.1521739130434783,0.040702099693023734,634,"I’d love one, but I’m concerned about becoming involved in a pyramid scheme."
3613,3244,3,8,81,92,1.1521739130434783,0.046200043353871234,634,Did you ask for mustard?
2304,3244,2,10,80,92,1.1521739130434783,0.04353794279315701,634,Would it be too much bother if you go back and get one with sauerkraut and the other with chili?
3922,3244,2,10,80,92,1.1521739130434783,0.04353794279315701,634,"No, I said ketchup."
2236,3244,2,10,80,92,1.1521739130434783,0.04353794279315701,634,Are you sure this hot dog franchise isn't some kind of pyramid scheme?
735,3244,1,12,79,92,1.1521739130434783,0.040702099693023734,634,A food cart at the top of a pyramid? I just don't see the point...
728,3244,2,10,80,92,1.1521739130434783,0.04353794279315701,634,"I hate to break it to you, but the ballpark only charges eight-bucks for a Sphinxter dog."
722,3244,1,12,79,92,1.1521739130434783,0.040702099693023734,634,I don't relish any of this!
667,3244,1,12,79,92,1.1521739130434783,0.040702099693023734,634,It is still a mystery how those sausages are made.
665,3244,2,10,80,92,1.1521739130434783,0.04353794279315701,634,I can't believe we went all the to bum fuck Egypt just for this Hot Dog.
650,3244,1,12,79,92,1.1521739130434783,0.040702099693023734,634,I wanted mustard and relish on mine.
625,3244,2,10,80,92,1.1521739130434783,0.04353794279315701,634,Are you sure these are Kosher?
743,3244,0,14,78,92,1.1521739130434783,0.037653278425410365,634,Mustard and onions are the key to this pyramid scheme.
624,3244,2,10,80,92,1.1521739130434783,0.04353794279315701,634,But I wanted mustard.
602,3244,2,10,80,92,1.1521739130434783,0.04353794279315701,634,I'm sure it was worth it. He's at the pinnacle of his success.
583,3244,2,10,80,92,1.1521739130434783,0.04353794279315701,634,"Yes, we talked about possible flooding, but this isn't what I had in mind."
576,3244,2,10,80,92,1.1521739130434783,0.04353794279315701,634,Where's the horse that pulled the cart ?
574,3244,2,10,80,92,1.1521739130434783,0.04353794279315701,634,"Godot, schmodo! Eat yer while it's hot."
572,3244,2,10,80,92,1.1521739130434783,0.04353794279315701,634,"$10.00 ???!!!  A Pyramid scam, I say"".."
565,3244,1,12,79,92,1.1521739130434783,0.040702099693023734,634,"I meant ""with relish"" figuratively, not literally."
559,3244,4,6,82,92,1.1521739130434783,0.04871689182551522,634,It’s the latest pyramid scheme!
613,3244,2,10,80,92,1.1521739130434783,0.04353794279315701,634,We get free hot dogs if we appear in cartoon contest #634!
526,3244,1,12,79,92,1.1521739130434783,0.040702099693023734,634,I appreciate the gesture but you really should have asked first if I wanted the onions.
746,3244,2,10,80,92,1.1521739130434783,0.04353794279315701,634,Trust me - these are the top of the food pyramid.
756,3244,2,10,80,92,1.1521739130434783,0.04353794279315701,634,It takes a lot of sacrifices to be top dog.
999,3244,0,14,78,92,1.1521739130434783,0.037653278425410365,634,He's trying to avoid the bees.
995,3244,2,10,80,92,1.1521739130434783,0.04353794279315701,634,They should have one of these at Cross-Fit.
946,3244,0,14,78,92,1.1521739130434783,0.037653278425410365,634,He swears it's the only Hot Dog stand that survived in King Tut's tomb.
940,3244,2,10,80,92,1.1521739130434783,0.04353794279315701,634,"No worries, we'll square up later."
914,3244,1,12,79,92,1.1521739130434783,0.040702099693023734,634,These are some highly extravagant hotdogs out of this world!
910,3244,1,12,79,92,1.1521739130434783,0.040702099693023734,634,"I know he claims it’s an authetic Hotepdog, but I’m famished!"
865,3244,2,10,80,92,1.1521739130434783,0.04353794279315701,634,"How exciting!
All the way to Egypt for the top dog!"
753,3244,2,10,80,92,1.1521739130434783,0.04353794279315701,634,He could find a better location.
857,3244,3,8,81,92,1.1521739130434783,0.046200043353871234,634,Dirty water franks are the top of the New York food pyramid?
842,3244,1,12,79,92,1.1521739130434783,0.040702099693023734,634,"Honey, I got us some real sliders!"
835,3244,1,12,79,92,1.1521739130434783,0.040702099693023734,634,"I'm getting the tee shirt.
And I hear they have a no-sno globe."
812,3244,1,12,79,92,1.1521739130434783,0.040702099693023734,634,"I told you, “No Ketchup”!"
809,3244,2,10,80,92,1.1521739130434783,0.04353794279315701,634,I thought  Che Hop was a pancake house.
805,3244,2,10,80,92,1.1521739130434783,0.04353794279315701,634,These hot dogs comply with the highest standards.
804,3244,3,8,81,92,1.1521739130434783,0.046200043353871234,634,It is a long climb for a crappy hot dog.
771,3244,0,14,78,92,1.1521739130434783,0.037653278425410365,634,I'm gonna need some sauerkraut on that.
847,3244,2,10,80,92,1.1521739130434783,0.04353794279315701,634,"dogs huh? haha isn't that just how it is, come all the way to wherever the fuck this is and what's there to eat? hot dogs, just like we got in new york. new york city. big apple. a magical town. new fucken york. got hot dogs there too."
1003,3244,1,12,79,92,1.1521739130434783,0.040702099693023734,634,We're open all through the hurricane season
520,3244,2,10,80,92,1.1521739130434783,0.04353794279315701,634,"Ah. I meant, ""I would relish eating one on top."""
431,3244,2,10,80,92,1.1521739130434783,0.04353794279315701,634,No chili?
188,3244,2,10,80,92,1.1521739130434783,0.04353794279315701,634,Where's the ketchup?
184,3244,1,12,79,92,1.1521739130434783,0.040702099693023734,634,Could I get one with extra Scarab and a side of Pharoah fries?
182,3244,1,12,79,92,1.1521739130434783,0.040702099693023734,634,You forgot sauerkraut?
172,3244,2,10,80,92,1.1521739130434783,0.04353794279315701,634,"The marketing of King Tut hot dogs has gone extreme
Frank Buckley Andover MA"
153,3244,2,10,80,92,1.1521739130434783,0.04353794279315701,634,Half price on mummy.
152,3244,1,12,79,92,1.1521739130434783,0.040702099693023734,634,We found the meat inside; it seems fresh enough.
148,3244,0,14,78,92,1.1521739130434783,0.037653278425410365,634,"As AC/DC once sang, “It’s a long way to the top of you want a sausage roll”."
194,3244,2,10,80,92,1.1521739130434783,0.04353794279315701,634,Enjoy--I had to walk up the whole food pyramid to get it!
132,3244,0,14,78,92,1.1521739130434783,0.037653278425410365,634,Who knew hot dogs were at the top of the food pyramid?
90,3244,2,10,80,92,1.1521739130434783,0.04353794279315701,634,No sauerkraut?
80,3244,2,10,80,92,1.1521739130434783,0.04353794279315701,634,"Okay. It’s not cultural appropriation.  But, is it locally-sourced, fair trade, organic, and vegan?"
72,3244,1,12,79,92,1.1521739130434783,0.040702099693023734,634,I wanted a slider!
29,3244,1,12,79,92,1.1521739130434783,0.040702099693023734,634,So where’s the mustard?
14,3244,3,8,81,92,1.1521739130434783,0.046200043353871234,634,Check out the great pyramid of geezer.
12,3244,1,12,79,92,1.1521739130434783,0.040702099693023734,634,You forgot the ketchup
2289,3244,1,12,79,92,1.1521739130434783,0.040702099693023734,634,"He's waiting to see if Godot or Cleopatra shows up first."""
100,3244,2,10,80,92,1.1521739130434783,0.04353794279315701,634,I like this pyramid scheme
504,3244,1,12,79,92,1.1521739130434783,0.040702099693023734,634,Im trying to reach the top with these wieners
196,3244,1,12,79,92,1.1521739130434783,0.040702099693023734,634,"You forgot the relish again, Mitchell..."
207,3244,3,8,81,92,1.1521739130434783,0.046200043353871234,634,"I know Stan, but they are still made out of hog anus."
419,3244,1,12,79,92,1.1521739130434783,0.040702099693023734,634,So this is the top of the street food pyramid?
415,3244,0,14,78,92,1.1521739130434783,0.037653278425410365,634,He is on the cutting edge of so many things. But sometimes he may take his ideas a little far...
406,3244,1,12,79,92,1.1521739130434783,0.040702099693023734,634,just because I​ am the best
404,3244,2,10,80,92,1.1521739130434783,0.04353794279315701,634,Since when did hot dogs make it to the top of the food pyramid?
400,3244,2,10,80,92,1.1521739130434783,0.04353794279315701,634,"Thank you Henry, but count me out of this pyramid scheme."
385,3244,3,8,81,92,1.1521739130434783,0.046200043353871234,634,It's the only spot that sells tri-tip beef franks.
358,3244,3,8,81,92,1.1521739130434783,0.046200043353871234,634,"His marketing strategy is simple. Location, location, location. I think it is flawed."
206,3244,3,8,81,92,1.1521739130434783,0.046200043353871234,634,He's got an entirely new take on the MUMMY movies
337,3244,2,10,80,92,1.1521739130434783,0.04353794279315701,634,I said relish not onions.
289,3244,2,10,80,92,1.1521739130434783,0.04353794279315701,634,He said time travelers from another dimension gave him the perfect hot dog recipe.
287,3244,4,6,82,92,1.1521739130434783,0.04871689182551522,634,Hebrew National
267,3244,2,10,80,92,1.1521739130434783,0.04353794279315701,634,Get ready for the 8th wonder of the world.
266,3244,2,10,80,92,1.1521739130434783,0.04353794279315701,634,Are you kidding me? Ketchup!
253,3244,2,10,80,92,1.1521739130434783,0.04353794279315701,634,I told you I wanted relish.
225,3244,3,8,81,92,1.1521739130434783,0.046200043353871234,634,I bought a hot dog from a pushcart on a pyramid.
211,3244,1,12,79,92,1.1521739130434783,0.040702099693023734,634,"High Society, Hot Dog Society"
325,3244,2,10,80,92,1.1521739130434783,0.04353794279315701,634,This relish is the seven and a half-th wonder of the world!
1070,3244,3,8,81,92,1.1521739130434783,0.046200043353871234,634,"He says if we take orders for these back at the bus and get the other tourists to buy,  and they get o there's to order with our percentage we'll be rich!"
843,3244,4,6,82,92,1.1521739130434783,0.04871689182551522,634,"Well, as long as they are on the top of the food pyramid..."
1082,3244,0,14,78,92,1.1521739130434783,0.037653278425410365,634,I wanted mine with hummus.
1906,3244,1,12,79,92,1.1521739130434783,0.040702099693023734,634,DAD HOW DO I CLIMB THE PYRAMID ?
1872,3244,1,12,79,92,1.1521739130434783,0.040702099693023734,634,"Sisyphus, got a new gig"
1858,3244,2,10,80,92,1.1521739130434783,0.04353794279315701,634,My first haute dog!
1854,3244,1,12,79,92,1.1521739130434783,0.040702099693023734,634,They call it a Tutankfranfurter.
1813,3244,2,10,80,92,1.1521739130434783,0.04353794279315701,634,It’s a pyramid meal.
1796,3244,2,10,80,92,1.1521739130434783,0.04353794279315701,634,Now you are my obedient servant because I don't like hot dogs.
1073,3244,1,12,79,92,1.1521739130434783,0.040702099693023734,634,You know I won't eat hot dogs without mustard.  So get back up there.
1907,3244,1,12,79,92,1.1521739130434783,0.040702099693023734,634,But I wanted spicy mustard.  Can you ask him again?
1780,3244,1,12,79,92,1.1521739130434783,0.040702099693023734,634,Papaya King Tut?
1744,3244,1,12,79,92,1.1521739130434783,0.040702099693023734,634,They’re a dollar each.
1734,3244,2,10,80,92,1.1521739130434783,0.04353794279315701,634,"Now, you did order mine made from the raw heart of a sacrificed virgin?"
1709,3244,2,10,80,92,1.1521739130434783,0.04353794279315701,634,Can you go back up and trade mine for a Polish dog?
1704,3244,2,10,80,92,1.1521739130434783,0.04353794279315701,634,Now I know what it feels like to be made one with everything.
1684,3244,2,10,80,92,1.1521739130434783,0.04353794279315701,634,This is even better than golden arches.
1661,3244,3,8,81,92,1.1521739130434783,0.046200043353871234,634,"Getting up there to get these was a bitch, but coming down was easy."
1627,3244,4,6,82,92,1.1521739130434783,0.04871689182551522,634,"I thought king tut was at the top, but this was 4.99."
1755,3244,2,10,80,92,1.1521739130434783,0.04353794279315701,634,They have to be all beef.
1914,3244,2,10,80,92,1.1521739130434783,0.04353794279315701,634,"What's thre point, indeed?"
1944,3244,3,8,81,92,1.1521739130434783,0.046200043353871234,634,This is the genuine cube steak from 5th and 42nd in Manhattan. Topped with New York grit mustard.
1945,3244,1,12,79,92,1.1521739130434783,0.040702099693023734,634,They are made with an ancient Egyptian recipe.
2211,3244,2,10,80,92,1.1521739130434783,0.04353794279315701,634,You know I hate pickle relish.
2208,3244,2,10,80,92,1.1521739130434783,0.04353794279315701,634,What! No mustard?  I think you got egypt.
2184,3244,2,10,80,92,1.1521739130434783,0.04353794279315701,634,Calling all entrepreneurs! Here’s your chance to climb to the top of the food pyramid! Transform the food desert into a mustard metropolis as you take a Brooklyn-sized bite out of life! Nathan’s Famous is hiring!”
2177,3244,2,10,80,92,1.1521739130434783,0.04353794279315701,634,It's amazing what pyramid power does to cylinder tastiness!
2165,3244,1,12,79,92,1.1521739130434783,0.040702099693023734,634,I asked for sauerkraut.
2157,3244,4,6,82,92,1.1521739130434783,0.04871689182551522,634,He shoved his weiner in my face. At least I hope it was him.
2151,3244,2,10,80,92,1.1521739130434783,0.04353794279315701,634,"I said Giza, not Geezer."
2135,3244,0,14,78,92,1.1521739130434783,0.037653278425410365,634,He calls it an Egyptian Style dog.
2098,3244,2,10,80,92,1.1521739130434783,0.04353794279315701,634,Go back and ask if it's Kosher!
2081,3244,2,10,80,92,1.1521739130434783,0.04353794279315701,634,"Sorry, drinks are sold atop The Great Pyramid."
2076,3244,0,14,78,92,1.1521739130434783,0.037653278425410365,634,"We're giving out free tickets for the show, but getting up there is your problem."
2061,3244,1,12,79,92,1.1521739130434783,0.040702099693023734,634,Do you have any idea what century that's from?
2038,3244,2,10,80,92,1.1521739130434783,0.04353794279315701,634,Does this hot dog taste like Anubis to you?
2021,3244,2,10,80,92,1.1521739130434783,0.04353794279315701,634,Don't they sell any pails of water?
2001,3244,2,10,80,92,1.1521739130434783,0.04353794279315701,634,"No, it’s not pyramid selling."
1998,3244,1,12,79,92,1.1521739130434783,0.040702099693023734,634,"He said that ""pyramid adds to the umami""!"
1975,3244,2,10,80,92,1.1521739130434783,0.04353794279315701,634,So lonely to be all the way up here.
1622,3244,3,8,81,92,1.1521739130434783,0.046200043353871234,634,"I said mustard  AND sauerkraut.

[caps should be italic]"
1583,3244,1,12,79,92,1.1521739130434783,0.040702099693023734,634,I said SPICY mustard.
1784,3244,1,12,79,92,1.1521739130434783,0.040702099693023734,634,I didn't know Amway sold hot dogs.
1565,3244,1,12,79,92,1.1521739130434783,0.040702099693023734,634,"He said it was a frustum'ing location for a hotdog stand, but the volume made up for the climb."
1373,3244,2,10,80,92,1.1521739130434783,0.04353794279315701,634,"The mustard chute starts at one p.m., and the ketchup catapult's at two."
1369,3244,3,8,81,92,1.1521739130434783,0.046200043353871234,634,"Do you ever have the urge to just, you know, push his cart over the edge?"
1353,3244,0,14,78,92,1.1521739130434783,0.037653278425410365,634,Of course it isn’t pork sausage.
1310,3244,3,8,81,92,1.1521739130434783,0.046200043353871234,634,He's doing everything he can to stay afloat after he lost his house in a pyramid scheme.
1270,3244,3,8,81,92,1.1521739130434783,0.046200043353871234,634,King Tut Dogs?  I'll pass.
1266,3244,3,8,81,92,1.1521739130434783,0.046200043353871234,634,"Every home needs this...... the Backyard Pharaoh Pyramid Porch....... for only $599, with no interest for two years...... Be the first one in your neighborhood to have this wonderment!"
1262,3244,1,12,79,92,1.1521739130434783,0.040702099693023734,634,"What, no mummy dog?"
1377,3244,1,12,79,92,1.1521739130434783,0.040702099693023734,634,Why don't they know we NEVER put ketchup on our hot dogs?
1248,3244,0,14,78,92,1.1521739130434783,0.037653278425410365,634,It's not the worst pyramid scheme I've seen.
1212,3244,2,10,80,92,1.1521739130434783,0.04353794279315701,634,More mustard please.
1197,3244,2,10,80,92,1.1521739130434783,0.04353794279315701,634,"I said, ""Put me on a pedestal.  Not, pyramid!"""
1196,3244,2,10,80,92,1.1521739130434783,0.04353794279315701,634,Beware the curse of the mustard?
1194,3244,2,10,80,92,1.1521739130434783,0.04353794279315701,634,Is that Mayan?
1177,3244,3,8,81,92,1.1521739130434783,0.046200043353871234,634,You didn't get mustard?
1169,3244,2,10,80,92,1.1521739130434783,0.04353794279315701,634,I love food fresh from the Ra bar.
1083,3244,1,12,79,92,1.1521739130434783,0.040702099693023734,634,"Are you going to give me a bite of that Egyptian Dog? You know, you can't eat it in the afterlife."""
1571,3244,1,12,79,92,1.1521739130434783,0.040702099693023734,634,You forgot the sauerkraut.
1406,3244,0,14,78,92,1.1521739130434783,0.037653278425410365,634,He says the view up there is just better.
1217,3244,1,12,79,92,1.1521739130434783,0.040702099693023734,634,The Pharoahs didn't like relish either.
1416,3244,1,12,79,92,1.1521739130434783,0.040702099693023734,634,Probably some sorta scheme.
1413,3244,2,10,80,92,1.1521739130434783,0.04353794279315701,634,Do these pants make my ass look fat?
1564,3244,1,12,79,92,1.1521739130434783,0.040702099693023734,634,This is just another hot dog pyramid scheme isn’t it.
1562,3244,0,14,78,92,1.1521739130434783,0.037653278425410365,634,But I wanted mustard on mine ...
1548,3244,1,12,79,92,1.1521739130434783,0.040702099693023734,634,Get your own relish!
1526,3244,1,12,79,92,1.1521739130434783,0.040702099693023734,634,Hot dog made of stone-a.
1518,3244,3,8,81,92,1.1521739130434783,0.046200043353871234,634,Indigenous food always provides a peak experience.
1492,3244,1,12,79,92,1.1521739130434783,0.040702099693023734,634,He thinks Coney Island is one of the seven great wonders so here we are. Ugh! .2 coneys with.extra mustard please...”
1482,3244,2,10,80,92,1.1521739130434783,0.04353794279315701,634,"Are you fucking kidding me, Harold?"
1538,3244,3,8,81,92,1.1521739130434783,0.046200043353871234,634,"Hate to tell you, but it's a pyramid scheme.  We now have to sell 10 hotdogs."
1471,3244,2,10,80,92,1.1521739130434783,0.04353794279315701,634,I hope you like mustard 'cause I have no intention to go back up there
1466,3244,1,12,79,92,1.1521739130434783,0.040702099693023734,634,I wanted no ketchup.
1462,3244,3,8,81,92,1.1521739130434783,0.046200043353871234,634,But we are NOT in CHICAGO!
1451,3244,1,12,79,92,1.1521739130434783,0.040702099693023734,634,"Yes, he's the proprietor.  And only he has the Dijon mustard."
1442,3244,2,10,80,92,1.1521739130434783,0.04353794279315701,634,Thanks. Can't believe your fee is low.
1439,3244,1,12,79,92,1.1521739130434783,0.040702099693023734,634,"What is this, some kind of pyramid scheme? No thanks!"
1480,3244,1,12,79,92,1.1521739130434783,0.040702099693023734,634,"Don't worry, we'll find a carrot or something down here for you"
1429,3244,1,12,79,92,1.1521739130434783,0.040702099693023734,634,Would it have killed you to get me some mustard?
3600,3563,1,12,80,93,1.1505376344086022,0.040295300106155195,634,I prefer mine without Cheops
3329,3563,3,8,82,93,1.1505376344086022,0.045729852307199566,634,Oh... I didn't know it came with mustard.
3268,3563,0,14,79,93,1.1505376344086022,0.037282128693900025,634,An extra charge for mustard? Typical top-down approach.”
3069,3563,2,10,81,93,1.1505376344086022,0.04309832132858191,634,Those funerary chambers always give me the munchies.
2771,3563,2,10,81,93,1.1505376344086022,0.04309832132858191,634,Two hot dogs for 12 bucks! Sounds like a pyramid scheme if I've ever heard one.
2785,3563,2,10,81,93,1.1505376344086022,0.04309832132858191,634,"No thanks, I'd rather have a mummified cat."
2759,3563,0,14,79,93,1.1505376344086022,0.037282128693900025,634,"He's Egyptian, but he says it's kosher."
3681,3563,1,12,80,93,1.1505376344086022,0.040295300106155195,634,But I wanted the ' pyramid wrap'
2664,3563,0,14,79,93,1.1505376344086022,0.037282128693900025,634,That's how hard it is to get an affordable spot on flat ground.
2899,3563,1,12,80,93,1.1505376344086022,0.040295300106155195,634,But you know I like it with mustard and sauerkraut.
3684,3563,1,12,80,93,1.1505376344086022,0.040295300106155195,634,"These things sure are mysterious, aren't they?  You think this one's pork?"
4446,3563,3,8,82,93,1.1505376344086022,0.045729852307199566,634,He says that his hot dogs have gone higher than any others in this entire area.
3789,3563,2,10,81,93,1.1505376344086022,0.04309832132858191,634,"No, thank you, I'm waiting for his sliders"
3800,3563,2,10,81,93,1.1505376344086022,0.04309832132858191,634,"I have to admit it's a hellova  good pyramid scheme"""
3805,3563,2,10,81,93,1.1505376344086022,0.04309832132858191,634,"I know you're interested, but those hot dog cart franchises are just a pyramid scheme!"
3909,3563,2,10,81,93,1.1505376344086022,0.04309832132858191,634,Lets get a soda at the pyramid next door.
4212,3563,1,12,80,93,1.1505376344086022,0.040295300106155195,634,Do you deliver?
4286,3563,1,12,80,93,1.1505376344086022,0.040295300106155195,634,"Ok, so it’s a pyramid scheme, but hot dawg, they’re worth it!"
4394,3563,2,10,81,93,1.1505376344086022,0.04309832132858191,634,No thanks. It was all uphill to get to this point with his weight.
4499,3563,1,12,80,93,1.1505376344086022,0.040295300106155195,634,are they fresh?
4642,3563,1,12,80,93,1.1505376344086022,0.040295300106155195,634,"See, I told you told hot dogs were at the top of the food pyramid!"
2658,3563,1,12,80,93,1.1505376344086022,0.040295300106155195,634,Hot dog! I can get behind this pyramid scheme.
3752,3563,2,10,81,93,1.1505376344086022,0.04309832132858191,634,He says they are 100% meat prepared according to ancient Aztec ritual
2609,3563,2,10,81,93,1.1505376344086022,0.04309832132858191,634,I know they’re not that healthy but at least they made it to the tope of the food triangle.
259,3563,2,10,81,93,1.1505376344086022,0.04309832132858191,634,I don’t think he knows the meaning of “pyramid scheme.”
2265,3563,2,10,81,93,1.1505376344086022,0.04309832132858191,634,This Space Is Reserved For Joey Chestnut.
2305,3563,0,14,79,93,1.1505376344086022,0.037282128693900025,634,Sphinx.  Tastes just like chicken.
296,3563,1,12,80,93,1.1505376344086022,0.040295300106155195,634,"Sorry, there's a city ordinance  ""No ketchup on hot dogs"""
433,3563,3,8,82,93,1.1505376344086022,0.045729852307199566,634,It's called pyramid selling.
484,3563,0,14,79,93,1.1505376344086022,0.037282128693900025,634,I never realized hot dogs were at the top of the food pyramid.
486,3563,1,12,80,93,1.1505376344086022,0.040295300106155195,634,Who do I have to pray to around here to get a decent price on a hot dog?
767,3563,1,12,80,93,1.1505376344086022,0.040295300106155195,634,"Ya, I know that $12.00 is expensive for a hot dog, but ...."
773,3563,2,10,81,93,1.1505376344086022,0.04309832132858191,634,I got them from a higher authority.
904,3563,1,12,80,93,1.1505376344086022,0.040295300106155195,634,He is at the top of the new food chain.
906,3563,4,6,83,93,1.1505376344086022,0.0482179788329506,634,"When I eat one of those Successful Sisyphus's Sausages, I feel like I too can"
939,3563,1,12,80,93,1.1505376344086022,0.040295300106155195,634,I wanted mine mummified.
1046,3563,2,10,81,93,1.1505376344086022,0.04309832132858191,634,No - ketchup kills the dog.
690,3563,2,10,81,93,1.1505376344086022,0.04309832132858191,634,"It's nice an' all, but where's the point?"
1434,3563,2,10,81,93,1.1505376344086022,0.04309832132858191,634,I said no mustard.  Now march up there and return it.
1539,3563,4,6,83,93,1.1505376344086022,0.0482179788329506,634,Good thing they finally discovered that pyramids are impractical hot dog stands.
1554,3563,1,12,80,93,1.1505376344086022,0.040295300106155195,634,"I'd climb a mountain for one of Lenny's dogs"""
1567,3563,2,10,81,93,1.1505376344086022,0.04309832132858191,634,It's just an illusion generated by these [heh-heh]special hot dogs
1613,3563,3,8,82,93,1.1505376344086022,0.045729852307199566,634,Khufu really enjoyed a good chili dog.
1837,3563,4,6,83,93,1.1505376344086022,0.0482179788329506,634,I believe a hot dog is a sandwich.
1954,3563,1,12,80,93,1.1505376344086022,0.040295300106155195,634,"The economy has really blossomed ever since the Great Pyramid of Giza has turned into a Giant Slide. These hot dogs aren't terrible, either."
2123,3563,1,12,80,93,1.1505376344086022,0.040295300106155195,634,"Gosh! He actually said you'll live forever if eat one?
Yeap! He claims they used the same preservatives to embalm the Pharoh."
2129,3563,1,12,80,93,1.1505376344086022,0.040295300106155195,634,"They import the water from NYC to give it that authentic ""dirty water dog""  flavor."
1088,3563,2,10,81,93,1.1505376344086022,0.04309832132858191,634,This place went from cultural wonder to tacky in one condiment: ketchup.
2249,3563,2,10,81,93,1.1505376344086022,0.04309832132858191,634,It’s not a pyramid scam
3441,3612,2,9,78,89,1.146067415730337,0.043910490827793,634,"I said browtn mustard, not yellow."
3405,3612,1,11,77,89,1.146067415730337,0.0408994937600029,634,Looks like his business has ramped up.
3288,3612,2,9,78,89,1.146067415730337,0.043910490827793,634,"Oh,I thought your profile said you were a hot dogcatcher."
3151,3612,2,9,78,89,1.146067415730337,0.043910490827793,634,"Much better than the last pyramid scheme, right?"
3144,3612,2,9,78,89,1.146067415730337,0.043910490827793,634,"I promise you, this is not another one of those schemes."
2639,3612,2,9,78,89,1.146067415730337,0.043910490827793,634,"If it’s fixings you want, you’re gonna have to see Earl."
3058,3612,2,9,78,89,1.146067415730337,0.043910490827793,634,It's Elon Musk's New Space Control Center.
2824,3612,2,9,78,89,1.146067415730337,0.043910490827793,634,Enjoy it! I long for the old days when I just had to wait in long lines.....
2753,3612,2,9,78,89,1.146067415730337,0.043910490827793,634,"...and then he opened the canonic jars, but they were empty!"
2626,3612,2,9,78,89,1.146067415730337,0.043910490827793,634,Since when are hot dogs are at the top of the food pyramid?
2577,3612,3,7,79,89,1.146067415730337,0.046727869838575666,634,I asked for mustered! Ok be back in an hour of so.
3655,3612,0,13,76,89,1.146067415730337,0.03764845249025967,634,It's the Cleopatra special....roasted asp on a bun.
3127,3612,2,9,78,89,1.146067415730337,0.043910490827793,634,Did you see that pitching arm?
3666,3612,1,11,77,89,1.146067415730337,0.0408994937600029,634,"Yes, these are Vienna dogs."
4378,3612,2,9,78,89,1.146067415730337,0.043910490827793,634,"You forgot the pickle relish on mine, but there's no point to going back."
3709,3612,2,9,78,89,1.146067415730337,0.043910490827793,634,"I know his rent is high, but forty dollars for two hotdogs?"
4654,3612,1,11,77,89,1.146067415730337,0.0408994937600029,634,"So, yeah, if you and some of your friends sell a few of these, you'll be up there in no time."""
4535,3612,1,11,77,89,1.146067415730337,0.0408994937600029,634,Do you really think the Coney Pyramid will catch on?
4505,3612,2,9,78,89,1.146067415730337,0.043910490827793,634,I'm so glad you have friends in high places.
4447,3612,1,11,77,89,1.146067415730337,0.0408994937600029,634,I told you I wanted a slider!
2300,3612,3,7,79,89,1.146067415730337,0.046727869838575666,634,jhgjhgfjhg
4335,3612,1,11,77,89,1.146067415730337,0.0408994937600029,634,I've heard about these hot dog schemes!
3674,3612,1,11,77,89,1.146067415730337,0.0408994937600029,634,They are water dogs.
4284,3612,1,11,77,89,1.146067415730337,0.0408994937600029,634,But I hate to ask you to run up there again for more mustard!
4234,3612,2,9,78,89,1.146067415730337,0.043910490827793,634,"Relish, really? You know I hate relish."
4058,3612,1,11,77,89,1.146067415730337,0.0408994937600029,634,Onions. I said NO onions.
4052,3612,2,9,78,89,1.146067415730337,0.043910490827793,634,What do you mean it's made from real Sphinx meat?
3937,3612,2,9,78,89,1.146067415730337,0.043910490827793,634,You forgot the relish and mustard...go back!
3917,3612,1,11,77,89,1.146067415730337,0.0408994937600029,634,Actually it's not that weird.  Giza is the ancient Egyptian word for hot dog.
3779,3612,2,9,78,89,1.146067415730337,0.043910490827793,634,"I'd rather see him ""Walk Like An Egyptian"" than hear his rendition."
4280,3612,1,11,77,89,1.146067415730337,0.0408994937600029,634,what stairs? they did not discover no damned  stairs
2118,3612,2,9,78,89,1.146067415730337,0.043910490827793,634,But I said I didn't want mustard....
3254,3612,3,7,79,89,1.146067415730337,0.046727869838575666,634,You did a great job on the remodel . .
1919,3612,1,11,77,89,1.146067415730337,0.0408994937600029,634,I'm waiting till noon so I can sit in its shade!
2088,3612,1,11,77,89,1.146067415730337,0.0408994937600029,634,You forgot the chips.
17,3612,0,13,76,89,1.146067415730337,0.03764845249025967,634,I told you I could show you dog sledding in the desert.
36,3612,0,13,76,89,1.146067415730337,0.03764845249025967,634,I hope he sells enough kosher hot dogs to reach his promised land.
143,3612,1,11,77,89,1.146067415730337,0.0408994937600029,634,"Wait, let me get you more mustard."
299,3612,2,9,78,89,1.146067415730337,0.043910490827793,634,This is great and all but you should really try this little place in Brooklyn called The Sphinx. I hear they use real papyrus and everything.
360,3612,0,13,76,89,1.146067415730337,0.03764845249025967,634,We deserved a reward for that hike.
396,3612,1,11,77,89,1.146067415730337,0.0408994937600029,634,People kept saying they didn't trust meat off the street.
441,3612,2,9,78,89,1.146067415730337,0.043910490827793,634,"Look honey, this is how they solved the stray dog problem here"
621,3612,2,9,78,89,1.146067415730337,0.043910490827793,634,Hot dogs are at the bottom of the food pyramid.
631,3612,1,11,77,89,1.146067415730337,0.0408994937600029,634,He promised it wasn't part of a pyramid scheme.
757,3612,1,11,77,89,1.146067415730337,0.0408994937600029,634,"I said, ""Let's go. I'm hot, Doug."""
815,3612,0,13,76,89,1.146067415730337,0.03764845249025967,634,"Oooh, Kevin, this means you're an apex predator!"
905,3612,2,9,78,89,1.146067415730337,0.043910490827793,634,Oh! This is a pyramid scheme hot dog.
977,3612,2,9,78,89,1.146067415730337,0.043910490827793,634,The climb’s worth it. They’re really great hotdogs.
1017,3612,0,13,76,89,1.146067415730337,0.03764845249025967,634,He said if you want it dragged through the garden you can hike there yourself.
274,3612,3,7,79,89,1.146067415730337,0.046727869838575666,634,Take it back I specifically said ketchup not mustard.
1162,3612,0,13,76,89,1.146067415730337,0.03764845249025967,634,...whereas this one doesn't make you walk like an Egyptian.
1835,3612,1,11,77,89,1.146067415730337,0.0408994937600029,634,"Look, would you rather have one hot dog now, or 500 hot dogs three months from now?"
1125,3612,0,13,76,89,1.146067415730337,0.03764845249025967,634,Hmm...interesting...the guy on top asked me if I want sand or pepper to go with my hotdog...
1767,3612,1,11,77,89,1.146067415730337,0.0408994937600029,634,"Yea, the location is nice, but it's not worth the wait."
1656,3612,2,9,78,89,1.146067415730337,0.043910490827793,634,Does he have aioli?
1650,3612,2,9,78,89,1.146067415730337,0.043910490827793,634,"It may be a good hot dog, but I still think it's a pyramid scheme."
1646,3612,2,9,78,89,1.146067415730337,0.043910490827793,634,I thought we were getting sliders
1803,3612,1,11,77,89,1.146067415730337,0.0408994937600029,634,"He came there in 3,500BC and has been petrified since 3,499."
1586,3612,1,11,77,89,1.146067415730337,0.0408994937600029,634,"So, let me get this straight: if we each sell his hot dogs to two people, and each of those people sells them to two more people... Wait a minute—there's a name for that sort of scheme!"
1536,3612,3,7,79,89,1.146067415730337,0.046727869838575666,634,i don't care if you had to climb to the top of that weird shapped pyramid hot dogs are made out of pigs' asses and that's gross
1175,3612,0,13,76,89,1.146067415730337,0.03764845249025967,634,"Well, you know what they said about 2019 being the “work for it” year"
1435,3612,0,13,76,89,1.146067415730337,0.03764845249025967,634,Now I understand why they call it the Top Dog.
1433,3612,1,11,77,89,1.146067415730337,0.0408994937600029,634,You sure you want relish on top of the mustard?
1254,3612,2,9,78,89,1.146067415730337,0.043910490827793,634,I hear this stand is the pharaoh's favourite.
1612,3612,2,9,78,89,1.146067415730337,0.043910490827793,634,"We’re in on it together
It’s a pyramid scheme"
4279,3677,3,7,81,91,1.1428571428571428,0.04575090108716775,634,I said WITHOUT the secret mummy sauce!
4313,3678,1,11,81,93,1.1397849462365592,0.039252594955244885,634,"AND you got your hot dog franchise, too?"
3230,3679,3,6,77,86,1.1395348837209303,0.04725803284427288,634,"He says we each have to find two friends with mustard, and then they both find two of their friends with relish."
2830,3680,2,8,77,87,1.1379310344827587,0.04378635707980383,634,Are you sure King Tut ate here?
3004,3680,1,10,76,87,1.1379310344827587,0.040619414815555276,634,And you always complained that we don't really know where they come from.
2948,3680,1,10,76,87,1.1379310344827587,0.040619414815555276,634,"Ok, now you forgot the relish...I don't care about your bad knees."
3035,3680,2,8,77,87,1.1379310344827587,0.04378635707980383,634,"No, he didn't like my ""higher prices"" joke"
2921,3680,1,10,76,87,1.1379310344827587,0.040619414815555276,634,But where's the grey poupon!
2913,3680,2,8,77,87,1.1379310344827587,0.04378635707980383,634,"Top Dogs are the best, thank you."
2907,3680,0,12,75,87,1.1379310344827587,0.03718371489773737,634,"Oh, I wanted it with mustard."
3007,3680,2,8,77,87,1.1379310344827587,0.04378635707980383,634,Now go right back and get one with onions.
2729,3680,2,8,77,87,1.1379310344827587,0.04378635707980383,634,"Oh Thank God, I was starting to get sick of all that Mexican food!"
2448,3680,2,8,77,87,1.1379310344827587,0.04378635707980383,634,Takes the guilt off the roll.
2646,3680,0,12,75,87,1.1379310344827587,0.03718371489773737,634,Is this some kind of pyramid scheme?
2597,3680,1,10,76,87,1.1379310344827587,0.040619414815555276,634,"Oh he delivers, but to some foul clown like Amy Sorkin."
2534,3680,1,10,76,87,1.1379310344827587,0.040619414815555276,634,Congrats on your new job... but are you sure it's not a pyramid scheme?
2506,3680,1,10,76,87,1.1379310344827587,0.040619414815555276,634,The paper plates and mustard were pre-donated to make the cement for this art piece.
2502,3680,3,6,78,87,1.1379310344827587,0.046739204878581554,634,I said I didn’t want relish!
2492,3680,2,8,77,87,1.1379310344827587,0.04378635707980383,634,Looks like hot dogs made it to the top of the pyramid of life again.
2422,3680,1,10,76,87,1.1379310344827587,0.040619414815555276,634,He’d reached the pinnacle of the hot dog cart industry.
3099,3680,1,10,76,87,1.1379310344827587,0.040619414815555276,634,You shouldn't buy from him - I think he's running a pyramid scheme!
2666,3680,1,10,76,87,1.1379310344827587,0.040619414815555276,634,But is it a ‘great’ hot dog?
3156,3680,2,8,77,87,1.1379310344827587,0.04378635707980383,634,How much did you pay for those?
4531,3680,0,12,75,87,1.1379310344827587,0.03718371489773737,634,"It's the Pharoah's Special, fresh from the tomb!"
3336,3680,2,8,77,87,1.1379310344827587,0.04378635707980383,634,Two for one?  Sounds like some sort of pyramid scheme.
2370,3680,1,10,76,87,1.1379310344827587,0.040619414815555276,634,"Yes,all of our hot dogs are natron free!"
4626,3680,1,10,76,87,1.1379310344827587,0.040619414815555276,634,"Thanks, but I said 'no sauerkraut.'"""
4608,3680,2,8,77,87,1.1379310344827587,0.04378635707980383,634,"Unless they knew. Unless this is a cycle borne over generations — mass self-sacrifice, codified as ritual, for the benefit of whatever infected them."
4580,3680,2,8,77,87,1.1379310344827587,0.04378635707980383,634,Is this just a hotdog or is this some kind of pyramid scheme?
4468,3680,3,6,78,87,1.1379310344827587,0.046739204878581554,634,"That is not what I meant when  I said ""me too"""
4454,3680,0,12,75,87,1.1379310344827587,0.03718371489773737,634,"Yeah... Bonito inclusive admittance, but I'd still rather low hanging fruit"
4360,3680,1,10,76,87,1.1379310344827587,0.040619414815555276,634,Sisyphus sure makes a great hot dog.
4108,3680,1,10,76,87,1.1379310344827587,0.040619414815555276,634,"Oh boy, the eight wonder of the world , and I said a foot long!"
4017,3680,1,10,76,87,1.1379310344827587,0.040619414815555276,634,The Pharaohs loved them
4005,3680,1,10,76,87,1.1379310344827587,0.040619414815555276,634,"He's picky..... sodium, gluton, seeds, fructose, sulfates, Kosher?"
3929,3680,0,12,75,87,1.1379310344827587,0.03718371489773737,634,They call it Giza-style.
3850,3680,0,12,75,87,1.1379310344827587,0.03718371489773737,634,I thought it was a taco stand?
3835,3680,1,10,76,87,1.1379310344827587,0.040619414815555276,634,Were any humans sacrificed to make these?
3731,3680,1,10,76,87,1.1379310344827587,0.040619414815555276,634,"He said, 'enjoy your Sandy's Sandless Dog'"
3567,3680,1,10,76,87,1.1379310344827587,0.040619414815555276,634,I can’t believe he doesn’t have Dijon mustard as a condiment!
3561,3680,2,8,77,87,1.1379310344827587,0.04378635707980383,634,The competition to be top dog was fierce
3536,3680,1,10,76,87,1.1379310344827587,0.040619414815555276,634,My Fairy Godmother must have misunderstood when I asked for a hot Doxie!
3450,3680,1,10,76,87,1.1379310344827587,0.040619414815555276,634,Intestine casing beats mummification as a preservative in my book.
3407,3680,1,10,76,87,1.1379310344827587,0.040619414815555276,634,"Try to remember customer priorities.  
Cold beverages and a ride to the top, 
very important.  Music and hot dogs, less important."
3200,3680,1,10,76,87,1.1379310344827587,0.040619414815555276,634,"according to the guide, a vendor at the bottom sells super-longs."
2368,3680,2,8,77,87,1.1379310344827587,0.04378635707980383,634,You know I wanted mustard
1572,3680,0,12,75,87,1.1379310344827587,0.03718371489773737,634,"No doubt about it, this is on top of the food pyramid!"
2262,3680,1,10,76,87,1.1379310344827587,0.040619414815555276,634,"A bit bland for my taste, though it seems to have aged well."
1158,3680,2,8,77,87,1.1379310344827587,0.04378635707980383,634,I swear it's not a pyramid scheme
1154,3680,2,8,77,87,1.1379310344827587,0.04378635707980383,634,I said:  No mustard!
1098,3680,2,8,77,87,1.1379310344827587,0.04378635707980383,634,Thanks dear.  You know how much I like dirty water dogs.
1077,3680,1,10,76,87,1.1379310344827587,0.040619414815555276,634,He's preparing for the 'Blue Wave' and the end of the world in 300 billion years.
984,3680,1,10,76,87,1.1379310344827587,0.040619414815555276,634,"He provides dogs and advice:  you can't get there from here, then it was all downhill."
954,3680,2,8,77,87,1.1379310344827587,0.04378635707980383,634,"Uh, these are organic, right?"
881,3680,1,10,76,87,1.1379310344827587,0.040619414815555276,634,I clearly said No Relish. #next time Listen . . .
872,3680,2,8,77,87,1.1379310344827587,0.04378635707980383,634,I wanted one with kraut!
660,3680,1,10,76,87,1.1379310344827587,0.040619414815555276,634,But I wanted a slider.
635,3680,1,10,76,87,1.1379310344827587,0.040619414815555276,634,I was looking for something more healthy from the food pyramid.
577,3680,1,10,76,87,1.1379310344827587,0.040619414815555276,634,"Not exactly ""The Wall"" the president promised us. By the way, do you know who paid for this monstrosity?"
556,3680,3,6,78,87,1.1379310344827587,0.046739204878581554,634,Are you sure he doesn't have sauerkraut?
383,3680,1,10,76,87,1.1379310344827587,0.040619414815555276,634,I'm partial to elevated cuisine.
366,3680,0,12,75,87,1.1379310344827587,0.03718371489773737,634,Business is at the top
335,3680,1,10,76,87,1.1379310344827587,0.040619414815555276,634,I hope you ordered mustard on my hot dog.
226,3680,1,10,76,87,1.1379310344827587,0.040619414815555276,634,I might not come down for a while.  Don't you have a footlong?
104,3680,2,8,77,87,1.1379310344827587,0.04378635707980383,634,No napkins?
59,3680,1,10,76,87,1.1379310344827587,0.040619414815555276,634,You forgot the Paprika Honey Mustard!
2291,3680,1,10,76,87,1.1379310344827587,0.040619414815555276,634,Hungry? I got you one also.
1243,3680,0,12,75,87,1.1379310344827587,0.03718371489773737,634,He chose capitalism over tourism.
1272,3680,2,8,77,87,1.1379310344827587,0.04378635707980383,634,Let's try the dollar pizza next.
555,3680,3,6,78,87,1.1379310344827587,0.046739204878581554,634,"They might be a little high but, the slide down is worth it!"
1290,3680,2,8,77,87,1.1379310344827587,0.04378635707980383,634,"For a dirty water dog, it’s worth it."
2020,3680,1,10,76,87,1.1379310344827587,0.040619414815555276,634,There better than Giza
1996,3680,0,12,75,87,1.1379310344827587,0.03718371489773737,634,The pyramid scheme must be winding down!
1984,3680,2,8,77,87,1.1379310344827587,0.04378635707980383,634,I asked him if it's a pyramid scheme and he said it was a multi-level marketing.
1973,3680,1,10,76,87,1.1379310344827587,0.040619414815555276,634,Seems like business is pretty high this week.
1930,3680,0,12,75,87,1.1379310344827587,0.03718371489773737,634,i hope it was worth the effort
1891,3680,3,6,78,87,1.1379310344827587,0.046739204878581554,634,Is it gluten free?
1276,3680,1,10,76,87,1.1379310344827587,0.040619414815555276,634,By the time I got up there I was starved.
1874,3680,1,10,76,87,1.1379310344827587,0.040619414815555276,634,Some animal lover you are. Go back and buy one for the Sphinx.
1868,3680,1,10,76,87,1.1379310344827587,0.040619414815555276,634,Thanks. I was frustrated 'cause I couldn't get to the top of this frustum.
1789,3680,1,10,76,87,1.1379310344827587,0.040619414815555276,634,This is where we detain juvenile border crossers whose ancestors were Aztecs.
1741,3680,1,10,76,87,1.1379310344827587,0.040619414815555276,634,Not so good to rock but it's perfect for a roll!
1625,3680,2,8,77,87,1.1379310344827587,0.04378635707980383,634,Pythagorus wouldn't have forgotten unions for his wife's hot dog.
1599,3680,1,10,76,87,1.1379310344827587,0.040619414815555276,634,The dog is free if you can get him to come down with the mustard cart.
1576,3680,1,10,76,87,1.1379310344827587,0.040619414815555276,634,A Zhou dog?! Thank goodness. I was so sick of Zhao dogs.
2031,3680,1,10,76,87,1.1379310344827587,0.040619414815555276,634,I didn't want relish.
1534,3680,1,10,76,87,1.1379310344827587,0.040619414815555276,634,The reviews did say the food was 'down to earth.'
1479,3680,2,8,77,87,1.1379310344827587,0.04378635707980383,634,he calls them scarab on sarcophagus dogs.
1357,3680,1,10,76,87,1.1379310344827587,0.040619414815555276,634,Where's the tater tots and drink?
1302,3680,1,10,76,87,1.1379310344827587,0.040619414815555276,634,You've reached the pinnacle of the $1.50 sausage world.
3012,3767,0,11,72,83,1.1325301204819278,0.03744359785176957,634,He said the meaning of life is the right mustard!
2119,3767,2,7,74,83,1.1325301204819278,0.0446064988608806,634,"I don't care how good they smell, Investing in his business just reeks of a pyramid scheme."
3625,3767,2,7,74,83,1.1325301204819278,0.0446064988608806,634,Um... extra mustard packets?
581,3767,1,9,73,83,1.1325301204819278,0.041181080368967886,634,Pyramid dog? I prefer the obelisk brat.
562,3767,3,5,75,83,1.1325301204819278,0.047787007657898936,634,Eat this hot dog...real slow.
1456,3767,1,9,73,83,1.1325301204819278,0.041181080368967886,634,Try it !  It's at the top of the NEW food pyramid !
2953,3773,1,9,74,84,1.130952380952381,0.04071845422256088,634,I wanted slaw.
2968,3773,1,9,74,84,1.130952380952381,0.04071845422256088,634,Our brand is “with a pickle apical.”
2987,3773,1,9,74,84,1.130952380952381,0.04071845422256088,634,I was expecting the food to be more Greek
2988,3773,1,9,74,84,1.130952380952381,0.04071845422256088,634,"I get that idea is that we work for them, but it's just more efficient if you go alone"
3032,3773,2,7,75,84,1.130952380952381,0.04410050166290234,634,"Be prepared to be abused, and mocked,. He thinks it helps his tweets."
3041,3773,1,9,74,84,1.130952380952381,0.04071845422256088,634,He won’t eat the tofu hotdog.
3088,3773,1,9,74,84,1.130952380952381,0.04071845422256088,634,These are the best hot dogs for miles around.
3094,3773,1,9,74,84,1.130952380952381,0.04071845422256088,634,"If he wants ketchup or mustard, he will have to pray to the gods."
3126,3773,1,9,74,84,1.130952380952381,0.04071845422256088,634,"What is this, some sort of pyramid scheme?  I don't see the point."
3154,3773,1,9,74,84,1.130952380952381,0.04071845422256088,634,I never realized that hot dogs were at the top of the food pyramid.
3166,3773,1,9,74,84,1.130952380952381,0.04071845422256088,634,"Tourist: Are these kosher?
Vendor: Yes, the new treaty includes a provision for importing Hebrew Nationals."
3182,3773,2,7,75,84,1.130952380952381,0.04410050166290234,634,Enjoy! It's on top of food pyramid!
3418,3773,0,11,73,84,1.130952380952381,0.037028783150812844,634,"Sorry Honey, I didn't realize that they were so steep."
3184,3773,0,11,73,84,1.130952380952381,0.037028783150812844,634,I would really relish some mustard with this top dog.
3244,3773,3,5,76,84,1.130952380952381,0.04724104126249248,634,He certainly found an extreme way to promote his dollar menu.
3246,3773,0,11,73,84,1.130952380952381,0.037028783150812844,634,For some reason I have a taste for sliders.
3264,3773,1,9,74,84,1.130952380952381,0.04071845422256088,634,"If you think you like the coney island dog, wait till you try this."
3278,3773,1,9,74,84,1.130952380952381,0.04071845422256088,634,They sailed through the air with the greatest of ease.
3319,3773,2,7,75,84,1.130952380952381,0.04410050166290234,634,He got his start years ago outside the King Tut exhibit.
3338,3773,3,5,76,84,1.130952380952381,0.04724104126249248,634,A hot dog? I specifically asked for the cheops.
3359,3773,1,9,74,84,1.130952380952381,0.04071845422256088,634,I'll say it's a pyramid scheme. He charged you a king's ransom for extra mustard.
3416,3773,1,9,74,84,1.130952380952381,0.04071845422256088,634,He's looking for investors for his pyramid scheme.
2929,3773,3,5,76,84,1.130952380952381,0.04724104126249248,634,I'll bet they're not kosher.
3172,3773,0,11,73,84,1.130952380952381,0.037028783150812844,634,"Yes, I do insist you go back to get some mustard on that."
2919,3773,1,9,74,84,1.130952380952381,0.04071845422256088,634,I’ve always wanted to try a hot cat.
2429,3773,1,9,74,84,1.130952380952381,0.04071845422256088,634,"It's Coney Island, baby!"
2893,3773,2,7,75,84,1.130952380952381,0.04410050166290234,634,He's Egyptian !
2405,3773,2,7,75,84,1.130952380952381,0.04410050166290234,634,"Wow, it's not that easy to get a kosher dog in Mexico."
2410,3773,1,9,74,84,1.130952380952381,0.04071845422256088,634,They say the Egyptians built that hotdog stand.
3443,3773,1,9,74,84,1.130952380952381,0.04071845422256088,634,No jalapeños?
2470,3773,2,7,75,84,1.130952380952381,0.04410050166290234,634,"Enjoy, I hear he has the trapezoid on the market."
2496,3773,1,9,74,84,1.130952380952381,0.04071845422256088,634,"Thanks, but I said may I have a hotdog please,not Mayan hotdog."
2522,3773,3,5,76,84,1.130952380952381,0.04724104126249248,634,"Then again, maybe calling us 'apex predators' was just a marketing gimmick."
2527,3773,2,7,75,84,1.130952380952381,0.04410050166290234,634,The Great Leisure pyramid
2545,3773,2,7,75,84,1.130952380952381,0.04410050166290234,634,Maslow Smaslow. I’m still not eating it!
2550,3773,0,11,73,84,1.130952380952381,0.037028783150812844,634,Are these the dogs the pharaohs used to hunt with?
2557,3773,1,9,74,84,1.130952380952381,0.04071845422256088,634,"No, I won't sign to release the engineer that signed off on the pyramid drop that squashed my tour gourp"
2569,3773,1,9,74,84,1.130952380952381,0.04071845422256088,634,This food pyramid always gets sauerkraut.
2572,3773,0,11,73,84,1.130952380952381,0.037028783150812844,634,Location is everything! You've got good visibility but poor access.
2578,3773,1,9,74,84,1.130952380952381,0.04071845422256088,634,You’ve got to try these schemed-dogs while they are hot.
2581,3773,1,9,74,84,1.130952380952381,0.04071845422256088,634,"Whether that's a basic Food Pyramid or Maslow's Hierarchy of Needs, cheese coneys sure belong at the top."
2582,3773,0,11,73,84,1.130952380952381,0.037028783150812844,634,I hear hot dogs are the very pinnacle of the food pyramid.
2589,3773,3,5,76,84,1.130952380952381,0.04724104126249248,634,"That’s the 7th wonder of the , here’s the eighth."
2605,3773,1,9,74,84,1.130952380952381,0.04071845422256088,634,"The mustard is coming, but in a Reganomics, trickle down theory sort of way. ""
""Looks to me like a pyramid scheme."
2619,3773,0,11,73,84,1.130952380952381,0.037028783150812844,634,What kind of cartoon am I in?
2625,3773,2,7,75,84,1.130952380952381,0.04410050166290234,634,When the clock hits 5:00 he's off work in a second.
2736,3773,1,9,74,84,1.130952380952381,0.04071845422256088,634,He's the guru of the hot dog.
2823,3773,2,7,75,84,1.130952380952381,0.04410050166290234,634,This one's on the pyramid
2836,3773,3,5,76,84,1.130952380952381,0.04724104126249248,634,If Trump wants you to believe he's a construction genius he should have hidden the elevator that's on the other side. Fake pyramid.
2858,3773,0,11,73,84,1.130952380952381,0.037028783150812844,634,He really made a killing off the fifth plague.
2909,3773,2,7,75,84,1.130952380952381,0.04410050166290234,634,Typical pyramid scheme. Bun and no meat.
3446,3773,2,7,75,84,1.130952380952381,0.04410050166290234,634,"He was all out of Pyrimid Dogs, but said the Deep Tomb Dogs are to die for!"
3813,3773,0,11,73,84,1.130952380952381,0.037028783150812844,634,Your business seems to be a pyramid of success.
3471,3773,0,11,73,84,1.130952380952381,0.037028783150812844,634,Pails of water were too dangerous. So now it
3996,3773,2,7,75,84,1.130952380952381,0.04410050166290234,634,We wouldn't have been able to get these hot dogs if this stubborn guy had moved and let the ancient Egyptians finish the pyramid.
4014,3773,1,9,74,84,1.130952380952381,0.04071845422256088,634,I asked for ketchup but the Gods are from Chicago.
4033,3773,1,9,74,84,1.130952380952381,0.04071845422256088,634,All I have to do is recruit members and I’ll become a millionaire? Hot dog!
4113,3773,1,9,74,84,1.130952380952381,0.04071845422256088,634,"He thinks he's on top of the world.
Actually, he's on top of the world's pyramid scheme."
4118,3773,1,9,74,84,1.130952380952381,0.04071845422256088,634,The toppings are quite unexpected.
4154,3773,2,7,75,84,1.130952380952381,0.04410050166290234,634,"Thanks for the dog.
Did he ask you to be a vendor too?"
4155,3773,2,7,75,84,1.130952380952381,0.04410050166290234,634,"Thanks, you climbed the ladder on the other side just for me!"
4156,3773,0,11,73,84,1.130952380952381,0.037028783150812844,634,I'm opposed to #locationlocationlocation and I eat.
4162,3773,2,7,75,84,1.130952380952381,0.04410050166290234,634,Its a top dog.
4203,3773,1,9,74,84,1.130952380952381,0.04071845422256088,634,You have to go back sweetie
4210,3773,0,11,73,84,1.130952380952381,0.037028783150812844,634,It’s technically not a pyramid scheme.
4225,3773,1,9,74,84,1.130952380952381,0.04071845422256088,634,It’s one of those scams where the people on the bottom supply the money and the guy on top gets all the profit.
4240,3773,0,11,73,84,1.130952380952381,0.037028783150812844,634,Your partner may be ahead of his time on Climate Change - but he's missed the boat on Pyramid Power.
4263,3773,1,9,74,84,1.130952380952381,0.04071845422256088,634,It's the house specialty; a Pharaoh dog.
4348,3773,2,7,75,84,1.130952380952381,0.04410050166290234,634,"I know it’s inconvenient but he has the best hot dogs in the world, I hear he got the recipe from his Mummy"
4431,3773,2,7,75,84,1.130952380952381,0.04410050166290234,634,Camel races today?
4432,3773,1,9,74,84,1.130952380952381,0.04071845422256088,634,No thanks honey. I'll feed my fit bit and get one myself.
4458,3773,0,11,73,84,1.130952380952381,0.037028783150812844,634,I am so glad you found our adverting!
4466,3773,2,7,75,84,1.130952380952381,0.04410050166290234,634,"Next stop, top of the Eiffel Tower for another dog!"
4490,3773,1,9,74,84,1.130952380952381,0.04071845422256088,634,"No, no, it's not MLM, more like a pyramid hot dog scheme"
4530,3773,1,9,74,84,1.130952380952381,0.04071845422256088,634,Do you have a reservation?
4595,3773,2,7,75,84,1.130952380952381,0.04410050166290234,634,A Capital Hill Kosher Dog is there a beer to go with it? I like beer.
4652,3773,1,9,74,84,1.130952380952381,0.04071845422256088,634,You have to add sauerkraut to his hot dog.
3902,3773,0,11,73,84,1.130952380952381,0.037028783150812844,634,You’ve got to be so high to get hot dogs from here.
3891,3773,2,7,75,84,1.130952380952381,0.04410050166290234,634,"I was going to open a stand,but I thought it was another pyramid scheme."
3871,3773,0,11,73,84,1.130952380952381,0.037028783150812844,634,I don't trust his stock company but.  his hot dogs are delicious .
3868,3773,1,9,74,84,1.130952380952381,0.04071845422256088,634,Aren't hot dogs allowed today at the top of the food pyramid?
3473,3773,3,5,76,84,1.130952380952381,0.04724104126249248,634,My hotdog-selling business is really at its peak.
3526,3773,2,7,75,84,1.130952380952381,0.04410050166290234,634,More salt in your sandwich?
3568,3773,1,9,74,84,1.130952380952381,0.04071845422256088,634,The maharajah prefers the desert heat in winter
3574,3773,2,7,75,84,1.130952380952381,0.04410050166290234,634,"if you're hungry, it's not a pyramid scheme and the prices aren't inflated, just what we bought"
3583,3773,2,7,75,84,1.130952380952381,0.04410050166290234,634,He said he got the franchise from King Tut L.L.C.
3586,3773,2,7,75,84,1.130952380952381,0.04410050166290234,634,And I bought some Twinkies for dessert.
3588,3773,0,11,73,84,1.130952380952381,0.037028783150812844,634,If you like it we can join the pyramid scheme.
3608,3773,2,7,75,84,1.130952380952381,0.04410050166290234,634,"Honey, Bad news: I know these are the best hot dogs in town but he just told me he’s closing up shop because business is bad."
3623,3773,1,9,74,84,1.130952380952381,0.04071845422256088,634,It's the Uber strategy.
3626,3773,1,9,74,84,1.130952380952381,0.04071845422256088,634,His therapist recommended tall dry places.
3632,3773,1,9,74,84,1.130952380952381,0.04071845422256088,634,Turns out hot dogs are on the top of the food pyramid.
3447,3773,1,9,74,84,1.130952380952381,0.04071845422256088,634,People say he's at the peak of his profession.
3651,3773,2,7,75,84,1.130952380952381,0.04410050166290234,634,"I’ll warn you now, ma’am. It’s not a real business- just a pyramid scheme."
3689,3773,2,7,75,84,1.130952380952381,0.04410050166290234,634,I didn't order the sodas. He said we would have to find our own straw.
3692,3773,1,9,74,84,1.130952380952381,0.04071845422256088,634,That's nothing. Dinner is at the sphinx.
3703,3773,1,9,74,84,1.130952380952381,0.04071845422256088,634,I thought you understood you need a wiener to really enjoy this.
3717,3773,1,9,74,84,1.130952380952381,0.04071845422256088,634,Hot dogs again?! Toot and Carmen warned me you were a tight geezer.
3739,3773,1,9,74,84,1.130952380952381,0.04071845422256088,634,"I don't care if they're top of the food pyramid here, I'm not eating a hot dog!"
3760,3773,2,7,75,84,1.130952380952381,0.04410050166290234,634,This is how the pharaohs got their hot dogs.
3778,3773,1,9,74,84,1.130952380952381,0.04071845422256088,634,"No, no. I’m here for _English_ high tea!"
3790,3773,0,11,73,84,1.130952380952381,0.037028783150812844,634,I bet he doesn't miss leg day!
2401,3773,2,7,75,84,1.130952380952381,0.04410050166290234,634,"What, no pickle relish?"
3838,3773,1,9,74,84,1.130952380952381,0.04071845422256088,634,"“After climbing all the way up there, all they had were veggie dogs. I should have known it was a pyramid scheme.”"
3848,3773,2,7,75,84,1.130952380952381,0.04410050166290234,634,"Ok, I’ll make the delivery but no more nonsense about a human sacrifice!"
3656,3773,1,9,74,84,1.130952380952381,0.04071845422256088,634,Don’t need anything from anybody
2343,3773,1,9,74,84,1.130952380952381,0.04071845422256088,634,Your table is not in the flood zone
2016,3773,1,9,74,84,1.130952380952381,0.04071845422256088,634,I know it was a long walk but this guy has the best dogs.
2309,3773,1,9,74,84,1.130952380952381,0.04071845422256088,634,Deliver this dog to him will you -
695,3773,0,11,73,84,1.130952380952381,0.037028783150812844,634,"He said he's veni, vidi, vici vendor!"
697,3773,2,7,75,84,1.130952380952381,0.04410050166290234,634,"I said I wanted a top dog, but I meant like a Corgi."
714,3773,0,11,73,84,1.130952380952381,0.037028783150812844,634,This is a memory I will relish.
729,3773,0,11,73,84,1.130952380952381,0.037028783150812844,634,It just rolls off!
759,3773,1,9,74,84,1.130952380952381,0.04071845422256088,634,I've heard great things about Norm's truncated hotdogs.
781,3773,2,7,75,84,1.130952380952381,0.04410050166290234,634,Seriously??  No napkins??
786,3773,2,7,75,84,1.130952380952381,0.04410050166290234,634,He claims it tastes better.
796,3773,1,9,74,84,1.130952380952381,0.04071845422256088,634,Should we toss one up to him?
814,3773,1,9,74,84,1.130952380952381,0.04071845422256088,634,...and gourmet toppings!  I got the you preserved lemon relish.
817,3773,2,7,75,84,1.130952380952381,0.04410050166290234,634,He took the mustard. All I have is ketchup.
836,3773,1,9,74,84,1.130952380952381,0.04071845422256088,634,I knew I read it somewhere that Pharaoh was a fan of hot dogs.
862,3773,1,9,74,84,1.130952380952381,0.04071845422256088,634,"I know it's steep, but do you know how much the permit to sell costs?"
2310,3773,1,9,74,84,1.130952380952381,0.04071845422256088,634,Does he have any mustard?
898,3773,2,7,75,84,1.130952380952381,0.04410050166290234,634,"When you combine hot dogs and a pyramid scheme, there is no wiener."
909,3773,2,7,75,84,1.130952380952381,0.04410050166290234,634,"I said I wanted mustard, no catsup."
986,3773,1,9,74,84,1.130952380952381,0.04071845422256088,634,"I'm sorry, much as I'd like to, I never accept gifts from hawkers for hot dog vendors."
1009,3773,2,7,75,84,1.130952380952381,0.04410050166290234,634,This is the point?
1029,3773,0,11,73,84,1.130952380952381,0.037028783150812844,634,$12.00 for that hot dog?   It seems like a pyramid scheme!
1041,3773,2,7,75,84,1.130952380952381,0.04410050166290234,634,"The vendor said they are selling for $10 inside, and no line."
1044,3773,1,9,74,84,1.130952380952381,0.04071845422256088,634,It's an Astrodog.
1064,3773,2,7,75,84,1.130952380952381,0.04410050166290234,634,Is this the one who ordered two dogs with everything?
1114,3773,3,5,76,84,1.130952380952381,0.04724104126249248,634,No mustard without the tour.
1151,3773,1,9,74,84,1.130952380952381,0.04071845422256088,634,Here's your dog courteous of the tip of the pyramid.
674,3773,1,9,74,84,1.130952380952381,0.04071845422256088,634,"Better be worth it, had to wait forever to use the escalator."
1160,3773,2,7,75,84,1.130952380952381,0.04410050166290234,634,"What! No mustard or sauerkraut. Go back and return them, and ask him what  kind of hot dog stand is this?"
570,3773,1,9,74,84,1.130952380952381,0.04071845422256088,634,"I said, 'no onions.' Take it back."
531,3773,2,7,75,84,1.130952380952381,0.04410050166290234,634,No secret chamber and no mustard?
31,3773,1,9,74,84,1.130952380952381,0.04071845422256088,634,No I said my husband thinks he is top dog....
66,3773,0,11,73,84,1.130952380952381,0.037028783150812844,634,You buy the hot dog and it's all downhill from there.
69,3773,0,11,73,84,1.130952380952381,0.037028783150812844,634,"OMG.. you have to see the view from up there, it’s insane..! also babe, can you get us ketchup on your way down.."
108,3773,1,9,74,84,1.130952380952381,0.04071845422256088,634,Hes plateaued
116,3773,0,11,73,84,1.130952380952381,0.037028783150812844,634,Uncle Rick has really let himself go after the divorce
117,3773,0,11,73,84,1.130952380952381,0.037028783150812844,634,"No pain, No HOTDOG."
138,3773,1,9,74,84,1.130952380952381,0.04071845422256088,634,It's surprisingly handicap accessible
147,3773,1,9,74,84,1.130952380952381,0.04071845422256088,634,The Egyptian Sausage goes well with the view of the Sphinx.
161,3773,0,11,73,84,1.130952380952381,0.037028783150812844,634,hot dog pyramid stand
174,3773,1,9,74,84,1.130952380952381,0.04071845422256088,634,"You should have bought your hot dog from the guy at the top of this trapezoid we are standing next to, and not that place under the tree far off in the distance. What, are you trying to eat a mile-long hotdog?"
215,3773,1,9,74,84,1.130952380952381,0.04071845422256088,634,This guy’s at the peak of his business.
229,3773,2,7,75,84,1.130952380952381,0.04410050166290234,634,"But I asked for mayo, no ketchup."
236,3773,2,7,75,84,1.130952380952381,0.04410050166290234,634,Absolutely! Your mommy can come too!
272,3773,1,9,74,84,1.130952380952381,0.04071845422256088,634,These are Tut-uncommonly good!
277,3773,0,11,73,84,1.130952380952381,0.037028783150812844,634,"Let me guess, farro dogs?"
298,3773,1,9,74,84,1.130952380952381,0.04071845422256088,634,"If you're into Egyptology, this is an example of our new Pyramidal Timeshare prototype"
303,3773,1,9,74,84,1.130952380952381,0.04071845422256088,634,Don't worry—the sand will give it texture.
329,3773,2,7,75,84,1.130952380952381,0.04410050166290234,634,"I thought I told you, I’m a vegetarian."
393,3773,1,9,74,84,1.130952380952381,0.04071845422256088,634,Our native informant just got a good spot and great hot dogs to sell.
420,3773,2,7,75,84,1.130952380952381,0.04410050166290234,634,"Yum, a hot dog. After lunch, let’s rent Ready Player One."
473,3773,2,7,75,84,1.130952380952381,0.04410050166290234,634,Are you sure this isnt some kind of scheme??
478,3773,0,11,73,84,1.130952380952381,0.037028783150812844,634,"To create it, laborers burned 200,000 acres of tropical forest every day, using nothing but fire and the sweat of their brows – a colossal project that transcended any other in its age."
485,3773,3,5,76,84,1.130952380952381,0.04724104126249248,634,"So, other than the ketchup nothing else offends?"
534,3773,0,11,73,84,1.130952380952381,0.037028783150812844,634,James learned about pyramid schemes in school yesterday.
1172,3773,2,7,75,84,1.130952380952381,0.04410050166290234,634,Egypt dogs are the nest dogs...
895,3773,1,9,74,84,1.130952380952381,0.04071845422256088,634,I don't think that was part of Khufu's original commission.
1213,3773,1,9,74,84,1.130952380952381,0.04071845422256088,634,"No thanks, I refuse to participate in pyramid schemes."
1752,3773,2,7,75,84,1.130952380952381,0.04410050166290234,634,Getting up will take quite a while but you will get there after the election and it will be a smooth ride down!
1776,3773,1,9,74,84,1.130952380952381,0.04071845422256088,634,"Honey, you forgot the relish."
1782,3773,1,9,74,84,1.130952380952381,0.04071845422256088,634,"That’s Bernard Madoff. Buy one, get two."
1793,3773,2,7,75,84,1.130952380952381,0.04410050166290234,634,Penthouse seating is extra
1805,3773,2,7,75,84,1.130952380952381,0.04410050166290234,634,Can you tell me where the bus stop is? I'm late for an appointment.
1831,3773,2,7,75,84,1.130952380952381,0.04410050166290234,634,"What, no embalming fluid?"
1833,3773,0,11,73,84,1.130952380952381,0.037028783150812844,634,I'll wait 'til intermission.
1843,3773,1,9,74,84,1.130952380952381,0.04071845422256088,634,The recipe came from King Tut's mummy - there's not supposed to be kechup & mustard on it!
1865,3773,2,7,75,84,1.130952380952381,0.04410050166290234,634,"Still the best hot dogs, but the neighborhood has gone way downhill."
1880,3773,3,5,76,84,1.130952380952381,0.04724104126249248,634,Now that's one way to have a food pyramid.
1187,3773,1,9,74,84,1.130952380952381,0.04071845422256088,634,"This is peak art, dear."
1978,3773,1,9,74,84,1.130952380952381,0.04071845422256088,634,Loan me your skateboard & I'll deliver the hotdog
1994,3773,0,11,73,84,1.130952380952381,0.037028783150812844,634,The view from your job at the top may seem precarious.
2028,3773,1,9,74,84,1.130952380952381,0.04071845422256088,634,It's good to be the pharoah
2066,3773,1,9,74,84,1.130952380952381,0.04071845422256088,634,"Here you go, and I already burnt its carries on the way."
2087,3773,2,7,75,84,1.130952380952381,0.04410050166290234,634,I told you cheating on your diet is a slippery slope...
2136,3773,1,9,74,84,1.130952380952381,0.04071845422256088,634,I just submitted my application to American Ninja Warrior.
2172,3773,1,9,74,84,1.130952380952381,0.04071845422256088,634,His is mustard only...good luck on the climb.
2179,3773,1,9,74,84,1.130952380952381,0.04071845422256088,634,"Hot Dig-itty.
A Dog Buried in Tumb-ato"
2204,3773,0,11,73,84,1.130952380952381,0.037028783150812844,634,Do I really have to run back up the pyramid every time someone wants a hotdog?
2207,3773,3,5,76,84,1.130952380952381,0.04724104126249248,634,I earned these. -Annie Krege
2234,3773,0,11,73,84,1.130952380952381,0.037028783150812844,634,"You have to admit,he's got a point there."
2240,3773,1,9,74,84,1.130952380952381,0.04071845422256088,634,It's a Pyramid Scheme hot dog; you get your money back if you don't like it and can climb fast enough.
1750,3773,1,9,74,84,1.130952380952381,0.04071845422256088,634,Did you know they had hot dogs in ancient times?
1747,3773,0,11,73,84,1.130952380952381,0.037028783150812844,634,Hot Sphinx...get your hot Sphinx here!
1911,3773,1,9,74,84,1.130952380952381,0.04071845422256088,634,Tiki ramp
1725,3773,0,11,73,84,1.130952380952381,0.037028783150812844,634,He’s been selling these dogs for 3000 years !
1731,3773,1,9,74,84,1.130952380952381,0.04071845422256088,634,This truly is the greatest wonder of the world.
1215,3773,3,5,76,84,1.130952380952381,0.04724104126249248,634,Not so sure about this Anubis souvenir shop.
1230,3773,1,9,74,84,1.130952380952381,0.04071845422256088,634,We're supposed to be eating the foods from the bottom of the pyramid.
1285,3773,0,11,73,84,1.130952380952381,0.037028783150812844,634,"Go fund me"" for Pyramid's completio"
1326,3773,1,9,74,84,1.130952380952381,0.04071845422256088,634,"Y'know, I'm starting to think this might be a pyramid scheme."
1367,3773,1,9,74,84,1.130952380952381,0.04071845422256088,634,The best hotdogs in the world are those with the pyramid brand.
1381,3773,1,9,74,84,1.130952380952381,0.04071845422256088,634,The stairs up are a slog but the slide down is a thrill.
1444,3773,1,9,74,84,1.130952380952381,0.04071845422256088,634,Did you remember to get catsup?
1465,3773,1,9,74,84,1.130952380952381,0.04071845422256088,634,"This is drawn incorrectly. The artist wanted a caption to be about pyramids. It is drawn to look like wedge. Please return the hot dog and please ask the artist to redraw, resubmit and ketchup next week."
1488,3773,2,7,75,84,1.130952380952381,0.04410050166290234,634,I feel like the point of this is missing.
1499,3773,1,9,74,84,1.130952380952381,0.04071845422256088,634,You can book a table for three weeks next Thursday.
1403,3773,1,9,74,84,1.130952380952381,0.04071845422256088,634,I got us a couple of Frankingtutters.
1533,3773,2,7,75,84,1.130952380952381,0.04410050166290234,634,"It's a slippery slope, but worth it!"
1514,3773,1,9,74,84,1.130952380952381,0.04071845422256088,634,"For Foodies, getting there is half the fun."
1688,3773,2,7,75,84,1.130952380952381,0.04410050166290234,634,If you say ‘fair-o’hot dog one more time...!
1677,3773,1,9,74,84,1.130952380952381,0.04071845422256088,634,"JUST ANOTHER PYRAMID SCHEME, I SEE---"
1672,3773,1,9,74,84,1.130952380952381,0.04071845422256088,634,His DNA code shows that he is related to the original architects.
1665,3773,0,11,73,84,1.130952380952381,0.037028783150812844,634,I have no idea who he is.
1698,3773,2,7,75,84,1.130952380952381,0.04410050166290234,634,Those things give me the squirts.
1620,3773,1,9,74,84,1.130952380952381,0.04071845422256088,634,Hot dog roll. I get it.
1607,3773,1,9,74,84,1.130952380952381,0.04071845422256088,634,...there was no cultural protection involved in the deal...
1585,3773,2,7,75,84,1.130952380952381,0.04410050166290234,634,The mystery is how the Pharoahs got the Sabrett's cart to the top of the pyramid.
1552,3773,1,9,74,84,1.130952380952381,0.04071845422256088,634,He's been staking out this turf since King Tut.
1626,3773,2,7,75,84,1.130952380952381,0.04410050166290234,634,"If you run the steps on the other wise, you'll burn s many calories as you consume."
3852,3987,2,7,76,85,1.1294117647058823,0.043605807743241236,634,"What, that’s not the kosher stand?"
3025,3987,1,9,75,85,1.1294117647058823,0.0402660455486082,634,"All he would say is, ‘Vender vidi vici.’”"
3158,3987,1,9,75,85,1.1294117647058823,0.0402660455486082,634,Does this mean we shouldn't want more?
3161,3987,1,9,75,85,1.1294117647058823,0.0402660455486082,634,"One hundred and twenty steps on the other side, but these are worth every one of them"
3223,3987,1,9,75,85,1.1294117647058823,0.0402660455486082,634,The lemonade is on the house
3316,3987,1,9,75,85,1.1294117647058823,0.0402660455486082,634,He’s selling hot dogs to raise funds for the top.
3392,3987,3,5,77,85,1.1294117647058823,0.04670737108592652,634,I guess all you have to do to reach the pinnacle of your career is serve up exposed wiener.
3534,3987,2,7,76,85,1.1294117647058823,0.043605807743241236,634,What happened to the camel?
3597,3987,0,11,74,85,1.1294117647058823,0.03662297611206199,634,"Thanks, but could you go back up and get the mustard?"
3695,3987,2,7,76,85,1.1294117647058823,0.043605807743241236,634,I wanted my Pharaoh Dog with relish.
3940,3987,0,11,74,85,1.1294117647058823,0.03662297611206199,634,"Your love may be undying, but you forgot the relish."
2942,3987,2,7,76,85,1.1294117647058823,0.043605807743241236,634,""" Have one.  I bought these from  Hut-Dug-Shup  up top."""
3987,3987,2,7,76,85,1.1294117647058823,0.043605807743241236,634,No mustard!  It'll be great to be the only one that knows for sure.
4069,3987,2,7,76,85,1.1294117647058823,0.043605807743241236,634,Go back and get some napkins.
4239,3987,2,7,76,85,1.1294117647058823,0.043605807743241236,634,"Can i tell you a secret?  The pyramids, the Nile, the Khan El-Khalili, wonderful, yes.  But this is the first time this trip I've been so happy I want to cry."
4242,3987,2,7,76,85,1.1294117647058823,0.043605807743241236,634,IT  MUST BE LONELY UP THERE
4564,3987,3,5,77,85,1.1294117647058823,0.04670737108592652,634,"I know the view's better than from the food truck, but isn't it harder to park?"
4443,3987,2,7,76,85,1.1294117647058823,0.043605807743241236,634,You’re always last! Now everyone else who got a hotdog has disappeared.
4460,3987,1,9,75,85,1.1294117647058823,0.0402660455486082,634,No thoughts on life?  I'd rather have the hot dog anyway.
4464,3987,2,7,76,85,1.1294117647058823,0.043605807743241236,634,I can’t believe you found a hot dog vender in Egypt.
4469,3987,2,7,76,85,1.1294117647058823,0.043605807743241236,634,I can see my cat from here!
4487,3987,2,7,76,85,1.1294117647058823,0.043605807743241236,634,These hot dogs are the food of kings--cooked to perfection from a secretly preserved ancient recipe.
4534,3987,0,11,74,85,1.1294117647058823,0.03662297611206199,634,"Nothing like a Nathan's franchise."" Mary Ellen Doyle, Charleston, South Carolin"
3950,3987,2,7,76,85,1.1294117647058823,0.043605807743241236,634,You gotta try these. They’re very hard to come by!
2811,3987,1,9,75,85,1.1294117647058823,0.0402660455486082,634,""" These Egyptians sure know how to cater to American tourists."""
4427,3987,1,9,75,85,1.1294117647058823,0.0402660455486082,634,"To relish or not to relish, that is the question."
2599,3987,0,11,74,85,1.1294117647058823,0.03662297611206199,634,"I thought he said, ""one""."
24,3987,3,5,77,85,1.1294117647058823,0.04670737108592652,634,This is my side job.
167,3987,2,7,76,85,1.1294117647058823,0.043605807743241236,634,I always wanted to try Khufu's Famous Hot Dogs.
199,3987,1,9,75,85,1.1294117647058823,0.0402660455486082,634,"They look more like scheme-dogs than steamed dogs to me.
You don't seem to get that point!"
214,3987,1,9,75,85,1.1294117647058823,0.0402660455486082,634,He said that he got caught in a pyramid scheme and he's making the best of it.
216,3987,1,9,75,85,1.1294117647058823,0.0402660455486082,634,Hot dogs? In the (pyramid)le of the desert?!
217,3987,2,7,76,85,1.1294117647058823,0.043605807743241236,634,Somebody forgot to place a leash on the Sphinx.
311,3987,3,5,77,85,1.1294117647058823,0.04670737108592652,634,These are their NOT-DOGS ....no BUN intended
463,3987,0,11,74,85,1.1294117647058823,0.03662297611206199,634,I love Oasis!
472,3987,1,9,75,85,1.1294117647058823,0.0402660455486082,634,I just can't ketchup to you in recruiting.
745,3987,0,11,74,85,1.1294117647058823,0.03662297611206199,634,"Not exactly what I meant by ""elevated taste."""
988,3987,1,9,75,85,1.1294117647058823,0.0402660455486082,634,I'm just concerned that mummy dogs aren't sustainable.
1034,3987,1,9,75,85,1.1294117647058823,0.0402660455486082,634,Nice view at the beach
1074,3987,1,9,75,85,1.1294117647058823,0.0402660455486082,634,"Oh, leave them alone, they're just celebrating the pointlessness of it all"
1120,3987,2,7,76,85,1.1294117647058823,0.043605807743241236,634,Its nice to see him staying busy after receiving the Mummy's Curse.
1642,3987,2,7,76,85,1.1294117647058823,0.043605807743241236,634,I suppose you guys triangled the market on hot dog sales in this country.
1740,3987,2,7,76,85,1.1294117647058823,0.043605807743241236,634,"The pyramid is a slippery slope, but he says it has been much more profitable."
1853,3987,2,7,76,85,1.1294117647058823,0.043605807743241236,634,"What, no ketchup?"
1910,3987,2,7,76,85,1.1294117647058823,0.043605807743241236,634,They look like the ones we get in New York. But I guess they do have a way better story.
2100,3987,1,9,75,85,1.1294117647058823,0.0402660455486082,634,"Actually, can I have a hamburger instead?"
2133,3987,2,7,76,85,1.1294117647058823,0.043605807743241236,634,Hot mummies?
2382,3987,1,9,75,85,1.1294117647058823,0.0402660455486082,634,I'm booked solid. Do you have any seats left for the next millennium?
2404,3987,2,7,76,85,1.1294117647058823,0.043605807743241236,634,"You may look like a hot dog vendor, but I think you're part of some sort of pyramid scheme."
2408,3987,1,9,75,85,1.1294117647058823,0.0402660455486082,634,"I thought you wanted relish. 
Okay, be right back."
2631,3987,0,11,74,85,1.1294117647058823,0.03662297611206199,634,"Our franchise will have a red, white and blue umbrella, french fries and sauerkraut."
1816,4038,0,10,70,80,1.125,0.0372087848617242,634,And what a strange ballpark it is!
1234,4038,1,8,71,80,1.125,0.041242567416306754,634,I asked for a little salt...
4559,4040,1,8,72,81,1.123456790123457,0.040759442022763395,634,Is it autographed?
2620,4040,1,8,72,81,1.123456790123457,0.040759442022763395,634,"These contain eternal preservatives, right?"
2712,4040,1,8,72,81,1.123456790123457,0.040759442022763395,634,"So not only do I have these hot dogs, I also started an exciting new business venture!"
2716,4040,2,6,73,81,1.123456790123457,0.04438439015369765,634,To him you're a good customer.  To me you're a real King Tut.
2764,4040,1,8,72,81,1.123456790123457,0.040759442022763395,634,Where's my Orange Julius?
2794,4040,1,8,72,81,1.123456790123457,0.040759442022763395,634,He says these are made with farm to table ingredients.
2861,4040,1,8,72,81,1.123456790123457,0.040759442022763395,634,I told you HOLD THE MUSTARD!
2904,4040,1,8,72,81,1.123456790123457,0.040759442022763395,634,It really is lonely at the top.
2927,4040,2,6,73,81,1.123456790123457,0.04438439015369765,634,"These are single-bovine sourced, limited edition dogs."
2982,4040,2,6,73,81,1.123456790123457,0.04438439015369765,634,"What bill does the billionaire run on?""

Oahu, Honolulu, Talieah Ra"
3238,4040,1,8,72,81,1.123456790123457,0.040759442022763395,634,I'm pretty sure they're Kosher
3292,4040,1,8,72,81,1.123456790123457,0.040759442022763395,634,"It's not Kosher, take it back."
3455,4040,1,8,72,81,1.123456790123457,0.040759442022763395,634,I used the magic carpet.
3505,4040,1,8,72,81,1.123456790123457,0.040759442022763395,634,The tough part was getting down.
3573,4040,2,6,73,81,1.123456790123457,0.04438439015369765,634,No mustard - he gyped you!
3605,4040,0,10,71,81,1.123456790123457,0.036778936073496866,634,"When it comes to hot dogs, he is really on top of it"
3627,4040,1,8,72,81,1.123456790123457,0.040759442022763395,634,"So, how many people do I need to recruit to get some mustard?"
3705,4040,3,4,74,81,1.123456790123457,0.047734851676990625,634,The top of the food pyramid never looked so good!
3761,4040,1,8,72,81,1.123456790123457,0.040759442022763395,634,It may be a pyramid but.... a hot dog? At the top of the Food Pyramid??
3936,4040,2,6,73,81,1.123456790123457,0.04438439015369765,634,"If you want more mustard,you'll have to get it yourself."
4320,4040,1,8,72,81,1.123456790123457,0.040759442022763395,634,That chili dog has a pharaoh-cious bite!
4363,4040,0,10,71,81,1.123456790123457,0.036778936073496866,634,"Hey honey, meet the newest freelance distributor of a revolutionary healthy hot dog brand. Want to become rich?"
2613,4040,0,10,71,81,1.123456790123457,0.036778936073496866,634,I was in de-Nile before but Thebes tout uncommon wieners ar-Rah Pharaoh better than I thought...Egypt!
2538,4040,1,8,72,81,1.123456790123457,0.040759442022763395,634,"He calls it “people watching”, she calls it “stalking”."
3295,4040,1,8,72,81,1.123456790123457,0.040759442022763395,634,Those 'wonderful things' don't look so wonderful to me.
2373,4040,2,6,73,81,1.123456790123457,0.04438439015369765,634,They call this a mirage dog.
2395,4040,2,6,73,81,1.123456790123457,0.04438439015369765,634,Sarco-dogs. The balm! I still can't figure out the secret ingredient.
213,4040,1,8,72,81,1.123456790123457,0.040759442022763395,634,"Next time, it’s your turn to climb for the hot dogs."
328,4040,3,4,74,81,1.123456790123457,0.047734851676990625,634,"If you think this pyramid is great, wait until you taste this hotdog."
533,4040,1,8,72,81,1.123456790123457,0.040759442022763395,634,Oh so now hot dogs are at the top of the food pyramid? I told you the USDA and Oscar Mayer were in cahoots.
594,4040,2,6,73,81,1.123456790123457,0.04438439015369765,634,"I know they cause obesity, cancer, heart disease, and Alzheimer´s but the Department of Agriculture places them at the top of the food pyramid."
647,4040,0,10,71,81,1.123456790123457,0.036778936073496866,634,Inverted pyramid scheme?
725,4040,2,6,73,81,1.123456790123457,0.04438439015369765,634,I told you I want it well done
1115,4040,1,8,72,81,1.123456790123457,0.040759442022763395,634,"Basil, did you ever stop and ask yourself if this hot dog vending could be a pyramid scheme?"
1144,4040,2,6,73,81,1.123456790123457,0.04438439015369765,634,No one is going to believe we found a Sabrett's in Egypt.
1170,4040,2,6,73,81,1.123456790123457,0.04438439015369765,634,100% real hot dog - no schemes.
1251,4040,0,10,71,81,1.123456790123457,0.036778936073496866,634,Different Union
957,4040,0,10,71,81,1.123456790123457,0.036778936073496866,634,Since moot court in third grade. He’s ambitious!
1279,4040,1,8,72,81,1.123456790123457,0.040759442022763395,634,"Why do you think they removed the top of the pyramid, it's a great dog."
2344,4040,1,8,72,81,1.123456790123457,0.040759442022763395,634,His sales look slow. I think he's frustumated.
2091,4040,0,10,71,81,1.123456790123457,0.036778936073496866,634,Nice throw and catch.
1955,4040,0,10,71,81,1.123456790123457,0.036778936073496866,634,Pyramid fracking
1938,4040,0,10,71,81,1.123456790123457,0.036778936073496866,634,"Oh, yeah. Can't beat authentic Halal."
1876,4040,2,6,73,81,1.123456790123457,0.04438439015369765,634,Running up and down the sides of the pyramid burns off the calories before I eat the hot dog
2261,4040,1,8,72,81,1.123456790123457,0.040759442022763395,634,The walk up makes me feel less guilty about the calories
1723,4040,2,6,73,81,1.123456790123457,0.04438439015369765,634,I don't think they had hot dogs in Ancient Egypt.
1510,4040,0,10,71,81,1.123456790123457,0.036778936073496866,634,I said YELLOW mustard & NO relish!
1334,4040,1,8,72,81,1.123456790123457,0.040759442022763395,634,"I wanted ketchup, not mustard on my hotdog...do you mind?"
1806,4040,1,8,72,81,1.123456790123457,0.040759442022763395,634,I don't get involved in pyramid schemes.
2745,4089,1,7,69,77,1.1168831168831168,0.0412303350007502,634,I still don't understand why he won't add ketchup.
3185,4089,3,3,71,77,1.1168831168831168,0.04882076938753178,634,"Here, some fuel so you can go up and see your Doctor."
3149,4089,1,7,69,77,1.1168831168831168,0.0412303350007502,634,We're trying to make parcour pay
3074,4089,1,7,69,77,1.1168831168831168,0.0412303350007502,634,I'm impressed!  You didn't lose any sauerkraut on the way down!
3057,4089,1,7,69,77,1.1168831168831168,0.0412303350007502,634,I asked for mustard
3036,4089,2,5,70,77,1.1168831168831168,0.04518521908691296,634,It's a flat rate
3014,4089,1,7,69,77,1.1168831168831168,0.0412303350007502,634,"I haven’t been top of the pyramid since high school. They have hot dogs up there, right?"
2954,4089,2,5,70,77,1.1168831168831168,0.04518521908691296,634,I guess they don't believe in toppings around here.
2947,4089,1,7,69,77,1.1168831168831168,0.0412303350007502,634,And where are the onions?
2831,4089,0,9,68,77,1.1168831168831168,0.036853453360789,634,Can you put the mustard back on?
2719,4089,1,7,69,77,1.1168831168831168,0.0412303350007502,634,"I know, but it has Egyptian mustard on it."
2242,4089,1,7,69,77,1.1168831168831168,0.0412303350007502,634,An Egypt hot dog?
2673,4089,1,7,69,77,1.1168831168831168,0.0412303350007502,634,We're not called Top Dogs for nothing.
2655,4089,1,7,69,77,1.1168831168831168,0.0412303350007502,634,Billy never fully grasped multi-level marketing schemes.
2529,4089,1,7,69,77,1.1168831168831168,0.0412303350007502,634,"You too can get in on the ground floor of a skyrocketing business, for only the cost of a few dozen hot dogs and condiments."
2511,4089,0,9,68,77,1.1168831168831168,0.036853453360789,634,Again you forgot the Yoo-Hoos?
2491,4089,1,7,69,77,1.1168831168831168,0.0412303350007502,634,"Man:""I wonder what's heaven in the pyramid?""
Woman: ""It's right above you, hon"""
2419,4089,0,9,68,77,1.1168831168831168,0.036853453360789,634,What no hummus?
2348,4089,1,7,69,77,1.1168831168831168,0.0412303350007502,634,You wanna'  bring this up to him?
2299,4089,0,9,68,77,1.1168831168831168,0.036853453360789,634,No onions?
2280,4089,1,7,69,77,1.1168831168831168,0.0412303350007502,634,I thought food was on the bottom of the Maslow Pyramid.
3219,4089,0,9,68,77,1.1168831168831168,0.036853453360789,634,"So, if I get people to sell hotdogs for me,..."
2231,4089,0,9,68,77,1.1168831168831168,0.036853453360789,634,"Up-N-Down Hotdog"" is perfect, just like you, dear"
2708,4089,1,7,69,77,1.1168831168831168,0.0412303350007502,634,But I was told there'd be sandwiches.
3311,4089,2,5,70,77,1.1168831168831168,0.04518521908691296,634,where's the mustard and sauercrout?
3762,4089,1,7,69,77,1.1168831168831168,0.0412303350007502,634,I didn't want onions. Can you go back?
3431,4089,1,7,69,77,1.1168831168831168,0.0412303350007502,634,"Here's your change, they don't tip here."
2228,4089,2,5,70,77,1.1168831168831168,0.04518521908691296,634,But I wanted mustard and relish on mine.
4629,4089,1,7,69,77,1.1168831168831168,0.0412303350007502,634,"Nah, I’m from Chicago; get me a hotdog without ketchup."
4528,4089,1,7,69,77,1.1168831168831168,0.0412303350007502,634,"Wait a minute, I asked for mustard...AND relis"
4516,4089,0,9,68,77,1.1168831168831168,0.036853453360789,634,"At those prices, he's never going to make any money."
4485,4089,0,9,68,77,1.1168831168831168,0.036853453360789,634,We call it Cafe Sisyphus.
4463,4089,2,5,70,77,1.1168831168831168,0.04518521908691296,634,"It costs a little more,but you will be out of the sun."
4359,4089,2,5,70,77,1.1168831168831168,0.04518521908691296,634,He relishes the scenery.
4260,4089,2,5,70,77,1.1168831168831168,0.04518521908691296,634,Why does it matter how they built it? This is the best hot dog I've ever had.
4209,4089,1,7,69,77,1.1168831168831168,0.0412303350007502,634,I want ketchup on mine.
4184,4089,1,7,69,77,1.1168831168831168,0.0412303350007502,634,"""You promise they're  fresh, after selling them for how long?"""
3989,4089,0,9,68,77,1.1168831168831168,0.036853453360789,634,Did you remember the relish and mustard?
3390,4089,0,9,68,77,1.1168831168831168,0.036853453360789,634,Any sauerkraut to go with that manna?
3903,4089,2,5,70,77,1.1168831168831168,0.04518521908691296,634,Next stop is two cold ones at the Sphinx.
3875,4089,0,9,68,77,1.1168831168831168,0.036853453360789,634,Wait'll you see the soft pretzels at the Sphinx.
3804,4089,0,9,68,77,1.1168831168831168,0.036853453360789,634,"Hello, nice meating you again, We have a lot of ketchup to do"
3743,4089,1,7,69,77,1.1168831168831168,0.0412303350007502,634,Now you know why it’s called an ‘haut’ dog.
3712,4089,2,5,70,77,1.1168831168831168,0.04518521908691296,634,"I don't care what prism you use, $9 is robbery for just a hot dog."
3694,4089,1,7,69,77,1.1168831168831168,0.0412303350007502,634,So it's true that food from the top of the pyramid is high in fat.
3662,4089,1,7,69,77,1.1168831168831168,0.0412303350007502,634,"Okay, GrubHub, earn your tip!"
3589,4089,1,7,69,77,1.1168831168831168,0.0412303350007502,634,"No, really, it’s just a measly little wiener scheme."
3566,4089,0,9,68,77,1.1168831168831168,0.036853453360789,634,"Yeah, my brother joined the Devos Wealth Program. Gotta lot of dogs to sell."
3555,4089,0,9,68,77,1.1168831168831168,0.036853453360789,634,"I wanted a lamb slider, not a hot dog slider."
3501,4089,0,9,68,77,1.1168831168831168,0.036853453360789,634,I'm sorry. I wanted mine without mustard.
3481,4089,1,7,69,77,1.1168831168831168,0.0412303350007502,634,Hot dogs. They're not for wieners.
3889,4089,2,5,70,77,1.1168831168831168,0.04518521908691296,634,"Next stop, tip of the iceberg."
2210,4089,1,7,69,77,1.1168831168831168,0.0412303350007502,634,What do you mean you only have two hands?
3412,4089,0,9,68,77,1.1168831168831168,0.036853453360789,634,The sign said 'highest quality meat'. I think we put the emphasis on the wrong syl-ABBLE.
2160,4089,0,9,68,77,1.1168831168831168,0.036853453360789,634,AHH…the glorious Eye of Dog.
1237,4089,1,7,69,77,1.1168831168831168,0.0412303350007502,634,"Wait, now I have to resell it for you. Sounds like some sort of scheme."
1174,4089,1,7,69,77,1.1168831168831168,0.0412303350007502,634,We didn't need him after all.
1117,4089,1,7,69,77,1.1168831168831168,0.0412303350007502,634,"Trust me, just give him the hot dog, don't look him in the eye, and he'll tell you how the pyramids were really built."
1079,4089,1,7,69,77,1.1168831168831168,0.0412303350007502,634,The hotdogs just haven't been the same since they raised their standards.
983,4089,1,7,69,77,1.1168831168831168,0.0412303350007502,634,Did you give him your marketing consultant card?!?
887,4089,2,5,70,77,1.1168831168831168,0.04518521908691296,634,"So, he choose not to wait until it was finished and decided to use it now. Is he barbecuing Anubis dogs on a bun? Yum."
871,4089,0,9,68,77,1.1168831168831168,0.036853453360789,634,Could you go grab me a bagel instead?
856,4089,0,9,68,77,1.1168831168831168,0.036853453360789,634,I said no relish.
837,4089,0,9,68,77,1.1168831168831168,0.036853453360789,634,"It's all they had. Milk, cheese, breads, grains, and fruits and vegetable aren't here yet."
806,4089,1,7,69,77,1.1168831168831168,0.0412303350007502,634,He won't take anything larger than a twenty.
768,4089,0,9,68,77,1.1168831168831168,0.036853453360789,634,Mustard AND relish.
1278,4089,2,5,70,77,1.1168831168831168,0.04518521908691296,634,We will NEVER mold or try to influence you.....
603,4089,1,7,69,77,1.1168831168831168,0.0412303350007502,634,He sells isis.
333,4089,2,5,70,77,1.1168831168831168,0.04518521908691296,634,"Well, that was a work out just for some hot dogs"
319,4089,1,7,69,77,1.1168831168831168,0.0412303350007502,634,"I specifically said, ""spicy brown mustard."""
276,4089,2,5,70,77,1.1168831168831168,0.04518521908691296,634,"So, you don't have mustard, but the Kingdom of Heaven does?"
209,4089,2,5,70,77,1.1168831168831168,0.04518521908691296,634,Just like you ordered...two uncommon dogs.
202,4089,1,7,69,77,1.1168831168831168,0.0412303350007502,634,"Great, another hot dogger with a pyramid scheme."
124,4089,1,7,69,77,1.1168831168831168,0.0412303350007502,634,"Something about this place ain’t right”
“Yeah this hotdog doesn’t have enough ketchup"
112,4089,1,7,69,77,1.1168831168831168,0.0412303350007502,634,"Yes, they'll let you sample anything at Costco."
98,4089,0,9,68,77,1.1168831168831168,0.036853453360789,634,I wanted mustard.
88,4089,0,9,68,77,1.1168831168831168,0.036853453360789,634,But I wanted it with.
23,4089,0,9,68,77,1.1168831168831168,0.036853453360789,634,"That was very sweet of you dear, but really... no mustard?"
2189,4089,1,7,69,77,1.1168831168831168,0.0412303350007502,634,"Wow, even the hotdogs are served on a roll."
448,4089,1,7,69,77,1.1168831168831168,0.0412303350007502,634,It came from the top so I'm supposed to just jet it?
1299,4089,1,7,69,77,1.1168831168831168,0.0412303350007502,634,He wants you to invest in WHAT??
434,4089,0,9,68,77,1.1168831168831168,0.036853453360789,634,You forgot the napkins!
1869,4089,2,5,70,77,1.1168831168831168,0.04518521908691296,634,They taste better when you earn them
1989,4089,1,7,69,77,1.1168831168831168,0.0412303350007502,634,"I""m not falling for this pyramid scheme."
1957,4089,1,7,69,77,1.1168831168831168,0.0412303350007502,634,He says he sits atop the gassy food pyramid.
1940,4089,1,7,69,77,1.1168831168831168,0.0412303350007502,634,"NOW, you climb a pyramid?""  ""Hey! It was FREE Meat!"
1902,4089,2,5,70,77,1.1168831168831168,0.04518521908691296,634,...sauce?
1301,4089,0,9,68,77,1.1168831168831168,0.036853453360789,634,The Gulden Capstone
1840,4089,1,7,69,77,1.1168831168831168,0.0412303350007502,634,Anubis LOVED these.
1814,4089,0,9,68,77,1.1168831168831168,0.036853453360789,634,Didn't you hear me ask for onions on top?
1792,4089,0,9,68,77,1.1168831168831168,0.036853453360789,634,Trust me. These dogs are worth the effort!
1748,4089,2,5,70,77,1.1168831168831168,0.04518521908691296,634,I want the windward one!
2128,4089,1,7,69,77,1.1168831168831168,0.0412303350007502,634,He promised to share his profits if we recruit two additional customers?
1716,4089,1,7,69,77,1.1168831168831168,0.0412303350007502,634,I thought I ordered sliders.
2080,4089,0,9,68,77,1.1168831168831168,0.036853453360789,634,"Oh, Hubert, I said NO relish and LOTS of ketchup."
1706,4089,0,9,68,77,1.1168831168831168,0.036853453360789,634,"No, thanks. But with a few basic figures, I can tell you the surface area of this square truncated pyramid!"
1589,4089,0,9,68,77,1.1168831168831168,0.036853453360789,634,This one's from the top of the food pyramid?  Thanks!
1580,4089,1,7,69,77,1.1168831168831168,0.0412303350007502,634,"Give me $100 monthly, and eat 100 hotdog sandwiches daily."
1573,4089,1,7,69,77,1.1168831168831168,0.0412303350007502,634,These are zero calories if you get them one at a time.
1516,4089,2,5,70,77,1.1168831168831168,0.04518521908691296,634,What ?  You forgot to get mustard and sauerkraut as I asked ??
1448,4089,1,7,69,77,1.1168831168831168,0.0412303350007502,634,"You'll have to take it back. I wanted sauerkraut, not Falafel on my sun dog."
1422,4089,1,7,69,77,1.1168831168831168,0.0412303350007502,634,You're the apex of affection
1417,4089,0,9,68,77,1.1168831168831168,0.036853453360789,634,A mutually beneficial pyramid scheme!
1410,4089,0,9,68,77,1.1168831168831168,0.036853453360789,634,What a rip-off-- they're still charging the same price for half the view.
1409,4089,1,7,69,77,1.1168831168831168,0.0412303350007502,634,Have you tried the hot cobra?
1376,4089,0,9,68,77,1.1168831168831168,0.036853453360789,634,"Honey, I know you're hungry from climbing but we already agreed to flip both of them on eBay. If you take a single bite out of that hot dog, it'll lose half its market resale value."
1333,4089,0,9,68,77,1.1168831168831168,0.036853453360789,634,I only eat food that I have to wait in line for.
1675,4089,1,7,69,77,1.1168831168831168,0.0412303350007502,634,His prices may be low but...
2856,4197,1,7,70,78,1.1153846153846154,0.040725886269594766,634,Now that's determination!
2975,4197,2,5,71,78,1.1153846153846154,0.04462732509846742,634,"Devouring these hot dogs after that trek, will be the best part of this trip!"
2914,4197,1,7,70,78,1.1153846153846154,0.040725886269594766,634,"At Yankee Stadium, people pass your money to the hot dog guy - how's it gonna work here?"
2974,4197,1,7,70,78,1.1153846153846154,0.040725886269594766,634,You don't like it? Ascend the pyramid and return it. I'll time your climb.
2885,4197,0,9,69,78,1.1153846153846154,0.03640875553275111,634,"According  to him, the mummy's out-of-bounds."
2770,4197,0,9,69,78,1.1153846153846154,0.03640875553275111,634,"That's not enough, I'm hungry, you definitely need to get some more"
4368,4197,1,7,70,78,1.1153846153846154,0.040725886269594766,634,I wanted celery salt ... go back.
2583,4197,1,7,70,78,1.1153846153846154,0.040725886269594766,634,"I asked for mustard AND ketchup. Who is that guy, anyway?"
2140,4197,1,7,70,78,1.1153846153846154,0.040725886269594766,634,"You wanted a drink, too?"
2120,4197,2,5,71,78,1.1153846153846154,0.04462732509846742,634,I said a little ketchup. Not even Moses could part that red sea.
2062,4197,1,7,70,78,1.1153846153846154,0.040725886269594766,634,You got sand all over my food! Your so lazy go back up and get me another one
3197,4197,0,9,69,78,1.1153846153846154,0.03640875553275111,634,Top one percent hot dogs!
1943,4197,1,7,70,78,1.1153846153846154,0.040725886269594766,634,"You too can be top dog, but only if the guys say so"
2667,4197,1,7,70,78,1.1153846153846154,0.040725886269594766,634,"Um, I don't think these are in the food pyramid any more..."
3287,4197,1,7,70,78,1.1153846153846154,0.040725886269594766,634,Why is there never a line for Temple of the Dog?
4166,4197,1,7,70,78,1.1153846153846154,0.040725886269594766,634,But I wanted a bratwurst.
3437,4197,1,7,70,78,1.1153846153846154,0.040725886269594766,634,I’m not traveling to the corners of the earth for mustard.
1857,4197,1,7,70,78,1.1153846153846154,0.040725886269594766,634,"I would thank you for making your food cart less attractive to bees, but the exclusive nature is more attractive to wasps."
4352,4197,1,7,70,78,1.1153846153846154,0.040725886269594766,634,Let me clarify. I feel like a hot...dog.
4253,4197,0,9,69,78,1.1153846153846154,0.03640875553275111,634,Now you want mustard
4231,4197,1,7,70,78,1.1153846153846154,0.040725886269594766,634,Don't you think an ice cream would be more refreshing?
3766,4197,0,9,69,78,1.1153846153846154,0.03640875553275111,634,You want me to go pay ?
3740,4197,2,5,71,78,1.1153846153846154,0.04462732509846742,634,"For the best hot dog ever, you've got to go to Mr. Maslow."
3310,4197,1,7,70,78,1.1153846153846154,0.040725886269594766,634,I don't know if I agree with the new food pyramid.
3688,4197,2,5,71,78,1.1153846153846154,0.04462732509846742,634,The trick is making yourself visible
3658,4197,1,7,70,78,1.1153846153846154,0.040725886269594766,634,"What, no Napoleons?"
3636,4197,1,7,70,78,1.1153846153846154,0.040725886269594766,634,Do I get one for me when I come down??
3541,4197,1,7,70,78,1.1153846153846154,0.040725886269594766,634,"I wanted sweet relish, not dill!!"
3508,4197,1,7,70,78,1.1153846153846154,0.040725886269594766,634,I'd switch him back with the mummy but you won't believe how much I'm saving on toilet paper.
3479,4197,1,7,70,78,1.1153846153846154,0.040725886269594766,634,"Getting to the top of the pyramid took effort so enjoy this, will you, and forget I forgot the mustard."
3472,4197,1,7,70,78,1.1153846153846154,0.040725886269594766,634,This the pinnacle?
3664,4197,1,7,70,78,1.1153846153846154,0.040725886269594766,634,It brings in lots of customers.
1829,4197,1,7,70,78,1.1153846153846154,0.040725886269594766,634,He is part of a pyramid scheme. I don't see any sauerkraut in that hot dog bun!
2315,4197,1,7,70,78,1.1153846153846154,0.040725886269594766,634,"It's a limited edition""."
1804,4197,1,7,70,78,1.1153846153846154,0.040725886269594766,634,"On Facebook, I get so many messages from strangers. They are trying to sell my products using the pyramid scheme. I’m like I would ever fall for that!"
64,4197,2,5,71,78,1.1153846153846154,0.04462732509846742,634,The hot dogs are made of organic paschal lamb.
154,4197,1,7,70,78,1.1153846153846154,0.040725886269594766,634,Trying to tell someone hotdogs don't fix everything.
232,4197,1,7,70,78,1.1153846153846154,0.040725886269594766,634,But I really know him...he'll never eat it without sauerkraut!
617,4197,1,7,70,78,1.1153846153846154,0.040725886269594766,634,I can't believe you fell for that marketing scheme.
623,4197,2,5,71,78,1.1153846153846154,0.04462732509846742,634,But I wanted sauerkraut.
748,4197,0,9,69,78,1.1153846153846154,0.03640875553275111,634,"Nutritionally, he says his food is at the top of the pyramid."
1812,4197,1,7,70,78,1.1153846153846154,0.040725886269594766,634,"I'm just saying, 'Tutank-ham-un Hams' is misleading as to what part of the pig you're getting."
833,4197,1,7,70,78,1.1153846153846154,0.040725886269594766,634,"$5, or you can get one for 2 bucks and a workout on the stair stepper."
884,4197,0,9,69,78,1.1153846153846154,0.03640875553275111,634,It was supposed to be three combos. And you forgot my relish.
897,4197,1,7,70,78,1.1153846153846154,0.040725886269594766,634,Pharaoh's publicist insisted he switch to making everyone else's hearts harden.
921,4197,1,7,70,78,1.1153846153846154,0.040725886269594766,634,They didn’t have sliders.
936,4197,1,7,70,78,1.1153846153846154,0.040725886269594766,634,Acme hot dogs may be delicious but they sure need a new marketing gimmick.
948,4197,1,7,70,78,1.1153846153846154,0.040725886269594766,634,He says every hot dog pyramid sales dynasty starts on the ground floor.
1002,4197,1,7,70,78,1.1153846153846154,0.040725886269594766,634,These are the originals.  Mummified.
1039,4197,0,9,69,78,1.1153846153846154,0.03640875553275111,634,How hard is it to remember the mustard?
811,4197,1,7,70,78,1.1153846153846154,0.040725886269594766,634,He's sure the mummies won't miss them?
1176,4197,2,5,71,78,1.1153846153846154,0.04462732509846742,634,A bit more mustard and we need napkins.
1043,4197,1,7,70,78,1.1153846153846154,0.040725886269594766,634,"Center of the World, just west of Yuma, AZ"
1800,4197,0,9,69,78,1.1153846153846154,0.03640875553275111,634,So he's the top dog of this pyramid scheme.
1771,4197,1,7,70,78,1.1153846153846154,0.040725886269594766,634,"Honey, I said mustard and onions, not mustard and relish!"
1667,4197,1,7,70,78,1.1153846153846154,0.040725886269594766,634,I prefer a softer roll.
1645,4197,0,9,69,78,1.1153846153846154,0.03640875553275111,634,It is NOT a pyramid scheme!
1581,4197,2,5,71,78,1.1153846153846154,0.04462732509846742,634,He said these would be on point.
1484,4197,1,7,70,78,1.1153846153846154,0.040725886269594766,634,The real question is:  ketchup or mustard?
1522,4197,1,7,70,78,1.1153846153846154,0.040725886269594766,634,He ordered it rare and this is medium.
1337,4197,1,7,70,78,1.1153846153846154,0.040725886269594766,634,His buns are at the peak of freshness!
1332,4197,1,7,70,78,1.1153846153846154,0.040725886269594766,634,There's a Nathan's right around the corner.
1292,4197,1,7,70,78,1.1153846153846154,0.040725886269594766,634,"I said Deli Mustard, not ball park mustard!"
1240,4197,2,5,71,78,1.1153846153846154,0.04462732509846742,634,No. No brat. A wiener is all I desire.
1228,4197,0,9,69,78,1.1153846153846154,0.03640875553275111,634,Apparently they're still good after 2500 years.
1190,4197,0,9,69,78,1.1153846153846154,0.03640875553275111,634,The pharaohs died from too much sun.
1375,4197,1,7,70,78,1.1153846153846154,0.040725886269594766,634,"If it's not too much trouble , could you get him to put a little more relish on that?"
3460,4264,0,9,70,79,1.1139240506329113,0.035974592408785144,634,"But Raymond, you know I always want mine plain."
4300,4264,1,7,71,79,1.1139240506329113,0.04023358353168818,634,MyPlate is going to make life a whole lot easier.
2873,4264,2,5,72,79,1.1139240506329113,0.04408300339841241,634,Now is this hot dog also part of your pyramid scheme
1437,4264,1,7,71,79,1.1139240506329113,0.04023358353168818,634,"If you get 10 more investors, we'll give you your own castle."
2485,4264,0,9,70,79,1.1139240506329113,0.035974592408785144,634,"It was a campaign promise, but Egypt wouldn't pay for. So it shouldn't be a total loss, mustard or hummus?"
2544,4264,1,7,71,79,1.1139240506329113,0.04023358353168818,634,Is that bun Tuten free?
2520,4270,1,6,67,74,1.1081081081081081,0.04112256523107289,634,Why can’t We do ANYTHING normal Honey?
2562,4270,2,4,68,74,1.1081081081081081,0.045401526605714705,634,Organic and gluten free you say?
2570,4270,1,6,67,74,1.1081081081081081,0.04112256523107289,634,I told you I don't eat meat. How many times do we have to go through this?
2689,4270,2,4,68,74,1.1081081081081081,0.045401526605714705,634,You'd climb a slick pyramid for a hot dog? I don't think our values are in sync!
2747,4270,1,6,67,74,1.1081081081081081,0.04112256523107289,634,"Thanks for going back for the relish, but you forgot the onions again."
2837,4270,1,6,67,74,1.1081081081081081,0.04112256523107289,634,The real seventh wonder? 'Why is the vendor selling pork in this cartoon?'
2962,4270,0,8,66,74,1.1081081081081081,0.03634325417788381,634,"We found these in the tomb.  They are selling these originals for 
$2 milling wach, tax free."
3062,4270,0,8,66,74,1.1081081081081081,0.03634325417788381,634,Why'd you buy those? It's obviously a pyramid scheme!
3104,4270,1,6,67,74,1.1081081081081081,0.04112256523107289,634,You sure this isn't one of those schemes?
3345,4270,1,6,67,74,1.1081081081081081,0.04112256523107289,634,But how could the ancient Pharaohs have put ketchup on their dogs if tomatoes didn't get here until the 16th century?
3393,4270,1,6,67,74,1.1081081081081081,0.04112256523107289,634,I guess he’s the top dog in a pyramid scheme.
3630,4270,0,8,66,74,1.1081081081081081,0.03634325417788381,634,"I don't care that he's a Chicago Pharaoh, I want ketchup."
4638,4270,1,6,67,74,1.1081081081081081,0.04112256523107289,634,Just be happy I didn't ask for a hamburger.
3872,4270,1,6,67,74,1.1081081081081081,0.04112256523107289,634,"Thanks, honey, but I’d like mine with mustard."
3905,4270,0,8,66,74,1.1081081081081081,0.03634325417788381,634,You forgot the chili sauce........
4070,4270,0,8,66,74,1.1081081081081081,0.03634325417788381,634,I can't believe you forgot to ask if they're Kosher.
4104,4270,0,8,66,74,1.1081081081081081,0.03634325417788381,634,"That was a speedy delivery!
Good luck with the rest of your day."
4136,4270,3,2,69,74,1.1081081081081081,0.04931056545077329,634,"They’re the best on the whole island, I’m told."
4235,4270,1,6,67,74,1.1081081081081081,0.04112256523107289,634,He said ancient astronaut theorist recommended the location
4569,4270,1,6,67,74,1.1081081081081081,0.04112256523107289,634,"Yeah, yeah, that throw was great. But what about your CATCH?!"
4581,4270,0,8,66,74,1.1081081081081081,0.03634325417788381,634,So I slid down here for your slider
4586,4270,0,8,66,74,1.1081081081081081,0.03634325417788381,634,I seem to have lost my appetite for processed meat.
4604,4270,1,6,67,74,1.1081081081081081,0.04112256523107289,634,He said the Illuminati Dog was their bestseller.
2360,4270,1,6,67,74,1.1081081081081081,0.04112256523107289,634,Hot Dog!  I 'd asked for a Chicken Itza!
3862,4270,2,4,68,74,1.1081081081081081,0.045401526605714705,634,"Whatever say about commercialization, he makes a mean hot dog."
2111,4270,2,4,68,74,1.1081081081081081,0.045401526605714705,634,"He’s a Las Vegas tycoon, waiting for a flood of tax receipts."
841,4270,2,4,68,74,1.1081081081081081,0.045401526605714705,634,What if he wants mustard?
1948,4270,1,6,67,74,1.1081081081081081,0.04112256523107289,634,I have a monopoly on the market for birds
248,4270,0,8,66,74,1.1081081081081081,0.03634325417788381,634,"And to think it survived 5,000 years!"
280,4270,1,6,67,74,1.1081081081081081,0.04112256523107289,634,Happy Anniversary! Here's a fresh wiener from King Tut Hut.
338,4270,1,6,67,74,1.1081081081081081,0.04112256523107289,634,Mr. Madoff promises more of these as you keep investing with us
430,4270,1,6,67,74,1.1081081081081081,0.04112256523107289,634,"Sure, you pay a monthly licensing fee, but they give you the hot dogs at a discount so long as you invest a percentage back into the company. Really, it's like we all work for each other-- you know, like the Egyptians."
460,4270,2,4,68,74,1.1081081081081081,0.045401526605714705,634,What about the drinks? We need something to wash these down.
466,4270,0,8,66,74,1.1081081081081081,0.03634325417788381,634,I like to support people who've work hard to build their own business.
538,4270,2,4,68,74,1.1081081081081081,0.045401526605714705,634,Is it buried in onions?
2040,4270,2,4,68,74,1.1081081081081081,0.045401526605714705,634,"To be frank, it’s a long way to the top of you want to tan and chill."
645,4270,0,8,66,74,1.1081081081081081,0.03634325417788381,634,"There's mustard on it.  I don't care if there aren't any steps on the pyramid, I'm sending it back to the kitchen."
668,4270,1,6,67,74,1.1081081081081081,0.04112256523107289,634,So you completed the ice bucket challenge?
950,4270,1,6,67,74,1.1081081081081081,0.04112256523107289,634,It's just another pyramid scheme.
598,4270,0,8,66,74,1.1081081081081081,0.03634325417788381,634,What a gyp. No Grey Poupon?
1056,4270,2,4,68,74,1.1081081081081081,0.045401526605714705,634,This is not what I pictured when you said that we were going to a “restaurant for top dogs”
1870,4270,1,6,67,74,1.1081081081081081,0.04112256523107289,634,You didn't ask for any condiments.
1027,4270,0,8,66,74,1.1081081081081081,0.03634325417788381,634,Ketchup?  How could you?!
1788,4270,0,8,66,74,1.1081081081081081,0.03634325417788381,634,You need to go back for some napkins!!
1760,4270,1,6,67,74,1.1081081081081081,0.04112256523107289,634,My favorite cuisine is decidedly American
1621,4270,1,6,67,74,1.1081081081081081,0.04112256523107289,634,"Just like a man - too much time passed and you didn't remember that I asked for a beer."""
1839,4270,1,6,67,74,1.1081081081081081,0.04112256523107289,634,And you couldn’t come up with ‘mustard’ in Arabic?
1340,4270,1,6,67,74,1.1081081081081081,0.04112256523107289,634,We'll have to remember to bring our own sauerkraut next time
1232,4270,1,6,67,74,1.1081081081081081,0.04112256523107289,634,He says these hot dogs are gluten free.
1206,4270,1,6,67,74,1.1081081081081081,0.04112256523107289,634,"Also, let's get a couple of sliders."
1130,4270,2,4,68,74,1.1081081081081081,0.045401526605714705,634,This is what we do in the Congo. Perfecting a pyramid ain't easy.
1517,4270,1,6,67,74,1.1081081081081081,0.04112256523107289,634,He’s got the mustard and relish
3330,4322,2,4,69,75,1.1066666666666667,0.044815269812960044,634,Pails of water were SOb last month.
3947,4322,2,4,69,75,1.1066666666666667,0.044815269812960044,634,You could’ve at least sprung for Dijon.
3855,4322,1,6,68,75,1.1066666666666667,0.04059615804541172,634,Two for one just for you. We're being watched.
4403,4322,1,6,68,75,1.1066666666666667,0.04059615804541172,634,He has taken his veganism to new heights.
3554,4322,0,8,67,75,1.1066666666666667,0.03588436550487812,634,Bet you a hot dog that flying piano crashes and burns.
3413,4322,0,8,67,75,1.1066666666666667,0.03588436550487812,634,Can you deliver this to him???
3334,4322,0,8,67,75,1.1066666666666667,0.03588436550487812,634,"It's OK, my mummy will get me one."
2761,4322,1,6,68,75,1.1066666666666667,0.04059615804541172,634,"Bernie Madoff’s first summer job. 
“My hot dog was free. Yours cost $2 billion.”"
3596,4322,0,8,67,75,1.1066666666666667,0.03588436550487812,634,He's trying to increase business!
1809,4322,2,4,69,75,1.1066666666666667,0.044815269812960044,634,Of course they're Kosher.
1497,4322,1,6,68,75,1.1066666666666667,0.04059615804541172,634,Yes it’s new at the top of  Trump’s food pyramid
1118,4322,1,6,68,75,1.1066666666666667,0.04059615804541172,634,"No, thanks. I was looking for the pharaoh-free pyramid."
788,4322,1,6,68,75,1.1066666666666667,0.04059615804541172,634,"No HUMAN hot dog vendor could reach such heights AND produce such a delicious dog, so it must be?......"
680,4322,1,6,68,75,1.1066666666666667,0.04059615804541172,634,He must be at the top of his game.
130,4322,1,6,68,75,1.1066666666666667,0.04059615804541172,634,This was Egypt's Ground Zero
26,4322,2,4,69,75,1.1066666666666667,0.044815269812960044,634,"Now that you mention it, I do see the resemblance."
2704,4322,1,6,68,75,1.1066666666666667,0.04059615804541172,634,So...when did oak trees start sprouting up in the desert?
2870,4339,0,8,68,76,1.105263157894737,0.03543685943284941,634,It's a Gaza Dog!
2707,4339,0,8,68,76,1.105263157894737,0.03543685943284941,634,"Would you ask him for a little more relish, please?"
2684,4339,1,6,69,76,1.105263157894737,0.04008301634665216,634,But is it made with organic embalming fluid?
2347,4339,1,6,69,76,1.105263157894737,0.04008301634665216,634,Seriously?  This is where you want to insist on eating locally sourced meats?
2056,4339,1,6,69,76,1.105263157894737,0.04008301634665216,634,Did I forget to ask for mustard?
2154,4339,1,6,69,76,1.105263157894737,0.04008301634665216,634,"Ma'am, for the last time, this isn't a scheme. We even removed the top of the pyramid to ensure that."
2070,4339,1,6,69,76,1.105263157894737,0.04008301634665216,634,I told Alexa I would give $100K  to meet my NFL hero  Michael Strahan
2918,4339,2,4,70,76,1.105263157894737,0.04424393057164384,634,"What do you mean, he hasn't got any mustard?"
2218,4339,2,4,70,76,1.105263157894737,0.04424393057164384,634,When I signed up they didn't tell me the guy at the top makes the money and I do all the work
2967,4339,2,4,70,76,1.105263157894737,0.04424393057164384,634,I never eat his hotdogs. He’s too uppity.
3549,4339,1,6,69,76,1.105263157894737,0.04008301634665216,634,"Seems like a pyramid scheme to me, at least."
3247,4339,0,8,68,76,1.105263157894737,0.03543685943284941,634,"I KNOW, honey, but I asked for ketchup, not mustard...."
3469,4339,0,8,68,76,1.105263157894737,0.03543685943284941,634,I don't get the point of the joke.
2029,4339,2,4,70,76,1.105263157894737,0.04424393057164384,634,"honey you ""brat"" me the wrong size."
3637,4339,1,6,69,76,1.105263157894737,0.04008301634665216,634,You sure that's a hot dog?
3741,4339,1,6,69,76,1.105263157894737,0.04008301634665216,634,Who cares about the product? The trick is to keep recruiting.
3924,4339,0,8,68,76,1.105263157894737,0.03543685943284941,634,Do you want to wait and watch him ride down?
3960,4339,2,4,70,76,1.105263157894737,0.04424393057164384,634,"""No, no, ketchup is for hamburgers, not hot dogs!"""
3986,4339,0,8,68,76,1.105263157894737,0.03543685943284941,634,I vant to be alone!
4028,4339,2,4,70,76,1.105263157894737,0.04424393057164384,634,It’s a good thing you brought your extra hot dog.
4423,4339,1,6,69,76,1.105263157894737,0.04008301634665216,634,"As you can see, office space is at the top of the pyramid."
3221,4339,1,6,69,76,1.105263157894737,0.04008301634665216,634,"He tried to sell me the cart, but I think it's a pyramid scam."
1888,4339,1,6,69,76,1.105263157894737,0.04008301634665216,634,Take it back. You know I don't like relish.
2940,4339,1,6,69,76,1.105263157894737,0.04008301634665216,634,"Wait, we traveled all this way to learn these are the top of the food pyramid?"
1827,4339,1,6,69,76,1.105263157894737,0.04008301634665216,634,"You know we have these “sausage sarcophaguses” back home, right?"
1879,4339,1,6,69,76,1.105263157894737,0.04008301634665216,634,"I know. I never get anything for free! 
It’s called something like MLM hotdog."
51,4339,0,8,68,76,1.105263157894737,0.03543685943284941,634,I don't think you quite grasp the concept behind a food pyramid.
193,4339,1,6,69,76,1.105263157894737,0.04008301634665216,634,It's Aspwurst.
416,4339,0,8,68,76,1.105263157894737,0.03543685943284941,634,"Are you sure it's kosher? Remember, we're in Egypt."
449,4339,0,8,68,76,1.105263157894737,0.03543685943284941,634,"The bunnified during the reign of Ramesses and Moses declared it kosher!"""
452,4339,1,6,69,76,1.105263157894737,0.04008301634665216,634,We have to go to the Sphinx if we want catsup.
456,4339,0,8,68,76,1.105263157894737,0.03543685943284941,634,"Next summer, we want to build a pentagon."
549,4339,1,6,69,76,1.105263157894737,0.04008301634665216,634,"No, I said  onions, not sauerkraut."
573,4339,0,8,68,76,1.105263157894737,0.03543685943284941,634,"At noon were going to uncover the first solar powered,gas powered,electric powered,supersonic,atomic,  nuclear hot dog machine."
615,4339,1,6,69,76,1.105263157894737,0.04008301634665216,634,What are going to do if I want another one?
723,4339,1,6,69,76,1.105263157894737,0.04008301634665216,634,I can't make change. I can only pay you in hot dogs.
477,4339,1,6,69,76,1.105263157894737,0.04008301634665216,634,Could you go back up and ask him if he has vegan hot dogs?
1452,4339,0,8,68,76,1.105263157894737,0.03543685943284941,634,Really?! Kosher?? Here?
834,4339,0,8,68,76,1.105263157894737,0.03543685943284941,634,"OH NO:== I SAID KETCHUP, NOT MUSTARD,!"
894,4339,1,6,69,76,1.105263157894737,0.04008301634665216,634,I'm guessing you didn't see any other options.
930,4339,0,8,68,76,1.105263157894737,0.03543685943284941,634,americans be eating beesed churger and hogtdogs
967,4339,2,4,70,76,1.105263157894737,0.04424393057164384,634,"It's a little-known fact, but the Egyptians actually invented the chili cheese dog with all the works."
1131,4339,1,6,69,76,1.105263157894737,0.04008301634665216,634,Where's the red onions?
1137,4339,1,6,69,76,1.105263157894737,0.04008301634665216,634,I'm sorry but you forgot the relish.
1450,4339,1,6,69,76,1.105263157894737,0.04008301634665216,634,"It's made out of 11 billion retired plastic straws, Steve's Bar and Grill on Strawberry Hill."
808,4339,1,6,69,76,1.105263157894737,0.04008301634665216,634,"Without a glimmer of irony, he calls it ""The Apex Preditor."""
1637,4339,0,8,68,76,1.105263157894737,0.03543685943284941,634,"Two ""mummy dogs,"" wrapped in bacon."
2423,4386,0,7,64,71,1.0985915492957747,0.03563129757936204,634,Two for one down here. One hotdog and a view up there.
2780,4386,0,7,64,71,1.0985915492957747,0.03563129757936204,634,"I wanted catsup on mine. With catsup, it's got everything from the top of the 'Food Pyramid', Fats, Oils AND Sweets."
3171,4386,1,5,65,71,1.0985915492957747,0.0408901437281722,634,Camel hotdogs? - we cook them up there as we're not so popular with the camera riders
3423,4386,1,5,65,71,1.0985915492957747,0.0408901437281722,634,You're kidding! A real New York hot dog from atop a fake pyramid?
4138,4386,1,5,65,71,1.0985915492957747,0.0408901437281722,634,Pyramid Power freshness you can taste!
3744,4386,1,5,65,71,1.0985915492957747,0.0408901437281722,634,"They're from the top of the pyramid...
how could they be anything but healthy?"
4059,4386,0,7,64,71,1.0985915492957747,0.03563129757936204,634,Remember to eat those sparingly.
2399,4386,1,5,65,71,1.0985915492957747,0.0408901437281722,634,"It’s a great chance to plaster the pyramid above. Just stay away from the guy at the top. He’s so relaxed, it’s not worth disturbing him."
3732,4386,1,5,65,71,1.0985915492957747,0.0408901437281722,634,"No, the doctor doesn't do house calls!"
2339,4386,0,7,64,71,1.0985915492957747,0.03563129757936204,634,"Oh, him? We call him the hot dog Nazi."""
912,4386,0,7,64,71,1.0985915492957747,0.03563129757936204,634,"Yes, I know, but get cracking, he likes his cappuccino piping hot."
1663,4386,0,7,64,71,1.0985915492957747,0.03563129757936204,634,I shouldn't eat anything from the top of a food pyramid.
1453,4386,1,5,65,71,1.0985915492957747,0.0408901437281722,634,"Hmm, it took you two days to get that"
1446,4386,0,7,64,71,1.0985915492957747,0.03563129757936204,634,"The slide looks great, Harold, but I'm iffy on your business model."
1148,4386,2,3,66,71,1.0985915492957747,0.04554578291161663,634,Continuation of form through to the apex and the East Coast has reached a concensus.
928,4386,0,7,64,71,1.0985915492957747,0.03563129757936204,634,I’ve looked low and now I’ve looked high for the missing triangle piece
769,4386,0,7,64,71,1.0985915492957747,0.03563129757936204,634,"Times Pyramid, Alexandria, Egypt"
382,4386,3,1,67,71,1.0985915492957747,0.049767789060331365,634,I wanted one with the works.
134,4386,0,7,64,71,1.0985915492957747,0.03563129757936204,634,"Sure, the Arab Spring seems to worked out for him up there but look around..."
1974,4386,0,7,64,71,1.0985915492957747,0.03563129757936204,634,I was “high” because of these hotdogs.
3784,4406,0,6,61,67,1.0895522388059702,0.03514744598911431,634,Why did we ever wonder why those things are flat at the top?
3832,4406,1,4,62,67,1.0895522388059702,0.04108073750471496,634,Don't you know it's illegal to climb the pyramids?
3959,4406,1,4,62,67,1.0895522388059702,0.04108073750471496,634,The Sphinx didn’t know from mustard?
4012,4406,0,6,61,67,1.0895522388059702,0.03514744598911431,634,"...But you know I like mustard, not catsup."
4639,4406,1,4,62,67,1.0895522388059702,0.04108073750471496,634,Weenies . . . our new order of the ages?
4406,4406,1,4,62,67,1.0895522388059702,0.04108073750471496,634,We're going to burn on earth for this.
4445,4406,1,4,62,67,1.0895522388059702,0.04108073750471496,634,Don't tell me he took the mustard up with him.
4484,4406,1,4,62,67,1.0895522388059702,0.04108073750471496,634,I'll take one of those hot  dogs...I cannot figure out  how you pay for them...furthermore how did he get the cart up there?
3781,4406,0,6,61,67,1.0895522388059702,0.03514744598911431,634,Do you think this is what the travel guide meant by the Faroe Islands?
4349,4406,0,6,61,67,1.0895522388059702,0.03514744598911431,634,"Jimmy, you know that I don't like mustard.  You will have to go back."
3552,4406,0,6,61,67,1.0895522388059702,0.03514744598911431,634,"Gus's umbrella points to the Dog Star, but mine are aligned with Orion's Belt."
1889,4406,0,6,61,67,1.0895522388059702,0.03514744598911431,634,I want just a little more mustard.
3173,4406,1,4,62,67,1.0895522388059702,0.04108073750471496,634,I was promised bread and pasta at the bottom.
2131,4406,1,4,62,67,1.0895522388059702,0.04108073750471496,634,"Believe me, this ""dog"" was worth the climb"
2089,4406,0,6,61,67,1.0895522388059702,0.03514744598911431,634,This must be devine providence!
3402,4406,0,6,61,67,1.0895522388059702,0.03514744598911431,634,Interesting.  He calls them a Hothor Dogankhamun?  Historic.
1719,4406,1,4,62,67,1.0895522388059702,0.04108073750471496,634,"I'm sorry, but that's not a ziggurat dog."
1575,4406,0,6,61,67,1.0895522388059702,0.03514744598911431,634,"His music is great, but how does he get up there?"
947,4406,0,6,61,67,1.0895522388059702,0.03514744598911431,634,"Giza, pizza...all he had were hotdogs."
630,4406,1,4,62,67,1.0895522388059702,0.04108073750471496,634,"After a big feat, I prefer my ""hot dog!"" gluten and literal-free."
588,4406,2,2,63,67,1.0895522388059702,0.046259172369432645,634,The Ancestry DNA test was right I am 5% Egyptian.
546,4406,1,4,62,67,1.0895522388059702,0.04108073750471496,634,The bun comes from the reign of Ramesses and Moses declared it kosher!
156,4406,1,4,62,67,1.0895522388059702,0.04108073750471496,634,"Its over anakin, I have the high ground.""

Grandpa Stop Quoting Star-Wars, your not that old!"
3802,4429,1,4,63,68,1.088235294117647,0.04049352107666846,634,"Everybody loves a good dog,but it doesn’t have any condiments."
1423,4429,0,6,62,68,1.088235294117647,0.03465174867755203,634,Those are some long sliders.
1432,4429,1,4,63,68,1.088235294117647,0.04049352107666846,634,Go get some relish.
363,4429,0,6,62,68,1.088235294117647,0.03465174867755203,634,Business has really been going downhill lately.
877,4429,1,4,63,68,1.088235294117647,0.04049352107666846,634,"Really, I’m pretty sure you’re not supposed to eat what’s at the top of the food pyramid."
3196,4434,1,3,60,64,1.078125,0.04048740434646664,634,"Oh, I asked for a slider."
3547,4434,0,5,59,64,1.078125,0.033811213593755246,634,"I heard he was born in Arizona, but now he plays in Babylonia..."
3485,4434,0,5,59,64,1.078125,0.033811213593755246,634,"Buy now,pay later"
3449,4434,0,5,59,64,1.078125,0.033811213593755246,634,These hot dogs answer to the highest authority.
3556,4434,0,5,59,64,1.078125,0.033811213593755246,634,He tried to get me to open a hot dog stand. It's a pyramid scheme!
3426,4434,0,5,59,64,1.078125,0.033811213593755246,634,The coal miners built this one.
3425,4434,1,3,60,64,1.078125,0.04048740434646664,634,He said these days in business you have to do anything to stick out.
3395,4434,1,3,60,64,1.078125,0.04048740434646664,634,"Bill, could you go up and ask the nice man for a little more mustard?"
3331,4434,1,3,60,64,1.078125,0.04048740434646664,634,I'm sorry. I cannot Ramses down my throat!
3303,4434,1,3,60,64,1.078125,0.04048740434646664,634,Does he have a permit for that?”
3301,4434,0,5,59,64,1.078125,0.033811213593755246,634,I thought Masada had water.
3224,4434,0,5,59,64,1.078125,0.033811213593755246,634,More like Illumi-brat-y
3163,4434,1,3,60,64,1.078125,0.04048740434646664,634,We use ‘Pyramid Power’ to cook the hot dogs.
2777,4434,0,5,59,64,1.078125,0.033811213593755246,634,You have to crawl back up. You forgot the mustard.
3037,4434,0,5,59,64,1.078125,0.033811213593755246,634,Could you bring it to Harry at your northwest?
2999,4434,0,5,59,64,1.078125,0.033811213593755246,634,Do you know how long he's been up there?
2901,4434,0,5,59,64,1.078125,0.033811213593755246,634,Did you tell Mr. Heizer to hold the onions?
2871,4434,0,5,59,64,1.078125,0.033811213593755246,634,"Tantric, schmantric.  You forgot the mustard again."
2828,4434,0,5,59,64,1.078125,0.033811213593755246,634,...these are way better than sphynx burgers!
2812,4434,2,1,61,64,1.078125,0.04620889153340547,634,We could've just stayed in New York to get a sandwich.
3560,4434,1,3,60,64,1.078125,0.04048740434646664,634,"I thought we were going to ""Itza"" not ""Eatsa""."
2752,4434,1,3,60,64,1.078125,0.04048740434646664,634,I only wanted a soda.
2701,4434,0,5,59,64,1.078125,0.033811213593755246,634,"We're thinking of franchising. They're totally eco-friendly, cooked with pyramid power."
2680,4434,1,3,60,64,1.078125,0.04048740434646664,634,What did you order? A Pharoah dog!
2663,4434,0,5,59,64,1.078125,0.033811213593755246,634,"Go back, get me more mustard!"
2662,4434,0,5,59,64,1.078125,0.033811213593755246,634,Would you mind getting some sourcrout?
2628,4434,0,5,59,64,1.078125,0.033811213593755246,634,Even the fiersome Zen'uarub won't take him as a sacrifice
4633,4434,1,3,60,64,1.078125,0.04048740434646664,634,These hotdogs have naturally less calories because they burned the fat by going up and down that crazy hill.
3063,4434,0,5,59,64,1.078125,0.033811213593755246,634,Who can resist a good Pyramid scheme?
3580,4434,1,3,60,64,1.078125,0.04048740434646664,634,He claims it's Multi-Leveled-Marketing... I'm not convinced.
3837,4434,0,5,59,64,1.078125,0.033811213593755246,634,It's a hot-dog scheme. He says it's gonna be a thing.
3601,4434,1,3,60,64,1.078125,0.04048740434646664,634,He calls them hot dog sliders.
2624,4434,0,5,59,64,1.078125,0.033811213593755246,634,"It's supposed to be vegan, but that's a slippery slope."
4632,4434,0,5,59,64,1.078125,0.033811213593755246,634,Thanks. But I still think it's a pyramid scheme.
4617,4434,1,3,60,64,1.078125,0.04048740434646664,634,Then who's lifeguarding the dirty water pool?
4613,4434,0,5,59,64,1.078125,0.033811213593755246,634,"To be perfectly frank, that made my buns burn."
4601,4434,0,5,59,64,1.078125,0.033811213593755246,634,"Yeah, he has reached ‘peak vacation’ mode.”"
4599,4434,0,5,59,64,1.078125,0.033811213593755246,634,So you really think we could get rich selling hot dogs for this guy?
4575,4434,0,5,59,64,1.078125,0.033811213593755246,634,"What? You didn't get me a Mountain Dew, too!"
4574,4434,1,3,60,64,1.078125,0.04048740434646664,634,He’s running a no-topping scheme.
4533,4434,1,3,60,64,1.078125,0.04048740434646664,634,Do you think you can run quickly up there to put me some ketchup?
4379,4434,0,5,59,64,1.078125,0.033811213593755246,634,I said 2 hamburgers.
4274,4434,0,5,59,64,1.078125,0.033811213593755246,634,Get yuh Astro Dog here... better than any Dodger Dog in October!
4262,4434,0,5,59,64,1.078125,0.033811213593755246,634,Can you go up again for some relish?
4244,4434,1,3,60,64,1.078125,0.04048740434646664,634,"It's a motivator hot dog, the mustard's on top."
4227,4434,1,3,60,64,1.078125,0.04048740434646664,634,I love this Giza’s hotdogs.
4223,4434,0,5,59,64,1.078125,0.033811213593755246,634,I told you hot dogs were on the top of the food pyramid.
4107,4434,1,3,60,64,1.078125,0.04048740434646664,634,All you have to do is get s few friends to sell hot dogs.
4090,4434,1,3,60,64,1.078125,0.04048740434646664,634,I'd relish some relish.  Go back up.
4071,4434,0,5,59,64,1.078125,0.033811213593755246,634,"Okay, okay - if you go back for mustard, you don't have to come to my mother's."
4007,4434,0,5,59,64,1.078125,0.033811213593755246,634,"It was a slippery slope up, but I got to slide down... Here's your dog."
3978,4434,0,5,59,64,1.078125,0.033811213593755246,634,Don't you know what's in that?
3961,4434,0,5,59,64,1.078125,0.033811213593755246,634,"Where's the ben-ben?"" ""Sorry ma'am, we're all out of those; we only have bun-buns left"
3898,4434,0,5,59,64,1.078125,0.033811213593755246,634,Its the pinical of hot dogs
3880,4434,0,5,59,64,1.078125,0.033811213593755246,634,It’s a pyramid scheme to get rich selling hot dogs.
3859,4434,0,5,59,64,1.078125,0.033811213593755246,634,"I changed my mind, I want a hamburger!"
3815,4434,1,3,60,64,1.078125,0.04048740434646664,634,You’re telling me this hot dog is from the top of the USDA food pyramid?
3775,4434,0,5,59,64,1.078125,0.033811213593755246,634,Mustard is a 100 dollars extra .
3749,4434,1,3,60,64,1.078125,0.04048740434646664,634,But I wanted mine with relish
3690,4434,0,5,59,64,1.078125,0.033811213593755246,634,I forgot the mustard. You go back.
3624,4434,0,5,59,64,1.078125,0.033811213593755246,634,I guess he's working on a pyramid scheme.
3584,4434,0,5,59,64,1.078125,0.033811213593755246,634,You and I both get a hot dog if I sell two hot dogs? What does he get?
2566,4434,0,5,59,64,1.078125,0.033811213593755246,634,But I wanted a falafel from the top of the Sphinx.
2467,4434,0,5,59,64,1.078125,0.033811213593755246,634,This feels like a pyramid scheme.
2510,4434,0,5,59,64,1.078125,0.033811213593755246,634,"Hey, you forgot the ketchup!"
1303,4434,0,5,59,64,1.078125,0.033811213593755246,634,"I told you I wanted the dromedary special, one hump, not two."
1282,4434,0,5,59,64,1.078125,0.033811213593755246,634,You’re telling me YOU climbed up the pyramid just to get a hot dog
1260,4434,1,3,60,64,1.078125,0.04048740434646664,634,"Where's the rest of our money? Apparently, you have to tip the guy."
1253,4434,1,3,60,64,1.078125,0.04048740434646664,634,it always been a small take-out restaurant
1249,4434,0,5,59,64,1.078125,0.033811213593755246,634,Which food pyramid is this week's diet based on?
1205,4434,0,5,59,64,1.078125,0.033811213593755246,634,"I said light mustard, extra relish."
1201,4434,0,5,59,64,1.078125,0.033811213593755246,634,He works faster up there for Seamless.
1181,4434,1,3,60,64,1.078125,0.04048740434646664,634,"You wanted the Ozymandias dog with mustard, right?"
1164,4434,0,5,59,64,1.078125,0.033811213593755246,634,He's holding out for naming rights
1124,4434,0,5,59,64,1.078125,0.033811213593755246,634,He seems to really enjoy the high-life.
1013,4434,1,3,60,64,1.078125,0.04048740434646664,634,His hot dog stand is just ramping up!
985,4434,0,5,59,64,1.078125,0.033811213593755246,634,I'm a Soprano.
866,4434,1,3,60,64,1.078125,0.04048740434646664,634,"Something tells me this ""Hot Dog Opportunity"" is just a pyramid scheme?"
1306,4434,0,5,59,64,1.078125,0.033811213593755246,634,"Dude, relish?"
765,4434,0,5,59,64,1.078125,0.033811213593755246,634,Where’s my ketchup?
721,4434,0,5,59,64,1.078125,0.033811213593755246,634,He heard that people at the top of the pyramid make all the cash.
696,4434,1,3,60,64,1.078125,0.04048740434646664,634,"Is this a pyramid scheme to get me to say, 'I love you.'"
654,4434,0,5,59,64,1.078125,0.033811213593755246,634,He’s supposed to be Top Dog.
427,4434,0,5,59,64,1.078125,0.033811213593755246,634,I'd like to add you to my LinkedIn network
423,4434,0,5,59,64,1.078125,0.033811213593755246,634,You didn't need to tip him that much.
355,4434,0,5,59,64,1.078125,0.033811213593755246,634,I WANT A REFUND... THE HOTDOG TOOK OVER 30 MINITES TO GET HERE!
294,4434,1,3,60,64,1.078125,0.04048740434646664,634,I hope it came with a sarcophagus.
231,4434,0,5,59,64,1.078125,0.033811213593755246,634,What makes me wonder though is where's the mustard?
173,4434,0,5,59,64,1.078125,0.033811213593755246,634,He said it IS a sandwich.
67,4434,0,5,59,64,1.078125,0.033811213593755246,634,Where's the drink?
45,4434,0,5,59,64,1.078125,0.033811213593755246,634,Can you ask if they have that spicy mustard?
34,4434,0,5,59,64,1.078125,0.033811213593755246,634,Capitalism be like
2533,4434,1,3,60,64,1.078125,0.04048740434646664,634,Nefertiti never had service like this!
758,4434,1,3,60,64,1.078125,0.04048740434646664,634,Thanks for the Hajj Dog.
1318,4434,1,3,60,64,1.078125,0.04048740434646664,634,"For the best hotdogs, you must be willing to climb"
685,4434,0,5,59,64,1.078125,0.033811213593755246,634,It’s a Devil’s Triangle special - the hotdogs are free.
1370,4434,0,5,59,64,1.078125,0.033811213593755246,634,Oh this is great. I can literally see nothing from up here.
1341,4434,0,5,59,64,1.078125,0.033811213593755246,634,If you buy two we'll show you the inside route.
2417,4434,1,3,60,64,1.078125,0.04048740434646664,634,I told you I'm vegan.
2398,4434,1,3,60,64,1.078125,0.04048740434646664,634,"I'm struggling as to how to tell you this, Louis."
2259,4434,0,5,59,64,1.078125,0.033811213593755246,634,"Steve Martin, bought this
hot dog franchise after the success of his 1978 hit, “ King Tut.”"
2252,4434,0,5,59,64,1.078125,0.033811213593755246,634,I said no papyrus stalks.
2440,4434,1,3,60,64,1.078125,0.04048740434646664,634,He says he is the Pharaoh Ak-han-hot-dog
2226,4434,0,5,59,64,1.078125,0.033811213593755246,634,"You forgot the extra packet of relish I asked you to get."""
2180,4434,0,5,59,64,1.078125,0.033811213593755246,634,"The hot dog was a dollar, the view $42. The Egyptians could have saved stone and made a fortune."
2149,4434,1,3,60,64,1.078125,0.04048740434646664,634,and you believed him that's it's 100% all beef?
2147,4434,0,5,59,64,1.078125,0.033811213593755246,634,For 10 Egyptian pounds you can rent a Wi-Fi hotspot!
2144,4434,0,5,59,64,1.078125,0.033811213593755246,634,What makes you think the best hot dogs come from the most out of the way hot dog stands ever?
1949,4434,0,5,59,64,1.078125,0.033811213593755246,634,"Hot dog stands are expressly forbidden on the ground area surrounding the pyramid, so I had to move it up."
1946,4434,0,5,59,64,1.078125,0.033811213593755246,634,"Just think, you'll burn it off be for you get there."
1941,4434,0,5,59,64,1.078125,0.033811213593755246,634,Reservations at this place are hard to come by!
2251,4434,0,5,59,64,1.078125,0.033811213593755246,634,I don't mean to be a bother but can you reheat it?
1913,4434,0,5,59,64,1.078125,0.033811213593755246,634,He said he also ties shoelaces.
1420,4434,2,1,61,64,1.078125,0.04620889153340547,634,"For a deity, Ol' Seti don't go in much for fancy fare, does he?"
1925,4434,0,5,59,64,1.078125,0.033811213593755246,634,Well just go back up and tell him. I don't like Summit Mustard.
1445,4434,0,5,59,64,1.078125,0.033811213593755246,634,We used to sell lemonade too.
1454,4434,1,3,60,64,1.078125,0.04048740434646664,634,I need the receipt.
1511,4434,1,3,60,64,1.078125,0.04048740434646664,634,That already looks mummified!
1532,4434,0,5,59,64,1.078125,0.033811213593755246,634,No mustard or ketchup! You're climbing a slippery slope Mister!
1467,4434,1,3,60,64,1.078125,0.04048740434646664,634,But they said it's the new Hill-ton.
1730,4434,0,5,59,64,1.078125,0.033811213593755246,634,"""The bees don't fly that high."""
1770,4434,0,5,59,64,1.078125,0.033811213593755246,634,Oh thank you - how convenient.
1795,4434,0,5,59,64,1.078125,0.033811213593755246,634,I prefer to call it an MLM.
1846,4434,0,5,59,64,1.078125,0.033811213593755246,634,You know I’d do anything to make you happy!
1860,4434,0,5,59,64,1.078125,0.033811213593755246,634,How do I know it's safe to eat? I frustum.
1551,4434,0,5,59,64,1.078125,0.033811213593755246,634,"On second thought, would you get one without mustard."
3484,4560,0,4,57,61,1.0655737704918034,0.03195670276986547,634,What do you mean they were out of Cleopatra sauce?
3544,4560,0,4,57,61,1.0655737704918034,0.03195670276986547,634,"I know that I said I was hungry, but that hot dog stand is just a scheme."
3542,4560,1,2,58,61,1.0655737704918034,0.03959392553603673,634,The takeover is almost complete. Pretty soon we'll be everywhere!
3540,4560,0,4,57,61,1.0655737704918034,0.03195670276986547,634,Isn't this taking the new food pyramid a bit too far?
3551,4560,0,4,57,61,1.0655737704918034,0.03195670276986547,634,He said they're hot dogs with a lot of heart.
3532,4560,0,4,57,61,1.0655737704918034,0.03195670276986547,634,This is an exact replica of the ancient Egyptian twist on the stand-up workout desk.
3518,4560,1,2,58,61,1.0655737704918034,0.03959392553603673,634,"How do you know it's not a scheme, did you see his license?"
3429,4560,0,4,57,61,1.0655737704918034,0.03195670276986547,634,I guess that's one way to find out what an Egyptian Slider is!
3186,4560,0,4,57,61,1.0655737704918034,0.03195670276986547,634,"He said that the Sun God, Ra, himself, roasted the weiners!"
3357,4560,0,4,57,61,1.0655737704918034,0.03195670276986547,634,They're peak performance hot dogs. Try one!
3339,4560,0,4,57,61,1.0655737704918034,0.03195670276986547,634,I’m sure he changes the water with every Nile flood”
3312,4560,0,4,57,61,1.0655737704918034,0.03195670276986547,634,"I said ""I'm a brat,"" not that I want one."
3199,4560,0,4,57,61,1.0655737704918034,0.03195670276986547,634,Mustard? You know I can't eat a hog dog with mustard!
3160,4560,0,4,57,61,1.0655737704918034,0.03195670276986547,634,"Come on Leeroy, you know my basic need can’t be fulfilled without ketchup"
3150,4560,0,4,57,61,1.0655737704918034,0.03195670276986547,634,"Brought 2 down from the hill, don't throw them on the floor!"
3052,4560,0,4,57,61,1.0655737704918034,0.03195670276986547,634,That's one way to top off our trip. I would relish a second go around.
3042,4560,0,4,57,61,1.0655737704918034,0.03195670276986547,634,...now each of your two people each buy two two hot dogs for you.
3396,4560,0,4,57,61,1.0655737704918034,0.03195670276986547,634,"Markell West and Tom Potter:  ""Honey, you forgot the mustard."""
3592,4560,0,4,57,61,1.0655737704918034,0.03195670276986547,634,Plain?Would it be too much trouble to have molokhia on it?
4395,4560,0,4,57,61,1.0655737704918034,0.03195670276986547,634,"Would you mind getting me the soy one.
I'm against cruelty to all mammals, except humans."
3640,4560,0,4,57,61,1.0655737704918034,0.03195670276986547,634,Trust me! I asked for catsup.....he’s out!
2970,4560,0,4,57,61,1.0655737704918034,0.03195670276986547,634,"He says, he has to answer to a 
""Higher"" source!"
4653,4560,0,4,57,61,1.0655737704918034,0.03195670276986547,634,Consumer reports states the source virtually ensures minimal rodent parts.
4593,4560,1,2,58,61,1.0655737704918034,0.03959392553603673,634,"What's up with that? All this storage space, and no mustard?"
4567,4560,0,4,57,61,1.0655737704918034,0.03195670276986547,634,"Mine needs a little more mustard, would you mind?"
4550,4560,0,4,57,61,1.0655737704918034,0.03195670276986547,634,"Yup, that looks pretty special."
4439,4560,0,4,57,61,1.0655737704918034,0.03195670276986547,634,"I see sauerkraut, but I asked for onions!"
4364,4560,0,4,57,61,1.0655737704918034,0.03195670276986547,634,"Yeah, but he's a helluva tipper."
4324,4560,0,4,57,61,1.0655737704918034,0.03195670276986547,634,Look like someone has two legs up on us.
4287,4560,0,4,57,61,1.0655737704918034,0.03195670276986547,634,Who brings their own hot dogs?
4213,4560,0,4,57,61,1.0655737704918034,0.03195670276986547,634,"Sorry, they won't cater the wedding!"
4150,4560,0,4,57,61,1.0655737704918034,0.03195670276986547,634,Thanks. The next customer will buy three hotdogs and give you two.
3991,4560,0,4,57,61,1.0655737704918034,0.03195670276986547,634,How could he be out of pinnacle relish?
3983,4560,0,4,57,61,1.0655737704918034,0.03195670276986547,634,"With all of the fat in these things, we should have stayed on top to eat."
3943,4560,0,4,57,61,1.0655737704918034,0.03195670276986547,634,"Did you get a third dog for Julie?""
""I linked up with one on the way down, but I don't think she's going to want to eat it."
3896,4560,0,4,57,61,1.0655737704918034,0.03195670276986547,634,"I know it's a soybean task, can you get me a water?"
3881,4560,0,4,57,61,1.0655737704918034,0.03195670276986547,634,Top of the Food Pyramid again?
3715,4560,1,2,58,61,1.0655737704918034,0.03959392553603673,634,I will give you my hot dog it taste the same as his up there.
3628,4560,0,4,57,61,1.0655737704918034,0.03195670276986547,634,"I don't buy hot dogs at movie theaters, and I don't buy hot dogs at ancient burial sites."
2926,4560,0,4,57,61,1.0655737704918034,0.03195670276986547,634,No toppings?
1331,4560,1,2,58,61,1.0655737704918034,0.03959392553603673,634,Have a Pharaoh Dog.
2869,4560,0,4,57,61,1.0655737704918034,0.03195670276986547,634,"Thank you for coming to Egypt. Sit back, relax, enjoy the show."
1210,4560,0,4,57,61,1.0655737704918034,0.03195670276986547,634,He really said the Pharaoh's also ate vegan hot dogs and then didn't give us ketchup or mustard?
1116,4560,0,4,57,61,1.0655737704918034,0.03195670276986547,634,And I bet the Gap in Cairo is better too.
1031,4560,1,2,58,61,1.0655737704918034,0.03959392553603673,634,Aten-Ra oversees the spicy brown mustard and fried onions in red sauce.
801,4560,0,4,57,61,1.0655737704918034,0.03195670276986547,634,Hotdog! The Egyptian version of the glass ceiling.
782,4560,1,2,58,61,1.0655737704918034,0.03959392553603673,634,"When he plays Fly Me To The Moon,
that's when we jump off the pyramid."
707,4560,1,2,58,61,1.0655737704918034,0.03959392553603673,634,"No thanks; Mummy told me, ""When they go low, you go high."""
2925,4560,0,4,57,61,1.0655737704918034,0.03195670276986547,634,"That’s right, I take these two and you then go find two other sucker—I mean hot dog investors."
1258,4560,0,4,57,61,1.0655737704918034,0.03195670276986547,634,Who knew that King Tut's Original Hot Dog Hut was the unofficial 8th Wonder of the World?
530,4560,0,4,57,61,1.0655737704918034,0.03195670276986547,634,"That's sweet of you, but it's not 'Larry's Calorie Neutral Hotdogs' if you go up and get it for me."
482,4560,0,4,57,61,1.0655737704918034,0.03195670276986547,634,"I'm not quite sure what it is that makes them taste better after an unnecessary amount of lunges....just trust me on this, Margaret."
468,4560,0,4,57,61,1.0655737704918034,0.03195670276986547,634,See the versatility use of a pyramid!
364,4560,0,4,57,61,1.0655737704918034,0.03195670276986547,634,Some say he has the highest quality hot dogs in the world
327,4560,0,4,57,61,1.0655737704918034,0.03195670276986547,634,He says he grew the Sphinx locally.
224,4560,0,4,57,61,1.0655737704918034,0.03195670276986547,634,"Tom,as I told you,hotdogs can't prove the earth isn't flat."
159,4560,1,2,58,61,1.0655737704918034,0.03959392553603673,634,"It's a challenge of the obese, food is objective and  pyramid the challenge. ""I think i'll sit down first before I do work"""
97,4560,0,4,57,61,1.0655737704918034,0.03195670276986547,634,You’re not exactly finding an acai bowl stand at the top of the food pyramid.
512,4560,0,4,57,61,1.0655737704918034,0.03195670276986547,634,Thank you for the hot dog.
1343,4560,0,4,57,61,1.0655737704918034,0.03195670276986547,634,I heard his business is a pyramid scheme.
636,4560,0,4,57,61,1.0655737704918034,0.03195670276986547,634,Yech!  You know I didn’t want ketchup.
1460,4560,0,4,57,61,1.0655737704918034,0.03195670276986547,634,When is the burial?
1427,4560,1,2,58,61,1.0655737704918034,0.03959392553603673,634,"Look, a free hot dog with your ticket purchase to the King Tut exhibit. I'm not sure he would approve."
2798,4560,0,4,57,61,1.0655737704918034,0.03195670276986547,634,"This hot dog taste just like a pyramid scheme."""
2601,4560,0,4,57,61,1.0655737704918034,0.03195670276986547,634,You’re just in luck!! It’s 2-for1 hotdogs!!!
2580,4560,0,4,57,61,1.0655737704918034,0.03195670276986547,634,Only if the egyptians could've had hotdogs to relish in.
2499,4560,0,4,57,61,1.0655737704918034,0.03195670276986547,634,"Oops, did you really ask for mustard on your hotdog?"
2490,4560,0,4,57,61,1.0655737704918034,0.03195670276986547,634,I thought you knew--I don't use the food pyramid anymore.
2327,4560,0,4,57,61,1.0655737704918034,0.03195670276986547,634,I assume you know the dangers of consuming nitrates?
2281,4560,0,4,57,61,1.0655737704918034,0.03195670276986547,634,Mystery dog!?!
2682,4560,1,2,58,61,1.0655737704918034,0.03959392553603673,634,I don't know if I trust the guidelines in your 'new and improved' food pyramid.
2201,4560,1,2,58,61,1.0655737704918034,0.03959392553603673,634,He's determined to capture the market for Egyptian mountain climbers .
2105,4560,0,4,57,61,1.0655737704918034,0.03195670276986547,634,Someday I will at the top of the pyramid.
1988,4560,0,4,57,61,1.0655737704918034,0.03195670276986547,634,"I dunno, this seems pretty obvious."
1884,4560,0,4,57,61,1.0655737704918034,0.03195670276986547,634,"Like I said - I was at a kosher dog stand on Times Square, took one bite and just said ""Hmm, let me die and go to heaven"".  But I didn't mean it!"
1882,4560,1,2,58,61,1.0655737704918034,0.03959392553603673,634,I'm afraid our only room with a view is taken.
1834,4560,0,4,57,61,1.0655737704918034,0.03195670276986547,634,. . .Sliders . . . latest foodie foofaraw.
1655,4560,0,4,57,61,1.0655737704918034,0.03195670276986547,634,"""Trust me-there  is a door  somewhere that gets you into the  LOUVRE  keep brushing OK!"""
1570,4560,0,4,57,61,1.0655737704918034,0.03195670276986547,634,Looks like we’re getting in on the ground level of his pyramid scheme.
2205,4560,0,4,57,61,1.0655737704918034,0.03195670276986547,634,Start screaming me too and he’ll tell you it isn’t his.
2122,4640,0,4,58,62,1.064516129032258,0.031454833121021764,634,Do you have mustard?
2050,4640,0,4,58,62,1.064516129032258,0.031454833121021764,634,Try one - it's a Hot Anubis.
359,4640,0,4,58,62,1.064516129032258,0.031454833121021764,634,Wanna Weiner?
1087,4640,0,4,58,62,1.064516129032258,0.031454833121021764,634,The twenty-foot-longers are up there.
3522,4644,0,2,51,53,1.0377358490566038,0.02642545929758075,634,5-star food rating hieroglyphs where ???
75,4644,0,2,51,53,1.0377358490566038,0.02642545929758075,634,"Yep, no onions, any ideas worth queueing up for next year?"
151,4644,0,2,51,53,1.0377358490566038,0.02642545929758075,634,their called climb hot dogs
177,4644,0,2,51,53,1.0377358490566038,0.02642545929758075,634,"You try it first, this may be a pyramid scheme."
937,4644,0,2,51,53,1.0377358490566038,0.02642545929758075,634,Do the gods sunburn? ... do they need sunblock ?... ? maybe in the upcoming elections??
951,4644,0,2,51,53,1.0377358490566038,0.02642545929758075,634,He can wait...let us share...
1859,4644,0,2,51,53,1.0377358490566038,0.02642545929758075,634,"No, I said ""mustard, no onions""."
2332,4644,0,2,51,53,1.0377358490566038,0.02642545929758075,634,"Oh, yum – I hear they’re to be ritualistically mummified and placed into a sarcophagus for thousands of years for!"
2612,4644,0,2,51,53,1.0377358490566038,0.02642545929758075,634,"They're supposed to be vegan, but it's a slippery slope."
3283,4644,0,2,51,53,1.0377358490566038,0.02642545929758075,634,I thought I asked for more taken off the top.
3882,4644,0,2,51,53,1.0377358490566038,0.02642545929758075,634,I bet this is gonna be a great hotdog.
1363,4655,0,0,46,46,1.0,0.021979349113192898,634,"Is there somewhere to go eat?  Maybe Pharoah still have a courtyard_Gail Hubbs_Newbury Park, CA"
575,4655,0,0,46,46,1.0,0.021979349113192898,634,"I saw you slide down, but how do you get back up carrying two hotdogs?"
3056,4655,0,0,46,46,1.0,0.021979349113192898,634,I'm a bit concerned about that Presidential Alert that started to come through just before you smashed our cellphones...
