target_id,rank,funny,somewhat_funny,unfunny,count,score,precision,contest,caption
4419,1,42,28,92,162,1.691358024691358,0.06742378374368466,638,I wear the pants but my wife controls them.
5015,2,31,38,86,155,1.6451612903225807,0.06390578494391526,638,"I wear the pants, but my wife has the remote."
2355,3,27,50,87,164,1.6341463414634145,0.05868043077169408,638,Nothing you buy on a 2 am informercial is ever a good idea.
4828,4,28,55,100,183,1.6065573770491803,0.054704825025665905,638,"To be honest, I’m kind of flying by the seat of my pants."
3197,5,30,37,96,163,1.5950920245398772,0.06131560061580757,638,Seriously? You've never tried a pair of hoveralls?
4270,6,30,35,99,164,1.579268292682927,0.06115304126452027,638,"This is Otto, the other is Hannah — they’re palindrones."
5093,7,26,42,95,163,1.5766871165644172,0.05895894632902171,638,The puppy wasn't attracting the type of women I'm interested in.
482,8,26,41,97,164,1.5670731707317074,0.05874841653000914,638,It’s not so bad. I had helicopter parents.
5392,9,24,44,95,163,1.5644171779141105,0.057752609625017416,638,And that’s when I just decided to fly by the seat of my pants!
4056,10,34,36,117,187,1.5561497326203209,0.05729022375096511,638,My wife forgave me for the affair.  With conditions.
2390,11,31,28,105,164,1.548780487804878,0.06195531956727335,638,"I'm Adam, your Lift driver."
188,12,19,36,80,135,1.548148148148148,0.06284090533180428,638,We didn't understand cargo pants at first either.
1819,13,23,32,89,144,1.5416666666666667,0.06300784351958369,638,"Hi, I’m your Uber ride.  Grab my hand."
4908,14,23,41,97,161,1.5403726708074534,0.05777566167763458,638,This is much better.  I used to fly by the seat of my pants.
2230,15,25,39,101,165,1.5393939393939393,0.05798856177001159,638,"In hind sight, I should have agreed to an ankle monitor."
617,16,21,50,100,171,1.5380116959064327,0.053915464662531505,638,YOU can wait for the walk sign.
1489,17,25,40,104,169,1.532544378698225,0.05694602977406531,638,Always wanted to fly by the seat of my pants.
130,18,24,35,97,156,1.5320512820512822,0.05992818406420638,638,I like to fly by the seat of my pants.
1666,19,23,44,103,170,1.5294117647058822,0.05545525321213948,638,The only danger is if they see a squirrel.
2673,20,23,37,97,157,1.5286624203821657,0.05895305043275933,638,My wife has the remote
3074,21,22,49,105,176,1.5284090909090908,0.05340909090909091,638,I see yours are still analog.
2875,22,21,37,92,150,1.5266666666666666,0.059600959908990385,638,"No - I can't fly yet, but I can hit a high C."
3276,23,22,47,104,173,1.5260115606936415,0.05411328872309999,638,First time in the Bay Area?
1617,24,25,31,99,155,1.5225806451612902,0.06094870952179927,638,I've got them set between low-rider and full wedgie.
2615,25,26,43,113,182,1.521978021978022,0.05437902851091831,638,I’d wait for the next upgrade. There’s a wedgie issue.
1463,26,23,39,101,163,1.521472392638037,0.05729216466107892,638,My wife is at the controls . . . long story.
3289,27,24,35,101,160,1.51875,0.0587954795196849,638,The only problem with them is if there's a strong gust of wind my voice goes up an octave.
2173,28,27,36,111,174,1.5172413793103448,0.05689700472757129,638,SkyMall. Why do you ask?
3490,29,19,41,93,153,1.5163398692810457,0.0572448010592604,638,The good news is that I get uptown in 10 minutes. The bad news is that I land with one hell of a wedgie.
4553,30,23,28,95,146,1.5068493150684932,0.06242355766821597,638,It was either this or an ankle monitor.
5075,31,22,43,107,172,1.505813953488372,0.054385463713680776,638,It's called upward mobility.
2566,32,23,46,113,182,1.5054945054945055,0.05270144531112879,638,Turns out you don't have to put on your pants one leg at a time.
4922,33,24,34,105,163,1.5030674846625767,0.057973446355877624,638,"Alexa, hold up my pants!"
4131,34,22,36,102,160,1.5,0.05746204653902287,638,Mr. Smith? I’m your Uber ride.
5115,35,19,42,100,161,1.4968944099378882,0.05511438106513484,638,You must be the fellow who ordered a friend on Amazon.
1395,36,21,34,98,153,1.4967320261437909,0.05874225168773347,638,It’s the convenience of suspenders without the ridiculous look.
3115,37,16,42,91,149,1.4966442953020134,0.056037743067406394,638,Ask me where I keep the remote.
4673,38,25,36,113,174,1.4942528735632183,0.05573073644621067,638,The judge said it was either this or the ankle bracelet.
4915,39,17,40,95,152,1.486842105263158,0.0559985264903355,638,"Hi, I'm Steve from Amazon Cloud Services."
1856,40,19,44,106,169,1.485207100591716,0.05315259037795793,638,I'm flying by the seat of my pants.
5219,41,22,36,107,165,1.4848484848484849,0.05611601105458705,638,"Well, I guess I’m going to take off."
2897,42,17,43,99,159,1.4842767295597483,0.05416741843546319,638,Actually my wife has the controls.
5188,42,18,41,100,159,1.4842767295597483,0.05489736529071833,638,Well I'm off.  My Lyft is here.
570,44,22,32,103,157,1.484076433121019,0.05828759472890868,638,Amazon sent me. Your book is backordered.
4238,45,17,36,92,145,1.4827586206896552,0.05798619887645718,638,You're experiencing what is known as 'disbelief of suspension'.
3536,46,20,42,108,170,1.4823529411764707,0.05356976864053843,638,"Yeah, I had helicopter parents, why"
3533,47,25,42,124,191,1.4816753926701571,0.05188267703387433,638,They're my emotional support drones.
2301,48,19,36,99,154,1.4805194805194806,0.056958519255488727,638,I said I BARELY NOTICE THEM ANYMORE!
4438,49,16,44,100,160,1.475,0.053162560713675366,638,"At first it was just a joke, but then I got the Department of Defense contract."
3560,49,25,26,109,160,1.475,0.05944581592884852,638,They keep dropping me off at Amazon.
2553,49,20,36,104,160,1.475,0.056042156190141815,638,"All I said was: ""Hey Alexa I need a lift,"" and this happens..."
2381,52,20,35,103,158,1.4746835443037976,0.056575502453953035,638,You act like you've never seen a pair of chastity drones before.
2502,53,21,38,110,169,1.4733727810650887,0.05443496016823785,638,"As you probably guessed, I'm single."
3386,54,19,50,117,186,1.4731182795698925,0.049515405649398776,638,I lost the car in the divorce.
4706,55,23,36,115,174,1.471264367816092,0.0544834959119878,638,It's just until the sexual assault charges are dropped.
3304,56,21,39,112,172,1.4709302325581395,0.0537125223691311,638,They're great until your kid steals the controller.
5095,57,20,48,119,187,1.4705882352941178,0.04989444187656737,638,"The battery life is pretty short, and that’s led to a couple of embarrassing incidents.”"
4430,58,23,40,120,183,1.469945355191257,0.05243849555599228,638,"One leg at a time, that's how."
5302,59,15,46,101,162,1.4691358024691359,0.05193358075979278,638,Guess who just put his pants on TWO legs at a time?
257,60,18,39,103,160,1.46875,0.054601094138598316,638,No lines ... no tickets ... just fly by the seat of your pants.
773,61,20,37,108,165,1.4666666666666666,0.05473400932052741,638,Yes I'm single. Why do you ask?
942,61,27,30,123,180,1.4666666666666666,0.05537525055185705,638,"Plus, with the turbo option, I can go up a full octave."
1680,63,18,40,105,163,1.4662576687116564,0.05384708291242399,638,Best part? I can use Tesla charging stations.
1388,64,15,39,94,148,1.4662162162162162,0.055424236370484915,638,It’s not so much about holding up my pants as it’s about attracting venture capitalists.
1317,65,22,31,108,161,1.4658385093167703,0.057125132276659656,638,They're controlled by a joystick in my pants.
4313,66,21,32,106,159,1.4654088050314464,0.05697847653963454,638,"Alexa, fix my wedgie."
5186,67,20,39,111,170,1.464705882352941,0.05351814617362402,638,Gotta go.  My Lift is here.”
270,68,19,33,101,153,1.4640522875816993,0.0571858566800869,638,It's better than flying by the seat of my pants!
3709,69,12,37,83,132,1.4621212121212122,0.05731814117039322,638,They're just for technical support
1871,70,18,37,103,158,1.4620253164556962,0.05508569032142656,638,"OK, you have the remote, right?"
1824,71,18,30,95,143,1.4615384615384615,0.05935504071095189,638,"And now, when people say, ""He puts his pants on just like you and me,"" you'll know just how wrong they are."
2086,72,17,49,114,180,1.461111111111111,0.04943120851723302,638,I prefer to fly by the seat of my pants.
1786,73,18,32,98,148,1.4594594594594594,0.05782919417930752,638,"You also get an owner’s manual, a pack of adult diapers and a barf bag."
752,74,18,31,97,146,1.4589041095890412,0.05842097345734687,638,I hope I have been ordered by a nice family
623,75,24,35,122,181,1.4585635359116023,0.053410173271973234,638,"Hi, I'm the drinking buddy you ordered from Amazon Prime."
746,76,19,33,103,155,1.4580645161290322,0.056603124226281894,638,They're my suspenders of disbelief.
1609,77,20,36,110,166,1.4578313253012047,0.05444962410732783,638,I'm here for your Amazon return.
1273,78,17,31,94,142,1.4577464788732395,0.0588091793186457,638,It's the hot new fashion...hoveralls
3321,79,21,36,114,171,1.456140350877193,0.053889340115077414,638,"Sure, but once he builds that wall, these babies will sell like hot tamales."
4793,80,18,45,115,178,1.4550561797752808,0.05043467800987305,638,I admit it can be a little embarrassing when the batteries get low.
4823,81,15,40,99,154,1.4545454545454546,0.05379330321944897,638,"Hi!  I'm Joe, the personal assistant you ordered from Amazon."
5299,81,20,35,110,165,1.4545454545454546,0.05468078801162002,638,Of course my wife has the remote control.
2513,83,16,42,105,163,1.4539877300613497,0.052363985445422305,638,AirUber.  Where to?
1770,84,23,31,116,170,1.4529411764705882,0.055383210581657516,638,I place an order on Amazon and - Pow! - these babies deliver ME to my stuff!
133,85,18,38,108,164,1.451219512195122,0.05353358324032581,638,The balloons looked ridiculous.
922,85,23,28,113,164,1.451219512195122,0.05692036568738006,638,Are you the one who called Amazon Customer Support?
643,87,23,32,118,173,1.4508670520231215,0.05463844731932832,638,"Why, yes, I am Mr. Fancypants."
1647,88,20,37,114,171,1.4502923976608186,0.0532169412944158,638,My wife got the bra version.
3799,89,26,28,124,178,1.449438202247191,0.05521290768950007,638,I have a mini one to do my zipper.
3974,89,21,38,119,178,1.449438202247191,0.052259595436486055,638,"Hi, i’m Your Lyft driver."
238,91,15,45,107,167,1.4491017964071857,0.0507207148239494,638,"Wow, you're still using analog suspenders?"
2815,92,18,34,104,156,1.4487179487179487,0.05554070765085997,638,"Ya, you get a wedgie.  But I can be in Hoboken in five minutes."
2391,93,20,37,115,172,1.447674418604651,0.052971368911569845,638,I’ve been sent here to see if there is anything we can do to stop you from dropping your Amazon Prime.
4650,94,18,40,112,170,1.4470588235294117,0.05211286895525056,638,The only thing I don't like about them is I have to call the FAA every time I want to take off  my pants.
5161,94,19,38,113,170,1.4470588235294117,0.05277655497492608,638,yeah...product of helicopter parents
3336,96,13,41,96,150,1.4466666666666668,0.05312318777888993,638,"No one thought the iPhone would catch on, either!"
1366,97,19,33,107,159,1.4465408805031446,0.05546899197843857,638,I have a patent suspending.
1852,98,21,41,124,186,1.446236559139785,0.05055988924251111,638,"Unfortunately, I left the remote in my other pants."
3608,98,22,39,125,186,1.446236559139785,0.051131448629808944,638,"Sir, your Lyft has arrived."
904,100,18,30,100,148,1.445945945945946,0.057753958693635477,638,The hip-hop setting is eight inches lower.
4514,100,16,34,98,148,1.445945945945946,0.05613966884540453,638,"By design, I fly by the seat of my pants!"
3515,102,15,44,107,166,1.4457831325301205,0.05091784368116453,638,"When you go low, I go high."
1342,102,20,34,112,166,1.4457831325301205,0.05438495707250697,638,"Look, they put my pants on one leg at a time just like everybody else."
668,104,23,23,109,155,1.4451612903225806,0.05942183064828007,638,I only have to wear them until my wife trusts me again.
4432,105,18,45,119,182,1.445054945054945,0.049571826271437074,638,"Honestly, I feel 20 pounds lighter."
453,106,16,43,110,169,1.4437869822485208,0.05095453208155913,638,"With the Drone-penders 2.0, there's no chance of getting caught with your pants down."
5288,107,23,46,139,208,1.4423076923076923,0.04753973389163887,638,"You ordered a handshake on Amazon, correct?! Here it is!"
1257,108,15,42,106,163,1.4417177914110428,0.05155916318296027,638,"I know it looks weird, but I haven't been mugged  once since I put them on."
3931,109,25,36,134,195,1.441025641025641,0.05091595467212933,638,Amazon needs a clarification on your order.
5274,110,17,36,106,159,1.440251572327044,0.05397295404381147,638,"Amazon Customer Support here, how can I help?"
3521,111,17,32,101,150,1.44,0.05634664206133642,638,"To be honest, yes, I am a little worried about the battery life on these things."
2358,112,15,41,106,162,1.4382716049382716,0.051762404546150165,638,I don’t  know how I managed before self-driving pants.
373,112,16,39,107,162,1.4382716049382716,0.052497883390674266,638,Imagine the possibilities for brassieres.
2686,114,15,37,101,153,1.4379084967320261,0.05393850522600959,638,"Hi, I’m your ride"
1900,115,14,46,109,169,1.4378698224852071,0.049510720004115875,638,They came free with my Prime membership.
4197,116,23,37,130,190,1.436842105263158,0.05081954501993655,638,"The view was great, but the wedgie was brutal."
509,117,22,32,120,174,1.4367816091954022,0.05369992617310497,638,They have two speeds...tenor and soprano.
4449,118,18,36,111,165,1.4363636363636363,0.053198445294365064,638,"Now, Prime members can be delivered to their online orders."
5422,119,15,41,107,163,1.4355828220858895,0.05151408215380799,638,"Greetings, I'm from Amazon and I'm here to help."
3245,120,17,47,122,186,1.435483870967742,0.048134573067903294,638,I see you're still wearing analog suspenders. You need to think bigger.
4433,121,18,41,118,177,1.4350282485875707,0.050518251766231384,638,I wanted to fly by the seat of my pants.
2096,122,21,31,116,168,1.4345238095238095,0.05448247910865203,638,"Hi, I'm your car-less driver. Where can I drop you?"""
690,123,17,29,99,145,1.4344827586206896,0.05774646752680675,638,"The free app syncs with my calendar, so I never forget to wear pants to a meeting."
4631,124,15,36,101,152,1.4342105263157894,0.054166787202072554,638,They keep me on my toes.
5339,125,18,43,121,182,1.434065934065934,0.04949774796772316,638,I don't mind; I was raised by helicopter parents.
4972,126,19,34,113,166,1.4337349397590362,0.053627480768604574,638,Go ahead build the wall. I'll make millions.
2060,127,15,32,96,143,1.4335664335664335,0.05662931052157336,638,A life well-documented is a life well-lived.
2336,127,14,34,95,143,1.4335664335664335,0.055752899062822235,638,"Hi, I'm Frank. Professional drone walker."
2364,129,16,33,101,150,1.4333333333333333,0.05549586651811619,638,"I thought about suspenders, but I didn't want to look ridiculous."
2526,130,22,40,132,194,1.4329896907216495,0.04946939924820223,638,Just a natural progression from helicopter parents.
2128,131,19,33,112,164,1.4329268292682926,0.05410785110474077,638,Basically they're fully autonomous... but I can still take over the zipper in case of an emergency.
2588,131,17,37,110,164,1.4329268292682926,0.052706983911037106,638,I am your date.  Match.com now has drone delivery.
4107,131,15,41,108,164,1.4329268292682926,0.05126785303505357,638,I also invented noise canceling trousers.
2174,134,16,38,108,162,1.4320987654320987,0.05245052602580016,638,Next year I'll just tell them what I want for father's day.
1524,135,14,45,110,169,1.4319526627218935,0.04946439515919631,638,I use to be one of those helicopter parents.
5181,135,18,37,114,169,1.4319526627218935,0.052235006470793766,638,"I still adjust my fly manually, though."
3342,137,19,25,102,146,1.4315068493150684,0.0590489370929472,638,"If they pull my pants any tighter it is going to be
""unmanned"" flight for sure."""
554,138,17,38,112,167,1.4311377245508983,0.051999235478116516,638,I see you're still sporting the analog model.
1325,139,13,39,99,151,1.4304635761589404,0.052747835103946705,638,Just wait until you see how I hold my socks up.
2326,139,17,31,103,151,1.4304635761589404,0.05599584798139376,638,Just because they suspended my driver's license doesn't mean I'm grounded
1909,141,18,41,120,179,1.4301675977653632,0.05006965676215789,638,You're late on your Amazon Prime payment
555,142,19,45,129,193,1.4300518134715026,0.047979946055575484,638,"Marvin, this is the last time I'll get your ball off the roof."
3817,143,15,39,107,161,1.4285714285714286,0.05191539769846597,638,"Well, when the batteries die, it does get a bit awkward."
964,143,15,33,99,147,1.4285714285714286,0.055454510040331716,638,Amazon can now go directly into my wallet and remove money without bothering to delivery anything.
1593,143,17,35,109,161,1.4285714285714286,0.05338996180271602,638,I can't understand why the judge considers me a flight risk.
1545,146,18,32,109,159,1.4276729559748427,0.054609308164834024,638,Alexa sent me.  I'm Greg from Prime Friendship.
599,147,14,37,101,152,1.4276315789473684,0.05329993464144561,638,"I don't like waiting for the ""WALK"" sign."
2393,148,17,39,115,171,1.4269005847953216,0.051075888455228424,638,They're working on little ones for your socks.
3704,149,13,44,107,164,1.4268292682926829,0.04973442533824614,638,Now I really can fly by the seat of my pants.
5123,150,19,29,109,157,1.4267515923566878,0.05585425673803096,638,it was either this or an ankle monitor and i'm like so let's have some fun
1220,151,16,32,102,150,1.4266666666666667,0.05543940131795852,638,They’re waiting to see if I want to return the pants.
4839,151,17,30,103,150,1.4266666666666667,0.056240667466759646,638,It’s best if I don’t tell you where the remote control is.
5401,153,21,33,122,176,1.4261363636363635,0.052545519143446566,638,"You did order a lyft, didn’t you?"
3137,154,18,36,115,169,1.4260355029585798,0.05218710640893494,638,I put my pants on like everyone else. One drone at a time.
1219,155,15,39,108,162,1.4259259259259258,0.051661717191749765,638,"Ironically, it was only because two people gave me the same gift that I found a use for them."
2765,156,17,32,106,155,1.4258064516129032,0.054881818488162266,638,They work great except for the wedgies.
527,157,18,24,99,141,1.425531914893617,0.05974790212914586,638,The only downside is that it gives you a really bad wedgie.
2814,158,17,43,121,181,1.425414364640884,0.049005798232084535,638,"It's a new service called ""Lift."""
4789,159,16,38,111,165,1.4242424242424243,0.05169093091982485,638,"And if you think that’s impressive, wait until you see how the zipper works."
1287,160,19,29,110,158,1.4240506329113924,0.055565306888700254,638,We're still having some problems with the necktie option.
1825,160,13,41,104,158,1.4240506329113924,0.05102694777404146,638,I might have to take off early.
3640,162,13,38,100,151,1.423841059602649,0.052686826073894966,638,I also programmed my Roomba to tie my shoes.
4395,163,16,29,99,144,1.4236111111111112,0.057109082218714906,638,They're a must have for the committed helicopter parent.
4859,164,21,27,115,163,1.4233128834355828,0.055654789030539054,638,"I may have been born privileged, but I still put my pants on one drone at a time—just like everyone else does."
4794,165,14,35,100,149,1.4228187919463087,0.05402467680723152,638,The settings go from low rider to wedgie.
3891,166,18,34,114,166,1.4216867469879517,0.052842504946141254,638,Tssh. You still wearing analogs?
4993,167,16,31,103,150,1.42,0.05537749241945384,638,"Actually, I don't put my pants on one leg at time!"
4857,168,14,42,111,167,1.4191616766467066,0.049766311495389036,638,Two to keep your pants up; six to get airborne.
3211,169,16,30,102,148,1.4189189189189189,0.05591794732803181,638,"Sure beats taking a cab, but I wish I had worn my relaxed-fit jeans."
4119,170,21,30,121,172,1.4186046511627908,0.05339693815275792,638,Mostly I fly to the battery store
4386,170,15,42,115,172,1.4186046511627908,0.04942910345194765,638,This is what I call tech support!
2600,172,17,35,113,165,1.4181818181818182,0.05234538155976742,638,Same as everyone. One drone at a time.
2295,173,17,27,102,146,1.417808219178082,0.05730265826981172,638,"I'm Andy, from Amazon's new on-line dating service. Are you Michael?"
168,174,13,45,112,170,1.4176470588235295,0.04841628959276019,638,It’s the latest from Lyft!
4281,175,15,33,103,151,1.4172185430463575,0.05427232118820629,638,Hi. Bob from Amazon.
4932,175,18,27,106,151,1.4172185430463575,0.056660263936973335,638,Your wife ordered you a friend on Amazon.
1462,177,14,42,112,168,1.4166666666666667,0.04953207526817938,638,The only downside is my voice occasionally sounds a little higher.
2045,177,18,39,123,180,1.4166666666666667,0.049751087439649844,638,Safe? Of course it's safe. I've got 2 gps-guided drones with 4 gyro-stablized propellers on each for software and hardware fault tolerance. What could possibly go wrong?
590,179,15,49,126,190,1.4157894736842105,0.04605054297686557,638,"Well, it was pretty embarrassing when both batteries died at the same time."
4005,180,15,34,105,154,1.4155844155844155,0.05348502960257234,638,I call them 'willing suspenders of disbelief.'
3793,181,11,37,94,142,1.4154929577464788,0.05311489869084432,638,...But I still put them on one leg at a time.
3607,182,19,33,119,171,1.4152046783625731,0.05230183753664467,638,I'm Frank.  I'll be your Uber driver.
3376,183,14,33,100,147,1.4149659863945578,0.05447416171511015,638,Tell me the belt industry isn't nervous.
391,184,20,38,130,188,1.4148936170212767,0.04935535562090206,638,I'm supposed to deliver you to your mother's for Thanksgiving.
401,185,15,38,111,164,1.4146341463414633,0.051100736569039955,638,These babies get me to work in 10 minutes but for some strange reason my voice is higher for the rest of the day.
5198,186,11,41,100,152,1.4144736842105263,0.05065283027288724,638,Gone are the days when I could lift myself by the bootstraps.
667,187,10,40,95,145,1.4137931034482758,0.0514038615517193,638,"They work fine, but I'm having some intimacy issues."
4989,188,17,33,112,162,1.4135802469135803,0.053009325880924524,638,I put them on same as everyone else; one leg at a time.
2240,189,17,35,115,167,1.4131736526946108,0.05183697799699178,638,"I put my pants on just like everyone else, one drone at a time."
5361,189,17,35,115,167,1.4131736526946108,0.05183697799699178,638,Helicopter parents are so last year.
2909,191,20,26,114,160,1.4125,0.05564621795169051,638,I’m the BFF you just ordered on Amazon
4090,191,17,32,111,160,1.4125,0.05348506815666658,638,Sorry I'm late. I got held up.
1907,191,15,36,109,160,1.4125,0.051994420963414466,638,I’m thinking of calling it “Lyft.”
782,194,17,36,117,170,1.411764705882353,0.051153240764027434,638,Hi. I’m Matt from Amazon.
5289,194,18,34,118,170,1.411764705882353,0.051829216518647435,638,I'm a fly by the seat of your pants type of guy
4801,196,24,33,140,197,1.4111675126903553,0.04978338852598956,638,"I'm not sure what it does, but I got it with 2-day free shipping from Amazon!"
138,197,18,38,124,180,1.4111111111111112,0.04969733901535631,638,"Hi, I'm your driver.  Grab my hand and hold on tight."
4273,198,13,43,112,168,1.4107142857142858,0.04874410549264199,638,I’m Amazon’s new tech support.
838,199,15,32,104,151,1.4105960264900663,0.05420224018798342,638,"I use to be a Helicopter dad,but I need to keep up with the times."
3251,200,14,36,106,156,1.4102564102564104,0.05214330548607018,638,I have ten minutes to charge these before my pants fall off.
3195,200,14,36,106,156,1.4102564102564104,0.05214330548607018,638,Mosquitoes stay clear and my pants stay hiked up. It's a win-win.
3130,202,18,23,103,144,1.4097222222222223,0.05864733540346584,638,I’m gonna need either a belt or a charger in the next 15 seconds.
1601,203,19,30,117,166,1.4096385542168675,0.05341379187271508,638,"Other than raising my voice a few octaves, they work fine..."
501,204,16,38,117,171,1.409356725146199,0.050229959401311294,638,Hi I am your Amazon personal shopper...
5122,205,19,34,123,176,1.4090909090909092,0.05113816735635631,638,"Yep, I really am flying by the seat of my pants”."
3622,206,14,37,108,159,1.4088050314465408,0.05142181644585138,638,What? You're still using Uber
1997,206,15,35,109,159,1.4088050314465408,0.052190178218615414,638,I found them in SkyMall.”
525,206,18,29,112,159,1.4088050314465408,0.054430223131922424,638,"Hi, I'm the new assistant you ordered from Amazon."
1892,209,9,38,90,137,1.4087591240875912,0.05237463771295485,638,This seemed more functional than a cape and tights.
809,210,16,37,116,169,1.4082840236686391,0.05064684520516393,638,This changes the game for a 5 story walk up!
4556,211,11,38,98,147,1.4081632653061225,0.051765135971020594,638,"I'm telling you, helicopter parenting isn't enough these days."
1674,212,13,36,103,152,1.4078947368421053,0.052270897280421856,638,Practical? No. Suspenseful? Yes.
2536,213,16,32,109,157,1.4076433121019107,0.05342691498862353,638,"Talk about ""flying by the seat of your pants."""
2877,214,16,36,115,167,1.407185628742515,0.051072960978420616,638,"Jetson, George Jetson”"
1290,215,17,27,106,150,1.4066666666666667,0.056041424968084036,638,Didn't you order a man from Amazon?
5217,216,17,29,109,155,1.4064516129032258,0.05468941455906653,638,Thanks for noticing. I did lose 10 pounds.
1758,217,19,27,114,160,1.40625,0.054870398332867484,638,"Yeah, boxers.  Definitely, boxers."
3120,218,22,27,126,175,1.4057142857142857,0.053204159779802335,638,"Hi! I’m Dan, the window washer."
3690,219,14,47,124,185,1.4054054054054055,0.04618036555916869,638,Would you happen to have 7000 AA batteries?”
3301,220,16,30,107,153,1.4052287581699345,0.05442091911781217,638,It was either this or the ankle bracelet
2396,221,17,30,111,158,1.4050632911392404,0.053903481489987796,638,"Why yes, my suspenders do come with Bluetooth."
3224,222,18,32,118,168,1.4047619047619047,0.05220958566524093,638,No one thought the bra would take off either
1278,223,18,25,108,151,1.403973509933775,0.05652076369099832,638,Everything was going great until  an 8 year old got a hold of the controller.
5039,223,15,31,105,151,1.403973509933775,0.05412666686543721,638,"I used to fly by the seat of my pants, but I've modernized."
3481,225,15,37,114,166,1.4036144578313252,0.050538477320367564,638,"Who knows what the future holds? Right now, they just hold up my pants."
1032,226,16,37,118,171,1.4035087719298245,0.05016583943338135,638,All the good jobs are in the cloud.
2051,227,19,37,130,186,1.403225806451613,0.049041396233148064,638,So I no longer have to put my pants on one leg at a time.
235,228,16,26,102,144,1.4027777777777777,0.05688720662698201,638,Hi. I’m here with an update on your Amazon order.
3535,229,16,32,111,159,1.4025157232704402,0.05287641893991795,638,Just don't clip them to your underwear
248,229,13,38,108,159,1.4025157232704402,0.050567590334221875,638,"Cmon, I'll give you a lift."
836,229,12,40,107,159,1.4025157232704402,0.049774187048204833,638,I'd love to drop by...what time?
1001,229,13,38,108,159,1.4025157232704402,0.050567590334221875,638,Thought you’d never ask. To hold my pants up.”
2109,229,13,38,108,159,1.4025157232704402,0.050567590334221875,638,I'm beta-testing Uber's new self driving pants.
2237,229,18,28,113,159,1.4025157232704402,0.05436118718083454,638,Thank you for calling Air Taxi.  Hold my hand tightly.
2906,235,13,40,111,164,1.4024390243902438,0.04947692288515522,638,How do you do? I'm the new butler you ordered 2 hours ago from Amzon
1242,236,17,34,118,169,1.4023668639053255,0.05127256777734107,638,I just let myself fly by the seat of my pants.
2858,237,13,44,117,174,1.4022988505747127,0.04747252157780845,638,Now if I can just work out the wedgie problem.
16,238,21,30,128,179,1.4022346368715084,0.05166219170862727,638,"As beta testing goes, it could be worse. There's a jockstrap version of this thing."
1167,239,10,39,98,147,1.401360544217687,0.050769738015496675,638,I'm your lift driver.
3892,240,16,31,110,157,1.4012738853503184,0.05335385084131237,638,I've stopped using lyft.
3329,240,15,33,109,157,1.4012738853503184,0.052583020855299874,638,Surveillance or delivery?
625,240,17,29,111,157,1.4012738853503184,0.05411370174849541,638,I think of myself as upwardly mobile
2817,243,18,33,121,172,1.4011627906976745,0.05127232257480401,638,And they delivered themselves!
1841,244,16,30,109,155,1.4,0.053842700967016356,638,Lyft? I' ll show you lift!
2057,244,11,44,110,165,1.4,0.0477118723613698,638,Don’t be offended if I start talking down to you.
1654,244,17,26,107,150,1.4,0.0559641943697409,638,Some days I just need a lift.
817,244,18,36,126,180,1.4,0.049579235156053156,638,"Hi George.  By shaking my hand, you accept our terms and conditions."
405,244,13,48,124,185,1.4,0.045476973422088805,638,They come with Amazon Prime Wardrobe.  Returns are super fast.
2949,244,16,34,115,165,1.4,0.0514390115988303,638,"Your mom sent me. She says, ""call her back."""
3237,250,17,33,118,168,1.3988095238095237,0.051454383024102046,638,It's part of H.R.'s new sexual harassment prevention program.
3795,250,11,45,112,168,1.3988095238095237,0.04711515187084436,638,It helps keep me on my toes.
1398,252,15,35,113,163,1.3987730061349692,0.05114746143777523,638,Nice pants. You pull them up yourself?
3899,253,16,29,108,153,1.3986928104575163,0.05434340008252037,638,My kids think I'm one of those helicopter parents
1736,253,12,37,104,153,1.3986928104575163,0.05108040607225886,638,"If I am not back in five minutes, call the F. A. A."
4002,255,18,38,130,186,1.3978494623655915,0.048385482229513534,638,I’m done flying by the seat of my pants!
4339,256,18,32,121,171,1.3976608187134503,0.051452605705643584,638,"Hi, I'm Trevor, the friend you ordered from Amazon."
5394,257,13,38,110,161,1.3975155279503106,0.05006168795961327,638,"I’m your Lyft driver, just hang tight."
2709,257,13,38,110,161,1.3975155279503106,0.05006168795961327,638,Didn’t you order a Lyft?
1644,259,12,34,100,146,1.3972602739726028,0.052773302441843466,638,It has its ups and downs.
5192,259,13,32,101,146,1.3972602739726028,0.053660923975532154,638,The station can't afford a news chopper so I got the next best thing.
440,261,16,37,121,174,1.396551724137931,0.04945988625104529,638,"It's been nice chatting with you, but I've just been cleared for takeoff."
4842,262,16,33,115,164,1.396341463414634,0.05162256004498532,638,Not only did Amazon just deliver this belt they're installing it too.
3098,263,10,43,106,159,1.3962264150943395,0.048064909079248846,638,It’s only annoying when I have to go to the bathroom.
5082,263,18,27,114,159,1.3962264150943395,0.05428745206764195,638,"No offense, but I just think suspenders look ridiculous."
1196,263,10,43,106,159,1.3962264150943395,0.048064909079248846,638,I' m just flying by the front of my pants.
3798,266,12,35,102,149,1.395973154362416,0.05200391363196503,638,Revolving doors are particularly problematic.
3417,267,15,27,102,144,1.3958333333333333,0.05593969273243484,638,What's amazing is that nobody thought of it sooner.
477,268,18,34,125,177,1.3954802259887005,0.05013988655326656,638,I put my pants on one drone at a time.
810,268,17,36,124,177,1.3954802259887005,0.049495523920721,638,"I, too, thought it was a great idea, but it just hasn’t taken off."
2455,270,18,32,122,172,1.3953488372093024,0.05120480947051741,638,These are my last two certified emotional support drones.
1591,271,20,26,121,167,1.3952095808383234,0.05369143916279393,638,If I leave them home alone they'll tear up the furniture.
4838,272,18,26,113,157,1.394904458598726,0.054787134124795404,638,"Because, when I had only one, I kept going around in circles."
4970,273,15,30,107,152,1.394736842105263,0.05375244264541601,638,Now that’s amazing... three minutes ago I ordered suspenders from Amazon!
2121,274,17,37,126,180,1.3944444444444444,0.04888402153977127,638,But mine lift and separate.
4100,275,12,43,115,170,1.3941176470588235,0.047416410282164985,638,"Yes, the wedgie is an issue."
4782,276,15,33,112,160,1.39375,0.051774240061658705,638,It's my Halloween costume: I'm the Suspension of Disbelief.
1123,276,11,41,108,160,1.39375,0.04864264101749856,638,"Well I've gotta take off, great talking with you."
3278,278,12,37,106,155,1.3935483870967742,0.05054936919383162,638,They're great when you need a little pick me up.
4195,279,11,35,99,145,1.393103448275862,0.05206147975927938,638,I used to be a belt and suspenders man too.
346,280,16,34,118,168,1.3928571428571428,0.050683744021339745,638,It all started with an Apple Watch.
2495,280,20,26,122,168,1.3928571428571428,0.05342270964430334,638,You ordered a friend?
2933,280,12,42,114,168,1.3928571428571428,0.04778805196178062,638,"If you can ignore the wedgie, it’s the only way to fly"
4531,280,13,40,115,168,1.3928571428571428,0.048528176451743545,638,"Hi, I'm from Amazon HR. Thanks for your application. Got time for an interview?"
5157,284,16,32,115,163,1.392638036809816,0.05180640763462849,638,It's way faster than the crosstown bus as long as you don't mind the wedgie.
3561,284,23,18,122,163,1.392638036809816,0.05669291319272459,638,I'm the delivery guy for Amazon Sub-Prime.
266,286,14,25,96,135,1.3925925925925926,0.05768358468490146,638,They were working great until a hacker from Vladivostok gave me a long distance wedgie.
4939,287,17,28,113,158,1.3924050632911393,0.05375180062232592,638,I am not your Uber I am your Lyft
1152,287,18,26,114,158,1.3924050632911393,0.05449662122761122,638,"These Amazon drones are delivering a ""package"" if you know what I mean."
3563,289,16,35,120,171,1.391812865497076,0.050025290477565855,638,"Yes, I put my pants on - one drone at a time"
543,290,15,38,121,174,1.3908045977011494,0.048711143235008414,638,"Just give me the keys.  And next time, try to remember where you parked."
1210,290,16,36,122,174,1.3908045977011494,0.04938842215860702,638,This isn’t what I was expecting when I called for a Lyft.
3846,292,13,33,105,151,1.390728476821192,0.05229691926463479,638,"Actually, they're pretty submissive once you've established who's walking whom."
3815,293,12,40,112,164,1.3902439024390243,0.04855551894499016,638,My wife has the joystick
2786,294,14,34,111,159,1.389937106918239,0.0511875917332629,638,"Hi, Alex from Uber Air"
3365,295,17,31,119,167,1.3892215568862276,0.05156122521096937,638,And they keep my pants up.
1821,296,22,24,129,175,1.3885714285714286,0.05301334926754755,638,It beats the ankle bracelet.
4804,296,16,36,123,175,1.3885714285714286,0.049156144383100724,638,You didn't get the upgrade?
4046,298,17,32,121,170,1.388235294117647,0.05088033591627365,638,"Sure the constant surveillance is uncomfortable, but so was my belt."
2632,298,12,42,116,170,1.388235294117647,0.047336459115373826,638,"Yah, I'm over Uber"
4862,300,14,36,115,165,1.387878787878788,0.049824435887634244,638,And now no one notices my bald spot.
63,300,13,38,114,165,1.387878787878788,0.04907712890454762,638,"As usual, we don't NEED it until they invent it."
4512,302,12,33,102,147,1.3877551020408163,0.05238597460816988,638,They also come in business casual.
4039,303,17,29,117,163,1.3865030674846626,0.05245264786151503,638,The only thing they can't suspend is your disbelief.
5344,304,12,44,120,176,1.3863636363636365,0.04619526340735692,638,"Suspend disbelief, man."
3482,305,15,29,109,153,1.3856209150326797,0.053372810955640115,638,I’m your Uber ride. Grab my hand.
2192,306,16,37,126,179,1.3854748603351956,0.04832328759705609,638,Why put up with the tyranny  of suspenders when you can control your pants with the touch of a button?
21,307,18,38,136,192,1.3854166666666667,0.047136354491793625,638,"Oh for sure, but I still put my pants on one drone at a time."
5030,308,16,25,107,148,1.385135135135135,0.05551382000121988,638,Would you like a lift?
4853,309,15,32,114,161,1.3850931677018634,0.05142542073344635,638,The only real drawback are updrafts.  Those can raise your voice an octave or two.
3324,309,17,28,116,161,1.3850931677018634,0.052913640970146475,638,That's what they said about Uber.
3664,311,19,29,126,174,1.3850574712643677,0.05129417705099181,638,They found out I cut off my ankle bracelet...
4843,312,15,30,111,156,1.3846153846153846,0.052608970340233714,638,People only seem interested in how I go to the bathroom
804,312,14,32,110,156,1.3846153846153846,0.051816896610283394,638,"People told me no one would want a driverless option for pedestrians. Well, who’s laughing now?"
4813,312,18,29,122,169,1.3846153846153846,0.05173790070265764,638,You still do yours one leg at a time?
2548,315,18,32,127,177,1.384180790960452,0.04999862164724735,638,Taking them down would create other privacy concerns.
1541,316,15,33,116,164,1.3841463414634145,0.050731142591730186,638,Be careful not to enter my personal air space.
1745,317,15,28,108,151,1.3841059602649006,0.05386675339778214,638,"It's not about who wears the pants in the relationship anymore, but who controls them."
1243,318,15,36,121,172,1.3837209302325582,0.0490194962159962,638,"If you lost the remote control, I'm in big trouble!"
4840,319,11,34,101,146,1.3835616438356164,0.051670510546558066,638,I used to be just an ordinary peeping Tom.
5043,320,17,30,120,167,1.3832335329341316,0.051481568028060185,638,Lately I feel like I've been flying by the seat of my pants.
1055,321,14,26,101,141,1.3829787234042554,0.05573454821790714,638,I don't wear belts with them. That would look ridiculous.
108,322,13,36,113,162,1.382716049382716,0.04964084060980236,638,Can I bum a battery?
244,323,15,27,107,149,1.3825503355704698,0.05437282820792275,638,I am from Amazon customer service.
2123,324,12,36,109,157,1.3821656050955413,0.04993465585371499,638,I bet you read a hardcopy newspaper too.
4112,325,19,28,126,173,1.3815028901734103,0.05146751143634751,638,I'm a handyman. Thanks to Amazon I can be delivered straight to your door
4557,326,17,27,116,160,1.38125,0.05310476399645794,638,Wait here while I find out where we parked.
3474,326,16,29,115,160,1.38125,0.05235933161260023,638,They’re the new Elon Musk suspenders.
88,328,14,36,118,168,1.380952380952381,0.04909323471726575,638,It keeps the mosquitos away.
905,328,14,28,105,147,1.380952380952381,0.054036001119198276,638,"I'm your Uber.  My car broke down, so grab my arm."
2156,330,17,33,126,176,1.3806818181818181,0.04950872879283419,638,Belt and suspenders? Seems a bit much.
1376,330,15,37,124,176,1.3806818181818181,0.04817929116137221,638,Just thought I'd give myself a lift.
716,332,16,27,112,155,1.3806451612903226,0.05358607806330462,638,"'""At least it's some consolation to know that there'll be video from every angle if the cops shoot me."""
2922,332,16,27,112,155,1.3806451612903226,0.05358607806330462,638,These will take me right into Canada if the Republicans win next week.
271,334,11,29,94,134,1.3805970149253732,0.05483550463584951,638,"Put it this way, I’ve never been mugged."
2324,335,12,30,100,142,1.380281690140845,0.05357314948777116,638,Because I can.
87,336,17,31,123,171,1.3801169590643274,0.050553318728129897,638,I''m five pounds lighter in these pants.
2341,337,16,36,127,179,1.3798882681564246,0.04824703062378453,638,Its the cheapest flight I could find
4397,338,7,35,87,129,1.37984496124031,0.051847876828185056,638,"Why yes, they do make me feel light on my feet."
1015,339,16,28,114,158,1.379746835443038,0.05282291181518447,638,One leg at a time. You?
1247,340,10,41,110,161,1.3788819875776397,0.047404774914514745,638,"Of course, things can get a little bit tricky in a  men's room stall."
1602,341,14,36,119,169,1.378698224852071,0.0488539095719954,638,Now Amazon takes me to the product instead of dropping them off.
3641,342,11,34,103,148,1.3783783783783783,0.051100596386336745,638,Court order.
1256,343,15,29,112,156,1.3782051282051282,0.05251566288704322,638,We'd better shake hands -- I don't do high fives anymore.
2107,343,14,31,111,156,1.3782051282051282,0.05172216026546819,638,But you requested a Lyft!
1192,345,13,36,115,164,1.3780487804878048,0.04914386576661182,638,It's great when technology is able to pick up the slacks
4443,346,12,41,119,172,1.377906976744186,0.0468060685694805,638,"It's called technology, Ted."
5375,347,15,27,109,151,1.3774834437086092,0.05376896193426342,638,"Patent pending, they'll be called ""Suspenders of Disbelief!"""
1961,348,11,38,110,159,1.3773584905660377,0.04860873495745788,638,"Well yes, battery life is a concern."
1340,349,18,33,132,183,1.3770491803278688,0.04869756449769822,638,One leg at a time?  Not any more.
1168,349,15,39,129,183,1.3770491803278688,0.046811377536621915,638,"My eyes are down here, buddy."
976,351,16,29,117,162,1.376543209876543,0.05181724245810832,638,"Do you realize how ridiculous you look wearing a belt AND suspenders, Frank?"
1869,351,13,35,114,162,1.376543209876543,0.04954778408423333,638,They’re the first suspenders approved by the FAA.
3959,351,17,27,118,162,1.376543209876543,0.052551953836788116,638,Helicopter wife
1513,354,15,29,113,157,1.375796178343949,0.05223567238437209,638,It's a little awkward when the batteries die.
1321,355,13,36,116,165,1.3757575757575757,0.04889882396673787,638,Lift. Better than Uber.
5084,355,15,32,118,165,1.3757575757575757,0.05038764377647361,638,"Well, sure, it’s dangerous and illegal, but would you rather take the F train?"
2501,357,15,30,115,160,1.375,0.051510211480758385,638,The wedgie is rough but it beats taking the subway.
99,357,18,18,108,144,1.375,0.05819998077523533,638,They also suspend privacy rights.
1265,357,12,33,107,152,1.375,0.050968743625568295,638,"It's a little tough on the crotch, but my shoulders feel a lot better."
1007,360,14,42,131,187,1.374331550802139,0.045433400460493274,638,They're Elon Musk jeans.
2211,361,14,36,121,171,1.3742690058479532,0.04838171793560149,638,It does get a bit complicated in the bathroom.
2040,362,12,37,114,163,1.3742331288343559,0.048522742403700095,638,"Twenty percent less than Uber, no traffic, and, for a little excitement, we can do rooftop drop-offs."
387,363,8,42,105,155,1.3741935483870968,0.046807046809920885,638,"My eyes are down here, Greg."
569,363,12,34,109,155,1.3741935483870968,0.05025980852840191,638,Can you believe this was already patented?
3878,363,14,30,111,155,1.3741935483870968,0.051900122489589265,638,You called Lyft?
638,366,15,25,107,147,1.3741496598639455,0.05478746760385221,638,Do you have a moment to talk about our lord and saviour Jeff Bezos?
3880,367,12,38,116,166,1.3734939759036144,0.04789980319566938,638,"You just have to watch what you clip them to - after my second flight, I couldn't walk for three days"""
1703,367,14,34,118,166,1.3734939759036144,0.049400706942709094,638,"What do you mean, I always over-complicate things???"
5364,369,14,28,108,150,1.3733333333333333,0.0531316095594452,638,You should see my zipper device.
4827,370,15,36,126,177,1.3728813559322033,0.04787129856057314,638,"See, my mom & dad are still helicopter parents."
1699,371,14,32,115,161,1.3726708074534162,0.05047897583423319,638,"If I act like a package, they'll deliver me anywhere."
4767,372,8,41,104,153,1.3725490196078431,0.04717906893978311,638,I see you're sporting the old-fashioned model.
1991,372,16,25,112,153,1.3725490196078431,0.05398017267542629,638,I have no idea where to put my thumbs.
1587,372,15,27,111,153,1.3725490196078431,0.05317762433640051,638,I'm John from Amazon Prime.
101,375,14,36,122,172,1.372093023255814,0.048148800970938724,638,"If Trump builds that wall, these devices are going to sell like hot cakes."
2902,376,13,35,116,164,1.3719512195121952,0.049048623376205545,638,Suspenders are for nerds.  Suspend-AIRS are for nerds who grow up to work for NASA
3915,377,12,34,110,156,1.3717948717948718,0.04999416733386849,638,I'll make a fortune selling them to people who want to go over the wall.
4465,377,13,32,111,156,1.3717948717948718,0.050814660811085176,638,Yah the wedgie is still a problem!
2410,377,13,32,111,156,1.3717948717948718,0.050814660811085176,638,"Yep you got it, Google suspenders."
1284,377,11,36,109,156,1.3717948717948718,0.04915998150394333,638,I can drop you wherever you’d like.
4681,381,10,42,115,167,1.3712574850299402,0.04612619175207071,638,What do you think? Too much?
693,382,15,29,115,159,1.371069182389937,0.05168405047132925,638,"Hi I'm your driver John, where to?"
4405,383,13,27,103,143,1.3706293706293706,0.05406578036205481,638,Now women can select one-click delivery on my Tinder page.
4068,384,13,37,120,170,1.3705882352941177,0.04780345433448772,638,Amazon delivered me to assist you.
5133,384,13,37,120,170,1.3705882352941177,0.04780345433448772,638,"I mean, you saw what happened with the feathers and wax."
759,386,13,34,115,162,1.3703703703703705,0.04944976661122089,638,Suspender technology has really taken off.
3025,386,15,30,117,162,1.3703703703703705,0.050976876033229694,638,The time I save is worth the wedgie.
103,388,15,34,124,173,1.369942196531792,0.04861424881928535,638,"Yes, I am the traffic reporter. Budget cuts, you know."
3565,389,18,25,122,165,1.3696969696969696,0.05245223951109875,638,Amazon wants you to pull my finger.
4467,389,10,41,114,165,1.3696969696969696,0.04647535679981963,638,"Well yes, it does get a little tricky in the men’s room."
639,391,13,25,100,138,1.3695652173913044,0.055460419541088185,638,Please suspend your disbelief.
3354,392,18,22,117,157,1.3694267515923566,0.054434740383560616,638,Looks like someone’s not keeping up with the droneses...
4185,392,12,34,111,157,1.3694267515923566,0.049731127643127114,638,I put my pants on just like you - one drone at a time.
1185,394,14,44,137,195,1.3692307692307693,0.04405298776823291,638,"It's the NEW Lyft"""
5281,395,13,33,114,160,1.36875,0.049859767972425924,638,They like to be walked.
2003,396,15,36,128,179,1.3687150837988826,0.04742599416081375,638,It comes with my amazon prime account.
4435,396,8,50,121,179,1.3687150837988826,0.04254209717064274,638,I’ll try not to get carried away.
3541,398,17,36,137,190,1.368421052631579,0.0466686138499928,638,"I got tired of people saying, ""He puts his pants on, one leg at a time, just like everyone else"""
4694,398,13,30,109,152,1.368421052631579,0.05170853185063483,638,"Sure, there have been some fatalities but statistically speaking they're safer than conventional pants."
4786,398,13,30,109,152,1.368421052631579,0.05170853185063483,638,Still using suspenders 1.0?
4865,401,14,32,117,163,1.3680981595092025,0.04996177832804008,638,I call them suspension britches.
5234,402,14,36,124,174,1.367816091954023,0.04768920059785337,638,"I'm telling you, these new pants are really going to take off!"
1891,403,12,33,110,155,1.367741935483871,0.05015213957755869,638,These babies hold your pants up for 8 hours on one charge!
3142,404,12,37,117,166,1.3674698795180722,0.04780098137816316,638,I see you're still not a Prime member.
3312,405,15,24,108,147,1.3673469387755102,0.05467743505428263,638,"Sorry, am I droning on?"
2782,406,15,28,115,158,1.3670886075949367,0.05185771687321313,638,It's a little scary but it sure beats the subway.
1626,406,17,24,117,158,1.3670886075949367,0.05338983151752053,638,I’ve been delivered.
2413,406,9,40,109,158,1.3670886075949367,0.046962419750281696,638,"It's my wife, she thinks I'm cheating."
83,409,12,27,100,139,1.3669064748201438,0.05417015489718928,638,I have NO idea. They came with the suspenders I ordered on Amazon...
795,410,11,40,118,169,1.3668639053254439,0.04644840295884055,638,I promised non-military applications. I’ll deliver non-military applications.
3015,410,11,40,118,169,1.3668639053254439,0.04644840295884055,638,"With the new software, my pants are supported for up to six hours."
758,412,16,34,130,180,1.3666666666666667,0.047859197583077905,638,I put my pants on like the common man - one drone at a time.
2180,413,16,27,118,161,1.3664596273291925,0.0518968166679143,638,I thought my helicopter mom was a pain until I married my drone wife.
4684,413,15,29,117,161,1.3664596273291925,0.051143326335997275,638,"Listen, sir. I put my pants on one drone at a time..."
3127,415,14,35,123,172,1.3662790697674418,0.04805633940765861,638,I’ve upskilled. I am now a drone walker.
1214,415,13,37,122,172,1.3662790697674418,0.0473435560690125,638,It's only dangerous when I drop the remote.
3141,415,17,29,126,172,1.3662790697674418,0.05013392190201299,638,Where to?
4942,418,21,22,132,175,1.3657142857142857,0.05208124438691451,638,Russian hackers just gave me a wedgie.
1048,419,13,31,112,156,1.3653846153846154,0.05070759724789727,638,"I'd give you a lift, but I'm going downtown"
3138,419,14,29,113,156,1.3653846153846154,0.05151672936623356,638,"They are watching me either way, might as well let them hold up my pants!"
3827,421,16,29,122,167,1.3652694610778444,0.05050733266273011,638,And the service plan covers wedgies.
4459,421,15,31,121,167,1.3652694610778444,0.04978800845395368,638,"So my wife replied, “When pigs fly!”
Ha! I showed her."
3155,423,9,36,103,148,1.364864864864865,0.04902866833668067,638,Why Uber when you can Drone?
1403,424,12,34,113,159,1.3647798742138364,0.04921272050546788,638,The latest in wedgie technology.
4331,424,10,38,111,159,1.3647798742138364,0.04756751904135092,638,It's called Lift
2883,426,14,34,122,170,1.3647058823529412,0.04843108836293086,638,"Jarard wonders if this is one of those, ""if you see something, say something"" moments"
2485,427,14,38,129,181,1.3646408839779005,0.0463305779939964,638,You didn’t think Amazon was going to cut out the teamsters did you?
3196,428,10,35,106,151,1.3642384105960266,0.04926250243801632,638,"Hi! Adam, Amazon customer service. So, what's wrong with YOUR suspenders? You gave them only two stars and no comment."
1282,429,13,33,116,162,1.3641975308641976,0.0493467586289823,638,I just need to lose ten more pounds and then it will take me wherever I want to go
5038,430,19,29,136,184,1.3641304347826086,0.04892624092699431,638,They say the hallmark of modern civilization is that we provide solutions to problems that don't really exist but I don't think that's the case with Hoverspenders.
1280,431,17,34,136,187,1.3636363636363635,0.047134167942292055,638,Everybody thinks that.....they really just hold up my pants.
4244,431,12,36,117,165,1.3636363636363635,0.04793666452397724,638,"Welcome to Amazon Delivery. You’re not afraid of heights, are you?"
3334,433,17,27,124,168,1.3630952380952381,0.05095718753394635,638,They're really starting to take off.
662,433,10,41,117,168,1.3630952380952381,0.04579992320257528,638,"Yes it's a wedgie, but it's a high tech wedgie!"
821,433,15,31,122,168,1.3630952380952381,0.04953849980076459,638,They're learning to stay on a leash.
3444,436,13,44,136,193,1.3626943005181347,0.04365240130353962,638,"Because they annoy more people than my leaf blowers."""
4473,437,15,36,131,182,1.3626373626373627,0.04677244021904243,638,"Yep, when they land it is awfully embarrassing."
3518,438,17,28,126,171,1.3625730994152048,0.050289997622751624,638,"Are you waiting for that cab, or, are you ready for “Uber Lift”?"
2417,439,10,34,105,149,1.3624161073825503,0.049681339991210494,638,Two of these and you can get rid of your suspenders.  Four and you can sell your car.
1029,440,14,35,125,174,1.3620689655172413,0.04759502633195921,638,"I used to have a traffic helicopter, before the budget cuts"
4261,440,15,33,126,174,1.3620689655172413,0.048287962263851736,638,They needed to go for a walk.
5363,440,14,35,125,174,1.3620689655172413,0.04759502633195921,638,I was afraid that my regular suspenders were making me look too dorky.
59,443,12,31,109,152,1.361842105263158,0.05074329192374302,638,Tech support at your service! How may I help you?
2556,443,11,33,108,152,1.361842105263158,0.04987728239907952,638,People said the same thing when regular suspenders first came out
5059,445,12,40,125,177,1.3615819209039548,0.04562904127297209,638,I was tired of putting my pants on one leg at a time.
3633,445,15,34,128,177,1.3615819209039548,0.047692907372626374,638,It’s really just about the suspension of disbelief.
3006,447,13,34,119,166,1.3614457831325302,0.04845674328482825,638,They also give a little extra bounce in my step.
4421,447,9,42,115,166,1.3614457831325302,0.045342899877054754,638,"Sorry, I have to take off"
4253,449,12,32,111,155,1.3612903225806452,0.05003883784268974,638,Just pretend they're not there.
4526,450,12,41,127,180,1.3611111111111112,0.04509723881825768,638,works great except with my kilt.
1791,451,12,33,113,158,1.360759493670886,0.049359645678359224,638,"I still put them on one leg at a time, just like everybody else."
5110,452,17,28,127,172,1.3604651162790697,0.05004117806294838,638,You should see how they work on my wife’s stockings.
1800,452,13,36,123,172,1.3604651162790697,0.047245334985692486,638,They lift and separate.
3810,454,20,23,132,175,1.36,0.05135919421944117,638,"The other benefit is real time monitoring of my shoelaces, right on my smart phone."
3369,454,10,34,106,150,1.36,0.04940813000875432,638,I just got SO sick of waiting for Ubers
5381,454,12,39,124,175,1.36,0.045959931145900995,638,I called in air support.
4055,454,9,45,121,175,1.36,0.04376380851754782,638,This was the best way for me to get off the no-fly list.
1521,458,18,23,123,164,1.3597560975609757,0.05253359094532938,638,"Best of all, they deliver themselves!"
807,458,13,33,118,164,1.3597560975609757,0.04884357360160098,638,Lyft?
5220,458,11,37,116,164,1.3597560975609757,0.04728700967496823,638,"So Apple asked, ""What new features can we add to the iPhone 11s?"""
4798,461,13,29,111,153,1.3594771241830066,0.051310968990878336,638,It's the latest benefit with Prime
859,462,16,28,123,167,1.3592814371257484,0.050408873557254506,638,"It's like Uber, but for pants."
2187,462,15,30,122,167,1.3592814371257484,0.049688123997777896,638,Wish me luck on Shark Tank tonight!
1065,464,11,34,111,156,1.358974358974359,0.04893296333391608,638,"That's fine, if you want your shoulders to do all the work."
1299,464,14,28,114,156,1.358974358974359,0.051405971038924574,638,You should see how I get my underwear on.
1146,466,8,45,117,170,1.3588235294117648,0.04379800671014031,638,Welcome to Uber Air!
3428,466,17,27,126,170,1.3588235294117648,0.05044589369066619,638,"CAN I BORROW YOUR IPHONE?, I'M LOST."
2292,468,14,29,116,159,1.3584905660377358,0.050696148021754615,638,They're called Suspenders of Disbelief.
2505,468,13,31,115,159,1.3584905660377358,0.049904788631389335,638,It's the latest from the Armani-Boeing collaboration.
2689,468,13,31,115,159,1.3584905660377358,0.049904788631389335,638,"A little tight in the crotch, but otherwise very comfortable."
2851,468,12,33,114,159,1.3584905660377358,0.049100676496802345,638,"I mean yours are cool, too."
3957,468,10,37,112,159,1.3584905660377358,0.047451590496458834,638,They're great! I haven't had to use Uber in a month
4436,468,13,31,115,159,1.3584905660377358,0.049904788631389335,638,You ordered the ride from Lyft?
2430,474,15,23,110,148,1.3581081081081081,0.05424618822421932,638,It is a condition of my sex offender parole.
3665,475,11,36,115,162,1.3580246913580247,0.04765595391242546,638,The bra version will be a lot easier now that I've fixed all the suspender issues.
2678,475,11,36,115,162,1.3580246913580247,0.04765595391242546,638,"Buddy, can you spare a 12-volt nicad rechargeable?"
3966,477,14,26,111,151,1.3576158940397351,0.05260907589292015,638,Drone walking pays well these days.
2447,478,14,31,120,165,1.3575757575757577,0.04935018625430356,638,I'm your Uber driver.  Give me your hand and I'll have you home in no time.
700,478,11,37,117,165,1.3575757575757577,0.04705009450906852,638,"You could use them for other things, but then your pants would fall down."
683,478,12,35,118,165,1.3575757575757577,0.04782908344636838,638,The only problem is that when I go through a door my pants fall down.
4951,481,14,36,129,179,1.3575418994413408,0.046575435404238724,638,"My wife adopts them, but I'm the one who has to walk them every day."
1049,482,16,28,124,168,1.3571428571428572,0.050153538344252534,638,You get used to the wedgies.
2795,482,14,27,113,154,1.3571428571428572,0.051855128672356386,638,"Hi, I'm Rick, this conversation may be recorded for training purposes."
3692,482,15,25,114,154,1.3571428571428572,0.05266722707196812,638,It's drones disease.
4476,482,14,32,122,168,1.3571428571428572,0.048711450497690836,638,"I still put them on like everyone else, though."
4800,482,14,27,113,154,1.3571428571428572,0.051855128672356386,638,It's Uber Air!
4488,487,11,39,121,171,1.3567251461988303,0.045898051158710124,638,It was a free upgrade with my my Amazon Prime renewal.
3573,488,13,25,105,143,1.3566433566433567,0.05381678979228664,638,"Hi, I'm Ted from Amazon, I hear you want to suspend your account?"
4070,488,12,27,104,143,1.3566433566433567,0.05289379743701177,638,Everyone thought the Wright brothers were crazy too.
1363,490,12,43,133,188,1.3563829787234043,0.04369520866474037,638,"Yeah, I don’t know how I’m going to do that. I lost the controller, so I guess I’ll just have to wait until the batteries run out."
4314,491,9,39,112,160,1.35625,0.0463671387580016,638,Ever hear of a drone walker? I make ten bucks an hour!
4755,492,12,28,106,146,1.356164383561644,0.05210697730019456,638,It's so hard to stay grounded these days.
4532,492,11,30,105,146,1.356164383561644,0.0511924190879219,638,Ihey said the same thing to the Wright brothers.
3188,494,15,38,138,191,1.356020942408377,0.04509277534631142,638,My interactions are recorded for quality and training purposes.
916,495,13,32,118,163,1.3558282208588956,0.04898498765704616,638,Now I no longer feel pressure to live in the moment; I can just record my life and watch it whenever I want.
1903,496,13,38,129,180,1.3555555555555556,0.04568413822707755,638,"Yeah well, they laughed at the guy who first invented suspenders."
2864,497,12,41,130,183,1.355191256830601,0.04448595091756656,638,This is our new Lyft service – grab my hand.
2940,497,16,33,134,183,1.355191256830601,0.047108351600842265,638,I didn't get the job and their feedback was that I have a tendency to over-engineer. Can you believe that?
4174,499,13,35,124,172,1.3546511627906976,0.047142716392741105,638,There great except when they go in different directions.
4877,500,13,30,115,158,1.3544303797468353,0.05005515732730811,638,The FAA temporarily grounded me ....
968,501,12,33,116,161,1.3540372670807452,0.04859032848598247,638,Lift and separate.
3991,501,9,39,113,161,1.3540372670807452,0.046131342574406986,638,"No, it's not that. They were delivered by mistake and Amazon wants them back."
1740,503,13,32,119,164,1.353658536585366,0.04873370493441961,638,Trust me. I'm faster than a cab.
35,504,14,36,131,181,1.3535911602209945,0.046143531160406356,638,They take my Helicopter Parenting to the next level.
98,505,9,29,95,133,1.3533834586466165,0.05250122189532132,638,My pants?  Just got them from Amazon.  Why do you ask?
152,506,8,37,105,150,1.3533333333333333,0.047427483010045526,638,I find it uplifting.
1180,506,11,31,108,150,1.3533333333333333,0.05017790869005088,638,Hi. Amazon sent me.
1304,508,16,27,124,167,1.3532934131736527,0.050305928166846176,638,You do need to get used to the super wedgie though.
267,509,15,30,125,170,1.3529411764705883,0.04894413496104963,638,"Listen to me, droning on and on. How have you been?"
2228,509,10,34,109,153,1.3529411764705883,0.048605058261684916,638,"The restraining order was bad enough, but this seems excessive."
2597,509,17,20,116,153,1.3529411764705883,0.05444673426992948,638,The judge gave me a suspended sentence.
3126,509,10,34,109,153,1.3529411764705883,0.048605058261684916,638,This must be your first time using a flysharing service.
1774,513,11,33,112,156,1.3525641025641026,0.04881091213090623,638,I have two more at home to pull up my socks
2627,513,15,25,116,156,1.3525641025641026,0.05208989428676371,638,"Instead of  Uber, I now ""Drone Home."""
3973,515,11,40,125,176,1.3522727272727273,0.04492385003807234,638,"Actually, right now, I'm just trying to find my ex-wife. She has the remotes."
3335,516,9,38,112,159,1.3522012578616351,0.046481456694104126,638,Takes window washing to a whole new level.
4004,517,12,39,128,179,1.3519553072625698,0.04510667638136217,638,I think as long as I don't get too close to the sun everything will turn out all right.
3169,517,10,43,126,179,1.3519553072625698,0.04369291540853259,638,"I'm telling' ya, it's a shoo-in for the No-belt Prize."
1461,519,11,35,116,162,1.3518518518518519,0.047539104226508755,638,"So, what's up?"""
3290,520,7,37,101,145,1.3517241379310345,0.04747557799554802,638,"Still relying on your own shoulders to hold your pants up, I see."
3702,521,11,30,107,148,1.3513513513513513,0.050612051743206404,638,Look at me...droning on about my new suspenders!
4204,521,12,41,132,185,1.3513513513513513,0.044086951447793614,638,For only 20 bucks I'll erase the footage of you and 'what's her name' I took through your bedroom window.
5064,521,10,32,106,148,1.3513513513513513,0.04969558449500083,638,They just take such a weight off my shoulders.
5172,521,11,30,107,148,1.3513513513513513,0.050612051743206404,638,"And if they're not better than your regular suspenders, I'll return your forty-two hundred dollars."
162,525,16,28,127,171,1.3508771929824561,0.049402124945437505,638,Drones are way cooler than suspenders except when the batteries die and my pants fall off.
3076,526,11,33,113,157,1.3503184713375795,0.048550979585057524,638,"What I save on tolls, alone ..."
3194,527,14,28,118,160,1.35,0.0503134826948056,638,It's new. It's called Econo Lyft.
1382,527,10,36,114,160,1.35,0.04708482910742558,638,Where can I drop you?
4329,527,14,35,131,180,1.35,0.04625986565805642,638,I'm the husband 2.0 your wife ordered with Prime's 2-hour delivery.
4187,530,14,36,133,183,1.349726775956284,0.04571912713300958,638,"Not only do they hold up my pants, but the breeze is really quite delightful."
3147,531,15,20,108,143,1.3496503496503496,0.05548665570003547,638,"My wife has one remote control, my mother, the other!"
1482,532,13,32,121,166,1.3493975903614457,0.04823838659013313,638,"I just thought to myself, there has got to be a better way."
3435,533,14,31,124,169,1.349112426035503,0.048360834544419064,638,You go first.  If I step off the curb too quickly I get a wedgie.
316,534,14,32,126,172,1.3488372093023255,0.04775305068990309,638,The one on the right is the good one and on the left is the evil one.
4262,534,16,28,128,172,1.3488372093023255,0.04915641120140035,638,I just don't trust self-driving cars.
472,536,13,27,112,152,1.3486842105263157,0.05134973986630415,638,What makes you think she doesn’t trust me?
2157,537,15,31,129,175,1.3485714285714285,0.04785622379824812,638,"You were droning on about your suspenders and I thought, ""Now, there's an idea."""
4620,538,10,34,111,155,1.3483870967741935,0.04808311159896675,638,Putting my pants on one leg at a time was really slowing me down
1729,538,12,30,113,155,1.3483870967741935,0.04979518031056258,638,I see you're still wearing those old-fashioned suspenders.
4385,538,12,30,113,155,1.3483870967741935,0.04979518031056258,638,Free transportation to work is another Amazon benefit.
4582,541,14,27,117,158,1.3481012658227849,0.0507361078490826,638,Now I never use Uber.
2473,541,14,27,117,158,1.3481012658227849,0.0507361078490826,638,You have to suspend disbelief
4248,541,9,37,112,158,1.3481012658227849,0.04659425248092841,638,Forget about Uber—I can drop you off.
95,541,13,29,116,158,1.3481012658227849,0.049935227891642724,638,"...just like Lyft, but with an i"
1215,545,18,27,136,181,1.3480662983425415,0.04863761563994202,638,"Who needs Uber? I have ""Over."""
1520,545,9,45,127,181,1.3480662983425415,0.042580881476238,638,"Sure they’re fun, but sometimes they want to go in opposite directions."
4998,545,14,35,132,181,1.3480662983425415,0.046044198747709764,638,"Gotta fly, Frank. Sorry to drone on about my new job."
351,548,13,30,118,161,1.3478260869565217,0.04926546606262658,638,"They're just like your suspenders, but they also keep me cool."
1486,548,13,30,118,161,1.3478260869565217,0.04926546606262658,638,"No, they are for my hernia."
4079,548,13,30,118,161,1.3478260869565217,0.04926546606262658,638,Neat suspenders. Vintage?
466,551,13,31,120,164,1.3475609756097562,0.048618896652540926,638,Hi there. I’m Jeff Bezos. Are you a Prime member yet?
2323,552,13,32,122,167,1.347305389221557,0.047994287975501475,638,Ha! I bet you still floss your own teeth too.
4279,553,12,26,106,144,1.3472222222222223,0.05244548400191822,638,It's my new product line for helicopter parents.
275,554,13,33,124,170,1.3470588235294119,0.04739049495305723,638,"I'm fine, unless there's lightning."
3069,554,17,25,128,170,1.3470588235294119,0.050242547596562555,638,"So Timmy says ""Dad, can we please get drones, pleeeease? I promise I'll walk them - I promise!"""
4918,556,16,28,129,173,1.346820809248555,0.04891302400551533,638,Don’t just stand there — I’m being held up!
3215,557,15,31,130,176,1.3465909090909092,0.047624735246717675,638,I just put my pants on one drone at a time.
2343,558,15,32,132,179,1.3463687150837989,0.04704738190533849,638,Have you considered changing your long distance carrier?
1501,558,11,40,128,179,1.3463687150837989,0.044298683384444607,638,I'm your Uber.
3087,560,13,28,115,156,1.3461538461538463,0.0503534621043378,638,They're called upsenders.
1853,560,11,32,113,156,1.3461538461538463,0.04868310974060098,638,Can I give you a lift?
2546,560,10,34,112,156,1.3461538461538463,0.04782606180814604,638,My company just switched over to drone delivery for business trips. Saves a fortune on plane tickets.
1533,560,10,34,112,156,1.3461538461538463,0.04782606180814604,638,Keeps the pants up great but sitting down takes some getting used to.
4398,564,14,28,120,162,1.345679012345679,0.04978366484456014,638,"Honestly, as your friend, those suspenders make you look like a nerd."
3913,565,11,37,123,171,1.345029239766082,0.04567397471290442,638,"No, bird strikes are quite rare."
4018,565,13,33,125,171,1.345029239766082,0.047156238879747805,638,Just got the new double hip replacements. Never felt better in my life.
1189,567,11,38,125,174,1.3448275862068966,0.045130402170149186,638,It beats using a lawn chair and balloons.
362,568,12,28,111,151,1.3443708609271523,0.05064385243524546,638,"As I age, I have them fly higher."
2423,568,13,26,112,151,1.3443708609271523,0.0515082518654387,638,We didn’t name it Lyft for nothing
4375,570,15,23,116,154,1.344155844155844,0.05242596983399933,638,"Could I have my remote back, please?"
195,570,12,29,113,154,1.344155844155844,0.04993831194148001,638,It's the perfect combination of the practical and impractical.
4194,570,16,21,117,154,1.344155844155844,0.05322935985768589,638,They’re chastity suspenders with a live video feed to my wife.
4297,573,10,44,132,186,1.3440860215053763,0.04244027364651878,638,They keep my pants up and my enemies down.
3850,574,12,30,115,157,1.3439490445859872,0.049258237717456216,638,"Why? you ask? Well, to keep my pants up"
605,574,13,28,116,157,1.3439490445859872,0.050080268573137,638,My wife has two of them attached to her bra.
2624,576,12,31,117,160,1.34375,0.04860221916278278,638,Suspenders AND a belt? Big fashion faux pas.
1166,576,14,27,119,160,1.34375,0.050193708888163324,638,Back to the drawing board.  Liftoff gave me one hell of a wedgie.
1840,578,14,28,121,163,1.343558282208589,0.04952273016210273,638,They let me know if I am coming or going.
3385,578,13,30,120,163,1.343558282208589,0.048752030118442334,638,"Yeah, there are one or two disadvantages."""
3471,578,8,40,115,163,1.343558282208589,0.044699649109079774,638,How would you like to invest in a brand new start-up?
5322,581,17,34,147,198,1.3434343434343434,0.0449028487051122,638,Hi I'm George your ride for tonight.
4491,582,11,36,122,169,1.3431952662721893,0.04600658533824066,638,"Yes, I pride myself in being an early adopter."
196,583,10,27,100,137,1.3430656934306568,0.052254821398818804,638,They're a lot easier to walk than dogs.
2136,584,13,33,126,172,1.3430232558139534,0.04692417003864148,638,Have you been saved?
1150,585,12,36,127,175,1.3428571428571427,0.045640334273499394,638,Hi I'm your Uber driver
4770,586,6,49,123,178,1.3426966292134832,0.04066338181669024,638,I feel ten pounds lighter.
3353,587,14,34,133,181,1.3425414364640884,0.04594096050402882,638,It legitimizes the hovering parent label.
4627,587,13,36,132,181,1.3425414364640884,0.045267919079936755,638,Just swipe your Metro Card and we'll be in Brooklyn in no time
935,589,14,22,110,146,1.3424657534246576,0.05362473586937586,638,"That’s right, Uber Lite. Cmon gimme your hand!"
5004,589,14,22,110,146,1.3424657534246576,0.05362473586937586,638,I'm the new white house communication director
4864,591,16,31,137,184,1.3423913043478262,0.04669822562086332,638,Anything is better than my last parole officer.
2892,592,11,29,109,149,1.342281879194631,0.05018721713804252,638,Long run? It's cheaper than Uber.
404,593,12,28,112,152,1.3421052631578947,0.0503605535819841,638,"Since the cutbacks at the radio station, this is the only way I can report on traffic."
2196,594,10,33,112,155,1.3419354838709678,0.04794801478802911,638,Stop me if I drone on and on.
2487,595,15,24,119,158,1.3417721518987342,0.05140307593257131,638,They’re rescues
1190,595,13,28,117,158,1.3417721518987342,0.049809887624474684,638,It will be great once they fix the wedgie problem.
5061,597,13,29,119,161,1.3416149068322982,0.04914295762696268,638,They keep me in a state of suspension.
2467,597,13,29,119,161,1.3416149068322982,0.04914295762696268,638,Would you like  me to drop you off?
2432,597,12,31,118,161,1.3416149068322982,0.048346566918165496,638,Wait until I flip it into reverse.
4212,600,14,28,122,164,1.3414634146341464,0.049264396134413295,638,This is gonna revolutionize the wedgie !
4031,600,12,32,120,164,1.3414634146341464,0.0477215604136529,638,My wife makes sure I come straight home from work.
4872,600,12,32,120,164,1.3414634146341464,0.0477215604136529,638,"It requires a willing suspension of disbelief, too."
4914,603,11,35,121,167,1.341317365269461,0.046345763663193554,638,"What's with the face? They put my pants on one leg at a time, just like anybody else."
3383,604,9,41,123,173,1.3410404624277457,0.04372071167087783,638,"You asked for an Uber driver, didn't you?"" Hop on!"
1780,605,15,30,131,176,1.3409090909090908,0.04751809448435248,638,They're smart suspenders.
372,606,13,36,133,182,1.3406593406593406,0.04505783252089265,638,"I have cut my commute in half, but pigeons and flying insects are a problem."
3507,607,9,30,102,141,1.3404255319148937,0.05015658079621688,638,Best part is I can put my pants on both legs at a time.
3247,608,9,32,106,147,1.3401360544217686,0.048743984419576024,638,My wife got the Dachshunds.
5211,609,11,29,110,150,1.34,0.04990371041514956,638,"Of course there will be accidents, but far FEWER accidents than with conventional suspenders."
1737,610,11,30,112,153,1.3398692810457515,0.04921415356702184,638,You called for an Uber?
728,610,11,30,112,153,1.3398692810457515,0.04921415356702184,638,It's not loitering. It's hovering.
331,610,10,32,111,153,1.3398692810457515,0.0483325314804936,638,"Pretty fly, am I right?"
5205,613,18,17,121,156,1.3397435897435896,0.054185292239711746,638,They're great. Just don't accidentally attach it to your underwear.
553,614,11,32,116,159,1.3396226415094339,0.047908396423113474,638,"Oh, they wait outside the bathroom."
3707,614,10,34,115,159,1.3396226415094339,0.047070191755868004,638,I power up when I want to sing soprano.......
451,614,15,24,120,159,1.3396226415094339,0.05112397120171929,638,"Funny story, they were actually delivered by drone."
1811,617,10,35,117,162,1.3395061728395061,0.046471691882024824,638,It's hell when one goes left and the other goes right... but it keeps your pants up!
848,617,6,43,113,162,1.3395061728395061,0.04304524598572702,638,"I get the odd wedgie with fresh batteries, but otherwise its game over for belts and suspenders."
2371,619,11,34,120,165,1.3393939393939394,0.046691712498431605,638,"Well, you did ask for tech support."
4401,619,9,38,118,165,1.3393939393939394,0.04508099772655228,638,"Tip #1 remember to. charge them each night.
Tip #2 wear your good boxers ... just in case."
5160,619,11,34,120,165,1.3393939393939394,0.046691712498431605,638,"Trust me, I'll have you there in five minutes."
4384,619,14,28,123,165,1.3393939393939394,0.04900862685342619,638,"I’m Alex, your new Amazon friend. I come with free drone delivery."
3358,619,8,40,117,165,1.3393939393939394,0.044253661159434264,638,They’re taking me out for a walk.
247,624,8,42,121,171,1.3391812865497077,0.04323020409703907,638,You can't go viral dressed like that.
1539,624,15,28,128,171,1.3391812865497077,0.04848140564693309,638,I put my pants on one drone at a time like everyone else.
3737,626,11,37,126,174,1.339080459770115,0.04501391455915287,638,I’d say just be careful not to fly them too high because the wedgies can be unforgiving.
3860,626,13,33,128,174,1.339080459770115,0.04646648297482038,638,"Sure, they cost more than regular suspenders, but the lumbar support is incredible."
321,628,10,27,102,139,1.3381294964028776,0.05161751978664064,638,And facial recognition software anticipates when I need to drop trou for a bathroom break.
3166,628,15,17,107,139,1.3381294964028776,0.05644192078323345,638,You might want to rethink your wall.
1034,630,12,25,108,145,1.3379310344827586,0.05199164541562593,638,It was then that Mark knew it was time to move out of Silicon Valley.
3779,631,13,25,113,151,1.3377483443708609,0.051371836039421415,638,And they come in red.
2415,631,14,23,114,151,1.3377483443708609,0.052224187488286965,638,"Well, for one thing, they keep my pants up!"
847,633,11,31,115,157,1.3375796178343948,0.04828779959465598,638,"Okay, I’ll drop in tomorrow."
630,634,11,32,117,160,1.3375,0.04765532367127345,638,"It's a new taxi service called ""You-ber""."
1616,635,10,35,118,163,1.3374233128834356,0.04623265155504615,638,What do you think? Kickstarter or GoFundMe?
1255,635,12,31,120,163,1.3374233128834356,0.04784285520209022,638,Psssssst...You wanna get high?
4454,637,9,38,119,166,1.3373493975903614,0.04485522276104167,638,"So,Marv,you are telling me that everyone at work thinks I'm flying by the seat of my pants."
5286,638,14,29,126,169,1.3372781065088757,0.048131890895118074,638,Amazon Prime now delivers curbside assistance.
3852,638,11,35,123,169,1.3372781065088757,0.045884112574348566,638,FAA regulations require I warn you about the wedgies.
834,640,11,36,125,172,1.3372093023255813,0.04533218300235968,638,It’s a little tight in the groin... why do you ask?
2672,641,13,33,129,175,1.3371428571428572,0.046240810183104136,638,Amazon Call-A-Date has been delivered.
3095,642,11,38,129,178,1.3370786516853932,0.04428031789635045,638,"Yeah I know, but it's better than flying with American Airlines."
1896,642,14,32,132,178,1.3370786516853932,0.04638088473938688,638,Amazon wants their underwear back.
304,644,13,36,135,184,1.3369565217391304,0.04464316150292694,638,"I'm just like anybody else, I put my pants on with one drone at a time"
251,645,13,21,106,140,1.3357142857142856,0.05422604499100334,638,"No, they are just to hold my pants up."
4065,646,10,29,107,146,1.3356164383561644,0.0498248204336886,638,"They just take me right to the warehouse, so I don't have to waste my time waiting for my deliveries anymore."
2332,646,8,33,105,146,1.3356164383561644,0.0478911903033344,638,Skynet turned out more like my mom than I would have thought...
692,648,9,34,112,155,1.335483870967742,0.046922392097705524,638,I used to be a belt and suspenders guy
903,648,6,40,109,155,1.335483870967742,0.04416275963395738,638,"Of course it won't fly,but the cool breeze is awesome."
4947,648,9,34,112,155,1.335483870967742,0.046922392097705524,638,First time riding an Uber Upper?
2302,651,10,33,115,158,1.3354430379746836,0.0471819411589724,638,It's Elon Musk's new clothing line only sold in the break room at Tesla HQ.
2789,651,14,25,119,158,1.3354430379746836,0.05048403898127134,638,It's called Uber Wedgie.
2724,651,12,29,117,158,1.3354430379746836,0.048860893173330644,638,I ordered a velociraptor belt and they sent a quadrocopter suspender system instead. You get used to it.
2281,651,10,33,115,158,1.3354430379746836,0.0471819411589724,638,"And your shoes last longer, too."
2212,651,15,23,120,158,1.3354430379746836,0.05127634783158773,638,I asked Alexa to order a pair of suspenders.
1941,651,9,35,114,158,1.3354430379746836,0.046319649355811045,638,"I'm telling ya, it's worth it. No more knee pain."
663,651,15,23,120,158,1.3354430379746836,0.05127634783158773,638,I’m also a vegan
1165,651,12,29,117,158,1.3354430379746836,0.048860893173330644,638,"It's called fashion, Jim."""
3148,659,12,30,119,161,1.3354037267080745,0.048216723615863835,638,"Yes, battery outages can indeed be a bit revealing..."
4747,659,15,24,122,161,1.3354037267080745,0.050574417356080204,638,I dialed up Uber and these guys just showed up.
4303,661,11,35,124,170,1.3352941176470587,0.04565653462528092,638,I'm available with same-day delivery.
3266,661,12,33,125,170,1.3352941176470587,0.04641263619170703,638,You're old school. I love it!
4140,663,10,38,125,173,1.3352601156069364,0.044360291988099536,638,"Up is good. Down, not so much."
2570,663,15,28,130,173,1.3352601156069364,0.047998981040204315,638,"Ya, they do go in different directions. Watch this"
3834,665,14,32,133,179,1.335195530726257,0.046159473683601675,638,They're suspending my right to privacy.
3113,666,13,35,134,182,1.335164835164835,0.04494849792479853,638,The only downside? Urinals.
1675,667,13,37,138,188,1.3351063829787233,0.043943812411195056,638,"I might not be what you were expecting, but, yes, I am the angel of death."
2925,668,17,30,144,191,1.3350785340314135,0.04592965910624183,638,I find suspenders so pretentious.
2631,669,11,30,115,156,1.3333333333333333,0.04841006715135932,638,"Hey, you want to see some pictures of your wife sunbathing?"
2975,669,9,41,127,177,1.3333333333333333,0.042900329615473194,638,The only drawback is when people are standing next to me at  the urinal.
4318,669,12,27,114,153,1.3333333333333333,0.049939764198077816,638,Your no fly zone is down.
2537,669,18,19,128,165,1.3333333333333333,0.05182075347067563,638,"It takes a while to get used to the wedgy, but it sure beats a vasectomy!"
4523,669,11,27,109,147,1.3333333333333333,0.05046917451763784,638,"How cool is this, Nick? Now I can record reality and watch it when I've got time."
4501,669,8,42,124,174,1.3333333333333333,0.0426151107023978,638,They also make you ten pounds lighter!
2170,669,9,33,111,153,1.3333333333333333,0.047286172525835744,638,Suspenders AND air conditioning
4988,669,10,33,116,159,1.3333333333333333,0.046931702716822656,638,Amazon customer service...joe can I help you?
4826,669,16,27,134,177,1.3333333333333333,0.047852352385548184,638,"You could wait for an uber, but I'm trying Amazon Prime's new service."
2080,669,9,34,113,156,1.3333333333333333,0.04667021137429671,638,My drones still put on my pants one leg at a time.
591,669,11,32,119,162,1.3333333333333333,0.0471567158201698,638,It works if you can suspend disbelief.
1367,669,14,27,124,165,1.3333333333333333,0.048885081264522574,638,I see you’re still wearing suspenders.
826,669,13,31,127,171,1.3333333333333333,0.04692102287185246,638,"It's a little awkward in elevators..."""
652,669,13,30,125,168,1.3333333333333333,0.047511998294545346,638,It's the only way I can get up.
645,669,12,24,108,144,1.3333333333333333,0.05214885156456199,638,"No, they can't lift me off the ground. They're just holding my pants up."
1514,669,13,25,115,153,1.3333333333333333,0.05079349722321863,638,"Well yes, the men’s room is a problem."
3549,669,14,30,130,174,1.3333333333333333,0.047060517087143136,638,"Since the affair, I’m not allowed to leave home without them!"
5277,669,12,28,116,156,1.3333333333333333,0.049256954712384636,638,Pull my finger.
1763,687,11,44,144,199,1.3316582914572865,0.04096153856159961,638,"I’d love to chat, but I’ve gotta take off."
1560,688,17,26,138,181,1.3314917127071824,0.04769406327958349,638,"The ones my wife uses lift AND
 separate!"
1224,688,10,40,131,181,1.3314917127071824,0.042953605118565746,638,You're still walking to get around? How quaint.
1971,690,14,31,133,178,1.3314606741573034,0.04626733093706166,638,I always thought the no drones after Labor Day rule was a little silly.
1286,691,12,34,129,175,1.3314285714285714,0.045405360120326976,638,You should see my bathing suit.
190,691,12,34,129,175,1.3314285714285714,0.045405360120326976,638,We're disrupting the suspender sector.
3132,693,10,37,125,172,1.3313953488372092,0.04444929704768596,638,You're telling me they just stay up without drones?
3441,694,11,34,124,169,1.331360946745562,0.045756757535697745,638,"They work great, but I don’t recommend the underwear model."
2219,694,12,32,125,169,1.331360946745562,0.04652013798684736,638,It’s like the ‘Uber’ of suspenders.
2745,696,11,33,122,166,1.3313253012048192,0.046324217533713456,638,"Why do I wear drone suspenders?
To keep my pants up."
1574,697,12,30,121,163,1.3312883435582823,0.047711558812807406,638,My therapist said I had too much on my shoulders.
4509,698,7,39,114,160,1.33125,0.04408563974896443,638,Third floor?
755,699,13,26,118,157,1.3312101910828025,0.04981472699214466,638,"It's less dumb that Google Glass, that's for sure."
1471,699,15,22,120,157,1.3312101910828025,0.05142786851463047,638,Revolving doors have been an issue.
2135,699,9,34,114,157,1.3312101910828025,0.04642057470550615,638,You just refuse to acknowledge how technology can simplify your life.
1352,699,12,28,117,157,1.3312101910828025,0.04898824050702167,638,I only wear FAA-approved suspenders.
3033,699,9,34,114,157,1.3312101910828025,0.04642057470550615,638,"Major weggies, but it sure beats the subway."
4884,704,10,31,113,154,1.3311688311688312,0.04792192494941873,638,"And then I thought, 'It's about time someone tried to disrupt the suspender industry.'"
829,704,11,29,114,154,1.3311688311688312,0.048799521807916676,638,"nah, they just keep my pants up."
1211,704,12,27,115,154,1.3311688311688312,0.049661612604756905,638,"Yeah, I know, but they were really irritating my shoulders."
5165,707,11,28,112,151,1.3311258278145695,0.049475709744418776,638,Amazon Prime is amazing! They even put on the pants for you!
2577,708,11,26,108,145,1.3310344827586207,0.05090669514431852,638,My voice is slightly higher than normal due to the fresh batteries
4040,709,10,23,97,130,1.3307692307692307,0.05393127270081415,638,"It beats waiting at signals, but I'm still working on getting through  tunnels."
3425,710,15,30,137,182,1.3296703296703296,0.046169455368932126,638,Do YOU think I drone on and on?
2969,711,16,27,136,179,1.329608938547486,0.04738900905485234,638,They keep me in suspense.
1322,712,14,29,130,173,1.329479768786127,0.04717437726690115,638,"Yes, I do always have a wedgie"
1650,713,8,40,122,170,1.3294117647058823,0.04317415544570702,638,...and I feel twenty pounds lighter.
2264,713,10,36,124,170,1.3294117647058823,0.04475751319050946,638,They came with the pants.
421,713,12,32,126,170,1.3294117647058823,0.04628673973771737,638,They came with the glasses.
488,716,13,29,125,167,1.3293413173652695,0.04762834510883663,638,"It's not cool yet, but when it is, I'll stop doing it"
468,717,10,34,120,164,1.329268292682927,0.045859341069915356,638,My bully outsourced his wedgies.
2746,717,14,26,124,164,1.329268292682927,0.04901373235855203,638,"Silly, but it sure beats calling lyft."
495,719,16,21,124,161,1.329192546583851,0.051209287355459585,638,Just wait 'til you see how I use the toilet.
5256,719,12,29,120,161,1.329192546583851,0.04808151521367492,638,"Hey, I do it just like you - one leg at a time."
2828,719,16,21,124,161,1.329192546583851,0.051209287355459585,638,"Do you believe in Jeff Bezos, our Lord and Savior?"
2521,722,13,25,117,155,1.3290322580645162,0.05022753207733995,638,"Hey buddy, can you spare a lithium battery?"
2119,722,8,35,112,155,1.3290322580645162,0.04586795260062676,638,My voice might be higher but the pants sure stay put.
5134,722,12,27,116,155,1.3290322580645162,0.04938641309124241,638,"They call it suspender animation."""
1823,722,11,29,115,155,1.3290322580645162,0.0485307182870547,638,"Hi, Daryl? I'm your Uber Driver."
3583,726,12,26,114,152,1.3289473684210527,0.05007515769017118,638,You won't believe what happens when I have to use the toilet.
2117,726,11,28,113,152,1.3289473684210527,0.049197388568447756,638,This is what they meant when they said they were suspending the drone program!
2322,728,10,26,104,140,1.3285714285714285,0.051135972482112636,638,What did you think I meant by 'Let's get totally high off our asses on the nearest street corner'?
5028,729,8,28,98,134,1.328358208955224,0.05055645847511103,638,I needed something uplifting after the recent election season.
853,730,12,39,141,192,1.328125,0.04252864660517735,638,So I was shopping for a belt when I spotted this electronics store...
4043,731,15,30,138,183,1.3278688524590163,0.0459517959492941,638,Do these drones make me look fat?
3858,732,14,31,135,180,1.3277777777777777,0.04582545593761697,638,I have a helicopter wife.
3769,733,12,32,127,171,1.327485380116959,0.04605556638258975,638,Silicon Valet
3663,733,13,30,128,171,1.327485380116959,0.04679652384980678,638,"...""and then she accused me of droning on, and on..."""
428,733,16,24,131,171,1.327485380116959,0.048952150036936516,638,They were court ordered after I mooned my old frat house.
1746,736,11,33,124,168,1.3273809523809523,0.045855477562270736,638,It's a huge weight off my shoulders.
1362,736,12,31,125,168,1.3273809523809523,0.04662628895691385,638,"""The ladies definitely notice."""
791,736,11,33,124,168,1.3273809523809523,0.045855477562270736,638,Suspendered animation
1902,739,7,40,118,165,1.3272727272727274,0.04312586330734917,638,I heard there is a delivery position open at Amazon.
3292,739,12,30,123,165,1.3272727272727274,0.04721640854661778,638,And  it’s way faster than the Long Island Expressway......
3371,739,10,34,121,165,1.3272727272727274,0.04562422137446664,638,They hold up my pants and my flagging sense of self-importance.
41,739,9,36,120,165,1.3272727272727274,0.04480691627437607,638,"It takes a little longer to go through TSA screening, but it's worth it."
613,743,7,39,116,162,1.3271604938271604,0.04363500917886272,638,"I mean, your suspenders have that classic look....so, that’s cool."
1641,743,10,33,119,162,1.3271604938271604,0.046195862740552984,638,Amazon does same-day friend delivery now.
1515,743,10,33,119,162,1.3271604938271604,0.046195862740552984,638,I was a Walmart greeter til Amazon snatched me up.
4208,743,14,25,123,162,1.3271604938271604,0.049404277939770716,638,Keeps me in suspense!
1075,743,11,31,120,162,1.3271604938271604,0.0470184960461895,638,"I swear, success hasn't changed me. I put my pants on one leg at a time, just like you."
4831,748,12,28,119,159,1.3270440251572326,0.04845914545711879,638,Did you order an Amazon escort?
1802,749,10,31,115,156,1.3269230769230769,0.047400116163145614,638,This way I can keep my pants up AND spy on my neighbors.
2962,750,11,28,114,153,1.326797385620915,0.04892204486714798,638,"When they’re not holding up my pants, they’re hunting down terrorists."
1623,751,11,26,110,147,1.3265306122448979,0.050311919899315355,638,"Well Gary, a wedgie is a small price to pay for living in the 21st century."
5166,752,11,38,135,184,1.326086956521739,0.04306047791096143,638,"It’s a little tight in certain spots, but I’ll never be caught with my pants down."
1691,753,17,25,139,181,1.3259668508287292,0.0475837137671268,638,"It's called Dryft. You'll want to avoid it's competitor, Dröpt."
973,754,10,38,130,178,1.3258426966292134,0.04331130149902055,638,Hi! I'm your Uber driver. Hang onto my hand.
4047,755,7,43,125,175,1.3257142857142856,0.041496744768877034,638,I don't mind the wedgie because it shaved at least 35 minutes off my commute.
5263,755,13,31,131,175,1.3257142857142856,0.046000744519671226,638,"I am going to nail that 
falsetto at any cost!"
5229,757,16,24,132,172,1.3255813953488371,0.04870394282461576,638,I rolled up my sleeves to go with a more casual look.
2976,757,12,32,128,172,1.3255813953488371,0.045826588599262245,638,Suspend Disbelief.
1045,757,13,30,129,172,1.3255813953488371,0.04656259956929364,638,"Hey, Buddy can you spare 20 double A batteries?"
1465,757,11,34,127,172,1.3255813953488371,0.045078562162536646,638,Actually keeping my pants up is secondary to the constant breeze.
1657,761,8,39,122,169,1.3254437869822486,0.04324657189207239,638,"And best of all, I don't have to deal with traffic anymore"
1171,761,12,31,126,169,1.3254437869822486,0.04639003656988135,638,Sir! Would you like a demonstration of the Apple iWedge?
529,761,10,35,124,169,1.3254437869822486,0.044845855289932395,638,my tesla is in the shop
5104,764,9,36,121,166,1.3253012048192772,0.04457979335040287,638,"One by one the humans all became puppets of Amazon, some figuratively others literally."
226,764,9,36,121,166,1.3253012048192772,0.04457979335040287,638,I call them suspendromes.
4571,766,12,29,122,163,1.3251533742331287,0.04757501686820514,638,It's rude to stare at them directly.
920,767,8,35,114,157,1.3248407643312101,0.04537804663681654,638,"Finally, I can slam-dunk."
941,767,13,25,119,157,1.3248407643312101,0.04967357147632564,638,". . . but, oy, the wedgies."
2033,769,15,20,119,154,1.3246753246753247,0.052022271062057604,638,"Google 'suspension britches' and enter coupon code, 'alto.'"
3035,770,11,27,113,151,1.3245033112582782,0.04932181913913976,638,"It's true my pants won't stay up for a couple days after a software upgrade, but that's a small price to pay for the convenience."
4282,770,8,33,110,151,1.3245033112582782,0.04655900751672395,638,"Works for bra straps, too. I ordered my wife a set for Christmas."
2427,772,10,28,110,148,1.3243243243243243,0.049091972001957924,638,"The nice thing is, when you step on the scale, your 35 pounds lighter"""
4330,772,9,30,109,148,1.3243243243243243,0.048146578815984276,638,Could you speak a little louder”
3003,772,13,22,113,148,1.3243243243243243,0.051824778871816954,638,"Unlike yours, mine hold my pants up, drop them down and email selfies."
2514,775,10,27,108,145,1.3241379310344827,0.049791479579978114,638,All you need is a note from your Chiropractor.
2257,775,11,25,109,145,1.3241379310344827,0.05074423001067613,638,"It's like Uber, for pants."
1423,777,12,34,133,179,1.324022346368715,0.044539471051341824,638,I am NOT 'a kid'—I'm a full-drone man.
369,778,16,25,135,176,1.3238636363636365,0.04785658116994035,638,Do you think the belt is too much?
790,779,9,27,103,139,1.3237410071942446,0.05024787617783062,638,I'm guaranteed next day delivery on Amazon Prime.
20,779,12,21,106,139,1.3237410071942446,0.05326952509689321,638,We make them for socks and brassieres too.
4727,781,9,38,126,173,1.323699421965318,0.043332432464046874,638,Analog suspenders are so 2017.
1164,782,8,39,123,170,1.3235294117647058,0.04303402936872585,638,"These are my new drone suspenders. Pants stay up, shoulders don't hurt and I can sing tenor now!"
2266,782,13,29,128,170,1.3235294117647058,0.04690411394621742,638,You just have to suspend your disbelief.
1134,782,15,25,130,170,1.3235294117647058,0.04836551657563789,638,I put my pants on like anyone else... one drone at a time!
2129,782,10,35,125,170,1.3235294117647058,0.04462235955501362,638,Behold: suspension of disbelief.
1806,786,12,30,125,167,1.3233532934131738,0.046730998709373466,638,Luddite.
3239,786,10,34,123,167,1.3233532934131738,0.04516078505285336,638,"Hi, Tim! We at Amazon are taking personal customer service to a new level!"
3910,788,14,25,125,164,1.3231707317073171,0.04888091935768433,638,"No belts, no suspenders, and I can leap tall buildings in a single bound."
523,788,11,31,122,164,1.3231707317073171,0.04652842335595233,638,You haven’t really had a wedgie until you’ve tried this.
2271,790,13,26,122,161,1.3229813664596273,0.048743915428576375,638,Well you told me to buzz off.
2833,790,9,34,118,161,1.3229813664596273,0.04544678520090311,638,"I have to tell you, buddy, I like your retro-chic."
3829,790,9,34,118,161,1.3229813664596273,0.04544678520090311,638,And when the battery light goes red I just aim for the Hudson...
0,793,11,29,118,158,1.3227848101265822,0.04774102662256087,638,I’m from Amazon.
2354,794,17,27,145,189,1.3227513227513228,0.04603866820100472,638,"No, the only problem is when I have to use the toilet."
1638,795,7,36,112,155,1.3225806451612903,0.04478266080661836,638,"Yeah, I ‘ve convinced many that I can actually fly, but you know mostly they just keep my pants up."
1450,796,16,27,140,183,1.3224043715846994,0.04648780891507811,638,...And they come free with my Amazon Prime.
4653,797,10,29,113,152,1.3223684210526316,0.048146160577332814,638,"What can I say, they delivered my Amazon order and I just fell in love with them."
12,797,11,27,114,152,1.3223684210526316,0.049042748231303196,638,Belt and ascenders!
2656,799,11,36,133,180,1.3222222222222222,0.04362212574454302,638,I can't stress this enough...no thongs.
586,799,11,36,133,180,1.3222222222222222,0.04362212574454302,638,The guy at the store said they'll make me look taller.
3071,801,14,28,132,174,1.3218390804597702,0.046816467816731495,638,Watch me cross when the DONT WALK light comes in”
2140,802,10,34,124,168,1.3214285714285714,0.04493240858213019,638,"I'll admit, it gets a little awkward when the batteries run out."
3044,802,10,34,124,168,1.3214285714285714,0.04493240858213019,638,"It’s tricky, but I try to turn them off just as I open the door to the stall."
816,802,11,32,125,168,1.3214285714285714,0.045718785421544166,638,Can you speak up? My suspenders are really loud.
5327,802,9,36,123,168,1.3214285714285714,0.04413202172529347,638,I'm from the Amazon help desk.
3099,802,11,32,125,168,1.3214285714285714,0.045718785421544166,638,Can *your* suspenders take a continuous aerial selfie? I thought not.
4928,807,12,29,124,165,1.3212121212121213,0.047078647213937314,638,It's the latest in smart suspenders.
2189,807,12,29,124,165,1.3212121212121213,0.047078647213937314,638,Did you call for the Lyft?
1771,807,10,33,122,165,1.3212121212121213,0.04548163765168957,638,I could just drone on and on about how great these are!
93,807,9,35,121,165,1.3212121212121213,0.044661723359854744,638,"They give me a wedgie, but it's cheaper than Uber."
4836,811,15,22,125,162,1.3209876543209877,0.05003972119615912,638,"Suspenders work, but they really look stupid."
2952,811,10,32,120,162,1.3209876543209877,0.0460496201600155,638,All Bob kept thinking while Bill spoke was “Geez he drones on and on.”
870,813,11,29,119,159,1.320754716981132,0.047483235441954395,638,"Suspenders by Amazon, they really deliver!"
714,813,11,29,119,159,1.320754716981132,0.047483235441954395,638,Go ahead! Wait for the cross-town bus if you want to!
2367,815,11,28,117,156,1.3205128205128205,0.04811344077687164,638,So what's got YOUR panties in a bunch?
3190,815,13,24,119,156,1.3205128205128205,0.04980290308071528,638,We don't see Uber and Lyft as direct competitors.
3053,817,18,22,141,181,1.3204419889502763,0.048111788131171764,638,"Hi, I'm a sex offender, but it's under control."
2443,818,9,31,113,153,1.3202614379084967,0.04697011284630677,638,Nice suspenders Grandpa!
1970,818,10,29,114,153,1.3202614379084967,0.04787682960264073,638,"No more posting. It's just one, long livestream."
1687,818,8,33,112,153,1.3202614379084967,0.04604554472247329,638,"I need FAA clearance to get within five miles of the airport, but otherwise they work great!"
4945,821,13,31,134,178,1.3202247191011236,0.045332934368554345,638,Google Belt.
4742,822,13,30,132,175,1.32,0.0458741048690538,638,Welcome to Uber 2.0.  Hold on tight.
1428,822,5,38,107,150,1.32,0.043678713094923424,638,'... and they double up as hairdryers!'
4335,822,8,40,127,175,1.32,0.042142926720601596,638,Plus they make climbing back up to my apartment a breeze.
5207,822,13,22,115,150,1.32,0.05122219876706229,638,Never get caught with your pants down!
8,822,11,26,113,150,1.32,0.04944433970948026,638,"It's like Uber, but for imbeciles."
4455,822,15,18,117,150,1.32,0.05294038688712417,638,"Hi, I'm your Uber... better hold on tight!"
722,822,9,30,111,150,1.32,0.04760012407631451,638,"They can't take me off the ground, but the humming lifts my spirits."
3149,829,9,37,126,172,1.319767441860465,0.04340529704497411,638,Quick! Call tech support! Too... much... lift...
3680,829,8,39,125,172,1.319767441860465,0.04261479033807496,638,With a little bit of luck I will rise above the fray.
3648,829,11,33,128,172,1.319767441860465,0.044944618405000865,638,It's the new Lyft. Literally.
1849,832,8,31,108,147,1.3197278911564625,0.047278358467382736,638,"The thing is, Jer, I don't put my pants on one leg at a time."
583,832,10,27,110,147,1.3197278911564625,0.049209949193241884,638,It's free shipping on orders over 140 pounds.
4323,834,16,30,148,194,1.3195876288659794,0.0445123159268447,638,"Drone up, dude. Those ""suspenders"" are so 2017."
2623,835,9,36,124,169,1.319526627218935,0.04391131738384708,638,"Only problem is they only use ""Apple"" chargers."
802,835,9,36,124,169,1.319526627218935,0.04391131738384708,638,Because saggy pants would be distracting.
753,835,11,32,126,169,1.319526627218935,0.04548723502977865,638,It's way cooler than a belt.
4010,835,10,34,125,169,1.319526627218935,0.04470622073626484,638,Since I got these I'm six inches taller and I've stopped doing stuff I might need to deny someday.
1009,839,8,30,106,144,1.3194444444444444,0.047929931555813904,638,Wanna get high?
1218,839,7,32,105,144,1.3194444444444444,0.04690579113307767,638,Then who has the remote?
3108,839,14,18,112,144,1.3194444444444444,0.05366590092130745,638,"The best part is, I avoid the security lines and TSA."
4845,842,8,37,121,166,1.319277108433735,0.04360461322776577,638,"Farewell, erectile dysfunction."
3286,842,9,35,122,166,1.319277108433735,0.04443401450320272,638,Sorry -- that look tells me I've been droning on and on...
4745,842,12,29,125,166,1.319277108433735,0.046834172302435126,638,"... but when I gotta go, they gotta go."
1739,845,12,21,108,141,1.3191489361702127,0.05261081221500013,638,"Starting next spring, Amazon will start to transport people as part of the Prime membership."
4342,845,8,29,104,141,1.3191489361702127,0.04860688296473179,638,This is just so much easier than calling an Uber.
1101,847,10,32,121,163,1.3190184049079754,0.04580858245783624,638,What do you mean you 'walked'?
461,847,12,28,123,163,1.3190184049079754,0.04743318406847935,638,Suspendairs are the new iPhone
1028,849,13,33,139,185,1.318918918918919,0.04409415460958463,638,I got tired of waiting for the flying car to be invented.
1685,850,10,24,104,138,1.318840579710145,0.0514113794009978,638,"These are the top of the line suspenders....I just can't wear them near an airport."""
5026,851,9,33,118,160,1.31875,0.04553307164257147,638,Guess who has two drones and no dates.
203,852,10,38,134,182,1.3186813186813187,0.04250535524888666,638,They were a Father's Day gift.
5412,853,9,25,101,135,1.3185185185185184,0.051136180871512386,638,"Well no, it’s not entirely practical."
1098,854,7,36,114,157,1.3184713375796178,0.04430512785351613,638,"To tell the truth, they're my wife's idea. Something about keeping an eye on things."
2078,855,14,29,136,179,1.318435754189944,0.04580485019513703,638,Why drive when you can fly by the seat of your pants?! Literally.
2272,856,10,29,115,154,1.3181818181818181,0.04761036566918319,638,I'm a god on Instagram.
252,857,10,35,128,173,1.3179190751445087,0.04396440640277733,638,It's the next Uber.
3628,857,11,33,129,173,1.3179190751445087,0.04472228041451216,638,I’m your new Amazon delivery man.
4860,857,13,29,131,173,1.3179190751445087,0.04620074713384661,638,"Yes, it’s no frills, but it’s the cheapest way to fly."
2213,857,13,29,131,173,1.3179190751445087,0.04620074713384661,638,They come in especially handy when I'm on the scales at Weight Watchers.
2132,857,10,35,128,173,1.3179190751445087,0.04396440640277733,638,The salesman kept hovering and then said OK buy one and get one free!
2215,857,11,33,129,173,1.3179190751445087,0.04472228041451216,638,Yeah but they don’t help when your fly’s undone.
325,857,10,35,128,173,1.3179190751445087,0.04396440640277733,638,Can I borrow your charger?
1679,864,7,34,110,151,1.3178807947019868,0.045427438613661636,638,To hold my pants up.
513,864,7,34,110,151,1.3178807947019868,0.045427438613661636,638,I find it very up lifting.
2834,864,13,22,116,151,1.3178807947019868,0.05092596099732736,638,"No, I don’t pull my pants up like everyone else."
4578,864,12,24,115,151,1.3178807947019868,0.050051506298519684,638,"You ordered something tall, dark and handsome?  Amazon provides."
4590,868,11,32,127,170,1.3176470588235294,0.045257917647239784,638,"My wife got tired of my cheating, so she designed this. This way she knows my pants are staying on, and all she has to do is hit the ""return to base"" button, and she's got me running home."
291,868,9,36,125,170,1.3176470588235294,0.04369269757311607,638,"Yes, but it’s not easy going to a rest room."
4320,868,13,28,129,170,1.3176470588235294,0.04677078573546625,638,I’m taking selfies to the next level.
1556,871,10,27,111,148,1.3175675675675675,0.04892403821418605,638,"Now my pants stay up, and I always know where my drones are."
3734,871,7,33,108,148,1.3175675675675675,0.04601929513922864,638,And I don’t even have to pay for haircuts anymore either
4871,871,7,33,108,148,1.3175675675675675,0.04601929513922864,638,I felt that plain suspenders no longer projected enough quirkiness.
214,871,8,31,109,148,1.3175675675675675,0.047007490769755696,638,Nice to meet you. I'm your Amazon Prime customer service agent.
339,871,9,29,110,148,1.3175675675675675,0.047975335869860275,638,"Landings are fine, but during take offs I keep getting a wedgie"
1681,876,11,31,125,167,1.3173652694610778,0.045811365595815993,638,You should see my tie rack.
3945,876,12,29,126,167,1.3173652694610778,0.04659212470628737,638,"Yeah, they literally take off ten pounds, but tend to ride up a little."
4411,878,6,34,105,145,1.3172413793103448,0.045594674644364834,638,It’s a way to become Superman without actually becoming a bird or plane
3377,878,10,26,109,145,1.3172413793103448,0.04961870734287214,638,Love the retro look!
3041,880,12,35,139,186,1.3172043010752688,0.043222741168943556,638,"I'm the writer, director, star, and cinematographer."
5168,881,9,40,134,183,1.3169398907103824,0.04159258519906689,638,"Yeah, but suspenders look so dorky."
3683,882,13,25,123,161,1.3167701863354038,0.04860025196785577,638,What do you think of my new shoes?
5254,882,12,27,122,161,1.3167701863354038,0.047794819173068055,638,"The suspense is killing you, right?"
3828,884,11,35,134,180,1.3166666666666667,0.04349347290086495,638,First time with Uber?
5241,884,13,31,136,180,1.3166666666666667,0.04489798077686624,638,And the only time my pants fall is when the battery dies!
2198,886,14,16,109,139,1.316546762589928,0.05502198233990883,638,The court ordered it after the unfortunate incident at the preschool
57,887,10,30,118,158,1.3164556962025316,0.046733678783509286,638,They’re emotional support for my trousers
4632,887,10,30,118,158,1.3164556962025316,0.046733678783509286,638,It's Amazon Prime's new delivery service - takes you right to your door!
1449,887,9,32,117,158,1.3164556962025316,0.04586295975574165,638,I got tired of waiting for my jetpack.
1440,887,9,32,117,158,1.3164556962025316,0.04586295975574165,638,You should try it. It's really uplifting.
3065,891,10,29,116,155,1.3161290322580645,0.047346726411212244,638,"I can't get the tech to work, but it does keep the mosquitoes away."
5193,891,13,23,119,155,1.3161290322580645,0.04993069239998886,638,I'm your Lyft.
2698,891,9,31,115,155,1.3161290322580645,0.04645347480325674,638,I'm sorry for droning on.
2587,894,11,33,130,174,1.3160919540229885,0.04450203685889274,638,I got tired of waiting for the walk signal
1110,895,11,32,128,171,1.3157894736842106,0.045030803362789334,638,Works great now but I flashed my in-laws during Beta testing.
659,895,13,28,130,171,1.3157894736842106,0.04653355940294065,638,"My every move is being documented and automatically posted on social media, saving me tons of time to do more stuff to put on social media."
5058,895,11,32,128,171,1.3157894736842106,0.045030803362789334,638,"Not only do I feel lighter on my feet, but it keeps the flies away too."
3981,895,6,36,110,152,1.3157894736842106,0.044201064565369964,638,"Personally,I find the latest advances in drone technology uplifting."
1722,895,10,28,114,152,1.3157894736842106,0.04798215930608697,638,"Well, looks like I gotta fly."
515,900,12,35,140,187,1.3155080213903743,0.04302443390679365,638,"I put my pants on one leg at a time, just like everyone else. Why do you ask?"
106,901,7,39,122,168,1.3154761904761905,0.04233345649996533,638,They also keep my pants up.
47,901,14,25,129,168,1.3154761904761905,0.04786568222894604,638,You should see my invention for E.D.
198,903,10,27,112,149,1.3154362416107384,0.048641296477702066,638,"If it malfunctions, I get a killer wedgie."
4299,903,9,29,111,149,1.3154362416107384,0.04769990567563531,638,I’m a Prime example of a helicopter parent.
70,905,10,38,136,184,1.315217391304348,0.04211297839344658,638,"After a few days, you barely notice you're wearing them."
480,905,13,32,139,184,1.315217391304348,0.044177964449424616,638,Need anything from Amazon while I'm there?
5269,905,14,30,140,184,1.315217391304348,0.044845167790266996,638,"The best part is, for every pair you buy, a needy child gets a free abacus."
5332,905,12,34,138,184,1.315217391304348,0.04350052886634885,638,What does it look like I'm doing? I'm preparing for takeoff!
2552,909,8,36,121,165,1.3151515151515152,0.0436728926515564,638,My eyes are down here!
4516,909,6,40,119,165,1.3151515151515152,0.04194641692134844,638,The algorithm must have sent me to the wrong address.
1607,909,10,32,123,165,1.3151515151515152,0.04533366533349307,638,This isn't another one of my fly-by-night schemes.
3272,909,12,28,125,165,1.3151515151515152,0.04693570999339344,638,I'm much less likely to be pulled over for driving while black.
437,913,14,29,138,181,1.3149171270718232,0.04536521322343179,638,The only problem is they are voice activated and mine changes when I take off.
3302,914,12,27,123,162,1.3148148148148149,0.047539104226508755,638,Sorry if I'm droning on...
4967,914,13,25,124,162,1.3148148148148149,0.04833888359033945,638,"My new Dronespenders replace my belt, selfie stick, and GoPro. If I reel them in, they also replace my barber!"
64,914,10,31,121,162,1.3148148148148149,0.04589775548385575,638,"I'll show you, just say ""release the drones""."
5221,914,10,31,121,162,1.3148148148148149,0.04589775548385575,638,A parachute’s included in case it works too well.
2621,918,10,25,108,143,1.3146853146853146,0.050036508309944244,638,"Sorry, I don't do windows."
3005,918,6,33,104,143,1.3146853146853146,0.04593125231139446,638,The job description just said flexible with ability to keep several balls in the air.
1531,920,11,34,133,178,1.3146067415730338,0.043778128671605236,638,The only downside is trouser turbulence.
4479,920,14,28,136,178,1.3146067415730338,0.045901682607438925,638,"They put the ""suspend"" in suspenders."
5314,922,13,24,122,159,1.3144654088050314,0.048983265551674905,638,It's by court order...
4371,922,8,34,117,159,1.3144654088050314,0.04473592320055395,638,The name's Wright. Orville Wright.
2023,922,6,38,115,159,1.3144654088050314,0.04291945750828924,638,This new version is 99.99% wedgie-free.
458,922,15,20,124,159,1.3144654088050314,0.050582440588665914,638,"They've eliminated thousands of parole officer jobs, so I'm under video surveillance."
2511,922,10,30,119,159,1.3144654088050314,0.046481456694104126,638,You're just upset because you didn't think of it first.
4957,927,8,39,128,175,1.3142857142857143,0.04200018989490487,638,Maybe you're right. The suspenders would have been cheaper.
797,928,10,29,117,156,1.314102564102564,0.04708587018600659,638,Helicopter parenting is so 2017.
2386,928,7,35,114,156,1.314102564102564,0.044372741783183595,638,"As you can see, I don't need a Lyft."
2579,928,9,31,116,156,1.314102564102564,0.046199201131996555,638,Do you put your pants on one drone at a time?
4905,928,16,17,123,156,1.314102564102564,0.05208989428676371,638,You might want to get one for your fly.
3080,928,12,25,119,156,1.314102564102564,0.04881091213090623,638,"Hello, my name is Elon. It's nice to meet you."
3866,928,15,19,122,156,1.314102564102564,0.051289805038305866,638,Stop me if I'm droning on.
94,928,10,29,117,156,1.314102564102564,0.04708587018600659,638,"Hey buddy, can you spare a battery?"
497,928,5,39,112,156,1.314102564102564,0.04246780240934892,638,"The good news, it cuts my commute time in half. The bad news, my hair is always a mess."
1441,936,13,28,131,172,1.313953488372093,0.04629864195454184,638,And you said it would never take off
4106,936,14,26,132,172,1.313953488372093,0.0470272655258544,638,I always felt so self -conscious wearing suspenders....
3175,936,8,38,126,172,1.313953488372093,0.04246842317314245,638,My cape's at the cleaners
5330,939,12,24,117,153,1.3137254901960784,0.04948182495247411,638,The only downside is undoing the fly.
4585,939,9,30,114,153,1.3137254901960784,0.04680227627595454,638,"50 cents for the first 1/5 mile, 25 cents each 1/5 mile thereafter."
1392,941,9,35,125,169,1.3136094674556213,0.04376393962400437,638,I'm on neighborhood watch recon tonight...  Wish me luck...
3381,941,8,37,124,169,1.3136094674556213,0.0429516010560586,638,I'm recording my entire life from all angles.
3185,943,12,34,139,185,1.3135135135135134,0.04329829046276684,638,"Well, they are less pretentious than suspenders."
3546,944,12,23,115,150,1.3133333333333332,0.05017790869005088,638,"Hi, I’m Harold. Amazon sent me in response to you ad in Personals."
776,945,10,32,124,166,1.3132530120481927,0.04509972049915211,638,"You're right, it is still just belt and suspenders"
5002,945,9,34,123,166,1.3132530120481927,0.04428278942178166,638,"You know, at first I didn't like it when they started to follow me home, but now I really feel we built a connection."
5376,945,10,32,124,166,1.3132530120481927,0.04509972049915211,638,"Trust me, they work! They're called ""suspenders of disbelief."""
2508,948,8,30,109,147,1.3129251700680271,0.047096995906647274,638,Alexa heard you needed a friend.
1338,948,11,24,112,147,1.3129251700680271,0.049976903703384916,638,"NOTE:  (I submitted last week but I just now thought of an addendum that would make it even funnier!)  So, for the construction guys sitting on the beam, eating lunch with the grim reaper:""That's a bit overkill.  Most guys just bring a plastic fork."""
4669,950,10,31,122,163,1.312883435582822,0.045656174641146144,638,It’s like a bow tie. Only some guys can pull these off.
3470,950,9,33,121,163,1.312883435582822,0.04481903525092777,638,They’re called Google Suspenders
4227,950,6,39,118,163,1.312883435582822,0.04220811337535847,638,"If they're holding up your pants, the FAA doesn't mind."
3264,950,10,31,122,163,1.312883435582822,0.045656174641146144,638,Sorry. It's only available to Amazon Prime members.
822,950,10,31,122,163,1.312883435582822,0.045656174641146144,638,"Of course, restrooms are challenging."
3387,950,7,37,119,163,1.312883435582822,0.04309599977661552,638,Did you order a taxi?
789,956,9,38,132,179,1.312849162011173,0.04210295187401207,638,Uber Air at your service
1931,956,11,34,134,179,1.312849162011173,0.043568336596445,638,They not only keep my pants up but I can make it across town in 5 minutes.
5301,958,9,32,119,160,1.3125,0.04537362365152733,638,How do yours work?
504,958,10,30,120,160,1.3125,0.04623182967903929,638,I got them from the men's up-parel department.
1543,958,10,25,109,144,1.3125,0.0497358504240635,638,I got tired of putting my pants on one leg at a time like everyone else.
2628,958,10,35,131,176,1.3125,0.04332469527624194,638,"Once you adjust the upward thrust, suspendrones are great."
5050,958,12,31,133,176,1.3125,0.04479843022528078,638,"Hi, I'm  Jake, your new Amazon  InstaFriend!"
1619,963,11,32,130,173,1.3121387283236994,0.04458306675250084,638,"I remember when I was like you, putting on my own suspenders like an animal."
3540,963,9,36,128,173,1.3121387283236994,0.043049078629008634,638,"We all put our trousers on one leg at a time, it is how we keep them up that varies."
4136,963,13,28,132,173,1.3121387283236994,0.04606600168572614,638,Patent pending.
3527,966,10,33,127,170,1.311764705882353,0.04433696501451201,638,It's for my new job at Amazon
4387,966,11,31,128,170,1.311764705882353,0.04511518714327072,638,The crotch sensors guarantee just the right amount of support.
1536,966,9,35,126,170,1.311764705882353,0.04354483692039487,638,"I've combined Human surveillance  with the drones, plus the added feature in that it keeps my pants up."""
3404,969,11,26,117,154,1.3116883116883118,0.04833136242785805,638,It documents my actions and also holds my pants up!
1525,969,8,32,114,154,1.3116883116883118,0.045620974131008275,638,I got tired of waiting for flying cars.
178,969,14,20,120,154,1.3116883116883118,0.050897621826602193,638,Except for the occasional wedgie during a power surge it works
1360,972,11,21,106,138,1.3115942028985508,0.05224336268908296,638,Sharper Image had them on sale.
337,973,11,35,137,183,1.3114754098360655,0.04288222166384206,638,Amazon is the new Uber.
3399,973,11,35,137,183,1.3114754098360655,0.04288222166384206,638,"I bet you still dress yourself as well, don't you?"
987,975,10,32,125,167,1.311377245508982,0.04486807539822258,638,It's my new ride share concept.  The drones show up when you tap the app and you hook yourself in.  I call it Over-Uber.
1500,975,14,24,129,167,1.311377245508982,0.0479762822393677,638,"Yeah, Lyft...what, you were expecting Uber?"
4243,977,7,33,111,151,1.3112582781456954,0.04524686318553303,638,About 12 minutes on a full charge!
4115,978,13,30,137,180,1.3111111111111111,0.04476914291089727,638,The outfit?  It's by Da Vinci.
1889,979,5,41,118,164,1.3109756097560976,0.04109284636511099,638,I am answered an ad for an Amazon delivery position.
1682,979,14,23,127,164,1.3109756097560976,0.048600126688844565,638,I'll get additional lift if you pull my finger!
4461,979,7,37,120,164,1.3109756097560976,0.042874880997631794,638,"Jones McDrones, platformless window washer, at your service."
4652,982,11,33,133,177,1.310734463276836,0.04385360083689272,638,For a small fee they can also deliver me to any address.
5010,983,7,36,118,161,1.31055900621118,0.04337832347580376,638,"Nice, I love the vintage look!"
5270,983,11,28,122,161,1.31055900621118,0.04682134079437119,638,"Once Elon was fired from Tesla, he was able to focus his attention on the belt and suspender business."
1857,983,10,30,121,161,1.31055900621118,0.04598476054335667,638,"All good, really ......you just gotta be home before the batteries die...."
4837,986,8,29,108,145,1.3103448275862069,0.04746166165991397,638,"This way, nobody sits next to me on the subway"
1595,986,11,32,131,174,1.3103448275862069,0.04436238689494406,638,"They don't merely deliver your underwear; they put them on for you, too!"
3332,988,13,32,142,187,1.3101604278074865,0.04356421351112912,638,"You have to attach them to your pants, I spent 3 hours up in the air in my underwear to figure that out."
4407,988,7,44,136,187,1.3101604278074865,0.03940602315937993,638,"Love the low-tech suspenders, Hank. Very quaint."
526,990,10,29,119,158,1.3101265822784811,0.046572343815097034,638,"Hi, I'm with Customer Service. How may I help you today?"
3016,990,8,33,117,158,1.3101265822784811,0.044807721413442934,638,Two for one on Amazon.
3778,990,13,23,122,158,1.3101265822784811,0.04910051093096639,638,Forgive me for droning on.
2544,993,8,37,126,171,1.3099415204678362,0.04252646413566294,638,They do chaufe on takeoff.
4118,993,10,33,128,171,1.3099415204678362,0.04411461267075381,638,So I finally figured out how to get rid of plumber's crack
2373,995,13,31,140,184,1.309782608695652,0.04405173882251008,638,High tech suspenders - and The occasional haircut!
2463,996,9,30,116,155,1.3096774193548386,0.04628443593795871,638,What? Is the belt overkill?
2993,996,6,36,113,155,1.3096774193548386,0.04348433589708921,638,Wearing your grandpa's suspenders. Embarrassing.
992,996,7,34,114,155,1.3096774193548386,0.044437311450764606,638,I prefer high fashion.
713,999,14,24,130,168,1.3095238095238095,0.04772585683200847,638,"Depending on the election, they're getting me over the wall to Canada."
524,1000,12,27,126,165,1.309090909090909,0.04678754944758079,638,These steer me so that I can walk and text all the time now.
1850,1000,9,33,123,165,1.309090909090909,0.044354766297294866,638,"They were spying on my private life, so I decided to put them to good use."
4096,1000,11,29,125,165,1.309090909090909,0.04599092250979998,638,"Sure, there are safer ways to get a vasectomy.  But none as exhilarating."
3862,1000,13,25,127,165,1.309090909090909,0.047570837845440646,638,"Actually, I put my pants on one leg at a time like everybody else."
4000,1004,15,29,147,191,1.3089005235602094,0.04416172747215107,638,These two take care of the belt. One more and I can be sure about the zipper.
2910,1005,11,24,114,149,1.308724832214765,0.049392581844009326,638,Suspen-drones.”  I’m currently working on the “Brassier-drone”.  It lifts and separates.
2193,1006,8,34,120,162,1.308641975308642,0.0440318587713859,638,You get used to it.
2072,1006,13,24,125,162,1.308641975308642,0.04818932213022822,638,Welcome to Amazon.
3319,1006,9,32,121,162,1.308641975308642,0.044894162459776434,638,"And at 2 am,they take me home."
111,1006,8,34,120,162,1.308641975308642,0.0440318587713859,638,Yes I have lost weight; thanks for noticing!
1966,1006,6,38,118,162,1.308641975308642,0.04225449224236663,638,Heading uptown?
2661,1011,10,34,131,175,1.3085714285714285,0.04339346952340768,638,They lift and separate. Cross my heart.
4661,1012,11,36,141,188,1.3085106382978724,0.04203087106795174,638,I hate strap marks.
2954,1013,9,44,148,201,1.308457711442786,0.03891425127766403,638,Uber at your service. I’ll be taking you over the traffic.
1194,1014,9,27,110,146,1.3082191780821917,0.048174094310145625,638,And I can only assume your underwear doesn't have WiFi.
3027,1014,10,25,111,146,1.3082191780821917,0.049144853991973214,638,After I got the order from Amazon I thought I'd keep them.
5203,1016,9,31,119,159,1.3081761006289307,0.045452098780404,638,"And besides, who even has bootstraps these days?"
4348,1016,15,19,125,159,1.3081761006289307,0.05043374127450442,638,I've been looking all over for a pair of retro suspenders like those!
1664,1016,10,29,120,159,1.3081761006289307,0.04631959390413101,638,Yeah?  Do you think that stopped Wilbur and Orville?
2026,1019,10,33,129,172,1.308139534883721,0.04389438625157414,638,"First Uber, then Lyft, now this."
881,1019,12,29,131,172,1.308139534883721,0.04541713395196888,638,"It's a great job, pal; Amazon Test Pilot!"
496,1019,13,27,132,172,1.308139534883721,0.046159674093470764,638,"Sure it can be a little snug, but at least I don't look like an idiot."
5062,1019,12,29,131,172,1.308139534883721,0.04541713395196888,638,It’s Lyft 2.0
3225,1023,13,35,150,198,1.3080808080808082,0.04181662622527121,638,It’s uplifting!
944,1024,14,24,131,169,1.3076923076923077,0.047477953834489814,638,"Hey, are those suspenders of disbelief?"
3110,1024,16,28,151,195,1.3076923076923077,0.044089898531112365,638,Lyft has found a better way to compete with Uber.
4235,1024,15,26,141,182,1.3076923076923077,0.04569009928866469,638,"Bill,I think there's an easier way to treat a double hernia."
4802,1024,11,26,119,156,1.3076923076923077,0.04779279150025296,638,"They hold up my pants, count my steps, and taze me if I'm about to offend anyone."
771,1024,10,28,118,156,1.3076923076923077,0.04691948351642267,638,My wife holds the controllers.
3935,1024,13,26,130,169,1.3076923076923077,0.04673022279184276,638,"Yup, great except for the wedgies."
131,1030,11,33,135,179,1.3072625698324023,0.04343129088322004,638,"It's called Amazon Trousers."""
1121,1031,8,35,123,166,1.3072289156626506,0.043290761223913836,638,A belt and suspenders just didn't feel safe enough.
4593,1031,8,35,123,166,1.3072289156626506,0.043290761223913836,638,"I'm starting with suspenders, but my goal is utilizing the technology for a cutting edge bra."
5403,1031,10,31,125,166,1.3072289156626506,0.044945841938954595,638,This thing just lifts me out of any objectionable conversations to a safe space
2984,1034,13,21,119,153,1.3071895424836601,0.05018116966992906,638,Hi! I'm your Amazon Prime sales rep.
4121,1035,13,17,110,140,1.3071428571428572,0.05354487180056181,638,My You Tube channel is exploding but taking a leak is getting problematic.
1351,1036,14,30,145,189,1.306878306878307,0.04381125862016245,638,Skipping the elevators is worth the wedgie
3400,1037,9,36,131,176,1.3068181818181819,0.04242327611762838,638,"Weird, yeah, but my pants stay up."
4463,1038,11,28,124,163,1.3067484662576687,0.046323018426808464,638,"Yeah, I guess suspenders would work too."
2113,1039,8,30,112,150,1.3066666666666666,0.04629123511982281,638,These new low-rise jeans require more than just a belt and suspenders.
4644,1040,15,27,144,186,1.3064516129032258,0.04495218747843827,638,"And if I get lucky, I just throw ‘em in reverse."
5128,1041,12,29,132,173,1.30635838150289,0.045188960326381845,638,All yours can do is hold your pants up?
299,1041,10,33,130,173,1.30635838150289,0.043676257453311336,638,It's the new entry level Tesla.
180,1043,9,31,120,160,1.30625,0.045208179360952755,638,That is soooo last season.
2861,1043,9,31,120,160,1.30625,0.045208179360952755,638,"I was skeptical, too, but this is where suspender technology is going..."
1161,1043,13,23,124,160,1.30625,0.04856176366172368,638,"But they send me an alert on my phone if my pants fall down, what's more convenient than that?"
4950,1043,13,23,124,160,1.30625,0.04856176366172368,638,"They are a great alternative to suspenders, one caveat, can't get within a 3 mile radius of airports"""
4693,1047,7,31,109,147,1.3061224489795917,0.045904128089684255,638,Let me have your phone so I can fly this thing.
686,1048,9,34,127,170,1.3058823529411765,0.04339175418909269,638,But enough of me droning on and on...
4703,1049,10,28,119,157,1.305732484076433,0.046660851328738664,638,Getting ready for the L train shut down.
4612,1049,7,34,116,157,1.305732484076433,0.043957446408297324,638,"Remember the guy with the lawn chair and the helium balloons, well ...."
1259,1049,8,32,117,157,1.305732484076433,0.044876680047285566,638,It’s completely relieved my neck pain. Now if only I could get rid of this new buzzing sensation in my ears...
1559,1049,12,24,121,157,1.305732484076433,0.04837926912820063,638,"Sorry, I didn't mean to drone on."
2955,1049,10,28,119,157,1.305732484076433,0.046660851328738664,638,"Seriously, it’s faster than the F Train."
1155,1054,9,37,134,180,1.3055555555555556,0.041762253279973086,638,I'm your NeoLyft pilot; give me your hand and I'll fly you to your destination.
4245,1054,10,35,135,180,1.3055555555555556,0.042498929933016086,638,If I lose just 5 more pounds I can go airborne
3930,1056,12,27,128,167,1.3053892215568863,0.046299133443454946,638,I prefer bi-dronal.
678,1057,11,32,134,177,1.305084745762712,0.043712765257491105,638,There's also a mode for flying me out of akward situations!
824,1057,11,32,134,177,1.305084745762712,0.043712765257491105,638,The only downside is the occasional wedgie
2203,1057,7,40,130,177,1.305084745762712,0.04066940502276149,638,It's like walking on air.
3762,1057,9,36,132,177,1.305084745762712,0.042218516976333616,638,Wait ‘til you see how I tie my shoes.
5276,1057,10,34,133,177,1.305084745762712,0.042972136449899084,638,"Excuse me, are you willing to take a brief survey?"
4294,1062,9,25,107,141,1.3049645390070923,0.049253045114226846,638,"I just said, ""Alexa, drone on"" and here I am."
3620,1063,14,22,128,164,1.3048780487804879,0.04845205912605136,638,She said she'd take me back when pigs fly!
624,1063,9,32,123,164,1.3048780487804879,0.044424301211366236,638,They also double as ceiling fans.
2980,1063,11,28,125,164,1.3048780487804879,0.04607767286107956,638,"Congratulations on achieving Amazon's Prime Platinum level, Mr. McShane!"
3397,1063,10,30,124,164,1.3048780487804879,0.045258537727211556,638,It's $2 a mile. Just grab my hand.
932,1067,14,21,126,161,1.3043478260869565,0.04909386865494006,638,I can leap tall buildings in a single bound!
1131,1067,9,31,121,161,1.3043478260869565,0.044966756406755994,638,"As a matter of fact, I AM wearing a cup.  Why do you ask?"
1271,1067,9,38,137,184,1.3043478260869565,0.041127969941067405,638,But can your suspenders also do surveillance?
5283,1067,10,29,122,161,1.3043478260869565,0.04582192633769696,638,They save on belts but do eat up batteries.
3741,1071,10,32,129,171,1.304093567251462,0.043963871125332794,638,"Forget it looks silly, nobody will ever try to mug you if they know somebody is watching,"""
631,1072,11,23,114,148,1.304054054054054,0.049504609482075204,638,"I rode here with Amazon's new rideshare technology. Alexa, release!"
1415,1073,10,28,120,158,1.3037974683544304,0.04640495011598184,638,I feel 20 pounds lighter and I didn’t have to change my diet.
3697,1073,10,28,120,158,1.3037974683544304,0.04640495011598184,638,"Yeah, but the fit is sublime."
1511,1073,12,24,122,158,1.3037974683544304,0.04811102478053921,638,"If the other guy is standing his ground, it's flight and not fight for me."
1797,1076,10,31,127,168,1.3035714285714286,0.04448396302390643,638,My wife said I couldn't keep my pants on.
2516,1076,10,31,127,168,1.3035714285714286,0.04448396302390643,638,You'll never guess where I keep the controllers.
1719,1078,8,28,109,145,1.303448275862069,0.0472664027470163,638,Musk and Bezos are both doing it.
5372,1079,8,38,132,178,1.303370786516854,0.041253289055961054,638,My pants aren't the only thing they help stay up.
2277,1080,7,33,115,155,1.303225806451613,0.04425446616235717,638,"They don't keep my pants up, but they do keep people away."
2520,1080,6,35,114,155,1.303225806451613,0.0432974663779977,638,"It's a better view than the Holland Tunnel, and I got here in 15 minutes."
4352,1080,10,27,118,155,1.303225806451613,0.04700871533023784,638,"I can't fly, but they keep my pants up"
4599,1080,9,29,117,155,1.303225806451613,0.0461089160188999,638,Yes — it's the new iSuspenders
4471,1084,7,36,122,165,1.303030303030303,0.042487546476998005,638,"Oh, no, I sold my car ages ago.
Where can I drop you off?"
2777,1084,9,32,124,165,1.303030303030303,0.04419288704814212,638,They have Wedgie Stablization Technology.
1862,1084,12,26,127,165,1.303030303030303,0.04663411579168217,638,The wedgie factor has drastically reduced with the latest firmware update
19,1087,11,31,133,175,1.302857142857143,0.04399901903241882,638,It’s still cheaper than a metrocard
1178,1087,13,27,135,175,1.302857142857143,0.045467313157902055,638,Yeah..... helicopter parents are so twentieth century!
3170,1089,13,30,142,185,1.3027027027027027,0.04371438407557844,638,I was tired of relying on bystanders to shoot the videos of police harassing me.
4176,1090,9,28,115,152,1.3026315789473684,0.046710802457713245,638,"And then, last week, in church, the batteries died."
4184,1090,6,34,112,152,1.3026315789473684,0.043823326425791564,638,I admire your bold retro style.
1313,1092,9,31,122,162,1.3024691358024691,0.044727794296295496,638,Why do you ask?
833,1092,13,23,126,162,1.3024691358024691,0.04803436818589194,638,"At first Joe was interested in hearing about Jim's new high-tech suspenders, but then Jim kept droning on."
955,1092,12,25,125,162,1.3024691358024691,0.047229432464473906,638,Now I can take airborne pictures of me taking drone selfies.
5338,1092,9,31,122,162,1.3024691358024691,0.044727794296295496,638,They pay for themselves with the free haircuts.
1847,1092,7,35,120,162,1.3024691358024691,0.04297921719166919,638,Let's just say they keep everything up.
2144,1092,5,39,118,162,1.3024691358024691,0.041156416731849,638,Just don't let your kids get a hold of the controls.
4926,1098,10,32,130,172,1.302325581395349,0.04374326307339804,638,"Sorry, I don't mean to drone on and on."
4716,1098,6,40,126,172,1.302325581395349,0.04051512359960291,638,Fidget spinners have come a long way.
3070,1100,7,31,111,149,1.3020134228187918,0.04537836777761066,638,"But wait, there’s more!"
2461,1100,9,27,113,149,1.3020134228187918,0.04733482550189134,638,"And before you know it, I'm looking in the windows of a 737."
5359,1102,10,28,121,159,1.3018867924528301,0.04615173930903655,638,"What I save on cabs, I spend on underwear."
3046,1102,11,26,122,159,1.3018867924528301,0.04700632443777409,638,I can tell the suspense is killing you.
3391,1102,12,24,123,159,1.3018867924528301,0.04784564800532318,638,I can drop you anywhere in town.
602,1105,13,25,131,169,1.301775147928994,0.04658281551809367,638,"They hold my pants up, up, and away."
1207,1105,10,31,128,169,1.301775147928994,0.04425642967059917,638,It’s their latest service - Uber Wedgie.
1082,1105,10,31,128,169,1.301775147928994,0.04425642967059917,638,Keeps me cool AND holds my pants up.
719,1108,9,36,134,179,1.3016759776536313,0.04181461503128779,638,Yes they ARE holding up my pants
3123,1109,9,32,125,166,1.3012048192771084,0.04396377372758592,638,It’s still in beta.
3591,1109,8,34,124,166,1.3012048192771084,0.04312532956677074,638,I’m Geoff. What was it you ordered again?
2340,1109,13,24,129,166,1.3012048192771084,0.047168748137739566,638,"But enough of my droning, what's new with you?"
2754,1109,14,22,130,166,1.3012048192771084,0.0479365220996402,638,I'll be able to see Russia...
2753,1109,8,34,124,166,1.3012048192771084,0.04312532956677074,638,By 2020 amazon hope to have eradicated plumber's crack.
1203,1114,13,27,136,176,1.3011363636363635,0.0452409755395327,638,How do you like my quads?
3669,1114,14,25,137,176,1.3011363636363635,0.045953029635745025,638,"Hey man, suspenders went out with flip phones."
4269,1114,11,31,134,176,1.3011363636363635,0.043782139485165246,638,So that's how I put them on both legs at a time!
727,1117,10,36,140,186,1.3010752688172043,0.04145696779333654,638,"You criticizing me, Belt-and-Suspenders Man?"
4558,1118,8,27,108,143,1.3006993006993006,0.04763175523392495,638,It turns out this is cheaper than Uber.
1138,1119,9,28,116,153,1.3006535947712419,0.04644663530572514,638,It’s Lift and Separate...for MEN!
4619,1119,9,28,116,153,1.3006535947712419,0.04644663530572514,638,Did you forget it’s casual Fly-day?
396,1121,6,37,120,163,1.3006134969325154,0.04185989670850455,638,"The downside is that if my pants do fall down, its all filmed in HD."
3347,1121,10,29,124,163,1.3006134969325154,0.04533445048307514,638,"Seriously, I don't know what I did before Amazon..."
4280,1123,9,34,130,173,1.300578034682081,0.04274567314723109,638,"Yours are nice, but mine are fly."
594,1124,11,36,146,193,1.3005181347150259,0.041091654587142076,638,...and it’s driverless.
558,1125,12,24,124,160,1.3,0.04758309514308866,638,Do you want a lift?
1467,1125,12,27,131,170,1.3,0.04558472640684806,638,Not only do  they keep my pants up but they keep me cool
1917,1125,9,33,128,170,1.3,0.04323339390753816,638,They're also great for sox and zippers.
3517,1125,9,24,107,140,1.3,0.04935347680939759,638,I'm getting beamed up as soon as my kid figures out which button to push on the remote
222,1125,7,31,112,150,1.3,0.04511977596847296,638,"The wedgies aren't ideal, but the NSA pays me a comfortable amount."
654,1125,10,31,129,170,1.3,0.04403112527563468,638,I'm just out walking my drones.
4334,1131,11,31,135,177,1.2994350282485876,0.04356731191091039,638,They keep my neighbor’s drone from catching me with my pants down.
4423,1131,9,35,133,177,1.2994350282485876,0.04206789745598183,638,"Dude, suspenders are so yesterday."
535,1133,6,38,123,167,1.2994011976047903,0.04118840109735226,638,I'm a vertical guy in a horizontal city.
1512,1133,11,28,128,167,1.2994011976047903,0.04535646281865432,638,"Take my hand, I’ll show you the world."
4333,1133,7,36,124,167,1.2994011976047903,0.04205507403214372,638,"The drones aren't that impressive, it's how I'm controlling them."
4917,1133,10,30,127,167,1.2994011976047903,0.04455405539933768,638,"Yeah, it's a problem in the bathroom."
3771,1137,10,27,120,157,1.2993630573248407,0.04648775357524984,638,"...And, when I step on the scales, I weigh nothing!"
55,1138,16,23,145,184,1.298913043478261,0.045776666174955995,638,And I've a smaller one that opens zippers.
2856,1138,13,29,142,184,1.298913043478261,0.043787139348964485,638,"Real men don't wear suspenders, Dude."
2199,1140,10,29,125,164,1.298780487804878,0.045094442642119315,638,"They're called Dronegarees, it's the latest fad."
3102,1140,10,29,125,164,1.298780487804878,0.045094442642119315,638,I progressed from a fidget spinner
3249,1140,11,27,126,164,1.298780487804878,0.04591650527087863,638,I gave up suspenders - they caused people to stare at me.
2957,1143,10,26,118,154,1.2987012987012987,0.047095297818761254,638,"Now I can look at my phone while crossing the street, only THIS time I’ll be able to see the car that hits me."
3989,1143,11,24,119,154,1.2987012987012987,0.047988014279207604,638,"I got the suspenders from Amazon WITH the extended support plan..,"
2365,1145,9,25,110,144,1.2986111111111112,0.048360715970460114,638,Just because I have the money to do it.
2665,1145,8,27,109,144,1.2986111111111112,0.0473458947750533,638,"Apparently, my wife still hasn't got over the fact that I cheated on her."
2829,1147,14,23,134,171,1.2982456140350878,0.04684378656784827,638,I don't mean to be droning on and on.
4271,1147,9,33,129,171,1.2982456140350878,0.04301561451371009,638,"So then I thought to myself, ""Sometimes you just need to take a chance""."
4819,1149,7,34,120,161,1.2981366459627328,0.04302671466919966,638,"Listen, you have to take chances in fashion."
4169,1149,8,32,121,161,1.2981366459627328,0.043919675850096124,638,I suspendered my disbelief a long time ago.
3733,1149,10,28,123,161,1.2981366459627328,0.045653230223973267,638,And then she threatened to turn on the ceiling fan.
2039,1149,7,34,120,161,1.2981366459627328,0.04302671466919966,638,"Not Uber, this is Hover"
2254,1149,4,40,117,161,1.2981366459627328,0.040229080533444164,638,Suspenders are so last season...
3281,1154,7,28,106,141,1.297872340425532,0.046937282575246236,638,No more lower back pain!
132,1155,10,30,128,168,1.2976190476190477,0.04432390098545984,638,Mr. Musk thinks it has potential....
505,1155,9,32,127,168,1.2976190476190477,0.043512322382735856,638,They pick up the slack.
3814,1155,13,24,131,168,1.2976190476190477,0.04667404200257338,638,But you said I should drop by anytime.
3996,1158,8,31,119,158,1.2974683544303798,0.04445327865274734,638,I'll be in touch later. Have to take a look in my apartment. I think my wife is having an affair.
517,1158,10,27,121,158,1.2974683544303798,0.04623143187427464,638,They're from Skymall
718,1158,12,23,123,158,1.2974683544303798,0.047943681578625066,638,I'm waiting for Lyft.
1337,1158,12,23,123,158,1.2974683544303798,0.047943681578625066,638,Only this perpetual wedgie will keep me distracted from the news.
4664,1158,11,25,122,158,1.2974683544303798,0.04709533892254248,638,The system still has a few flaws: Last week I was delivered to a prison exercise yard.
3246,1163,6,32,110,148,1.2972972972972974,0.044415531342953396,638,"Look,this is cheaper than airplane tickets,and I have WAY more  leg room."
18,1163,11,33,141,185,1.2972972972972974,0.04221004241445513,638,"Well, yeah, it does make riding the subway a challenge."
2147,1163,5,34,109,148,1.2972972972972974,0.04336831517501736,638,Loving the retro look bro.
311,1166,9,34,132,175,1.2971428571428572,0.042325104805933045,638,I saved a bundle by not getting the camera.
3419,1166,9,34,132,175,1.2971428571428572,0.042325104805933045,638,They're great for keeping your pants up… not so great for unzipping your fly.
3362,1166,13,26,136,175,1.2971428571428572,0.045322624337083305,638,"If you're impressed now, wait to you see them at work in the men's room."
4101,1169,8,25,105,138,1.2971014492753623,0.04868895819752371,638,Did you see the guy with the Amazon T-shirt holding the control stick?
1006,1170,6,37,122,165,1.2969696969696969,0.04143066267423435,638,I find it better than being an office drone.
2888,1171,6,34,115,155,1.2967741935483872,0.043103516778118786,638,It’s worth the wedgies
4453,1171,9,28,118,155,1.2967741935483872,0.045926840739655604,638,My kids PROMISED they’d walk them.
4736,1171,6,34,115,155,1.2967741935483872,0.043103516778118786,638,"Dro-penders, bro. Dro-penders."
6,1174,11,21,113,145,1.296551724137931,0.050023115280434356,638,You're lucky your wife trusts you.
2320,1175,10,31,131,172,1.2965116279069768,0.04358708109681348,638,"Once I get home, I can see how my day went. 
Then I can edit it, maybe add music, and post it, of course."
3924,1175,8,35,129,172,1.2965116279069768,0.04199803241262013,638,"Were you suspended by Amazon,too?"
2735,1177,11,26,125,162,1.2962962962962963,0.04624450749546494,638,"Mostly, I activate them when the dating service meetup is not going well."
2,1177,17,14,131,162,1.2962962962962963,0.050976876033229694,638,This is why we need more women in STEM.
3254,1177,13,22,127,162,1.2962962962962963,0.04787396939570777,638,Your tall brunette named Ryan has arrived from Amazon
4361,1177,7,34,121,162,1.2962962962962963,0.04279987767613371,638,100 bucks I can fly by the seat of my pants...
777,1181,5,43,131,179,1.2960893854748603,0.03853251822911275,638,Suspenders 2.0
3090,1181,10,33,136,179,1.2960893854748603,0.0424100041766832,638,I can deliver you
2346,1183,9,27,116,152,1.2960526315789473,0.04652326367761186,638,"It's noisy, but it beats taking the D train."
4763,1184,12,18,112,142,1.295774647887324,0.05172938929417393,638,Excuse me for droning on and on.
1260,1185,12,23,124,159,1.2955974842767295,0.047677915156001414,638,They’re great but whenever I walk down stairs I get a wedgie.
849,1185,8,31,120,159,1.2955974842767295,0.04421241465949171,638,But at least it’s an iWedgie.
493,1185,9,29,121,159,1.2955974842767295,0.0451037593324863,638,Can you believe it still takes me 30 minutes to go through TSA?
26,1185,11,25,123,159,1.2955974842767295,0.046835585805270565,638,That's not the only thing they keep up
4762,1185,7,33,119,159,1.2955974842767295,0.04330272640519104,638,"Not only this, but I got a rocket in my pocket, too."
5013,1185,12,23,124,159,1.2955974842767295,0.047677915156001414,638,You did order through Amazon Prime?
4007,1191,12,28,136,176,1.2954545454545454,0.04437018261261431,638,Do these drones make my butt look big?
2778,1191,9,34,133,176,1.2954545454545454,0.042117786151120835,638,"Forgive me, I must drone on."
4639,1191,9,21,102,132,1.2954545454545454,0.05128313811452561,638,Welcome to Lyft Lite!
3303,1191,10,32,134,176,1.2954545454545454,0.0428817324184391,638,It's my take on the guy with the lawn chairs and balloons!
4515,1195,8,28,113,149,1.2953020134228188,0.04616958199434513,638,It keeps mosquitos away.
3643,1195,8,28,113,149,1.2953020134228188,0.04616958199434513,638,And my wife said I wouldn’t find a use.
4442,1197,7,35,124,166,1.2951807228915662,0.04209559201874108,638,Elon Musk says it's gonna disrupt the belts industry
4511,1197,14,21,131,166,1.2951807228915662,0.04778257337463926,638,I'd give you one but they're joined at my hip.
1799,1199,14,26,143,183,1.2950819672131149,0.044537554490541496,638,The horror of the 1997 Nuclear Wedgie came screaming back into Franklin's mind.
3611,1199,12,30,141,183,1.2950819672131149,0.04316822070972737,638,Uber Walks sent me. Where do you want to go today?
426,1201,11,24,121,156,1.294871794871795,0.047447632286453094,638,Did you call an Uber?
1077,1201,9,28,119,156,1.294871794871795,0.04567112695908522,638,New pants from Amazon.
3436,1201,7,32,117,156,1.294871794871795,0.04382266383773693,638,"So far, there hasn’t been any collateral damage."
560,1204,10,31,132,173,1.2947976878612717,0.04336828143188591,638,"But I’m really hoping to pitch this to Victoria’s Secret. I mean, talk about a Wonder Bra."
3420,1204,8,35,130,173,1.2947976878612717,0.041789725580624264,638,As good as suspenders -- until the batteries die.
4852,1204,4,43,126,173,1.2947976878612717,0.03843862411170731,638,They came with free shipping.
3293,1207,10,36,144,190,1.2947368421052632,0.040703482808344446,638,It's safer than a driverless car.
296,1208,12,19,115,146,1.2945205479452055,0.050661946300408725,638,"Sure, but what's holding up your ego?"
1883,1209,6,36,121,163,1.294478527607362,0.041676336380730136,638,They are the new Air Jordans.
1905,1209,7,34,122,163,1.294478527607362,0.042575314163946,638,I got these suspenders on Amazon.
2562,1209,8,32,123,163,1.294478527607362,0.04345569856989565,638,I'm disrupting the walking industry.
2659,1209,9,30,124,163,1.294478527607362,0.044318597679039465,638,Your hover driver is here
4996,1209,9,30,124,163,1.294478527607362,0.044318597679039465,638,You ordered a husband on Amazon?
82,1214,9,35,136,180,1.2944444444444445,0.04146391805471725,638,"Come on live a little, grab my hand."
4892,1214,12,29,139,180,1.2944444444444445,0.043651761015343606,638,They're both controlled by a single joystick.
1693,1216,12,26,132,170,1.2941176470588236,0.04542950370320773,638,I don't mean to drone on....
3804,1216,7,26,103,136,1.2941176470588236,0.04796245701688192,638,"They allow my pants to operate 100% hands free, when in autonomous mode."
4969,1216,9,27,117,153,1.2941176470588236,0.046258677391591126,638,"Inexplicably, she wants me to take up golf again"""
5164,1216,5,35,113,153,1.2941176470588236,0.04237768264071654,638,My startup is disrupting the suspender industry.
1267,1220,12,28,137,177,1.2937853107344632,0.044150357912562756,638,The only problem is the batteries run out without warning.
1838,1220,8,36,133,177,1.2937853107344632,0.041139382132651045,638,"First it was a piece of rawhide around the waist, then the belt was invented, then suspenders, and now, this crowning achievement."
1116,1222,8,31,121,160,1.29375,0.04397404448137918,638,"There are suspenders, and then there are suspenders."
201,1222,12,23,125,160,1.29375,0.04741499759417211,638,"Yeah, you miss a payment, and Amazon repos your pants."
117,1222,13,21,126,160,1.29375,0.04823689821139627,638,This way I know I'm covered until the Me Too movement dies down.
3605,1222,7,33,120,160,1.29375,0.043070874565639565,638,"Puts the ‘suspend’ in suspenders, don’t you think?"
5202,1226,7,28,108,143,1.2937062937062938,0.046371509940098726,638,I just got sick and tired of paying for parking.
5116,1227,12,25,130,167,1.2934131736526946,0.045985491296925,638,"Excuse me, sir. Do these pants make me look crazy?"
3774,1227,9,31,127,167,1.2934131736526946,0.043568690698039154,638,"They hold up my pants well, but their photos don’t do me justice."
4920,1229,8,28,114,150,1.2933333333333332,0.04590298754409703,638,I decided to embrace technology instead of fighting it.
4126,1229,8,28,114,150,1.2933333333333332,0.04590298754409703,638,"I find that if I do not keep them on leash, they chase other drones!"
3939,1229,5,34,111,150,1.2933333333333332,0.04287922445234523,638,"I put my pants like everybody else, one drone at a time"
2522,1229,9,26,115,150,1.2933333333333332,0.046867576469095375,638,My wife said get rid of the plumber's crack or she'd get rid of me.
1701,1229,11,22,117,150,1.2933333333333332,0.04873951827123914,638,They'll pick up most anything...other than chicks.
2818,1234,8,35,131,174,1.293103448275862,0.0415833892938372,638,"They ride a little to the left, but I'm into that."
929,1234,11,29,134,174,1.293103448275862,0.04391469650730437,638,"I'm not bragging, but I needed two because of the size of my package."
5142,1234,10,31,133,174,1.293103448275862,0.04315159094718724,638,Strap these on and say goodbye to unsightly plumber butt and chronic wedgies.
187,1234,9,33,132,174,1.293103448275862,0.04237474522894614,638,Cuts my commute in half.
1250,1238,10,26,121,157,1.2929936305732483,0.04630839335566878,638,I call 'em Orville and Wilbur
3034,1238,5,36,116,157,1.2929936305732483,0.04166738182970959,638,"It's house arrest, but they let me walk around the block."
1568,1240,9,23,108,140,1.292857142857143,0.049141058548792416,638,I call them overspenders.
676,1240,11,19,110,140,1.292857142857143,0.051189779069004196,638,They hold up my pants and the noise drowns out the flatulence.
3587,1242,9,35,137,181,1.292817679558011,0.041266276244008505,638,This only happens during mating season
3619,1243,11,26,127,164,1.2926829268292683,0.045749784446529385,638,Just search 'hands-free infinity suspenders' in the app store.
5228,1243,11,26,127,164,1.2926829268292683,0.045749784446529385,638,I take “suspenders” literally.
3282,1243,11,26,127,164,1.2926829268292683,0.045749784446529385,638,Yes your system is better at the urinal
3906,1243,10,28,126,164,1.2926829268292683,0.04492467114867582,638,Did you order the Uber Express?
2690,1247,9,37,142,188,1.2925531914893618,0.040233974953852655,638,"Suspenders hold my pants up, but they make me look old."
4925,1248,5,33,109,147,1.2925170068027212,0.043398284356141514,638,I'm saving thousands in tolls every year.
2442,1249,10,30,131,171,1.2923976608187135,0.04364700199218211,638,Mary Poppins' got nothin' on me.
1199,1249,10,30,131,171,1.2923976608187135,0.04364700199218211,638,"You know, you could just wear pants that fit..."
2791,1251,11,23,120,154,1.2922077922077921,0.047806769370392244,638,It gets great videos and keeps my pants up.
702,1251,10,25,119,154,1.2922077922077921,0.04691060391649483,638,And they have patented 'anti-wedgy' technology.
1480,1253,4,44,130,178,1.2921348314606742,0.037712553315662,638,I like to dress conservatively but with a hint of trendiness.
1732,1253,9,34,135,178,1.2921348314606742,0.04170895033359998,638,Uber just stepped up their game.
344,1255,7,33,121,161,1.2919254658385093,0.042841386967846944,638,"I’m like everyone else, I put my pants on one drone at a time."
5119,1255,10,27,124,161,1.2919254658385093,0.045478606970609715,638,These days you have to learn to put your pants on...one drone at a time !
5100,1255,10,27,124,161,1.2919254658385093,0.045478606970609715,638,"One leg at a time, just like you."
2675,1255,5,37,119,161,1.2919254658385093,0.040989083110301645,638,"This is the newest feature of Amazon, you deliver yourself, for a small fee!"
3208,1259,9,36,140,185,1.2918918918918918,0.04064616088594462,638,Mind holding these while I go to the john?
4975,1260,10,29,129,168,1.2916666666666667,0.04415845456308731,638,Still less ridiculous than Uggs for men.
4700,1260,9,31,128,168,1.2916666666666667,0.043343778215224095,638,"Disruptors don't walk, bro."
2999,1260,8,33,127,168,1.2916666666666667,0.042513493276144954,638,Yeah! And people also laughed at Dick Tracy and his stupid watch!
191,1260,6,30,108,144,1.2916666666666667,0.04502761821911528,638,It's legit-- Uber Piggy-back. Trust me.
2715,1260,6,30,108,144,1.2916666666666667,0.04502761821911528,638,Five bucks gets you across Broadway without getting hit by a bus!
4618,1265,13,25,137,175,1.2914285714285714,0.04517331806785071,638,I registered for prime and now it only takes me two business days to get home.
2407,1265,11,29,135,175,1.2914285714285714,0.043695145900610376,638,"I thought it was a great idea, too...until I was giving a speech at work and the batteries died!"
1472,1265,9,33,133,175,1.2914285714285714,0.04216518570209371,638,I don't know how I existed without smart suspenders.
1122,1265,13,25,137,175,1.2914285714285714,0.04517331806785071,638,They're taking me for a walk.
1332,1269,11,22,118,151,1.2913907284768211,0.048454620424542884,638,"Nah, my dogs are just lazy and would rather watch our walks."
121,1270,13,20,125,158,1.2911392405063291,0.048606973443311066,638,Want a lift?
2559,1270,8,30,120,158,1.2911392405063291,0.044266348300955535,638,"...and, I'm saving a fortune on belts."
3631,1270,10,26,122,158,1.2911392405063291,0.046051719860048704,638,"They hold my pants up, create a nice breeze, and cost way more than your low tech suspenders."
730,1273,11,26,128,165,1.290909090909091,0.04550625292526283,638,"Greetings, citizen, I’m the Drone Ranger...."
3999,1273,7,34,124,165,1.290909090909091,0.04213288187708536,638,You may be fashion-forward. This is fashion-upward!
4605,1273,12,24,129,165,1.290909090909091,0.046311217704843206,638,Skymall.
4130,1273,13,22,130,165,1.290909090909091,0.04710242791314237,638,Ya gotta hand it to Lyft – they’re way ahead of the competition.
3542,1277,7,27,107,141,1.2907801418439717,0.04671477520129208,638,And each one has a camera to tell me if my shoelaces are tied.
4570,1278,9,32,131,172,1.2906976744186047,0.04263565891472868,638,"""Watch this. Beam me up Scotties."""
4897,1278,8,34,130,172,1.2906976744186047,0.04183061026435942,638,I save a bundle on belts and I can skip the escalators at the mall.
642,1280,8,27,113,148,1.2905405405405406,0.046234748759610964,638,Indoors can be a problem.
3349,1280,10,23,115,148,1.2905405405405406,0.04818204353884149,638,You said you wanted a product that would suspend belief!
3752,1282,10,32,137,179,1.2905027932960893,0.04225675691988006,638,"Suspenders, but with a constant feed to all my social media!"
1125,1282,11,30,138,179,1.2905027932960893,0.04299307158163635,638,"If you can think of a more practical way to keep my pants up, I’d like to hear it."
1622,1284,9,27,119,155,1.2903225806451613,0.04573813181316198,638,"I'm logging 50,000 steps a day on my fitness tracker with no effort!"
1686,1284,9,27,119,155,1.2903225806451613,0.04573813181316198,638,Even if you don't fly it will give you a nice buzz
4288,1284,5,35,115,155,1.2903225806451613,0.04191453184174533,638,Man..  Those suspenders are so last century!
1697,1287,12,23,127,162,1.2901234567901234,0.04689753498126938,638,"Why, to hold my pants up, of course...."
898,1287,13,21,128,162,1.2901234567901234,0.04770807084153488,638,"I put 4 million into their Kickstarter campaign, but I got to keep the prototype!"
601,1287,6,35,121,162,1.2901234567901234,0.04170481232076497,638,Not only does it help keep my pants up but it also provides some personal space in crowded areas.
5405,1290,10,29,130,169,1.2899408284023668,0.043930297854750236,638,"I should have Googled, 'Keep Pants Up No Batteries'. Where'd you get those?"""
3812,1290,13,23,133,169,1.2899408284023668,0.046273082931777204,638,dronewalking is a sideline; i'm really an actor
1996,1290,12,25,132,169,1.2899408284023668,0.045505558186626445,638,I know I tend to drone on a bit.
3948,1293,6,28,104,138,1.289855072463768,0.04622979978435579,638,I like to keep an eye on myself.
3183,1293,7,26,105,138,1.289855072463768,0.04736011941389737,638,"So I asked 
myself, ‘self, do you want spend one more second on F train?’"
1346,1295,7,37,132,176,1.2897727272727273,0.04038033102157588,638,My pants fit fine. These are to hold up my underwear.
3241,1296,10,22,113,145,1.289655172413793,0.04885395525828369,638,Taking my pet Drones for a walk..
3109,1297,11,31,141,183,1.289617486338798,0.04231993381014934,638,"No offense, but my thinking was...""anything but suspenders""."
3133,1298,13,18,121,152,1.2894736842105263,0.04994906690184136,638,"I added a bow tie,.. but then I almost died."
5048,1298,9,26,117,152,1.2894736842105263,0.046328779191793075,638,"Yes, like my wife says, I am definitely a helicopter parent"
4198,1298,10,24,118,152,1.2894736842105263,0.04725985777742666,638,The occasional atomic wedgie is a small price to pay for the added security against pickpockets.
3050,1298,8,28,116,152,1.2894736842105263,0.04537860074596002,638,Those suspenders are sooooo 2005!
4978,1302,7,32,120,159,1.2893081761006289,0.04311151787474359,638,"Sure it’s a prototype, but the casualty rates have been very low."
4020,1302,7,32,120,159,1.2893081761006289,0.04311151787474359,638,"I know, I could’ve just settled on a belt...but this is 2018!"
3873,1302,9,28,122,159,1.2893081761006289,0.04492021777846088,638,I just try to stay away from schools when the batteries get low.
2389,1302,7,32,120,159,1.2893081761006289,0.04311151787474359,638,My first one seemed lonely.
3449,1306,10,28,128,166,1.2891566265060241,0.044451335294701314,638,This way I can avoid the subway.
327,1306,10,28,128,166,1.2891566265060241,0.044451335294701314,638,They are great! Do you have a charger I could borrow?
3202,1306,11,26,129,166,1.2891566265060241,0.04526522461680426,638,"Sorry, I can't hear you over the sound of how hip my pants are."
2796,1309,11,28,134,173,1.2890173410404624,0.043977660004968416,638,And the updraft keeps my hair in place.
4848,1309,8,34,131,173,1.2890173410404624,0.04162204432912362,638,This would work like a charm if it wasn't for the pigeons.
3094,1309,9,32,132,173,1.2890173410404624,0.042421785785857966,638,The hardest part was figuring out what my upseam was.
2542,1309,6,38,129,173,1.2890173410404624,0.039974590728163235,638,It keeps the pants up and you feel 20 pounds lighter on your feet.
2770,1309,13,24,136,173,1.2890173410404624,0.04548033915621097,638,"I’m sorry, am I droning on again?"
1057,1309,12,26,135,173,1.2890173410404624,0.0447353094841009,638,I call them suspendered animation!
4122,1315,13,28,146,187,1.2887700534759359,0.04303158022922594,638,"They're the newest thing in hands-free, but I have to be near a charger when the batteries die or else."
4953,1316,8,25,109,142,1.2887323943661972,0.047493340716311595,638,"But you can't literally 'suspend' from yours, can you?"
5103,1317,12,32,150,194,1.288659793814433,0.0412904948009828,638,I just think suspenders are too much of a statement.”
205,1318,10,23,116,149,1.2885906040268456,0.0478972898300701,638,I put tape over the camera for privacy
854,1318,9,25,115,149,1.2885906040268456,0.04694098051275167,638,Keeps your pants up and gives off a nice breeze at the same time.
3922,1318,10,23,116,149,1.2885906040268456,0.0478972898300701,638,They’re called suspenders? What a great idea.
4560,1318,6,31,112,149,1.2885906040268456,0.043947371784862375,638,With the pull of these puppies there's no chance that I'll moon anyone.
4175,1322,8,29,119,156,1.2884615384615385,0.04456351624034515,638,"Sure, it seems like the perfect solution until you figure in the cost of batteries!"
1816,1322,8,29,119,156,1.2884615384615385,0.04456351624034515,638,They're called Suspendrones.
3790,1322,7,31,118,156,1.2884615384615385,0.04362561167209823,638,Who needs Uber?
1490,1325,12,23,128,163,1.2883435582822085,0.04664290496129788,638,You’re not supposed to wear a belt with suspenders.
1069,1325,10,27,126,163,1.2883435582822085,0.04498977505112473,638,Give you a lift
140,1325,10,27,126,163,1.2883435582822085,0.04498977505112473,638,Let's take this one to Shark Tank.
5199,1325,11,25,127,163,1.2883435582822085,0.04582379535994084,638,So far their artificial intelligence has only learned to keep my pants up
3545,1325,11,25,127,163,1.2883435582822085,0.04582379535994084,638,THERE'S NO DOWN SIDE.
1965,1325,9,29,125,163,1.2883435582822085,0.044139998834525074,638,"You think this is great, I have one that can be connected to my fly."
4132,1331,8,33,129,170,1.2882352941176471,0.04208144796380091,638,seriously...it's like I'm not even wearing pants!
2581,1331,10,29,131,170,1.2882352941176471,0.04370441111922959,638,I spent too much time at The Sharper Image.
184,1333,10,31,136,177,1.2881355932203389,0.042513889670317544,638,"Yes,it's cool,but I feel bad about the two guys I fired."
2687,1333,7,37,133,177,1.2881355932203389,0.040184907723380486,638,"Yeah, but can YOUR suspenders deliver PIZZA?"
2768,1333,11,29,137,177,1.2881355932203389,0.043262364131976296,638,"To keep my pants up, of course."
4259,1333,5,41,131,177,1.2881355932203389,0.038554171472890614,638,Technically they're still suspenders
1347,1337,7,26,106,139,1.2877697841726619,0.04706438389614813,638,I'm just trying to create a little buzz around here!
2299,1338,7,28,111,146,1.2876712328767124,0.04554701289352375,638,They’ve really taken the weight off my shoulders.
86,1339,8,28,117,153,1.2875816993464053,0.04512071739016899,638,I should probably figure out who's driving these things.
2088,1339,11,22,120,153,1.2875816993464053,0.04789443677317868,638,I'm taking man-spreading to whole new levels.
3219,1339,6,32,115,153,1.2875816993464053,0.04317268249474997,638,Avoiding the subway is worth the oppressive wedgies.
1233,1342,11,24,125,160,1.2875,0.04640156620106641,638,Their purpose? Hold my pants up - what else!
3659,1343,8,32,127,167,1.2874251497005988,0.04255544337173069,638,"In this #MeToo era, you can't be too careful."
3977,1343,10,28,129,167,1.2874251497005988,0.044218271046593614,638,Which way to the Met Gala?
1618,1345,9,32,133,174,1.2873563218390804,0.042209972111649965,638,My belt broke.
1648,1345,10,30,134,174,1.2873563218390804,0.04298979546033624,638,There are some perks working for Amazon.
4701,1347,12,30,146,188,1.2872340425531914,0.04216026348611132,638,"Yes, I am absolutely terrified."
2866,1348,9,23,111,143,1.2867132867132867,0.04823525855297528,638,They keep my pants up; fifteen minutes at a time.
5112,1348,5,31,107,143,1.2867132867132867,0.043962119406532656,638,"Hey, I see you’re into suspenders too!"
2043,1348,9,23,111,143,1.2867132867132867,0.04823525855297528,638,I still put them on one leg at a time. How they stay up is my business.
2236,1351,9,25,116,150,1.2866666666666666,0.046666666666666676,638,The wedgie is worth the convenience.
4659,1351,11,21,118,150,1.2866666666666666,0.04854635614547944,638,I'm a drone parent.
484,1351,11,21,118,150,1.2866666666666666,0.04854635614547944,638,I got them on Amazon. They're called The Suspenders of Damocles.
2660,1351,9,25,116,150,1.2866666666666666,0.046666666666666676,638,Suspenders?!  And you wonder why you cannot get a date?
4538,1355,5,35,117,157,1.286624203821656,0.041460905057809604,638,It drowns out my tinnitus
1594,1355,9,27,121,157,1.286624203821656,0.04522879522522273,638,...but listen to me droning on - how have you been?
1677,1357,14,19,131,164,1.2865853658536586,0.047976598414166564,638,"These drones are guards, my slacks a prison, and my dick, a convicted felon."
2831,1357,11,25,128,164,1.2865853658536586,0.04557744944742412,638,It's all about the support.
4587,1357,11,25,128,164,1.2865853658536586,0.04557744944742412,638,"I'm thinking of calling them ""suspendrones.""  What do you think?"
4983,1360,11,27,133,171,1.286549707602339,0.04426484087689004,638,"If you're clumsy you can get a free hair cut out of them, too."
666,1360,8,33,130,171,1.286549707602339,0.04186857758562124,638,"Sure, a belt is more practical. You don't have to drone on and on about it."
5077,1360,11,27,133,171,1.286549707602339,0.04426484087689004,638,Do you have a flip phone to go with that outfit?
4200,1363,11,29,138,178,1.2865168539325842,0.04304907539596055,638,This way I can focus full time on my social media without missing anything in real life.
868,1364,11,35,153,199,1.2864321608040201,0.03988250052190909,638,They provide my pants with support and me with companionship.
3221,1365,11,26,131,168,1.2857142857142858,0.04479053134576749,638,Belts will be obsolete
3216,1365,9,24,114,147,1.2857142857142858,0.04729176506299245,638,I’m taking my drones out for a walk.
3012,1365,7,34,127,168,1.2857142857142858,0.0414855119351001,638,"Just like everyone else, I put my pants on one leg at a time."
3453,1365,7,30,117,154,1.2857142857142858,0.0439094972056236,638,Think of them as 'the bitcoin of suspenders.'
2651,1365,8,30,123,161,1.2857142857142858,0.04355029525162823,638,I thought it meant they would deliver the belt by drone
1728,1365,9,30,129,168,1.2857142857142858,0.043169661793634156,638,"Forgot my belt? No, I lost my remotes."
3577,1365,8,28,118,154,1.2857142857142858,0.044865648136121705,638,You didn’t know that Popular Mechanics bought GQ?
4365,1365,7,30,117,154,1.2857142857142858,0.0439094972056236,638,A wedgie is a small price to pay for fashion.
4577,1365,11,22,121,154,1.2857142857142858,0.047619047619047616,638,Suspenders make me look old
4606,1365,10,32,140,182,1.2857142857142858,0.04164913578080869,638,We ran out of Segways.
4954,1365,10,30,135,175,1.2857142857142858,0.04277496225831017,638,Yeah but I tried everything else to get it up
5343,1365,8,32,128,168,1.2857142857142858,0.04233596225370394,638,Got a minute to learn about bitcoin?
2352,1365,13,22,133,168,1.2857142857142858,0.04635475916338693,638,Where do you want to be dropped?
2081,1365,10,28,130,168,1.2857142857142858,0.043987563001449265,638,"It's far more than a massage, friend."
1149,1365,11,20,116,147,1.2857142857142858,0.04922282969318586,638,I bet you are still pulling them down yourself too
46,1365,9,26,119,154,1.2857142857142858,0.045801842981455405,638,That's why we think the belt market is ripe for disruption!
1717,1365,8,28,118,154,1.2857142857142858,0.044865648136121705,638,So what did you think I meant when I said the NSA's been suspending my right to privacy
1080,1365,12,26,137,175,1.2857142857142858,0.04428386033515415,638,Stop me if I start droning on.
1788,1365,13,20,128,161,1.2857142857142858,0.047799863747378685,638,We'll see who's the idiot when you have to pee.
801,1365,10,28,130,168,1.2857142857142858,0.043987563001449265,638,"Other than battery life issues, they never let me down."
550,1365,4,38,119,161,1.2857142857142858,0.03982548443261942,638,"I was skeptical too, but look at the difference in our postures!"
323,1365,9,20,104,133,1.2857142857142858,0.050708613406591115,638,Keeping my pants up is a breeze
3746,1387,14,21,137,172,1.2848837209302326,0.04629650714684252,638,'My shrink told me l need to see things from a different perspective`
264,1387,2,45,125,172,1.2848837209302326,0.03643313192611111,638,It makes airport security slightly more complicated I suppose
1773,1387,7,35,130,172,1.2848837209302326,0.040833446853862046,638,They work great on stairs and I can skip the elevator altogether.
5108,1390,9,29,127,165,1.284848484848485,0.0436728926515564,638,The drones are free once you buy a suspension data plan.
4726,1390,9,29,127,165,1.284848484848485,0.0436728926515564,638,They’re Gucci
4424,1390,9,29,127,165,1.284848484848485,0.0436728926515564,638,I'm beta testing new suspenders for James Bond.
3728,1393,7,31,120,158,1.2848101265822784,0.04314845601854772,638,"By all means, drone on...."
5259,1393,9,27,122,158,1.2848101265822784,0.044978223252496785,638,I still feel like something’s been holding me up.
4547,1393,9,27,122,158,1.2848101265822784,0.044978223252496785,638,$199 to LA - No frills Coach
1625,1393,10,25,123,158,1.2848101265822784,0.04586574126769227,638,"Honestly, the only it's uncomfortable is in the men's room."""
4092,1397,12,19,120,151,1.2847682119205297,0.04916744686959096,638,I'm thinking of selling my parking space.
4775,1397,10,23,118,151,1.2847682119205297,0.04733748398650847,638,I’m sorry if I drone on.
3990,1399,9,23,112,144,1.2847222222222223,0.04794048454810115,638,"Are you Kevin?  Hi, I’m your Uber driver today."
2569,1399,7,27,110,144,1.2847222222222223,0.04586981430588673,638,"I'm telling you, this time I really think I found the idea that's going to take off"
2114,1399,8,25,111,144,1.2847222222222223,0.046916574486865814,638,"No need for a belt, but the wedgies are awful."
78,1399,10,21,113,144,1.2847222222222223,0.048942978616261415,638,Want a new high?
5358,1403,10,34,146,190,1.2842105263157895,0.04041439191385028,638,I'm an Amazon Test Dummy.
3440,1404,9,34,140,183,1.284153005464481,0.04071954000040328,638,"The permits weren’t the cheapest, but you just can’t put a price on this level of back support."
3207,1404,8,36,139,183,1.284153005464481,0.03997538864685788,638,"No, I haven't worn them on a date, yet.  Why do you ask?"
3496,1406,6,38,132,176,1.2840909090909092,0.03939289875415388,638,"Not only do they hold my pants up, they record every move I make."
889,1407,8,32,129,169,1.2840236686390532,0.042118651881780315,638,I've gotten some really great selfies.
3649,1407,12,24,133,169,1.2840236686390532,0.04534038320170375,638,"Well, it sure beats taking the subway to work!"
963,1407,9,30,130,169,1.2840236686390532,0.04294674859024001,638,"Yea, so then I said, ""After college, I'll GoPro"". And here I am."
1339,1410,8,30,124,162,1.2839506172839505,0.04331655087457262,638,"Oh what, these old things?"
1344,1410,7,32,123,162,1.2839506172839505,0.04242219164031854,638,"ah, but listen to me just droning on! 
What's new with you?"
2268,1410,8,30,124,162,1.2839506172839505,0.04331655087457262,638,"You're missing the point, it's not about practicality, it's about innovation, STEVEN!"
2802,1410,9,28,125,162,1.2839506172839505,0.04419281407390758,638,But can yours give you a wedgie?
4715,1410,9,28,125,162,1.2839506172839505,0.04419281407390758,638,It’s amazing! They know when I have to go to the bathroom before I do.
576,1410,13,20,129,162,1.2839506172839505,0.04753661494234805,638,Everyone at Fox was issued them............
456,1416,8,28,119,155,1.2838709677419355,0.04461334957357563,638,"Filthy subways, no parking, crowded streets...what do you mean 'why?"
3048,1417,8,26,114,148,1.2837837837837838,0.04602266935891564,638,It’s the prototype from my start-up company UberLyft
2052,1418,8,37,142,187,1.2834224598930482,0.03939431666117855,638,They hold up my pants AND definitively resolve the haunting fear that I'm being watched!
721,1419,6,39,135,180,1.2833333333333334,0.03881788321260431,638,This way I can keep me under constant surveillance
4495,1420,6,37,130,173,1.283236994219653,0.03979438148191013,638,Don’t get me wrong. You look great in suspenders but I need something more cutting edge.
2972,1421,7,33,126,166,1.283132530120482,0.041728258712600705,638,"Yea,a cup is really necessary."
1668,1421,12,23,131,166,1.283132530120482,0.0458949270162254,638,They usually leave once they get your lunch money.
51,1421,6,35,125,166,1.283132530120482,0.040843949675049215,638,I guarantee there's no discomfort in that area.
5415,1424,10,25,124,159,1.2830188679245282,0.04561155137981816,638,Those suspenders tell the world you don't care how you look.
5106,1424,9,27,123,159,1.2830188679245282,0.04473032666294518,638,Suspenders just hold up your pants- these hold up my ego!
4445,1424,8,29,122,159,1.2830188679245282,0.04383138860991945,638,Statistically it's safer than a helicopter.
3689,1424,11,23,125,159,1.2830188679245282,0.046476070349953214,638,"What, you’ve never seen Drone Drawers before."
1696,1424,12,21,126,159,1.2830188679245282,0.04732479911287324,638,We had to transition to belts after our zipper incident.
3657,1424,11,23,125,159,1.2830188679245282,0.046476070349953214,638,It's a modern-day chastity belt.
228,1430,8,27,117,152,1.2828947368421053,0.04517284411080174,638,Do you want to carpool to work today?
2152,1430,4,35,113,152,1.2828947368421053,0.04113432073215858,638,This takes a HUGE load off my shoulders!
382,1430,5,33,114,152,1.2828947368421053,0.04218021713833118,638,This new prototype is nearly wedgie-free.
4490,1433,7,27,111,145,1.282758620689655,0.045594674644364834,638,Pendulous testicles.
3550,1433,7,27,111,145,1.282758620689655,0.045594674644364834,638,"Acquiring two FAA licenses to keep your pants up might seem extreme, but it’s just a cost of doing business in the plumbing trade these days."
2518,1433,10,21,114,145,1.282758620689655,0.04864391717126167,638,You obviously have no idea belt production has on our carbon footprint.
5386,1436,6,42,143,191,1.2827225130890052,0.037389677636350004,638,"If we both do it, it'll be cool."
448,1437,10,30,137,177,1.2824858757062148,0.042351475503919045,638,"Everyone kept accusing me of droning on, so I thought I would."
844,1437,8,34,135,177,1.2824858757062148,0.040807411172279755,638,"It's a ""sans-a-belt"" for geeks."
2764,1439,9,30,131,170,1.2823529411764707,0.0427260511642095,638,"That's right, Brookstone makes suspenders now."
23,1439,11,26,133,170,1.2823529411764707,0.044325418628989886,638,Care to try a Sky Wedgie?
2000,1439,10,28,132,170,1.2823529411764707,0.04353308043730567,638,Hello. I am Andrew. Brother of Alexa. Please save me.
240,1442,8,30,125,163,1.2822085889570551,0.04308521634099655,638,Pulling yourself up by your bootstraps is so 20th century
4022,1442,10,26,127,163,1.2822085889570551,0.04480866647455978,638,"Sorry to drone on and on, but..."
3871,1442,7,32,124,163,1.2822085889570551,0.04219710304169643,638,"Pants up, nice breeze, and cutting-edge​ fashion.  What's not to like?"
516,1442,7,32,124,163,1.2822085889570551,0.04219710304169643,638,Trendy? Yes. Comfortable? Not so much.
5069,1442,10,26,127,163,1.2822085889570551,0.04480866647455978,638,Those buckles look complicated.
1137,1447,7,30,119,156,1.2820512820512822,0.043421560430802184,638,"Reduces hip fractures, and prevents drowning in case of floods."
3723,1447,8,28,120,156,1.2820512820512822,0.04436377910170186,638,They see any danger around me AND they keep my pants up!
3903,1447,9,26,121,156,1.2820512820512822,0.045286398422963496,638,I know my batteries are low when my navel feels a breeze.
1704,1447,8,28,120,156,1.2820512820512822,0.04436377910170186,638,The first step is suspending your disbelief Harold.
1976,1447,8,28,120,156,1.2820512820512822,0.04436377910170186,638,I call it the selfie paparazzi.
1876,1452,7,28,114,149,1.2818791946308725,0.04475028656172384,638,Ride share is no longer necessary my friend
2492,1452,8,26,115,149,1.2818791946308725,0.045752408340147585,638,"Ironically, the real suspense is during the brief recharging period."
4464,1452,5,32,112,149,1.2818791946308725,0.042675504733066624,638,"Sure, people stare. But that’s the price of fashion."
4818,1452,5,32,112,149,1.2818791946308725,0.042675504733066624,638,My service drones have really taken a weight off my shoulders
4863,1452,10,22,117,149,1.2818791946308725,0.04769352484413388,638,"My mom was worried, so I told her I'm on a motorcycle."
2561,1452,6,30,113,149,1.2818791946308725,0.04372520355343353,638,"The helicopters were getting too expensive, so Channel 4 came up with a new way to do live traffic reports."
179,1458,7,26,109,142,1.2816901408450705,0.04619818198900105,638,"I'm telling you, there's a fortune to be made disrupting the suspender industry."
3770,1458,8,24,110,142,1.2816901408450705,0.04726692437588792,638,You just have to make sure you don't accidentally turn up the power and give yourself a wedgie.
4275,1458,7,26,109,142,1.2816901408450705,0.04619818198900105,638,What do you mean the government is always spying on us?
850,1461,12,25,137,174,1.2816091954022988,0.04434732143868114,638,"No, YOUR suspenders are too loud."
2030,1461,8,33,133,174,1.2816091954022988,0.04124223377273099,638,"Don’t worry, I used to put my pants on one leg at a time, too."
1913,1461,6,37,131,174,1.2816091954022988,0.03959848873952181,638,My wife's the jealous type.
4678,1464,9,40,157,206,1.2815533980582525,0.03758954985013285,638,"Yeah, it does give quite the wedgie."
5336,1465,11,25,131,167,1.281437125748503,0.044853630559495,638,The legroom is fantastic and there's no airline to give away your seat
4503,1465,10,27,130,167,1.281437125748503,0.04404206293391515,638,"You should buy now, before any public demand for regulation."
4021,1465,10,27,130,167,1.281437125748503,0.04404206293391515,638,They have incredible rear suspension.
1390,1465,12,23,132,167,1.281437125748503,0.04565077262501024,638,I think you will find it very uplifting.
1078,1465,10,27,130,167,1.281437125748503,0.04404206293391515,638,"Sorry, I'm droning on. What was your question again?"
3836,1465,14,19,134,167,1.281437125748503,0.04720469018059355,638,Don't let me drone on too long.
1766,1471,8,38,146,192,1.28125,0.03866094873696949,638,"And if I'm losing the argument, a simple hand gesture allows me a quick exit."
3223,1471,9,27,124,160,1.28125,0.04448506480343754,638,"Yeah, they’re OK, but if you’re not careful with the lift setting you get a wedgy."
4051,1471,11,23,126,160,1.28125,0.046218542761196545,638,"These are are the best protection system ever!  Since I started using them, nobody comes anywhere near me."
2941,1474,11,21,121,153,1.2810457516339868,0.04770040044489289,638,Now who's nerdier. Huh?
460,1474,6,31,116,153,1.2810457516339868,0.04295732350339832,638,Need a lift?
2977,1476,7,36,135,178,1.2808988764044944,0.03981925144316555,638,What? I couldn't hear you.
2265,1477,14,29,160,203,1.2807881773399015,0.04101902548726302,638,"The charge lasts up to 8 hours, so you're not obligated to keep your pants on all day."
1582,1478,7,34,130,171,1.280701754385965,0.04085696891379272,638,I just have to make sure the batteries don't die near a school.
2494,1478,11,26,134,171,1.280701754385965,0.04409636841328589,638,I could drone on forever about these suspenders!
4743,1478,11,26,134,171,1.280701754385965,0.04409636841328589,638,This takes voyeurism to a whole new height.
2436,1481,12,22,130,164,1.2804878048780488,0.04621607424980686,638,"They hold my pants up to 2,500 feet."
4550,1481,10,26,128,164,1.2804878048780488,0.04456783729203368,638,It's the airline's frequent flyer award.
1550,1483,11,22,124,157,1.2802547770700636,0.04681109236934048,638,They also offer a mini for unzipping at urinals.
3374,1483,11,22,124,157,1.2802547770700636,0.04681109236934048,638,"My father told me to pull myself up by my bootstraps, but that sounded like a lot of work, so I automated it"
1725,1483,8,28,121,157,1.2802547770700636,0.04411689491370177,638,"The pants are fly, man."
4648,1483,8,28,121,157,1.2802547770700636,0.04411689491370177,638,People used to say I was a downer
5340,1483,9,26,122,157,1.2802547770700636,0.04503287392732904,638,Remember that brilliant idea I mentioned?...
3610,1483,9,26,122,157,1.2802547770700636,0.04503287392732904,638,They fly down too.
3963,1489,11,27,137,175,1.28,0.04337184091740699,638,"Drone walking. Big Bucks, I'll tell ya!"
3921,1489,11,20,119,150,1.28,0.048346252998251245,638,You should try it.  Makes picking up girls a breeze.
4792,1489,1,40,109,150,1.28,0.0379803316578616,638,I use to have a seeing eye dog.
3201,1489,9,31,135,175,1.28,0.041830057310279646,638,They can also see if my fly is undone.
1064,1489,8,26,116,150,1.28,0.04548520422216428,638,My start up hasn't got off the ground yet.
123,1494,9,29,130,168,1.2797619047619047,0.04298990541229187,638,"Yeah, with new advancements in technology you can keep your pants up without a belt!"
2149,1494,7,33,128,168,1.2797619047619047,0.04129842573874188,638,I got a deal on Amazon!
3757,1496,6,40,140,186,1.2795698924731183,0.03791360710793474,638,"Oh man, can you lighten up?"
4991,1497,7,31,123,161,1.279503105590062,0.04245126921650158,638,It keeps my pants up AND keeps me cool.
4835,1497,5,35,121,161,1.279503105590062,0.04058116256326702,638,I no longer have much privacy but I find myself much lighter on my feet.
4721,1497,10,25,126,161,1.279503105590062,0.04511130138613028,638,"Look, both the belt and the suspenders seem a little redundant for my tastes."
4904,1500,9,32,138,179,1.2793296089385475,0.04118083153731656,638,"They're a little noisy,but they do keep my pants up."
1431,1501,9,25,120,154,1.2792207792207793,0.04559982603418519,638,I'm your ride to the observation deck at the Empire State building.
5173,1501,6,31,117,154,1.2792207792207793,0.042716470135968757,638,"And, the white noise relaxes me!"
3284,1501,10,23,121,154,1.2792207792207793,0.04652124860933515,638,I enjoy the sensation. Plus the flying part is nice too
3250,1504,8,32,132,172,1.2790697674418605,0.04147944521301944,638,"Liar, liar, pants on... fliers?"
1874,1504,10,28,134,172,1.2790697674418605,0.04308762336435586,638,"If you make them mad, they give you a wedgie."
1105,1504,12,24,136,172,1.2790697674418605,0.044637900927320597,638,Way less nerdy than Google Glass.
1413,1507,7,27,113,147,1.2789115646258504,0.04505384898202644,638,I'm a big 'spender.
5175,1508,12,22,131,165,1.2787878787878788,0.04596656677938891,638,I'm exercising my privilege of absurdity.
2887,1509,6,39,138,183,1.278688524590164,0.03827280626882221,638,"Hey, they're easier than dogs."
2939,1510,10,24,124,158,1.2784810126582278,0.0456734195462213,638,They work...but my voice is squeaky.
2647,1510,9,26,123,158,1.2784810126582278,0.04478209014730891,638,Beats taking the bus.
2387,1510,11,22,125,158,1.2784810126582278,0.046547684240234734,638,"I put them on the same way, one leg at a time."
653,1510,10,24,124,158,1.2784810126582278,0.0456734195462213,638,How long is this guy going to drone on?!
3708,1510,10,24,124,158,1.2784810126582278,0.0456734195462213,638,You should see what happens when I add a third!
931,1515,7,35,134,176,1.2784090909090908,0.04003162489501941,638,To heck with the 'belt or suspenders' dilemma. I'm a non-conformist.
5019,1515,10,29,137,176,1.2784090909090908,0.042395001905186094,638,"Yeah, they took a lot of weight off my shoulders!"
3411,1517,9,24,118,151,1.2781456953642385,0.04618700867327866,638,"Look, I know I'm droning on but this is important!"
312,1517,9,24,118,151,1.2781456953642385,0.04618700867327866,638,No -- actually they are taking ME for a walk.
785,1519,9,29,131,169,1.2781065088757397,0.04276682030112418,638,But I drone on. What is it you wanted to say?
3187,1520,5,30,109,144,1.2777777777777777,0.043457376303801656,638,Ever since Elon Musk brought out his own clothing line I haven't really bothered with anything else.
4231,1520,10,25,127,162,1.2777777777777777,0.044865158504847125,638,I like wedgies
3079,1522,8,32,133,173,1.277456647398844,0.04127052029033314,638,The trick is to get them to stop fighting.
3103,1522,8,32,133,173,1.277456647398844,0.04127052029033314,638,Amazon and Uber are teaming up to provide this great new rideshare service!
4389,1522,5,38,130,173,1.277456647398844,0.0387506882475361,638,I could drone on all day about these new suspenders.
3346,1525,7,29,119,155,1.2774193548387096,0.043453246784730684,638,"I'm sorry, I didn't mean to drone on and on."
3662,1525,8,27,120,155,1.2774193548387096,0.04440688951836282,638,Drone delivery tech support. How may I assist you today?
4349,1525,5,33,117,155,1.2774193548387096,0.0414802398138193,638,"My belt broke , hope the batteries last ."
3792,1525,7,29,119,155,1.2774193548387096,0.043453246784730684,638,Cheaper and faster than Uber or Lyft
2978,1529,7,24,106,137,1.2773722627737227,0.04717198442927356,638,Need a lift? It's cheaper than Uber.
4645,1530,7,37,140,184,1.2771739130434783,0.038866135082459626,638,Give me your hand  and for five bucks I'll take you to 42nd Street.
1561,1531,8,30,128,166,1.2771084337349397,0.04240532355492023,638,Holds my pants up and gets me around town.
4210,1531,9,28,129,166,1.2771084337349397,0.04325772550568576,638,Believe me. Soon everyone will be wearing suspendrones.
4959,1531,11,24,131,166,1.2771084337349397,0.04491402360266584,638,Would you like to see them land?
2871,1531,10,26,130,166,1.2771084337349397,0.044093652219486655,638,These are drones in my pants AND I'm happy to see you!
2920,1535,6,29,113,148,1.277027027027027,0.04374976263528806,638,I hate elevators.
3029,1536,8,33,136,177,1.2768361581920904,0.04063371444544116,638,They've taken some weight off my shoulders.
5337,1537,10,24,125,159,1.2767295597484276,0.045419038696907145,638,I'm thinking of getting one more for my fly.
592,1537,10,24,125,159,1.2767295597484276,0.045419038696907145,638,You should see what my Roomba does.
4916,1537,5,34,120,159,1.2767295597484276,0.0408023479306168,638,It's the ultimate in 'no frills' air travel!
3947,1540,5,37,128,170,1.276470588235294,0.03913700192971713,638,Every now and then I need a lift.
4710,1540,12,23,135,170,1.276470588235294,0.04493328866182205,638,I don't FEEL like a corporate drone
3579,1540,11,25,134,170,1.276470588235294,0.044151860500916025,638,Sorry to drone on. Name's Eugine.
1422,1540,8,31,131,170,1.276470588235294,0.041719849626640736,638,"And I can actually see if my ass looks big in these on my device, too!"
4976,1544,9,24,119,152,1.2763157894736843,0.04591861693702519,638,You really need to get Amazon Prime.
4153,1544,5,32,115,152,1.2763157894736843,0.041951947254526244,638,"It's like Uber, only you are the driver."
5310,1546,14,22,145,181,1.276243093922652,0.044386495667750235,638,I am the Ghost of Christmas Yet To Come.
403,1547,9,27,127,163,1.2760736196319018,0.04376469234976011,638,"These days, if you want to impress the ladies, you've got to walk on water."
751,1547,4,37,122,163,1.2760736196319018,0.03920008273300579,638,"But when the batteries die, things can get dicey."
4082,1547,9,27,127,163,1.2760736196319018,0.04376469234976011,638,Your money or your privacy
4566,1547,8,29,126,163,1.2760736196319018,0.04289065089772153,638,They were BOGO
5204,1547,8,29,126,163,1.2760736196319018,0.04289065089772153,638,Trust me.  This doesn't look so ridiculous when it's made by Apple.
5140,1552,6,36,132,174,1.2758620689655173,0.039412426161213016,638,"Hey, Tom. Can I give you a lift?"
1923,1552,7,26,112,145,1.2758620689655173,0.04536226956476118,638,"It's not first class, but it's cheap"
2517,1552,11,26,137,174,1.2758620689655173,0.043422841641116275,638,I'm working on the zipper drone next.
5102,1552,5,38,131,174,1.2758620689655173,0.03856032375198359,638,"Ehh, Uber is so 2016."
4735,1552,10,28,136,174,1.2758620689655173,0.04265093677909294,638,"Hey man, the L train is gonna be down for a while."
2384,1552,8,24,113,145,1.2758620689655173,0.04640604422571574,638,"To be honest, weggies have become a problem."
2855,1558,5,33,118,156,1.2756410256410255,0.04125183200054257,638,These are way cooler than suspenders.
4575,1558,6,31,119,156,1.2756410256410255,0.04224247423316703,638,"Yeah, they're my suspenders of disbelief."
289,1560,10,26,131,167,1.2754491017964071,0.043860222473317334,638,"The ride was smooth, but now I've got a deep crack wedgie."
574,1560,11,24,132,167,1.2754491017964071,0.044675093534335346,638,It's a high tech wedgie
5287,1560,5,36,126,167,1.2754491017964071,0.03953472879564609,638,The difference is they also pull your pants up.
3791,1560,12,22,133,167,1.2754491017964071,0.04547536530028464,638,I can just drone on and on.
1470,1564,8,22,108,138,1.2753623188405796,0.047987220104410026,638,It would be more embarrassing if my pants fell down
5163,1564,7,24,107,138,1.2753623188405796,0.046872025458178125,638,"Sure they cost more, but, dude, I’ve got better things to do with my shoulders!"
4023,1566,9,31,138,178,1.2752808988764044,0.041212205496640134,638,I call them wunder pants.
840,1567,10,21,118,149,1.2751677852348993,0.0474824763638524,638,"If you like these suspenders, you should see my fly!"
1411,1567,9,23,117,149,1.2751677852348993,0.04651764009573785,638,"Laugh if you want.
I've lost 35 pounds on the Drone Diet!"
5014,1567,8,25,116,149,1.2751677852348993,0.04553236341888473,638,"Rick?  Hi, I'm you're Uber Pilot Ranjeet.  Music good?"
2190,1567,7,27,115,149,1.2751677852348993,0.044525289408853794,638,"Don't be ridiculous, they're not suspenders. It's just so the damn things don't fly away"
800,1571,4,36,120,160,1.275,0.03960298254443841,638,"I am a belt and drone man, myself."
3396,1572,9,29,133,171,1.2748538011695907,0.04232732027252226,638,Uber?  Lyft?  I got your uber lift!
2564,1572,8,31,132,171,1.2748538011695907,0.04150665719915627,638,I call it Lift. Much cheaper than those other two ride shares.
4519,1572,9,29,133,171,1.2748538011695907,0.04232732027252226,638,"Not only that, but commuting is a breeze now."
4797,1575,6,24,101,131,1.2748091603053435,0.047303613388792874,638,How do you think I'm controlling them?
4071,1576,13,24,145,182,1.2747252747252746,0.04347530200045318,638,I do not want to drone on but it is the best way to get around.
5099,1576,8,34,140,182,1.2747252747252746,0.039831370106427,638,Their owner is out of town.
4152,1578,12,15,115,142,1.2746478873239437,0.05110346269509473,638,I'm a beta tester for Amazon Uberwedgie.
2950,1578,9,21,112,142,1.2746478873239437,0.04808215403689606,638,"’”Relax, they’re not watching you - they’re watching everyone.”"
5078,1578,8,23,111,142,1.2746478873239437,0.04703194038056216,638,"Frequently bought together"" and I've figured out why"
3967,1581,6,41,146,193,1.2746113989637307,0.03689626112536831,638,"With the latest software update, wedgies are down 50%."
2965,1582,5,32,116,153,1.2745098039215685,0.04171596064274043,638,"Hasn’t gone over great in the men’s room, but the overall sense of security is worth it."
4654,1582,10,22,121,153,1.2745098039215685,0.04658559790723082,638,A drawback is new batteries resulting in wedgies.
307,1582,8,26,119,153,1.2745098039215685,0.04470144637887213,638,Sorry.  I tend to drone on sometimes.
4469,1585,8,29,127,164,1.274390243902439,0.04266154527409851,638,Yeah. Surgery on both eyes. They were out of dogs.
4621,1585,6,33,125,164,1.274390243902439,0.040870209774351345,638,"Sir.. I""m with the Suspenders Police.."
732,1585,5,35,124,164,1.274390243902439,0.03994442824615528,638,Sorry to keep droning on.
3320,1585,9,27,128,164,1.274390243902439,0.043529577809360766,638,"We were first to market in the emerging 
aerial trouser suspension space."
4124,1585,10,25,129,164,1.274390243902439,0.044380635905183125,638,Let me know if I'm droning on too much!
3516,1590,8,24,114,146,1.273972602739726,0.04612581420895325,638,Why settle for a body cam?
5250,1591,6,31,120,157,1.2738853503184713,0.042009254644181274,638,"They showed up one day, and I haven't been able to get my pants off since."
4024,1591,7,29,121,157,1.2738853503184713,0.042970184931970835,638,Gotta fly! Wanna a ride?
489,1591,11,21,125,157,1.2738853503184713,0.04661624247405835,638,What buzzing noise...I don't hear a buzzing noise.
2890,1591,10,23,124,157,1.2738853503184713,0.045731988203795544,638,I’m from United Airlines new Uber service.
1535,1595,7,32,129,168,1.2738095238095237,0.04110532708852036,638,"After the Kavanaugh hearings, I figure a man needs proof y'know."
2197,1595,8,30,130,168,1.2738095238095237,0.041963483107148744,638,"They’re more expensive than suspenders, but my children don’t make fun of me anymore."
2288,1595,11,24,133,168,1.2738095238095237,0.04443863086069478,638,Think of it as being an uber-pedestrian.
909,1598,4,36,121,161,1.2732919254658386,0.03939328067186727,638,You get used to the constant droning.
2706,1598,10,24,127,161,1.2732919254658386,0.04491847138326595,638,My cracker-jack attorney got me these instead of those terrible ankle monitors.
4728,1598,11,22,128,161,1.2732919254658386,0.045774543394359234,638,They're powered by disbelief.
353,1601,7,33,132,172,1.2732558139534884,0.040463861786901166,638,To be honest it was the vibrations that sold me on the idea.
1983,1601,7,33,132,172,1.2732558139534884,0.040463861786901166,638,Twenty five bucks to fly up and see if your girlfriend  is cheating on you.
2087,1601,7,33,132,172,1.2732558139534884,0.040463861786901166,638,Love my new job delivering packages for Amazon.
149,1601,5,37,130,172,1.2732558139534884,0.03874693792676702,638,"Yeah, I have lost some weight, I didn’t think anyone would notice."
2873,1601,8,31,133,172,1.2732558139534884,0.041295563523383386,638,Dude. The commute? Awesome!
73,1601,7,33,132,172,1.2732558139534884,0.040463861786901166,638,It's my new invention for plumber's crack.
1621,1607,8,29,128,165,1.2727272727272727,0.042434799657807436,638,"With these, I don't need a cape"
567,1607,10,25,130,165,1.2727272727272727,0.04414217803884439,638,...And I get frequent fly miles
2303,1607,9,24,121,154,1.2727272727272727,0.045390838982517376,638,My doctor prescribed it for me when the Viagra didn't work.
2927,1607,4,31,108,143,1.2727272727272727,0.04231764219233889,638,I use to bike to work
4635,1607,4,31,108,143,1.2727272727272727,0.04231764219233889,638,"For smart apparel, it's probably the fastest-growing start-up in the wearables space."
4805,1607,9,33,145,187,1.2727272727272727,0.0397981325499368,638,"When I wished for superpowers, this is not what I envisioned."
5409,1607,10,25,130,165,1.2727272727272727,0.04414217803884439,638,My wife likes to keep tabs on everything I do.
672,1607,12,15,116,143,1.2727272727272727,0.05078117063080667,638,"You’re the one who ordered “Friends” on Amazon, right?"
1240,1607,12,21,132,165,1.2727272727272727,0.045785931704267174,638,"Just give me a sec,  I ordered a belt from Amazon and they  now deliver and change it in place."
3484,1616,7,35,138,180,1.2722222222222221,0.03925956181637003,638,Pay up. I lost the 10 lbs before you did!
5258,1617,6,34,129,169,1.272189349112426,0.040022926800203196,638,Drives me nuts when people say new technologies don’t solve any “real” problems.
1293,1617,9,28,132,169,1.272189349112426,0.042581237699936346,638,Can I drop you off somewhere?
250,1617,5,36,128,169,1.272189349112426,0.03913300769835788,638,It's helpful when getting out of a chair
5197,1620,11,21,126,158,1.2721518987341771,0.046352687626313886,638,"Sure, I miss the pugs at times, but not those little plastic baggies."
4510,1620,9,25,124,158,1.2721518987341771,0.044579371238452174,638,"Pardon me, I tend to drone on and on."
1651,1620,9,25,124,158,1.2721518987341771,0.044579371238452174,638,Don't be such a Luddite.
614,1620,9,25,124,158,1.2721518987341771,0.044579371238452174,638,Haven't been harassed since
585,1620,8,27,123,158,1.2721518987341771,0.04366571521150535,638,My Uber rate is a little higher since you'll be traveling via air.
4429,1620,10,23,125,158,1.2721518987341771,0.04547467421652611,638,These drones are real ballbusters.
2658,1626,10,20,117,147,1.272108843537415,0.04783820065902891,638,"Turns out, AI makes better decisions about when to drop your pants."
4788,1627,9,32,143,184,1.2717391304347827,0.04019916688788548,638,My commute is down to 15 min plus I never have to buy another belt!
5231,1627,12,26,146,184,1.2717391304347827,0.0423575567308573,638,Wanna see the mini-drones holding up my socks?
5292,1629,10,27,136,173,1.2716763005780347,0.0426911041805409,638,I just picked them up today. The suspense was killing me!
880,1629,10,27,136,173,1.2716763005780347,0.0426911041805409,638,"what does it do? I don’t know, but I was the first to buy it!"
1844,1631,10,24,128,162,1.271604938271605,0.04467220055575988,638,"It’s like viagra, but without any side effects."
2474,1631,11,22,129,162,1.271604938271605,0.04552237624065289,638,It's called a Digital Wedgie..
3255,1631,10,24,128,162,1.271604938271605,0.04467220055575988,638,"Sure theres a better way, but it's not the modern way."
3698,1631,10,24,128,162,1.271604938271605,0.04467220055575988,638,HR required this pending my “me too” investigation.
846,1631,10,24,128,162,1.271604938271605,0.04467220055575988,638,You really have to be on your toes to outwit the pickpockets in this neighborhood.
206,1636,9,23,119,151,1.271523178807947,0.04597126930241102,638,Still living in the 20th century I see...
5273,1636,9,23,119,151,1.271523178807947,0.04597126930241102,638,"It’s pretty cool, but I don’t want to drone on and on about it."
1301,1636,11,19,121,151,1.271523178807947,0.04785350606565732,638,"OMG! I love your old school suspenders! Sorry, I'm getting carried away."
3750,1639,14,23,151,188,1.2712765957446808,0.043053366620031515,638,"I had to agree to this ""oversight"" in our marriage contract."
5242,1639,5,41,142,188,1.2712765957446808,0.036627704492693286,638,I have always been an early adopter.
2719,1641,7,34,136,177,1.271186440677966,0.03965335594734772,638,They hold up my pants AND reduce shoe wear.
1526,1642,7,31,128,166,1.2710843373493976,0.041336385673525704,638,It's an upgrade to the belt-and-suspenders approach.
1492,1642,7,31,128,166,1.2710843373493976,0.041336385673525704,638,No they just keep me cool.
1225,1642,4,37,125,166,1.2710843373493976,0.0385958382493127,638,I try to make it home before the charge runs out
786,1642,6,33,127,166,1.2710843373493976,0.0404435091259732,638,"Sure I get a wedgee, but I save so much time!"
298,1642,10,25,131,166,1.2710843373493976,0.043906204925201774,638,Take my hand. We're off to Never-never land!
2649,1642,6,33,127,166,1.2710843373493976,0.0404435091259732,638,Sometimes I just need a little pick-me-up.
1922,1642,8,29,129,166,1.2710843373493976,0.04221037941879041,638,"How do you do?
 I'm the stunt double you ordered from Amazon.com."
3229,1649,8,26,121,155,1.270967741935484,0.044193349621440434,638,"Well, they are not allowed in public restrooms."
2310,1649,10,22,123,155,1.270967741935484,0.04605026071463241,638,I put my pants on just like anyone else. Except with the use of drones.
5272,1649,8,26,121,155,1.270967741935484,0.044193349621440434,638,It’s just a real shame when they run out of battery.
2089,1652,6,27,111,144,1.2708333333333333,0.04431419701966919,638,"No, they don't allow me to fly. The hold up my pants."
1221,1652,4,31,109,144,1.2708333333333333,0.04206539983463682,638,"Belt and suspenders are so 2018, man."
2538,1654,5,36,129,170,1.2705882352941176,0.03893506744669494,638,"No, but it keeps my pants up."
4889,1654,10,26,134,170,1.2705882352941176,0.04317415544570702,638,Can you think of a better use for them?
4930,1654,8,30,132,170,1.2705882352941176,0.04153047567632133,638,Just taking the boys for a walk.
5380,1654,7,32,131,170,1.2705882352941176,0.04068374080179009,638,They also take amazing selfies.
4960,1654,9,28,133,170,1.2705882352941176,0.04236028864603965,638,It's cheaper than taking the bus every day.
4035,1654,10,26,134,170,1.2705882352941176,0.04317415544570702,638,"But Dad, Don't you think I am too old for a helicopter parent?"
2185,1660,10,23,126,159,1.270440251572327,0.04522017062989071,638,They're holding me hostage.
604,1660,8,27,124,159,1.270440251572327,0.04342396619375543,638,"The tolls for the Holland Tunnel  have become outrageous, and I save a ton of time on my commute!"
1927,1660,8,27,124,159,1.270440251572327,0.04342396619375543,638,You're still using suspenders?
4028,1663,9,22,117,148,1.2702702702702702,0.04657273390662092,638,They're the latest thing in suspender technology.
3955,1663,7,26,115,148,1.2702702702702702,0.04455515926155409,638,The only problem is that they sometimes cause a wedgie when I sit down.
3671,1663,6,28,114,148,1.2702702702702702,0.04351130374357006,638,"Hey man, I like your retro look...."
2184,1663,8,34,143,185,1.2702702702702702,0.03926711325657011,638,We are currently working on the wireless version...
3985,1663,8,24,116,148,1.2702702702702702,0.04557511250868925,638,I just couldn't take the subway anymore.
3975,1663,9,22,117,148,1.2702702702702702,0.04657273390662092,638,49th street!   That will cost you $3.75
928,1669,7,33,134,174,1.2701149425287357,0.040058673042586035,638,Relax. They are more afraid of you than you are of them.
1642,1669,6,35,133,174,1.2701149425287357,0.03922061343066335,638,Truss me!  It works!
744,1669,6,35,133,174,1.2701149425287357,0.03922061343066335,638,Less emotionally wrenching than balloons because they come back.
3180,1669,9,29,136,174,1.2701149425287357,0.04168427547701131,638,Ran into Mike today. He just kept droning on and on about his new suspenders.
967,1673,8,28,127,163,1.2699386503067485,0.04268975681486347,638,It's the new google belt - have you ordered yours yet?
2075,1673,6,32,125,163,1.2699386503067485,0.04087706707720505,638,Don’t ask.
2118,1673,6,32,125,163,1.2699386503067485,0.04087706707720505,638,"Really, dude, suspenders?"
534,1673,7,30,126,163,1.2699386503067485,0.04179324077973915,638,"Once installed, you’ll hardly know it’s there."
3900,1677,11,29,149,189,1.2698412698412698,0.04083106577872777,638,SuspendAirs. The future comes knocking.
2907,1678,9,23,120,152,1.269736842105263,0.04570274896799179,638,The secret is to suspend your disbelief.
124,1678,7,27,118,152,1.269736842105263,0.04375459417878221,638,Hi! I'm a Millennial.
446,1678,6,29,117,152,1.269736842105263,0.04274723541948937,638,I want to say two words to you.  Just two words. Risk management.
1596,1678,12,17,123,152,1.269736842105263,0.04847841159169,638,"Hi, I'm a millennial and I'm running for office."
4470,1678,8,25,119,152,1.269736842105263,0.044739276787746564,638,It's an iWedgie.
811,1683,10,28,140,178,1.2696629213483146,0.04180289914796783,638,They’re Levi 501 Robot Fly Jeans.
5154,1684,10,25,132,167,1.2694610778443114,0.043672679310432345,638,Care for a lift?
3112,1684,8,29,130,167,1.2694610778443114,0.04198825055139145,638,"Suspenders man? , they are so last year."
2073,1684,13,19,135,167,1.2694610778443114,0.04608402672108881,638,It's a dangerous time for men ....
2397,1684,3,39,125,167,1.2694610778443114,0.03744714742010159,638,"With the new drone regulations on the horizon, I'm doing what my wife does with me - keep these things on a short leash."
1768,1684,6,33,128,167,1.2694610778443114,0.0402333624070992,638,Suspend your fear of technology Bill
1723,1684,8,29,130,167,1.2694610778443114,0.04198825055139145,638,"It is tech support, Oldtimer."
1000,1684,7,31,129,167,1.2694610778443114,0.041120169229633574,638,Have you not heard of Prime Wardrobe?
212,1691,3,36,117,156,1.2692307692307692,0.03895465524308801,638,"Guaranteed, no one violates your personal space."
67,1691,11,20,125,156,1.2692307692307692,0.0466815708028145,638,I call them suspenderers.
2862,1691,9,24,123,156,1.2692307692307692,0.04487474880977718,638,I wish you could see how silly you look wearing those.
1523,1691,9,24,123,156,1.2692307692307692,0.04487474880977718,638,I don't know. Why does a tech nerd have two drones attached to his suspenders?
5033,1691,10,22,124,156,1.2692307692307692,0.04578707313947236,638,"Hey, Buddy, wanna buy a pair of flying suspenders?"
610,1691,7,28,121,156,1.2692307692307692,0.04299205867207354,638,Do you think I look like a tourist?
1298,1691,11,27,144,182,1.2692307692307692,0.04189072096316562,638,You should see my garter
923,1698,9,35,153,197,1.2690355329949239,0.038334322378620944,638,It’s the new Amazon rideshare
1375,1699,9,28,134,171,1.2690058479532165,0.0421415583351081,638,I was tired of people laughing at my suspenders.
3351,1699,5,36,130,171,1.2690058479532165,0.03873903897225261,638,"HEY, FRED! YOU'RE GONNA HAVE TO SPEAK LOUDER!"
5072,1699,8,30,133,171,1.2690058479532165,0.041317205729658385,638,"Yeah well, you know what else is impractical? Just your whole tone."
5374,1699,11,24,136,171,1.2690058479532165,0.043743683408237644,638,"Yes, these drone suspenders do get out of control sometimes, and yes, I'm the same guy who used to sing bass in the barbershop quartet."
3842,1699,4,38,129,171,1.2690058479532165,0.037840635445104555,638,My downstairs neighbor complained about my heavy footsteps.
3505,1704,8,27,125,160,1.26875,0.04318480380729099,638,"So yeah, I hope you can help my Kickstarter."
616,1704,11,21,128,160,1.26875,0.045834226692265556,638,I call them NSC and FBI.
1039,1704,6,31,123,160,1.26875,0.041324261342118376,638,I feel like she doesn’t trust me...
1507,1704,7,29,124,160,1.26875,0.042264771709698806,638,Uber got too expensive. And this is faster.
5141,1704,13,17,130,160,1.26875,0.04751851261224938,638,You should see them at wedgie speed!
5148,1704,6,31,123,160,1.26875,0.041324261342118376,638,I call it the iBelt.
717,1710,6,24,104,134,1.2686567164179106,0.04637478281143451,638,Can you tell me where the nearest outdoor bathroom is?
5293,1711,7,26,116,149,1.2684563758389262,0.04429227875286486,638,With this I avoid traffic and occasionally get a free hair trim.
5246,1711,8,24,117,149,1.2684563758389262,0.045304532650593456,638,That look won't fly.
2874,1711,9,22,118,149,1.2684563758389262,0.04629465844194008,638,It's Apple's new EyeBelt.
2069,1711,9,22,118,149,1.2684563758389262,0.04629465844194008,638,"Weird, right? Our fertility specialist says it'll work."
1268,1715,11,22,131,164,1.2682926829268293,0.0450261042675272,638,"I hate to drone on, but I really need to get going."
991,1715,11,22,131,164,1.2682926829268293,0.0450261042675272,638,Amazon delivered me cause I'm Prime.
603,1715,11,22,131,164,1.2682926829268293,0.0450261042675272,638,"Let me guess, you're one of those 'puts his pants on one drone at a time' types."
368,1715,10,24,130,164,1.2682926829268293,0.044187479747355984,638,"But if it takes off, the sky’s the limit."
1419,1715,5,34,125,164,1.2682926829268293,0.039729710180000224,638,It's just a prototype.
3409,1715,6,32,126,164,1.2682926829268293,0.04066038084024853,638,Belts are SO last century!
2835,1715,9,26,129,164,1.2682926829268293,0.04333262820711154,638,Growing a pair wasn’t an option...
4447,1715,11,22,131,164,1.2682926829268293,0.0450261042675272,638,They’re great.  They hold up my pants and spy on my neighbors
2707,1715,10,24,130,164,1.2682926829268293,0.044187479747355984,638,Kites weren't as practical indoors.
1112,1724,9,34,151,194,1.268041237113402,0.03869494333586221,638,"It won't work, eh?  That's what they said about Uber and Lyft !"
5001,1725,6,29,118,153,1.2679738562091503,0.04250350149249065,638,"Fine, but can your suspenders take 3D selfies?"
2368,1725,7,27,119,153,1.2679738562091503,0.04350341309745316,638,Now I can spy on my neighbors while keeping my pants up
778,1725,7,27,119,153,1.2679738562091503,0.04350341309745316,638,Exercise is old school. I haven't lifted a finger and I'm 15 pounds lighter.
341,1725,11,19,123,153,1.2679738562091503,0.04729211561296106,638,"Yes, I am from Amazon!  You obviously made a mistake when you made the order"
390,1725,6,29,118,153,1.2679738562091503,0.04250350149249065,638,Allow me to drone on...
4985,1725,6,29,118,153,1.2679738562091503,0.04250350149249065,638,Just taking them for a little walk.
2510,1731,10,25,133,168,1.2678571428571428,0.04344156464118289,638,"Look. In these trying times, anything to lighten our burdens."
4380,1731,9,27,132,168,1.2678571428571428,0.04261318503754864,638,"Scary Poppins, nice to meet you."
3271,1731,15,15,138,168,1.2678571428571428,0.04736665003589162,638,"You have to adjust yours by hand, huh? Seems needlessly complicated."
2550,1731,9,27,132,168,1.2678571428571428,0.04261318503754864,638,I was told you would be in a red sedan.
4302,1735,8,22,112,142,1.267605633802817,0.046788259642886874,638,"I know Uber and Lyft are swamped.  Make up your mind, do want the ride or not?"
3706,1735,10,18,114,142,1.267605633802817,0.04887659442048197,638,Pull my finger - I need more propulsion.
575,1735,8,22,112,142,1.267605633802817,0.046788259642886874,638,"Alexa, now show the semi-sagging mode."
897,1738,6,30,121,157,1.267515923566879,0.041785799577232385,638,"I am a belt, suspenders and drone kinda guy."
3944,1738,8,26,123,157,1.267515923566879,0.04369635775399191,638,Drone-man!  I tried a cape but it kept getting caught in the rotors.
3840,1738,5,32,120,157,1.267515923566879,0.040796981861168695,638,Where can I drop you off?
715,1741,6,34,132,172,1.2674418604651163,0.0394171092365302,638,No-tech suspenders are so 20th century.
3119,1741,13,20,139,172,1.2674418604651163,0.045052244035064644,638,Came up with the idea in high school. It's a bully deterent
3821,1743,9,25,127,161,1.2670807453416149,0.043842749047405725,638,Segways are obsolete.
2642,1743,9,25,127,161,1.2670807453416149,0.043842749047405725,638,I’m saving a fortune on belts.
1751,1743,10,23,128,161,1.2670807453416149,0.04471941855152625,638,"Suck it, United."
1510,1743,5,33,123,161,1.2670807453416149,0.04014508236163696,638,I'm suspending my Amazon Prime delivery option.
852,1743,9,25,127,161,1.2670807453416149,0.043842749047405725,638,You may call me paranoid but you never know when you need an alibi.
1981,1748,12,23,141,176,1.2670454545454546,0.04356248819574031,638,Carl found that Bob tended to drone on and on..
3085,1748,10,27,139,176,1.2670454545454546,0.04204545454545454,638,Excuse me while I drone on .
5296,1750,10,28,142,180,1.2666666666666666,0.0413910811829041,638,Sorry if I drone on
52,1750,6,28,116,150,1.2666666666666666,0.043004257285391624,638,You should see me put on my underwear.
112,1750,6,32,127,165,1.2666666666666666,0.04044590095625991,638,You get 360 degree street views with the confidence that you're pants won't fall down.
425,1750,10,24,131,165,1.2666666666666666,0.043948950205814366,638,Smile.  If they think you're a mugger what happens isn't pretty.
3727,1750,9,22,119,150,1.2666666666666666,0.04601980574173564,638,"This is going to replace driverless cars,"
3238,1750,5,34,126,165,1.2666666666666666,0.03952165323156656,638,Suspenders by Amazon.
4616,1756,9,31,144,184,1.266304347826087,0.04002816147404192,638,"Hey, it’s a lot quicker than a cab!"
3759,1757,8,29,132,169,1.2662721893491125,0.041550733958717244,638,"When the traffic gets tough, the tough get moving"
5238,1757,6,33,130,169,1.2662721893491125,0.03981932616505114,638,"Unlike your suspenders, these come with recharable batteries and an onboard camera."
221,1757,7,31,131,169,1.2662721893491125,0.04069423932663458,638,"Well, I've been droning on. How are you doing?"
3340,1760,9,23,122,154,1.2662337662337662,0.045174785091514194,638,It's the newest thing in house arrest!
2654,1760,10,21,123,154,1.2662337662337662,0.046104703077756694,638,Looks like Amazon is here to collect payment for these jeans!
1810,1760,7,27,120,154,1.2662337662337662,0.043255015112900655,638,"Once in a while, I just need a little pick-me-up."
5009,1760,10,21,123,154,1.2662337662337662,0.046104703077756694,638,I got them from a breeder in West Virginia.
1940,1764,4,29,106,139,1.2661870503597121,0.04280774863955415,638,I'm suspended for the whole Fall Season.
5158,1765,6,38,144,188,1.2659574468085106,0.03721981751253738,638,"You need help?—I have some pull."""
2256,1766,10,26,137,173,1.2658959537572254,0.04250870170486751,638,I can’t tell which one is the devil and which is the angel.
220,1767,7,28,123,158,1.2658227848101267,0.0425140386572089,638,I look for women taller than me.
4252,1767,8,26,124,158,1.2658227848101267,0.043451917541463006,638,You call those suspenders?
3066,1767,7,28,123,158,1.2658227848101267,0.0425140386572089,638,Wait  a minute - let me see how yours work
1433,1767,8,26,124,158,1.2658227848101267,0.043451917541463006,638,You must think I'm droning on and on.
463,1767,10,22,126,158,1.2658227848101267,0.045269420674413266,638,Do you know of an open-concept restroom around here?
389,1767,5,32,121,158,1.2658227848101267,0.040573293836953364,638,Ever tried to get a cab at rush hour?
3049,1773,6,26,111,143,1.2657342657342658,0.04432876928557099,638,I'm redefining power dressing.
2204,1774,5,37,135,177,1.265536723163842,0.037803630398993635,638,It beats the subway
891,1775,9,25,128,162,1.2654320987654322,0.043602453832988525,638,I'm changing how I see myself.
508,1775,12,19,131,162,1.2654320987654322,0.04616511332773346,638,"I know, I can’t believe it either. Twins!"
4874,1775,8,27,127,162,1.2654320987654322,0.0427140813334007,638,"You know, all is well until you get caught in a tree"
2435,1775,7,29,126,162,1.2654320987654322,0.04180683566182501,638,"Hey, I never criticize the way you hold up your pants."
1037,1775,9,25,128,162,1.2654320987654322,0.043602453832988525,638,"I don't know who is controlling these things, but you should see how I go to the bathroom."
4025,1775,5,33,124,162,1.2654320987654322,0.03993055266148707,638,Just come up with me! I'm sure I've got enough battery.
1399,1775,11,21,130,162,1.2654320987654322,0.04532699474331987,638,"It makes me feel special, Gary."
3031,1782,8,23,116,147,1.2653061224489797,0.04561319813620343,638,"Double drones, dude... suspender disbelief!"
2475,1782,8,23,116,147,1.2653061224489797,0.04561319813620343,638,You didn't hear? This is part of Prime now.
2635,1782,4,31,112,147,1.2653061224489797,0.041325682132910276,638,"Gave up waiting for the jet-pack, man"""
1873,1782,5,29,113,147,1.2653061224489797,0.04243818992211959,638,Belt and suspenders is so 20th Century
2742,1786,10,24,132,166,1.2650602409638554,0.04371292280563499,638,I apologize for droning on and on.
3594,1786,10,24,132,166,1.2650602409638554,0.04371292280563499,638,"Come fly with me. Come fly, let's fly away."
986,1786,10,24,132,166,1.2650602409638554,0.04371292280563499,638,Because bootstrapping is so last decade.
4085,1786,4,36,126,166,1.2650602409638554,0.03837581946284275,638,I wear a belt just to be on the safe side
4824,1786,10,24,132,166,1.2650602409638554,0.04371292280563499,638,"You could just buy one, but you’d look weird."
10,1786,10,24,132,166,1.2650602409638554,0.04371292280563499,638,That Untuckit craze ruined my idea.
2618,1792,8,24,119,151,1.2649006622516556,0.04477265283562814,638,We don't know if it's scalable yet.
3091,1792,13,14,124,151,1.2649006622516556,0.049457977573819575,638,"Hi, I'm the new ""better"" you. Your girlfriend just purchased me online and got free one day drone shipping."
3073,1792,8,24,119,151,1.2649006622516556,0.04477265283562814,638,I'm telling you thus beats taking the subway during rush hour.
5399,1795,7,31,132,170,1.2647058823529411,0.040484464065047195,638,I have always tried not to be a helicopter parent
4740,1795,7,31,132,170,1.2647058823529411,0.040484464065047195,638,Am I droning on?
581,1795,11,23,136,170,1.2647058823529411,0.04378865615352004,638,"Yeah?  Well, I happen to LIKE wedgies."
2854,1795,12,21,137,170,1.2647058823529411,0.04457645176553969,638,This cartoon is fake. Real engineers would be looking at each other’s feet while talking.
5118,1799,13,24,152,189,1.2645502645502646,0.04203149526063298,638,Do you mind taking my photo?
3599,1799,8,34,147,189,1.2645502645502646,0.038538424230829614,638,Welcome aboard Uber Air.
5385,1801,9,23,123,155,1.264516129032258,0.044915243324909135,638,"Sure, I could have just bought tighter pants, but these were on sale."
726,1801,8,25,122,155,1.264516129032258,0.043972626739534455,638,These bad boys have an automatic alert for plumber's crack.
144,1801,8,25,122,155,1.264516129032258,0.043972626739534455,638,But you would if Musk did!
4332,1804,13,20,141,174,1.264367816091954,0.04458561688184177,638,I'm not getting caught with my pants down!
1236,1804,9,28,137,174,1.264367816091954,0.04149836334740514,638,I'm just like you. I put my pants on one drone at a time.
1308,1806,9,19,112,140,1.2642857142857142,0.04820595832315205,638,"Not only do I not need a belt, I can deliver myself anywhere in the tri-state area."
4640,1807,10,31,152,193,1.2642487046632125,0.03939967941865454,638,For 50 bucks I'll spray your monogram and a mustache on the Statue of Liberty.
3307,1808,9,24,126,159,1.2641509433962264,0.04412172243135606,638,"But I can FLY, Mac - Can your suspenders do that?"
1757,1809,12,23,143,178,1.2640449438202248,0.043123569141077484,638,Stop me if I seem to be droning on.
689,1809,7,33,138,178,1.2640449438202248,0.039271393597900606,638,"Brother, can you spare a drone?"
3685,1811,7,24,113,144,1.2638888888888888,0.0451472931629876,638,Detective Farr here with complete aerial surveillance services.
4014,1811,7,24,113,144,1.2638888888888888,0.0451472931629876,638,"Do your suspenders even have Bluetooth, bro?"
1446,1813,7,29,127,163,1.2638036809815951,0.04158145875937288,638,I’m a drone and suspenders kind of guy.
3788,1813,11,21,131,163,1.2638036809815951,0.045077479529285466,638,"Actually, they're court-ordered. Weinstein has a fleet."
4489,1813,6,31,126,163,1.2638036809815951,0.040660513406971355,638,"...just download the App ""Pants On Demand."""
4829,1813,8,27,128,163,1.2638036809815951,0.04248244431051912,638,They go in opposite directions sometimes.
4696,1813,8,27,128,163,1.2638036809815951,0.04248244431051912,638,"Its like Lyft, but literally.   What floor please?"
3310,1818,12,24,146,182,1.2637362637362637,0.04244252394292165,638,"Belt and drones, yes, I'm in tech"
901,1818,10,28,144,182,1.2637362637362637,0.04098709922469875,638,Works way better than a belt.
2313,1818,6,36,140,182,1.2637362637362637,0.03790898615466982,638,Once I add the passenger seat I'll have put the lift in Lyft!
1670,1821,10,24,133,167,1.2634730538922156,0.04347935965149285,638,It’s either that or the G train.
1744,1821,9,26,132,167,1.2634730538922156,0.042641644536897776,638,"I'm telling you, blockchain is over, Jim. You've got to keep looking ahead."
4722,1821,9,26,132,167,1.2634730538922156,0.042641644536897776,638,"OK, Kenny. Time to raise some hell with the birdwatchers."
4504,1824,7,26,119,152,1.263157894736842,0.04352140984370994,638,They record everything I see so I don't have to be bothered with remembering stuff.
884,1824,9,22,121,152,1.263157894736842,0.04547955437628567,638,I apologize if I drone on about my new suspenders.
1553,1824,6,28,118,152,1.263157894736842,0.04250852548658323,638,"It's not the idea, Tim.  It's the execution."
3722,1824,8,24,120,152,1.263157894736842,0.04451125128015218,638,"They hold my pants up. You know, suspenders."
5049,1824,8,29,134,171,1.263157894736842,0.041121989869204546,638,"Same lift, less suspense."
2748,1824,12,21,138,171,1.263157894736842,0.04434203253370975,638,"I was waiting at a street corner a few weeks back and I thought to myself ""I bet I waste 15 minutes every day waiting for the stupid walk sign""."
1765,1830,9,28,138,175,1.262857142857143,0.041288194310771846,638,Sorry to be droning on. Just give me your wallet and I'll fly out of here...
2593,1830,6,34,135,175,1.262857142857143,0.03882873490687899,638,Sometimes I just drone on.
3156,1832,10,21,125,156,1.2628205128205128,0.045575249300640226,638,These came free with my last Amazon delivery!
3348,1832,5,31,120,156,1.2628205128205128,0.04078649800021505,638,"You don't think this fad is going to take off, do you?"
3443,1832,8,25,123,156,1.2628205128205128,0.043722732953669796,638,There are times when you just can't get your smartphone out fast enough.
4791,1832,5,31,120,156,1.2628205128205128,0.04078649800021505,638,"Ok, I’ll concede drone package delivery isn’t perfect."
1343,1832,9,23,124,156,1.2628205128205128,0.04465859786062159,638,You just gotta watch the battery life when your up there.
2813,1837,7,33,139,179,1.2625698324022345,0.03907923426397881,638,This is more convenient than Lyft and Uber.
3672,1838,10,22,128,160,1.2625,0.044763090562756715,638,Sure beats suspenders.
3021,1839,11,26,146,183,1.2622950819672132,0.04151756884688742,638,They came free with Amazon Prime.
3430,1839,9,30,144,183,1.2622950819672132,0.040045100102282405,638,What? They were on sale.
3876,1841,9,25,130,164,1.2621951219512195,0.04312949096645643,638,"Suspend your disbelief, my friend. This is the future."
740,1841,5,33,126,164,1.2621951219512195,0.03950805227642463,638,It's the ONLY way to get through NY traffic.
1288,1841,8,27,129,164,1.2621951219512195,0.0422532400170497,638,"Awkward, shmawkward. My live stream colonoscopies 
have 90,000 subscribers!"
1326,1841,7,29,128,164,1.2621951219512195,0.041358428316984844,638,"Unlike suspenders, these do way more than just hold my pants up."
1633,1841,9,25,130,164,1.2621951219512195,0.04312949096645643,638,"Mine allows me to fly, what does yours do besides keep your pants up ?"
2079,1841,5,33,126,164,1.2621951219512195,0.03950805227642463,638,"Look, it's safe, trust me!  AND it sure beats riding one of those stupid scooters!"
4472,1841,7,29,128,164,1.2621951219512195,0.041358428316984844,638,"It's way better than suspenders, but I can't use revolving doors."
141,1848,5,28,112,145,1.2620689655172415,0.04268378075316585,638,"Now when people call me ""four eyes"" I take it as a compliment."
15,1849,9,31,147,187,1.2620320855614973,0.0394606075651067,638,You really need the upgrade.
3983,1850,7,30,131,168,1.2619047619047619,0.04070074746107804,638,It's really the only way I could deal with a fourth-floor walk-up.
3761,1850,5,34,129,168,1.2619047619047619,0.03890988107192088,638,"Yes, but with mine I can fly."
1209,1850,8,28,132,168,1.2619047619047619,0.0415672568654724,638,"Sure I tend to drone on, but now at least my pants stay up."
919,1850,7,30,131,168,1.2619047619047619,0.04070074746107804,638,"No worries, bro, they’re in reverse to help me stay grounded."
731,1850,7,30,131,168,1.2619047619047619,0.04070074746107804,638,"It has its pluses, but I'm concerned if one gets called to another task."
3732,1850,11,22,135,168,1.2619047619047619,0.04406466658910854,638,It’s the new ball and chain.
342,1856,9,32,150,191,1.2617801047120418,0.03889879711205594,638,It seemed like a good idea at the time...
1488,1857,7,25,117,149,1.261744966442953,0.04405112743045617,638,"No, it's a broken belt."
2330,1857,7,25,117,149,1.261744966442953,0.04405112743045617,638,You're looking at Prime delivery.
1846,1859,9,27,136,172,1.2616279069767442,0.04173362395913673,638,I can follow myself around so that the department store security guy can take a break.
2798,1859,7,31,134,172,1.2616279069767442,0.04007114244383266,638,I used to walk dogs but this is more uplifting.
3920,1859,11,23,138,172,1.2616279069767442,0.043332369895625784,638,Drone-drone is the new bling-bling.
4552,1859,8,29,135,172,1.2616279069767442,0.040910828795788036,638,Because they keep my pants up and shoot video.
1567,1859,13,19,140,172,1.2616279069767442,0.04487419294850927,638,"Hi, I'm from Planet Douchebag"
119,1859,8,29,135,172,1.2616279069767442,0.040910828795788036,638,They're going to make belts obsolete.
851,1859,4,37,131,172,1.2616279069767442,0.03743925865640066,638,They give me the lift I need every morning without any coffee.
1412,1859,9,27,136,172,1.2616279069767442,0.04173362395913673,638,"I hate to drone on and on about it, but we live in a surveillance society."
4247,1867,8,24,121,153,1.261437908496732,0.044252809299484865,638,"All I need is the costume of an obscure cartoon character, and then Macy's Parade here I come!"
236,1868,13,20,143,176,1.2613636363636365,0.04412838145215364,638,Tighty whiteys. Why?
2070,1868,8,30,138,176,1.2613636363636365,0.040281990081318636,638,They also hold up my pants.
1022,1868,9,28,139,176,1.2613636363636365,0.041080089944479405,638,"Well, of course they make a droning noise."
3427,1871,2,37,118,157,1.2611464968152866,0.037418861881474544,638,It's the latest in suspenders. Very uplifting
4366,1871,11,19,127,157,1.2611464968152866,0.04620719727983762,638,Am I droning on and on again?
4162,1873,11,25,144,180,1.261111111111111,0.04195996502304904,638,Puts the “suspend” in suspender doesn’t it?
4069,1874,7,28,126,161,1.2608695652173914,0.04181605230798118,638,Those suspenders are so yesterday.
3240,1874,12,24,148,184,1.2608695652173914,0.04202857587400018,638,People say I drone on and on.
2885,1874,8,20,110,138,1.2608695652173914,0.04747328592987294,638,Suspenders just don't give me the lift I need anymore.
1307,1874,8,26,127,161,1.2608695652173914,0.0427343185528518,638,Suspender craft
589,1874,7,28,126,161,1.2608695652173914,0.04181605230798118,638,"Dude, you gotta lose those old-time suspenders - these guys hold your pants up, and can also provide you with a a Lyft!"
261,1879,9,25,131,165,1.2606060606060605,0.042896745774035065,638,You have to think outside the box.  It's a manned drone.
2244,1879,9,25,131,165,1.2606060606060605,0.042896745774035065,638,It does get a bit tight in the crotch when it's windy.
3168,1879,8,27,130,165,1.2606060606060605,0.042026431778046595,638,- Suspension of Disbelief -
4344,1879,5,33,127,165,1.2606060606060605,0.03930001880371855,638,"Win-win. I was hot, too."
4814,1879,10,23,132,165,1.2606060606060605,0.04374975003368118,638,I am a test pilot for a new ride sharing venture.
5113,1879,9,25,131,165,1.2606060606060605,0.042896745774035065,638,This is my second suspension.
435,1879,6,31,128,165,1.2606060606060605,0.04022935878161647,638,I’m waiting to hear back from Shark Tank.
2515,1886,7,23,112,142,1.2605633802816902,0.04544981289771381,638,My station can't afford a helicopter.
2729,1887,9,32,151,192,1.2604166666666667,0.03871968169713134,638,Suspenders.  Done.  Belts.  Done.  These babies are the 21st century solution to the world's oldest problem.
1910,1888,8,28,133,169,1.2603550295857988,0.04134961596299139,638,I'm sorry- Am I droning on too much?
3356,1888,9,26,134,169,1.2603550295857988,0.04219280884726161,638,I’m very attached to my drones
3010,1888,7,30,132,169,1.2603550295857988,0.04048886713841456,638,Selfie sticks are so 2016.
1402,1888,8,28,133,169,1.2603550295857988,0.04134961596299139,638,I had too much for lunch and now I can't get home.
328,1888,7,30,132,169,1.2603550295857988,0.04048886713841456,638,Do YOUR suspenders shoot 4K video?
3214,1893,8,22,116,146,1.2602739726027397,0.04564635218905256,638,Drones are the suspenders of the future.
3932,1894,6,33,134,173,1.260115606936416,0.03901547395870323,638,"They can't quite lift me off the ground, but my pants never sag."
1261,1895,5,29,116,150,1.26,0.04169775126850502,638,"Sure, the wedgie is a bit uncomfortable, but I think it's worth it."
318,1895,6,27,117,150,1.26,0.04275731422181576,638,Elon Musk told me this was the next logical step.
2991,1895,8,23,119,150,1.26,0.04480132628270104,638,Suspenders? That’s so last century.
384,1898,9,28,140,177,1.2598870056497176,0.040874021061281206,638,We're disrupting the suspenders industry.
4868,1899,8,24,122,154,1.2597402597402598,0.04399727866706485,638,"Well, at risk of droning on and on..."
374,1899,6,28,120,154,1.2597402597402598,0.04202375107555406,638,I'm just trying to rise above all the hate and litter.
930,1899,7,26,121,154,1.2597402597402598,0.04302183273971188,638,"It pays a lot better than my old dog-walking business did, and they're easier to control."
1384,1899,7,26,121,154,1.2597402597402598,0.04302183273971188,638,"I feel like an idiot, but hey, it's progress."
2163,1899,4,32,118,154,1.2597402597402598,0.039952856954326835,638,My dream is to render belts obsolete.
2598,1899,7,26,121,154,1.2597402597402598,0.04302183273971188,638,"A drone only provides information, but a manned done provides context."
4179,1899,9,22,123,154,1.2597402597402598,0.044951562463733934,638,Get it? Suspenders of disbelief!
2457,1899,6,28,120,154,1.2597402597402598,0.04202375107555406,638,Brookstone has all the gadgets you need for the holidays!
2942,1899,6,28,120,154,1.2597402597402598,0.04202375107555406,638,They offer excellent technical support
911,1908,9,29,143,181,1.2596685082872927,0.04025531627439616,638,Quaint.
2337,1908,7,33,141,181,1.2596685082872927,0.038700333072747534,638,Not all heroes where capes.
3682,1908,5,37,139,181,1.2596685082872927,0.0370801978356579,638,You get used to the buzzing.
4170,1908,9,29,143,181,1.2596685082872927,0.04025531627439616,638,"I used to twirl plates on sticks, but that was sooo 20th Century."
5056,1912,4,33,121,158,1.259493670886076,0.039324682857435705,638,"Cheap, yeah, but the carry on luggage charge is astronomical."
4097,1912,12,17,129,158,1.259493670886076,0.04681277520619214,638,It’s from the Amazon Optimus Prime collection
2015,1912,8,25,125,158,1.259493670886076,0.04323116124014815,638,How is it useless if every time I go to the bathroom I get a free haircut?
1762,1912,7,27,124,158,1.259493670886076,0.042288386669252824,638,"I couldn't hear a word you said, but can tell you wish you'd thought of this first!"
1439,1916,11,26,148,185,1.2594594594594595,0.04111616412779293,638,Don't worry it's Cool. I just got a new job. I'm working in R&D at Amazon.
5406,1916,10,28,147,185,1.2594594594594595,0.04039535302486058,638,The weight's been flying off
766,1918,9,24,129,162,1.2592592592592593,0.043392975850472526,638,It's sort of 'belt and suspenders' for the 21st century.
5200,1918,7,28,127,162,1.2592592592592593,0.04158831423557151,638,Wearing a belt with suspenders looked foolish.
2083,1918,5,25,105,135,1.2592592592592593,0.04456405500702562,638,It's not what you think.  It's just a new type of hairdryer.
1436,1918,5,32,125,162,1.2592592592592593,0.039701705363291234,638,"Since I was over $35, I was delivered for free today."
2607,1918,5,32,125,162,1.2592592592592593,0.039701705363291234,638,I call it a 'stealthie'!
842,1918,8,26,128,162,1.2592592592592593,0.04250022490597157,638,I'm what the buzz is about!
3940,1924,11,21,134,166,1.2590361445783131,0.044344829281592696,638,Are you 100% sure you've left the window open?
3412,1924,8,27,131,166,1.2590361445783131,0.04180198360879839,638,"It’s not hipster, Greg, it’s the future!"
338,1924,13,17,136,166,1.2590361445783131,0.04596196889025935,638,Sorry to drone on and on like this...
181,1924,10,23,133,166,1.2590361445783131,0.043513728108331706,638,You look ridiculous.
544,1928,8,28,134,170,1.2588235294117647,0.04113418344746973,638,At first I used them only as suspenders.
3218,1928,11,22,137,170,1.2588235294117647,0.0435988759111164,638,Let's just let bi-drones be bi-drones
217,1928,10,24,136,170,1.2588235294117647,0.04279308748429644,638,It's the only way I can keep these lo-rise jeans from falling down to my knees.
1445,1928,6,32,132,170,1.2588235294117647,0.039405504175705416,638,They eliminate the need for suspenders and give you a little lift when you need it.
4403,1932,10,17,116,143,1.2587412587412588,0.04832798445906852,638,This is the future of testicle support.
7,1933,9,27,138,174,1.2586206896551724,0.04130699281584876,638,I bought them on Amazon
3995,1933,9,27,138,174,1.2586206896551724,0.04130699281584876,638,"Yes, This is your Uber transport! I piggy back you to your destination"
2944,1935,7,24,116,147,1.2585034013605443,0.04433044410499038,638,Its a true disruption of the suspenders economy.
5360,1935,10,18,119,147,1.2585034013605443,0.0473788154652724,638,Amazon really is stepping up their game.
334,1937,7,25,119,151,1.2582781456953642,0.043534337171142495,638,"Oh, you're supposed to pilot these remotely?"
4148,1937,7,25,119,151,1.2582781456953642,0.043534337171142495,638,It makes me light in my loafers...
4357,1937,8,23,120,151,1.2582781456953642,0.04453693673436995,638,They detect nearby security threats and they keep my pants up.
4948,1940,10,27,145,182,1.2582417582417582,0.04080969595764102,638,You conservatives are always stuck in the past.
3578,1940,8,31,143,182,1.2582417582417582,0.039293838554726686,638,"Why, yes, I have been accused of droning on. Why do you ask?"
4272,1940,8,31,143,182,1.2582417582417582,0.039293838554726686,638,Disbelief Suspenders
2383,1940,8,31,143,182,1.2582417582417582,0.039293838554726686,638,"'.....nope, just glad to see you....'"
2803,1944,7,26,122,155,1.2580645161290323,0.04277620729996249,638,Alexa said these were the best Suspenders!
2334,1944,9,30,147,186,1.2580645161290323,0.03947229032806794,638,It'll work fine as soon as I lose 150 lbs...
2034,1944,9,22,124,155,1.2580645161290323,0.04469203812864336,638,It's much better than the suspenders you wear but you do have to wear weighted shoes otherwise you flip over.
1391,1944,8,24,123,155,1.2580645161290323,0.043744612142876955,638,It came with the pants
490,1944,8,24,123,155,1.2580645161290323,0.043744612142876955,638,"Get with the program, Phil. There's a drone for everything these days."
17,1944,12,16,127,155,1.2580645161290323,0.04742087951289215,638,Why do it your way when you can pay more for a less effective solution?
1170,1944,10,20,125,155,1.2580645161290323,0.04561979233461597,638,It’s called sans a belt
1093,1951,10,21,128,159,1.2578616352201257,0.044803027123072464,638,"Well, I'm droning on..."
5371,1951,12,17,130,159,1.2578616352201257,0.04654604420561196,638,Check out the new Amazon Prime Air Travel.
462,1951,8,25,126,159,1.2578616352201257,0.04298939692052857,638,I thought those things went out with landlines!
980,1951,4,33,122,159,1.2578616352201257,0.03911064131397898,638,Its FAA approved!
3294,1951,6,29,124,159,1.2578616352201257,0.041095805817513,638,Getting the briefs on is the tricky part.
1272,1956,10,30,154,194,1.2577319587628866,0.03905615591055088,638,My wife's design.
5235,1957,6,30,127,163,1.2576687116564418,0.04043705507829283,638,Could you spare a couple of batteries?
3311,1957,8,26,129,163,1.2576687116564418,0.04226861894458759,638,They’re from the same guys that created MoviePass.
1834,1957,10,22,131,163,1.2576687116564418,0.044024048786550855,638,"Hi, I just flew in from the Hamptons."
5252,1957,7,28,128,163,1.2576687116564418,0.04136297602257143,638,Turns out drones are cheaper than belts these days.
284,1957,8,26,129,163,1.2576687116564418,0.04226861894458759,638,I find suspenders to be too confining.
4729,1957,10,22,131,163,1.2576687116564418,0.044024048786550855,638,"Believe me, it's the best wearable since the Google Glass!"
4260,1957,7,28,128,163,1.2576687116564418,0.04136297602257143,638,They swore it was better than an ankle monitor!
4327,1964,9,26,136,171,1.2573099415204678,0.041753104386869404,638,I'm beginning to feel a bit light in my loafers.
4345,1964,11,22,138,171,1.2573099415204678,0.043369581795881074,638,"Just so you know, I plan to drone on and on."
2810,1964,9,26,136,171,1.2573099415204678,0.041753104386869404,638,Should have stuck with suspenders.
3402,1967,9,27,139,175,1.2571428571428571,0.04109685441303293,638,They take the weight off my shoulders.
4809,1967,11,23,141,175,1.2571428571428571,0.04266514189159113,638,"Jeez, Ned, next you’re gonna tell me you’re still using Viagra?!"
5324,1967,9,27,139,175,1.2571428571428571,0.04109685441303293,638,"They're rescue drones, and I'm trying to find a good home for them."
4564,1970,7,32,140,179,1.2569832402234637,0.03888582718695954,638,"So I decided,'Why not make them useful!'"
1014,1971,10,17,117,144,1.2569444444444444,0.048024825005412386,638,Your braces are so passé!
1430,1971,5,27,112,144,1.2569444444444444,0.042670344868245405,638,No more sitting on the couch with a cumbersome ankle bracelet. Introducing Drone arrest!
317,1973,9,29,145,183,1.2568306010928962,0.03986441989390122,638,They come with free altercations.
910,1974,5,28,115,148,1.2567567567567568,0.04192642504314524,638,I've always been an early adopter of new technology.
439,1974,6,26,116,148,1.2567567567567568,0.04300876399358288,638,"It may seem like a lot, but believe me, I put my pants on one leg and one drone at a time, just like you."
3068,1974,10,18,120,148,1.2567567567567568,0.047090003543052004,638,"My pants are fine, I'm having my testicles stretched."
1050,1974,6,26,116,148,1.2567567567567568,0.04300876399358288,638,It's a lot easier than spinning dishes.
1195,1978,11,26,150,187,1.2566844919786095,0.040722284088652166,638,I'm taking suspender fashion to new heights.
626,1978,9,30,148,187,1.2566844919786095,0.039284887792402745,638,...just the money I save on parking makes it a no-brainer.
5162,1980,7,25,120,152,1.256578947368421,0.04328034702992404,638,It’s Chitty-Chitty-Bang-Bang for millennials.
4006,1980,5,29,118,152,1.256578947368421,0.041217856416234246,638,"I can avoid traffic jams, grab dinner at a drive-thru, and get home in no time. The pigeons like to dive bomb me, though..."
1551,1982,5,30,121,156,1.2564102564102564,0.04054202128420999,638,"The price is steep, but it is worth it knowing that you are better than everyone else"
4284,1982,12,16,128,156,1.2564102564102564,0.04714495085776294,638,I don't tweet. I twirl.
936,1982,7,26,123,156,1.2564102564102564,0.04253329826955489,638,"You don’t get it, it’s supposed to be ironic."
500,1982,8,24,124,156,1.2564102564102564,0.043494763450623725,638,Hey- Do you know which way to the Shark Tank studios?
2793,1986,8,25,127,160,1.25625,0.04275025745628459,638,This new improved model is absolutely guaranteed not to give you a wedgie.
2981,1986,5,31,124,160,1.25625,0.03989655945034412,638,I found the Midtown pigeons to be particularly rude and unwilling to share their airspace.
189,1986,7,27,126,160,1.25625,0.041820666665864606,638,Be honest. Is my bald spot growing?
736,1989,8,26,130,164,1.2560975609756098,0.042039462606503646,638,Think movies. It's the suspension of disbelief.
779,1989,6,30,128,164,1.2560975609756098,0.040220430356588004,638,Suspenders were so 1980s.
2108,1989,12,18,134,164,1.2560975609756098,0.045459687774912876,638,I’m under drone surveillance
2995,1989,6,30,128,164,1.2560975609756098,0.040220430356588004,638,I am competing for the 2018 Darwin Award.
4266,1989,8,26,130,164,1.2560975609756098,0.042039462606503646,638,"Hi,Jeff Bezos here"
4228,1994,5,33,130,168,1.255952380952381,0.03868841980892167,638,Amazon is hiring
3390,1994,8,27,133,168,1.255952380952381,0.04136002690521971,638,I can't find my belt.
3274,1994,6,31,131,168,1.255952380952381,0.039598987698438386,638,"A belt-and-suspenders approach seemed like overkill, so I just went with this."
3210,1994,7,29,132,168,1.255952380952381,0.040489082802291125,638,It's a great system until I need to visit the john.
2535,1994,8,27,133,168,1.255952380952381,0.04136002690521971,638,"It's like a parole ankle monitor, but with wedgie capabilities."
2291,1994,9,25,134,168,1.255952380952381,0.042213005401537225,638,"You know what they say, two drones are better than one."
882,2000,8,29,139,176,1.2556818181818181,0.0400868854181335,638,The only downside of being totally wired is going to the men's room
3934,2000,9,27,140,176,1.2556818181818181,0.0408887936660111,638,My wife is convinced I can't keep my trousers on
4448,2000,6,33,137,176,1.2556818181818181,0.038432905857564745,638,"No, they're not holding up my pants."
227,2000,7,31,138,176,1.2556818181818181,0.03926860473191656,638,Don't give me that ethics crap.Do you want to spy on your girlfriend or not?
2761,2000,6,33,137,176,1.2556818181818181,0.038432905857564745,638,Belts are so LAST YEAR
3323,2005,6,34,140,180,1.2555555555555555,0.03788497588790906,638,Look at me droning on to a guy who already gets it.
2947,2006,8,31,145,184,1.2554347826086956,0.038915936877687615,638,Those suspenders are so last millennium.
912,2007,8,34,154,196,1.2551020408163265,0.03732447074170223,638,"This way, if anyone tries to shoot me, I'll have proof!"
4537,2008,8,22,119,149,1.25503355704698,0.04482503464391083,638,uberwings at your service.
1759,2009,10,19,124,153,1.2549019607843137,0.04592942995144204,638,The only thing we have to fear is...EVERYTHING!
1076,2009,4,31,118,153,1.2549019607843137,0.03991887603166448,638,"The wedgy? Yeah, but that's the beauty of it. You just say, ""MyDrones, bring it down two inches!"""
1749,2011,8,24,125,157,1.2547770700636942,0.04324768725541133,638,"Wow, look at me droning on, I'm Bill."
2009,2011,6,28,123,157,1.2547770700636942,0.04131638680094925,638,But these are so much more than just suspenders.
1566,2011,10,20,127,157,1.2547770700636942,0.04509635337361639,638,"I can't really hear you, but yeah I do like veggies."
1459,2011,6,28,123,157,1.2547770700636942,0.04131638680094925,638,They can take me anywhere except the airport; they shoot me down in that sector.
2017,2011,9,22,126,157,1.2547770700636942,0.04418169044151632,638,"They keep me light on my feet, but still can’t lift my spirits."
865,2011,8,24,125,157,1.2547770700636942,0.04324768725541133,638,AND I don't need a belt.
4226,2011,8,24,125,157,1.2547770700636942,0.04324768725541133,638,These won't clutter up the sidewalks or knock out pedestrians like those damn electric scooters.
4646,2018,10,21,130,161,1.2546583850931676,0.04430230626610902,638,Apparently the Fashion Police now have drones.
649,2018,10,21,130,161,1.2546583850931676,0.04430230626610902,638,I hated getting those ridges in my shoulders.
588,2018,9,23,129,161,1.2546583850931676,0.043417215352246255,638,They are also attached to my socks.
145,2018,10,21,130,161,1.2546583850931676,0.04430230626610902,638,You' re right - going to the John can be very challenging..
3784,2022,10,22,133,165,1.2545454545454546,0.043544495558707985,638,They’re in beta.
5016,2022,6,30,129,165,1.2545454545454546,0.04000604671087579,638,"And the best part, they'll run all day on a quart of honey."
1474,2022,7,28,130,165,1.2545454545454546,0.0409193548756596,638,My ex fiancé dumped me because I kept droning on and on.
1085,2022,10,22,133,165,1.2545454545454546,0.043544495558707985,638,Suspenders are so yesterday
4682,2022,9,24,132,165,1.2545454545454546,0.04268738998176099,638,They follow me on Facebook.
4936,2027,8,28,137,173,1.254335260115607,0.04050081715443797,638,"Yes, but I felt the belt version a bit invasive."
3105,2027,10,24,139,173,1.254335260115607,0.042127697070081994,638,go ahead buddyboy pull my finger
1234,2027,9,26,138,173,1.254335260115607,0.041322264280928576,638,"The pants go down as quickly as they go up! Adapt or die, my friend."
1147,2027,11,22,140,173,1.254335260115607,0.04291801714378571,638,I think you’re missing the point.”
5319,2031,4,37,136,177,1.2542372881355932,0.03652508707988864,638,"Jeeze Bob, get with the 21st century!"
4668,2031,9,27,141,177,1.2542372881355932,0.0406827809168981,638,Belts and suspenders weren't working for me.
502,2031,8,29,140,177,1.2542372881355932,0.039885928944234865,638,Brilliant. What do you call the shoulder belts?
2286,2034,4,38,139,181,1.2541436464088398,0.03603652070596675,638,"Don't worry, they relax my shoulders and put a spring in my step."
1630,2034,6,34,141,181,1.2541436464088398,0.03770153223678897,638,"I'm testing the new Lyft ""Literally"" option"
305,2034,4,38,139,181,1.2541436464088398,0.03603652070596675,638,"After nearly thirty years as senior mechanical engineer at Boeing, I decided to launch my own company."
4907,2037,7,33,145,185,1.2540540540540541,0.037963531366960054,638,It's the latest buzz.
2001,2038,8,20,114,142,1.2535211267605635,0.046274253474722624,638,"Just out walking my new pets, Eye and Spy."
4388,2039,8,21,117,146,1.2534246575342465,0.04539403284374742,638,"Finally, customer support I can give 5 stars!"
3343,2039,7,23,116,146,1.2534246575342465,0.04434123257792524,638,"So I says to myself, 'I'm not gonna be one of these office drones.'"
4567,2041,8,22,120,150,1.2533333333333334,0.044557648521436594,638,"Trust me, the drone pants always make a great impression on a first tinder date."
1809,2041,9,20,121,150,1.2533333333333334,0.04555073545369884,638,I'm just not into pre-drone era fashion.
1498,2041,6,26,118,150,1.2533333333333334,0.042501919068836526,638,my right hand wanted to know what my left hand was doing
1012,2041,5,28,117,150,1.2533333333333334,0.041435825874730124,638,"As Plato said, ""An unexamined life is not worth living."""
2900,2041,7,24,119,150,1.2533333333333334,0.043541917540996115,638,"They told me to lift myself up by my bootstraps, but why not take it one step further?"
1061,2046,7,25,122,154,1.2532467532467533,0.042780938132409324,638,It beats waiting in traffic!
1108,2046,7,25,122,154,1.2532467532467533,0.042780938132409324,638,"Yeah, but do yours intelligently pull your pants down when you have to pee?"
2894,2046,8,23,123,154,1.2532467532467533,0.043761753910379876,638,"Until I find a pair of 32 regulars, these suckers do the trick"
1885,2046,4,31,119,154,1.2532467532467533,0.03969334143175895,638,These babies are completely programmable and adopt to a variety of male and female garments.
2242,2046,5,29,120,154,1.2532467532467533,0.04074854343214989,638,Because the airlines have jacked up their prices again.
3764,2051,8,24,126,158,1.2531645569620253,0.04300333914194397,638,"Mine are superior as long as I have batteries, a cellphone, an app, and an internet connection."
3609,2051,7,26,125,158,1.2531645569620253,0.04205545769901456,638,I’m disrupting belt technology
3405,2051,5,30,123,158,1.2531645569620253,0.040092520650449354,638,"Old school, eh?  I like it."
5264,2054,10,21,131,162,1.2530864197530864,0.044056039554179485,638,You'll never guess how you squeeze the hands-free remote!
4099,2054,6,29,127,162,1.2530864197530864,0.040425359327943194,638,I fly the pants in the family.
3941,2054,9,23,130,162,1.2530864197530864,0.04317700064962713,638,Try to suspend your disbelief Stuart.
2006,2054,7,27,128,162,1.2530864197530864,0.041362917122645615,638,Regular suspenders dig into my shoulders.
5313,2054,8,25,129,162,1.2530864197530864,0.042279689556527916,638,I call them: Suspenders®!
3259,2059,10,22,134,166,1.2530120481927711,0.04330853924986446,638,The weggie is free of charge.
211,2059,7,28,131,166,1.2530120481927711,0.04070100148121295,638,The WiFi won't be the only thing that drops.
3165,2059,3,36,127,166,1.2530120481927711,0.03693905955844793,638,Technology supports us more and more every day
1833,2059,5,32,129,166,1.2530120481927711,0.038865573729434784,638,"They do pull a little bit, but you get used to it."
5305,2059,5,32,129,166,1.2530120481927711,0.038865573729434784,638,The pigeon traffic is horrible today.
5153,2059,8,26,132,166,1.2530120481927711,0.04158835019210888,638,"As you can see, the new Gucci Belt 3000 comes standard with dual drone capability."
2946,2059,6,30,130,166,1.2530120481927711,0.039793871028663635,638,It’s great as long as the batteries last.
618,2066,8,27,135,170,1.2529411764705882,0.040927095289632585,638,You can wait for a sedan or leave now by drone.
2194,2066,6,31,133,170,1.2529411764705882,0.03918928221208077,638,"When the batteries start to run down, you know its time to head home."
2779,2066,5,33,132,170,1.2529411764705882,0.03829081085618105,638,Smarty pants
1484,2069,8,28,138,174,1.2528735632183907,0.04029390200655743,638,"...but now, I can't imagine life without them."
3337,2069,6,32,136,174,1.2528735632183907,0.038609804490614755,638,"AmaJohn Prime, nice to meet you."
3675,2069,9,26,139,174,1.2528735632183907,0.041110087654605304,638,"So when my boss says, 'Your pants are sagging, you're out of dress code,' I just press a button."
4849,2069,8,28,138,174,1.2528735632183907,0.04029390200655743,638,"Come on Carl, get with the times."
2551,2073,9,27,142,178,1.252808988764045,0.04047878704203161,638,Are you here to SUSPEND my FAA drone registration??
4623,2073,6,33,139,178,1.252808988764045,0.03805380774886673,638,"No, but I'm quite light on my feet."
71,2075,11,27,156,194,1.2525773195876289,0.03956918772175806,638,"Driving a car is so 2017, bro."
4232,2076,8,34,156,198,1.2525252525252526,0.036991172645062305,638,Suspenders are so 1980s Wall Street.
5144,2076,10,30,158,198,1.2525252525252526,0.03835225129709317,638,"... and when batteries go, the drones and pants drop."
4466,2078,9,17,113,139,1.2517985611510791,0.04799550466804937,638,Puppet? You're the puppet.
3925,2079,6,25,116,147,1.251700680272109,0.0430020787076315,638,"We’re starting with belts, but our investors see a growing opportunity in bootstraps."
2836,2079,7,23,117,147,1.251700680272109,0.044072289857606535,638,Does my outfit look fly or what.
2325,2079,4,29,114,147,1.251700680272109,0.04077747972773978,638,"I couldn't say ""no"", it was buy one get one free!"
2171,2079,8,21,118,147,1.251700680272109,0.04511712195395935,638,I do admit that the first couple of tries were painful until I decided to wear a supporter.
2252,2083,8,22,121,151,1.2516556291390728,0.04429336582095581,638,"Hi, I'm Nathan from Microsoft, do you have time to take a quick survey?"
1546,2083,11,16,124,151,1.2516556291390728,0.047189012683045956,638,Do you know any places with decent carry-out under 6-1/2 pounds
1139,2083,8,22,121,151,1.2516556291390728,0.04429336582095581,638,"We've tried Viagra, Cialis...I tell you, this doctor is one persistent guy."
580,2086,7,25,123,155,1.2516129032258065,0.04253542685421702,638,This new suspenders system is head-and-shoulders above the rest.
3437,2086,10,19,126,155,1.2516129032258065,0.0453940974065414,638,Can I borrow your phone? I need to pee.
2509,2086,9,21,125,155,1.2516129032258065,0.04446163400948276,638,"Sure, but what's keeping your suspenders up?"
1998,2086,9,21,125,155,1.2516129032258065,0.04446163400948276,638,"They're hard on the crotch when you first power up but after 10 minutes, they're great."
1237,2086,7,25,123,155,1.2516129032258065,0.04253542685421702,638,"They're still improving the battery life. Right now, I can only be in public for like 20 minutes."
4894,2091,8,24,127,159,1.251572327044025,0.04276167559322021,638,It’s Silicon Valley’s answer to those ridiculous suspenders.
2988,2091,5,30,124,159,1.251572327044025,0.03987137333776931,638,I can get crosstown in 15 minutes.
681,2091,6,28,125,159,1.251572327044025,0.04085753183612281,638,"If you know a simpler, technologically progressive way to hold up pants, I'd love to hear it..."
4278,2091,6,28,125,159,1.251572327044025,0.04085753183612281,638,They were Buy One-Get One Free on Amazon
2150,2095,6,29,128,163,1.2515337423312884,0.04020657696812169,638,"Sorry to drone on and on, but the concept really is quite simple..."
3023,2095,7,27,129,163,1.2515337423312884,0.04113768580672014,638,Droneless suspenders were so 2018.
4298,2095,8,25,130,163,1.2515337423312884,0.04204818135866704,638,"Give them up,you too can fly by the seat of your pants."
3715,2095,7,27,129,163,1.2515337423312884,0.04113768580672014,638,"Yeah, elevators can be tricky."
1241,2095,9,23,131,163,1.2515337423312884,0.042939374909403194,638,Suspenders are so 20th Century.
4151,2095,5,31,127,163,1.2515337423312884,0.03925338799969453,638,My friends tell me I need to be more self aware.
4221,2095,8,25,130,163,1.2515337423312884,0.04204818135866704,638,"Not sure I believe in the rise of the machines, but these ones are rising up my ass"
4850,2102,7,28,132,167,1.251497005988024,0.040484906997012814,638,It's the future Jim
1947,2102,8,26,133,167,1.251497005988024,0.041366321584708224,638,"They keep me cool, hold up my pants and are great conversation starters."
5382,2104,7,29,135,171,1.2514619883040936,0.03986006417835845,638,I have an elevator phobia
3464,2104,7,29,135,171,1.2514619883040936,0.03986006417835845,638,Works great...as long as you avoid doorways.
2529,2104,7,29,135,171,1.2514619883040936,0.03986006417835845,638,Traffic above the FDR was crazy this morning.
2409,2104,8,27,136,171,1.2514619883040936,0.04071393085796626,638,They laughed when I said I was an early adopter. Well who’s laughing now?
1653,2104,7,29,135,171,1.2514619883040936,0.03986006417835845,638,Faster than a speeding Uber. More powerful than a locomotive Lyft. Able to leap tall buildings in a single bound.
1615,2104,3,37,131,171,1.2514619883040936,0.036243991472866804,638,"Suspenders make you look old-fashioned, Dude."
5349,2104,10,23,138,171,1.2514619883040936,0.04237007275325432,638,"...and, they're a great way to keep cool on those hot summer days."
4933,2104,5,33,133,171,1.2514619883040936,0.03809495789594797,638,"Sorry, I didn't mean to drone on like that."
572,2104,7,29,135,171,1.2514619883040936,0.03986006417835845,638,I wish I'd double-checked the auto-correct.
4370,2113,11,22,142,175,1.2514285714285713,0.04247558667386202,638,The problem is with number two.
1662,2114,7,31,141,179,1.2513966480446927,0.038686921395675346,638,Oh these? They are the new Google suspenders.
2857,2114,5,35,139,179,1.2513966480446927,0.03702886022819783,638,But it’s not so cool when the batteries run out.
2634,2116,9,28,146,183,1.2513661202185793,0.03967878232540861,638,It's called the Wedgie 3000.
4400,2116,9,28,146,183,1.2513661202185793,0.03967878232540861,638,"And above all, on a hot day it's pretty cool."
2997,2118,6,35,146,187,1.2513368983957218,0.036832794592605064,638,Do you need a lift?
2085,2119,9,24,135,168,1.25,0.042003910364219334,638,"Yeah they’re cool, but the insurance is a real bitch."
2158,2119,7,28,133,168,1.25,0.04027103781908219,638,They are cheaper than a taxi or Uber.
2712,2119,7,26,127,160,1.25,0.041587976007827945,638,"And the best part is, no more stinking elevators."
2741,2119,6,24,114,144,1.25,0.04351941398892446,638,"A little bird do-do, yes.  Still better than the subway."
2785,2119,6,28,126,160,1.25,0.04063180276860005,638,They hold my pants up and take selfies at the same time
3039,2119,9,21,126,156,1.25,0.04420513876014835,638,Do you have any idea what those suspenders say about you as a person?
3159,2119,8,23,125,156,1.25,0.04325946493965428,638,"Just in case my patent isn't approved, I still wear a belt"
3526,2119,4,33,127,164,1.25,0.03807326548662726,638,Psst—prison break at noon—pass it on.
3422,2119,12,20,144,176,1.25,0.04301917422091399,638,I used to keep my pants up with Viagra
5308,2119,8,27,137,172,1.25,0.04050292429078413,638,How’d you know my kids bought my suspenders from the SkyMall catalog?
5012,2119,9,25,138,172,1.25,0.04133384003585129,638,You should see the rover that ties my shoes.
4956,2119,5,26,113,144,1.25,0.04238884637277,638,Not great if you're trying to conceive.
4562,2119,11,14,119,144,1.25,0.048780783917080295,638,"Hello son, your Mom and Dad would like a Word."
4561,2119,7,24,121,152,1.25,0.043031273331024834,638,"I could drone on and on, but to put it simply: I'm not a belt-and-suspenders guy."
4437,2119,6,24,114,144,1.25,0.04351941398892446,638,Suspenders are a young man's game.
4413,2119,9,25,138,172,1.25,0.04133384003585129,638,The trouble with suspenders was they always looked so dated
4341,2119,10,20,130,160,1.25,0.04433293138324429,638,Go ahead and stay in the 20th century for all I care!
4066,2119,10,21,133,164,1.25,0.04357147850760427,638,"I still don't trust mine off-leash."""
2055,2119,6,21,105,132,1.25,0.046100544855210326,638,I have to keep heavy objects in my pockets to avoid sudden unwanted  lift-offs.
1807,2119,6,29,129,164,1.25,0.039990085558669106,638,"It's pretty obvious that your love has not lifted me higher, thus the drones."
4900,2119,2,34,116,152,1.25,0.037629756919039324,638,I love your braces—so retro!
1107,2119,7,30,139,176,1.25,0.03906371751349359,638,...and I never have to worry about sinkholes.
799,2119,8,25,131,164,1.25,0.04181913845554626,638,"It' a an all-purpose life saver: holds up my pants; provides cooling when i need it; lets me see what's behind me; scares off muggers; receives messages; and would you believe it, it's great for picking up chicks."
658,2119,11,17,128,156,1.25,0.046038247845476866,638,Which Black Mirror episode is this?
514,2119,8,23,125,156,1.25,0.04325946493965428,638,"I'm not 'as fast as a speeding bullet', but I can 'leap the tallest buildings'."
282,2119,7,29,136,172,1.25,0.03965460149970794,638,“These drone suspenders will have you walking on air.”
265,2119,10,17,121,148,1.25,0.046848658867186165,638,My package needs extra tech support.
60,2119,9,22,129,160,1.25,0.04343722427630694,638,But what if you need to use your shoulders for something?
1721,2119,9,25,138,172,1.25,0.04133384003585129,638,When are you upgrading to smartsuspenders?
1473,2148,7,34,152,193,1.2487046632124352,0.03675577575166273,638,Buy one for $19.99 and get the second one for free.
2200,2149,10,26,149,185,1.2486486486486486,0.04003603039504851,638,"A belt, braces? So 1990’s"
1427,2149,5,36,144,185,1.2486486486486486,0.0361816486204095,638,"They found me, fell in love with me, and won’t leave."
3488,2151,10,25,146,181,1.2486187845303867,0.040641024844777,638,You’d think the Government would have bigger things to worry about.
531,2151,13,19,149,181,1.2486187845303867,0.04284687810154764,638,Did you order an Uber Hug?
1142,2153,7,30,140,177,1.2485875706214689,0.038868063218561275,638,I know why the caged drones sing.
3322,2153,8,28,141,177,1.2485875706214689,0.0396853584304067,638,"Batteries haven't run out, why do you ask?"
2010,2153,10,24,143,177,1.2485875706214689,0.04127142285559591,638,"Dude, I’m taking belts and suspenders to a whole new level."
3043,2153,8,28,141,177,1.2485875706214689,0.0396853584304067,638,"I'm so cool, my suspenders have suspenders."
1663,2153,7,30,140,177,1.2485875706214689,0.038868063218561275,638,"Believe me, it's a great way to pick up chicks."
436,2158,8,27,138,173,1.2485549132947977,0.04029404404490567,638,"Sure it looks ridiculous, but I am saving a fortune in cab fare."
4565,2158,10,23,140,173,1.2485549132947977,0.04192894770613945,638,You’re telling me you still use a belt to hold up your pants?
4854,2158,6,31,136,173,1.2485549132947977,0.03858993800515129,638,I have the Belts and Suspenders upgrade from Amazon Prime - the delivery and operation all-in-one package.
3863,2161,6,30,133,169,1.2485207100591715,0.039170269633466315,638,"Hey Todd, remember when you gave me a wedgie in 5th grade?"
2697,2161,9,24,136,169,1.2485207100591715,0.041780822844488245,638,The Space Force’s new uniforms come with these cool suspenders.
4177,2161,5,32,132,169,1.2485207100591715,0.038260523323966275,638,I'll drop you anywhere.
3083,2161,7,28,134,169,1.2485207100591715,0.04005936096960533,638,It’s gonna be hell when their batteries die.
2568,2165,6,29,130,165,1.2484848484848485,0.0397758507202781,638,It's easier than finding a belt I like
3676,2165,8,25,132,165,1.2484848484848485,0.041592522892181356,638,"It's a win-win for lawyers - stay in fashion and create more accidents"""
4977,2165,3,35,127,165,1.2484848484848485,0.03688344900493547,638,"Get with it, Bud.  Fairy godmothers are so last-century."
5024,2165,5,31,129,165,1.2484848484848485,0.038835659779569306,638,Women will never look at you the same again!
3801,2165,5,31,129,165,1.2484848484848485,0.038835659779569306,638,I got my suspension lifted.
5262,2165,6,29,130,165,1.2484848484848485,0.0397758507202781,638,Suspenders always look so dorky!
3612,2171,7,26,128,161,1.2484472049689441,0.04135801864898707,638,"This personal space surveillance technology works great, but there are a few challenges with it on the MTA."
4518,2171,9,22,130,161,1.2484472049689441,0.0431945043920584,638,It was a steal but it's a sixth floor walk up.
756,2171,9,22,130,161,1.2484472049689441,0.0431945043920584,638,They're the Uber of suspenders
4109,2171,9,22,130,161,1.2484472049689441,0.0431945043920584,638,The concept is highly uplifting!
3911,2171,7,26,128,161,1.2484472049689441,0.04135801864898707,638,"Dude, suspenders are so passé"
3509,2176,3,33,121,157,1.2484076433121019,0.03797079229788842,638,"Need I repeat?  You, me and everyone are under government surveillance!  They are everywhere!! Can you not see what I'm talking about?"
2099,2176,5,29,123,157,1.2484076433121019,0.040063695565756244,638,Suspenders are so last year.
1519,2176,8,23,126,157,1.2484076433121019,0.04301252903945452,638,How do you like my new Hammacher Schlemmer belt?
4615,2179,7,24,122,153,1.2483660130718954,0.042780314320937096,638,Hi. I'm new here.
2576,2179,5,28,120,153,1.2483660130718954,0.04072046990626665,638,This new look is really going to take off!
2369,2179,7,24,122,153,1.2483660130718954,0.042780314320937096,638,I couldn't find my belt.
2018,2179,8,22,123,153,1.2483660130718954,0.043773903246154315,638,Is my fly showing?
664,2179,10,18,125,153,1.2483660130718954,0.04569631527174469,638,Listen to me drone on.
213,2179,6,26,121,153,1.2483660130718954,0.04176309353236026,638,As seen on SharkTank.
3212,2185,5,27,117,149,1.2483221476510067,0.0414086712909991,638,"Well Dave, the hum is annoying, but fashion stops for no man."
5074,2185,4,29,116,149,1.2483221476510067,0.04029867661001796,638,"Hey, I like your retro look!"
2181,2185,7,23,119,149,1.2483221476510067,0.04354385721569028,638,I hate to drone on and on but...
4267,2188,5,26,114,145,1.2482758620689656,0.04213078806462358,638,I was so embarrassed by my old-school dad and his suspenders. No way I was going to end up like that.
2490,2189,9,17,115,141,1.24822695035461,0.0473791625340828,638,"It's 2018 Jeff! Impractical or not, THIS is fashion."
3036,2190,4,26,107,137,1.2481751824817517,0.04244186524511072,638,It's only been a problem when they won't land.
4451,2191,5,23,105,133,1.2481203007518797,0.04452991733786778,638,These Uber-Drones are fantastic! But I do miss the conversations.
3637,2192,6,36,152,194,1.2474226804123711,0.035850897888974935,638,...and then you tug on these depending on how closely cropped you want your hair
359,2193,7,31,144,182,1.2472527472527473,0.038121780954712484,638,"It's my new start up, up and away."
1005,2194,6,31,137,174,1.2471264367816093,0.03839409864536054,638,I  call the left one belt and the right one suspenders.
2960,2194,5,33,136,174,1.2471264367816093,0.0375188758191713,638,"They’re called braces, by the way, not suspenders."
3681,2194,7,29,138,174,1.2471264367816093,0.03924980992113152,638,"I’m bi-dronal, it’s a thing."
4759,2194,10,23,141,174,1.2471264367816093,0.04171174754203893,638,Remember when belt and suspenders was enough?
2133,2194,9,25,140,174,1.2471264367816093,0.04090756794231981,638,I didn’t get a five-star rating by dropping anyone.
3483,2199,8,26,136,170,1.2470588235294118,0.04071392535457735,638,I finally got the hang of this “selfie” thing.
3442,2200,4,33,129,166,1.2469879518072289,0.03767304916858206,638,"I don't know what they do either, but they're a sure fire chick-magnet."
2702,2200,8,25,133,166,1.2469879518072289,0.04136829745311664,638,They're ok but on a windy day talk about 'restricted airspace'.
5022,2200,9,23,134,166,1.2469879518072289,0.04224163093794226,638,My trainer told me to record my diet and exercise habits.
4265,2203,10,20,132,162,1.2469135802469136,0.04383793234373681,638,"You look ridiculous, still wearing suspenders?"
2142,2203,7,26,129,162,1.2469135802469136,0.041130531286010255,638,"And it's all hooked up with bluetooth, so you just need to say: Alexa, pick my wedgie."
3994,2205,7,25,126,158,1.2468354430379747,0.041815130138536466,638,"I get the skepticism, but ultimately I'm a big fan"
4404,2205,5,29,124,158,1.2468354430379747,0.03984035389320539,638,"Brother, can you spare a charge?"
3847,2205,7,25,126,158,1.2468354430379747,0.041815130138536466,638,This is not your father's belt and suspenders...
5285,2205,9,21,128,158,1.2468354430379747,0.04370075993240433,638,I love the modern look apart for the occasional wedgie
1634,2209,9,20,125,154,1.2467532467532467,0.044483175849756494,638,They're less intrusive than a divorce.
2422,2210,7,22,117,146,1.2465753424657535,0.04407410326605941,638,"Dude, it's just suspended animation."
5225,2210,5,26,115,146,1.2465753424657535,0.04187576812582842,638,"Double-drone suspension!  It will navigate you through your toughest days.  Trust me, it won't let you down."
2704,2210,5,26,115,146,1.2465753424657535,0.04187576812582842,638,It's a must have to avoid all those annoying folks on motorized scooters and skateboards.
1977,2213,8,19,115,142,1.2464788732394365,0.0460036303396386,638,These new and improved e-suspenders add detail to my outfit and can be adjusted via an app
4061,2213,7,21,114,142,1.2464788732394365,0.04490483140552997,638,My venture-backed tech startup is disrupting the belt industry. Name's Chad. Great to meet you.
1295,2213,6,23,113,142,1.2464788732394365,0.04377846231529865,638,I thought the job was for a dog-walker
1495,2213,7,21,114,142,1.2464788732394365,0.04490483140552997,638,"They can do up my zipper, too!"
1614,2213,6,23,113,142,1.2464788732394365,0.04377846231529865,638,"I got the pants from Amazon, and they're still in the trial period."
2769,2218,8,32,155,195,1.2461538461538462,0.03714095554100557,638,I use the one on the left to keep an eye on the other one.
280,2219,9,29,153,191,1.2460732984293195,0.038372280834626175,638,I got the idea researching new treatments for ED.
3174,2220,9,28,150,187,1.2459893048128343,0.038919219567379974,638,Special delivery!
1396,2221,5,35,143,183,1.2459016393442623,0.03631961537162879,638,Apparently they repel elephants - it seems to work.
2315,2222,12,20,147,179,1.2458100558659218,0.042364502086435,638,"The one on the right tells me what my left side is doing, and the one on the left tells me what my right side is doing. 
Amazing invention."
2248,2222,9,26,144,179,1.2458100558659218,0.040080405950014136,638,"Sure they keep your pants up, but can they make you 10 pounds lighter?"
1726,2224,11,21,143,175,1.2457142857142858,0.04228074350582205,638,Suspenders and belt? Old hat!
107,2224,9,25,141,175,1.2457142857142858,0.040697645895328316,638,They're army surplus---another example of government waist.
3445,2226,6,30,135,171,1.2456140350877194,0.0387649947801712,638,"....and Whooooooosh, they’re on!"
2395,2226,4,34,133,171,1.2456140350877194,0.03694761049239713,638,Getting a new perspective on life is easier than I thought.
218,2226,7,28,136,171,1.2456140350877194,0.03964245539710051,638,How quaint.
5257,2226,8,26,137,171,1.2456140350877194,0.04050091010724952,638,It's for my kid's science fair. He's calling it Tech Weggie 2.0.
2217,2230,8,25,134,167,1.2455089820359282,0.0411464256458392,638,Who's going to notify you when your zipper's down?
2905,2230,12,17,138,167,1.2455089820359282,0.044515253689038504,638,Not if I see you first.
1503,2230,13,15,139,167,1.2455089820359282,0.04531834813728515,638,Brace yourself for me to drone on and on.
2574,2230,6,29,132,167,1.2455089820359282,0.03935401643597681,638,"Hello, I'm your new window washer."
1453,2234,7,26,130,163,1.2453987730061349,0.04090547563374914,638,"I'm just a regular schmoe like everyone else, I put my trousers on, one leg at a time, aided by my trusty trouser-drones."
1504,2234,7,26,130,163,1.2453987730061349,0.04090547563374914,638,"Hi, I'm your wife's new husband."
1562,2234,6,28,129,163,1.2453987730061349,0.039968957639452074,638,"I used to be self conscious, but the breeze is worth it."
2145,2234,8,24,131,163,1.2453987730061349,0.04182102699435029,638,What are those??!!
2685,2234,9,22,132,163,1.2453987730061349,0.04271695987428302,638,"Typical Larry, droning  on and on."
4103,2234,8,24,131,163,1.2453987730061349,0.04182102699435029,638,And they really help on visits to friends in walk up apartments.
5410,2234,9,22,132,163,1.2453987730061349,0.04271695987428302,638,It’s just Amazon Prime delivering my suspenders. The underwear delivery may be a little embarrassing.
939,2234,6,28,129,163,1.2453987730061349,0.039968957639452074,638,I’ll take the high road.
445,2242,6,27,126,159,1.2452830188679245,0.04061169607953808,638,Commuting from Brooklyn is a lot more fun.
3220,2242,8,23,128,159,1.2452830188679245,0.04252684858129961,638,They promised us flying cars.
4147,2242,6,27,126,159,1.2452830188679245,0.04061169607953808,638,And he droned on and on....
2177,2242,8,23,128,159,1.2452830188679245,0.04252684858129961,638,"Yeah, I used to be a suspenders guy too, that was before I came to grips with the 21st century."
5083,2246,8,22,125,155,1.2451612903225806,0.043266242990091804,638,It's called Drone Dating. It's free with your Amazon Prime membership. Do you want me to land somewhere else?
2718,2246,7,24,124,155,1.2451612903225806,0.04228688451418825,638,Somebody has to provide oversight on this president.
2458,2246,5,28,122,155,1.2451612903225806,0.04025675397735821,638,"Yeah, well, you know, that's just like, your opinion man."
1798,2246,6,26,123,155,1.2451612903225806,0.04128429993780832,638,Think the Jetsons meets an atomic wedgie.
1099,2246,8,22,125,155,1.2451612903225806,0.043266242990091804,638,"At first I had to deal with a wedgie, but a little duct tape fixed that issue."
674,2246,12,14,129,155,1.2451612903225806,0.046979958543225266,638,Believe me. No one will bother you with one of these.
397,2246,6,26,123,155,1.2451612903225806,0.04128429993780832,638,"Say what you will about the military industrial complex, it's been great for wearable tech!"
1954,2253,10,17,124,151,1.2450331125827814,0.04600305913354047,638,Quick! The batteries!
2092,2253,9,19,123,151,1.2450331125827814,0.045033112582781455,638,"I call it, ""The Smart Belt"""
1887,2253,10,17,124,151,1.2450331125827814,0.04600305913354047,638,Hello! Amazon needs feedback on it's new 'EZ Commute' product. Would you care to test ride?
879,2253,7,23,121,151,1.2450331125827814,0.043027674668663723,638,This new technology has me in suspense.
3308,2253,10,17,124,151,1.2450331125827814,0.04600305913354047,638,What's a belt?
4417,2253,5,27,119,151,1.2450331125827814,0.04092408026933852,638,As long as the batteries hold out they feel a lot more like 'suspenders.'
4666,2259,7,22,118,147,1.2448979591836735,0.0438053793538948,638,My wife thought this was cheaper than a private detective.
4013,2259,6,24,117,147,1.2448979591836735,0.04272848347675213,638,What's it to you if I'm a hovering parent?  My kid has the remote.
4394,2259,5,26,116,147,1.2448979591836735,0.04162373529739404,638,Drone on!
3744,2262,10,27,155,192,1.2447916666666667,0.03890082525564335,638,They're my comfort drones!
2278,2263,6,22,111,139,1.2446043165467626,0.04432292403610714,638,My new 'DroneSpenders' cut my commute time in half!
1327,2264,13,19,152,184,1.2445652173913044,0.04221059740941552,638,Drone suspenders. Jet packs are passé.
1984,2264,6,33,145,184,1.2445652173913044,0.03695888005556619,638,Fashion comes in cycles.
1443,2266,5,34,141,180,1.2444444444444445,0.0366355227665891,638,"It's really about disrupting the I-see-London-I-see-France space, but also it just looks cool."
3544,2267,5,33,138,176,1.2443181818181819,0.03714412006299028,638,The pants came for free.
174,2267,10,23,143,176,1.2443181818181819,0.0412839070332395,638,Welcome to my fan club.
4378,2267,11,21,144,176,1.2443181818181819,0.04206300090179286,638,They're Kegel controlled.
1437,2270,5,32,135,172,1.244186046511628,0.03767347835352644,638,They cut my commute time in half
2239,2270,6,30,136,172,1.244186046511628,0.03856540453901628,638,"The technology might change, but wedgies will never go out of style."
1496,2270,6,30,136,172,1.244186046511628,0.03856540453901628,638,"No adjustments, and no shoulder pain."
4898,2273,9,23,136,168,1.244047619047619,0.041788692553313446,638,I'm  Amazon's new delivery system.
3157,2273,11,19,138,168,1.244047619047619,0.043461095524328176,638,"I believe you ordered the downtown helicopter tour on Fiver? Hope you don’t mind but not all services will be available on this flight. 
Go ahead and take my hand and we’ll be on our way..."
1628,2273,7,27,134,168,1.244047619047619,0.04004650829293274,638,So what was I supposed to do after they took away all the phone booths?
1861,2276,7,37,165,209,1.244019138755981,0.0347698092825808,638,"If you fall , it'll be recorded """
724,2277,6,28,130,164,1.2439024390243902,0.03975266869690043,638,Your suspenders are so old fashioned.
965,2277,10,20,134,164,1.2439024390243902,0.04335367879285992,638,A belt and suspenders approach just isn't going to cut it in this economy anymore.
1901,2277,5,30,129,164,1.2439024390243902,0.03880023156423543,638,"Ten years from now, no one will be using suspenders anymore."
559,2277,6,28,130,164,1.2439024390243902,0.03975266869690043,638,"Just had to get them out of the house, you know?"
4717,2277,7,26,131,164,1.2439024390243902,0.04068281415552227,638,I know I know my wife said this will help me keep my pants on
1177,2282,10,19,131,160,1.24375,0.04410792492149799,638,Constant selfies record the reality of my remarkable life.
4474,2282,6,27,127,160,1.24375,0.04038618120193431,638,The witness protection folks insisted on this.
3739,2282,5,29,126,160,1.24375,0.03940085379625947,638,"We are piloting Same Day Delivery in New Jersey, but the bridge is a nightmare"
2737,2285,8,22,126,156,1.2435897435897436,0.04301671715340813,638,Here’s the elevator pitch: “It’s Uber...for pants.”
3960,2285,5,28,123,156,1.2435897435897436,0.04002872714488858,638,It's not going to look so stupid when they shut down my subway line for a year!
4499,2285,7,24,125,156,1.2435897435897436,0.042044321480046803,638,"I'm telling you, Wilbur, this will work!"
2929,2288,7,23,122,152,1.243421052631579,0.04277404880485733,638,Kites were too impractical.
370,2288,9,19,124,152,1.243421052631579,0.04476489699129966,638,Suspend your disbelief
1570,2290,10,16,122,148,1.2432432432432432,0.04659940023225657,638,"What's the matter, never seen a guy giving himself a wedgie?"
2775,2290,6,24,118,148,1.2432432432432432,0.042471042471042476,638,I’m sorry if I seem to be droning on.
4576,2290,6,24,118,148,1.2432432432432432,0.042471042471042476,638,People always tell me I drone on and on.
3492,2290,9,27,149,185,1.2432432432432432,0.0391050192178375,638,"...one is okay, this is more like belt and suspendrones."
4258,2290,7,31,147,185,1.2432432432432432,0.03757251275688722,638,"And then he said ""If you build it, they will come."""
5085,2295,6,32,143,181,1.2430939226519337,0.037289975564118956,638,Bid me slip the surly bonds of earth...
3962,2295,7,30,144,181,1.2430939226519337,0.03810419441187049,638,No more saggy pants. Guess where I have the controller.
2610,2295,7,30,144,181,1.2430939226519337,0.03810419441187049,638,"Well, drones have the element of suspense."
3976,2295,6,32,143,181,1.2430939226519337,0.037289975564118956,638,...able to leap tall buildings in a single bound!
902,2299,5,25,114,144,1.2430555555555556,0.04209745577362661,638,It's not for everyone. Have you considered a belt?
1629,2300,6,31,140,177,1.2429378531073447,0.037818019905471345,638,I gotta run. Need to recharge.
2876,2300,7,29,141,177,1.2429378531073447,0.03865752145389566,638,Suspenders?  They've gone the way of the flip phone.
4858,2300,4,35,138,177,1.2429378531073447,0.03608046505791014,638,Airspenders!  Get with it Dude!
470,2300,5,33,139,177,1.2429378531073447,0.036959454733299986,638,"Superior suspension, with almost negligible wedgie risk."
1590,2304,6,22,112,140,1.2428571428571429,0.04403986395070219,638,"We call it ""The Game of Drones!"""
225,2305,4,34,135,173,1.2427745664739884,0.03657406080704757,638,My fly will never stay open again.
1223,2305,11,20,142,173,1.2427745664739884,0.04252240903097373,638,"I'm telling you, spywear is really going to take off."
2062,2307,7,27,135,169,1.242603550295858,0.03983502469756131,638,"I lost my damn belt, is that a problem for you?"
2250,2307,9,23,137,169,1.242603550295858,0.04156577857955618,638,"I used to be a belt-and-suspenders kind of guy, like you.  But no more!"
3760,2307,6,29,134,169,1.242603550295858,0.03894081168286858,638,"Impractical? Spendy? True, but oh so chic."
3032,2307,5,31,133,169,1.242603550295858,0.03802557608223639,638,It's cheaper than paying for parking!
5000,2307,6,29,134,169,1.242603550295858,0.03894081168286858,638,You're next. Lift off is easy. It's getting into Superman position that's difficult.
990,2312,5,30,130,165,1.2424242424242424,0.038592681420702664,638,Its an Uber subsidiary.  Later dude.
5356,2312,10,20,135,165,1.2424242424242424,0.04311547528761342,638,"Well, these are Amazon Prime suspenders."
232,2314,8,23,130,161,1.2422360248447204,0.042051799537871,638,"They're super comfortable, as long as you wear 
the recommended wedgie-proof pants."
1378,2314,8,23,130,161,1.2422360248447204,0.042051799537871,638,"Sure, your pants don't fall down, but how do you keep your social status up?"
3626,2314,6,27,128,161,1.2422360248447204,0.04016309675893653,638,You wouldn’t believe the mileage I’m getting on these things.
3938,2314,9,21,131,161,1.2422360248447204,0.04296502759135717,638,I've had it with helicopters to the Hamptons.
1784,2318,6,26,125,157,1.2420382165605095,0.04081610096642558,638,"Go ahead, Mug me."
5047,2318,6,26,125,157,1.2420382165605095,0.04081610096642558,638,My pants have never been so secure.
4166,2318,6,26,125,157,1.2420382165605095,0.04081610096642558,638,In an emergency I can summon my pants.
1953,2318,8,22,127,157,1.2420382165605095,0.042769998044863894,638,My mom likes to know what I am doing at all times.
5365,2322,8,29,149,186,1.2419354838709677,0.03816211584673517,638,"It's my new ""Traffic Beater"" belt attachment from Sharper Image."
3204,2322,8,29,149,186,1.2419354838709677,0.03816211584673517,638,To hold my pants up!  Get it?
50,2322,10,25,151,186,1.2419354838709677,0.0396559246952487,638,We're in stealth mode.
3832,2325,5,27,121,153,1.2418300653594772,0.04045040514173947,638,You’re in luck! I just got 2.3 billion dollars from venture capitalists to solve the Suspender Crisis.
3306,2325,8,21,124,153,1.2418300653594772,0.04352278957221578,638,Bro you don't have drone-suspenders yet? Get with it.
1361,2325,7,23,123,153,1.2418300653594772,0.04252333359629594,638,"Unmanned Aerial Suspenders, check me out on Kickstarter..."
4883,2325,9,19,125,153,1.2418300653594772,0.044499803641733955,638,They actually don't tell time.
629,2329,9,26,147,182,1.2417582417582418,0.039486503268062335,638,"After being diagnosed with cell phone addiction, I quit cold turkey, and went with these."
5413,2329,10,24,148,182,1.2417582417582418,0.040247940422259945,638,Buy one get one at Sky Mall.
3042,2331,5,26,118,149,1.2416107382550337,0.04112843129319842,638,All is fine until the drones come down.
5316,2331,7,22,120,149,1.2416107382550337,0.04327744567062331,638,The Russians designed them for Larry King.
4291,2331,6,24,119,149,1.2416107382550337,0.042216615001756684,638,"No shedding, no kitty litter, no doggy bags.  Plus, they hold my pants up."
1646,2334,5,33,140,178,1.2415730337078652,0.03677656450822894,638,"And, the fans keep you cool."
4414,2335,7,21,117,145,1.2413793103448276,0.04406963106363406,638,Only two days with Amazon Prime.
4446,2335,6,30,138,174,1.2413793103448276,0.0381721727870092,638,Spare change for double A's?
5213,2335,6,23,116,145,1.2413793103448276,0.04296913940808907,638,"What’s so funny? Two eyes, two ears, two drones."
1372,2338,6,29,135,170,1.2411764705882353,0.038737366019591844,638,"Sure they're autonomous, but they ride up like crazy."
2613,2338,5,31,134,170,1.2411764705882353,0.037828162549369895,638,"You haven’t seen a joystick around, have you?"
3318,2338,8,25,137,170,1.2411764705882353,0.04049457759607309,638,Wait til you see the belt I’ve ordered.
1004,2341,5,24,112,141,1.2411347517730495,0.04258695047244958,638,My doctor told me losing weight would help keep my knees from hurting.
223,2341,6,22,113,141,1.2411347517730495,0.04376031847617875,638,"Don't tell me, you have a Blackberry too."
1586,2341,7,20,114,141,1.2411347517730495,0.044903035484589564,638,"Suspends your disbelief, doesn't it?"
5212,2344,9,22,135,166,1.2409638554216869,0.042019765244015767,638,And then I don't have to wash my hands because these pull up my pants for me.
5060,2344,4,32,130,166,1.2409638554216869,0.03742410881401554,638,"Four of these and I run into a passenger jet, three I tip over, two are just right!"
4919,2344,9,22,135,166,1.2409638554216869,0.042019765244015767,638,I remember you. Your ex-wife hired me awhile back.
4732,2344,7,26,133,166,1.2409638554216869,0.04024452721683568,638,"Actually, it's kind of fun, but they sometimes leave me places I didn't want to go."
3745,2344,7,26,133,166,1.2409638554216869,0.04024452721683568,638,I call them “suspended suspenders”
3508,2344,9,22,135,166,1.2409638554216869,0.042019765244015767,638,I have a sneaking suspicion the government is watching.
1572,2344,9,22,135,166,1.2409638554216869,0.042019765244015767,638,There's more intense range anxiety than you get in an electric car.
3907,2351,7,25,130,162,1.2407407407407407,0.04089103757402711,638,The ladies love them.
1397,2351,6,27,129,162,1.2407407407407407,0.03994240500744754,638,Who dressed you...your Mom?!
39,2351,10,19,133,162,1.2407407407407407,0.043613308315066796,638,Can I buy those?  I collect 1.0s.
459,2351,7,25,130,162,1.2407407407407407,0.04089103757402711,638,"Only $1599.99 on suspndr.com, but the 45-minute battery costs a bit more."
4520,2355,8,22,128,158,1.240506329113924,0.042526039797506444,638,The suspense is just about killing me.
533,2355,5,28,125,158,1.240506329113924,0.03958013511357382,638,"I could talk forever about them, so don't let me drone on."
3693,2355,11,16,131,158,1.240506329113924,0.045280691537447224,638,The guy could drone on for hours
1747,2355,6,26,126,158,1.240506329113924,0.04058586885471601,638,These aren't your grandpa's suspenders!
3446,2355,5,28,125,158,1.240506329113924,0.03958013511357382,638,...and no more sore shoulders.
4116,2360,7,30,146,183,1.2404371584699454,0.037733148013332385,638,Of course suspenders would be more convenient. But would they be as cool as this?
1479,2361,9,19,126,154,1.2402597402597402,0.044237779550552296,638,Our policy at Over is that you tip and rate us  right before drop off.
2680,2361,6,25,123,154,1.2402597402597402,0.04125934834788863,638,Welcome to Amazon Direct Temporary Labor
3167,2361,7,23,124,154,1.2402597402597402,0.04227548064677721,638,"Look... it's simple... I go up, I take a look and  I come down."
3777,2361,10,17,127,154,1.2402597402597402,0.045186984601618164,638,"""It's $1 to unlock then $0.15/min, each."""
1200,2361,7,23,124,154,1.2402597402597402,0.04227548064677721,638,You need the Air Lyft app.
518,2361,6,25,123,154,1.2402597402597402,0.04125934834788863,638,Aerial suspenders are uplifting.
5304,2367,7,29,143,179,1.2402234636871508,0.03827226837169604,638,you got any spare batteries?
125,2368,6,24,120,150,1.24,0.04196515013083304,638,My wife no longer drones on about plumber’s butt.
2036,2368,7,28,140,175,1.24,0.03883356765752401,638,Everybody needs a lift once in a while.
2120,2368,8,26,141,175,1.24,0.039670233450325,638,"Wow, these things really make my pants vibrate!"
3888,2368,7,28,140,175,1.24,0.03883356765752401,638,"Sorry, I tend to drone on."
4001,2368,6,24,120,150,1.24,0.04196515013083304,638,Belts are so yesterday.
4539,2368,7,28,140,175,1.24,0.03883356765752401,638,Drone delivery sounds great but returns will get you.
3992,2374,11,19,141,171,1.239766081871345,0.04276703503838402,638,The future is now suspended.
815,2374,7,27,137,171,1.239766081871345,0.03941854243318433,638,"Yeah, but my shoulders don't get tired."
2512,2376,8,19,119,146,1.2397260273972603,0.04486350950048216,638,They're called suspenders for a reason.
2456,2376,6,23,117,146,1.2397260273972603,0.0427058293693113,638,Suspenders for millennials.
4764,2378,8,24,135,167,1.2395209580838322,0.04092006989506098,638,It's called the iBelt. There really is nothing Apple can't do!
4426,2378,8,24,135,167,1.2395209580838322,0.04092006989506098,638,The problem is I can only wear them without a jacket “
1604,2378,12,16,139,167,1.2395209580838322,0.04430611230730539,638,What happens when you want to go to the bathroom?
1197,2378,9,22,136,167,1.2395209580838322,0.041792307750462845,638,"Eventually the ""belt and suspenders"" approach wasn't enough for me."
268,2378,9,22,136,167,1.2395209580838322,0.041792307750462845,638,"Women say I'm self-involved and unapproachable, but I don't see it. I'm a regular guy like you, Jack."
3162,2383,9,27,152,188,1.2393617021276595,0.03854383978976962,638,"I just don't think we're compatible. I mean, how am I supposed to follow you? You don't even live stream."
622,2383,11,23,154,188,1.2393617021276595,0.039992576468757035,638,"Nope, same old Jerry, but the 'fro had to go."
1191,2385,8,23,132,163,1.2392638036809815,0.041587045787783626,638,You always said I droned on and on!
725,2385,4,31,128,163,1.2392638036809815,0.037769312003258546,638,"No, it's not that tough in the bathroom - but a little advance planning sure helps."
176,2385,4,31,128,163,1.2392638036809815,0.037769312003258546,638,I see you went with the Bluetooth model.
116,2385,6,27,130,163,1.2392638036809815,0.039724068941604546,638,"I am back in the jeans 
I wore in college"
89,2385,9,21,133,163,1.2392638036809815,0.042487912862297,638,"Yes, they were made in China. How did you know?"
3296,2385,9,21,133,163,1.2392638036809815,0.042487912862297,638,Sorry to drone on like that.
3424,2385,6,27,130,163,1.2392638036809815,0.039724068941604546,638,We here at the MTA will never stop working on solutions.
1930,2385,6,27,130,163,1.2392638036809815,0.039724068941604546,638,Is safer than Uber...
4428,2385,7,25,131,163,1.2392638036809815,0.040666226961894085,638,I'm trying out for Amazon Man.
3367,2394,9,26,149,184,1.2391304347826086,0.0391000647701035,638,I'm actually doing a study on wedgie tolerance.
3668,2395,4,30,125,159,1.2389937106918238,0.03833481597897213,638,Remember when pants just fit?
3265,2395,5,28,126,159,1.2389937106918238,0.039359492019609005,638,"Attach 'em to your hips and no wedgies, guaranteed."
2032,2397,7,29,144,180,1.238888888888889,0.03808244257635737,638,"These suspenders were costly but totally worth it, which is a ton of weight off my shoulders."
4816,2398,9,19,127,155,1.238709677419355,0.043978772889084285,638,I just wanted to elevate my suspender game.
4173,2398,8,21,126,155,1.238709677419355,0.04301563999603261,638,You can return me. But judging from the battery life you're going to have to give me cab fare.
3686,2398,5,27,123,155,1.238709677419355,0.03998729476451437,638,"As long as you don't have to use the bathroom, these things are like magic."
1932,2398,2,33,120,155,1.238709677419355,0.0367099741337424,638,Elevators are a relic of the past if you can deal with a wedgie.
748,2398,6,25,124,155,1.238709677419355,0.04102159093874264,638,It also keeps most people from approaching me which really helps my crippling social anxiety
287,2398,6,25,124,155,1.238709677419355,0.04102159093874264,638,I'm taking a really cheap flight to Miami!
68,2398,8,21,126,155,1.238709677419355,0.04301563999603261,638,Wait until you see what I'm using for underwear
5139,2398,7,23,125,155,1.238709677419355,0.04203044258281022,638,Heading home? I'll give you a lift.
2973,2398,6,25,124,155,1.238709677419355,0.04102159093874264,638,Things go south when I let my son control them.
4493,2407,7,28,141,176,1.2386363636363635,0.03863636363636365,638,"I know Droning-On is a lousy air taxi name, but Lyft was aleady taken."
4636,2407,6,30,140,176,1.2386363636363635,0.037786684560917196,638,Gotta fly.
5407,2407,8,26,142,176,1.2386363636363635,0.03946775468628014,638,"Trust me, in a few years, everyone will be wearing them."
1258,2407,7,28,141,176,1.2386363636363635,0.03863636363636365,638,"I got this and ten other permutations patented. The next time somebody mentions drone and underwear together, BAM! I sue and we settle."
3179,2411,7,22,122,151,1.2384105960264902,0.042761837777537365,638,Amazon is hiring seasonal workers
2723,2411,7,22,122,151,1.2384105960264902,0.042761837777537365,638,This is the latest from Sansabelt.
1530,2411,4,28,119,151,1.2384105960264902,0.03954331938344031,638,"A few ladies' hats in church, but that's only on Easter."
278,2411,8,20,123,151,1.2384105960264902,0.043782130953883155,638,I don't know why people say that I drone on and on about the new suspenders I invented!
175,2411,9,18,124,151,1.2384105960264902,0.04477918279305156,638,"It's about time you upgraded, you look ridiculous"
5384,2416,5,31,136,172,1.2383720930232558,0.03743925865640066,638,"I'm elevating the ""selfie"" to a whole new level."
1008,2416,9,23,140,172,1.2383720930232558,0.040910828795788036,638,I'm a chippendale dancer.  A party on the Northside ordered me.
3936,2418,7,31,151,189,1.2380952380952381,0.03686374925847798,638,And they're hands free and drip dry!
2412,2418,10,20,138,168,1.2380952380952381,0.04241606821417886,638,He droned on and on about constantly feeling watched!
1232,2418,6,28,134,168,1.2380952380952381,0.03890988107192088,638,I've named my drones Wilber and Orville
2767,2418,3,29,115,147,1.2380952380952381,0.039013715732043514,638,Uber is testing out a new drone taxi service - it’s called the “drone drop”.
2809,2418,10,20,138,168,1.2380952380952381,0.04241606821417886,638,Then it came to me: Why not have a pair of drones hold up my pants?
1438,2418,7,26,135,168,1.2380952380952381,0.039815384519815186,638,Could not find my suspenders this morning.
2758,2418,8,19,120,147,1.2380952380952381,0.04458710369376402,638,"I've only got the fuel to catch the last three innings, but hell, the view is great, and decent Yankees-Red Sox tickets cost at least 500 bucks."
4758,2418,9,17,121,147,1.2380952380952381,0.04562014660118946,638,I told you you’d have two suspender disbelief.
4548,2418,4,32,132,168,1.2380952380952381,0.03703251066524659,638,"Fly? No, no. It's to ward off mosquitos."
1239,2418,8,24,136,168,1.2380952380952381,0.04070074746107804,638,Admit it: men's fashion was ripe for disruption.
4876,2428,7,25,132,164,1.2378048780487805,0.04044382392608217,638,My wife is keeping track of my spending. . .
4790,2428,10,19,135,164,1.2378048780487805,0.043129490966456414,638,My wife got tired of calling to ask when I'd be home...
3970,2428,7,25,132,164,1.2378048780487805,0.04044382392608217,638,It’s a tech wedgie.
3893,2428,9,21,134,164,1.2378048780487805,0.04225324001704969,638,It's safer than walking around here.
2728,2428,8,23,133,164,1.2378048780487805,0.04135842831698483,638,My suspenders are more fly than yours
2609,2428,7,25,132,164,1.2378048780487805,0.04044382392608217,638,"Hey, everythings remote controlled, you feel 10 pounds lighter, and  theres no more grandpa look!"
2543,2428,8,23,133,164,1.2378048780487805,0.04135842831698483,638,"""Big deal. You wear a cup."""
28,2428,7,25,132,164,1.2378048780487805,0.04044382392608217,638,Google doesn't hire me?  I go straight to Apple Maps.
2067,2436,6,22,115,143,1.2377622377622377,0.043211520370902166,638,"A little expensive to hold my pants up, but it works."
4649,2436,8,18,117,143,1.2377622377622377,0.04543370560766492,638,"No, actually it's quite comfortable and in addition to holding up my adult diaper, my wife can keep track of me."
3458,2438,8,27,146,181,1.2375690607734806,0.03869595099346353,638,Selfie drones are the new selfie sticks.
4376,2438,9,25,147,181,1.2375690607734806,0.03948118510751122,638,"Yes, it was a buy-one-get-one-free deal"
1801,2438,8,27,146,181,1.2375690607734806,0.03869595099346353,638,These new suspenders really deliver.
355,2441,8,22,130,160,1.2375,0.04204622718063757,638,I'd say it's worth paying 526 times more to look this cool.
998,2441,9,20,131,160,1.2375,0.042970938694972025,638,Your suspenders may be more practical but this is far more innovative.
2750,2441,8,22,130,160,1.2375,0.04204622718063757,638,Better than the foil hat?
4224,2441,8,22,130,160,1.2375,0.04204622718063757,638,What's all the buzz about? The suspense is killing me.
582,2441,3,32,125,160,1.2375,0.0370783421840769,638,and free delivery saves me tons in carfare!
775,2441,8,22,130,160,1.2375,0.04204622718063757,638,The suspenders really hurt my shoulders
4191,2447,9,15,115,139,1.2374100719424461,0.04743744412919331,638,"Yeah, we’ll this is how we do hold ups now. Give me your spare batteries or you’ll be getting a reverse Mohawk."
4934,2448,9,24,144,177,1.2372881355932204,0.040076446236178585,638,"Of course, everybody has to pull in the same direction"
2429,2448,10,22,145,177,1.2372881355932204,0.040869583779494116,638,Second star to the right and straight on 'til morning.
3598,2450,9,19,128,156,1.2371794871794872,0.043722732953669796,638,"Surveillpance, by Abercrombie."
1714,2450,5,27,124,156,1.2371794871794872,0.039759595485652936,638,"I find it helpful in relieving the tension in my shoulders, or I could just wear a belt."
3630,2450,9,19,128,156,1.2371794871794872,0.043722732953669796,638,"Other than the surprise haircuts, facial nicks, and low-battery-anxiety, this is the best damn thing since shoelaces.com!"
4390,2450,3,31,122,156,1.2371794871794872,0.037621795030343366,638,They will never let you down.
4572,2450,6,25,125,156,1.2371794871794872,0.04078649800021505,638,I could just drone on about these new suspenders
5195,2450,7,23,126,156,1.2371794871794872,0.041788173028505786,638,"I'm sorry, I know that I drone on about these suspenders."
3589,2450,8,21,127,156,1.2371794871794872,0.04276639324281545,638,"They hold up my pants, and they deliver sushi."
2238,2450,9,19,128,156,1.2371794871794872,0.043722732953669796,638,It’s a lot easier than spinning plates.
4817,2450,7,23,126,156,1.2371794871794872,0.041788173028505786,638,In the olden days I would wear a belt and suspenders.
5303,2450,4,29,123,156,1.2371794871794872,0.038705457589905345,638,"""And, I said, 'to hold my pants up.' Get it?"""
4667,2460,6,29,138,173,1.2369942196531791,0.03813928888572191,638,"They keep my pants up, but are impossible to manage appropriately in the restroom."
1393,2460,6,29,138,173,1.2369942196531791,0.03813928888572191,638,"Yah, so then I called Lyft"
2090,2460,6,29,138,173,1.2369942196531791,0.03813928888572191,638,My suspenders broke.
2643,2460,5,31,137,173,1.2369942196531791,0.03724771162880831,638,This way I can get a tan and record selfies while flying to work.
2998,2460,5,31,137,173,1.2369942196531791,0.03724771162880831,638,"Dude, how do you expect to attract women, when you wear old fashion suspenders?"
4249,2460,7,27,139,173,1.2369942196531791,0.03901049463713886,638,"latest advance in suspender technology, except for the occasional  wedgie they seem to work well."
750,2460,8,25,140,173,1.2369942196531791,0.03986266457425957,638,Belts AND suspenders are now old school...
5402,2460,7,27,139,173,1.2369942196531791,0.03901049463713886,638,"Don't worry, they don't bite! They do sever, though."
5369,2460,5,31,137,173,1.2369942196531791,0.03724771162880831,638,One leg at a time just isn't good enough anymore
4182,2469,9,27,154,190,1.236842105263158,0.038178414670963265,638,"Pay up, I made through the whole week."
182,2469,6,24,122,152,1.236842105263158,0.0414709098441645,638,Smartpants - the new smartphones!
620,2469,6,24,122,152,1.236842105263158,0.0414709098441645,638,Suspendrones.
1410,2469,6,24,122,152,1.236842105263158,0.0414709098441645,638,The best part is not even needing to wear a belt anymore.
2356,2469,7,22,123,152,1.236842105263158,0.04250852548658323,638,Since they fixed the wedgie glitch there have been zero fatalities!
925,2474,6,28,135,169,1.2366863905325445,0.03870460937766047,638,I win this round -- both stylish and functional!
1865,2474,8,24,137,169,1.2366863905325445,0.04048371948508011,638,"These Amazon drone deliveries are so convenient, they even put on the suspenders that I ordered."
114,2474,6,28,135,169,1.2366863905325445,0.03870460937766047,638,I can get downtown in five minutes if we don't crash.
1958,2474,7,26,136,169,1.2366863905325445,0.039604155908338316,638,The Auto Wedgie is the perfect solution for the busy bully.
1985,2478,6,19,106,131,1.2366412213740459,0.045762363369893325,638,You can’t be too careful in the “Me Too” age
2580,2479,4,27,117,148,1.2364864864864864,0.03995019707832988,638,"Second mortgage aside, the salesman assured me these will pay for themselves in belt savings alone"
4910,2480,10,19,136,165,1.2363636363636363,0.042891524333351846,638,"I don't know, they just showed up."
4458,2480,5,29,131,165,1.2363636363636363,0.03834232269440075,638,'Aero Suspend' is the postmodern way to keep your pants up.
2913,2480,6,27,132,165,1.2363636363636363,0.03929431943180782,638,And best of all... I don’t need a belt anymore!
2736,2480,6,27,132,165,1.2363636363636363,0.03929431943180782,638,"If you ain't drone, you ain't grown, yo!"
2762,2484,8,27,147,182,1.2362637362637363,0.038504880303622084,638,"Screw the """"Golden Parachute"" paradigm, I have drone suspenders."
5312,2485,6,22,116,144,1.2361111111111112,0.04294214579750938,638,It plays well with my millennial audience.
2684,2486,9,24,145,178,1.2359550561797752,0.039872952413545174,638,Because suspenders are SO last year!
2059,2486,6,30,142,178,1.2359550561797752,0.03740872114850227,638,Cheaper than a defense attorney!
2722,2486,6,30,142,178,1.2359550561797752,0.03740872114850227,638,"I'm just saying, those suspenders are so last year..."
3054,2489,4,29,124,157,1.2356687898089171,0.0384877957123121,638,"I'd like to give you a lift, but the twins don't pick up strangers!"
4949,2489,2,33,122,157,1.2356687898089171,0.03630415656831123,638,"Suspenders are basic, Steven."
366,2489,8,21,128,157,1.2356687898089171,0.04251996811034903,638,Suspenders are so last century
2806,2489,3,31,123,157,1.2356687898089171,0.03741191122442908,638,"Step back, I’m close to lift off!"
3433,2493,10,21,143,174,1.235632183908046,0.04129774774124419,638,You're saying I drone on and on?
3789,2493,7,27,140,174,1.235632183908046,0.03880955635321799,638,The battery life can be a letdown.
2859,2493,9,23,142,174,1.235632183908046,0.040485345502343936,638,"LOOK, no suspenders!"
1684,2493,10,21,143,174,1.235632183908046,0.04129774774124419,638,I've been having a little trouble staying faithful to the wife.
5046,2497,8,29,154,191,1.2356020942408377,0.03726599839687525,638,"...cheaper than Uber X - it's Uber W, for wedgie."
2879,2498,5,26,122,153,1.2352941176470589,0.04017152966801222,638,The future really isn’t holding up.
3363,2498,8,28,151,187,1.2352941176470589,0.03778065537136797,638,I see you're still buying your suspenders at the suspender store.
4263,2498,8,20,125,153,1.2352941176470589,0.04326372304696509,638,"It's like Uber, but with drones. You don't have to worry about traffic either."
2478,2498,10,24,153,187,1.2352941176470589,0.039273145186313946,638,They also suspend belief in modern technology.
4622,2498,7,26,137,170,1.2352941176470589,0.03939511105824237,638,Finally you can literally say I drone on.
4765,2498,1,34,118,153,1.2352941176470589,0.03563361541923539,638,I never get pickpocketed.
249,2504,10,19,137,166,1.2349397590361446,0.04265613007003419,638,My pants have never felt more secure.
872,2504,6,27,133,166,1.2349397590361446,0.03908283551689334,638,What makes you think I escaped from somewhere?
3567,2504,10,19,137,166,1.2349397590361446,0.04265613007003419,638,They are cheaper than the Brooks Brothers'  suspenders.
4468,2504,6,27,133,166,1.2349397590361446,0.03908283551689334,638,"Yes, when the batteries run out everything falls down!"
4895,2504,6,27,133,166,1.2349397590361446,0.03908283551689334,638,No more of this ‘the right hand doesn’t know what the left hand is doing’ business
4847,2504,7,25,134,166,1.2349397590361446,0.04000609181322669,638,Think of the selfies I get.
4630,2510,8,19,122,149,1.2348993288590604,0.04404421799155704,638,Are you just going to stand there and drone on...and on?
2160,2510,6,23,120,149,1.2348993288590604,0.04193451675354549,638,"Once programmed to your body's specifications, these drones make sore feet a thing of the past."
5239,2510,4,27,118,149,1.2348993288590604,0.03971289780687098,638,I have a request you needed a lift.
4530,2510,8,19,122,149,1.2348993288590604,0.04404421799155704,638,"I don't mean to drone on, how have you been?"
3557,2510,6,23,120,149,1.2348993288590604,0.04193451675354549,638,Can you direct me to Shark Tank?
596,2515,7,28,144,179,1.23463687150838,0.03805633763900577,638,Can you believe I had to get a special license  just to hold  up my pants?
2401,2515,5,32,142,179,1.23463687150838,0.0363695399643473,638,No...you dialed SuperUber by mistake. Now hop on.
813,2517,8,22,132,162,1.2345679012345678,0.04157693109200657,638,It's not just suspenders; soon drones will replace every article of clothing.
1951,2517,8,22,132,162,1.2345679012345678,0.04157693109200657,638,It helps to balance my perspective in life and keeps me well grounded.
3270,2517,5,28,129,162,1.2345679012345678,0.038711722910830054,638,I figured a new hobby'd keep me grounded
4598,2520,6,22,117,145,1.2344827586206897,0.04267604187525741,638,"Fear not, we come in peace"
1592,2521,9,23,143,175,1.2342857142857142,0.040275849215451735,638,"Finally, a belt for millenials."
3819,2521,8,25,142,175,1.2342857142857142,0.03945202890896758,638,The suspense is killing me.
3569,2523,6,25,127,158,1.2341772151898733,0.040324133704382245,638,You should try it! It's bracing!
4044,2523,4,29,125,158,1.2341772151898733,0.03827250251606237,638,They're covered by Amazon's new 5-day return policy.
4867,2523,6,25,127,158,1.2341772151898733,0.040324133704382245,638,"It’s called style, and it can’t be bought."
3026,2526,1,31,109,141,1.2340425531914894,0.037172477688493716,638,I just got so sick of the subway delays.
54,2527,4,32,135,171,1.2339181286549707,0.03645981377388806,638,"Don’t worry, they’re trained."
476,2527,7,26,138,171,1.2339181286549707,0.03918821722456645,638,I'm not taking any chances. They start filming as soon as my underwear comes off.
3030,2527,8,24,139,171,1.2339181286549707,0.04005640796232496,638,For me the big payoff was the high-res imaging of my bald spot.
1988,2527,10,20,141,171,1.2339181286549707,0.04173864777461072,638,"Hi, ..am recruiter from Amazon"
4127,2527,6,28,137,171,1.2339181286549707,0.038300351429659284,638,My wife's idea!
2243,2527,6,28,137,171,1.2339181286549707,0.038300351429659284,638,I'm a beta test: Amazon Dudes.
1204,2527,8,24,139,171,1.2339181286549707,0.04005640796232496,638,"Come on, suspenders are so 20th century."
1181,2534,8,20,126,154,1.2337662337662338,0.04300901908857444,638,Greetings. I am Amazon Man here to bid you three wishes...
3503,2534,3,30,121,154,1.2337662337662338,0.03775398699267786,638,There's just no future in balloons
4033,2534,4,28,122,154,1.2337662337662338,0.03886188327483504,638,Just needed an afternoon pick me up!
2124,2537,5,33,146,184,1.233695652173913,0.0357151618946045,638,"Unlike yours, these hold up pants without adjustment, and you'll instantly weigh less."
1851,2537,8,27,149,184,1.233695652173913,0.038128236031654224,638,I’ve been known to drone on...
2209,2539,4,31,132,167,1.2335329341317365,0.03697112960463775,638,You may pet them if you want
2662,2539,7,25,135,167,1.2335329341317365,0.039790690178998944,638,"Buddy, can you spare a battery?"
3330,2539,7,25,135,167,1.2335329341317365,0.039790690178998944,638,"Yours may be functional.  
But mine make a statement and are a real chick-magnet."
3410,2539,5,29,133,167,1.2335329341317365,0.037934275940574406,638,"Dude, suspenders are so 20th century."
3423,2539,8,23,136,167,1.2335329341317365,0.040687146518449825,638,I've always been light on my feet!
4277,2539,6,27,134,167,1.2335329341317365,0.03887356631476411,638,I can't hear you over the drone.
1394,2545,6,30,144,180,1.2333333333333334,0.03703807157669554,638,"Get with it man.Those suspenders are so '20th Century'"""
4158,2545,9,17,124,150,1.2333333333333334,0.0447880084089577,638,"Hi, I’m Bill, your Uber driver. When we say Uber, we mean UBER!"
129,2545,5,32,143,180,1.2333333333333334,0.03619040618298769,638,They keep my pants up with very few civilian casualties.
915,2545,10,15,125,150,1.2333333333333334,0.04577609808463191,638,This way I can lift and separate too.
723,2545,6,30,144,180,1.2333333333333334,0.03703807157669554,638,Great to see you! Can you just move a foot toward the curb and speak up a bit?
3325,2550,8,22,133,163,1.2331288343558282,0.04134612183809339,638,Touch my hand. It's faster than Uber
3022,2550,8,22,133,163,1.2331288343558282,0.04134612183809339,638,We’re disrupting the suspenders paradigm.
1262,2550,7,24,132,163,1.2331288343558282,0.040419814806744635,638,"It's a drone shuttle, and there is plenty of legroom."""
56,2550,6,26,131,163,1.2331288343558282,0.039471775574106145,638,"Then the VC's showed up and the next thing 
you know our market cap is bigger than Tesla."
1249,2554,7,27,142,176,1.2329545454545454,0.03841370140621822,638,No more belts or suspenders to hold up my pants and on hot days the fans keep me cool.
4603,2554,11,19,146,176,1.2329545454545454,0.041657564924829096,638,And they cut my hair when I pee
444,2554,8,25,143,176,1.2329545454545454,0.03924980917993305,638,Parachute Pants 2.0
4242,2557,9,16,121,146,1.2328767123287672,0.04563217410137119,638,They were out of balloons.
3117,2557,6,22,118,146,1.2328767123287672,0.04241315101886642,638,Let's let by-drones be by-drones.
1882,2557,7,20,119,146,1.2328767123287672,0.043512626795434106,638,Melania is paying for me to prototype the President's downtime pants. She don't want no downtime on the pants!
1532,2560,9,19,131,159,1.2327044025157232,0.04297192273909237,638,The only way to protect your privacy is to not have any.
1309,2560,6,25,128,159,1.2327044025157232,0.04009677862615026,638,"I trademarked ""Hip-o-drones"" and ""Shooting from the Hips."" Now I just need a reason for them."
186,2560,6,25,128,159,1.2327044025157232,0.04009677862615026,638,... and I dropped 50 lbs.
4255,2563,4,32,136,172,1.2325581395348837,0.0362727225963164,638,"I know low-rise is in, but I need the additional help."
4901,2563,11,18,143,172,1.2325581395348837,0.04232855533301114,638,...but I'm saving a fortune on suspenders and deodorant!
5008,2563,4,32,136,172,1.2325581395348837,0.0362727225963164,638,"At last, I've cut my commuting time by three quarters."
5284,2563,11,18,143,172,1.2325581395348837,0.04232855533301114,638,"I'm telling you, technology is making everything easier"
3160,2563,8,24,140,172,1.2325581395348837,0.03984605662505049,638,I only use the ones for socks when I wear shorts.
636,2568,6,31,148,185,1.2324324324324325,0.03636114607317218,638,Those suspenders are so retro! Goodwill?
4032,2568,6,31,148,185,1.2324324324324325,0.03636114607317218,638,"I know, the suspense is killing ya, huh?"
4846,2570,5,23,114,142,1.232394366197183,0.04200724017029981,638,"At first I also had one in the back, but it gave me a wedgie."
77,2571,6,24,125,155,1.232258064516129,0.040750556591056655,638,"I'm telling you, its  gonna make belts AND suspenders obsolete...."
1944,2571,10,16,129,155,1.232258064516129,0.044673891533270386,638,.. and an AI decides when I deserve wedgie.
2137,2571,6,24,125,155,1.232258064516129,0.040750556591056655,638,Guaranteed to prevent wardrobe malfunctions from Plumbers Crack  to half-time shows!
3086,2571,6,24,125,155,1.232258064516129,0.040750556591056655,638,This is so much better than that guy with the balloons and lawnchair
3497,2571,8,20,127,155,1.232258064516129,0.042757247614920904,638,"Think of me as your 21st century Guardian Angel. For the introductory price of just $19.99 per month, I'll always have your back. That price assumes you've never served in Congress, disagreed with the President or been targeted by the MeToo Movement."
3118,2571,4,28,123,155,1.232258064516129,0.038639791683679696,638,"And best of all, I don't have to remove my shoes."
1659,2577,8,23,137,168,1.2321428571428572,0.040468117580017,638,Can't decide: pretty fly for a white guy or Elon Musk delusional?
5151,2577,7,25,136,168,1.2321428571428572,0.03957755097325211,638,I've stopped drinking. Now I use these whenever I need a pick-me-up.
4808,2577,10,19,139,168,1.2321428571428572,0.0421928967876052,638,I'm the accounting services you ordered.
3826,2577,8,23,137,168,1.2321428571428572,0.040468117580017,638,"He drones on and on,” she said"
4080,2577,8,23,137,168,1.2321428571428572,0.040468117580017,638,"Buddy, can you spare a conspiracy theory?"
1534,2582,8,26,147,181,1.2320441988950277,0.03848502441133876,638,Space Force here I come!
1835,2583,4,24,110,138,1.2318840579710144,0.04151201181565335,638,Wanna try a li'l Hi Tech Wedgie?
5149,2583,6,20,112,138,1.2318840579710144,0.04398659080420913,638,This style doesn’t  fly everywhere.
5335,2585,5,25,121,151,1.2317880794701987,0.04035571262730383,638,I won't be needing a ride from you anymore.
3519,2585,7,21,123,151,1.2317880794701987,0.04248745677442501,638,New joke. Why do drone pilots wear suspenders? To keep their flies up.
393,2585,5,25,121,151,1.2317880794701987,0.04035571262730383,638,I call it suspender animation
5271,2588,6,26,132,164,1.2317073170731707,0.039256101709711264,638,The new trend in pants is to be hoisted by their drone petard.
414,2588,8,22,134,164,1.2317073170731707,0.04111781754443769,638,It's the new transportation app--Ub-air.
4236,2588,7,24,133,164,1.2317073170731707,0.04019773899774006,638,Its how I see beyond the pedestrian and get the big picture.
253,2591,4,33,140,177,1.231638418079096,0.035609929145686586,638,"Yes, it does get a bit snug."
2882,2592,7,20,120,147,1.2312925170068028,0.04324463572890544,638,"For short distances in good weather, why not?"
3927,2592,3,28,116,147,1.2312925170068028,0.03869556407217128,638,It's better for my shoulders.
2445,2592,8,18,121,147,1.2312925170068028,0.044308988698020156,638,If they stay up my pants stay up!
3136,2592,3,28,116,147,1.2312925170068028,0.03869556407217128,638,They laughed at the Wright Brothers !
1253,2596,6,25,129,160,1.23125,0.039871920535256525,638,Would you have a moment to hear about our Lord and Savior?
1990,2597,8,24,141,173,1.23121387283237,0.03963786413407614,638,It’s the 21st Century solution to plumber’s butt!
2549,2597,5,30,138,173,1.23121387283237,0.037007029977213966,638,THIS is how to dress fly
5041,2597,7,26,140,173,1.23121387283237,0.03878075473718621,638,"So how are you, Ted?"
2261,2600,7,28,147,182,1.2307692307692308,0.03749312053453334,638,It's called a chastity belt.
3429,2600,4,31,134,169,1.2307692307692308,0.036584220431205454,638,They're a brand new feature in Amazon Prime!
3751,2600,6,24,126,156,1.2307692307692308,0.04051585669853265,638,"I'm telling you dude, we're not too old for Coachella"
4128,2600,6,21,116,143,1.2307692307692308,0.04290760437014815,638,It’s one size fits all
4274,2600,4,25,114,143,1.2307692307692308,0.04054721199177677,638,"Your wife bought me on amazon pal, so scram."
5243,2600,6,24,126,156,1.2307692307692308,0.04051585669853265,638,It gives me a strong sense of selfie-worth.
2159,2600,5,29,135,169,1.2307692307692308,0.037534618190328196,638,keeps  my  pants  up
4104,2600,5,26,125,156,1.2307692307692308,0.039481915582672035,638,I've always been known for droning on and on.
1672,2608,10,24,157,191,1.2303664921465969,0.03852612328547759,638,"You're stuck in the past, Carl. These newer models get up to 15 minutes of uninterrupted suspension"
3338,2609,5,31,142,178,1.2303370786516854,0.03631793724470991,638,Settle down Mr. Fancy Pants
1700,2609,8,25,145,178,1.2303370786516854,0.038851415442904054,638,"Drone me up Scotty, at your service."
1636,2609,10,21,147,178,1.2303370786516854,0.04045234759633547,638,They're calling it the uber Uber.
871,2609,7,27,144,178,1.2303370786516854,0.03802568224040578,638,You should see my cumberbund.
2202,2613,5,28,132,165,1.2303030303030302,0.03808443805020087,638,Don’t worry.  It’s a prototype.
1577,2613,9,20,136,165,1.2303030303030302,0.04178592755496941,638,When will this guy stop droning on about his alternative-pants-support-system?
3539,2613,8,22,135,165,1.2303030303030302,0.04089197857308644,638,I got Fox News on one side. CNN on the other. Let ‘em fight it out.
994,2613,8,22,135,165,1.2303030303030302,0.04089197857308644,638,I forgot my belt.
4360,2617,5,25,122,152,1.230263157894737,0.04011832744092849,638,"The technology isn't perfect, but the accident rate is much lower."
2826,2617,6,23,123,152,1.230263157894737,0.04119003001210647,638,"Yeah, people are calling me ""six eyes"""
3450,2617,7,21,124,152,1.230263157894737,0.04223454685608581,638,I was wearing pajamas just a second ago. These guys do it all!
3426,2617,8,19,125,152,1.230263157894737,0.043253847503772244,638,"Nice suspenders, nerd!"
1238,2617,5,25,122,152,1.230263157894737,0.04011832744092849,638,Tactical Pants.
820,2617,5,25,122,152,1.230263157894737,0.04011832744092849,638,"My pants stay up, I'm always cool, and my shirt stays wrinkle free. The ""Calibration wedgies"" were totally worth it."
5218,2617,7,21,124,152,1.230263157894737,0.04223454685608581,638,I walk my drones every morning.
258,2624,7,18,114,139,1.2302158273381294,0.04487792819896826,638,I couldn’t wait any longer for jet packs.
741,2624,4,24,111,139,1.2302158273381294,0.041246032485147154,638,You look funny wearing suspenders
1639,2624,3,26,110,139,1.2302158273381294,0.03996211682594532,638,"The way I see it, you can either fear the future, or embrace it."
1522,2627,6,28,140,174,1.2298850574712643,0.03770921868430573,638,"Flying? Nah, my pants kept falling down."
4633,2628,7,23,131,161,1.2298136645962734,0.040616796548675164,638,Everybody who is anybody in Silicon Valley is wearing these dude.
4060,2628,5,27,129,161,1.2298136645962734,0.03865804778789121,638,"We are testing out Amazon's  ""Heavy Package"" delivery system."
2921,2628,2,33,126,161,1.2298136645962734,0.03551795889564173,638,Your suspenders are so eighties.
2093,2628,10,17,134,161,1.2298136645962734,0.043389438997696844,638,Best investment ever! I never got another dirty look after using the disabled toilet.
1982,2632,3,28,117,148,1.2297297297297298,0.03846497846558161,638,Going up?
5280,2632,5,24,119,148,1.2297297297297298,0.040784946917608304,638,"It's called 'suspension of disbelief ', duh."
3767,2632,5,24,119,148,1.2297297297297298,0.040784946917608304,638,"...Anyways, I could drone on and on about fashion."
161,2635,4,23,108,135,1.2296296296296296,0.041980727817623326,638,"""They said no hover boards in public, so I decided for a hover belt instead!"
4351,2635,6,19,110,135,1.2296296296296296,0.044536481081518545,638,At least its handsfree
293,2637,7,28,148,183,1.2295081967213115,0.037308994628868324,638,"I have given up  on Public Transportation.                                            Frank Buckley Boston, MA"
1581,2637,7,28,148,183,1.2295081967213115,0.037308994628868324,638,"I could care less that the NSA will see everything, as long as they don't catch me with my pants down."
2868,2637,9,24,150,183,1.2295081967213115,0.03888521005435285,638,It’s the millennial version of the hula hoop.
61,2640,9,21,140,170,1.2294117647058824,0.04089706806967718,638,"It's usually pretty comfortable, but it got troublesome when my stalker hacked into them."
303,2640,9,21,140,170,1.2294117647058824,0.04089706806967718,638,Be careful: you're a hair away from getting a wedgie.
1454,2640,7,25,138,170,1.2294117647058824,0.03915792241867862,638,This way I can be in the air twice as long.
3865,2640,9,21,140,170,1.2294117647058824,0.04089706806967718,638,Some of our best minds have worked on self-lifting pants
4276,2640,7,25,138,170,1.2294117647058824,0.03915792241867862,638,I’ll take you there faster than Uber.
4656,2640,9,21,140,170,1.2294117647058824,0.04089706806967718,638,It's pretty hard to go to the bathroom like this._
4309,2640,7,25,138,170,1.2294117647058824,0.03915792241867862,638,"So I says to him, “a little light in the loafers? Buddy, that’s just one of the many perks!”"
259,2640,10,19,141,170,1.2294117647058824,0.041739475571335186,638,Got 'em online...dronespenders!
3877,2648,8,20,129,157,1.2292993630573248,0.0422623061416699,638,And that was the last time my pants ever fell down in front on my girlfriend's patents.
4310,2648,7,22,128,157,1.2292993630573248,0.04128490284697449,638,This is great! I am light on my feet and I don’t need a belt!
648,2648,6,24,127,157,1.2292993630573248,0.04028379184927872,638,I dropped off the package.  Do you need a lift anywhere?
873,2648,5,26,126,157,1.2292993630573248,0.039257159454396444,638,Who needs suspenders?
2633,2648,4,28,125,157,1.2292993630573248,0.038202948199056584,638,They were always slipping off my shoulders.
3971,2648,8,20,129,157,1.2292993630573248,0.0422623061416699,638,my wife wanted proof I keep my pants on when I am not in her sight
3355,2654,10,13,121,144,1.2291666666666667,0.04697404389991137,638,That's funny. No one's accused me of droning on before.
1588,2655,10,21,148,179,1.229050279329609,0.040246298765134296,638,I’m down ten pounds according to my scale!
2558,2655,6,29,144,179,1.229050279329609,0.03699569934115244,638,I’m kind of a next-gen belt-and-suspenders guy.
4943,2657,4,30,132,166,1.2289156626506024,0.03690331783787857,638,"If you're the belt-and-suspenders type, this isn't for you."
4246,2657,7,24,135,166,1.2289156626506024,0.03976069564063031,638,I  see you fell for the pitch from that slick-talking suspender salesman
1205,2657,4,30,132,166,1.2289156626506024,0.03690331783787857,638,I put my pants on two legs at time.
762,2657,9,20,137,166,1.2289156626506024,0.041556607393799676,638,My new suspenders are great and don't dig into my collar bone.
354,2657,7,24,135,166,1.2289156626506024,0.03976069564063031,638,Flying pants are the new flying cars.
1478,2657,8,22,136,166,1.2289156626506024,0.04066856609169572,638,Believe me; these drone suspenders will be the next big thing.
4698,2663,7,21,125,153,1.2287581699346406,0.041984578747553784,638,"See, I don’t have to wear a belt!"
2404,2663,7,21,125,153,1.2287581699346406,0.041984578747553784,638,"...and on top of that, it holds up my pants!"
1943,2663,6,23,124,153,1.2287581699346406,0.04094759505275054,638,They got rid of my terrible sense of insecurity.
1820,2663,8,19,126,153,1.2287581699346406,0.042996559916056644,638,"Hi there. Meet Narcissus and Echo, my two selfie drones."
1781,2663,8,19,126,153,1.2287581699346406,0.042996559916056644,638,I adjust their height from an app.
1070,2663,9,17,127,153,1.2287581699346406,0.04398526431227341,638,A meme is born!
395,2669,9,25,154,188,1.2287234042553192,0.03814927683815272,638,Google is giving away free smart-suspenders!
1708,2670,4,32,139,175,1.2285714285714286,0.03572249495142763,638,It's the new version of power walking.
4017,2670,5,30,140,175,1.2285714285714286,0.03663028925010779,638,It's a solar-powered V8 Bagel Slicer...what the heck did you think it was?
2585,2672,5,27,130,162,1.228395061728395,0.038444858678485655,638,"You can hold your pants up any way you want, but I'm going drone."
245,2672,7,23,132,162,1.228395061728395,0.04039021702110284,638,"Well, once you use a restroom with these, you’ll never go back."
739,2672,6,25,131,162,1.228395061728395,0.03942953708719213,638,I'm thinking now might be a good time to quit my job at Facebook
4027,2672,7,23,132,162,1.228395061728395,0.04039021702110284,638,"The drone footage is a plus, but the suspense is killing me."
3997,2672,5,27,130,162,1.228395061728395,0.038444858678485655,638,Have you had your remote colonoscopy yet?
3298,2672,6,25,131,162,1.228395061728395,0.03942953708719213,638,"My life was droning on...I just needed more suspense, ya know?"
2306,2672,6,25,131,162,1.228395061728395,0.03942953708719213,638,You never know when you’ll need an alibi.
357,2679,8,18,123,149,1.2281879194630871,0.04376694600069947,638,It's not all about me. I'm filming the guy who's drawing me!
2821,2679,9,16,124,149,1.2281879194630871,0.04479107370665888,638,"I call them ""Alfred"" and ""Hitchcock."""
1880,2681,7,25,139,171,1.2280701754385965,0.03895136602174896,638,As long as you're not concerned about practicality
1330,2681,4,31,136,171,1.2280701754385965,0.036205117955160016,638,"No, it's not ridiculous; it takes real talent and skill.  In the 60s I would have appeared on the Ed Sullivan Show."
4691,2681,5,29,137,171,1.2280701754385965,0.03714310185958428,638,"They're great, but an extra pair of batteries is essential."
1435,2681,7,25,139,171,1.2280701754385965,0.03895136602174896,638,Belts are old technology.
469,2681,6,27,138,171,1.2280701754385965,0.038057975055904594,638,"I still wear the pants, she just suspends them."
2433,2681,4,31,136,171,1.2280701754385965,0.036205117955160016,638,Those suspenders make you look so dated.
4795,2687,9,26,158,193,1.2279792746113989,0.037449199873498255,638,What's with the suspenders?
2218,2688,5,26,127,158,1.2278481012658229,0.03903489238214848,638,Actually it’s the other way around. The drones are flying me
4381,2689,6,29,145,180,1.2277777777777779,0.03681159402580952,638,"10kg! Gone, just like that!"
2005,2690,6,21,118,145,1.2275862068965517,0.042373123198084506,638,I find they’re great for improving my posture.
1637,2690,7,19,119,145,1.2275862068965517,0.04348869979860371,638,You just need to remember not to wave people as you fly by.
2713,2690,4,25,116,145,1.2275862068965517,0.040048853770538725,638,But do those help put ON your pants?
1281,2690,4,25,116,145,1.2275862068965517,0.040048853770538725,638,They’re working drones — they actually enjoy it.
937,2690,6,21,118,145,1.2275862068965517,0.042373123198084506,638,Just suspend your disbelief!
30,2695,9,20,138,167,1.2275449101796407,0.04132975350897556,638,It's the newest version of rideshare.
1755,2695,4,30,133,167,1.2275449101796407,0.036707277080288515,638,It’s the latest fashion design by Rube & Goldberg.
2022,2695,8,22,137,167,1.2275449101796407,0.04044754205412186,638,"nope, but it clears the sidewalk..."
5020,2695,6,26,135,167,1.2275449101796407,0.03862271254630513,638,My girlfriend wants to keep an eye on me
3395,2695,12,14,141,167,1.2275449101796407,0.043870070957212265,638,"Now, I just need to build a robot to unzip my fly because no human wants to."
595,2695,11,16,140,167,1.2275449101796407,0.043039961186066594,638,Helium and Gluten Free!
2275,2701,4,27,123,154,1.2272727272727273,0.03856645962786087,638,My other car’s a unicorn.
1837,2701,5,25,124,154,1.2272727272727273,0.0396516613277557,638,"Damn it man, you've got to pull yourself up by your drones and move on!"
5011,2701,7,21,126,154,1.2272727272727273,0.04173750258099142,638,They're Amazon Basics.
2095,2701,5,25,124,154,1.2272727272727273,0.0396516613277557,638,"They keep my pants up, keep me cool in summer and live-stream it all."
4683,2701,7,21,126,154,1.2272727272727273,0.04173750258099142,638,"No, I just sweat a lot."
4675,2701,7,21,126,154,1.2272727272727273,0.04173750258099142,638,Don’t worry - I promise that I won’t drone on!
154,2701,7,21,126,154,1.2272727272727273,0.04173750258099142,638,"Why, for the same reason a fireman wear red suspenders."
2363,2708,7,28,150,185,1.227027027027027,0.03694601170612302,638,"Trust me - once you have it, you'll never go back."
4687,2709,4,29,130,163,1.2269938650306749,0.037230298035232104,638,A little over-engineered for a belt.  You turn into a flasher when the batteries dies?
4379,2709,6,25,132,163,1.2269938650306749,0.039211934610142204,638,"Nanu, Nanu"
3785,2709,8,21,134,163,1.2269938650306749,0.04109813304698803,638,Where do you think Amazon got their idea?
1993,2709,6,25,132,163,1.2269938650306749,0.039211934610142204,638,"Cute, but suspenders are so old school"
4350,2713,5,22,114,141,1.2269503546099292,0.04194944891243331,638,At least sagging isn't a trend anymore.
3401,2714,6,27,139,172,1.2267441860465116,0.037859288724121386,638,I gave up on suspenders
2849,2714,8,23,141,172,1.2267441860465116,0.039614702506835624,638,Would you like me to drone on?
1557,2714,7,25,140,172,1.2267441860465116,0.03874693792676702,638,Shutting down the drones confirms implied consent.
1529,2714,9,21,142,172,1.2267441860465116,0.040463861786901166,638,"If you're gonna drone on and on, I'm outa here!"
1054,2714,2,35,135,172,1.2267441860465116,0.034078261673374376,638,"The first atomic wedgy was painful, but now I’ve gotten used to it."
5251,2714,6,27,139,172,1.2267441860465116,0.037859288724121386,638,"Yeah, they're techy and great to keep your pants up, but hell when you have to take a dump."
4120,2720,5,24,121,150,1.2266666666666666,0.040297180905907795,638,If you fall from 100 feet in the air you get your money back.
5003,2720,6,22,122,150,1.2266666666666666,0.0413926110263225,638,Security didn’t approve of my zipper in the no fly zone
375,2722,8,20,131,159,1.2264150943396226,0.04177851714715673,638,"I don’t drone on and on and on, I only drone on and on!"
1812,2722,6,24,129,159,1.2264150943396226,0.039827396390113845,638,"Come on, I'm headed that way."
952,2722,6,24,129,159,1.2264150943396226,0.039827396390113845,638,"Do you even Drone, bro?"
3075,2722,6,24,129,159,1.2264150943396226,0.039827396390113845,638,I need to keep them on a leash in the city
5185,2722,5,26,128,159,1.2264150943396226,0.03881507448550428,638,"They say I have 10,546 steps today"
5396,2722,5,26,128,159,1.2264150943396226,0.03881507448550428,638,"I gotta run, my suspenders need to be recharged every three hours."
2756,2722,3,30,126,159,1.2264150943396226,0.036706770703989054,638,The price is right and they don't charge extra for luggage.
242,2729,7,24,137,168,1.2261904761904763,0.0393328859377852,638,I'm marketing it for prison breaks
1182,2729,6,26,136,168,1.2261904761904763,0.03841601120320939,638,"Here, take my hand. This is the future."
3146,2729,5,28,135,168,1.2261904761904763,0.03747671166651894,638,You've heard of dueling banjos?
5387,2729,4,30,134,168,1.2261904761904763,0.03651325674197914,638,Only $50 for a ten minute air view of  New York City.
4427,2729,8,22,138,168,1.2261904761904763,0.040228869181528494,638,"Again....
Where do you think the loose screw
must be?"
5253,2734,4,25,117,146,1.226027397260274,0.039804135419876915,638,"Download the new App ""Amazon Fly"" and get one day free"
3653,2734,7,19,120,146,1.226027397260274,0.043217926030671365,638,"What?!
Haven’t you ever seen a high-tech wedgie?"
3586,2734,5,23,118,146,1.226027397260274,0.0409736806720297,638,"This is Elon Musk's latest innovation;  I-GO, A Personal Transportation System."
2063,2734,7,19,120,146,1.226027397260274,0.043217926030671365,638,Things are ok...Still waiting for my personal security business to take off
2112,2738,6,28,143,177,1.2259887005649717,0.03713568624525187,638,It's the sign of the times man and it even holds up your pants
2893,2738,8,24,145,177,1.2259887005649717,0.03882604620201935,638,"It holds up my pants, and the police haven't mugged me in weeks."
3206,2738,8,24,145,177,1.2259887005649717,0.03882604620201935,638,Of course your pants stay up ... don't be ridiculous.
2406,2741,7,21,127,155,1.2258064516129032,0.041493269573780626,638,When she left she said I droned on and on
2914,2741,6,23,126,155,1.2258064516129032,0.040471029630601875,638,"Since I got the software worked out, my pants have never felt so snug..."
5232,2741,5,25,125,155,1.2258064516129032,0.039422291394586396,638,"-Yeah,my wife is not the most trusting engineer..."
2100,2741,7,21,127,155,1.2258064516129032,0.041493269573780626,638,"I mean, I could go on forever about these things."
1038,2745,6,25,133,164,1.225609756097561,0.038996674843183914,638,"Amigo, this President is really starting to piss me off."
1789,2745,7,23,134,164,1.225609756097561,0.039944428246155295,638,These are my Seeing Eye drones.
2154,2745,9,19,136,164,1.225609756097561,0.04177548020174899,638,Dude. You’re so old school.
4057,2745,6,25,133,164,1.225609756097561,0.038996674843183914,638,It’s a great way to get around town. If you don’t mind  wedgies that is.
4133,2745,6,25,133,164,1.225609756097561,0.038996674843183914,638,"Seriously, this is a hold up; hand over the wallet. You don't want to be pissing these guys off!"
4304,2745,7,23,134,164,1.225609756097561,0.039944428246155295,638,"After Joe’s one thoughtless affair, his wife developed an app that turned jeolosy into the mother of creativity."
665,2745,9,19,136,164,1.225609756097561,0.04177548020174899,638,...and the cherry on top of it all is: FREE HAIRCUTS!
2781,2752,5,20,108,133,1.2255639097744362,0.043508341442180715,638,"Everyone was making fun of my suspenders, so I got these instead."
3124,2753,7,25,141,173,1.2254335260115607,0.038544606208253465,638,Welcome to the new mile high club!
2912,2754,3,26,113,142,1.2253521126760563,0.0392140931312735,638,"Belt and suspenders, so quaint."
255,2754,5,22,115,142,1.2253521126760563,0.041683633980763767,638,It’s great except for the Wedgie effect.
3,2756,8,18,125,151,1.2251655629139073,0.04323781501511786,638,"...in fact, I’m on my way to Larry King’s right now."
1605,2756,6,22,123,151,1.2251655629139073,0.04114496574042136,638,You lose twenty pounds instantly
3261,2756,6,22,123,151,1.2251655629139073,0.04114496574042136,638,"Ya know, this wasn't what I thought they meant by using drones for delivery."
2446,2756,7,20,124,151,1.2251655629139073,0.042204365017507364,638,Suspenders are for losers.
2223,2756,4,26,121,151,1.2251655629139073,0.03893979666458652,638,It helps more than it hurts
3780,2761,4,28,128,160,1.225,0.03756545649945677,638,I feel eleven pounds lighter already and they are at just ten percent power.
3500,2761,7,22,131,160,1.225,0.040583402748122936,638,They can also take my pants off. Way better than plain old suspenders.
3047,2761,6,24,130,160,1.225,0.03960298254443843,638,"""With these babies, your days of being pantsed in school will be over!"""
415,2761,11,14,135,160,1.225,0.044288576263201145,638,"Drones, engage 'wedgie protocol.'"
385,2761,9,18,133,160,1.225,0.04247640854661406,638,"Sure, where ever you want to go."""
2771,2766,9,20,140,169,1.2248520710059172,0.04088329010950621,638,How long is this guy gonna drone on?
1942,2766,7,24,138,169,1.2248520710059172,0.03912235491261584,638,"They may look funny, but they keep my pants up."
3100,2766,5,28,136,169,1.2248520710059172,0.037278330134802244,638,"Not only can I fly with these, they also keep my pants up!"
2567,2766,5,28,136,169,1.2248520710059172,0.037278330134802244,638,My wife finds the women’s version a little TOO uplifting.
2328,2766,5,28,136,169,1.2248520710059172,0.037278330134802244,638,"High tech meets the ""Me Too!"" movement."
4595,2771,6,28,144,178,1.2247191011235956,0.036948288573843725,638,You'll never have to wear a belt again!
4610,2771,8,24,146,178,1.2247191011235956,0.038628175891098654,638,"Yo mama so fat, it takes 8 drones to carry her!"
113,2773,6,21,120,147,1.2244897959183674,0.04185156258912585,638,What's wrong? that's the only color they have.
498,2773,6,21,120,147,1.2244897959183674,0.04185156258912585,638,"Yes, they can get in the way, but can you think of a better way to keep your pants up?"
3919,2773,3,27,117,147,1.2244897959183674,0.03836651418626481,638,I like to watch myself watching others.
3009,2776,7,21,128,156,1.2243589743589745,0.04125183200054257,638,Sure it's loud but I'm saving a fortune on belts
3092,2776,4,27,125,156,1.2243589743589745,0.03812577455717602,638,I can see Russia from my house!
4050,2776,7,21,128,156,1.2243589743589745,0.04125183200054257,638,"No belts, no suspenders——//// Shark Tank here I come!!!"
2774,2776,6,23,127,156,1.2243589743589745,0.040236807247372344,638,Lose weight now.  Ask me how.
4658,2780,5,27,133,165,1.2242424242424241,0.03781887353205983,638,It's a new service called Druber
1477,2780,7,23,135,165,1.2242424242424241,0.039725141349637984,638,Yeah it's an issue. Just use the handicap toilet.
1314,2782,6,27,141,174,1.2241379310344827,0.037467954411586055,638,These suspenders soar past my expectations.
2847,2782,8,23,143,174,1.2241379310344827,0.03920113702304116,638,It keeps my pants up and them out of commercial airspace.
1669,2782,7,25,142,174,1.2241379310344827,0.038344339554150224,638,They’re definitely the new buzz!
1421,2782,7,25,142,174,1.2241379310344827,0.038344339554150224,638,"‘...and when I need to undress, they blow them clean off.’"
5155,2786,3,26,114,143,1.2237762237762237,0.03897077881510412,638,My commute will drop a lot.
4961,2786,6,20,117,143,1.2237762237762237,0.04259343576391054,638,I don't know how I lived without them before.
2148,2786,7,18,118,143,1.2237762237762237,0.04373435521891124,638,My GoFundMe page is already up to $69.50
4145,2786,6,20,117,143,1.2237762237762237,0.04259343576391054,638,Ever since I was a kid I wanted to be able to leap over tall buildings.
3082,2786,8,16,119,143,1.2237762237762237,0.04484625829044653,638,You’re really down to earth
2703,2786,4,24,115,143,1.2237762237762237,0.04021460751636528,638,Helpful since I lost my ass in the stock market.
2016,2786,3,26,114,143,1.2237762237762237,0.03897077881510412,638,I have a perfect safety record.  Just hold on tightly.
243,2786,8,16,119,143,1.2237762237762237,0.04484625829044653,638,Wanna join me in disrupting the suspender-industrial-complex?
660,2794,6,22,124,152,1.2236842105263157,0.04090021396894979,638,"The drones hold the suspenders tight which hold up my pants. It's supposed to be some cartoonist""s idea of a joke."
1945,2794,3,28,121,152,1.2236842105263157,0.03756876861814674,638,What do you bet I can tell you where you live?
2630,2794,5,24,123,152,1.2236842105263157,0.03982071228601015,638,‘Traditional suspenders are so lame...I got mine at Sharper Image”
2696,2794,8,18,126,152,1.2236842105263157,0.042977950790925666,638,Who'd have thought that walking your drones could be this easy?
737,2794,5,24,123,152,1.2236842105263157,0.03982071228601015,638,Belt...shmelt!
1920,2799,5,26,130,161,1.2236024844720497,0.03838263072766544,638,"So then I said, 'Let's be safe and put in a belt, suspenders and two quadcopter drones'."
5063,2799,7,22,132,161,1.2236024844720497,0.04035474996430925,638,"No really, they’re quite friendly once they get to know you."
4172,2799,6,24,131,161,1.2236024844720497,0.039381037227695294,638,"As long as these two are headed in the same direction, the wedgies are not that bad...""!"
3004,2802,6,26,138,170,1.223529411764706,0.03800904977375565,638,I got the idea when I lost my belt and the ceiling fan broke.
3808,2802,4,30,136,170,1.223529411764706,0.03613115796864638,638,Nobody wanted to tell Dave that the drones weren’t the problem.
5215,2802,4,30,136,170,1.223529411764706,0.03613115796864638,638,Easy. I just downloaded the iSuspenders upgrade and now everything stays up!
1688,2805,5,30,144,179,1.223463687150838,0.0358988583480564,638,"I wanted to be sure I used my degree to change the world, ya know?"
3475,2805,8,24,147,179,1.223463687150838,0.038432279747725694,638,Well you try to find a vegan belt in Fargo.
975,2805,9,22,148,179,1.223463687150838,0.039240423357111254,638,I’m sorry. Am I droning on?
5347,2808,7,17,115,139,1.223021582733813,0.04455922462029556,638,And so I've cut my commute to work by about twenty minutes.
3067,2809,4,27,126,157,1.2229299363057324,0.037909101286717733,638,"I used to wear a belt, but it's just not as intimidating."""
5323,2809,2,31,124,157,1.2229299363057324,0.03569007320965327,638,Come surveil with me.
2020,2809,3,29,125,157,1.2229299363057324,0.03681630947064788,638,"""They really force me to stay grounded."""
661,2809,6,23,128,157,1.2229299363057324,0.040005232095600175,638,Buzz-feed told me it tightens your core.
491,2809,3,29,125,157,1.2229299363057324,0.03681630947064788,638,Online delivery sure is wonderful.
48,2809,3,29,125,157,1.2229299363057324,0.03681630947064788,638,"The correct term is logistics specialist, not drone."
1803,2815,8,21,137,166,1.2228915662650603,0.040421750679676884,638,Just wait! This is gonna work.
2049,2815,9,19,138,166,1.2228915662650603,0.041315097460102194,638,"Hi, I am Jeff. I work in the services department at Amazon."
4592,2815,5,27,134,166,1.2228915662650603,0.03761462318868298,638,I wanted to go for a little sharper image.
5017,2815,7,23,136,166,1.2228915662650603,0.03950820899360252,638,I got them for half price from the NSA website
1386,2815,6,25,135,166,1.2228915662650603,0.03857303757489668,638,"Hang on, I’m Uber man!"
1506,2815,5,27,134,166,1.2228915662650603,0.03761462318868298,638,It’s my way out .
2134,2821,4,31,140,175,1.2228571428571429,0.035469439853201556,638,"A hundred bucks for the first 3 minutes, fifty bucks each minute thereafter. Self-directed, ride at your own risk."
5329,2821,8,23,144,175,1.2228571428571429,0.03899752483770018,638,"Yes, my trousers are indeed made of a very very heavy material. Why do you ask?"
5201,2823,9,23,152,184,1.2228260869565217,0.038482180169874876,638,"I could use a belt, but I also drink bottled water, wait in line to buy brewed coffee and purchase books I can otherwise read for free at the library."
24,2824,6,26,139,171,1.2222222222222223,0.03780872485437336,638,It may seem excessive but it does hold my pants up.
363,2824,5,20,110,135,1.2222222222222223,0.042925967182569774,638,They said this is a 'no-fly' zone.
547,2824,6,26,139,171,1.2222222222222223,0.03780872485437336,638,"Cool shoes though, buddy."
733,2824,6,26,139,171,1.2222222222222223,0.03780872485437336,638,They want to keep current with the drone delivery trend but maintain the personal touch.
540,2824,7,20,126,153,1.2222222222222223,0.04170248431848545,638,I can’t stand people who drone on and on
2231,2824,4,28,130,162,1.2222222222222223,0.037151880838356854,638,Your suspenders are so yesterday.
4392,2824,6,22,125,153,1.2222222222222223,0.04065830648622765,638,"Yeah fake, but muggers still keep away."
2453,2824,5,26,131,162,1.2222222222222223,0.03816992907943363,638,I have sensitive shoulders.
4098,2824,7,22,133,162,1.2222222222222223,0.0401286176952564,638,I can prove I did not have sexual relations with that woman.
4062,2824,6,22,125,153,1.2222222222222223,0.04065830648622765,638,Why wait for self-driving cars when I can fly?!
3753,2824,7,22,133,162,1.2222222222222223,0.0401286176952564,638,"Your suspenders scream ""I have no butt!"" I just look like a regular guy out walking his surveillance drones."
2710,2824,8,22,141,171,1.2222222222222223,0.039586595892075846,638,"On the minus side, they report on my waist-line."
2122,2824,5,22,117,144,1.2222222222222223,0.04116179491907547,638,Suspenders are a thing of the past my friend!
3463,2824,7,24,140,171,1.2222222222222223,0.038707869028378625,638,You ordered an explanation of why you need one-hour free shipping?
3121,2824,5,28,138,171,1.2222222222222223,0.0368876703724877,638,Some folks just drone on forever.
2167,2824,7,22,133,162,1.2222222222222223,0.0401286176952564,638,"Yes, money well spent; never fails to attract daring women."""
2385,2840,5,33,156,194,1.2216494845360826,0.03407302294649959,638,"I hate rush-hour traffic jams, and I can park on the roof!"
4315,2840,9,25,160,194,1.2216494845360826,0.03707606630595229,638,"A rise in my voice makes them go higher, and conversely."
5306,2842,7,27,151,185,1.2216216216216216,0.0367261571670108,638,They're way better than a jet pack.
5032,2843,5,29,142,176,1.2215909090909092,0.03619838669785914,638,Will drone for food.
5300,2843,5,29,142,176,1.2215909090909092,0.03619838669785914,638,"Oh don't worry, they're just holding up my pants, not looking down yours."
5355,2843,9,21,146,176,1.2215909090909092,0.03962402628794814,638,They're even WiFi enabled.
600,2843,8,23,145,176,1.2215909090909092,0.038795984255241424,638,"Alexa, set a reminder to never be as lame as this guy."
2860,2843,7,25,144,176,1.2215909090909092,0.037949879175010234,638,It's my solution to the L train shut down.
989,2848,8,21,138,167,1.221556886227545,0.04020113704157056,638,"Up, up and away- OOW!"
4718,2848,7,23,137,167,1.221556886227545,0.039293594294012045,638,They keep the ladies in suspense.
4003,2848,5,27,135,167,1.221556886227545,0.03741252221859647,638,"When I signed up to work for Amazon's IT program, I never thought they would actually be delivering me."""
3634,2848,10,17,140,167,1.221556886227545,0.04195737304956755,638,One just wouldn't keep my pants up.
2479,2852,5,25,128,158,1.2215189873417722,0.03874951939947326,638,Guardian Angel? I'm your guy in the sky!
2153,2852,5,25,128,158,1.2215189873417722,0.03874951939947326,638,You and I are really not so different.
3341,2852,4,27,127,158,1.2215189873417722,0.03769482190708304,638,Do you ever get the feeling you're being watched?
4223,2852,9,17,132,158,1.2215189873417722,0.04270863933707026,638,"If one drone can carry mail, 2 drones can carry male!"
4406,2852,4,27,127,158,1.2215189873417722,0.03769482190708304,638,Wanna dronepool?
5156,2852,5,25,128,158,1.2215189873417722,0.03874951939947326,638,"Trust me, with girls it works better even than my best pick up line!"
2503,2852,5,25,128,158,1.2215189873417722,0.03874951939947326,638,Next? They claim it's back to the nest to feed their young.
5227,2852,7,21,130,158,1.2215189873417722,0.04077715737832947,638,My prices are just as competitive as Uber's.
3038,2852,4,27,127,158,1.2215189873417722,0.03769482190708304,638,We wanted to get people's reactions--from two angles--of seeing me floating through the air peering into their windows.
2527,2852,5,25,128,158,1.2215189873417722,0.03874951939947326,638,You'll never need suspenders OR a belt again!
956,2862,4,25,120,149,1.221476510067114,0.039087215432839176,638,Stop droning on about your new suspenders!
2961,2862,4,25,120,149,1.221476510067114,0.039087215432839176,638,I got a new gig with Amazon after the Inspector Gadget thing dried up.
3711,2862,7,19,123,149,1.221476510067114,0.04242516440739853,638,One click and they drop to my ankles. Do you think calling it Predator Drone™ is a little too on-the-nose?
4293,2862,6,21,122,149,1.221476510067114,0.04134247033532939,638,Ten bucks and I can deliver you from evil.
5346,2862,5,23,121,149,1.221476510067114,0.04023064916031539,638,I'm taking self-examination to a whole new level.
1877,2862,6,21,122,149,1.221476510067114,0.04134247033532939,638,Say! You look like a fellow who might be interested in hearing about the latest in pants-not-falling-down technology!
3905,2868,6,19,115,140,1.2214285714285715,0.043092025076168945,638,See? Nothing to be afraid of...they're here to help!
1159,2868,5,21,114,140,1.2214285714285715,0.04188254651100343,638,"Just go to Drone-on-Loan.com to order a ride. It gets you there a lot faster than Uber, and you don’t need to make small talk with the driver."
11,2870,4,21,106,131,1.2213740458015268,0.042375272174035514,638,At least I won't have to wear suspenders anymore.
5295,2871,4,19,99,122,1.221311475409836,0.04434150684593693,638,My wife's bra really lifts and separates.
3825,2872,8,26,156,190,1.2210526315789474,0.036832158421738134,638,"We don't call it ""Über"" for nothing."
3171,2873,5,30,146,181,1.2209944751381216,0.035543755185301625,638,"They spy on my every move but, honestly, it's a fair trade off when you think of it."
2985,2873,7,26,148,181,1.2209944751381216,0.037230810373704244,638,The Clark Kent model features Lift-off.
407,2873,8,24,149,181,1.2209944751381216,0.03804629542133843,638,"suspenders are out, drones are in."
4580,2876,8,22,142,172,1.2209302325581395,0.03937696960367826,638,I'm lighter.  It's as simple at that.  I won't drone on.
2669,2876,7,24,141,172,1.2209302325581395,0.0385038475891001,638,"Frankly, I lost a bet.  Now I have to wear this  high tech wedgie all day."
1379,2876,6,26,140,172,1.2209302325581395,0.037610461618548335,638,Come fly with me.
173,2879,5,26,132,163,1.2208588957055215,0.03795952499611685,638,No insurance company in their right mind would issue me a policy.
1407,2879,7,22,134,163,1.2208588957055215,0.039904965380371915,638,Can you spare a couple of bucks? I haven't had a new battery in days.
632,2879,5,26,132,163,1.2208588957055215,0.03795952499611685,638,There's a fortune to be made in virtual standing around.
417,2882,4,26,124,154,1.2207792207792207,0.03826155328951963,638,They keep the pickpockets at bay.
418,2882,5,24,125,154,1.2207792207792207,0.039355163548769105,638,What!? I can't hear you!
423,2882,8,18,128,154,1.2207792207792207,0.042467354655325626,638,I saw a story about peeping toms using drones to record people through their windows and a light bulb went off
2983,2882,8,18,128,154,1.2207792207792207,0.042467354655325626,638,My lawyer got this for me. It saves me from possible lawsuits.
3914,2882,8,18,128,154,1.2207792207792207,0.042467354655325626,638,"Excuse me sir, do you have a minute to discuss the policy on drone conservation?"
4507,2882,5,24,125,154,1.2207792207792207,0.039355163548769105,638,"Ah, those are so obsolete. You have to get the new and improved suspenders."
4634,2882,5,24,125,154,1.2207792207792207,0.039355163548769105,638,They mainly hold my pants up.
3532,2882,4,26,124,154,1.2207792207792207,0.03826155328951963,638,"Yeah? Well, I'm tired of you droning on about your stupid suspenders."
4878,2890,6,20,119,145,1.2206896551724138,0.0420601711805333,638,I'm not waiting any longer for jet packs.
1277,2890,3,26,116,145,1.2206896551724138,0.03849287827503528,638,It beats a chaise lounge lawn chair and a wag of helium balloons.
4257,2890,4,24,117,145,1.2206896551724138,0.039717592053266644,638,You don't have Flutter yet?! Everybody is connecting with this social media!
3603,2893,4,22,110,136,1.2205882352941178,0.04134342127394495,638,"I tell ya,come holiday time,this will sell faster than the latest iphone."
419,2894,7,27,152,186,1.2204301075268817,0.036547598910067806,638,And I don’t have to wear suspenders.
1201,2895,10,19,148,177,1.2203389830508475,0.04022550538423775,638,Stop me if I’m just droning on.
5132,2895,7,25,145,177,1.2203389830508475,0.037755625769599045,638,I quit my day job to webcast real time The Adventures of DroneMan .
4737,2897,6,25,137,168,1.2202380952380953,0.038158340772292305,638,I'm just the launch site.   I don't determine where the drones go.
4508,2897,7,23,138,168,1.2202380952380953,0.03908126110969422,638,They’ll make belts obsolete by 2020.
2681,2897,6,25,137,168,1.2202380952380953,0.038158340772292305,638,"Dude, I can clear a restaurant waiting line in two seconds!"
5352,2897,4,29,135,168,1.2202380952380953,0.036242060808333754,638,"Man, that's old school!"
4108,2901,7,21,131,159,1.220125786163522,0.04054382992397163,638,And he droaned on and on and on...
3856,2901,5,25,129,159,1.220125786163522,0.038530236867996566,638,"I'm telling you man, it's the chastity belt of the future"
1665,2901,4,27,128,159,1.220125786163522,0.03748289819642971,638,Don’t leave me hanging...
3786,2901,8,19,132,159,1.220125786163522,0.04151401740140245,638,"See, geeks can be hip."
507,2901,4,27,128,159,1.220125786163522,0.03748289819642971,638,"I'll admit they're noisy, but you can't beat the support."
635,2901,8,19,132,159,1.220125786163522,0.04151401740140245,638,Trust me - it's a lot easier than asking my wife if she's having an affair!
1086,2901,5,25,129,159,1.220125786163522,0.038530236867996566,638,I'm not taking off. I just landed.
1779,2901,7,21,131,159,1.220125786163522,0.04054382992397163,638,"Yeah, its our new ""Low Price, No frills"" option for Lyft."
1416,2909,3,27,120,150,1.22,0.03768466834387587,638,Each one makes you weigh 20 pounds less.
563,2909,4,25,121,150,1.22,0.038853824609694415,638,"This top of the line pickpocket deterring model is going to like totally disrupt the suspenders market, Bro."
4971,2909,3,27,120,150,1.22,0.03768466834387587,638,"Yes, and they also double as personal cooling devices"
2378,2912,5,21,115,141,1.2198581560283688,0.04161408870904326,638,My viewership doubled when I added the second stream option.
1119,2913,8,24,150,182,1.2197802197802199,0.03785615130508532,638,I lost 20 pounds.
761,2914,10,18,145,173,1.2196531791907514,0.040849453931502334,638,"I'm not just a member of the hands-free pants adjustment club for men, I'm the president."
4321,2914,7,24,142,173,1.2196531791907514,0.038301930514333934,638,Suspenders are so...conspicuous!
3654,2914,6,26,141,173,1.2196531791907514,0.037414229191567956,638,"Dude. Your suspenders are, like, so 2017."
1921,2914,9,20,144,173,1.2196531791907514,0.040018302704840476,638,No one can accuse me of not being open about my voyeurism.
1184,2918,5,26,133,164,1.2195121951219512,0.037751382461241274,638,"I don't have to stop walking when I get to a cross street with a ""Don't Walk"" sign."
2274,2918,9,18,137,164,1.2195121951219512,0.04152630099206839,638,"""They not provide security, they lift and separate."
3717,2918,5,26,133,164,1.2195121951219512,0.037751382461241274,638,When you go out on a date these days you can't be too careful
2496,2918,7,22,135,164,1.2195121951219512,0.039683753299170024,638,"Yes, I do have all the support I need. Thanks!"
2880,2918,6,24,134,164,1.2195121951219512,0.03872962143917949,638,I've been droning on all day.  How are you?
1986,2923,8,18,129,155,1.2193548387096773,0.04221651827079907,638,"""Well, the only problem is that it is a bit tricky to land them in the toilet."""
1897,2923,5,24,126,155,1.2193548387096773,0.03912637056033424,638,My psychiatrist recommended I keep tabs on myself. Clever Huh?
995,2923,3,28,124,155,1.2193548387096773,0.03692287247901823,638,You'll love keeping your belt at the perfect height.
698,2923,6,22,127,155,1.2193548387096773,0.04018283282430401,638,Brace yourself. Big Brother is watching.
3459,2923,3,28,124,155,1.2193548387096773,0.03692287247901823,638,"No, man! Suspenders! And instantly adjustable."
4534,2923,8,18,129,155,1.2193548387096773,0.04221651827079907,638,I wouldn’t be caught dead wearing suspenders!
2245,2923,5,24,126,155,1.2193548387096773,0.03912637056033424,638,"It takes two seconds! first you download the software, then install the program, (but you need a couple of add-ons to make the rotors light up) and you can even add songs and have audio books blaring while you walk!"
4869,2923,6,22,127,155,1.2193548387096773,0.04018283282430401,638,They hold up my pants *and* airport security lines.
3616,2923,9,16,130,155,1.2193548387096773,0.043197472095830865,638,"You'd think so... except now I gotta take a dump, and I left the joystick in an Uber."
5247,2932,6,20,120,146,1.2191780821917808,0.04179843515470749,638,Only trouble is.... when I want a pee....
2823,2932,3,26,117,146,1.2191780821917808,0.03825819190073683,638,...and I only need to recharge them 20 times a day
2840,2934,4,31,143,178,1.2191011235955056,0.03493655601369962,638,I call it the suspendrone
3775,2934,8,23,147,178,1.2191011235955056,0.0383989952260944,638,I'm recording my weight so I can watch it later.
5096,2934,7,25,146,178,1.2191011235955056,0.037563318041738646,638,I can leap tall buildings in a double bound.
4642,2937,4,22,111,137,1.218978102189781,0.0410721078190437,638,Amazon Giveth and Taketh
3848,2938,6,25,138,169,1.2189349112426036,0.03795425920649814,638,You like? Just 25 more payments and I'll be getting the new iGarters.
2608,2938,5,27,137,169,1.2189349112426036,0.03701463783126026,638,Yeah! Honest. Really. Keeps my pants up and my feet light.
4688,2940,8,19,133,160,1.21875,0.04127667328966368,638,"Take my hand “
We will be back before you know it"
4544,2940,5,25,130,160,1.21875,0.038313374965641724,638,Take me to your leader
606,2940,6,23,131,160,1.21875,0.03932595902783707,638,I always hated how those things wrinkled my shirts.
5397,2943,7,26,150,183,1.2185792349726776,0.03686216420308999,638,"I was an the electronics store, and they followed me around...."
1690,2943,5,30,148,183,1.2185792349726776,0.035195463755736345,638,It's part of Amazon's new pick-pocketing program
1497,2945,5,23,123,151,1.218543046357616,0.03974981331690023,638,Think of it; I'll always know if my fly is open.
1364,2945,6,21,124,151,1.218543046357616,0.04084541442413053,638,"Once you get past the airborne wedgies, you'll love them."
1025,2947,6,26,142,174,1.2183908045977012,0.03721999729046228,638,Amazon's white glove delivery.
1254,2947,6,26,142,174,1.2183908045977012,0.03721999729046228,638,"See, the right one takes you up and the left one takes you, like, wherever."
2677,2949,7,17,118,142,1.2183098591549295,0.04369804626225305,638,I’m sure you’ve heard the buzz about these new suspenders.
3418,2950,6,24,135,165,1.2181818181818183,0.038517163193983975,638,Wait till you see what they do with my underwear!
1753,2950,4,28,133,165,1.2181818181818183,0.03654794386141595,638,Imagine being able to literally look down on all the sinners!
5248,2952,6,29,153,188,1.2180851063829787,0.03540097131442949,638,Who would want to hack those?
948,2953,7,20,129,156,1.2179487179487178,0.04097132467224882,638,"Yes, they can record video, but I still call them my fan belt."
1769,2953,6,22,128,156,1.2179487179487178,0.03994917345152504,638,They’re also great for putting on bow ties!
4439,2953,4,26,126,156,1.2179487179487178,0.03782208994202261,638,Self Sticks are so last year.
2541,2953,5,24,127,156,1.2179487179487178,0.03890017318112145,638,But the warrantee is voided if you spin around really fast.
1358,2957,5,27,138,170,1.2176470588235293,0.036818790708485705,638,It's the best weight loss program yet!
2970,2957,6,25,139,170,1.2176470588235293,0.03775231110156769,638,I realized that a belt and suspenders just wasn't enough for me.
566,2957,4,29,137,170,1.2176470588235293,0.03586097746800825,638,Ever been pantsed by a robot dog?
4149,2957,5,27,138,170,1.2176470588235293,0.036818790708485705,638,"Hey, nobody can sneak up on me, *and* they keep my pants up."
4081,2961,4,27,130,161,1.2173913043478262,0.03706596873612352,638,Ever had one of those days you feel light as a feather
4600,2961,6,23,132,161,1.2173913043478262,0.03910454630158591,638,"Well, you never know when you're going to need a back-up drone."
4841,2961,7,21,133,161,1.2173913043478262,0.040084975901273426,638,You're just so 20th century.
4968,2961,4,27,130,161,1.2173913043478262,0.03706596873612352,638,It's perfectly safe.  I've taped over the wedgie switch.
5373,2961,4,27,130,161,1.2173913043478262,0.03706596873612352,638,Fast fashion.  Everyone's talking about it.
4733,2961,6,28,150,184,1.2173913043478262,0.03586173481994093,638,I don’t know-they follow me everywhere!
1673,2967,9,20,146,175,1.217142857142857,0.03959921190959652,638,You get them free now when you sign up for FaceBook.
2869,2967,7,24,144,175,1.217142857142857,0.03790428331834743,638,It's a lot better than Facebook. I see what is really happening all around all of the time.
1754,2967,7,24,144,175,1.217142857142857,0.03790428331834743,638,"If it stops a complete stranger from telling you your fly is down, I say, why not?"
2582,2970,3,27,122,152,1.2171052631578947,0.037243093681966384,638,I didn’t know they would be this big
319,2970,8,17,127,152,1.2171052631578947,0.04269355812891572,638,My friends tell me that I just drone on and on and on.  So....
3309,2972,8,20,138,166,1.216867469879518,0.0401679438416023,638,"That's your problem, Paul, you don't appreciate style over substance."
4217,2972,6,24,136,166,1.216867469879518,0.03830698385681843,638,"Don't give me that look. I'm working my way to ""Beam me up""."
4134,2972,8,20,138,166,1.216867469879518,0.0401679438416023,638,They’re going to be half price on Black Friday.
3831,2972,5,26,135,166,1.216867469879518,0.037341741551228755,638,Embrace the future.
3045,2972,4,28,134,166,1.216867469879518,0.036350877732882605,638,"So far, they only come in “Small” and low."
1283,2972,7,22,137,166,1.216867469879518,0.03924849503273128,638,...and he stood there and droned on and on about his suspenders
3807,2978,3,25,115,143,1.2167832167832169,0.03861568458818178,638,Don't worry these can lift the both of us.
1635,2978,4,23,116,143,1.2167832167832169,0.03987059257715485,638,Suspenders are passe--people also used to think they couldn't live without buggy whips.
4999,2980,3,33,144,180,1.2166666666666666,0.03368068554116227,638,That feeling that the world is pressing down on you... I realized it was the suspenders!
4486,2980,7,25,148,180,1.2166666666666666,0.03718442636703988,638,When belt and suspenders isn't enough
3813,2982,2,30,125,157,1.21656050955414,0.03536800689799933,638,I bet the suspense is killing you.
5143,2982,8,18,131,157,1.21656050955414,0.041723516341573744,638,I can program one of these babies to give anyone in the city a wedgie in 30 minutes or less!
1357,2982,9,16,132,157,1.21656050955414,0.042690878806059714,638,You won't get anywhere with those !
3501,2985,5,19,110,134,1.2164179104477613,0.04285033090096287,638,Now the boss knows I DO have get-up-and-go.
4042,2985,6,17,111,134,1.2164179104477613,0.04414036371572012,638,"Are you even listening to me?"""
886,2987,7,23,141,171,1.2163742690058479,0.0384576000097948,638,Yeah the crew cut wasn't by design… gotta lose the elastic suspenders.
2267,2987,5,27,139,171,1.2163742690058479,0.03662496551949997,638,I like to be sure I can view any situation from all angles.
4391,2987,9,19,143,171,1.2163742690058479,0.04020678919936501,638,"So, it's a deal? I'll take the high road and you take the low road, and I'll get to Starbucks before you."
5290,2987,6,25,140,171,1.2163742690058479,0.037552463952568615,638,"To be frank, Carl, I'm not surprised the FAA didn't suspend me first."
708,2987,5,27,139,171,1.2163742690058479,0.03662496551949997,638,It’s cheaper and faster than commercial!
292,2987,5,27,139,171,1.2163742690058479,0.03662496551949997,638,Belts and suspenders are so yesterday.
4053,2993,5,22,121,148,1.2162162162162162,0.04015567763660926,638,Saw these in a GQ ad and had to have them.
3572,2993,5,22,121,148,1.2162162162162162,0.04015567763660926,638,Who needs a belt?
207,2993,4,32,149,185,1.2162162162162162,0.03400048012005971,638,My wife's psychiatrist assures us that this is a best way to save our marriage.
908,2996,6,23,133,162,1.2160493827160495,0.03888557197968405,638,I'm Elon Musk.  I've just invented personal transportation that is more affordable than Space-X.  I calling it A-Wedgie.
3408,2996,6,23,133,162,1.2160493827160495,0.03888557197968405,638,I just finally had it with my pants hanging below my hips.
2486,2996,4,27,131,162,1.2160493827160495,0.0368608903308661,638,Just be careful when hailing a cab.
3473,2996,8,19,135,162,1.2160493827160495,0.04080992747347441,638,"Brooks Brothers, why?"
3849,3000,6,26,144,176,1.2159090909090908,0.03683741681293388,638,So now I can tell my father that I'm actually rising up in the world!
22,3000,5,28,143,176,1.2159090909090908,0.03594523907994991,638,You’re so 20th century.
3059,3000,8,22,146,176,1.2159090909090908,0.03855989376696924,638,"And these are my parents, Sue and Tom."
4777,3000,7,24,145,176,1.2159090909090908,0.0377084916482334,638,"From Tom Potter: ""And they come with voice recognition, preprogrammed tension control, Internet connectivity, built-in GPS, and downloadable dance moves."
4725,3000,4,30,142,176,1.2159090909090908,0.03503034609563105,638,Suspender Uber
4482,3000,6,26,144,176,1.2159090909090908,0.03683741681293388,638,"It's ""belt and suspenders"" for the 21st century!"
4460,3000,8,22,146,176,1.2159090909090908,0.03855989376696924,638,It's a new ride service from Amazon.  Take my hand.  Then I'll click my heels three times.
4457,3007,3,24,112,139,1.2158273381294964,0.0392328025530814,638,I'm taking the selfie to new heights.
90,3008,5,23,125,153,1.2156862745098038,0.03928013280323685,638,This way I can avoid the baggage fee.
3763,3008,4,25,124,153,1.2156862745098038,0.03816974614841471,638,"And there you are, using your own shoulders like a sucker."
3765,3008,6,21,126,153,1.2156862745098038,0.04035998197528621,638,That’s going to hurt if they let go.
4822,3008,6,21,126,153,1.2156862745098038,0.04035998197528621,638,"Analog suspenders seem so ""Luddite""."
3114,3008,5,23,125,153,1.2156862745098038,0.03928013280323685,638,I hate to drone on like this...
110,3013,5,26,136,167,1.215568862275449,0.03714017467354157,638,"This is the future of fashion dude, if you don't mind an occasional wedgie."
3461,3013,6,24,137,167,1.215568862275449,0.03809904777909678,638,It’s also great for hot days!
2812,3013,7,22,138,167,1.215568862275449,0.039034373423517635,638,They’re leashed and yes I do scoop their poop
1569,3016,5,29,147,181,1.2154696132596685,0.03529959692923228,638,Belts are so 2017.
147,3016,6,27,148,181,1.2154696132596685,0.03615866282886161,638,Selfie drones. Think they‘ll fly?
2283,3016,7,25,149,181,1.2154696132596685,0.03699778711999317,638,"you, know, just in case"""
2716,3016,8,23,150,181,1.2154696132596685,0.037818297237995346,638,"Trust me, it's even better than viagra!"
4416,3020,4,34,157,195,1.2153846153846153,0.032902521122489446,638,Next comes the Superman suit.
969,3021,7,17,120,144,1.2152777777777777,0.04314194156089626,638,NexGen Suspenders
784,3021,4,23,117,144,1.2152777777777777,0.03962135573486219,638,The employment agency said it was a job where I could drone on and on.
167,3023,8,18,132,158,1.2151898734177216,0.04148125311979514,638,His new suspenders were just one more thing that Mike loved to drone on about.
671,3023,6,22,130,158,1.2151898734177216,0.03948978412477864,638,"Come on man, just shake my hand!"
769,3023,6,22,130,158,1.2151898734177216,0.03948978412477864,638,A strong belt is the key. Those suspenders are useless.
1036,3023,3,28,127,158,1.2151898734177216,0.03629829314129352,638,"I hate belts, and my kids insist suspenders are not cool."
1292,3023,7,20,131,158,1.2151898734177216,0.04049776173203979,638,Drone-spenders. It's the hot accessory in men's fashion!
4712,3023,2,30,126,158,1.2151898734177216,0.035170163916135345,638,You’re the dummy who’s walking around without any surveillance!
3314,3023,5,24,129,158,1.2151898734177216,0.03845539487689824,638,It’s the new “Uber Pool” ... grab my hand.
1979,3023,5,24,129,158,1.2151898734177216,0.03845539487689824,638,What!?!?   You haven’t seen drone suspenders?
4750,3031,8,21,143,172,1.2151162790697674,0.03913274166166322,638,Are those new shoes?
381,3031,7,23,142,172,1.2151162790697674,0.03825404572008195,638,I can drone on all night if I need to.
2506,3031,8,21,143,172,1.2151162790697674,0.03913274166166322,638,I FELT SUSPENDERS MADE TOO BIG A FASHION STATEMENT.
5420,3031,6,25,141,172,1.2151162790697674,0.03735468589012319,638,I know that is traditional - but can your suspenders provide full three dimensional awareness?
102,3035,7,26,153,186,1.2150537634408602,0.03632246415880976,638,So that’s how these work.
3217,3036,5,19,111,135,1.2148148148148148,0.04256193767901411,638,"I asked my phone for a pick-me-up, then this happened."
3366,3037,6,20,123,149,1.2147651006711409,0.04103212032487422,638,It’s a little uncomfortable but it sure beats the traffic on the GWB.
3269,3037,7,18,124,149,1.2147651006711409,0.04212279216673749,638,I've lost so much weight since the drones took over
4240,3037,4,24,121,149,1.2147651006711409,0.03875881132362739,638,Kinda suspends disbelief don’t they?!
1656,3037,3,26,120,149,1.2147651006711409,0.03757060997180299,638,"The 1990's called, they want their suspenders back."
883,3037,4,24,121,149,1.2147651006711409,0.03875881132362739,638,"It helps me get out of conversations I don't want to continue, like this one."
3593,3042,6,23,134,163,1.2147239263803682,0.03866899687439083,638,Can your suspenders eliminate rush hour traffic???
3230,3042,7,21,135,163,1.2147239263803682,0.039636242018013995,638,Men of color can't be too safe these days.
819,3042,3,29,131,163,1.2147239263803682,0.03560997378761821,638,They're great - though they chatter a bit in the mens' room.
170,3042,4,27,132,163,1.2147239263803682,0.03665802224880369,638,These multitasking suspenders aren't as cool as they look. The wedgies during updrafts are killers.
233,3046,9,20,148,177,1.2146892655367232,0.0391886970640903,638,Working on zipping up the fly.
2012,3046,6,26,145,177,1.2146892655367232,0.036649010510758834,638,Looks weird but it holds my pants up
1613,3046,6,26,145,177,1.2146892655367232,0.036649010510758834,638,"Where are YOUR drone-me-up suspenders, Scotty?"
1216,3049,7,22,139,168,1.2142857142857142,0.03882254116139484,638,"Belt AND  suspenders? MY pants used to keep falling down, too."
1457,3049,6,21,127,154,1.2142857142857142,0.04012150050798342,638,"I know, cool huh?  But my wife says, I just drone on and on!"
2290,3049,6,24,138,168,1.2142857142857142,0.0378933200287133,638,"I know you voted for him, but I'm telling you, his stupid wall won't work."""
3315,3049,5,23,126,154,1.2142857142857142,0.03904935806371853,638,I can sense your disbelief.
3333,3049,4,22,114,140,1.2142857142857142,0.04027872352660409,638,"Well, we all knew suspenders were due for an up-date."
3568,3049,5,23,126,154,1.2142857142857142,0.03904935806371853,638,It was a gift from my wife....
3571,3049,3,30,135,168,1.2142857142857142,0.03495777030231403,638,Saved a bundle of  money on a plane ticket plus they keep my pants up.
4685,3049,5,26,137,168,1.2142857142857142,0.036940732306882766,638,"Once you get used to the constant buzzing, these new suspenders are a dream!  You have high ceilings, right?"
4855,3049,4,25,125,154,1.2142857142857142,0.03794693567819258,638,I used to wear a belt AND suspenders.
5081,3049,4,25,125,154,1.2142857142857142,0.03794693567819258,638,I'm one level up from a black belt
1130,3049,11,14,143,168,1.2142857142857142,0.04233596225370394,638,This is the only way my wife lets me go out in public.
2105,3049,7,25,150,182,1.2142857142857142,0.036812982926461374,638,"Do you believe what they say, that we're always being watched?"
74,3049,8,20,140,168,1.2142857142857142,0.03973003525870457,638,I could drone on and on...
4844,3049,5,23,126,154,1.2142857142857142,0.03904935806371853,638,"The way the world is going, belts and suspenders are simply not enough..."
1761,3049,4,28,136,168,1.2142857142857142,0.03596292123756162,638,It's part of an Unmanned Apparel System.
4990,3049,4,28,136,168,1.2142857142857142,0.03596292123756162,638,My way of getting around those slow-walking tourists.
3576,3065,7,26,154,187,1.213903743315508,0.03614600336862234,638,It’s the belt of the future!”
835,3066,6,25,142,173,1.2138728323699421,0.03715894566570339,638,You oughtta see me dance.
2225,3066,8,21,144,173,1.2138728323699421,0.03892574871775846,638,"Jeez, this guy is just keeps droning on and on."
1859,3066,7,23,143,173,1.2138728323699421,0.03805260277710824,638,It lets me avoid the traffic caused by all the Uber drivers.
893,3066,9,19,145,173,1.2138728323699421,0.03977973414144146,638,The bad news? Your wife is having an affair. The good news? I can go from the sidewalk to the Trump Tower penthouse in 15 seconds flat.
2459,3066,6,25,142,173,1.2138728323699421,0.03715894566570339,638,"It's like Uber, but for suspenders."
4165,3071,10,14,135,159,1.2138364779874213,0.04312893549765127,638,Dude - red suspenders are so last century!
2130,3071,7,20,132,159,1.2138364779874213,0.040265004525773244,638,"That's right Doug , Drone Suspenders ,  got 'em on 
 you guessed it ,  Amazon."
2797,3073,8,15,122,145,1.2137931034482758,0.043972090260663385,638,What do you mean my life insurance lapsed?
2179,3074,2,24,105,131,1.213740458015267,0.03908470345758232,638,"... and then, outta the clear blue sky ... geese!"
1491,3075,8,22,148,178,1.2134831460674158,0.03816376641550227,638,How else can I document my life for social media?
1145,3076,7,21,136,164,1.2134146341463414,0.03941556804768705,638,I'm not taking any chances with my probation this time.
2007,3076,6,23,135,164,1.2134146341463414,0.03845478260807896,638,... and changing clothes is a breeze!
3495,3076,6,23,135,164,1.2134146341463414,0.03845478260807896,638,"Never tell the NSA that, you've got nothing to hide."
5137,3076,5,25,134,164,1.2134146341463414,0.03746936890778087,638,Definitely old school.
269,3076,6,23,135,164,1.2134146341463414,0.03845478260807896,638,But think how much I'll save on belts.
5131,3081,7,18,125,150,1.2133333333333334,0.041865521009132864,638,i'm pullin' myself up by the drone straps
4521,3082,8,23,152,183,1.2131147540983607,0.03744068933638461,638,This is the new Tinder
3078,3083,5,26,138,169,1.21301775147929,0.03674338186822071,638,I think the proper term is neo-retro...
3406,3083,4,28,137,169,1.21301775147929,0.03577196853653995,638,This rig takes me places I'd never get to on my own.
4709,3085,4,25,126,155,1.2129032258064516,0.0377266609260996,638,Come on. This’ll beat the sightseeing city tour by bus.
4164,3085,6,21,128,155,1.2129032258064516,0.0398857782393128,638,"See, I told you you could get anything on Amazon."
985,3085,3,27,125,155,1.2129032258064516,0.03659936835618227,638,Please don't tell me that I keep droning on.
647,3085,8,17,130,155,1.2129032258064516,0.04193387254807725,638,And free shipping that arrives two weeks before you place your order
3260,3089,7,16,118,141,1.2127659574468086,0.04365345551208611,638,I'm the personal trainer you ordered from the in flight magazine...
1248,3090,10,17,147,174,1.2126436781609196,0.04040037150252322,638,MILKSHAKE by drone? I was told to deliver a handshake.
4820,3090,4,29,141,174,1.2126436781609196,0.035121865115768244,638,"It's just like suspended animation, only different."
3743,3090,6,25,143,174,1.2126436781609196,0.03696521263729962,638,And I only have to charge them every three hours!
2311,3090,6,25,143,174,1.2126436781609196,0.03696521263729962,638,"And then she said blah, blah, blah and just kept droning on.  So I said you want drone..I'll give you drone."
685,3094,5,24,131,160,1.2125,0.038020496789240264,638,"I'm saving a fortune on shoes and belts."""
1863,3094,4,26,130,160,1.2125,0.036972176347888575,638,It gives new meaning to the term “suspenders”.
2852,3094,1,32,127,160,1.2125,0.03363172263348397,638,"A little more expensive than your suspenders, but mine can not only hold up my trousers, but also take me across busy intersection"
4543,3094,7,20,133,160,1.2125,0.04003487080662488,638,Also a drug-free ED solution.
3867,3098,5,31,157,193,1.2124352331606219,0.033782390042064674,638,"Get with the times, dude"
163,3099,5,21,120,146,1.2123287671232876,0.040320989011895604,638,My pants will fly.
1967,3099,6,19,121,146,1.2123287671232876,0.04147596251067558,638,You can’t be too careful.
3984,3099,7,17,122,146,1.2123287671232876,0.04259963353688066,638,"Take your pick, hardly been flown, both owned by a little old lady on the west side."
2790,3102,5,28,146,179,1.2122905027932962,0.035402117549563586,638,"The delivery was free, but the installation cost extra."
2895,3102,8,22,149,179,1.2122905027932962,0.03796869793536178,638,It's the best solution I could think of the cure my plumber's crack problem
2483,3104,7,21,137,165,1.2121212121212122,0.03919730331829436,638,They keep me grounded.
3883,3104,5,25,135,165,1.2121212121212122,0.0372640433583312,638,Grab hold; no surcharge at this hour.
2101,3104,7,21,137,165,1.2121212121212122,0.03919730331829436,638,My brother and I are aeronautical engineers
825,3104,7,21,137,165,1.2121212121212122,0.03919730331829436,638,I'm still trying to iron out some kinks. It plays havoc with womens' skirts.
805,3104,5,25,135,165,1.2121212121212122,0.0372640433583312,638,They said it would give my pants a lift
2572,3104,9,17,139,165,1.2121212121212122,0.04103959365589713,638,Amazon screwed-up my order.
2747,3104,6,23,136,165,1.2121212121212122,0.038242891593327236,638,"I can’t wait to watch the footage, the suspense is killing me"
4812,3111,2,28,121,151,1.2119205298013245,0.03591659644929402,638,Nice to meet another anti-beltist.
953,3111,4,24,123,151,1.2119205298013245,0.038296244489538965,638,"It’s just a prototype, but the “Wedgie-2000” is the President’s latest plan for the media."
921,3111,4,24,123,151,1.2119205298013245,0.038296244489538965,638,I have another drone for the selfies.
4946,3111,5,22,124,151,1.2119205298013245,0.0394322528237114,638,Watch this. The anti-wedgie firmware is about to pay for itself!
2573,3111,4,24,123,151,1.2119205298013245,0.038296244489538965,638,"I could drone on like this forever, but I gotta go to work. See you later."
475,3116,7,22,141,170,1.2117647058823529,0.03840560212474741,638,Get with the times! UBER is now old school!
1353,3116,4,28,138,170,1.2117647058823529,0.03558299231011312,638,Its imperative that I have every angle covered
3667,3116,2,32,136,170,1.2117647058823529,0.03356965971220164,638,Send me up to the 17th floor. I think my wife's cheating on me.
215,3119,4,25,127,156,1.2115384615384615,0.03750887999036974,638,Do these suspenders make me look taller or what?
943,3119,2,29,125,156,1.2115384615384615,0.03523478545775999,638,Waiting for a lift? UpYours is MY  brand and I can drone on and on at any cocktail party.
5321,3119,4,25,127,156,1.2115384615384615,0.03750887999036974,638,They actually get me around way faster than my hoverboard!
2500,3119,4,25,127,156,1.2115384615384615,0.03750887999036974,638,"Hey, man, you can just fly over that Midtown traffic during the week."
3331,3119,2,29,125,156,1.2115384615384615,0.03523478545775999,638,"Dude, you're still a slave to those things?"
5190,3119,6,21,129,156,1.2115384615384615,0.03965276850371918,638,Not great for funerals.
3380,3119,5,23,128,156,1.2115384615384615,0.03859571302710641,638,Fashion week and fleet week merged this year.
1610,3119,6,21,129,156,1.2115384615384615,0.03965276850371918,638,It's my day to check in at the weight loss clinic.
1710,3119,9,15,132,156,1.2115384615384615,0.042667095141641895,638,It's cheaper than taking a cab!
1058,3128,5,20,117,142,1.2112676056338028,0.041003039124071584,638,"It's all part of my campaign, ""Everyday uses of technology,"" but I'll admit it's tight in public bathrooms."
5378,3128,6,18,118,142,1.2112676056338028,0.0422035465130265,638,Sometimes it's belt and suspenders and sometimes it's just get me the heck out of here.
2304,3128,4,22,116,142,1.2112676056338028,0.03976630604598696,638,They didn't have pants my size so I improvised
104,3131,6,22,133,161,1.2111801242236024,0.03881987577639751,638,My new suspenders !
172,3131,7,20,134,161,1.2111801242236024,0.039807317252582214,638,They keep me suspended in animation.
696,3131,4,26,131,161,1.2111801242236024,0.036765517162000376,638,Anything you tell me will be kept strictly confidential.
2482,3131,5,24,132,161,1.2111801242236024,0.037806652903188076,638,"If I wore belt with suspenders, people would think I was insecure."
443,3135,6,19,122,147,1.2108843537414966,0.041218162985870825,638,"Dude, no way are any of the new suspender apps going to work with those."
2839,3135,8,15,124,147,1.2108843537414966,0.04342018977573587,638,"I get this one on Shark Tank and suspenders are as good as dead!"""
3988,3135,5,21,121,147,1.2108843537414966,0.0400717980606593,638,"They keep my pants up, and there's no shoulder pressure."
43,3138,4,27,135,166,1.2108433734939759,0.03606233798299768,638,Cartoonists call this ' suspenders animation'.
4551,3138,3,29,134,166,1.2108433734939759,0.035035308913611334,638,Don't worry.  It's just a day trip.
5111,3138,6,23,137,166,1.2108433734939759,0.038033287013555975,638,I'm on selfie 24/7 mode.
3621,3138,4,27,135,166,1.2108433734939759,0.03606233798299768,638,"Look at those ancient suspenders... get with the times, ​man."
3530,3138,6,23,137,166,1.2108433734939759,0.038033287013555975,638,"If you can get passed not being able to go through doors, it's actually a great idea."
150,3138,7,21,138,166,1.2108433734939759,0.03898140930217005,638,"Belt, suspenders & Beyond...."
3189,3138,4,27,135,166,1.2108433734939759,0.03606233798299768,638,"Yes, I'm aware of the risks of product upgrades."
4324,3145,3,30,138,171,1.2105263157894737,0.0344103870644957,638,"Well Dude, how else do you get them to cross in the back?"
3523,3145,4,28,139,171,1.2105263157894737,0.0353959628705424,638,The drones noticed my pants were falling down.
2605,3145,6,24,141,171,1.2105263157894737,0.037289047812214544,638,"Get it, they're suspenders!"
2594,3145,1,34,136,171,1.2105263157894737,0.03234927879751891,638,My new neighbor told me to drop in any time.
2183,3145,8,20,143,171,1.2105263157894737,0.039090561340948134,638,"Unlike you, I don’t need suspenders."
735,3145,6,24,141,171,1.2105263157894737,0.037289047812214544,638,I told you they have an active return policy.
9,3145,2,32,137,171,1.2105263157894737,0.033395737577182054,638,"It only gets awkward, during recharging."
5320,3145,7,22,142,171,1.2105263157894737,0.038200425866029626,638,"One word, my friend.  Aerodynamics."
3839,3153,4,29,143,176,1.2102272727272727,0.03476338895064923,638,Pairs well with suspenders. Belt? Not so much.
3494,3153,5,27,144,176,1.2102272727272727,0.03568512682153709,638,Oh these? They’re the latest in wearable-technology.
2717,3153,8,21,147,176,1.2102272727272727,0.03831753477292584,638,"Didn't you get the hipster memo? Moronic is the new ironic."""
738,3156,7,19,131,157,1.2101910828025477,0.040444863230868704,638,I always carry some extra pocket money when it's windy so I can catch Greyhound coming back.
2002,3156,9,15,133,157,1.2101910828025477,0.04241586491420267,638,"With these, I get a whole different point of view!"""
2421,3156,7,19,131,157,1.2101910828025477,0.040444863230868704,638,"It's pretty controversial, but my work involves engineering jeans"
2670,3156,5,23,129,157,1.2101910828025477,0.03837275501065125,638,"GET WITH IT!
THIS IS THE QUICKEST WAY TO GET UP IN THE WORLD"
3213,3156,7,19,131,157,1.2101910828025477,0.040444863230868704,638,"Atomic wedgie is so 1980s, this is a drone wedgie."
262,3161,6,17,115,138,1.210144927536232,0.04296837733042621,638,I am not the typical fly-by-night sales guy!
3695,3161,8,13,117,138,1.210144927536232,0.045363581163791244,638,This suspense is going to kill me.
3178,3163,4,30,147,181,1.2099447513812154,0.03416193851645095,638,"Hello, I'm Todd. I'm flying for State Senator."
1417,3163,6,26,149,181,1.2099447513812154,0.03591396318441954,638,Who could resist a two-for-one sale?
549,3163,7,24,150,181,1.2099447513812154,0.03675867388545017,638,I only have a short commute.
3140,3163,7,24,150,181,1.2099447513812154,0.03675867388545017,638,Joe couldn’t wait for the light to change to escape the guy droning on and on about himself.
710,3163,5,28,148,181,1.2099447513812154,0.03504890008840233,638,Why does a fireman wear red suspenders?  I rest my case.
1442,3168,5,24,133,162,1.2098765432098766,0.0375951608226211,638,My pants kept falling down!
532,3169,8,23,155,186,1.2096774193548387,0.03688801933565217,638,You look like an idiot.
2284,3170,6,23,138,167,1.2095808383233533,0.03782593280419043,638,"If you buy now, we'll throw in a complimentary haircut."
412,3170,4,27,136,167,1.2095808383233533,0.03586797260400549,638,I'm testing out the search and suspend mode.
2450,3172,5,21,122,148,1.2094594594594594,0.03982562005444409,638,"-Hey, we find a stupid reason to use them or they'll be used in the wars."
2375,3172,2,27,119,148,1.2094594594594594,0.03619798368209525,638,“This way I control who is spying on me.”
4180,3172,8,15,125,148,1.2094594594594594,0.04314934533446183,638,I'm between holes on my belt.
4285,3172,5,21,122,148,1.2094594594594594,0.03982562005444409,638,I’ve programmed them to hold up my pants and trim my sideburns.
4359,3172,6,19,123,148,1.2094594594594594,0.04096350419676244,638,It's 2018; they're outsourcing wedgies now.
2935,3172,4,23,121,148,1.2094594594594594,0.038654253962063526,638,Hello. This greeting may be recorded.
511,3178,6,24,142,172,1.2093023255813953,0.03709181779132422,638,"In addition to one-night stands, I offer the convenience of same-day delivery."
3182,3178,8,20,144,172,1.2093023255813953,0.03888189628957801,638,It beats paying for security.
5092,3178,7,22,143,172,1.2093023255813953,0.03799739995143283,638,I could drone on and on about its economic possibilities...
1649,3178,5,26,141,172,1.2093023255813953,0.0361635657957072,638,What? My mother likes to know I'm safe.
2470,3178,7,22,143,172,1.2093023255813953,0.03799739995143283,638,I can tell you think I'm just droning on and on!
1829,3183,6,20,127,153,1.2091503267973855,0.04005241961175708,638,Can I borrow your suspenders...
562,3183,4,24,125,153,1.2091503267973855,0.03784438786326521,638,"At first, these went overall the consumer's heads."
1730,3183,7,18,128,153,1.2091503267973855,0.04111198886896336,638,"Hello, I' m your android deliver from Amazon"
2752,3183,5,22,126,153,1.2091503267973855,0.03896404759198868,638,"Yes,I too once had that same sense of ""suspendered disbelief."""
3830,3187,6,25,146,177,1.2090395480225988,0.03639575911504273,638,It brought my personal liability insurance premiums WAY down.
4568,3188,7,19,132,158,1.2088607594936709,0.04021008030080092,638,"When the hell does this traffic light say ""fly."""
1315,3188,5,23,130,158,1.2088607594936709,0.03815231641237479,638,E-Bike?  Nah!   E-Drone!  Really avoids traffic.
1716,3188,8,17,133,158,1.2088607594936709,0.041200439474358835,638,Easy - I just pull up my pants and plug them in.
33,3191,5,24,134,163,1.2085889570552146,0.0373859828242729,638,Do these jeans make me look fat?
155,3191,8,18,137,163,1.2085889570552146,0.04031045519283576,638,"When you can't find a belt, but your desperate."
2253,3191,6,22,135,163,1.2085889570552146,0.03838557116646513,638,Only 19.95
3462,3191,5,24,134,163,1.2085889570552146,0.0373859828242729,638,"No, I’m in IT. We’re testing out 30 minute tech delivery."
3942,3191,8,18,137,163,1.2085889570552146,0.04031045519283576,638,I just dropped in to say 'Hi'.
593,3191,4,26,133,163,1.2085889570552146,0.036358923934818224,638,It's amazing technology- drones can even repossess your purchases if you don't pay your credit card bill!
2726,3197,5,20,119,144,1.2083333333333333,0.04048439222695598,638,nothing gets by me now!
4941,3197,4,22,118,144,1.2083333333333333,0.039266536858512446,638,Amazon God....Deliver Me!
4422,3197,8,19,141,168,1.2083333333333333,0.03947019270964903,638,It's the new Larry King model.
4354,3197,6,18,120,144,1.2083333333333333,0.041666666666666664,638,"Yes, this is why I had to borrow your drone."
3923,3197,9,17,142,168,1.2083333333333333,0.04036312812414994,638,"And unlike the European swallow, it can also maintain the necessary air-speed velocity to carry a coconut, gripping it by the husk."
793,3197,5,25,138,168,1.2083333333333333,0.03666112538163136,638,Lithium batteries have made suspenders obsolete.
1324,3197,4,27,137,168,1.2083333333333333,0.03567565156823325,638,Wanna try tandem?
1424,3197,3,29,136,168,1.2083333333333333,0.03466217124457542,638,'I'm not sure if Amazon's new hipster delivery service will take off'
2235,3197,7,21,140,168,1.2083333333333333,0.03855658326546998,638,Plus when I pass gas...it's the other guy whose gonna smell it!
2982,3197,7,21,140,168,1.2083333333333333,0.03855658326546998,638,What? Yours didn’t come with drone transportation?
4095,3207,6,24,143,173,1.2080924855491328,0.03689663160216944,638,"Yes, they fly me around, but it’s too tight in the crotch"
1764,3207,4,28,141,173,1.2080924855491328,0.03502762842863945,638,I look for love from both sides now
546,3207,2,32,139,173,1.2080924855491328,0.03305311003647694,638,"Alexander McQueen, Tim Burton, Lady Gaga.  Why, who are you fashion inspirations?"
3614,3207,4,28,141,173,1.2080924855491328,0.03502762842863945,638,Those suspenders are so 2017.
4890,3207,6,24,143,173,1.2080924855491328,0.03689663160216944,638,It's the latest fashion and it comes by airmail.
3859,3212,4,23,122,149,1.2080536912751678,0.03841967999269932,638,. . . and they're much more slimming than suspenders.
3451,3212,4,23,122,149,1.2080536912751678,0.03841967999269932,638,For $20 I’ll fly you over the Empire State Building.
3232,3212,4,23,122,149,1.2080536912751678,0.03841967999269932,638,And no helmet necessary.
2891,3215,8,21,149,178,1.2078651685393258,0.03792237691131519,638,"Please don't think me a bore.
I can't seem to control myself -- I just keep droning on and on."
3642,3215,5,27,146,178,1.2078651685393258,0.035322326571128,638,It's all about the selfie!
4306,3215,3,31,144,178,1.2078651685393258,0.03347695939388448,638,"They work pretty well holding up the front of my pants, but I haven't yet figured out how to hold up the back."
1414,3218,4,24,126,154,1.2077922077922079,0.03762236316264341,638,I feel freer now that I don´t have to worry about my trousers any more
1483,3218,6,20,128,154,1.2077922077922079,0.03981465917961695,638,Want to invest?
1485,3218,4,24,126,154,1.2077922077922079,0.03762236316264341,638,Just attended the Rube Goldberg convention. You’re looking at one inspired entrepreneur!
4480,3221,5,28,150,183,1.2076502732240437,0.034702538621803516,638,I'm totally wired
44,3221,4,30,149,183,1.2076502732240437,0.033826275976238586,638,Meet my pet drones Rex and Lucy.
3478,3223,3,27,129,159,1.2075471698113207,0.035774185513929364,638,Psh. Like I’m gonna listen to some guy who puts his pants on one leg at a time.
2289,3223,3,27,129,159,1.2075471698113207,0.035774185513929364,638,"Trump has his wall, I have my suspenders!"
1660,3223,7,19,133,159,1.2075471698113207,0.03997797309500652,638,In Soviet Russia drones fly you!
1547,3223,5,23,131,159,1.2075471698113207,0.037934355681691095,638,Now I dont need to look up from my phone.
1389,3223,3,27,129,159,1.2075471698113207,0.035774185513929364,638,I’m a “drone and suspenders” type of guy.
427,3223,5,23,131,159,1.2075471698113207,0.037934355681691095,638,I'm feeling so fly.
5196,3223,4,25,130,159,1.2075471698113207,0.03687009418329497,638,They’re lifting my spirit too―I feel much lighter and cooler today!
4784,3223,4,25,130,159,1.2075471698113207,0.03687009418329497,638,They can also be programmed to give atomic wedgies
2625,3223,6,21,132,159,1.2075471698113207,0.0389695629547607,638,Domino's Pizza Delivery
283,3223,4,25,130,159,1.2075471698113207,0.03687009418329497,638,"Batman, Superman, Droneman, New York has 'em all."
2571,3233,2,24,109,135,1.2074074074074075,0.03805134045431201,638,"When in Brooklyn, right?"
2727,3234,4,26,134,164,1.2073170731707317,0.03615891918307185,638,Suspenders are so passe'
2165,3234,2,30,132,164,1.2073170731707317,0.034026960462454604,638,"Ah, yes. But are yours rechargeable?"
1733,3234,4,26,134,164,1.2073170731707317,0.03615891918307185,638,Elon Musk said that it’s the best way to keep your pants from falling down. America will never need belts again!
239,3234,6,22,136,164,1.2073170731707317,0.03817199018472044,638,"One small hover for man, one giant hover for mankind."
1264,3238,8,24,161,193,1.2072538860103628,0.035881842200892466,638,I accidentally ordered them through Prime Pant-ry
1051,3239,8,13,119,140,1.207142857142857,0.04476319854099585,638,It keeps the elephants away.
890,3239,3,23,114,140,1.207142857142857,0.03859882548765667,638,Do you know how much belts cost these days?
794,3241,6,23,140,169,1.2071005917159763,0.03741783488896133,638,It’s a bit more high tec than a belt or suspenders.
2460,3241,5,25,139,169,1.2071005917159763,0.036464393449540417,638,I also have a Fly Drone
2146,3241,4,27,138,169,1.2071005917159763,0.03548534361547313,638,Good to see you... and the rest of the city
913,3241,7,21,141,169,1.2071005917159763,0.03834757809708793,638,"Take my hand, I'll be your designated drone today"
126,3241,5,25,139,169,1.2071005917159763,0.036464393449540417,638,They're suspenders designed for people who drone on and on.
5117,3246,7,22,145,174,1.206896551724138,0.03759766770559367,638,Two hold up my pants -- three get me airborne.
1987,3246,10,16,148,174,1.206896551724138,0.04016101245070992,638,I'm disrupting wedgies.
1408,3246,6,24,144,174,1.206896551724138,0.036703458268192685,638,Don't worry. They're friendly.
1153,3246,5,20,120,145,1.206896551724138,0.04022988505747127,638,"I'm going Amazon Prime, which means they sent two."
1091,3246,3,24,118,145,1.206896551724138,0.03777396948311491,638,"Suspenders? No, but what a fabulous idea!"
4012,3251,5,27,147,179,1.2067039106145252,0.03514363190823722,638,And the new IDrone is fully compatible with your IWatch.
1720,3251,7,23,149,179,1.2067039106145252,0.03688653224386132,638,As long as the batteries don't run out before I get to the bathroom.
3283,3251,7,23,149,179,1.2067039106145252,0.03688653224386132,638,Where do you plug in your charger?
5334,3251,6,25,148,179,1.2067039106145252,0.03602562369119437,638,"I'm telling you after you try it, you'll realise that belts are just fashion statements"
924,3251,6,25,148,179,1.2067039106145252,0.03602562369119437,638,Did you say something?
2653,3256,8,15,127,150,1.2066666666666668,0.04261756122751931,638,"In the long term, they’re cheaper than belts."
4369,3256,3,25,122,150,1.2066666666666668,0.0369976922512267,638,"''Avionic suspenders!"""
3721,3256,3,25,122,150,1.2066666666666668,0.0369976922512267,638,"They don’t poo, they don’t pee, and I don’t have to buy food for them!"
3529,3256,5,21,124,150,1.2066666666666668,0.03934209131632978,638,... and the need of a public restroom will become obsolete.
2979,3256,5,21,124,150,1.2066666666666668,0.03934209131632978,638,They keep me just above the fray
763,3261,4,24,127,155,1.206451612903226,0.03740288269836071,638,This keeps my pants up but it does get a little snug in the crotch
621,3261,5,22,128,155,1.206451612903226,0.03850665935534664,638,I didn't find my suspenders this morning!
1555,3263,4,31,154,189,1.2063492063492063,0.03310984729431211,638,"Yes, they may see me coming ... I’m working on that."
5065,3263,3,20,103,126,1.2063492063492063,0.04112306010085403,638,Not at the moment.  That requires a separate device.
72,3265,6,21,133,160,1.20625,0.03874695666685832,638,Coffee wasn't enough to wake up this morning.
5006,3265,4,25,131,160,1.20625,0.03666188683825316,638,Amazon OnDemand! What's it gonna take to get you into a new blazer!?
4660,3265,6,21,133,160,1.20625,0.03874695666685832,638,"I keep losing my pen when it's actually just behind my ear, so now I have video footage of my ears at all times to make sure it never happens again"
3457,3265,4,25,131,160,1.20625,0.03666188683825316,638,You’re just jealous that my pants stay up without those retro suspenders.
1695,3265,6,21,133,160,1.20625,0.03874695666685832,638,To count my steps!!!
1059,3265,4,25,131,160,1.20625,0.03666188683825316,638,They just hold my pants up.
3627,3271,6,22,137,165,1.206060606060606,0.0379607391387771,638,The best anti-theft  devise money can buy.
3467,3271,6,22,137,165,1.206060606060606,0.0379607391387771,638,"Come fly with me, let's fly, let's fly away"
2951,3271,6,22,137,165,1.206060606060606,0.0379607391387771,638,"Did you know millions of Americans face sagging pants? Our innovative, VC backed approach at belt.ly will disrupt the belt wearing experience by..."
4220,3271,9,16,140,165,1.206060606060606,0.0407767973973491,638,"Personal transport turbo photo rotors. Travel fast, take pix."
4714,3271,4,26,135,165,1.206060606060606,0.035961063053634855,638,"Back away, I'm sponsored by a personal injury attorney."
1705,3271,6,22,137,165,1.206060606060606,0.0379607391387771,638,To keep my belt up!
5053,3271,7,20,138,165,1.206060606060606,0.03892207016552016,638,Wait till you see what happens after the wings start flapping
3868,3271,4,26,135,165,1.206060606060606,0.035961063053634855,638,Mine came with free installation!
4123,3271,5,24,136,165,1.206060606060606,0.03697442205031598,638,You hold up your pants your way; I am more avant-garde.
115,3280,8,19,143,170,1.2058823529411764,0.03904272100653477,638,They help keep my armpits dry.
185,3280,6,23,141,170,1.2058823529411764,0.037217022651544224,638,It's time suspenders go high tech.
2560,3280,7,21,142,170,1.2058823529411764,0.03814079730839188,638,They’re suspending.
4059,3280,4,27,139,170,1.2058823529411764,0.03529701809639166,638,Have you ever had back pains?
4882,3280,5,25,140,170,1.2058823529411764,0.036269727470319896,638,And that's not to mention the revolution in women's lingerie!
5395,3280,6,23,141,170,1.2058823529411764,0.037217022651544224,638,"Look man, no hands."
4,3286,6,24,145,175,1.2057142857142857,0.03651226741879951,638,I can see you don't own one.
2683,3286,9,18,148,175,1.2057142857142857,0.03911764316823418,638,"The latest thing in selfies, dude!"
2688,3286,10,16,149,175,1.2057142857142857,0.039948359816506705,638,It allowed me to give up the belt.
4958,3286,5,26,144,175,1.2057142857142857,0.035601463833249025,638,"The wedgy I can live with, it's being delivered to my destination in style that sold me."
2751,3290,6,18,122,146,1.2054794520547945,0.04114309995025971,638,2019: Amazon taps into the speed-dating craze.
3525,3290,6,18,122,146,1.2054794520547945,0.04114309995025971,638,"There are stray dogs, then there are stray drones.   Just doing my job."
966,3290,6,18,122,146,1.2054794520547945,0.04114309995025971,638,Those suspenders look ridiculous.
979,3293,5,21,125,151,1.205298013245033,0.03910463779532971,638,No more sagging!!
4624,3293,4,23,124,151,1.205298013245033,0.03795882606658663,638,My wife says I drone on a lot.
3696,3293,5,21,125,151,1.205298013245033,0.03910463779532971,638,It was a wedding gift.  My wife finds it sexy.
1368,3293,4,23,124,151,1.205298013245033,0.03795882606658663,638,Go ahead and call the FAA you’re just gonna look like a racist on twitter
3058,3297,7,18,131,156,1.205128205128205,0.04038477949734926,638,"Wall, schmall!"
2903,3297,7,18,131,156,1.205128205128205,0.04038477949734926,638,Belt and suspenders is so last century.
2139,3297,3,26,127,156,1.205128205128205,0.03605660093927812,638,Best suspenders ever!!
1928,3297,5,22,129,156,1.205128205128205,0.03828190751741528,638,"Greetings, fellow human. Pay no attention to my handlers."
971,3297,2,28,126,156,1.205128205128205,0.034890765043999246,638,"Now we have a third option to belts
 and suspenders"
712,3297,4,24,128,156,1.205128205128205,0.03718590401258445,638,Don't tell me my suspenders aren't lookin' fly
2339,3297,4,24,128,156,1.205128205128205,0.03718590401258445,638,Some people say I tend to drone on...
5388,3304,5,23,133,161,1.204968944099379,0.037505706007253135,638,You can fly and they keep you pants from falling!
697,3304,2,29,130,161,1.204968944099379,0.03426016241123382,638,"Technology has outpaced suspenders, you luddite!"
545,3304,3,27,131,161,1.204968944099379,0.03537511102451714,638,The elevator is broken.
224,3304,4,25,132,161,1.204968944099379,0.036455976623178114,638,I am a Brooklyn kind of suspended.
3020,3308,7,20,139,166,1.2048192771084338,0.038706799201549937,638,I'm a pilot for Luber. The new quick trip no-frills alternative to outdated Lyft and Uber. Tell me where you're headed and climb aboard.
4643,3308,8,18,140,166,1.2048192771084338,0.03963881499940293,638,I got 300 million to make them rentable via phone.
4402,3308,2,30,134,166,1.2048192771084338,0.03366184121212308,638,No. There is no app for this yet.
2987,3308,4,26,136,166,1.2048192771084338,0.035765321948023274,638,"See? This is like, way more convenient than using my hands!"
5045,3312,3,29,139,171,1.2046783625730995,0.03411682780972565,638,I have an elastic allergy.
757,3312,8,19,144,171,1.2046783625730995,0.038832398687442496,638,"What don't you understand about ""delivery man?"""
597,3312,7,21,143,171,1.2046783625730995,0.03793620616529916,638,"This is a ridiculous cartoon, I have nothing...drone suspenders. Really"
988,3315,7,22,147,176,1.2045454545454546,0.03720614896305659,638,"I’m running late, do you need a lift?"
3040,3315,7,22,147,176,1.2045454545454546,0.03720614896305659,638,L train service isn't the only thing that's suspended...
2674,3317,6,25,150,181,1.2044198895027625,0.035662830075574734,638,I am taking a modern day belt and suspenders approach to our problem.
862,3317,3,31,147,181,1.2044198895027625,0.03297992398997027,638,I've given up my suspenders!
1231,3319,3,22,112,137,1.2043795620437956,0.03895738405999657,638,Need a taxi?
1959,3320,10,18,158,186,1.2043010752688172,0.03820917023319759,638,Herb just droned on and on.
962,3320,6,26,154,186,1.2043010752688172,0.03503498444181576,638,My new suspenders work fine until the batteries run down.
274,3322,5,19,118,142,1.204225352112676,0.04064549148258601,638,"Suspenders are out,man. These are the latest."
3756,3323,7,25,159,191,1.2041884816753927,0.03522812684159769,638,"Take my hand, once you've flown drone you'll never leave home without them."
1804,3323,7,25,159,191,1.2041884816753927,0.03522812684159769,638,No worries I'm wearing those new wedgie proof underwear.
2602,3325,5,20,122,147,1.2040816326530612,0.039730214404797834,638,There you go - droning on!
2838,3325,5,20,122,147,1.2040816326530612,0.039730214404797834,638,New belt?
2531,3327,6,19,127,152,1.2039473684210527,0.0399751750578056,638,Mid Life Crisis Circa 2025
3316,3327,8,15,129,152,1.2039473684210527,0.04209859109736994,638,Internet bullies are starting to give atomic wedgies
4686,3327,4,23,125,152,1.2039473684210527,0.03773245114514628,638,Who said sansabelts were no longer cool?
4362,3327,2,27,123,152,1.2039473684210527,0.03534771729460756,638,You'll never need a belt or suspenders again.
1989,3327,5,21,126,152,1.2039473684210527,0.03886999157655591,638,Airpods 2 will change your life.
5216,3332,6,20,131,157,1.2038216560509554,0.03911779626437911,638,Do you need one?
3874,3332,2,28,127,157,1.2038216560509554,0.03469243023008109,638,These are for those times when the right hand doesn't know what the left hand is doing.
3199,3332,6,20,131,157,1.2038216560509554,0.03911779626437911,638,"I know it’s kind of theatrical, but you just have to suspend disbelief."
2695,3332,4,24,129,157,1.2038216560509554,0.036971385555930394,638,"I see you’re a old fashioned belt and suspenders kinda guy, whereas I decided to go with the flow and modernize."
2102,3332,5,22,130,157,1.2038216560509554,0.038059725002335024,638,"I'm a belt and suspenders kind of guy, but I don't like suspenders."
1620,3332,9,14,134,157,1.2038216560509554,0.04213288426592457,638,I ordered them online.
1866,3332,4,24,129,157,1.2038216560509554,0.036971385555930394,638,And my wife says men can't multi-task.
229,3339,7,19,136,162,1.2037037037037037,0.03929726318347483,638,Two words - zipper drone.
1980,3339,3,27,132,162,1.2037037037037037,0.0351788281400217,638,It’s the high tech alternative to the suspenders vs belt debate.
5417,3339,8,17,137,162,1.2037037037037037,0.04026109946105313,638,"Other than the occasional glitches and battery issues, they really simplify my daily routine."
1767,3339,6,21,135,162,1.2037037037037037,0.03830918502930805,638,"The thing is, I don't get a backache like when I'm wearing a belt."
2547,3339,4,25,133,162,1.2037037037037037,0.03625232662060062,638,"On the bright side, we got the government to suspend its drone program."
69,3344,3,28,136,167,1.2035928143712575,0.03454270310023845,638,I have my own fans anyway!
4415,3344,6,22,139,167,1.2035928143712575,0.03754507874741222,638,Just wait until I put the plates on them!
5183,3344,7,20,140,167,1.2035928143712575,0.038493867109477393,638,"They're ""Big""-spenders!"
5325,3344,3,28,136,167,1.2035928143712575,0.03454270310023845,638,"Laugh now, but you’ll be buying your own drone-spenders before spring."
4383,3344,2,30,135,167,1.2035928143712575,0.033482136589209816,638,No rush-hour traffic delays!
3766,3344,4,26,137,167,1.2035928143712575,0.035571662940660276,638,Can you spare several million in investment capital?
2216,3344,5,24,138,167,1.2035928143712575,0.036571684009034426,638,Keeps me Cool in the Summer!
2191,3344,6,22,139,167,1.2035928143712575,0.03754507874741222,638,I can't believe it's not Amazon
1538,3344,5,24,138,167,1.2035928143712575,0.036571684009034426,638,They delivered me here to talk to you. Just imagine how they might change your life as well
1016,3344,5,24,138,167,1.2035928143712575,0.036571684009034426,638,"Accessorize more, man!"
3758,3344,7,20,140,167,1.2035928143712575,0.038493867109477393,638,"Come on, Jeremy- if no one sees the outfit, did you even wear it?"
4353,3355,7,21,144,172,1.2034883720930232,0.03773377063731811,638,"they’re bringing me back to their nest to feed to their young. no, no, it’s cool, it’s like, the circle of life, or whatever."
2164,3355,4,27,141,172,1.2034883720930232,0.034926194732559604,638,.... And that is how I tighten my belt.
1426,3355,7,21,144,172,1.2034883720930232,0.03773377063731811,638,It's the latest fashion! All the Kardashians are wearing these!
4382,3358,6,24,147,177,1.2033898305084745,0.03613571463654413,638,I use them merely to keep my pants up.
1925,3358,3,30,144,177,1.2033898305084745,0.03336444014411783,638,They work better than suspenders.
2110,3358,5,26,146,177,1.2033898305084745,0.035236182212407374,638,"Remember when you voiced concern that the guy is worth $150 billion, has an army of drones at his command, AND has Amazon Echo devices recoding every conversation in America?  Don't you feel stupid now that we got these free suspenders?"
747,3361,4,20,114,138,1.2028985507246377,0.04004575333393034,638,"Posting a check-in to Facebook is so last week, this streams live."
564,3362,8,13,122,143,1.2027972027972027,0.04389156045340406,638,"White privilege, again: you don't have to rig yours to record police brutality."
4873,3362,6,17,120,143,1.2027972027972027,0.04158705287172623,638,My new company aims at disrupting the suspenders industry.
5379,3362,8,13,122,143,1.2027972027972027,0.04389156045340406,638,I save a ton of time pulling my pants up and they give me a wedgie if  I try to eat gluten.
3809,3365,6,18,124,148,1.2027027027027026,0.040632365212064064,638,...and that's blockchain.
2652,3365,4,22,122,148,1.2027027027027026,0.038303156214757085,638,"I don't think I drone on and on"""
1713,3365,5,20,123,148,1.2027027027027026,0.039484939399337046,638,As long as they don't crash everything is great.
295,3365,4,22,122,148,1.2027027027027026,0.038303156214757085,638,The hardest part is preventing them from flying away with me
14,3365,5,20,123,148,1.2027027027027026,0.039484939399337046,638,I have a tendency to drone on sometimes.
4141,3365,4,22,122,148,1.2027027027027026,0.038303156214757085,638,"Well, my monkey's not happy but it's the latest in organ grinder technology."
4478,3365,5,20,123,148,1.2027027027027026,0.039484939399337046,638,"Forget LED suspenders man, drone suspenders is where it’s at dude!”"
2419,3372,5,21,127,153,1.2026143790849673,0.03863810411310346,638,Hand over your wallet. This is a holdup!
4093,3372,5,21,127,153,1.2026143790849673,0.03863810411310346,638,They came to my door bearing packages.
764,3374,4,24,130,158,1.2025316455696202,0.036759286664489056,638,Oh! I'm sorry Paul. Am I boring you? Because Christina told me that you told her that I always drone on.
1537,3375,3,27,133,163,1.2024539877300613,0.034984669176159076,638,"You gotta stay up with the times, Bernard.   Mine were sent by air mail ... they work ... and I feel ten pounds lighter too."
4625,3375,4,25,134,163,1.2024539877300613,0.03605090067396688,638,"It's the modern version of ""belt and suspenders."""
4074,3375,4,25,134,163,1.2024539877300613,0.03605090067396688,638,They suspend my disbelief.
3242,3375,7,19,137,163,1.2024539877300613,0.03907542098968375,638,"Gas is too high,bro"
2259,3375,2,29,132,163,1.2024539877300613,0.03388490394447599,638,They’re FAA approved
2035,3380,8,18,142,168,1.2023809523809523,0.03920321673014316,638,Just in case someone orders a Nerd from Amazon.
364,3380,9,16,143,168,1.2023809523809523,0.040102097219725165,638,You swiped right on Grinder.
1790,3382,3,29,141,173,1.2023121387283238,0.03376251001363263,638,Two words: iGen Sansabelt.
4256,3383,6,24,148,178,1.202247191011236,0.03595029486661401,638,What’s up?
3894,3383,7,22,149,178,1.202247191011236,0.03682259731557927,638,Mine suspend the laws of gravity.
2314,3385,5,27,151,183,1.2021857923497268,0.03444628773638218,638,"Hey, I used to wear suspenders too, but this is a much cooler way to keep your pants up!"
2444,3385,6,25,152,183,1.2021857923497268,0.035307166116735324,638,You ordered a personal trainer?
347,3387,4,20,115,139,1.2014388489208634,0.03978339868432061,638,Cheaper than Viagra.
1692,3388,5,19,120,144,1.2013888888888888,0.040128800389960424,638,"check this out! 'I-Belt', it's the first fully automated pants holding solution, it saves me 30 seconds a day and only decapitated 2 people!"
512,3388,3,23,118,144,1.2013888888888888,0.03763071121420765,638,I'm just fine with a handshake deal.
1964,3390,3,24,122,149,1.2013422818791946,0.036859120381373706,638,Beam me up Scotty.
1109,3390,3,24,122,149,1.2013422818791946,0.036859120381373706,638,I have IBS--so descent speed metrics were a critical factor.
25,3392,5,21,128,154,1.2012987012987013,0.038408927942357264,638,The best part is they go with everything - they're really simplifying my wardrobe.
276,3392,6,19,129,154,1.2012987012987013,0.03949845798894948,638,YOU EVER GET THAT FEELING LIKE YOU'RE BEING WATCHED?
2853,3392,6,19,129,154,1.2012987012987013,0.03949845798894948,638,It comes with this great new app alerting you there are other people on the sidewalk with you!
1793,3392,5,21,128,154,1.2012987012987013,0.038408927942357264,638,"Yes, they replaced both belt and suspenders!"
1026,3396,5,22,132,159,1.20125786163522,0.03762289705854003,638,The cameras showed such interesting stuff in skyscraper windows t had to see for myself.
1855,3396,3,26,130,159,1.20125786163522,0.035443749678574984,638,"Just bouncing around, how about you?"
2730,3396,3,26,130,159,1.20125786163522,0.035443749678574984,638,The suspenders were hurting my shoulders.
2843,3396,4,24,131,159,1.20125786163522,0.03654956753748931,638,My chiropractor has to monitor my progress.
4803,3396,5,22,132,159,1.20125786163522,0.03762289705854003,638,People accuse me of just droning on and on about where I am in the scheme of things.
982,3396,4,24,131,159,1.20125786163522,0.03654956753748931,638,They're spinners for mainstream media.
3345,3402,6,21,137,164,1.201219512195122,0.037881066042358136,638,They keep babes from coming onto me.
3106,3402,6,21,137,164,1.201219512195122,0.037881066042358136,638,They're high tech suspenders.
3454,3402,6,21,137,164,1.201219512195122,0.037881066042358136,638,Who are you calling a drone?
3413,3402,7,19,138,164,1.201219512195122,0.03885604024592232,638,"In fact, I do believe myself to be THAT interesting!"
3953,3406,4,26,139,169,1.2011834319526626,0.03519046278797234,638,So I've been reading up on this MeToo thing..
3797,3406,5,24,140,169,1.2011834319526626,0.03617749368552708,638,"They're nor suspenders, they're Sspndrs, my new startup."
2848,3406,4,26,139,169,1.2011834319526626,0.03519046278797234,638,"Honestly, you should think about it. Buy one get one free, too."
4573,3406,4,26,139,169,1.2011834319526626,0.03519046278797234,638,I just had to take them both. It wasn't a no-kill shelter.
2141,3406,4,26,139,169,1.2011834319526626,0.03519046278797234,638,"When your shoulders start sagging, don’t complain to me."
1027,3406,5,24,140,169,1.2011834319526626,0.03617749368552708,638,"Hey Fred, did you know that Amazon will pick me up too?"
938,3406,8,18,143,169,1.2011834319526626,0.03898894950842366,638,I'm hoping to find a new perspective on my life...
492,3406,5,24,140,169,1.2011834319526626,0.03617749368552708,638,"Still, I'd recommend just buying new socks"
343,3406,4,26,139,169,1.2011834319526626,0.03519046278797234,638,"Before this I was a drone operator, now drones operate me."
4094,3406,5,24,140,169,1.2011834319526626,0.03617749368552708,638,It's the belt and suspenders and drones approach.
4796,3406,10,14,145,169,1.2011834319526626,0.0407556491794669,638,... and I don’t even have to wipe.
4355,3406,8,18,143,169,1.2011834319526626,0.03898894950842366,638,It’s 2018... wedgies are outsourced now.
3624,3418,5,25,144,174,1.2011494252873562,0.0355110988399303,638,"Hey! This way I can meet Amazon half-way, 
you know what I mean?"
38,3418,8,19,147,174,1.2011494252873562,0.0382146626962104,638,My only concern is: what are you going to do when they run out of battery?
3181,3418,3,29,142,174,1.2011494252873562,0.03358804258525259,638,Geeks revenge!!
3570,3421,6,24,149,179,1.2011173184357542,0.03576674188060787,638,Just think of them as high tech suspenders
3277,3421,6,24,149,179,1.2011173184357542,0.03576674188060787,638,Do you know why nerds wear drone suspenders?
430,3421,8,20,151,179,1.2011173184357542,0.03748067798252562,638,Amazon is going into air travel
1741,3424,6,21,138,165,1.2,0.037670528747840895,638,Who needs phones when you have drones?
2161,3424,7,21,147,175,1.2,0.03713906763541037,638,The reviews say they will never get stuck on any tree
2318,3424,4,20,116,140,1.2,0.03952440800778525,638,Wow... that's just so 1980's.
2449,3424,5,24,141,170,1.2,0.0359835209992236,638,"They're not suspenders if they aren't ""suspended."""
2592,3424,4,22,124,150,1.2,0.03783870158723217,638,I call it the SuperWedgy.
3384,3424,4,26,140,170,1.2,0.03500285901504745,638,With a pair of these I can deliver stealth wedgies anywhere.
1658,3424,5,23,137,165,1.2,0.03667640803206492,638,"Your acoustic suspenders are totally retro, man."
3097,3424,4,22,124,150,1.2,0.03783870158723217,638,"We are not toddlers anymore, time to move up to big boy clothes."
3460,3424,3,27,135,165,1.2,0.03460259016489566,638,I never have to worry about where I put my keys.
1608,3424,4,20,116,140,1.2,0.03952440800778525,638,It only hurts when I lag.
3596,3424,6,22,142,170,1.2,0.03693815679992497,638,The applications for drones are endless!
3740,3424,5,26,149,180,1.2,0.03470188727947363,638,It's a DJI - Macintosh collaboration - they call it iSuspend.
3895,3424,4,23,128,155,1.2,0.03706898651442383,638,Suspenders are so 1899!
3946,3424,4,23,128,155,1.2,0.03706898651442383,638,But it's all the legroom you'll ever need.
3987,3424,6,20,134,160,1.2,0.038444601979779267,638,"Hey man, can you spare a quarter for battery?"
4016,3424,6,18,126,150,1.2,0.04013400372543907,638,"Yes, it can be tricky at the restroom but I'm pretty sure it will catch on soon."
4583,3424,4,24,132,160,1.2,0.03634218921558155,638,"You too, can put the suspense back in your suspenders."
5037,3424,4,25,136,165,1.2,0.03565458001613713,638,"Suspenders are a fad, Tom."
5051,3424,6,22,142,170,1.2,0.03693815679992497,638,"Let's split the fair. Don't worry, the payment app is totally safe."
5419,3424,6,20,134,160,1.2,0.038444601979779267,638,That's okay. We can't all be geniuses.
5421,3424,5,21,129,155,1.2,0.03818241665698899,638,I'd recommend paying a little extra for same-day zipping.
3388,3424,6,23,146,175,1.2,0.03624401881463749,638,I just want to see what the Caravan looks like.
1381,3424,3,22,115,140,1.2,0.03820214529901523,638,"Man, suspenders are so seventies!"
42,3424,3,22,115,140,1.2,0.03820214529901523,638,"Sure, it's great that they hold my pants up, but I'm still not a fan of them knowing my internet history"
1047,3424,7,20,143,170,1.2,0.037868734756393976,638,The wedgies are terrific!
814,3424,7,17,131,155,1.2,0.04031713411058204,638,Amazon is doing everything with drones.  Even installing suspenders for Prime users with purchase.
519,3424,6,17,122,145,1.2,0.041058784136762644,638,Do your suspenders shoot Hellfire missiles?
388,3424,4,21,120,145,1.2,0.03865556717425341,638,"But if you fall in a sink hole, your pants will stay up."
192,3424,9,15,141,165,1.2,0.040506767658800916,638,I enjoy the show tunes you sing while cooking dinner.
109,3424,8,19,148,175,1.2,0.038013047626037244,638,"Then yesterday i was flying and the drones pulled my pants over my head ,and i flew right into a flag pole."
53,3424,4,28,148,180,1.2,0.033795676266743145,638,"Belts are for suckers, am I right?"
5366,3424,4,28,148,180,1.2,0.033795676266743145,638,You think this is what they meant by flights of fancy?
3528,3424,5,22,133,160,1.2,0.03740816848206271,638,I’m sorry I tend to drone on and on...
4938,3424,5,20,125,150,1.2,0.03900324084509622,638,The analytics on this thing have taken my performance to a whole new level
520,3458,4,31,161,196,1.1989795918367347,0.03204188287945457,638,I finally found a solution to my pants that kept falling.
3466,3459,6,22,143,171,1.1988304093567252,0.03674013002860957,638,"They protect my personal space from violation, and you get a choice of three stylish colors."
402,3459,7,20,144,171,1.1988304093567252,0.03766479263348654,638,"No more suspenders, no more belts."
5266,3459,6,22,143,171,1.1988304093567252,0.03674013002860957,638,I'm told I should be more uplifting around others
2846,3462,3,27,136,166,1.1987951807228916,0.03441460535238768,638,Those old school suspenders just didn’t give me the right lift.”
1323,3462,7,19,140,166,1.1987951807228916,0.03842450340696319,638,What do you think? It's the new Amazon fashion line.
3713,3464,6,20,135,161,1.1987577639751552,0.038225259705252077,638,"suspenders, schmuspenders!"
4105,3464,2,28,131,161,1.1987577639751552,0.03392066439978421,638,The Superman costume was much better
2233,3464,7,18,136,161,1.1987577639751552,0.039227671752052315,638,Doctor says I need to take the wait off my feet
1115,3464,7,18,136,161,1.1987577639751552,0.039227671752052315,638,No more Mr Saggy Scrotum.
933,3464,7,18,136,161,1.1987577639751552,0.039227671752052315,638,I lost my suspenders
352,3464,7,18,136,161,1.1987577639751552,0.039227671752052315,638,Belt and suspenders are so 2017.
1738,3470,3,25,128,156,1.1987179487179487,0.0357130737818409,638,Drones? We prefer to call them workers.
3438,3470,7,17,132,156,1.1987179487179487,0.040078368014458646,638,"My hands are free, so no one knows he's being filmed."
4879,3470,6,19,131,156,1.1987179487179487,0.03903283997819771,638,I just shopped at the NEW Belts and Suspenders store!!!
1336,3473,3,24,124,151,1.1986754966887416,0.03641782009236429,638,"Seriously...you've never heard of Drone-a-Belt"""
441,3473,3,24,124,151,1.1986754966887416,0.03641782009236429,638,HR said I wasn't allowed to attach the third one.
3617,3473,4,22,125,151,1.1986754966887416,0.037610608091738745,638,I also offer drone sitting!
3317,3476,5,18,118,141,1.198581560283688,0.04053824561136123,638,I had no complain until they decided to fly in opposite directions.
1870,3477,4,19,113,136,1.1985294117647058,0.04017913719192626,638,Those braces are so 2017.
1848,3478,8,21,158,187,1.1978609625668448,0.03623945893347796,638,Didn’t you see the Larry King infomercial?
1263,3479,3,30,149,182,1.1978021978021978,0.032539268356239937,638,And I’m only the third tester!
760,3480,6,23,148,177,1.1977401129943503,0.03586872932818104,638,It's a new City Hall initiative: droopy pants prevention drones.
2201,3480,6,23,148,177,1.1977401129943503,0.03586872932818104,638,You know the joke about why firemen wear red suspenders...
3414,3480,5,25,147,177,1.1977401129943503,0.034962328415460805,638,"No need for belt or suspenders, but the batteries are draining me!"
3625,3480,8,19,150,177,1.1977401129943503,0.037616065907984934,638,...and the app is nowegee
4196,3480,3,29,145,177,1.1977401129943503,0.033075092402818564,638,"The first time I did this it gave me a ""wedgie"""
5025,3480,4,27,146,177,1.1977401129943503,0.03403179502821975,638,Their names are Jeff and Larry.
2462,3486,4,26,142,172,1.197674418604651,0.03463349211764261,638,I’m trying to remember if I charged the batteries last night.
3476,3486,9,16,147,172,1.197674418604651,0.0392361575117209,638,"You know, I just want to be totally transparent about my intentions."
2916,3486,5,24,143,172,1.197674418604651,0.03560166052682325,638,Haven’t you heard about the robot uprising?
4992,3486,5,24,143,172,1.197674418604651,0.03560166052682325,638,Some guys call it 'off the shoulder' but I prefer 'going comando'
4233,3486,7,20,145,172,1.197674418604651,0.03746301034721941,638,just needed something to hold  up my pants.
657,3491,6,21,140,167,1.1976047904191616,0.03725631058761275,638,Yea my wisdom line and my life line both stop about here
4719,3492,6,20,136,162,1.1975308641975309,0.03800837566741917,638,Balloons are so last year.
2008,3492,8,16,138,162,1.1975308641975309,0.03997498083900371,638,Internet bullies are giving me a wedgie.
3084,3494,5,21,131,157,1.197452229299363,0.037737208221581046,638,You too can lose five ponds in five minutes
3498,3494,6,19,132,157,1.197452229299363,0.03880407455006589,638,You’re wrong. I don’t need a permit.
5071,3494,5,21,131,157,1.197452229299363,0.037737208221581046,638,Why does everyone accuse me of droning on and on?
4283,3497,2,26,124,152,1.1973684210526316,0.03497680564454209,638,At least they aren't sitting on my shoulders anymore
340,3497,4,22,126,152,1.1973684210526316,0.03738520676119666,638,Hey buddy can you spare some change? This conversation may be monitored for your protection.
2974,3497,4,22,126,152,1.1973684210526316,0.03738520676119666,638,"It's the future.  You'll float, too!"
2263,3497,6,18,128,152,1.1973684210526316,0.03964757793433007,638,I’m fine with skipping pleasantries
2116,3497,7,16,129,152,1.1973684210526316,0.04073166841414003,638,"My future’s so light, I gotta wear drones."
709,3497,2,26,124,152,1.1973684210526316,0.03497680564454209,638,I'm looking for a lift.
1926,3497,7,16,129,152,1.1973684210526316,0.04073166841414003,638,"Yeah, this takes old-timey suspenders to a whole new level."
5145,3504,2,25,120,147,1.1972789115646258,0.03565155061761026,638,You get used to the constant whirring.
3719,3504,2,25,120,147,1.1972789115646258,0.03565155061761026,638,Yours look kind of goofy.
2603,3504,1,27,119,147,1.1972789115646258,0.03431974797874357,638,I was a belt-and-suspenders guy too. Now I'm a four-eyed technology geek.
1466,3504,3,23,121,147,1.1972789115646258,0.036935362751103165,638,The only problem is revolving  doors cause a bit of a let down.
2182,3508,4,20,118,142,1.1971830985915493,0.03901626796464972,638,Millions of dollars in research and development!
153,3509,5,16,111,132,1.196969696969697,0.04225786084358585,638,"As a photographer, I just hate getting caught with my pants down."
27,3510,7,23,158,188,1.196808510638298,0.0352639403075738,638,They're called new age suspenders.
2827,3511,5,26,152,183,1.1967213114754098,0.034183316879904224,638,I have an interview with Uber Eats this afternoon.
166,3511,7,22,154,183,1.1967213114754098,0.03589704212976556,638,"I don't want to drone on, but will you vote for me?"
4396,3513,7,21,150,178,1.196629213483146,0.0365626040995305,638,You can find me @suspendedbysuspenders
3845,3513,6,23,149,178,1.196629213483146,0.03568394662127765,638,"Hi, I'm Johnny-On-The-Spot."
2028,3515,6,22,145,173,1.1965317919075145,0.036350298975678354,638,I say drone pizza delivery will need a middle man!
5331,3515,7,20,146,173,1.1965317919075145,0.037263354260545195,638,I never liked belts to begin with.
1079,3515,4,26,143,173,1.1965317919075145,0.03445166999391793,638,High-waisted? Here's the solution to your problem.
34,3515,4,26,143,173,1.1965317919075145,0.03445166999391793,638,You've been replaced.
380,3519,5,23,140,168,1.1964285714285714,0.03607777670159303,638,I'd consider myself middle-class.
3452,3519,8,17,143,168,1.1964285714285714,0.03892896055662346,638,Out of my air space.
1306,3519,4,25,139,168,1.1964285714285714,0.035075917269549735,638,I recommend these new suspenders. They are so uplifting
1948,3519,5,23,140,168,1.1964285714285714,0.03607777670159303,638,They’re very good at following commands.
3173,3519,3,27,138,168,1.1964285714285714,0.03404458801146792,638,The FAA wants to pants me.
4215,3519,6,21,141,168,1.1964285714285714,0.03705255687749121,638,What are you droning on about now?
4690,3519,5,23,140,168,1.1964285714285714,0.03607777670159303,638,"Dog walking was too hard to break into."""
1516,3526,8,16,139,163,1.196319018404908,0.0397474566792454,638,"'It takes online dating to the next level!"""
993,3526,3,26,134,163,1.196319018404908,0.03465773365749465,638,"Yes, I know they're drones--they keep my pants up."
3909,3526,5,22,136,163,1.196319018404908,0.036778243926969906,638,They're thought of quite highly in the teleportation/drone selfie-stick community.
1401,3526,6,20,137,163,1.196319018404908,0.037793909408668336,638,They will take me to my leader.
5398,3530,2,27,129,158,1.1962025316455696,0.03414315627610505,638,"Yes, the tan I get at altitude is awesome."
5150,3530,6,19,133,158,1.1962025316455696,0.03857794370917561,638,It's the latest mobile dating ap.
5120,3530,7,17,134,158,1.1962025316455696,0.0396091327336483,638,Because my life is just too damn interesting not to share it with the rest of the world.
4723,3530,7,17,134,158,1.1962025316455696,0.0396091327336483,638,It’ll be like a selfie taken by god.
3818,3530,4,23,131,158,1.1962025316455696,0.03642809946540482,638,It turns out these “remote wedgies” have really helped improve my posture.
2832,3530,2,27,129,158,1.1962025316455696,0.03414315627610505,638,Casual flydays.
1956,3530,7,17,134,158,1.1962025316455696,0.0396091327336483,638,"Let go of your AI moral qualms already, Jeff"
1499,3530,6,19,133,158,1.1962025316455696,0.03857794370917561,638,"Next week, I'm buying the new Nike Roomba's"
1113,3530,6,19,133,158,1.1962025316455696,0.03857794370917561,638,"UAV
UBER Aerial Vehicle"
208,3539,3,24,126,153,1.196078431372549,0.035986781783617534,638,They’re also useful for haircuts.
410,3539,6,18,129,153,1.196078431372549,0.039408709686542885,638,"Honestly, the atomic wedgies are well worth the time savings."
194,3541,6,17,125,148,1.195945945945946,0.04029079782974838,638,"It was the wife's idea, to keep an eye on me."
5408,3541,8,13,127,148,1.195945945945946,0.04251124223628529,638,"I'm live streaming me on Instagram live streaming me on Facebook, live streaming me on Instagram."
4181,3541,5,19,124,148,1.195945945945946,0.039133358230548296,638,I'm getting ready for the L train shutdown.
3299,3541,5,19,124,148,1.195945945945946,0.039133358230548296,638,it's in stereo  and I can see around corners
2344,3541,4,21,123,148,1.195945945945946,0.037940625496203764,638,It's about time someone figured out how to avoid all those damn bicycles and kick scooters.
1890,3541,5,19,124,148,1.195945945945946,0.039133358230548296,638,"Dad, you're doing it all wrong."
5130,3547,6,16,121,143,1.1958041958041958,0.04122943333858455,638,Now I CAN fly too close to the sun.
1671,3548,4,28,152,184,1.1956521739130435,0.033129210661402564,638,"Come on, fly away with me."
1206,3548,2,23,113,138,1.1956521739130435,0.036881929189622444,638,It was Two-for-One Tuesday.
76,3550,5,25,149,179,1.1955307262569832,0.034605674595889174,638,And they're not even that loud!
3514,3550,7,21,151,179,1.1955307262569832,0.036374360633725525,638,"They not only keep your pants up, they can also give you wedgies!"
875,3550,4,27,148,179,1.1955307262569832,0.033686525727636175,638,It's a modern take.
4641,3553,4,26,144,174,1.1954022988505748,0.03427171704626229,638,"I know what you're thinking, and no, they don't roll your sleeves up for you."
1213,3553,2,30,142,174,1.1954022988505748,0.03227489819021135,638,It works until they decide to give me a wedgie.
411,3555,3,27,139,169,1.1952662721893492,0.033862494503726616,638,They help me drone out the noise.
1013,3555,5,23,141,169,1.1952662721893492,0.03588249281034258,638,It frees me up for more important things!
1845,3555,5,23,141,169,1.1952662721893492,0.03588249281034258,638,"I'm from the government, and I'm here to help you."
1893,3555,7,19,143,169,1.1952662721893492,0.03779468278149267,638,"I'm completely vegan, you know? And I just think it's hypocritical to even wear anything that LOOKS like animal skin, especially leather. So these drones replace the need for belts."
2054,3555,5,23,141,169,1.1952662721893492,0.03588249281034258,638,"Yeah, but we stole this idea from Google!"
2749,3555,4,25,140,169,1.1952662721893492,0.0348871167073119,638,I don't mean to drone on and on about myself.
3176,3555,5,23,141,169,1.1952662721893492,0.03588249281034258,638,"Dude, these suspenders are so cool in this heat"
4744,3555,5,23,141,169,1.1952662721893492,0.03588249281034258,638,"Go ahead shake my hand, I’ve got the control button in my left hand."
831,3555,4,25,140,169,1.1952662721893492,0.0348871167073119,638,"Okay, nothing to see here. Let's move along."
4780,3555,7,19,143,169,1.1952662721893492,0.03779468278149267,638,Know thyself
2441,3555,4,25,140,169,1.1952662721893492,0.0348871167073119,638,"I love the style, but I worry that they're a little too clingy."
3613,3566,6,20,138,164,1.1951219512195121,0.0375818213364377,638,Suspenders are OUT!!!!
5087,3566,6,20,138,164,1.1951219512195121,0.0375818213364377,638,"Flight with them is no problem, except when they run into some of their friends."
4048,3566,7,18,139,164,1.1951219512195121,0.03856436170937048,638,To hold my suspenders up.
3252,3566,7,18,139,164,1.1951219512195121,0.03856436170937048,638,It’s 2018 bro.
2996,3566,4,24,136,164,1.1951219512195121,0.03553533307553837,638,I'm too heavy but they  just drone on.
2477,3566,4,24,136,164,1.1951219512195121,0.03553533307553837,638,Drones are the new suspenders!
2175,3566,7,18,139,164,1.1951219512195121,0.03856436170937048,638,"""A guy at a garage sale convinced me it was an 8-Track tape player."""
1383,3566,6,20,138,164,1.1951219512195121,0.0375818213364377,638,... it's a great chick magnet.
4851,3566,4,24,136,164,1.1951219512195121,0.03553533307553837,638,I am video recording you and everything around me including the video recorders that are video recording me.
3658,3575,4,23,132,159,1.1949685534591195,0.03621929358833309,638,I've just been buzzing ever since I got these!
1020,3575,9,13,137,159,1.1949685534591195,0.04135087311699605,638,"My superhero name? ""Droning On and On Man"""
1371,3575,6,19,134,159,1.1949685534591195,0.03835440287421879,638,"Trust me pal, it's safe, and you can drop in anywhere!"
3978,3575,5,21,133,159,1.1949685534591195,0.03730212760604782,638,I’m working on suspenders animation...
1886,3579,5,20,129,154,1.1948051948051948,0.03807381854944091,638,Normally I am a belt and suspenders type guy...
2636,3579,4,22,128,154,1.1948051948051948,0.03694229582892943,638,"You know, it’s been cheaper than those traditional belts!"
1173,3579,9,12,133,154,1.1948051948051948,0.04229829086653748,638,"As your better angel, believe me, God is a total nerd."""
1046,3579,5,20,129,154,1.1948051948051948,0.03807381854944091,638,"You drone on lot, did you know that."
2061,3579,5,20,129,154,1.1948051948051948,0.03807381854944091,638,They’re from my “personal surveillance” collection.
4769,3584,4,21,124,149,1.1946308724832215,0.03770806881243978,638,"Before you go there, yes, the suspense is killing me."
5,3585,9,18,158,185,1.1945945945945946,0.0371560191482906,638,finally......they’ve come out suspenders you actually can’t feel you’re wearing.....
3145,3586,4,20,120,144,1.1944444444444444,0.03852084696008535,638,"If I succeed, I'll open my business in Detroit."
2044,3586,7,21,152,180,1.1944444444444444,0.036188023903013886,638,Suspension of these-briefs
3327,3588,5,24,146,175,1.1942857142857144,0.035043620818560745,638,It's my segue to the Segway.
3556,3588,5,24,146,175,1.1942857142857144,0.035043620818560745,638,"Trust me, it’s a smooth ride"
1678,3590,6,15,118,139,1.1942446043165467,0.041949294207520145,638,You still wear braces ...sad.
917,3591,3,27,140,170,1.1941176470588235,0.033682304785423396,638,We're testing the market for an Amazon/Tinder merger.
3344,3591,6,21,143,170,1.1941176470588235,0.03665158371040724,638,"Windy day, for me."
1831,3591,5,23,142,170,1.1941176470588235,0.035689283324363795,638,A little hard flying overseas but interstate it’s ok!
1096,3591,10,13,147,170,1.1941176470588235,0.040271493212669686,638,"I drowned my last dog...these ones
are waterproof, adorable, they watch the house properly, they don’t piss wherever they please, and my wife finally stopped sneezing."
754,3591,4,25,141,170,1.1941176470588235,0.03470030691409564,638,Why be an actor when you can also direct?
4440,3596,6,20,139,165,1.1939393939393939,0.03737207270085309,638,"Yeah, yeah, I already know I look pretty fly."
695,3596,4,24,137,165,1.1939393939393939,0.035339102393001816,638,And you thought mosquitoes were pesky.
4213,3596,5,22,138,165,1.1939393939393939,0.03636979499461686,638,"The batteries are good until thet’re not, O.K.?"
3581,3596,5,22,138,165,1.1939393939393939,0.03636979499461686,638,First ever #AmazonPrimeAir customer delivery is in the books.
1117,3596,6,20,139,165,1.1939393939393939,0.03737207270085309,638,"can you define ""drone on""?"
3851,3601,5,21,134,160,1.19375,0.037088279650334066,638,Just be careful what they grab hold of down there.
1269,3601,4,23,133,160,1.19375,0.036012832924113676,638,"I call them ""Drone-Spenders!"""
3493,3601,7,17,136,160,1.19375,0.03915064739980553,638,Grindr has been taken over by Amazon
1163,3604,3,24,128,155,1.1935483870967742,0.03556565963466911,638,"I""m getting an outfit shot for Instagram."
1813,3604,3,24,128,155,1.1935483870967742,0.03556565963466911,638,"In first class, they turn the cameras off."
2692,3604,5,26,155,186,1.1935483870967742,0.03367979984928223,638,I suppose I do drone on and on about them.
3844,3604,2,26,127,155,1.1935483870967742,0.03436755686236305,638,"It’s the price you have to pay if you want to make it as a reality star, Jim."
4113,3604,5,20,130,155,1.1935483870967742,0.03784825631877749,638,"I SAID, I'LL TAKE SHATTERED EARDRUMS OVER BEING MUGGED!"
4368,3604,5,20,130,155,1.1935483870967742,0.03784825631877749,638,Give me your cell phone. I guarantee you'll be viral by dinner.
5127,3604,2,26,127,155,1.1935483870967742,0.03436755686236305,638,The elevator is on the blink again...
2361,3604,5,26,155,186,1.1935483870967742,0.03367979984928223,638,Join me and help redefine atomic wedgie through augmented suspender irony.
230,3612,7,21,153,181,1.1933701657458564,0.036003565490380335,638,Suspendervision
2298,3613,4,21,125,150,1.1933333333333334,0.037478305929719805,638,"Suspendroids Roger! Not only do they keep my pants up, they do the same for my social media."
157,3613,2,25,123,150,1.1933333333333334,0.03500932016100456,638,"I can't fly, but at least my pants stay up."
4730,3615,6,22,148,176,1.1931818181818181,0.03578063494506517,638,Don't you think these new HR requirements are a little over the top?
1154,3615,5,24,147,176,1.1931818181818181,0.03486142240553237,638,It's my wife's idea.
449,3615,5,24,147,176,1.1931818181818181,0.03486142240553237,638,"With airline prices these days, I had to change something."
4086,3615,5,24,147,176,1.1931818181818181,0.03486142240553237,638,"Oh, just let Slicey sniff you a little bit and he’ll be friendly in no time!"
3841,3619,6,16,123,145,1.193103448275862,0.04070329013707074,638,I felt a need for news sources I could trust.
3233,3619,4,20,121,145,1.193103448275862,0.038277760472061405,638,"Apparently,it's the new ""Cyber-Wedgie"" from Twitter."
383,3621,2,29,140,171,1.1929824561403508,0.03246102102593794,638,What are you? A Luddite?
2056,3621,8,17,146,171,1.1929824561403508,0.03829509868994731,638,I have been accused of droning on and on..... I'll show 'em!
3782,3623,5,17,118,140,1.1928571428571428,0.040419725643711456,638,I got tired of selfies that didn't show my best side.
2454,3623,3,21,116,140,1.1928571428571428,0.037791591330285236,638,"Trust me, in five years everyone will have one of these."
1968,3623,3,21,116,140,1.1928571428571428,0.037791591330285236,638,Your suspenders are so twentieth century.
2943,3626,3,26,137,166,1.1927710843373494,0.034090340913520215,638,"heh, try adjusting those without taking them off"
3024,3626,4,24,138,166,1.1927710843373494,0.035144995287064905,638,"It's for privacy, you understand."
4037,3626,5,22,139,166,1.1927710843373494,0.036168909906929704,638,"Hey,  does this make my butt look big?"
1860,3626,1,30,135,166,1.1927710843373494,0.03187652182005531,638,They work SO much better than suspenders.
2959,3626,6,20,140,166,1.1927710843373494,0.0371646255730282,638,It's the new wedgie-matic 2000.
1598,3626,5,22,139,166,1.1927710843373494,0.036168909906929704,638,Amazon can send aliens to impregnate you in twenty-five minutes.
3291,3632,2,22,111,135,1.1925925925925926,0.03716947024994888,638,"Why?
I don't know, but they'll be finished disembarking in a few minutes."
1129,3633,5,21,135,161,1.1925465838509317,0.036876838779620856,638,No belt or suspenders !
1879,3633,4,23,134,161,1.1925465838509317,0.0358086789315852,638,Take a spin?
4485,3633,2,27,132,161,1.1925465838509317,0.03357055232967971,638,"Yup, latest spin on suspenders and they make me feel lighter too."
5170,3633,5,21,135,161,1.1925465838509317,0.036876838779620856,638,They make good pets and there’s no mess to pick up.
4626,3633,4,23,134,161,1.1925465838509317,0.0358086789315852,638,Who cares about the FAA! Do you know how much I’ll be saving on belts?
1305,3638,6,24,157,187,1.1925133689839573,0.03436232423112294,638,"Beauty is pain, Steven."
4810,3638,6,24,157,187,1.1925133689839573,0.03436232423112294,638,"Finally, a pants-suspension solution that is totally autonomous!"
1060,3640,4,22,130,156,1.1923076923076923,0.03650960943492191,638,"To me, I'm invisible."
1994,3640,4,22,130,156,1.1923076923076923,0.03650960943492191,638,You're grounded buddy. That ain't my problem.
3857,3640,4,22,130,156,1.1923076923076923,0.03650960943492191,638,"It's not the flying cars of the Jetsons, but it's close."
1827,3643,5,24,148,177,1.192090395480226,0.03468108360686171,638,Can I interest you in a pair of Dro-Spenders??
1406,3644,6,17,128,151,1.1920529801324504,0.0395507127310572,638,No cash?  No problem!  I can get you into one of these for just $19.99 a month.
1698,3644,6,17,128,151,1.1920529801324504,0.0395507127310572,638,Can you tell that I tend to drone on and on?
3373,3644,4,21,126,151,1.1920529801324504,0.03725128770973571,638,"You see, this is the only way I can keep my job with Amazon."
5094,3644,3,23,125,151,1.1920529801324504,0.0360466117032233,638,I am no longer a belt and suspenders guy
536,3644,5,19,127,151,1.1920529801324504,0.03841820736036572,638,"And, when I am not soaring, they help hold up my pants."
5367,3649,8,17,147,172,1.191860465116279,0.03808833092131914,638,"Pants no, briefs yes. It's all about giving your friends air."
5121,3650,3,22,121,146,1.1917808219178083,0.0367748816705752,638,I really do need these to keep my pants up
711,3650,5,18,123,146,1.1917808219178083,0.03925988467206608,638,"One can never be too cautious these days. This is the belt, suspenders, and drone approach."
2863,3652,6,25,162,193,1.1917098445595855,0.03362889892680614,638,I'm going to call them Sans-a-belts.
4885,3653,5,22,140,167,1.1916167664670658,0.03597020359920489,638,"Rats, I forgot my charger and I’m low.  Have you got one I can use for forty-five minutes?"
4216,3653,2,28,137,167,1.1916167664670658,0.03282409094384932,638,The new ones are now wedgie-proofed.
1992,3653,2,28,137,167,1.1916167664670658,0.03282409094384932,638,Couldn’t decide which side of my face looks better on profile...
1072,3653,4,24,139,167,1.1916167664670658,0.034952978128845215,638,Without them the drones would be photographing the dark side of my moon.
4241,3657,4,19,118,141,1.1914893617021276,0.038873308388507555,638,"Smile, Mr., you're on 'Drone Camera'... and what brings you to the
 red-light district today?"
1776,3657,3,21,117,141,1.1914893617021276,0.03754752964542799,638,He just kept droning on about them.
3712,3659,3,25,134,162,1.191358024691358,0.0345132226092174,638,It's like you're wearing VHS tapes.
1310,3659,9,13,140,162,1.191358024691358,0.040635574949575294,638,"Alexa, stop rectal probe now!"
1160,3659,6,19,137,162,1.191358024691358,0.03769888915045075,638,Let 'em carry me away!
578,3659,4,23,135,162,1.191358024691358,0.03560679388789338,638,It's the complete meeting package for today's high-flying executive.
2733,3663,5,25,153,183,1.1912568306010929,0.033913469729308136,638,We're rebranding the metaphor
4909,3663,8,19,156,183,1.1912568306010929,0.03647288239517171,638,"Trust me, whatever we say here stays between us."
2583,3665,8,10,118,136,1.1911764705882353,0.04490938089788189,638,"Good for you Thomas, but I'm never going to trust drones with my package."
4896,3665,5,16,115,136,1.1911764705882353,0.04111027982159845,638,"They're called ""drone-spenders.""  Why do you ask?"
3897,3667,5,20,132,157,1.1910828025477707,0.0374049592758,638,What you still haven't updated your suspenders yet?
2440,3667,6,18,133,157,1.1910828025477707,0.0384810381324668,638,"Hi, I'd like to connect with you on LinkedIn."
2539,3667,2,26,129,157,1.1910828025477707,0.03397282776631841,638,They distract people from my constantly incessant and mindless chatter. And it eliminates the need for a belt or suspenders. How cool is that?
4214,3667,6,18,133,157,1.1910828025477707,0.0384810381324668,638,Can I borrow your belt?
2221,3667,5,20,132,157,1.1910828025477707,0.0374049592758,638,"I guess I’m a suspenders, belt and drone kind of guy."
3716,3672,4,26,148,178,1.1910112359550562,0.03357004347256198,638,"This is so much better than suspenders, and it's a chick magnet!"
81,3672,4,26,148,178,1.1910112359550562,0.03357004347256198,638,Puts range anxiety into perspective doesn't it?
2312,3672,6,22,150,178,1.1910112359550562,0.035410560047637284,638,"When you go down, I’ll be high."
3773,3675,3,19,109,131,1.1908396946564885,0.03924493424609721,638,So much better than the old fashioned  fan on the baseball cap my parents used!
4541,3676,5,19,128,152,1.1907894736842106,0.03818552862914048,638,"It's just an update on the ole ""belt and suspenders"" approach."
2222,3677,3,27,143,173,1.1907514450867052,0.033152871092555755,638,Don't worry- they've been fully repurposed.
2963,3677,3,27,143,173,1.1907514450867052,0.033152871092555755,638,"Use my ‘common sense’? That's a silly, empty buzzword used by people who aren't disruptive innovators."
3950,3677,5,23,145,173,1.1907514450867052,0.03512178144586343,638,Trying on my latest Amazon delivery.
1718,3677,8,17,148,173,1.1907514450867052,0.03788376350506987,638,Ok when there's something exciting to see they go after it and then my pants fall down.
2414,3681,2,24,121,147,1.1904761904761905,0.03524920048560024,638,Evidence if I'm killed or injured and great for my weigh-in at Weight Watchers.
2091,3681,1,26,120,147,1.1904761904761905,0.03390159546036864,638,"I could just go on and on and on about the soothing, consistent humming they produce."
1583,3681,6,20,142,168,1.1904761904761905,0.0367564881043213,638,''No more crowded A trains for me.''
1365,3681,4,20,123,147,1.1904761904761905,0.03780055628036639,638,I want everyone to know what it's really like to walk in my shoes.
1297,3681,4,20,123,147,1.1904761904761905,0.03780055628036639,638,They do a great job of keeping my pants up.
254,3681,4,24,140,168,1.1904761904761905,0.034763017977495696,638,I gotta stay fly.
3305,3681,5,18,124,147,1.1904761904761905,0.039013715732043514,638,"Killer look, right?"
3014,3681,4,20,123,147,1.1904761904761905,0.03780055628036639,638,"Also, when I see someone I don't like, I can command the drones to give that person a ""wedgie."""
3882,3681,4,16,106,126,1.1904761904761905,0.04173124247658407,638,It was this or suspenders.
3855,3690,6,23,155,184,1.190217391304348,0.034613567466449474,638,Nobody gets the drop on me and my pants don't drop either.
3172,3690,5,25,154,184,1.190217391304348,0.03374466656394568,638,I am Drone-Man
5070,3690,5,25,154,184,1.190217391304348,0.03374466656394568,638,What do you mean we live in a world controlled by evil ? Big Brother won't like that kind of talk.
2640,3693,4,23,136,163,1.1901840490797546,0.03540714086767703,638,I get high with a little from my friends.
2195,3693,5,21,137,163,1.1901840490797546,0.03646102009629538,638,I no longer have to keep a journal.
1374,3693,5,21,137,163,1.1901840490797546,0.03646102009629538,638,"Don't worry, I once met Sully."
679,3693,4,23,136,163,1.1901840490797546,0.03540714086767703,638,I try to keep a low profile.
474,3693,5,21,137,163,1.1901840490797546,0.03646102009629538,638,It’s better than suspenders!
2297,3698,5,17,120,142,1.1901408450704225,0.039894349776583946,638,Suspenders. They're en vogue.
1230,3698,4,19,119,142,1.1901408450704225,0.038622131262132306,638,"I know it's a high-tech approach, but it still seems like a lot of work just to give me a wedgie."
2739,3700,6,18,134,158,1.1898734177215189,0.03825583258081622,638,And you just keep droning on...........
3231,3700,7,16,135,158,1.1898734177215189,0.039295475331580954,638,I overachieve.
3646,3700,5,20,133,158,1.1898734177215189,0.03718713583173612,638,Beats suspenders any day
3661,3700,4,22,132,158,1.1898734177215189,0.03608680390786284,638,It’s what Superman used. He made it invisible.
2644,3700,5,20,133,158,1.1898734177215189,0.03718713583173612,638,I'm working on my indie film- Suspended.
3838,3705,4,29,162,195,1.1897435897435897,0.031685194509996704,638,You can buy any knockoff you want in Chinatown.
376,3706,3,27,144,174,1.1896551724137931,0.03298001204190595,638,"You can throw away your belts, this is the future."
2392,3706,4,25,145,174,1.1896551724137931,0.033972370572857284,638,I'm protecting my goods.
3379,3706,6,21,147,174,1.1896551724137931,0.03587483098845341,638,You should see the belt version.
1854,3706,4,25,145,174,1.1896551724137931,0.033972370572857284,638,You can order my action figure on Amazon
1318,3710,4,21,128,153,1.1895424836601307,0.03680529426371062,638,"System downtime just reminds me to take a moment and think, are my pants still up?"
2484,3710,5,19,129,153,1.1895424836601307,0.03795561879147583,638,"Invest in cast-iron briefs, and you're all set."
2773,3710,3,23,127,153,1.1895424836601307,0.03561783786016251,638,It's high-tech bungee jumping.
92,3713,5,22,142,169,1.1893491124260356,0.035579189316181606,638,My wife likes to keep track of me...
2763,3713,7,18,144,169,1.1893491124260356,0.037506845624046596,638,They were on sale at the FAA’s Men’s Store.
2013,3713,3,26,140,169,1.1893491124260356,0.033540929565641434,638,I told my tailor that I wanted high risers.
1760,3713,4,24,141,169,1.1893491124260356,0.034575082563343296,638,They are guaranteed to help you lose weight.
3326,3717,4,20,124,148,1.1891891891891893,0.03756633080907703,638,I saw this DIY on Instagram
4944,3717,3,22,123,148,1.1891891891891893,0.036322177069935874,638,"They're only really a problem in public bathrooms, an mainly their livestream feature"
3954,3719,4,23,137,164,1.1890243902439024,0.03520968372285099,638,With a few modifications the Techno-Wedgie will be operational.
3153,3719,4,23,137,164,1.1890243902439024,0.03520968372285099,638,Not only will you be able to reach new heights... you'll be able to see every step of the way.
3139,3719,4,23,137,164,1.1890243902439024,0.03520968372285099,638,You're not keeping up with technology.
1575,3719,3,25,136,164,1.1890243902439024,0.03413070653789578,638,Now you know the difference between braces and suspenders.
171,3723,7,20,153,180,1.1888888888888889,0.03592260880034018,638,"Yeah, that works..., in the 20th Century!"
1694,3724,5,17,121,143,1.1888111888111887,0.03963669463281773,638,I am so much cooler than you...
4994,3724,4,19,120,143,1.1888111888111887,0.03837413849424774,638,Lose those suspenders and rock a pair of Hip Drones to be the man that keeps up with what's up!
3885,3726,7,16,136,159,1.1886792452830188,0.03906580800861785,638,You should see what my belt can do.
1875,3726,3,24,132,159,1.1886792452830188,0.03475185422054712,638,"I’m more Facebook-brained, but the Amazon side is getting stronger."
4312,3726,5,20,134,159,1.1886792452830188,0.036971804981176866,638,I'm documenting my life for You Tube.
4749,3726,4,22,133,159,1.1886792452830188,0.035879003158758,638,... and they’re mobile! So you’re free to move around.
5245,3726,5,20,134,159,1.1886792452830188,0.036971804981176866,638,"I'm tellin' ya, elevator shoes will soon be obsolete. And, here's why."
2589,3726,7,16,136,159,1.1886792452830188,0.03906580800861785,638,I see your risk mitigation and raise a mind-blower wedgie.
949,3726,3,24,132,159,1.1886792452830188,0.03475185422054712,638,Ahh nuts!  I forgot the controllers!
2784,3726,5,20,134,159,1.1886792452830188,0.036971804981176866,638,Want a walk-on cameo in the movie of my life?
309,3726,2,26,131,159,1.1886792452830188,0.033586900361095406,638,"for extra support"""
455,3735,6,21,148,175,1.1885714285714286,0.035685702847990844,638,You're going to have to major in mechanical engineering if you want to pants me now.
3543,3735,4,25,146,175,1.1885714285714286,0.03379506617498362,638,It beat their selection of neckties.
3986,3735,7,19,149,175,1.1885714285714286,0.036594409856518954,638,"I know what you're thinking, and yes, this set-up makes going to the bathroom a baffling ordeal!"
3052,3738,3,17,102,122,1.1885245901639345,0.04087507645872571,638,I now call it my fifth-floor drone-up.
2992,3739,4,21,129,154,1.1883116883116882,0.03658622622935444,638,I didn't order this from Amazon
4367,3739,6,17,131,154,1.1883116883116882,0.03883705479761218,638,"Yeah...they're great, except they keep the cameras rolling in the men's room."
3787,3739,4,21,129,154,1.1883116883116882,0.03658622622935444,638,You did order Indian - Didn't you ?
3823,3739,7,15,132,154,1.1883116883116882,0.03991490026514341,638,HI I am conducting anonymous opinion polls on behalf of the president.  Care to answer a few questions?
3956,3743,3,26,141,170,1.188235294117647,0.03336164450889911,638,I tried to get off Social Media
3592,3743,6,20,144,170,1.188235294117647,0.036357121134118854,638,Suspenders are sooo twentieth century!
2655,3743,4,24,142,170,1.188235294117647,0.03438914027149321,638,Best belt I ever had!
4787,3743,6,20,144,170,1.188235294117647,0.036357121134118854,638,I'm taking a belt-and-suspenders approach to this.
1148,3743,9,14,147,170,1.188235294117647,0.0391239209433797,638,He just keeps on droning and droning and droning.
1010,3743,2,28,140,170,1.188235294117647,0.03230148108158325,638,Psychologists call it drone parenting.
885,3743,5,22,143,170,1.188235294117647,0.03538681411043828,638,"Hey Dude, you call those, suspenders?"
4771,3743,6,20,144,170,1.188235294117647,0.036357121134118854,638,I’ve always been one to embrace new technology.
3352,3751,3,22,124,149,1.1879194630872483,0.03609991716469566,638,Too hip. Gotta go.
4704,3751,6,16,127,149,1.1879194630872483,0.039689900277016354,638,Who needs a FitBit?
3656,3753,3,25,137,165,1.187878787878788,0.03394256135573651,638,"I'm not sure where I  am going, but wish me luck!"
3480,3753,6,19,140,165,1.187878787878788,0.03706517181142036,638,Trumpcare's cheap cure for a broken back!
1640,3753,4,23,138,165,1.187878787878788,0.035014387062967826,638,It keeps me from going in circles.
1348,3753,1,29,135,165,1.187878787878788,0.031690342556891925,638,Just think how much I'll save on subway fares!
1311,3753,3,25,137,165,1.187878787878788,0.03394256135573651,638,Ya like my wearable tech?
1172,3753,6,19,140,165,1.187878787878788,0.03706517181142036,638,"OK, I know I keep droning on, but it's all about uplift."
1017,3753,5,21,139,165,1.187878787878788,0.03605436355564635,638,"Suspenders are so passe, don't you think?"
4986,3753,4,23,138,165,1.187878787878788,0.035014387062967826,638,No thanks I use Uber.
1950,3761,3,28,150,181,1.1878453038674033,0.032120313488947255,638,"Brace yourself Alan, this is only a prototype. They will be available to purchase by Christmas."
320,3762,4,22,134,160,1.1875,0.035673550443681125,638,You're always complaining that I can drone on and on! Why is that?
5244,3762,4,22,134,160,1.1875,0.035673550443681125,638,I've missed my flight. The drone is my new best friend.
4705,3762,3,24,133,160,1.1875,0.03455410032190975,638,I  felt it was time to modernize my look...
4078,3762,5,20,135,160,1.1875,0.03675892481369823,638,They’re called ‘Drone Suspenders’ I got yesterday from Amazon — so far  holding up really well.
3257,3762,5,20,135,160,1.1875,0.03675892481369823,638,"No, I don’t want a ride."
1136,3762,7,13,124,144,1.1875,0.04177578950739996,638,"These are R2 and D2, my new suspenders."
561,3762,6,18,136,160,1.1875,0.037813157837720685,638,This is #metoo's version of police body cameras.
297,3762,4,25,147,176,1.1875,0.03361957724341539,638,"Why yes, it is called “drone on”."
510,3762,5,20,135,160,1.1875,0.03675892481369823,638,Belt and Suspenders are just not hip.
2115,3771,5,25,157,187,1.1871657754010696,0.033248064358604196,638,"I don't exactly need them, but two is better than one, right?"
680,3772,4,24,143,171,1.1871345029239766,0.03420516012588529,638,Just walking my pet drones before bedtime!
1151,3772,5,22,144,171,1.1871345029239766,0.035196483188549614,638,Wanna race?
5080,3772,4,24,143,171,1.1871345029239766,0.03420516012588529,638,You're lecturing me on overkill?
2077,3772,6,20,145,171,1.1871345029239766,0.03616063990648201,638,It's just my version of belts and suspenders - it's belts and drones. Best thing since man-buns.
5174,3776,6,17,132,155,1.1870967741935483,0.03860480137343009,638,The director of this Air and Space Museum's really got me by the balls.The director of this Air and Space Museum's really got me by the balls.
4760,3776,5,19,131,155,1.1870967741935483,0.03750391324276195,638,"C’mon Bill, everyone knows suspenders are out. Drones are on the rise."
3547,3778,6,14,119,139,1.1870503597122302,0.041563070451184216,638,"No, not yet. They've had a little trouble with the zipper."
4952,3779,5,24,153,182,1.1868131868131868,0.03380632807078462,638,"My Great Uncle Orville was Wright, man can fly with the birds."
4891,3779,5,24,153,182,1.1868131868131868,0.03380632807078462,638,I've timed the battery life for when I need to go to the bathroom.
2626,3779,5,24,153,182,1.1868131868131868,0.03380632807078462,638,Now listen to what real stereo sounds like
2402,3782,3,25,138,166,1.1867469879518073,0.03375644753282386,638,"This is how I stay ""cool"" the whole time."
2037,3782,5,21,140,166,1.1867469879518073,0.03585437839778927,638,"“Now, Son, i am going to know where you are, at all times.”"
2799,3782,3,25,138,166,1.1867469879518073,0.03375644753282386,638,"Man, you are so 2017!"
5124,3785,4,20,126,150,1.1866666666666668,0.03710637308053225,638,Now I can get two things drone at once!
4067,3785,3,22,125,150,1.1866666666666668,0.03588032141130668,638,"This way, I never have to worry about my zipper getting stuck."
3378,3785,6,16,128,150,1.1866666666666668,0.03944431315687471,638,"It videos, fans and makes julian fries.
$19.95 each"
3738,3785,3,22,125,150,1.1866666666666668,0.03588032141130668,638,"Trump's landing on top of his tower--
So we've been grounded"
1349,3789,5,23,149,177,1.1864406779661016,0.034392266465773313,638,"Wallet now, or my drones will friend you."
788,3789,7,19,151,177,1.1864406779661016,0.03621091911880045,638,Who says suspenders are old fashioned?
4505,3791,1,28,132,161,1.186335403726708,0.03201922091622858,638,"Being fast on my feet wasn't fast enough."""
4292,3791,3,24,134,161,1.186335403726708,0.03435855077252008,638,...and no one can smell it.
3122,3791,4,22,135,161,1.186335403726708,0.03547040685896674,638,It's much more effective than giving up carbs.
2379,3791,2,26,133,161,1.186335403726708,0.03320949050550226,638,"Not only can you lose the belt and the suspenders, you don't need a metro card or wifi"
1387,3791,3,24,134,161,1.186335403726708,0.03435855077252008,638,I love my new suspenders of disbelief!
2964,3791,3,24,134,161,1.186335403726708,0.03435855077252008,638,This way my shirt doesn’t pinch at the shoulders
45,3791,4,22,135,161,1.186335403726708,0.03547040685896674,638,I am for hire dude.
3644,3798,3,29,156,188,1.1861702127659575,0.03131910611458039,638,this way i can always get my best selfie angles
970,3799,3,26,143,172,1.186046511627907,0.03300867581057148,638,Buy a couple and lose those tacky suspenders!
3951,3799,4,24,144,172,1.186046511627907,0.03402311177378928,638,From the 'Shoot the Breeze with Larry King' suspenders collection.
3629,3799,3,26,143,172,1.186046511627907,0.03300867581057148,638,They also livestream everything I do and say
3002,3799,4,24,144,172,1.186046511627907,0.03402311177378928,638,Only 50 bucks and I can be delivered to your ex.....
3926,3799,5,22,145,172,1.186046511627907,0.0350081646302132,638,You haven't heard of the new leash law?
2986,3799,4,24,144,172,1.186046511627907,0.03402311177378928,638,"So, my kid said, ""Why do fireman wear red suspenders?"" and it got me thinking . . ."
479,3805,4,21,131,156,1.185897435897436,0.03615572327926449,638,Using your hands is so 2017.
548,3805,6,17,133,156,1.185897435897436,0.03837528237973413,638,You've heard of Prime Now? This is Prime Trou.
1144,3805,2,25,129,156,1.185897435897436,0.033790684425876356,638,Looks like I'm the new alpha-millenial
1444,3805,5,19,132,156,1.185897435897436,0.03728202397651635,638,You're a geek. Think beanie copter.
1895,3805,5,19,132,156,1.185897435897436,0.03728202397651635,638,Think the Shark Tank gang will fund  my idea?
3125,3805,4,21,131,156,1.185897435897436,0.03615572327926449,638,It’s Amazons new drone delivery service.
2898,3805,6,17,133,156,1.185897435897436,0.03837528237973413,638,I never liked suspenders.
3776,3805,3,23,130,156,1.185897435897436,0.03499318990757995,638,"If the government couldn't be trusted, would I let them do this?"
2648,3813,4,26,153,183,1.185792349726776,0.032731793824151846,638,Alexa thinks tight pants are hot!
3510,3813,6,22,155,183,1.185792349726776,0.03451765936011599,638,"I’m the Drone Guy.  My specialty is hotel rooms, but I can also do board meetings and voting booths."
1217,3815,7,12,121,140,1.1857142857142857,0.04251317948808891,638,"Hear my drone: I'm just about ready to stop making submissions, not because I haven't been selected but because the winning entries are so stupid."
1606,3815,2,22,116,140,1.1857142857142857,0.03596520284375474,638,my suspenders
1864,3815,4,18,118,140,1.1857142857142857,0.03871751104384216,638,Yup! The latest design in suspenders. Guaranteed for lift!
3504,3818,8,15,144,167,1.18562874251497,0.038572346022970216,638,"Thank you for choosing Amazon, your best source for the Token Black Friend(tm)."
4911,3818,5,21,141,167,1.18562874251497,0.03565657410685419,638,I call it my Hitchcock.  Always keep them in suspense.
2405,3820,5,18,128,151,1.185430463576159,0.038058829226782026,638,...and I avoid traffic.
607,3820,4,20,127,151,1.185430463576159,0.036880540415818286,638,"I assure you, congressman, the FAA's budget could not be any tighter."
4456,3820,4,20,127,151,1.185430463576159,0.036880540415818286,638,"I won't lie to you, it was a bit distracting at first, but now, the pervasive whir of those tiny aggressive blades has become my favorite part!"
579,3820,6,16,129,151,1.185430463576159,0.0392017181111225,638,"So when I realized one drone wasn't doing it for me, I added the second one."
4356,3824,4,25,149,178,1.1853932584269662,0.03327393734006044,638,I needed someone to watch my back.
3203,3824,4,25,149,178,1.1853932584269662,0.03327393734006044,638,Will you stop droning on and on about how I hover?
4207,3826,4,22,136,162,1.1851851851851851,0.0352695343365013,638,Let me start with the shorts version...
2357,3826,4,22,136,162,1.1851851851851851,0.0352695343365013,638,"It’s really expensive and using the restroom is super weird now but hey, I don’t need suspenders anymore!"
2294,3826,6,18,138,162,1.1851851851851851,0.03738050995527878,638,"...""No, I'm their guide human."""
633,3826,4,22,136,162,1.1851851851851851,0.0352695343365013,638,"My therapist suggested I try delegating more."""
628,3826,5,20,137,162,1.1851851851851851,0.03634035344372932,638,These are my suspendrones...better than a selfie stick
3235,3826,3,24,135,162,1.1851851851851851,0.034165169635348186,638,I want our first hookup to be memorable.
5351,3832,7,23,170,200,1.185,0.033307988689693695,638,Conventional suspenders were too restricting.
120,3833,2,28,143,173,1.1849710982658959,0.031794962519264,638,I'm going to make a killing in the diet industry. These suckers take 25 pounds  off  INSTANTLY.
1899,3834,2,23,121,146,1.1849315068493151,0.03504963031904306,638,"Two are better than one. And if I can solve my center of gravity issue, maybe they’ll stop flipping me upside down."
4870,3834,6,15,125,146,1.1849315068493151,0.04007954379306014,638,It helps me with my ED.
4049,3836,4,21,132,157,1.1847133757961783,0.03594420164812587,638,They're more comfortable than suspenders plus they give me a lift crossing the street.
4768,3836,6,17,134,157,1.1847133757961783,0.0381484503850071,638,What app are you using for these??
3679,3836,3,23,131,157,1.1847133757961783,0.03478974439102747,638,Are my flies showing?
2788,3836,7,15,135,157,1.1847133757961783,0.03920412713102354,638,"Some day, Google is going to invent a way to wear these on your face."
2082,3836,4,21,132,157,1.1847133757961783,0.03594420164812587,638,"They bring me to and from work with no traffic, no parking, no stop lights, and no citations."
783,3836,6,17,134,157,1.1847133757961783,0.0381484503850071,638,"Yes, I do have eyes in the back of my head."
434,3836,6,17,134,157,1.1847133757961783,0.0381484503850071,638,It's all about perspective.
137,3836,2,25,130,157,1.1847133757961783,0.033595639560289964,638,They work kind of like suspenders.”
65,3836,5,19,133,157,1.1847133757961783,0.03706271643375916,638,Airspace regulations be damned. I am ready.
612,3836,4,21,132,157,1.1847133757961783,0.03594420164812587,638,Its really a very soft ride due to the elastic...
3636,3846,7,17,144,168,1.1845238095238095,0.0374172225368351,638,"I called for a Lyft, not a WedgY."
2990,3846,6,19,143,168,1.1845238095238095,0.03645219531031468,638,"No, I'm no longer late for work. I solved the problem with red lights at intersections. And that's really helped."
146,3848,4,18,119,141,1.1843971631205674,0.03846449550338009,638,They look neat for thirty minutes at a time.
4964,3849,7,19,153,179,1.1843575418994414,0.03583530751746044,638,I couldn't get an airline reservation.
3604,3849,5,23,151,179,1.1843575418994414,0.03403862317420029,638,Alcatraz escape redone.
2667,3851,3,22,127,152,1.1842105263157894,0.03544893655367666,638,"All the old-time TV cowboys had two six-shooters -- I just updated the concept. And besides, one of them fetches me lunch."
2525,3851,3,22,127,152,1.1842105263157894,0.03544893655367666,638,"C'mon, they won't get you."
2586,3851,6,16,130,152,1.1842105263157894,0.038962061418880575,638,I am trying to recreate my dream from last night.
4475,3851,3,22,127,152,1.1842105263157894,0.03544893655367666,638,They’re called pantaDrones’
3748,3855,5,20,138,163,1.1840490797546013,0.03613458290579025,638,It’s Amazon Prime in reverse.
2595,3855,3,24,136,163,1.1840490797546013,0.033973921729726284,638,Belts are so August.
2622,3855,5,20,138,163,1.1840490797546013,0.03613458290579025,638,I call it the Da Vinci
3736,3855,8,14,141,163,1.1840490797546013,0.039152639347714735,638,I'm delivering twins this afternnoon.
4163,3859,3,26,145,174,1.1839080459770115,0.03266298706227227,638,Sure beats suspenders and chicks dig em!
4026,3860,6,22,157,185,1.1837837837837837,0.03417284784314403,638,"You’re either with the times, or you’re against them."
2011,3861,4,19,124,147,1.183673469387755,0.03741284801826365,638,"Your wife paid me $5,000 to tape your every move.  What do you offer?"
1743,3861,4,28,164,196,1.183673469387755,0.03127658684911806,638,"You know that song ""Up, up and a way in my beautiful balloon?""  So old fashioned."
530,3861,4,19,124,147,1.183673469387755,0.03741284801826365,638,"I know mine need batteries but, this is the hip way to hold your pants up."
2931,3861,3,21,123,147,1.183673469387755,0.036145998903366075,638,Selfie drones!
1097,3865,1,27,130,158,1.1835443037974684,0.03217329867609314,638,At least this is faster than having my pizza delivered to me.
2901,3865,3,23,132,158,1.1835443037974684,0.034588617461066465,638,Forget belt and suspenders!
584,3865,6,17,135,158,1.1835443037974684,0.037924259031895856,638,The drones are able to sense my self-satisfaction and snap them accordingly.
2416,3865,1,27,130,158,1.1835443037974684,0.03217329867609314,638,They're the new suspenders. Very big in Europe!
2151,3865,2,25,131,158,1.1835443037974684,0.033402796331812465,638,What’s your problem? It’s not like I’m standing here naked!
4679,3870,6,19,144,169,1.183431952662722,0.036252306048557115,638,I just figured I would suspend my suspicions of government surveillance.
669,3870,5,21,143,169,1.183431952662722,0.03526736899321475,638,I'll never have to worry about my hiney hanging out!
1558,3870,6,19,144,169,1.183431952662722,0.036252306048557115,638,Did you hear? Amazon now has it’s own clothing line.
452,3870,5,21,143,169,1.183431952662722,0.03526736899321475,638,Rainbow suspenders are so 1970's.
4546,3874,4,25,151,180,1.1833333333333333,0.032935239203291444,638,It's a drone and braces system.
197,3874,7,19,154,180,1.1833333333333333,0.035650381774539115,638,I think they’re called wedgie-makers but I don’t know why!
1244,3874,4,25,151,180,1.1833333333333333,0.032935239203291444,638,Ready?
5035,3877,4,16,111,131,1.183206106870229,0.040259765329072605,638,It was either this or the hybrid belt..
4783,3877,4,16,111,131,1.183206106870229,0.040259765329072605,638,"Lastly,I've saved a fortune in belts for my pants."
1458,3879,3,22,128,153,1.1830065359477124,0.035237057163125494,638,KEEPS MY PANTS UP AND MY SHIRT NEAT
2126,3879,1,26,126,153,1.1830065359477124,0.03270552817959627,638,I traded in my car for these guys. Much cheaper now!
3889,3879,3,22,128,153,1.1830065359477124,0.035237057163125494,638,"Until I can afford another one, they just give me a spring in my step."
4125,3879,4,20,129,153,1.1830065359477124,0.036436925083256924,638,It's called multi-tasking...
4754,3879,5,18,130,153,1.1830065359477124,0.037598521533810096,638,I'm just concerned because my wife is taller than me
4881,3879,5,18,130,153,1.1830065359477124,0.037598521533810096,638,"Hi , I'm Kevin. And meet my friends Bruce and Jim"
4931,3879,1,26,126,153,1.1830065359477124,0.03270552817959627,638,"When I was a busker, I would drone on and on"
4751,3886,5,20,139,164,1.1829268292682926,0.03593110433370374,638,"Okay, I'm all set.  Drone on!"
4778,3886,2,26,136,164,1.1829268292682926,0.03265875321223691,638,Their combined lift would reduce your weight by 12 lbs.
2362,3886,5,20,139,164,1.1829268292682926,0.03593110433370374,638,Couldn't find my belt this morning...
1973,3886,6,18,140,164,1.1829268292682926,0.03695755616550883,638,I am going to dominate the drone belt delivery and installation market
4268,3890,9,14,152,175,1.1828571428571428,0.03807717141380001,638,"When considering our fascination over flying machines and low-waisted trousers, we find an intersection at our fear of them falling down."
4034,3890,3,26,146,175,1.1828571428571428,0.03249280401758472,638,Say hello to my little friends.
2867,3890,4,24,147,175,1.1828571428571428,0.033488262987455164,638,"Believe me, it is a great improvement over my old suspenders."
326,3890,4,24,147,175,1.1828571428571428,0.033488262987455164,638,"You were talking to yourself, don't deny it!"
1960,3890,7,18,150,175,1.1828571428571428,0.03631126674865983,638,Its just there so my pants are tighter. Also so I don't have to walk.
2329,3890,4,24,147,175,1.1828571428571428,0.033488262987455164,638,Five bucks for a tour.
4114,3896,6,15,127,148,1.1824324324324325,0.03957528957528957,638,Come on! Give me the controls.
3710,3896,3,21,124,148,1.1824324324324325,0.03592238236665713,638,"Dude, it's all about analytics. You're walk just isn't efficient."
3392,3896,9,9,130,148,1.1824324324324325,0.042918405550995575,638,I can adjust mine using my phone or smartwatch.
957,3896,4,19,125,148,1.1824324324324325,0.037179916867222204,638,"Form follows function, form follows function""--- I'm over all that"
1083,3896,7,13,128,148,1.1824324324324325,0.04072016955177444,638,"Now, I bet your thinking ""I wish he wouldn't get carried away like that."" ... but I'm just such a big supporter of his."
5034,3901,5,19,135,159,1.1823899371069182,0.03663167075035478,638,They make you feel fly.
2971,3901,6,17,136,159,1.1823899371069182,0.03770266300757025,638,"Go on, say sonething."
379,3901,2,25,132,159,1.1823899371069182,0.033212118485010475,638,High tech bully.
1285,3901,3,23,133,159,1.1823899371069182,0.03438977042904448,638,There’s an app for that!
1585,3901,6,17,136,159,1.1823899371069182,0.03770266300757025,638,They would look better charging on your bedroom floor
2038,3901,6,17,136,159,1.1823899371069182,0.03770266300757025,638,Look out! They're ravenous for suspenders!
3879,3901,3,23,133,159,1.1823899371069182,0.03438977042904448,638,They even take my Metro Card
3262,3908,6,19,145,170,1.1823529411764706,0.036054575768074866,638,"""No, you'll need to call for one, .. I said I was taxi-ing"""
5086,3908,2,27,141,170,1.1823529411764706,0.031960567215222266,638,"I just clicked ""Expert Installation"" and..."
5180,3908,5,21,144,170,1.1823529411764706,0.035075900409562884,638,Dude...the suspense is killing me!
1709,3908,4,23,143,170,1.1823529411764706,0.03406912304811052,638,My wife likes to keep tabs on me.
2666,3908,3,25,142,170,1.1823529411764706,0.0330316742081448,638,You say braces...I say suspenders !
4484,3913,4,25,152,181,1.1823204419889504,0.03276842937353713,638,"Droning, on and on."
3093,3914,8,14,143,165,1.1818181818181819,0.03870857561979608,638,I've always had trust issues.
3674,3914,8,14,143,165,1.1818181818181819,0.03870857561979608,638,"well, How else do you expect me, a wealthy CEO, to hold up my pants? belts are for peons."
4377,3914,2,24,128,154,1.1818181818181819,0.0337942986018418,638,Suspenders are so primitive.
4492,3914,5,22,149,176,1.1818181818181819,0.03427439797505623,638,I'm just rying to capture the moment.
4903,3914,5,18,131,154,1.1818181818181819,0.03737247558646991,638,The batteries are rechargeable. How do yours work?
1354,3914,2,22,119,143,1.1818181818181819,0.03527880488763162,638,The fashion police have really gone high tech.
1132,3914,5,18,131,154,1.1818181818181819,0.03737247558646991,638,It's nice and tingly.
315,3914,4,20,130,154,1.1818181818181819,0.03621904876770889,638,"Trust me, you will remain anonymous and the information held in strictest of confidence."
1475,3914,8,14,143,165,1.1818181818181819,0.03870857561979608,638,"Hey, it was good seeing you last night."
345,3914,4,20,130,154,1.1818181818181819,0.03621904876770889,638,A new prototype designed to hilariously annoy enemies of the state.
774,3924,7,17,147,171,1.1812865497076024,0.036805776531277326,638,"I'm a handi-capable angel. And no, we don't wear the long robes anymore. The restroom attendants found them too confusing."
2504,3924,5,21,145,171,1.1812865497076024,0.034886477134579215,638,"I AM happy to see you, and yes those are drones on my pockets"
3718,3924,5,21,145,171,1.1812865497076024,0.034886477134579215,638,"It's for a new reality show, The Life of the Dull and Dumber"
3805,3924,6,19,146,171,1.1812865497076024,0.0358589700976746,638,I'm the personal assistant you just hired on Amazon Gigs Prime!
5391,3924,4,23,144,171,1.1812865497076024,0.03388608618971974,638,No babe can resist being filmed from two different angles simultaneously!
5393,3924,3,25,143,171,1.1812865497076024,0.032855249012185436,638,"Take me to your leader, Bezos."
1114,3930,6,17,137,160,1.18125,0.03748361801503232,638,"And with this, you'll never need a belt-and-suspenders again."
471,3930,6,17,137,160,1.18125,0.03748361801503232,638,I'm advertising Uber's new Take a Drone Home
906,3930,5,19,136,160,1.18125,0.036419847161892345,638,"I'm droning, and how are you?"
4637,3933,3,19,116,138,1.181159420289855,0.03741842178725129,638,"Ja, but don't you think suspenders look a bit nerdy?"
5414,3934,6,20,151,177,1.1807909604519775,0.03502452056971208,638,How can you call them suspenders if you're not actually suspended in air?
3615,3934,5,22,150,177,1.1807909604519775,0.03409568456198538,638,... And your Amazon Prime subscription also comes with free music streaming!
1143,3934,6,20,151,177,1.1807909604519775,0.03502452056971208,638,"They are gas powered so, well, beans..."
3455,3934,3,26,148,177,1.1807909604519775,0.03215762794384648,638,Belt and suspenders are so last year.
1176,3938,4,22,140,166,1.180722891566265,0.03448802155817515,638,I think I'm fine with the 2nd amendment.
286,3939,5,18,132,155,1.1806451612903226,0.03714910427202945,638,"No, I don't find this invasive at all."
1081,3939,3,22,130,155,1.1806451612903226,0.03482070629799701,638,"So while in theory “try before you buy” works for online retailers, the return process needs work."
3131,3939,4,20,131,155,1.1806451612903226,0.03600373269055227,638,"I'm your cab service at the curb, sir."
4307,3939,6,16,133,155,1.1806451612903226,0.038260202936935536,638,With these I don’t need suspenders!
2024,3943,4,16,113,133,1.1804511278195489,0.03969952429186513,638,It's only a dollar to start them up and 15 cents a minute!
1183,3944,6,21,156,183,1.180327868852459,0.03424086459216006,638,I'm a belt and Drone kind of guy.
2376,3945,3,25,144,172,1.180232558139535,0.03268067226221355,638,"They'll have to update that ""Up, Up and Away"" song."
1936,3945,5,21,146,172,1.180232558139535,0.034699067012225526,638,"If you're going to wear suspenders, you can't afford to look retro."
877,3945,6,19,147,172,1.180232558139535,0.03566545538084814,638,"Check it out, this’ll show those guys who are always droning on about themselves."
694,3948,5,19,137,161,1.1801242236024845,0.036210434348775994,638,It's delivery by delivery man delivered by drone!
1018,3948,4,21,136,161,1.1801242236024845,0.03512201309968182,638,See!...and you said buying two droins would be a waste of money!
1334,3948,5,19,137,161,1.1801242236024845,0.036210434348775994,638,"Oh, Jealous? Just get Elon Musk to call you a pedophile on Twitter. He's sends you these bad boys as an apology"
2760,3948,8,13,140,161,1.1801242236024845,0.039295226305308406,638,I'm not into selfies.
3129,3948,3,23,135,161,1.1801242236024845,0.03399876545731369,638,I feel like I've been dronning on...
3491,3948,5,19,137,161,1.1801242236024845,0.036210434348775994,638,My pants have their own YouTube channel.
4300,3954,2,23,125,150,1.18,0.034199048876709826,638,I told them I wanted trip insurance.
422,3954,6,15,129,150,1.18,0.039083459142244426,638,I just got $10 mil. From a venture capitalist who wants to take this idea public.
2700,3956,7,11,121,139,1.1798561151079137,0.042411657324426685,638,$10 bucks to 72xRiverside-grab my hand!
5291,3957,3,26,149,178,1.1797752808988764,0.03199258339592875,638,"""Would you like to be on television ?"""
4672,3958,4,15,109,128,1.1796875,0.04065409126477876,638,You’re so old-fashioned. Strap on a pair!
2646,3959,5,20,142,167,1.1796407185628743,0.03533404876200776,638,"No, this is not my idea, its my wife's"
2530,3959,2,26,139,167,1.1796407185628743,0.03212569689886557,638,"Yeah they record everything, but didn't you hear me?  Free suspenders!"
1952,3959,3,24,140,167,1.1796407185628743,0.03322958423047904,638,I'd gladly sacrifice a little privacy for that snuggier sensation.
4450,3959,1,28,138,167,1.1796407185628743,0.030982503681030366,638,They cut down on the crowds.
2850,3959,4,22,141,167,1.1796407185628743,0.03429796109134218,638,...and I bet your underwear aren't even online.
408,3964,5,18,133,156,1.1794871794871795,0.03692836098574405,638,You're just jealous—like that guy using the urinal  beside me this morning.
3407,3964,6,16,134,156,1.1794871794871795,0.038031787113311094,638,Sorry to drop in on you like this but it makes for a truly authentic online dating experience.
465,3964,8,12,136,156,1.1794871794871795,0.04014776211583655,638,"They used to be controlled via AI, but it fell in love with me and kept trying to pull down my pants."
177,3964,4,20,132,156,1.1794871794871795,0.03579093263879318,638,Because it takes a four-foot balloon to get the same lift.
4295,3964,4,20,132,156,1.1794871794871795,0.03579093263879318,638,"Uh, yeah, I did arrive in less than two hours, but forgot the product I was supposed to deliver. Sorry dude."
3111,3969,2,27,144,173,1.1791907514450868,0.03145713337640391,638,"As soon as the wind picks up, I'll track down the guy who stole your car."
1252,3969,3,25,145,173,1.1791907514450868,0.03250791558046369,638,. . . for when I can't find a chair . . .
1578,3969,3,25,145,173,1.1791907514450868,0.03250791558046369,638,My girlfriend is convinced I'm cheating on her. I'm proving my innocence.
429,3972,4,21,137,162,1.1790123456790123,0.03492224209137745,638,"No ""Through the woods to grandmother's house"" this year."
1906,3972,2,25,135,162,1.1790123456790123,0.03265272608046261,638,"Hey, what else are suspenders for, if not suspension!"
2800,3972,3,23,136,162,1.1790123456790123,0.03380653422915826,638,Hey buddy can you spare a buck to help support  the battery life which supports......
2911,3972,2,25,135,162,1.1790123456790123,0.03265272608046261,638,It's a lot more versatile than the elevator!
3154,3972,2,25,135,162,1.1790123456790123,0.03265272608046261,638,Silicon Valley thinks it's a can't miss IPO.
3253,3972,7,15,140,162,1.1790123456790123,0.03807370091012106,638,Look...the government is holding up my pants.
3524,3972,3,23,136,162,1.1790123456790123,0.03380653422915826,638,"Drones man the only way to beat the rush hour,"
3660,3972,3,23,136,162,1.1790123456790123,0.03380653422915826,638,Gotta watch out for who's watching who!
4073,3980,4,26,160,190,1.1789473684210525,0.03162532563892219,638,Keeping your pants up is a breeze with these smartsuspenders.
5214,3980,1,32,157,190,1.1789473684210525,0.028863070594744,638,Have you not tried Uber Pleats yet?
4734,3982,4,19,128,151,1.1788079470198676,0.03649801798753268,638,I could go on and on.
4601,3982,2,23,126,151,1.1788079470198676,0.033992717977783936,638,It's like walking on the moon.
4528,3982,3,21,127,151,1.1788079470198676,0.03526762107468701,638,All I’m saying is  I’ll work for drone fuel.
1198,3982,5,17,129,151,1.1788079470198676,0.037688267906190794,638,Regular belts give me a muffin top
861,3982,4,19,128,151,1.1788079470198676,0.03649801798753268,638,"I know I don't look like I need it, but—do you have any change?"
3152,3982,4,19,128,151,1.1788079470198676,0.03649801798753268,638,The money I'll save on belts really makes it worth it.
2923,3988,5,22,152,179,1.1787709497206704,0.03374373175618583,638,"You people said ""pull up your pants!"""
4662,3988,2,28,149,179,1.1787709497206704,0.030827379663536054,638,Flying? These are suspenders.
5400,3990,5,20,143,168,1.1785714285714286,0.03513937033107813,638,"Trust me, Tim. I'm an Angel Investor"
300,3990,6,18,144,168,1.1785714285714286,0.03613947075836012,638,Are those first gen? Very retro. But where's the camera?
701,3990,4,22,142,168,1.1785714285714286,0.034109959657480426,638,"No, these ARE the high-flying drones."
4806,3990,3,24,141,168,1.1785714285714286,0.0330484999418314,638,When I get home I get to replay myself in 3D!
1073,3990,3,24,141,168,1.1785714285714286,0.0330484999418314,638,"Yeah, suspender drones.  They hold your pants up and fly you around town, too!"
1405,3990,7,16,145,168,1.1785714285714286,0.037112630547080305,638,"Here, hand me your cell phone, I'm going to take a selfie that's out of this world."
2425,3990,1,23,116,140,1.1785714285714286,0.03403017997773859,638,It's a living!
1600,3997,3,22,132,157,1.178343949044586,0.03441395302457576,638,And here I thought people wanted to suspend drones...
4110,3997,4,20,133,157,1.178343949044586,0.035580605392626675,638,"Climb on my back and I""ll take you where ever yo want to go."
3143,3997,3,22,132,157,1.178343949044586,0.03441395302457576,638,Suspenders went out with Elan Musk.
1156,4000,4,23,147,174,1.1781609195402298,0.03334845090760255,638,You're so 1850's.
1867,4000,6,19,149,174,1.1781609195402298,0.0352845676471646,638,1 million subscribers now that they “go live” whenever I get dressed.
1817,4002,5,16,125,146,1.178082191780822,0.0384942517371362,638,"It's part of my concussion protocol."""
749,4003,3,23,137,163,1.177914110429448,0.03361643628067608,638,"This way, I'll know the exact moment I lose that last ounce of winter weight."
4772,4003,1,27,135,163,1.177914110429448,0.03128232830425021,638,"They’re drone suspenders, the new in high tech outerwear."
5209,4003,2,25,136,163,1.177914110429448,0.03247036227352298,638,I get a massive a-drone-alin rush every time I use it
4322,4003,2,25,136,163,1.177914110429448,0.03247036227352298,638,Would you mind taking this arm...I'm a bit overweight for take-off?
2578,4003,3,23,137,163,1.177914110429448,0.03361643628067608,638,Gucci has really uped there belt game.
105,4008,4,24,152,180,1.1777777777777778,0.03263282132542449,638,You need to take a step back and get some perspective.
1094,4008,5,22,153,180,1.1777777777777778,0.03357043750218141,638,"If people know that I'm videotaping them, they don't drone on so much."
1542,4008,6,20,154,180,1.1777777777777778,0.03448256835734044,638,I wish he would stop droning on about his paleo diet...
349,4011,4,19,129,152,1.1776315789473684,0.03627618305886853,638,Get with the times and wear SUSPENDers™️
1404,4011,6,15,131,152,1.1776315789473684,0.038603603572748134,638,"Camera is off in men’s room. Only forgot once. 
Got released on a technicality"
2125,4011,4,19,129,152,1.1776315789473684,0.03627618305886853,638,Your drone follows my drone around the skyline. A hundred bucks for a half hour.
2168,4011,5,17,130,152,1.1776315789473684,0.037457974225273,638,Did  you see Top Gun?  Think of me as your wing-man.
4902,4015,6,18,145,169,1.1775147928994083,0.03594052696246389,638,"My job is safe, it takes two drones to replace me."
720,4015,4,22,143,169,1.1775147928994083,0.03392398446630676,638,It's the new internal revenue service direct payment system.
4072,4015,4,22,143,169,1.1775147928994083,0.03392398446630676,638,Now I'll never have to worry about my pants sagging!
1302,4018,2,29,155,186,1.1774193548387097,0.030085203664278956,638,Red suspenders are soo 20th century.
3890,4018,6,21,159,186,1.1774193548387097,0.03372847512996021,638,My wife enlisted a private security firm to secure the family jewels.
3389,4020,5,18,135,158,1.1772151898734178,0.03649457734712867,638,Are you jealous? Don't worry. It might not work!
4629,4020,5,18,135,158,1.1772151898734178,0.03649457734712867,638,I see you when you're bad or good.  So be good for goodness sake.
3275,4020,6,16,136,158,1.1772151898734178,0.037582972618314864,638,"Give me an exchange I said, and I'll let the delivery boys go."
2994,4020,6,16,136,158,1.1772151898734178,0.037582972618314864,638,It is the belt of the future! Holds up your pants – air-conditions!
2711,4020,4,20,134,158,1.1772151898734178,0.035372708698403484,638,"It’s safer than the new Boeing, I can tell you that much!"
972,4020,5,18,135,158,1.1772151898734178,0.03649457734712867,638,"Talk about lift and comfort!  AND with optional tasers, no practical joker has braved snapping them yet!"
1974,4020,2,24,132,158,1.1772151898734178,0.03301480289953606,638,I got the idea when my spouse told me I was always droning on.
3134,4027,4,23,148,175,1.177142857142857,0.03317296633585226,638,Suspenders so passé
1319,4027,7,17,151,175,1.177142857142857,0.03602068892310302,638,Suspenders are old school...
2234,4027,2,27,146,175,1.177142857142857,0.031130094852666407,638,Let me know when I’m out of range!
4410,4027,3,25,147,175,1.177142857142857,0.032167751717019286,638,"They're cheaper than suspenders, plus I've lost ten pounds."
5267,4031,7,12,128,147,1.1768707482993197,0.040613917407896466,638,"And if the blades cut you anywhere, we'll give you your money back!"
573,4031,2,22,123,147,1.1768707482993197,0.034402768589717754,638,"Its really only a problem when going down in an elevator and the GPS lags on the altitude"""
2825,4033,4,21,139,164,1.1768292682926829,0.034529365645152806,638,You should see the shoulder pads on my sport jacket.
1002,4033,4,21,139,164,1.1768292682926829,0.034529365645152806,638,Meet the parents.
926,4033,4,21,139,164,1.1768292682926829,0.034529365645152806,638,One more and I can teleport.
3854,4033,5,19,140,164,1.1768292682926829,0.03559626091240336,638,Our stretch goal is customer support.
4087,4033,5,19,140,164,1.1768292682926829,0.03559626091240336,638,I could never find my size.
5171,4033,2,25,137,164,1.1768292682926829,0.03228999370830205,638,"In the future , everyone will keep they’re pants up this way"
4064,4033,3,23,138,164,1.1768292682926829,0.033428436887916586,638,I'm glad you asked.  My drone man costume is at the dry cleaners.
2606,4040,5,22,154,181,1.1767955801104972,0.03339889566940303,638,It was the only way I could get the government to help pull me up by the bootstraps.
796,4040,6,20,155,181,1.1767955801104972,0.03430559117900028,638,I've discovered the solution to belt slippage
5066,4042,3,29,166,198,1.1767676767676767,0.029874857051746032,638,They are great! Works like suspenders!
1963,4043,6,18,146,170,1.1764705882352942,0.03574374236765883,638,"Alexa, get me Gordon Gekko on the phone. Oh, never mind, he's right here."
1868,4043,4,19,130,153,1.1764705882352942,0.03605699996118444,638,"Retrofuturism.
 You should check it out!"
2372,4043,6,15,132,153,1.1764705882352942,0.038368031878268954,638,"Hi, I’m the slim Jim you ordered."
3226,4043,6,18,146,170,1.1764705882352942,0.03574374236765883,638,You should see my streaming numbers during bathroom breaks.
2989,4043,4,22,144,170,1.1764705882352942,0.033740003406890956,638,Amazon’s throwing these in if you’re a Prime member. I read every review before committing.
2691,4043,3,21,129,153,1.1764705882352942,0.03484405163288779,638,Hey I’m gonna need you to sign a waiver if you enter my Drone Zone.
2671,4043,4,19,130,153,1.1764705882352942,0.03605699996118444,638,Shoulders-free suspenders. Amazing for your posture and really helps with getting my steps in.
2468,4043,3,24,143,170,1.1764705882352942,0.032692111978621624,638,Who needs belts? This is how you keep your pants up with style.
1303,4043,3,24,143,170,1.1764705882352942,0.032692111978621624,638,"Sure, all you need to worry about is holding up your pants. Me? I need 360-degree capture of every stop-and-frisk."
4157,4043,3,21,129,153,1.1764705882352942,0.03484405163288779,638,My suitcases have their own drones.
91,4043,4,19,130,153,1.1764705882352942,0.03605699996118444,638,Just act normal...
4609,4043,5,17,131,153,1.1764705882352942,0.037230452027961713,638,At least they come with Wi-Fi
3673,4043,6,18,146,170,1.1764705882352942,0.03574374236765883,638,Watch out!  All drone operations are suspended.
499,4043,4,19,130,153,1.1764705882352942,0.03605699996118444,638,Everyone has 2 choices: be on a kill list or make one.
1373,4057,3,25,148,176,1.1761363636363635,0.03200029054620164,638,Trust me. These are so much better than an iPod.
1141,4057,1,29,146,176,1.1761363636363635,0.029902315381441488,638,It's great for getting pizza.
4038,4057,4,23,149,176,1.1761363636363635,0.032999297870960634,638,I'm a TMZ paparazzi -- Did you see which way Megyn Kelly went?
3434,4057,1,29,146,176,1.1761363636363635,0.029902315381441488,638,Personal delivery option.
2488,4057,3,25,148,176,1.1761363636363635,0.03200029054620164,638,New from Apple: the Corporate Drone
2241,4057,4,23,149,176,1.1761363636363635,0.032999297870960634,638,"No not high tech suspenders.  f









No not high tech suspenders.  They're here to blow away flatulence"
1175,4057,5,21,150,176,1.1761363636363635,0.03396893764767235,638,Too lazy to pull up his own pants.
5279,4064,3,22,134,159,1.1761006289308176,0.034016474645773204,638,"Of course, I’m just a prototype—but who wouldn’t want a Johnny-on-the-spot?"
481,4064,4,20,135,159,1.1761006289308176,0.035167201242443775,638,"But these suspenders work just fine,"
1341,4064,3,22,134,159,1.1761006289308176,0.034016474645773204,638,I can walk and chew gum at the same time with these gizmos!
2676,4064,3,22,134,159,1.1761006289308176,0.034016474645773204,638,These suspenders are from Amazon.com.
2870,4064,5,18,136,159,1.1761006289308176,0.036281448966745344,638,I come to you with a message from the near future - suspenders are in.
1792,4069,2,21,119,142,1.176056338028169,0.03505107903487607,638,The suspenders just didn't work for me.
5348,4070,7,15,143,165,1.1757575757575758,0.03742597043806586,638,No I haven't heard of Skynet. Sounds cutting edge!
2255,4070,4,21,140,165,1.1757575757575758,0.034336187517090576,638,"Ultimately, I want to free solo the Burj Khalifa."
1683,4070,5,19,141,165,1.1757575757575758,0.035396095875339095,638,Now that's what I call a lift!
4441,4073,3,24,144,171,1.1754385964912282,0.032516748141684995,638,What? You haven't heard of UberDrone?
2534,4073,7,16,148,171,1.1754385964912282,0.03650392729731128,638,The newer models will be able to lift me up with them.
2540,4073,2,26,143,171,1.1754385964912282,0.03144104737608739,638,I think it'll work. They're both flexible flyers.
4929,4076,6,15,133,154,1.1753246753246753,0.03813529505006989,638,"Come on, Jimmy -- 'Man of Steel' is only an expression."
2335,4076,3,21,130,154,1.1753246753246753,0.0346360132677686,638,And don't get me started on how awkward the selfies are.
3472,4076,3,21,130,154,1.1753246753246753,0.0346360132677686,638,Better than suspenders
4325,4076,4,19,131,154,1.1753246753246753,0.03584042205260224,638,Can you hear me now? No? I must be droning you out.
5411,4080,3,25,149,177,1.1751412429378532,0.03183454143950465,638,"Yes, this is a remote belt."
2611,4080,5,21,151,177,1.1751412429378532,0.03379113344413133,638,"I was pretty low too, but decided to make a change."
3655,4082,3,22,135,160,1.175,0.03382111654762896,638,I left my suspenders at the hotel.
3803,4082,4,20,136,160,1.175,0.034964042625668434,638,"You imagine yourself whizzing around some war zone but in the total safety of Jersey.  Dude, it's hot!"
1246,4082,4,20,136,160,1.175,0.034964042625668434,638,Suspenders that transport.
1235,4082,5,18,137,160,1.175,0.03607077250255139,638,"Hey dude, can I borrow those suspenders?"
1962,4082,5,18,137,160,1.175,0.03607077250255139,638,You like em? It’s the newest thing in suspenders
5126,4087,2,21,120,143,1.1748251748251748,0.03482687171239298,638,Seriously. You need to stop droning on and on about this.
2321,4088,3,23,140,166,1.1746987951807228,0.033058598519889966,638,Swap a drone for those suspenders.
3768,4088,5,19,142,166,1.1746987951807228,0.03519814819496672,638,This way your wife will never know about our divorce investigation.
5307,4088,5,19,142,166,1.1746987951807228,0.03519814819496672,638,Back to the Future completely failed to grasp the potential of drones to deliver high quality wedgies - it’s a transformative technology for Biffs everywhere!
1975,4091,4,18,127,149,1.174496644295302,0.03655233572903953,638,"Cost less than that new GoPro. Better angles, too!"
4111,4091,4,18,127,149,1.174496644295302,0.03655233572903953,638,Belts are so low tech
2590,4093,7,16,149,172,1.1744186046511629,0.03630540563877486,638,These babies also make sure my zipper is zipped .
3837,4093,5,20,147,172,1.1744186046511629,0.03438144218306267,638,"Yeah, they're a real timesaver for my Insta feed."
329,4093,6,18,148,172,1.1744186046511629,0.03535651315658309,638,"In Soviet Russia, pants take off you!"
2491,4093,5,20,147,172,1.1744186046511629,0.03438144218306267,638,They want me to take them to Putin.
485,4093,4,22,146,172,1.1744186046511629,0.0333778985345532,638,The FAA is constantly giving me shit about airspace.
1934,4093,2,26,144,172,1.1744186046511629,0.031274353687554046,638,Bizarre is when they start claiming that I am attached to them.
703,4099,3,21,131,155,1.1741935483870967,0.034430414814951536,638,OK. So it's overkill to keep my pants up.
855,4099,4,19,132,155,1.1741935483870967,0.03562640376028724,638,"Smile, you're on flying camera."
961,4099,3,21,131,155,1.1741935483870967,0.034430414814951536,638,"Yes, 6 D, 360 degree selfie."
1826,4099,3,21,131,155,1.1741935483870967,0.034430414814951536,638,"I know they say earth is round, but I just have to see for myself."
3001,4099,3,21,131,155,1.1741935483870967,0.034430414814951536,638,So . . . how far into the 21st century do you think those will stay up?
1228,4099,2,23,130,155,1.1741935483870967,0.033191358570692164,638,And I dont need braces!
1186,4105,4,23,151,178,1.1741573033707866,0.032657299240165326,638,Need a lift? Give me a bear hug!
3057,4106,4,20,137,161,1.173913043478261,0.03476319333902042,638,Hey dude! I can take you to places you never thought existed.
1748,4106,5,18,138,161,1.173913043478261,0.03586250636359523,638,It’s a belt and suspenders operation.
1783,4106,7,18,159,184,1.173913043478261,0.03465318043487594,638,"I said, ""We can both hover--not have her."""
3835,4106,6,16,139,161,1.173913043478261,0.03692910930731614,638,Now you see why I drone on and on.....
3236,4110,5,19,143,167,1.1736526946107784,0.035002381656157724,638,"My kid's in Harvard now, so I've had to step up my game."
2740,4110,5,19,143,167,1.1736526946107784,0.035002381656157724,638,because suspenders are so 1990
2398,4110,6,17,144,167,1.1736526946107784,0.03601821190031576,638,I call the suspenders disbelief.
2029,4110,5,19,143,167,1.1736526946107784,0.035002381656157724,638,It's a visual message for young men to keep their pants pulled up.
1832,4110,3,23,141,167,1.1736526946107784,0.032876693687441956,638,"Hey, one can't be too careful."
1517,4110,3,23,141,167,1.1736526946107784,0.032876693687441956,638,"Superficially, this approach may have some logic to it."
1035,4110,3,23,141,167,1.1736526946107784,0.032876693687441956,638,I’m hoping it’s picked for Oprah’s Favorites.
1643,4110,2,25,140,167,1.1736526946107784,0.03176054346079685,638,I named them Rover and Hubert Hover
4724,4110,2,25,140,167,1.1736526946107784,0.03176054346079685,638,"The service works like Uber, only it’s quicker."
4937,4110,4,21,142,167,1.1736526946107784,0.03395617550182303,638,"No belt, no suspenders, and oh so cool.
Mind you, batteries and hair gel costs ain’t cheap."
4496,4110,4,21,142,167,1.1736526946107784,0.03395617550182303,638,It’s the quickest way crosstown.
4602,4110,3,23,141,167,1.1736526946107784,0.032876693687441956,638,I've lost 10 lbs. overnight.
1455,4122,2,21,121,144,1.1736111111111112,0.0346054758377287,638,It’s hard to get my sport coat over these new suspenders.
4753,4122,6,13,125,144,1.1736111111111112,0.03982510949710011,638,They are called 'supspenders.
3869,4124,4,22,147,173,1.1734104046242775,0.033199713745508355,638,"When I'm on the campaign trail, I set them in opposite directions."
336,4124,5,20,148,173,1.1734104046242775,0.03419699296589373,638,I'm viral Vince- go ahead & do something stupid.
400,4124,2,26,145,173,1.1734104046242775,0.031109392834517333,638,... and the suspenders are adjustable.
1162,4124,3,24,146,173,1.1734104046242775,0.03217153489745255,638,When they lose power I just wait in the bathroom while they charge.
2403,4128,3,20,127,150,1.1733333333333333,0.03507316311749439,638,I've found that technological advancements really let you focus on the things that matter.
1724,4128,2,22,126,150,1.1733333333333333,0.03377338171479713,638,Don't tell me you haven't bought a pair of fly pants yet?!?
650,4128,2,22,126,150,1.1733333333333333,0.03377338171479713,638,I'm the latest in pop-up ads.
4677,4131,4,19,133,156,1.1730769230769231,0.035414900550674824,638,"Unfortunately, they only get you as far as you think they will."
4319,4131,5,17,134,156,1.1730769230769231,0.036564028319551724,638,This is the best belt-and-suspenders approach.
3901,4131,4,19,133,156,1.1730769230769231,0.035414900550674824,638,"This is the only way I can get above this freakin' mess.
My mother was Mexican, Trump says I'm a nobody."
2046,4131,3,21,132,156,1.1730769230769231,0.03422721424649391,638,"It's the belt of the future, transportation included."
5136,4131,4,19,133,156,1.1730769230769231,0.035414900550674824,638,"Buddy, I've got a 5-star rating."
577,4136,3,17,113,133,1.1729323308270676,0.03775313771193071,638,...plus they're powered by blockchain. You can't pass up on this investment!
1345,4137,3,22,137,162,1.1728395061728396,0.033436975879986404,638,"Better than suspenders cooler than a belt, I call it , Drone won’t leave your pants alone."
442,4137,3,22,137,162,1.1728395061728396,0.033436975879986404,638,If you buy a certain bridge I will throw in two of these.
542,4137,7,14,141,162,1.1728395061728396,0.037745944158344966,638,Twenty-First century suspenders.
684,4137,1,26,135,162,1.1728395061728396,0.031059119172889317,638,Look what I save on belts and suspenders!
4811,4137,4,20,138,162,1.1728395061728396,0.034564614739648385,638,I always wanted to be light in my loafers
3979,4137,5,18,139,162,1.1728395061728396,0.03565660988094416,638,"I've already had 40 seconds of this morning go viral, and it's only Monday. Say goodbye to the 9-to-5."
4912,4143,6,12,121,139,1.1726618705035972,0.040752050204457546,638,"Hey, man, they work way better than suspenders."
3720,4144,6,17,145,168,1.1726190476190477,0.03581809359837885,638,It’s a new app. Do you think it will kill me?
2596,4144,5,19,144,168,1.1726190476190477,0.03480876081667539,638,They’re still working out the kinks.”
2347,4144,4,21,143,168,1.1726190476190477,0.03376927346216977,638,"All you need is a remote control, a spare battery, to give up elevators and cars, and it really takes the pressure off your shoulders."
1756,4144,6,17,145,168,1.1726190476190477,0.03581809359837885,638,"I'm not ready to actually fly this way yet. I'm still struggling to keep the drones from smacking into each other. And I haven't figured out how to avoid the wedgie, either."
878,4144,5,19,144,168,1.1726190476190477,0.03480876081667539,638,Beats the hell out of those suspenders!
4713,4144,2,25,141,168,1.1726190476190477,0.03158784309356021,638,"You won't be able to grow an afro anymore, but when you consider the cost savings from not having to purchase belts for the rest of your life..."
4513,4144,6,17,145,168,1.1726190476190477,0.03581809359837885,638,They were much cheaper than your Gucci suspenders.
4586,4144,5,19,144,168,1.1726190476190477,0.03480876081667539,638,I'm from beam-me-up ceiling cleaners
1775,4152,4,22,148,174,1.1724137931034482,0.03302340110427059,638,"Suspend your disbelief and sadness, the future is here...droning on without you."
4155,4152,5,20,149,174,1.1724137931034482,0.0340144938011551,638,Would you like to join our new sexual harassment prevention program?
3783,4152,5,20,149,174,1.1724137931034482,0.0340144938011551,638,"Don’t flatter yourself, Jim – it was just a downdraft."
3703,4152,6,18,150,174,1.1724137931034482,0.034977515014707625,638,talk about a salesman! he sold me on the remote control.
3502,4152,1,23,121,145,1.1724137931034482,0.0329646675855172,638,Safety schmafety...I’ll play whatever music you want and no surge pricing.
2699,4152,7,16,151,174,1.1724137931034482,0.035914722951171096,638,My voice is no longer my only thing that drones on.
4199,4152,5,20,149,174,1.1724137931034482,0.0340144938011551,638,It 's a perfect gift for the 'peeping Tom' in your life.
1734,4152,4,17,124,145,1.1724137931034482,0.03706785171631516,638,"If you're innocent, what have you got to be worried about?"
4821,4160,5,21,154,180,1.1722222222222223,0.03326861086666922,638,They're selfie drones.
5368,4161,4,18,129,151,1.1721854304635762,0.03610334614685831,638,Suspenders? In this economy?
1095,4161,6,14,131,151,1.1721854304635762,0.03847144453358845,638,I double-prayed for deliverance.
1544,4161,5,16,130,151,1.1721854304635762,0.037306190153249645,638,Someone told me I can't see what's right in front of me.
1706,4161,4,18,129,151,1.1721854304635762,0.03610334614685831,638,"""I guarantee you, these suspenders will put a spring in your step."""
5176,4165,3,21,133,157,1.1719745222929936,0.03402637047529577,638,If the Wright brothers had invented this they'd be flying high now
5040,4165,5,17,135,157,1.1719745222929936,0.03634711160984176,638,"It`s air suspension, but I could drone on."
4779,4165,4,19,134,157,1.1719745222929936,0.035205868900656134,638,Those old suspenders get in the way. You should try these.
3982,4165,6,15,136,157,1.1719745222929936,0.037453595818110724,638,Thank god the bullies didn't have these in high school.
3881,4165,6,15,136,157,1.1719745222929936,0.037453595818110724,638,He kept droning on!
2064,4165,4,19,134,157,1.1719745222929936,0.035205868900656134,638,It's my new weight loss plan.
2721,4165,5,17,135,157,1.1719745222929936,0.03634711160984176,638,I am now secure in the knowledge I’ll never make an ass of myself
5354,4165,7,13,137,157,1.1719745222929936,0.03852831630157887,638,"It's my latest invention, The WedgieFly."
1279,4165,7,13,137,157,1.1719745222929936,0.03852831630157887,638,The devil makes much more noise than the angel.
4036,4174,4,20,139,163,1.1717791411042944,0.03436826902782694,638,Steve Urkel’s got nothing on my suspenders!
1888,4174,3,22,138,163,1.1717791411042944,0.03324812105864267,638,...And I also wear suspenders.
2881,4174,4,20,139,163,1.1717791411042944,0.03436826902782694,638,No bald spots will remain uncovered with these babies
3714,4174,3,22,138,163,1.1717791411042944,0.03324812105864267,638,This is the 21st century way to suspend.
3824,4174,4,20,139,163,1.1717791411042944,0.03436826902782694,638,"Pretty sweet, right?"
677,4174,4,20,139,163,1.1717791411042944,0.03436826902782694,638,"Hi! I'm Paul, do you have minute for technology?"
1251,4180,3,23,143,169,1.1715976331360947,0.03251875319921336,638,Synchro something or other.  It's real damn expensive but it keeps them from colliding.
3806,4180,8,13,148,169,1.1715976331360947,0.03754572146469925,638,Dodger Stadium Express
2342,4180,5,19,145,169,1.1715976331360947,0.034617250987054426,638,And the best thing? Drone pants batteries last half an hour!
4150,4183,4,22,149,175,1.1714285714285715,0.032848931650502795,638,I’ve been told to watch my step.
1425,4183,5,20,150,175,1.1714285714285715,0.03383391428095771,638,You're flying low.
2206,4185,4,23,154,181,1.171270718232044,0.03215724856388855,638,This will be the next big thing for inversion freaks.
4923,4185,4,23,154,181,1.171270718232044,0.03215724856388855,638,How do you like my high tech suspenders?
1548,4187,4,17,125,146,1.1712328767123288,0.03683202309770149,638,Now all I need is underwear that is less painful when stressed.
199,4188,6,14,132,152,1.1710526315789473,0.03823428969926598,638,"You see, big brother helps all of us in different ways."
1350,4188,3,20,129,152,1.1710526315789473,0.03464744985688511,638,"With my suspenders, if they both work I get Lift, if one fails, I get dragged through the mud and ruptured."
1955,4188,4,18,130,152,1.1710526315789473,0.03588292292060451,638,"If they don't get called into combat, I'll beat you there!"
4487,4188,4,18,130,152,1.1710526315789473,0.03588292292060451,638,"I’ll tell ya Airlines these days, amirite?"
3651,4192,6,15,137,158,1.1708860759493671,0.0372317062405613,638,"A drone again, naturally."
273,4192,4,19,135,158,1.1708860759493671,0.034999266269688516,638,This will be the biggest auto-flight thing since Daedalus
3747,4194,8,12,144,164,1.170731707317073,0.0383032272938628,638,It also serves as both a belt and suspenders.
2162,4194,1,26,137,164,1.170731707317073,0.030715148176667848,638,Now I know exactly where I am going and where I have been. Can you claim the same?
413,4194,3,22,139,164,1.170731707317073,0.033061363034350755,638,It’s my personal transport
313,4197,5,19,146,170,1.1705882352941177,0.03442781821109007,638,The FAA notified me that my drone license was to be suspended.
4607,4198,5,20,151,176,1.1704545454545454,0.03365522461725341,638,I'm sorry I can only take parties of eight.
4063,4199,3,25,154,182,1.1703296703296704,0.0310305950165859,638,My specialist said we should keep an eye on things.
3000,4200,3,18,120,141,1.1702127659574468,0.03623273694877958,638,"I started at analog, skipped digital and went straight to Popular Mechanix"
2919,4201,2,21,124,147,1.1700680272108843,0.033957646634701966,638,My wife says I can drone on
29,4201,5,15,127,147,1.1700680272108843,0.0378508341429082,638,Who wouldn't want eight propellers involved in pulling their pants down?
2816,4201,2,21,124,147,1.1700680272108843,0.033957646634701966,638,It’s the only thing that holds my pants up!
2915,4201,2,21,124,147,1.1700680272108843,0.033957646634701966,638,These US made high tech suspenders are available on sale with a free money back guarantee...
1597,4205,5,16,132,153,1.1699346405228759,0.03685108150214539,638,Do I need to wear a seat belt?
4019,4205,3,20,130,153,1.1699346405228759,0.03443840274848347,638,The sensation is something you've got to feel to believe.
1476,4205,2,22,129,153,1.1699346405228759,0.03316631230422294,638,Air suspenders keep clothes smoother.
860,4208,4,19,136,159,1.169811320754717,0.03479505107279786,638,"Suspenders are a drag, man"
2331,4208,4,19,136,159,1.169811320754717,0.03479505107279786,638,"So what you will, but plumber's crack is nothing but a faint memory."
3061,4208,3,21,135,159,1.169811320754717,0.033631593528386426,638,Drone mention it!
4337,4208,7,13,139,159,1.169811320754717,0.03807269450483687,638,I know you're excited about your new toy but do you have to drone on and on.
4343,4212,4,20,141,165,1.1696969696969697,0.033982129150040376,638,It just seems like we don't have anything in common anymore.
3700,4212,1,26,138,165,1.1696969696969697,0.030545959005208057,638,"I am your UBER incarnate, take my hand."
2841,4212,4,20,141,165,1.1696969696969697,0.033982129150040376,638,What is this guy droning on about!
615,4212,6,16,143,165,1.1696969696969697,0.036091616222951366,638,"I know, but this one is for men."
947,4212,2,24,139,165,1.1696969696969697,0.03173271878606121,638,Braces are soooo 80s.
2058,4212,2,24,139,165,1.1696969696969697,0.03173271878606121,638,"It's all the rage hi-fi apparel, but when I get above ten feet, my voice gets higher and my sperm count drops."
1731,4218,4,21,146,171,1.1695906432748537,0.033220589179131704,638,"Forget segways, bikes, and scooters! This new method of sightseeing won't get on anyone's nerves!"
5342,4218,2,25,144,171,1.1695906432748537,0.03108067962898875,638,"If I get nominated for the Supreme Court, I can prove I didn’t do anything wrong."
2694,4218,6,17,148,171,1.1695906432748537,0.03523075992108954,638,Not in production yet. This is just the Belt a test
122,4218,4,21,146,171,1.1695906432748537,0.033220589179131704,638,You think this is crazy? You should see how I manscape.
4154,4222,2,26,149,177,1.1694915254237288,0.03046635796342376,638,The New suspenders
1777,4222,8,14,155,177,1.1694915254237288,0.03624095721531277,638,Look at the drone-ads on him!!
4987,4222,6,18,153,177,1.1694915254237288,0.03442389154506763,638,"Yeah, it is attached to my underwear."
803,4225,3,25,155,183,1.169398907103825,0.030874595928463807,638,They monitor dissidents and keep your pants up!
3300,4225,4,23,156,183,1.169398907103825,0.031832215036390776,638,Wearing suspenders like it's 1917 is so 2017.
4581,4227,6,12,124,142,1.1690140845070423,0.03994281071295725,638,Need a watch?
5268,4228,4,17,127,148,1.1689189189189189,0.03636917396635243,638,"Well, I can't afford commercial... and I wanna fly south for the winter!"
4058,4228,6,13,129,148,1.1689189189189189,0.03881461247660831,638,Drone suspenders
4301,4228,4,17,127,148,1.1689189189189189,0.03636917396635243,638,No really—- I keep everything to myself.
4651,4228,2,21,125,148,1.1689189189189189,0.03374699228494797,638,It's still the MTA.  Metropolitan Transporation Amazon.
4766,4232,2,23,135,160,1.16875,0.032240589041780954,638,"Dude, last week I caught you watching furry porn. You really aren’t in a position to be kink shaming."
1999,4232,5,17,138,160,1.16875,0.0357114076782865,638,"I think the better question is, how much weight could you lose?"
1611,4232,5,17,138,160,1.16875,0.0357114076782865,638,elon musk off his shits with this one
959,4232,5,17,138,160,1.16875,0.0357114076782865,638,"Plus, it eliminates the need for a pocket protector."
1222,4232,5,17,138,160,1.16875,0.0357114076782865,638,What do you think of my drone suspenders?
1946,4237,5,20,153,178,1.1685393258426966,0.03330339871426614,638,Stop droning on and keep your feet on the ground
4579,4237,4,22,152,178,1.1685393258426966,0.032336301486913605,638,The patent pending.
4757,4239,3,18,122,143,1.167832167832168,0.03576355974804333,638,"It's one of Musk's less well-known start-ups. I get above the street congestion, and Elon swears the auto-pilot is fail-proof."
84,4240,3,19,127,149,1.167785234899329,0.03486477799675684,638,"How would you like to upgrade to mid-air suspenders?"""
2845,4240,5,15,129,149,1.167785234899329,0.03737568979828399,638,It's the latest in voyeurism...
3725,4240,4,17,128,149,1.167785234899329,0.036142045685466466,638,"You Gotta Stop just Droning On and On, Man"
3916,4240,3,19,127,149,1.167785234899329,0.03486477799675684,638,and you never have to search around for a public restroom.
4138,4244,4,18,133,155,1.167741935483871,0.03523736595822736,638,I'm getting a lot of good vibes!
4887,4244,4,18,133,155,1.167741935483871,0.03523736595822736,638,Suspenders are ok but drones are a gift from above.
5208,4246,5,17,139,161,1.1677018633540373,0.035504379098205724,638,And I can get you even better rates if you sign up for the family plan.
1187,4246,4,19,138,161,1.1677018633540373,0.0343936212631981,638,Any messages for Pasadena?
5005,4246,3,21,137,161,1.1677018633540373,0.03324577314552209,638,Why does everyone think drones are such a crazy hobby?
5187,4246,4,19,138,161,1.1677018633540373,0.0343936212631981,638,Jumbo-sized Hot Glue Gun
2350,4246,5,17,139,161,1.1677018633540373,0.035504379098205724,638,Thanks for asking. Now mind your own fucking business!
1493,4251,5,18,144,167,1.1676646706586826,0.03466131036328165,638,"Yes, I'm just back from the Middle East. How did you guess?"
3912,4251,6,16,145,167,1.1676646706586826,0.03568685056141066,638,"Just fifty bucks, and I'll spy on your wife."
4168,4251,2,24,141,167,1.1676646706586826,0.031384260950699065,638,Isn't it a handy way to walk drones?
4234,4251,5,18,144,167,1.1676646706586826,0.03466131036328165,638,What happened to just spinning plates?
4142,4251,2,24,141,167,1.1676646706586826,0.031384260950699065,638,"I don't need suspenders, but I make enough in tips on my daily commute to put three kids through college"
598,4256,2,25,146,173,1.1676300578034682,0.03075140465760486,638,I call it the belt & suspender & drone method.
2757,4256,1,27,145,173,1.1676300578034682,0.02963841347457844,638,"You look ridiculous, that outfit is so last season."
3268,4256,3,23,147,173,1.1676300578034682,0.031825496438256086,638,The newer model will even brush your teeth for you and drop you off at work
285,4256,1,27,145,173,1.1676300578034682,0.02963841347457844,638,"Yes, I’ve lost a little weight recently... How did you know?"
1420,4260,6,18,155,179,1.1675977653631284,0.03406436905427044,638,This is not what I meant when I told you to keep your pants on and not panic Jeff.
1667,4260,4,22,153,179,1.1675977653631284,0.032168926649637934,638,"Don't look so glum chum, I used to be just like you!"
1872,4262,6,11,121,138,1.1666666666666667,0.040601805956383866,638,WHAT THE HECK IT BEATS WALKING
4756,4262,4,17,129,150,1.1666666666666667,0.03591771190286294,638,"You're probably wondering, sir, how in this rat race, I keep up."
4748,4262,3,21,138,162,1.1666666666666667,0.0330561282434399,638,I have been thinking how to avoid the troops Trump is ordering....
5152,4262,2,25,147,174,1.1666666666666667,0.03058933610664303,638,They also do umbrellas.
3416,4262,2,25,147,174,1.1666666666666667,0.03058933610664303,638,Just wait until the robot apocalypse happens...
3394,4262,4,17,129,150,1.1666666666666667,0.03591771190286294,638,"It's nice to step out of the office, sometimes I can't think in there."
3064,4262,4,17,129,150,1.1666666666666667,0.03591771190286294,638,"It's my latest invention.  I interfaced a Roomba with a drone.   Virtually each and every flight sucks.   I think I'll call it  ""Southwest""."
2743,4262,1,22,121,144,1.1666666666666667,0.032686022523030676,638,Ten pounds in five minutes!  Best weight loss program ever!
2668,4262,3,22,143,168,1.1666666666666667,0.03233462527439859,638,I figured out how to keep my pants from slipping down
2612,4262,8,13,153,174,1.1666666666666667,0.03652878442785699,638,Got 'em at an Adult Drone store.
2563,4262,6,16,146,168,1.1666666666666667,0.03548782875754605,638,"I bought them because they allow me to take continuous, random  selfies"
2348,4262,2,23,137,162,1.1666666666666667,0.031875168679478684,638,You too can feel omnipotent!
2308,4262,3,22,143,168,1.1666666666666667,0.03233462527439859,638,It is great for weight control. I lost over 5 lbs this morning.
5076,4262,6,15,141,162,1.1666666666666667,0.036369648372665396,638,Just think how different things would have been in those woods if Hänsel had had these instead of his stupid Lederhosen.
5029,4262,6,15,141,162,1.1666666666666667,0.036369648372665396,638,I'll be droned if I'm gonna let my pants fall down!
1818,4262,5,17,140,162,1.1666666666666667,0.03529971794008837,638,It's a personal transportation system I'm calling Goo-ber
5177,4262,4,18,134,156,1.1666666666666667,0.035027264972095955,638,"I’ve only got two left.  You can have one for $300, two for $500.  No packaging required , they will follow you home."
934,4262,4,18,134,156,1.1666666666666667,0.035027264972095955,638,"The eighties called, bruh.  They want their braces back."
5294,4262,2,25,147,174,1.1666666666666667,0.03058933610664303,638,These are way faster than those scooters.
377,4262,2,21,127,150,1.1666666666666667,0.03333333333333334,638,"If you think this is a drone, you should hear my voice."
219,4262,4,21,149,174,1.1666666666666667,0.032689279887384064,638,You should try it; for a small annual fee I get free travel to anywhere in the US in two days.
142,4262,2,25,147,174,1.1666666666666667,0.03058933610664303,638,Is Ed Sullivan still on?
5377,4262,4,21,149,174,1.1666666666666667,0.032689279887384064,638,it's time to record what's going on down there #youtoo
2084,4262,1,24,131,156,1.1666666666666667,0.03128530539421092,638,I can juggle more drones than Amazon.
3684,4286,5,20,156,181,1.1657458563535912,0.03278912304744908,638,Dude. The blades literally keep me cooler than you.
3431,4287,7,15,153,175,1.1657142857142857,0.03541649245862414,638,You don't have one?
2476,4287,3,23,149,175,1.1657142857142857,0.031489715116282346,638,I just got tired of wearing the same old suspenders!!
981,4287,3,23,149,175,1.1657142857142857,0.031489715116282346,638,A small programming error. The little buggers don't understand the difference suspenders and suspend.
4997,4287,4,21,150,175,1.1657142857142857,0.03251589769784022,638,Bruce kept going on and on and on about his new suspenders
4535,4287,1,27,147,175,1.1657142857142857,0.029329835801126497,638,I abandoned my cable for streaming.
1552,4292,6,16,147,169,1.165680473372781,0.035290998723834496,638,"Back in my day, bullies had to get out of bed to give you a wedgy."
2377,4292,2,24,143,169,1.165680473372781,0.03104327750716642,638,The modern way to hold up your pants.
551,4292,4,20,145,169,1.165680473372781,0.0332350693493532,638,"They prevent anyone taking my pants off for sex. The glasses, I mean.”"
3432,4292,3,22,144,169,1.165680473372781,0.03215785217519402,638,"Good idea, but how do you maintain the tension?"
954,4292,3,22,144,169,1.165680473372781,0.03215785217519402,638,Don't you recognize me? I'm your date. Just flew in from Silicon Valley.
1580,4297,2,23,138,163,1.165644171779141,0.03169550903220905,638,This is faster than taking a taxi.
4139,4297,2,23,138,163,1.165644171779141,0.03169550903220905,638,"The mild wedgie is worth it - I'll never be ""pantsed"" again!"
1071,4297,4,19,140,163,1.165644171779141,0.03400126493071554,638,"Hey, who needs a self driving car? I'm the first self flying man."
951,4300,3,20,134,157,1.1656050955414012,0.03362658902752621,638,I have a patent on drone-ready suspenders. I'll be home in 12 minutes and you will still be 3 blocks from the highway.
5023,4300,3,20,134,157,1.1656050955414012,0.03362658902752621,638,They're so I won't fall down when the drones put me to sleep.
3018,4300,4,18,135,157,1.1656050955414012,0.0348196324930958,638,I got tired of you droning on and on.
1584,4300,2,22,133,157,1.1656050955414012,0.03238963062923131,638,Belts pinch. Suspenders give wedgies
2232,4304,4,17,130,151,1.1655629139072847,0.03569612190851596,638,I’m the new elevator.
365,4304,4,17,130,151,1.1655629139072847,0.03569612190851596,638,"Firefighting technology has progressed, Gene. Get with the times!"
3357,4304,3,19,129,151,1.1655629139072847,0.03443708609271524,638,Suspender Suspended Automation!
828,4304,6,13,132,151,1.1655629139072847,0.03808954660807525,638,I'm with the Good Neighbor program in your neighborhood and every other one too.
4316,4304,3,19,129,151,1.1655629139072847,0.03443708609271524,638,"Honestly, you’re not going to see a thing."
5191,4309,4,16,125,145,1.1655172413793105,0.03663764931151547,638,I’ve decided to only have uplifting conversations for now on.
1573,4309,4,16,125,145,1.1655172413793105,0.03663764931151547,638,They are off the shelf but the selfie sticks are my idea.
1808,4309,4,16,125,145,1.1655172413793105,0.03663764931151547,638,"So you control the left drone, and I control the right one"
4222,4312,5,12,116,133,1.1654135338345866,0.04019270499388414,638,You're also too young to remember Topo Gigio on Ed Sullivan.
4296,4312,3,16,114,133,1.1654135338345866,0.03725065370728289,638,The red ones are officially endorsed by the FDNY”
843,4314,4,22,156,182,1.164835164835165,0.03167694119470642,638,"They're the latest in multi-function drone technology--they hold my pants up, keep me cool, and even zap mosquitos with tiny laser beams!"
4498,4314,4,22,156,182,1.164835164835165,0.03167694119470642,638,These braces can zap a mugger at 50 paces. Wanna try 'em?
2127,4316,5,18,147,170,1.1647058823529413,0.034090150591560835,638,"You're skeptical, but name anyone who does manscaping cheaper than Amazon."
2968,4317,4,19,141,164,1.1646341463414633,0.03380839479051624,638,It’s the latest thing and it really works great. So far the only problem I’ve had with it is going to the bathroom.
2489,4317,3,21,140,164,1.1646341463414633,0.03268318924499519,638,"I have a bad memory, so I need to record to recall."
5318,4317,6,15,143,164,1.1646341463414633,0.035953316348925006,638,"Believe it, this will never be about me."
521,4317,1,25,138,164,1.1646341463414633,0.030307712897044817,638,I couldn’t find my suspenders.
3177,4321,3,20,135,158,1.1645569620253164,0.033429520100224736,638,Do those even have voice activation?
3198,4321,5,16,137,158,1.1645569620253164,0.03576009122329283,638,21st century fashion is a little over your head
5260,4321,4,18,136,158,1.1645569620253164,0.034614425738624895,638,Don't forget who wears the pants here!
1796,4321,2,22,134,158,1.1645569620253164,0.03220104282547201,638,"No, the 3rd one is not in my pants.  Pay up."
139,4325,2,21,129,152,1.1644736842105263,0.032929573745531966,638,They're a package deal...
290,4325,3,19,130,152,1.1644736842105263,0.034227112101419016,638,But what the back of your suspenders got caught on a door handle? See technology yields simple answers to problems we forgot we had.
1576,4325,5,15,132,152,1.1644736842105263,0.03668476460718341,638,This is new from Uber
3060,4325,3,19,130,152,1.1644736842105263,0.034227112101419016,638,"Couldn't decide between a belt or suspenders, so this works for me."
332,4325,4,17,131,152,1.1644736842105263,0.035477226195741125,638,"Bottom line is I couldn't count on my drone to go to the right address, let alone take good photos ... so I've taken over the job, myself.
P S ... you won't believe what I've been able to see!"
3575,4330,3,18,125,146,1.1643835616438356,0.035081923502890106,638,No more belts or suspenders for me.
974,4331,3,17,120,140,1.1642857142857144,0.0360009053867454,638,I can get two more for my underwear for half the cost. Did you hear me? AT HALF COST!
2783,4332,2,18,114,134,1.164179104477612,0.03544296195119237,638,Suspenders are now New School...
2776,4333,3,15,110,128,1.1640625,0.03806552536364932,638,Don't forget to charge them.
4425,4334,6,19,164,189,1.164021164021164,0.03266612902471632,638,Hi my name is Hector.  Are you the robot hummingbird repair man?
2280,4335,4,21,152,177,1.1638418079096045,0.03217454262614727,638,Because you never know when something viral might happen.
2725,4336,3,22,146,171,1.1637426900584795,0.03180998186004049,638,"I call them ""susdronependers."""
2208,4336,5,18,148,171,1.1637426900584795,0.0339038912979751,638,Mid-air suspenders.”
75,4336,2,24,145,171,1.1637426900584795,0.030709534290374745,638,Suspenders are so old-fashioned!
4707,4339,2,23,140,165,1.1636363636363636,0.03134212551108777,638,It's a novel approach to male sexual disfunction. Think about it.
1126,4340,1,24,134,159,1.1635220125786163,0.030746120505822934,638,"Drone suspenders"" will be the next hipster craze.  Wanna invest"
386,4340,4,18,137,159,1.1635220125786163,0.0344116028958055,638,The rent is cheap but you get your own elevator.
3980,4340,2,22,135,159,1.1635220125786163,0.0320146126332741,638,Why wear suspen-DERS when you could wear suspen-DRONES?
977,4343,7,11,135,153,1.1633986928104576,0.03874705659212842,638,"Try me - same price, quicker service but remember no funny business!"
193,4343,3,19,131,153,1.1633986928104576,0.03401965823654886,638,"I call it ""cyberbelt"""
2285,4345,3,18,126,147,1.163265306122449,0.034860394026903774,638,"Meet the new, highly secure. suspenders!"
1024,4346,2,18,115,135,1.162962962962963,0.035200456375828436,638,Gimme a moment and I’ll be taller than you.
1157,4347,5,19,154,178,1.1629213483146068,0.032983282690715994,638,"It's the cool, modern way to hold your pants up."
2565,4347,4,21,153,178,1.1629213483146068,0.032006514414832384,638,Baggy jeans were so yesterday
1494,4349,1,19,109,129,1.1627906976744187,0.034436735744024935,638,Where would you like to go?
4506,4349,4,20,148,172,1.1627906976744187,0.032695790305425014,638,It's about as risky as the American Dream.
4980,4349,6,16,150,172,1.1627906976744187,0.03471330603248599,638,"With two, you keep your pants balanced"
4517,4352,1,25,140,166,1.1626506024096386,0.02997408746724355,638,This way we keep our jobs.
1652,4353,4,18,138,160,1.1625,0.034211123094634394,638,"Amazon’s latest service:
Droning to Work"
1066,4353,5,16,139,160,1.1625,0.03534143878788022,638,"Sure, but I don't think they come in your size."
2360,4353,5,16,139,160,1.1625,0.03534143878788022,638,I've never really trusted this belt to keep 'em up.
1712,4353,3,20,137,160,1.1625,0.03304216383947893,638,"Drone braces, why?"
1266,4353,4,18,138,160,1.1625,0.034211123094634394,638,Let the hipsters have suspenders; it's future pants tech for me!
136,4353,4,18,138,160,1.1625,0.034211123094634394,638,Hi! Why drone on over Skype? I prefer in-person interviews.
2270,4359,1,23,130,154,1.1623376623376624,0.031203648889131526,638,Awaiting patent approval for seamless integration of technology into daily life.
1087,4359,4,17,133,154,1.1623376623376624,0.03504732539676946,638,I'm prepared----unless they sneak up behind me
528,4359,3,19,132,154,1.1623376623376624,0.033814679942939393,638,I call it UberD
1432,4362,4,22,159,185,1.162162162162162,0.031199641038234128,638,Belts are outdated.
2131,4362,2,20,126,148,1.162162162162162,0.03328833244884829,638,"Technology is wonderful.  Not only do they keep my pants up, but the added lift also means I no longer have to used Air and Arch Cushion Gel Sole Inserts in my shoes"""
5027,4364,2,25,152,179,1.1620111731843576,0.029803657273396053,638,"I tried it with suspenders, but that was just too unwieldy."
1631,4365,2,24,147,173,1.1618497109826589,0.030382806616756068,638,"Slide projector, record player, stereo sound - all hands free!!!"
231,4365,3,22,148,173,1.1618497109826589,0.031469481613729915,638,I'm deliver singing  telegrams.
706,4367,2,23,142,167,1.1616766467065869,0.03099644406584422,638,You are perfect! those suspenders are perfect for Trump Drone University!  Fabulous! Want to meet Ivanka? She's on the next corner.
832,4367,5,17,145,167,1.1616766467065869,0.03431055443162018,638,Sartorial suspended animation is so passe; I've moved on to animated suspenders.
1127,4367,6,15,146,167,1.1616766467065869,0.03534627296191059,638,"Forget suspenders. This is the ""belted"" look."
1118,4367,5,17,145,167,1.1616766467065869,0.03431055443162018,638,With cell phone cameras everywhere you can’t be too careful with suspenders these days!
863,4367,5,17,145,167,1.1616766467065869,0.03431055443162018,638,"Suspenders? No, they're pets."
2966,4372,2,22,137,161,1.1614906832298137,0.03164808080246297,638,Here's looking at me kid!
1528,4372,5,16,140,161,1.1614906832298137,0.035135740680076896,638,"It's called fashion, hunny. Look it up."
1275,4372,3,20,138,161,1.1614906832298137,0.03285180010337364,638,"Hello there! Oh, don’t worry about Julius and Ethel here. They won’t spy."
4527,4372,3,20,138,161,1.1614906832298137,0.03285180010337364,638,"Yes, but my Internet-enabled, hi-tec suspenders have security cameras."
3267,4372,5,16,140,161,1.1614906832298137,0.035135740680076896,638,"My wife's idea.
Supposed to help me see the other sides of things."
2807,4372,2,22,137,161,1.1614906832298137,0.03164808080246297,638,No belt nor suspenders needed.
634,4378,5,15,135,155,1.1612903225806452,0.0360187436283279,638,Your suspenders have an infinite battery life?
887,4378,3,19,133,155,1.1612903225806452,0.033612133693659854,638,"Yah, but they keep my pants up--AND even!"
899,4378,1,23,131,155,1.1612903225806452,0.03101936766469806,638,"Now, I attract younger techies, too!"
1053,4378,3,19,133,155,1.1612903225806452,0.033612133693659854,638,Mission to Mars Suspended.
3811,4378,3,19,133,155,1.1612903225806452,0.033612133693659854,638,I had no idea that your wife rented these drones to spy on you!
4408,4378,4,17,134,155,1.1612903225806452,0.0348362270058317,638,One day they wouldn't need the broom sticks
4477,4378,2,21,132,155,1.1612903225806452,0.03234174316389099,638,"They are suspendrones, it's an aggressive weight watchers program. I haven't eaten in days"
3584,4385,6,17,157,180,1.1611111111111112,0.033578140972088645,638,Left??  Right??  Don't know which way to go and it's almost Election Day!
2338,4385,2,25,153,180,1.1611111111111112,0.029651282694317035,638,These drones deliver me across the street
2138,4387,3,18,128,149,1.1610738255033557,0.034425546828461204,638,"It’s an AI drone that targets the weak, gives them wedgies, then posts their reaction to social media! Cool, right?"
2731,4387,4,16,129,149,1.1610738255033557,0.03571852454967562,638,"well you know how it is
as a married man these days"
2066,4387,2,20,127,149,1.1610738255033557,0.033082072983284624,638,It’s supposed to be a great ED cure.
97,4390,3,22,149,174,1.160919540229885,0.03130192337649679,638,The missus says my old garter was inappropriate.
3884,4390,6,16,152,174,1.160919540229885,0.03433850187812381,638,"I gave my wife these for her Birthday, little did I know she was going to use them to keep me from straying."""
3904,4392,4,19,145,168,1.1607142857142858,0.033058128055638535,638,Modern suspenders Kid!
306,4392,3,21,144,168,1.1607142857142858,0.031961755757675195,638,"This way, I can keep my pants up AND kill terrorists!"
3958,4392,4,19,145,168,1.1607142857142858,0.033058128055638535,638,Takeoff at noon. Landing TBA.
3256,4392,2,23,143,168,1.1607142857142858,0.030826414512290776,638,"Umm, how long do the batteries on these things last?"
4555,4396,4,18,140,162,1.1604938271604939,0.03381703369653575,638,It's my 21st century take on schizophrenia.
876,4396,4,18,140,162,1.1604938271604939,0.03381703369653575,638,"Plus, they handle live streaming for my YouTube channel."
3184,4398,5,15,136,156,1.1602564102564104,0.0358020415106055,638,"God, you look like an idiot."
2899,4399,5,19,157,181,1.160220994475138,0.03247211164035534,638,My wife is just really insistent about keeping in touch.
611,4400,2,24,149,175,1.16,0.030062878822345478,638,They were a gift from my girl friend--I guess she knows I like gadgets.
1124,4400,4,16,130,150,1.16,0.03549584845120191,638,"This is OK for people in front of you, but they haven't figured out how to avoid plumber's crack yet"
4861,4400,6,12,132,150,1.16,0.03793318038995207,638,"So, then I thought to myself, Why not? So I drove to the store, on France Avenue, or was it 50th street? No, I’m pretty sure it was France because the traffic was pretty heavy for a Tuesday. And I went to the store and headed straight to the depart.."
454,4400,3,22,150,175,1.16,0.03113612256012007,638,I don't like the way suspenders look.
5236,4400,3,22,150,175,1.16,0.03113612256012007,638,For mechanical suspenders hit old navy
4089,4400,3,18,129,150,1.16,0.03421212940840891,638,I ain’t going nowhere until the light turns red!
1505,4400,6,12,132,150,1.16,0.03793318038995207,638,My suspenders were too long.
1212,4400,1,22,127,150,1.16,0.0314880752258973,638,Suspenders are so old-school...Drone-ups are in!
3548,4400,4,20,151,175,1.16,0.032173585020488595,638,I'm investigating the truth behind men always thinking with their pants.
2155,4409,5,21,168,194,1.1597938144329898,0.031027828312922223,638,Won't you be surprised when I fall to my death!
1772,4410,6,15,148,169,1.1597633136094674,0.034952766972164574,638,"They see me dronin', they hatin'"
2584,4410,6,15,148,169,1.1597633136094674,0.034952766972164574,638,An extra one in case the first goes on strike.
3896,4410,4,19,146,169,1.1597633136094674,0.0328756925819224,638,"I had to pay out of pocket, but I think it'll be worth it in the long run."
308,4410,2,23,144,169,1.1597633136094674,0.03065821923190738,638,"They're my version of your suspenders.  Also, it clears the sidewalk."
3479,4410,3,21,145,169,1.1597633136094674,0.03178629869309073,638,Just a few more pounds and I can avoid the Canada border crossing.
4596,4410,2,23,144,169,1.1597633136094674,0.03065821923190738,638,"I't's my hipster version of a ""belt and suspenders."""
2928,4416,6,11,127,144,1.1597222222222223,0.03900370856349365,638,"Hi, I'm Leonardo, and I'm working on perfecting manned flight."
1335,4417,5,16,142,163,1.1595092024539877,0.03473139523614724,638,Belts are SO 20th century.
2889,4417,4,18,141,163,1.1595092024539877,0.03362334684427683,638,Watch me step off.
3820,4417,6,14,143,163,1.1595092024539877,0.03580516969780204,638,"It's called fashion, download it."""
4144,4417,4,18,141,163,1.1595092024539877,0.03362334684427683,638,"Chicks really go for this look, believe me."
4536,4417,2,22,139,163,1.1595092024539877,0.03128975437635584,638,"I'll bet you I""ll  be in Chicago by next weekend."
742,4417,5,16,142,163,1.1595092024539877,0.03473139523614724,638,"SelfieHostage.com
Pay up or the suspenders fall..."
4927,4417,1,24,138,163,1.1595092024539877,0.03005508886850526,638,For just a five dollar donationm my two big brothers and I can offer you safety to the next corner.
1312,4417,4,18,141,163,1.1595092024539877,0.03362334684427683,638,I’m able to slip in and out unrecognized because it plays havoc with facial recognition.
1969,4417,2,22,139,163,1.1595092024539877,0.03128975437635584,638,"Duh, drone selfie."
4604,4426,2,25,155,182,1.1593406593406594,0.029351107125632596,638,The Catholics should do this
940,4427,1,23,133,157,1.1592356687898089,0.030657174263680795,638,I don't go anywhere without them.
4230,4427,3,19,135,157,1.1592356687898089,0.03321416818904105,638,And I suppose you find suspenders cool?
3499,4427,4,17,136,157,1.1592356687898089,0.03442150905782623,638,"Don’t mind me, i’m just hanging here."
2664,4427,4,17,136,157,1.1592356687898089,0.03442150905782623,638,It’s my new invention...they aren’t drones... I call them suspenders
1274,4427,4,17,136,157,1.1592356687898089,0.03442150905782623,638,"I like the security I get from from belt, suspenders, drones."
1245,4427,4,17,136,157,1.1592356687898089,0.03442150905782623,638,"They are called ""Drone Suspenders!"
5031,4433,4,20,152,176,1.1590909090909092,0.032003172806108066,638,"I'm bloviating, but they really do hold up."
3398,4434,3,18,130,151,1.1589403973509933,0.034001318286075326,638,I asked for suspenders and a droid for Christmas.
3186,4434,2,20,129,151,1.1589403973509933,0.03267704736417365,638,"No, really...I am the brother from another planet."
2528,4434,2,20,129,151,1.1589403973509933,0.03267704736417365,638,Got it covered coming and going.
3887,4434,5,14,132,151,1.1589403973509933,0.0365060280870448,638,"It's the new hipster, dude, catch up."
5088,4434,2,20,129,151,1.1589403973509933,0.03267704736417365,638,The suspender is so overdue for a modern update.
538,4439,3,21,146,170,1.1588235294117648,0.03161273932073949,638,How else am I supposed to test the suspension?
4833,4439,6,15,149,170,1.1588235294117648,0.03475926092689346,638,Me Too
772,4439,4,19,147,170,1.1588235294117648,0.032695243257013805,638,Never suffer from 'droopy drawer' syndrome again!
4328,4439,7,13,150,170,1.1588235294117648,0.035746606334841634,638,"Don't let me down, Jim."
2693,4439,3,21,146,170,1.1588235294117648,0.03161273932073949,638,"It may not be your traditional three-way, but I'm always the star."
2466,4439,3,21,146,170,1.1588235294117648,0.03161273932073949,638,They wear the pants in the family.
4525,4445,3,17,125,145,1.1586206896551725,0.03484484227867613,638,"I'm just guessing,but do you have problems with intimacy"
3364,4445,3,17,125,145,1.1586206896551725,0.03484484227867613,638,"Look Pete, you just have to make your own luck. Commute by two drones? I believe that IS what they call the American Dream. Aim for the troposphere, Pete."
1735,4445,3,17,125,145,1.1586206896551725,0.03484484227867613,638,"I hate to drone on about it but I just feel so attached"""
918,4445,2,19,124,145,1.1586206896551725,0.03344215293327851,638,"Well, tell me which one of these two do you think you like more; they’re the only two left and you can have either for a hundred bucks."
1052,4449,3,20,141,164,1.1585365853658536,0.03229352556433759,638,"Believe me, with this crowd, it'll sell."
2599,4449,5,16,143,164,1.1585365853658536,0.03453266846840825,638,"It’s  the Trump Acapulco!  No visa, no money down!               Return flight?  Hmmmmmmm . . ."
3051,4449,3,20,141,164,1.1585365853658536,0.03229352556433759,638,"Go ahead, shake my hand. They totally won't kill you in 60 FPS 4K HDR for my 65 million followers."
3164,4452,5,19,159,183,1.1584699453551912,0.032139978059365595,638,You're hired.
2614,4452,5,19,159,183,1.1584699453551912,0.032139978059365595,638,"[Mechanical voice] How do you do? We are Zorg. Each day, we record the contents of your home, deliver everything you are missing, and debit your bank account. We are more efficient than targeted advertising. Good bye."
2822,4454,3,19,136,158,1.1582278481012658,0.03301866676553321,638,"Safety in numbers, my friend."
4913,4454,2,21,135,158,1.1582278481012658,0.03177430880270852,638,This can lift you up to a thousand feet and has stereo navigation too!
5261,4454,4,17,137,158,1.1582278481012658,0.034217802531091544,638,"I know it’s a week too late, but I’d like your vote for Drone Master General."
2472,4454,3,19,136,158,1.1582278481012658,0.03301866676553321,638,It's stupid and not even funny
1106,4454,3,19,136,158,1.1582278481012658,0.03301866676553321,638,Amazon had a 2 for 1 sale on old models with pick-up!
743,4459,3,21,147,171,1.1578947368421053,0.03144104737608739,638,Why did the fireman wear a belt AND suspenders?
2227,4459,4,22,164,190,1.1578947368421053,0.030435051158733437,638,Holds up my pants AND I catch a buzz.
2249,4459,8,11,152,171,1.1578947368421053,0.03650392729731128,638,High tech voyeurism is not cheesy.  It is uber cool.
3192,4459,4,19,148,171,1.1578947368421053,0.032516748141684995,638,Everything
4237,4459,3,18,131,152,1.1578947368421053,0.03379306652603567,638,Come aboard! Just hold my hand and take a deep breath.
5159,4459,4,19,148,171,1.1578947368421053,0.032516748141684995,638,Ten minutes ago called--they want their suspenders back.
2076,4459,4,16,132,152,1.1578947368421053,0.03505866114063326,638,"Ugh, this dude is really droning on."
3163,4466,3,23,158,184,1.1576086956521738,0.030061584363131708,638,First you activate your drones THEN you airdrop the message.
2094,4466,4,21,159,184,1.1576086956521738,0.03103377814034669,638,Where
4899,4468,2,22,141,165,1.1575757575757575,0.03093936462157285,638,Instead of belt-and-suspenders
4832,4468,2,22,141,165,1.1575757575757575,0.03093936462157285,638,I call them drenders. Sharper image eat your heart out
2682,4468,5,16,144,165,1.1575757575757575,0.034336187517090576,638,"My Black Mirror costume is really doing wonders, police-wise."
2428,4468,4,18,143,165,1.1575757575757575,0.033242502059884355,638,Brings overcompensation to a whole new level
1169,4468,3,20,142,165,1.1575757575757575,0.032111588456412814,638,I’ll go anywhere. Who do you want me to spy on?
946,4468,2,22,141,165,1.1575757575757575,0.03093936462157285,638,"The drone tie didn't work out, besides these have twice the spy power AND they hold my pants up."
4393,4468,3,20,142,165,1.1575757575757575,0.032111588456412814,638,"It's the newest line of protection, Camera drones!"
3618,4475,2,19,125,146,1.1575342465753424,0.03323007238001543,638,It keeps me from getting mugged so they can steal all my personal data later.
2345,4475,1,21,124,146,1.1575342465753424,0.031776790257851774,638,The older one tries to get the younger one to do all the work
2408,4475,2,19,125,146,1.1575342465753424,0.03323007238001543,638,"No shoulder straps, but the solar power doesn't work at night."
2349,4478,3,22,153,178,1.1573033707865168,0.03064899566047467,638,"This is called 'recording a selfie""!"
2178,4478,5,18,155,178,1.1573033707865168,0.03265456903916234,638,"Blah...blah...blah...blah...blah"""
4229,4480,1,23,135,159,1.1572327044025157,0.030303235134660246,638,The urologist gives me a discount.
3730,4480,2,21,136,159,1.1572327044025157,0.031589516544678474,638,Just one more and I’m up!
3606,4480,3,19,137,159,1.1572327044025157,0.03282543299678655,638,"I've always been a belt man, but I feel I'm being DRONE to suspenders."
2705,4480,4,17,138,159,1.1572327044025157,0.034016474645773204,638,You like my suspenders?
1385,4480,1,23,135,159,1.1572327044025157,0.030303235134660246,638,Google Maps - Personal World
4289,4485,1,20,119,140,1.1571428571428573,0.032490695278719596,638,Shoulders are SO 2010.
858,4486,2,23,147,172,1.1569767441860466,0.030164350974828738,638,robosuspenders!
557,4486,2,23,147,172,1.1569767441860466,0.030164350974828738,638,"Hips are down three inches, and I just feel lighter."
237,4486,2,23,147,172,1.1569767441860466,0.030164350974828738,638,I see it as a conversational ice-breaker.
1133,4486,3,21,148,172,1.1569767441860466,0.031271193225347244,638,"Believe me, this is the next big fashion look"""
869,4486,6,15,151,172,1.1569767441860466,0.03437856736034908,638,I am making millions on peepingtom.com! Subscriptions available!
3243,4486,4,19,149,172,1.1569767441860466,0.03234017596954839,638,You've heard of a wedgie right?
3998,4486,4,19,149,172,1.1569767441860466,0.03234017596954839,638,It's obvious that the dating app missed the mark!
3864,4493,3,18,132,153,1.1568627450980393,0.033587328297884106,638,They're the next generation of suspenders.
839,4493,4,16,133,153,1.1568627450980393,0.03484405163288779,638,So my left hand knows what my right hand's doing.
356,4493,2,20,131,153,1.1568627450980393,0.03228171789394645,638,These Suspenders also let take great Videos.
4083,4496,2,22,142,166,1.1566265060240963,0.03076706515158886,638,Still photography is finished.
3796,4496,5,16,145,166,1.1566265060240963,0.034141914832438225,638,Huh?
745,4496,2,22,142,166,1.1566265060240963,0.03076706515158886,638,I'm the next thing in drone delivery!
394,4496,4,18,144,166,1.1566265060240963,0.03305527186845816,638,Oh you think these auto-suspenders are nice? Just wait till you see my toilet.
2967,4496,5,16,145,166,1.1566265060240963,0.034141914832438225,638,"These are the cool replacement for those old-fashioned, unsightly suspenders."
1044,4501,3,17,127,147,1.1564625850340136,0.034402768589717754,638,"No, but they're new to me."
3595,4501,1,21,125,147,1.1564625850340136,0.031578070973486715,638,"A drone homage to the Ed Sullivan show, of course."
688,4503,5,18,156,179,1.1564245810055866,0.03248351814144572,638,Beats suspenders!
3816,4503,4,20,155,179,1.1564245810055866,0.031502511839657445,638,"I can talk for hours and hours, on and on and on and on and on and on and on......................"
5210,4503,3,22,154,179,1.1564245810055866,0.03048995824152407,638,My kids hid my suspenders
3522,4506,3,19,138,160,1.15625,0.032634428081803654,638,"If you don't update soon, they'll start slowing yours down"
3370,4506,5,15,140,160,1.15625,0.03496052918119134,638,"You know, these aren't really attached to my belt."
2434,4506,3,19,138,160,1.15625,0.032634428081803654,638,"And the headline said ""Millennials are Ruining Suspenders"""
1011,4506,1,23,136,160,1.15625,0.030129274664749222,638,Who would have thought that Baron Harkonnen had a prescient sense of style?
148,4506,2,21,137,160,1.15625,0.031406839128208325,638,I'm not 'wearing' pants.
486,4511,3,16,122,141,1.1560283687943262,0.03527815070621612,638,They've cut my travel time down by half!
3699,4512,1,22,131,154,1.155844155844156,0.030736468718504457,638,I’m not a stranger
3263,4512,2,20,132,154,1.155844155844156,0.03208758244410472,638,Hey! Get with the 21st century.
2260,4512,3,18,133,154,1.155844155844156,0.03338405884446694,638,"Like you, I have no waist.  Haven't you heard these new hi-tech suspenders are all the rage?"
2226,4512,5,14,135,154,1.155844155844156,0.03583657713256192,638,It tells me how many calories I've burned.
158,4512,3,18,133,154,1.155844155844156,0.03338405884446694,638,I use a dash of vinegar during the rinse cycle for best results.
3588,4512,6,12,136,154,1.155844155844156,0.03700192830653119,638,"I don't know -- the ticket said ""base economy."""
1040,4518,2,22,143,167,1.155688622754491,0.030596654209920898,638,The hell with selfies! Now I'm on camera 24/7.
301,4518,3,20,144,167,1.155688622754491,0.03175374175958151,638,Let’s see them try to call me a boring drone now that I’ve got two.
1785,4518,2,22,143,167,1.155688622754491,0.030596654209920898,638,I'd drown without them!
2886,4521,4,20,156,180,1.1555555555555554,0.0313390602775944,638,I try to use technology in a way that fosters independence.
4167,4522,2,19,127,148,1.1554054054054055,0.03281380085501337,638,"Six dollars each, ten dollars for both."
135,4522,3,17,128,148,1.1554054054054055,0.034185877053393134,638,Belts were just too much a hassle.
3875,4524,5,15,141,161,1.15527950310559,0.03475625665465743,638,"I hate to say this, but you have the tendency to drone on when you talk to me."
5052,4524,2,21,138,161,1.15527950310559,0.031226240919874332,638,"...and with the newest version, they can hold your pants for an extra hour."
2258,4524,3,19,139,161,1.15527950310559,0.032445614087867544,638,I hate suspenders. These work great!
1933,4524,4,17,140,161,1.15527950310559,0.033620791559563615,638,Lost my fantasy league.  Have to stream an atomic wedgie.
378,4524,5,15,141,161,1.15527950310559,0.03475625665465743,638,Quick! Grab me before my return is processed!
143,4524,4,17,140,161,1.15527950310559,0.033620791559563615,638,They also call me a nerd!
3104,4530,3,21,150,174,1.1551724137931034,0.03093688282844811,638,Belts and braces are so yesterday.
1041,4531,3,18,134,155,1.1548387096774193,0.03318321445118037,638,These give me more protection than a bulletproof vest!
1502,4531,4,16,135,155,1.1548387096774193,0.034422563848069195,638,"One heads south, the other north. Looks like I'm stuck in the middle with you."
1919,4531,3,18,134,155,1.1548387096774193,0.03318321445118037,638,"My parents never stopped believing that some day I'd                 really Go Places.
(or)
When they go Low, I go High."
4225,4534,1,24,143,168,1.1547619047619047,0.029233257606811298,638,My pants go down but they go up!
4156,4534,1,24,143,168,1.1547619047619047,0.029233257606811298,638,With the midterms it's open season out there.
2224,4534,4,18,146,168,1.1547619047619047,0.03268702110311257,638,What did you say? I can't hear you over my drone slacks.
1938,4534,2,22,144,168,1.1547619047619047,0.030428101316643183,638,"They’re from Drone & Taylor. When they’re done 3D printing my suspenders, they can hem your pants."
1750,4534,4,18,146,168,1.1547619047619047,0.03268702110311257,638,Amazon lent them to me!
467,4534,3,20,145,168,1.1547619047619047,0.03157776669059442,638,"""Tinder 2.0""."
165,4540,3,22,156,181,1.1546961325966851,0.030176739609896752,638,I call this... how to keep your pants up.
330,4540,2,24,155,181,1.1546961325966851,0.029141864375473267,638,"My security plan gives you a ""lift"" in more ways than one."
5101,4540,3,22,156,181,1.1546961325966851,0.030176739609896752,638,They play doubles at table tennis too!
2493,4540,5,18,158,181,1.1546961325966851,0.03214670001560936,638,My wife wants to make sure that I'm coming right back - her cute little way of keeping an eye on me
3506,4544,2,19,128,149,1.1543624161073827,0.032609513843973724,638,Pants technology has come a long way.
2679,4544,2,19,128,149,1.1543624161073827,0.032609513843973724,638,It is a concept piece. Hi tech suspenders.
134,4546,1,23,138,162,1.154320987654321,0.0297872059154401,638,"It's just the prototype, the production models are a lot quieter!"
3158,4546,2,21,139,162,1.154320987654321,0.03104768706925454,638,Want to see me levatate ?
2097,4546,4,17,141,162,1.154320987654321,0.03342635703383495,638,"as seen on Shark Tank- new fashion for spring - these hold up pants  better than those old fashioned suspenders you're wearing and puts a spring in your step"""
2524,4546,1,23,138,162,1.154320987654321,0.0297872059154401,638,Keeps the pants up while keeping me cool.
2620,4546,2,21,139,162,1.154320987654321,0.03104768706925454,638,"It's that new ""lifting-pocket"" underwear."
4500,4551,3,21,151,175,1.1542857142857144,0.030772370326482886,638,I forgot my key. Can you get to the 12th floor balcony?
1782,4551,4,19,152,175,1.1542857142857144,0.03182169418026002,638,Hands-free droning.
707,4551,4,19,152,175,1.1542857142857144,0.03182169418026002,638,It’s Airbnb 2.0.
1645,4554,2,22,145,169,1.1538461538461537,0.03026137663344012,638,"Hey, man, spare a couple of drone batteries?"
2481,4554,5,14,137,156,1.1538461538461537,0.03540367020298461,638,They'll cost you an arm and a leg.
3929,4554,5,12,126,143,1.1538461538461537,0.03753942385172557,638,Wanna trip the light fantastic?
4201,4554,1,26,155,182,1.1538461538461537,0.027927147308777073,638,"Heck of a pair f braces.
I do miss the indoors though."
4308,4554,3,16,124,143,1.1538461538461537,0.03481698192894427,638,Suspenders drag you down.  These guys are more optimistic.
4670,4554,3,14,113,130,1.1538461538461537,0.03697174292322414,638,Joe with Dressed by Drones.
5311,4554,4,16,136,156,1.1538461538461537,0.034215594074966875,638,Sorry I can't hear you these are  pretty loud.
32,4554,2,22,145,169,1.1538461538461537,0.03026137663344012,638,Look...just belt up.
768,4554,2,22,145,169,1.1538461538461537,0.03026137663344012,638,"Thanks but they’re not “drones,” they’re quadcopters."
1898,4554,4,18,147,169,1.1538461538461537,0.032505932874173714,638,I see ICE didn't get their budget cut...
1939,4564,4,19,153,176,1.1534090909090908,0.03165251397734761,638,"Privacy is overrated, and plus the cameras were the most expensive part!"
2629,4564,6,15,155,176,1.1534090909090908,0.03364151855901151,638,"No, I said, ‘Could I borrow your headphones.’"
5184,4566,3,19,141,163,1.1533742331288344,0.03207441133202071,638,I heard belts will be out of style next season.
4135,4566,3,19,141,163,1.1533742331288344,0.03207441133202071,638,It’s amazing what they can do with suspenders these days.
3635,4566,4,17,142,163,1.1533742331288344,0.03323414244921311,638,I was told this is a much better way to get hi than taking drugs.
3534,4566,6,13,144,163,1.1533742331288344,0.03543993437370405,638,"No, it's not for flying; it's protecting me from falling stars."
2050,4566,4,17,142,163,1.1533742331288344,0.03323414244921311,638,...and they multi-task.
4554,4566,0,25,138,163,1.1533742331288344,0.02831160144143857,638,That Levi's company...always one step ahead of the crowd!
3701,4572,3,17,130,150,1.1533333333333333,0.03376013118853751,638,"Noise good, suspenders bad!"
1978,4572,3,17,130,150,1.1533333333333333,0.03376013118853751,638,It works out way cheaper than getting a human being to do the job.
4815,4574,3,22,158,183,1.1530054644808743,0.029869834609386966,638,"Trust me, these Hi-Tech Suspenders are a babe-magnet."
2220,4574,2,24,157,183,1.1530054644808743,0.028847145079106566,638,Thank goodness my condo is on the 15nth floor and not in the basement!
4054,4576,5,16,149,170,1.1529411764705881,0.03338618415510718,638,I'm part of Amazon's new rent-a-friend.
3234,4576,4,18,148,170,1.1529411764705881,0.03232682551944209,638,You just have to dream big.
2801,4576,2,22,146,170,1.1529411764705881,0.030096450947178086,638,You'll need FAA approval for these.
5249,4579,4,16,137,157,1.1528662420382165,0.034011081159549546,638,"Yup, the prison is up the street, can you spare some change?"
770,4579,2,20,135,157,1.1528662420382165,0.03151880402212705,638,"I allocated three months for the project, but two years later I'd want my wife and kids back more."
2808,4579,4,16,137,157,1.1528662420382165,0.034011081159549546,638,"Go ahead, buddy. Do something."
4834,4582,5,12,127,144,1.1527777777777777,0.03729312848828989,638,Passport expired.
5054,4583,3,14,114,131,1.1526717557251909,0.036707221826285365,638,These suspenders are so comfortable. You can’t even feel them!”
3008,4584,3,21,153,177,1.152542372881356,0.030448494368828197,638,I get 22 miles per drone (44 combined).
4084,4584,3,21,153,177,1.152542372881356,0.030448494368828197,638,"Grab my hand  Shooter, I'm not gonna let us down!"
5237,4584,3,21,153,177,1.152542372881356,0.030448494368828197,638,I tether drones for in the moment selfie headshots
1487,4584,5,17,155,177,1.152542372881356,0.03248866694870866,638,Borrow a pair of scissors? Duty calls.
4420,4588,3,19,142,164,1.1524390243902438,0.03189195083622516,638,"And the Hepa filters do a great job cleaning the air, so I'm actually helping the environment!"
729,4588,3,19,142,164,1.1524390243902438,0.03189195083622516,638,Don't call me 'fly boy!'
1158,4588,3,19,142,164,1.1524390243902438,0.03189195083622516,638,"You buy, I fly."
3553,4591,5,13,133,151,1.1523178807947019,0.03608714540736325,638,It's the latest in navel gazing.
5055,4591,4,15,132,151,1.1523178807947019,0.03484224221977723,638,These drones generate as much buzz as the New Yorker’s front page.
5389,4591,4,15,132,151,1.1523178807947019,0.03484224221977723,638,instead of increased security we need access to free and impartial education
473,4594,1,19,118,138,1.1521739130434783,0.032365360285218366,638,How would you like to feel safe in any neighbourhood?
1894,4594,4,20,160,184,1.1521739130434783,0.0307017446774751,638,Superman or Green Lantern ain't got a-nothin' on me.
4671,4594,3,15,120,138,1.1521739130434783,0.035483652461182486,638,"Well, you did tell your stylist that you wanted to look fly..."
997,4597,5,16,150,171,1.152046783625731,0.03320241764572041,638,Still waiting for the patent on the Zip-Drone.
3297,4597,2,22,147,171,1.152046783625731,0.029933295653964274,638,I know what you're thinking: The way these jeans were sewn were horrific.
324,4597,6,14,151,171,1.152046783625731,0.03422279922982995,638,His and hers.
1092,4600,4,16,138,158,1.1518987341772151,0.03380898197140144,638,They sent me to replace you because you seem lost and out of place!
1296,4600,4,16,138,158,1.1518987341772151,0.03380898197140144,638,"With these I can jump over tall buildings.
Terry Breidenbach , Orange , California"
4494,4600,5,14,139,158,1.1518987341772151,0.03498103653447101,638,"I tried it with my suspenders first, but it made for too bouncy a ride!"
1742,4603,2,25,164,191,1.1518324607329844,0.02807150390452308,638,"This guys drones on so much, it suspends belief"
2399,4604,4,19,155,178,1.151685393258427,0.03131945433888938,638,I thought I would make the job of the NSA easier.
3375,4604,3,21,154,178,1.151685393258427,0.030289078031808168,638,"Ugh, looks like I got another wrong Amazon order."
4137,4604,2,23,153,178,1.151685393258427,0.02922239339869601,638,I have a hard time looking women in the eyes  these days
3512,4607,3,19,143,165,1.1515151515151516,0.03171153774991366,638,They take out muggers too!
3382,4607,1,23,141,165,1.1515151515151516,0.029288256459704405,638,"If you don't like these, you can try them in pink."
2103,4607,3,19,143,165,1.1515151515151516,0.03171153774991366,638,"There’s no such thing as bad drones, only bad clothing."
2953,4607,1,23,141,165,1.1515151515151516,0.029288256459704405,638,Helicopter Mom 2.0
2805,4607,2,21,142,165,1.1515151515151516,0.030523954469511446,638,Why walk around wearing a boring old belt when you can use these guys to hold your pants up?
263,4607,3,19,143,165,1.1515151515151516,0.03171153774991366,638,Are you with me?
856,4607,3,19,143,165,1.1515151515151516,0.03171153774991366,638,It's called a virtual virtual.
1822,4614,1,26,158,185,1.1513513513513514,0.02751036668301862,638,Did you get a free buggy whip with those suspenders?
2207,4615,3,17,132,152,1.1513157894736843,0.03334477783514643,638,"They're not super-suspenders, they're super-braces, my good man"
3574,4615,1,21,130,152,1.1513157894736843,0.030620213216010113,638,I gotta be back home in ten minutes.
4781,4615,2,19,131,152,1.1513157894736843,0.03201149532800048,638,"If any white woman calls the cops on me, I can fly away before they get here."
2426,4615,2,19,131,152,1.1513157894736843,0.03201149532800048,638,It's great! My pants have never fit better AND  cartoonists worldwide are able to make ill-informed commentary via slightly humorous drawings illustrating the situation and their poor grasp of technology.
4984,4619,4,18,150,172,1.1511627906976745,0.031974425938739594,638,They each insist on helping me get dressed.
3150,4619,4,18,150,172,1.1511627906976745,0.031974425938739594,638,Why put on the same old clothes every day when you could have it done for you
2111,4619,4,18,150,172,1.1511627906976745,0.031974425938739594,638,"They're powered by hot air, so we foresee a ripe market with political debaters."
358,4619,3,20,149,172,1.1511627906976745,0.030892789743038607,638,They promise to have me home for Thanksgiving.
3688,4619,4,18,150,172,1.1511627906976745,0.031974425938739594,638,"Well, not everyone can access the latest technology."
4290,4624,5,11,123,139,1.1510791366906474,0.03808806321345745,638,Let’s just shake on it! There’s no need to get all belt-and-suspenders on me.
5147,4625,3,18,138,159,1.150943396226415,0.032403248041860996,638,"Joe, I'm going to keep an eye on 
everyone now!"
5169,4625,1,22,136,159,1.150943396226415,0.02984539314303554,638,“DROIDS are the new suspenders PAL.”
3485,4625,4,16,139,159,1.150943396226415,0.03360925437379378,638,These pocket drones are surprisingly powerful!
3205,4625,4,16,139,159,1.150943396226415,0.03360925437379378,638,HEY WATCH IT I'M CARTOONIN HERE!!
371,4625,4,16,139,159,1.150943396226415,0.03360925437379378,638,"Look, what good is a wedding photographer unless you have a great wedding story?"
867,4625,4,16,139,159,1.150943396226415,0.03360925437379378,638,donation for the dronation please
1043,4631,3,21,155,179,1.1508379888268156,0.030131308423926233,638,"Hi, looks like I'm right on time."
3559,4632,5,12,129,146,1.1506849315068493,0.036810056123064414,638,My wife sent me to get the pizza.
1380,4632,3,16,127,146,1.1506849315068493,0.034147234283379825,638,I was sold when they told me this will bring me up way higher than Viagra
4628,4634,1,23,142,166,1.1506024096385543,0.02912559185203818,638,Wow! These bullies are getting more and more high tech.
2792,4634,2,21,143,166,1.1506024096385543,0.030353244486533836,638,"My boss told me I needed to think big and get a new perspective on
Wall St. and the Market."
424,4634,3,19,144,166,1.1506024096385543,0.03153313814048771,638,Attach your product to one of these and beat the tariffs.
1554,4637,2,19,132,153,1.1503267973856208,0.031816956152907375,638,I wouldn't be thriving on Instagram without them.
1805,4637,2,19,132,153,1.1503267973856208,0.031816956152907375,638,Would you give me a boost?
4774,4637,2,19,132,153,1.1503267973856208,0.031816956152907375,638,It’s not be as safe but at least it’s fashionable.
2053,4637,3,17,133,153,1.1503267973856208,0.03314088126229498,638,A  safety harness for you? Nah! Just grab my hand and hang on for dear battery life.
3448,4641,4,18,151,173,1.1502890173410405,0.03180107164844312,638,And the deafening whine is a constant reminder that me my pants are being held up by drones!
5021,4641,4,18,151,173,1.1502890173410405,0.03180107164844312,638,"In light of  wrongful convictions in the US, I want to make sure the Innocence Project has something to work with."
4434,4643,5,14,141,160,1.15,0.03456831719160074,638,I'm getting a wedgie.
3754,4643,4,13,123,140,1.15,0.03644675402179995,638,Amazon meets Grindr.
200,4643,4,19,157,180,1.15,0.030993281344776146,638,They come with a 12-pack of Cialis.”
5309,4643,6,12,142,160,1.15,0.03568732135731649,638,Amazon's form of Affirmative Action
1100,4643,4,16,140,160,1.15,0.033411857195580465,638,And I don't need to wear a belt!
2465,4643,2,23,155,180,1.15,0.028921220507697673,638,I have a lot of trouble tightening my belt.
85,4649,3,19,145,167,1.1497005988023952,0.03135671881204532,638,and I'll include some ownership shares in a major bridge in Brooklyn.
494,4649,3,19,145,167,1.1497005988023952,0.03135671881204532,638,I have the right to bear pants.
1084,4649,6,13,148,167,1.1497005988023952,0.03463637416554796,638,They keep my pants up!
1563,4649,4,17,146,167,1.1497005988023952,0.03248674624443632,638,What can I say? I’ve got Amazon’s endowment beat.
3590,4649,4,17,146,167,1.1497005988023952,0.03248674624443632,638,Works great!  Though in about 10 minutes could I borrow your belt?
4665,4649,3,19,145,167,1.1497005988023952,0.03135671881204532,638,How do you think about my overall level?
4935,4649,2,21,144,167,1.1497005988023952,0.03018441564392056,638,They're much more comfortable than suspenders.
2027,4656,8,10,156,174,1.1494252873563218,0.03558360616907738,638,Then I found out what I was paying my shoulders.
361,4656,5,16,153,174,1.1494252873563218,0.03266298706227227,638,Are you in the market for a new ride?
4752,4658,5,13,136,154,1.1493506493506493,0.03542275936745008,638,It’s self-evaluation week at work.”
3469,4658,4,15,135,154,1.1493506493506493,0.034203646638635746,638,It’s the newest suspender prototype!
3273,4658,5,13,136,154,1.1493506493506493,0.03542275936745008,638,Life has always been so two-dimensional. I'm trying to change that.
3623,4661,3,21,157,181,1.149171270718232,0.02982060938915105,638,You can’t just snap your suspenders by hand! Come into the 21st century already!
3447,4661,4,19,158,181,1.149171270718232,0.030832711501672334,638,"It's from Uber, but they haven't gotten the pilotless function right yet."
2047,4663,4,16,141,161,1.1490683229813665,0.03321675020402717,638,"No poop to scoop?  I said, Sign me up!"
960,4663,2,20,139,161,1.1490683229813665,0.030790793932783694,638,"My wife says I drone on and on, so these shouldn't be a big surprise."
3965,4665,3,15,123,141,1.148936170212766,0.034775543428482866,638,"The commute’s a LOT shorter now, but I wish it wasn’t so much of a snap!"
2380,4666,3,19,146,168,1.1488095238095237,0.031182247285799783,638,You have no walking on water is a miracle?...... How about walking on air?
704,4666,5,15,148,168,1.1488095238095237,0.03339018635246278,638,It takes two to tango.
1689,4666,4,17,147,168,1.1488095238095237,0.03230508543902152,638,Willing suspenders of disbelief.
3135,4666,3,19,146,168,1.1488095238095237,0.031182247285799783,638,"Doctor Suspenderones. Again, we see there is nothing you possess that I cannot take away."
2755,4666,4,17,147,168,1.1488095238095237,0.03230508543902152,638,"Fred, I'm Jock Stone, your date from Hook-Up-Now.  Let's get busy.  Obviously, I'm very much in demand."
4076,4671,1,20,127,148,1.1486486486486487,0.030867914942629242,638,Got two for the price of one and thought I had a better chance of getting airborne this way.
2098,4672,2,19,134,155,1.1483870967741936,0.03143482413135121,638,"You have to go where the technology is, and follow the trends"
1120,4672,5,13,137,155,1.1483870967741936,0.0352066713827522,638,Why do you think?
438,4672,4,15,136,155,1.1483870967741936,0.033995919303524184,638,I'm trying to reduce my Me footprint.
3886,4675,4,19,159,182,1.1483516483516483,0.03067378537212967,638,I thought it would be great to have proof for when we file the accident insurance claim
958,4676,4,16,142,162,1.1481481481481481,0.03302389407853943,638,It's the new look for Speed Dating. Girls love it!
2499,4676,3,18,141,162,1.1481481481481481,0.03184173902300353,638,drone wear! dig it
4088,4676,1,22,139,162,1.1481481481481481,0.029334857623755633,638,You mean you don't have a pair?
5089,4676,1,22,139,162,1.1481481481481481,0.029334857623755633,638,I have stopped looking in the neighbor's bedroom since they have started mooning me.
3489,4676,2,20,140,162,1.1481481481481481,0.030613969162908948,638,"Enid told me that all I do is drone on and on, and it got me wondering..."
734,4676,4,16,142,162,1.1481481481481481,0.03302389407853943,638,...as I was saying...drone...drone...
1023,4676,2,20,140,162,1.1481481481481481,0.030613969162908948,638,I just don't believe anything unless I see it with my own two eyes.
2591,4676,1,18,116,135,1.1481481481481481,0.03243996627103595,638,"You see? With normal suspenders, you can't have pockets."
1935,4676,3,22,164,189,1.1481481481481481,0.028985167345287676,638,Somebody has to bring Google to heel!
1291,4676,3,18,141,162,1.1481481481481481,0.03184173902300353,638,"When the 'Blue Wave' hits, with these I will be totally prepared, according to the DNC."
4159,4686,3,23,170,196,1.1479591836734695,0.028345804965987306,638,I'll set you up with my stylist.
4206,4687,2,21,146,169,1.1479289940828403,0.029852279749201825,638,"Dude, there's a 1000 eyes on you!"
5275,4688,2,17,123,142,1.147887323943662,0.03306834502771489,638,Now you can ditch those suspenders forever.
1858,4688,2,17,123,142,1.147887323943662,0.03306834502771489,638,"Yeah, much better than a selfie!"
3558,4690,3,16,130,149,1.1476510067114094,0.033502585953474856,638,"When 2019 suspenders are the new uber transportation""
Honolulu, Oahu, Talieah Ra"
2431,4690,5,12,132,149,1.1476510067114094,0.03610834680104283,638,It 's the latest in mobile dialysis.
4825,4690,3,16,130,149,1.1476510067114094,0.033502585953474856,638,I’ve already lost 20 pounds!
3833,4690,5,12,132,149,1.1476510067114094,0.03610834680104283,638,This isn't what I meant when I said I needed a delivery man
609,4694,5,13,138,156,1.1474358974358974,0.03499318990757995,638,"... And this is my brand new invisible self-driving hydrocar, which I just had cleaned last week."
1030,4694,3,17,136,156,1.1474358974358974,0.032543776179637954,638,My kids and my kids' kids will watch the movie of my entire life!
1911,4694,2,19,135,156,1.1474358974358974,0.03124714998350375,638,Will these fly me to the moon?
2601,4694,4,15,137,156,1.1474358974358974,0.033790684425876356,638,"When I ordered Friends on Amazon, I meant the box set."
2420,4698,3,18,142,163,1.147239263803681,0.03165883713628662,638,"That's right, I can surveil the surveillance from anywhere."
2351,4698,3,18,142,163,1.147239263803681,0.03165883713628662,638,Don't worry.  They're very submissive.
2497,4698,4,16,143,163,1.147239263803681,0.03283325038525506,638,Everybody loves fashion week.
3013,4698,0,24,139,163,1.147239263803681,0.02783991527833965,638,Your old-school ways are driving drone operators to unemployment.
3937,4698,3,18,142,163,1.147239263803681,0.03165883713628662,638,It’s Amazon’s new form of payment option
4041,4703,4,18,155,177,1.1468926553672316,0.031125930369390875,638,How else would I know if I'm doing something wrong?
3280,4703,5,16,156,177,1.1468926553672316,0.032140704359860335,638,"The name's Phil, Phil McKracken..."
2176,4703,1,24,152,177,1.1468926553672316,0.027860716702856746,638,"Hey, they never said anything about surveillance suspenders."
646,4703,3,20,154,177,1.1468926553672316,0.030076938108331324,638,Think of them as techno-suspenders!
2071,4707,3,15,125,143,1.1468531468531469,0.034318859233490664,638,These are very high tech spy suspenders.
5341,4707,3,15,125,143,1.1468531468531469,0.034318859233490664,638,Amazon’s Double-drones? Everyone downtown’s got ‘em. You’re definitely gonna want to switch!
3597,4707,3,15,125,143,1.1468531468531469,0.034318859233490664,638,I'm the new Uber-plus service.
5091,4710,4,19,161,184,1.1467391304347827,0.03036076513499731,638,You know what they say...two spies are better than one.
641,4711,5,12,133,150,1.1466666666666667,0.03588032141130668,638,And these are just the ones I know about...
2186,4712,2,19,136,157,1.1464968152866242,0.031061684432245454,638,Apple and Facebook got together on this one.  It's called the iBelt-Selfie.
2811,4712,3,17,137,157,1.1464968152866242,0.03234945991970355,638,Welcome to the Drone Zone!
4524,4712,4,15,138,157,1.1464968152866242,0.03358789773749786,638,My wife calls it the iCan'tDressMyself.
118,4712,4,15,138,157,1.1464968152866242,0.03358789773749786,638,I picked these up on QVC
2638,4716,3,18,143,164,1.146341463414634,0.03147800920517692,638,It's a lot safer than those opioids!
3537,4716,4,16,144,164,1.146341463414634,0.03264478155246928,638,"They keep my pants up and video anyone who tries to rob me.  Of course I have to take them off if I move, but I’m working on that."
279,4718,6,13,152,171,1.1461988304093567,0.03386827172102702,638,"So, how do they work?"
1063,4718,4,17,150,171,1.1461988304093567,0.031772014889844685,638,Please get me a tighter belt before these batteries run out!
2276,4720,2,16,119,137,1.145985401459854,0.033636327559783415,638,"Yeah, my drone suspenders are way cool. The only drawback is  they’re for outdoor use only."
1924,4721,4,13,127,144,1.1458333333333333,0.03549071855205391,638,My latest venture's called Beltly.
2370,4721,3,22,167,192,1.1458333333333333,0.028562045278355656,638,"Flashier than a belt or braces, eh?"
4589,4721,3,15,126,144,1.1458333333333333,0.034094955729785104,638,My devoted followers deserve me 24-7.
4866,4721,2,17,125,144,1.1458333333333333,0.032639560491693344,638,Elon Musk just challenged me to a race across the English Channel.
322,4725,4,14,133,151,1.1456953642384107,0.03439460786501072,638,It's easy to hail a cab wth a sunroof.
4008,4726,2,19,137,158,1.1455696202531647,0.030878389120956445,638,I was pants-ed a lot as a kid
1174,4726,3,17,138,158,1.1455696202531647,0.032157434129430305,638,I kmow; I can't believe I'm here either!
670,4726,3,17,138,158,1.1455696202531647,0.032157434129430305,638,"Twice a day, I take them out for a see."
5129,4726,2,19,137,158,1.1455696202531647,0.030878389120956445,638,Us Angels have gone hi-tech.
5044,4730,2,20,143,165,1.1454545454545455,0.03009537126142989,638,Desperate times call for desperate measures.
3295,4730,7,10,148,165,1.1454545454545455,0.03571107001197605,638,I ran into Maurice yesterday...
2247,4730,1,22,142,165,1.1454545454545455,0.028841316567658787,638,Psssst ... I've got an upgrade​ to your suspenders you'll die for.
655,4733,3,19,150,172,1.1453488372093024,0.03050321367993436,638,I traded him my bikes for these.
4995,4733,2,21,149,172,1.1453488372093024,0.029367440964431727,638,Let me tell you about the perks of this security position.
2021,4733,6,13,153,172,1.1453488372093024,0.03368151440800711,638,These are my suspenders.
2104,4736,3,20,156,179,1.1452513966480447,0.029762447258442782,638,I'm a belt-and-suspenders kind of guy.
1409,4737,5,17,164,186,1.1451612903225807,0.03100592192562133,638,I'm very litigious.  I document everything!
4431,4737,1,25,160,186,1.1451612903225807,0.02699771544754343,638,You have seen then advertised. They are called 'dronependers'.  They are credited with a side effect of instant weight-loss.
3089,4739,6,10,136,152,1.144736842105263,0.0366417647084817,638,"People keep telling me that I drone on and on, so I decided to go high tech. and provide personal delivery services."
1111,4739,3,16,133,152,1.144736842105263,0.03288166348787278,638,"ok I can see your not quite convinced ,will ya buy one if  I can hover
60 seconds at 1000 feet?"
4695,4739,3,16,133,152,1.144736842105263,0.03288166348787278,638,Testing out the sky's the limit two-fer Tuesday. You in?
2507,4739,4,14,134,152,1.144736842105263,0.034181020603112226,638,These are the most versatile Christmas gifts ever!
1227,4743,3,17,139,159,1.1446540880503144,0.03196765888622657,638,It's cheaper than buying a plane ticket and the scenery is better
1752,4743,2,19,138,159,1.1446540880503144,0.030697226564726208,638,They are there to hold up my pants!
5138,4743,1,21,137,159,1.1446540880503144,0.029371895118737647,638,Can you help me brainstorm for a logo?
5125,4746,2,20,144,166,1.144578313253012,0.02992635507497198,638,You are droning on!
787,4746,4,16,146,166,1.144578313253012,0.03227422235049001,638,"I'm changing my name to ""George Jetson."""
4608,4746,2,20,144,166,1.144578313253012,0.02992635507497198,638,That thing you haven't thought of yet—if ordered within the next thirty-six minutes—qualifies for free one-day shipping.
5298,4749,1,17,114,132,1.143939393939394,0.032500423950642836,638,And then the contractor tells me they don't make T-shaped doors.
2296,4750,2,16,121,139,1.143884892086331,0.03318361394267345,638,"...and, they will totally replace suspenders!"
210,4751,3,15,128,146,1.143835616438356,0.03365574422387431,638,"It's the future of ""peep shows"""
781,4752,3,16,134,153,1.1437908496732025,0.0326797385620915,638,Can I borrow you for my fourth shadow?
5383,4752,2,18,133,153,1.1437908496732025,0.03133633674316681,638,"Sir, the future of blood donation is here!"
5105,4752,2,18,133,153,1.1437908496732025,0.03133633674316681,638,You should see me when I fly to the White House!
1088,4752,4,14,135,153,1.1437908496732025,0.03397005482027008,638,It's the only strategy I have in case I meet the police.
2048,4752,4,14,135,153,1.1437908496732025,0.03397005482027008,638,"Actually, the correct term is quad-copter."
2872,4757,3,17,140,160,1.14375,0.03178009518056128,638,"You wear these wherever you go, see, and when a big crowd of protesters gather these little guys lift you above it all."
4676,4757,4,15,141,160,1.14375,0.03299379944605944,638,Are you droning?
4522,4757,3,17,140,160,1.14375,0.03178009518056128,638,"None of this ""Doc Ock"" stuff.  I prefer Doctor Octocopter."
2650,4757,5,13,142,160,1.14375,0.03416441356277099,638,I just want to see for myself.
1632,4757,4,15,141,160,1.14375,0.03299379944605944,638,"Dude it's so easy, just download the app and you can start getting paid to get wedgies from masochistic Amazon drones too."
1661,4757,2,19,139,160,1.14375,0.03051816012613271,638,It's part of my new health insurance plan.
2639,4757,2,19,139,160,1.14375,0.03051816012613271,638,They beat suspenders!
1331,4764,2,20,145,167,1.1437125748502994,0.029759211036206396,638,"Suspended drones are the future, man."
2411,4764,2,20,145,167,1.1437125748502994,0.029759211036206396,638,The new FAA regulations can't impact the fun!
3691,4764,3,18,146,167,1.1437125748502994,0.030947625246376967,638,Hey Buddy! Can you spare a parachute?
37,4767,3,19,152,174,1.1436781609195403,0.03017458885889777,638,Spare any change for the bus?.. this thing is just another financial disappointment!
1031,4767,5,15,154,174,1.1436781609195403,0.032301506913982744,638,I don't like the way the cut into my shoulders
1451,4767,2,21,151,174,1.1436781609195403,0.029052797537384222,638,No more traffic issues.
2780,4767,3,19,152,174,1.1436781609195403,0.03017458885889777,638,It’s amazing. Just 9.95 per drone.
5317,4771,1,24,156,181,1.143646408839779,0.027290804497742474,638,The trick is superglue
4239,4772,3,18,147,168,1.1428571428571428,0.030774752980239267,638,you're under arrest for littering
5146,4772,4,15,142,161,1.1428571428571428,0.03280038305660713,638,"Believe me, if anything happens to my ears....I will know about it."
4009,4772,2,18,134,154,1.1428571428571428,0.031146187627034697,638,They actually hold your pants up and guide your feet through sensors so you don’t trip
4444,4772,5,13,143,161,1.1428571428571428,0.03396328724097471,638,"Don’t worry. As long as you don’t call the cops on me for no reason, you’ll be fine."
5178,4772,2,17,128,147,1.1428571428571428,0.032016676299564326,638,"Come on, man.  I need a running start."
2480,4772,4,15,142,161,1.1428571428571428,0.03280038305660713,638,MoviePass' newest business model: MoviePants.
5255,4772,3,15,129,147,1.1428571428571428,0.03344032777032302,638,I asked for self-fulfillment
5326,4772,3,14,123,140,1.1428571428571428,0.034485543050517,638,It's a form of immigration politicians approve.
3969,4772,6,11,144,161,1.1428571428571428,0.03508767065175102,638,They're called  Drone Ups from the company Space Braces.
5328,4772,0,21,126,147,1.1428571428571428,0.02896017335997797,638,New job. I deliver with a song and enjoy great views.
5182,4772,2,20,146,168,1.1428571428571428,0.02959390852126555,638,Let's shake hands on the deal.  It looks like you don't trust me.
3647,4772,2,22,158,182,1.1428571428571428,0.028247818237743413,638,It's because my subway line shut down.
705,4772,4,17,154,175,1.1428571428571428,0.031087868176128377,638,"I don't know what, but something's been bugging me lately."
3019,4772,2,20,146,168,1.1428571428571428,0.02959390852126555,638,I heard this is trending.
2188,4772,3,17,141,161,1.1428571428571428,0.031594704890335105,638,"Hi, I tied drones to my balls!"
1676,4772,1,23,151,175,1.1428571428571428,0.027738262612517137,638,'No they are not alien spacecraft extracting DNA.'
1612,4772,1,19,127,147,1.1428571428571428,0.03052670308362059,638,"actually, you nincompoop, these ""wires"" are my patellar tendons. walking is so 2015."
1042,4772,2,19,140,161,1.1428571428571428,0.030341153991807396,638,It's all about training.
996,4772,3,18,147,168,1.1428571428571428,0.030774752980239267,638,Airhead
556,4772,4,17,154,175,1.1428571428571428,0.031087868176128377,638,I'm planning to cross water.
3063,4772,1,21,139,161,1.1428571428571428,0.02903353016775216,638,"Get up-to-date, man"
1518,4793,0,26,157,183,1.1420765027322404,0.02587913263739387,638,Did you hear the new generation of kids are stealing people's pants with drones.
4160,4794,1,23,152,176,1.1420454545454546,0.02759214999669974,638,"You're wearing suspenders and a belt, I no longer 
need the damn belt, you should try it!"
4015,4794,3,19,154,176,1.1420454545454546,0.02985292064958649,638,Bzzzzzzzzzzzzzzzzzzzzzzzzzzz
3928,4794,6,13,157,176,1.1420454545454546,0.03295454545454545,638,It's Trump's new executive order to protect jobs.
619,4794,3,19,154,176,1.1420454545454546,0.02985292064958649,638,Take me to your leader in high tech surveillance.
4102,4798,6,12,151,169,1.1420118343195267,0.03388095321019625,638,"Thanks to your investment, these drone suspenders will make us rich!"
5222,4798,2,20,147,169,1.1420118343195267,0.029430417562324257,638,Can you even update your apps?
4311,4800,2,19,141,162,1.1419753086419753,0.030166173149757215,638,I'm ready for the future. Are you?
447,4800,4,15,143,162,1.1419753086419753,0.032609208434185966,638,The FAA won’t let me wear my new spats with them.
1715,4800,2,19,141,162,1.1419753086419753,0.030166173149757215,638,i just downloaded lyft 2.0
2545,4800,3,17,142,162,1.1419753086419753,0.03141145075609624,638,"Easy come, easy go."
3872,4800,2,19,141,162,1.1419753086419753,0.030166173149757215,638,Flying is just one of my superman powers.
3151,4805,1,20,134,155,1.1419354838709677,0.029574145001499175,638,No suspenders. No belt. No sweat.
2924,4805,3,16,136,155,1.1419354838709677,0.03228319088461435,638,Guaranteed never to chafe the shoulders!
5114,4805,2,18,135,155,1.1419354838709677,0.030958314442667462,638,Your new suspenders look great! - I lied.
2214,4805,2,18,135,155,1.1419354838709677,0.030958314442667462,638,"I put on my pants two legs at a time, just like everyone else, present company excepted."
3822,4805,4,14,137,155,1.1419354838709677,0.033555798221079784,638,But make sure you ask for the Kavanaugh 1100.
209,4805,4,14,137,155,1.1419354838709677,0.033555798221079784,638,The wife says it's the latest in personal security...
399,4805,5,12,138,155,1.1419354838709677,0.03478187422804003,638,"I know, but the snapping has stopped completely."
1068,4812,3,15,130,148,1.1418918918918919,0.033227634127526065,638,I’m a dancer -  light on my feet.
3705,4812,2,17,129,148,1.1418918918918919,0.03181425790986645,638,I’m the Larry King of the 21st Century.
5036,4812,1,19,128,148,1.1418918918918919,0.03033510084041695,638,"Drone me up Scotty"""
3943,4815,3,14,124,141,1.1418439716312057,0.034255077916842507,638,Its my leap frog improvement on suspenders.
310,4816,1,25,165,191,1.1413612565445026,0.02634282643600716,638,"No fairy dust need here, my friend."
4965,4817,4,17,156,177,1.1412429378531073,0.03075666136945016,638,"Everyone says they are just drones, but I find them fascinating."
3952,4817,3,19,155,177,1.1412429378531073,0.029694627177441573,638,"Hey Man, drones are the new belt and suspenders!"
5107,4817,4,17,156,177,1.1412429378531073,0.03075666136945016,638,"I’m not from you’re planet, take me to your leader."
1400,4817,2,21,154,177,1.1412429378531073,0.028593173098127384,638,"Yes I’m a drone of sorts, but the difference being, unlike others, I’m still very much a meet and greet device..."
864,4817,4,17,156,177,1.1412429378531073,0.03075666136945016,638,"I used to need three of these things to get me up in the air, but then I went on a diet."
2229,4822,3,18,149,170,1.1411764705882352,0.030434699947149757,638,I can balance a six pack of Diet Pepsi on each hip.
4188,4822,2,20,148,170,1.1411764705882352,0.029268708830400423,638,"Oh, it’s not so hard — just look like you’re part of the caravan."
5416,4822,1,22,147,170,1.1411764705882352,0.028054298642533945,638,Look at you. You're so mid-century.
1003,4825,2,19,142,163,1.1411042944785277,0.02999318336741649,638,I'm writing my biography and I don't want to forget anything.
2884,4825,2,19,142,163,1.1411042944785277,0.02999318336741649,638,RC suspenders are becoming a thing.
4363,4827,3,16,137,156,1.141025641025641,0.03208848130791327,638,"Hi, I'm Bixby."
4982,4828,2,17,130,149,1.1409395973154361,0.03161436391039247,638,"With a catchy name like 'Suspendz"", how can my new App fail?"""
3368,4828,2,17,130,149,1.1409395973154361,0.03161436391039247,638,"I'm telling you Greg, this is cheaper and easier than buying a drone."
409,4830,3,13,119,135,1.1407407407407408,0.03513059102800735,638,I think daily status updates aren’t nearly enough for my social media feeds.
3372,4830,1,17,117,135,1.1407407407407408,0.031828317375413105,638,"It's not just derivative of  ""Lawn Chair Larry"" if I can provide POV."
2210,4832,5,15,158,178,1.1404494382022472,0.031614125498378526,638,... because it's 2018!
568,4833,3,17,144,164,1.1402439024390243,0.031051206087969012,638,"Nice to meet you, I'm @Derek"
888,4833,2,19,143,164,1.1402439024390243,0.029822151170401632,638,"No, your Amazon order said ""casual Don Draper"" not ""casual damn draperies""."
1377,4833,4,15,145,164,1.1402439024390243,0.03223343138117256,638,"Help sir, these drones are beginning to undress me!"
3781,4833,4,15,145,164,1.1402439024390243,0.03223343138117256,638,Pleated pants? That's so last year!
4186,4833,4,15,145,164,1.1402439024390243,0.03223343138117256,638,My Facebook Live followers would like to approve you before we can date.
2025,4838,3,16,138,157,1.1401273885350318,0.03189609171731463,638,Excuse me if I tend to go on & on in a dull monotone about my new suspenders.
4264,4838,2,18,137,157,1.1401273885350318,0.030589235843859194,638,‘I’m calling it Chatroulette 3.oh’
3468,4838,5,12,140,157,1.1401273885350318,0.03436101426756145,638,It seems like everything I talk about eventually shows up as an advertisement.
433,4841,1,19,130,150,1.14,0.0299589577570406,638,"Forget about those annoying little hoverboards, this is the future!"
2837,4841,4,13,133,150,1.14,0.03414667664249436,638,Real drones for sale!
1140,4843,4,12,127,143,1.1398601398601398,0.035229962548154255,638,Belts? suspenders?  That is positively archaic
3096,4844,6,14,166,186,1.1397849462365592,0.03160236426961614,638,These will keep your pants up.
5224,4845,4,16,152,172,1.1395348837209303,0.03121108363754431,638,Lastly it's patented.  Does that reassure your 5-year investment?
4614,4845,3,18,151,172,1.1395348837209303,0.030102031257465568,638,I could drone on about the future of pick pocketing.
4338,4847,1,21,143,165,1.1393939393939394,0.028379449922412533,638,"It’s this great, new subscription service..."
5230,4847,6,11,148,165,1.1393939393939394,0.03427743175816525,638,"Jim, looks like you got the job. I’m your trainer, Dave. No time to talk we gotta 5-hour-energy needs to go over to Lexington. Take my hand."
4091,4847,4,15,146,165,1.1393939393939394,0.032048754545549715,638,"Sorry to keep droning on, but I’m really bummed about the elections."
3279,4847,5,13,147,165,1.1393939393939394,0.0331818097446219,638,"I can't get in to see the doctor for a month but I am flying by NOW and documenting it, to prove I lost the weight."
4924,4851,3,16,139,158,1.139240506329114,0.031705981198536855,638,High tech spiderman
1839,4851,2,18,138,158,1.139240506329114,0.030407952720933468,638,They're watching everything.
2353,4851,4,14,140,158,1.139240506329114,0.032952919428260376,638,You drone on.....I drone out
3222,4851,2,18,138,158,1.139240506329114,0.030407952720933468,638,"Hi, I'm Dan.  I hope to make you as uncomfortable as possible by live streaming your every move, mood and murmur.  There is no recourse of course since I have anonymized the source.  Do a little dance to jazz up my intro.  Now."
2269,4855,1,19,131,151,1.1390728476821192,0.029774331655783425,638,I eliminated the sunk cost of our drone delivery startup!
4418,4856,3,19,158,180,1.1388888888888888,0.029229595735247336,638,They’re energy efficient!
1727,4856,4,12,128,144,1.1388888888888888,0.03499793410363044,638,"Better run. Apparently,​ Bezos hates suspenders."
398,4856,6,8,130,144,1.1388888888888888,0.037671017848901464,638,This may you won't have to listen to me drone on about my loose fitting trousers
3511,4856,4,17,159,180,1.1388888888888888,0.030272801543246332,638,"Name's Edo, I'm included in the condos fees."
4761,4860,4,16,153,173,1.138728323699422,0.031040628896080887,638,some experiments can get you a lifetime ban from the petting zoo.
1229,4860,2,20,151,173,1.138728323699422,0.028793991942987582,638,Suspenders are too grounded for me.
2917,4860,4,16,153,173,1.138728323699422,0.031040628896080887,638,Just remember not to listen to any House of Pain songs when you're wearing these.
4452,4860,2,20,151,173,1.138728323699422,0.028793991942987582,638,"My eyes, my ears, my everything!"
5278,4860,2,20,151,173,1.138728323699422,0.028793991942987582,638,Have you ever pictured a Picasso portrait of you?
4193,4865,1,21,144,166,1.1385542168674698,0.02822046738727659,638,They were great for avoiding I.E.Ds in Iraq
637,4865,3,17,146,166,1.1385542168674698,0.030699079461962847,638,Quaint landlines.
1830,4865,2,19,145,166,1.1385542168674698,0.029485829302974085,638,They're not taking them; I'm returning them.
4692,4868,2,14,114,130,1.1384615384615384,0.034106442092802856,638,"They're programmed to identify other life forms - and confirm we're not alone.  Of course, a refund requires a DNA test."
169,4869,3,16,140,159,1.1383647798742138,0.03151810978529383,638,"I Believe I Can Fly
I Believe I Can Touch The Sky"
571,4869,1,20,138,159,1.1383647798742138,0.028881971065663422,638,Just dropped m to say hello.
4741,4869,4,14,141,159,1.1383647798742138,0.032756720536980546,638,The millennials call this a drone suspension
260,4869,4,14,141,159,1.1383647798742138,0.032756720536980546,638,These drones use iron straws to suck the marrow from my bones and in return Peter Thiel lets me sit in on his monthly webinars. I get his libertarian tech tips and he gets the femur of a healthy 25-year-old!
4250,4873,4,13,135,152,1.138157894736842,0.03372089078801223,638,You gotta better idea for doing 30 blocks in five minutes to make the play? Now go get yours!
4326,4874,2,21,158,181,1.138121546961326,0.02800232458010787,638,"Elastic, shmelastic."
4219,4874,3,19,159,181,1.138121546961326,0.02907778423633319,638,They're even altitude tested!
478,4876,0,20,125,145,1.1379310344827587,0.028735632183908046,638,I feel very safe and secure knowing who is within a mile of me  in any direction.
1355,4876,3,18,153,174,1.1379310344827587,0.0297765107827102,638,Our parents gave me up for adoption before you were born.
2936,4876,3,18,153,174,1.1379310344827587,0.0297765107827102,638,I figure it doubles my chance at deliverance.
1655,4876,5,14,155,174,1.1379310344827587,0.03192995663171835,638,"They only look like suspender holders, but they've become my transportation of choice."
246,4880,1,17,120,138,1.1376811594202898,0.03118321317353309,638,"Waiting for a bus, has gone the way of the horse-and-carriage."
5223,4881,3,16,141,160,1.1375,0.031332438432289424,638,"I call it Suspendly!  It's like your *cough* regular suspenders there... but BETTER!  And, it's only $9.99 per month!"
1972,4881,1,20,139,160,1.1375,0.028713916377093036,638,Doing wonders for my venetian blind business.
5068,4881,1,20,139,160,1.1375,0.028713916377093036,638,The Traffic up there was pusher prop to pusher prop.
1418,4881,3,16,141,160,1.1375,0.031332438432289424,638,"Next, you carefully remove the belt..."
2616,4885,3,19,160,182,1.1373626373626373,0.028927531494722845,638,"Actually, I'm very interesting -- not a drone."
1603,4886,3,15,135,153,1.1372549019607843,0.03220326888881306,638,"Are you kidding?  I can fly, get 3D porno and no-hands masturbate all at the same time!"
1884,4886,5,11,137,153,1.1372549019607843,0.034771384084275436,638,"Bro, it's awesome. My shirts don't get creased, and I can take dick pics without getting off my phone."
1937,4886,2,17,134,153,1.1372549019607843,0.03083911826106076,638,"Don't worry, they don't attack."
2327,4886,2,17,134,153,1.1372549019607843,0.03083911826106076,638,Keep your spouse safe from crime and affairs!
2759,4890,4,16,155,175,1.1371428571428572,0.03070521498930257,638,Get out your Iphone and record the world's first drone-jacking.
1056,4890,3,18,154,175,1.1371428571428572,0.029616360048923998,638,But my friends all call me Big Bro.
4711,4890,2,20,153,175,1.1371428571428572,0.028485914722116815,638,They’re my belt and suspenders.
1135,4893,2,19,147,168,1.1369047619047619,0.029156954150628175,638,It’s my early warning system. What’s yours?
3918,4893,1,21,146,168,1.1369047619047619,0.027907740430069244,638,"A duo of drones you must have at your side ,
Your boss and his friends will have no place to hide ."
3802,4893,5,13,150,168,1.1369047619047619,0.03261879785692553,638,Anti-retro.
49,4893,6,11,151,168,1.1369047619047619,0.033693797249058785,638,"I feel real, I'm techno free!"
79,4893,3,17,148,168,1.1369047619047619,0.03035480151098909,638,"It's definitely not bad for your sperm count."""
281,4898,2,18,141,161,1.1366459627329193,0.029876680297789046,638,You don't get it... your white.
392,4898,3,16,142,161,1.1366459627329193,0.031148928989117607,638,"I live by one simple rule : they'll never pants me again. Also, celibacy."
984,4900,1,19,134,154,1.1363636363636365,0.02923374449465312,638,I am _so_ far past belt or braces.
4613,4900,6,15,177,198,1.1363636363636365,0.030090781060136178,638,They’re made by Jack LaLanne”
4143,4902,4,15,150,169,1.136094674556213,0.03133062857691757,638,Plain old suspenders just aren't in right now.
874,4902,4,15,150,169,1.136094674556213,0.03133062857691757,638,My shoulders have been disrupted.
2205,4902,3,17,149,169,1.136094674556213,0.030185524823830346,638,"Much cooler than suspenders, huh?"
2246,4905,3,14,130,147,1.1360544217687074,0.03293413337570795,638,"On weekends, I clothespin baseball cards on the propellers and play in a reggae band."
1904,4905,0,20,127,147,1.1360544217687074,0.028374165377368563,638,"After a while, they start to drone on you."
3870,4907,3,16,143,162,1.1358024691358024,0.030967544175033713,638,Would you like to join I-Fly?
5362,4908,3,18,156,177,1.1355932203389831,0.029301140609763663,638,We'll finally have a street view of Mars!
4940,4908,1,22,154,177,1.1355932203389831,0.027021365070210444,638,"I love those slow drone videos on my Apple TV so much, I thought I’d give it a try myself!"
2617,4908,2,20,155,177,1.1355932203389831,0.02818431311288897,638,I'm trying to get over it.
4190,4911,3,15,137,155,1.135483870967742,0.031810893043096186,638,"First, I went on a diet, then I gave up smoking."
765,4911,2,17,136,155,1.135483870967742,0.030465484332895996,638,Perfect for cross-eyed viewers!
5297,4911,2,17,136,155,1.135483870967742,0.030465484332895996,638,I never miss a teacher's conference anymore.
1929,4914,1,21,148,170,1.1352941176470588,0.027601809954751123,638,"Drone Belts are all the rage, I tell you!"
2424,4915,3,15,138,156,1.1346153846153846,0.031618249252890404,638,"Hi, I'm Bob, just your local government spy."
4183,4915,3,15,138,156,1.1346153846153846,0.031618249252890404,638,Keep calm and drone on and on and on and on and on.....
3011,4915,2,17,137,156,1.1346153846153846,0.03028201941547347,638,I've worn my ghost tie every year for halloween.  Thought it was time for something spookier...like these Phantom suspenders.
80,4915,3,15,138,156,1.1346153846153846,0.031618249252890404,638,It's the new breakthrough in suspenders.
127,4915,2,17,137,156,1.1346153846153846,0.03028201941547347,638,But the salesman goes on and on and on...
1074,4915,2,17,137,156,1.1346153846153846,0.03028201941547347,638,"Well, you've heard of belt and suspenders..."
2523,4915,1,19,136,156,1.1346153846153846,0.028884039086324472,638,"Sorry, I can only come to your party with same-day notice if you're a Steve Prime subscriber."
3161,4922,3,17,151,171,1.1345029239766082,0.029852540212793453,638,"This, this is my stance on suspending our drone operation."
1,4923,3,19,164,186,1.1344086021505377,0.02834164106089999,638,Don't you believe I can fly?
2282,4924,1,16,117,134,1.1343283582089552,0.0314092107945762,638,This couldn’t work if I wasn’t on a no carb diet.
4776,4925,4,12,133,149,1.1342281879194631,0.0338819748633784,638,The Energizer Bunny can't save you from up there.
675,4926,4,16,159,179,1.1340782122905029,0.030055564900944815,638,So who do you plan to vote for?
4286,4927,5,13,154,172,1.1337209302325582,0.031897054616083186,638,"'GIVE ME ENOUGH MONEY TO BUY ONE MORE AND WE CAN BOTH FLY OUT OF HERE!"""
673,4927,3,17,152,172,1.1337209302325582,0.0296887719714489,638,Hi I’m Dr. One.
3726,4929,4,17,166,187,1.1336898395721926,0.02920060529554319,638,"You've got to admit, two phones, $40 a line and two drones at the same time sound a lot alike"
3551,4930,3,16,146,165,1.1333333333333333,0.030435777238188504,638,You should try it--beats wading through traffic with an Ubet!
3580,4930,3,18,159,180,1.1333333333333333,0.02884062243039432,638,It's what all the cool kids are wearing.
3585,4930,5,12,148,165,1.1333333333333333,0.0327743222066821,638,I broke my collarbone.So now I use suspend-a-drones.
3968,4930,2,18,145,165,1.1333333333333333,0.02919634747849879,638,You can't imagine what I get to see. But I AM afraid of heights.
4497,4930,2,14,119,135,1.1333333333333333,0.03291612874006791,638,They've got my back.
1447,4930,2,16,132,150,1.1333333333333333,0.030895170472719592,638,My bank is giving them away as part of their anti-privacy program and double authentication policy.  Makes good sense.  Right?
4545,4930,2,16,132,150,1.1333333333333333,0.030895170472719592,638,THIS DRONE IS FOR SPLIT PERSONALITY USERS
565,4937,5,15,168,188,1.1329787234042554,0.03001665062773756,638,"All I'm saying is, “don’t drop bombs, drop trou."""
3456,4938,2,19,152,173,1.1329479768786128,0.028365779375300423,638,They work better on fat people.
4979,4938,1,21,151,173,1.1329479768786128,0.02715518559027962,638,...It's a bird! ...It's a plane!...It's Superdrone!
335,4940,1,17,125,143,1.132867132867133,0.030163810031416292,638,"Look Josh, getting ahead is all about having two drones to pick yourself up by the straps."
2532,4940,1,17,125,143,1.132867132867133,0.030163810031416292,638,It's a practice run for the November 6th outcome. I might want out quick!!
895,4942,2,18,146,166,1.1325301204819278,0.029031046410554526,638,Don't worry. Their whirring noise is greater than their slice.
978,4942,3,16,147,166,1.1325301204819278,0.0302625346892747,638,"It's about the same cost as the gym. Even better, I'm not watching TV."
5167,4944,4,12,135,151,1.1324503311258278,0.03345518129884791,638,"It's like I ""float like a butterfly and sting like a bee""."
4799,4944,1,18,132,151,1.1324503311258278,0.029229240385051532,638,"Man, this guy sure can drone on."
541,4944,1,18,132,151,1.1324503311258278,0.029229240385051532,638,They came with a double holster set and lifetime batteries.
2820,4947,2,19,153,174,1.132183908045977,0.02821263483675971,638,"Lucky for me, “Amazon Drone Services”
has not perfected
dog food delivery."
2766,4947,4,15,155,174,1.132183908045977,0.03047678297561777,638,Wanna get a buzz on
2533,4949,3,15,141,159,1.1320754716981132,0.031053994476998522,638,"Whenever I feel like I want to drone, I'm ready for it!"
31,4949,0,21,138,159,1.1320754716981132,0.026935405793814034,638,"Don't worry, they won't bite."
4178,4949,5,11,143,159,1.1320754716981132,0.03351974887700489,638,"As my skin is slightly darker than is legally allowed for most ""pure"" Americans, these DNA testbots are taking a mandatory sample of my seed. I might be able to keep my life, but the government also might force me to have a vasectomy. Hail Trump!!!!"
4680,4952,4,11,129,144,1.1319444444444444,0.03448833425756985,638,These may let me get rid of the belt
1328,4952,2,15,127,144,1.1319444444444444,0.03154671148648733,638,'I'm suspending my security!
3972,4952,3,13,128,144,1.1319444444444444,0.033050266303568096,638,Helicopter rides!  Only fifty dollars
5404,4955,5,14,163,182,1.1318681318681318,0.030594837845984355,638,Our deluxe model offers a shave and a haircut.
360,4955,3,18,161,182,1.1318681318681318,0.028541523558350906,638,What do you think of my new deep-learning suspenders?
3439,4957,2,18,147,167,1.1317365269461077,0.028867594520319294,638,Remember the Seinfeld episode when Kramer had the TV  Studio in his living room?  Think Portable.
1787,4957,4,14,149,167,1.1317365269461077,0.03126703930939112,638,"I have no clue, the cop told me to stand here in front of the church."
3600,4959,3,14,135,152,1.131578947368421,0.03190835512957805,638,"That's why I pity your generation, you don't get to watch the Infomercial channel anymore."
4559,4960,4,15,156,175,1.1314285714285715,0.03031154210526804,638,I need you to step into traffic for just a minute or two.
2452,4960,3,17,155,175,1.1314285714285715,0.029208014992594882,638,No panic...I’m your hybrid AI-Human who’s got lost!
780,4960,4,15,156,175,1.1314285714285715,0.03031154210526804,638,What'd I do?
4785,4963,6,14,178,198,1.1313131313131313,0.029777180431266558,638,I just had to get a pair like yours.
3477,4964,2,17,141,160,1.13125,0.02956959996581565,638,It is difficult to go potty.
2041,4964,3,15,142,160,1.13125,0.03087033518346736,638,Likewise... you unzip your zipper
1702,4966,2,20,161,183,1.1311475409836065,0.027316398787520162,638,Are they at least smart-enabled?
2948,4966,3,18,162,183,1.1311475409836065,0.028394275533916026,638,They're droning pigeons.
4955,4968,1,20,147,168,1.130952380952381,0.027436220735803696,638,My wife says these suspenders are unmanly
277,4968,1,20,147,168,1.130952380952381,0.027436220735803696,638,"Yup, everything is going high tech."
1509,4968,3,16,149,168,1.130952380952381,0.029921868376208874,638,Not only are these suspenders over-engineered—freshly charged they're prone to giving wedgies.
823,4968,2,18,148,168,1.130952380952381,0.028705961187416397,638,They’re the best suspenders you’ll ever wear.
608,4968,2,18,148,168,1.130952380952381,0.028705961187416397,638,"Driverless, above traffic, can even hover, newest Uber!"
164,4973,4,17,170,191,1.130890052356021,0.028621179432848205,638,"It involves using drone technology as a suspender installation-removal device, but we're clearly now there yet."
999,4974,2,19,155,176,1.1306818181818181,0.027911221840050043,638,"The patent office demands multiple subject testing...hey, your suspenders are perfect!"""
1320,4974,1,21,154,176,1.1306818181818181,0.0267226727643292,638,I prefer not to wear a belt.
2068,4976,2,17,142,161,1.1304347826086956,0.029396669729687543,638,I can deliver your donation by tomorrow.
682,4977,4,14,151,169,1.1301775147928994,0.03091545763985811,638,Don’t just drone on.
2418,4977,2,18,149,169,1.1301775147928994,0.028546116457628515,638,These are from NASA Outreach. Interested?
1918,4977,5,12,152,169,1.1301775147928994,0.0320344798493209,638,"its a new Amazon feature, rent a shrink"
5007,4980,3,13,130,146,1.13013698630137,0.032620835473002985,638,"Don't worry about being late, Dave. You're fired."
1359,4981,4,15,158,177,1.1299435028248588,0.029986353810322372,638,I’m marketing them as modern suspenders.
1916,4982,3,14,137,154,1.12987012987013,0.03151562722632258,638,"As you can see, this model has many uses."
1469,4982,2,16,136,154,1.12987012987013,0.030138883881871126,638,This conversation starter definitely beats a snazzy belt buckle.
4305,4982,4,12,138,154,1.12987012987013,0.0328346950235896,638,Perplexed! They don’t call me a stable genius for nothing.....
4657,4985,3,15,144,162,1.1296296296296295,0.03050942485362644,638,The new belt and suspenders.
3328,4985,2,17,143,162,1.1296296296296295,0.02922573812237345,638,"Everyone who is anyone, are wearing these latest new pants 'aero i-suspenders.'"
1995,4985,4,13,145,162,1.1296296296296295,0.031741238806962224,638,I get so tired of you droning on!
3285,4988,4,14,152,170,1.1294117647058823,0.030742602265091457,638,Hey man. It's the new hip and uplifting fashion in suspenders!
4209,4989,1,17,129,147,1.129251700680272,0.029394708862287292,638,It’s an attempt to stabilize the economy by stabilizing day traders.
3403,4990,2,19,157,178,1.1292134831460674,0.02761614088657507,638,"Somewhere in South Carolina: “I always said, you can’t win if you don’t play....”"
2645,4990,3,17,158,178,1.1292134831460674,0.028742498317578025,638,"Wow, you have taken the concept of a selfie to a whole new level."
159,4990,3,17,158,178,1.1292134831460674,0.028742498317578025,638,"Have you seen the technology these days, they keep pants up, belts are a thing of the past. They are just used now for discipline on misbehaving children."
4597,4993,4,12,139,155,1.1290322580645162,0.03263292871950513,638,Wanna go to San Diego?
2934,4993,2,16,137,155,1.1290322580645162,0.02995552829928984,638,Am I the only one who can't stand how Fitz drones on & on about his uplifting briefs?
2307,4995,4,13,146,163,1.1288343558282208,0.031555929104574526,638,Check out my new drone assisted braces!
812,4995,4,13,146,163,1.1288343558282208,0.031555929104574526,638,"It gives new meaning to ""pocket change."""
2896,4997,1,20,150,171,1.128654970760234,0.026985701627045326,638,I know - I'm an airhead who does have a tendency to drone on and on.
202,4998,2,14,124,140,1.1285714285714286,0.03180564233210799,638,"The drones em-brace me more than the wife does!"""
1102,4999,0,19,129,148,1.1283783783783783,0.02758997283389276,638,They keep the pants from slipping
272,5000,3,14,139,156,1.1282051282051282,0.03113240317642026,638,"Hey Grampa, nice shoulder wrinkles."
2262,5000,4,12,140,156,1.1282051282051282,0.03243361702736799,638,I'm practising for my audition with the circus as a high-suspender bungee act
4533,5000,2,16,138,156,1.1282051282051282,0.029774377266374354,638,"Like I've always said, belt and suspenders."
4591,5000,1,18,137,156,1.1282051282051282,0.028351376609639215,638,"I build bridges, not walls."
2708,5004,2,17,145,164,1.1280487804878048,0.028889734755945664,638,When will he stop talking?
302,5004,2,17,145,164,1.1280487804878048,0.028889734755945664,638,It helps my arthritis.
1333,5004,2,17,145,164,1.1280487804878048,0.028889734755945664,638,21st Century suspenders.
4569,5004,1,19,144,164,1.1280487804878048,0.0275644712479971,638,They’re my assistants.
3287,5008,6,10,156,172,1.127906976744186,0.032562510635062485,638,The straps are connected to an obelisk in my anus.
2366,5009,1,15,117,133,1.1278195488721805,0.030959321524656892,638,This is how all hipsters are doing it now.
4409,5009,1,15,117,133,1.1278195488721805,0.030959321524656892,638,"It’s Apple’s latest thing in wearable devices—very chic and only $1,999.99 on Amazon!

Leslie Hardin
Summit, New Jersey"
5418,5011,2,15,132,149,1.1275167785234899,0.03054702702639284,638,I can leap tall buildings with a single bound.  Want to take a ride?
4542,5011,2,15,132,149,1.1275167785234899,0.03054702702639284,638,They solved this issue by installing photovoltaic cells in the latest version
4412,5013,1,18,138,157,1.127388535031847,0.02818204894162055,638,"You know the old saying?
Brace Yourself & Up We Go!"
2958,5013,3,14,140,157,1.127388535031847,0.030944248531901856,638,You are not on fleek suspenders boy.
2657,5013,4,12,141,157,1.127388535031847,0.03223671562880154,638,Mind helping me get turned right side up?
1456,5013,2,16,139,157,1.127388535031847,0.029595391531047587,638,I could do without one of the chastity belts
3007,5017,3,15,147,165,1.1272727272727272,0.029983533746176128,638,Im. an inventor these are the suspenders of the future
3088,5017,6,9,150,165,1.1272727272727272,0.03347748177402619,638,"Yes,you drive"
3666,5019,2,18,153,173,1.1271676300578035,0.027924046818747345,638,It is the newest  way to play pocket pool.
4189,5020,2,20,167,189,1.126984126984127,0.02650001802912146,638,With a selfie drone stick you’ll never lose your drone.
3729,5021,3,14,141,158,1.1265822784810127,0.030758343987281694,638,"It's the latest legal protection! 24/7 personal surveillance, plus a secret camera in my glasses so I've separate recordings at 3 different locations."
983,5021,2,16,140,158,1.1265822784810127,0.0294185327600902,638,It'll be the 'killer app' for these things!
699,5021,2,16,140,158,1.1265822784810127,0.0294185327600902,638,Two drones is better than belt and suspenders
4906,5021,3,14,141,158,1.1265822784810127,0.030758343987281694,638,Harvey was really looking to make an entrance at this year's Thanksgiving dinner
3566,5025,2,17,147,166,1.1265060240963856,0.02856132535608662,638,"Fist Amazon, then the NFL, but when the IRS starts using drones they've gone too far!"
2844,5025,1,19,146,166,1.1265060240963856,0.02725307241337117,638,They still wanted to be friends!
2956,5025,1,19,146,166,1.1265060240963856,0.02725307241337117,638,I jut wanted to take “belt and suspenders” to an HNL.
4738,5025,2,17,147,166,1.1265060240963856,0.02856132535608662,638,"Hi, I’m an official greeted for the Amazon virtual store"
3077,5029,3,16,155,174,1.1264367816091954,0.02894416395558567,638,I’m getting up to 15 minutes of suspender life and it”s 4K!
2316,5029,2,18,154,174,1.1264367816091954,0.027772717890630478,638,"Yes, they also come in matching colors."
4502,5029,3,16,155,174,1.1264367816091954,0.02894416395558567,638,"""Does the crosstown bus stop here?"""
1881,5032,2,14,127,143,1.1258741258741258,0.031174413745978975,638,Your neighbor got one yesterday.
2575,5032,3,12,128,143,1.1258741258741258,0.03271600722345283,638,Because it was too dangerous to use them on my belt.
2388,5034,1,17,133,151,1.1258278145695364,0.02866359000111159,638,I'm a forward looking kind of guy.
4674,5034,3,13,135,151,1.1258278145695364,0.031594332296361764,638,Mimics the thrill of a double life!”
151,5036,2,16,141,159,1.1257861635220126,0.029243763512670377,638,"No, they're not tethered to my pants."
3258,5037,1,19,147,167,1.125748502994012,0.02709997831468574,638,Your wife sent me she think you’re cheating
3350,5037,3,15,149,167,1.125748502994012,0.029642850039122058,638,It's the new Un-Autonomous Drone!
892,5039,5,12,158,175,1.1257142857142857,0.030985078094278893,638,I use them for my Instagram.
2359,5039,3,16,156,175,1.1257142857142857,0.028787361367881254,638,"Dron't look so puzzled, they are to hold up my pants!"
5079,5039,2,18,155,175,1.1257142857142857,0.027623010870163885,638,They wouldn't work for you. They take a really big guy.
1033,5042,2,20,169,191,1.12565445026178,0.026238563199606678,638,I’m so excited. On my way to my drone date.
1452,5042,6,12,173,191,1.12565445026178,0.030148111097509724,638,Support my patreon
3361,5044,2,13,121,136,1.125,0.032063220501572544,638,When insurance say “we are always there.”
5315,5044,2,15,135,152,1.125,0.029976899436494817,638,Angel investors are so last season.
4981,5044,0,18,126,144,1.125,0.02765610492929436,638,Loading...
3359,5044,3,14,143,160,1.125,0.030393126498680256,638,"I’m from the nowhere, near future."
1202,5044,1,15,120,136,1.125,0.03031695312954162,638,This is the only way I can keep my pants up since loosing the weight.
1878,5044,3,13,136,152,1.125,0.0313967016669968,638,beats the heck out of suspenders to hold up my pants
2738,5044,1,17,134,152,1.125,0.02848641999418402,638,They're much better than suspenders.
3313,5044,3,13,136,152,1.125,0.0313967016669968,638,No thanks—I prefer for my belts to not be unmanned aerial vehicles
3339,5044,1,21,162,184,1.125,0.025633457177505158,638,"Hey Man, I'm an aeronautical engineer so I know they work"
4921,5053,2,20,171,193,1.1243523316062176,0.025982187190553334,638,My startup will change the future
3531,5054,4,14,159,177,1.1242937853107344,0.029584488061242222,638,It's the latest in drone technology.
818,5055,4,13,152,169,1.1242603550295858,0.030487799794892186,638,Don’t you wish you were as fly as me?
894,5055,0,21,148,169,1.1242603550295858,0.02545066647054031,638,It's the latest thing for losing those stubborn pounds.
3898,5055,4,13,152,169,1.1242603550295858,0.030487799794892186,638,The Robot Revolution hates saggy pants.
4192,5055,5,11,153,169,1.1242603550295858,0.03162195937110972,638,I'm going to visit Suzy. These babies keep my pants up.
792,5059,3,14,144,161,1.124223602484472,0.030213736509201575,638,THIS IS MY UBER ARMOR ANSWER TO BRACES
1814,5059,3,14,144,161,1.124223602484472,0.030213736509201575,638,Stand back! They shoot laser beams.”
3227,5059,2,16,143,161,1.124223602484472,0.028900348134489055,638,We apologize. But the flight has been delayed.
3645,5059,1,18,142,161,1.124223602484472,0.02752435958822421,638,Hey! I’m trying to see if I lost weight.
691,5063,2,17,151,170,1.1235294117647059,0.027926288007618955,638,Amazon Prime has guaranteed on-time delivery
2842,5064,1,18,143,162,1.123456790123457,0.027364674388686814,638,Go Drones of course!
204,5064,1,18,143,162,1.123456790123457,0.027364674388686814,638,Can I interest you in a high-tech self-protection device ?  It's cheaper than hiring a bodyguard.
58,5066,1,17,136,154,1.1233766233766234,0.028138528138528147,638,I used to fly everywhere.  But I put on too much weight 'cause I wasn't walking.
1090,5066,2,15,137,154,1.1233766233766234,0.02960843129289957,638,"3D selfie movie, duh!"
1270,5066,1,17,136,154,1.1233766233766234,0.028138528138528147,638,I can't hear you over that droning noise.
4584,5069,3,12,131,146,1.1232876712328768,0.03207574137244206,638,"So I won't lose my pants when one of 'em says: ""Take me to your leader""."
4966,5070,1,15,122,138,1.1231884057971016,0.029903222990790203,638,I am the modern version of a belt and suspenders guy.
4030,5070,2,13,123,138,1.1231884057971016,0.03162260691394559,638,'I call it the new belt and suspenders.'
1294,5072,2,18,159,179,1.1229050279329609,0.027039894658232866,638,You in?
4655,5073,5,11,155,171,1.1228070175438596,0.03126781714663183,638,Haven't I seen you before?
2926,5073,3,15,153,171,1.1228070175438596,0.028984090289439775,638,"I work at the post office, and this is our new air mail service."
183,5075,2,16,145,163,1.1226993865030674,0.028564862767221484,638,"Hello..I'm Andy King, Larry's son."
160,5075,4,12,147,163,1.1226993865030674,0.03110357067907248,638,The robots.........They're taking over!!!!!
234,5077,2,15,138,155,1.1225806451612903,0.02942755601958721,638,"Drones to the second power, better than suspenders!"
314,5077,2,15,138,155,1.1225806451612903,0.02942755601958721,638,Iron man technology is just not cost effective yet!
4373,5077,1,17,137,155,1.1225806451612903,0.027967729130634996,638,I can't get them off me as they are powered by my essence!
2824,5080,2,13,124,139,1.1223021582733812,0.031406788564184086,638,"Hey, buddy, do you have an idea for a visually creative performance from one to two people?”"
3228,5081,4,14,162,180,1.1222222222222222,0.029114337793419248,638,Do you want to be in my documentary? I need to introduce some conflict.
294,5082,4,13,155,172,1.122093023255814,0.029980300046000566,638,Droning on a little too literally…
4075,5083,2,16,146,164,1.1219512195121952,0.028400009016040492,638,"This is the future of tecknology, you just need to get used to it."
907,5083,5,10,149,164,1.1219512195121952,0.032109353923317895,638,It's the only way to keep my suspenders up.
2701,5083,4,12,148,164,1.1219512195121952,0.030922385261904585,638,"If you think this is disruptive suspender technology now, you should see what happens when I go to to the Philharmonic!"
3288,5083,4,12,148,164,1.1219512195121952,0.030922385261904585,638,Just in case of a crack attack.
4708,5083,4,12,148,164,1.1219512195121952,0.030922385261904585,638,"As soon as its dark, I’m going to try and break out of this prison for literally mad scientists."
1711,5088,3,13,140,156,1.1217948717948718,0.030630200094222945,638,I'll get Sally to talk to me one way or the  other ! ! !
2319,5088,2,15,139,156,1.1217948717948718,0.02924886616389331,638,"Hey, I love your pants?"
2904,5090,3,12,133,148,1.1216216216216217,0.03166258584335275,638,"It’s just a Joy Ride...
They’re attached to my Tighty Whitetys"
483,5091,4,14,163,181,1.1215469613259668,0.028960911640233587,638,I'm just trying to figure out how to give myself my own direction.
4029,5092,0,17,123,140,1.1214285714285714,0.027703942719869513,638,This is our latest instant Temp.service
539,5092,3,11,126,140,1.1214285714285714,0.032799896508712255,638,I have been blessed with a new perspective of life.
950,5094,1,19,153,173,1.1213872832369942,0.02621613034735046,638,I call them my eyes in Shaq's thighs.
1103,5094,2,17,154,173,1.1213872832369942,0.027468142010608557,638,For three easy payments these can be yours too.
2166,5094,3,15,155,173,1.1213872832369942,0.028665522158869666,638,"It's called a camera-copter, and it gets great 3-d shots of your wife in the shower."
2865,5094,3,15,155,173,1.1213872832369942,0.028665522158869666,638,Stereo Selfie ?
3193,5098,2,16,147,165,1.121212121212121,0.02823703751020032,638,Bertram demonstrates the next generation of suspenders
1369,5098,1,18,146,165,1.121212121212121,0.02689647667158412,638,"Hey buddy, I hate it too!"
5350,5100,4,11,142,157,1.1210191082802548,0.03175718147370982,638,Pretty good ride considering no peanuts!
4886,5100,2,15,140,157,1.1210191082802548,0.02907232258519989,638,Everything works out better when you can suspend your hands.
656,5102,2,18,162,182,1.120879120879121,0.02661837742113309,638,I hear your stomach Droaning.
2555,5102,3,16,163,182,1.120879120879121,0.027735370638031432,638,I call them constant selfies.
457,5104,2,14,133,149,1.1208053691275168,0.02998389990290892,638,Yes these are the new Amazon Delivery drones... once I'm emptied they deliver it right back to the Washington Post...
4077,5104,2,14,133,149,1.1208053691275168,0.02998389990290892,638,Hi. I am the Drone Man. Special powers are droning on and on.
4830,5104,2,14,133,149,1.1208053691275168,0.02998389990290892,638,"Got a hot date tonight, just getting a quick equipment check and a tune-up."
1089,5107,1,19,154,174,1.1206896551724137,0.02607436177709619,638,I figure they won’t get shot if I’m this close.
4358,5107,3,15,156,174,1.1206896551724137,0.028508838597765648,638,"Well, the NSA was tired of seeing my pics"
5226,5107,3,15,156,174,1.1206896551724137,0.028508838597765648,638,How's your selfie doing today?
3116,5110,2,13,126,141,1.1205673758865249,0.030983829663298712,638,Wedgie preventing drones...that caravan is trouble.
1571,5111,3,14,149,166,1.1204819277108433,0.029347511496297374,638,They are the very latest in drone fashions.
1624,5111,3,14,149,166,1.1204819277108433,0.029347511496297374,638,"Weird flex but, O.K."
3144,5111,4,12,150,166,1.1204819277108433,0.030566252324305158,638,The 20th Century called and they want their belt back.
1464,5114,1,17,140,158,1.120253164556962,0.027467475708148066,638,Dude I promise this invention works unlike the last one
3072,5114,2,15,141,158,1.120253164556962,0.028897887065686165,638,"I promise, this will be our LAST.."
2448,5116,2,14,134,150,1.12,0.029794223424024935,638,"“A.J. Dronenberg from Dronesville, developer of drone-assisted dressing. Dig?”"
5206,5116,2,14,134,150,1.12,0.029794223424024935,638,My leg's just don't move like they used to
2930,5116,2,14,134,150,1.12,0.029794223424024935,638,"Nothing says ""I want that extra bit of security"" like an extra pair of eyes."
2830,5119,2,16,149,167,1.1197604790419162,0.027916614488826756,638,My doctor said no more riding the bus.
3055,5119,1,18,148,167,1.1197604790419162,0.026593091163402787,638,Because they said I go on and on.
3949,5119,4,12,151,167,1.1197604790419162,0.030391233905572395,638,"Sure, the suspenders were a good idea, but what do you think of the leash for my shih tzu?"
4529,5119,4,12,151,167,1.1197604790419162,0.030391233905572395,638,I'm 'old school'--gotta see it with my own two eyes.
1908,5123,3,13,143,159,1.119496855345912,0.03007934717310979,638,This way I can stare in my neighbor's room without making any incriminating pictures.
1836,5123,1,17,141,159,1.119496855345912,0.027304654082417012,638,Just thought I'd drop by and say 'hi.'
3062,5123,4,11,144,159,1.119496855345912,0.031374808720699414,638,"RRREEE these thi-RRRREEEEE -ngs are the fu-RRREEEE 
ture  RRRREEEEEEEEEEEEE"
4483,5123,1,17,141,159,1.119496855345912,0.027304654082417012,638,These crop dusting suspenders will kill in the Midwest.
5233,5123,3,13,143,159,1.119496855345912,0.03007934717310979,638,"A better you, available in 60 minutes or less."
406,5128,1,19,156,176,1.1193181818181819,0.025795347273648458,638,"And because I'm a TOTAL nerd, I've named them Huginn and Muninn."
4052,5129,2,14,135,151,1.119205298013245,0.02960692049324325,638,I am going to prove once and for all that the world is flat
3902,5129,2,14,135,151,1.119205298013245,0.02960692049324325,638,"Hi Bro, ""Remember, Big Brother is ALWAYS Watching."""
4171,5129,3,12,136,151,1.119205298013245,0.031062356025320727,638,"Ned Ryerson here! Your old pal, Ned Ryerson!; It’s Groundhog’s Day"
2305,5132,2,16,150,168,1.119047619047619,0.027759101356513195,638,"This is the closest  I could get to ""Bewitched""."
4963,5132,1,18,149,168,1.119047619047619,0.026443935196779254,638,Plus I never have to fear my pants will fall.
4893,5134,2,15,143,160,1.11875,0.028555191786913663,638,It's got a lifetime warranty!
845,5135,3,15,159,177,1.11864406779661,0.028048857339595584,638,Give Me A Kiss
13,5135,0,21,156,177,1.11864406779661,0.024374872141073003,638,"I'm new to Gotham, can you give me directions to Bruce Wayne's hideout?"
900,5137,2,14,136,152,1.118421052631579,0.029421947072365662,638,I must be gaining weight. My belt keeps breaking.
4663,5138,1,18,150,169,1.1183431952662721,0.026296433187324237,638,Stand back. NASA related.
2937,5138,2,16,151,169,1.1183431952662721,0.027603347197579016,638,Don’t mind me.  I’m just upskilling.
3794,5138,4,12,153,169,1.1183431952662721,0.030047121871811033,638,"I think they messed up my shipment ... I ordered jelly, not 'Jerry'"
4364,5138,4,12,153,169,1.1183431952662721,0.030047121871811033,638,"Actually those ""cameras"" are spigots. Twenty bucks gets you the purest chilled organic pomegranate juice in the city. The very best, trust me. I even make the polyethylene terephthalate bottles myself."
2554,5142,3,11,130,144,1.1180555555555556,0.03192923863628674,638,Welcome to the future.
5265,5142,2,13,129,144,1.1180555555555556,0.030370235145086525,638,How do you get by in this city without a second set of eyes?
3081,5144,2,15,144,161,1.1180124223602483,0.02838685996920596,638,Outsourced my leg components.
1188,5144,3,13,145,161,1.1180124223602483,0.029722946867094164,638,"Truly, I believe you. Just tell me what happened one more time."
644,5144,2,15,144,161,1.1180124223602483,0.02838685996920596,638,It’s the hot item this Christmas.
3652,5144,1,17,143,161,1.1180124223602483,0.02698470061643287,638,I was tired of non-functional suspenders
128,5144,2,15,144,161,1.1180124223602483,0.02838685996920596,638,"It's the latest diet, and it really works."
3694,5149,2,17,159,178,1.1179775280898876,0.026736920987414967,638,They’re holding up my suspenders.
5042,5149,3,15,160,178,1.1179775280898876,0.02789879775108747,638,"""I  was  not  delivered  by  a  stork,  I  was delivered  by  drones !!"
1549,5151,3,14,153,170,1.1176470588235294,0.02868935291248391,638,"Sure your they stay up, but how do follow your facepants account."
2619,5151,2,14,137,153,1.1176470588235294,0.02923926019918924,638,What! I just cancelled my order.
156,5151,3,14,153,170,1.1176470588235294,0.02868935291248391,638,Im dissabled. It's technology.
2787,5151,3,12,138,153,1.1176470588235294,0.030674641790922285,638,I like my slim fits as slim as possible.
3191,5151,3,12,138,153,1.1176470588235294,0.030674641790922285,638,Do you trust me?
1289,5156,3,13,146,162,1.117283950617284,0.029547883297135504,638,C'mon! It's Drone-errific!!!! Only fifty bucks....
4161,5157,2,16,153,171,1.1169590643274854,0.02729699988520841,638,Whatya think of my high tech suspenders?
4462,5158,1,16,137,154,1.1168831168831168,0.027559616527139685,638,"When the batteries drain, they still can hold my pants up"
4336,5159,1,18,153,172,1.1162790697674418,0.025863582140900163,638,I figure I’ll have to be able walk on water to primary the president.
827,5159,2,16,154,172,1.1162790697674418,0.02714635034702532,638,seeing is believing but feeling is the naked truth
2042,5161,2,14,139,155,1.1161290322580646,0.028880579433714592,638,"The guy at the store told me if I didn’t buy it, he would give me the belt."
3724,5162,2,10,109,121,1.115702479338843,0.033587357102209,638,Why limit find my phone to your phone?
4773,5163,1,15,131,147,1.1156462585034013,0.02817237104391227,638,I forgot to prepare for the client meeting so I am going to have to improvise.
1565,5164,2,16,155,173,1.115606936416185,0.026997346979033228,638,"Eric Stratton, damn glad to know you."
5357,5165,3,12,141,156,1.1153846153846154,0.03011082158687742,638,"I'd say we've moved into the, ""Screw You"" part of the movement, but that's just hyperbole now."
1957,5165,3,12,141,156,1.1153846153846154,0.03011082158687742,638,Drone knock-em til you try-em!
503,5167,1,17,147,165,1.1151515151515152,0.02636665205203642,638,Spare change for the drone-less?
1021,5168,3,14,157,174,1.1149425287356323,0.02805995876341428,638,This isn't on autopilot! How about a donation?
3749,5169,3,11,134,148,1.114864864864865,0.031103455658679474,638,No more L.S.M.F.T.
487,5170,2,14,141,157,1.1146496815286624,0.028530554815487538,638,What? What?
4011,5170,1,16,140,157,1.1146496815286624,0.027061656282486333,638,Would you give me a hand? I gotta keep these two from propagating.
5097,5170,1,16,140,157,1.1146496815286624,0.027061656282486333,638,"Ignore the drones, we are filming a TV reality show."
3800,5170,2,14,141,157,1.1146496815286624,0.028530554815487538,638,It’s okay. Just be yourself.
450,5174,1,14,125,140,1.1142857142857143,0.02882722085907327,638,Bill Cosby sent me these
1795,5175,3,11,135,149,1.1140939597315436,0.030903619185863356,638,Today's been a whirlwind lemmetellya
3244,5175,2,13,134,149,1.1140939597315436,0.02939964212737388,638,"It's a two for the price of one sale,Buddy!"
2251,5175,1,15,133,149,1.1140939597315436,0.02781446090885912,638,"Hi, I'm Birthright."
3908,5178,1,16,141,158,1.1139240506329113,0.026899623416065343,638,Hats are a little easier.
100,5179,3,13,151,167,1.1137724550898203,0.028702506845014998,638,"Don't ask me, I was born this way."
3200,5180,4,8,129,141,1.1134751773049645,0.03352356847833792,638,I am selling drones today.  2 for 1 special price.
640,5181,2,13,135,150,1.1133333333333333,0.029212890824184816,638,"If robots are going to kill us all anyway, I may as well get my giggles in now"
2014,5182,2,14,143,159,1.1132075471698113,0.02818887822003303,638,No they’re not suspenders.
1527,5182,1,16,142,159,1.1132075471698113,0.026739509333640447,638,"Thanks, I can always use another hand!"
3735,5184,2,15,151,168,1.1130952380952381,0.027261675960902797,638,I’m just ridiculous like this so I have an excuse to interact with people
5353,5184,1,17,150,168,1.1130952380952381,0.025921284242250684,638,I think there's a real market for Two for One delivery.
5018,5186,1,18,158,177,1.112994350282486,0.025172818822520444,638,"Don’t forget, ‘Opporknockity only tunes twice.’"
1062,5186,0,20,157,177,1.112994350282486,0.023863559501542588,638,It's the DRONE CLUB    new exercise  routine
506,5188,3,11,137,151,1.1125827814569536,0.03051152767005915,638,The Singularity is here: Lift-Belt Beta
3415,5188,3,11,137,151,1.1125827814569536,0.03051152767005915,638,I am a walking UFO; but I can also fly. Do you want to join me?
3248,5190,1,16,143,160,1.1125,0.026581280356837683,638,My son has an interview this afternoon.
3632,5190,3,12,145,160,1.1125,0.02939042649930961,638,"Am starring myself in a reality TV show, want to have some meaningless conversation for the masses who follow me?"
3755,5190,4,10,146,160,1.1125,0.03069875440490344,638,"Al Franken started this for reporters, 20 year ago."
841,5193,2,15,152,169,1.1124260355029585,0.027108145531382234,638,I still need a couple more to help me snap them.
4588,5193,2,15,152,169,1.1124260355029585,0.027108145531382234,638,Seriously. #Timesup.
1627,5193,1,17,151,169,1.1124260355029585,0.02577613578517759,638,"Look on my works, ye mighty, and despair."
3677,5196,1,18,159,178,1.1123595505617978,0.025039047135297768,638,"I  USED TO  DO  IT  WITH  TENPINS BUT  NOBODY GAVE 
ME  A  DIME."
4875,5197,1,15,136,152,1.111842105263158,0.02729424453440698,638,We are watching over your belt.
3731,5198,2,14,145,161,1.1118012422360248,0.027855255896262303,638,"My testicles are drones, bro! They're drones!!!"
3687,5198,2,14,145,161,1.1118012422360248,0.027855255896262303,638,Sell you a selfie cheap.
2019,5198,1,16,144,161,1.1118012422360248,0.026424903585320056,638,It's two for one day! I can snoop on your wife and your lover!
4962,5201,1,17,152,170,1.111764705882353,0.02563259554437746,638,I decided I wanted clean travel for a change!!
1429,5202,2,15,154,171,1.1111111111111112,0.02680619385891149,638,My boss swears it's better than Coach.
4251,5202,2,13,138,153,1.1111111111111112,0.028666552000687996,638,It's nice not to be strapped anymore.
3638,5202,0,18,144,162,1.1111111111111112,0.024767920558904567,638,"Don't be nervous of technology Cinder Rella,they say the battery life bug has been fixed."
830,5202,3,12,147,162,1.1111111111111112,0.02904296123188518,638,"This is called ""pulling yourself up by your bootstraps""."
348,5202,2,13,138,153,1.1111111111111112,0.028666552000687996,638,Muggles caught up to the Howler technology
767,5202,3,12,147,162,1.1111111111111112,0.02904296123188518,638,We now offer on-demand drone walks
2004,5208,2,15,155,172,1.1104651162790697,0.026657716515352963,638,Off leash they are embarrassing: somebody hacked the reproductive system.
3602,5209,3,12,148,163,1.1104294478527608,0.02887228164219138,638,"He is liable for the drone, I just use it."
4146,5210,1,15,138,154,1.1103896103896105,0.026958059570044143,638,"Tbe right one sends encrypted secure-ish evil messages via Who Cares. The left one cracks the code, sets a 5-year plan for Mueller then flips over to record Trump's howls.  pg"
3056,5210,4,9,141,154,1.1103896103896105,0.031327053631851356,638,I'm the newest thing from Amazon.  Just ell me where you want me to go and I'll do the best job interview you can imagine.
2451,5210,2,13,139,154,1.1103896103896105,0.028488934932806156,638,"Your wearing that, but I'm wearing a thong."
2519,5210,2,13,139,154,1.1103896103896105,0.028488934932806156,638,"Hey,what a great idea"
3742,5214,2,12,131,145,1.110344827586207,0.029551632487775724,638,It's better to know.
1707,5215,2,14,148,164,1.1097560975609757,0.027369314745563495,638,My drones have acrophobia.
2400,5215,3,12,149,164,1.1097560975609757,0.028703590171422037,638,Just remember they can also get you suspended from work if you practice your trapeze moves too much.
1370,5217,1,15,139,155,1.1096774193548387,0.0267930390316523,638,I've invested every cent I own...This is gonna change the world!
2938,5217,4,9,142,155,1.1096774193548387,0.031132434569685775,638,Batteries not needed
2945,5217,3,11,141,155,1.1096774193548387,0.029756365733644152,638,"I have to go, I start my new job some time between November 15th and November 22nd."
3917,5220,1,14,131,146,1.1095890410958904,0.027702597077874012,638,Hey can ya stand back pal ? I’m trying to demonstrate the simplicity of the new drone belt MKII  !
5179,5221,2,15,157,174,1.1091954022988506,0.026365623107859934,638,"Instead of the game, I'LL be on the news."
2317,5222,7,4,154,165,1.1090909090909091,0.03331653141012594,638,This could be the next snuggle.
2031,5223,1,15,140,156,1.108974358974359,0.026630017126083098,638,"Now this is wha you call ""expert"""
5390,5223,2,13,141,156,1.108974358974359,0.028140198970054767,638,The new trendy thing for suspenders
1208,5225,5,10,169,184,1.108695652173913,0.02874693934379506,638,"Blah blah blah, blah blah, blah blah blah blah..."
552,5226,1,17,157,175,1.1085714285714285,0.0249381124673971,638,"This way, I don't even need belt! Thanks Amazon."
3562,5226,3,13,159,175,1.1085714285714285,0.02744580739238921,638,3D is next.
2074,5228,2,14,150,166,1.108433734939759,0.027054629986206724,638,Suspenders are so out of style these days.
2804,5228,1,16,149,166,1.108433734939759,0.025669703028332297,638,Just droning on about drones.
5067,5230,1,15,141,157,1.10828025477707,0.02646895795630688,638,You will need a good belt
216,5231,2,16,167,185,1.1081081081081081,0.02532853334841173,638,You are so old-fashioned my friend :D
927,5231,1,14,133,148,1.1081081081081081,0.027346884634331752,638,"It's just plain easier - for instance, I don't have to find a fire hydrant."
1316,5231,1,14,133,148,1.1081081081081081,0.027346884634331752,638,How'd you like to be the first person to invest in the Manned Unmanned Air Vehicle (MUAV)?
3538,5234,3,13,160,176,1.1079545454545454,0.027296391248782526,638,Help! My suspenders have been hacked!  Spare some change to help me avoid this tech bro wedgie?
2772,5235,1,13,125,139,1.1079136690647482,0.028317147760032545,638,"This is the latest in ""belt and suspenders"""
2637,5236,2,14,151,167,1.1077844311377245,0.026899975741291625,638,What's expensive is the manual labor.
3037,5236,3,12,152,167,1.1077844311377245,0.028209104235597388,638,"Bro you look like my dad, belt and shoulder harness and all, get with the program bro.. pants ride high, shoulders stay loose and relaxed.. these babies even double as mobile wifi stations.  So awesome, the future is now bro."
4594,5236,3,12,152,167,1.1077844311377245,0.028209104235597388,638,Adios Amigo
4856,5239,1,15,142,158,1.1075949367088607,0.026309826474500607,638,Got a piece of chalk?
3853,5239,4,9,145,158,1.1075949367088607,0.030562786757242468,638,That's some weird graffiti on the curb down there.
4117,5239,3,11,144,158,1.1075949367088607,0.029214008271465048,638,These make sure I don't nut in November.
1599,5242,2,15,160,177,1.1073446327683616,0.025939246396922407,638,You don't need cash. I take Via.
1481,5243,1,16,151,168,1.1071428571428572,0.025379517793261353,638,"If you can't beat them, join them."
3843,5243,3,9,128,140,1.1071428571428572,0.03156817541474795,638,The suspenders are holding up the drones.
866,5243,0,18,150,168,1.1071428571428572,0.02393394919332699,638,"Man #1:   What the Hell...?
Man #2:   You mean, what the Heaven!"
256,5243,4,10,154,168,1.1071428571428572,0.02929126015909192,638,They’re pure bred instructive. I picked them up from the shelter.
1794,5247,1,15,143,159,1.1069182389937107,0.026152588457266753,638,Hovering is great fun! You should try it!
2382,5248,2,14,153,169,1.106508875739645,0.02659589278414194,638,They are lowering me down into the next Legos movie.
2279,5249,2,13,145,160,1.10625,0.027467641053272963,638,"See, if you join the FEDDDEX (Federal Drone-Delivery Express) you won't need to wear those suspenders."
3555,5249,2,13,145,160,1.10625,0.027467641053272963,638,Unidentified man is retained with new state-of-the-art drone technology from NYPD.
4203,5251,1,14,136,151,1.1059602649006623,0.026830047866204843,638,Beats wearing a belt.
2394,5252,3,9,130,142,1.1056338028169015,0.031140134378664613,638,"I love flying, but the fares are too high and I am a voyeur."
4807,5253,2,13,146,161,1.1055900621118013,0.0273044778140786,638,Why wouldn't you want to appear in my 3-D biopic?
5370,5253,2,13,146,161,1.1055900621118013,0.0273044778140786,638,"Yeah, not only do my pants stay up, but they have lasers too."
4211,5255,4,11,165,180,1.1055555555555556,0.027852166068374717,638,"Hey, Bob, what do you think of my new veloraptor robots?"
1434,5256,2,12,138,152,1.105263157894737,0.02824896586731112,638,i go my way by myself...……....
3601,5256,3,10,139,152,1.105263157894737,0.029751343638786884,638,It stops the jests about wearing suspenders.
1843,5258,3,13,165,181,1.1049723756906078,0.026572996663613638,638,"It's my Diet Plan's guarantee: If I like my pants, I can keep my pants!"
1579,5259,1,15,146,162,1.1049382716049383,0.025691904828676868,638,wow this sucks
2557,5260,2,14,156,172,1.1046511627906976,0.026152399828466198,638,Your pants will stay up AND you'll be stylin'!!
4540,5261,2,12,139,153,1.1045751633986929,0.028072156725371743,638,"MEET MY EYE-LINE, JIM!"
5240,5262,3,8,123,134,1.1044776119402986,0.032251147901297995,638,Take my hand.We'll  be dropped off at a cartoon bank.
1540,5263,0,15,129,144,1.1041666666666667,0.025545239210256893,638,They close their eyes whenever they're not doing their job.
2819,5264,2,14,157,173,1.1040462427745665,0.02600782635140809,638,..a lifelong ambition...n I made the drones out of wax!
5282,5265,2,12,140,154,1.103896103896104,0.027897540063660256,638,Actually I only use them when I wear my baggy tweeds!
2309,5265,0,16,138,154,1.103896103896104,0.024667952204354145,638,How do you like my litter pants?
1914,5265,1,14,139,154,1.103896103896104,0.02633230532596633,638,High tech suspenders.
241,5265,3,10,141,154,1.103896103896104,0.02937950270898307,638,There’s no wax. I’ll be fine.
687,5269,0,14,121,135,1.1037037037037036,0.02633725661744444,638,"See, suspenders are no longer superfluous for
 Amazon's Personal Delivery"
36,5270,2,13,149,164,1.103658536585366,0.026826377491751867,638,French drones. They always suspender.
3520,5270,2,13,149,164,1.103658536585366,0.026826377491751867,638,COINTELPRO's been suspended.
5189,5270,0,17,147,164,1.103658536585366,0.023875115311878574,638,Welcome to the 21st century.
2333,5273,2,14,158,174,1.103448275862069,0.025864837182701036,638,"It's the new ""Technology Fashion"" craze. Drone you keep up with the times?"
4563,5274,0,19,165,184,1.1032608695652173,0.02249445133548361,638,I use them usually during my break.
3772,5275,2,12,141,155,1.103225806451613,0.02772507549752936,638,WITH THESE SYNCHRONOUS DRONES I CAN AIRLIFT MYSELF TO ANY PART OF NY
4689,5276,4,9,152,165,1.103030303030303,0.029311188674983144,638,You obviously need to upgrade from walking to flying.
3861,5276,1,15,149,165,1.103030303030303,0.025247104616535482,638,I had lice.  These detect them before they settle in.
1828,5276,2,13,150,165,1.103030303030303,0.02667069780725053,638,Ha! Mine also targets useless belts
2908,5279,1,16,158,175,1.1028571428571428,0.0244133610546078,638,Talk about suspenders!
333,5280,2,11,133,146,1.1027397260273972,0.028717594630468236,638,'Seeing is Believing.'
3993,5281,1,14,141,156,1.1025641025641026,0.026010571082993466,638,Last week I was on the Ed Sullivan Show.
96,5282,1,15,150,166,1.1024096385542168,0.0251022270238025,638,It was not a true drone. Fire can not kill a dragon
4254,5283,2,10,125,137,1.102189781021898,0.0298210483759282,638,No I've got two. Give me your hand and I'll pull you up.
798,5284,2,15,169,186,1.1021505376344085,0.024738762847816752,638,"Er,well ... I left the control box at home. They are on control."
3964,5285,0,16,142,158,1.1012658227848102,0.024076716019234497,638,Don’t worry. One word. Keto
3017,5286,3,11,154,168,1.1011904761904763,0.027540416618192832,638,"It's my latest invention. I call it ""How to hold your suspenders up."""
4218,5287,1,13,135,149,1.1006711409395973,0.026503350261636135,638,"Yes, I'm just perfecting a model that will spin when attached to suspenders."
2604,5288,2,12,145,159,1.10062893081761,0.027055964246251007,638,"Yes, Trump is a multitasker.  He glued his hair on while eating a cheeseburger and tweeting"""
4746,5288,2,12,145,159,1.10062893081761,0.027055964246251007,638,My drones's fuselage's shirttail rotor system (my belt) needs a new fan belt.
3393,5290,2,13,154,169,1.1005917159763314,0.026065583688362266,638,When the decals fade it's hard to tell between stop-and-frisk or just another pervert
3465,5290,2,13,154,169,1.1005917159763314,0.026065583688362266,638,"Watch, they add functionality. Drones, number one."
808,5292,3,12,165,180,1.1,0.026249057799885886,638,"I'm a Democrat, so you have to accept whatever dumbass thing I do...like this."
651,5292,1,12,127,140,1.1,0.027390818485530818,638,I'll never get Kananaughed!
2641,5294,0,17,154,171,1.0994152046783625,0.022949025579355076,638,It’s out of this world
1104,5295,1,14,146,161,1.0993788819875776,0.025239487917116596,638,I was an Amazon No-Pest Strip by Sears until last week.
4372,5295,3,10,148,161,1.0993788819875776,0.02814802397014513,638,A nice way to keep my pants up. High Tech is here for humans.
4739,5295,3,10,148,161,1.0993788819875776,0.02814802397014513,638,I'm Flyderman. Good to meet you!
1356,5295,4,8,149,161,1.0993788819875776,0.029494931852382025,638,"Hey bro, drones are the new swords"
367,5299,2,11,138,151,1.099337748344371,0.027804055618249526,638,I feel pretty Zen.
416,5299,1,13,137,151,1.099337748344371,0.026168020331545166,638,What to do when your drone remote control runs out of power.
1329,5301,4,9,159,172,1.0988372093023255,0.02815787190284904,638,"I have attached to two video projectors to the wall, then to my pants."
5090,5302,2,12,148,162,1.0987654320987654,0.026574888855379657,638,"In a world, where shaking hands with a man attached to drones is a normal thing."
1460,5303,1,13,138,152,1.0986842105263157,0.026003506113058905,638,These are way better than rolled up newspaper when they don't behave.
4202,5304,1,12,129,142,1.0985915492957747,0.027021893244312114,638,Best way to keep my pants tight
2172,5305,3,12,168,183,1.098360655737705,0.02583471580228663,638,"Sorry, Gary, I won't be splitting that can fair anymore."
3933,5306,1,14,148,163,1.098159509202454,0.024943659800316282,638,It’s all the rage.
2878,5306,3,10,150,163,1.098159509202454,0.02781486811602341,638,Hair gel is definitely not an option.
2169,5308,3,11,160,174,1.0977011494252873,0.02662503422852745,638,"... and, yeah, they're potty trained."
3564,5308,2,13,159,174,1.0977011494252873,0.025346630537706184,638,"These are the 21st century version of pets, don't you know?"
62,5310,1,14,149,164,1.0975609756097562,0.024798321930048165,638,"Okay, it sounds harsh but its easier to pay Amazon with blood than cash."
2106,5311,4,7,143,154,1.0974025974025974,0.030234744261981628,638,"Don't fret,  you can still levitate using my 2 custom-made drones if you are less than 60kg..."
4399,5311,1,13,140,154,1.0974025974025974,0.025680585022864803,638,It's the latest look in high - tech clothing.
5098,5313,2,10,132,144,1.0972222222222223,0.028425813087641243,638,"Oh these Drones are great. Not only does soaring 'above' the jammed packed traffic cuts my commute time in half, the propeller blades make great nose hair trimmers!"""
432,5314,3,9,143,155,1.096774193548387,0.02861733949340029,638,"Trust me, everything's gonna be just fine"
1589,5314,2,11,142,155,1.096774193548387,0.027113925188344715,638,Who needs a belt when you have loyal servants...yeet.
4549,5316,1,15,160,176,1.0965909090909092,0.023739628320057958,638,I’m droning out the sound.
4638,5317,2,11,143,156,1.0961538461538463,0.02694669884200844,638,It's suspended refrigeration.
522,5317,1,13,142,156,1.0961538461538463,0.025365559180572123,638,Suspender? I hardly know her.
5194,5319,0,15,142,157,1.0955414012738853,0.02353573958740901,638,PT gig. FT pay.
2794,5320,0,17,161,178,1.095505617977528,0.022091782723697637,638,What did you expect when you moved into the Pibal Belt?
537,5321,1,13,144,158,1.0949367088607596,0.025058143599118926,638,They've flown six miles today!
1949,5322,2,10,136,148,1.0945945945945945,0.02768548875714151,638,Taking droning on to a whole new level.
4880,5323,1,15,164,180,1.0944444444444446,0.023234991247326274,638,It's the latest in designer fashion.
3486,5324,1,12,136,149,1.0939597315436242,0.025805158606400584,638,"Uhm...thanks, but I don't believe my suspenders are willing."
914,5325,4,7,149,160,1.09375,0.029134359915277974,638,I
4205,5326,1,13,147,161,1.093167701863354,0.024610699075973855,638,They're really fun when you wear suspenders.
420,5327,2,12,158,172,1.0930232558139534,0.025087652614676798,638,test
4888,5328,1,13,148,162,1.0925925925925926,0.02446506996636497,638,My service drones. From Amazon.
2437,5329,2,12,159,173,1.092485549132948,0.02494801101474102,638,They're fighting over my braces! Better watch out for yours.
1448,5329,4,8,161,173,1.092485549132948,0.02751054204924027,638,"It's called ""White Glove"" Drone Service!"
1067,5331,0,13,128,141,1.0921985815602837,0.024450825741030774,638,It's the latest upgrade since ellen Show underwear...and faster!
587,5332,1,12,140,153,1.091503267973856,0.025157701989648874,638,"Tom, tensile strength is key; I couldn't do this if I hadn't bought the best suspenders on the market."
945,5332,1,12,140,153,1.091503267973856,0.025157701989648874,638,My name IS Tom. How did you guess?
2287,5332,1,12,140,153,1.091503267973856,0.025157701989648874,638,"Drones are automatically adjusting my suspenders! You can have this too, when you sign up for this great deal! An adjustable-rate vacation timeshare!"
4617,5332,0,14,139,153,1.091503267973856,0.023386121042072775,638,capitalism be like
1179,5336,3,9,153,165,1.0909090909090908,0.026938079908625165,638,These are the latest fashion statement in suspenders!!
1778,5336,1,13,151,165,1.0909090909090908,0.024038312943064303,638,They're h
2065,5338,1,12,142,155,1.0903225806451613,0.02484597198497164,638,I'm a two drone parent.
4340,5339,1,11,132,144,1.0902777777777777,0.025912249648792525,638,Let's forget this world.
4647,5340,2,9,134,145,1.089655172413793,0.02753827253036997,638,The new Protecto Drone.  It has 360 vision and comes fully loaded with buckshot.
5057,5340,1,11,133,145,1.089655172413793,0.025740454800642167,638,It's time to trade in your vintage for high fashion.
4481,5342,1,10,124,135,1.0888888888888888,0.026738433004215377,638,Drones do a great job getting me dressed.
1276,5343,1,13,155,169,1.0887573964497042,0.02349187303138315,638,Haven't you heard?  Superman has gone out of style.
3107,5344,1,11,135,147,1.08843537414966,0.02540359171638416,638,"I'm doing a study of male pattern baldness, and these drones do a great job of capturing images in a crowd."
5345,5345,1,12,146,159,1.0880503144654088,0.024245066435393862,638,"Where the, britches at?"
4611,5345,1,12,146,159,1.0880503144654088,0.024245066435393862,638,"I'm a Super Hero in training. I call myself , ""The Whirligig Man."""
3028,5347,1,12,147,160,1.0875,0.024099342353823532,638,Thus Mankind eliminated the wedgie barrier.
3209,5347,0,14,146,160,1.0875,0.02240897029507458,638,"It's just an MVP Jake, jut wait until I hit market-product fit."
837,5349,2,9,138,149,1.087248322147651,0.0268229543203713,638,"Wearing these suspenders I don't look like strapped to the chair with vertical seat belts, unable to eject."
66,5350,0,15,157,172,1.0872093023255813,0.02157590164182486,638,"Hi, you ordered same-day delivery of used glasses?"
1468,5351,1,13,159,173,1.0867052023121386,0.022969659442779247,638,"I'm from Asia, and the White House had these extra drones to spare!"
3582,5351,1,13,159,173,1.0867052023121386,0.022969659442779247,638,I  saw  this coming at  least forty years   ago.
4702,5353,2,9,139,150,1.0866666666666667,0.026649882861374485,638,So this I should what I’ve been droning on about...
2273,5354,1,12,150,163,1.0858895705521472,0.023672468103865498,638,"She called it the “hyper-belt,” but think of it as The Stepford Wives in reverse."
4574,5355,2,9,141,152,1.0855263157894737,0.026310342761533632,638,I should have known better than to carry around billiards balls in my pockets when wearing my green felt pants.
4346,5356,3,8,153,164,1.0853658536585367,0.02652281001654788,638,Square nipples are nothing to be ashamed of!
3513,5357,2,7,120,129,1.0852713178294573,0.02918259757049533,638,"GPS, face and voice recognition, 18 hours flight time and super fast charging time; right, Mom and Dad?"
2438,5358,2,11,163,176,1.0852272727272727,0.023987003318823242,638,I had to find a way to keep up my pants. Those pesky belts aren't worth the trouble
2498,5359,3,7,143,153,1.0849673202614378,0.027739810958205182,638,Does your wife tell you you're not ovservant?
1842,5359,1,11,141,153,1.0849673202614378,0.024443782194782222,638,I'm a belt and sus-spinders kind of guy.
2744,5361,2,11,165,178,1.0842696629213484,0.02372633485791686,638,"It’s more than catches the eye , when you consider my own lenses , the glasses , and the cameras that cover the political spectrum..."
3360,5361,1,13,164,178,1.0842696629213484,0.02234857923272055,638,When you have to watch all angles
857,5363,0,12,131,143,1.083916083916084,0.023267303840409183,638,It’s the latest trend with suspenders.
1128,5364,1,11,143,155,1.0838709677419356,0.024139725075960912,638,De goils really luv it!
4973,5365,3,8,156,167,1.0838323353293413,0.026059780509661186,638,They return with a balanced menu
1300,5365,2,10,155,167,1.0838323353293413,0.024636706218952982,638,I think I’ll need 58 moreI
2143,5367,0,14,154,168,1.0833333333333333,0.021387344303130586,638,I'm on my way to hollywood!
1815,5367,0,14,154,168,1.0833333333333333,0.021387344303130586,638,"I was trying to think of another use for my suspenders."""
1915,5367,1,12,155,168,1.0833333333333333,0.022993575097630302,638,"Hup, hup, hup, hup, hup!!"
4129,5370,0,13,146,159,1.0817610062893082,0.02179829051186514,638,These suspenders really suspend!
4699,5370,1,11,147,159,1.0817610062893082,0.023553703851829286,638,Let's just grab a coffee to go. I've only
5073,5370,2,9,148,159,1.0817610062893082,0.025187069322167785,638,"Matter fact, I think you better call da-rone"
2464,5373,0,13,147,160,1.08125,0.02166764934878462,638,I may get charged if they lose charge.
2293,5374,1,10,137,148,1.0810810810810811,0.024469952820890022,638,"Uh 1, Uh 2, Uh 3, Uh hi Tom, Uh 4"
4731,5375,0,14,160,174,1.0804597701149425,0.020680055945742404,638,You never have to worry about beer gut!
3961,5376,1,10,139,150,1.08,0.024154610122223027,638,"Hey Man, give me an hand please. They want put on my pants!"
627,5377,1,11,151,163,1.0797546012269938,0.022995402581367407,638,"Let's shake on the deal, my word is my bond."
2439,5378,0,12,139,151,1.0794701986754967,0.022083883444414656,638,"I'd like to introduce you to my new product, Belt X"
4045,5379,1,10,141,152,1.0789473684210527,0.023847275682254896,638,"h ,mgkju"
5333,5379,1,10,141,152,1.0789473684210527,0.023847275682254896,638,Old survivor-New Survivor
40,5381,1,11,154,166,1.0783132530120483,0.022593707918128834,638,The biggest meeting of our lives and you iron your pants like a try-hard jackass!
896,5381,0,13,153,166,1.0783132530120483,0.020915455705337472,638,no pudding today?
1226,5383,0,12,142,154,1.077922077922078,0.02167047141471178,638,"It's called Suspendered Encounters . . .Win, it' s big prizes . . .Lose, snip, snip . .. You are wearing underwear, right?"
3670,5384,0,12,144,156,1.0769230769230769,0.021403333650469293,638,I recommend you buy at least a dozen.  Use one to scout for hotties and the rest to fly you there.
4720,5384,2,10,170,182,1.0769230769230769,0.022665467580677612,638,"It's the feed, buddy, it's all about feeding the stream."
1019,5386,1,11,158,170,1.076470588235294,0.022079407961549048,638,Keeps me from creating nicotine stains on my shorts.
1193,5387,0,13,158,171,1.0760233918128654,0.020327297744388403,638,No hand plate twirling is my gig.
2374,5388,1,10,147,158,1.0759493670886076,0.022970389216031582,638,"It's so rad, dude. Whenever I take my pants off, even for non-jacking-off purposes, the drones start filming me and streaming it to my Twitch followers, thereby keeping me honest in my pledge to the Proud Boys."
3554,5389,1,10,148,159,1.0754716981132075,0.022830461725305038,638,"Steve was down on his luck when John approached him with drones holding up his suspenders, offering him a business deal. Ten years later, and Steve has still never seen a dime of that money."
4287,5389,4,4,151,159,1.0754716981132075,0.027569266771001404,638,Wow! These drones do help.
2469,5391,1,11,161,173,1.0751445086705202,0.02170876271591363,638,"Hey, my friend！Which do you want to watch?"
2663,5392,0,12,148,160,1.075,0.020888292288192944,638,Lame-oh
431,5393,2,9,163,174,1.0747126436781609,0.02307554448282111,638,Test Caption
464,5394,1,11,163,175,1.0742857142857143,0.021468490458599075,638,December wedding sounds great.
806,5395,0,12,150,162,1.0740740740740742,0.020639933799087146,638,I can deliver packages while lowering my on-scale weight decreased .
4697,5396,1,9,141,151,1.0728476821192052,0.02320717280521222,638,Wanna make a drone strike on this DI-YICK?!
2471,5397,4,4,157,165,1.0727272727272728,0.026586589436948593,638,"Give me ten dollars, then go ahead and stick your fingers in."
350,5398,2,10,182,194,1.0721649484536082,0.021301648646859104,638,"- This new belts can make you fly.
- But I am ok with the old one I wear, you sold it to me two day ago.
- Well, it fits you (thinking to himself... I had them for years,thank god people like this guy exist)"
2918,5399,0,13,169,182,1.0714285714285714,0.01914275112175992,638,"If you had told the truth, we woun't have broken your arms."""
4374,5400,1,9,145,155,1.070967741935484,0.022625486626970788,638,You will stand  here forever?
5109,5400,0,11,144,155,1.070967741935484,0.02069119292225221,638,Come fly with me. Exotic booze?
3552,5402,1,9,146,156,1.0705128205128205,0.0224845861865068,638,I'm happy that the drones found you before I did
1912,5403,0,12,160,172,1.069767441860465,0.019481577129846297,638,You seriously don't have a drown by Apple yet? Get with the times.
4974,5403,3,6,163,172,1.069767441860465,0.02415637008077178,638,Mesmerized-by-droning Syndrome
2720,5405,1,9,148,158,1.0696202531645569,0.022207977760049107,638,"You called for a pickup and delivery? But, this is a prison"
3421,5406,0,11,151,162,1.0679012345679013,0.019826993475088907,638,You ar such a clown you must be David Remnick from the New Yorker.
2734,5407,1,7,126,134,1.0671641791044777,0.02415154617383065,638,I could find a belt or suspenders.
4317,5408,0,10,139,149,1.0671140939597314,0.020567915244658584,638,It's hard for them to get back on their feet.
1564,5409,1,10,169,180,1.0666666666666667,0.02024063799496455,638,Nothing
2732,5409,0,10,140,150,1.0666666666666667,0.02043523444594048,638,"Did you see the ""Deckchair Danny"" movie?  Well - I'm doing it with drones, not baloons, and I'll be known as  ""Droning Daddy""!"
5135,5411,1,8,142,151,1.0662251655629138,0.02237326173831333,638,The world must know the impression a great man leaves upon the people of this homely burrow.
3128,5412,1,8,144,153,1.065359477124183,0.022088266607056952,638,"They're the latest trend, you know."
2300,5413,1,9,165,175,1.062857142857143,0.020105282355804294,638,"Pip,pip...""
""Human first!"
1508,5414,3,4,153,160,1.0625,0.024583799697100728,638,"oh hello you wonderful editors--im still tryin to get one of you get back to me about ""the real story of I Love New', coined by yours truly and made famous by milton glaser's heart logo---he was asked to make that because of the first thing ever sold"
3487,5415,1,8,152,161,1.062111801242236,0.02101729728656973,638,"If the ridge one don’t get ya, then the left one will!"
288,5416,2,6,157,165,1.0606060606060606,0.022247963769021186,638,Want to cut a deal?
3639,5416,0,10,155,165,1.0606060606060606,0.018632021679165615,638,"Hey, I'm the Dronester.  You wanted someone to spy on your moms?"
4347,5418,2,6,161,169,1.0591715976331362,0.021731445112239237,638,"No, thank you, my feet won’t go until you go."
2714,5419,3,3,152,158,1.0569620253164558,0.024166623893270036,638,"Negative side is no queen bee up there to chase. Positive: don't die, though, after I'm done flying around trying to find one."
3650,5420,1,8,170,179,1.0558659217877095,0.018949682771063407,638,Get on my level
3678,5421,1,7,166,174,1.0517241379310345,0.018707206172326355,638,"Yup, that's right, Wally went down the drain"
3101,5422,2,4,171,177,1.0451977401129944,0.01932876072694784,638,Don't worry works got insurance.
2932,5423,0,6,144,150,1.04,0.016053601490175616,638,Do YOU think I human on and on and on . . . ?
