target_id,rank,funny,somewhat_funny,unfunny,count,score,precision,contest,caption
1487,1,40,42,139,221,1.5520361990950227,0.05262574483212858,643,My next selection sounds just like the last one.
4127,2,33,44,124,201,1.5472636815920398,0.05367142411738254,643,This next song is pretty much the same as the last one.
4262,3,32,49,128,209,1.5406698564593302,0.05163509439722534,643,I could have been a conductor.
1676,4,28,57,133,218,1.518348623853211,0.048314639944208086,643,This next piece is dedicated to my ex-wife.
3183,5,32,58,146,236,1.5169491525423728,0.047080698801103854,643,My next piece may sound a little bit like the last one.
4131,6,22,60,123,205,1.5073170731707317,0.04772165038634413,643,Anyone else forget to turn off their cellphone?
2940,7,27,54,133,214,1.5046728971962617,0.04856217217482834,643,They say dress for the job you want; not the job you have.
2966,8,36,39,145,220,1.5045454545454546,0.051340570538091254,643,"And now, my musical interpretation of the Trump presidency..."
3458,9,26,35,113,174,1.5,0.05632536439863979,643,That's right. I'm just that good.
2555,10,25,56,134,215,1.4930232558139536,0.04748386172358276,643,And now Gershwin’s lesser-known ‘Rhapsody in Black and Blue’
4623,11,21,58,124,203,1.4926108374384237,0.047556217488210956,643,You don't understand.  I coulda had class.  I coulda been a conductor.
5000,12,27,50,136,213,1.488262910798122,0.04872832694323639,643,My final encore is for the gentleman asleep in Row 3.
2783,13,27,49,136,212,1.4858490566037736,0.04889861510231668,643,You may have heard your children play this next piece.
1057,14,24,50,131,205,1.4780487804878049,0.04869193301071856,643,We'll have a brief intermission while I make a pretty big career decision.
3965,15,20,51,120,191,1.4764397905759161,0.04914366695299593,643,I wasn't joking about the cell phones
4241,16,24,51,133,208,1.4759615384615385,0.04816394020346718,643,"You may laugh, but the last time I had the lid drop on my hands I couldn’t play for a month."
3045,17,33,46,159,238,1.4705882352941178,0.04713056970931962,643,"Oh, you said ""Bach's"""
4794,18,20,54,126,200,1.47,0.047505619873842185,643,And now here's something for those of you who slept through the Mozart.
3518,19,22,53,132,207,1.4685990338164252,0.04733552852928175,643,"No, that was Für Elise. Now try to name this tune..."
1658,20,25,59,149,233,1.4678111587982832,0.044699964956989,643,"Ok, that's it!  Who forgot to silence their cell phone?"
659,21,19,56,126,201,1.4676616915422886,0.0467979144927556,643,Would the guy who booed please stand up?
2164,22,22,49,128,199,1.4673366834170853,0.04872301819427417,643,I always hate this part of the dream.
4059,23,29,38,139,206,1.4660194174757282,0.05086561530003869,643,This next piece was written by my cat.
951,24,31,40,148,219,1.4657534246575343,0.04939692237322705,643,I will now play Sonata for Trump’s First Two Years.
1729,25,26,42,134,202,1.4653465346534653,0.050184975250211566,643,I would like to dedicate this to my ex-wife.
1645,26,22,57,139,218,1.463302752293578,0.04556294953675536,643,"Every night it's the same dream.  I'm onstage, seated at a piano wearing box gloves, and no pants."
4581,27,24,46,133,203,1.4630541871921183,0.049004354670430954,643,I coulda been a contata.
5049,28,22,55,137,214,1.4626168224299065,0.04617836285139505,643,"And now, I've got an old score to settle."
4363,29,17,57,123,197,1.4619289340101522,0.04635375435677124,643,Hit it!
1792,30,24,60,150,234,1.4615384615384615,0.044124721555000634,643,You may have heard this little number before...if you have a cat and a piano.
1288,31,15,52,111,178,1.4606741573033708,0.048537527210163696,643,And now the famous sonata for piano and concussion.
940,32,22,46,129,197,1.4568527918781726,0.04904644676214402,643,"For my next selection, Gershwin's ""Rhapsody in Black and Blue"""
2436,33,28,28,128,184,1.4565217391304348,0.05494445615210783,643,I will now play Trump's étude in diplomacy
3917,34,29,43,151,223,1.452914798206278,0.04783006093606085,643,My cat composed this next one.
25,35,26,39,137,202,1.4504950495049505,0.05012298320160681,643,After a few drinks we agreed to swap jobs for the evening. I guarantee the pianist is NOT having fun.
1427,36,19,48,124,191,1.450261780104712,0.04847565797511158,643,Someone stole my tip jar last night. That’ll never happen again.
705,37,21,45,128,194,1.4484536082474226,0.04902351211610083,643,I’ll be playing this in pugilissimo.
3398,38,22,34,118,174,1.4482758620689655,0.05377098605092096,643,I composed my next piece after my divorce.
685,39,23,53,147,223,1.4439461883408071,0.045179122834662064,643,"After a month of Christmas songs,
 I'd like to play one for Boxing Day!"
2670,40,25,40,138,203,1.4433497536945812,0.04940718713064036,643,Now a tribute to our current President
2362,41,28,32,139,199,1.4422110552763818,0.05164307736390418,643,This next piece is dedicated to those critics who say I lacked a deft touch and attacked the piano with a pugilistic style.
5111,42,27,33,137,197,1.4416243654822336,0.05154272848126718,643,"I call this next number, ‘Rhapsody in Black and Blue’."
2639,43,27,45,153,225,1.44,0.046598589800857404,643,And consider that a warning. Anyone else wanna answer their phone?
847,44,23,36,128,187,1.4385026737967914,0.05144196979469732,643,"Finally, Ravel's Bolero is going to get what it deserves."
3877,45,21,53,143,217,1.4377880184331797,0.045117031790907716,643,Sit back and relax -  tonight it's nothing but the hits!
4419,46,21,48,137,206,1.4368932038834952,0.04684697597703487,643,I trust the jurors will consider degree of difficulty.
2209,47,23,53,151,227,1.4361233480176212,0.04455100215084554,643,Please hold your applause until the final bell
5062,48,25,28,126,179,1.4357541899441342,0.05431918178944,643,I will now play a piece inspired by my visit to the White House
339,49,24,40,138,202,1.4356435643564356,0.04904470554633632,643,"No, Franz is my elder brother...I'm Pugi Liszt."
3063,50,20,52,140,212,1.4339622641509433,0.04536937725019872,643,I'm gonna need a page turner.
2316,51,22,56,153,231,1.432900432900433,0.04353778162206492,643,To make it even more interesting my Assistant will now blindfold me.
925,52,15,59,132,206,1.4320388349514563,0.043673530969551115,643,"Now, “Rhapsody in Black and Blue.”"
5576,53,20,54,144,218,1.4311926605504588,0.04445013716369053,643,I'm going to need someone to turn the pages for me.
5374,54,25,49,156,230,1.4304347826086956,0.044943049109054604,643,Please join me in the Julliard School fight song
3902,55,18,49,131,198,1.4292929292929293,0.04654666846323624,643,This last piece is from my boxed set.
4340,56,23,54,156,233,1.4291845493562232,0.043668523376150105,643,It hasn't been a smooth career transition
2647,57,23,44,143,210,1.4285714285714286,0.047115128170706164,643,"Alexa, play literally anything."
5226,57,18,57,142,217,1.4285714285714286,0.04361004475139291,643,These stay on until the tip jar is full.
1033,59,21,41,132,194,1.4278350515463918,0.04888853058408537,643,I’m just going to hit a few notes.
2007,60,22,56,156,234,1.4273504273504274,0.0430966688429201,643,"I will now play The Boxer by Simon & Garfunkel, as it's never been played before."
2718,61,20,48,138,206,1.4271844660194175,0.046269236226026925,643,And now a piece by Punchini.
2660,62,25,49,158,232,1.4267241379310345,0.044631627858167544,643,"And now, because you're drunk and not listening anyway..."
2305,63,25,47,156,228,1.4254385964912282,0.04519847774915316,643,You think this was bad?  You should hear me play the violin.
2260,64,21,45,139,205,1.424390243902439,0.04692302904462082,643,Is there nothing atonal enough that you snobs wouldn't pretend to like?
597,65,26,43,155,224,1.4241071428571428,0.04621955458362078,643,I've suffered for my art. Now it's your turn.
5522,66,24,38,141,203,1.4236453201970443,0.04877830048526546,643,I'd like to knock out a few tunes for you
2695,66,21,44,138,203,1.4236453201970443,0.047254656357935396,643,"And now, my tribute to Philip Glass."
2862,68,21,51,148,220,1.4227272727272726,0.044564765682259894,643,"This next piece is forte. Very, very forte."
1165,69,22,46,145,213,1.4225352112676057,0.04610140465975354,643,It's Shostakovich.  You won't notice the difference.
300,70,20,47,139,206,1.4223300970873787,0.04623071217924806,643,This next one’s dedicated to my ex-wife.
3839,70,24,39,143,206,1.4223300970873787,0.048236060537654134,643,"And now, time to knock out a few classics."
3781,72,23,30,127,180,1.4222222222222223,0.052825536234220996,643,"And next, a piece written by President Trump."
3817,72,23,49,153,225,1.4222222222222223,0.044741073617318744,643,"This next piece features dense chords, unusual harmonies, and a pounding rhythm."
2326,74,18,48,133,199,1.4221105527638191,0.046321110041386095,643,"And now, a request from the drunks at table three."
5524,75,22,45,144,211,1.4218009478672986,0.046415089599578595,643,"And now, Mozart's Requiem for a Heavyweight."
3131,76,21,49,146,216,1.4212962962962963,0.04514834316503474,643,"Sorry for the gloves, but some of the notes are sharp."
4545,76,23,45,148,216,1.4212962962962963,0.04609235874654191,643,"And now, here’s one that pretty much anybody can play."
2905,78,20,48,141,209,1.4210526315789473,0.045739378381762195,643,Would the gentleman in the balcony care to repeat that remark?
1249,78,23,42,144,209,1.4210526315789473,0.04722404694233644,643,And now a little piece I wrote watching the news.
2846,80,17,59,145,221,1.420814479638009,0.042510736997265784,643,I call it Requiem for a Heavyweight
1745,81,20,55,151,226,1.420353982300885,0.04323823731154586,643,I coulda been a composer
3844,82,23,41,143,207,1.4202898550724639,0.047555206294555535,643,You don't understand.  I could've played a cadenza.  I could've been somebody!
4781,83,22,56,160,238,1.4201680672268908,0.04252082200728581,643,"When we change to C sharp major, the gloves come off."
203,84,27,30,143,200,1.42,0.05080260350231143,643,I play the anthem the way he runs the country
1015,85,21,34,126,181,1.419889502762431,0.0514039831534579,643,I find the piece goes quickly if I can hit a bunch of notes at the same time.
1417,86,19,48,138,205,1.4195121951219511,0.0458518269422646,643,I dedicate this song to my father and mother who had different plans for me.
2452,87,20,48,142,210,1.4190476190476191,0.04556518557337951,643,"And now, Liszt's sonata in B minor, B major, A minor, C major... All of the keys, really."
585,87,15,58,137,210,1.4190476190476191,0.04299236912791643,643,I'll be delighted to meet with the critics after the show.
5248,89,25,48,161,234,1.4188034188034189,0.04429138441478821,643,"And now, my latest composition:”Requiem For a Heavyweight.”"
498,89,19,60,155,234,1.4188034188034189,0.041732865857535405,643,And now Rhapsody in Black and Blue.
1126,91,19,47,137,203,1.4187192118226601,0.046169379918714205,643,Please turn on your cell phones.
3749,91,24,37,142,203,1.4187192118226601,0.0487388796884552,643,"The next piece is entitled, ""The Trump White House."""
5418,93,22,46,147,215,1.4186046511627908,0.04575564721687759,643,"For my next piece, the gloves are coming off."
3225,94,19,51,143,213,1.4178403755868545,0.04459744217985011,643,I dedicate this piece to the Times critic in the second row.
1850,95,22,42,142,206,1.4174757281553398,0.04720386391616362,643,Tonight I'll be performing some of my greatest hits.
3847,96,21,33,126,180,1.4166666666666667,0.051588665816437326,643,This next piece was written as a round...actually ten rounds.
3291,97,21,50,150,221,1.416289592760181,0.044366132486007945,643,This one's going out to my ex-wife and her attorney.
2218,98,24,43,152,219,1.4155251141552512,0.04603758316362009,643,Beethoven’s going down in the 5th
429,99,21,40,137,198,1.4141414141414141,0.04804553230419855,643,Anyone can play blindfolded.
4615,100,16,45,125,186,1.413978494623656,0.04734253052562927,643,"Cough one more time, I dare you."
167,101,19,51,145,215,1.413953488372093,0.04426661913392044,643,Could I have a volunteer from the audience to come scratch my nose?
4544,102,20,44,139,203,1.4137931034482758,0.046650836268665015,643,And this next piece is for my ex-wife.
126,103,21,49,150,220,1.4136363636363636,0.044488488748842585,643,"The next selection is my own composition,'Rhapsody in Black and Blue'."
256,104,20,41,135,196,1.413265306122449,0.04785441198377604,643,I shall say this only once. Cell phones off!
3082,105,19,57,154,230,1.4130434782608696,0.04219190689129764,643,Let's see how many of youse remember dis one…
2079,106,13,52,124,189,1.4126984126984128,0.04495533069122325,643,What it lacks in subtlety it gains in punch.
1953,107,15,57,139,211,1.4123222748815165,0.04278922379384666,643,I was told to expect a tough crowd.
1724,108,17,55,144,216,1.412037037037037,0.04311530913315323,643,I'll conclude with Gershwin's Rhapsody in Black and Blue.
3049,109,22,49,155,226,1.4115044247787611,0.04406352982546842,643,"If you think this looks difficult, wait till you see me play the harp."
5182,109,22,49,155,226,1.4115044247787611,0.04406352982546842,643,I am very happy to be back here in Madison Square Garden
1869,111,22,42,145,209,1.4114832535885167,0.04665189734548477,643,"It was at that moment,Ted realized he had put his boxing gloves on instead of his tuxedo pants. Again."
1864,112,20,45,142,207,1.4106280193236715,0.04596586766845333,643,I'm done tickling them.
4002,113,23,43,151,217,1.4101382488479262,0.04584123328382667,643,This is going to hurt you more than it hurts me.
5368,114,19,55,153,227,1.4096916299559472,0.042553728628227705,643,This next piece is a bit heavy-handed.
3498,115,24,38,148,210,1.4095238095238096,0.047440997730716625,643,"For my encore, Rhapsody in Black and Blue."
1180,116,28,32,155,215,1.4093023255813955,0.04844493203503434,643,"Tonight I'll be playing Chopin's Nocturne in C#, D, D#, E, and F Minor."
5580,117,23,51,163,237,1.409282700421941,0.042975318032636926,643,I started out tickling the ivories ... now I like to beat the crap out of them!
1058,118,18,47,138,203,1.4088669950738917,0.04554590095189309,643,And now a piece by Sugar Ray Leonard Bernstein.
2830,118,20,43,140,203,1.4088669950738917,0.046604461095505784,643,"I will now play for you Mozart's little-known ""Requiem for a Heavyweight."""
2624,120,18,53,147,218,1.408256880733945,0.04329306490509365,643,"I will now perform ""Dance of the Sugar Ray Plum Fairy""."
4183,121,19,48,144,211,1.4075829383886256,0.044804010952091446,643,And the hits just keep coming.
1812,122,16,45,128,189,1.4074074074074074,0.04674163829585558,643,"Before  I begin I want to thank my piano teacher, Mike Tyson."
2748,123,19,52,150,221,1.407239819004525,0.043345401883598846,643,I just play the hits.
1750,124,21,39,139,199,1.407035175879397,0.04780076590919577,643,The ski boots are making it difficult to work the pedals.
1983,125,18,49,142,209,1.4066985645933014,0.044589131026151564,643,Could somebody scratch my nose?
5175,126,16,44,127,187,1.4064171122994653,0.04708521431861916,643,Handel with care
4077,127,19,55,155,229,1.4061135371179039,0.04225674433434503,643,I'm not so much tickling the ivory as I am pounding them into submission.
1956,128,19,54,154,227,1.4052863436123348,0.04251133135516066,643,One of my greatest hits...
2360,129,19,56,157,232,1.4051724137931034,0.041861492515138765,643,Just wait until after intermission; that’s when the gloves come off!
3597,130,18,43,134,195,1.405128205128205,0.04683898318869078,643,I was told to be careful - some of the keys are sharp.
381,131,23,37,145,205,1.4048780487804877,0.04776074246776032,643,"And now, my rendition of the crap these kids are listening to nowadays."
873,132,25,41,159,225,1.4044444444444444,0.04546836410119458,643,"This is Mozart's Concerto in G minor, A major, D minor and C#."
2378,133,22,40,146,208,1.4038461538461537,0.046743875023514396,643,For this next fugue I am going to take the gloves off.
3532,134,19,43,139,201,1.4029850746268657,0.046348831194702435,643,"The next piece is a new work titled ""A day at the White House""."
4906,135,17,51,143,211,1.4028436018957346,0.043736117528918025,643,"Sir, would you mind not ringing that bell before every movement?"
2462,136,20,49,152,221,1.4027149321266967,0.043772713100640105,643,"Ladies and Gentlemen,.. Rhapsody in Black and Blue."
853,137,14,40,115,169,1.4023668639053255,0.04916857809697141,643,Can somebody adjust my tie?
3806,138,17,46,136,199,1.4020100502512562,0.04557446127747905,643,There are no white notes; there are no black notes; there are just... notes.
217,139,20,46,148,214,1.4018691588785046,0.044788822479653045,643,"And now, Mozart's ""A Little Fight Music"""
4839,140,27,36,161,224,1.4017857142857142,0.046463514914125495,643,Can ANYONE name that tune ?? Anyone ?? Anyone ??
4390,141,19,54,156,229,1.4017467248908297,0.04221317862730549,643,This is dedicated to the critics who thought my last performance lacked finesse.
3362,142,23,35,144,202,1.400990099009901,0.04824893017055174,643,Requiem for a Heavyweight
1376,143,16,46,133,195,1.4,0.045639926684266,643,I guarantee: Beethoven is going down in the 5th.
3055,143,15,50,135,200,1.4,0.044269617063793024,643,Anyone can play with his bare hands.
1203,143,21,32,132,185,1.4,0.05038045617377159,643,"Howard had gravely misunderstood what the club manager meant by ""dueling pianos."""
4662,146,22,43,153,218,1.3990825688073394,0.04511381073686665,643,What would you have done if your teacher kept hitting your fingers?
1899,147,14,49,130,193,1.3989637305699483,0.044771956465684694,643,Who requested a fight song?
4848,147,18,41,134,193,1.3989637305699483,0.047121306755641794,643,I thought you said FIGHT of the bumblebee.
4150,149,19,50,152,221,1.3981900452488687,0.04325297858745152,643,And now for a piece my two year old son wrote
3771,150,24,38,154,216,1.3981481481481481,0.04634794707059276,643,This piece is called 'Flight of the Elephant.'
530,151,16,48,137,201,1.3980099502487562,0.044654339646401746,643,"This next piece is titled ""Ode To My Parents Who Could Not Agree On After School Activities"""
4038,152,17,51,146,214,1.397196261682243,0.04324349097867208,643,"Sorry sir, but ""My Way"" means my way."
4283,153,18,45,141,204,1.3970588235294117,0.04526189267129588,643,Can I get a page turner in here??
3574,153,16,49,139,204,1.3970588235294117,0.04418199370677905,643,The inspiration for my next piece comes from being bullied on my way to piano lessons.
4777,155,18,43,138,199,1.3969849246231156,0.04607264887144119,643,I’m just gonna knock out a few tunes for you.
2661,156,20,31,128,179,1.3966480446927374,0.050989206859960924,643,"I coulda been a cadenza."""
1553,157,19,50,153,222,1.3963963963963963,0.04309504724729618,643,Any other hecklers out there?  I thought not.
220,158,18,50,149,217,1.3963133640552996,0.04330916521756746,643,My father wanted me to box and my mother wanted me to play the piano. I call this piece The Regrettable Compromise.
2005,159,13,54,135,202,1.396039603960396,0.042782866528205364,643,I call this number “Rhapsody in Black and Blue”
438,160,21,47,157,225,1.3955555555555557,0.04359708095012938,643,I will only be playing my hits.
3053,161,22,39,149,210,1.3952380952380952,0.04632673398270838,643,Maim that tune.
4199,161,19,45,146,210,1.3952380952380952,0.044827010625752554,643,I plan to take Beethoven in the Ninth.
4141,163,18,45,142,205,1.395121951219512,0.04508218807114568,643,"You mean it isn't ""'Fight'"" of the Bumblebee?"""
2413,164,18,43,139,200,1.395,0.045884659855448984,643,I tend to fight Bach.
2605,165,18,48,147,213,1.3943661971830985,0.04386168140105605,643,And now for a little Rockymaninoff.
4121,166,22,28,133,183,1.3934426229508197,0.05130616375082108,643,"And now, my new arrangement of 'Hail to the Chief.'"
4064,167,12,51,128,191,1.3926701570680629,0.04377783355691288,643,This song is dedicated to my mother-in-law....
4297,168,18,44,142,204,1.392156862745098,0.0452056301248724,643,"Oh, THAT kind of dueling pianos."
1772,169,19,51,157,227,1.3920704845814977,0.04237172733903809,643,"Now, for the grand finale—my blindfold, please."
1237,170,21,36,142,199,1.3919597989949748,0.047640414011799616,643,"For my next song I'll play something from the early Trump years, Covfefe, in g-minor."
5532,171,20,47,155,222,1.3918918918918919,0.04351588970420706,643,"We'll start on the count of three -- and, of course, finish on the count of ten."
831,172,18,40,136,194,1.3917525773195876,0.046862686958557824,643,Any other stupid requests?
3290,173,16,54,150,220,1.3909090909090909,0.04184957400961921,643,This next one goes out to all my critics
138,174,23,31,143,197,1.3908629441624365,0.04905180732249253,643,It’s not like you can hear me over your phones anyhow.
468,175,15,43,129,187,1.3903743315508021,0.046281630875234854,643,It’s an experimental piece.
4515,176,19,40,141,200,1.39,0.04637080176448761,643,"Now, the Philip Glass variations on Paul Simon's ""The Boxer."""
524,177,18,49,151,218,1.389908256880734,0.043095511905911245,643,I coulda been a conductor.
1584,178,23,37,153,213,1.3896713615023475,0.04626574351330277,643,"My next song is ""Fight of the Bumblebee."""
1735,179,17,45,141,203,1.3891625615763548,0.04478787997811907,643,"And now, Rossini's earlier and lesser-known work, The Boxer of Seville."
3235,180,18,41,139,198,1.3888888888888888,0.04614436091983153,643,"I tell ya, I coulda been somebody...
I coulda been a conductor!"
3919,180,22,33,143,198,1.3888888888888888,0.0483156154519099,643,"Tonight, I will finally give this piano what it has deserved for years."
3762,182,22,38,151,211,1.3886255924170616,0.04609134548567418,643,"And now the theme from Rocky, as it was meant to be played."
2415,183,17,46,143,206,1.3883495145631068,0.044314987432873536,643,"Now for my take on Gershwin, “Rhapsody in Black and Blue”."
5044,184,20,33,135,188,1.3882978723404256,0.049070972944146946,643,The critic from the Times will not be joining us this evening.
5696,185,17,51,151,219,1.3881278538812785,0.04244455446833139,643,I can't start without my page turner!
3960,186,17,50,150,217,1.3870967741935485,0.0427056510947575,643,"And for my next piece, ""Requiem for a Heavyweight."""
1796,187,21,45,159,225,1.3866666666666667,0.04349785617778757,643,No other pianist would even attempt this.
2194,187,15,57,153,225,1.3866666666666667,0.04066900851961176,643,This is my concerto in 15 rounds.
673,189,14,40,122,176,1.3863636363636365,0.047580169095382784,643,Subtlety and nuance are so overrated.
3668,190,19,40,143,202,1.386138613861386,0.04599126007322796,643,"My version of ""Hit Me With Your Best Shot""."
5238,190,16,46,140,202,1.386138613861386,0.0443556087941117,643,"Ladies and Gentlemen, welcome to my first ever Pay-Per-View event..."
5700,192,22,32,143,197,1.385786802030457,0.048461303688480416,643,"If I hear one more cell phone ringing, the gloves come off!"
2515,193,13,55,142,210,1.3857142857142857,0.041545979562380535,643,I've found these to be enormously helpful in performing Bartok.
1709,194,23,33,149,205,1.3853658536585365,0.04755024465386242,643,"I shall now play ""Flight of the elephant."""
3959,194,16,47,142,205,1.3853658536585365,0.043889152567340405,643,My next piece will be “Fight of the Bumblebee”
3812,196,24,41,166,231,1.3852813852813852,0.04396796497991463,643,"And now, a Chopin nocturne in C, D, E, F and very probably G."
1390,197,17,41,137,195,1.3846153846153846,0.046030321970174516,643,"And now, an ode to my ex-wife."
4146,197,17,51,153,221,1.3846153846153846,0.04213250442347432,643,I will now perform 'Rhapsody in Black & Blue'
2557,199,22,42,160,224,1.3839285714285714,0.044062531742720956,643,I call this next one “An Ode to 2018.”
5694,200,17,55,160,232,1.3836206896551724,0.04071905540399864,643,"Tonight, only hits."
3243,200,15,59,158,232,1.3836206896551724,0.03979200255480267,643,Here’s the tricky part.
1205,202,19,46,154,219,1.3835616438356164,0.04336521303534021,643,Yeah. I’m that good.
5505,203,14,41,125,180,1.3833333333333333,0.046793522712508605,643,I was told my tunes weren't punchy enough.
3609,204,23,41,163,227,1.3832599118942732,0.044074299879753254,643,I can't Handel this.
657,205,17,43,141,201,1.3830845771144278,0.04502693709032457,643,"I dedicate this next piece to the critics."""
4058,206,18,36,134,188,1.3829787234042554,0.04782965442468915,643,What?  It’s FLIGHT of the Bumblebee?
3126,207,17,33,125,175,1.3828571428571428,0.04974436173826969,643,"And now, the hits."
1040,208,16,43,137,196,1.3826530612244898,0.045262482459224644,643,Now a little something from Dukes Ellington.
5335,209,18,47,152,217,1.3824884792626728,0.04314540767832964,643,"Why yes, it IS a player piano. Why do you ask?"
1403,210,18,42,144,204,1.3823529411764706,0.045085018635319746,643,I get a lot of criticism for this next one.
4442,210,18,42,144,204,1.3823529411764706,0.045085018635319746,643,No need to turn off your cell phones.
3631,212,14,53,145,212,1.3820754716981132,0.04177173795256406,643,Will someone ring the bell so I can start?
91,213,16,52,152,220,1.3818181818181818,0.04173670478739828,643,The finale is a knockout.
1250,213,20,44,156,220,1.3818181818181818,0.04368061959463115,643,"Could you turn the page, please?"
5144,215,19,34,136,189,1.380952380952381,0.04820644133800967,643,Now I'd like to knock out a few requests.
98,216,22,37,154,213,1.380281690140845,0.04567317739325615,643,For this next one I'll need a volunteer.
196,216,18,45,150,213,1.380281690140845,0.04369068004279014,643,"And now, The Ill-Tempered Clavier."
4388,216,17,47,149,213,1.380281690140845,0.04318083625814656,643,Next critic?
3731,219,19,36,140,195,1.3794871794871795,0.04709873676616227,643,I'm the guest pianist at the Trump Family Christmas Party.
995,220,20,45,159,224,1.3794642857142858,0.04308936225682421,643,"You want to step up on the stage and say that, sir?"
1640,220,22,41,161,224,1.3794642857142858,0.044008749283508085,643,This next piece is titled Beethoven's Fifth Round.
5149,220,11,63,150,224,1.3794642857142858,0.03868264737068826,643,Alex Ross wrote last week that I played as if wearing boxing gloves.  This next piece is for Alex.
137,223,24,35,160,219,1.3789954337899544,0.045662100456621,643,I seem to have Baroque the piano.
361,224,21,39,154,214,1.3785046728971964,0.04500915753119004,643,"And now, 'Requiem for a Heavyweight.'"
2540,224,17,47,150,214,1.3785046728971964,0.04301530408763315,643,"And now, a new composition, ""Ode to Trump."""
3295,224,19,43,152,214,1.3785046728971964,0.04402352011947153,643,"This next piece is called
A Presidential Press Conference."
820,227,16,38,131,185,1.3783783783783783,0.047099637340931644,643,"And now, the 1812 Overture as it was meant to be played."
5027,227,15,40,130,185,1.3783783783783783,0.04647172722276189,643,And now for Chopin with some punch.
3542,229,17,39,137,193,1.378238341968912,0.04628601647986818,643,My other instrument is the hammered dulcimer.
5119,230,14,48,139,201,1.3781094527363185,0.043269283393351045,643,I shall select Rhapsody in Black and Blue
614,231,14,43,131,188,1.377659574468085,0.045313464992103245,643,This next piece is a knockout.
2340,232,20,37,147,204,1.3774509803921569,0.04608089744341648,643,"And now, the Gold’s Gym Variations"
5151,232,16,45,143,204,1.3774509803921569,0.04393481977459996,643,I call this piece Beethoven's Fifth Round.
1728,234,17,41,141,199,1.3768844221105527,0.045265592538564325,643,"Go on, request Piano Man man again. I dare you."
1285,235,15,48,144,207,1.3768115942028984,0.04293549875052772,643,"And now, a Victor Borge etude  from his deconstructive period."
4135,236,18,45,152,215,1.3767441860465117,0.043355187294972515,643,And now something for the critics
2949,237,13,53,144,210,1.3761904761904762,0.0414151999015815,643,"And now, 'Toddlers Pounding on Piano', an original score by my 3-year old twins."
4137,238,14,43,132,189,1.3756613756613756,0.04511734432293046,643,I will now perform Bach's little-know Golden Gloves Variations.
589,239,17,43,145,205,1.3756097560975609,0.044301812789807174,643,"I call it ""Fur Ali."""
4158,240,17,49,155,221,1.3755656108597285,0.042015269769964766,643,The ivories have announced they no longer want to be tickled.
2280,241,18,42,148,208,1.375,0.044366279742044934,643,"And now, Beethoven's 5th Round!"
4672,242,16,44,143,203,1.374384236453202,0.04404409064153617,643,Give me a minute while I break in this new piano.
3678,243,15,42,136,193,1.3730569948186528,0.04503042304603289,643,This one goes out to my ex wife.
5430,244,17,42,145,204,1.3725490196078431,0.04441313624649777,643,"It's a percussion instrument, dammit!"
1968,245,14,42,132,188,1.372340425531915,0.045234930616849564,643,The best Opus is a good defence.
3321,246,11,56,143,210,1.3714285714285714,0.040228491683675795,643,"This next tune is called ""Fight of the Bumblebee."""
62,247,14,48,143,205,1.3707317073170733,0.042580665913185205,643,I think you'll find this one less subtle than my earlier works
737,248,14,45,138,197,1.3705583756345177,0.04376286082556812,643,This last movement opens with a mandatory eight count.
5045,249,19,46,162,227,1.3700440528634361,0.042097250076307845,643,"Next, Gershwin's Rhapsody in Black and Blue"
3614,250,15,44,141,200,1.37,0.04387625357913667,643,This next piece is my homage to cognitive dissonance.
5029,250,9,56,135,200,1.37,0.04029414461745356,643,Rhapsody in black and blue.
139,252,15,41,136,192,1.3697916666666667,0.045146404652414554,643,Due to the present social environment I can no longer tickle the ivories
2523,253,15,38,131,184,1.3695652173913044,0.046519885033540605,643,"I am going to play an original composition that I am sure you will love, if you know what's good for you."
2861,253,18,32,134,184,1.3695652173913044,0.04839720340331207,643,And now for George Gershwin's 'Rhapsody in Bruise.'
3463,253,20,45,165,230,1.3695652173913044,0.042152758743789875,643,The next one goes something like this.
192,256,15,45,143,203,1.3694581280788178,0.043414994381694647,643,This piece is a knockout.
1710,257,19,44,159,222,1.3693693693693694,0.04276140315287587,643,I call this one 'Crippling the Ivories'.
3511,258,15,42,138,195,1.3692307692307693,0.044649006992466087,643,I will be performing the cannon solo from Tchaikovsky's 1812 Overture transcribed for piano.
1946,259,14,48,144,206,1.3689320388349515,0.04241165967463082,643,"You see, I only play in my spar time."
1275,260,15,43,140,198,1.3686868686868687,0.04416581659648069,643,"First, I like to show the piano who’s boss."
4838,261,11,58,148,217,1.368663594470046,0.03933081660155387,643,The conductor and I have worked out our artistic differences.
855,262,17,43,149,209,1.368421052631579,0.0435981654544539,643,Has it been tuned?
1722,263,14,43,136,193,1.3678756476683938,0.04434834150695771,643,And now. Gershwin as you've never heard him.
4337,264,16,44,147,207,1.3671497584541064,0.043339940171702666,643,"And for my next piece, I will need a new piano."
3120,265,13,47,139,199,1.3668341708542713,0.04281273105988457,643,"""This next piece will be played in rounds."""
4510,266,14,49,147,210,1.3666666666666667,0.04182187996499542,643,"If you don't like my playing, I suggest you keep your mouth shut."
1143,267,21,39,161,221,1.3665158371040724,0.04380884235800886,643,"And now Beethoven’s sonata in C, B, Bb, A and G#."
14,267,18,45,158,221,1.3665158371040724,0.042376982702758866,643,And now for some of my greatest hits.
4333,269,21,32,149,202,1.3663366336633664,0.046790253725273345,643,"And now for my sonata in C, C sharp, D, E, and F."
4377,269,16,42,144,202,1.3663366336633664,0.044079865671646894,643,Can you hear me now ?
4753,271,18,42,153,213,1.3661971830985915,0.04349749996591056,643,I am also a neurosurgeon.
2610,272,25,25,155,205,1.3658536585365855,0.04829988014520362,643,I am now going to play a piano interpretation of Donald Trump’s presidency.
5278,273,18,43,155,216,1.3657407407407407,0.043059780941655475,643,"And now, Beethoven in the 5th."
5052,274,15,46,147,208,1.3653846153846154,0.042625742797762156,643,You should see the other piano
3450,275,13,54,152,219,1.365296803652968,0.040101734735699654,643,For my next hit...
1123,276,13,39,126,178,1.3651685393258426,0.04620562570872211,643,This next little number will knock you out.
3093,277,15,39,135,189,1.3650793650793651,0.04557706712686855,643,"And now, 'Eine Kleine Knock-out-musik'"
2220,278,14,49,148,211,1.3649289099526067,0.04165945970629895,643,"I have wrestled with Tchaikovsky my entire life, but tonight I'm going to clobber him!"""
938,279,13,44,135,192,1.3645833333333333,0.04383924662666416,643,"Good evening and welcome to our first 
Mixed Musical Arts competition."
2186,280,12,43,129,184,1.3641304347826086,0.044474726896837326,643,"Tonight, I go 10 rounds with Liszt"
2278,280,12,43,129,184,1.3641304347826086,0.044474726896837326,643,I dedicate this next number to everyone who believed  I coulda been a contender.
2819,282,13,45,137,195,1.3641025641025641,0.043367598019591114,643,I dare you to keep your cell phone on.
3347,282,15,41,139,195,1.3641025641025641,0.04456999827461584,643,The next piece is from the Maestro's black and blue period.
2431,284,18,43,156,217,1.3640552995391706,0.04289401537770569,643,This next tune may ring a bell.
4847,284,18,43,156,217,1.3640552995391706,0.04289401537770569,643,Bach off.
94,286,15,42,141,198,1.3636363636363635,0.04408805852532145,643,"Now, for the fight song."
719,286,17,38,143,198,1.3636363636363635,0.045236105385308645,643,So what? Beethoven was deaf.
2564,286,18,40,151,209,1.3636363636363635,0.04405273077765382,643,That's it! The gloves are coming off.
5506,286,13,50,146,209,1.3636363636363635,0.04135952084101654,643,Where is my page turner?
4360,290,18,41,153,212,1.3632075471698113,0.04359981442650502,643,"Mom, you and Dad are going to have to reach an agreement as to what you want me to be."
1255,290,15,47,150,212,1.3632075471698113,0.04203345873387692,643,While I drink a glass of water.
2398,290,18,41,153,212,1.3632075471698113,0.04359981442650502,643,"After all those Christmas carols, this one is for Boxing Day"
5286,293,11,51,139,201,1.36318407960199,0.041275546043877676,643,This next song begins with a standing eight count
5410,293,19,35,147,201,1.36318407960199,0.04584409069301105,643,I like to think that I legato like a butterfly and staccato like bee.
1242,295,15,39,136,190,1.3631578947368421,0.04537725318027215,643,And now a piece by Sugar Ray Charles...
5629,296,18,29,132,179,1.3631284916201116,0.04928611198905402,643,"And now, a little Rockymaninoff."
3030,297,24,34,168,226,1.3628318584070795,0.04440091497870626,643,LLLET'S GET READY TO CRESCENDOOOOOOO!!!!
823,298,17,44,154,215,1.3627906976744186,0.04265231870410651,643,"""Do I hear a request for Rhapsody in Black and Blue?"""
5221,298,19,40,156,215,1.3627906976744186,0.04365956840250148,643,And now I shall play Beethoven's Fist.
539,300,16,38,139,193,1.3626943005181347,0.04546921197921582,643,"Before I begin, are there any critics in the audience tonight?"
2274,301,21,45,174,240,1.3625,0.041220589870703,643,"I call this next piece ""Beethoven's Fist""."
1280,302,17,49,163,229,1.3624454148471616,0.04080066819972021,643,And now I’d like to play for you some of my greatest hits.
1112,303,20,40,161,221,1.3619909502262444,0.0432723393328215,643,I dedicate this last tune to the guy snoring in row one
4293,303,16,48,157,221,1.3619909502262444,0.041327400236682216,643,You shoulda seen the other Steinway!
5397,303,20,40,161,221,1.3619909502262444,0.0432723393328215,643,"...and now Piano Concerto No. 2 in C Minor. And also in A Major, B Minor, D Minor, E Minor, F Major and G Major. Just because I can."
3662,306,17,42,151,210,1.361904761904762,0.043354247217212795,643,My therapist told me the way to treat performance anxiety is to imagine my worst fear.
2466,307,14,44,141,199,1.3618090452261307,0.043322071823773296,643,Next I am going to play one of my smash hits
376,308,13,43,135,191,1.361256544502618,0.04394230116431437,643,"Float like a butterfly, sting like a B flat."
2037,308,16,37,138,191,1.361256544502618,0.04578493894930221,643,And now... a medley of big hits.
1498,310,13,39,128,180,1.3611111111111112,0.04578028173200505,643,"Inspired by a recent court order, I call this piece 
""Anger Management"""
5087,310,17,44,155,216,1.3611111111111112,0.04248760606974408,643,It'll be three rounds of Bach and then the gloves come off.
607,312,13,44,137,194,1.3608247422680413,0.043467030337752885,643,This next piece consists of twelve rounds.
2827,313,21,46,177,244,1.360655737704918,0.04070946564412935,643,This first piece will be a knockout.
4917,314,13,49,146,208,1.3605769230769231,0.04144498743729797,643,"And as promised, my finale is a real knockout."
5267,314,15,45,148,208,1.3605769230769231,0.04255101938253767,643,I love pounding the ivories.
4996,316,18,48,167,233,1.3605150214592274,0.04073941466756355,643,"And now, a flurry of left jabs in G-minor."
1105,317,16,39,142,197,1.3604060913705585,0.04477552224520838,643,And now I’d like to bang out a few of my favorite tunes.
2014,317,16,39,142,197,1.3604060913705585,0.04477552224520838,643,Can I get a volunteer to turn pages....?
2951,319,11,54,146,211,1.3601895734597156,0.03992364423402358,643,"The sound is terrible, but I get way less hecklers."
3348,319,13,50,148,211,1.3601895734597156,0.04103864574982891,643,I've been told you're a tough audience.
4389,319,17,42,152,211,1.3601895734597156,0.04318236442218147,643,"And now for the younger members of the audience, a few death metal classics."
4908,322,15,47,152,214,1.3598130841121496,0.041708497940797146,643,"Clearly, I am the Greatest."
704,322,23,31,160,214,1.3598130841121496,0.04572323864633107,643,"Great, I'm having another anxiety dream."
634,322,11,55,148,214,1.3598130841121496,0.03954858941304415,643,"And, now for something completely different."
5473,325,17,39,147,203,1.3596059113300492,0.04437560121447962,643,"'This piece knocked me out the first time I heard it."""
736,326,13,52,152,217,1.359447004608295,0.0402573045873058,643,I do it my way!
909,327,13,43,136,192,1.359375,0.043753311081387226,643,We're doing the 1812 .... couldn't afford the cannons
2054,327,14,41,137,192,1.359375,0.044372173176436276,643,This next piece was composed by the most talented lobster I ever met.
5546,329,14,37,130,181,1.3591160220994476,0.04623898291410745,643,"And now, a few of my greatest hits."
3650,330,13,49,147,209,1.3588516746411483,0.04128227549235718,643,"Tonight, I've a score to settle with the piano."
807,331,19,42,162,223,1.358744394618834,0.04247152948838365,643,It's a variation I call 'The Fight of the Bumblebee.'
1873,332,16,49,161,226,1.3584070796460177,0.04063629276942872,643,"Believe it or not, that was a little tune I just knocked out."
2914,333,16,40,145,201,1.3582089552238805,0.04410778161055025,643,"Now is there ANYONE ELSE who thinks
they want to leave before my recital is over ???"
2968,334,19,39,157,215,1.3581395348837209,0.043590050442577716,643,"For my final piece, I'd like to play for you Mozart's 'Requiem for a Heavyweight.'"
3584,335,11,41,124,176,1.3579545454545454,0.04502844109753461,643,My next number may lack subtlety but it more than makes up for it in punch.
2222,336,14,45,145,204,1.357843137254902,0.04252187662602968,643,"Tonight, I will not be 'tickling the ivories' as they say..."
3496,337,12,40,127,179,1.3575418994413408,0.04520762973015354,643,"And now, mauler"
183,338,12,56,156,224,1.3571428571428572,0.038858989291774636,643,This next piece is for the critic who called me a 'lightweight.'
3278,338,17,41,152,210,1.3571428571428572,0.043280358907643424,643,This next piece is by my two-year-old toddler.
1300,340,20,36,157,213,1.3568075117370892,0.044366044859626946,643,"And now, a touching musical tribute to the great Muhammad Ali."
625,341,18,41,157,216,1.3564814814814814,0.0429206461680545,643,And now for a few of my greatest hits...
2887,341,18,41,157,216,1.3564814814814814,0.0429206461680545,643,This one was written by my three-year-old
1533,343,16,40,146,202,1.3564356435643565,0.04392469342255631,643,I will now play the theme from Rocky as it was meant to be played.
3328,344,19,35,151,205,1.3560975609756099,0.045084775358477214,643,"Oh, I wouldn't say that I ""tickle"" the ivories."
478,344,13,47,145,205,1.3560975609756099,0.04178149019857127,643,"This will be easy, tying my tie was the difficult task."
4890,346,15,38,138,191,1.356020942408377,0.04509277534631142,643,I float like a butterfly and sting like a B-sharp.
509,347,15,44,149,208,1.3557692307692308,0.04247353563300862,643,I was misled about how duelling pianos worked.
1121,347,16,42,150,208,1.3557692307692308,0.04301688462192617,643,I feel like I'm fighting the music.
1132,347,19,36,153,208,1.3557692307692308,0.044607238905799505,643,"And now the Minuet in C, C sharp, D, D sharp, E, F, F sharp"
3096,350,18,50,174,242,1.3553719008264462,0.03959562423474646,643,Turns out the ivories prefer to be roughed up a little.
2743,351,15,40,142,197,1.3553299492385786,0.044109953084106014,643,I'd like to dedicate this next piece to my wife of 36 years.
242,352,13,45,142,200,1.355,0.04247227886942034,643,And now for something a little more dissonant.
5133,352,16,39,145,200,1.355,0.044211403972346665,643,"This one's called ""Eine Kleine Knockout-musik."""
2780,354,19,39,159,217,1.3548387096774193,0.043250102074657716,643,You wanna come up here and say that?
2059,354,15,47,155,217,1.3548387096774193,0.041229767637422886,643,Now I'd like to pound out some old favorites.
3832,356,21,30,152,203,1.354679802955665,0.04644695644118328,643,And now a little-known piece by John Cage.
2372,356,13,46,144,203,1.354679802955665,0.042037280605645176,643,"And now, Cacophony Number 9 in E minor."
664,358,16,46,158,220,1.3545454545454545,0.041341517859282736,643,I call it pugilissimo.
2727,359,12,44,136,192,1.3541666666666667,0.043034908446144104,643,"If you’re looking for treble, you found it."
5152,360,16,42,151,209,1.354066985645933,0.042844396633925454,643,This next exuberant piece dates to Mozart's toddler years.
626,361,14,41,140,195,1.353846153846154,0.04380302658917612,643,And now for some Rockymaninoff.
135,362,13,49,150,212,1.3537735849056605,0.04080117929729891,643,I like to play this one Pugilisimo
4423,363,16,49,164,229,1.3537117903930131,0.04019348767820991,643,We're recording this one as a boxed set.
2821,364,17,36,145,198,1.3535353535353536,0.04507553046798611,643,You should a looked out for me Charlie.  I could a been a conductor.
4207,364,14,42,142,198,1.3535353535353536,0.043335677658512206,643,Tonight I’d like to play a medley of my hits.
4403,364,14,42,142,198,1.3535353535353536,0.043335677658512206,643,Wait...wait...for the punch line!
4107,367,17,42,156,215,1.3534883720930233,0.04250749674242568,643,I miss the days when just tickling the ivory was enough.
4899,368,15,41,145,201,1.3532338308457712,0.04345764736700986,643,Go ahead. Ask me to play Piano Man. I want you to.
5012,369,15,48,158,221,1.3529411764705883,0.04068282576876586,643,This should settle the score!
3421,370,22,41,178,241,1.3526970954356847,0.04137604321015162,643,"My first selection is ""Blunt Force Trauma, in E-Minor."""
1756,371,18,37,152,207,1.3526570048309179,0.04418644771218517,643,I've always loved dueling pianos.
5231,371,17,39,151,207,1.3526570048309179,0.04365249186628725,643,I strongly urge everyone to turn off their cell phone!
479,373,16,35,139,190,1.3526315789473684,0.04581441751701594,643,This tune should ring a bell.
1039,374,18,38,154,210,1.3523809523809525,0.043728019123904505,643,"And finally, the theme from Rocky."
564,375,13,42,138,193,1.3523316062176165,0.043475871623933696,643,And now J.S. Bach's – The Ill-Tempered Clavier
5129,376,17,47,166,230,1.3521739130434782,0.04051920321983763,643,Piano Concerto by Pugilini
1287,377,18,34,147,199,1.3517587939698492,0.04544555336271518,643,Oh!  You meant BACH'S music?
2874,378,15,34,133,182,1.3516483516483517,0.04658663605510722,643,"This next piece is called Sonata in C, D, E, F, G, and B Flat Minor."
4415,379,17,37,148,202,1.3514851485148516,0.044400941822039575,643,"Well, fine, I don't think you're a very good audience."
2418,379,11,49,142,202,1.3514851485148516,0.04093765615457382,643,I'm just going to punch it up a bit.
2683,381,17,44,161,222,1.3513513513513513,0.04152395222255914,643,"And now, as promised, a knockout performance"
4040,381,16,46,160,222,1.3513513513513513,0.04103015795161255,643,Welcome to an evening of mixed martial arts and music.
2073,383,11,50,144,205,1.351219512195122,0.040534507183922944,643,"For my next number, I’ll need a volunteer from the audience...."
4886,383,16,40,149,205,1.351219512195122,0.04338394070278433,643,Now for my knockout finale.
5241,385,13,40,135,188,1.351063829787234,0.0442474742952882,643,"And now, for a rather punchy tune . . ."
1325,386,17,46,165,228,1.3508771929824561,0.040746622002350484,643,And now... a medley of my favorite hits
2219,386,12,56,160,228,1.3508771929824561,0.03830238754028399,643,I wish to prove wrong the critic who said I played as if I were wearing boxing gloves
567,388,10,47,134,191,1.350785340314136,0.041829668847516446,643,And now for something with a bit of a punch.
3644,389,16,42,153,211,1.3507109004739337,0.04250330701616657,643,"Hey, don't laugh. It's a lot easier than Chief of Staff."
4130,390,16,36,142,194,1.3505154639175259,0.045102234304710095,643,"'I'd like to dedicate this next number to my ex-wife."""
1861,391,16,57,181,254,1.3503937007874016,0.0373849860589267,643,"This next tune was written by Mike Tyson, who, I'm told, plays by ear."
4621,392,15,46,156,217,1.3502304147465438,0.041153389630165335,643,And now for a punchy tune!
484,393,16,38,146,200,1.35,0.04412749914627525,643,I float like a butterfly and sting like B flat.
542,393,10,50,140,200,1.35,0.04056758118517889,643,And to conclude tonight's program of heavyweight composers...
2336,393,15,40,145,200,1.35,0.04355439041730599,643,Could someone please straighten my tie?
5244,393,16,38,146,200,1.35,0.04412749914627525,643,"And now, “Flight of the butterfly, by Muhammad Ali."
1336,397,17,44,162,223,1.3497757847533631,0.0413673421299255,643,"My record against Bartok is 10 wins, 2 losses, and one audience walkout."
3383,398,13,45,145,203,1.3497536945812807,0.041951460957225545,643,It's hard to follow a banjo-playing elephant
2113,399,11,57,158,226,1.3495575221238938,0.037989015581633596,643,"This next one's not subtle, but it's powerful."
3332,400,14,46,152,212,1.349056603773585,0.04126504107989986,643,Anyone want to critique my performance now
3234,401,17,34,144,195,1.3487179487179488,0.04549117481643817,643,This piece is called Requiem for the Presidency.
2223,402,13,51,157,221,1.3484162895927603,0.039581299393130744,643,This is a punchy little number.
2580,403,14,43,147,204,1.3480392156862746,0.0423545219197659,643,One more comment like that and these gloves are coming off.
3695,403,13,45,146,204,1.3480392156862746,0.041780501994481925,643,I'm sorry. All I know are fight songs.
4950,403,16,39,149,204,1.3480392156862746,0.043479833110695976,643,From my boxed set of recordings.
111,406,18,44,168,230,1.3478260869565217,0.040915550439540885,643,"And now, 'How I Feel About The Little Drummer Boy.'"
3103,406,20,40,170,230,1.3478260869565217,0.041833321984292265,643,And now for another piece composed by Donald J Trump
4666,406,16,32,136,184,1.3478260869565217,0.04679662682646,643,I will now demonstrate how to knock out a tune.
2697,409,20,33,157,210,1.3476190476190477,0.04468155458071698,643,"This next piece is called ""Fight of the Bumblebee."""
3948,409,15,43,152,210,1.3476190476190477,0.042054714202382826,643,"Well, on the plus side, it’s only a MINUTE Waltz."
2291,409,21,31,158,210,1.3476190476190477,0.04518860239452742,643,This one is for you mother
3984,412,18,38,157,213,1.3474178403755868,0.04320490718719042,643,"I’ve finished writing the verses, but I still need the right hook."
1141,413,12,51,153,216,1.3472222222222223,0.03963613935441704,643,See if you can name this one!
249,414,14,40,142,196,1.346938775510204,0.04352596657433219,643,Trust me. It’s all in the wrist.
1221,415,12,38,129,179,1.3463687150837989,0.04500160050746133,643,You'll find this next piece has a little extra punch.
4522,416,14,45,152,211,1.3459715639810426,0.041345044195364875,643,I'm done tickling the ivories.
1801,417,18,38,158,214,1.3457943925233644,0.04303317476077575,643,"Let's have a clean fugue, and no hitting below middle C."
1739,418,14,47,156,217,1.3456221198156681,0.04055173468536418,643,I'm done with tickling the ivories.
297,419,14,39,141,194,1.3453608247422681,0.043809326755747335,643,I’m a professional. Please don’t try this at home.
59,419,18,31,145,194,1.3453608247422681,0.04618355671451174,643,I will now play our new national anthem.
4330,421,13,42,142,197,1.3451776649746192,0.042738510808954806,643,Could I ask someone to retrieve the mouthguard from the soundboard?
4436,422,16,38,149,203,1.3448275862068966,0.04357518766555918,643,The insurance on my hands hasn’t been processed yet.
2623,422,15,40,148,203,1.3448275862068966,0.04301190102573092,643,"And now, for something a little less intricate."
1107,424,14,43,149,206,1.3446601941747574,0.04200997993063096,643,Tickling isn't what these ivories like.
2711,425,12,48,149,209,1.3444976076555024,0.04046909681973782,643,This next piece was written by Victor Borge.
1079,426,15,43,154,212,1.3443396226415094,0.04172121880974929,643,"Now, a brief interlude while I make a momentous career choice."
770,427,13,49,156,218,1.3440366972477065,0.0398696900016999,643,"First, I thought I'd knock out a few show tunes."
526,428,18,41,165,224,1.34375,0.04162076400640211,643,I'm prepared to defend tonight's choice of music.
1408,428,19,39,166,224,1.34375,0.042099007510582015,643,This piece comes from the West Wing of the White House.
5132,428,11,44,137,192,1.34375,0.04220178843095845,643,"Everyone else tickles the ivories"""
1264,431,10,47,138,195,1.3435897435897435,0.04112464923259557,643,I could've been a contender if it weren't for those damn piano lessons.
3325,432,19,41,170,230,1.3434782608695652,0.04130609651250211,643,"I will now play a combo of Mozart Concertos in A minor, D minor, and G major."
4898,433,14,40,144,198,1.3434343434343434,0.0431560347226935,643,Excuse me while I knock out a few songs.
2828,434,16,37,148,201,1.3432835820895523,0.04385452909659505,643,I only play the hits
4712,434,15,39,147,201,1.3432835820895523,0.043283582089552235,643,This won't be pretty.
341,436,12,46,146,204,1.3431372549019607,0.041107880300223734,643,I haven't practiced this piece much.  I figured I'd just knock it out.
751,437,16,39,152,207,1.3429951690821256,0.042946051902647386,643,Beethoven’s 9th Round
4791,437,15,41,151,207,1.3429951690821256,0.04239647696141136,643,I will now play Chopin's Nocturne in Be-Flattened.
3016,439,19,34,157,210,1.3428571428571427,0.044088780777394275,643,"My next piece is Piano Sonata No. 8 in somewhere between A Minor and E Major."""
5620,439,18,36,156,210,1.3428571428571427,0.04356893530734981,643,For my next piece I’ll play Cacophony in D minor.
78,441,17,39,157,213,1.3427230046948357,0.04260881518620602,643,Now for my biggest hit
4529,441,18,37,158,213,1.3427230046948357,0.04312542213382794,643,"Indeed, I did not quit my day job."
1791,443,17,40,159,216,1.3425925925925926,0.042186204925896115,643,"My next piece is entitled...""To Hell With Nuance"" ."
2708,443,17,40,159,216,1.3425925925925926,0.042186204925896115,643,"My next piece is dedicated to that miserable, heartless, brainless critic in the fifth row center, who had the Gaul to say I played with a heavy hand."
42,445,13,38,136,187,1.3422459893048129,0.044247052344849665,643,"If you grew up on the streets of Philadelphia, you'll certainly appreciate this next piece."
2272,446,22,33,170,225,1.3422222222222222,0.04333536828758712,643,I gift from my piano teacher just moment ago.
3726,446,18,41,166,225,1.3422222222222222,0.04146352597031098,643,I would like to play a little song I wrote that goes nothing like this.
4214,448,11,44,138,193,1.3419689119170986,0.04202032076028276,643,I thought this piece could use a little more punch.
4259,448,16,34,143,193,1.3419689119170986,0.04511728258150872,643,"Oh, sure, when Glenn Gould does it it's 'eccentric,' but when I do it you say 'Larry has dementia pugilistica.'"
4008,450,15,39,148,202,1.3415841584158417,0.04310228910938849,643,"Ladies and gentlemen, I've had a request for the theme from Rocky."
4274,451,12,46,147,205,1.3414634146341464,0.040941093613098375,643,"And for the finale, here’s a little something that my 3 year old banged out."
5293,452,11,35,121,167,1.341317365269461,0.046345763663193554,643,Tonight The 1812 Overture. Just the cannons firing part.
1236,453,13,46,152,211,1.3412322274881516,0.04070892865832425,643,I'm going to regale you folks with a few of my best hits.
4341,453,16,40,155,211,1.3412322274881516,0.04233942000773196,643,Hecklers are welcome to join me onstage.
4857,455,17,39,158,214,1.341121495327103,0.042439469483891816,643,"And now, Sonata for Ali."
4311,456,15,44,158,217,1.3410138248847927,0.04099301227990095,643,And now for a punchy little number.
226,456,17,40,160,217,1.3410138248847927,0.04202101677489878,643,And now for some of my boxer shorts.
3023,458,13,36,133,182,1.3406593406593406,0.04505783252089265,643,"And now, I’ll be playing the hits."
4745,459,14,50,165,229,1.3406113537117903,0.039004385819096786,643,My money's on the piano.
1761,460,17,47,174,238,1.3403361344537814,0.039370821345264914,643,It says forte.
4219,461,16,34,144,194,1.3402061855670102,0.04491871706058541,643,Rocky-maninoff .
5265,461,12,42,140,194,1.3402061855670102,0.0424738430373123,643,"We now present a medley of ""Madame Butterfly"" and ""Flight of the Bumblebee"" as performed by Muhammad Ali."
695,463,10,47,140,197,1.3401015228426396,0.040780354891957915,643,"Now, I’d like to hit you with something new!"
4844,463,15,37,145,197,1.3401015228426396,0.04384089630222434,643,"And in the final movement, I take off the gloves and just go wild."
1589,465,16,36,148,200,1.34,0.04395063471051683,643,"For you, Mr. President, very large clumps of only white keys."
2787,465,12,44,144,200,1.34,0.041601120974460025,643,I play by ear.
3178,467,20,29,154,203,1.3399014778325122,0.04567496000177929,643,This is The Bad-Tempered Clavier
2359,468,17,36,153,206,1.3398058252427185,0.043582630802019524,643,My next piece is George Foreman's concerto for pianos with really fat keys.
1070,469,14,43,152,209,1.3397129186602872,0.04150297390998864,643,Does anyone else have any criticism?
5084,470,17,38,157,212,1.3396226415094339,0.04269679618679657,643,I give you Rockymaninoff.
1437,471,17,39,159,215,1.3395348837209302,0.04227140177633994,643,Would someone be a darling and light my candelabra?
5357,472,14,46,158,218,1.3394495412844036,0.040313513141839605,643,"This next one, I'll play by ear."
2093,473,15,45,161,221,1.339366515837104,0.04044881670932078,643,Will someone hit the bell?
3301,473,14,47,160,221,1.339366515837104,0.03993709350880765,643,Now I’d like to knock out a little tune for you.
2029,475,10,57,160,227,1.3392070484581498,0.037170460819739654,643,"And now, ladies and gentlemen, I shall take a jab at the piano"
5487,476,14,50,166,230,1.3391304347826087,0.03886265781114961,643,I had to fight for this gig.
4865,477,14,35,137,186,1.3387096774193548,0.04499387743637018,643,This one's got a great hook.
2448,478,14,38,143,195,1.3384615384615384,0.04352360830117697,643,"Rachmaninoff’s Concerto No. 2,” with all notes performed simultaneously."
2211,479,12,43,143,198,1.3383838383838385,0.04185376630473379,643,Another knockout performance.
3065,479,10,47,141,198,1.3383838383838385,0.04061021334581597,643,"Next up, Theme From Rocky."
2011,481,15,38,148,201,1.3383084577114428,0.04319198863768785,643,"Opus 12, Round 7"
3649,481,13,42,146,201,1.3383084577114428,0.04202434288499901,643,"And now for ""Rhapsody in Black and Blue"""
1149,483,16,37,151,204,1.338235294117647,0.04330524746806239,643,"I'll play your request, maam, but for future reference it's ""*Flight* of the Bumblebee"""
2429,483,14,41,149,204,1.338235294117647,0.04217527827991275,643,This tune is dedicated to the President
2,485,16,38,153,207,1.3381642512077294,0.04285891068624201,643,"I will finish with my own composition, “Fight of the Bumblebee.”"
3191,486,20,32,161,213,1.3380281690140845,0.04406034419038372,643,I fought the song and the song won
5660,486,13,46,154,213,1.3380281690140845,0.0403890778755211,643,This next piece is played in twelve rounds.
4871,488,14,46,159,219,1.3378995433789955,0.040158934433954366,643,Here’s a little number I recently knocked out.
2645,489,18,41,169,228,1.337719298245614,0.04099853390954608,643,This next piece is gonna knock you out.
1477,489,18,41,169,228,1.337719298245614,0.04099853390954608,643,This next one is a punchy little tune….”
5652,491,10,60,167,237,1.3375527426160339,0.03612590238286682,643,And now for something a little punchier...
3438,492,15,34,141,190,1.3368421052631578,0.04491463026435646,643,How can I play with that bright light in my eyes?
4049,493,14,39,146,199,1.3366834170854272,0.04287821674672381,643,"And this one's for Mother, who made me practice..."
2832,494,15,40,153,208,1.3365384615384615,0.04213568459515288,643,Yes - It's Rocky the Musical
380,495,10,51,150,211,1.3364928909952607,0.03891701520162469,643,"Sorry, I only do fight songs."
103,496,11,50,153,214,1.3364485981308412,0.03912509594488768,643,This next number is really going to knock you out.
4692,496,14,44,156,214,1.3364485981308412,0.04077258931725596,643,And now a childhood favorite.
266,498,16,41,160,217,1.336405529953917,0.04142721680730933,643,For my next number I am going to really pound the keys.
1359,499,13,48,159,220,1.3363636363636364,0.03948324647179996,643,The next piece is dedicated to my former agent
2435,500,14,47,162,223,1.336322869955157,0.03963631599962288,643,"My next piece is Mozart's Piano Concerto 22 in E Flat Major.  Unfortunately, you will not recognize it."
4695,501,21,36,175,232,1.3362068965517242,0.041830740266716356,643,"and now, from the ring cycle..."
4174,502,18,43,174,235,1.3361702127659574,0.040104100125901536,643,Round 4 will be Chopin
2777,503,12,37,133,182,1.335164835164835,0.04426798727975477,643,This is from my greatest hits album.
3116,504,11,42,138,191,1.3350785340314135,0.04217658093852002,643,Did I hear a request for a fight song?
5460,505,15,35,144,194,1.3350515463917525,0.04422218881952286,643,"And now,    Eine Kleine Nacht Out  Musi"
2363,506,14,39,147,200,1.335,0.04269648638645508,643,I'd like to play you some Rocky-maninoff
3353,507,13,43,150,206,1.3349514563106797,0.04125900170570582,643,Next I will play a special piece for Boxing Day.
755,508,16,39,157,212,1.3349056603773586,0.042083603050822975,643,"And now, J.S. Bach's BAD-Tempered Clavier."
4251,508,17,37,158,212,1.3349056603773586,0.04261150510566699,643,"I'm warning you coughers, one more sound and the gloves are coming off."
5181,508,18,35,159,212,1.3349056603773586,0.04313294667654102,643,That’s the last time I write “OK” to my dyslexic agent.
5273,508,18,35,159,212,1.3349056603773586,0.04313294667654102,643,And now a selection from my boxed set.
1736,512,13,46,156,215,1.3348837209302327,0.04007392974907857,643,Just hitting a few notes
2430,513,16,41,161,218,1.334862385321101,0.04126560919829281,643,Play chopsticks”? I can’t even hold them
2611,513,11,51,156,218,1.334862385321101,0.038619435868199714,643,Now for a variation from Bach’s Bad-Tempered Clavier.
790,515,17,41,166,224,1.3348214285714286,0.04098023989683783,643,Because I'm tired of wrestling with my muse.
1471,515,17,41,166,224,1.3348214285714286,0.04098023989683783,643,The score says attacca con forza.
5581,517,16,36,152,204,1.3333333333333333,0.04321358157014429,643,"And now, a little something from Punchini."
5531,517,18,40,170,228,1.3333333333333333,0.04092094877616514,643,You'll recognize this next piece from my boxed set.
4676,517,20,33,166,219,1.3333333333333333,0.043095297858016135,643,"That's right, I've been playing the piano with my penis the whole time!"""
4321,517,15,36,147,198,1.3333333333333333,0.04355621688259581,643,This next piece is by TKO Bach.
4320,517,19,33,161,213,1.3333333333333333,0.04347119942759146,643,And now for Philip Glass's ode to Ali.
3996,517,17,37,159,213,1.3333333333333333,0.042440115155077465,643,My next composition is played in twelve 3 minute rounds.
3794,517,17,36,157,210,1.3333333333333333,0.0428710642942023,643,I shall legato like a butterfly and staccato like a bee.'
3115,517,14,39,148,201,1.3333333333333333,0.04251621483677063,643,"And now, ""Float Like a Butterfly, Sting Like a B-flat"""
2417,517,14,38,146,198,1.3333333333333333,0.04296358767810755,643,"If Trump can claim he always tells the truth, I can claim the following is a symphony."
2366,517,14,43,156,213,1.3333333333333333,0.04084471405739607,643,"GGGGGEEEEEEETTTTTT
RRRREEEAAAAADDDDY
TO
RACHMANINOFF!!!"
1104,517,13,39,143,195,1.3333333333333333,0.0428107532711957,643,"You might have heard Chopsticks before, but I’m about to punch it up a little"
700,517,17,31,147,195,1.3333333333333333,0.045213194667796074,643,My next piece is played in three minute rounds.
303,517,11,44,143,198,1.3333333333333333,0.04113450348948636,643,This piece calls for more force and less precision.
22,517,15,42,159,216,1.3333333333333333,0.04098275934228311,643,And now a little something from the Ring Cycle.
3638,517,14,40,150,204,1.3333333333333333,0.042081151027953956,643,"And now, the Tyson Variations."
1461,532,20,37,175,232,1.331896551724138,0.041307369853909544,643,"For the sake of all of us, let us hope I wake up from this nightmare any time now."
1056,533,15,45,166,226,1.331858407079646,0.039691687770282834,643,My next melody is called Whack-a-Mole
5109,534,15,44,164,223,1.3318385650224216,0.04005912745742474,643,Pianist? I thought you asked for a pugilist...!
1273,534,16,42,165,223,1.3318385650224216,0.04056023713180629,643,Is there a volunteer to flip the music sheet?
487,536,18,37,165,220,1.3318181818181818,0.04194752318894234,643,"Float like Madame Butterfly, sting like Flight of the Bumblebee."
4567,537,14,44,159,217,1.3317972350230414,0.040296360919156886,643,"We've had a request for ""Hit Me With Your Best Shot."""
57,538,13,45,156,214,1.3317757009345794,0.04014035892447511,643,I call this one 'Beethoven's Fifth Round.'
307,538,12,47,155,214,1.3317757009345794,0.039590042253156356,643,This next song is a knockout.
1866,540,13,44,154,211,1.3317535545023698,0.04052723260749251,643,I knocked out this piece in just ten minutes.
2182,540,17,36,158,211,1.3317535545023698,0.04269663610791765,643,I will begin with Rhapsody in Ear Flat by Mike Tyson.
4829,540,16,38,157,211,1.3317535545023698,0.04216475064439969,643,And now for something modern.
4502,543,16,37,155,208,1.3317307692307692,0.0425929855093697,643,This is from my box set.
3478,544,10,48,147,205,1.3317073170731708,0.03955875181935252,643,"I call it, “Rhapsody in Black and Blue.”"
3800,545,13,41,148,202,1.3316831683168318,0.041751593973162804,643,My parole officer wasn’t clear on the type of community services I’d be performing tonight.
1950,546,13,40,146,199,1.3316582914572865,0.04218252399739494,643,This piece was composed when Mozart was only two.
2475,546,16,34,149,199,1.3316582914572865,0.04395044783590813,643,"Any requests, Mister President?"
4004,548,16,33,147,196,1.3316326530612246,0.04442901238577813,643,I'm just going to knock out a couple of tunes.
5015,548,17,31,148,196,1.3316326530612246,0.04501406186218725,643,"I now present ""The Fight of the Bumblebee"""
2552,550,12,40,141,193,1.3316062176165804,0.04245069846677186,643,"I will now play ""An etude for two fists, in three rounds"""
4707,550,13,38,142,193,1.3316062176165804,0.04308171498983436,643,This piano is going down by the second movement.
4883,552,13,37,140,190,1.331578947368421,0.043551128761128634,643,"Ladies and gentlemen, I am so sorry, I just realized that these are my violin gloves."
4156,553,14,34,139,187,1.3315508021390374,0.04468272188145854,643,It’s my reminder to think outside the Bachs.
5350,554,14,48,168,230,1.3304347826086957,0.03870088900764111,643,Here's something I pounded out just this morning.
3459,555,17,40,167,224,1.3303571428571428,0.04089837647978418,643,"Not to worry, folks. It’s  a player piano."
4669,556,17,39,165,221,1.330316742081448,0.041289099696711726,643,Piano no problem. Tying bow tie is a totally different challenge.
3927,557,11,50,157,218,1.3302752293577982,0.038527680720143655,643,"For this next piece, I’ll be taking the gloves off!"
276,558,16,39,160,215,1.330232558139535,0.04158182031021069,643,And now I will play all the keys at the same time.
639,558,13,45,157,215,1.330232558139535,0.03998301322970297,643,"And for my next piece, I'll add a blindfold as well!"
4209,558,16,39,160,215,1.330232558139535,0.04158182031021069,643,Here are some of my greatest hits.
4301,561,13,44,155,212,1.330188679245283,0.04036595773630546,643,The music critic said my last performance lacked punch
4835,562,14,40,152,206,1.3300970873786409,0.04173407862797711,643,All That Jabz.
104,563,15,36,149,200,1.33,0.043183609397582964,643,This is my fight song.
2297,563,15,36,149,200,1.33,0.043183609397582964,643,Let’s get ready to rrrrubato!
4399,565,10,44,140,194,1.3298969072164948,0.04098260223132481,643,For this next number I’d like to punch it up a bit.
140,565,16,32,146,194,1.3298969072164948,0.04472213529860816,643,"And now ""Flight of the Rhinoceros."""
1580,567,13,34,135,182,1.3296703296703296,0.044835176739627544,643,"This sonata is called, “Yo, Adrian.”"
2613,568,16,41,165,222,1.3288288288288288,0.04063102788159666,643,"And now, a selection of greatest hits."
4455,568,13,47,162,222,1.3288288288288288,0.03909713783352672,643,This next tune has quite a punch to it.
2062,570,11,50,158,219,1.3287671232876712,0.038380992221840306,643,Next is a punchy little tune I wrote myself...
2688,570,13,46,160,219,1.3287671232876712,0.039457372371910084,643,I'm asking you to please keep an open mind.
1855,572,15,40,158,213,1.3286384976525822,0.041292805459497435,643,"Now I shall play, 'The Fight of the Bumblebee'."
4187,572,13,44,156,213,1.3286384976525822,0.040205894809327514,643,"I'd like to dedicate the next song to my ex-wife. Trudy, this one's for you."
5476,574,10,48,149,207,1.328502415458937,0.03924078866524482,643,"And now, for my next cacophony..."
5168,574,13,42,152,207,1.328502415458937,0.04099446110057558,643,"And in this corner, playing in at 185 lbs., ..."
2900,576,13,41,150,204,1.3284313725490196,0.041404836969449806,643,And how am I supposed to turn the page?
5047,577,11,43,144,198,1.3282828282828283,0.04102891910947955,643,"I call this one, “A Fistful of Keys.”"
3547,577,16,33,149,198,1.3282828282828283,0.044042513757035544,643,I’m told this next piece is a knockout.
2628,579,17,30,148,195,1.3282051282051281,0.0451141448310265,643,You've heard the theme. Now it's time for the variations.
4552,579,13,38,144,195,1.3282051282051281,0.04270613173086513,643,_Pass the tip jar and the gloves come off.
2509,581,10,43,139,192,1.328125,0.041226335496112744,643,I composed this next piece when I was two.
724,582,10,42,137,189,1.3280423280423281,0.041657842922968286,643,This is a new piece I've worked out. Beethoven's fifth round.
1214,583,20,21,145,186,1.3279569892473118,0.04851608626469473,643,"And now, if I may, my rendition of “Hail to the Chief”."
5438,584,10,56,166,232,1.3275862068965518,0.03642464679220405,643,"I shall toy with him throughout the adagio, then knock him out in the sonata."
2939,585,15,45,169,229,1.3275109170305677,0.03925020298688105,643,"The next piece is my first composition. I first played it at the age of 6 months. My mother named it ""Knock it off""."
4841,585,14,47,168,229,1.3275109170305677,0.038759167484589165,643,I'd like to play you a little something I wrote when I was two and a half.
875,587,13,47,163,223,1.3273542600896862,0.03894934205587202,643,"And now, the Hammerklavier Sonata like it's never been hammered before."
3331,587,14,45,164,223,1.3273542600896862,0.03946454598907072,643,"Okay Jim, you got this. Float like a butterfly, sting like a B flat."
244,587,13,47,163,223,1.3273542600896862,0.03894934205587202,643,Has anyone seen my mouth guard?
5004,590,13,46,161,220,1.3272727272727274,0.03930602957440735,643,Next I'll perform a few classical hits.
1668,591,12,46,156,214,1.3271028037383177,0.03949541437904455,643,I'll begin our evening of Wagner with 15 rounds in The Ring.
3251,592,12,45,154,211,1.3270142180094786,0.03987002663766544,643,And here's a little something that I knocked out this afternoon...
3460,592,17,35,159,211,1.3270142180094786,0.04260635767377702,643,I will now float like a butterfly and sting in B.
5028,592,14,41,156,211,1.3270142180094786,0.04098648679922711,643,This is by Liszton.
49,595,11,46,151,208,1.3269230769230769,0.03967340153929145,643,"For tonight's encore, I am pleased to present  to you 'Fight of the Bumblebee'"
647,595,13,42,153,208,1.3269230769230769,0.040827454690602054,643,And now for a punchy little tune...
3510,595,17,34,157,208,1.3269230769230769,0.043042834364662656,643,"I'd like to dedicate this encore to my parents, who forced me to play piano, when I would have preferred then, as now, to be doing something else."
2692,598,12,42,148,202,1.3267326732673268,0.041055133096935925,643,This next piece is from Beethoven's welterweight period.
2831,598,16,34,152,202,1.3267326732673268,0.043388461397509154,643,"I will next perform Rachmaninoff's piano concerto No. 2, in the key of B-flat, A-flat and D-sharp."
3937,600,10,45,144,199,1.3266331658291457,0.0402295467433289,643,The next piece is scheduled to go four rounds.
667,601,11,41,141,193,1.3264248704663213,0.04169965225880849,643,"I will now play ""Fight of the Bumblebee."""
5209,601,14,35,144,193,1.3264248704663213,0.04359791390595596,643,This is from Beethoven's fist.
5611,603,18,42,179,239,1.3263598326359833,0.039454084969222716,643,"Yo, Adrian--this sonata's for you."
5615,604,12,38,140,190,1.3263157894736841,0.04279578580891849,643,"Here's a mashup I call ""Eine kleine Nacht-out-musik."""
5316,605,9,43,135,187,1.3262032085561497,0.04122136410903557,643,And for my next round...
1942,606,16,28,140,184,1.326086956521739,0.04638089492596358,643,I call this next piece 'Losing a Bet'
3821,607,12,50,165,227,1.3259911894273129,0.03794778702665337,643,You're in for a knockout performance tonight.
5451,607,17,40,170,227,1.3259911894273129,0.04043462272256739,643,Let's knock out some tunes!
409,609,10,38,130,178,1.3258426966292134,0.04331130149902055,643,Who clapped?
2114,610,11,47,154,212,1.3254716981132075,0.03914449213107601,643,And now for Beethoven's Ninth Round.
745,610,14,41,157,212,1.3254716981132075,0.04082184989797759,643,I call it my Concerto in 10 Rounds.
1637,612,14,40,155,209,1.325358851674641,0.04122357901978112,643,And now the theme music from 'ROCKY' the way it was meant to be heard.
2983,613,17,33,156,206,1.325242718446602,0.04330878558047483,643,That last Christmas concerto was by Rachmaninoff.  And a now a little something for Boxing Day.
1331,614,16,34,153,203,1.3251231527093597,0.04320418687665788,643,It’s hammer time!
1943,614,15,36,152,203,1.3251231527093597,0.04263599903170733,643,"And now for ""The Ill-Tempered Clavier""."
441,616,17,31,152,200,1.325,0.04423413039110508,643,I need another page-turner.
1189,616,12,41,147,200,1.325,0.04129651329168422,643,I am practicing for the White House New Year’s party.
2224,616,9,47,144,200,1.325,0.03942902790085029,643,"The next piece is my own take on ""Chopsticks"" -- I call it ""Logs."""
3344,616,10,45,145,200,1.325,0.040061196905327695,643,And now for the main event. Brahm's Requiem for a Heavyweight.
4680,620,9,46,142,197,1.3248730964467006,0.03981469360262307,643,I thought the conductor said he wanted a little more punch?
1136,620,11,42,144,197,1.3248730964467006,0.041095067393278416,643,A little help please. My fly is open.
1517,622,12,52,170,234,1.3247863247863247,0.03716707843289532,643,"And now, I will play the theme from Rocky  as it was originally composed."
3527,623,11,40,140,191,1.324607329842932,0.04195364969560376,643,"At your request: Tyson's ""Fight of the Bumblebee"""
3915,624,9,43,136,188,1.324468085106383,0.04103821277190971,643,Tonight’s bout will be a twelve rondo.
1171,625,10,52,160,222,1.3243243243243243,0.037406181105720464,643,"I'd like to start with the second movement, third round."
4678,626,14,43,162,219,1.3242009132420092,0.0398936983350924,643,Let’s get ready to pianooooooooooooooo
5356,626,17,37,165,219,1.3242009132420092,0.04143890288961889,643,"And now, my Muhammad Ali concerto in, well, every key at once."
3618,628,8,54,154,216,1.3240740740740742,0.0369238148814669,643,Let me just knock out a couple of tunes for you.
2556,629,15,39,159,213,1.323943661971831,0.041199539534352465,643,"Mesdames et Messieurs, la sonate pour Donald Trump."
5443,629,15,39,159,213,1.323943661971831,0.041199539534352465,643,I guess it's time to take the gloves off.
4599,631,16,36,158,210,1.3238095238095238,0.04215134888501717,643,All a song needs is a good hook.
3497,631,7,54,149,210,1.3238095238095238,0.036967824026260386,643,This Will Be A Knockout Performance
651,631,13,42,155,210,1.3238095238095238,0.040497293896791964,643,Tonight I'll begin with the Fight of the Bumble Bees.
3310,631,15,38,157,210,1.3238095238095238,0.04160730400068406,643,The next piece is dedicated to my ex-wife who said I wasn't masculine enough.
3075,635,10,47,150,207,1.3236714975845412,0.03913671684563685,643,"A man hears what he wants to hear
And disregards the rest"
262,636,13,40,151,204,1.3235294117647058,0.04130322283016014,643,I no longer play by ear.
1234,636,14,38,152,204,1.3235294117647058,0.04188378440755902,643,"If you think this is bad, I'm also not wearing any pants."
4727,636,9,48,147,204,1.3235294117647058,0.038894414709489775,643,"Any requests for ""Fight of the Bumblebee?"""
1940,639,15,35,151,201,1.3233830845771144,0.042898729382686206,643,I will now play something by Rocky Maninoff.
2352,639,12,41,148,201,1.3233830845771144,0.04112234491496881,643,This is a punchy little tune...
2909,641,13,38,147,198,1.3232323232323233,0.042154316442536574,643,I 'm sure they said I was to take on Wagner in the ring.
1890,641,11,42,145,198,1.3232323232323233,0.04091989820171758,643,"Next - Michael Jackson's ""Beat It"""
5502,641,13,38,147,198,1.3232323232323233,0.042154316442536574,643,I pity the fugue!
1256,644,13,48,168,229,1.3231441048034935,0.03817429500711479,643,I must warn you in advance about the crescendo.
1225,644,21,32,176,229,1.3231441048034935,0.041996663707890944,643,And now ladies and gentleman “ The Trump Sonata.”
644,646,13,37,145,195,1.323076923076923,0.042598071091887554,643,"And to my critics, a sustained beating in D minor."""
87,647,16,41,169,226,1.323008849557522,0.04001483352841546,643,I've been fighting Beethoven all my life.
3715,647,11,51,164,226,1.323008849557522,0.03747706056352107,643,Now I will pummel the ivories.
4063,647,13,47,166,226,1.323008849557522,0.03851224223557772,643,"And for my next selection. ""The Fight of the Bumblebee"""
1130,650,8,46,138,192,1.3229166666666667,0.0397620426216974,643,"Ohh, Bach? I thought you said ""box""."
846,651,14,44,165,223,1.3228699551569507,0.039374929448270334,643,I'm not the main event.
4614,651,17,38,168,223,1.3228699551569507,0.040884991129639954,643,"Did you say ""boxer"" or ""Bach, Sir""??"
2069,653,16,29,144,189,1.3227513227513228,0.045423250427422734,643,"I thought you said play ""box""' not play  ""Bach's""!"
712,654,15,41,164,220,1.3227272727272728,0.040258185958408015,643,"Observe, ladies and gentlemen, as I put the 'K.O.' back in Tchaikovsky."
2451,655,14,41,159,214,1.3224299065420562,0.04049633284299726,643,Some people said my hands were too small to play piano. Not true. I'm a very good player. Nobody better than me at piano...
5021,656,11,37,135,183,1.3224043715846994,0.04313780448561643,643,"Once more, with feeling"
5479,657,9,50,152,211,1.3222748815165877,0.038030178438413824,643,"Still, a man hears what he wants to hear, and disregards the rest."
3046,658,7,44,129,180,1.3222222222222222,0.04067673621063481,643,"And now Ladies and Gentlemen, a medley of my greatest hits."
3304,659,14,39,155,208,1.3221153846153846,0.041293836214365,643,And now a lullabye
4747,659,12,43,153,208,1.3221153846153846,0.04015318969251997,643,"I'm now going to play 'The Fight of the Bumblebee.' """
5250,659,14,39,155,208,1.3221153846153846,0.041293836214365,643,"And now, a quick jab at Rachmaninoff."
1936,662,16,34,155,205,1.3219512195121952,0.042840115016415194,643,I thought you said Box Prelude and Fugue.
1488,663,13,39,150,202,1.3217821782178218,0.04154666975334789,643,In honor of our times I'm playing dischords.
4246,663,16,33,153,202,1.3217821782178218,0.04328858670851667,643,"The music was lovely, but the pianist was a bit heavy-handed."
575,665,13,48,169,230,1.3217391304347825,0.03803391618147181,643,"You want me to come in one measure after the bell, right?"
4804,666,12,40,147,199,1.321608040201005,0.04136431657393289,643,"Alright, the next time someone throws a tomato, the gloves are coming off."
2293,666,11,42,146,199,1.321608040201005,0.04074613896923051,643,You might be surprised by how subtle and intricate this piece is.
2104,666,13,38,148,199,1.321608040201005,0.04197339074172151,643,And now let me punch out a tune.
1616,666,10,44,145,199,1.321608040201005,0.04011843711027576,643,He was told tickling the ivory is no longer workplace appropriate.
5655,670,18,37,172,227,1.3215859030837005,0.04082981723182221,643,"And now, a roundhouse from T.K.O. Bach."
1424,671,9,45,142,196,1.3214285714285714,0.03986830754653129,643,"Most players “tickle” , 
I choose to pummel."
1769,671,14,44,166,224,1.3214285714285714,0.03922524610856946,643,This next song is a round.
3724,671,16,40,168,224,1.3214285714285714,0.04023303128123321,643,I’ll now do my last hit
1457,674,16,39,166,221,1.3212669683257918,0.04061184799577605,643,"...and now, ""The Black and Blue Danube""."
3942,675,16,38,164,218,1.3211009174311927,0.04100039951933745,643,"I call this next piece, ""Pounding Headache""."
1080,676,11,39,140,190,1.3210526315789475,0.04202338181477324,643,How better to pound the ivories?
5421,676,10,41,139,190,1.3210526315789475,0.041355408674238925,643,"Next, one of the biggest hits of Rocky Moninoff."
4786,678,9,51,155,215,1.3209302325581396,0.037544674238152,643,I really don't think it's been properly tuned
1426,678,13,43,159,215,1.3209302325581396,0.0397929366616868,643,"Next I will be performing Rimsky-Korsakov's ""Flight of the Bumblebee"" in the style of Muhammad Ali."
3798,678,13,43,159,215,1.3209302325581396,0.0397929366616868,643,And I'm wearing flippers.
2409,681,15,38,159,212,1.320754716981132,0.041270151618167016,643,Welcome to the Van Cliburn/Mike Tyson piano competition.
3066,681,14,40,158,212,1.320754716981132,0.04072486578192059,643,"Now, an atonal piece."
3454,681,16,36,160,212,1.320754716981132,0.041808326159002596,643,"Mendelssohn, Mozart, or Marciano?"
4818,681,15,38,159,212,1.320754716981132,0.041270151618167016,643,The good thing is I finally stopped chewing my nails
2722,685,11,45,153,209,1.3205741626794258,0.03941089797035277,643,This next one is going to be a round.
3816,685,14,39,156,209,1.3205741626794258,0.041124673295863834,643,And now Beethoven's Moonlight Sonata...molto pugilissimo!
205,687,9,40,132,181,1.3204419889502763,0.04197925641710982,643,"I""ll start with one of my greatest hits."
4170,688,14,38,154,206,1.3203883495145632,0.04153529120105001,643,"And now, ""Float Like a Butterfly"" in B Minor."
2621,688,11,44,151,206,1.3203883495145632,0.03978820584623291,643,A pugilistic concerto in B flat. Round one.
2255,688,11,44,151,206,1.3203883495145632,0.03978820584623291,643,This rendition will really knock you out.
476,691,10,45,148,203,1.3201970443349753,0.039564026603697074,643,"Ladies and Gentlemen, I'm going to pound out a few numbers for you tonight."
832,691,13,39,151,203,1.3201970443349753,0.041371877547705445,643,"I'm going to pound one out, now."
4843,693,15,34,151,200,1.32,0.04297948558213002,643,Anyone else want to face the music?
881,694,8,55,159,222,1.3198198198198199,0.0361999959214961,643,"And for my final number, I present Concerto: The Thrilla in Manila, Round 4, in B flat"
4759,694,18,35,169,222,1.3198198198198199,0.041449815092317724,643,Now I’ll play for you a medley of hits.
2443,696,13,37,147,197,1.3197969543147208,0.042227914029124486,643,I'll be going fifteen rondos.
413,697,16,38,165,219,1.3196347031963471,0.0408390823546434,643,Shall I hit it?
4968,698,10,42,142,194,1.3195876288659794,0.04075353443758232,643,"And now, the lovely Sonata in G-flat, composed by Michael Tyson"
5342,699,16,37,163,216,1.3194444444444444,0.04123375448987196,643,A brief pause while I respond to a recent review.
2322,699,11,47,158,216,1.3194444444444444,0.038534282121905274,643,How about a fight song?
2213,699,11,47,158,216,1.3194444444444444,0.038534282121905274,643,My next number is a knock out.
3908,702,13,35,143,191,1.3193717277486912,0.04313376267732791,643,"Tonight folks, I'm just going to knock out a little tune. . ."
4506,702,13,35,143,191,1.3193717277486912,0.04313376267732791,643,"Next I'll play a John Cage adaption of the theme from the movie ""Rocky""."
519,704,12,44,157,213,1.3192488262910798,0.03945412128680052,643,"OK, I get it, a little less forte."
1034,704,15,38,160,213,1.3192488262910798,0.04110353262749267,643,"And now, a collection of my greatest hits."
2724,704,15,38,160,213,1.3192488262910798,0.04110353262749267,643,"Next, I shall perform George Foreman's Symphony in A Minor"
4801,707,9,42,137,188,1.3191489361702127,0.04091451722294448,643,Paganini's Pugilisto In D Minor
448,708,12,42,153,207,1.318840579710145,0.04021322377209295,643,"And for my last number this evening, I'll be performing, ""Rhapsody in Black And Blue."""
2615,708,10,46,151,207,1.318840579710145,0.03902946496653039,643,I love playing Beethoven's 'Hammerklavier Sonata'
4978,708,12,42,153,207,1.318840579710145,0.04021322377209295,643,"Well, this is unique. In the last one I was naked!"
3073,711,17,39,173,229,1.3187772925764192,0.04004547557698377,643,"Well, this is going to be rocky."
5682,712,11,43,150,204,1.3186274509803921,0.040009059055267,643,"And now, selections from ""The Ring Cycle."""
4352,712,11,43,150,204,1.3186274509803921,0.040009059055267,643,There will be no heckling tonight.
4102,712,12,41,151,204,1.3186274509803921,0.04060812710072781,643,"If I hear one more person request ""Piano Man'"", these gloves are coming off."
2243,712,15,35,154,204,1.3186274509803921,0.0423545219197659,643,Brad was asked to knock out a tune.
1559,716,18,28,155,201,1.318407960199005,0.04450442723442546,643,"And now, for your enjoyment....The Ring Cycle."
5023,716,10,44,147,201,1.318407960199005,0.0397823339337389,643,I can knock out any tune you name
720,718,16,46,183,245,1.3183673469387756,0.037744928235997136,643,This number will be a knockout!
4128,719,13,43,161,217,1.3179723502304148,0.039480515759542374,643,"And now, if you don't mind, I'd like to knock out a little Chopin."
5061,720,14,40,160,214,1.3177570093457944,0.040398752703096,643,I call this piece “Sonata for an Untuned Piano in A-flat minor through G major.”
3485,721,12,37,143,192,1.3177083333333333,0.04230095045928142,643,Thank you to the White House Correspondents' Association for inviting me to perform at this year's Correspondents' Dinner.
2762,722,11,52,170,233,1.3175965665236051,0.03662187896048639,643,I think I'm on the wrong stage.
5609,723,13,41,157,211,1.3175355450236967,0.040233217233747724,643,"Ladies and Gentlemen,'Beethoven's 5th Round'"""
4225,723,16,35,160,211,1.3175355450236967,0.04188223230751359,643,"Now, 'The Tyson Variations.'"
1581,725,16,34,158,208,1.3173076923076923,0.04230494737894528,643,"The record shows I took the blows 
And did it my way"
590,726,20,32,175,227,1.3171806167400881,0.04168935513041769,643,This is it. This is the nightmare.
3906,726,13,46,168,227,1.3171806167400881,0.038276735583060294,643,"I call this ""The Old One-Two."""
4046,726,17,38,172,227,1.3171806167400881,0.040262238220104093,643,"NOW,CLAIR DI LUNE AS YOUVE NEVER HEARD IT PLAYED BEFORE."
1603,729,8,49,148,205,1.3170731707317074,0.03800068082605101,643,"Well, you said to make it more punchy!"
4954,729,13,39,153,205,1.3170731707317074,0.04102647659137458,643,"Oh, 'boo' yourself! Let's see you try it!"
2449,731,13,38,151,202,1.316831683168317,0.041439414446064755,643,And now a tune by Henry “Boom Boom” Mancini.
2510,731,12,40,150,202,1.316831683168317,0.04084074451358246,643,I guess I can try to knock out some tunes!
3918,733,14,42,165,221,1.3167420814479638,0.03949185001462965,643,You want pianissimo?  I'll give you pianissimo!
3181,733,13,44,164,221,1.3167420814479638,0.03896756192431112,643,"Folks, please remember, I am a professional. Do not try this at home."
3396,735,15,38,162,215,1.3162790697674418,0.04077413874331306,643,So I promised the composer not to pull any punches.
306,735,15,38,162,215,1.3162790697674418,0.04077413874331306,643,"Sir, I submit that you would not know a fugue if it hit you in the face."
4307,737,13,35,145,193,1.3160621761658031,0.04274938491698568,643,"Next, the World Premiere of ""Get Your Ass Out of Bed!"" composed this afternoon by my very own wife."
490,738,16,35,161,212,1.3160377358490567,0.041711107638729025,643,"Ladies and gentleman, I will now play for you, ""The Ill-Tempered Clavier"""
668,738,15,37,160,212,1.3160377358490567,0.04117166232760819,643,My next piece is by Rocky Marcianinoff
3849,738,15,37,160,212,1.3160377358490567,0.04117166232760819,643,Knock out a tune?
4277,741,12,42,155,209,1.3157894736842106,0.03988559467881635,643,"This next piece I call ""The old one-two"""
1823,742,15,41,169,225,1.3155555555555556,0.03948969012416143,643,"To anyone who didn't immediately recognize it, that was Tchaikovsky's Piano Concerto in B-flat Minor."
1455,743,13,39,154,206,1.3155339805825244,0.04085583696622954,643,This might sound a little rocky.
3750,743,12,41,153,206,1.3155339805825244,0.0402720711823118,643,"And now, a rarely-performed work by an obscure composer ..."
4374,743,15,35,156,206,1.3155339805825244,0.04199903341753245,643,Does anyone else care to complain about my playing?
5330,746,10,39,138,187,1.3155080213903743,0.04166653213869419,643,Rondo Two!
1620,746,11,37,139,187,1.3155080213903743,0.042350925689203595,643,. . and I've taken the liberty of consolidating all individual notes so as to not offend the listener who might be sensitive to borrowed folk melodies of identifiable ethnicity.
1753,748,11,48,163,222,1.3153153153153154,0.037753107590889935,643,And now for something a little more punchy.
5666,748,14,42,166,222,1.3153153153153154,0.039339437879952095,643,I would like to now play a piece by Rocky Maninoff.
3338,750,12,40,151,203,1.3152709359605912,0.040669019875640915,643,I felt this tune needed some punch!
4081,751,10,38,136,184,1.315217391304348,0.04211297839344658,643,This should be a lot better than my piccolo playing.
4273,751,15,28,141,184,1.315217391304348,0.045502588996449156,643,"This next piece was composed by my cat, Barnabas."
713,753,15,45,178,238,1.315126050420168,0.0379802326408744,643,You said you wanted a fight song.
1,754,11,47,161,219,1.3150684931506849,0.038088318345643975,643,"Look, I was told to pound the keys, and that's what I came here to do."
3359,755,14,35,151,200,1.315,0.042282550423924974,643,My teacher said it's time to take the gloves off.
3335,756,13,36,148,197,1.3147208121827412,0.0421156884575246,643,"Next, a tune I composed in tribute to Muhammed Ali, Fight of the Bumblebee"""
4751,757,14,39,160,213,1.3145539906103287,0.04046109106187514,643,This piece is dedicated to those that did not like my previous one
711,757,11,45,157,213,1.3145539906103287,0.03878436775263411,643,I will now go a couple of rounds with Shostakovich
3776,757,11,45,157,213,1.3145539906103287,0.03878436775263411,643,I'm going to play some Johann Sebastian Box
2560,760,12,37,145,194,1.3144329896907216,0.04192741228587757,643,I will now play something from my boxed set.
483,761,14,38,158,210,1.3142857142857143,0.04085471618456514,643,It just looks hard.
3021,762,19,27,161,207,1.3140096618357489,0.04400918225771989,643,And now one of Schönberg's more challenging pieces...
4250,762,12,41,154,207,1.3140096618357489,0.04010602593121651,643,Rough crowd tonight
4636,762,7,51,149,207,1.3140096618357489,0.03706727316067928,643,"I've never butchered a tune in my life. Bruised one, occasionally."
2017,765,17,35,168,220,1.3136363636363637,0.04109317009248767,643,"And now, for Tyson's 5th..."
4683,766,18,32,167,217,1.3133640552995391,0.04200229500218296,643,I will now play an original piece by Frederic Chopin that he played in 1850 when he was 7 month old.
5077,766,15,38,164,217,1.3133640552995391,0.04044977865113828,643,"Next, Variations on a Theme by Pugilisti."
168,766,13,42,162,217,1.3133640552995391,0.039380779549291145,643,"Yeah, but I don't get any more hecklers."
4322,766,18,32,167,217,1.3133640552995391,0.04200229500218296,643,"Playing isn't the problem, who's going to help me if I need to use the bathroom?"
4409,770,12,33,137,182,1.3131868131868132,0.04378305161009105,643,"And now, ladies and gentlemen, a song about my marriage."
618,771,8,46,144,198,1.3131313131313131,0.038755263253236756,643,They call me Johann Sebastian Box.
3095,772,14,39,161,214,1.3130841121495327,0.04029839244480695,643,And for my next selection....Cacaphony in G-major.
3782,772,15,37,162,214,1.3130841121495327,0.04083916505775622,643,"Instead of tickling the ivories,tonight I'll be beating them."
4424,772,14,39,161,214,1.3130841121495327,0.04029839244480695,643,"For my next piece,I will perform J. S. Box' Golden Glove Variations"
1005,775,12,48,170,230,1.3130434782608695,0.03734619609457346,643,"And now, for the second round..."
1047,776,14,38,159,211,1.3127962085308056,0.0406879040326955,643,When was the last time this piano was tuned?
4047,777,15,41,171,227,1.3127753303964758,0.03919011487021699,643,"Please be quiet, or I’ll take the gloves off"
5035,778,10,35,131,176,1.3125,0.04332469527624194,643,"Go ahead,ask me if I'll play Misty for you."
2308,778,13,39,156,208,1.3125,0.040518603707146814,643,I’m going to pound out a tune for you.
1144,778,16,28,148,192,1.3125,0.04469269220437156,643,And now Concerto No. 2 by Rocky Maninoff .
1360,778,11,48,165,224,1.3125,0.03746795555919798,643,Trying to knock out a few tunes
1335,782,15,39,167,221,1.3122171945701357,0.03991378346566801,643,I just had a manicure.
4255,782,13,43,165,221,1.3122171945701357,0.038869518134886476,643,This next piece is a total knock-out.
36,784,12,40,153,205,1.3121951219512196,0.040329676862665406,643,"If I hear one more phone ring, someone is getting knocked out!"
2241,784,13,38,154,205,1.3121951219512196,0.04091829472862781,643,"And now, the theme song to 'Rocky'"
4555,786,17,25,147,189,1.312169312169312,0.045814949978217216,643,This next one is Beethoven's fists
2950,787,14,40,164,218,1.311926605504587,0.03976131350783614,643,"And now, here's one for you lovers of polytonality...."
5073,787,19,30,169,218,1.311926605504587,0.042336175164942216,643,"And now, the Sonata in Me Minor, by D. J. Trump."
1078,789,10,43,149,202,1.311881188118812,0.0395006904408773,643,The conductor said my fortissimo needs a bit more punch.
2287,789,11,41,150,202,1.311881188118812,0.04011936194052716,643,"And now, a more punchy tune."
4943,789,14,35,153,202,1.311881188118812,0.04192062945784609,643,"And now Ladies and Gentlemen,
The Fight of the Bumble bee"
5472,789,6,51,145,202,1.311881188118812,0.036922485242328926,643,"...and for my next number, I would like to punch it up a bit."
1614,793,12,48,171,231,1.3116883116883118,0.037208858923023995,643,This next piece will be very hit and miss
5220,794,13,41,161,215,1.3116279069767443,0.0395917358463598,643,I will now play The Minute Waltz in ten seconds.
5677,794,13,41,161,215,1.3116279069767443,0.0395917358463598,643,During the prestissimo the gloves come off.
1638,794,11,45,159,215,1.3116279069767443,0.038478148670016595,643,I can only play the 'dun dun dun dun' part.
1947,794,14,39,162,215,1.3116279069767443,0.040136945056343624,643,"This next piece is rather punchy, but softly incorporates many, many notes close to one another."
2617,798,13,36,150,199,1.3115577889447236,0.041750993420967386,643,"And now....""Flight of the Butterfly/Sting like a B flat."""
4381,798,13,36,150,199,1.3115577889447236,0.041750993420967386,643,I took a piano to the zoo to see if elephants could compose as well as paint. This is what they wrote.
1366,798,13,36,150,199,1.3115577889447236,0.041750993420967386,643,And now I’d like to belt out a little tune.
4780,798,18,26,155,199,1.3115577889447236,0.04468713098064287,643,"And now, a new piece by John Cage..."
1766,802,12,37,147,196,1.3112244897959184,0.041560137850455314,643,"Tonight I'll be performing Beethoven's ""Moonlight Sonata"".  You may need to use your imagination."
1100,803,7,51,151,209,1.3110047846889952,0.036772850988467116,643,How do you expect me to play without sheet music?
3322,803,11,43,155,209,1.3110047846889952,0.03919526845980239,643,This next one's an opus in ten rounds.
792,805,8,48,150,206,1.3106796116504855,0.03772995791454347,643,"And now, something  from the light heavyweight classics."
879,805,7,50,149,206,1.3106796116504855,0.03709703529037437,643,I will now perform Round 3.
5614,805,9,46,151,206,1.3106796116504855,0.03835243696469836,643,And now for a number with a little more punch...
171,808,11,46,162,219,1.3105022831050228,0.03798522384712664,643,I’ve seen my fair share of piano bar fights.
4425,809,13,37,153,203,1.3103448275862069,0.04115352404280832,643,Didn’t you ask me to bang out a tune”
4795,809,13,37,153,203,1.3103448275862069,0.04115352404280832,643,They told me to come up with a punchy number.
3375,809,12,39,152,203,1.3103448275862069,0.04055661710375477,643,A concerto for neither left nor right hand.
3495,809,14,35,154,203,1.3103448275862069,0.041741896116293406,643,"Tonight, I thought we'd start off with a little Philip Glass"
930,813,18,31,167,216,1.3101851851851851,0.0420761769166732,643,"I'll knock out this Beethoven in the Fifth."""
1530,813,15,37,164,216,1.3101851851851851,0.04051179701660881,643,Tonight the ivories have begged not to be tickled.
2200,813,14,39,163,216,1.3101851851851851,0.03997673542673069,643,I bite my nails.
4840,813,7,53,156,216,1.3101851851851851,0.0360093754517653,643,This is a piece I just knocked off.
5314,813,16,35,165,216,1.3101851851851851,0.04103988328018251,643,"A piece titled, ""The Next Election"
5536,813,11,45,160,216,1.3101851851851851,0.0383267583937196,643,I will now pound out my favorite Soussa march.
4842,819,10,42,148,200,1.31,0.0397163308309487,643,This next piece is another punchy little number.
3062,819,14,34,152,200,1.31,0.04217098480945156,643,Now I will play the theme from the movie Rocky.
3333,819,7,48,145,200,1.31,0.03777079779180134,643,And now for Eine kleine Knockout Musik.
2781,822,13,40,160,213,1.3098591549295775,0.039805671039002274,643,"And now, Paul Simon's ""The Boxer"""
525,822,13,40,160,213,1.3098591549295775,0.039805671039002274,643,This next piece packs quite a punch
19,822,13,40,160,213,1.3098591549295775,0.039805671039002274,643,Is my tie crooked?
189,822,10,46,157,213,1.3098591549295775,0.03810011468381003,643,This next piece may sound a little dissonant....
3663,826,9,39,136,184,1.309782608695652,0.04126705184910039,643,This next piece is a real knock out.
1382,827,11,43,156,210,1.3095238095238095,0.03903628085613874,643,And now it’s “time to take the gloves off”
883,828,16,37,170,223,1.3094170403587444,0.040111100962938774,643,This next number is a knockout. It packs quite a punch.
1844,829,12,36,146,194,1.309278350515464,0.04180739160568257,643,"For my next piece, I will explore the roots of the piano as a percussion instrument."
1619,830,15,34,158,207,1.3091787439613527,0.041717658508544316,643,The next number is a real hit song.
5678,830,11,42,154,207,1.3091787439613527,0.03940500691909497,643,This is ridiculous.  How do you possibly expect me to play the piano without my mouthpiece?
5514,832,18,32,170,220,1.309090909090909,0.04150095353719019,643,That coulda been a concerto.
586,832,14,40,166,220,1.309090909090909,0.039449780009976974,643,"My Dad wanted me to box, and Mom wanted me to play the piano."
3515,834,13,37,154,204,1.3088235294117647,0.04097954178314545,643,"Trump asked me to do the musical score for the ""Chuck & Nancy"" meeting."
2117,834,15,33,156,204,1.3088235294117647,0.042141585222184134,643,"Next, I will play with one hand tied behind my back."
3228,834,11,41,152,204,1.3088235294117647,0.03978357053451236,643,They made me give up the harp.
3094,837,15,37,165,217,1.3087557603686637,0.040350001648429175,643,"Brahms? A minor punch. Rachmaninov, fell flat. But Beethoven? Kills in the fifth."
4505,837,12,43,162,217,1.3087557603686637,0.03873131085444844,643,"For my encore, I will play a little-known piece by George Gershwin and Joe Louis."
4789,837,13,41,163,217,1.3087557603686637,0.03927828710639025,643,Beethoven's Fifth Round.
931,840,15,41,174,230,1.308695652173913,0.03874885146130148,643,"My next selection will be the theme from ""Rocky."""
748,840,14,43,173,230,1.308695652173913,0.03825573433270596,643,"My next piece is entitled ""Requiem for a Heavyweight."""
4254,842,11,40,150,201,1.308457711442786,0.04017239649390319,643,"Now, the punchier rendition ."
5386,843,10,46,158,214,1.308411214953271,0.037949291677502855,643,it’s really more about my creative approach and not the actual notes
1916,843,18,30,166,214,1.308411214953271,0.04232215129995226,643,"My next number will be in the key of E, G, and C."
2313,845,11,35,139,185,1.308108108108108,0.04248378339879085,643,"If I hear a cell-phone ring, watch  out!"
3214,846,9,43,146,198,1.3080808080808082,0.03928782988492594,643,"And now I will perform ""Fight of the Bumblebee"""
1551,846,9,43,146,198,1.3080808080808082,0.03928782988492594,643,"Ladies and gentlemen, I plan to do more than just ""tickle the ivories."""
1184,848,11,47,166,224,1.3080357142857142,0.03736644370764305,643,I’ll be knocking out songs all night.
3339,848,14,41,169,224,1.3080357142857142,0.038940549894097884,643,I will now play the Theme from Rocky...badly.
1681,850,8,44,143,195,1.3076923076923077,0.03899967178890258,643,Here’s an old standard I’d like to pound out for you
2871,850,12,44,165,221,1.3076923076923077,0.03823462474982373,643,I coulda been a concerto.
2884,850,13,42,166,221,1.3076923076923077,0.038768825943182955,643,The full boxed set will be available after the performance.
2299,853,13,45,173,231,1.3073593073593073,0.037616120277778387,643,This is a concerto composed by my 2-year old.
2908,854,16,35,167,218,1.3073394495412844,0.04071203261498337,643,"And now, a fugue by T.K.O. Bach."
2034,855,12,39,154,205,1.3073170731707318,0.04021672052767418,643,"And now, ""The Pugilist's Sonata,"" in a bunch of keys."
1748,855,7,49,149,205,1.3073170731707318,0.03712498581470225,643,"Evening, folks. I'm gonna knock out a few tunes for ya."
3273,855,15,33,157,205,1.3073170731707318,0.04196256227825671,643,I shall now perform Beethoven's 10th Round Piano Concerto.
3932,858,13,33,146,192,1.3072916666666667,0.04270194797539056,643,"And now, for my last number I will play the title song on my new album Trump Year 2."
2865,858,7,45,140,192,1.3072916666666667,0.03868114825083285,643,This is not going to be easy.
3606,858,11,37,144,192,1.3072916666666667,0.04140508806007957,643,This combines the artistry of Joe Louis and Louis Armstrong.
4216,861,13,48,180,241,1.3070539419087137,0.03655222497185932,643,"Ladies and gentlemen, let me knock out a little number for you."
3619,862,17,36,175,228,1.3070175438596492,0.03992727853359752,643,Tickling got me nowhere.
2933,863,18,30,167,215,1.3069767441860465,0.042149260987307424,643,"Well, at least it's not the late and naked for the final exam dream."
3922,863,16,34,165,215,1.3069767441860465,0.041105018909132304,643,Tonight we present dueling pianos...
2390,865,14,34,154,202,1.306930693069307,0.04180850112959904,643,"I call this next number ""The Critic's Face""."
5097,865,9,44,149,202,1.306930693069307,0.038751225537506054,643,A method pianist prepares to play the score of Rocky.
642,867,13,32,144,189,1.306878306878307,0.043164094934944656,643,I will now play selections from my boxed set.
3140,868,10,34,132,176,1.3068181818181819,0.04318181818181818,643,I'd like to begin with a little warm up exercise.
5333,869,17,31,164,212,1.3066037735849056,0.0420434923817453,643,"""This next one's gonna be a knockout."""
5295,869,15,35,162,212,1.3066037735849056,0.04096625206669242,643,The next one is going to be a hit.
331,869,10,45,157,212,1.3066037735849056,0.03814027005982712,643,I'll start on the count of three and stop on the count of ten.
1017,869,11,43,158,212,1.3066037735849056,0.03872196949882059,643,And now for a little not music.
3519,869,16,33,163,212,1.3066037735849056,0.04150836698814864,643,"For my encore, I will now play 'Fight of the Bumblebee'."
681,874,10,41,148,199,1.306532663316583,0.03976400726454192,643,"And now, Rockymaninoff  piano concerto 3."
1888,875,10,37,139,186,1.3064516129032258,0.04159430207681891,643,"And now, with your kind indulgence, I'll change the mood a bit."
4196,876,15,34,160,209,1.30622009569378,0.041370164052937704,643,"Now for my unique rendition of ""The Boxer"" by Paul Simon."
5075,876,17,30,162,209,1.30622009569378,0.04246767857647702,643,"And now ... Symphony No. 7 in C, D, and E Major."
4604,878,15,41,176,232,1.3060344827586208,0.03845994841147465,643,This next number is a round.
1657,879,14,39,166,219,1.3059360730593608,0.039503400941670014,643,"Thank you, that was ""Chopsticks."" 
And now, ""Chopsticks."""
3775,879,17,33,169,219,1.3059360730593608,0.041063294945757174,643,They call him the Manassa Mahler
5216,879,6,55,158,219,1.3059360730593608,0.035005485337413995,643,I’m told I have a very aggressive playing style
1333,882,8,47,151,206,1.3058252427184467,0.037609421921956765,643,"My next number will be the ""old one two."""
1540,882,13,37,156,206,1.3058252427184467,0.04063578597484564,643,"And now, by request, ""Theme from Rocky."" Again."
4217,882,9,45,152,206,1.3058252427184467,0.038233863448541294,643,"Ladies and Gentlemen, I will now perform for you Ali's concerto in the keys of A,B,C , D and E."
1650,885,13,33,147,193,1.305699481865285,0.0425099458067926,643,"And now, a rarely heard Boxing Day carol."
1347,885,12,35,146,193,1.305699481865285,0.04187031318664707,643,"Looks like I’m gonna have to go with the Philip Glass, not the Debussy."
5307,887,16,34,166,216,1.3055555555555556,0.04093895092854097,643,And my next song is sure to be a hit!
5657,887,12,42,162,216,1.3055555555555556,0.0387779887898422,643,It was at this moment he realized delivering a knockout performance did not require boxing gloves.
1865,887,7,52,157,216,1.3055555555555556,0.03589430043759983,643,Flight of the Bumble Bee is out of the question. Any other requests?...
4015,887,10,46,160,216,1.3055555555555556,0.0376510261521907,643,My next composition is a punchy little number.
2492,891,11,40,152,203,1.3054187192118227,0.039833347726564175,643,They're required by my insurance company.
173,891,14,34,155,203,1.3054187192118227,0.04162950446293662,643,"Next I will perform, Fight of the Bumblebee"
4106,893,16,37,173,226,1.3053097345132743,0.039647817419468545,643,Today I shall be playing 'Concussion in fist major'
841,894,11,43,159,213,1.3051643192488263,0.038566619798142715,643,This next work is entitled “Symphony in Three Rounds.”
4478,894,12,41,160,213,1.3051643192488263,0.0391366205145908,643,Here's a little tune I recently knocked out.
514,896,9,43,148,200,1.305,0.03895461861651053,643,"For this number, I float like a butterfly, sting like a B flat major."
866,896,6,49,145,200,1.305,0.03696902139242487,643,Tonight I’ll be going a few rounds with Beethoven
1159,896,13,35,152,200,1.305,0.04145440069140328,643,"Unlike Phillip Glass, I’m a maximist. I hit as many keys as I can at once."
2080,896,16,29,155,200,1.305,0.04323448976832776,643,And it goes something like this.
2329,900,11,42,157,210,1.3047619047619048,0.03892355352228798,643,"For this Inaugural Dance, I will now play I Did It My Way."
3318,900,12,40,158,210,1.3047619047619048,0.03950457549985211,643,I'll knock out a quick tune.
3514,900,14,36,160,210,1.3047619047619048,0.04064170787092629,643,And now for some Phillip Glass.
2421,903,20,31,182,233,1.3047210300429184,0.040659432020378576,643,"No, but I can hum a few bars."
371,904,8,44,145,197,1.3045685279187818,0.03866554745980647,643,And now for my final round...
5007,905,15,37,168,220,1.3045454545454545,0.03987200738257295,643,"Pianissimo like a butterfly, fortissimo like a bee."
867,906,14,35,158,207,1.3043478260869565,0.04104141451591248,643,And now Bach’s Golden Glove Variations.
1357,906,13,37,157,207,1.3043478260869565,0.04046598065266122,643,"This next piece I call, ""Float like a butterfly, sting like a Bee-thoven."""
1910,906,12,39,156,207,1.3043478260869565,0.03988224510852107,643,Who said I play with a heavy hand​?
3604,909,11,44,162,217,1.304147465437788,0.03806818159473504,643,"No, Dad. I told you before: I want to play piano."
5227,909,12,42,163,217,1.304147465437788,0.038624549802396796,643,I am also Blind!
1142,911,14,31,149,194,1.3041237113402062,0.04294606669776306,643,"And now, an eight-count piece by Mauler"
1913,912,9,34,128,171,1.304093567251462,0.043174327032629786,643,And now for my box set.....
4020,913,15,39,173,227,1.303964757709251,0.03899902279739985,643,"Now, I shall bang out a tune."
5488,914,14,34,156,204,1.303921568627451,0.04145198128283185,643,Ever feel like you've got the wrong job?
1178,914,11,40,153,204,1.303921568627451,0.03966586960913848,643,Here’s a punchy little number.
329,916,10,45,159,214,1.3037383177570094,0.03783701742161121,643,Any more requests? I could pound out tunes all night.
4205,916,19,27,168,214,1.3037383177570094,0.042737952784078895,643,I shall now play my interpretation of Beethoven’s Hammerklavier sonata.
3933,918,14,30,147,191,1.3036649214659686,0.043410488398892916,643,I'm gonna add a little punch to this one
5094,918,9,40,142,191,1.3036649214659686,0.0401112515146358,643,"And now, especially for those of you out there with the drooping eyelids and the nodding heads, here is a little wake-up number!"
2765,920,11,46,167,224,1.3035714285714286,0.037262256962038755,643,Now here's one from a real heavyweight.
4437,920,16,36,172,224,1.3035714285714286,0.03985809802790548,643,"Not often performed,this is young Mozart’s very,very, first piece."
474,922,12,37,152,201,1.3034825870646767,0.04066840859240956,643,Next comes a number that only a two-year-old will appreciate.
1125,922,13,35,153,201,1.3034825870646767,0.041275546043877676,643,"and now, Beethoven's Fist Symphony in C Minor..."
3034,922,14,33,154,201,1.3034825870646767,0.041873881417912054,643,And now... “Make America Great Again!”
1116,925,11,49,174,234,1.3034188034188035,0.03620239524287068,643,There is no punch line!
4748,926,13,38,160,211,1.3033175355450237,0.03991292647698911,643,"And now, Balboa's variations on ""Eine Kleine Knock-musik"""
1063,927,15,44,185,244,1.3032786885245902,0.03708801373063332,643,My next piece is by Johann Sebastian Boxer.
5336,928,12,33,143,188,1.303191489361702,0.042572742692547814,643,"And now, the Dempsey Sonata"
641,929,13,41,167,221,1.3031674208144797,0.03866546465838295,643,I first learned my next number from my three year old.
2139,930,7,46,145,198,1.303030303030303,0.03782876253645196,643,I just got tired of tickling the ivories...
4869,930,12,36,150,198,1.303030303030303,0.0410778053185138,643,"And now, I will batter the ivories."
5471,930,13,34,151,198,1.303030303030303,0.041697245145632944,643,"I'm sure you'll all recognise my next song, it has a ring to it."
5224,933,12,39,157,208,1.3028846153846154,0.03971700256096563,643,Let's get ready to Pianooo!
372,934,13,40,165,218,1.3027522935779816,0.039017861758532446,643,"And now, the Fight of the Bumblebee."
5547,934,11,44,163,218,1.3027522935779816,0.03791882996502732,643,I’m going to knock out some tunes for you tonight.
1389,936,10,36,139,185,1.3027027027027027,0.0416495396777168,643,I would ask that you suspend disbelief
1419,937,15,39,174,228,1.3026315789473684,0.03885047886582633,643,"I call this one, 'Fight of the Bumblebees'."
2728,937,9,51,168,228,1.3026315789473684,0.035742167423428894,643,I will now play 12 rounds of Chopin.
708,939,15,29,151,195,1.3025641025641026,0.043367598019591114,643,"For my next selection I will play ""Fight of the Bumblebees"""
2010,939,13,33,149,195,1.3025641025641026,0.04213089566788758,643,"And now, my rendition of Mike Tyson's 'From Ear to Eternity'."
2249,939,13,33,149,195,1.3025641025641026,0.04213089566788758,643,"And now , I coulda been somebody concerto in A minor."
3173,939,11,37,147,195,1.3025641025641026,0.0408567764461174,643,Any requests before I start pounding on the keys?
3380,939,11,37,147,195,1.3025641025641026,0.0408567764461174,643,Who tuned this?
5107,944,12,44,169,225,1.3022222222222222,0.0376515163612749,643,My next piece is by the lesser known Johan Sebastian Box
4378,945,9,40,143,192,1.3020833333333333,0.03993312426925087,643,"Crazy? 
Maybe. 
But you won't forget me."
5092,946,12,37,153,202,1.301980198019802,0.04049445875806549,643,"No, this is NOT to compensate for small hands."
3966,946,15,31,156,202,1.301980198019802,0.04227974883718777,643,I'm really gonna pound this one out!
3838,948,10,47,165,222,1.3018018018018018,0.03689336255409451,643,"Look mom, no hands"
240,949,12,36,151,199,1.3015075376884422,0.04089922065154044,643,"First movement, round three."
274,949,15,30,154,199,1.3015075376884422,0.04272028539335235,643,"And now, a literal rendition of Simon & Garfunkel's, ""The Boxer."""
5099,949,12,36,151,199,1.3015075376884422,0.04089922065154044,643,I lost a bet.
2941,952,12,39,158,209,1.3014354066985645,0.03955307037169048,643,"Please excuse the gloves, I'm saving my fingers for a more sophisticated audience"
1014,953,12,45,172,229,1.3013100436681222,0.03718881379531635,643,Next: 'Rhapsody In Back And Blue'.
1494,953,14,41,174,229,1.3013100436681222,0.03820495533734565,643,"Forte like a butterfly, staccato like a bee."
810,955,14,44,181,239,1.301255230125523,0.037103949378853154,643,I'm going to play Erik Satie's Aperçus désagréables for two gloved hands.
4691,956,8,40,138,186,1.3010752688172043,0.04003042469275268,643,Welcome to Mixed Musical Arts.
1062,957,11,40,155,206,1.3009708737864079,0.03933492976511932,643,"This year, instead of Christmas music, I will play a couple of Boxing Day pieces."
118,957,11,40,155,206,1.3009708737864079,0.03933492976511932,643,Let's get ready to Handel
1853,959,12,41,163,216,1.3009259259259258,0.03866857531565665,643,"Hey, it's flu season."
1641,960,10,38,145,193,1.3005181347150259,0.0404295895423199,643,"And, for the final match, it’s me against Steinway."
591,961,16,29,158,203,1.3004926108374384,0.042672612176308966,643,Who coughed?
1133,962,15,34,164,213,1.300469483568075,0.040691698856464696,643,"And now my original composition, ‘Float Like a Butterfly, Sting Like a B Minor.’"
4371,962,11,42,160,213,1.300469483568075,0.03845322802094548,643,I’m all thumbs tonight.
4477,962,8,48,157,213,1.300469483568075,0.03668484751617537,643,For an encore I will play Beethoven's Hammerklavier Sonata.
5425,962,10,44,159,213,1.300469483568075,0.037872943410596306,643,I got tired of just tickling the ivories!
5268,966,11,45,167,223,1.3004484304932735,0.0372980375077033,643,"And now, my interpretation of Wagner's ""The Ring."""
630,966,11,45,167,223,1.3004484304932735,0.0372980375077033,643,"I will now play ""The Boxer""  by Paul Simon."
3573,966,9,49,165,223,1.3004484304932735,0.036198692170432464,643,Time to break in the new piano
4935,969,9,42,149,200,1.3,0.03882702265745097,643,And for my second piece I will also be wearing handcuffs.
3868,969,9,42,149,200,1.3,0.03882702265745097,643,"Ladies and gentlemen, tonight's piece is a real knock-out."
3696,969,11,38,151,200,1.3,0.04010037656936684,643,"If you don't quiet down, your nose is going to B-flat."
3241,969,9,39,142,190,1.3,0.04015425561435787,643,"This next song, is a total knock-out!"
9,969,9,45,156,210,1.3,0.037615168331207816,643,Potential hecklers should take note...
775,969,6,45,139,190,1.3,0.038016836616589986,643,I couldn't find Madison Square Garden
635,969,11,41,158,210,1.3,0.03880770312486036,643,The first movement is to be played ‘molto aggressivo.’
5192,969,13,37,160,210,1.3,0.03996466883472816,643,"I will now perform Mozart's first sonata, which he composed at the age of 16 months."
1386,969,15,33,162,210,1.3,0.04108907018066591,643,I'd like to play a punchy little number.
2839,978,14,37,166,217,1.2995391705069124,0.03960731518570427,643,"This is a medley of my greatest hits,"
4176,979,9,44,154,207,1.2995169082125604,0.03795520172637351,643,I will now play 'Temper Tantrum in C Minor'.
4227,979,13,36,158,207,1.2995169082125604,0.040351032195364026,643,"Next, I will perform 'Rhapsody in Black and Blue' by Deontay Wilde"
874,981,4,51,142,197,1.299492385786802,0.03574326208078038,643,Good evening folks....Thought I'd belt out a tune for you.
2310,982,9,38,140,187,1.2994652406417113,0.04056340415802884,643,The Pugilist's Waltz
4813,982,9,38,140,187,1.2994652406417113,0.04056340415802884,643,Welcome to our First Annual Boxing Day Concert!
3850,984,11,39,154,204,1.2990196078431373,0.039544825175295784,643,"Following this encore, I would like a word with the reviewer who has called my playing ham-fisted."
3995,984,11,39,154,204,1.2990196078431373,0.039544825175295784,643,"And now I will play, ""The Fight of the Bumblebee """
312,986,11,36,147,194,1.2989690721649485,0.040908632423789316,643,This next piece is atonal.
1535,986,10,38,146,194,1.2989690721649485,0.04025046902561554,643,And it goes a little bit like this...
856,988,10,35,139,184,1.298913043478261,0.041702805404887425,643,"Hey, I can knock out a tune with the best of them"
5651,988,9,37,138,184,1.298913043478261,0.04098447812764403,643,"And now, ladies and gentlemen, Chopin and I will duke it out."
4536,990,9,45,157,211,1.2985781990521328,0.03746346251603373,643,I like to punch out a tune for you.
1010,990,12,39,160,211,1.2985781990521328,0.03922907898196011,643,"'The Boxer by Paul Simon."""
646,990,11,41,159,211,1.2985781990521328,0.03864950322766557,643,All I’m asking is that you give me a fighting chance.
2545,993,13,34,154,201,1.2985074626865671,0.041155436532604096,643,"And now, my rendition of the theme song from ""Rocky""."
5496,993,7,46,148,201,1.2985074626865671,0.03735321262626063,643,And for those of you who think playing piano is for sissies...
5204,995,15,38,175,228,1.2982456140350878,0.03875110429646283,643,For my next attempt I will fight my way through Rachmaninoff's 3rd.
1785,996,9,47,162,218,1.298165137614679,0.03667213659093865,643,"Tickling the ivories, has never been my forte."
1918,996,14,37,167,218,1.298165137614679,0.039449147999325654,643,My next number will be The Fight of the Bumblebee.
710,998,16,30,162,208,1.2980769230769231,0.04188050777691833,643,"Unfortunately, the necessity of dealing with hecklers has placed certain…constraints…on my artistry."
978,998,10,42,156,208,1.2980769230769231,0.03840924538710161,643,I call this piece 'Bach-xing.'
1805,998,9,44,155,208,1.2980769230769231,0.03779972219208669,643,Tickling the ivories is not enough for me.
3608,998,10,42,156,208,1.2980769230769231,0.03840924538710161,643,Any fight song requests?
3102,1002,10,39,149,198,1.297979797979798,0.03968134104764072,643,And now a punchy tune
3054,1002,14,31,153,198,1.297979797979798,0.042186555668083825,643,Doesn’t”matter now if it’s tuned or not.
3153,1004,16,38,181,235,1.297872340425532,0.03841488660434106,643,I had to fight my way to the top.
5297,1004,10,36,142,188,1.297872340425532,0.0410769063473797,643,That was a knockout performance
5463,1004,10,36,142,188,1.297872340425532,0.0410769063473797,643,"My next piece is by Rockymaninoff."""
580,1007,8,48,159,215,1.2976744186046512,0.03639624632515924,643,This next piece is a technical knockout.
1266,1007,12,40,163,215,1.2976744186046512,0.038711264395182576,643,I’m just going to knock-out this new piece for you.
2391,1007,13,38,164,215,1.2976744186046512,0.039268700031981525,643,The following selection will be played in B-flatten.
4279,1007,12,40,163,215,1.2976744186046512,0.038711264395182576,643,Tell the conductor I'm ready to punch it up a little.
4109,1011,10,41,154,205,1.2975609756097561,0.03876648397106495,643,This next number will be a real knockout.
2797,1011,13,35,157,205,1.2975609756097561,0.04057477421298065,643,"Ravel's Piano Concerto for the Left Hand in D major,the hard way."
5431,1013,8,42,145,195,1.2974358974358975,0.038731102236204816,643,"No, they're not for playing. They're for dealing with anyone who criticizes the playing."
1964,1013,12,34,149,195,1.2974358974358975,0.04137113313473756,643,Any last requests?
1183,1013,6,46,143,195,1.2974358974358975,0.03734115815318179,643,I was told to take a dive in the third cadenza.
1957,1016,14,35,163,212,1.2971698113207548,0.04019710832650258,643,"And now, a special request from my piano professor."
3385,1016,7,49,156,212,1.2971698113207548,0.0360947706239457,643,This next tune was popular during The Boxer Rebellion.
3936,1016,12,39,161,212,1.2971698113207548,0.03906899121490711,643,I call this next one 'Beethoven's Fists.'
4684,1016,10,43,159,212,1.2971698113207548,0.03790731632928391,643,What?  I got tired of tickling them.
2189,1020,12,36,154,202,1.297029702970297,0.040372330539529176,643,And now for Beethoven’s 9th round.
1843,1021,14,40,175,229,1.296943231441048,0.03810412161136918,643,"Chopin, Nocturne No. 2 in every key."
1746,1022,8,41,143,192,1.296875,0.03910474373737978,643,Ive had to fight my way to get here!
4160,1022,9,39,144,192,1.296875,0.03979596090787546,643,Here's a little number I punched out this morning.
445,1022,4,49,139,192,1.296875,0.036208160620309175,643,"As soon as my opponent arrives, we can begin."
1516,1025,9,47,163,219,1.2968036529680365,0.0365296803652968,643,Tonight’s performance is sponsored by Everlast.
159,1025,11,43,165,219,1.2968036529680365,0.037659012442619336,643,My playing style is known to be rather aggressive.
2558,1027,9,44,156,209,1.2966507177033493,0.03764545325131171,643,"And now, Rocky III, Opus I."
3436,1028,17,36,183,236,1.2966101694915255,0.038740839601173395,643,"I said I’d play for a Grand, baby! Not play a baby-grand!"
3468,1029,10,31,131,172,1.2965116279069768,0.04358708109681348,643,"For my next selection, I will play the 'Theme from Rocky'."
1883,1030,11,37,151,199,1.2964824120603016,0.0401470375284984,643,Bach? I thought you said Box.
3072,1030,9,41,149,199,1.2964824120603016,0.03886215296219795,643,"To complete this Mancini set, I’ll switch from Henry to Ray Boom Boom."
5066,1030,11,37,151,199,1.2964824120603016,0.0401470375284984,643,ARE ... YOU ... READY...TO ........GLISSANDO!!!!!
5510,1033,11,42,163,216,1.2962962962962963,0.037993674684649835,643,"And now, a sonata in twelve rounds."
5261,1033,8,40,141,189,1.2962962962962963,0.03948881377785779,643,"And now, I will sock it to you."
4139,1033,10,44,162,216,1.2962962962962963,0.03742262676385655,643,"And now, my Concerto in A-B-C-D-E-F-G minor."""
3203,1033,12,40,164,216,1.2962962962962963,0.03855626587442165,643,"Next up is the theme from ""Requiem for a Heavyweight"" in the keys of A, C, and F"
3104,1033,10,36,143,189,1.2962962962962963,0.04088937507766557,643,"Here in the final round is the theme from 'Rocky."""
2382,1033,13,38,165,216,1.2962962962962963,0.03911076527396493,643,Its not easy being Victor Borg's son!
1439,1033,8,40,141,189,1.2962962962962963,0.03948881377785779,643,"And now, I shall perform my impressions of what some of you call ""jazz""."
2455,1040,13,35,158,206,1.296116504854369,0.04040315808957,643,I would like to play this next number the way people have been saying I play it.
2620,1040,10,41,155,206,1.296116504854369,0.038604871362523226,643,I see you're as confused as I am.
2860,1040,10,41,155,206,1.296116504854369,0.038604871362523226,643,Thank you. That was Rockymaninoff's Piano Concerto in Round No. 2.
4003,1040,14,33,159,206,1.296116504854369,0.040985056795236056,643,Do you want the black notes or the white notes?
5526,1040,10,41,155,206,1.296116504854369,0.038604871362523226,643,Here's a new tune that will knock you out.
598,1045,11,44,168,223,1.295964125560538,0.037188591105162254,643,Round three goes something like this.
735,1045,16,34,173,223,1.295964125560538,0.0398118955348491,643,"And now, the 1812 Overture for solo piano"
5070,1047,11,36,149,196,1.2959183673469388,0.04054725544304208,643,Next I'm going to knock out a few favorites...
1064,1047,9,40,147,196,1.2959183673469388,0.039235477268014914,643,"On the other hand, 15 note chords are easy!"
382,1049,8,47,158,213,1.295774647887324,0.036562777265291044,643,"Eh, my playing's a little rocky."
5146,1049,10,43,160,213,1.295774647887324,0.03775471476052329,643,I Only Play Fight Songs
1448,1051,10,40,153,203,1.2955665024630543,0.038967434523319466,643,This next piece is called 'Ode to Percussion'
2120,1051,11,38,154,203,1.2955665024630543,0.03958831018837023,643,"For my next number, I’ll be pummeling the ivories..."
2151,1051,13,34,156,203,1.2955665024630543,0.040801727954260396,643,I would like to play now a little something composed by the late Marquess of Queensberry.
2229,1051,11,38,154,203,1.2955665024630543,0.03958831018837023,643,This one is called “Fight Of The Bumblebee”
3725,1051,10,40,153,203,1.2955665024630543,0.038967434523319466,643,What tune would you like me to knock out next?
5470,1051,11,38,154,203,1.2955665024630543,0.03958831018837023,643,I think I've lost this bet already.
3809,1057,14,37,169,220,1.2954545454545454,0.03913644812875586,643,A copy of my new album to whoever guesses what I'm playing
3818,1058,10,37,146,193,1.2953367875647668,0.04029448321426323,643,I promise you a knockout performance.
917,1058,8,41,144,193,1.2953367875647668,0.03893200027236563,643,I'll just punch out a little number
3565,1058,14,29,150,193,1.2953367875647668,0.042889798811590024,643,"And now, Rockymaninoff 's concerto #2"
5402,1061,8,46,156,210,1.2952380952380953,0.03687967234521863,643,"For the encore, I take the gloves off."
212,1061,10,42,158,210,1.2952380952380953,0.0380952380952381,643,And now my tribute to Jerry Lee Lewis.
461,1061,18,26,166,210,1.2952380952380953,0.04261214496480628,643,"Yes, the whole piece is to be played Fortissimo."
2734,1061,11,40,159,210,1.2952380952380953,0.03868870160853138,643,Hook and Jab in D minor by Johann Sebastian Box
3426,1061,13,36,161,210,1.2952380952380953,0.03984912251726724,643,This next piece I composed for Boxing Day.
3504,1066,11,45,171,227,1.2951541850220265,0.03673358351322897,643,This time I'm not going to tickle the ivories!
4438,1067,9,41,150,200,1.295,0.038695759574470516,643,I'll just knock out a few tunes for you.
680,1067,12,35,153,200,1.295,0.04059698976389072,643,"Float like a butterfly
Sting like a B major"
3416,1069,13,38,166,217,1.294930875576037,0.038954051898474534,643,"And for my next selection, a round."
5309,1070,8,40,142,190,1.2947368421052632,0.03931137148021417,643,Before I take the gloves off are there any requests?
921,1071,12,37,158,207,1.2946859903381642,0.039645772949062005,643,"3, 2, 1... Hit It!"
989,1071,10,41,156,207,1.2946859903381642,0.03844454554495056,643,"Yo, Hayydnnn!"
1662,1071,13,35,159,207,1.2946859903381642,0.04023293958952012,643,Are you certain these are the same gloves Glenn Gould used?
884,1074,17,32,175,224,1.2946428571428572,0.04015743447150264,643,The gloves come off for the Rachmaninoff!
2075,1075,14,30,153,197,1.2944162436548223,0.042249701050894914,643,"This next piece is ""'Requiem' for a Heavyweight,"" my homage to Mozart."
4073,1075,9,40,148,197,1.2944162436548223,0.03906469499972627,643,This way I don't have to insure my hands.
1962,1077,8,47,159,214,1.294392523364486,0.036417758700771546,643,Here's my rendition of Beethoven's Fifth – Round.
2474,1077,8,47,159,214,1.294392523364486,0.036417758700771546,643,Is there someone who can read music and turn pages for me?
2716,1077,13,37,164,214,1.294392523364486,0.03931460280458822,643,I just knocked this last piece out last night.
5260,1077,11,41,162,214,1.294392523364486,0.03818224791345542,643,"Beethoven, Brahms, Mozart — lightweights!"
2446,1081,12,44,175,231,1.2943722943722944,0.03680816016417091,643,They're insured!
1339,1082,13,34,157,204,1.2941176470588236,0.040627069838263766,643,"Having defeated all challengers, I will now continue with the Chopin."
1673,1082,8,44,152,204,1.2941176470588236,0.037537753035285046,643,And now a special arrangement of the Battle Hymn of the Republic.
3070,1082,16,28,160,204,1.2941176470588236,0.04237268393748769,643,For my next piece...the theme from Rocky
3032,1085,13,36,162,211,1.2938388625592416,0.03968448984680819,643,I will now play a piece from my boxed set.
4929,1085,10,42,159,211,1.2938388625592416,0.03794007275057367,643,"Piano Sonata No. 3, fortissimo"
1859,1087,12,33,149,194,1.2938144329896908,0.04142530903714438,643,This next number is a knock out.
2098,1087,8,41,145,194,1.2938144329896908,0.0387607072795664,643,Sit back and relax while I pummel the ivories.
4911,1087,11,35,148,194,1.2938144329896908,0.04077548624872847,643,"and now,  I'll knock out one your old favorites."
4030,1090,17,35,183,235,1.2936170212765958,0.03878975309428698,643,This is going to be very postmodern.
4671,1091,14,36,168,218,1.2935779816513762,0.03933961297355989,643,"In a sudden moment of panic, Mitch realizes that the Rachmaninoff concerto was actually written for a southpaw."
1326,1091,12,40,166,218,1.2935779816513762,0.03824982717108911,643,When you asked if I could pound the keys...
904,1091,13,38,167,218,1.2935779816513762,0.03879854654189811,643,"After all, the piano is a percussion instrument."
1012,1091,12,40,166,218,1.2935779816513762,0.03824982717108911,643,This next piece was composed by my toddler
1459,1095,13,33,155,201,1.2935323383084578,0.041031959404010464,643,My next piece consists of ten rounds.
4449,1095,9,41,151,201,1.2935323383084578,0.038530724330175584,643,I said I could punch out a tune.
1220,1097,10,34,140,184,1.2934782608695652,0.041557414589034336,643,I am now going to play for you a medley of works by Rockymaninoff.
5108,1098,12,32,147,191,1.293193717277487,0.041857251883054294,643,One cannot just tickle the ivories with Rachmaninoff.
3111,1099,11,41,163,215,1.2930232558139534,0.038028900026206874,643,"Ready for this? I’ve decided to give it the old one, two."
5101,1099,8,47,160,215,1.2930232558139534,0.03627383084014135,643,My Rachmaninoff may be a little Rocky.
2633,1101,13,32,153,198,1.292929292929293,0.04144808100769136,643,"And then I realized, my fight with the music IS the music"
4145,1101,13,32,153,198,1.292929292929293,0.04144808100769136,643,"The last time I played this next tune, someone nearly bit my ear off."
677,1103,15,40,184,239,1.292887029288703,0.037384400530248725,643,Heavy handed—me?
326,1104,17,31,174,222,1.2927927927927927,0.04037260430585132,643,"But first, Rockymaninoff’s ‘The Pugilist’s Prelude‘ ."
2133,1105,11,38,156,205,1.2926829268292683,0.039253868570602105,643,I'll be playing Fight of the Bumble Bees.
3283,1105,12,36,157,205,1.2926829268292683,0.03985837685367964,643,"Let's see if you can guess who composed this piece."""
3885,1105,12,36,157,205,1.2926829268292683,0.03985837685367964,643,Why hunt and peck when you can bob and weave?
4673,1105,12,36,157,205,1.2926829268292683,0.03985837685367964,643,Oh! I thought you wanted a knockout performance.
1624,1109,17,33,179,229,1.2925764192139737,0.039483900441804935,643,I thought you said to play the hits
1588,1110,9,37,142,188,1.2925531914893618,0.040233974953852655,643,Symphonie Pugiliste?
1585,1110,14,27,147,188,1.2925531914893618,0.0436259006527329,643,This is going to suck.
3594,1112,9,39,147,195,1.2923076923076924,0.03926985659872222,643,Okay. let's knock out a few tunes on the piano. Any request?
5551,1112,10,37,148,195,1.2923076923076924,0.039937322536562396,643,I invite you to sing along while I  punch out a few notes.
623,1112,13,31,151,195,1.2923076923076924,0.04187593597407749,643,I shall now perform Fight of the Bumblebee.
1156,1115,8,48,163,219,1.2922374429223744,0.03583179874008944,643,"Tonight, you’ll hear DeBussy with some punch!"
3207,1115,13,38,168,219,1.2922374429223744,0.03864423601724834,643,"Any more requests ,except ""go to hell""?"
4394,1115,12,40,167,219,1.2922374429223744,0.03809836140932428,643,My next piece is Chopin's Noc-out-turne opus 9
5079,1115,12,40,167,219,1.2922374429223744,0.03809836140932428,643,"When I told the host of this show, I'd play for free, he said 'sure, knock yourself out.'"""
1404,1119,9,41,152,202,1.2920792079207921,0.038367031810027485,643,"And now my rendition of ""The Fight of the Bumble Bee""."
1464,1119,13,33,156,202,1.2920792079207921,0.04085417676012673,643,The theme from Rocky
3603,1119,10,39,153,202,1.2920792079207921,0.039003689403961074,643,A knockout performance!
4414,1122,17,27,165,209,1.291866028708134,0.04213985847469465,643,It was a restraining order from my piano teacher!
3865,1122,10,41,158,209,1.291866028708134,0.03812769725002207,643,This is the best way I have found to knock out a tune.
2522,1122,9,43,157,209,1.291866028708134,0.037519523886042946,643,This next piece is going to be a little punchier
1506,1122,9,43,157,209,1.291866028708134,0.037519523886042946,643,Put up your Duke Ellingtons
34,1122,17,27,165,209,1.291866028708134,0.04213985847469465,643,I'm making Mozart great again.
5542,1127,9,50,174,233,1.2918454935622317,0.03498305749621505,643,"For an encore, I've chosen to knock out a few bars of Beethoven's Ninth."
239,1128,7,49,160,216,1.2916666666666667,0.03553000939507511,643,Prepare to be knocked out!
1463,1129,13,39,171,223,1.2914798206278026,0.038150440886646785,643,Ever have that dream that you went to school in your underwear?  This is my version...
2154,1130,12,34,153,199,1.2914572864321607,0.04064585605706703,643,I shall now perform Handel with kid gloves.
3576,1130,12,34,153,199,1.2914572864321607,0.04064585605706703,643,This next piece is to be played 'molto forte.'
2755,1132,7,46,153,206,1.2912621359223302,0.03658532753673159,643,Now for my knockout piece as the encore.
2687,1133,13,36,164,213,1.2910798122065728,0.03935913998235255,643,OSHA regulations.
1730,1134,7,41,141,189,1.291005291005291,0.03861948064857136,643,And now for my knockout number...
1444,1135,15,34,171,220,1.290909090909091,0.03955486497156324,643,"A Paul Simon song, sir ?   Any one in particular ?"
4884,1136,13,40,174,227,1.2907488986784141,0.03767298869965998,643,That's the last time I schedule a concert on Boxing Day.
969,1137,12,35,156,203,1.29064039408867,0.04007388945224883,643,Yet another dream where I don't have my underwear on.
2148,1137,10,39,154,203,1.29064039408867,0.03883773828827065,643,"'I'll knock out a few melodies."""
2859,1137,10,39,154,203,1.29064039408867,0.03883773828827065,643,Hopefully this will strike a chord with you as it did for me.
4448,1137,9,41,153,203,1.29064039408867,0.038204666797483994,643,This piece will knock you out.
4472,1137,13,33,157,203,1.29064039408867,0.0406778805503985,643,"And now, my arrangement of Paul Simon’s ‘The Boxer.’"
4574,1142,14,33,163,210,1.2904761904761906,0.040299898878852776,643,"For my next selection, I have prepared an interpretive rendition of the Theme from Rocky."
4642,1142,14,33,163,210,1.2904761904761906,0.040299898878852776,643,My next selection is a Rockymaninoff
3,1142,11,39,160,210,1.2904761904761906,0.03856651980387218,643,This one is by Rockymaninov.
4364,1142,11,39,160,210,1.2904761904761906,0.03856651980387218,643,"My next selection will be  ""Fight of the Bumblebee""."
1970,1146,12,46,183,241,1.2904564315352698,0.035688265762696826,643,Ladies and gentlemen ... I will now attempt to free my hands and play the Minute Waltz in 55 seconds or less.
2664,1147,9,36,141,186,1.2903225806451613,0.04045749009336217,643,The melody could use a little more punch.
3413,1147,12,39,166,217,1.2903225806451613,0.03828707705257916,643,"And now, an interpretation of Liszt based on my true feelings."
4113,1147,15,33,169,217,1.2903225806451613,0.039923783159345694,643,Before my next performance I'd like to ask the Gazette's music critic to join me onstage.
1912,1150,11,34,148,193,1.2901554404145077,0.04082195195028793,643,And for my next number I will play  Fight of the Bumble Bee.
1190,1151,14,39,178,231,1.29004329004329,0.03771346784904825,643,Box variations.
3521,1151,11,45,175,231,1.29004329004329,0.03618528857820592,643,They said the keys would be larger
2856,1153,9,40,151,200,1.29,0.038560791918305234,643,"After 30 years of tickling the ivories, I’ve decided to try something new."
1672,1153,9,40,151,200,1.29,0.038560791918305234,643,"To close, a traditional Boxing Day tune."
3987,1153,9,40,151,200,1.29,0.038560791918305234,643,I always dread the Boxing Day gig.
3536,1156,6,37,126,169,1.2899408284023668,0.04059681708050928,643,I think you'll agree this next tune is a real knockout.
1145,1157,10,40,157,207,1.289855072463768,0.03831762167297668,643,...And now a selection from my new boxed set.
3720,1157,14,32,161,207,1.289855072463768,0.04069211952964566,643,"Folks, this won't be my usual performance. I'm not wearing any pants tonight."
95,1157,11,38,158,207,1.289855072463768,0.03892482814295744,643,"And now, ""Fight of the Bumblebee."""
2283,1160,9,44,161,214,1.2897196261682242,0.03689181709552622,643,And now for some Wagner.
2946,1160,19,24,171,214,1.2897196261682242,0.042423765254861454,643,"Next, a piece I composed when I was three years old."
5674,1160,15,32,167,214,1.2897196261682242,0.040302208158904375,643,Gerald was finding his two jobs were beginning to interfere with each other.
4977,1163,9,35,139,183,1.289617486338798,0.04087637847144978,643,"Good evening, Ladies and Gentlemen. I’m Down for the Count Basie!"
572,1164,10,44,167,221,1.2895927601809956,0.03669447140599032,643,And now for a piece by Pugalini.
4983,1164,11,42,168,221,1.2895927601809956,0.03725076599236616,643,"If the bartender is listening, I'm ready for another round."
5056,1164,9,46,166,221,1.2895927601809956,0.036129612460031435,643,Now for a thumping good tune
4724,1167,9,48,171,228,1.2894736842105263,0.03540987435277248,643,Who brought the piano? I asked for a gong!
4531,1167,19,28,181,228,1.2894736842105263,0.040500467013502385,643,"Ladies and Gentlemen, the Fight of the Bumblebee."
3100,1167,13,29,148,190,1.2894736842105263,0.04257087309536828,643,And now for a touch of Wagner.
3040,1167,11,33,146,190,1.2894736842105263,0.04124184344847057,643,"And now, I will play the 0ne-two waltz."
816,1167,10,35,145,190,1.2894736842105263,0.040561001694870126,643,"For your pleasure, “Cacophony in B flat”"
4332,1172,13,31,153,197,1.2893401015228427,0.04150252651548703,643,This next piece I will play using only gentle jabs and delicate hooks.
5675,1172,11,35,151,197,1.2893401015228427,0.0402351210981322,643,"This is a lessor known but musically athletic Bach piece, the poundo and feud in three rounds."
1454,1174,10,39,155,204,1.2892156862745099,0.038673140127967146,643,Here comes the hook.
85,1175,14,33,164,211,1.2890995260663507,0.04013206839658458,643,"And now I shall play for your listening pleasure a few pieces from my latest recording, ‘Atonal Bludgeoning Cacophony.’"
209,1175,12,37,162,211,1.2890995260663507,0.03899115076184692,643,And here's a knockout hit I wrote recently...
1470,1175,16,29,166,211,1.2890995260663507,0.04124143535139398,643,And now the hard way.
3351,1175,11,39,161,211,1.2890995260663507,0.03840798484307062,643,And now a song that floats like Madame Butterfly and stings like the Flight of the Bumblebee
4984,1179,9,47,169,225,1.288888888888889,0.035696644673093685,643,I'm hoping to be saved by the bell.
3712,1179,13,39,173,225,1.288888888888889,0.037854730214958165,643,Let's get ready to Rrrrrrachmaninoffff!
2319,1179,11,43,171,225,1.288888888888889,0.03679151424285479,643,"Ladies and Gentlemen, I will be performing Simon and Garfunkel’s, The Boxer, as it was originally conceived."
3600,1182,12,32,150,194,1.288659793814433,0.0412904948009828,643,I think you'll all recognize this Paul Simon tune.
3785,1182,12,32,150,194,1.288659793814433,0.0412904948009828,643,"Are you sure about this, Mr. Cage?"
164,1184,10,38,153,201,1.2885572139303483,0.03903808626081026,643,And now for a piece that sounds like something a toddler could play.
463,1184,12,34,155,201,1.2885572139303483,0.04029236486567463,643,Who's ready to hear my hit song?
1699,1184,14,30,157,201,1.2885572139303483,0.04150875996739533,643,"John Cage's 4'33, as played by Rocky Balboa."
3042,1184,14,30,157,201,1.2885572139303483,0.04150875996739533,643,That was John Cage. Any questions?
4153,1188,13,34,161,208,1.2884615384615385,0.03994268111115652,643,"And now, for your listening pleasure, I will attempt chopsticks."
2584,1188,8,44,156,208,1.2884615384615385,0.03692102527435098,643,For my next number I shall pound the keyboard.
1475,1188,11,38,159,208,1.2884615384615385,0.038762294920866455,643,"Now for a mash-up I like to call ""Float like a Butterfly; sting like the Flight of the Bumblebee."""
1960,1188,11,38,159,208,1.2884615384615385,0.038762294920866455,643,"And now I will perform""Horowitz at age 2"""
1388,1192,12,38,165,215,1.2883720930232558,0.038478148670016595,643,"I would now like to play Ravel's ""Concerto for No Hands."""
2134,1192,10,42,163,215,1.2883720930232558,0.037331358169987186,643,They said my playing could use a little punch.
2848,1192,12,38,165,215,1.2883720930232558,0.038478148670016595,643,Let's see you bring your booing up here.
4496,1192,13,36,166,215,1.2883720930232558,0.03903891310218454,643,"If Beethoven could do it deaf, then I might as well try my best."
4912,1192,11,40,164,215,1.2883720930232558,0.03790909012287006,643,I will now play a round by Johann Sebastian Box.
2553,1197,10,44,168,222,1.2882882882882882,0.03655209146012639,643,"Last time, Rachmaninoff won."
753,1197,11,42,169,222,1.2882882882882882,0.037105527037849015,643,"Now, I’d like to play you a selection of my greatest hits."
2930,1197,10,44,168,222,1.2882882882882882,0.03655209146012639,643,I’d like to now play the piano version of Simon & Garfunkel’s “The Boxer”
3080,1200,11,44,174,229,1.2882096069868996,0.03634717455795492,643,"We take ""dueling pianos"" very seriously."
4913,1201,15,40,188,243,1.2880658436213992,0.03684570819976096,643,I only play Fortissimo.
2498,1202,9,35,140,184,1.2880434782608696,0.040684076707408146,643,My next selection is a real knockout.
4542,1203,12,33,153,198,1.2878787878787878,0.04069302641589858,643,Uhhh...I kinda lost a bet.
2419,1204,10,39,156,205,1.2878048780487805,0.03850987941933194,643,This next one is more ‘Rocky’ than Rachmaninoff.
4797,1204,13,33,159,205,1.2878048780487805,0.040329676862665406,643,Any other requests?
493,1206,14,33,165,212,1.2877358490566038,0.03996558957832465,643,It’s not The Fight of The Bumblebee?
4849,1206,13,35,164,212,1.2877358490566038,0.039402254106992975,643,I  coulda had class. I coulda been a conductor. I coulda been somebody. Instead of a bum. Which is what I am.
1937,1208,11,41,167,219,1.2876712328767124,0.03742718408477882,643,"My next number is ""Chopfists""."
2338,1208,16,31,172,219,1.2876712328767124,0.0401279613850796,643,Here’s a little something for all you boxing fans”.
3381,1208,14,35,170,219,1.2876712328767124,0.03907006033217548,643,This next one is also by Stravinsky.
3990,1208,12,39,168,219,1.2876712328767124,0.03798270585144277,643,"And now, I give you Punchini's ""Madam Sting Like a Butterfly."""
5515,1208,12,39,168,219,1.2876712328767124,0.03798270585144277,643,"...and now an original composition that I 
like to call  ""Thrilla in Manila"""
2635,1213,13,39,174,226,1.2876106194690264,0.03770853123780288,643,"And now I'd like to play something with absolutely no regard for talent, technique or quite frankly, for any of you my dear audience."
444,1213,10,45,171,226,1.2876106194690264,0.03611009869575782,643,Gimme a mandatory eight count.
3840,1215,11,34,150,195,1.2871794871794873,0.04045666780409581,643,This next piece was composed by a 2 yr. old with no formal training.
2625,1216,10,38,154,202,1.2871287128712872,0.03887060535581717,643,"Now, my rendition of Fight of the Bumble Bee."
3316,1216,9,40,153,202,1.2871287128712872,0.038231731631181425,643,I thought I’d punch up this last number just a bit.
3279,1218,10,40,159,209,1.2870813397129186,0.03800046963309624,643,This will be 1812 like you've never heard.
3979,1218,9,42,158,209,1.2870813397129186,0.03739022689663538,643,I will now play Rockymaninoff’s Piano Concerto No. V.
4700,1220,11,40,165,216,1.287037037037037,0.03775678766994042,643,"That was in the key of C minor, give or take..."
4927,1220,14,34,168,216,1.287037037037037,0.03943062238364028,643,"Its Rimsky-Korsakov with a postmodern vibe: I call it ""Fight of the Bumblebee"""
5105,1222,10,44,169,223,1.2869955156950672,0.036410768895131514,643,This next piece is by Sergei Knockyerblockoff.
569,1222,14,36,173,223,1.2869955156950672,0.038566055874140207,643,I will now play for you a piece by Donald J. Trump called ‘Bing Bing Bong Bong’
1186,1222,10,44,169,223,1.2869955156950672,0.036410768895131514,643,"It’s an upbeat tempo.  One, two.  One, two."
2035,1225,14,40,183,237,1.2869198312236287,0.03698031436865332,643,It's called Bach-sing.
5543,1226,7,39,139,185,1.2864864864864864,0.039015580445703545,643,Does anybody dare to make a request?
2531,1227,12,31,149,192,1.2864583333333333,0.04152838911640155,643,"I dare you, ask me to play ‘Piano Man’ one more time."
270,1228,11,35,153,199,1.2864321608040201,0.03988250052190909,643,This next one has a hook that will be in your head for days.
799,1228,7,43,149,199,1.2864321608040201,0.03725021434791084,643,"And now, I will do a rendition of ""The Boxer,"" by Simon & Garfunkel."
1046,1228,11,35,153,199,1.2864321608040201,0.03988250052190909,643,Let’s get ready to RE-CI-TAAAAL!
1926,1231,8,43,155,206,1.2864077669902914,0.03709238702447449,643,...and now the band and I would like to punch out a couple of old favorites.
885,1231,14,31,161,206,1.2864077669902914,0.040743138766681224,643,Would the person who requested Proud Mary please come forward?
2086,1231,14,31,161,206,1.2864077669902914,0.040743138766681224,643,We'll have a brief intermission while I decide my future.
4410,1231,12,35,159,206,1.2864077669902914,0.03956366973329399,643,Good evening and welcome to 'Boxers Got Talent'!
5539,1231,9,41,156,206,1.2864077669902914,0.037725387633148894,643,I'd like to pound out a few tunes.
3036,1236,12,39,169,220,1.2863636363636364,0.03783226699097531,643,I hope you enjoy this next number. I knocked it out last night.
877,1237,12,41,174,227,1.2863436123348018,0.03704086599078896,643,"My next selection is Beethoven's ""Hammerklavier"""
3270,1238,10,42,165,217,1.2857142857142858,0.03703398909751519,643,I float like Madame Butterfly and sting like Flight of the Bumble Bee
3517,1238,8,42,153,203,1.2857142857142858,0.037423146768748514,643,I think I misunderstood the phrase 'hitting the right notes'.
3218,1238,8,40,148,196,1.2857142857142858,0.038277950117547636,643,My next selection will be from the Ring Cycle
3538,1238,12,36,162,210,1.2857142857142858,0.03902933180742214,643,"My next song is The Boxer, by Simon and Garfunkle."
3164,1238,11,32,146,189,1.2857142857142858,0.041288022389631224,643,I am going to float like a butterfly and sting like a B major
4242,1238,11,34,151,196,1.2857142857142858,0.04027638683488193,643,"I call this next piece, Ali vs. Frazier, in B minor."
4846,1238,11,34,151,196,1.2857142857142858,0.04027638683488193,643,This next piece is from the Ring cycle.
5365,1238,11,42,171,224,1.2857142857142858,0.03681829813938281,643,They told me it was Boxing Day.
3664,1238,12,28,142,182,1.2857142857142858,0.04308220104728187,643,"I went to a tough music school. The keys were black and blue. But seriously, take my arranger. Please!"
2857,1238,14,34,169,217,1.2857142857142858,0.039270777156905134,643,"As a Jazz Pacifist, I believe it's more about the notes I don't strike"
1397,1238,6,50,161,217,1.2857142857142858,0.03465312047193506,643,"Chopin Piano Concerto, round 3."
1377,1238,11,36,156,203,1.2857142857142858,0.03932953044214457,643,And now ... The Pugilist of Seville.
908,1238,14,28,154,196,1.2857142857142858,0.04218024665343526,643,. . . and now the theme from Rocky
843,1238,13,36,168,217,1.2857142857142858,0.03872369482628427,643,And now in the key of Ali.
561,1238,10,44,170,224,1.2857142857142858,0.036270492703864066,643,It's kind of a punchy tune!
513,1238,15,22,145,182,1.2857142857142858,0.0451465873656435,643,This song was composed by my two year old son on the pots and pans.
470,1238,10,38,155,203,1.2857142857142858,0.03870450380198858,643,Too punchy?
322,1238,9,42,159,210,1.2857142857142858,0.037236854613011544,643,"1, 2, 3 - hit it!"
204,1238,12,32,152,196,1.2857142857142858,0.04092084994511045,643,"Before I start playing the theme from ""Rocky"", can somebody come up here and zip up my pants?"
88,1238,11,36,156,203,1.2857142857142858,0.03932953044214457,643,Let's get ready to rumba.
2736,1258,10,43,168,221,1.2850678733031675,0.03657507338401498,643,"And now for the old, ‘One, two’"
3946,1259,15,31,168,214,1.2850467289719627,0.04018630364641032,643,"And now a contemporary rendition of Schoenberg's transcription of LL Cool J's ""Mama Said Knock You Out"""
3190,1259,9,43,162,214,1.2850467289719627,0.036765162680009913,643,Rockymaninoff’s Piano Concerto No. V
1018,1259,15,31,168,214,1.2850467289719627,0.04018630364641032,643,And now a little number by Schoenberg—please feel free to hum along.
2825,1259,12,37,165,214,1.2850467289719627,0.03851373902680111,643,"This next piece - ""John Cage Match"" - is an homage."
661,1263,9,41,157,207,1.285024154589372,0.03756818446021164,643,"I think you will all recognize the theme from ""Requiem for a Heavyweight."""
827,1263,10,39,158,207,1.285024154589372,0.038187309396210234,643,"Maestro, Uppercut in C Major please."
1111,1263,12,35,160,207,1.285024154589372,0.03939638091871746,643,They’re rather tired of being tickled.
2676,1263,10,39,158,207,1.285024154589372,0.038187309396210234,643,"And finally, I'd like to knock out a few."""
3904,1263,15,29,163,207,1.285024154589372,0.04114342201797127,643,This next piece is by John Cage.
968,1268,10,37,153,200,1.285,0.03907054565383548,643,What you are about to hear has never before been played in a concert  hall.
5334,1269,19,17,157,193,1.2849740932642486,0.04568090474183801,643,YOU FORGOT THE BLINDFOLD.
4939,1269,8,39,146,193,1.2849740932642486,0.038639992629386284,643,I Am The Greatest!
3552,1269,9,37,147,193,1.2849740932642486,0.03933219287743259,643,And now a tribute to the late great Muhammad Ali.
3106,1269,10,35,148,193,1.2849740932642486,0.04001242010546338,643,"Did you say, ""Bach's""?"
4123,1269,16,23,154,193,1.2849740932642486,0.04387286131069276,643,What does Beethoven being deaf have to do with it?
392,1274,11,42,172,225,1.2844444444444445,0.03667628541464605,643,"Trust me, this next song will be a knockout."
3564,1274,16,32,177,225,1.2844444444444445,0.03928819937626662,643,"I shall now play Float Like A Butterfly, Sting Like A Bee Flat"
4222,1274,15,34,176,225,1.2844444444444445,0.038779892606178486,643,"And now, my own rendition of the 1812 Overture."
348,1277,6,50,162,218,1.2844036697247707,0.03451868484416678,643,Here's a punchy little etude...
4875,1277,10,42,166,218,1.2844036697247707,0.03688700779344265,643,"And now, I'd like to play ""TKO for Two"""
5176,1277,15,32,171,218,1.2844036697247707,0.039648972492130695,643,"And now, a recently discovered composition by John Cage."
5399,1280,10,40,161,211,1.2843601895734598,0.037688333550256116,643,"LIMERICK: There was a pianist named Billy...A heavy weight singer from Philly...His tunes packed a punch...And he delivered a bunch...But personally, I found them silly."
2536,1280,10,40,161,211,1.2843601895734598,0.037688333550256116,643,Many of you know this from my box set.
4923,1282,11,36,157,204,1.2843137254901962,0.039161316506937924,643,WOULD YOU LIKE ME TO KNOCKOUT ANOTHER TUNE?
4830,1282,9,40,155,204,1.2843137254901962,0.03790802487962838,643,This composition needs more punch.
3051,1282,8,42,154,204,1.2843137254901962,0.037265576208258246,643,This one has a punchy beat
3531,1282,9,40,155,204,1.2843137254901962,0.03790802487962838,643,"Well, not usually, but these are my Bach-sing gloves."
4710,1282,11,36,157,204,1.2843137254901962,0.039161316506937924,643,It needed the right hook.
789,1287,9,38,150,197,1.284263959390863,0.03878436719299225,643,"Thank you, ladies and gentlemen.  Tonight, I don't plan to tickle the ivories as much as smash 'em to bits."
2472,1287,10,36,151,197,1.284263959390863,0.03944647648719115,643,"Next, I'd like to play the Ali Variations."
1993,1289,11,32,147,190,1.2842105263157895,0.041097662540626134,643,For my final piece I'd like to play Schubert's  Four Impromptus D899 but I can't.  So instead I'll just beat the crap out of this thing.
3044,1289,11,32,147,190,1.2842105263157895,0.041097662540626134,643,This next piece is a punchy little number.
5485,1291,12,37,166,215,1.283720930232558,0.038357106529242714,643,This next little number is a real knockout!
3249,1291,14,33,168,215,1.283720930232558,0.03947410852130425,643,The Fight of the Bumblebee
977,1291,13,35,167,215,1.283720930232558,0.03891961500867769,643,It's worse than it looks.  They're thumbless gloves.
2707,1291,10,41,164,215,1.283720930232558,0.03720658542569638,643,"And now, my final number will just knock you out!"
327,1295,11,37,160,208,1.2836538461538463,0.03863389243728974,643,Yo adagio!
540,1295,9,41,158,208,1.2836538461538463,0.03741223567284857,643,Would anyone care to hear another fight song?
933,1295,12,35,161,208,1.2836538461538463,0.039230457278289894,643,The first number I'll be playing this evening is going to sound like hell.
1004,1295,7,45,156,208,1.2836538461538463,0.036149316884630786,643,"Sonata for two boxing gloves on three keys at a time, molto grandissimo."
48,1299,8,39,147,194,1.2835051546391754,0.03846835781571536,643,My next piece is a real knockout.
2388,1300,7,39,141,187,1.2834224598930482,0.03865761476001332,643,This is for the table that requested the theme from “Rocky”!
2808,1300,12,29,146,187,1.2834224598930482,0.042212749380627274,643,"Now, a new work, “Brexit Compromise,” in B flat minor."
142,1302,10,42,167,219,1.2831050228310503,0.036741145709371405,643,For my next number...'Requiem for a Heavyweight'
5322,1303,8,44,160,212,1.2830188679245282,0.03632338210266991,643,"Next, ""Dance of the Butterflies,"" by Muhammad Ali."
1989,1303,13,34,165,212,1.2830188679245282,0.039280296530599106,643,I have found it difficult to refrain from texting during performances.
1340,1305,10,38,157,205,1.2829268292682927,0.038376374865723116,643,It worked for my cat.
1743,1305,5,48,152,205,1.2829268292682927,0.0351230139591593,643,"Float like a melody, sting like a B-flat."
154,1307,11,34,153,198,1.2828282828282829,0.039920451126345735,643,"Roll over, Beethoven."
1352,1307,13,30,155,198,1.2828282828282829,0.04118483633607809,643,"And now, Ravel's Piano Concerto in D for Southpaws."
2973,1307,16,24,158,198,1.2828282828282829,0.043011780164013295,643,"And now, I would like to play the theme song from the movie, Rocky."
4701,1307,10,36,152,198,1.2828282828282829,0.039272996513911036,643,"...and so in tribute to Michael Jackson, I will ""just Beat It."""
3999,1311,12,30,149,191,1.2827225130890052,0.041577128324383164,643,Let the first round of the concerto begin.
2550,1312,7,38,139,184,1.2826086956521738,0.0390339614856866,643,"Concerto in A, B, C, D, E, F, and G"
1430,1312,14,24,146,184,1.2826086956521738,0.04403891311061268,643,"Harolds worst nightmare, trying out for the ""L.A. PHILHARMONIC"""
1906,1312,15,35,180,230,1.2826086956521738,0.0381433634078585,643,And now for a bit of Rocky maninoff!
535,1315,14,35,174,223,1.2825112107623318,0.03845315183326687,643,My next piece is in one-two time.
3677,1315,14,35,174,223,1.2825112107623318,0.03845315183326687,643,"I call the next piece ""The Ring Cycle""."
2953,1317,11,39,166,216,1.2824074074074074,0.03763381183226655,643,I’m wearing these gloves at the request of my fans
3509,1317,14,33,169,216,1.2824074074074074,0.03931288286852943,643,"Now, for a rarely-played piece from Wagner's Ring Cycle."
412,1319,9,41,159,209,1.2822966507177034,0.03725752722251275,643,"Float like a butterfly, sting like a B-sharp."
3376,1319,10,39,160,209,1.2822966507177034,0.0378699083665418,643,"That concludes Round  1, Round 2 will begin after intermission ."
1813,1321,11,35,156,202,1.2821782178217822,0.03936464069193373,643,"The contract stated I was not allowed to ""tickle"" the ivories"
254,1321,10,37,155,202,1.2821782178217822,0.038733916398887944,643,'We're now going to take the gloves off.'
2543,1321,10,37,155,202,1.2821782178217822,0.038733916398887944,643,"I will take off the gloves, but I want you to know how it feels to be challenged by Prokofiev."
3993,1321,9,39,154,202,1.2821782178217822,0.03809275026021403,643,"Then what precisely DO you mean by ""Punch it up a little""?"
2606,1325,9,48,177,234,1.2820512820512822,0.03462995263026204,643,"Ladies and gentlemen, I will now perform a medley of my greatest hits."
830,1326,12,29,147,188,1.2819148936170213,0.042014668996909164,643,"Excuse me, the keys are too small."
5025,1326,9,35,144,188,1.2819148936170213,0.03993199883069859,643,"If Billy Joel claims to be the piano man one more time, I swear I'm going to deck him."
551,1328,9,44,167,220,1.2818181818181817,0.036024780666490626,643,Fair warning if you don’t applaud.
1073,1328,14,34,172,220,1.2818181818181817,0.03879870905254847,643,"Ladies and Gentlemen, Rockymaninoff No. 3."
1131,1330,6,39,136,181,1.281767955801105,0.038634549695131686,643,Tickling the ivories! I think not.
2285,1331,14,32,167,213,1.2816901408450705,0.039680100785923836,643,"And now, the Trump Suite of Dementias, in F Major."
5459,1331,10,40,163,213,1.2816901408450705,0.0373811020140751,643,This concert is off to a Rocky start.
2171,1331,16,28,169,213,1.2816901408450705,0.040781027496597795,643,I love challenges!
5324,1334,9,40,157,206,1.2815533980582525,0.03758954985013285,643,And it sounds a little something like this....
3246,1334,15,28,163,206,1.2815533980582525,0.04119626729842477,643,"What?? No, the contract definitely said glove songs..."
2928,1334,12,34,160,206,1.2815533980582525,0.0394341647385797,643,What do you mean I am off key?
986,1334,11,36,159,206,1.2815533980582525,0.03882903104291301,643,Apologies for the rocky start...
3137,1338,15,37,186,238,1.281512605042017,0.037219481220610785,643,"And now, ""The Boxer"""
3792,1338,8,51,179,238,1.281512605042017,0.033720753791844534,643,"Well, technique isn't everything."
5318,1338,12,43,183,238,1.281512605042017,0.035761964707525684,643,"No dad, I'm giving up on your dream"
368,1341,12,32,155,199,1.2814070351758795,0.04037827015901289,643,"I dedicate this next piece to my manager, who needs a better understanding of what a ‘boxing day concert’ is."
83,1342,16,22,154,192,1.28125,0.04394279385476819,643,And now for the hook.
915,1342,11,32,149,192,1.28125,0.040722002930695944,643,Oddsmakers have ebony over ivory in the third round .
3985,1342,10,34,148,192,1.28125,0.040046772664880256,643,"Now for Chopin’s Etude in G# minor, Op.25; No.6 the hard way."
4989,1345,14,33,170,217,1.2811059907834101,0.03915293321834287,643,"On tonight’s program, “Float like Les Papillons, sting like Debussy.”"
2559,1345,13,35,169,217,1.2811059907834101,0.0386041808887575,643,And now for a little fight music.
888,1345,11,39,167,217,1.2811059907834101,0.037482582449395015,643,This next number will be a little Rocky
2295,1345,12,37,168,217,1.2811059907834101,0.03804751482795956,643,"And now, round four..."
1262,1349,14,31,165,210,1.2809523809523808,0.04005686591345041,643,"And now, the theme from ‘Rocky’ as it was originally composed..."
3274,1349,11,37,162,210,1.2809523809523808,0.0383124928312535,643,They keys in this piece are pretty sharp.
4971,1349,11,37,162,210,1.2809523809523808,0.0383124928312535,643,The second movement begins with delightful arpeggios and ends with an uppercut.
5676,1349,12,35,163,210,1.2809523809523808,0.03890264224401665,643,"Ladies and gentlemen, The Palooka Polka."
3192,1353,9,48,178,235,1.2808510638297872,0.03450315781759637,643,"I wanted to be a boxer, but mother made me take piano lessons."
557,1354,7,43,153,203,1.2807881773399015,0.03662167391360937,643,I'm trying to stop tickling the ivories.
1826,1354,10,37,156,203,1.2807881773399015,0.03856769439516733,643,This is called he Mefisto Waltz.
2407,1354,9,39,155,203,1.2807881773399015,0.037930116012445746,643,"It was at that moment, Rocky knew he had to give up his dreams."
1952,1357,13,38,177,228,1.280701754385965,0.03730711729464747,643,Sharp or flat?
3698,1358,9,37,150,196,1.280612244897959,0.038809577697420584,643,My next number will knock you out.
179,1358,14,27,155,196,1.280612244897959,0.042045528178845624,643,And now: Beethoven's Ninth--in the style of American democracy.
2731,1360,14,34,173,221,1.2805429864253393,0.03864379591344966,643,"And next, the theme from Rocky."
5567,1360,11,40,170,221,1.2805429864253393,0.03701265941325213,643,I'm working on my fortissimos.
1208,1362,13,34,167,214,1.280373831775701,0.03895704106469118,643,"And now, Muhammad Ali's fifth symphony."
1371,1363,11,36,160,207,1.2801932367149758,0.03866492728803094,643,"I've had a request for ""The Boxer."""
4154,1363,12,34,161,207,1.2801932367149758,0.03926676352176379,643,I dare you to cough one more time!
4494,1363,10,38,159,207,1.2801932367149758,0.03805357390447474,643,Get ready for my latest hit...
4511,1363,10,38,159,207,1.2801932367149758,0.03805357390447474,643,This next selection is a real knockout.
4826,1363,7,44,156,207,1.2801932367149758,0.03615754611484472,643,I will now take on Mozart
5456,1368,14,37,181,232,1.2801724137931034,0.037356680673922754,643,"Heads up, folks -- this next number's going to be a knockout."
5482,1369,9,38,153,200,1.28,0.03827958507045014,643,They complained I was all thumbs.
4017,1369,8,47,170,225,1.28,0.034892124003280706,643,It’s not as delicate a piece as one might think.
2232,1369,11,34,155,200,1.28,0.03957055907778715,643,So! I’m not all thumbs!!
699,1369,8,40,152,200,1.28,0.03761748764716248,643,Now I'd like to knock out my latest for you!
74,1369,9,38,153,200,1.28,0.03827958507045014,643,Just how fortissimo do you want it?
1087,1369,13,30,157,200,1.28,0.04082072584229067,643,"You said pugilisimo, right?"
4166,1375,18,25,175,218,1.2798165137614679,0.04110550923791728,643,"And now, reimagined for pianoforte, the theme from Rocky."
1740,1376,11,32,150,193,1.2797927461139897,0.04053666053206766,643,I dedicate this next piece to Philip Glass.
1991,1377,13,40,183,236,1.2796610169491525,0.03641488029220918,643,"*“Alas, ebony and ivory don’t always live together in perfect harmony.”"
4572,1378,10,39,162,211,1.2796208530805686,0.037557559727315545,643,"Now, i am going to play my greatest hits."
5169,1378,16,27,168,211,1.2796208530805686,0.041004749978948464,643,"And now, Madam Butterfly, Stings Like A Bee."
4411,1378,16,27,168,211,1.2796208530805686,0.041004749978948464,643,What? You've never seen Bach-sing gloves?
2323,1378,13,33,165,211,1.2796208530805686,0.03931895098744973,643,This next piece may be a little Rocky.
2694,1378,10,39,162,211,1.2796208530805686,0.037557559727315545,643,I have A Minor problem
4466,1378,9,41,161,211,1.2796208530805686,0.036951776068862255,643,J. S. BACHINGGLOVE
1167,1384,12,28,146,186,1.2795698924731183,0.042263192455630226,643,"And now, ladies and gentlemen: ""'We Will Rock You!"
942,1385,11,42,176,229,1.279475982532751,0.03611865355627405,643,"I thought you said ""bach""."
2302,1385,13,38,178,229,1.279475982532751,0.0371640669941277,643,"Introducing classical music for millennials. Because alone, Piano Sonata No. 29 isn't enough to maintain your attention."
5186,1385,13,38,178,229,1.279475982532751,0.0371640669941277,643,It's an unfinished piece if anyone's cellphone goes off.
5237,1385,13,38,178,229,1.279475982532751,0.0371640669941277,643,"And in this corner.......Liszt-loving, Bach-breaking, Mozart-mauling .....two-handed ""Steinway Tommy Tune""!!"
4872,1389,10,37,157,204,1.2794117647058822,0.03840284562886699,643,"Well, most musicians needs two jobs"
5308,1390,15,32,175,222,1.2792792792792793,0.03901603676432096,643,"I know it looks odd, but it got me into Harvard."
92,1391,12,31,154,197,1.2791878172588833,0.040599423887576834,643,"And now, I'll play selections from my box set."
1447,1391,9,37,151,197,1.2791878172588833,0.038638337359701874,643,"And now, by Rimsky-Korsakov, The Fight of the Bumblebee."
77,1393,9,42,164,215,1.2790697674418605,0.03648778841775047,643,"I call it ""Pounding on the keys like a goddamned Ape.'"
2996,1393,14,32,169,215,1.2790697674418605,0.03935356094762714,643,"And now for Rachmaninoff’s piano concerto in c minor.
 Better known as Rocky II"
4580,1393,10,40,165,215,1.2790697674418605,0.03707866657185155,643,Victor Borge in his final round
5663,1393,10,28,134,172,1.2790697674418605,0.04308762336435586,643,The nightmare before the concert.
99,1397,10,45,178,233,1.2789699570815452,0.03517092684053163,643,And now I'd like to bang out a little ditty of my own...
3412,1397,10,45,178,233,1.2789699570815452,0.03517092684053163,643,I will next perform the theme from Rocky.
3755,1399,11,31,148,190,1.2789473684210526,0.04094939500274916,643,"That was the fury, now comes the sound."
5483,1399,8,37,145,190,1.2789473684210526,0.038855740547317906,643,"And now a new take on a classic: ""Beating You Senseless With My Song."""
313,1399,11,31,148,190,1.2789473684210526,0.04094939500274916,643,It's a Cage session.
4638,1402,9,45,172,226,1.2787610619469028,0.035320711581371865,643,Playing piano helps with my anger management issues.
537,1403,12,32,157,201,1.2786069651741294,0.040024249474863216,643,You were right. This does sound a little better.
2535,1403,9,38,154,201,1.2786069651741294,0.038114128806556825,643,This one's in the key of Knock You Flat.
2513,1405,14,33,172,219,1.278538812785388,0.03883680415592952,643,They laughed when I sat down at the piano.
4386,1405,13,35,171,219,1.278538812785388,0.03829367469654383,643,"For my next piece, I'll be playing the theme song from Rocky."
4559,1405,13,35,171,219,1.278538812785388,0.03829367469654383,643,"This next piece is called ""the fight of the bumble bees""."
2844,1408,10,46,181,237,1.2784810126582278,0.0347702826980584,643,"And now, my rendition of the ""The Theme From Rocky'."
619,1409,11,32,151,194,1.2783505154639174,0.040352948532121624,643,And Now Tyson's Ninf Symphony
2662,1409,5,44,145,194,1.2783505154639174,0.03616441282835976,643,You should see what the keyboard looks like
4048,1411,12,35,165,212,1.278301886792453,0.03858010032504018,643,These?  They're for when I meet that #*&@* composer after the concert.
3866,1411,9,41,162,212,1.278301886792453,0.03680070619155323,643,...And it kind of goes like this.
1003,1411,10,39,163,212,1.278301886792453,0.037403244482639084,643,I'm in between careers.
1241,1411,13,33,166,212,1.278301886792453,0.03915526609181979,643,"In tune, but out of touch."
2392,1411,16,27,169,212,1.278301886792453,0.04083218127426398,643,"And now, some tunes from The Ring."
4316,1416,16,32,182,230,1.2782608695652173,0.03852987231142417,643,"When I play fortissimo, I don't fuck around."
432,1416,16,32,182,230,1.2782608695652173,0.03852987231142417,643,Please have patience as I fight my way through the always difficult Rachmaninoff  3rd piano concerto.
1822,1418,7,38,142,187,1.2780748663101604,0.038494207440034706,643,"Next, I'll play you a punchy little tune."
2118,1419,16,25,164,205,1.278048780487805,0.041823345643866985,643,I used to play by ear.
1920,1419,14,29,162,205,1.278048780487805,0.04066379502140307,643,Pianist!? I could've swore the classified sought a pugilist.
2842,1419,12,33,160,205,1.278048780487805,0.03947019394731932,643,"This is a little etude for note clusters, which I composed myself."
1575,1422,9,37,152,198,1.2777777777777777,0.03846854967383968,643,"And next, a lovely little composition by Victor Borge."
1196,1422,11,38,167,216,1.2777777777777777,0.037507775057698714,643,"And now, a visual depiction of writer's block."
1784,1422,10,35,153,198,1.2777777777777777,0.039129317358701274,643,"Despite his millions earned, Rocky Balboa eventually went baroque."
5051,1425,10,38,161,209,1.277511961722488,0.03773597884847498,643,The chorus will now join me  for few rounds.
3637,1425,10,38,161,209,1.277511961722488,0.03773597884847498,643,Boxing. It helps me think outside of the piano.
5202,1425,15,28,166,209,1.277511961722488,0.04066985645933014,643,This Flight of the Bumblebee is in honor of Muhammad Ali.
2174,1428,10,33,148,191,1.2774869109947644,0.040078867453412846,643,"Float like ‘Madame Butterfly,’ sting like ‘Flight of the Bumblebee.’"
491,1429,12,37,171,220,1.2772727272727273,0.03759210734431112,643,I will now play for you “Eine Kleine Knock You Out.”
2937,1429,12,37,171,220,1.2772727272727273,0.03759210734431112,643,Let me give you a tune with some punch!
4331,1429,12,37,171,220,1.2772727272727273,0.03759210734431112,643,It's time for the greatest hits.
2459,1432,9,38,155,202,1.2772277227722773,0.037950047253155504,643,I’m afraid I can only take requests for something from “The Ring” cycle.
3329,1432,11,34,157,202,1.2772277227722773,0.03922656499025557,643,"Yo Adrian, can you turn the music for me?"
2546,1434,10,31,143,184,1.2771739130434783,0.04109459879322008,643,Ohhh...you said we're going to Bach's!
1590,1435,8,43,162,213,1.2769953051643192,0.03604152983039697,643,Tickling the ivories is for beginners. This is advanced stuff.
2210,1435,11,37,165,213,1.2769953051643192,0.03783998652829018,643,'Chop Sticks.' Why?
1442,1437,9,31,137,177,1.2768361581920904,0.04141618143940155,643,"And now, an unusual rendering of ""Chopsticks""."
5521,1438,6,45,155,206,1.2766990291262137,0.03550260063241609,643,Tonight I only play music from the Rocky films.
4407,1438,11,35,160,206,1.2766990291262137,0.03869409691612573,643,And now I’m going to pound out an old favorite.
4159,1438,9,39,158,206,1.2766990291262137,0.03745015009794555,643,Next I'll perform Rockymaninoff's arrangement of Bach's concerto
3078,1438,9,39,158,206,1.2766990291262137,0.03745015009794555,643,If you hum a few bars I can probably punch it out.
2747,1438,11,35,160,206,1.2766990291262137,0.03869409691612573,643,I'm waiting for the opening bell.
1881,1438,11,35,160,206,1.2766990291262137,0.03869409691612573,643,Welcome to Ultimate Piano Club
1158,1444,11,43,181,235,1.2765957446808511,0.03542824456197525,643,This next piece makes Beethoven look like a little bitch.
1501,1444,12,41,182,235,1.2765957446808511,0.03593787364159621,643,I'd like to dedicate my next number to Muhammad Ali.
4619,1444,9,34,145,188,1.2765957446808511,0.03977444558622742,643,"Oh, ho, yes, I’m the great contender."
1364,1447,14,32,171,217,1.2764976958525345,0.039032214740192375,643,"Next, I will play the theme from Rocky."
2738,1447,10,40,167,217,1.2764976958525345,0.03678092165093287,643,"Trust me, this next piece was a real knockout at my last recital"
2978,1447,13,34,170,217,1.2764976958525345,0.03848174099513149,643,"So much for modern stuff. Now for Chopin, and the gloves come off."
4990,1450,10,35,154,199,1.2763819095477387,0.038957206655903846,643,It is the best way to keep my hands insured.
4854,1450,12,31,156,199,1.2763819095477387,0.040239056150563314,643,"Ladies and Gentlemen, Flight of the Bumblebee like you have never heard played before!"
1235,1450,10,35,154,199,1.2763819095477387,0.038957206655903846,643,Nobody talks during my performance.
33,1450,9,37,153,199,1.2763819095477387,0.03830019720186967,643,And now I go three rounds with Rachmaninoff.
4349,1450,12,31,156,199,1.2763819095477387,0.040239056150563314,643,Wasn't the program Rockymaninoff?
2434,1455,9,45,174,228,1.2763157894736843,0.035052681710192816,643,"Makes ""hitting"" those notes much easier."
3423,1455,10,43,175,228,1.2763157894736843,0.0355996258089794,643,Now I will do the piece I played for Harvard’s Admissions Committee.
3562,1455,13,37,178,228,1.2763157894736843,0.03719222964181027,643,Tonight I'll be playing the theme from Rocky XVII.
1383,1458,10,38,162,210,1.276190476190476,0.03757909631507459,643,Who's up for another round?
4439,1458,9,40,161,210,1.276190476190476,0.036967824026260386,643,Now for the Fight of the Bumble Bee.
5076,1458,12,34,164,210,1.276190476190476,0.03877274059310032,643,No hitting below b-flat
5649,1458,12,34,164,210,1.276190476190476,0.03877274059310032,643,Get me LARGER KEYS.
797,1462,15,23,154,192,1.2760416666666667,0.04317822949420481,643,If you all don’t stop heckling me the gloves are coming off
176,1463,14,33,174,221,1.2760180995475112,0.03852560782653515,643,"I'm just a poor boy, though my story's seldom told..."
89,1464,11,34,158,203,1.2758620689655173,0.039056735331978926,643,This next piece is a big hit!
3545,1464,12,32,159,203,1.2758620689655173,0.03967621359244956,643,Would you care to join me in a round?
3955,1464,12,32,159,203,1.2758620689655173,0.03967621359244956,643,I was told to punch up the ending
4889,1464,9,38,156,203,1.2758620689655173,0.03778732425442948,643,"And now for your listening pleasure, the theme from “Rocky”."
291,1468,8,43,163,214,1.2757009345794392,0.03589606046306905,643,"Don't prejudge."""
1007,1468,10,39,165,214,1.2757009345794392,0.03709826269148294,643,This is a little tune I learned when I studied under Sonny Liston
5020,1468,8,43,163,214,1.2757009345794392,0.03589606046306905,643,Why tickle the ivories? Pound them with passion!
5659,1468,12,35,167,214,1.2757009345794392,0.03826271073361427,643,Next is a song that took Jim Morrison 8 1/2 minutes to sing. I plan to knock it out in 2.
161,1472,13,31,163,207,1.2753623188405796,0.039728555731033996,643,"Actually, it's all in the technique."
1011,1473,15,30,173,218,1.275229357798165,0.0394134902460955,643,I will now perform an experimental piece by John Cage.
5,1473,10,40,168,218,1.275229357798165,0.036633775913094566,643,I don't think I can play pianissimo.
844,1473,14,32,172,218,1.275229357798165,0.038873452100802904,643,Here's a punchy tune I wrote to celebrate the Senate Judiciary Committee Hearings
2904,1476,12,28,149,189,1.2751322751322751,0.041668565202650706,643,I  HAVE TO HANDAL THE NEXT NUMBER WITH KID GLOVES
3334,1476,9,34,146,189,1.2751322751322751,0.03959049702969164,643,"I will now perform a more faithful interpretation of ""Baby Elephant Walk""."
928,1478,10,35,155,200,1.275,0.03878655675520351,643,"This one's for my Pop, who always wanted me to become a fighter"
2341,1478,12,31,157,200,1.275,0.040061196905327695,643,The ivories aren't being tickled tonight.
3857,1478,10,35,155,200,1.275,0.03878655675520351,643,Any requests for another Round?
4704,1478,10,35,155,200,1.275,0.03878655675520351,643,"For my next selection, I'm going to play 'Chopsticks' again.  Anybody got a problem with that?"
1696,1482,12,34,165,211,1.2748815165876777,0.0386107401944021,643,"I like to call this one, ,'You're Gonna B-flat-tened.'"
4245,1482,8,42,161,211,1.2748815165876777,0.036197280370899206,643,"And now, Rachmaninov in three rounds."
365,1482,13,32,166,211,1.2748815165876777,0.039190889201281866,643,And now a new medley for those in the audience who are tone deaf
117,1485,8,45,169,222,1.2747747747747749,0.03504009790957716,643,I    consider the  piano my opponent.
1679,1486,8,37,148,193,1.2746113989637307,0.03833117291876716,643,I'm the boxer of Seville.
911,1487,12,32,160,204,1.2745098039215685,0.03950439461093603,643,"And now, for The Fight of the Bumblebee!"
4726,1487,10,36,158,204,1.2745098039215685,0.03826234223482023,643,I'm going for a knockout performance of Box Sonata #1.
5272,1487,13,30,161,204,1.2745098039215685,0.04011100065714608,643,What do you mean it could be punchier?
4967,1490,12,35,168,215,1.2744186046511627,0.03810591124999633,643,This next piece is from the opera “Don King Giovanni.”
3001,1490,10,39,166,215,1.2744186046511627,0.036947568931346014,643,"and now, the ever popular 'Mitten on the Keys'"
3399,1490,10,39,166,215,1.2744186046511627,0.036947568931346014,643,"...And in the right corner, hailing from the Steinway factory in Queens, weighing in at 1200 pounds, it's GRAND PIANO!!!"
4926,1490,9,41,165,215,1.2744186046511627,0.03635456008272621,643,This next one is entitled “Eine Kleine Chinmusic”
5305,1490,11,37,167,215,1.2744186046511627,0.03753120916070492,643,"I call this next piece ""The Crash of the Bumblebee."""
391,1495,8,46,172,226,1.2743362831858407,0.03463282624528418,643,And now the overture from the opera 'Rocky'
342,1495,11,40,175,226,1.2743362831858407,0.036296373841349906,643,"This is the point in the program at which I respond to requests for ""Feelings"" or ""Piano Man""."
272,1497,9,30,136,175,1.2742857142857142,0.0416547250070347,643,"Hit it, maestro!"
2226,1497,6,36,133,175,1.2742857142857142,0.03921825825347568,643,Welcome to Fight Club.
2838,1499,7,37,142,186,1.2741935483870968,0.03850449349798937,643,I call this The Pugilissimo.
3143,1499,8,35,143,186,1.2741935483870968,0.03925198922735644,643,I wish my manager could enunciate. The word was Bach.
346,1501,10,34,153,197,1.2741116751269035,0.039155453351628206,643,Punchy melody it is.
4961,1501,6,42,149,197,1.2741116751269035,0.03641373439235327,643,"But the maestro said this was a 
Boxing Day concert."
1649,1503,13,31,164,208,1.2740384615384615,0.03955924946265748,643,"yeah,well if I could box,do you think I'd be trying to play this thing?"
545,1503,13,31,164,208,1.2740384615384615,0.03955924946265748,643,I call this 'Fight of the Bumblebee'.
622,1503,10,37,161,208,1.2740384615384615,0.0377568645126393,643,The ivory is going to be black and blue after I'm done with it
459,1506,14,32,173,219,1.273972602739726,0.0387159437184538,643,"I now present a new piece entitled ""Modern Diplomacy."""
3259,1506,12,36,171,219,1.273972602739726,0.037618354927453634,643,The next is a request from Mike Tyson
1230,1508,9,45,176,230,1.2739130434782608,0.03478854135848944,643,This may look easy... It is not.
2024,1509,4,47,150,201,1.2736318407960199,0.03453682466031563,643,"Now, for a more muscular piece."
4634,1509,9,37,155,201,1.2736318407960199,0.037967729409629676,643,"Some people say I'm a bit heavy handed."""
2155,1511,10,38,164,212,1.2735849056603774,0.037269088604192514,643,"...and the Fourth Movement: ""graziano ma non marciano."""
2423,1511,17,24,171,212,1.2735849056603774,0.04125481810412551,643,I will now play Rachy 3.
1639,1511,9,40,163,212,1.2735849056603774,0.036664345674730175,643,Raymond is undefeated in the spinet division but now faces a big challenge in a higher weight class.
5074,1511,13,32,167,212,1.2735849056603774,0.039027133257264666,643,Shall I play some selections from the boxed set?
5573,1515,10,41,172,223,1.2735426008968609,0.036043213868544643,643,This next piece will be performed in 12 rounds.
2027,1515,12,37,174,223,1.2735426008968609,0.03714716076700833,643,Staccato?
1562,1517,10,30,143,183,1.273224043715847,0.041128469534512886,643,"My next piece will be a Concerto in 15 Movements, or Until the Referee Stops the Concert."
275,1517,6,38,139,183,1.273224043715847,0.03809664085904318,643,"Personally, I thought it was a knock-out performance."
1435,1519,8,37,149,194,1.2731958762886597,0.03815934115612735,643,"Mother wanted me to be a pianist. Father wanted a pugilist, so I learned to punch the keys."
4418,1519,13,27,154,194,1.2731958762886597,0.04151162569067933,643,There will be a 1 minute intermission between each of my 10 pieces.
5535,1519,7,39,148,194,1.2731958762886597,0.03745289531487577,643,The next piece is titled 'Thrilla in Manila.'
1478,1522,9,38,158,205,1.273170731707317,0.03746589044106773,643,This is one I call 'Beethoven's 9th Round.'
1602,1522,9,38,158,205,1.273170731707317,0.03746589044106773,643,My mother wanted a pianist.....my father wanted a pugilist.
4994,1524,8,43,165,216,1.2731481481481481,0.03560848549155295,643,"Now for the main event, ..."
232,1525,9,44,174,227,1.2731277533039647,0.035061522279152164,643,Playing with ten fingers is easy.
5398,1526,9,30,137,176,1.2727272727272727,0.04144668414865702,643,"This next piece is called Holidays at the In-Laws."""
1880,1526,6,39,142,187,1.2727272727272727,0.03756844867251654,643,"Good  Evening Folks, this is the first time I've played at a ""Fight Club."""
4469,1526,8,44,168,220,1.2727272727272727,0.03518213407160473,643,Punch it again Sam.
1297,1526,9,36,153,198,1.2727272727272727,0.038318475639905446,643,Anyone else got any smart remarks ?
1467,1526,11,32,155,198,1.2727272727272727,0.03963399930948941,643,"Wait, downbeat? I thought you said beat-down."
5379,1531,8,45,171,224,1.2723214285714286,0.034769648091894076,643,I'm a lover and a fighter.
1304,1532,14,30,169,213,1.272300469483568,0.03943039741015527,643,"I present my new composition ""Trumps attempts to hit the right chords"""
5234,1532,8,42,163,213,1.272300469483568,0.03590279688312881,643,This next song is alittle more up beat.
5382,1532,10,38,165,213,1.272300469483568,0.037115934978502095,643,"And this time, you had better applaud."
1092,1535,7,41,154,202,1.2722772277227723,0.036477299536694964,643,I know what you're thinking.
3139,1535,12,31,159,202,1.2722772277227723,0.039710032328553815,643,"For my first piece, I will be playing an adaptation of the ""Rocky Theme"""
5481,1535,9,37,156,202,1.2722772277227723,0.03780358046412768,643,And now in Fortississimo.
582,1538,13,36,179,228,1.2719298245614035,0.03707470032760838,643,Not to mention I've never learned to read music.
3129,1539,10,39,168,217,1.271889400921659,0.036649709033610284,643,My next piece will be ‘Chopsticks - The Hard Way
2597,1539,12,35,170,217,1.271889400921659,0.0377960311046611,643,You could say I'm digitally-challenged.
1747,1541,8,40,158,206,1.2718446601941749,0.036666928265706784,643,"Don't worry, I can Handel myself"
4579,1541,8,40,158,206,1.2718446601941749,0.036666928265706784,643,"Well, I only minored in music. My degree is in the martial arts."
4896,1541,11,34,161,206,1.2718446601941749,0.038555709293648155,643,I always wanted to beat the band.
1908,1544,11,31,153,195,1.2717948717948717,0.0400220900525214,643,This is why it is called The Unfinished Symphony.
3503,1544,11,31,153,195,1.2717948717948717,0.0400220900525214,643,"And now, a Canto from Ezra Pound."
3656,1544,8,37,150,195,1.2717948717948717,0.037988990640138234,643,"This next piece, inspired by John Cage, is called Bruised Piano"
4452,1544,9,35,151,195,1.2717948717948717,0.03867856646725312,643,"And now, a fantasie by Franz Liszton."
4782,1544,10,33,152,195,1.2717948717948717,0.03935606177029055,643,"And now, Requiem for a Heavyweight for piano and gloves!"
1168,1549,10,30,144,184,1.2717391304347827,0.04093127837879785,643,"When you're as great as I am, you really should have some kind of handicap."
532,1550,9,45,178,232,1.271551724137931,0.03452821119931123,643,The precision may not be quite adequate but fortissimos are exeptional !
451,1551,15,30,176,221,1.2714932126696832,0.03893650159839613,643,"My last piece is entitled ""Float Like a Butterfly, Sting Like a Bee."""
2850,1551,11,38,172,221,1.2714932126696832,0.03676288638980861,643,And for my next piece; 'Rocky V' in A minor.
5065,1551,11,38,172,221,1.2714932126696832,0.03676288638980861,643,"Now for tonight’ s last request :
BADDA-BING, BADDA -BANG."
1032,1554,7,43,160,210,1.2714285714285714,0.03556931158780082,643,Schubert has requested a rematch.
1504,1554,12,33,165,210,1.2714285714285714,0.038639594458735625,643,I thought they said pugilist.
4941,1554,10,37,163,210,1.2714285714285714,0.037441705712926016,643,My counter punch is much better than my counter point.
5283,1554,11,35,164,210,1.2714285714285714,0.03804536493864206,643,"Tonight, I'll be going fifteeen rounds with the Schoenberg."
4344,1558,6,42,151,199,1.271356783919598,0.03609917507088604,643,Wait until the gloves come off.
4887,1558,11,32,156,199,1.271356783919598,0.03945813812690545,643,This one's for you in the box seats.
4957,1558,7,40,152,199,1.271356783919598,0.03679550632247332,643,Here's a song that packs a punch.
4873,1561,10,31,147,188,1.2712765957446808,0.04032412681731548,643,Next will be the theme from Rocky
3744,1561,7,37,144,188,1.2712765957446808,0.03814927683815272,643,I will now play the Mike Tyson Rhapsody in Black and Blue.
2599,1563,9,30,138,177,1.271186440677966,0.04124065116681124,643,There will be copies of my box-set available in the lobby after the show!
1137,1564,11,39,175,225,1.271111111111111,0.0363138387582689,643,The Boxing Ring Cycle
1317,1564,11,39,175,225,1.271111111111111,0.0363138387582689,643,I will now play Sonata in B Flat by Mike Tyson.
1654,1564,13,35,177,225,1.271111111111111,0.03739064006842664,643,Never steal from the casino the night you’re scheduled to play piano there.
2665,1564,13,35,177,225,1.271111111111111,0.03739064006842664,643,"Next, my take on the theme from ""Rocky."""
72,1568,12,34,168,214,1.2710280373831775,0.03813254454224249,643,It's easier than the violin.
3294,1568,5,48,161,214,1.2710280373831775,0.03386668230596594,643,"And now, something a little more lightweight."
3980,1568,12,34,168,214,1.2710280373831775,0.03813254454224249,643,"And now, ladies and gentlemen, I'd like to play for you my interpretation of Paul Simon's ""The Boxer."""
4272,1568,13,32,169,214,1.2710280373831775,0.038703590560115866,643,And now I shall attempt Fight of the Bumblebee
3544,1572,10,35,158,203,1.270935960591133,0.03828319651405238,643,"And now a little piece I call the ""The Fight of the Bumblebee."""
3419,1572,7,41,155,203,1.270935960591133,0.036321936685827595,643,"For my next number I would like to play a new composition I call ""The Fight of the Bumblebee"""
1228,1574,9,34,149,192,1.2708333333333333,0.03904840859853258,643,This next piece will knock you out!
1452,1574,11,30,151,192,1.2708333333333333,0.04042095072741326,643,Now I’d like to pummel my own interpretation of  ‘Rhapsody in Black and Blue’.”
2826,1574,6,40,146,192,1.2708333333333333,0.03689397848745682,643,"And now, something in tempo ""pugilissimo""."
4080,1574,10,32,150,192,1.2708333333333333,0.03974060563067656,643,You asked for a heavy hitter!
3433,1578,10,42,177,229,1.2707423580786026,0.03534151540663459,643,And now a selection from Madame Float-like-a-Butterfly.
486,1579,12,35,171,218,1.2706422018348624,0.03764292233033069,643,I'll just knock out a quick sonata before dinner.
2569,1579,9,41,168,218,1.2706422018348624,0.03591873878813629,643,Each song will be followed by a 1-minute intermission.
5257,1579,15,29,174,218,1.2706422018348624,0.03929151825781553,643,Let's get ready to Rachmaninoff!
5422,1582,9,38,160,207,1.2705314009661837,0.037149702647256186,643,I'm now going to pound out some Mozart.
2699,1582,12,32,163,207,1.2705314009661837,0.03899752239098981,643,Raging Bach
594,1582,9,38,160,207,1.2705314009661837,0.037149702647256186,643,I call this one Rach'em-Sock'em-Maninoff.
5068,1582,8,40,159,207,1.2705314009661837,0.03651298798364979,643,"Next will be my Mohammed Ali ""Flight of the Butterfly"""
1025,1586,10,33,153,196,1.2704081632653061,0.039179298879298975,643,And now for the Cantata Pugilisto
4383,1586,11,31,154,196,1.2704081632653061,0.03984151207510369,643,I had to struggle with this piece...
4803,1586,13,27,156,196,1.2704081632653061,0.04113396810356403,643,"And then I hear my ex-wife laughing in the audience, and then I wake up--every time."
5173,1586,6,41,149,196,1.2704081632653061,0.03641020414176028,643,"I don't know why, but tonight I feel like I'm all thumbs."
1802,1590,10,30,145,185,1.2702702702702702,0.04073591777124079,643,"To unlock the premium concert experience, please open the app and select the $3.99 in-app upgrade."
2357,1590,11,38,173,222,1.2702702702702702,0.03661734069695344,643,"And now, a heavy-handed version of Jingle Bells."
5564,1590,15,30,177,222,1.2702702702702702,0.03878000291780753,643,"And now, the Muhammad Allegro."
4041,1593,8,41,162,211,1.2701421800947867,0.03605516715591992,643,"I predict it will end in the sixth measure."""
4295,1593,8,41,162,211,1.2701421800947867,0.03605516715591992,643,"Be quiet please, I'm going to knock out a few tunes for you."
4306,1593,9,39,163,211,1.2701421800947867,0.03667576334132474,643,And now the theme music from Rocky
5442,1593,12,33,166,211,1.2701421800947867,0.03847754190110719,643,Please hold your applause until I've finished.
742,1597,7,50,180,237,1.270042194092827,0.032947771809396884,643,"Now, I shall float like a butterfly and sting like the 'Flight of the Bumblebee"""
2955,1598,9,43,174,226,1.2699115044247788,0.03506852351883834,643,Power chords are my forté!
3534,1598,10,41,175,226,1.2699115044247788,0.03562488889184516,643,"I apologize for that last prelude. 
Now, on to box the ill-tempered clavier."
4755,1600,11,29,149,189,1.2698412698412698,0.04083106577872777,643,"This next piece is one I wrote for my ex-wife called ""you should have signed the prenup"""
3975,1601,13,32,170,215,1.2697674418604652,0.038543773011911565,643,...and now for my most-difficult piece...
4888,1602,7,34,137,178,1.2696629213483146,0.03945937735150838,643,My insurance carrier insists I take special care to protect my hands since my career depends on it.
3505,1603,12,31,161,204,1.2696078431372548,0.03936481593247133,643,"For my next piece, I shall float like a butterfly and sting in the key of B flat."
1098,1603,8,39,157,204,1.2696078431372548,0.03682944491617082,643,We shall now experience the atonal grandeur of the Rocky Variations.
4489,1605,10,42,178,230,1.2695652173913043,0.03520720529069078,643,"And now, a piece titled ""Yo Adrian!"""
5644,1606,12,28,153,193,1.2694300518134716,0.04090065648665012,643,Rachmaninoff’s Concerto no. 2- twelfth round.
2988,1606,6,40,147,193,1.2694300518134716,0.03672913699160058,643,"My next number will be the theme from ""Rocky."""
224,1608,10,36,162,208,1.2692307692307692,0.037616126686294285,643,"Next, my rendition of The Nutcracker."
2511,1608,10,36,162,208,1.2692307692307692,0.037616126686294285,643,"And now, I will once again play the theme from Jaws"
3158,1608,12,32,164,208,1.2692307692307692,0.03883136945427822,643,I’d like to slow things down a bit. Then speed back up. Then a left. A right. Another left...
4271,1608,11,34,163,208,1.2692307692307692,0.038228577272598,643,"And now, Round 3 of selections from my complete boxed set!"
4428,1608,14,21,147,182,1.2692307692307692,0.04401103050939695,643,"I shall now play my new composition, 'Lullaby for Mike Tyson'."
4956,1608,13,30,165,208,1.2692307692307692,0.03942494625363878,643,And a little bit softer now...
5141,1608,9,38,161,208,1.2692307692307692,0.03699353799613773,643,Ladies and Gentlemen: Simon and Garfunkel's The Boxer.
5691,1608,8,40,160,208,1.2692307692307692,0.0363602904287635,643,This is how I avoid carpal tunnel syndrome.
784,1616,10,40,173,223,1.2690582959641257,0.03591481588373635,643,I will now perform a piece by JS Box
1091,1617,12,29,156,197,1.2690355329949239,0.040310201913523705,643,"This one is called 'I'm gonna smash your face', in G minor."
1248,1617,7,39,151,197,1.2690355329949239,0.03695842982109356,643,Ladies & Gentlemen...Wolf Gang Amadeuuuuuuus Mozart !
1362,1617,9,35,153,197,1.2690355329949239,0.038334322378620944,643,"Si, let me pound  out a few tunes for you."
1541,1617,5,43,149,197,1.2690355329949239,0.03552929491916997,643,This next round is from the work of TKOvsky
1929,1617,9,35,153,197,1.2690355329949239,0.038334322378620944,643,"Should anyone in the audience fail to appreciate this beautiful musical piece, I must advise you that there will be consequences."
3465,1617,7,39,151,197,1.2690355329949239,0.03695842982109356,643,"And now, I shall play Beethoven's Fifth Round"
64,1623,7,36,143,186,1.2688172043010753,0.038331648921818756,643,My current album comes in a boxed set
2131,1623,9,32,145,186,1.2688172043010753,0.03981909826454097,643,Let's get ready to treble!
886,1625,15,31,181,227,1.2687224669603525,0.03813514005698384,643,"For my finale, I will  perform: ""Float like a Butterfly, Sting like a Bee."""
1327,1626,5,44,152,201,1.2686567164179106,0.03508785608458796,643,They said my performance was a knockout!
81,1626,9,36,156,201,1.2686567164179106,0.037817490923343064,643,"And for my next piece, 'Float like a butterfly, sting like the Flight of the Bumblebee.'"
332,1628,10,31,149,190,1.268421052631579,0.03994932961476522,643,This one is dedicated to my lovely ex-wife.
2204,1628,6,39,145,190,1.268421052631579,0.03705630535444091,643,This next nocturne is scheduled for 10 rounds.
5039,1628,9,33,148,190,1.268421052631579,0.03924607170319419,643,And now a little tune from Johann Sebastian Box.
1294,1631,9,44,178,231,1.2683982683982684,0.03453307902773031,643,"So, how does your school’s fight song go?”"
402,1632,8,28,128,164,1.2682926829268293,0.04246056957046764,643,"Now, this next tune may ring a bell."
1392,1632,10,35,160,205,1.2682926829268293,0.037954610070587466,643,You requested Roberto Duran Duran?
3780,1632,12,31,162,205,1.2682926829268293,0.03919439297800161,643,I need my mouthpiece!
5434,1632,16,23,166,205,1.2682926829268293,0.041563162434076005,643,"And now for a blow by blow rendition of Schubert's Three Military Marches, Opus 51."
4752,1636,10,39,171,220,1.268181818181818,0.036211543700920404,643,Now for some minimalism.
1981,1636,14,31,175,220,1.268181818181818,0.03843591938361964,643,Can anyone help me find middle C?
308,1638,6,51,178,235,1.2680851063829788,0.03250767903401906,643,"Thank you. And now, this one will just knock you out."
1114,1638,9,45,181,235,1.2680851063829788,0.03414469129436408,643,"My next piece will attempt to float like a butterfly, sting like a bee."
3286,1638,13,37,185,235,1.2680851063829788,0.036212441786383984,643,"And now, Rockymanenough Piano Concerto no. 2"
4878,1641,12,28,154,194,1.268041237113402,0.040712976921045696,643,"And now for ""The Boxer"" by Paul Simon."
5545,1641,4,44,146,194,1.268041237113402,0.03507447632898078,643,"And we start our session with
Chopin’s “Barcarrolle in F Sharp Jab to the Right."
1020,1643,10,36,163,209,1.2679425837320575,0.037457869632438204,643,"And now, for my rendition of Simon & Garfunkel’s “The Boxer”"
1856,1643,9,38,162,209,1.2679425837320575,0.036838639666072676,643,Minuet for two thumbs.
2157,1643,10,36,163,209,1.2679425837320575,0.037457869632438204,643,…called Migraine in A Major.
1368,1646,11,42,186,239,1.2677824267782427,0.034793822974679804,643,Chopsticks it is then!
2346,1647,7,39,152,198,1.2676767676767677,0.03679639317115019,643,"Ladies and Gentlemen, this is what I learned from Viktor Borge."
4290,1648,10,37,166,213,1.267605633802817,0.036978421306677195,643,This next number really hits hard.
5474,1649,8,45,175,228,1.2675438596491229,0.034240634682766884,643,Let's get ready to crescendo!
5340,1650,9,28,135,172,1.2674418604651163,0.041925014830976624,643,"I said Bach, not box."
2330,1651,11,32,159,202,1.2673267326732673,0.03893955270644705,643,"If anybody shouts, ""Yo, Adrian,"" you will be removed from the premises."
2794,1651,14,26,162,202,1.2673267326732673,0.0407929495943255,643,Trump Concerto in F Minor
3469,1651,10,34,158,202,1.2673267326732673,0.038301829039474905,643,Now I know what Theresa May must feel like.
4088,1651,11,32,159,202,1.2673267326732673,0.03893955270644705,643,I shall now attempt the dreaded Rachy III
1195,1655,11,36,170,217,1.2672811059907834,0.03709499846804683,643,Sonata in the key of Ali
2375,1655,13,32,172,217,1.2672811059907834,0.03822797020979025,643,Knocked out Bethoven's Fifth.
5245,1655,10,38,169,217,1.2672811059907834,0.036515332585590525,643,"...and to conclude, here is the Welterweight Waltz in B-flat Major."
4443,1658,8,35,148,191,1.2670157068062826,0.038353477344089226,643,And now I will transition from tickling the ivories to punching them
56,1659,13,29,164,206,1.266990291262136,0.039627538334757934,643,Welcome to our Boxng Day concert.
73,1659,11,33,162,206,1.266990291262136,0.038413830851359125,643,And now for something 'molto energetico e furioso' !
2052,1659,12,31,163,206,1.266990291262136,0.039025403233980425,643,It's just a little number I came up with for Boxing Day this year.
2642,1662,13,33,175,221,1.2669683257918551,0.0377397365722414,643,"Ok, I'm gonna' need an eight count for this next one..."
3779,1662,9,41,171,221,1.2669683257918551,0.035492905988806354,643,And now for round three.
4585,1662,8,43,170,221,1.2669683257918551,0.034908609830201824,643,"In this final piece, I will be combining The Art of  the Fugue with the Queensberry Rules."
4402,1665,8,40,162,210,1.2666666666666666,0.03605856690980201,643,"And now, in memory of Rod Serling, Anthony Quinn, Jackie Gleason and Mickey Rooney: Requiem for a Heavyweight"
4328,1665,11,34,165,210,1.2666666666666666,0.03790680212642532,643,"The gloves, sir, are to protect my hands."
3683,1665,10,36,164,210,1.2666666666666666,0.03730090053645977,643,I will now play some Black & Blues.
3452,1665,4,52,169,225,1.2666666666666666,0.032120803721981055,643,"This final movement, a rondo played in robust fortissimo, delivers a real knockout!"
3117,1665,6,44,160,210,1.2666666666666666,0.03477187533548445,643,This next song is a punchy little number ...
2342,1665,8,36,151,195,1.2666666666666666,0.03782807265044859,643,My next piece is John Cage's 4'33
666,1665,11,30,154,195,1.2666666666666666,0.039869378760688495,643,I call this one Too Many Notes
3411,1665,6,36,138,180,1.2666666666666666,0.03827438589666207,643,This is a little something my three-year-old wrote...
5191,1673,12,33,169,214,1.266355140186916,0.03799923474601364,643,"And now, a couple of rounds with Shoenberg."
4697,1673,10,37,167,214,1.266355140186916,0.036826456567591245,643,You should hear me play when the gloves come off
4034,1673,9,39,166,214,1.266355140186916,0.03622583241756774,643,Boo me one more time - I dare you!
4372,1673,13,31,170,214,1.266355140186916,0.0385722544098946,643,And now something more contemporary...
1607,1673,10,37,167,214,1.266355140186916,0.036826456567591245,643,This evening instead of tickling the ivories I will be punching them.
252,1673,6,45,163,214,1.266355140186916,0.034361024830594805,643,"Promise you, next song is a knockout."
2649,1673,10,37,167,214,1.266355140186916,0.036826456567591245,643,"And one more time, the opening notes of Beethoven's Fifth."
3986,1680,11,31,157,199,1.2663316582914572,0.039309177861574576,643,Down goes Mozart!
1323,1681,10,29,145,184,1.266304347826087,0.04076334434555817,643,Now I will play a theme from Rocky.
2554,1681,8,33,143,184,1.266304347826087,0.039279220712094054,643,I will now perform the Nocturne Pugilistica by Sugar Ray Mozart.
3768,1681,7,35,142,184,1.266304347826087,0.03851571949875561,643,Clair de lune?  What key?
2977,1684,13,32,173,218,1.2660550458715596,0.03807195549030576,643,My performance will float like Madame Butterfly and sting like Flight of the Bumble Bee.
2703,1684,9,40,169,218,1.2660550458715596,0.0357821471445361,643,"Last,  here's my rendition of that old favorite:     
 ""There's a Bull in the China Shop."""
4568,1686,7,40,156,203,1.2660098522167487,0.036166154517489536,643,"I call this next piece, “The Stomping Elephant”"
4689,1686,11,32,160,203,1.2660098522167487,0.03876962900968541,643,"And now, Rockymaninoff’s IVth"
7,1686,10,34,159,203,1.2660098522167487,0.03813542687983462,643,Welcome to Rocky in E minor
4870,1689,9,41,172,222,1.2657657657657657,0.03535312517586495,643,"Yes, I lost a bet and yes, you can get a ticket refund."
5194,1690,11,33,163,207,1.2657004830917875,0.03824955927237005,643,I thought you said this was a fight song...
3642,1690,10,35,162,207,1.2657004830917875,0.03763145850542004,643,I'll now play the 3rd movement of Muhammad Ali's second symphony
3050,1690,6,43,158,207,1.2657004830917875,0.0350502240806468,643,"...and while I am entirely grateful to Modells for underwriting this concert, I do feel compelled to mention that there were certain strings attached...."
4679,1690,10,35,162,207,1.2657004830917875,0.03763145850542004,643,This piano and I haven't been getting along lately...
2389,1690,8,39,160,207,1.2657004830917875,0.03636375171340757,643,and now...Brahms'  Second Concerto in Knocked Flat.
1839,1690,13,29,165,207,1.2657004830917875,0.03945672331937041,643,"Yo, Adrian! I did it!"
2974,1690,11,33,163,207,1.2657004830917875,0.03824955927237005,643,"I thought you said ""_Box_ Sonata""!"
235,1697,8,40,163,211,1.2654028436018958,0.035909513137765185,643,"And for my next number, a knockout version of Moonlight Sonata."
2735,1697,13,30,168,211,1.2654028436018958,0.03892525945872419,643,'I will now play 'Silent Night'.
3967,1697,10,36,165,211,1.2654028436018958,0.03714520439903914,643,Can somebody give me a hand?
1001,1700,10,32,154,196,1.2653061224489797,0.03902396372031022,643,Any request?
2508,1700,6,40,150,196,1.2653061224489797,0.036243002764882876,643,"And, now, something a little punchy."
3473,1700,10,32,154,196,1.2653061224489797,0.03902396372031022,643,My next number is the Carpal Tunnel Suite.
3829,1703,10,37,168,215,1.2651162790697674,0.03667570011282662,643,Here's a little something for those of you who like less definition.
4085,1703,8,41,166,215,1.2651162790697674,0.035470683056715434,643,"Contrary to what others believe, Mr. Trump believes a pianist plays just as well with boxing gloves as without.  While I don't expect to convince him, I will try to prove to others this just isn't true."
5327,1705,7,39,154,200,1.265,0.0364763983719741,643,"I apologize, the gloves proved much more difficult to take off than to put on."
1428,1705,6,41,153,200,1.265,0.03578094998612456,643,"Up next, my classical one-two combo."
4071,1707,12,25,148,185,1.2648648648648648,0.041991277429826425,643,". . . my own composition, an atonal 'Ode to Donald' ."
4456,1708,8,42,169,219,1.264840182648402,0.03504644500508285,643,Let me know if you don't like this one.
5046,1709,11,32,161,204,1.2647058823529411,0.03860114443896709,643,What do you mean there's no punchline?
123,1709,12,30,162,204,1.2647058823529411,0.03922172270743626,643,My next piece is played fortissississimo.
1885,1709,8,38,158,204,1.2647058823529411,0.03667646127388701,643,It's more of a Box-trot.
2671,1709,9,36,159,204,1.2647058823529411,0.03732905023860044,643,This next one will be a bit punchier than the last.
2696,1709,13,28,163,204,1.2647058823529411,0.03983263376027304,643,"And now, The Dance of the Butterfly, by Muhammad Ali"
4894,1709,6,42,156,204,1.2647058823529411,0.03533514470456984,643,"To start with, I'll just knock out a little sonata."
5453,1709,8,38,158,204,1.2647058823529411,0.03667646127388701,643,You might recognize this Paul Simon cover
3099,1716,8,43,172,223,1.2645739910313902,0.03463604025862009,643,"Tickling the ivories? Uh, no. I don't think so."
2852,1717,9,32,148,189,1.2645502645502646,0.03926190816204988,643,And now for Rockymaniovs's Concerto No. 3
3520,1717,7,36,146,189,1.2645502645502646,0.03780109590826107,643,And now I'm going to knock out one of my old favorites.
5575,1717,13,24,152,189,1.2645502645502646,0.04203149526063298,643,"And now for my next piece, ‘Float Like a Butterfly, Sting Like a Bee.’"
1615,1720,7,41,160,208,1.2644230769230769,0.035563864145409574,643,These piece symbolizes both internal and external conflict
1848,1720,8,39,161,208,1.2644230769230769,0.036211042050192425,643,Now here's a little ditty from my boxed set.
2042,1720,8,39,161,208,1.2644230769230769,0.036211042050192425,643,I'm taking requests for fight songs
2796,1720,8,39,161,208,1.2644230769230769,0.036211042050192425,643,Franz Lizst bangs the Piano with his Fizst.
2903,1724,6,39,148,193,1.2642487046632125,0.03655742433075151,643,Now a little something from Wagner’s “Ring of the Mittelveight”.
4055,1725,12,32,168,212,1.2641509433962264,0.03818033845942705,643,And now The Mike Tyson Overture.
3824,1725,11,34,167,212,1.2641509433962264,0.03759025835566121,643,"The record shows I took the blows 
and did it myyyyyy waaaayyyy"
2704,1725,7,42,163,212,1.2641509433962264,0.03513096407332382,643,And now my medley of college fight songs.
3151,1725,11,34,167,212,1.2641509433962264,0.03759025835566121,643,Tonight I will be playing selections from Wagner’s Ring Cycle
2867,1729,5,37,136,178,1.2640449438202248,0.03762023937966908,643,But you said you wanted a more punchy arrangement!
378,1730,8,36,153,197,1.263959390862944,0.037491706902713744,643,"As Beethoven famously asked, “Do you want a piece of me?”"
1771,1730,9,34,154,197,1.263959390862944,0.03817624202527881,643,The gloves come off when you start clapping.
1907,1730,5,42,150,197,1.263959390862944,0.035358676168629144,643,And not without a smattering of irony.
5681,1730,10,32,155,197,1.263959390862944,0.038848717145696515,643,Now a little music for Boxing Day.
5043,1734,11,35,170,216,1.2638888888888888,0.037110983459218164,643,It would be best if you sang in rounds.
4628,1735,8,37,156,201,1.263681592039801,0.03699699988572777,643,My next piece is a bout . . .
258,1735,12,29,160,201,1.263681592039801,0.039595239305614996,643,You should see the keys!!
2468,1735,11,31,159,201,1.263681592039801,0.03896192669629961,643,Now I’d like to play music from The Ring.
1939,1738,11,36,173,220,1.2636363636363637,0.03664791330750404,643,I said I was a pugilist not a pianist!
1052,1738,9,40,171,220,1.2636363636363637,0.03549714846243444,643,You were expecting maybe the guy with the candlabra?
728,1738,8,42,170,220,1.2636363636363637,0.0349075428603762,643,Get ready to rumble
4220,1741,11,41,187,239,1.2635983263598327,0.03467523138885122,643,And now more favorites from the life of Joe Louis!
4021,1742,11,27,148,186,1.2634408602150538,0.041087865195948405,643,"Shubert's Piano Sonata No. 21 in B-flat major, Trump technique."
559,1743,9,36,160,205,1.2634146341463415,0.03716894673692948,643,Let’s get ready to rondo!
1415,1744,13,33,178,224,1.2633928571428572,0.037289828890148306,643,The sudden realization of having forgotten to zip.
3374,1744,8,43,173,224,1.2633928571428572,0.03450129206507231,643,"Anvil Chorus, anyone?"
3526,1744,16,27,181,224,1.2633928571428572,0.038867038083121405,643,"And now, Balboa's piano concerto in C, B, B flat, A, A flat and G"""
4368,1744,10,39,175,224,1.2633928571428572,0.0356428958974754,643,...in the key of b-c-d-e-f
4719,1748,13,29,167,209,1.263157894736842,0.03911937665720943,643,And now for a sonata by Serge Rockymaninoff.
4257,1748,9,37,163,209,1.263157894736842,0.036691949120108744,643,I fought my whole life to get on a stage like this!
4484,1748,9,37,163,209,1.263157894736842,0.036691949120108744,643,Just warming up
584,1748,12,31,166,209,1.263157894736842,0.03852686082585277,643,"I call this next piece,
“The Fight of The Bumblebee “."
828,1748,9,42,177,228,1.263157894736842,0.03466981990601158,643,And now for Round 2 of tonight's performance.
2986,1753,11,39,182,232,1.2629310344827587,0.03534774016886193,643,"Oh, I thought it was “Fight of the Bumblebee” !"
663,1754,11,34,168,213,1.2629107981220657,0.037433910021240746,643,My next piece is the theme from ‘Rocky’!
869,1754,8,40,165,213,1.2629107981220657,0.035614953482105804,643,And now my knockout sonata.
2123,1754,7,42,164,213,1.2629107981220657,0.0349876265111534,643,Naturally  I belt out music.
133,1757,8,35,151,194,1.2628865979381443,0.037833248897070015,643,"I will now play 'Sonata in D minor', by George Foreman."
2894,1757,6,39,149,194,1.2628865979381443,0.036393994313654386,643,And now ladies and gentlemen the Ali Fraser concerto
3764,1757,15,21,158,194,1.2628865979381443,0.042488426331488735,643,I'm afraid my performance will be a little rocky
3925,1760,11,35,171,217,1.262672811059908,0.036959580892701564,643,"And my next piece will be ""Uppercut in D Minor"""
5466,1760,9,39,169,217,1.262672811059908,0.03578647544461365,643,And now a little something I wrote for Boxing Day.
3802,1760,11,35,171,217,1.262672811059908,0.036959580892701564,643,This next piece was composed by the great Muhammad Ali.
2050,1760,10,37,170,217,1.262672811059908,0.036377757246098104,643,"Sorry I'm late, folks! I had to fight my way through traffic."
2960,1760,11,35,171,217,1.262672811059908,0.036959580892701564,643,I'll knock out one more tune prior to intermission.
3285,1765,11,30,157,198,1.2626262626262625,0.039332296433370294,643,Some consider my interpretation to be aggressive
5355,1765,3,46,149,198,1.2626262626262625,0.03371700222629815,643,Allow me to punch something out for your listening pleasure.
2851,1767,9,40,172,221,1.262443438914027,0.03535629326043355,643,Agreed--but wait till you hear my double glissando.
4560,1768,7,34,142,183,1.2622950819672132,0.03851638043024811,643,"After I am done here, dis piano will be nuttin but chopstiks"
5602,1768,8,32,143,183,1.2622950819672132,0.03928817636165757,643,I was told to give the ivories a good pounding.
3002,1770,9,36,161,206,1.2621359223300972,0.03701017139895763,643,They wanted me to stop tickling the ivories
108,1770,8,38,160,206,1.2621359223300972,0.036364723154209244,643,It's a knockout tune.
2840,1770,11,32,163,206,1.2621359223300972,0.038268422763109815,643,"I thought you requested the ""Fight of the Bumblebee"""
2795,1773,7,46,176,229,1.262008733624454,0.0334097060371869,643,"And now, the theme song I wrote for ""Rocky,"" which was unfortunately rejected."
821,1774,11,33,166,210,1.2619047619047619,0.037764858120894286,643,Thank you.  This next piece floats like a butterfly but stings like a bee.
4639,1774,12,31,167,210,1.2619047619047619,0.03836343279103649,643,I'm still working on the hook.
4823,1776,8,40,166,214,1.2616822429906542,0.03546942092588968,643,I am thrilled to be performing my first concert since completing my twelve step anti nose picking program.
3253,1776,11,34,169,214,1.2616822429906542,0.037278824119798756,643,"This next piece is titled, ""Theme from Rocky""."
5317,1776,6,44,164,214,1.2616822429906542,0.03421002605757521,643,"And now, for my final piece, The Battle Hymn of the Republic."
894,1776,6,44,164,214,1.2616822429906542,0.03421002605757521,643,Taking the gloves off is not mentioned in the composer’s original manuscript.
2125,1776,10,36,168,214,1.2616822429906542,0.03668560697025342,643,Music box?
5378,1781,10,42,185,237,1.261603375527426,0.03429404474009998,643,My next piece will be the theme from Rocky.
2041,1782,6,39,150,195,1.2615384615384615,0.036231967161568776,643,This next piece is by Pugiliski
1951,1782,6,39,150,195,1.2615384615384615,0.036231967161568776,643,"This will be on the forte end of pianoforte, okay?"""
4733,1782,10,31,154,195,1.2615384615384615,0.03904136038636241,643,"...and now, ""Brahms' Lullaby""."
3599,1785,8,41,169,218,1.261467889908257,0.03504420696474857,643,Now here's one that'll really knock your socks off
1961,1785,10,37,171,218,1.261467889908257,0.03623054391089688,643,And you thought Ray Charles had it hard!
1776,1785,12,33,173,218,1.261467889908257,0.03737924801772666,643,I'm hoping this will strike a chord with you.
1356,1785,11,35,172,218,1.261467889908257,0.0368093771643188,643,This next piece is a banger.
707,1789,7,38,154,199,1.2613065326633166,0.03647173995544473,643,"My next piece, Schumann's Toccata in C Major, is dedicated to my first piano teacher who told my mother I was all thumbs."
787,1789,9,34,156,199,1.2613065326633166,0.03783788451849511,643,"And now, Ladies and Gentleman, I will take a stab at the notoriously difficult ""Etude Brute."""
1762,1789,8,36,155,199,1.2613065326633166,0.03716109067433675,643,I will now play the classic theme from ROCKY.
2813,1789,13,26,160,199,1.2613065326633166,0.04043192901346345,643,I will now perform the Victor Borge Concerto
4276,1789,9,34,156,199,1.2613065326633166,0.03783788451849511,643,"Which one of you yelled, 'I want the hits'?"
4569,1789,7,38,154,199,1.2613065326633166,0.03647173995544473,643,My ‘knockturno’ interpretation is quite dramatic.
3533,1795,8,42,172,222,1.2612612612612613,0.03463290922440954,643,"And now, I would like to play you something from my pugilistic period."
4152,1796,9,35,159,203,1.2610837438423645,0.03733637392986058,643,Tough piece.
4539,1796,10,33,160,203,1.2610837438423645,0.0379839198671201,643,"As you may have surmised...No, I,don’t have insurance for my hands."
2208,1796,10,33,160,203,1.2610837438423645,0.0379839198671201,643,Last time this piece got the better of me.....
1924,1799,9,41,176,226,1.261061946902655,0.03480450957251025,643,I'd like to start tonight's Jerry Lee Lewis tribute with an old favorite
991,1800,16,22,169,207,1.2608695652173914,0.041066250472506796,643,"And now ""he Theme from Wagner's ""THE RING"""
4738,1800,8,38,161,207,1.2608695652173914,0.03621077195514436,643,This sonata will knock you out.
749,1802,5,45,161,211,1.2606635071090047,0.03381401569788625,643,"They said I should ""punch it up."""
3165,1802,7,41,163,211,1.2606635071090047,0.035123506853273694,643,Next up is a really punchy tune.
4729,1802,13,29,169,211,1.2606635071090047,0.038787626401175467,643,"And now, ladies and gentlemen: Für Evander."
1243,1805,9,31,148,188,1.2606382978723405,0.039274888658968894,643,This next one is by Rockymaninoff
2876,1805,5,39,144,188,1.2606382978723405,0.03626237313572433,643,‘Some say I am the Mike Tyson of the keys.’
5100,1807,11,40,187,238,1.2605042016806722,0.03468232793210847,643,"Well, tickling the ivories wasn't working!"
5549,1808,10,36,169,215,1.2604651162790699,0.03653485695066278,643,"Now, I'll knock out the encore."
5031,1808,9,38,168,215,1.2604651162790699,0.03593503807257447,643,Management wanted me to stop tickling the ivories.
4646,1808,10,36,169,215,1.2604651162790699,0.03653485695066278,643,"What can I say? When I play ""The Boxer"" I have to get into character."
2843,1808,13,30,172,215,1.2604651162790699,0.03827795979136609,643,"And now I'd like to play a little sonata of my own composition called ""Golden Gloves"" in the keys of C through G."
1222,1808,9,38,168,215,1.2604651162790699,0.03593503807257447,643,My other job is a hand model.
3397,1813,7,36,149,192,1.2604166666666667,0.037284563925264705,643,I will next do battle with Rachmaninoff's No. 3
980,1814,12,33,174,219,1.2602739726027397,0.03722732502915956,643,I bet you've never heard the 1812 Overture on the piano!
4507,1814,8,41,170,219,1.2602739726027397,0.03490424598385525,643,This next one goes out to  ADRIAAAAAAN!
5507,1814,9,39,171,219,1.2602739726027397,0.03549927073874587,643,How do you folks feel about tone clusters?
1557,1817,9,33,154,196,1.260204081632653,0.03818542158577371,643,My next number will be a one hit wonder.
1727,1817,7,37,152,196,1.260204081632653,0.03678952533220404,643,"I will now do my performance art version of ""Flight of the Bumble Bee"""
2351,1817,11,29,156,196,1.260204081632653,0.03953205875232991,643,The latest OSHA regulation.
5500,1817,7,37,152,196,1.260204081632653,0.03678952533220404,643,They said make the finale more punchy!
819,1821,10,38,175,223,1.2600896860986548,0.03564901094988196,643,"...And by special request, I'll be playing the theme to ""Rocky""."
650,1822,11,30,159,200,1.26,0.03898202136818651,643,The next piece will be a bit bombastic....
2756,1822,8,36,156,200,1.26,0.03699789481991547,643,This is how I knock out the hits.
2767,1822,8,36,156,200,1.26,0.03699789481991547,643,You requested more punch?
2885,1822,7,38,155,200,1.26,0.03631243540199584,643,I did it myyyyyyy wayyyyyyy
3763,1822,9,34,157,200,1.26,0.037670883682055234,643,"For your listening pleasure, I'll knock out a few oldies."
4626,1822,14,24,162,200,1.26,0.04086993710288738,643,Rockymaninoff's Rhapsody on a Theme of Pugilism.
2167,1828,9,41,177,227,1.2599118942731278,0.03466992624979102,643,I will now play from Wagner's Ring Cycle. Round One.
2145,1829,6,41,157,204,1.2598039215686274,0.03517229746484358,643,"And now, my unique version of  ""Sock It ToMe!"
5292,1829,14,25,165,204,1.2598039215686274,0.04029208297027615,643,"For my next number, I will play the theme from ""Rocky."""
3195,1831,10,34,164,208,1.2596153846153846,0.03732408547729092,643,It's all in the wrist.
2924,1831,12,30,166,208,1.2596153846153846,0.038548535945369305,643,Now I will play ‘Fight of the bumblebee’ better known as ‘Float like a butterfly sting like a bee.’
500,1831,12,30,166,208,1.2596153846153846,0.038548535945369305,643,playing piano is nothing compared to getting dressed.
903,1831,10,34,164,208,1.2596153846153846,0.03732408547729092,643,I never liked the piano
1351,1831,12,30,166,208,1.2596153846153846,0.038548535945369305,643,"And now finally Mr. President, a special piece for you -- a little atonal number you might recall, 'One is the Loneliest Number.'"
776,1836,10,41,184,235,1.2595744680851064,0.03442457049506837,643,With so many Messiahs to compete with I dedicate this next piece to the Electoral College.
53,1837,7,34,144,185,1.2594594594594595,0.03815129521080028,643,The next piece will be three minutes long.
717,1837,7,34,144,185,1.2594594594594595,0.03815129521080028,643,What - you don't like Punchini?
374,1839,5,45,162,212,1.259433962264151,0.033676590714131836,643,"Not to brag, but this concerto will be over in one round."
777,1839,10,35,167,212,1.259433962264151,0.03684652453464758,643,"And now, for the 'modern music' portion of our program ...."
1678,1839,9,37,166,212,1.259433962264151,0.03623472986861278,643,It needs a good tune up.
2339,1839,8,39,165,212,1.259433962264151,0.0356124265814658,643,"Staccato, you said?"
4922,1839,7,41,164,212,1.259433962264151,0.034979053809233385,643,"The starting note is ""ding ding ding""."
5009,1844,6,44,166,216,1.2592592592592593,0.03393560600458455,643,I would like to begin my Simon and Garfunkel medley with “The Boxer”.
4860,1844,9,31,149,189,1.2592592592592593,0.03909086461991368,643,I’ll do the next song a cappella.
1707,1844,12,32,172,216,1.2592592592592593,0.037550276799444934,643,"Now for the couple at the cozy corner table, some tunes to fight by"
3554,1844,6,37,146,189,1.2592592592592593,0.036867788457444636,643,"As my hero said, ""Float like a butterfly, sting like a Flight of the Bumble Bee""."
533,1844,8,40,168,216,1.2592592592592593,0.03518178504809803,643,I am leaving.  I am leaving.
334,1849,9,39,172,220,1.259090909090909,0.03535734032381597,643,That was the 'pianissimo.'
1798,1849,13,31,176,220,1.259090909090909,0.037632240385533554,643,I can assure you - you've never heard chopsticks as I am about to perform it!
2345,1851,9,32,152,193,1.2590673575129534,0.038542165119898796,643,This time I'm going to play something a bit more punchy.
1218,1851,8,34,151,193,1.2590673575129534,0.03783551408374163,643,"I haven't worked out every note on this next piece, but I'm very passionate about it."
1988,1851,8,34,151,193,1.2590673575129534,0.03783551408374163,643,I will now play ‘the Boxer’ written by Simon and Garfunkel! In D flat.
5646,1854,8,42,174,224,1.2589285714285714,0.034362427191472464,643,"I'm thrilled to finally reach the ""Knock-Out Round"" of this prestigious competition."
3085,1854,8,42,174,224,1.2589285714285714,0.034362427191472464,643,Let’s get ready to rumbaaaaa!
69,1856,11,29,157,197,1.2588832487309645,0.03935304873448916,643,"...and now, the theme from ‘Rocky’"
609,1856,5,41,151,197,1.2588832487309645,0.03518349375114781,643,I could a been a contender...
4260,1856,6,39,152,197,1.2588832487309645,0.035912053703885095,643,And now I will knock out the rest of the ring cycle
1349,1859,9,41,178,228,1.2587719298245614,0.03453634914476107,643,As for the reviewer who suggested my repertoire lacked punch.…
3859,1859,8,43,177,228,1.2587719298245614,0.03397229090870341,643,It helps with the nail-biting.
1484,1861,11,30,160,201,1.2587064676616915,0.03880915920051023,643,What happens in Piano club...stays in piano club.
2003,1861,11,30,160,201,1.2587064676616915,0.03880915920051023,643,"I will now play the theme from ""Rocky""."
2185,1861,12,28,161,201,1.2587064676616915,0.039444924662517006,643,"In the spirit of this Holiday Concert, and to celebrate the diversity of the season, I will now perform a special Boxing Day carol."
5090,1861,9,34,158,201,1.2587064676616915,0.03750531096109402,643,"My next number is the ""beat goes on"""
4674,1865,13,34,185,232,1.2586206896551724,0.036265315860142686,643,"Take that, Mr. Rachmaninoff......"
2001,1865,10,40,182,232,1.2586206896551724,0.03468740586909295,643,It's 'Chopsticks' but with a 3.2 degree of difficulty.
3113,1865,14,32,186,232,1.2586206896551724,0.036776244197472927,643,"And now, by request, LaMotta Sonata."
643,1868,7,39,159,205,1.2585365853658537,0.03569946052759086,643,I always wear these when I play the theme song from Rocky.
2807,1868,8,37,160,205,1.2585365853658537,0.03636310616012965,643,"And next, I would like to pound out a tune on my old piano..."
4116,1868,8,37,160,205,1.2585365853658537,0.03636310616012965,643,Now I’ll knock out another song for you.
4933,1868,9,35,161,205,1.2585365853658537,0.03701485508906796,643,"What did you think ""Ring Cycle""  meant?"
4958,1868,10,33,162,205,1.2585365853658537,0.03765532505392221,643,Tonight I will be playing selections from “The Divorce of Figaro”.
5320,1868,11,31,163,205,1.2585365853658537,0.03828508211521013,643,I'm ready to Bachs.
5103,1874,8,38,163,209,1.2583732057416268,0.03590663080368912,643,"And now I present to you: knuckle-sandwich, in C minor."
3217,1874,13,28,168,209,1.2583732057416268,0.038978446100920994,643,The next selection is by Johann Sebastian Box.
2242,1874,11,32,166,209,1.2583732057416268,0.03777970368510606,643,"And finally, the punchline."
744,1874,8,38,163,209,1.2583732057416268,0.03590663080368912,643,"...and for my next piece, here's 'Float Like A Butterfly, Sting Like A Bee.'"
190,1878,14,34,192,240,1.2583333333333333,0.03591388403501781,643,"And now ladies and gentlemen, Tchaikovsky’s ‘Incompetent Piano Movers’ in G Minor."
4618,1878,10,42,188,240,1.2583333333333333,0.033916619120037676,643,"While my scales may have suffered, my arpeggios are to die for!"
5420,1880,7,41,165,213,1.2582159624413145,0.03483574521765699,643,"Oh, I'll hit the right note alright!"
1468,1881,8,32,146,186,1.2580645161290323,0.03872904678630092,643,Guess I grabbed the wrong bag at the airport
3742,1881,9,38,170,217,1.2580645161290323,0.03564332896909953,643,It is the insurance company's rule.
813,1883,10,37,174,221,1.257918552036199,0.03579577870670777,643,"For my next number, I will play Beat Me Daddy, Eight to the Bar."
2705,1884,9,32,153,194,1.2577319587628866,0.03836622687347021,643,"Float Like a Tchaikovsky, sting like a Beethoven"
4292,1884,9,32,153,194,1.2577319587628866,0.03836622687347021,643,Want to hear a punchy tune?
5264,1884,10,30,154,194,1.2577319587628866,0.03905615591055088,643,The judges had warned Marcel that his habit of picking his nose between sets made the other contestants uneasy. Yet their solution seemed harsh....and made it difficult for him to compete.
5367,1887,7,37,154,198,1.2575757575757576,0.03646412306673373,643,"My finale will be a unique, spirited medley of fight songs."
4945,1887,9,33,156,198,1.2575757575757576,0.03784416199263082,643,let's hit it again
3796,1887,10,31,157,198,1.2575757575757576,0.03851564305413805,643,And now I shall play Wagner...
3701,1887,9,33,156,198,1.2575757575757576,0.03784416199263082,643,"Yes, I'm Johann Sebastian Box."
3647,1887,9,33,156,198,1.2575757575757576,0.03784416199263082,643,We've had a request for the National Anthem.
2162,1887,7,37,154,198,1.2575757575757576,0.03646412306673373,643,"And now, for the Flight of the Pugilist."
2680,1887,6,39,153,198,1.2575757575757576,0.035754134139657376,643,"We're going to pick up the pace. For the next number, I'm going to play something a little more punchy."
2296,1887,10,31,157,198,1.2575757575757576,0.03851564305413805,643,They all laughed when I sat down at the piano...
1723,1887,10,31,157,198,1.2575757575757576,0.03851564305413805,643,He'd do anything for a hit song
2897,1887,9,33,156,198,1.2575757575757576,0.03784416199263082,643,For this next piece you might want to turn down the volume on your cellphones.
251,1897,13,34,186,233,1.257510729613734,0.03612639071300842,643,"My next piece is entitled, ""The Boxer Rebellion."""
4681,1898,12,28,162,202,1.2574257425742574,0.03927005687894993,643,This one is called ‘Sonata in ABCDEFG’
2144,1898,10,32,160,202,1.2574257425742574,0.03799500036660026,643,"And now, ""Fly Like a Butterfly, Sting Like a Bee"""
1348,1898,8,36,158,202,1.2574257425742574,0.036675642304395226,643,I guess I'll just roll with the punches
1882,1898,11,30,161,202,1.2574257425742574,0.03863778862806408,643,Here's a punchy little number I think you'll like.
3860,1902,6,49,182,237,1.2573839662447257,0.03200704183359597,643,"Pianissimo forget about it, Fortissimo I got....."
1313,1903,7,39,160,206,1.2572815533980584,0.035547901089127074,643,This one'll be a knock out.
1337,1903,10,33,163,206,1.2572815533980584,0.03749309753189487,643,"I call this piece ""Etude in the Key of Everything."""
3869,1903,8,37,161,206,1.2572815533980584,0.0362079130680063,643,"For my next number, I'd like a stool, a mouthpiece and a round girl from the audience...."
2754,1906,11,32,167,210,1.2571428571428571,0.03761949464881728,643,"And now, Beethoven’s Right Hook, in D."
3410,1906,13,19,143,175,1.2571428571428571,0.04417779105628963,643,"Float like a Puccini, sting like a Rimsky-Korsakov...?"
5579,1906,11,32,167,210,1.2571428571428571,0.03761949464881728,643,Now I will play for you 'Sting Like A Bee.'
3355,1909,9,37,168,214,1.2570093457943925,0.035936021102548656,643,And now I'd like to play Black and Blue Suede Shoes
2809,1909,8,39,167,214,1.2570093457943925,0.03532025826213392,643,I have a love- hate relationship with the piano
4827,1909,10,35,169,214,1.2570093457943925,0.036541409136236186,643,"As a former boxer, I will play the next piece in my favorite key. B flat."
5196,1909,8,39,167,214,1.2570093457943925,0.03532025826213392,643,I prefer to pound rather than tickle the ivories!
271,1913,8,40,170,218,1.2568807339449541,0.03489863649150721,643,"And now Mister President, I shall play the “Minute Waltz” in 47 seconds."
393,1913,14,28,176,218,1.2568807339449541,0.03836121009353385,643,Everyone now...supercali-pugilistic-expialidocious...
1476,1913,7,42,169,218,1.2568807339449541,0.03428756179463204,643,I could play this with one hand tied behind my back.
2337,1913,9,38,171,218,1.2568807339449541,0.035499193851579305,643,Let me welcome you to our annual Boxing Day concert
3665,1917,9,39,174,222,1.2567567567567568,0.03507676169918354,643,Here’s a little something I wrote that requires playing a lot of consecutive keys at the same time.
3477,1917,9,39,174,222,1.2567567567567568,0.03507676169918354,643,I float like a butterfly but sting in B-minor
4201,1917,7,43,172,222,1.2567567567567568,0.033894685689752464,643,"Did someone request, The Boxer?"
4934,1920,7,34,146,187,1.2566844919786095,0.03779286171126043,643,Tonight's performance is a tribute to Mohammad Ali
4768,1921,10,38,178,226,1.2566371681415929,0.03523067522556606,643,"Excuse me, this piano needs tuning!"
4775,1922,7,35,149,191,1.256544502617801,0.0372776107570834,643,A-minor challenge
4863,1922,10,29,152,191,1.256544502617801,0.03943291856726618,643,"And now I present Sibulski's Concerto in A minor, D minor, and E-flat major"
2788,1924,12,35,183,230,1.2565217391304349,0.03589566166698184,643,"Next, I'll be playing a classic piece by Muhammad Ali."
472,1925,8,44,182,234,1.2564102564102564,0.033343066867469566,643,This next piece is a hit song.
3220,1925,8,44,182,234,1.2564102564102564,0.033343066867469566,643,Down an octave goes Frazier! Down an octave goes Frazier!
3989,1927,7,47,184,238,1.2563025210084033,0.0324417731013831,643,"And now, Mozart's Sonata for middleweight southpaw in A Minor"
358,1928,6,39,154,199,1.256281407035176,0.03559755091599481,643,And now I will attempt to go twelve rounds with the piano.
2776,1928,11,29,159,199,1.256281407035176,0.038999741728123184,643,"And now, for Chopin's Fight of the Bumblebee."
2504,1930,12,28,163,203,1.2561576354679802,0.03909670051692565,643,I will now play Box Prelude and Fugue in G Minor
2096,1930,6,40,157,203,1.2561576354679802,0.03515553853749941,643,This is for the critic who called me ham handed
1410,1932,9,35,163,207,1.2560386473429952,0.03669867991520823,643,Welcome to the White House holiday party! And please remember to protect yourselves at all times!
1524,1932,10,33,164,207,1.2560386473429952,0.037332227669994555,643,This one will knock you off your feet.
3814,1932,7,39,161,207,1.2560386473429952,0.03539758292522399,643,That’s OK! I’m all thumbs anyways!
4741,1932,9,35,163,207,1.2560386473429952,0.03669867991520823,643,It's for your protection and mine.
4765,1932,9,35,163,207,1.2560386473429952,0.03669867991520823,643,I don't know if I can play it in that key.
1268,1937,10,34,167,211,1.2559241706161137,0.036853230094808447,643,"I'm sorry, I only play boxed sets."
1561,1937,10,34,167,211,1.2559241706161137,0.036853230094808447,643,Due to recent OSHA regulations for Rachmaninoff...
5607,1939,11,33,171,215,1.255813953488372,0.036983120428865035,643,My new composition is a real knockout.
701,1939,8,39,168,215,1.255813953488372,0.03517591169069947,643,Let me knock out a number for you!
2709,1941,6,44,169,219,1.2557077625570776,0.03353184323038258,643,"I will now perform ""Fight of the Bumblebees"""
2216,1941,14,28,177,219,1.2557077625570776,0.03820365417963815,643,And in this corner...Rocky Rachmaninoff !!!
1314,1941,13,30,176,219,1.2557077625570776,0.037651392502749216,643,It is so damn hard to follow my dreams simultaneously.
3015,1944,12,33,178,223,1.2556053811659194,0.036631509886083186,643,I shall now bust your Chopsticks.
3968,1944,8,41,174,223,1.2556053811659194,0.034355071567114835,643,"And now ladies and gentlemen, you may remove the complimentary earplugs."
5263,1944,8,41,174,223,1.2556053811659194,0.034355071567114835,643,I will now perform Beat It.
1090,1947,12,34,181,227,1.2555066079295154,0.036187188700149066,643,"An now, a medley of “Rocky” theme songs."
2137,1947,7,44,176,227,1.2555066079295154,0.03338545269311284,643,Excuse me while I pound out a few notes.
714,1949,9,42,184,235,1.2553191489361701,0.033761799191252745,643,Now for the old one two
1466,1949,4,40,144,188,1.2553191489361701,0.03527466502431686,643,I really like to pound out the notes.
2365,1949,13,34,188,235,1.2553191489361701,0.035851639867310124,643,"I was thinking of the President when I wrote this piece, it’s really great."
5213,1952,8,33,151,192,1.2552083333333333,0.03783474491585197,643,Chopsticks?  Really.
2400,1952,4,41,147,192,1.2552083333333333,0.0348327121480305,643,I’d like to punch out a few tunes from my new CD.
839,1952,11,27,154,192,1.2552083333333333,0.039938458762108144,643,I’m not sure Simon & Garfunkel’s “The Boxer” is supposed to be played like this.”
612,1952,5,39,148,192,1.2552083333333333,0.0356069565871974,643,"And now some Gilbert and Sullivan melodies, as they might have been played by Jack Dempsey."
2196,1952,8,33,151,192,1.2552083333333333,0.03783474491585197,643,This one's a bit punchy.
4072,1957,9,32,155,196,1.2551020408163265,0.038019004983105245,643,They say my performance is a knock out.
4350,1957,7,36,153,196,1.2551020408163265,0.036616765181962635,643,Of course I play by the Queensbury rules!
5239,1957,13,24,159,196,1.2551020408163265,0.040678731973036744,643,"In honor of Brexit, I will now play the piano version of ""Bang the Drums Slowly."""
5071,1960,9,33,158,200,1.255,0.03750879293897224,643,"I’m gonna float like Madame Butterfly, sting like the flight of the bumblebees!"
355,1960,3,45,152,200,1.255,0.03324758652970545,643,Whew! Rough house!
4761,1960,10,31,159,200,1.255,0.03817277569184746,643,I alone can play it.
5019,1963,8,36,160,204,1.2549019607843137,0.036358797914960196,643,This is Stravinsky - Symphony in three rounds.
3590,1963,8,36,160,204,1.2549019607843137,0.036358797914960196,643,"Sorry folks
I’m all thumbs today"
3219,1963,11,30,163,204,1.2549019607843137,0.03829944811931341,643,Lllllllets get ready to rumbaaaaaa!
3058,1963,9,34,161,204,1.2549019607843137,0.037016987532238976,643,Why do I do this?  Because I can't sing or dance.
4836,1967,9,35,164,208,1.2548076923076923,0.03654255634314192,643,Next! A college fight song composed by Joe Louis.
234,1968,12,30,170,212,1.2547169811320755,0.03789757884855208,643,And my next number will really knock you out!
296,1968,11,32,169,212,1.2547169811320755,0.03730302616345187,643,"No, this is not a variant of the Suzuki Method; it is pure Tyson."
629,1968,6,42,164,212,1.2547169811320755,0.034175461266761846,643,"Bear with me, I just had a mani-pedi."
1272,1968,9,36,167,212,1.2547169811320755,0.03608454402772855,643,...And in this corner weighing in at 1086lbs
1443,1968,10,34,168,212,1.2547169811320755,0.03669884247929528,643,Let's get rrready to bumble!
5424,1968,11,32,169,212,1.2547169811320755,0.03730302616345187,643,"Oh, it was ""Flight of the Bumblebee?"""
5528,1974,11,33,172,216,1.2546296296296295,0.03683055058950818,643,"I will now play, Float Like A Butterfly,Sting like a Bee."
3795,1974,9,37,170,216,1.2546296296296295,0.035642065210284075,643,It's the only way I can play the score to any of the Rocky movies.
2238,1974,9,37,170,216,1.2546296296296295,0.035642065210284075,643,Sugar Ray Charles
1310,1974,11,33,172,216,1.2546296296296295,0.03683055058950818,643,These ivories need more than tickling.
1201,1974,8,39,169,216,1.2546296296296295,0.03503270600907176,643,A serenade for Boxing Day.
2043,1974,10,35,171,216,1.2546296296296295,0.03624118009378602,643,Chopin's “Etude in G# minor Has always been a battle for me...
1138,1980,7,42,171,220,1.2545454545454546,0.03401506715249038,643,This concert is going the full twelve rounds
4369,1980,12,32,176,220,1.2545454545454546,0.03694021921245162,643,They're called Chopsticks preventers.
1480,1982,11,35,178,224,1.2544642857142858,0.03593257878994312,643,"Louie, Louie"" again? Well, if you insist.."
2176,1982,4,49,171,224,1.2544642857142858,0.031794357364153564,643,"And now, variations on a theme by Marciano."
3738,1982,11,35,178,224,1.2544642857142858,0.03593257878994312,643,Are you ready for some chin music
3589,1985,12,34,182,228,1.2543859649122806,0.03604554776851709,643,of course I'm wearing a cup
546,1986,11,37,184,232,1.2543103448275863,0.03509197436324489,643,"And now, a musical tribute to the Marquess of Queensberry."
2102,1987,6,35,144,185,1.2540540540540541,0.03718165283133156,643,And now a piece I call Für Muhammad Ali
997,1988,6,36,147,189,1.253968253968254,0.036681524962835395,643,Let's see if you can stand me for 12 rounds.
3256,1988,12,24,153,189,1.253968253968254,0.041027527534305275,643,It's the most efficient way to play twelve-tone music
3302,1988,5,38,146,189,1.253968253968254,0.03590608560215486,643,This concert comes as a boxed set
825,1991,10,29,154,193,1.2538860103626943,0.03906823938569363,643,If he doesn't C sharp he’ll B flat.
1816,1991,3,43,147,193,1.2538860103626943,0.033889832777075475,643,This is a heavyweight sonata
683,1993,6,38,153,197,1.2538071065989849,0.035735905229394266,643,This original composition will really knock you out.
992,1993,6,38,153,197,1.2538071065989849,0.035735905229394266,643,I should have put more thought into this career change.
1421,1993,7,36,154,197,1.2538071065989849,0.03645342633083918,643,My music packs a real punch.
4203,1993,9,32,156,197,1.2538071065989849,0.037847681945467414,643,"Some football players do ballet in the off-season, I do this"
4454,1993,7,36,154,197,1.2538071065989849,0.03645342633083918,643,"With so many notes, it's always a fight to the finish!"
4373,1998,10,31,160,201,1.2537313432835822,0.03800356800889097,643,...and for my next piece I will play “Bling Blong Blaap Blorp” in C-minor
2321,1998,7,37,157,201,1.2537313432835822,0.035986350885622145,643,I'll be playing Beethoven's Symphony No. 7 in A major.  It may take awhile.
935,2000,6,40,159,205,1.2536585365853659,0.034856320548775244,643,I will now play the Joe Louis lullaby.
1587,2000,7,38,160,205,1.2536585365853659,0.03553571569352181,643,"Pacquiao's ""A Little Fight Music"""
2404,2000,11,30,164,205,1.2536585365853659,0.038132441837078535,643,"My next piece is titled 'Yo Adriana' """
3973,2000,7,38,160,205,1.2536585365853659,0.03553571569352181,643,"I wouldn't say ""tickling the keys"" is my style."
4606,2000,11,30,164,205,1.2536585365853659,0.038132441837078535,643,My encore is a real knockout!
5280,2000,11,30,164,205,1.2536585365853659,0.038132441837078535,643,"I will now play a version of ""Flight of the Bumblebee"" , that I have restyled as ""Romp of the Hippopotamus"""
1217,2006,7,39,163,209,1.2535885167464116,0.035100612725707504,643,I shall now play Bach in the combative style.
2150,2007,9,36,168,213,1.2535211267605635,0.03593463715751371,643,And now for Beethoven's Piano Sonata Number 1 in F-Minor-ish
2967,2007,10,34,169,213,1.2535211267605635,0.036545711790725334,643,And now a little piece by Victor Borge.
5640,2009,9,37,171,217,1.2534562211981566,0.03549683566295344,643,Here's a new song that'll really knock you out
5187,2009,9,37,171,217,1.2534562211981566,0.03549683566295344,643,For my next number: Tyson's Overture in B-Flat on Your Back.
3185,2009,10,35,172,217,1.2534562211981566,0.03609286272368584,643,Here's a Gershwin favorite that really knocks me out...
4814,2009,4,47,166,217,1.2534562211981566,0.032352408790416017,643,"And now our main event – Beethoven's Sonata in C minor, in 12 rounds"
941,2013,9,38,174,221,1.253393665158371,0.035073512371542465,643,This next number is called 'Fists of Fury'.
3445,2013,7,42,172,221,1.253393665158371,0.03388038665025501,643,"For me, playing Chopin's Sonatas have always been a personal battle"
2779,2015,6,45,174,225,1.2533333333333334,0.032901970800237525,643,"Yo, Beethoven -- I did it!"
3248,2015,13,31,181,225,1.2533333333333334,0.036882481753773844,643,Which one is Middle C?
4305,2015,10,37,178,225,1.2533333333333334,0.0352316596439884,643,No worries.  The piano's prepared.
5683,2018,8,42,179,229,1.2532751091703056,0.03370380684666488,643,Is my playing too aggressive?
4762,2019,5,49,179,233,1.2532188841201717,0.03162397168702507,643,I’m hoping to knockout this Sonata in the first movement.
3727,2020,9,42,186,237,1.2531645569620253,0.0335107895064053,643,I don’t take requests.
4632,2021,10,27,149,186,1.2526881720430108,0.040024569580750506,643,"Currently, Rachmaninoff is winning."
803,2021,8,31,147,186,1.2526881720430108,0.03854505016975252,643,"My next number, a sing-along, is also a round ."
2083,2023,10,29,155,194,1.2525773195876289,0.038888361587460306,643,I was hoping they’d help me hit the right notes.
2202,2023,8,33,153,194,1.2525773195876289,0.0374896354603738,643,I only perform once a year - On Boxers Day.
8,2025,7,37,158,202,1.2524752475247525,0.03582978190929086,643,Let's get rrready to rrrubato!
1088,2025,12,27,163,202,1.2524752475247525,0.03911606521254878,643,Now I’ll play a fugue by Mohammed Ali
1867,2025,11,29,162,202,1.2524752475247525,0.03848126687757778,643,"Ladies and gentlemen:  Counterpunch was Bach's specialty, as I shall now demonstrate"
3441,2025,10,31,161,202,1.2524752475247525,0.037835819580053505,643,Watch and listen while I pummel the hell out of this thing.
3737,2025,8,35,159,202,1.2524752475247525,0.036510709783245124,643,"For my next piece :""The fight of the Bumblebee"
5127,2030,8,36,162,206,1.2524271844660195,0.0360472321538987,643,Next time you clap or somebody gets hurt.
4315,2030,9,34,163,206,1.2524271844660195,0.03669826484801438,643,A boxed set of tonight’s performance will be available for purchase during the interval.
4212,2030,9,34,163,206,1.2524271844660195,0.03669826484801438,643,My ivories don't like to be tickled.
1211,2030,10,32,164,206,1.2524271844660195,0.03733794771747569,643,The insurance on my fingers was outrageous!
560,2034,3,47,160,210,1.2523809523809524,0.03224133248962469,643,Well you said I should attack the music!
955,2035,7,40,167,214,1.2523364485981308,0.034538087165409626,643,This next number will really knock you out!
517,2036,10,35,173,218,1.2522935779816513,0.03594572507202438,643,I believe single notes are banal and over-rated.
3077,2036,10,35,173,218,1.2522935779816513,0.03594572507202438,643,My next piece is “Float like a butterfly”
950,2038,12,32,178,222,1.2522522522522523,0.03664240561925119,643,I will now play the Rachmaninoff Prelude in A through G minor.
2824,2038,12,32,178,222,1.2522522522522523,0.03664240561925119,643,And now I will play Dance Like a Butterfly and Sting Like a Bumblebee by Rimsky Ali
4732,2038,8,40,174,222,1.2522522522522523,0.03434540584965233,643,"Ladies and Gentleman, Bachy Balboa!"
5128,2038,9,38,175,222,1.2522522522522523,0.03493381813693476,643,I don't know why I can't hit that last note.
5570,2042,6,45,175,226,1.252212389380531,0.03277523761461373,643,"And more, much more than this, I did it Steeeiiinway."
2636,2042,9,39,178,226,1.252212389380531,0.034528398471249375,643,This next piece demonstrates the difficulty bumblebees actually have in flight.
1514,2044,12,34,184,230,1.2521739130434784,0.03576549389176894,643,Time to punch out a new tune.
1986,2044,10,38,182,230,1.2521739130434784,0.034687548095120604,643,My next piece is critic-proof.
5352,2046,13,33,188,234,1.2521367521367521,0.035863051477025044,643,A special technique is required for the arpeggios.
2638,2047,6,35,146,187,1.2513368983957218,0.036832794592605064,643,Something punchy?
1687,2048,10,28,153,191,1.2513089005235603,0.039260585493530564,643,"Tickling the ivories"" is so last century"
2793,2048,8,32,151,191,1.2513089005235603,0.03783081245903668,643,Would someone from the audience help me find my keys?
1449,2050,9,31,155,195,1.2512820512820513,0.038021092511108745,643,"Yo, Liberace."
2371,2051,8,34,157,199,1.2512562814070352,0.0368266874925058,643,I will be playing pugilist in D Major.
5158,2051,9,32,158,199,1.2512562814070352,0.03750951554471714,643,Maybe this piano's out of tune.
330,2051,10,30,159,199,1.2512562814070352,0.03818013359232876,643,"This evening’s performance, of Tyson’s 1st, is also available on a box set."
3685,2054,8,35,160,203,1.251231527093596,0.03635169115585834,643,"Ladies and gentlemen, we are recording tonight's performance which, I expect, will be released as a boxed set."
1809,2054,11,29,163,203,1.251231527093596,0.038311427807055085,643,"And now for my final piece, ""Float like a butterfly, sting like the flight of the bumblebee."""
1086,2056,8,36,163,207,1.251207729468599,0.03589338934417405,643,"Next, The Minute Waltz in 30 seconds."
3752,2056,9,34,164,207,1.251207729468599,0.03654090193054718,643,"'""and now - Franz Listz's My Fisto Waltz"""
3871,2056,8,36,163,207,1.251207729468599,0.03589338934417405,643,How else do you propose I play The Boxer?
5669,2056,9,34,164,207,1.251207729468599,0.03654090193054718,643,I call this one 'Punch in the F-A-C-E.
3028,2060,8,37,166,211,1.2511848341232228,0.0354508645281088,643,"Float like a butterfly, sing in B."
4180,2060,12,29,170,211,1.2511848341232228,0.03791187080454426,643,"...and now, my tribute to Rocky Balboa."
5199,2060,11,31,169,211,1.2511848341232228,0.037311840076213375,643,I thought you said “Box Art of Fugue.”
2240,2063,5,44,166,215,1.2511627906976743,0.03310925493715454,643,Tickling the ivories got old.
2901,2063,12,30,173,215,1.2511627906976743,0.03742331412889032,643,"Who knew playing ""The Boxer"" would prove this challenging ?"
285,2063,6,42,167,215,1.2511627906976743,0.03375931832282027,643,This next piece is a little punchy.
688,2066,9,37,173,219,1.2511415525114156,0.03520980719401711,643,next round's on me...
3691,2067,8,41,178,227,1.251101321585903,0.033822416859519165,643,One note requests please.
5668,2067,12,33,182,227,1.251101321585903,0.03605405971338017,643,Now I'm going to play 4'33'' by John Cage
4461,2069,11,36,184,231,1.251082251082251,0.03509478157119138,643,I'm only playing my greatest hits.
4367,2070,12,31,177,220,1.25,0.03680076614070642,643,My next song will be a cappella
3572,2070,5,41,158,204,1.25,0.03413387204672441,643,Anyone want to hear the theme from Rocky?
3595,2070,8,37,167,212,1.25,0.035303135348938045,643,"This next piece is called ""I am the greatest"" and is dedicated to Muhammad Ali"
4110,2070,11,41,200,252,1.25,0.03308817071163319,643,"And now, ""Eine Kleine Kampfmusik""."
4243,2070,8,40,176,224,1.25,0.034075132722900435,643,This is how I flatten the flats.
4375,2070,11,30,167,208,1.25,0.03763986674967756,643,"Nail fungus is nothing to chuckle about, ask the harp player."
5423,2070,10,28,154,192,1.25,0.039077494940441666,643,"For my next piece I will play ""The Fight of the Bumblebee"""
4592,2070,8,35,161,204,1.25,0.036194015545739325,643,"I shall now play the ""I AM THE GREATEST"" Sonata I composed in memory of Muhammad Ali."
4816,2070,7,34,151,192,1.25,0.036924761954211946,643,I call this `Broken Piano`.
4828,2070,10,34,172,216,1.25,0.036093714752248894,643,I will now float like Madam Butterfly then sting with the Flight of the Bumble Bee.
5304,2070,11,33,176,220,1.25,0.03623238038175044,643,...and a special thanks to Performers Insurance Co. for finding a way to reduce my premiums.
5413,2070,9,37,174,220,1.25,0.03506798236707715,643,"This one's for you, Mr. Stallone."
2890,2070,7,36,157,200,1.25,0.03597179241080754,643,"This is my own interpretation of Cage's 4'33""."
4576,2070,8,34,158,200,1.25,0.03666362100949166,643,I don’t exactly tickle the ivories anymore.
2650,2070,8,39,173,220,1.25,0.03447103692786923,643,"This next piece is called “Float Like a Butterfly, Sting Like a Bee.”"
5054,2070,10,32,166,208,1.25,0.03701767733834508,643,And then The Maestro begged me to stop fighting the instrument.
2045,2070,8,40,176,224,1.25,0.034075132722900435,643,Who is my opponent?
245,2070,8,33,155,196,1.25,0.03715060499636612,643,And I'd like to close with a little chin music.
2105,2070,12,28,168,208,1.25,0.038251937236447736,643,Now for some Rachymaninoff.
555,2070,11,27,158,196,1.25,0.03920654693884184,643,Yo Amadeus...I did it.
610,2070,7,37,160,204,1.25,0.03552057968536265,643,"And now for my finale, Rope-a-dope fortissimo"
648,2070,10,36,178,224,1.25,0.035230548447081074,643,"For my encore, the theme from 'Rocky.'"
798,2070,8,34,158,200,1.25,0.03666362100949166,643,I present to you now a finale that floats like Madame Butterfly yet stings like Flight of the Bumblebee.
860,2070,10,29,157,196,1.25,0.0385334231429082,643,You want me to do what??
395,2070,13,23,160,196,1.25,0.04051926172059406,643,I play like a butterfly and sing like a bee.
1651,2070,4,45,163,212,1.25,0.032672136124551915,643,"My next selection is Paul Simon's ""The Boxer""."
1661,2070,15,27,186,228,1.25,0.03749178749241364,643,"And now, for your enjoyment, I will box the ivories."
1708,2070,8,33,155,196,1.25,0.03715060499636612,643,This next piece is sure to be a knockout.
971,2070,13,35,196,244,1.25,0.03478667363738345,643,And now for a slow rendition of Flight of the Bumblebee
1896,2070,6,35,147,188,1.25,0.03666073590916169,643,This next one's a knockout.
1969,2070,10,34,172,216,1.25,0.036093714752248894,643,"Now I will play, “Domm, Domm, Domm,...Dommmm.."
1987,2070,7,33,148,188,1.25,0.037428583339959215,643,"I said Bach's work, not box work."
3409,2102,13,32,188,233,1.2489270386266094,0.035872760707465215,643,"I call this next piece,""Fight of the Bumblebees."""
4982,2103,12,33,184,229,1.2489082969432315,0.035771966022232544,643,This next one’s called “I’m a failure and my wife’s leaving me.”
4190,2104,10,36,179,225,1.248888888888889,0.03509121397244564,643,"And now, our alma mater's fight song."
3748,2105,7,41,173,221,1.248868778280543,0.033728968246037515,643,This next one really packs a punch!
4417,2105,7,41,173,221,1.248868778280543,0.033728968246037515,643,"Next, a lively rendition of Fight of the Bumblebee."
1648,2107,12,30,175,217,1.2488479262672811,0.037113546630874246,643,And now a piece from Wagner's lesser-known Boxing Ring Trilogy.
1751,2107,12,30,175,217,1.2488479262672811,0.037113546630874246,643,"This next piece is titled 'I Could Have Been (a Contender)'."""
2750,2107,5,44,168,217,1.2488479262672811,0.032844018648230715,643,"Now, the ‘Fight of the Bumblebee’"
4861,2107,10,34,173,217,1.2488479262672811,0.035945466313651614,643,"And now, a new composition for Boxing Day."
1175,2111,9,35,169,213,1.2488262910798122,0.03578096430516564,643,"Jetzt, eine kleine Kampfmusik."
5672,2111,7,39,167,213,1.2488262910798122,0.03452094438613095,643,Prepare to be really impressed.
5338,2113,8,36,165,209,1.2488038277511961,0.035589507081211814,643,I range from Marvin Hamlisch to Marvin Hagler.
4593,2113,10,32,167,209,1.2488038277511961,0.03685954780232135,643,You guys like “Chopsticks”?
289,2113,8,36,165,209,1.2488038277511961,0.035589507081211814,643,"And now for 'Float like a butterfly, Flight of the Bumblebee' in A minor"
2740,2113,6,40,163,209,1.2488038277511961,0.034272434468179215,643,That bum is going down in the second movement.
4960,2117,6,39,160,205,1.248780487804878,0.034685233201559446,643,"Quite frankly, I’m much more accustomed to pounding on an organ."
1591,2118,7,36,158,201,1.2487562189054726,0.035813984960826245,643,"And now, Concerto Number 4, Round 3, in B-flat minor."
4267,2118,10,30,161,201,1.2487562189054726,0.0378403917807093,643,"Don't play it again, Sam."
5455,2118,8,34,159,201,1.2487562189054726,0.036501955599055,643,My guess is this job switch is working out better for me than my partner.
3373,2121,11,27,159,197,1.248730964467005,0.03902765886599619,643,I forgot the punch line!
4193,2121,12,25,160,197,1.248730964467005,0.03968570933288507,643,My dog wrote this next piece.
3074,2123,6,36,151,193,1.2487046632124352,0.036014090089269035,643,I glissando like a butterfly and trill like a bee!
3674,2124,7,33,149,189,1.2486772486772486,0.03725351252478399,643,You should hear me play the zither.
4463,2125,6,34,145,185,1.2486486486486486,0.036984673899755745,643,I will now play... with your expectations.
3245,2126,15,28,191,234,1.2478632478632479,0.036747145895247454,643,"For my encore I will play Opus 7 in A, B and C Major"
4361,2127,8,40,178,226,1.247787610619469,0.033808964677036944,643,My next piece will be played on this Steinway that has never been touched by human hands.
4965,2128,8,38,172,218,1.2477064220183487,0.03459725129075798,643,Chopin is down for the count in three -quarter time.
3899,2128,11,32,175,218,1.2477064220183487,0.03638411194893724,643,"And now, C minor in 12 rounds."
175,2128,8,38,172,218,1.2477064220183487,0.03459725129075798,643,I hope that some in the audience tonight will be able to distinguish the downbeat versus the beat down.
2726,2128,8,38,172,218,1.2477064220183487,0.03459725129075798,643,This next selection is an experimental piece by Philip Glass.
5656,2132,9,35,170,214,1.2476635514018692,0.03563234711268194,643,"For my next selection, I will be playing the theme from ""Rocky""."
1971,2132,15,23,176,214,1.2476635514018692,0.03915259856807145,643,I will now perform Mike Tyson's concerto in B flat.
3071,2132,10,33,171,214,1.2476635514018692,0.036242807972584515,643,And now the punchline!
3903,2132,8,37,169,214,1.2476635514018692,0.035011243790811976,643,This next one needs to be preformed with a certain amount of punch
4167,2132,9,35,170,214,1.2476635514018692,0.03563234711268194,643,Can you please give me a hand?
5081,2137,11,30,169,210,1.2476190476190476,0.0373183485301807,643,"And now, I will take Beethoven to the 12th."""
5206,2137,11,30,169,210,1.2476190476190476,0.0373183485301807,643,"To increase the degree of difficulty, I will put on a pair of swim fins."
2065,2137,12,28,170,210,1.2476190476190476,0.03792397135903804,643,...and this next piece is sure to be a knock out!
4434,2137,10,32,168,210,1.2476190476190476,0.03670273382731784,643,"I shall now play ""Flight of the Sting Like A Bee."""
5540,2137,3,46,161,210,1.2476190476190476,0.03206417633514471,643,I'm afraid I've boxed myself into a corner with this concerto.
4959,2142,12,27,167,206,1.2475728155339805,0.038431781240587104,643,I'd like to close this evening with 'Flight of the Bumblebee.'
2800,2142,8,35,163,206,1.2475728155339805,0.035882628411706176,643,And now I shall pummel out a pleasing polonaise for your pleasure.
481,2142,9,33,164,206,1.2475728155339805,0.03653659423961849,643,Please hold your applause until you count to ten.
1252,2142,8,35,163,206,1.2475728155339805,0.035882628411706176,643,"And now, the theme from Rocky IV"
2358,2142,11,29,166,206,1.2475728155339805,0.037810608464112334,643,As an encore I'll now play the Notre Dame Fight Song.
2424,2147,11,28,163,202,1.2475247524752475,0.03832092426078882,643,This one's from the boxed set.
2989,2147,12,26,164,202,1.2475247524752475,0.03895833535214406,643,It's going to be a Wagner piece.
4431,2147,11,28,163,202,1.2475247524752475,0.03832092426078882,643,The ivories tickle me.
4453,2147,8,34,160,202,1.2475247524752475,0.03634167393742479,643,"Now, Mozart’s Piano Sonata No. 20 in B-flat major, TKO.548"
4763,2147,10,30,162,202,1.2475247524752475,0.03767272991159665,643,"And now, ladies and gentlemen, the Theme from Rocky VII"
5083,2152,7,35,156,198,1.2474747474747474,0.03611445901533336,643,This next piece is by Rocky-maninoff.
4547,2152,8,33,157,198,1.2474747474747474,0.036817500090574905,643,"The critics all say that anything I might be lacking in finesse, I more than make up for in punch."
2268,2152,9,31,158,198,1.2474747474747474,0.037507365621551894,643,Raging Beethoven.”
2094,2152,8,33,157,198,1.2474747474747474,0.036817500090574905,643,"And now, by your request, the Love Theme from 'Rocky'."
2008,2152,9,31,158,198,1.2474747474747474,0.037507365621551894,643,Get ready for this hit!
1601,2152,8,33,157,198,1.2474747474747474,0.036817500090574905,643,This piece was written for no hands.
228,2152,9,31,158,198,1.2474747474747474,0.037507365621551894,643,My last recital ended in a TKO in the sixth round.
208,2159,10,28,156,194,1.2474226804123711,0.03871628442214452,643,When you don't have time to change between your part-time jobs.
2666,2159,10,28,156,194,1.2474226804123711,0.03871628442214452,643,"He got hit pretty hard, i think he has a Percussion"
3836,2159,8,32,154,194,1.2474226804123711,0.03731110799012874,643,What?  You told me to pound it out.
3945,2159,10,28,156,194,1.2474226804123711,0.03871628442214452,643,"Next, my own composition: ""The Ring."""
857,2163,8,31,151,190,1.2473684210526317,0.03782358182378664,643,"For my next piece, please enjoy 'Mama Said Knock You Out' in B-Flat."
4549,2164,7,31,144,182,1.2472527472527473,0.038121780954712484,643,...and now:Beethoven's Hammerklavier sonata.
121,2165,10,40,193,243,1.2469135802469136,0.03329382036855516,643,"When I said I wanted to hit the ivories..."""
4931,2166,6,46,183,235,1.2468085106382978,0.03182201433225987,643,These are to prevent me from “tickling the ivories”....
2497,2167,11,35,185,231,1.2467532467532467,0.03495986377001074,643,I usually have a sheet music page turner.
2099,2168,12,31,180,223,1.2466367713004485,0.03635599710920408,643,"Etude"" by Muhammad Ali.."
3910,2168,12,31,180,223,1.2466367713004485,0.03635599710920408,643,"And for you Brits, ""A Ballad for Boxing Day."""
4482,2168,11,33,179,223,1.2466367713004485,0.03579608054335416,643,"I will now play my tribute to Simon and Garfunkel's ""The Boxer.""
It's a knockout!"
2038,2171,9,36,174,219,1.2465753424657535,0.035060087593868895,643,"And the winner by judges decision
after 8 rounds is... Steinway."
424,2172,9,35,171,215,1.2465116279069768,0.03548493002803208,643,"Any Requests? Anything but ""Flight of the Bumble Bee"""
829,2172,9,35,171,215,1.2465116279069768,0.03548493002803208,643,The next is a cross between Ali and Amadeus!
1810,2172,12,29,174,215,1.2465116279069768,0.037277160466945174,643,The Boxer Rebellion concerto
1863,2172,7,39,169,215,1.2465116279069768,0.03423802910271416,643,My Carpal tunnel's flaring up again.
3688,2172,11,31,173,215,1.2465116279069768,0.03668947916433762,643,Once you hear this next song composed by Cassius Clay you will know why he changed his name to Mohammed Ali
4948,2177,16,20,175,211,1.2464454976303319,0.04008139825646363,643,Box Magnificat
4066,2177,8,36,167,211,1.2464454976303319,0.03529059622580752,643,And now I will perform “The Fight of the Bumblebee.”
902,2177,10,32,169,211,1.2464454976303319,0.036547219566309644,643,My teacher says it will remind me to not hit the keys too hard.
2124,2177,7,38,166,211,1.2464454976303319,0.034645196549383965,643,"Ladies and gentlemen, let us prepare ourselves to rumble."
2878,2177,4,44,163,211,1.2464454976303319,0.03263249959569213,643,"For my next piece, I will play 'Great Balls of Fire.'"
1375,2182,9,33,165,207,1.2463768115942029,0.03637932572230754,643,And now for a swinging little tune with a hook that'll knock you out.
3783,2182,9,33,165,207,1.2463768115942029,0.03637932572230754,643,"I will now play the Third Round of the Moonlight Sonata, Presto Agitato."
4179,2182,6,39,162,207,1.2463768115942029,0.034391117954401376,643,"This next piece was first performed in Paris in 1913. It was quite controversial for the time, and fights broke out among the audience."
4737,2182,10,31,166,207,1.2463768115942029,0.0370183394454039,643,I never wanted piano lessons.
3512,2186,5,40,158,203,1.2463054187192117,0.034100909018734374,643,"This one I call ""Float like a butterfly, sting like the flight of a bumblebee."""
983,2186,6,38,159,203,1.2463054187192117,0.03480869641548542,643,I’m trying to stop biting my nails.
964,2186,8,34,161,203,1.2463054187192117,0.03618275896926993,643,This next sonata is a real knock out.
446,2186,11,28,164,203,1.2463054187192117,0.03815117425915706,643,My next piece is Ali in C minor
975,2190,4,41,154,199,1.2462311557788945,0.03377004670089838,643,Tickling the ivories really isn’t my style.
1485,2190,11,27,161,199,1.2462311557788945,0.038674642432499816,643,I shall now demonstrate that my piano coach was right.
4616,2190,9,31,159,199,1.2462311557788945,0.037339125295383226,643,This modern stuff is a real pain in the ass.
3950,2193,7,34,154,195,1.2461538461538462,0.03642228005484754,643,"Yeah buddy?  Come down here, I'll give you discordant notes!"
2891,2193,7,34,154,195,1.2461538461538462,0.03642228005484754,643,My next piece is dedicated to the immortal Muhammad Ali...
5162,2193,6,36,153,195,1.2461538461538462,0.03568913546569232,643,"And now, with your gracious indulgence, I'd like to bang out a new composition."""
1009,2193,7,34,154,195,1.2461538461538462,0.03642228005484754,643,I asked for box seats.
946,2193,11,26,158,195,1.2461538461538462,0.039218042541852786,643,"And now for a nuanced little mashup I call 'Étude, Sonny Liszton?'"
2770,2193,7,34,154,195,1.2461538461538462,0.03642228005484754,643,And now I will float through Madame Butterfly and sting into Flight of the Bumblebee.
870,2199,11,25,155,191,1.2460732984293195,0.039782598437450474,643,I offer Republican Chopsticks for our times.
2450,2199,7,33,151,191,1.2460732984293195,0.03690811204149301,643,I'm just going to play a little rope-a-dope until I find middle C.
4358,2199,7,33,151,191,1.2460732984293195,0.03690811204149301,643,I only sing
5636,2202,11,38,195,244,1.2459016393442623,0.03367711349579453,643,Box Fugue in D minor
3204,2203,9,38,181,228,1.2456140350877194,0.03411790577704053,643,"I can't tickle the ivories but I can pound them"""
3388,2203,11,34,183,228,1.2456140350877194,0.03523233202525129,643,"Now, "" I would like to play the theme from ""Rocky""."
4391,2205,5,45,174,224,1.2455357142857142,0.03210763738815452,643,I call it Concerto Marciano.
5415,2206,9,36,175,220,1.2454545454545454,0.03491835182266046,643,Are you suggesting there is a problem with my technique?
5121,2206,9,36,175,220,1.2454545454545454,0.03491835182266046,643,Oh my story’s seldom told
4151,2206,7,40,173,220,1.2454545454545454,0.03370859375857846,643,"I will now play Simon & Garfunkel's ""The Boxer"""
2203,2206,7,40,173,220,1.2454545454545454,0.03370859375857846,643,"For my next number, please prepare to have your socks knocked off"
897,2206,13,28,179,220,1.2454545454545454,0.037220092633838714,643,"For my encore, a knockturne by Sullivan... John L.,"
3350,2206,6,42,172,220,1.2454545454545454,0.03308713183045283,643,"And now, Simon and Garfunkel's The Boxer."""
788,2212,12,29,175,216,1.2453703703703705,0.03712172703140799,643,I'm doing a Victor Borge!
1625,2212,13,27,176,216,1.2453703703703705,0.03769733332651603,643,"Ladies and gentlemen, you'll be glad to know that I'm about to play John Cage's '4'33'."
3645,2212,9,35,172,216,1.2453703703703705,0.03533869906187971,643,This rendition is going to be a knock out !
5639,2212,9,35,172,216,1.2453703703703705,0.03533869906187971,643,I regret auditioning for Rocky the Musical
3200,2216,8,36,168,212,1.2452830188679245,0.03514296850356426,643,"And now, all three rounds of Beethoven’s ‘Moonlight Sonata.’"
2919,2216,12,28,172,212,1.2452830188679245,0.037601477654032406,643,"And now, by request, the theme from ""Rocky""."
177,2216,5,42,165,212,1.2452830188679245,0.03317975392237514,643,"Now that I've answered my critics, I shall play music from 'Requiem for a Heavyweight' """
2481,2216,10,32,170,212,1.2452830188679245,0.03639298941423477,643,"And now, from Wagner's Ring Cycle...."
937,2220,9,33,166,208,1.2451923076923077,0.0362233744616356,643,I will now punch out the theme from Rocky.
1174,2220,8,35,165,208,1.2451923076923077,0.03557642089896368,643,"Okay, it doesn't work for Beethoven, but my Mahler's a knockout!"
1187,2220,11,29,168,208,1.2451923076923077,0.03748379815604583,643,"Concerto no. 10! 9! 8!, 7!....."
2816,2220,7,37,164,208,1.2451923076923077,0.03491748259214235,643,"And now, from the Manassa Mahler, “The Heavyweight Requiem"
5254,2220,9,33,166,208,1.2451923076923077,0.0362233744616356,643,And now Rockymaninoff symphony #9 TKO.
5276,2220,9,33,166,208,1.2451923076923077,0.0362233744616356,643,"And now, a largo in fall flat."
158,2226,7,36,161,204,1.2450980392156863,0.03534854191631362,643,"I said I could play Rachmaninov, NOT Rocky Marciano!"
4596,2226,6,38,160,204,1.2450980392156863,0.03465868196380755,643,Mind if I punch out a tune?
1172,2228,3,43,154,200,1.245,0.03286755819816172,643,Fortissimo Piano.
674,2228,7,35,158,200,1.245,0.03579499136799974,643,"Is this the ""sting like a bee"" part?"
4819,2228,8,33,159,200,1.245,0.036490172146984766,643,Time to punch this tune up a little
5390,2231,9,30,157,196,1.2448979591836735,0.037673338424232906,643,A new Sonata called 'Float like a Butterfly and sting like a Bee.
1567,2231,8,32,156,196,1.2448979591836735,0.03697231131900721,643,"And next, I'll be playing,""Fight of the Bumblebees."""
127,2233,11,25,156,192,1.2447916666666667,0.03959560237431814,643,And now I will perform 'The Theme from Rocky.'
3778,2233,12,23,157,192,1.2447916666666667,0.040278396805236885,643,"I will now play ""Hail To The Chief""."
4475,2233,4,39,149,192,1.2447916666666667,0.03443906320851436,643,"Yes, I am a heavyweight musician."
573,2236,7,44,186,237,1.2447257383966244,0.032148146302403674,643,Welcome to my Nightmare Sonata!
2518,2237,10,26,152,188,1.2446808510638299,0.03946128617354138,643,"And now, “glovesticks”."
1016,2238,8,41,184,233,1.2446351931330473,0.03305287973986947,643,Did I hear a request for the theme from Rocky?
621,2239,10,36,183,229,1.244541484716157,0.0345444787975843,643,"Now, a tribute to the Rocky movies."
3090,2240,10,34,177,221,1.244343891402715,0.03536418910895431,643,"This next number is a new piece I wrote, Below the Belt in B-Flat."
5159,2241,6,41,170,217,1.2442396313364055,0.033325427742494584,643,my plan is to pound these ivories into submission
3483,2241,12,29,176,217,1.2442396313364055,0.036967560364039045,643,Rachmaninov wasn't challenging enough.
2602,2241,12,29,176,217,1.2442396313364055,0.036967560364039045,643,"And now, a piece for ill-tempered clavier by Box."
1274,2241,6,41,170,217,1.2442396313364055,0.033325427742494584,643,"And for my next piece, I’ll need the assistance of someone in the audience, preferably the abusive guy in the corner..."
2778,2245,10,43,205,258,1.244186046511628,0.03193369840094763,643,"Playing Stravinsky is always a battle, but this time I win!"
1117,2246,7,38,168,213,1.244131455399061,0.034357923711505485,643,I am just a poor boy ....
3692,2246,6,40,167,213,1.244131455399061,0.03370721019480899,643,"Tonight I'll be playing ""Rumble in the Jungle."""
3801,2246,9,34,170,213,1.244131455399061,0.03562371018104126,643,"This one's from ""Rocky: the Musical."""
779,2249,7,37,165,209,1.244019138755981,0.0347698092825808,643,Perhaps my tribute to Boxing Day was ill-informed.
3672,2249,7,37,165,209,1.244019138755981,0.0347698092825808,643,It's a clause in my insurance contract.
3787,2249,6,39,164,209,1.244019138755981,0.03410180365600987,643,It's called dueling piano.
3299,2252,7,36,162,205,1.2439024390243902,0.03519600037083461,643,Rachmaninoff's Third is in for the fight of its life.
3089,2252,4,42,159,205,1.2439024390243902,0.0330951117107688,643,‘And now for a tribute to Mohammed Ali.”
1889,2252,6,38,161,205,1.2439024390243902,0.03450991791430325,643,"Look ma, no fingers."
494,2252,13,24,168,205,1.2439024390243902,0.039060241781315654,643,"Remember students, always practice safe sax, and don't forget to put a glove on your pianist."
702,2256,12,25,164,201,1.243781094527363,0.03897145478122615,643,You will each find a pair of ear plugs under your seat.
804,2256,10,29,162,201,1.243781094527363,0.03767322391570657,643,"This next piece is titled, ""Would You Please Stop F**king Playing That, Timmy?"
2502,2256,11,27,163,201,1.243781094527363,0.03832783641146549,643,"And now my rendition of Jerry Lee Lewis and ""Great Balls of Fire"""
3313,2256,7,35,159,201,1.243781094527363,0.03563731287372383,643,what?   you said we were doing rounds...
237,2260,9,30,158,197,1.2436548223350254,0.03750222498593448,643,Welcome to the atonal music festival!
3719,2260,9,30,158,197,1.2436548223350254,0.03750222498593448,643,"At your request, Rocky's Fourth!"
4938,2260,5,38,154,197,1.2436548223350254,0.03462986289492014,643,My next tune will be The Boxer  by Simon and Garfunkel.
512,2263,14,19,160,193,1.2435233160621761,0.04141365457714347,643,"For my next number, ""Baby It's Cold Outside."
2763,2263,9,29,155,193,1.2435233160621761,0.038016167017366397,643,For my next selection I shall perform for you Mozart's Rope-a-Dope Concerto in E minor.
1876,2265,10,36,184,230,1.2434782608695651,0.03441038732509418,643,And now I'd like to pound out a little number from Mozart.
2122,2266,10,26,153,189,1.2433862433862435,0.03927328457842676,643,"The Boxer's Rag, by Slapsie Maxie Mendelssohn."
2562,2266,5,36,148,189,1.2433862433862435,0.03550992016224305,643,"It may be unconventional, but it is the first Mozart-meets-Muhammad-Ali performance I know of."
4587,2266,6,34,149,189,1.2433862433862435,0.03629382482267086,643,The former champ came to understand his new pursuit required a different set of skills.
122,2269,5,44,173,222,1.2432432432432432,0.032198550661910026,643,I shall now perform Basie's Down For The Count.
1627,2270,6,41,171,218,1.2431192660550459,0.033191120910807274,643,"Yo, Elise! I did it!"
1312,2271,6,32,143,181,1.2430939226519337,0.037289975564118956,643,And here's my rendition of Boxing Matilda.
3708,2271,10,24,147,181,1.2430939226519337,0.04044863031541023,643,"For my last number, Mozart's Sonata in D TKO.576"
3704,2273,7,37,166,210,1.2428571428571429,0.03462334705342879,643,Someone found my privilege and ability offensive.
2004,2273,9,33,168,210,1.2428571428571429,0.03591536014610423,643,"It’s my brother’s idea. I love him. 
But don’t expect much."
1586,2273,8,35,167,210,1.2428571428571429,0.03527526935125052,643,"...and next I will perform the theme from""Rocky"""
1570,2273,6,39,165,210,1.2428571428571429,0.03395891185773004,643,Let's see Mike Tyson do this!
260,2273,10,31,169,210,1.2428571428571429,0.036544241147484106,643,Any less abusive requests?
945,2278,9,32,165,206,1.2427184466019416,0.036371044705435486,643,"Sorry for the delay, folks - my trainer is looking for my mouthguard."
1247,2278,5,40,161,206,1.2427184466019416,0.03366621608338287,643,"And now, Rocky's Symphony No. 5 in C minor."
1353,2278,11,28,167,206,1.2427184466019416,0.03765066117295507,643,Just wait until I take the gloves off!
1821,2278,7,36,163,206,1.2427184466019416,0.03504473568410678,643,Be-Bop
3238,2278,8,34,164,206,1.2427184466019416,0.035714047601284944,643,I thought you requested a Box Trot!
4265,2278,10,30,166,206,1.2427184466019416,0.037016382722555786,643,I've really boxed myself into this corner.
4944,2278,10,30,166,206,1.2427184466019416,0.037016382722555786,643,Here’s a little number I made popular back in my club days
3852,2285,10,29,163,202,1.2425742574257426,0.037505680369128096,643,I shall now play the Rach Four using only my nose and my elbows.
3188,2285,7,35,160,202,1.2425742574257426,0.03548098206538521,643,"Dat was ""Ode to George Foreman"", in E minor."
3145,2285,9,31,162,202,1.2425742574257426,0.036843145939810786,643,Now I Will Play My Opus Trumpus.
1124,2285,5,39,158,202,1.2425742574257426,0.03406439158279769,643,"Yes, it's a fight song!"
769,2285,10,29,163,202,1.2425742574257426,0.037505680369128096,643,Chopsticks?
153,2285,8,33,161,202,1.2425742574257426,0.036168477235476636,643,I would describe my relationship with Debussy as tumultuous.
1509,2285,8,33,161,202,1.2425742574257426,0.036168477235476636,643,And now for some of my Boxing Day favorites! Let me punch out a few tunes for you.
4685,2292,9,39,187,235,1.2425531914893617,0.03335364031878857,643,'Introducing Baroque-y Balboa'
802,2293,8,32,158,198,1.2424242424242424,0.03663947068071843,643,Wow! A knockout performance!
2165,2293,7,42,182,231,1.2424242424242424,0.03258839415413002,643,It adds a little punch to my Bach..
4346,2293,8,40,183,231,1.2424242424242424,0.03316092503910772,643,"And now, the theme for Rocky XVII"
3886,2296,10,35,182,227,1.2422907488986785,0.03467240293845723,643,"I will now play selections frrom ""The Ring Cycle ""."
5558,2297,8,31,155,194,1.2422680412371134,0.03712801438269913,643,I call this next piece 'Fight of the Jumbled Keys'.
3735,2297,8,31,155,194,1.2422680412371134,0.03712801438269913,643,DOWN goes Mahler...DOWN goes Mahler....
806,2297,8,31,155,194,1.2422680412371134,0.03712801438269913,643,"And now, Chopin with the gloves off...."
958,2297,8,31,155,194,1.2422680412371134,0.03712801438269913,643,"Pianissimo enough for you now, Maestro?"
1500,2297,8,31,155,194,1.2422680412371134,0.03712801438269913,643,"I think this piece will really knock you out, folks."""
2271,2302,7,40,176,223,1.242152466367713,0.033308205740189945,643,"Lets just say ""I AM a contender!"""
3462,2302,6,42,175,223,1.242152466367713,0.03269613778556521,643,And now for my best combination.
1777,2304,8,37,174,219,1.2420091324200913,0.03430168857854179,643,Oh. Bach?
2654,2304,12,29,178,219,1.2420091324200913,0.03666296742578918,643,"For my encore, I will play an original piece titled, ""Rush Hour Traffic"""
3870,2304,8,37,174,219,1.2420091324200913,0.03430168857854179,643,Yo Adrian... this nex numbers fur you!
4760,2307,11,23,152,186,1.2419354838709677,0.04038211240392255,643,"And now, Interlude, by Rocky Maninoff."
1628,2307,9,27,150,186,1.2419354838709677,0.038916188465308824,643,"And for the tenth,and final,round,I shall play Chopsticks."
1973,2309,12,28,175,215,1.241860465116279,0.03712770884461202,643,This composition is called 'The Thrilla in Manila.'
4006,2309,11,30,174,215,1.241860465116279,0.036537623799616004,643,"It's the only way I can make it through John Cage's 4'33"" without playing a wrong note."
4288,2309,11,30,174,215,1.241860465116279,0.036537623799616004,643,I have chosen to play The Marquess of Queensberry's First Piano Sonata in A Minor.
3142,2312,5,41,165,211,1.2417061611374407,0.033143099384807105,643,"I call it ""Flight of the Pugilist""."
3730,2312,9,33,169,211,1.2417061611374407,0.03576326591548001,643,I thought you said you wanted me to knock out a tune?...
4901,2312,9,33,169,211,1.2417061611374407,0.03576326591548001,643,"And now, Variations on Theme From Rocky."
5247,2312,10,31,170,211,1.2417061611374407,0.036388840692839715,643,"And now for your listening displeasure, I will pound the ivories."
2227,2316,7,36,164,207,1.2415458937198067,0.03489473248620412,643,I will now knock out the theme from Rocky
5650,2317,12,25,166,203,1.2413793103448276,0.038623720451586484,643,"Now, I will wear my Bach-sing gloves."
5140,2318,6,43,179,228,1.2412280701754386,0.032220924282145826,643,This next piece floats like a butterfly and stings like a bee.
4052,2318,8,39,181,228,1.2412280701754386,0.0333987078630642,643,"I'll now play a little-known Wagner piece, ""The Boxing Ring."""
3998,2318,7,41,180,228,1.2412280701754386,0.03281510055232256,643,I have a really great hook for this song.
1568,2318,7,41,180,228,1.2412280701754386,0.03281510055232256,643,And now something a little more modern: 'The Boxer' by Paul Simon.
1787,2322,5,38,156,199,1.2412060301507537,0.03432442790146693,643,"And now, for your listening pleasure, I'd like to knock out this little number."
3471,2322,9,30,160,199,1.2412060301507537,0.0371645224599722,643,It helps me keep a beat.
4811,2322,10,28,161,199,1.2412060301507537,0.037841254926422194,643,"For my first trick, I will be playing Chopsticks."
5329,2322,6,36,157,199,1.2412060301507537,0.03505602937429873,643,Now here's the main theme from Rocky.
5664,2322,9,30,160,199,1.2412060301507537,0.0371645224599722,643,"And now, Nikolai Rimsky-Korsakov’s little known composition, “Float Like A Butterfly, Sting Like The Flight of The Bumblebee”."
1013,2327,9,36,179,224,1.2410714285714286,0.034362427191472464,643,"Quite frankly, I’ve had quite enough of tinkling the keys"
1324,2327,11,32,181,224,1.2410714285714286,0.03550849583252004,643,"Just so you know, I’m all thumbs."
1489,2327,4,46,174,224,1.2410714285714286,0.031314281374352645,643,I've been fighting through this song for weeks.
4548,2330,9,29,157,195,1.241025641025641,0.03766646719615104,643,It's music boxing.
2985,2330,6,35,154,195,1.241025641025641,0.03549871080367708,643,"Which would you prefer: Stravinsky's Pumchin' Ella Suite, or Mozart's Eine Kleine Knockout Music?"
3679,2332,11,31,178,220,1.240909090909091,0.03593956754315851,643,I learned this next number from Joe Louis Armstrong.
350,2333,9,28,154,191,1.2408376963350785,0.038187607390179,643,Flogging the ivories
3709,2334,9,34,173,216,1.2407407407407407,0.03518178504809803,643,The real problem is my cauliflower ear.
4056,2334,8,36,172,216,1.2407407407407407,0.03456431218807174,643,"This next piece is called, ""Good Enough for Government Work."""
4379,2334,6,40,170,216,1.2407407407407407,0.0332950301510947,643,And next a rumble in the ensemble.
5537,2337,8,29,150,187,1.2406417112299466,0.03797953434264647,643,I dare anyone to say that I am all thumbs.
5358,2338,10,31,171,212,1.240566037735849,0.03623472986861278,643,For the person who keeps requesting Paul Simon’s “The Boxer”...
4512,2338,7,37,168,212,1.240566037735849,0.03433399894795533,643,"Pyotr Pavlosky, Pugilist Pianist"
3428,2338,8,35,169,212,1.240566037735849,0.034979053809233385,643,"I managed to learn to text with these, now onto playing the piano!"
3101,2338,8,35,169,212,1.240566037735849,0.034979053809233385,643,I wear them because these ivories are so ticklish.
2573,2338,10,31,171,212,1.240566037735849,0.03623472986861278,643,"And now, a preview of the theme from Rocky VIII . . ."
352,2338,8,35,169,212,1.240566037735849,0.034979053809233385,643,"I call this next number ""Fight of the Bumblebee."""
351,2338,5,41,166,212,1.240566037735849,0.033006090960550044,643,I just won the first part of the competition but this part is really going to be hard.
1834,2345,8,41,188,237,1.240506329113924,0.03255852509447316,643,And now for my rather unique rendition of Beethoven's 5th
1577,2346,6,32,145,183,1.2404371584699454,0.03692886700968418,643,"I call this piece,""Boxer's Rebellion."
3357,2346,7,30,146,183,1.2404371584699454,0.037733148013332385,643,"My sonatas are impetuous, my concertos are impregnable, and my etudes are just ferocious."
3586,2346,6,32,145,183,1.2404371584699454,0.03692886700968418,643,"And now, Shostakovich’s Piano Concerto No.2, as if played by your two year old niece."
3861,2349,9,32,167,208,1.2403846153846154,0.036058079398392937,643,1-2-3-Hit It!
3549,2350,12,32,189,233,1.240343347639485,0.0350850392230978,643,Tonight I'll be knocking out the tunes for you.
4104,2351,6,37,161,204,1.2401960784313726,0.034478911363533794,643,Fuego means fight doesn't it?
2785,2351,12,25,167,204,1.2401960784313726,0.03845213140595137,643,And for my next knockout performance...
1076,2351,6,37,161,204,1.2401960784313726,0.034478911363533794,643,"...and now, I will punch it up a bit with the Anvil Chorus."
1976,2351,9,31,164,204,1.2401960784313726,0.036519595688308024,643,And now I’d like to play a medley of my greatest hits.
2713,2355,9,37,183,229,1.240174672489083,0.03384001441711858,643,Can I skip the black keys?
503,2356,3,42,155,200,1.24,0.032670119121562535,643,My next piece really packs a punch.
3231,2356,7,34,159,200,1.24,0.03561378537227844,643,"Begging your indulgence, my New Year's resolution is to stop biting my nails."
4703,2356,10,28,162,200,1.24,0.037670883682055234,643,"I shall now float like a butterfly, sting like a bee."
5441,2356,7,40,178,225,1.24,0.03304638394837615,643,"I will now play the theme song from ""Requiem for a Heavy Weight."
1700,2360,8,37,176,221,1.239819004524887,0.0340256614149078,643,"Now a little something called ""Float like a Butterfly sting like a Bee"""
3212,2361,8,31,157,196,1.239795918367347,0.03678952533220404,643,"After 32 variations, I'll be going 12 rounds."
3759,2361,10,27,159,196,1.239795918367347,0.03818542158577371,643,He does a great scherzando but he needs a page turner
2632,2361,5,37,154,196,1.239795918367347,0.0345902197578636,643,"This piece is in ""Stallone staccato""."
785,2364,9,34,174,217,1.23963133640553,0.035036850162694456,643,This grand is fighting me all the way !!!
1148,2364,6,40,171,217,1.23963133640553,0.033159805138130424,643,Tonight I’m going to play The Fight of the Bumblebee.
2548,2364,8,36,173,217,1.23963133640553,0.03442254307594073,643,I can knock out the Minute Waltz in 45 seconds.
415,2367,6,34,152,192,1.2395833333333333,0.035791949701952985,643,"And now, U of M's fight song"
4988,2368,12,27,174,213,1.2394366197183098,0.037289205099516526,643,Whaddya mean it hasn’t been tuned?
691,2368,8,35,170,213,1.2394366197183098,0.03483276053314502,643,They laughed when I say down to play. They're not laughing now.
880,2368,6,39,168,213,1.2394366197183098,0.03353713465790173,643,"I shall now play the Concerto No. 2, Opus 18 by Rockymaninoff."
1202,2368,11,29,173,213,1.2394366197183098,0.03669051531806569,643,"And now, the theme from Rocky, with a salute to Victor Borge."
4200,2368,10,31,172,213,1.2394366197183098,0.0360818931273931,643,Now I will perform Rocky Maninoff's Conflicto #13 in Duh-Minor.
4348,2368,11,29,173,213,1.2394366197183098,0.03669051531806569,643,"This version of "" Flight of the bumble bee"" was inspired by the late Cassius Clay."
4629,2374,7,30,147,184,1.2391304347826086,0.03755025968673369,643,Rachmaninov: Piano Concerto No.2 as adapted by Rocky Marciano
5050,2374,8,28,148,184,1.2391304347826086,0.038332995366703516,643,For my next request ... The Boxer by Paul Simon
4571,2376,10,29,166,205,1.2390243902439024,0.03701170368170718,643,I will perform ‘Variations on a theme by Liston’ composed by Ali.
3851,2376,8,33,164,205,1.2390243902439024,0.03569619299195383,643,I can’t eat with chopsticks either.
3470,2376,9,31,165,205,1.2390243902439024,0.0363598982640306,643,I'd rather punch a clock.
5098,2376,7,35,163,205,1.2390243902439024,0.03501991128582385,643,I'm just not that in to melodies
2944,2376,7,35,163,205,1.2390243902439024,0.03501991128582385,643,J.S. Box  prelude and fugue in b minor.
605,2376,10,29,166,205,1.2390243902439024,0.03701170368170718,643,Glenn Gould playing the Palooka Variations.
3394,2376,11,27,167,205,1.2390243902439024,0.03765222725250576,643,Knockout in the fifth movement.
5469,2376,7,35,163,205,1.2390243902439024,0.03501991128582385,643,"Tonight I will perform ""Fight of the bumblebees"""
4504,2384,8,38,180,226,1.238938053097345,0.03350907804404231,643,"And now, Chopin's Knockout-turne in B minor."
2061,2385,8,32,161,201,1.2388059701492538,0.036151049004149165,643,My next song is about my experience with my stockbroker and his attorney.
3669,2385,9,30,162,201,1.2388059701492538,0.0368327244156808,643,Don't fight me on this one!
4519,2385,9,30,162,201,1.2388059701492538,0.0368327244156808,643,Why is this piano out of tune?
5124,2385,7,34,160,201,1.2388059701492538,0.03545627025392405,643,And now my rematch with Rachmaninov.
1923,2389,8,37,177,222,1.2387387387387387,0.03388926774123804,643,In this Christmas season I'd like to play a little Boxing Day number.
4188,2390,9,24,143,176,1.2386363636363635,0.040281990081318636,643,"I can’t play today, I am feeling a little punchy"
754,2391,9,29,159,197,1.2385786802030456,0.037323014452379316,643,"The next composition is John Cage's ""Music for Muhammad Ali""."
4997,2392,7,38,173,218,1.238532110091743,0.033659635882023815,643,...And now the theme from Raging Bull
462,2392,9,34,175,218,1.238532110091743,0.03489307894127029,643,"Beethoven's Moonlight Sonata, Round 3."
4562,2394,10,37,192,239,1.2384937238493723,0.03338698961000563,643,"And, when the burgers are done , this George Foreman grill turns into a grand piano ."""
3068,2395,5,36,152,193,1.238341968911917,0.034861970853945504,643,And now I will play Chopin’s Preludes all at once!
600,2396,9,33,172,214,1.2383177570093458,0.03531445282845531,643,The next piece is the Knockout Sonata in B-flat major.
1886,2396,7,37,170,214,1.2383177570093458,0.034049326580935915,643,This is from my latest box set.
2883,2396,10,31,173,214,1.2383177570093458,0.035930315160768875,643,My next piece is by Schoenberg.
4625,2396,10,31,173,214,1.2383177570093458,0.035930315160768875,643,Concerto for Raging Bull in E Minor
4682,2396,8,35,171,214,1.2383177570093458,0.03468765788568338,643,"Well Jim, I agree Smith is faster, but he will be conceding over 700 pounds to Steinway."
1519,2401,10,36,189,235,1.2382978723404254,0.03375492236071165,643,The melody I'm about to play will knock you out!
4129,2402,9,32,169,210,1.2380952380952381,0.03575034254902611,643,Looks like we have a music critic in the audience!
3500,2402,10,30,170,210,1.2380952380952381,0.036382076067671076,643,I’m just going to pound this one out.
5616,2402,9,27,153,189,1.2380952380952381,0.03836027359198085,643,"This is a selection from Rockmyblokoff’s Opus 3, B-flat major, better known as The Pugilist Symphony."
1997,2402,8,34,168,210,1.2380952380952381,0.035107243209224044,643,"Welcome to the premiere performance of 
the Boxing Ring Cycle."""
3247,2402,8,29,152,189,1.2380952380952381,0.03761945374034264,643,"Oh, you meant BACH's Goldberg Variations?"
1675,2402,11,33,187,231,1.2380952380952381,0.03468140655400147,643,"And now, a little thing called ""One Note Samba."""
1632,2402,11,33,187,231,1.2380952380952381,0.03468140655400147,643,I can now play five songs at once.
1543,2402,8,29,152,189,1.2380952380952381,0.03761945374034264,643,Now for a demonstration of late 20th century classical piano compositions.
730,2402,9,37,185,231,1.2380952380952381,0.033578459296923754,643,"And now I'd like to pound out a little something for you."""
5587,2411,13,28,186,227,1.2378854625550662,0.036180069208582605,643,And we will finish off the evening with Rimsky-Korsakov’s “”Fight of the Bumblebee.”
4,2412,7,35,164,206,1.2378640776699028,0.034868808010339515,643,"This one is called  ""The Fight of The Bumble Bee."""
4278,2412,7,35,164,206,1.2378640776699028,0.034868808010339515,643,And now for a piece by a exciting new young composer.
5617,2412,10,29,167,206,1.2378640776699028,0.036849869236616525,643,My playing can float like Madame Butterfly and sting like the Flight of the Bumblebee
4253,2415,11,31,181,223,1.2376681614349776,0.03550388349493555,643,"And now, ""Variation on 'Flight of the Bumble Bee'"" by Muhammad Ali"
2394,2415,8,37,178,223,1.2376681614349776,0.03375393773484045,643,This is the LAST time I do request.
1720,2415,9,35,179,223,1.2376681614349776,0.03434716081637088,643,"For my next song, I will be playing the theme from Rocky I."
6,2415,9,35,179,223,1.2376681614349776,0.03434716081637088,643,"This isn't quite what I thought they meant by ""dueling pianos""."
1817,2415,8,37,178,223,1.2376681614349776,0.03375393773484045,643,Let me bang out some notes.
3786,2420,6,36,160,202,1.2376237623762376,0.03459536178934416,643,"When we get to the Chopin, I'll take the gloves off."
1399,2420,8,32,162,202,1.2376237623762376,0.03599105960865313,643,"I'd like to play a Paul Simon tune called ""the Boxer""."
1522,2420,10,28,164,202,1.2376237623762376,0.037334617798654796,643,"The Pizzicato Polka, performed pugilistically."
1701,2420,11,26,165,202,1.2376237623762376,0.03798858175005532,643,"And now, the viral ""Piano Cat"" arranged for a human"
1852,2420,5,38,159,202,1.2376237623762376,0.033875956076937656,643,"It is a sonata for Boxing Day, in B flat."
2855,2420,8,32,162,202,1.2376237623762376,0.03599105960865313,643,I'll now play the overture from 'Rocky' in B flat on your back.
5381,2420,9,30,163,202,1.2376237623762376,0.03666899274540585,643,The glissandos are killers.
2300,2427,6,40,173,219,1.2374429223744292,0.03289253432601952,643,"Oh! Bach? Yes, I suppose that does make more sense."
1227,2427,7,38,174,219,1.2374429223744292,0.03352328518611617,643,"This one's called, ""Ode to Joe"""
1068,2429,7,33,158,198,1.2373737373737375,0.035746890595389436,643,I will now play Piano Concerto round 12.
4045,2429,10,27,161,198,1.2373737373737375,0.037837318563643106,643,Real men don't tickle the ivories.
4134,2429,6,35,157,198,1.2373737373737375,0.03502236463018241,643,"Wait, so you meant Simon and Garfunkel's The Boxer?"
4165,2429,8,31,159,198,1.2373737373737375,0.03645702058846871,643,"Say again, Bach or box?"
325,2433,9,38,189,236,1.2372881355932204,0.03308619707965858,643,"Yes, I can do ""Eye of the Tiger"""
96,2434,6,39,170,215,1.2372093023255815,0.03326156623397667,643,I was advised to attack Schumann’s Toccata in C Major Op. 7!
269,2434,6,39,170,215,1.2372093023255815,0.03326156623397667,643,This is my warm-up number.
4770,2434,9,33,173,215,1.2372093023255815,0.03516728908689528,643,And now a tribute to Sylvester Stallone.
4098,2437,6,43,183,232,1.2370689655172413,0.031731517716771566,643,And now for the main event...
3774,2438,7,36,168,211,1.2369668246445498,0.034307035205410154,643,I'll punch out one more before the break.
4097,2439,10,34,184,228,1.236842105263158,0.03439004188691319,643,This next piece is for AAAAADRIANNNNN.
3305,2439,9,36,183,228,1.236842105263158,0.03382354384626747,643,Refunds will be available in the lobby.
1814,2439,9,36,183,228,1.236842105263158,0.03382354384626747,643,"Sorry, I only take requests from the box seats."
4334,2439,12,21,157,190,1.236842105263158,0.04030726639699989,643,Who says I'm not playing it myself?
1346,2439,6,42,180,228,1.236842105263158,0.03206405355426197,643,Just sayin' The Boxer would have peaked higher than seven on Billboard's Hot 100 if Simon and Garfunkel had thought of this.
1071,2439,7,31,152,190,1.236842105263158,0.036690622258476725,643,"Float like Madama Butterfly, 
Sting like an in-flight bumblebee, 
I Am The Greatest,
Since Tchaikovsky"
1414,2439,8,29,153,190,1.236842105263158,0.037441909062588215,643,"Da ,da, da, daaa!"
3293,2446,9,31,167,207,1.2367149758454106,0.03604457312040567,643,"And now, Rocky-maninoff!"
3456,2446,7,35,165,207,1.2367149758454106,0.03471897205940107,643,And now for the ever-popular theme from Chitty Chitty Bang Bang ...
692,2446,10,29,168,207,1.2367149758454106,0.0366894176393912,643,and now for some duke ellington!
4766,2446,6,37,164,207,1.2367149758454106,0.03403681691310268,643,It’s a bit gimmicky but I have to pay the rent.
2490,2450,8,37,179,224,1.2366071428571428,0.03361965940949264,643,I'm gonna play the Rocky theme.
277,2451,2,40,144,186,1.2365591397849462,0.03305231639371858,643,At least wait for the hook.
1440,2451,4,36,146,186,1.2365591397849462,0.03476637594754561,643,"I will now play the theme song from ""Rocky"" ."
2804,2451,5,34,147,186,1.2365591397849462,0.03559246458583443,643,I will now punch out this little tune..
826,2454,5,38,160,203,1.2364532019704433,0.03372898458227784,643,My next selection has a familiar ring to it.
2152,2454,6,36,161,203,1.2364532019704433,0.03444441538468848,643,"You see, the score calls for fortississississimo."
5628,2454,7,34,162,203,1.2364532019704433,0.03514528562175007,643,Now I will play something a little softer.
3889,2457,12,28,180,220,1.2363636363636363,0.03636363636363636,643,And now my original theme for Rocky.
5236,2457,10,32,178,220,1.2363636363636363,0.03520358005596244,643,This next piece needs a little punching up.
4486,2459,7,29,146,182,1.2362637362637363,0.03770826221534447,643,"Before I begin, if you are wondering why the boxing gloves, you will find out first if you take a call before this concert ends."
5584,2460,7,33,159,199,1.236180904522613,0.0355868012400994,643,Apologies to those who thought they were going to hear Bach.
5364,2460,9,29,161,199,1.236180904522613,0.0369856473778644,643,"Concerto in Gloves hits all the right notes and most of the wrong ones, too."
974,2460,8,31,160,199,1.236180904522613,0.03629296443156765,643,Otherwise I’d just be tickling the ivories
1716,2460,6,35,158,199,1.236180904522613,0.03486633874919542,643,Okay.  Let's do this one in the keys of ABC and D.
3216,2460,6,35,158,199,1.236180904522613,0.03486633874919542,643,And now a piece from my hit record.
4068,2465,8,35,173,216,1.2361111111111112,0.034400968644762914,643,"And now, as requested, the theme from Rocky..."
568,2465,6,39,171,216,1.2361111111111112,0.03312542829045056,643,I've been fighting the urge to play this tune all night long.
1182,2465,10,31,175,216,1.2361111111111112,0.0356308754870006,643,"First, Sting like a Bee followed by Float like a Butterfly"
2320,2465,6,39,171,216,1.2361111111111112,0.03312542829045056,643,A rendition of Balboa’s 5th
5135,2465,9,33,174,216,1.2361111111111112,0.035021321588912815,643,It was The Boxer Rebellion in C Sharp Minor.
3341,2470,8,26,144,178,1.2359550561797752,0.039068815724360335,643,Did you say forte or fortissimo?
267,2471,9,28,158,195,1.235897435897436,0.037482472050839655,643,"My next number will be ""Fight of the Bumble Bee""."
2257,2471,4,38,153,195,1.235897435897436,0.03377269963322355,643,"And now I will close with the Boxer's Lullaby."""
4282,2471,8,30,157,195,1.235897435897436,0.03677047207932974,643,"This piece is titled, ""Eye of the Tiger in B, C, D, G, and F."""
5142,2471,8,30,157,195,1.235897435897436,0.03677047207932974,643,"And now, the Lumbering Death Throes of the Bumble Bee"
5449,2471,4,38,153,195,1.235897435897436,0.03377269963322355,643,How about a punchy tune?
2325,2476,8,34,170,212,1.2358490566037736,0.03481133832396631,643,"And now, as counterpoint to Beethoven's ""Moonlight"",  here's a sonata with some punch."
4663,2476,7,36,169,212,1.2358490566037736,0.034163116870019314,643,Give me a Ten Count!
3888,2478,7,27,140,174,1.235632183908046,0.03880955635321799,643,This is the only way to fight through Bach!
3442,2479,10,25,156,191,1.2356020942408377,0.03871663516500273,643,"And now the classic ""88 keys in .8 seconds""."
2603,2479,7,31,153,191,1.2356020942408377,0.036519077692678655,643,"This piece is called 'Float Like a Butterfly, Flight of the Bumblebee'"
1438,2479,6,33,152,191,1.2356020942408377,0.035756557923434,643,"It may sound a little rough, but I'd like to play something new for you tonight."
1006,2479,7,31,153,191,1.2356020942408377,0.036519077692678655,643,"Before I start, are there any complaints about the program?"
882,2479,9,27,155,191,1.2356020942408377,0.03799823992644814,643,My first number will be the theme from 'Rocky'.
1432,2479,7,31,153,191,1.2356020942408377,0.036519077692678655,643,"And In This Corner...""The Well Tempered Clavier"" by J.S. Bach"
581,2485,9,31,168,208,1.2355769230769231,0.03588891193191814,643,And now for Flight of the Bumblebee.
1150,2485,11,27,170,208,1.2355769230769231,0.03716068172776552,643,This song's going to be a knock out!
4432,2485,7,35,166,208,1.2355769230769231,0.0345703880921471,643,I’d think twice about criticizing my playing”
5195,2488,13,27,185,225,1.2355555555555555,0.036328406053937376,643,"And for my next selection, I would like to play Flight of the Float Like a Butterfly, Sting Like a Bumblebee."
2267,2489,5,38,161,204,1.2352941176470589,0.03358324732571785,643,"Tonight, it's just me versus Mozart."
3162,2489,4,40,160,204,1.2352941176470589,0.032856343691885635,643,My next selection is Beethoven's Moonlight Sonata in three rounds.
1985,2489,6,36,162,204,1.2352941176470589,0.03429474713540482,643,I hope you enjoy tonight's concert. It is a real knockout
4851,2489,8,36,177,221,1.2352941176470589,0.03386664931576892,643,A few more sonatas and I will have Beethoven on the ropes.
3791,2489,10,32,179,221,1.2352941176470589,0.03506024253172296,643,Without these I’m all thumbs!
1933,2489,9,30,165,204,1.2352941176470589,0.03634577308992647,643,"And now, my introduction to contemporary music, 101"
3976,2489,9,34,178,221,1.2352941176470589,0.034468612840238486,643,This will sound a little more like a concerto grosso.
763,2489,5,34,148,187,1.2352941176470589,0.03542421349144178,643,Contrapunto on a Divorce
281,2489,6,36,162,204,1.2352941176470589,0.03429474713540482,643,"Oops. Wrong venue, wrong night."
282,2489,7,34,163,204,1.2352941176470589,0.03499178276713519,643,Next I will punch out an original tune
1758,2489,9,30,165,204,1.2352941176470589,0.03634577308992647,643,Now for Mozart's Piano Sonata in Sting Like a Bee-Major.
687,2489,9,30,165,204,1.2352941176470589,0.03634577308992647,643,When Liberace met John Cage.
465,2489,7,30,150,187,1.2352941176470589,0.03701184829243827,643,And now the Symphonic Dances by Rockymaninoff
1704,2502,8,39,187,234,1.235042735042735,0.032636225963806866,643,"And now, my new arrangement of “Baby It’s Cold Outside “"
2121,2502,11,33,190,234,1.235042735042735,0.03428076086536603,643,Good evening. Let us prepare ourselves to rumble.
5259,2502,8,39,187,234,1.235042735042735,0.032636225963806866,643,"For my encore, a little piece from the Pugilistic period."
174,2505,7,37,173,217,1.2350230414746544,0.03363084869159863,643,I think you'll all recognize this next little number
3211,2506,7,33,160,200,1.235,0.035428106832977174,643,Are you ready to ruuuuumble?!!!!!
3157,2506,5,37,158,200,1.235,0.03398011537952792,643,When do I take the fall? After the first glissando?
5200,2506,7,33,160,200,1.235,0.035428106832977174,643,"No,I said I was going to play the “flight” of the bumblebee !"
859,2506,7,33,160,200,1.235,0.035428106832977174,643,pianissimo
264,2506,9,29,162,200,1.235,0.03681919698108119,643,They said this piece was a sure knock-out
1050,2506,9,29,162,200,1.235,0.03681919698108119,643,"I call this “Float like a butterfly, flight of the bumblebee.”"
2290,2512,7,40,183,230,1.2347826086956522,0.03240904643284124,643,And now in honor of Boxing Day...
3848,2512,14,26,190,230,1.2347826086956522,0.03627881271946557,643,"Next my own composition,""Mitten on the Keys""."
783,2514,10,30,173,213,1.2347417840375587,0.03592016780433699,643,"And now, AADRIAANNN!..in C minor."
2965,2514,6,38,169,213,1.2347417840375587,0.033363076064675805,643,"And now something with a bit more punch, Rocky's theme."
3160,2514,6,38,169,213,1.2347417840375587,0.033363076064675805,643,„And now something little more progressive!“
1147,2517,7,32,157,196,1.2346938775510203,0.03588023045545709,643,This evening I will be performing The Hagler-Hearns Concerto No. 2 in Three Rounds.
1659,2517,8,30,158,196,1.2346938775510203,0.0366021797341894,643,"For my first piece, chopsticks."
2025,2517,9,28,159,196,1.2346938775510203,0.03731016195423307,643,And now my rendition of the ham-fisted symphony as inspired by Donald Trump
2376,2520,9,35,182,226,1.2345132743362832,0.033938690879975746,643,"Don't feel sorry for me.
Feel sorry for Bruiser; he's boxing with white cotton gloves."
4620,2521,8,33,168,209,1.2344497607655502,0.03508493090714984,643,"My next piece will be ""Float Like a Butterfly, Sting Like a Bee,"""
5345,2521,9,31,169,209,1.2344497607655502,0.03573456312470423,643,"Vote for me to ""Make Music Great Again""."
2923,2521,9,31,169,209,1.2344497607655502,0.03573456312470423,643,Who tuned this damn thing anyway?
1060,2521,10,29,170,209,1.2344497607655502,0.036372594445096496,643,I hate encores.
2406,2521,6,37,166,209,1.2344497607655502,0.03374817220015761,643,I'm putting a new spin on a John Cage classic
2895,2521,7,35,167,209,1.2344497607655502,0.03442304100171111,643,"...and finally, by Johann Sebastian Box..."
2250,2527,7,31,154,192,1.234375,0.036349094635856095,643,And now for a short Roundo by Vladimir Fisticuffski.
5695,2527,10,25,157,192,1.234375,0.03853400117158155,643,"And now, an evening of glissandos."
2427,2529,13,26,183,222,1.2342342342342343,0.036627368724170585,643,"Chopsticks, please...."
4940,2530,7,34,164,205,1.2341463414634146,0.034839584426166026,643,"Next up, the Theme from Rocky."
5598,2530,7,34,164,205,1.2341463414634146,0.034839584426166026,643,I MUST BE DREAMING
1026,2530,6,36,163,205,1.2341463414634146,0.03414634146341463,643,"I now know what they mean when They say; 
 my written answers to Mueller’s questions were akin to that of a child playing the piano wearing boxing gloves."
4686,2530,8,32,165,205,1.2341463414634146,0.03551929969241781,643,Adrian. Adrian. Adrian.
1966,2534,8,28,152,188,1.2340425531914894,0.037599992850851346,643,You ain't heard nothin yet
1023,2535,9,33,176,218,1.2339449541284404,0.03473291907928774,643,My playing's been a bit Rocky of late...
1490,2535,8,35,175,218,1.2339449541284404,0.03411887648535195,643,The optional ear plugs are under your seat.
3575,2535,13,25,180,218,1.2339449541284404,0.037087564066017334,643,"''No, there isn't intermission.''"
2868,2538,7,33,161,201,1.2338308457711442,0.03527078980052956,643,"Now, for something softer."
3387,2538,10,27,164,201,1.2338308457711442,0.037326697476423275,643,"For my encore, I shall attempt to destroy all the BLACK keys!"
1932,2540,6,31,147,184,1.233695652173913,0.0365372319750742,643,"This next piece is called ""Two gloves on eighty-eight keys""."
5544,2541,10,30,174,214,1.233644859813084,0.03576874624041867,643,Turns out I’m my own worst enemy.
5332,2541,8,34,172,214,1.233644859813084,0.03452027331371376,643,Now I'd like to punch out a little number for you.
1213,2541,4,42,168,214,1.233644859813084,0.03187697278189331,643,"Now one by one of my favorite composers, Sonny Liston."
1456,2541,8,34,172,214,1.233644859813084,0.03452027331371376,643,This next song was written by Paul Simon.
1027,2541,6,38,170,214,1.233644859813084,0.033224920341447514,643,Degree of difficulty 9.7
1511,2546,10,26,161,197,1.233502538071066,0.03783031026329947,643,Let me just punch this number out.
1642,2546,8,30,159,197,1.233502538071066,0.03643538990089389,643,"Yo, Tchaikovsky!"
2405,2548,10,33,184,227,1.2334801762114538,0.03437642421184587,643,"My next piece is called ""Requiem for a Boxer."""
3624,2549,8,26,146,180,1.2333333333333334,0.03867770984665455,643,"In my next lesson video I will demonstrate more secrets of my patented technique for avoiding repetitive injury, carpal tunnel syndrome, and tendonitis."
4500,2549,7,35,168,210,1.2333333333333334,0.03427691591115876,643,"Now, the Beethoven Piano Sonata #8 ‘Pathetique’ as interpreted by Muhammad Ali."
5157,2549,6,37,167,210,1.2333333333333334,0.0336056319351318,643,"Good evening, Palookaville.  Before I begin the Mussorgsky, it is imperative you understand that I coulda been a contender."
5435,2549,8,33,169,210,1.2333333333333334,0.03493530350521871,643,This next piece requires a soft touch
5508,2549,7,35,168,210,1.2333333333333334,0.03427691591115876,643,"Believe me, it helps with the fortissimo, but not with the piano."
5131,2554,10,32,181,223,1.2331838565022422,0.03477697567419656,643,"To begin,I'd like to punch out a concerto by Bach."
1271,2554,10,32,181,223,1.2331838565022422,0.03477697567419656,643,I am qualified to be the president's greatest Chief of Staff ever! I can do anything.. . . anything.
2461,2556,6,33,154,193,1.233160621761658,0.03542692831911229,643,"Float like a butterfly, play like a ham."
5429,2556,9,27,157,193,1.233160621761658,0.03764285255627044,643,I will now perform Box Prelude in C Major
852,2558,8,32,166,206,1.233009708737864,0.03536472593434899,643,I have sensitive hands
1954,2558,8,32,166,206,1.233009708737864,0.03536472593434899,643,I will now be playing the theme to ‘Rocky’.
2231,2558,6,36,164,206,1.233009708737864,0.03399918302865138,643,This next piece is called “STELLA!!!!!!!” in D minor.
3319,2558,7,34,165,206,1.233009708737864,0.03468867457130174,643,They work better on the kettle drums
3827,2558,9,30,167,206,1.233009708737864,0.03602809372294842,643,And now my signature THREE SECOND WALTZ.
4380,2563,10,31,178,219,1.2328767123287672,0.03519078734848384,643,"I must apologize for the typo in the program. My name is Bang Bang, not Lang Lang."
1879,2563,7,37,175,219,1.2328767123287672,0.033357398105402336,643,At this point I can only play the Rocky theme.
377,2563,11,29,179,219,1.2328767123287672,0.03578104735034337,643,"For my next number, the theme from ""Rocky II."""
3502,2563,6,39,174,219,1.2328767123287672,0.032723449895770404,643,"My next piece is an original composition entitled ""Elephant on the Keys"""
304,2567,12,20,157,189,1.2328042328042328,0.04031726235117629,643,Lie-la-lie... lie-la-lie-lie-lie-lie-lie...
715,2567,7,30,152,189,1.2328042328042328,0.03666122190877384,643,Please join me for punch after the concert.
970,2567,7,30,152,189,1.2328042328042328,0.03666122190877384,643,This last movement is quite the knock-out.
1714,2567,10,24,155,189,1.2328042328042328,0.03889610601119204,643,I'm taking a dive in the 9th symphony.
2433,2567,9,26,154,189,1.2328042328042328,0.038165688419102915,643,"It's my newest composition.  I call it ""Float Like a Butterfly""."
4605,2567,7,30,152,189,1.2328042328042328,0.03666122190877384,643,This is Chopin’s Knockout in E minor.
5279,2567,10,24,155,189,1.2328042328042328,0.03889610601119204,643,This one's simple but it has a good hook.
649,2574,7,33,162,202,1.2326732673267327,0.035114832849187705,643,I can easily cover 2 octaves this way.
920,2574,7,33,162,202,1.2326732673267327,0.035114832849187705,643,This next piece is a bit John-Cage-meets-Muhammad-Ali.
922,2574,8,31,163,202,1.2326732673267327,0.035809358319235436,643,"And now, for my Jerry Lee Lewis segment."
2958,2574,9,29,164,202,1.2326732673267327,0.03649066730609898,643,"I call it the “Butterfly Sonata”, in the key of Sting-Like-a-B."
4275,2574,7,33,162,202,1.2326732673267327,0.035114832849187705,643,I've had a difficult time choosing a profession.
1536,2579,6,38,171,215,1.2325581395348837,0.03308787540588501,643,Did someone move my spit bucket?
2263,2579,6,38,171,215,1.2325581395348837,0.03308787540588501,643,This next piece is a bit more raucous.
3687,2581,12,29,187,228,1.2324561403508771,0.03535119218364821,643,"My next number is a real knockout, in three rounds."
425,2582,1,41,143,185,1.2324324324324325,0.032068066839959296,643,Ladies and Gentlemen... Let's get ready to treble.
3364,2583,12,32,197,241,1.2323651452282158,0.0340316425521865,643,I will now play Boxmaninoff
5625,2584,8,30,160,198,1.2323232323232323,0.03627008310155769,643,"Oh no, they are expecting me to take a bow now and I'm only wearing boxer shorts."
5495,2584,10,26,162,198,1.2323232323232323,0.03765723375518282,643,My next number will be 'Kitten On the Keys.'
1545,2584,7,32,159,198,1.2323232323232323,0.03555621978282577,643,"And now for ""Float like a butterfly, sting like the flight of the bumble bee."""
4564,2587,9,31,171,211,1.2322274881516588,0.03542973856942027,643,"If you please, let us now prepare ourselves to Rumble."
1611,2587,5,39,167,211,1.2322274881516588,0.03278292578442829,643,And I thought tying my bow tie was hard!
3472,2587,11,27,173,211,1.2322274881516588,0.03668159553717004,643,I tried facing the music but got hit with a one two.
2030,2590,13,29,195,237,1.2320675105485233,0.03492830565301509,643,Get ready for something punchy.
2457,2590,11,33,193,237,1.2320675105485233,0.03388910037488827,643,"......and in this corner weighing in at 158 pounds in the dark tuxedo, fromVienna, Austria ....."
913,2592,8,26,147,181,1.2320441988950277,0.03848502441133876,643,Fortissimo!
547,2593,8,29,157,194,1.231958762886598,0.036747854049702586,643,Below the belt? I'm not even using the pedals.
385,2594,9,30,168,207,1.2318840579710144,0.035871288473414406,643,Adrian!
1870,2594,6,36,165,207,1.2318840579710144,0.03385325672496983,643,"And now, the Mohammad Ali Sonata in G minor."
4223,2596,11,29,180,220,1.231818181818182,0.0356337606321387,643,I float like Chopin and sting like Mozart
3621,2596,9,33,178,220,1.231818181818182,0.03444913490870762,643,"And now, one of my own compositions!"
3184,2596,3,45,172,220,1.231818181818182,0.03062151030677093,643,"And now, to reprise Victor Borge's Musical Punctuation..."
2637,2596,7,37,176,220,1.231818181818182,0.033222295151420805,643,I want to get the hell  home so I'm just going to knock this piece out quickly.
3201,2596,11,29,180,220,1.231818181818182,0.0356337606321387,643,"Trump being an ineffective president produces a most disharmonious effect, the same as playing a piano with boxing gloves on."
2659,2601,8,38,187,233,1.2317596566523605,0.032610333015576434,643,"I call this one ""Sting like a Bee""."
4215,2601,11,32,190,233,1.2317596566523605,0.034269955114219874,643,My dermatologist says I need to stop scratching my eczema.
2837,2603,8,25,144,177,1.231638418079096,0.03904961453474187,643,And for my final work I give you Box Toccata and Fugue.
2412,2603,5,31,141,177,1.231638418079096,0.03650025190527588,643,This song promises to be a knock out!
79,2605,6,32,152,190,1.231578947368421,0.035716997068370615,643,"While I can't put my finger on it, my performances have somehow been a little Rocky lately."
443,2605,4,36,150,190,1.231578947368421,0.03412204997517294,643,And now the concerto from 'Raging Bull'
30,2605,6,32,152,190,1.231578947368421,0.035716997068370615,643,And now for a little chin music.
187,2608,11,25,167,203,1.2315270935960592,0.037647181975684015,643,And now I shall play a medley of pet-performed pieces from the Internet.
1380,2608,3,41,159,203,1.2315270935960592,0.032048767663965534,643,"And now, the very challenging LaMotta Sonata in F minor"
4476,2608,5,37,161,203,1.2315270935960592,0.03353610307208783,643,"For my encore, I will play the 1812 Overture"
231,2611,10,30,176,216,1.2314814814814814,0.035469633117818075,643,For round 1 I will be performing Fight of the Bumble Bee
4717,2611,8,34,174,216,1.2314814814814814,0.03423393388496913,643,And now for my Post-Modern interpretation of Philip Glass
370,2613,7,29,150,186,1.2311827956989247,0.036981085587390744,643,"And finally, Marciano’s Scherzo per Due Pugni"
811,2613,13,17,156,186,1.2311827956989247,0.04142869203618091,643,John Cage is a dead man.
1081,2615,5,36,158,199,1.2311557788944723,0.03393205042073643,643,Maestro - sote voce please.
343,2616,9,31,172,212,1.2311320754716981,0.03527923140351497,643,Tickling time's over.
1135,2616,8,33,171,212,1.2311320754716981,0.034639766840897035,643,"And now, Sonata No. 6, by Rockymaninoff"
4440,2616,6,37,169,212,1.2311320754716981,0.033324045425632456,643,Hitting the right notes.
2335,2619,8,39,191,238,1.23109243697479,0.032146527219184616,643,And now for Box' Concerto in D minor.
3244,2620,8,35,178,221,1.2307692307692308,0.033704125923896856,643,"Bring it on, Chopin. I'm ready."
3803,2620,5,41,175,221,1.2307692307692308,0.03182078092277041,643,"And now, from Rocky IV..."
3961,2620,4,43,174,221,1.2307692307692308,0.031167719892253375,643,It was in tune when I bought it.
4467,2620,4,37,154,195,1.2307692307692308,0.03356332942495252,643,"As a composer, I have become fascinated with tone clusters."
2751,2620,8,35,178,221,1.2307692307692308,0.033704125923896856,643,In this composition I am honoring the heavy-handed approach of two masters - Wilhelm Richard Wagner and Mohammed Ali.
4012,2620,7,34,167,208,1.2307692307692308,0.03439065744996837,643,I’m trying to beat out a tune.
2653,2620,8,32,168,208,1.2307692307692308,0.03505949875923386,643,"The following composition, titled 'Mother-in-law,' has a very striking, punchy tone."
3555,2620,7,31,157,195,1.2307692307692308,0.03584831048185543,643,Tonight's performance will be included as part of my holiday box set.
1799,2620,11,29,181,221,1.2307692307692308,0.03548766137762311,643,"Now for your enjoyment, ""Take that, Steinway!"""
379,2620,9,30,169,208,1.2307692307692308,0.0357158170375028,643,My repertory is limited...I can only play rounds
536,2620,7,34,167,208,1.2307692307692308,0.03439065744996837,643,"I started wearing them to stop sucking my thumb. Turned out I'm pretty darn good."""
1446,2620,8,32,168,208,1.2307692307692308,0.03505949875923386,643,And now for a lights out encore!
1914,2620,10,28,170,208,1.2307692307692308,0.0363602904287635,643,I’ve been informed that this is a piano. Thank you.
1703,2620,8,29,158,195,1.2307692307692308,0.03657826483731444,643,"And now, Tyson's Sonata in B Minor."
1548,2620,11,29,181,221,1.2307692307692308,0.03548766137762311,643,Progressing from the precision of atonal construction....
721,2635,8,34,175,217,1.2304147465437787,0.03409250148445227,643,"Float like a butterfly, play in the key of B.”"
3788,2635,9,32,176,217,1.2304147465437787,0.034712649783263265,643,"Next, I would like to play my rendition of ""Slaughter on Tenth Avenue""."
5053,2635,11,28,178,217,1.2304147465437787,0.03592084144325828,643,Chopsticks -- that's it.  You were expecting maybe Mozart?
4824,2638,9,29,166,204,1.2303921568627452,0.03616784252194536,643,You cannot force an individual to succeed in something when their heart is desiring another.
3369,2638,9,29,166,204,1.2303921568627452,0.03616784252194536,643,And now my latest rendition of  “Baby it’s cold outside.”
696,2638,7,33,164,204,1.2303921568627452,0.034806931384570444,643,"I'm pounding the keyboard, like you asked."
356,2638,5,37,162,204,1.2303921568627452,0.03339059915796887,643,"So many times, it happens too fast. You trade your passion for glory."
960,2642,9,26,156,191,1.2303664921465969,0.037804107903980616,643,"Man vs. Piano: ""Modernism?  I'll show you Modernism!"""
2100,2642,7,30,154,191,1.2303664921465969,0.03631703969807826,643,"And now my rendering of a little ditty I wrote, ‘Thrilla in Manila’."
2689,2642,8,28,155,191,1.2303664921465969,0.03706803169071431,643,"For this next piece, use of your mobile phones is encouraged."
2841,2642,9,26,156,191,1.2303664921465969,0.037804107903980616,643,Good evening.  I'm Rocky Marcipiano.
435,2646,7,38,181,226,1.2300884955752212,0.03259820597885854,643,"This one is called ""Saved by the Bell"""
1550,2646,9,34,183,226,1.2300884955752212,0.033783217232378544,643,This is it. Time to take the kid-gloves off.
4655,2646,9,34,183,226,1.2300884955752212,0.033783217232378544,643,"And now for my ""Boxer Rebelion Overture #1"
3494,2649,9,31,173,213,1.2300469483568075,0.035129973774088635,643,Not to worry there is only one large ebony and one large ivory key
4400,2649,6,37,170,213,1.2300469483568075,0.033184971740569065,643,"For my next selection, Eye of the Tiger."""
3265,2649,3,43,167,213,1.2300469483568075,0.031118638168733854,643,Now for something a bit more heavyweight
1832,2649,9,31,173,213,1.2300469483568075,0.035129973774088635,643,"Manilla Thrilla"" in B flat"
2741,2649,8,33,172,213,1.2300469483568075,0.03449382777714818,643,I'm going to punch up this next number a bit.
2612,2654,9,28,163,200,1.23,0.03663619870123513,643,"And for our finale, the Theme from Rocky in D minor"
1418,2655,5,33,149,187,1.2299465240641712,0.03520653775765141,643,"I'll be playing ""Mitten on the Keys"""
4351,2655,6,31,150,187,1.2299465240641712,0.0360139043585744,643,FOR HIT SONGS ONLY
5082,2655,4,35,148,187,1.2299465240641712,0.034380216616730686,643,And now Wagner's Der Ring des Nibelungen.
236,2658,7,26,141,174,1.2298850574712643,0.038580123662788735,643,"eat your heart out, Jerry Lee Lewis"
2044,2659,10,37,201,248,1.2298387096774193,0.03229783202395502,643,And now an obscure piece by Rocky Mannicoff...
5201,2660,8,38,189,235,1.2297872340425533,0.03236214467715558,643,Would you mind holding your coughing until after the first round?
4736,2661,7,37,178,222,1.2297297297297298,0.032955272312217204,643,I’d like to dedicate this next number to the inspirational Muhammad Ali.
3855,2661,13,25,184,222,1.2297297297297298,0.03647791733439545,643,Tonight I will be playing Box' concerto. I may B Flat
2138,2661,8,35,179,222,1.2297297297297298,0.03356806100774201,643,"…and now, I’d like to perform Sugar Ray’s Piano Concerto No. 2 in F Minor."
2053,2661,9,33,180,222,1.2297297297297298,0.03416986196147988,643,"For my encore, Chopin’s lesser-known ‘Mitten Waltz’..."
1176,2661,11,29,182,222,1.2297297297297298,0.035342735600980134,643,Piano buffo?
1955,2661,9,33,180,222,1.2297297297297298,0.03416986196147988,643,This fugue is a knockout.
191,2667,9,30,170,209,1.229665071770335,0.035561662893550235,643,This one was my first big HIT!
962,2667,8,32,169,209,1.229665071770335,0.03490881325396947,643,"How thoughtful, she gave me mittens to play  ""Baby it's Cold Outside."""
4324,2667,7,34,168,209,1.229665071770335,0.03424351935544185,643,How about a little Duke Ellington?
4435,2667,11,26,172,209,1.229665071770335,0.036832663732921815,643,I've never been much of a tickler.
4631,2667,5,38,166,209,1.229665071770335,0.03287256253988323,643,"Next I will play a piece from LL Cool J: ""Mama Said Knock You Out"" in F#m"
4649,2667,9,30,170,209,1.229665071770335,0.035561662893550235,643,Are you ready to crescendo?
5018,2667,9,30,170,209,1.229665071770335,0.035561662893550235,643,I will now improvise in the French manner.
1901,2674,12,21,163,196,1.2295918367346939,0.039179298879298975,643,"And now, ""Fight of the Bumble, Sing Like a Bee""."
4117,2674,7,31,158,196,1.2295918367346939,0.035684371115201986,643,Who forgot to tune this piano?
1763,2674,7,31,158,196,1.2295918367346939,0.035684371115201986,643,This is an atonal rendition
631,2674,8,29,159,196,1.2295918367346939,0.03641020414176028,643,"And now, the theme from the Boxer Rebellion"
1179,2678,8,26,149,183,1.2295081967213115,0.038105253188950666,643,"Yes, of course I play by ear"
3012,2678,9,24,150,183,1.2295081967213115,0.03888521005435285,643,"Float like a butterfly, pound on the keys."
1301,2680,8,37,186,231,1.2294372294372293,0.03270818648020354,643,"And now, The Ring Cycle for Dummies, in twelve rounds."
1319,2681,9,32,177,218,1.2293577981651376,0.03456921234353857,643,I went to a prizefight and a sonata broke out.
5179,2682,8,31,166,205,1.2292682926829268,0.03533822037565795,643,You say the Rach 3 is difficult? I’ll show you difficult.
3490,2682,6,35,164,205,1.2292682926829268,0.03395794169284829,643,"And now for something pugilistic, in A minor."
4924,2682,7,33,165,205,1.2292682926829268,0.03465495363821348,643,"For my last number, Floats Like a Butterfly, Stings Like a Bee"
697,2682,8,31,166,205,1.2292682926829268,0.03533822037565795,643,I hope you enjoy this punchy little number.
408,2682,9,29,167,205,1.2292682926829268,0.0360085243653556,643,This part of the song requires you to punch things up.
1891,2682,8,31,166,205,1.2292682926829268,0.03533822037565795,643,But I have bone spurs in my hands!
362,2688,8,28,156,192,1.2291666666666667,0.03689397848745682,643,"And now, Duke's Waltz, in D minor, A flat, and C."
1409,2688,8,28,156,192,1.2291666666666667,0.03689397848745682,643,I'd like to thank the Mike Tyson Foundation for commissioning the next piece.
2915,2688,8,28,156,192,1.2291666666666667,0.03689397848745682,643,I really hate this song.
3815,2688,7,30,155,192,1.2291666666666667,0.03614731147427037,643,In honor of Boxing Day . . .
3930,2688,7,30,155,192,1.2291666666666667,0.03614731147427037,643,"And now, Box Prelude and Fugue in C Major."
5013,2688,8,28,156,192,1.2291666666666667,0.03689397848745682,643,"For the next prelude, the sheet music's dynamic said combattivissimo."
1655,2694,8,36,183,227,1.2290748898678414,0.03306497800976394,643,"Need a fellow to punch out a party tune? I'm your man."""
4406,2695,7,35,172,214,1.2289719626168225,0.03370434583504746,643,Tonight we will be beating out Beethoven's 5th.
4269,2695,8,33,173,214,1.2289719626168225,0.03434908873823968,643,The doctors said it couldn't be done.
4421,2695,9,31,174,214,1.2289719626168225,0.034981950576353615,643,"Ladies and gentlemen, the kangaroo is off for the night."
1089,2695,8,33,173,214,1.2289719626168225,0.03434908873823968,643,I glove a piano
4016,2695,5,39,170,214,1.2289719626168225,0.03237636468491352,643,...and this will be a real punchy number.
1129,2700,10,26,165,201,1.228855721393035,0.03714722518176139,643,My next composition is impressionistic with a touch of violence.
3037,2700,10,26,165,201,1.228855721393035,0.03714722518176139,643,Now a little known piece from Boxtehude
3570,2700,7,32,162,201,1.228855721393035,0.03508080112199839,643,"Ladies and Gentlemen, Wagner's  'Ring Cycle.'"
295,2703,7,29,152,188,1.2287234042553192,0.036627704492693286,643,This next one is Beethoven's 9th Symphony - the Rocky Balboa version.
1338,2704,10,31,182,223,1.2286995515695067,0.034620345352478404,643,For my next number I'll play the Thrilla in Manila Concerto by Frazier.
5436,2704,6,39,178,223,1.2286995515695067,0.03220204555881885,643,"I  didn't literally mean ""I would 
punch out a tune"""
5647,2704,5,41,177,223,1.2286995515695067,0.03156853805031345,643,"And now for my grand finale, I shall perform my very special rendition of that classic Simon and Garfunkle hit, ""The Boxer."""
5063,2707,12,24,174,210,1.2285714285714286,0.03728926400504684,643,My critics say I can never hit the right key...
4554,2707,7,34,169,210,1.2285714285714286,0.03409760808227742,643,"Étude No. 1 in A, B, C, D, E, F, and G, by my 18 months old son."
4291,2707,7,34,169,210,1.2285714285714286,0.03409760808227742,643,For those who are sitting ringside—the theme from 'Rocky'.'
1406,2707,8,32,170,210,1.2285714285714286,0.034759392163179276,643,"I call it, ""Concerto in A-minor Concussion for Graziano and flute."""
1169,2707,12,24,174,210,1.2285714285714286,0.03728926400504684,643,My next piece is the two-fisted Sonata.
944,2707,8,32,170,210,1.2285714285714286,0.034759392163179276,643,Gloves come off when they turn up the heat.
3875,2707,12,24,174,210,1.2285714285714286,0.03728926400504684,643,"I'm sorry sir, that's not possible. I'm wearing boxing gloves."
5277,2714,9,35,188,232,1.228448275862069,0.033149658543243414,643,Wait 'til I take the gloves off
1579,2715,10,25,162,197,1.2284263959390862,0.037645677599470365,643,This Concerto may seem a little modern for some.
3878,2716,8,34,177,219,1.2283105022831051,0.033813043569266774,643,"This is my interpretation of Wagners ""Ring"" Cycle."
101,2716,8,34,177,219,1.2283105022831051,0.033813043569266774,643,"Beethoven's got two chances, slim and none. And slim just left town."""
1043,2716,9,32,178,219,1.2283105022831051,0.034426933507044115,643,"And now for my most recent composition, a reverential homage entitled ""Beethoven's Fists"""
1119,2716,8,34,177,219,1.2283105022831051,0.033813043569266774,643,"And now, a variation on ‘Flight of the Bumble Bee,’ I like to call, ‘Float Like a Butterfly, Sting Like a Bee!’"
1210,2716,9,32,178,219,1.2283105022831051,0.034426933507044115,643,Tonight and one night only: Bach-y Balboa!
4610,2721,8,26,150,184,1.2282608695652173,0.03791811473098765,643,This is Sugar Ray Leonard's Piano Concerto No. 3 in C Minor.
1181,2721,7,28,149,184,1.2282608695652173,0.037126633209998545,643,Fortissimo is my forte
4232,2721,5,32,147,184,1.2282608695652173,0.03549075698015775,643,"And now, as I like to put it, I’m gonna go a few rounds with Ludwig van."
1725,2724,8,31,167,206,1.2281553398058251,0.03518386434748353,643,Let's get ready to Rondoooooo!
2068,2724,6,35,165,206,1.2281553398058251,0.033811017681019934,643,"And one, two, one two, one two,"
5242,2724,10,27,169,206,1.2281553398058251,0.0365051188769192,643,And now - my interpretation of a Paul Simon classic.
5566,2727,12,28,188,228,1.2280701754385965,0.035203457004398496,643,"And now, my latest composition in celebration of Boxing Day."
993,2728,9,26,158,193,1.2279792746113989,0.037449199873498255,643,"And now for my next selection, “The fight of the bumblebee.”!"
3013,2728,7,30,156,193,1.2279792746113989,0.03597913060189418,643,"Oh no, I forgot the sheet music!"
5461,2728,6,32,155,193,1.2279792746113989,0.03522109414427136,643,I'd like to close with a medley of Jack White's greatest hits.
1646,2731,7,35,173,215,1.2279069767441861,0.03356411536186626,643,Rachmaninoff always makes me punchy.
1773,2731,7,35,173,215,1.2279069767441861,0.03356411536186626,643,I hope you enjoy the tunes I am about to knock out for you.
124,2731,8,33,174,215,1.2279069767441861,0.03420553538760477,643,And now I shall play the theme from Rocky.
504,2734,6,29,145,180,1.2277777777777779,0.03681159402580952,643,I can promise you’ll never hear Alkan’s ‘Concerto for Solo Piano’ the same way again.
129,2735,10,26,166,202,1.2277227722772277,0.03698022950708284,643,I will be playing fight of the bumblebee.
1048,2735,4,38,160,202,1.2277227722772277,0.03274118860308057,643,And now to pound out a little different beat.
3880,2735,12,22,168,202,1.2277227722772277,0.038289093601370734,643,"For the first round, I shall play Chopsticks."
4743,2735,9,28,165,202,1.2277227722772277,0.03630810814663187,643,And now I'd like to perform a mashup in ALL the majors and minors.
5223,2735,9,28,165,202,1.2277227722772277,0.03630810814663187,643,"So far so good. Now, with the gloves on, what is this one?"
5337,2735,7,32,163,202,1.2277227722772277,0.034925082716716745,643,They make Chopsticks much more difficult.
1110,2741,5,33,151,189,1.2275132275132274,0.03487523444059041,643,This next number is why I am known as the best pound-for-pound pianist in this town.
3856,2741,10,23,156,189,1.2275132275132274,0.03870036729716348,643,"Tonight, you will hear me pound the keys like I've never done before."
5608,2741,7,29,153,189,1.2275132275132274,0.03645348485324593,643,"Okay, I guess the gloves aren’t coming off."
4987,2744,9,30,172,211,1.2274881516587677,0.035257241700291535,643,I float like a butterfly and sting like the key of B.
207,2744,8,32,171,211,1.2274881516587677,0.0346112200635176,643,"For obvious reasons, I will not be performing “Chopsticks’ tonight."
2691,2744,9,30,172,211,1.2274881516587677,0.035257241700291535,643,I’d like to close with The Boxer by Simon and Garfunkel.
3721,2747,8,37,188,233,1.2274678111587982,0.03245658465832229,643,I  shall now play Chopin's Minute Waltz in ten seconds. It's a Knock Out!
4850,2748,7,36,177,220,1.2272727272727273,0.0330528978514666,643,And now I will play my homage to John Cage.
156,2748,5,40,175,220,1.2272727272727273,0.03177218997093631,643,The maître d' just asked me to sit down and pound out a few numbers.
1162,2748,8,29,161,198,1.2272727272727273,0.036078588467134284,643,You got a problem with that?
1674,2748,10,30,180,220,1.2272727272727273,0.034885914888745796,643,"My arrangement of the the new ""13th DAY OF CHRISTMAS"":  BOXING DAY!!!"
1738,2748,9,27,162,198,1.2272727272727273,0.036782315162726294,643,"Pardon me for any wrong notes, folks.  These are actually my cello gloves."
2023,2748,11,28,181,220,1.2272727272727273,0.03547587994736601,643,"And next, Muhammad Ali's favorite, Flight of the Bumblebee."
4641,2748,5,35,158,198,1.2272727272727273,0.0338798178409059,643,"For my encore, a little-known work by Rimsky-Korsakov:  ""Float Like a Butterfly, Sting Like a Bumblebee."""
4962,2748,9,32,179,220,1.2272727272727273,0.034285799643725766,643,"In the spirit of the times, I'm now going to play a little ditty I've tentatively titled: ""Who Gives a Fuck Anymore?"""
5114,2748,6,28,142,176,1.2272727272727273,0.037324955488830955,643,Just a little something I put together for the Boxing Day annual concert.
5153,2748,7,26,143,176,1.2272727272727273,0.03818491020256925,643,"For tonight's performance, I will be playing 'Rocky's Theme Song' in D Minor."
5447,2748,3,39,156,198,1.2272727272727273,0.03233100262958738,643,I am much better with drums
5512,2748,4,37,157,198,1.2272727272727273,0.03311446653629914,643,I hope you find my next number a knock-out.
520,2760,6,35,166,207,1.2270531400966183,0.033665330771140194,643,My manager said I needed a knock-out tune.
3403,2760,7,33,167,207,1.2270531400966183,0.03435486299224141,643,I could of been a contender instead of the bum of pianist I am.
660,2762,5,32,148,185,1.227027027027027,0.03531995141316013,643,Intermission will be in three minutes.
4210,2762,8,26,151,185,1.227027027027027,0.037732773388255904,643,This makes it much simpler to play some of today’s new symphonies
299,2764,7,35,174,216,1.2268518518518519,0.03342502223672893,643,You told me to punch it up a bit.
5458,2765,5,34,155,194,1.2268041237113403,0.03428850507029568,643,Tickle the ivories? More like pummel 'em.
1677,2765,5,34,155,194,1.2268041237113403,0.03428850507029568,643,Every hit song needs a memorable left hook.
1525,2767,9,33,183,225,1.2266666666666666,0.033759184523364,643,"No, not Fight of the Bumblebee, it’s Flight of the Bumblebee."
899,2768,9,28,166,203,1.2266009852216748,0.03614621910696195,643,"This next little number is called ""Float like a butterfly, sting like a bee."""
4094,2768,6,34,163,203,1.2266009852216748,0.034062135943070525,643,Excuse me ladies and gentlemen.  The composer has indicated the following passage be played sforzando fortissississimo.
4541,2768,5,36,162,203,1.2266009852216748,0.03333850258729071,643,What's funny?
3823,2771,11,31,192,234,1.2264957264957266,0.03399144719439099,643,"I call this one ""It's hard to sexually assault someone when you can't unzip your fly"". (Louis C.K. 2019 Comeback Tour)"
5125,2771,9,35,190,234,1.2264957264957266,0.03289458317317972,643,A knock out performance of Rhapsody in Black and blue.... all 15 rounds
1329,2773,4,40,168,212,1.2264150943396226,0.0317638762043182,643,"This next piece is called ""Boxing Sonata #2."""
2972,2773,6,36,170,212,1.2264150943396226,0.0331415943307703,643,"To complete our tribute to the president, I will now play Mueller Said Knock You Out."
4970,2773,9,30,173,212,1.2264150943396226,0.035106942898499256,643,"Oh, no. I'm having a nightmare."
5478,2776,10,32,188,230,1.2260869565217392,0.0338199810679919,643,"""I've got a tough one coming up."""
1922,2777,6,35,167,208,1.2259615384615385,0.03352086589985471,643,"And now, I’d like to play my new composition, the Rocky Balboa Piano Sonata #5."
2282,2777,6,35,167,208,1.2259615384615385,0.03352086589985471,643,"Next is ""Flight of the Bumblebee,"" which I will also play blindfolded."
2614,2777,5,37,166,208,1.2259615384615385,0.032820684290069076,643,The odds in Vegas are 25 to 1 that I defeat the piano.
2943,2777,11,25,172,208,1.2259615384615385,0.03682260335329807,643,"Well, it hurts to play Beethoven"
3269,2777,6,35,167,208,1.2259615384615385,0.03352086589985471,643,I will now play “Chitty-Chitty Bang Bang”.
5516,2782,5,39,173,217,1.2258064516129032,0.03197951075324467,643,"My next piece will be a concert for four hands, but Mike Tyson couldn't make it."
5433,2782,6,30,150,186,1.2258064516129032,0.03596800583214693,643,"And now, ladies and gentlemen, I'm going to try something I don't usually do. Simon & Garfunkel's 'The Boxer'."
3617,2782,8,26,152,186,1.2258064516129032,0.03754920400057711,643,"For my next song, a piece played solely on black and blue keys."
2733,2782,9,31,177,217,1.2258064516129032,0.03454514000621969,643,"Let's get ready to Rachmani-noffffff!"""
4092,2782,7,28,151,186,1.2258064516129032,0.036767105982238465,643,In tribute to Ali….”Flight of the Bumblebee”
2132,2782,8,33,176,217,1.2258064516129032,0.03392192949319383,643,"They told me it was harassment to tickle them, so I have to wear these."
2561,2782,9,24,153,186,1.2258064516129032,0.03831534105087355,643,The next song I will be performing is sure to be a knockout.
150,2782,5,39,173,217,1.2258064516129032,0.03197951075324467,643,"Pound for pound, I'd say Tchaikovsky."
1685,2790,11,29,186,226,1.2256637168141593,0.03477449489823387,643,"And now ""The sting of the bumblebee"" by Rimsky-Korsakov-Ali."
3635,2790,7,37,182,226,1.2256637168141593,0.032433624964954395,643,"And now my personal rendition of  ""The Boxer"" by Simon and Garfunkel."
4037,2790,8,35,183,226,1.2256637168141593,0.03303439715103498,643,"Yes, I was the star of the 1939 movie Golden Boy. And yes, I was very musical. But I always wanted to be a boxer. Any other questions?"
4603,2790,13,25,188,226,1.2256637168141593,0.03588771696496287,643,I used to play the violin but I find the piano a lot easier. At least I don’t drop it.
4687,2794,8,28,159,195,1.2256410256410257,0.036381316381480046,643,And now let me conclude with some  Beathoven.
972,2794,7,30,158,195,1.2256410256410257,0.035647329318535786,643,It's my way of conveying the world's dissonance.
4910,2794,8,28,159,195,1.2256410256410257,0.036381316381480046,643,"For my next selection,I will play ""The Flight of the Bumblebee""."
676,2794,7,30,158,195,1.2256410256410257,0.035647329318535786,643,I just punched out this next piece.
162,2798,6,34,164,204,1.2254901960784315,0.033912949774059245,643,Hit 'em with the old one an' a two...
1257,2798,5,36,163,204,1.2254901960784315,0.03319326712206624,643,"And now, my own composition,""Le Cantique de George Foreman."""
3317,2798,6,34,164,204,1.2254901960784315,0.033912949774059245,643,Bom	Bom 	Bom	Bommm!
4140,2798,9,28,167,204,1.2254901960784315,0.03598574304917061,643,Now for the crescendo!
4900,2798,5,36,163,204,1.2254901960784315,0.03319326712206624,643,"Now, I would like to conclude with an original composition.  I call it ""Ode to Ali"""
5491,2798,7,32,165,204,1.2254901960784315,0.03461767384615678,643,"And now . . . the theme song from ""Rocky."""
5626,2798,6,34,164,204,1.2254901960784315,0.033912949774059245,643,"And now, Michael Jackson's ""Beat it."""
1862,2805,5,38,170,213,1.2253521126760563,0.03232477398511408,643,I don't want to spread my cold to the next contestant.
2426,2805,9,30,174,213,1.2253521126760563,0.034957897874201366,643,It's for the artillery chorus in the 2012 Overture...
5383,2805,5,38,170,213,1.2253521126760563,0.03232477398511408,643,A little help here?
469,2808,6,45,202,253,1.225296442687747,0.029678755271111655,643,I will now perform John Cage’s 4’ 33”.
5341,2809,5,33,153,191,1.225130890052356,0.03454996331318019,643,Box Symphony is just Bach's Symphony but with a nicer ring to it
4427,2809,6,31,154,191,1.225130890052356,0.035338528066886234,643,"The night he realized ""Put Up Your Dukes"" wasn't coined after Duke Ellington."
771,2809,6,31,154,191,1.225130890052356,0.035338528066886234,643,"And now, excerpts from The Ring, by Sonny Liszton."
1712,2812,10,32,189,231,1.225108225108225,0.03368747662268682,643,Let's get ready to ready to rumble!
4503,2812,10,32,189,231,1.225108225108225,0.03368747662268682,643,"I am just a poor boy
But my story is seldom told..."
5686,2814,7,31,162,200,1.225,0.03504304603451139,643,I had a fight with the rest of the quartet.
18,2814,7,31,162,200,1.225,0.03504304603451139,643,"Punchdrunk, am I? Keep smiling like that and you'll lose those 88 teeth!"""
1927,2814,7,31,162,200,1.225,0.03504304603451139,643,At least I'm not all thumbs!
2385,2814,6,33,161,200,1.225,0.03431856376795913,643,"The next piece is called, “Requiem for a Pugilist”"
3079,2814,4,37,159,200,1.225,0.032821659106947405,643,"Hecklers, beware!"
3121,2814,6,33,161,200,1.225,0.03431856376795913,643,"Now for the percussion crescendo, molto allegro"
4384,2814,9,27,164,200,1.225,0.036448835206899254,643,Dang.These talent contests are brutal.
5118,2821,9,29,171,209,1.2248803827751196,0.035384807564877586,643,"At least I'm no longer ""all thumbs"""
3982,2821,6,35,168,209,1.2248803827751196,0.03337760823578343,643,"What I said was, I could outplay you with one hand tied behind my back...!"
4302,2821,6,35,168,209,1.2248803827751196,0.03337760823578343,643,Now we will punch up the tempo and add a bit pzazz  to this Rachmaninov piano concerto
3713,2821,10,27,172,209,1.2248803827751196,0.03602903317267078,643,And for my finale... The Flight of the Bumblebee challenge
3741,2825,11,27,180,218,1.224770642201835,0.03560964969142416,643,"Standing up....in a hammock, if you must know."
286,2825,8,33,177,218,1.224770642201835,0.03378184935300319,643,"Okay, so my dare is to knock out a few tunes."
562,2825,12,25,181,218,1.224770642201835,0.03619841275928535,643,"And now, to conclude tonight's tribute to Sylvester Stallone,
the theme from 'Rocky.'"""
1206,2825,6,37,175,218,1.224770642201835,0.0325062682481042,643,"Life is choices and family compromise. My dad wanted me to be a boxer, my mom a pianist, but I just wanted to play the drums."
1974,2825,6,37,175,218,1.224770642201835,0.0325062682481042,643,"My next piece is called the ""Lamotta  Cantata"
2902,2830,8,24,146,178,1.2247191011235956,0.038628175891098654,643,For my encore I’ll play ‘The Boxer’ by Paul Simon
4133,2831,10,31,186,227,1.224669603524229,0.03406779417889674,643,Rocky the Musical
68,2831,7,37,183,227,1.224669603524229,0.03230572852479879,643,"And now for my next number, the theme from 'Rocky'."
35,2833,7,28,152,187,1.2245989304812834,0.036589892331048396,643,"And now, a Box concerto."
458,2833,5,32,150,187,1.2245989304812834,0.03498311318711493,643,I give you Rockymaninoff piano sequel III.
492,2833,6,30,151,187,1.2245989304812834,0.03579551947562857,643,Well how else am I supposed to express my anger?
414,2836,10,33,193,236,1.2245762711864407,0.03319109931434768,643,This next number is inspired by the life of Mike Tyson.
2629,2837,6,32,158,196,1.2244897959183674,0.03473848211575666,643,"This evening, ladies and gentlemen, I'm going to pound out Chopin's Nocturne in B Sharp Minor."
5637,2837,7,30,159,196,1.2244897959183674,0.03548366896846972,643,"It's Box Fugue in G Minor! Hang on, I was just getting to the hook."
5366,2839,7,32,166,205,1.224390243902439,0.03446594975484203,643,"You've just heard me float like a butterfly. Now, listen as I sting like a bee."
5110,2839,4,38,163,205,1.224390243902439,0.03231763712816536,643,"And now, Pummel in Fugue in 5 rounds"
5106,2839,9,28,168,205,1.224390243902439,0.03582666196852531,643,Hope you like this punchy number.
4342,2839,11,24,170,205,1.224390243902439,0.03713755138819279,643,"In my next round, I will be playing...."
388,2843,9,30,175,214,1.2242990654205608,0.03481009136809453,643,"Please excuse me Ladies and Gentlemen, I’m fighting a cold tonight."
2000,2843,3,42,169,214,1.2242990654205608,0.030797412994944744,643,"I call this piece ""All the Wrong Notes"" which uncannily makes it all sound right."
2184,2843,7,34,173,214,1.2242990654205608,0.03352593806438715,643,This next one's going to be a knock-out.
1634,2846,12,28,192,232,1.2241379310344827,0.034650287179093485,643,I'm a little punchy.
4919,2846,5,29,140,174,1.2241379310344827,0.03657057341269634,643,"Ladies and Gentlemen, put your hands together for our latest sensation, Beat-hoven!"""
134,2848,6,29,148,183,1.2240437158469946,0.036269890316375605,643,Sometimes you just have to roll with the punches.
2997,2849,10,23,159,192,1.2239583333333333,0.03814876260957428,643,And now for the Box Set?
3563,2849,7,29,156,192,1.2239583333333333,0.035940444115183476,643,I couldn't decide between sports and music
188,2849,8,27,157,192,1.2239583333333333,0.036691321112923087,643,My next selection is Rope-a-Dope in C Major.
2479,2849,7,29,156,192,1.2239583333333333,0.035940444115183476,643,"Now, I'll knock out a number that you all know."
5667,2849,5,33,154,192,1.2239583333333333,0.03438954026396121,643,"You may notice me pounding the keys tonight with a little more punch than usual, folks."
5477,2854,4,37,160,201,1.2238805970149254,0.03267713805706075,643,"Hello everybody, my name is Wolfgang Amadeus Balboa."
3654,2854,7,31,163,201,1.2238805970149254,0.03488623056369793,643,"And now, for your listening pleasure: the John Philip Sousa rendition of ""Kitten on the Keys""."
759,2854,9,27,165,201,1.2238805970149254,0.036284315764606626,643,I will now try Bach-sing.
3361,2854,9,27,165,201,1.2238805970149254,0.036284315764606626,643,"I will now play ""Flight of the Muhammad Ali"""
4022,2858,5,37,168,210,1.223809523809524,0.032542785122729456,643,I have always been a fierce competitor!
3345,2859,8,35,185,228,1.2236842105263157,0.03277375542141946,643,"I am about to play Rockymaninoff’s
Symphonic Dances"
193,2860,10,33,194,237,1.2236286919831223,0.03306433672986348,643,The melody of modern politics.
2477,2861,6,30,152,188,1.2234042553191489,0.03562464607261945,643,"Hey, it's like my piano teacher, Mickey, once told me: ""You'll be able to spit notes, kid. You're gonna eat sonatas and you're gonna crap concertos. You're gonna become a very musical person."""
2947,2861,8,26,154,188,1.2234042553191489,0.03718728270080178,643,"When I'm through with it, it'll be a mini grand piano."
5504,2863,7,32,167,206,1.2233009708737863,0.03431552392275887,643,"My left hook is quite sharp, but my right jab is flat"
4521,2863,8,30,168,206,1.2233009708737863,0.0349987839644662,643,I will now play the Muhammad Ali Amadeus concerto the way it was intended.
3439,2863,7,32,167,206,1.2233009708737863,0.03431552392275887,643,Next up: 'Flight of the Stumblebum'
2542,2863,7,32,167,206,1.2233009708737863,0.03431552392275887,643,Ladies and Gentlemen...The Concerto For The Nail-Biter in D-minor
1074,2863,8,30,168,206,1.2233009708737863,0.0349987839644662,643,Box Toccata and Fugue has been requested.
345,2863,5,36,165,206,1.2233009708737863,0.032906470310526424,643,"And now I’ll be playing Rachmaninoff’s Piano Concerto No. 4, better known as the one where Rocky fights the Russian."
206,2863,9,28,169,206,1.2233009708737863,0.035668958155366914,643,"And now from my modern version of the Nutcracker, here is ""Melee of the Sugar Plum Faries."""
28,2863,7,32,167,206,1.2233009708737863,0.03431552392275887,643,Here is the musical stylings of the Black Eyed Keys.
1120,2863,8,30,168,206,1.2233009708737863,0.0349987839644662,643,"Would Ed Sullivan have loved this, or what!"
3479,2872,5,38,172,215,1.2232558139534884,0.032057504071169356,643,For my next performance I'd like to punch out a little ditty.
5387,2872,7,34,174,215,1.2232558139534884,0.033385942992958446,643,I will now perform variations on a famous theme of John Cage.
4018,2872,11,26,178,215,1.2232558139534884,0.03589563252042139,643,It gives the music the right hook
3306,2872,5,38,172,215,1.2232558139534884,0.032057504071169356,643,Just in case I get in treble while playing.
3320,2872,7,34,174,215,1.2232558139534884,0.033385942992958446,643,"this next piece is from ""Rocky""."
1069,2872,10,28,177,215,1.2232558139534884,0.035284948957212875,643,And now I would like to perform Rocky's 5th.
973,2872,8,32,175,215,1.2232558139534884,0.03403072142428201,643,"And now, ‘Chopsticks.’"
896,2872,6,36,173,215,1.2232558139534884,0.032728464345292085,643,Common time?! I only know the ole' one-two!
1258,2872,8,32,175,215,1.2232558139534884,0.03403072142428201,643,The Boxer”? Don’t know that one
2582,2881,10,30,184,224,1.2232142857142858,0.03432078836710031,643,This next song will knock your socks off!
3834,2882,8,27,158,193,1.2227979274611398,0.036519156316148084,643,"And now, the Ring Cycle!"
4054,2882,8,27,158,193,1.2227979274611398,0.036519156316148084,643,"What? I thought I was supposed to play ""The Boxer""..."
4714,2882,8,27,158,193,1.2227979274611398,0.036519156316148084,643,I  play with my boxer shorts on too!
3944,2885,6,33,163,202,1.2227722772277227,0.034014244186295825,643,I prefer to punch out a tune
5701,2885,6,33,163,202,1.2227722772277227,0.034014244186295825,643,"Merry England, holiday time, Boxing Day concert."
5583,2885,11,23,168,202,1.2227722772277227,0.037460140063939724,643,And now I will pound the hell out of the keys...
5419,2885,9,27,166,202,1.2227722772277227,0.03612125107456791,643,This next song is known for it's hook.
147,2885,4,37,161,202,1.2227722772277227,0.03253385149574133,643,I punched out this next piece earlier today.
2964,2885,6,33,163,202,1.2227722772277227,0.034014244186295825,643,"Tonight,I introduce a new work ""Massacre in A"" by Klitschko."
4718,2885,4,37,161,202,1.2227722772277227,0.03253385149574133,643,I guess I'll roll with the punches.
3914,2892,8,31,172,211,1.2227488151658767,0.034431516874205786,643,My next piece will really be a knockout.
3804,2892,6,35,170,211,1.2227488151658767,0.033094656339107846,643,"And now, after having finished the slow pieces of tonight's  concert we're going to really  punch up the tempo."
4370,2892,6,35,170,211,1.2227488151658767,0.033094656339107846,643,It's only available as a boxed set.
1768,2892,6,35,170,211,1.2227488151658767,0.033094656339107846,643,Paderewski?  I'll moider de bum!
1445,2892,6,35,170,211,1.2227488151658767,0.033094656339107846,643,I have entitled this next piece: Dischord
3337,2892,4,39,168,211,1.2227488151658767,0.031701470031350036,643,"And for my encore, I will  play “The Theme From Rocky!"
4309,2898,9,31,180,220,1.2227272727272727,0.0341189175106062,643,I can't hold or play chopsticks.
2987,2898,10,29,181,220,1.2227272727272727,0.034721917177924666,643,"And now, may I present, Rocky the Musical"
2019,2898,8,33,179,220,1.2227272727272727,0.03350506725378178,643,"And for my encore I will play ""The Fight of the Bumble Bee."""
2115,2898,5,39,176,220,1.2227272727272727,0.0315920327050209,643,"And a left, and a right, and a left right left right."
5613,2902,8,35,186,229,1.222707423580786,0.03264494148879638,643,"This next number is called, 'Fight of the Bumble Bees',
feel free to sting along."""
2228,2903,7,39,192,238,1.2226890756302522,0.03128217706368462,643,I'm preparing a Boxing Day concert for the royal family.
3670,2903,8,37,193,238,1.2226890756302522,0.03184386632786202,643,Piano-fought-e
5467,2905,9,30,177,216,1.2222222222222223,0.03451813406165632,643,And now I'll perform my latest big hit.
5326,2905,10,24,164,198,1.2222222222222223,0.03728403852652518,643,Please turn off all flash photography during the performance.
4589,2905,5,34,159,198,1.2222222222222223,0.033670888228571644,643,This one will knock you out!
4240,2905,9,24,156,189,1.2222222222222223,0.03776168280619968,643,"This next number I shall now do on you is ""Fight of the Bumblebee."
4162,2905,9,32,184,225,1.2222222222222223,0.03359684204526465,643,My composition is in the key of B-flat.
4070,2905,6,36,174,216,1.2222222222222223,0.03259298410226055,643,"Just hit the keys lightly, don't knock them out!"
3956,2905,9,28,170,207,1.2222222222222223,0.03551261418936883,643,This next song may be a bit off key.
3180,2905,9,28,170,207,1.2222222222222223,0.03551261418936883,643,I'll never bet again... never
5294,2905,14,18,175,207,1.2222222222222223,0.0386737164362304,643,Shut the fuck up.
2248,2905,6,32,160,198,1.2222222222222223,0.03442387074473547,643,I am pleased to open tonight’s Masochist Society gala with a special performance of “Flight of the Bumble Bee”.
2221,2905,7,28,154,189,1.2222222222222223,0.036240448502969015,643,You'll have to forgive me if my Bachsing is a little Rocky.
2141,2905,4,32,144,180,1.2222222222222223,0.034840735053827024,643,Any requests I can pound out for you?
558,2905,11,20,158,189,1.2222222222222223,0.03922396294378888,643,Tonight's Key Player: Rocky Man-in-Off
473,2905,7,34,175,216,1.2222222222222223,0.03324708911809121,643,"And now, my version of Chopsticks."
433,2905,11,26,179,216,1.2222222222222223,0.03574400961518807,643,They don't respond well to tickling.....
116,2905,9,30,177,216,1.2222222222222223,0.03451813406165632,643,Do I hear a request for “The Theme From ‘Rocky’?
109,2905,10,24,164,198,1.2222222222222223,0.03728403852652518,643,"My next selection is, Beat me daddy eight to the bar."
3010,2905,11,22,165,198,1.2222222222222223,0.03796542758611713,643,Here's a chord progression within the circle of fists.
1653,2923,7,35,179,221,1.2217194570135748,0.032746155616469846,643,"Float like Jarrett, sting like Monk."
3011,2923,9,31,181,221,1.2217194570135748,0.03397913150985505,643,"A sacred performance of the Boxing Day classics “O Come All Ye KO” “Ring-Side Bells”, and “All I Want For Christmas Is My Two Front Teeth”."
4192,2925,10,25,168,203,1.2216748768472907,0.03663151360047726,643,And now for some of my more obscure hits...
4125,2925,5,35,163,203,1.2216748768472907,0.03313609870601562,643,"Horace took the Jazz Meistro seriously when he shouted 
""Hit it!"""
2792,2925,11,23,169,203,1.2216748768472907,0.03729130111572106,643,"I'd like to play for you a sonata composed by Chucky, my golden retriever."
760,2925,6,33,164,203,1.2216748768472907,0.03386405746062096,643,"Next is a little diddy I call, ""TKO""."
2246,2925,9,27,167,203,1.2216748768472907,0.035959622334230966,643,This isn't The Ring I was expecting.
1529,2930,7,29,158,194,1.2216494845360826,0.03560621845574209,643,Rocky-maninoff Piano Concerto No. 2 you say?
2060,2930,4,35,155,194,1.2216494845360826,0.03327994805750178,643,"IT'S OK, I TUNED IT WITH THESE ON."
63,2932,7,27,151,185,1.2216216216216216,0.0367261571670108,643,I am proud to be a contender in this year‘s Van Cliburn competition...
1425,2932,6,29,150,185,1.2216216216216216,0.03591735254268451,643,And now I take the gloves off and play a mean Chopin.
2379,2934,9,30,178,217,1.2211981566820276,0.03437395391797274,643,"My next number is ""Bust Your Chopsticks"""
3773,2934,12,24,181,217,1.2211981566820276,0.036188076772318736,643,You can call me Mittstro.
4136,2934,7,34,176,217,1.2211981566820276,0.033109362919553416,643,"I dedicate this song to Mrs. Shirley Abercrombie, who sent me packing from this keyboard, sobbing, 'Never again Jimmy!'"
4527,2934,5,38,174,217,1.2211981566820276,0.03179451395952585,643,It's called Rhapsody in Gloves
3484,2938,7,32,169,208,1.2211538461538463,0.03401850269440974,643,Just a brief encore... I have to get across town before the bell for the opening round.
633,2938,7,32,169,208,1.2211538461538463,0.03401850269440974,643,"I will now play ""Gonna Fly Now"" as it was originally composed by Rocky Balboa."
2488,2938,8,30,170,208,1.2211538461538463,0.03469451914895518,643,Piano Concert on Boxing Day.
3141,2941,10,24,165,199,1.221105527638191,0.03711301235557771,643,I just think Rachmaninoff's no. 2 needs a little punching up.
3155,2941,7,30,162,199,1.221105527638191,0.03500141642732736,643,I hope no one notices that my socks don't match.
2541,2941,9,26,164,199,1.221105527638191,0.03642275169968037,643,"They told me, ""Knock yourself out!"""
4808,2941,6,32,161,199,1.221105527638191,0.03426864904238986,643,"I call this composition, 'Hey Kids, Get Away From The Piano!'"
1652,2945,6,30,154,190,1.2210526315789474,0.03528765094094845,643,"Since I’m in between rounds, there is only enough time to play Chopin’s Minute Waltz."
4470,2946,8,33,181,222,1.2207207207207207,0.03323270184113946,643,"Now, for my rendition of The Rocky Concerto"
3392,2947,9,29,175,213,1.2206572769953052,0.03478198171018927,643,I will now play the Mike Tyson sonata no.3 in knocked flat opus 12 round 5.
3402,2947,11,25,177,213,1.2206572769953052,0.03603287467001673,643,Welcome to dueling pianos.
4126,2947,11,25,177,213,1.2206572769953052,0.03603287467001673,643,"Sam, don't play it again."
1858,2950,7,31,166,204,1.2205882352941178,0.034423937478859926,643,Know it?? I wrote it!!
4359,2950,4,37,163,204,1.2205882352941178,0.03225092139963432,643,"For my next selection, the prelude to We Will Rock You."
5003,2950,8,29,167,204,1.2205882352941178,0.035118409014211885,643,Now I shall play my version of Box Concerto.
5697,2950,7,31,166,204,1.2205882352941178,0.034423937478859926,643,Here is my bellicose rendition of Chopin.
3239,2954,5,33,157,195,1.2205128205128206,0.033916891131751066,643,Now for my rendition of the theme from Rocky.
3659,2954,4,35,156,195,1.2205128205128206,0.03312834752802872,643,Now my interpretation of Simon & Garfunkel's The Boxer.
3168,2954,7,29,159,195,1.2205128205128206,0.035441383893034833,643,"For this next piece, I got my inspiration from Jerry Lee Lewis."
3389,2957,5,31,150,186,1.2204301075268817,0.03492107828454885,643,"And for my next number, Beethoven's ""Hammerklavier"" sonata."
2596,2958,11,30,195,236,1.2203389830508475,0.033581279902997675,643,"My next offering is ""Tempest in a Trump-pot"" in F#*@ Major."
336,2959,3,44,180,227,1.2202643171806167,0.02961251722146161,643,"What do you mean by ""forte"" fortissimo?"
5032,2959,9,32,186,227,1.2202643171806167,0.03332881914479878,643,In this next Mixed Martial Arts bout my opponent is J S Bach
2470,2961,6,36,176,218,1.2201834862385321,0.032325290079709704,643,"And now for a change of pace, the Pugilist's Polka."
2766,2961,5,38,175,218,1.2201834862385321,0.03166459290108956,643,The cacophony suite is a new work
2980,2961,10,28,180,218,1.2201834862385321,0.03484302109920965,643,Oh and Mike Tyson can act?
3261,2964,10,26,173,209,1.2200956937799043,0.03585141339771973,643,Welcome to Full Contact Sonatas.
3540,2964,7,32,170,209,1.2200956937799043,0.03387187576371019,643,"I'm gonna knock out this tune so badly, you won't even recognize it by the time I'm done !"
3324,2964,10,26,173,209,1.2200956937799043,0.03585141339771973,643,"I call it ""Requiem to a glass jaw"""
3130,2964,3,40,166,209,1.2200956937799043,0.03103671161602408,643,"I feel like this method captures more of the emotion, you know?"
3114,2964,7,32,170,209,1.2200956937799043,0.03387187576371019,643,"And now, something a little more lively."
2566,2964,8,30,171,209,1.2200956937799043,0.03454432793826232,643,As a pugilist pianist I prefer to pound the piano
1578,2964,7,32,170,209,1.2200956937799043,0.03387187576371019,643,"The theme song from Rocky, why?"
690,2964,5,36,168,209,1.2200956937799043,0.032485238460633635,643,Don’t make me take the gloves off.
4244,2972,7,30,163,200,1.22,0.034843512333844785,643,You didn't tell me I was going to have to perform 'Chopsticks'
4093,2972,5,34,161,200,1.22,0.03337016390723875,643,I thought I'd punch it up a bit
3928,2972,10,24,166,200,1.22,0.036943526098668696,643,And now I will fight the piano.
3828,2972,4,36,160,200,1.22,0.032608535430383445,643,...and now another Simon and Garfunkel favorite- The Boxer.
3097,2972,8,28,164,200,1.22,0.035557300348032624,643,I'll take these off after my first piece and I guarantee you're  going to love the rest of my performance.
3652,2972,5,34,161,200,1.22,0.03337016390723875,643,I make no excuses.
1996,2972,7,30,163,200,1.22,0.034843512333844785,643,This next piece is by Johann Sebastian Box.
1592,2972,6,32,162,200,1.22,0.034114792912714374,643,"As an encore, I will preform all 31 Goldberg Variations within 42 seconds."
1311,2972,5,34,161,200,1.22,0.03337016390723875,643,I play like Duke Ellington and hum like a bee!
318,2972,8,28,164,200,1.22,0.035557300348032624,643,I’ve had a request for Music Dance Boxer.
2190,2972,5,34,161,200,1.22,0.03337016390723875,643,"And now, my latest composition, ""Blammo, blonk, blonk."""
936,2983,9,24,158,191,1.219895287958115,0.037401251596582745,643,I'm going to dedicate this next song to the back row.
957,2984,6,39,187,232,1.2198275862068966,0.031086219750182317,643,"At the bell I will perform ""Ode to Adrian"", by Rocky Balboa."
4825,2984,8,35,189,232,1.2198275862068966,0.032264393129719855,643,I believe I left an order for the piano with the very large keys.
2402,2986,7,35,181,223,1.2197309417040358,0.032482117326875254,643,It's me against the music.
1051,2986,8,33,182,223,1.2197309417040358,0.03309814329498025,643,"Ladies & Gentlemen,
Theme from Rocky 12 in F Major."
2579,2986,11,27,185,223,1.2197309417040358,0.03488100514878431,643,I only play power ballads.
3167,2989,7,24,142,173,1.2196531791907514,0.038301930514333934,643,"And now, a new and different arrangement of Brahm's Lullaby."
703,2990,6,35,173,214,1.219626168224299,0.03267892465307664,643,"Ladies and Gentlemen, this part of the score needs to be punched up a bit."
4168,2990,7,33,174,214,1.219626168224299,0.03334350139773031,643,...but enough silly love songs. Time for some silly glove songs!
743,2992,7,31,167,205,1.2195121951219512,0.034272500426692845,643,Because this next piece was too easy for me . . .
3144,2992,8,29,168,205,1.2195121951219512,0.034963242028586285,643,I feel like my current job is boxing me in.
3711,2992,6,33,166,205,1.2195121951219512,0.03356754798679552,643,"And now, for the main event, the ""Hammerklavier"" Sonata."
4612,2992,5,35,165,205,1.2195121951219512,0.03284746976852219,643,"And now, for my grand finale, Fight of the Bumblebees"
5217,2996,9,34,194,237,1.219409282700422,0.03236564251614193,643,This is just cruel.
4310,2997,5,33,158,196,1.219387755102041,0.03376215269724013,643,May I punch out a tune for you?
4329,2997,8,27,161,196,1.219387755102041,0.03601206500637452,643,Here's the hook.
1378,2997,6,31,159,196,1.219387755102041,0.03452841697079312,643,"Does it start...Ba,Ba,Ba,BOOM!"
987,3000,9,32,187,228,1.219298245614035,0.0331963782792956,643,I'm thinking outside of the boxing ring.
4247,3000,9,32,187,228,1.219298245614035,0.0331963782792956,643,"Beat me, daddy, eight to the bar!"
5184,3000,6,38,184,228,1.219298245614035,0.031401766556553634,643,"I know — I could’ve been a contender, instead of a piano player .  .  .  which is what I am"
13,3003,7,27,153,187,1.2192513368983957,0.036370738735515794,643,"Tonight's performance will be ""A Little Rocky."
3892,3003,8,25,154,187,1.2192513368983957,0.03715281473098315,643,Well the position said it was for a keypunch operator.
4326,3003,5,31,151,187,1.2192513368983957,0.03475382890606342,643,"left jab, right cross, left hook, arpeggio."
4462,3003,8,25,154,187,1.2192513368983957,0.03715281473098315,643,Break a LEG next time
2411,3007,8,32,179,219,1.2191780821917808,0.03346903342205919,643,No. I can’t play “Flight of the Bumblebee.”
1394,3007,7,34,178,219,1.2191780821917808,0.03283724048889631,643,"And now, Round 3."
1915,3009,3,40,167,210,1.2190476190476192,0.03090634008512648,643,Please ring the bell in the key of E.
5343,3009,7,32,171,210,1.2190476190476192,0.03372648401393019,643,"You said pianoforte, didn’t you?"
1604,3009,6,34,170,210,1.2190476190476192,0.03304401999334813,643,let me punch out a few of my hits
4042,3012,9,26,166,201,1.2189054726368158,0.03609280437237029,643,Applause is highly encouraged.
5210,3012,7,30,164,201,1.2189054726368158,0.03468700102199673,643,"Thank you so much.  Next, I'd like to play the theme from Rocky."
2428,3014,6,30,156,192,1.21875,0.03495684980325801,643,I'll punch it out!
3611,3014,7,28,157,192,1.21875,0.03572840424623731,643,But I'm still training.
4776,3014,6,30,156,192,1.21875,0.03495684980325801,643,"And now one of my personal favorites, Rocky Balboa's Louie Louie in C minor."
5497,3014,7,35,182,224,1.21875,0.03235165783347108,643,"And now, the Thrillah in Manillah"
5645,3014,6,30,156,192,1.21875,0.03495684980325801,643,"I shall now play the timeless classic, ‘Moonfight Sonata’’, by the great Sugar Bee Thoven."
3651,3019,8,31,176,215,1.2186046511627906,0.03385201869378867,643,"I call my next composition,""TKO in A Minor."""
3420,3019,6,35,174,215,1.2186046511627906,0.03254261125645246,643,Imma nockturne you out.
2836,3019,6,35,174,215,1.2186046511627906,0.03254261125645246,643,Any requests for tunes you want me to bang out?
2604,3019,7,33,175,215,1.2186046511627906,0.0332037702455098,643,"Actually, it’s a request from Mr. Steinway himself....."
1209,3023,8,24,151,183,1.2185792349726776,0.03766786946606721,643,"For my next number, I will sting like a bee."
152,3024,9,27,170,206,1.2184466019417475,0.035483168446706084,643,"For the Scriabin, the gloves come off!"
1967,3024,5,35,166,206,1.2184466019417475,0.03270499129224099,643,Its a tough piece to master.
4627,3024,9,27,170,206,1.2184466019417475,0.035483168446706084,643,Any problem? Meet me outside!
4537,3027,10,30,189,229,1.2183406113537119,0.033639225832357796,643,Bach's...ing gloves
4458,3028,4,35,158,197,1.218274111675127,0.03282915429852125,643,And now for some improvisational jabs.
4422,3028,6,31,160,197,1.218274111675127,0.034370744963463574,643,And now for my rendition of  The Boxer
5670,3028,12,19,166,197,1.218274111675127,0.03862812863064271,643,Uppercut in D Minor aka Straight To The Moonlight Sonata
2084,3028,9,25,163,197,1.218274111675127,0.03656145805933439,643,And now...a little Toughaikovsky.
2101,3028,5,33,159,197,1.218274111675127,0.033608789633811365,643,My stylist says it helps the nail polish last longer.
3384,3033,10,28,182,220,1.2181818181818183,0.034554411021329556,643,I am now going to perform a song by Simon and Garfunkel
3221,3034,5,31,152,188,1.2180851063829787,0.03458814069258544,643,"No, sorry. 88 Fingers Louie couldn’t make it tonight. I’m 2 Gloves Sal."
2790,3034,7,27,154,188,1.2180851063829787,0.03619555308929587,643,"Next, a smashing transcription of The Ring Cycle."
1917,3036,6,34,171,211,1.2180094786729858,0.03290342172077684,643,"And now, from the masterful soundtrack of Rocky."
3808,3036,8,30,173,211,1.2180094786729858,0.034247747911218276,643,"For my next piece, ""Great Balls of Fire"" by Jerry Lee Lewis."
1177,3038,8,28,166,202,1.2178217821782178,0.035237882019905326,643,"It would be unethical of me to wager, but Las Vegas has it 3:1 for Prokofiev."
1200,3038,8,28,166,202,1.2178217821782178,0.035237882019905326,643,This next piece is titled Füry Elise.
2206,3038,5,34,163,202,1.2178217821782178,0.03307464826149711,643,This next composition is written to go nine rounds.
2491,3038,8,28,166,202,1.2178217821782178,0.035237882019905326,643,I find this is the safest way to perform the “Nutcracker”
5096,3038,7,30,165,202,1.2178217821782178,0.03453186458967663,643,These are the most ticklish ivories I've ever seen.
2383,3043,11,27,187,225,1.2177777777777778,0.03459771327224432,643,"I ain't no friend of the piano, see?"
4831,3043,8,33,184,225,1.2177777777777778,0.03283221199707403,643,"For my next performance, I will be playing the theme from the movie Rocky."
3133,3045,8,26,159,193,1.217616580310881,0.03631181214844958,643,"It’s fortissississimo all the way, all the way!"
3123,3045,6,30,157,193,1.217616580310881,0.03479372025534531,643,I really like to belt out a song.
3019,3045,4,34,155,193,1.217616580310881,0.03320629815125683,643,"This piece of music was written by the late,great Muhammad Ali"
762,3048,6,35,175,216,1.2175925925925926,0.032407407407407406,643,"And now “The Boxer,” by Simon and Garfunkel."
2921,3048,8,31,177,216,1.2175925925925926,0.03371012754561845,643,"I call this next piece ""Float like a Butterfly, Flight of the Bumblebee."""
3091,3048,9,29,178,216,1.2175925925925926,0.034342961742953294,643,Live at the Apollo Creed
3729,3048,6,35,175,216,1.2175925925925926,0.032407407407407406,643,The next piece was originally performed by Simon and Garfunkel
1321,3052,8,29,170,207,1.2173913043478262,0.03465691844043504,643,"And now, in the key of B flat, the theme from Rocky"
2574,3052,5,35,167,207,1.2173913043478262,0.03256371677082897,643,"Well, it's really only my voice they're interested in anyway."
1945,3054,9,30,182,221,1.2171945701357465,0.0338088915577625,643,I will now play Ode to Ali.
2952,3054,6,36,179,221,1.2171945701357465,0.03193172627036624,643,"Believe me, ladies and gentlemen, you will be grateful."
3760,3054,7,34,180,221,1.2171945701357465,0.03256947156247058,643,"My next selection will be ""The Death of the Bumblebee>"""
5610,3057,6,31,161,198,1.2171717171717171,0.03421447900815264,643,"Now, this piece must be played with a one-two punch."
3772,3057,6,31,161,198,1.2171717171717171,0.03421447900815264,643,Let me try that again in G major.
5222,3057,10,23,165,198,1.2171717171717171,0.0370907970471986,643,"Gloves, Maestro, Please ??"
4468,3060,5,28,142,175,1.217142857142857,0.036129929475352866,643,Ol' Black and Blue Eyes.
319,3061,5,36,171,212,1.2169811320754718,0.03207441966388097,643,"Pound it once, Sam. For old times' sake."
2810,3061,9,28,175,212,1.2169811320754718,0.0347507019108815,643,Who'd like to hear the opening notes of Beethoven's Fifth again?
2999,3061,9,28,175,212,1.2169811320754718,0.0347507019108815,643,And the beat goes on.
3043,3061,9,28,175,212,1.2169811320754718,0.0347507019108815,643,Thanks... I get Billy Joel a lot!
4067,3061,7,32,173,212,1.2169811320754718,0.03343934568792949,643,"Next I shall play Mozart's Piano Concerto No. 21, K.O. 467"
5274,3061,6,34,172,212,1.2169811320754718,0.03276399118553479,643,I'm also a part time nurse.
5038,3067,8,25,156,189,1.216931216931217,0.03679501503499842,643,The next piece is a punchy rendition of O Holy Night.
5698,3067,7,27,155,189,1.216931216931217,0.03602201883703794,643,Flight of the bumblebee. Ohooo Kay.
198,3067,8,25,156,189,1.216931216931217,0.03679501503499842,643,You seen me float like a butterfly - now here's my Flight of the Bumblebee.
2880,3067,4,33,152,189,1.216931216931217,0.0335964874667931,643,Ladies and Gentlemen...Let's get ready to rhumbaaaaaaaaa!!!
2528,3071,11,27,188,226,1.2168141592920354,0.0344577623808167,643,"Millenials are tone-deaf to high culture, so what does it matter?"
5014,3071,7,35,184,226,1.2168141592920354,0.032093798797164015,643,"I will begin with a selection from Beethoven; move to a piece from Chopin, and end with some knockout jazz."
5590,3071,6,37,183,226,1.2168141592920354,0.031475078307572985,643,A brief announcement: I'll not be holding any punches in this next piece.
4027,3074,6,32,165,203,1.2167487684729064,0.033661244890514475,643,"It's the only way to play The Boxer Rebellion Symphony in D Flat."""
1330,3074,6,32,165,203,1.2167487684729064,0.033661244890514475,643,"And now, a selection by Beat-hoven."
919,3076,5,29,146,180,1.2166666666666666,0.035475837853167526,643,"Next, a medley of hits from a little known Stevie Wonder album, 'Songs in the Key of Strife.'"
4501,3077,11,25,181,217,1.2165898617511521,0.03542474953628436,643,Too much bass?
4930,3077,7,33,177,217,1.2165898617511521,0.03292772827991707,643,I'm a bit out of practice so I'm just gonna roll with the punches.
4416,3077,10,27,180,217,1.2165898617511521,0.03481728711718321,643,"Okay, who wants to hear some Mahler?"
3571,3077,7,33,177,217,1.2165898617511521,0.03292772827991707,643,I told you that I was a pianist not a pugilist!
3206,3077,7,33,177,217,1.2165898617511521,0.03292772827991707,643,I shall now perform Wagner's 'Ring'.
538,3077,6,35,176,217,1.2165898617511521,0.032273299988813405,643,You should see what I'm wearing below the belt.
383,3083,3,36,155,194,1.2164948453608246,0.03223558539123921,643,"They said if I wanted a raise, the gloves had to come off."
2482,3083,8,26,160,194,1.2164948453608246,0.03614156492916748,643,Punching up the performance suddenly felt like a mistake.
3418,3083,5,32,157,194,1.2164948453608246,0.03385210282273786,643,"Hey, it's boxing day!"
5385,3083,6,30,158,194,1.2164948453608246,0.03463207784011649,643,"You want me to bang this one out, don't you?"
2317,3087,9,32,190,231,1.2164502164502164,0.03280519564966533,643,My teacher said the audience would go wild!
3718,3087,11,28,192,231,1.2164502164502164,0.03393328592137213,643,I only play bareknuckle at dive bars
5622,3089,4,37,167,208,1.2163461538461537,0.031699223083156064,643,This one is a little punchier.”
5207,3089,5,35,168,208,1.2163461538461537,0.03242363146662245,643,I call it the Boxing Day Concerto.
2577,3089,7,31,170,208,1.2163461538461537,0.03382593892708168,643,I have a request to play the Rocky Theme Song.
2396,3089,7,31,170,208,1.2163461538461537,0.03382593892708168,643,"Next,  I will play Float Like a Butterfly, Sting Like a Bee by Cassius Clay"
563,3089,5,35,168,208,1.2163461538461537,0.03242363146662245,643,"For my next number I'd like to play an extract from the soundtrack for ""Rocky"" called ""One More Round""."
765,3094,7,26,152,185,1.2162162162162162,0.036500628325222786,643,I once played this way at the White House. The President said he too played this way - once at Carnegie Hall. He felt he should have received a Grammy for the concert but a liberal conspiracy stole it from him.
2732,3094,6,36,180,222,1.2162162162162162,0.0318026165088947,643,I don’t use the pedal.
3640,3096,7,37,192,236,1.2161016949152543,0.031197639454368,643,Liberace's Nightmare
861,3097,5,33,161,199,1.2160804020100502,0.03330611905427799,643,"See dad where  ""pounding the keys"" got me!"
1959,3097,6,31,162,199,1.2160804020100502,0.03405960086651682,643,Do-Re-Mi-Jab-Cross-Hook
2630,3097,6,31,162,199,1.2160804020100502,0.03405960086651682,643,Are we sure a Rocky and the Piano crossover movie is going to work?
3825,3100,9,28,176,213,1.215962441314554,0.034602166710810206,643,Sorry.  I only play Bartok.
2143,3100,7,32,174,213,1.215962441314554,0.03329756951769168,643,I will now play the 'Flight of the Rumble Bee'.
1629,3100,6,34,173,213,1.215962441314554,0.03262571429312949,643,"And in this corner, coming in at 5'10"" and 155 pounds, his C major will bring you off your seat, the pianist from Vienna..."
616,3100,4,38,171,213,1.215962441314554,0.031238684796894414,643,I'm prepared to knock you out if you ask me to play 'Piano Man' one more time...
323,3100,6,34,173,213,1.215962441314554,0.03262571429312949,643,I'm going to give this baby a pounding.
3615,3105,4,33,153,190,1.2157894736842105,0.03343869379625918,643,"For my encore, I have been requested to take off my gloves and play ""The Theme from Rocky"""
4319,3105,7,27,156,190,1.2157894736842105,0.03585011325520013,643,My next piece is a jab-jab-cross in 3/4 time
5595,3107,8,28,168,204,1.2156862745098038,0.034924061041636124,643,"¨As humans, this is the closest we can get to Thelonious¨"
5249,3107,4,36,164,204,1.2156862745098038,0.03203918412000902,643,"When they called him the Muhammad Ali of piano, I didn’t think it was so literal."
4598,3107,8,28,168,204,1.2156862745098038,0.034924061041636124,643,This next piece is called ‘Bopsticks.’
3673,3107,7,30,167,204,1.2156862745098038,0.034225646224708514,643,Any requests APART from Flight of the Bumblebee?
4233,3107,4,36,164,204,1.2156862745098038,0.03203918412000902,643,Sure. I'm a concert pianist; but I like to punch out a little jazz on the ivories just as much as the next guy!
2217,3107,4,36,164,204,1.2156862745098038,0.03203918412000902,643,"And in this corner, our returning, dueling piano champion"
988,3107,6,32,166,204,1.2156862745098038,0.033512679381957546,643,This one has a very catchy hook”
912,3107,5,34,165,204,1.2156862745098038,0.03278421112695653,643,This evening I will only play octaves
93,3107,6,32,166,204,1.2156862745098038,0.033512679381957546,643,"As a matter of fact, I was somewhat suspicious when my manager referred to this gig as ""undercard."""
2622,3107,7,30,167,204,1.2156862745098038,0.034225646224708514,643,The next concerto is twelve 3-minute movements with 2 minutes of rest between movements.
4601,3117,7,33,178,218,1.2155963302752293,0.03279139035967183,643,For those who say my playing is too sensitive...
4785,3117,6,35,177,218,1.2155963302752293,0.03214027608118404,643,And for the next song from my new boxed set . . .
4837,3117,11,25,182,218,1.2155963302752293,0.03527587025578488,643,"And now ""Mama Said Knock You Out"" in G minor."
4202,3120,9,32,191,232,1.2155172413793103,0.032676809557772815,643,Really? I thought this was how Thelonious Monk got his sound.
5163,3120,5,40,187,232,1.2155172413793103,0.030306729805935448,643,"You'd wear boxing gloves too, if you slammed your hands in a Grand Piano."
5339,3120,7,36,189,232,1.2155172413793103,0.031514058405772885,643,"And now ""The Boxing Blues"""
4296,3123,6,30,159,195,1.2153846153846153,0.03447190282572576,643,Ooooooh.... you meant Bach's piano music?
4866,3123,7,28,160,195,1.2153846153846153,0.03523038714705654,643,"I need a new manager."""
1877,3123,8,26,161,195,1.2153846153846153,0.03597288246216439,643,"And in keeping with tonight's authentic concert series,  here's an old Simon and Garfunkel hit...""The Boxer.."""
1521,3123,8,26,161,195,1.2153846153846153,0.03597288246216439,643,"For my next selection, I would like to play ""Fight of the Bumblebee."""
3826,3123,9,24,162,195,1.2153846153846153,0.03670035921815891,643,"Alright, who called me a ""pee-anus""?"
497,3128,6,33,170,209,1.215311004784689,0.032989541170845134,643,I'll just roll with the punches.
1095,3128,8,29,172,209,1.215311004784689,0.03435583031409476,643,I'd now like to play Everlast Love.
2749,3128,11,23,175,209,1.215311004784689,0.036308992707494006,643,He composed his first concerto when he was six months old.
4236,3128,8,29,172,209,1.215311004784689,0.03435583031409476,643,Yes...and Richter and Monet destroyed some of their works of art. So what's your point
5499,3128,7,31,171,209,1.215311004784689,0.033679614778332596,643,"In my next piece ... I will float like the ""Butterfly"", sing like a bee."
2640,3133,7,34,182,223,1.2152466367713004,0.03230595510246004,643,"Yo, maestro!"
3513,3133,8,32,183,223,1.2152466367713004,0.03292527719883799,643,"This next piece is entitled “float like a butterfly, sting like a Beethoven”"
3633,3133,5,38,180,223,1.2152466367713004,0.031030250530826364,643,"Once again, Henry was faced with the question: was he a lover, or a fighter?"
3743,3133,7,34,182,223,1.2152466367713004,0.03230595510246004,643,Now I know how the Democrats feel!
1508,3137,3,45,189,237,1.2151898734177216,0.028685882629891066,643,No refunds
2817,3138,6,28,152,186,1.2150537634408602,0.035513360356353496,643,"And now a piece by our esteemed conductor, Michael Tyson Thomas."
554,3139,7,29,164,200,1.215,0.034639202817895454,643,"And now, here to play the theme song from ""Rocky""..."
2129,3139,5,33,162,200,1.215,0.03315677697389302,643,"Ladies and gentlemen, may I suggest we prepare ourselves to rumble?"
2936,3139,7,29,164,200,1.215,0.034639202817895454,643,"Float like a butterfly, fly like a bumblebee."
442,3142,6,34,174,214,1.2149532710280373,0.03248857716612808,643,"For my final piece this evening, I will be performing Beethoven's Piano Concerto No.5, his 'Emperor,' this time moving away from the sweat style of Sugar Ray Leonard to the awe inspiring stamina and knockout artistry of Rocky Marciano."
1101,3142,8,30,176,214,1.2149532710280373,0.03381215142870127,643,This sonata has a punchy finish.
2465,3142,8,30,176,214,1.2149532710280373,0.03381215142870127,643,"And now, Ladies and Gentlemen, a work by J.S. Box."
2651,3142,6,34,174,214,1.2149532710280373,0.03248857716612808,643,"And now, my rendition of, ""The Thrilla in Manilla."""
4664,3142,6,34,174,214,1.2149532710280373,0.03248857716612808,643,"Thank you, thank you. Now for an encore, I will play Autumn Leaves with my wrists handcuffed behind my back."
4119,3147,10,29,189,228,1.2149122807017543,0.03361116676138161,643,Why are the keys so tightly spaced?
750,3147,7,35,186,228,1.2149122807017543,0.031839942573308855,643,"And, after sparing  a little with my friend Mozart , it's now time to take off the gloves and duke it out with one Sergei Rachmaninoff."
293,3149,4,33,154,191,1.2146596858638743,0.033282342551239096,643,I hope you like my version of a song made famous by Simon & Garfunkel.
3354,3150,6,32,167,205,1.2146341463414634,0.03336539499238668,643,"And now, an old Simon & Garfunkel favorite ..."
5219,3150,8,28,169,205,1.2146341463414634,0.034769204740713655,643,This tender number is about to become more tender.
5406,3152,9,29,181,219,1.2146118721461188,0.03391472017435011,643,"For my encore,I wish to play the beloved piano solo,Chopin's ""SP'ZJMVPOIALKNCV38XSLAEADSNZKSX."""
4524,3153,7,36,190,233,1.2145922746781115,0.03139214342988797,643,Tonight my concerto for the left hook.
5112,3153,9,32,192,233,1.2145922746781115,0.03254940867694157,643,This is the part where we all sing together
5439,3155,6,33,171,210,1.2142857142857142,0.03284807744416934,643,I will now play Beethoven's 3rd Symphony in the key of TKO
5036,3155,4,31,147,182,1.2142857142857142,0.03424992566792915,643,"That tune was from my new album, ‘Mozart on Meth!’"
4051,3155,8,26,162,196,1.2142857142857142,0.03580574370197164,643,"And for my encore, I'll be playing the finale to ""The 1812 Overture""."
3230,3155,8,29,173,210,1.2142857142857142,0.03420720867040078,643,This next number is from Ali's 'The Ring Cycle'.
3020,3155,6,36,182,224,1.2142857142857142,0.03154744277727862,643,"So you see, it's easy to hit the right note."
2187,3155,8,26,162,196,1.2142857142857142,0.03580574370197164,643,Yo Adrian!!!! This one's for you.
1754,3155,7,31,172,210,1.2142857142857142,0.0335345293451279,643,It's by Khachaturian.
496,3155,8,32,184,224,1.2142857142857142,0.032792042016082434,643,And then I wrote “Sonata to a Left Uppercut .”
114,3163,7,35,187,229,1.2139737991266375,0.03171448722538732,643,I'll pound out your favorite for a small fee.
5457,3163,9,31,189,229,1.2139737991266375,0.03290014347681662,643,Beats me.
979,3165,7,32,176,215,1.213953488372093,0.0330175309038586,643,I'm sorry...did you say you have a request?
2916,3165,6,34,175,215,1.213953488372093,0.03235256614024987,643,"Next, a punchy little tune that will ring your bell."
5091,3167,8,27,166,201,1.2139303482587065,0.03519702717576915,643,"For my next composition, ""The ill-tempered clavicle"""
5519,3167,8,27,166,201,1.2139303482587065,0.03519702717576915,643,Next up: Mozart and Salieri's piano concerto collaboration
1838,3167,5,33,163,201,1.2139303482587065,0.033008741125170896,643,"Float like a butterfly, sting like a Beethoven."
1795,3167,6,31,164,201,1.2139303482587065,0.033753936577081534,643,You Beat Me to the Punch by The Temptations in C major seventh.
3630,3167,6,31,164,201,1.2139303482587065,0.033753936577081534,643,"And now, Michael Tyson's piano concerto number one in D minor..."
71,3172,8,34,192,234,1.2136752136752136,0.0318522733580796,643,This is how I played Rachmaninov's 2nd when I fooled Penn and Teller.
587,3173,6,35,179,220,1.2136363636363636,0.03187742808830945,643,And now a piece by TKOkovsky
1598,3173,6,35,179,220,1.2136363636363636,0.03187742808830945,643,"Oh, the other Rachy?"
3537,3173,8,31,181,220,1.2136363636363636,0.033154070977114716,643,Let me punch out a few bars for you.
3949,3176,8,28,170,206,1.2135922330097086,0.034615694587948526,643,I will now play the famous tune called Drumsticks.
4353,3176,6,32,168,206,1.2135922330097086,0.03321937564148744,643,This number I call “Sting like a bee.”
2521,3176,5,34,167,206,1.2135922330097086,0.03249872645369829,643,"Ladies and gentlemen, a punchy little melody..."
3506,3176,7,30,169,206,1.2135922330097086,0.03392471982062916,643,This Baby has been fighting me ever since I was five years old.
4535,3180,5,31,156,192,1.2135416666666667,0.0339405822511292,643,"While I'm confident this will relieve some of the violence of the Rachmaninoff, I fear something essential may be lost."
5375,3181,5,28,145,178,1.2134831460674158,0.03558135959755589,643,"For my finale I will play a new composition titled ""Float like a butterfly, sting like a bee."""
5089,3182,6,42,205,253,1.2134387351778657,0.029230438550752236,643,"Play it again, but this time make it punchier!"
4969,3183,11,29,199,239,1.213389121338912,0.03304595815800202,643,"And now, the impossible: Chopstix!"
344,3184,5,38,182,225,1.2133333333333334,0.03078342163598854,643,"What do you mean, ""tickle the ivories?"""
4087,3184,8,32,185,225,1.2133333333333334,0.03265986323710904,643,I'm still fighting my fear of  learning to play the piano
4392,3184,10,28,187,225,1.2133333333333334,0.033853090642240416,643,How about “Flight of the Elephant”?
5085,3184,10,28,187,225,1.2133333333333334,0.033853090642240416,643,"And in the red corner, weighing in at 165 pounds, hailing from St Petersburg, Russia... Dmitri Shostakovich!"""
3833,3188,11,23,177,211,1.2132701421800949,0.0359928161799373,643,And now for my rendition of Fight of the Bumblebee.
4553,3188,7,31,173,211,1.2132701421800949,0.03339066732565587,643,Fortissimo?  Fortissimo is for lightweights!
3170,3188,5,35,171,211,1.2132701421800949,0.03201036688945561,643,"Mom, I'm having that bad dream again where they announce I'll be playing, 'Fight Of The Bumblebee.'"
333,3188,8,29,174,211,1.2132701421800949,0.0340598473643109,643,Bare-knuckle piano playing is for savages.
1898,3188,6,33,172,211,1.2132701421800949,0.032707799168166136,643,"As my first selection, I now give you ""Chopsticks."""
54,3193,6,30,161,197,1.2131979695431472,0.034155877740625624,643,You should see the other guy!
893,3193,8,26,163,197,1.2131979695431472,0.03564012796862416,643,My next piece is Fight of the Bumblebee.
1245,3193,6,30,161,197,1.2131979695431472,0.034155877740625624,643,For those of you who doubt that the original name of this instrument was the pianoforte...
1825,3193,6,30,161,197,1.2131979695431472,0.034155877740625624,643,"Tonight, on America's Got Talent, Thumbs Noodleman will punch out some Beethoven."
5380,3193,7,28,162,197,1.2131979695431472,0.0349058928109028,643,Isn't this a dueling piano bar?
5577,3193,7,28,162,197,1.2131979695431472,0.0349058928109028,643,His playing was a bit Rocky...
238,3199,3,33,147,183,1.2131147540983607,0.033189742633803566,643,"And now I'd like to play for you Paul Simon's ""The Boxer""."
2486,3200,7,35,188,230,1.2130434782608697,0.031589998959704164,643,Leeeeet's get ready to rhuuuuuumba!
347,3200,7,35,188,230,1.2130434782608697,0.031589998959704164,643,"Next is my original composition, Rocky Balboa Suite."
1919,3200,13,23,194,230,1.2130434782608697,0.03501087996161592,643,"Not without the secret fingerholes, I can't!"
1938,3203,4,38,174,216,1.212962962962963,0.03085199299325701,643,Let's get ready to r-u-u-u-u-u-mba!
4460,3203,8,30,178,216,1.212962962962963,0.033527761037688425,643,"And now, Johanna Sebastian Box’s  One and Only Sonata in B-flat"
3263,3205,5,33,164,202,1.2128712871287128,0.032861994920407575,643,"Piano? Why, no, I'd never lay a glove on it."
4516,3205,10,23,169,202,1.2128712871287128,0.03641708385076866,643,"The gods had condemned Sisyphus to ceaselessly rolling a rock to the top of a mountain, whence the stone would fall back of its own weight. They had thought with some reason that there is no more dreadful punishment than futile and hopeless labor."
5188,3205,9,25,168,202,1.2128712871287128,0.035734371954532954,643,"You should see him play the flute,  amazing"
2920,3208,7,36,192,235,1.2127659574468086,0.031151070613343476,643,This next one's got a hook that'll knock you out.
407,3208,7,26,155,188,1.2127659574468086,0.035971222150783806,643,My next piece is the theme from the 'Rocky' movies.
4820,3208,8,24,156,188,1.2127659574468086,0.03675347761037063,643,"And now, Box Prelude in F."
2849,3211,4,39,178,221,1.2126696832579185,0.030424301299478564,643,"In the clearing stands a boxer, and a fighter by his trade...li la li"
2877,3211,7,33,181,221,1.2126696832579185,0.0323889505127968,643,"My next number, is the lost classic ""Gorilla on the Keys'."
1808,3211,9,29,183,221,1.2126696832579185,0.03363502320240562,643,I swear coach told me this was the right Gymnopédie!
132,3211,9,29,183,221,1.2126696832579185,0.03363502320240562,643,This piece is known for its uppercutsio.
1002,3211,7,33,181,221,1.2126696832579185,0.0323889505127968,643,"Believe me, this is for your own good."
1563,3211,8,31,182,221,1.2126696832579185,0.03301786562716286,643,"I’m classically trained, but learning jazz."
645,3211,8,31,182,221,1.2126696832579185,0.03301786562716286,643,"Bring up your instruments, I’ll take them all on"
3352,3218,6,25,143,174,1.2126436781609196,0.03696521263729962,643,This next song is a real knockout.
679,3219,5,34,168,207,1.21256038647343,0.0323578029874263,643,This is going to take your breath away!
2414,3219,8,28,171,207,1.21256038647343,0.0344635134603147,643,The New Yorkers calls me a heavyweight
4323,3219,6,32,169,207,1.21256038647343,0.03307460550722402,643,This next piece is from the opera 'Bin Nacht aut'.
5104,3219,11,22,174,207,1.21256038647343,0.036447772303468566,643,"...and in this corner, we have C#."
194,3223,7,37,196,240,1.2125,0.030728741900711756,643,"This next piece is something I like to call ""Dueling Piano."""
5520,3223,10,31,199,240,1.2125,0.032386078633585905,643,"Anyone else object to ""Surrey with the Fringe on Top"""
5527,3225,4,33,156,193,1.2124352331606219,0.03297389135066801,643,Sure I take requests - as long as its 'Chopsticks'
5123,3226,6,36,184,226,1.2123893805309736,0.031296253002654505,643,It’s light on notes.
3587,3226,6,36,184,226,1.2123893805309736,0.031296253002654505,643,This next piece is in two-fists time.
353,3228,10,25,177,212,1.2122641509433962,0.03520742219042335,643,"For tonight's main event, I will perform for you 'Chopsticks'"""
1059,3228,5,35,172,212,1.2122641509433962,0.03187489559417378,643,...and now a selection from my new boxed set of CDs
2172,3228,8,29,175,212,1.2122641509433962,0.033913730759570236,643,"Bored silly by my insane virtuosity, I’ve taken up concert pugilism."
2410,3228,6,33,173,212,1.2122641509433962,0.03256869187994087,643,"Next is a selection from the Ring Cycle, sung as a round."
3026,3228,6,33,173,212,1.2122641509433962,0.03256869187994087,643,I've always considered Schubert a challenge.
3447,3228,6,33,173,212,1.2122641509433962,0.03256869187994087,643,"And now, Bach's Concerto in C # or B ♭."
4650,3228,9,27,176,212,1.2122641509433962,0.03456662922044421,643,"Oh excuse me! These are real ivory, and you paid a $3 cover."
5376,3228,6,33,173,212,1.2122641509433962,0.03256869187994087,643,Geoffrey could think of only one way to honor Ali.
2225,3236,9,24,165,198,1.2121212121212122,0.03619146030457065,643,"Somewhat shatters the illusion, don't you think?"
390,3236,5,32,161,198,1.2121212121212122,0.03323740584311828,643,"Now, Beethoven's Fifth in the 3rd."
3280,3238,6,34,177,217,1.2119815668202765,0.03208386877758129,643,"Oh, you wanted something by the Bachs?"
868,3238,9,28,180,217,1.2119815668202765,0.034020329631874194,643,"Pound for pound,  the number one pianist in the world."
1702,3238,12,22,183,217,1.2119815668202765,0.035852350282592337,643,"Next I'll be performing Dance Like a Butterfly, Sting Like the Flight of the Bumblebee."
4879,3241,6,27,151,184,1.2119565217391304,0.03562466342939298,643,"Thank you, ladies and gentlemen. Next, in our tribute to Hollywood, I'm going to knock out 'Gonna Fly Now', the rousing theme song of the 'Rocky' movies."
1837,3242,9,32,195,236,1.2118644067796611,0.03217300747588855,643,This piece is dedicated to Muhammad Ali.
5480,3242,9,32,195,236,1.2118644067796611,0.03217300747588855,643,This is my only way to knock out fifty songs a night.
3432,3244,5,33,165,203,1.2118226600985222,0.03271652204027249,643,You did say that you would box my recordings for Christmas!
367,3244,8,27,168,203,1.2118226600985222,0.034881096099978276,643,This song goes out to my father.
1037,3244,8,27,168,203,1.2118226600985222,0.034881096099978276,643,"I am just a poor boy 
Though my story's seldom told ..."""
2994,3244,7,29,167,203,1.2118226600985222,0.03417480819104171,643,It's the Punch and Judy show......But Judy didn't show.....
3252,3244,6,31,166,203,1.2118226600985222,0.03345361213162285,643,Ten rounds with Mike Tyson in D flat
3567,3244,8,27,168,203,1.2118226600985222,0.034881096099978276,643,When you apply for the wrong job and still get
4754,3250,7,33,182,222,1.2117117117117118,0.032256952381122,643,I thought this was a dueling pianos bar.
5412,3250,5,37,180,222,1.2117117117117118,0.03096742617047425,643,"Ladies and gentleman, my psychiatrist says I have to stop tickling the ivories."
2963,3252,3,34,152,189,1.2116402116402116,0.03250160914208955,643,This piece will be played in fortissimo.
3643,3252,4,32,153,189,1.2116402116402116,0.03335628707088069,643,The next tune is a round.
4204,3254,12,20,176,208,1.2115384615384615,0.03692102527435098,643,"And now, 'Coup de Lune' by Cassius Claude Debussy."
854,3254,5,34,169,208,1.2115384615384615,0.03221807215610019,643,"And now, before I take off my gloves, let me show you my Rachmaninoff."
5403,3254,6,32,170,208,1.2115384615384615,0.032931069020961545,643,They said my Beethoven last night was everything but passionate.
1934,3257,7,34,186,227,1.2114537444933922,0.03179129028910917,643,"And now, 'Mars the Bringer of War' by Gustav Holst."
2527,3258,4,33,157,194,1.211340206185567,0.03282175419411043,643,I punched up the composition a little.
2149,3258,3,35,156,194,1.211340206185567,0.03199768114060666,643,"Ladies & Gents, pardon my candor, but whoever leaves their cell phone on is gonna get slugged."
1161,3258,6,29,159,194,1.211340206185567,0.03441074611780377,643,I’m sorry; all I can play is Simon & Garfunkel’s “The Bóxer.
1931,3258,4,33,157,194,1.211340206185567,0.03282175419411043,643,"Ladies and Gentlemen, I am not going to tickle the ivories; I am going to clobber the Bosendorfer.""  This is Beethoven's ""Moonlight Sonata"" without the moonlight"
1030,3262,8,29,176,213,1.2112676056338028,0.033768843470257916,643,"Huh, she was right. These gloves don’t go well with the suit after all."
349,3263,7,28,164,199,1.2110552763819096,0.03458722727163269,643,"The day after Christmas, Harold was obviously confused."
550,3263,5,32,162,199,1.2110552763819096,0.033087136486589216,643,"Float like a butterfly, sting like a bee. California can hear my fortissimo from Carnegie."
1358,3263,8,26,165,199,1.2110552763819096,0.03531338464475284,643,Was that Box or Bach ?
3596,3263,11,20,168,199,1.2110552763819096,0.03740737453035628,643,"I had some minor injuries, but now I'm Bach and better than ever"
1990,3267,6,27,152,185,1.2108108108108109,0.035450093343300494,643,"You will hear a combination of the 1812 Overture, and the Nutcracker Suite........"
4366,3267,6,27,152,185,1.2108108108108109,0.035450093343300494,643,"I shall now attempt to play Box Prelude in C Major"""
4893,3267,5,29,151,185,1.2108108108108109,0.03461148236450188,643,These are perfect for BACHsing!
766,3270,6,31,167,204,1.2107843137254901,0.03330540986430293,643,"The tuner..., where is the tuner? This piano needs to be tuned, right away"
865,3270,7,29,168,204,1.2107843137254901,0.03402272044340707,643,Who requested Wagner’s Ring Cycle?
3022,3270,6,31,167,204,1.2107843137254901,0.03330540986430293,643,"To prove that I hold no grudges, the next complicated piece is in honor of the critic who recently wrote about me that, ‘He plays the piano with fingers permanently wrapped in bandages ensconced in boxing gloves.’’’"
354,3273,6,35,182,223,1.210762331838565,0.03149097042821377,643,"I didn't want to be handled with kid-gloves,but, this is ludicrous."
5596,3274,8,28,173,209,1.2105263157894737,0.03416307118868869,643,"And next, I'll play cxlaeirr dfee lyunme."
4050,3274,10,28,190,228,1.2105263157894737,0.03344561529345368,643,And now I shall play the Flyweight of the Bumblebee.
3086,3274,4,36,169,209,1.2105263157894737,0.03135424904582213,643,Dun Dun Dun Dun!
3634,3274,8,28,173,209,1.2105263157894737,0.03416307118868869,643,And now my Rocky overture
601,3274,6,36,186,228,1.2105263157894737,0.03104895701476361,643,"Preparing to play ""The Boxer"""
359,3274,5,30,155,190,1.2105263157894737,0.03402742164480584,643,This next piece will knock your socks off.
1453,3274,4,36,169,209,1.2105263157894737,0.03135424904582213,643,Let's see you demand 'Free Bird' now.
1744,3281,6,37,190,233,1.2103004291845494,0.030623992213684982,643,"He's pretty good, but he always goes down during the Fifth."""
436,3282,9,27,178,214,1.2102803738317758,0.03427140280830482,643,which one of my arts have you come to see?
3092,3282,5,35,174,214,1.2102803738317758,0.03160729622307406,643,"Sorry, I can't perform tonight, this piano is out of tune."
3240,3282,6,33,175,214,1.2102803738317758,0.03229393354040561,643,"...and now,the Rocky Sonata"
3667,3282,10,25,179,214,1.2102803738317758,0.03490567316967353,643,Could I get my cut man up here for this next piece?
2020,3286,10,21,164,195,1.2102564102564102,0.0372102382240939,643,"Final Fight Scene from Rocky III, in B Flat"""
552,3286,8,25,162,195,1.2102564102564102,0.03576123096991215,643,"Next, ""Fright of the Bumblebee""."
3258,3286,6,29,160,195,1.2102564102564102,0.034250977391499196,643,"And now for my next number, the Tyson Concerto in A Minor"
453,3289,9,32,197,238,1.2100840336134453,0.031926800808290835,643,"This next number is a heavyweight with an uppercut in D minor Frank Buckley Andover, MA"
317,3290,6,34,179,219,1.2100456621004567,0.031819517010126336,643,And now to play the same song softly.
1667,3290,7,32,180,219,1.2100456621004567,0.032471117905594545,643,"I am just a poor boy
Though my story's seldom told
I have squandered my resistance
For a pocket full of mumbles, such are promises
All lies and jests
Still a man hears what he wants to hear
And disregards the rest..."
2275,3290,8,30,181,219,1.2100456621004567,0.03310989781500883,643,I'll knock out the other finalists !
1216,3293,5,32,163,200,1.21,0.03293819398685329,643,I'm terrible with chopsticks.
1518,3293,6,30,164,200,1.21,0.03369237123440535,643,I told the Times critic I would knock the hell out of that Rachmaninoff concerto!
489,3293,7,28,165,200,1.21,0.034430032466995907,643,It's time to get in the ring...cycle.
2147,3293,7,28,165,200,1.21,0.034430032466995907,643,Who said I'm all thumbs?
2156,3297,7,33,184,224,1.2098214285714286,0.031996103790529244,643,"I doubt that my challenger, Mr. Cage, could last four minutes and thirty-two seconds, let alone thirty-three..."
901,3297,6,35,183,224,1.2098214285714286,0.03136418691557134,643,It’s the theme from “Rocky.”
4946,3299,6,31,168,205,1.2097560975609756,0.033158492129587866,643,"And now, Prokofiev's piano concerto no. 5, written in one-two, one-two."
3693,3299,8,27,170,205,1.2097560975609756,0.03457070458656611,643,And so to start of my Boxing Day concert...
287,3299,6,31,168,205,1.2097560975609756,0.033158492129587866,643,I'd like to dedicate this next song to Simon and Garfunkel.
1166,3299,4,35,166,205,1.2097560975609756,0.03168339604594586,643,"And now, my latest composition, 'Glissando Waltz'."
363,3303,6,27,153,186,1.2096774193548387,0.03527719791836999,643,Helps keep the beat.
963,3303,7,25,154,186,1.2096774193548387,0.03609159641439608,643,Another round?  Harmony or counterpoint?
2601,3303,4,31,151,186,1.2096774193548387,0.03358921576095887,643,We're trying for a new demographic
216,3306,4,40,185,229,1.2096069868995634,0.029662309636612268,643,"And now, something guaranteed to make you let down your guard."
2820,3306,11,26,192,229,1.2096069868995634,0.03388200415956506,643,"Next, I shall play a new edition of John Cage's 4'33""...."
1309,3308,8,28,174,210,1.2095238095238094,0.03401477718256439,643,Now for the Flight of the Bumblebees in Colony Collapse.
3122,3308,6,32,172,210,1.2095238095238094,0.03264763595633391,643,"And now, Boxer Concerto No. IV, in G minor."
2458,3310,10,20,161,191,1.2094240837696335,0.03771623123939723,643,Then your four-year-old must be a musical prodigy.
1163,3310,4,32,155,191,1.2094240837696335,0.03304307027126309,643,The odds are 50 to one that I can't knock this baby out.
151,3310,3,34,154,191,1.2094240837696335,0.032198336788716614,643,"Well, you said to punch it up a bit."""
2301,3313,12,25,197,234,1.2094017094017093,0.03392219930121178,643,And now for some Rachmaninov.
422,3314,8,29,178,215,1.2093023255813953,0.033482696517291646,643,"And now I will bang out my number, 'Love is a battlefield.'"
4787,3314,6,33,176,215,1.2093023255813953,0.0321582546761018,643,"This is not, what I had in mind for dueling pianos !"
510,3316,2,37,157,196,1.2091836734693877,0.03087061730451429,643,And next I'll be playing my interpretation of 'The Boxer'.
3041,3316,3,35,158,196,1.2091836734693877,0.031706838955010516,643,"And now for a little number called ""Punch Drunk""."
4345,3316,7,27,162,196,1.2091836734693877,0.034851658949722225,643,Wouldn't want to tickle the ivories.
4862,3319,8,30,182,220,1.209090909090909,0.032972880343470685,643,This next piece is originally by Tyson.
4796,3320,5,32,164,201,1.208955223880597,0.032790561300067814,643,"Now, from the original score, ‘The Boxer’."
4441,3320,1,40,160,201,1.208955223880597,0.029600944837101514,643,Would someone in the audience lend me a hand or two?
4221,3320,5,32,164,201,1.208955223880597,0.032790561300067814,643,Now we present...Punch de Rhythm in C Minor
4009,3320,6,30,165,201,1.208955223880597,0.03354060455857347,643,I just can't fight this feeling anymore.
4053,3320,4,34,163,201,1.208955223880597,0.032022955306973314,643,"I'll just be pounding out a few jabs for you, until the main event tonight."
1269,3320,4,34,163,201,1.208955223880597,0.032022955306973314,643,"What I said was ""with one hand tied behind my back""!"
4057,3320,8,26,167,201,1.208955223880597,0.034992494076827224,643,"As you probably guessed, the next piece is the soundtrack from ""Rocky."""
2956,3327,7,33,185,225,1.208888888888889,0.031867228969380886,643,And now the mitt fit concerto world premiere
4915,3328,4,30,148,182,1.2087912087912087,0.033993295071637224,643,I guarantee this next one will knock your socks off.
4100,3329,5,33,168,206,1.2087378640776698,0.0322875840743436,643,I would like to welcome everyone to the Muhammad Ali Memorial Concert...
3006,3329,6,31,169,206,1.2087378640776698,0.03301284268668402,643,"CHOPSTICKS?
THAT'S YOUR REQUEST?
CHOPSTICKS!"
3059,3329,6,31,169,206,1.2087378640776698,0.03301284268668402,643,I bite my nails before I play and these help me to stop.
1395,3329,10,23,173,206,1.2087378640776698,0.03576711576081451,643,"And now, ""Mitten on the Keys."""
726,3329,8,27,171,206,1.2087378640776698,0.034417541690998595,643,"Thank you.  My next piece is ""Piano as Percussion Instrument in 3 Rounds - TOPS!"""
2775,3329,3,37,166,206,1.2087378640776698,0.030785852133113467,643,"My next tune, The Boxer."
4757,3335,7,34,189,230,1.208695652173913,0.031415745930662764,643,"I'd like to thank my mom for this next song, titled ""Stop Itching Your Poison Ivy."""
5589,3335,9,30,191,230,1.208695652173913,0.032602049825905276,643,For the boxed set.
943,3337,5,29,153,187,1.2085561497326203,0.03427720785499339,643,Mid-career transitions are always difficult - but this one has been especially so for me.
4658,3337,3,33,151,187,1.2085561497326203,0.032556488843227566,643,Life of an artist is a constant battle
2119,3339,11,22,178,211,1.2085308056872037,0.035811085780952254,643,"I could write something clever, but the New Yorker wouldn't get it."
298,3339,8,28,175,211,1.2085308056872037,0.033867746466632834,643,"And now, the unfinished symphony!"
994,3339,7,30,174,211,1.2085308056872037,0.03319469404438889,643,I've been asked to tone it down.
3487,3339,7,30,174,211,1.2085308056872037,0.03319469404438889,643,They're so I don't bite my nails.
4479,3343,2,36,154,192,1.2083333333333333,0.031186307984450313,643,Applaud or I'll punch you in the nose.
3148,3343,2,41,173,216,1.2083333333333333,0.02921046913901375,643,"I give you, the Ali Conceto."
4904,3345,8,35,202,245,1.2081632653061225,0.03071133733176914,643,You said to ‘make it punchier.’
2315,3346,5,36,180,221,1.2081447963800904,0.030900824415176265,643,This next part I call the Mike Tyson finale.
5661,3347,6,29,162,197,1.2081218274111676,0.033935776524431006,643,I intend to knock out this song in very short measure.
1292,3348,6,35,185,226,1.2079646017699115,0.03111360340667992,643,"This next selection is entitled ""The Terrible Twos."""
2981,3349,6,30,166,202,1.2079207920792079,0.033390176177228816,643,Rachmaninov is merciless. So am I.
723,3350,6,31,170,207,1.2077294685990339,0.03286844555852527,643,Now I will perform Rocky Balboa's Ringside rhapsody in g-flat minor.
953,3350,8,27,172,207,1.2077294685990339,0.03426571090761927,643,It's safe to remove your ear plugs.
3830,3350,7,29,171,207,1.2077294685990339,0.033574347778015566,643,I wish my brother Ali were here...
3971,3350,8,27,172,207,1.2077294685990339,0.03426571090761927,643,"I shall now play ""Knockout!"" by the late John Cage."
658,3354,7,35,194,236,1.2076271186440677,0.03086278018294853,643,its the beat
900,3355,7,30,175,212,1.2075471698113207,0.033052383955411796,643,This may only be a baby grand but it packs a powerful punch.
1199,3355,6,32,174,212,1.2075471698113207,0.03236895678740537,643,"I'm more of a ""tackle the ivories"" kind of guy"
1254,3355,6,32,174,212,1.2075471698113207,0.03236895678740537,643,"If you will,a Rachmaninoff/Ali variation: Float like a butterfly,sting like a bumblebee."
2484,3355,6,32,174,212,1.2075471698113207,0.03236895678740537,643,...and now I'd like to play a selection from the concerto for piano and boxing gloves in the key of whatever.
2538,3355,7,30,175,212,1.2075471698113207,0.033052383955411796,643,And now: Box Fugue in D Major.
3407,3355,6,32,174,212,1.2075471698113207,0.03236895678740537,643,"What? I'm just preparing for the end 
of Tchaikovsky's 1812 overture."
4118,3355,3,38,171,212,1.2075471698113207,0.030226101280379752,643,"Hit it, Maestro! I’m ready to pound those keys!"
3797,3362,4,31,153,188,1.2074468085106382,0.03326813940803518,643,"Sorry, was I a little flat?"
4280,3362,3,33,152,188,1.2074468085106382,0.03240184880894125,643,"And now a song from the movie, Raging Bull ."
2945,3364,8,29,180,217,1.207373271889401,0.03320128824540009,643,At this point in the program I get quite punchy.
1342,3364,9,27,181,217,1.207373271889401,0.033837773843180784,643,When was this piano tuned?
842,3366,2,36,155,193,1.2072538860103628,0.03104307334718255,643,My next number will be a Palooka  composition.
982,3366,7,26,160,193,1.2072538860103628,0.03512170601752163,643,This piano murdered my father.
3356,3366,9,22,162,193,1.2072538860103628,0.036626205998960354,643,"And now, another of Box cantatas..."
3489,3366,3,34,156,193,1.2072538860103628,0.03190054496379471,643,I am really going to knock this one out!
218,3370,6,34,182,222,1.2072072072072073,0.031430915016032006,643,"l""My piano style is to float like a butterfly and sting like Ali."""
1626,3370,6,34,182,222,1.2072072072072073,0.031430915016032006,643,And now for the staccato portion...
4082,3370,10,26,186,222,1.2072072072072073,0.03392582210254343,643,It's cutting edge in Post-Modern music.
5243,3373,5,31,162,198,1.207070707070707,0.03301264792608046,643,‘I used to be a contenda’
4784,3373,7,27,164,198,1.207070707070707,0.034530902811683396,643,"And now, the grand finale: Chopsticks."
2678,3373,4,33,161,198,1.207070707070707,0.032226708800962824,643,I will just punch out a few tunes  for you
2140,3373,6,29,163,198,1.207070707070707,0.03378030618630675,643,"For my next tune, similar to the first, a bunch of noise produced from banging on the keys."
2078,3373,6,29,163,198,1.207070707070707,0.03378030618630675,643,"If you don’t like how I’m playing, come up here so we can discuss it!"
1391,3373,6,29,163,198,1.207070707070707,0.03378030618630675,643,...and in..3..2..1!
2197,3379,5,37,185,227,1.2070484581497798,0.030354269397167996,643,"Tonight I will  be performing ""Eye of the Tiger"" in D# Major"
457,3380,5,32,166,203,1.206896551724138,0.03249915858413019,643,You bet I know the ‘Notre Dame Fight Song’!
1513,3380,5,32,166,203,1.206896551724138,0.03249915858413019,643,"For my next piece, ""Rocky"" in D minor."
4974,3380,6,30,167,203,1.206896551724138,0.03324106885943758,643,"My opponent has been talking trash about my glissandos, but his crescendos are pathetic."
1151,3383,11,27,199,237,1.2067510548523206,0.03298895940048799,643,They give my pianissimos a pugilistic touch.
5287,3383,6,37,194,237,1.2067510548523206,0.030157634413180704,643,"And now I give you “Für Alise,” by Stings-Like-A-Beethoven."
5064,3385,6,31,171,208,1.2067307692307692,0.03272528502670214,643,And now I will play something soft yet powerful.
4084,3385,7,29,172,208,1.2067307692307692,0.03342746495752483,643,And this next song is really a knockout....
2183,3385,6,31,171,208,1.2067307692307692,0.03272528502670214,643,Symphony in flat accidentals!
2745,3385,4,35,169,208,1.2067307692307692,0.03127366325302466,643,"Is it cold in here, or is it just me?"
1061,3385,7,29,172,208,1.2067307692307692,0.03342746495752483,643,"Don't worry ladies and gentlemen, I'm just the undercard."
455,3385,6,31,171,208,1.2067307692307692,0.03272528502670214,643,And now my interpretation of baby Mozart.
366,3385,7,29,172,208,1.2067307692307692,0.03342746495752483,643,"And in this corner, The Challenger, Rachmaninoff Concerto No. 3--AREYOU READYTORUMBOOOOOOOOOOOL?"
1072,3385,8,27,173,208,1.2067307692307692,0.034115195249246416,643,"Adrian, my music."
2064,3393,11,22,180,213,1.2065727699530517,0.03550091984215558,643,"...but he said, dualing pianos?!"
3535,3393,6,32,175,213,1.2065727699530517,0.0322313635516119,643,I am also a great lover.
4142,3393,6,32,175,213,1.2065727699530517,0.0322313635516119,643,"This way, I can play more notes at once."
2590,3396,6,33,179,218,1.2064220183486238,0.03175785691450977,643,At measure 40 it's a real knockout.
3593,3397,6,27,156,189,1.2063492063492063,0.0347683270882042,643,And now I'd like to play you a punchy little tune.
1779,3398,10,26,187,223,1.2062780269058295,0.03378612522251172,643,"And now, the Rocky theme song."
2845,3399,9,22,163,194,1.2061855670103092,0.03645258003630953,643,"I will now play the Overture to ""The Boxer's Tale."""
2364,3399,5,30,159,194,1.2061855670103092,0.033393514209990975,643,I thought the point was to create as much dissonance as possible?
531,3399,4,32,158,194,1.2061855670103092,0.03258390463542082,643,"Theme song from ""Rocky""? Sorry, I don't know that one. Any other requests?"
280,3399,6,28,160,194,1.2061855670103092,0.03418395444204107,643,Now for a rendition of that Simon and Garfunkle classic 'The Boxer'
1344,3403,8,31,189,228,1.206140350877193,0.03209443288309856,643,Let’s get ready to rrrumble!
4069,3403,7,33,188,228,1.206140350877193,0.03148666002332499,643,Pugilist or Pianist? You decide.
961,3405,8,25,166,199,1.2060301507537687,0.03510329186730512,643,"I can still do ""Chop Sticks"""
1109,3405,6,29,164,199,1.2060301507537687,0.03362623098808164,643,I will now play Box Toccata and Fugue
1671,3405,3,35,161,199,1.2060301507537687,0.03128013549007964,643,But I don't know 'Rhapsody in Black and Blue!'
3746,3405,6,29,164,199,1.2060301507537687,0.03362623098808164,643,You think it's easy to play this way ?
112,3409,7,34,192,233,1.206008583690987,0.031048827234119326,643,This next piece should be a knockout in the 7th.
5563,3409,11,26,196,233,1.206008583690987,0.0333470290251769,643,"Music Therapy ""Bring to mind the image of your music teacher and proceed to pound."""
4172,3411,9,24,171,204,1.2058823529411764,0.03521434043744785,643,"And now I'd like to play a little number called, ""Punching the Ivories."""
4148,3411,7,28,169,204,1.2058823529411764,0.033815076699047,643,"Ladies and Gentlemen, for my encore I will play a real smash hit!"
1610,3411,7,28,169,204,1.2058823529411764,0.033815076699047,643,Next piece is for the Poughkeepsie “his Beethoven lacked punch” Times-Herald.
1631,3411,5,25,140,170,1.2058823529411764,0.036269727470319896,643,Next I will preform a piece composed by Rocky Balboa.
70,3415,9,25,175,209,1.2057416267942584,0.034636603284355374,643,"""Yes, I can play the theme for Rocky."""
5373,3415,6,31,172,209,1.2057416267942584,0.03258334562649817,643,It's called 'No place to Haydn'.
761,3417,9,26,179,214,1.205607476635514,0.03408393338680903,643,"This next piece is ""Etude in B-flat"" by Joe Lewis."
1083,3417,6,32,176,214,1.205607476635514,0.032094915612593325,643,"It's ok, I'm the undercard."
2476,3417,8,28,178,214,1.205607476635514,0.03343407761756637,643,L-l-l-l-l-let's get ready to Rachmaninof-f-f-f-f!!!
3260,3417,5,34,175,214,1.205607476635514,0.03140392713022535,643,This piece will knock your socks off.
5024,3417,6,32,176,214,1.205607476635514,0.032094915612593325,643,The forte begins when the gloves come off!
1680,3422,9,19,152,180,1.2055555555555555,0.038353142175383145,643,Why is my first request song  always: 'Tenderly' ?
4731,3423,7,31,181,219,1.2054794520547945,0.03228205593231461,643,political correctness my ass. This piece can’t be handled with kid’s gloves
3561,3423,6,33,180,219,1.2054794520547945,0.031626560039558285,643,"And for my next number, the theme from ""Raging Bull."
335,3423,6,33,180,219,1.2054794520547945,0.031626560039558285,643,These ivories seem to be extra ticklish!
3424,3423,5,35,179,219,1.2054794520547945,0.030957187608929876,643,"Next, my version of Nancy Pelosi's budget blues."
5037,3427,4,30,151,185,1.2054054054054053,0.03349702031515588,643,"And now my latest composition, which I call ‘Ten Rounds of Agony.’"
5212,3427,8,22,155,185,1.2054054054054053,0.03683840382421502,643,Nobody would ask Bobby Short to do this.
3897,3429,5,36,183,224,1.2053571428571428,0.030528120086943285,643,I have a request from Agnes for a punchy tune
4189,3429,7,32,185,224,1.2053571428571428,0.03181262312104547,643,I hope you like Bach's music.
4224,3431,2,35,153,190,1.2052631578947368,0.0312171796316098,643,I’ve been known to bang out those oldies but goodies!
4852,3431,4,31,155,190,1.2052631578947368,0.03295302549426971,643,"Sorry, doctor's orders to stop biting my nails."""
2700,3431,5,29,156,190,1.2052631578947368,0.033787522575099926,643,To consider this next song to be my biggest hit is a bit of an understatement.”
170,3431,5,29,156,190,1.2052631578947368,0.033787522575099926,643,Anybody else want to throw out a request?
2467,3431,5,29,156,190,1.2052631578947368,0.033787522575099926,643,The concert was a knockout
2681,3431,4,31,155,190,1.2052631578947368,0.03295302549426971,643,My final encore: our college fight song
837,3431,6,27,157,190,1.2052631578947368,0.03460189986546671,643,I'm going to play Mozart's all thumbs sonata in E major.
2693,3438,4,32,159,195,1.205128205128205,0.03243361702736798,643,I think I came to the wrong auditorium.
4299,3438,6,28,161,195,1.205128205128205,0.03402463374804186,643,"Any other beatboxers in the audience, tonight?"
1978,3440,6,29,165,200,1.205,0.03347353263303224,643,I'm taking an eight count.
3025,3440,6,29,165,200,1.205,0.03347353263303224,643,"I call this one ""Back Home in Palookaville"""
5679,3440,8,25,167,200,1.205,0.03494252279812504,643,I will now play a Branding Burger by Bach-Sing-Gloves
3150,3443,6,30,169,205,1.2048780487804878,0.0329467499121794,643,"And now, my very own, Raging Bull Concerto in B-flat major."
4518,3443,8,26,171,205,1.2048780487804878,0.03436766423659565,643,Now I shall play “Float Like A Butterfly and Flight of the Bumblebee”.
1398,3443,6,30,169,205,1.2048780487804878,0.0329467499121794,643,I’m actually a featherweight according to this scale.
527,3443,6,30,169,205,1.2048780487804878,0.0329467499121794,643,No worries...there only two keys
1690,3447,7,29,174,210,1.2047619047619047,0.0331374644355806,643,I get punchy before a performance.
4788,3447,4,35,171,210,1.2047619047619047,0.031006227589890297,643,"And now I'll go a few rounds with ""Chopsticks."""
2057,3449,9,26,180,215,1.2046511627906977,0.033938509169289935,643,I can knockout this Steinway in three notes....
2720,3449,8,28,179,215,1.2046511627906977,0.03329194487418784,643,This is a little something George Forman wrote when he was a bit woozy after a bout.
5344,3449,9,26,180,215,1.2046511627906977,0.033938509169289935,643,"I,ll knock one out to you"
637,3452,8,29,183,220,1.2045454545454546,0.032787811265294724,643,"Next up is Rachmaninoff’s little known submission for the ""Theme from Rocky"""
3680,3452,7,31,182,220,1.2045454545454546,0.03214855466663281,643,I thought it should sound more bombastic.
4932,3454,8,30,187,225,1.2044444444444444,0.032304219696957195,643,This is gonna get nuts real fast.
916,3454,6,34,185,225,1.2044444444444444,0.031051530249960272,643,"Despite claims that I'm punching above my weight,I will now attempt to knock out some Chopin."
5281,3456,5,27,149,181,1.2044198895027625,0.034791523318105574,643,It’s last call and I got a request for Nickelback. You kinda just have to roll with the punches.
1755,3457,6,35,189,230,1.2043478260869565,0.030624055469185996,643,It's not time to take the gloves off.
5138,3458,3,32,151,186,1.2043010752688172,0.03245122830548749,643,ARE...YOU...READY...TO...RRRUMBLE?!?
4991,3459,7,34,194,235,1.2042553191489362,0.03080886429172928,643,It's my new brand. The critics say I play like I'm wearing boxing gloves.
305,3460,6,27,158,191,1.2041884816753927,0.0344370341315231,643,Here’s my rendition of “Heart and Soul.”
1803,3460,6,27,158,191,1.2041884816753927,0.0344370341315231,643,"And now I'd like to play the theme from""Rocky """
2230,3460,7,25,159,191,1.2041884816753927,0.03522812684159769,643,"When I told you to order any gloves with Prime shipping, I did not mean ANY gloves."
5139,3460,6,27,158,191,1.2041884816753927,0.0344370341315231,643,My next piece is “Punchinello” in B flat.
4928,3464,5,30,161,196,1.2040816326530612,0.03308518361008075,643,Please Ma.  I'll never play with myself again.
3789,3464,8,24,164,196,1.2040816326530612,0.03537817470961922,643,Oh! Not the fight of the bumblebee?
3179,3464,5,30,161,196,1.2040816326530612,0.03308518361008075,643,This next event will consist of ten three-minute rounds.
261,3464,7,36,202,245,1.2040816326530612,0.029998304392626962,643,I’m a Bachser by trade.
155,3464,5,30,161,196,1.2040816326530612,0.03308518361008075,643,"I will now play the theme song and other songs from 'Rocky'"""
2791,3464,7,26,163,196,1.2040816326530612,0.034630717896502614,643,What? A TKO? But we're only in the first rondo!
3135,3470,6,29,166,201,1.2039800995024876,0.03332219313361265,643,My next piece is Opus No. 19. by Mayweather.
3138,3470,8,25,168,201,1.2039800995024876,0.03478320058298216,643,And now my ode to Rocky… mononinoff.
2286,3472,6,30,170,206,1.203883495145631,0.032801505225522685,643,"And now, the Maxie Rosenbloom Variations!"
4822,3472,5,32,169,206,1.203883495145631,0.032071467820510687,643,"My dad wanted me to be a boxer and my mom wanted me to be a pianist. Please enjoy this next song, 'Gonna Fly Now'."
1820,3472,6,30,170,206,1.203883495145631,0.032801505225522685,643,"And now, the 1812 Overture...."
3437,3472,10,22,174,206,1.203883495145631,0.035572145460342305,643,"And now, ""The Well-Tempered Clavier,"" by Johann Sebastian Box."
1354,3472,5,32,169,206,1.203883495145631,0.032071467820510687,643,"The secret is ""mind over matter""."
120,3472,5,32,169,206,1.203883495145631,0.032071467820510687,643,The pugilist in me will now pound out a familiar martial score.
1819,3472,7,28,171,206,1.203883495145631,0.03351564473433164,643,It's called 'The Sting of the Bumble Bee.'
3475,3479,3,37,171,211,1.2037914691943128,0.03013434405452658,643,This rendition calls for a soft touch.
3872,3479,5,33,173,211,1.2037914691943128,0.031596705012574465,643,He’ll be out by the 10th bar.
4354,3479,8,27,176,211,1.2037914691943128,0.033671373327119405,643,"This may look a bit bizarre ladies and gentlemen, but somehow I have misplaced my hockey stick."
2990,3482,6,32,178,216,1.2037037037037037,0.03182540014959916,643,The Third Contender Sonata by R. Balboa
5362,3482,3,38,175,216,1.2037037037037037,0.02972637092337101,643,Now let's hear you say my music has no beat
2261,3482,9,26,181,216,1.2037037037037037,0.03379430515767967,643,And we'll conclude the evening with a knock out medley from the  Lord of the Rings soundtrack.
2581,3482,6,32,178,216,1.2037037037037037,0.03182540014959916,643,This next piece is in key KO sharp
2875,3486,8,30,188,226,1.2035398230088497,0.03217368307831499,643,This is a new piece I call pianissimo
1411,3487,8,21,153,182,1.2032967032967032,0.03715573032978475,643,Lay em out again Sam.
1689,3487,9,19,154,182,1.2032967032967032,0.03796394426603715,643,"The composer was also briefly the bantamweight champion of the world, 1936."
2858,3487,9,19,154,182,1.2032967032967032,0.03796394426603715,643,Must be how Trump attempts to play pianissimo
3923,3487,4,29,149,182,1.2032967032967032,0.03372976763571509,643,Can I start again?
595,3491,6,26,155,187,1.2032085561497325,0.03486424994080735,643,"And now, Rocky's Fifth Symphony in Creed major."""
2742,3492,7,25,160,192,1.203125,0.035060299667623994,643,I will now preform Sting of the Bumblebee
814,3492,5,29,158,192,1.203125,0.03346863560340603,643,"And now, the Marquess of Queensbury Symphony."
984,3492,7,25,160,192,1.203125,0.035060299667623994,643,Are you sure Billy Joel started  this way?
4630,3492,9,21,162,192,1.203125,0.03658277813963303,643,"The  Copacabana presents,
 “An Evening with Mike Tyson”"
654,3496,6,28,163,197,1.2030456852791878,0.03371033879382005,643,We start on the downbeat after a standing 8 count.
31,3496,7,26,164,197,1.2030456852791878,0.03447004946744056,643,"In the lobby after the show, I'll be selling my box set."
518,3498,4,33,165,202,1.202970297029703,0.031652443725219595,643,Improvisation is the key.
2161,3498,7,27,168,202,1.202970297029703,0.03390653573288204,643,"So, we will now perform THE PASTORAL SYMPHONY by Beethoven   I am debuting a new interpretation of the storm."
2922,3498,4,33,165,202,1.202970297029703,0.031652443725219595,643,"I know, I know it's disappointing. Yet here in this golden Trump Hotel DC I feel strangely moved to present my own version of A Boxer's Rebellion."
3110,3501,5,32,170,207,1.2028985507246377,0.03193135139414722,643,"Our first piece tonight is ""Vivaldi's K.O. in the First Round."""
4185,3501,5,32,170,207,1.2028985507246377,0.03193135139414722,643,This next piece was written and recorded by Muhammad Ali
5654,3501,4,34,169,207,1.2028985507246377,0.031188284444180446,643,Now a surprise treat -- a little composition I wrote as a ham-fisted beginner.
5703,3504,5,33,174,212,1.2028301886792452,0.03146199953877571,643,Did I win?
2525,3504,3,37,172,212,1.2028301886792452,0.03000726531551699,643,It took me a while to get the right hook.
5282,3504,8,27,177,212,1.2028301886792452,0.033525953824925916,643,"Now my own original piece, 'Bach's Gloves'"
1507,3504,10,23,179,212,1.2028301886792452,0.03483404976647359,643,My next selection is ‘Slopsticks.’
1664,3504,6,31,175,212,1.2028301886792452,0.03216470327251551,643,"Next is 'Ode to Mohammed Ali, Opus 1'"
1024,3509,5,34,178,217,1.2027649769585254,0.03101181751949494,643,This is what happens when you tickle the wrong ivories.
2177,3509,5,34,178,217,1.2027649769585254,0.03101181751949494,643,"Our next number will be a three minute score
titled - Pound of flesh."
2395,3509,6,32,179,217,1.2027649769585254,0.031692305428456295,643,What key is this in?
3767,3509,7,30,180,217,1.2027649769585254,0.03235848607210584,643,I'm now going to play Beethoven's Fist Symphony followed by a Bop cantata.
5450,3509,5,34,178,217,1.2027649769585254,0.03101181751949494,643,"And now i will perform, the one note samba"
4586,3514,6,33,183,222,1.2027027027027026,0.031238997778966642,643,'Toccata and fugue in g minor' by J.S. Box.
1029,3514,7,31,184,222,1.2027027027027026,0.031884788361872224,643,And now Ladies and Gentlemen Beethoven's two fisted symphony in a left and a right and a...
3406,3514,7,31,184,222,1.2027027027027026,0.031884788361872224,643,"This is the best way to play ""Louie, Louie""."
4694,3514,8,29,185,222,1.2027027027027026,0.03251775631141365,643,I wrote it in the Boxa Nova genre
4742,3518,7,32,188,227,1.2026431718061674,0.031429998461046715,643,It's just a forte when I play
4868,3519,6,36,195,237,1.2025316455696202,0.02998202070739519,643,"This next one goes out to my good friend, 'Sly"" Stallone!"
1299,3520,5,39,198,242,1.2024793388429753,0.02900878177482169,643,For my encore I will now play “Left hook in G-minor.”
2215,3521,6,25,152,183,1.2021857923497268,0.035307166116735324,643,"And now ladies and gentlemen -
Let’s get ready to Rumble!!!!"
3703,3521,3,31,149,183,1.2021857923497268,0.03265651938072114,643,My manager thinks I need something to fall back on.
1994,3523,9,21,163,193,1.2020725388601037,0.03640795161283729,643,"Heckle me one more time and I swear you're going to be the one ""off key""."
2130,3523,4,31,158,193,1.2020725388601037,0.0324911851107349,643,Here's my fortissimo crescendo without breaking a mano.
3723,3523,6,27,160,193,1.2020725388601037,0.03411190176752251,643,first few notes of beethoven’s fifth is my favorite.
4845,3523,2,35,156,193,1.2020725388601037,0.03078526234422857,643,This is how I warm up.
428,3527,5,30,163,198,1.202020202020202,0.03278239982953659,643,"And now, the theme from ""Jaws""."
840,3527,8,24,166,198,1.202020202020202,0.03505008170363473,643,And now Rocky Maninoff’s Suite in 12 Rounds
3963,3527,7,26,165,198,1.202020202020202,0.03431084470662563,643,I will now play some of Beethoven's VERY early works.
2496,3530,9,23,171,203,1.2019704433497538,0.03516920444220896,643,"And now, I'll play a selection of Muhammad Ali's hits."
3237,3530,9,23,171,203,1.2019704433497538,0.03516920444220896,643,I will now perform Trump's Minuet in F flat minor.
693,3530,8,25,170,203,1.2019704433497538,0.03446882056085561,643,"Okay,so I lost the bet. But,for God's sake,I'm a piano player!"
1547,3530,6,29,168,203,1.2019704433497538,0.03302352026016618,643,And now I shall perform Etude to Discovering the Piano by a Three-Year-Old.
225,3534,8,26,174,208,1.2019230769230769,0.033913304134999885,643,"I, too, don't understand this gig."
780,3534,7,28,173,208,1.2019230769230769,0.03322139467188795,643,"This sonata is all about nimble finger work, and a good left hook."
3909,3534,5,32,171,208,1.2019230769230769,0.031792433016836485,643,"Next, I'll be playing ""Great Balls of Fire """
1429,3537,5,33,175,213,1.2018779342723005,0.03132841789194085,643,Up next: Box Concerto in D Minor.
2487,3537,6,31,176,213,1.2018779342723005,0.03202749865757043,643,Did I hear a request for “Chopsticks”?
2576,3537,7,29,177,213,1.2018779342723005,0.03271164277301389,643,Are you ready to rumba?
3343,3537,9,25,179,213,1.2018779342723005,0.034038704120551704,643,"The owners of this establishment have asked me to wear these during ""Candle in the Wind"" because I can't help touching myself."
3431,3537,8,27,178,213,1.2018779342723005,0.03338176861039373,643,Next I will perform for you one of the lesser known piano compositions by the legendary John Cage.
5562,3537,5,33,175,213,1.2018779342723005,0.03132841789194085,643,"I will now play 'Braggadocio,' an etude of my own composition.'"
5321,3543,4,36,178,218,1.201834862385321,0.03019100473488047,643,"And now for my next number, “Can’t Fight This Feeling.”"
5501,3543,6,32,180,218,1.201834862385321,0.031560301601741225,643,"This piece is to be played ""buone percosse"", which means ""with a good beating""."
4404,3543,11,22,185,218,1.201834862385321,0.0347482706464812,643,I call this 'Chopsticks'.
172,3543,4,36,178,218,1.201834862385321,0.03019100473488047,643,I'm going to pound out my next selection.
3612,3543,7,30,181,218,1.201834862385321,0.03222313722061397,643,And now I will play some chin music for you.
4382,3543,7,30,181,218,1.201834862385321,0.03222313722061397,643,"On second thought, my next piece is much better suited for a cappella."
1233,3549,5,35,183,223,1.201793721973094,0.030455702958063425,643,Let's get ready to rumbaaaaaaaaaaaaa!
4856,3549,7,31,185,223,1.201793721973094,0.031754497787653754,643,"And now, a Box Sonata"
4513,3551,7,32,189,228,1.2017543859649122,0.03130446355140506,643,"and now a number from my boxed collection"""
5300,3551,6,34,188,228,1.2017543859649122,0.03068104586838561,643,"This piece is called the ""Boxer Rebellion"""
4595,3553,7,21,146,174,1.2011494252873562,0.037335233720037914,643,And now from Simon & Garfunkel
3935,3554,8,21,155,184,1.201086956521739,0.03678378074044547,643,88 Keys to Anger Management : “#1: instead of tickling the ivories beat them to a pulp”.
3266,3554,5,27,152,184,1.201086956521739,0.034276186074787274,643,"Float like a butterfly, sting on the keys."
508,3554,8,21,155,184,1.201086956521739,0.03678378074044547,643,This is the only way to make “Chopsticks” impressive.
2334,3554,3,31,150,184,1.201086956521739,0.032497136325348584,643,"Original ""Chops"""
4060,3558,6,26,157,189,1.2010582010582012,0.03452765345138686,643,It bit me during rehearsal...
1868,3559,6,27,161,194,1.2010309278350515,0.03395159339793445,643,"My uncle went to Julliard,so I'm pretty sure I know how to hit the notes."
3003,3559,6,27,161,194,1.2010309278350515,0.03395159339793445,643,And now for a completely new attack on the Rachmaninov No. 2!
3118,3559,9,21,164,194,1.2010309278350515,0.03623476982494409,643,Now for my feisty version of Brahms's 'Lullaby.
3186,3559,5,29,160,194,1.2010309278350515,0.03315561406844994,643,"For my next selection, I'm going to attempt a very difficult composition that I've been fighting to learn.  It requires dexterity and expert fingering."
4387,3559,9,21,164,194,1.2010309278350515,0.03623476982494409,643,"Hey Shostakovitch, I know they don't want me to win, but... seriously?"
2055,3564,5,30,164,199,1.2010050251256281,0.03263304247257017,643,"And now, the overture to one of my favorite contemporary operas, The Raging Bull."
1980,3564,6,28,165,199,1.2010050251256281,0.033401711120019925,643,Let's see you try to 'beat it eight to the bar' with these damn things.
3202,3564,6,28,165,199,1.2010050251256281,0.033401711120019925,643,"And now, ladies and gentlemen, here is our last contestant  battling it out for most original song ."
243,3564,3,34,162,199,1.2010050251256281,0.031038649641361347,643,I like to lace up for Der Ring.
211,3564,3,34,162,199,1.2010050251256281,0.031038649641361347,643,His symphonies really pack a punch.
1757,3564,10,20,169,199,1.2010050251256281,0.03631404252710015,643,"And now, without further ado, let us bid a final farewell to the jerk first violinist."
2009,3570,5,31,168,204,1.2009803921568627,0.032133257173736156,643,"For my next selection, I present an avant-garde version of Chopsticks."
4577,3571,7,28,174,209,1.200956937799043,0.03307617176848191,643,"Well, this explains the tux."
1387,3572,6,31,177,214,1.2009345794392523,0.03189144148955199,643,All I can play is 'The Rocky Theme' or 'A Piano Being Beaten to Death (in C minor)'.
278,3573,9,26,184,219,1.2009132420091324,0.033368865069682396,643,"Ok, you can play until you see the towel thrown on stage."
454,3574,9,27,188,224,1.2008928571428572,0.03286690512789434,643,This next number is from my box set.
706,3574,7,31,186,224,1.2008928571428572,0.03162525223436424,643,Any requests or should I just F you up?
4313,3574,8,29,187,224,1.2008928571428572,0.03225205444288137,643,Glen was feeling creatively boxed in.
5136,3574,4,37,183,224,1.2008928571428572,0.029665489515409826,643,Boxing Day Overtures
2854,3578,7,32,190,229,1.2008733624454149,0.031179912694441807,643,"And now, my rendition of 'The Boxer'---it really packs a punch!"
5315,3578,7,32,190,229,1.2008733624454149,0.031179912694441807,643,My therapist suggested this when i forget the notes
3107,3580,2,43,189,234,1.2008547008547008,0.027609019728296273,643,"This one is for all the drunks and suckers in the house.  It goes one, two..."
3289,3581,7,35,202,244,1.2008196721311475,0.02994289356229929,643,Any fans of Bach's?
4173,3582,9,30,201,240,1.2,0.03135703427185612,643,My mother said they'd protect my fingers.
4186,3582,8,20,152,180,1.2,0.0372886138123913,643,I thought it said Concerto Fist Movement?
4312,3582,4,35,176,215,1.2,0.030356857477577142,643,The music industry is getting competitive.
4497,3582,3,39,183,225,1.2,0.02886751345948129,643,"Ladies and gentlemen, Beethoven’s Last Movement."
4633,3582,4,33,168,205,1.2,0.03123475237772122,643,"Finished with the sharps , you can take them off now"
5348,3582,8,26,176,210,1.2,0.033616929844993815,643,My teacher said I had to fight to make it to the top!
4832,3582,10,20,170,200,1.2,0.03614599097156672,643,KILL THOSE LIGHTS  - I'm hand syncing !!
5016,3582,4,37,184,225,1.2,0.029546842014263944,643,"Now, by a split decision, I will play 'Mozart's Tenth Piano Concerto'."""
3676,3582,5,29,161,195,1.2,0.033001253590845214,643,Mr Musicreview wrote that I needed to add more punch to my tempo. Now lets see what he has to say.
5633,3582,6,25,154,185,1.2,0.03495842755151132,643,Don’t Laugh! This will be a knockout!
4713,3582,7,28,175,210,1.2,0.03293219557791642,643,And now for some fancy footwork
3507,3582,9,28,193,230,1.2,0.032255859598695105,643,"As an encore, I pound my way through some Liszt!"
3455,3582,7,29,179,215,1.2,0.03243370514292159,643,Beat-often's Fifth.
1260,3582,4,34,172,210,1.2,0.030786752113836937,643,"Next, the theme song from ""Punch-Drunk Love"""
3193,3582,8,26,176,210,1.2,0.033616929844993815,643,And for the next song from my greatest hits CD...
2896,3582,10,21,174,205,1.2,0.03553243310003705,643,You've never heard a sforzando quite like this!!
2578,3582,9,21,165,195,1.2,0.03606320999284596,643,"Shall we begin, Maestro Tyson?"
2485,3582,4,30,156,190,1.2,0.0327007647725315,643,Nobody could hold a candle to Ol' Sugar Ray Tchaikovsky.
1583,3582,6,29,170,205,1.2,0.03273007441789957,643,"And now, The Pugilism Concerto"
1582,3582,5,31,169,205,1.2,0.03199115133516458,643,And now....Anyone care to dispute my abilities in B Flat?
1560,3582,9,23,173,205,1.2,0.034852973967177715,643,"For my encore, I will premier ""Slam, Bam, Thank You Ma'am"" by Michael Tyson in the key of ""Whatever""."
3499,3582,5,36,189,230,1.2,0.029808578589208486,643,"Seeing that it’s almost closing, allow me to punch a quick  one out for you."
247,3582,5,30,165,200,1.2,0.03248501780682208,643,I'll show you what 'punching keys' really means!
47,3582,4,31,160,195,1.2,0.03219028804565232,643,"Lie la lie, lie la lie la lie la lie
Lie la lie, lie la lie la lie la lie, la la lie la lie."
2927,3606,3,41,192,236,1.1991525423728813,0.02805120970978571,643,It was try this or brain surgery
338,3607,6,32,183,221,1.1990950226244343,0.0311707057350434,643,I’m ready to duke it out with The Battle Hymn of the Republic.
4749,3608,4,35,177,216,1.1990740740740742,0.030230173140513128,643,No...I’m not a showoff! As a kid I just loved Rocky movies and Rachmaninoff.
5591,3608,11,21,184,216,1.1990740740740742,0.034861549349649225,643,"Note like a butterfly, sting like a B minor."
1905,3608,6,31,179,216,1.1990740740740742,0.03162271355177446,643,"Umm, are these things on?"
3863,3608,6,31,179,216,1.1990740740740742,0.03162271355177446,643,I'm taking requests.
1806,3612,4,34,173,211,1.1990521327014219,0.03065515361873769,643,And for my next act... I will light a match with my toes.
4566,3612,6,30,175,211,1.1990521327014219,0.0320937925375527,643,"""Ali never had to play the piano."""
320,3612,8,26,177,211,1.1990521327014219,0.033470652749812625,643,Tonight’s Cage Match! Thelonius versus The Grand! Let’s get ready to Rumba!
1306,3612,5,32,174,211,1.1990521327014219,0.03138271787809239,643,Of course it’s Rachmaninov.
418,3616,7,27,172,206,1.1990291262135921,0.03330404635057017,643,"All right, you've made your point, no need to be cruel."
565,3616,11,19,176,206,1.1990291262135921,0.03603606930441617,643,I'd rather be a boxer at a piano than have a piano in my boxers
747,3616,6,29,171,206,1.1990291262135921,0.032585269776740935,643,"And now what I call ""Mozart's Mohammad Ali Sonata."""
2159,3616,6,29,171,206,1.1990291262135921,0.032585269776740935,643,Ta rah rah BOOM de aye!!
2759,3616,5,31,170,206,1.1990291262135921,0.031850276443463506,643,"OK Beethoven, lets rumble"
3777,3616,6,29,171,206,1.1990291262135921,0.032585269776740935,643,"I call this next one ""Flight of the Bumble."""
3675,3622,9,22,170,201,1.199004975124378,0.035281314729336107,643,Yo Adrienne!
4964,3622,6,28,167,201,1.199004975124378,0.03309860174821869,643,Beethoven's Pugilistica Sonata in B-Flat!
1688,3622,4,32,165,201,1.199004975124378,0.031559704531649156,643,Appears I'm a bit ham-fisted today....
4480,3622,9,22,170,201,1.199004975124378,0.035281314729336107,643,Next I shall play the flight of the bumble bee
4622,3626,5,29,162,196,1.1989795918367347,0.032848301055273456,643,My next number is dedicated to the Marquess of Queensbury.
579,3626,11,17,168,196,1.1989795918367347,0.037322682443268335,643,I will now play a selection of works by Hans Zimmer.
603,3626,6,27,163,196,1.1989795918367347,0.033635390676712444,643,And now my rendition of Kitty Cat Sonata
718,3626,5,29,162,196,1.1989795918367347,0.032848301055273456,643,The odds are 2 to 1 for Bach over Mozart.
878,3626,5,29,162,196,1.1989795918367347,0.032848301055273456,643,"He’s the best at hitting those low notes, for his weight class."
2175,3626,5,29,162,196,1.1989795918367347,0.032848301055273456,643,This is a new one: Rhapsody in Trump
3264,3626,7,25,164,196,1.1989795918367347,0.03440447833832493,643,Float like a butterfly
4590,3626,3,33,160,196,1.1989795918367347,0.031214638147886466,643,"My piano technique? I just float like a butterfly, sting like a bee, tickling these ivories"
5643,3634,6,26,159,191,1.198952879581152,0.03419740344239831,643,This next one tugs at the eardrums.
5572,3634,5,28,158,191,1.198952879581152,0.0333818933137434,643,I will performing TKO and Fugue in D Minor.
1847,3634,4,30,157,191,1.198952879581152,0.03254595520518852,643,"Though best known for his boxing skills, Jack Dempsey could pound out a darn fine tune on the piano - or so claimed his beloved mother."
4014,3634,5,28,158,191,1.198952879581152,0.0333818933137434,643,I float like DeBussy and sting like Rimsky-Korsakov
781,3638,5,27,154,186,1.1989247311827957,0.03394089643235271,643,if someone boos’s one more time you’re gonna get it
4108,3639,5,24,142,171,1.1988304093567252,0.035791587068957076,643,"Sorry, I'm late. My last gig ran long."
1282,3640,11,23,193,227,1.198237885462555,0.033646780920685536,643,"As a follow-up to my successful rendition of  'Chopsticks',  I'm going all in on 'Flight of the Bumblebee'."
1572,3641,6,32,184,222,1.1981981981981982,0.031042936728644763,643,You misunderstood I play Box not Bach.
4790,3641,7,30,185,222,1.1981981981981982,0.03169272262500875,643,Please be sure to sing along if you recognize this tricky old tune.
3366,3643,4,35,178,217,1.1981566820276497,0.03010452245790883,643,My next selection is Flight of the Bumblebee.
4966,3643,6,31,180,217,1.1981566820276497,0.0314900153609831,643,"For my next number, Sonata a la Ali"
3912,3645,9,24,179,212,1.1981132075471699,0.03398982457995085,643,"Everybody now! 
'...float like a butterfly, sting like a bee...
My name is Muhammad... Muhammad Ali!!!'"
3529,3645,5,32,175,212,1.1981132075471699,0.031248444576516803,643,"Maestro, I understand this is a Rocky-themed concert, but..."
948,3645,8,26,178,212,1.1981132075471699,0.03332562757615802,643,"Now for my new arrangement of John Cage's 4'33"",on steroids."
3422,3645,6,30,176,212,1.1981132075471699,0.031955844693618875,643,'To the tables down at Mory's'? Oh. I thought you wanted the fight song.
43,3649,5,31,171,207,1.1980676328502415,0.03171061691764441,643,Any requests for Chopsticks?
1835,3649,6,29,172,207,1.1980676328502415,0.03244172221974344,643,Tough Croud
4474,3649,5,31,171,207,1.1980676328502415,0.03171061691764441,643,I will now attempt the Boxer Rebellion Etude. Wish me luck.
4517,3649,6,29,172,207,1.1980676328502415,0.03244172221974344,643,"With the holidays coming up, I will now play, ""Boxing Day Blues."""
4976,3649,8,25,174,207,1.1980676328502415,0.03385660306578015,643,This is the first performance of Rach 3 with gloves on.
5193,3649,6,29,172,207,1.1980676328502415,0.03244172221974344,643,"I usually get a standing O, but tonight I’ll take a standing 8!”"
5662,3649,6,29,172,207,1.1980676328502415,0.03244172221974344,643,I don't think I can box my way out of this one.
5057,3656,6,28,168,202,1.198019801980198,0.03294907125409405,643,"Float like a high C, sting like a C#"
5641,3656,4,32,166,202,1.198019801980198,0.031418529279540724,643,"And now, friends, a little 'soft Rocky' music for your listening pleasure."
3076,3656,3,34,165,202,1.198019801980198,0.030624586934036403,643,Hold your applause until I get to the hook.
3556,3656,5,30,167,202,1.198019801980198,0.03219289734240089,643,And now a tribute piece I call “Sting of the Bumblebee.”
2110,3656,7,26,169,202,1.198019801980198,0.03368827620577181,643,I'm composing a theme song for a film called Rocky.
851,3656,3,34,165,202,1.198019801980198,0.030624586934036403,643,If I speed thru the Rachmaninov concerto I can still make my fight
578,3656,5,30,167,202,1.198019801980198,0.03219289734240089,643,This piano is tough to play.
4061,3663,3,33,161,197,1.1979695431472082,0.031072204910266216,643,"I shall now play ""Mitten on the Keys."""
4405,3663,4,31,162,197,1.1979695431472082,0.03189481598440791,643,"This evening,I'll be punching out my new hit."
160,3665,6,26,160,192,1.1979166666666667,0.03403460355848681,643,I'll be playing Tchaikovsky's 1812 Overture
223,3665,5,28,159,192,1.1979166666666667,0.03322373726070495,643,So which joker requested The Minute Waltz?
1502,3665,5,28,159,192,1.1979166666666667,0.03322373726070495,643,"And now, ladies and gentlemen, the theme song from 'Rocky'."
5034,3665,3,32,157,192,1.1979166666666667,0.03153952558201117,643,And now my version of Paul Simon’s “The Boxer.”
5618,3665,8,22,162,192,1.1979166666666667,0.035600973062732154,643,Now I will play my Sonata for Boxing Day.
5347,3670,6,25,156,187,1.1978609625668448,0.03461641765486452,643,Sam played only fortissimo.
521,3671,6,23,148,177,1.1977401129943503,0.03586872932818104,643,The Pugilist Pianist prefers the percussive-style keyboard approach.
1066,3672,7,32,194,233,1.1974248927038627,0.030691326231344303,643,"Up next, Eye of the Tiger."
4594,3672,6,34,193,233,1.1974248927038627,0.030082533766138324,643,"My next selection is ""Eye of the Tiger"""
24,3674,6,32,185,223,1.1973094170403586,0.03091619522092973,643,"In the future, there will be fewer nuances."
2158,3675,5,33,180,218,1.1972477064220184,0.03067689567011786,643,I call this one 'imagination'.
5252,3675,6,31,181,218,1.1972477064220184,0.031358409766774585,643,It's about playing to your strengths.
1781,3677,6,30,177,213,1.1971830985915493,0.03181906041376911,643,Now this won't be easy.
3883,3677,7,28,178,213,1.1971830985915493,0.03250759154818586,643,They said I ought to have a knockout on the piano during the performance
4617,3677,5,32,176,213,1.1971830985915493,0.03111529692878557,643,And now the entire Rocky score through Creed 2.
5211,3680,2,37,169,208,1.1971153846153846,0.029282208328763316,643,So you’re not fans of avant-garde...
4864,3680,6,29,173,208,1.1971153846153846,0.03229941575694081,643,"I was booked for ""The Battle of the Dueling Pianos"""
3884,3680,8,25,175,208,1.1971153846153846,0.033706891358519356,643,"Well, what did you expect, madame? It was billed as a Dueling Piano show."
2454,3680,7,27,174,208,1.1971153846153846,0.033010655728830524,643,"Next, Iron Buttlerfly's interpretation of ""Flight of the Bumblebee."""
1608,3680,8,25,175,208,1.1971153846153846,0.033706891358519356,643,In a clearing stands a boxer/ And a fighter by his trade...
694,3685,5,30,168,203,1.1970443349753694,0.032048767663965534,643,"Float like a butterfly, sting like the Flight of the Bumblebees."
1008,3685,4,32,167,203,1.1970443349753694,0.031278589458884086,643,Now I would like to play my rendition of the 'Rope-a-Dope' overture
2312,3685,8,24,171,203,1.1970443349753694,0.03425556246076142,643,"Sorry, I only think inside the box."
3223,3685,3,34,166,203,1.1970443349753694,0.030488962073117323,643,I didn’t know a standing ovation was even possible at a music therapy recital!
3461,3685,11,18,174,203,1.1970443349753694,0.036328550896332364,643,And now we move from Beethoven's works to Bach's.
4184,3685,7,26,170,203,1.1970443349753694,0.03353610307208783,643,And now the Mike Tyson concerto
2984,3691,4,30,159,193,1.1968911917098446,0.03224061778407679,643,"I will now perform my masterwork:
Piano Destruction in D"
4859,3691,6,26,161,193,1.1968911917098446,0.033873325307622104,643,This next number's going down by the second verse.
250,3691,8,22,163,193,1.1968911917098446,0.03543087494958396,643,I’m not wearing any pants.
1308,3694,3,31,154,188,1.196808510638298,0.03187457156223791,643,They said to play it as if I had gloves on...these were the only ones I could find.
1617,3694,9,19,160,188,1.196808510638298,0.03684187933434014,643,This next concerto is dedicated to tonight's sponsor - The School for the Deaf
3242,3696,2,32,149,183,1.1967213114754098,0.03143805706115786,643,"And now for that great jazz classic, “It don’t mean a thing (If it Ain’t Got That Swing”)."
4124,3696,8,20,155,183,1.1967213114754098,0.036723927813392634,643,I can't play with cold hands
5205,3696,6,24,153,183,1.1967213114754098,0.035050654677039265,643,"For my next performance, “Fight of the Bumblebees” by M Ali."
1573,3699,5,37,197,239,1.1966527196652719,0.028975607801545938,643,"For this next one, I shall punch up the jam."
2277,3700,7,21,150,178,1.196629213483146,0.0365626040995305,643,"Sorry, I don't know anything by Paul Simon."
1539,3701,9,27,193,229,1.1965065502183405,0.03220645748335314,643,Aaron Copland's 'Knockdown'.
2957,3702,5,34,185,224,1.1964285714285714,0.03013327979347625,643,Tonight we're going 88 rounds!
3405,3703,6,31,182,219,1.1963470319634704,0.031227883590385058,643,"For my next selection, I'll pound out a selection of sentimental nonsense."
4805,3703,7,29,183,219,1.1963470319634704,0.031891574887671255,643,Anyone else want voice an opinion of my interpretation of the Grieg concerto?
3156,3703,5,33,181,219,1.1963470319634704,0.030549777057342607,643,This next one is experimental but it got a lot of hits online ...
1698,3703,3,37,179,219,1.1963470319634704,0.029146272620881205,643,"And now, 4'33""."
1289,3707,7,28,179,214,1.1962616822429906,0.03236844773536738,643,"Alright, who took my sheet music?"
2549,3707,10,22,182,214,1.1962616822429906,0.03434162657379756,643,I'm training for a John Cage-fight.
3277,3707,8,26,180,214,1.1962616822429906,0.03303927023673787,643,"What do you mean ""Outside the box""?"
3952,3707,6,30,178,214,1.1962616822429906,0.031683425317004896,643,I will now knockout a concerto by Boxmaninoff
4376,3711,4,33,172,209,1.1961722488038278,0.030694384474888974,643,you'll never be a pianist Schumannn....try composing
4723,3711,7,27,175,209,1.1961722488038278,0.032865865470945464,643,"I will now play Knuckles."""
4807,3713,6,28,170,204,1.196078431372549,0.03265397097396342,643,"First, a little Rocky Mananoff followed by my own Bachster medley."
2126,3713,5,30,169,204,1.196078431372549,0.03190590290569166,643,This next piece is more avant-mouthguard.
1400,3713,6,28,170,204,1.196078431372549,0.03265397097396342,643,"I shall now play ""The Flight of the Bumblebee"""
1783,3713,7,26,171,204,1.196078431372549,0.033385281195602766,643,"This next piece is my rendition of Simon & Garfunkle's, The Boxer."
45,3717,5,29,165,199,1.1959798994974875,0.032397704960791765,643,"Float like a butterfly, play chords in B."
2432,3717,7,25,167,199,1.1959798994974875,0.03392829167794776,643,"This recital will last 12 rounds, or until I’m knocked out"
4740,3719,5,28,161,194,1.1958762886597938,0.03291181181993259,643,Wait until you heard it.
4999,3719,6,26,162,194,1.1958762886597938,0.03371354782981651,643,And now my musical portrait of Muhamad Ali...
805,3721,7,23,159,189,1.1957671957671958,0.0350923155574646,643,The next movement has many sharps.
100,3722,5,26,153,184,1.1956521739130435,0.034013837335563374,643,I used to play outside the box.
4001,3722,8,20,156,184,1.1956521739130435,0.03653944066372516,643,"The final piece of the evening is Piano Concerto no.1, in multiple keys, ""Rhapsody in Black and Blue"" by Mr Michael Tyson.
From his Magnum Opus, "" You better clap!"""
5603,3724,4,36,185,225,1.1955555555555555,0.029343192186427072,643,"Jolly good Boxing Day recital, isn't it?"
627,3725,5,33,182,220,1.1954545454545455,0.030423690868699546,643,"This is for Mr Stallone at the bar who has requested his nightly favorite, The Rocky Theme Song...."
110,3725,4,35,181,220,1.1954545454545455,0.02973365039242713,643,"I promise you, you’ll be instantly hooked."
3810,3727,5,32,178,215,1.1953488372093024,0.030852323631213024,643,Box Piano Concerto No. 1
4028,3727,6,30,179,215,1.1953488372093024,0.03154892525226685,643,"I call my next piece, Could Someone Please Come Scratch My Nose"
4690,3727,3,36,176,215,1.1953488372093024,0.029409662548031287,643,If it calls for cords I can.
5658,3727,7,28,180,215,1.1953488372093024,0.03223047464281494,643,I am just the page turner.
906,3731,9,23,178,210,1.1952380952380952,0.03408646949287806,643,And the boxer on the bus goes Wham Bam Bam.”
3224,3731,8,25,177,210,1.1952380952380952,0.03341135938371572,643,"Yo Adrian, it's called Rocky V' Maninov..."""
656,3733,6,20,138,164,1.1951219512195121,0.0375818213364377,643,"If you liked the last one, you should like this one too."
1479,3733,7,34,205,246,1.1951219512195121,0.029551749454583973,643,And now a prelude in C minor by Rocky Balboa
3610,3733,5,30,170,205,1.1951219512195121,0.03176428682550181,643,I can punch out this symphony in 11/16ths time.
3646,3733,6,20,138,164,1.1951219512195121,0.0375818213364377,643,"I'm going to punch my way through this tune, no pun intended."
4891,3737,6,35,200,241,1.1950207468879668,0.02935275301480526,643,Vladimir Ali is shocked by his 10 stanza penalty for hitting below the keyboard.
4688,3738,5,29,166,200,1.195,0.03225019964100101,643,Who requested a glove song?
4450,3739,4,30,161,195,1.1948717948717948,0.0319408618702572,643,"Please sing along while I knock out 15 rounds of ""Row, Row, Row your Boat""."
4263,3739,5,28,162,195,1.1948717948717948,0.03275800285609698,643,"Next, I'm going to try to pound out Liszt's Campanella."
5059,3739,5,28,162,195,1.1948717948717948,0.03275800285609698,643,It’s a safety thing.
1972,3739,5,28,162,195,1.1948717948717948,0.03275800285609698,643,Liberboxy.
952,3739,3,32,160,195,1.1948717948717948,0.031102259771753606,643,They call me Beathoven
2495,3739,5,28,162,195,1.1948717948717948,0.03275800285609698,643,"As part of my international series, a new composition on the Boxer Rebellion."
1606,3745,4,37,190,231,1.1948051948051948,0.028854068021092347,643,"Oh, a 'jaunty' tune. I thought you said 'punchy,' Madame."
2505,3746,3,31,156,190,1.194736842105263,0.03157198475178511,643,"And now, Concerto in C Minor by the great Rocky Marchiano."
406,3746,3,31,156,190,1.194736842105263,0.03157198475178511,643,My Sforzando tends to be too forceful.
4951,3746,5,27,158,190,1.194736842105263,0.033289334722111034,643,"And now, 'Variations on the Theme from ""Rocky"" .'"
4892,3749,9,26,191,226,1.1946902654867257,0.03241618139897617,643,Let's get ready to mambooooooooooooo!
82,3750,6,24,155,185,1.1945945945945946,0.034703120021212175,643,"And for my encore this evening, I give you ""Fight of the Bumblebee""."
5189,3750,5,26,154,185,1.1945945945945946,0.03384600615473211,643,Is someone recording this?
1038,3752,10,23,188,221,1.1945701357466063,0.033521386360644626,643,Its called the 10 second sonata
4270,3752,6,31,184,221,1.1945701357466063,0.030970017799925177,643,Am I supposed to float like a butterfly or sting like a bee?
4287,3752,9,25,187,221,1.1945701357466063,0.032902097323523755,643,"And now, a ci·né·ma-vé·ri·té reimagining of the theme to “Rocky” — as played by the protagonist."
246,3755,8,26,182,216,1.1944444444444444,0.032757734861010024,643,"And now, 'Bombast'."
1597,3755,6,30,180,216,1.1944444444444444,0.03141554629402539,643,And now Knockout in B flat minor.
4161,3755,6,30,180,216,1.1944444444444444,0.03141554629402539,643,"And now, allegro for ten toes."
5388,3758,6,29,176,211,1.1943127962085307,0.03187978694982021,643,"At Master Class, he said I was pounding the keyboard. I just want to play the triangle."
5559,3758,6,29,176,211,1.1943127962085307,0.03187978694982021,643,"Plus, I could dance like a butterfly and sing like a bee."""
4916,3758,9,23,179,211,1.1943127962085307,0.03393715412418264,643,Do I hear another request for “Eye of the Tiger?”
5592,3761,4,26,145,175,1.1942857142857144,0.03409360519339769,643,And now my rendition of LL Cool J’s “Mama Said Knock You Out”
887,3762,7,26,173,206,1.1941747572815533,0.03308762099702347,643,Asking only workman’s wages I come looking for a job . . .
1789,3762,4,32,170,206,1.1941747572815533,0.030866026186550946,643,I’m just all thumbs!
2757,3762,5,30,171,206,1.1941747572815533,0.03162390345050384,643,"And for my last piece, I will deliver a sucker punch to Schumann."
2822,3762,8,24,174,206,1.1941747572815533,0.03379571511509422,643,"My first selection will be ""Sonata for piano and bell""."
3255,3762,4,32,170,206,1.1941747572815533,0.030866026186550946,643,If you don't stay quiet I'll take my gloves off!
3793,3762,6,28,172,206,1.1941747572815533,0.0323640381649869,643,My last gig was the Punch n Judy Show!
5359,3762,8,24,174,206,1.1941747572815533,0.03379571511509422,643,And now my gloves on rendition of the theme song from the film Rocky
2568,3769,7,32,198,237,1.1940928270042195,0.03021760988060335,643,The conductor told me he  looking for musicians with fistfuls of  talent.
5302,3770,4,31,166,201,1.1940298507462686,0.03131958355330775,643,In case I get booed.
3784,3770,7,25,169,201,1.1940298507462686,0.033618001804032155,643,I will now play Simon and Garfunkel’s “The Boxer”.
2784,3770,6,27,168,201,1.1940298507462686,0.03286972469484365,643,I’m going to play the next song with alternating body parts
3754,3770,6,27,168,201,1.1940298507462686,0.03286972469484365,643,This next piece is by Simon and Garfunkel.
4339,3774,5,28,163,196,1.1938775510204083,0.03260560392246602,643,"And now a piece from Ali-Frazier ""Thrilla in Manila."""
5486,3774,4,30,162,196,1.1938775510204083,0.0317930304216433,643,"This one's called ""Revolution 9."""
3894,3776,5,34,188,227,1.1938325991189427,0.029771577738419996,643,"And now a word from our sponsor, Everlast."
574,3777,7,23,161,191,1.193717277486911,0.034753971617745544,643,You disgust me.
105,3778,7,29,186,222,1.1936936936936937,0.03149657093883722,643,"Yo, Beethoven."
3819,3778,6,31,185,222,1.1936936936936937,0.030842652840799956,643,Adrian? Adriaaaan!
3684,3780,6,30,181,217,1.1935483870967742,0.03128327473796667,643,"For my next piece, I shall work the body, relentlessly."
1067,3780,4,28,154,186,1.1935483870967742,0.03280558304801046,643,And now for some post-Charles Ives.
3298,3780,5,32,180,217,1.1935483870967742,0.030593690212574822,643,I call this one Raging Bull in the Eye of the Tiger.
4261,3780,4,34,179,217,1.1935483870967742,0.02988819973358866,643,I call this Fight Song.
4397,3780,4,34,179,217,1.1935483870967742,0.02988819973358866,643,There would be no sequel to Concerto #1 by Rockymaninoff
4728,3780,7,28,182,217,1.1935483870967742,0.03195798297513801,643,This is nothing.  Try using chopsticks to eat with these things on!
5233,3780,7,28,182,217,1.1935483870967742,0.03195798297513801,643,And now for something that's tough to play ...
2863,3787,5,31,176,212,1.1933962264150944,0.03103002195124951,643,Sock it to mi?
3434,3787,4,33,175,212,1.1933962264150944,0.03030101550549056,643,My next piece is in the key of Z.
146,3787,8,25,179,212,1.1933962264150944,0.033120906195153656,643,Next person talking shit about my piano playing is getting they ass beat.
2245,3787,5,31,176,212,1.1933962264150944,0.03103002195124951,643,"Well, I can hardly be expected to sumo wrestle in this outfit, now can I?"
5271,3787,8,25,179,212,1.1933962264150944,0.033120906195153656,643,And my next piece is titled Nail Biters Lament.
3689,3792,4,27,150,181,1.1933701657458564,0.03334808338428168,643,How about a little Beethoven?
5638,3793,5,36,197,238,1.1932773109243697,0.028899505691895123,643,I'm doing my grand finale in the first round.
2506,3794,8,24,175,207,1.1932367149758454,0.03364513359057746,643,"For round one, I will play a rhapsody in jab"
4708,3794,5,30,172,207,1.1932367149758454,0.031484737071660704,643,My next piece will be the opening score from Jaws
5593,3796,3,39,191,233,1.1931330472103003,0.027976571652173796,643,"Mama wanted me to be a pianist, but my doggie wanted me to be a boxer."
1713,3797,6,27,169,202,1.193069306930693,0.03272070032991153,643,What was wrong with the hook?
2089,3797,2,35,165,202,1.193069306930693,0.029556887543242004,643,I'm only the undercard.
2107,3797,6,27,169,202,1.193069306930693,0.03272070032991153,643,I will  now play chopsticks
2276,3797,10,19,173,202,1.193069306930693,0.035604478073914946,643,"... next, your applause will determine whether I play Chopin’s Scherzo No. 2 or punch myself in the face."
2575,3797,9,21,172,202,1.193069306930693,0.03490587632056937,643,This is dedicated to the memory of “The Boxer Rebellion.
4318,3802,4,36,188,228,1.1929824561403508,0.028993995053558735,643,I couldn't make it as a concert pianist so now I’m a performance artist.
1497,3802,2,40,186,228,1.1929824561403508,0.027629079315808845,643,I'll take requests for fight songs
294,3804,6,26,165,197,1.1928934010152283,0.03324301694692412,643,I’ve always had a mixed relationship with this next piece.
2350,3804,5,28,164,197,1.1928934010152283,0.03245459608498947,643,Hello Philly! Just for you the theme from Rocky.
3807,3804,7,24,166,197,1.1928934010152283,0.034013167221344655,643,"Float like a Satie, Sting like a Stravinsky"
4702,3804,5,28,164,197,1.1928934010152283,0.03245459608498947,643,I am certain that I heard NIGHT club.
5328,3804,5,28,164,197,1.1928934010152283,0.03245459608498947,643,Forget Horowitz.  I am the greatest!
5346,3804,4,30,163,197,1.1928934010152283,0.03164653912114473,643,It would be remembered as a poor performance if the cellphone had not gone off
4294,3810,4,29,159,192,1.1927083333333333,0.032135063319921046,643,"Yea, just pounding out a new tune."
1554,3810,7,23,162,192,1.1927083333333333,0.034587206594640756,643,Music AND sports? 'Wild Thing' says yes.
4079,3810,3,31,158,192,1.1927083333333333,0.0312749863750622,643,"Yes, there was actually a lot of competition for this gig,
 now that you ask. How did you know?"
793,3810,7,23,162,192,1.1927083333333333,0.034587206594640756,643,Bach's fourth fugue?  I thought you suggested box for the few--
1053,3810,6,25,161,192,1.1927083333333333,0.033789603995983034,643,And my favorite chord; a four octave G minor 7th.
947,3815,3,36,179,218,1.1926605504587156,0.029045126064277213,643,Sotto? I thought you said Lamotta....
1343,3815,6,30,182,218,1.1926605504587156,0.0311520970967718,643,Boxing in E flat
2674,3815,7,28,183,218,1.1926605504587156,0.031823436154387,643,I'm having a little trouble expressing the nuances of the tonality on this pieces.
2684,3815,5,32,181,218,1.1926605504587156,0.03046596820028949,643,"Next, Sonata for Losers in D flat-on-your-back minor."
2869,3819,6,24,157,187,1.1925133689839573,0.03436232423112294,643,Now I'd like to play a tune which was a favorite of Muhammad Ali.
5145,3819,5,26,156,187,1.1925133689839573,0.03351519536415101,643,I will now play 'Pugilism in D minor'.
5392,3819,4,28,155,187,1.1925133689839573,0.032646091864564734,643,"So she says I can do it, then doesn't show up"
3901,3822,6,29,178,213,1.192488262910798,0.031605958337937064,643,This next one is a bit heavier...
5026,3822,6,29,178,213,1.192488262910798,0.031605958337937064,643,I call this one The Flight of the Dirigible.
2026,3822,5,31,177,213,1.192488262910798,0.03089734130650755,643,My next piece is the Muhammad Ali arrangement of ‘4’33” ’.
4557,3822,8,25,180,213,1.192488262910798,0.03297754399218664,643,"And now, ladies and gentlemen, my rendition of the theme from Rocky."
4947,3826,6,23,153,182,1.1923076923076923,0.03496324113269576,643,"No, please. Not ""The Boxer"" again."
397,3826,5,30,173,208,1.1923076923076923,0.031346772238578575,643,I will now play “Bust You in the Chopsticks.”
452,3826,6,28,174,208,1.1923076923076923,0.03207914062416535,643,I float like a butterfly and tickle the keys
1450,3826,7,26,175,208,1.1923076923076923,0.03279515812726981,643,And now... the Joe Louis Suite...
3429,3826,4,27,151,182,1.1923076923076923,0.03318136065192102,643,I will now play for you Frédéric Chopin's Nocturne in C-Sharp Minor featuring a right uppercut-left hook combination.
2799,3831,6,32,191,229,1.1921397379912664,0.030176658648639543,643,"Tonight I'm going to play ""Tyson"" Sonata in be flat"
4044,3832,3,33,167,203,1.1921182266009853,0.030243685524974966,643,And now for my interpretation of Ravel's concerto for the left hook.
4538,3832,4,31,168,203,1.1921182266009853,0.03103955322447487,643,"In honor of Victor Borge I shall strike up the band, by hand."
3921,3832,7,25,171,203,1.1921182266009853,0.033313269354707485,643,"And now for the debut of my latest composition, 'Glissando Serenade, in F♯ Major'"
4356,3832,8,23,172,203,1.1921182266009853,0.03403743917131136,643,"This fighter is a natural, Jim. His punches are sharp, despite being a bit flat-footed, and that accidental in the 5th measure was fairly minor. He should have no trouble walking out with A Major victory tonight."
1155,3832,5,29,169,203,1.1921182266009853,0.03181551845587993,643,"And now, ladies and gentlemen: Rocky 3."
456,3832,4,31,168,203,1.1921182266009853,0.03103955322447487,643,"How to fix jammed piano keys 
~wikiHow"
1232,3832,7,25,171,203,1.1921182266009853,0.033313269354707485,643,"Sorry folks, but the muffle pedal isn't working."
1420,3839,9,25,190,224,1.1919642857142858,0.03249499040946708,643,"It's Beethoven, not Bach."
2397,3839,4,35,185,224,1.1919642857142858,0.029252901005101018,643,Coach said I needed to decompress a little.
3864,3839,6,31,187,224,1.1919642857142858,0.030590996894725202,643,"if you don't like it, leave"
3911,3842,5,28,165,198,1.1919191919191918,0.03230496073842691,643,I’m sure the ad said pugilist wanted...
5585,3842,5,28,165,198,1.1919191919191918,0.03230496073842691,643,My next tune is a knockout you ladies will enjoy.
596,3844,5,32,182,219,1.1917808219178083,0.0303392922573043,643,"It's called ""12 Rounds"" . People find it punchy."
2179,3844,5,32,182,219,1.1917808219178083,0.0303392922573043,643,My next set has a pirate theme....pass me my hook please.
4256,3846,4,29,160,193,1.1917098445595855,0.03198371633710315,643,This is dedicated to ‘Rocky’
2247,3846,5,27,161,193,1.1917098445595855,0.032816618912996066,643,The audience immediately felt the weight of this political metaphor.
1807,3846,6,25,162,193,1.1917098445595855,0.03362889892680614,643,I will now play a composition by Charles Ives.
3262,3849,4,33,177,214,1.191588785046729,0.03004423187288446,643,Play something punchy.
201,3849,6,29,179,214,1.191588785046729,0.03147077702869143,643,"And now, Marciano's First Sonata, traditionally performed as a round."
1000,3849,3,35,176,214,1.191588785046729,0.029304929616920487,643,it's a big sound when the leathers hit the ivories
1193,3849,5,31,178,214,1.191588785046729,0.030765773804840815,643,"Beethoven's Hammerklavier sonata, cluster-chords, and glissandi: my work here is done."
1505,3849,6,29,179,214,1.191588785046729,0.03147077702869143,643,"I don’t tickle anything,I float like a butterfly and sting like a Muthafucka!"
2251,3849,6,29,179,214,1.191588785046729,0.03147077702869143,643,"Oooo...the 1812 Overture, You bet I can do that...."
3161,3849,2,37,175,214,1.191588785046729,0.02854648718973458,643,"Float like a butterfly, sting like a Beethoven sonata!"
5349,3856,5,26,157,188,1.1914893617021276,0.03335217006775667,643,I shall now play the Marquess of Queensberry version of Debussy’s “Clair de Lune.”
5002,3856,7,22,159,188,1.1914893617021276,0.03501636524681731,643,"And now, Muhammad Ali's ""Float of the Butterfly"""
2520,3856,8,20,160,188,1.1914893617021276,0.03581947973566186,643,"For my next piece, a little number by Mr. Mike Tyson."
3548,3856,5,26,157,188,1.1914893617021276,0.03335217006775667,643,Now my classical reinterpretation of Mama Said Knock You Out.
3401,3860,3,34,172,209,1.1913875598086126,0.02969933434005469,643,This next songs gonna be a real Knockout!
3813,3860,7,26,176,209,1.1913875598086126,0.03265083398717903,643,"I guarantee tonight's performance will be a knockout."""
4206,3860,7,26,176,209,1.1913875598086126,0.03265083398717903,643,And now for my final piece.. I will be playing boxsticks.
3047,3863,3,29,151,183,1.1912568306010929,0.0320940017499607,643,My next piece is an homage to Keyboard Cat.
4508,3864,4,31,169,204,1.1911764705882353,0.030901377681929253,643,And then I threw a left hook in A-minor.
4499,3864,8,23,173,204,1.1911764705882353,0.0338832681895552,643,"Wait, you mean to tell me this isn’t Canada and it’s not Boxing Day?"
5331,3864,6,27,171,204,1.1911764705882353,0.032426617198272153,643,"Was aiming for a punchy staccato. Precision, not so much."
2087,3864,5,29,170,204,1.1911764705882353,0.03167317986534123,643,"So far, I can only play the first eight notes of Beethoven's Fifth Symphony"
420,3864,6,27,171,204,1.1911764705882353,0.032426617198272153,643,Now for the Opus One-Two--bang! Right in the kisser.
2517,3864,4,31,169,204,1.1911764705882353,0.030901377681929253,643,I only heard play Rocky not Rachmaninoff.
404,3870,1,32,145,178,1.1910112359550562,0.030602416612798153,643,"Volti subito, or else."
480,3871,4,30,165,199,1.1909547738693467,0.03135750624868401,643,"And now, for the fifth time, the Theme From Rocky."
3069,3871,6,26,167,199,1.1909547738693467,0.032936467442542236,643,Wait till I get to the hook.
3770,3871,6,26,167,199,1.1909547738693467,0.032936467442542236,643,This next concerto was inspired by incompetent eight-year-old and my lack of empathy.
4076,3871,6,26,167,199,1.1909547738693467,0.032936467442542236,643,The told  me I was playing a boxed set.
5060,3871,5,28,166,199,1.1909547738693467,0.0321566795995008,643,"On now, next on the program: Box Well-Tempered Clavier"
5377,3871,6,26,167,199,1.1909547738693467,0.032936467442542236,643,Jam ? I thought you wanted to jab
5706,3871,4,30,165,199,1.1909547738693467,0.03135750624868401,643,"And now, my Boxing Day Concerto."
3427,3878,4,34,182,220,1.190909090909091,0.029518699767880425,643,Are you not entertained?!
5612,3879,4,33,178,215,1.1906976744186046,0.02991743886437095,643,"Well, I find it easier than the string bass."
5115,3879,4,33,178,215,1.1906976744186046,0.02991743886437095,643,"Next, THE BOXER by Simon and Garfunkel!!! You’ll G-love it!!"
4570,3879,8,25,182,215,1.1906976744186046,0.032694470369092024,643,"I always say folks, 'float like a butterfly, sting like a Flight of the Bumblebee.'"
1998,3879,8,25,182,215,1.1906976744186046,0.032694470369092024,643,I will now pound out my last tune.
3486,3879,8,25,182,215,1.1906976744186046,0.032694470369092024,643,I’ll knock out a few rounds for you now.
3566,3879,9,23,183,215,1.1906976744186046,0.03335261914518036,643,"I'm often referred to as a ""technical knockout."""
1829,3879,6,29,180,215,1.1906976744186046,0.03133673196840099,643,Max Schmeling's Symphony No. 1 in E flat major combination.
5404,3886,5,30,175,210,1.1904761904761905,0.03107438667087238,643,"My next selection will consist of a couple of arpeggio-flourishes, and a combination jab-cross-left hook. The title of this piece is, ""The Great Butterfly Dance of Ali in C-Major"" by Angelo Dundee."
4229,3886,4,36,191,231,1.1904761904761905,0.028652873440387836,643,"Next, the Mayweather concerto in e minor."
3622,3886,4,28,157,189,1.1904761904761905,0.032331646908871685,643,"Ah, the light! It was prerecorded, yes, but I wrote every word."
2199,3886,7,22,160,189,1.1904761904761905,0.0348453334440852,643,Pugilist Waltz in C...
4657,3886,6,28,176,210,1.1904761904761905,0.03179915051682968,643,I tried to explain to the people in wardrobe that the fight isn't till tomorrow night!
956,3886,9,26,196,231,1.1904761904761905,0.031767982874473,643,...and now a new composition intended for tweeting.
772,3886,6,24,159,189,1.1904761904761905,0.03402807623859508,643,"...and for all you dancers, I'll  take a mandatory 8 count for this  round."
290,3886,7,30,194,231,1.1904761904761905,0.030560067148225296,643,"Elton, Wednesday night is NOT alright for fighting."
1663,3886,8,24,178,210,1.1904761904761905,0.03320124857342244,643,As seen on TV: pound the keys without pain. Guaranteed or your money back.
910,3895,11,21,194,226,1.1902654867256637,0.03342717883067762,643,"Next, I will get out of this piano all that I can."
4670,3895,6,31,189,226,1.1902654867256637,0.03034335925294242,643,Piansubmissimo?
421,3897,4,31,170,205,1.1902439024390243,0.030764407613702683,643,"And now, Toccata, no Fugue."
4659,3897,6,27,172,205,1.1902439024390243,0.03228152399013606,643,My next selection is the theme song from 'Rocky'
4327,3899,5,32,184,221,1.1900452488687783,0.03008902858257497,643,"And now, Rocky Concerto #3 in D Minor."
4972,3900,3,32,165,200,1.19,0.030399352016368286,643,"Und now vee geev you
 Bach’s ‘Erhöhtes Fleisch und Blut’"
5452,3901,3,35,178,216,1.1898148148148149,0.02905991634532448,643,iTunes has the whole boxed set.
1786,3901,6,29,181,216,1.1898148148148149,0.031203809132949227,643,"My parents always called it banging, so here it is!"
4855,3901,5,31,180,216,1.1898148148148149,0.030505923724244707,643,Concerto for the dexterity impaired.
3233,3904,7,23,165,195,1.1897435897435897,0.034096273014098594,643,"And now, my own special version of ""Mama Said Knock You Out"""
2331,3904,5,27,163,195,1.1897435897435897,0.03250876259166954,643,And now I will perform the newly-discovered very last symphony composed by Beethoven when he was both deaf and blind.
3199,3904,3,31,161,195,1.1897435897435897,0.030839641000360525,643,"And now, Boxing Rhapsody"
675,3907,2,36,173,211,1.1895734597156398,0.02866827590100968,643,"You're gonna love this guy, Zoe!  He's a real knockout!"
3215,3907,6,28,177,211,1.1895734597156398,0.031660956954055346,643,We are only on the cusp of what reality TV will be
3543,3907,6,28,177,211,1.1895734597156398,0.031660956954055346,643,I've got the beat --down.
5492,3907,5,30,176,211,1.1895734597156398,0.030939936283370273,643,I will now hum that song from Rocky.
786,3911,3,30,157,190,1.1894736842105262,0.031299234618043445,643,"I heard of ""all thumbs"" but this is ridiculous"
5033,3911,4,28,158,190,1.1894736842105262,0.03217665116528174,643,"For my next little number, the theme from Rocky."
52,3913,9,25,193,227,1.1894273127753303,0.03209773240240522,643,"Mike Tyson, this one's for you."
3112,3914,8,23,175,206,1.1893203883495145,0.033579035403374785,643,"If the flutist can have his mouth guard, I get to keep these."
2344,3914,6,27,173,206,1.1893203883495145,0.0321377072117041,643,I call it Rocky 'n' Roll.
5008,3916,4,38,201,243,1.1893004115226338,0.02775241605293384,643,"And now, Rocky's Piano Concerto No. 2."
1370,3917,5,32,185,222,1.1891891891891893,0.029965416335261758,643,"Keep playing or start fighting, that's the question"
4709,3917,6,23,156,185,1.1891891891891893,0.034441309936646236,643,And now a Simon and Garfunkel tune
4858,3917,2,31,152,185,1.1891891891891893,0.030841306778898854,643,I’ll now fight my way through some more Chopin.
1683,3920,7,31,200,238,1.1890756302521008,0.02991898806563957,643,"This next one's entitled: ""A Major knockout"""
102,3921,4,30,167,201,1.1890547263681592,0.03107362481517849,643,Caution:  This may knock you out.
1373,3921,8,22,171,201,1.1890547263681592,0.0341258719196866,643,And now I suppose you're going to request Liszt's Campanella?
4396,3921,3,32,166,201,1.1890547263681592,0.030262500150737413,643,How do I open this thing?
2815,3924,3,35,179,217,1.1889400921658986,0.028938912618387963,643,Ok....so I'm not known for my delicate arpeggios.
2442,3924,9,23,185,217,1.1889400921658986,0.03306776449328465,643,if we count to 10 maybe he'll leave
2480,3924,5,31,181,217,1.1889400921658986,0.030377614431533435,643,Backstage I'm light as a feather but when the lights come on I'm a bit heavy handed.
403,3924,8,25,184,217,1.1889400921658986,0.032416163423132444,643,My next bout is Prokofiev's Sonata #6.
2380,3924,3,35,179,217,1.1889400921658986,0.028938912618387963,643,"For my final match, I will be taking on Liszt's ""La Campanella."""
1263,3929,6,25,165,196,1.1887755102040816,0.03315571704943969,643,I'm gonna beat this music into submission.
2071,3929,0,37,159,196,1.1887755102040816,0.02802373691211318,643,This isn’t the Steinway vs. Sons match?
1198,3931,5,30,177,212,1.1886792452830188,0.030806628126234057,643,I need the score for this number!
2782,3931,4,32,176,212,1.1886792452830188,0.03007220668452896,643,"Did I hear a request for ""Flight of the Bumblebee?"""
4026,3931,2,36,174,212,1.1886792452830188,0.02854673661935693,643,We'll knock 'em out with Beethoven
4362,3934,6,21,148,175,1.1885714285714286,0.035685702847990844,643,I will now box the boogaloo in D minor.
1381,3935,8,20,163,191,1.1884816753926701,0.03529767898599564,643,"....and next, songs from the millennial generation."
1842,3936,10,19,178,207,1.1884057971014492,0.03480370824790847,643,"Ladies and gentlemen, please pardon the gloves. They're a temporary solution to my chronic masturbation."
2374,3936,4,31,172,207,1.1884057971014492,0.030494022628920835,643,I like a good challenge
2441,3938,7,28,188,223,1.188340807174888,0.03116714721789968,643,"the piano is a broad spectrum instrument whose range is rarely exploited in full...I invite you to listen carefully as I play my 
concerto no1 ""for our times"""
4756,3939,5,28,169,202,1.188118811881188,0.031719783285904,643,"Now, listen to this beat!"
4208,3939,6,26,170,202,1.188118811881188,0.03248697137182411,643,"And now, variations on a theme of Pacquiao."
4062,3939,6,26,170,202,1.188118811881188,0.03248697137182411,643,I just don't want Lang Lang to see my fingerings!
1423,3939,3,32,167,202,1.188118811881188,0.030126854088781088,643,"In synthesis of my interests, I will be playing the theme from 'Rocky'"
1492,3943,11,19,188,218,1.188073394495413,0.034187017772809164,643,"And now ladies and gentleman, my classical rendition of  
LL Cool J's ""Mama Said Knock You Out""."
1197,3944,5,24,152,181,1.1878453038674033,0.033977775781211965,643,How does the Fight Song go?
4198,3944,4,26,151,181,1.1878453038674033,0.03306209147699644,643,"For my next act, I will be playing ""under pressure""."
2198,3946,5,30,178,213,1.187793427230047,0.03067444796805732,643,This is a performance art piece where I pummel the keys into submission. I always win.
283,3947,5,36,204,245,1.1877551020408164,0.028147696687431976,643,Chopsticks was easy.
5405,3948,7,22,163,192,1.1875,0.03434201376229361,643,I hope you like the opening of Beethoven’s Fifth.
5126,3948,5,32,187,224,1.1875,0.029721171142697754,643,"I told you, I'm a pugilist."
3900,3948,5,26,161,192,1.1875,0.032715422442932726,643,did i get the schedule wrong?
2677,3948,3,33,172,208,1.1875,0.029585698321156824,643,'This next was first performed molto vovace by my three-year-old.'
1224,3948,4,31,173,208,1.1875,0.03036057770461815,643,-The piece ends in a fiery double octave scale run down the keyboard.
1532,3948,5,26,161,192,1.1875,0.032715422442932726,643,"And now, the Punch Drunk Concerto in C Minor."
1385,3948,4,34,186,224,1.1875,0.0290397929950285,643,I'm multitasking.
2585,3948,4,31,173,208,1.1875,0.03036057770461815,643,#RockyManEnough
279,3948,6,27,175,208,1.1875,0.031853837215843665,643,"First some Beathoven, then Box Third Movement, and finishing with a TKOvsky's piece"
1527,3957,3,38,194,235,1.1872340425531915,0.027557970813677734,643,The refrain is a bit punchy.
1481,3958,6,29,184,219,1.187214611872146,0.03081163707849883,643,I was told it was impolite to tickle the ivories without their permission.
3583,3958,3,35,181,219,1.187214611872146,0.02869985145629177,643,"This is a little number I call 'float like a butterfly, sting like a bee.'"
5568,3958,8,25,186,219,1.187214611872146,0.03214250534758813,643,sonata #10 for Boxers in TKO flat
2993,3961,7,24,172,203,1.187192118226601,0.03308530426228259,643,Anyone have a sippy-cup?
248,3962,6,28,180,214,1.1869158878504673,0.03125340207394509,643,"My ivory tickling was going too far, apparently."
2702,3962,6,28,180,214,1.1869158878504673,0.03125340207394509,643,"C, D, E, F, G, K. O..."
3636,3962,6,28,180,214,1.1869158878504673,0.03125340207394509,643,My next song will be in the key of OH.
4298,3965,7,23,168,198,1.1868686868686869,0.033618934374029935,643,I'm rehearsing for a box set
4792,3965,9,19,170,198,1.1868686868686869,0.03511098224692541,643,Did I miss the punchline?
5289,3965,5,27,166,198,1.1868686868686869,0.03205751741084689,643,Imposter syndrome? Never heard of it!
2237,3968,8,29,204,241,1.1867219917012448,0.030155633180920842,643,Shall I play The Boxer?
1830,3969,7,28,190,225,1.1866666666666668,0.030912061651652355,643,Any guesses on my first career?
2954,3970,5,29,175,209,1.186602870813397,0.03097991978140444,643,"In this political climate, I ‘m always prepared to hit back."
757,3971,4,28,161,193,1.1865284974093264,0.03172032687095283,643,Pianissimo anyone?
46,3971,6,24,163,193,1.1865284974093264,0.03337849411068684,643,"You have heard of a lead foot, now you have heavy hands."
5137,3973,8,28,200,236,1.1864406779661016,0.030560519777740613,643,If you wear these you can hit the K and O notes
259,3974,7,27,186,220,1.1863636363636363,0.031352218760292754,643,"Next, I'll be pounding out Helter Skelter."
2170,3974,1,39,180,220,1.1863636363636363,0.02709050790780034,643,And now a piece from The Nut Cracker
2912,3974,6,29,185,220,1.1863636363636363,0.030683067330013518,643,"I'm gonna knock out a little tune for you right now. It's called ""Float Like  Butterfly. Bang on the Keys Like a Five Year Old."""
3666,3974,5,31,184,220,1.1863636363636363,0.029998993655838406,643,....but the music says molto softo
4005,3974,6,29,185,220,1.1863636363636363,0.030683067330013518,643,This piece is now in hommage to Muhammad Ali.
186,3979,8,22,174,204,1.1862745098039216,0.03366070119116704,643,I'm a student of Sugar Ray and Ray Charles.
4451,3979,3,32,169,204,1.1862745098039216,0.0298591176020981,643,"Float like a butterfly, sting like Flight of the Bumblebee."
1902,3981,7,21,160,188,1.1861702127659575,0.03476267512082822,643,Could someone please stick their head in the Green Room and wake me up?
927,3982,9,22,184,215,1.186046511627907,0.033148923198391536,643,Cliburn's mama said knock you out . . .
5518,3982,5,30,180,215,1.186046511627907,0.03041341586702812,643,A little more Stockhausen?
288,3984,8,21,170,199,1.185929648241206,0.03421277924428201,643,"Hey, I'll play anything I want!"
617,3984,8,21,170,199,1.185929648241206,0.03421277924428201,643,I'm hoping this next number will appeal to the Millennials.
1246,3984,4,29,166,199,1.185929648241206,0.03110432260479559,643,Baby it’s cold outside.
2207,3984,3,31,165,199,1.185929648241206,0.03027738495931417,643,I want you to really belt it out on this one!
1412,3988,7,28,191,226,1.1858407079646018,0.03078606047350973,643,"And now:
Chopin Prelude in #@%? minor."
3163,3988,7,28,191,226,1.1858407079646018,0.03078606047350973,643,And now for Schubert's Undefeated!
1153,3990,3,28,152,183,1.185792349726776,0.031801274920507126,643,"Are you sure you want to hear me play the theme from ""Rocky"" again?"
3466,3991,4,31,175,210,1.1857142857142857,0.030097109805062243,643,I will now play 'Chopsticks' with using only my thumbs.
2292,3991,3,33,174,210,1.1857142857142857,0.029330317966174108,643,This is one of Tchaikovsky's greatest hits. I hope you'll enjoy it.
794,3991,6,27,177,210,1.1857142857142857,0.03157487849319725,643,They told me to punch out a song.
1279,3991,4,31,175,210,1.1857142857142857,0.030097109805062243,643,I like to call this one the Pizzicato Palooka.
4408,3995,6,32,199,237,1.1856540084388185,0.02924324556098257,643,This melody is going to hit you like a punch in the face.
3288,3996,3,30,161,194,1.1855670103092784,0.030713428064109472,643,I’m practicing my Boxing Day medley.
3717,3996,8,20,166,194,1.1855670103092784,0.034790723094850755,643,"And now, the Box Sonata in d minor"
5030,3996,7,22,165,194,1.1855670103092784,0.03401438612498998,643,This will be my first concert in the percussion section.
722,3999,4,33,184,221,1.1855203619909502,0.02917826497274372,643,I'd like to play for you a little 12- round blues.
4809,3999,3,35,183,221,1.1855203619909502,0.028464641426982018,643,Ding ding ding
5684,3999,6,29,186,221,1.1855203619909502,0.03055555297037852,643,"For the second round, I am going to take a more creative approach."
5299,4002,2,34,169,205,1.1853658536585365,0.02891142228630931,643,This one is a punchy number
3372,4002,7,24,174,205,1.1853658536585365,0.03278704586992413,643,This isn’t what I meant when I said we should play a music box.
588,4004,7,29,196,232,1.1853448275862069,0.030246959709794692,643,"As requested, I will now play The Boxer."
3916,4004,6,31,195,232,1.1853448275862069,0.029623631932119653,643,You want me to break its leg?
4213,4006,5,30,181,216,1.1851851851851851,0.030284536592160495,643,"And now, a Sex Pistols medley."
4023,4006,5,25,159,189,1.1851851851851851,0.03292493762277544,643,This next piece is the Apollo’s Creed.
3451,4006,6,28,182,216,1.1851851851851851,0.03098740839015095,643,I'm know for subtlety and nuance.
4457,4006,5,25,159,189,1.1851851851851851,0.03292493762277544,643,I'm going for badass profondo.
1824,4006,6,23,160,189,1.1851851851851851,0.03376890296994406,643,"Sure, I'll play you a song. But first, I need to take off my gloves!"
1365,4006,4,32,180,216,1.1851851851851851,0.02956495957152349,643,Piano Club
1093,4006,7,26,183,216,1.1851851851851851,0.03167468706828983,643,my hands are really delicate
1872,4006,2,31,156,189,1.1851851851851851,0.03025210152161537,643,I will now play Bach’s Boxer Fugue in F Major/Minor
5465,4006,2,36,178,216,1.1851851851851851,0.02807052172998641,643,"Next I'll play the punk rock version of ""Flight of the Bumblebee""."
5306,4015,3,36,188,227,1.1850220264317182,0.02800289130366741,643,I do big sounds.
3907,4015,7,28,192,227,1.1850220264317182,0.030661070773244505,643,"No, I don't know any punchy tunes!"
2370,4015,7,28,192,227,1.1850220264317182,0.030661070773244505,643,"Tonight, ladies & gentlemen
Punch for Punch in B Minor"
301,4015,9,24,194,227,1.1850220264317182,0.03190722380214795,643,My first number will be Bach's Concerto to Mike Tyson
534,4019,5,27,168,200,1.185,0.031763494738299015,643,"♫♫ I am just a poor boy, though my story's seldom told... ♫♫"
1251,4019,6,25,169,200,1.185,0.03254490519684081,643,And now I will play a selection from ‘Ready to Rumble for Chopsticks.’
1270,4019,4,29,167,200,1.185,0.030962369768939554,643,Should I start with the hook?
2539,4019,7,23,170,200,1.185,0.033307988689693695,643,Dueling Piano
2801,4019,3,31,166,200,1.185,0.030139958285092815,643,My next song is The Boxer.
5154,4024,4,31,176,211,1.1848341232227488,0.02996705826787574,643,I've been fighting with that diminuendo for weeks.
4197,4024,3,33,175,211,1.1848341232227488,0.029204247006261376,643,"Now, I will fight through Schumann’s Toccata in C Major Op. 7."
2789,4024,7,25,179,211,1.1848341232227488,0.03214707133337125,643,"The Eye of the Tiger"", of course"
3187,4024,5,29,177,211,1.1848341232227488,0.030710928335981526,643,"And now, Bach’s most famous counterpunch!"
2672,4024,4,31,176,211,1.1848341232227488,0.02996705826787574,643,Ahma gonna sock it to ya tonight!
2669,4024,5,29,177,211,1.1848341232227488,0.030710928335981526,643,I was always taught to punch the keys.
1276,4024,7,25,179,211,1.1848341232227488,0.03214707133337125,643,"Oh shit, I left the light on at home."
2712,4024,3,33,175,211,1.1848341232227488,0.029204247006261376,643,Chopin is no match for me
76,4032,5,24,155,184,1.184782608695652,0.03346850916157708,643,"And for those who may be offended by any of my songs, I've taken matters into my own hands."
384,4032,3,28,153,184,1.184782608695652,0.03164408385486011,643,"For the very first time, sit back and savor the theme from ""Rocky""."
398,4032,5,24,155,184,1.184782608695652,0.03346850916157708,643,I never thought my job as a keypunch operator would ever lead to this...
1742,4032,4,26,154,184,1.184782608695652,0.03256907389312741,643,"And now my own original composition, “Piano Concerto No. 1 in Box Major.”"
1041,4036,5,31,186,222,1.1846846846846846,0.02975170986170781,643,And now for something a bit more light-weight.
2072,4036,6,29,187,222,1.1846846846846846,0.030429081260240857,643,SRO for the TKO.
3033,4038,5,26,164,195,1.1846153846153846,0.032253393944385124,643,For my encore Rondo #10
5048,4038,4,28,163,195,1.1846153846153846,0.03142313362518913,643,"For my next selection, ""Fight of the Bumblebee"""
2259,4038,2,32,161,195,1.1846153846153846,0.02969304865816369,643,Where are the nose flutes?
1828,4038,4,28,163,195,1.1846153846153846,0.03142313362518913,643,I call this one 'Bopsticks'.
1804,4038,3,30,162,195,1.1846153846153846,0.03057033255823829,643,"Listen up, kids. Never be afraid of expressing yourself."
1097,4038,2,32,161,195,1.1846153846153846,0.02969304865816369,643,"It's ok, I'm just the undercard."
263,4044,4,30,172,206,1.1844660194174756,0.030385591784077126,643,"I know you all wanted a Rocky themed event, but this might prove challenging."
3194,4044,6,26,174,206,1.1844660194174756,0.0319061683983592,643,"Okay, I got it. Float like a
butterfly and sting like’ the 
flight of the bumblebee.’"
3592,4044,3,32,171,206,1.1844660194174756,0.029596021542947888,643,Hitting the keys has a whole new meaning with these gloves on.
4699,4044,5,28,173,206,1.1844660194174756,0.031155158240113553,643,I can turn them into black and blue keys.
2303,4048,5,30,182,217,1.1843317972350231,0.030156730643598934,643,"No, No, No!  I said, ""We need to punch up the LYRICS a bit!...NOT the MELODY!!!"
5689,4048,6,28,183,217,1.1843317972350231,0.030856082068511002,643,Ah! I beg your pardon. Bach’s what?
5394,4050,3,29,158,190,1.1842105263157894,0.031019362077526157,643,"Please don't yell at me Coach! I know the fight is tomorrow, and I should be skipping rope and running up the stairs and stuff like that, but, may I tell you something? Music means more to me."
4237,4050,7,21,162,190,1.1842105263157894,0.03442353836903259,643,"My next piece is Rocky's Rachmaninoff""s Piano Concerto .2"
3988,4050,7,28,193,228,1.1842105263157894,0.030537080592468575,643,"We conclude our ""Cinema from the 70's"" program with this classic rendition of ""Eye of the Tiger."""
2373,4050,6,30,192,228,1.1842105263157894,0.02989766593645154,643,Now for my next piece is LL Cool J’s “Mama Said Knock You Out” .
2328,4050,3,29,158,190,1.1842105263157894,0.031019362077526157,643,The suit and piano are just for show.
80,4050,3,29,158,190,1.1842105263157894,0.031019362077526157,643,Let me know if you think it's a knockout.
2847,4056,5,34,200,239,1.1841004184100419,0.02840644814768618,643,I am not a real pianist; I just play one on TV.
4099,4057,4,29,168,201,1.1840796019900497,0.030821688560663765,643,"Uh, ""Flight of the Bumblebee,"" in B Flat Minor."
4722,4057,3,31,167,201,1.1840796019900497,0.030003753797641003,643,"Now, I will really bang out the notes!"
5303,4057,6,25,170,201,1.1840796019900497,0.032395662877810365,643,The conductor won’t fight me on the next piece. He’s Haydn
5597,4057,5,27,169,201,1.1840796019900497,0.031618471334200295,643,In the next round I'm going to play one of the all-time hardest hits of Rodgers and Pummelstein.
5632,4061,3,33,176,212,1.1839622641509433,0.02907923774497358,643,I said with my hands tied behind my back
4090,4061,6,27,179,212,1.1839622641509433,0.03130070658502516,643,"For my next number, I'm going to play Moe Zart's ""Rondo alla Trump"""
918,4061,7,25,180,212,1.1839622641509433,0.032006951656677406,643,Allow me to punch in a few of your favorite tunes
1075,4061,2,35,175,212,1.1839622641509433,0.028300023784400764,643,And now a selection form “Rocky “
2926,4065,6,29,188,223,1.1838565022421526,0.03030363966025903,643,"My next medley will be Eye of the Tiger, Rock Me, and Kaboom."
5174,4065,4,33,186,223,1.1838565022421526,0.028939804587842503,643,Welcome to the half price tribute to Elton John
2460,4067,3,28,154,185,1.1837837837837837,0.031488415488385456,643,Who said pound it
3083,4067,5,24,156,185,1.1837837837837837,0.033302088870372386,643,A funny thing happened on my way to the concert you all paid a lot of money for .....
858,4069,5,33,196,234,1.1837606837606838,0.028760348956523418,643,"I'm gonna knock Mr. Steinway out, then I'm gonna knock him back in again."
2354,4070,4,28,164,196,1.183673469387755,0.03127658684911806,643,I will now continue with works by Motzhurt and Beatoven.
624,4070,4,28,164,196,1.183673469387755,0.03127658684911806,643,This next dance will be the box step.
833,4070,8,20,168,196,1.183673469387755,0.03446069325999124,643,"And now, Ludwig von Marciano's Eight Round in D Minor"
2864,4070,7,22,167,196,1.183673469387755,0.03369288880761058,643,And now for my impression of the late great Bobby Short.
2979,4074,5,28,174,207,1.183574879227053,0.031017089064230136,643,"Okay, Beethoven, bring it on!"
3541,4074,4,30,173,207,1.183574879227053,0.030251573491853038,643,"We are the champions, my friends
And we'll keep on fighting till the end""."
4115,4076,4,32,182,218,1.18348623853211,0.029317606615137472,643,This us my homage to Boxing Day
3620,4077,5,32,192,229,1.1834061135371179,0.029127399631969943,643,This will be a real bash.
2440,4078,4,27,160,191,1.1832460732984293,0.03175164866611054,643,"Imagine Van Cliburn, the early years."
3378,4079,5,27,170,202,1.183168316831683,0.03147474981314234,643,"And now for you my new piano concerto, ""Slugfest in B Flatten""."
2679,4079,5,27,170,202,1.183168316831683,0.03147474981314234,643,It’s modern music !
3149,4079,8,21,173,202,1.183168316831683,0.033740714980967985,643,"Thou shalt see these thumbs play all 88 keys, then I'll float like a butterfly, sting like a bee."
1231,4079,4,29,169,202,1.183168316831683,0.030682262279546787,643,This seems a bit extreme for a single hangnail.
511,4079,6,25,171,202,1.183168316831683,0.032247767876380354,643,"This next piece I am going to play for you this evening is a ""real knockout""."
2377,4079,6,25,171,202,1.183168316831683,0.032247767876380354,643,"I knew you VanCliburn guys changed the audition protocol, but this?"
734,4085,7,25,181,213,1.1830985915492958,0.031868035447237694,643,I shall now perform Brzęczyszczykiewicz's 'Concerto for Piano and Boxing Gloves.'
932,4085,5,29,179,213,1.1830985915492958,0.03044650846926797,643,..if I finish and you're still clappin' i'll know for the first time in my life...that I weren't just a another bum from the conservatory.
1774,4085,6,27,180,213,1.1830985915492958,0.03116537791552995,643,"And for my next selection I'd like to play  that old favorite, 'Put Up Your Dukes.'"
2270,4085,6,27,180,213,1.1830985915492958,0.03116537791552995,643,We will start the evening with a little Rachmaninoff up in here.
2729,4085,7,25,181,213,1.1830985915492958,0.031868035447237694,643,Marcato!
2898,4085,11,17,185,213,1.1830985915492958,0.03453599996902916,643,"This one is called ""I Wanna Punch Your Lights Out."""
3846,4085,7,25,181,213,1.1830985915492958,0.031868035447237694,643,Let's Get Ready to... Percussion?
5208,4092,6,29,189,224,1.1830357142857142,0.03017921582730319,643,And now I shall fight thru Listz’s Campanella
4132,4092,6,29,189,224,1.1830357142857142,0.03017921582730319,643,"Now, I will play ""Boxer on a G String."""
1520,4094,9,25,201,235,1.1829787234042553,0.031083926567959334,643,"I'd like to dedicate this next number - ""Eye of the Tiger"" - to my good friend Mr. T"
3314,4094,3,37,195,235,1.1829787234042553,0.02734938748976014,643,A knockout performance or should I say a Bach-out
3415,4094,7,29,199,235,1.1829787234042553,0.02989096841204505,643,This next piece is “Beethoven’s Fists in A Minor Fight”.
3448,4094,10,23,202,235,1.1829787234042553,0.03166355539130902,643,One man show. One man audience.
5600,4098,4,24,147,175,1.1828571428571428,0.033488262987455164,643,"My next selection, The FIGHT of the Bumblebee."
2563,4099,4,28,165,197,1.1827411167512691,0.031131382064779816,643,"And now, a little paino..."
2656,4099,5,26,166,197,1.1827411167512691,0.03195246966913457,643,For my first piece I would like to play “Contender” in the key of G flat.”
4095,4099,5,26,166,197,1.1827411167512691,0.03195246966913457,643,Are you kidding me? These aree not the kid gloves I had in mind!
4096,4102,4,30,174,208,1.1826923076923077,0.030118715742705252,643,I will now play the Bang Bang Bang Concerto
4401,4103,7,26,186,219,1.182648401826484,0.03127379122078151,643,And you all sound like you're sawing wood.
3346,4103,8,24,187,219,1.182648401826484,0.03193652849954633,643,This next one is called 'The Fight for Art.'
2464,4103,5,30,184,219,1.182648401826484,0.02990428642784214,643,Could you please tune this piano?
2128,4103,7,26,186,219,1.182648401826484,0.03127379122078151,643,"Ahh, Happy to oblige! Chop sticks it is!"
5122,4107,5,32,193,230,1.182608695652174,0.029011443367433373,643,"And now, “The Double Knuckle Concerto”"
2085,4108,3,29,160,192,1.1822916666666667,0.030725214753129813,643,Please wait until the end to tweet your reviews.
2188,4108,5,25,162,192,1.1822916666666667,0.03245171590618843,643,This next piece has a nice right hook.
3969,4108,4,27,161,192,1.1822916666666667,0.031600258597691167,643,And now: Fisticuffs Etude ala’ Cage.
5601,4108,5,25,162,192,1.1822916666666667,0.03245171590618843,643,I will now knock out 'The Theme From Rocky' for you....
1474,4112,6,27,181,214,1.1822429906542056,0.0310312011213942,643,And in 1998 I knocked out a guy named Steinway.
1537,4113,6,29,190,225,1.1822222222222223,0.03005579761073788,643,I will now play Bim Bang Bach in C Major
4268,4114,3,32,174,209,1.1818181818181819,0.029209823208538228,643,One more low blow and Steinway is disqualified
3582,4114,6,26,177,209,1.1818181818181819,0.03148386327527228,643,I have to go to the bathroom.
2607,4114,5,28,176,209,1.1818181818181819,0.030744544585699186,643,"I said, ""I don't take requests!!"""
2591,4114,4,28,166,198,1.1818181818181819,0.030987501245082236,643,"I'll be playing 'Rite of Spring' tonight, I just thought I'd come prepared."
2526,4114,6,26,177,209,1.1818181818181819,0.03148386327527228,643,"And the last piece tonight is Ali's ""Piano Sonata in A minor""."
2265,4114,7,24,178,209,1.1818181818181819,0.032206214799166195,643,"The next piece in our holiday program is ""Anvils We Have Heard on High"", originally composed by James Slamwick, Bishop of HexHamfist"
241,4114,5,24,158,187,1.1818181818181819,0.032974107340130336,643,"For my critics, we'll settle if it improves the playing?"
848,4114,3,28,156,187,1.1818181818181819,0.031181560935001604,643,I like to end with the 1-2 upper-cut cord progression
655,4114,7,26,187,220,1.1818181818181819,0.031142381392394974,643,"And now, the bar crawl sonata"
178,4114,4,34,193,231,1.1818181818181819,0.028237530161313227,643,"I'm pretty sure this next one's called, ""You Go to My Head."""
67,4114,2,36,182,220,1.1818181818181819,0.027609652600383054,643,I apologize for the brutality you are about to hear in three rounds.
1433,4114,5,28,176,209,1.1818181818181819,0.030744544585699186,643,This one goes out to the knockout in the corner.
2910,4114,8,24,188,220,1.1818181818181819,0.03180186974384523,643,This next composition is an opera prelude by my Nebelung cat.
4231,4127,6,27,182,215,1.1813953488372093,0.030898161768644884,643,He never expected his performance would be such a hit.
2706,4127,5,29,181,215,1.1813953488372093,0.030186546499282305,643,"I call it ""Float like a butterfly sting like flight of the bumblebee."""
1084,4127,2,35,178,215,1.1813953488372093,0.027943177274055393,643,"I will now perform Beethoven’s 5th round, a piece widely regarded as his boldest."
3377,4127,2,35,178,215,1.1813953488372093,0.027943177274055393,643,This next piece requires more than a little punching up.
4764,4131,9,19,176,204,1.1813725490196079,0.03414774055803173,643,"So, you think this would go better with a necktie?"
4490,4131,9,19,176,204,1.1813725490196079,0.03414774055803173,643,"Next, Schumann’s Tocatta—mezzo forte."
3766,4131,3,31,170,204,1.1813725490196079,0.029602315861643552,643,How much did you bet?
3739,4131,6,25,173,204,1.1813725490196079,0.03195594850408261,643,"Round four will be a short John Cage piece, and then I have a request for the dance mix of Swing, Swing, Swing."
4624,4131,7,23,174,204,1.1813725490196079,0.03270287181482081,643,How long is Fur Elise again?
2493,4131,7,23,174,204,1.1813725490196079,0.03270287181482081,643,This one is called 'Midnight Cat'...
2063,4131,4,29,171,204,1.1813725490196079,0.030407109111415632,643,"...and now, the Concerto Pugilisto in C# Major by Muhammad Ali..."
1555,4131,6,25,173,204,1.1813725490196079,0.03195594850408261,643,This next piece is 'Ode to Mom'
86,4131,6,25,173,204,1.1813725490196079,0.03195594850408261,643,"And now, 'Everlasting Love'."
2529,4131,3,31,170,204,1.1813725490196079,0.029602315861643552,643,"According to known aerodynamic principles, bumblebee flight is not possible."
3516,4141,7,21,165,193,1.1813471502590673,0.03392694521686217,643,I will now play “Theme from Rocky.”
3605,4141,7,21,165,193,1.1813471502590673,0.03392694521686217,643,"And next: my variation on an etude by John Cage.
...In D-minor."
4821,4141,8,19,166,193,1.1813471502590673,0.03471325363454856,643,Shall I pound out Tea for Two?
2995,4144,5,23,154,182,1.1813186813186813,0.03352143472487884,643,This keeps me from being all thumbs.
255,4145,4,32,185,221,1.1809954751131222,0.02895413364462066,643,"And now, this, from Joe Frazier and the Knockouts... You'll TOTALLY get the piano part..."
3326,4145,4,32,185,221,1.1809954751131222,0.02895413364462066,643,"And now, ""Toddler on the Ivories""."
4498,4145,5,30,186,221,1.1809954751131222,0.029655980684569115,643,The Cadenza!
3017,4148,8,22,180,210,1.180952380952381,0.03276705465360523,643,"And now, some Stockhausen."
3740,4148,6,26,178,210,1.180952380952381,0.03134554094971334,643,"What!?
It’s strong conceptual music!"
115,4148,7,24,179,210,1.180952380952381,0.03206417633514471,643,"And now, Flight of the Bumble Beast."
2369,4148,6,26,178,210,1.180952380952381,0.03134554094971334,643,"That's half of it, they stuck my legs in cement"
477,4152,5,26,168,199,1.1809045226130652,0.03165704260393459,643,"I thought I’d punch up this next number. See what I did there? I can be funny too ... and for Josh’s information, the word is pronounced ‘pianist.’”"
3296,4152,6,24,169,199,1.1809045226130652,0.03244883959644819,643,"Letssss Get Ready To ANIMATO!"""
4778,4152,5,26,168,199,1.1809045226130652,0.03165704260393459,643,Please excuse the absence of a B flat-on-my-back chord.
5229,4152,6,24,169,199,1.1809045226130652,0.03244883959644819,643,"I need these to play Prokofief's variations on Chopsticks,"
652,4156,6,22,160,188,1.1808510638297873,0.03366822585100606,643,We are definitely “going out with a bang” tonight!
3686,4156,5,24,159,188,1.1808510638297873,0.032812499729819075,643,"Oh, so you meant handle with 'Kid gloves?'"
5290,4158,6,29,192,227,1.1806167400881058,0.029811930364970304,643,"Is my ‘time out’ for playing too loud, over?"
340,4159,5,29,182,216,1.1805555555555556,0.030058202704309832,643,"And now, 'The Lucky Hand' by Shoenberg."
5354,4159,4,31,181,216,1.1805555555555556,0.029333073955473694,643,"Maestro, cut me please."
5214,4161,5,27,173,205,1.1804878048780487,0.031051226253234504,643,"Lie-le-lie, Lie-le-lie-lie-lie-le-lie, Lie-le-lie, Lie-le lie-lie-lie-le-lie, Lie-le-lie-lie-lie ..."""
4335,4161,5,27,173,205,1.1804878048780487,0.031051226253234504,643,"Now, to break some hearts."
3964,4161,6,25,174,205,1.1804878048780487,0.031811989241187055,643,I would like to pound out my latest political satirical piece.
1108,4161,4,29,172,205,1.1804878048780487,0.03027135022059172,643,"Knuckle Down Winsocki, Knuckle Down"
2644,4161,7,23,175,205,1.1804878048780487,0.03255497914502852,643,"Thelonious Monk today, tomorrow, forever!"
516,4161,5,27,173,205,1.1804878048780487,0.031051226253234504,643,I can play other songs than the theme to Rocky you know!
3414,4161,6,25,174,205,1.1804878048780487,0.031811989241187055,643,A one and a two and a one two punch.
1462,4168,3,29,162,194,1.1804123711340206,0.030436511899665574,643,"Risin' up, back on the keys"
3546,4168,7,21,166,194,1.1804123711340206,0.033764553256768665,643,I wear these to keep from going blind.
4235,4170,7,28,198,233,1.1802575107296138,0.02993171664785161,643,"When I was learning to play the piano, I also bit my nails as a kid.......mom made me wear gloves."
5256,4171,3,32,176,211,1.180094786729858,0.028957824296719368,643,I call this piece Glissando.
4734,4171,4,30,177,211,1.180094786729858,0.02972695958262809,643,And now for some beatboxing...
2723,4171,4,30,177,211,1.180094786729858,0.02972695958262809,643,"And now I'm going to play my discordant Mazurka No.1 in E.
I don't know if it is sharp or flat.  I hope you like it."
1737,4171,4,30,177,211,1.180094786729858,0.02972695958262809,643,This is how I provided thunderous applause at his rally.
1721,4171,9,20,182,211,1.180094786729858,0.03330727872650166,643,"YOU ASKED FOR 12 TONE SERIES IN FORTISSIMO ,
VOILA   ......!!!"
1298,4171,8,22,181,211,1.180094786729858,0.03262266509862947,643,Now for my piano transcription from the Ring!
2422,4171,5,28,178,211,1.180094786729858,0.030476690503641258,643,Tonight's set is scheduled for 12 songs.
872,4178,1,34,165,200,1.18,0.02814178030962104,643,The composer told me this was a knockout...
3569,4178,6,24,170,200,1.18,0.03229885571350802,643,And now my own composition. I call it “Boxsticks”
1593,4180,7,27,194,228,1.1798245614035088,0.030335219444219654,643,Now for some Beathoven...
2108,4180,4,33,191,228,1.1798245614035088,0.028360129596656708,643,I'll now be taking a quick break to make a momentous life decision.
2969,4180,6,29,193,228,1.1798245614035088,0.02969145796463515,643,"And now the 'Rocky' sonata in E minor."""
5561,4180,4,33,191,228,1.1798245614035088,0.028360129596656708,643,"slam,bam,ali-kazan!"
5556,4184,4,24,150,178,1.1797752808988764,0.0329697643973121,643,"Now a few tunes from that indie-rock group, The Boxer Rebellion"
3408,4185,7,25,185,217,1.1797235023041475,0.03132410428916085,643,my insurance agent will be here soon to release my hands
4488,4185,9,21,187,217,1.1797235023041475,0.03265789804219554,643,"They say the Rach 7, is very tough"
1621,4185,4,31,182,217,1.1797235023041475,0.02920943883394379,643,"For this next tune, I recommend dancing the box-step."
1422,4188,6,25,175,206,1.1796116504854368,0.03166930749894035,643,This next interlude will sting like a Bumblebee
2081,4188,4,29,173,206,1.1796116504854368,0.030136782238098344,643,"They think my tux looks stupid, don't they?"
3881,4188,7,23,176,206,1.1796116504854368,0.03240840530418582,643,Sometimes the C13#5b9 fights back.
60,4191,2,38,194,234,1.1794871794871795,0.026559961232853896,643,Be ready for something different.
3702,4191,2,31,162,195,1.1794871794871795,0.02940863471626885,643,I will now play Liszt's Campanella in boxing gloves to prove how crazy good I am!
4667,4193,3,34,186,223,1.1793721973094171,0.028004475329140806,643,"Pound-for-pound, Frank is one of the best, but tonight he just couldn’t beat the refrain."
3081,4193,6,28,189,223,1.1793721973094171,0.030090664151442837,643,My manager told me to punch up the encore...
746,4193,9,22,192,223,1.1793721973094171,0.03204130926927609,643,"I stand corrected, you really can punch the keys."
227,4193,4,32,187,223,1.1793721973094171,0.028716716072674692,643,"without further ado, I bring you the theme from Rocky, ""I will fly now"""
1569,4197,6,19,148,173,1.1791907514450868,0.0354739986576594,643,"Lesser pianists can play Chopin Etudes with fingers unfettered, but listen to me  . . . says Trump"
1836,4198,5,26,170,201,1.1791044776119404,0.031366965703777346,643,"And now, Box Two Part Inventions."
4523,4198,5,26,170,201,1.1791044776119404,0.031366965703777346,643,I feel as though my career is at a crossroads.
4525,4198,6,24,171,201,1.1791044776119404,0.032150237654534355,643,There had once been a time when Albert did not feel quite so defensive about his affinity for playing Russian pop music.
4602,4198,6,24,171,201,1.1791044776119404,0.032150237654534355,643,I think this piano needs tuning.
5218,4198,4,28,169,201,1.1791044776119404,0.03056362697195556,643,"And now, Sonata in A minor by my wittew itty kitty cat, Colonel Chubby Von Meowington..."
2067,4203,2,30,158,190,1.1789473684210525,0.029812273256061398,643,My next tune is ‘The Boxer’ by Simon and Garfunkel...
3257,4203,4,26,160,190,1.1789473684210525,0.03162532563892219,643,"OK Table 4, let's see you request Freebird now!"
4812,4203,3,28,159,190,1.1789473684210525,0.030732172543296892,643,We said the audition was for covering Marvin Hamlisch not Marvin Hagler.
5534,4203,4,26,160,190,1.1789473684210525,0.03162532563892219,643,For my next piece I’ll play ‘Piano Is Very Manly Dad’ in A-minor
3205,4207,3,33,182,218,1.1788990825688073,0.028350760245063996,643,"And now, in a salute to Bill Conti, I’ll perform “Gonna Fly Now” from Rocky.."
731,4207,3,33,182,218,1.1788990825688073,0.028350760245063996,643,The 1812: Bells and cannons ready? Go!
1345,4207,5,29,184,218,1.1788990825688073,0.029804722390325934,643,I will now play 'Chopsticks' blindfolded and without sheet music.
2256,4207,5,29,184,218,1.1788990825688073,0.029804722390325934,643,Badda Bee Badda Boom
1036,4211,3,31,173,207,1.178743961352657,0.02921132119265334,643,which key should I punch again?
4532,4211,1,35,171,207,1.178743961352657,0.027558974132749558,643,"Oh, it's Rocbalboa's piano concerto in A flat."
4608,4211,5,27,175,207,1.178743961352657,0.030775079470103026,643,I am playing “The Boxer.”
4652,4214,3,29,164,196,1.1785714285714286,0.030153106602492326,643,Think of it more as a performance.
5258,4214,4,27,165,196,1.1785714285714286,0.031008683647302113,643,"If you have any requests, please raise your glove"
2931,4214,7,26,191,224,1.1785714285714286,0.030627493837832892,643,"No, I cannot play chopsticks with these on.  Anyone else?"
1666,4214,5,30,189,224,1.1785714285714286,0.029291065275739714,643,Rocky XII - The Dueling Piano
1229,4214,6,28,190,224,1.1785714285714286,0.029966730583883657,643,This piece was composed in July 1919 and dedicated to Jack Dempsey after von Krawlitz won a bundle on the Dempsey/Willard fight.
2239,4214,4,27,165,196,1.1785714285714286,0.031008683647302113,643,"Can you, Sir, find a better way to bring Pollock to the piano?"
800,4214,7,26,191,224,1.1785714285714286,0.030627493837832892,643,I’m not particularly good with chopsticks.
3227,4221,2,29,154,185,1.1783783783783783,0.030232896182144482,643,...and attempting to play Sonata No. 14 WHILE sanctioned by the Nevada State Athletic Commission...
4514,4221,9,15,161,185,1.1783783783783783,0.03640479168493869,643,It galvanizes my bass.
434,4223,7,27,196,230,1.1782608695652175,0.030091091484762928,643,I have a day job as a key punch operator.
522,4223,4,33,193,230,1.1782608695652175,0.028134621839258613,643,"Half-step, bob and weave.  Float like a butterfly, pound the keys like Liberace."
725,4223,1,39,190,230,1.1782608695652175,0.026031521379508406,643,This next song is called Crescendo of  Cacophony
2233,4223,8,25,197,230,1.1782608695652175,0.03071556717659305,643,I will now play Ravel’s Left Foot Concerto.
1295,4227,2,32,168,202,1.1782178217821782,0.028760307257215127,643,Every body has a plan until they are told to play.
1995,4227,5,26,171,202,1.1782178217821782,0.031223889013965486,643,"And now a knock-off of ""Baby, It's Cold Outside."""
2655,4227,7,22,173,202,1.1782178217821782,0.032763524834401495,643,"And now, for the Symphony Fight Song."
2252,4230,4,31,184,219,1.178082191780822,0.028965227897267264,643,No worries. I spar with a viola.
2811,4230,3,33,183,219,1.178082191780822,0.028232828265324854,643,"...if you must know, I am a welterweight"
4716,4232,3,28,160,191,1.1780104712041886,0.03058520074801368,643,I float like a butterfly and sting like a bee.
4420,4233,3,36,197,236,1.1779661016949152,0.027031730539921688,643,"I’ll be doing The Boxer , originally done bySimon and Garfunkel .
My version is much better , because I have props ."
5288,4234,6,25,177,208,1.1778846153846154,0.031387710038805756,643,I don't see how I can hit the high notes
3579,4234,10,17,181,208,1.1778846153846154,0.034219773159837985,643,I composed the next piece after hearing about beatboxing and before Googling it.
5538,4234,6,25,177,208,1.1778846153846154,0.031387710038805756,643,And now a selection from the Simon and Garfunkel songbook.
229,4234,6,25,177,208,1.1778846153846154,0.031387710038805756,643,"Theme to 'Rocky'."""
0,4234,5,27,176,208,1.1778846153846154,0.030638818646816203,643,"Now to punch out ""Take the A Train"" by the Duke"
324,4234,6,25,177,208,1.1778846153846154,0.031387710038805756,643,"Next I'm going to play a little number I call ""The Mike Tyson Etude."""
838,4240,7,26,192,225,1.1777777777777778,0.030501395000913714,643,Better this than brain surgery.
895,4240,5,30,190,225,1.1777777777777778,0.029171390396014463,643,Easy on the piano
4445,4240,4,24,152,180,1.1777777777777778,0.03263282132542449,643,I play all the right notes
2627,4243,5,25,167,197,1.1776649746192893,0.03169220215143171,643,"I call this one the ""pugilistic pianist."""
5665,4243,4,27,166,197,1.1776649746192893,0.03086419136335087,643,"When I do box, they call me 'Kid Baby Grand'."
128,4243,2,31,164,197,1.1776649746192893,0.029137665848969468,643,"Pick any etude, I’ll nail it!"
467,4243,5,25,167,197,1.1776649746192893,0.03169220215143171,643,My next piece is dedicated to those who failed to achieve their boyhood dream despite a very inspiring '70s movie.
2906,4247,4,30,180,214,1.1775700934579438,0.029345132038446704,643,I present Invention no. 3 the way it was meant to be played:   Bach-xing style.
3981,4247,6,26,182,214,1.1775700934579438,0.030804069736186435,643,Next I shall play 'Boonlight Bonata.'
5692,4247,8,22,184,214,1.1775700934579438,0.03219696647620398,643,Here’s one for all you glove birds out there tonight.
130,4250,5,31,195,231,1.1774891774891776,0.028686977249452263,643,Tell me when I get to a 10-count.
3958,4250,4,33,194,231,1.1774891774891776,0.028023189465266194,643,spouf menhf skgb.
5298,4252,3,27,156,186,1.1774193548387097,0.031036142129603414,643,"And now, Chopin sans arpeggios"
3753,4253,6,24,173,203,1.1773399014778325,0.03185702599923943,643,I shall perform a round by the Marquess of Queensberry.
3440,4253,6,24,173,203,1.1773399014778325,0.03185702599923943,643,"I will be performing several songs this evening, including the soundtrack from all the ""Rocky"" movies, and my especial favorite, ""You Broke My Heart, So I Busted Your Jaw."""
5389,4253,4,28,171,203,1.1773399014778325,0.030287347276269694,643,My next selection is Ravel's Bolero.
1286,4253,6,24,173,203,1.1773399014778325,0.03185702599923943,643,"I'm happy to take requests, Madam, but Chopsticks is off the table."
985,4253,1,34,168,203,1.1773399014778325,0.027766947155009263,643,This way I can have that heavy Horowitz touch.
466,4253,7,22,174,203,1.1773399014778325,0.032613547120140814,643,"Eye of the Tiger? Yeah, I know that one"
2367,4253,6,24,173,203,1.1773399014778325,0.03185702599923943,643,I never should’ve agreed to this Boxing Day Special…
2872,4260,6,27,187,220,1.1772727272727272,0.03024953767588672,643,Just trying to punch up my jam.
4357,4261,4,34,199,237,1.1772151898734178,0.027583866001977334,643,Use the hook!
2353,4262,3,28,161,192,1.1770833333333333,0.030439608599152124,643,Nobody knows the trouble I've seen...!
4573,4262,6,22,164,192,1.1770833333333333,0.03301790933894213,643,"Hang on, folks, I need to tune him up."
5671,4262,1,32,159,192,1.1770833333333333,0.028591864717775202,643,The vocalist will not be joining us for this next song in the program.
1636,4265,3,31,175,209,1.1770334928229664,0.028956264203134467,643,If the very attractive redhead in the first row would take a seat - I'll proceed with 'Concerto with no Hands.'
2178,4265,4,29,176,209,1.1770334928229664,0.029740071646781885,643,When you play Rocky
2652,4265,8,21,180,209,1.1770334928229664,0.032687893192613275,643,My next selection will be the only étude composed by the Marquess of Queensberry.
2725,4268,9,22,195,226,1.176991150442478,0.03164464503104161,643,You can Tune a Piano but you can't Tuna fish
2074,4268,5,30,191,226,1.176991150442478,0.02905267788140443,643,I can do anything.
2109,4268,5,30,191,226,1.176991150442478,0.02905267788140443,643,In B flat.
16,4271,6,23,169,198,1.1767676767676767,0.032347017987909316,643,I coulda been a piano masta
144,4271,2,31,165,198,1.1767676767676767,0.02900401559979186,643,This next one’s a punch up of an old classic.
733,4271,5,25,168,198,1.1767676767676767,0.03154449888270281,643,I bring you now Box Concerto Number  in D Minor.
3845,4271,4,27,167,198,1.1767676767676767,0.030721022880294033,643,That was the theme from Rocky III.  Now here’s IV.
3957,4271,3,29,166,198,1.1767676767676767,0.029874857051746032,643,"I shall now play my ""Uppercut Sonata"" until the sound of the bell."
5312,4271,4,27,167,198,1.1767676767676767,0.030721022880294033,643,"I thought they said, “you are to play-box piano concertos.”"
4446,4277,4,30,181,215,1.1767441860465115,0.029219998678319224,643,Think outside the box...ing gloves?
1833,4277,4,30,181,215,1.1767441860465115,0.029219998678319224,643,Rocky Balboa.  Why do you ask?
2667,4277,4,30,181,215,1.1767441860465115,0.029219998678319224,643,And now for a somber rendition of T.K.O in C major.
5291,4277,6,26,183,215,1.1767441860465115,0.03067158204294341,643,I did hear he played with punch.
3581,4281,4,25,158,187,1.1764705882352942,0.03180159159355476,643,Time to knock them out with my Mozart
3340,4281,4,31,186,221,1.1764705882352942,0.028725014023717427,643,Of course it looks silly - but you try playing pianissimo on a Hammerklavier
26,4281,4,28,172,204,1.1764705882352942,0.030151048801509383,643,My piano career started out rocky but I'm getting strong now.
4815,4281,7,25,189,221,1.1764705882352942,0.030798253788513887,643,"Oh, yeah....who's next? I'll give you a sonata right in the Steinway."
3176,4281,4,28,172,204,1.1764705882352942,0.030151048801509383,643,Think Henny Youngman had great punch lines? You're in for a real treat!
3734,4281,3,33,185,221,1.1764705882352942,0.027999840989008862,643,I will now play Tyson's Pugilist Sonata in B-flat
2802,4281,3,30,171,204,1.1764705882352942,0.029339232500015716,643,Simon did this song the easy way.
17,4281,4,25,158,187,1.1764705882352942,0.03180159159355476,643,"Well if you didn't like that, you're going to hate the undercard."
2103,4281,3,30,171,204,1.1764705882352942,0.029339232500015716,643,"And for the main event, I'll be performing Concerto no. 3."
1565,4281,5,26,173,204,1.1764705882352942,0.030941572745612374,643,"Man, they've really run out of ideas for new Rocky movies"
1405,4281,6,24,174,204,1.1764705882352942,0.03171239669455849,643,"I'm playing my, "" Float Like A Butterfly, Sting Like A Bee,""  song."
732,4281,6,27,188,221,1.1764705882352942,0.030123032735246424,643,"Since my accompanist has fled the building, there will be no dueling pianos tonight."
273,4281,2,35,184,221,1.1764705882352942,0.027255380389141486,643,Now for my favorite Boxthoven Sonata.
2544,4281,4,31,186,221,1.1764705882352942,0.028725014023717427,643,I will now pound out my latest opus.
3098,4295,3,34,190,227,1.1762114537444934,0.027554667736166404,643,I want my manicure to last until I give the performance.
4314,4295,6,28,193,227,1.1762114537444934,0.029600915843064762,643,"When I sing my Alma mater fight song, I don’t want to ,”tickle the ivories.”"
4171,4297,7,23,180,210,1.1761904761904762,0.03183495558223764,643,And now for my next number--The Fight of the Bumblebees.
4075,4297,4,29,177,210,1.1761904761904762,0.029610116464812306,643,"Next, I'll pound the ivory for you in my version of--ahem--Rocky's Concerto in D Minor."
27,4297,6,25,179,210,1.1761904761904762,0.03111102586386288,643,"And now a little thing I like to call, 'On the Waterfront.'"
2284,4297,4,29,177,210,1.1761904761904762,0.029610116464812306,643,Thank you. My next song has a real sweet beat.
386,4301,5,24,164,193,1.1761658031088082,0.032027403990764584,643,"Well you're all in the mood for a melee, 
and I've got you feeling alright."
3585,4301,4,26,163,193,1.1761658031088082,0.03117342201682567,643,I’d say I have a softer touch than Oscar Peterson.
5156,4301,4,26,163,193,1.1761658031088082,0.03117342201682567,643,My new invention makes glissando a snap .... but staccatissimo is impossible.
505,4304,5,21,150,176,1.1761363636363635,0.03396893764767235,643,Oh SRO? I thought they said TKO.
801,4305,3,32,181,216,1.1759259259259258,0.028346179947775534,643,This shouldn’t hurt spectator’s ears!
1526,4306,5,25,169,199,1.1758793969849246,0.03139815112154325,643,"I didn't ask for these hands, sir. You're the one who bought tickets."
5464,4306,6,23,170,199,1.1758793969849246,0.03219631560567081,643,I have to treat my psoriasis during practice.
2512,4308,5,22,155,182,1.1758241758241759,0.033229080152214874,643,"But, I don't need these to play Wagner . ."
3031,4309,7,25,190,222,1.1756756756756757,0.03066951230675324,643,Ready for some big block chords?
2349,4309,6,27,189,222,1.1756756756756757,0.0299975705430788,643,"This next one is called 'Song for My Mother, but also My Father'."
1303,4309,5,29,188,222,1.1756756756756757,0.029310228450830766,643,"Like this, you always hit the right chords"
3887,4312,6,24,175,205,1.175609756097561,0.031569061783586955,643,"This next piece is the TV sportscast theme from ""The Rumble in the Jungle."""
4147,4312,4,28,173,205,1.175609756097561,0.0300159565330217,643,"Let me move you with a few ""tone clusters""."
1574,4314,6,21,161,188,1.175531914893617,0.03339523877984372,643,"Betethoven's Symphony No. 5 in C Minor, Op. 67: I. Allegro con brio? SURE!"
2913,4314,4,25,159,188,1.175531914893617,0.03164590631176213,643,"This is a little piece I created called ""All Thumbs""."
3934,4314,5,23,160,188,1.175531914893617,0.032532332835623734,643,It's called free jazz.
850,4317,7,23,181,211,1.1753554502369667,0.031694721447977914,643,"At this keyboard sits a boxer
With a fighter in the wings
And he’s wearing the reminders..."
1851,4317,5,27,179,211,1.1753554502369667,0.0302371012435029,643,I will now play the Muhammad Ali boxing overture with gloves.
2039,4317,6,25,180,211,1.1753554502369667,0.030974486753413334,643,The following is `Rhapsody on a Theme of Muhammed Ali'
5407,4317,3,31,177,211,1.1753554502369667,0.028705560707897315,643,"I call this one, 'Jabba, Jabba, Jabba'."
4083,4321,4,26,164,194,1.175257731958763,0.03102560974166252,643,"Excuse me, but it's NOT  called ham-fisted!"
3300,4321,6,22,166,194,1.175257731958763,0.03270199320908874,643,This one calls for a lots of Fs.
709,4321,6,22,166,194,1.175257731958763,0.03270199320908874,643,I'm going to float like a butterfly on Flight of the Bumblebee.
3014,4321,3,28,163,194,1.175257731958763,0.030152487622736427,643,"Folks, welcome to Raging Bulls. Let’s start off tonight with a rousing chorus of I could have been a contender.”"
3997,4325,4,30,183,217,1.1751152073732718,0.028972866534347188,643,"At audience's  request,  Uppercut Sonata in A Minor."
5624,4326,3,29,168,200,1.175,0.029601626330440618,643,Tonight we will have 3 rounds of knock out piano sonatas.
592,4326,4,27,169,200,1.175,0.03043858632867897,643,"And now, the Goldberg variations."
949,4326,4,27,169,200,1.175,0.03043858632867897,643,Too early for gloves off?
981,4326,5,25,170,200,1.175,0.03125314054570915,643,"I'm only playing ""The Black Keys"""
1402,4326,5,25,170,200,1.175,0.03125314054570915,643,I thought you wanted me to do interval training.
3312,4326,10,22,208,240,1.175,0.030866722093145116,643,"Please enjoy the next piece in our Mixed Martial Music Series called ""Find The Tune""."
5130,4332,1,37,185,223,1.1748878923766817,0.026275629045212176,643,It keeps my playing punchy.
488,4332,7,25,191,223,1.1748878923766817,0.03054183267177233,643,I plan to finish it.
1741,4334,3,26,154,183,1.174863387978142,0.031191809009408104,643,I'm just punching keys
3858,4335,5,26,175,206,1.174757281553398,0.030664260870290557,643,Please dim that spotlight. I can't see my hands.
4228,4335,7,22,177,206,1.174757281553398,0.03217166903530359,643,"I tried to beat the notes, but they kept ringing true."
5148,4335,3,30,173,206,1.174757281553398,0.029078815328781066,643,Good evening. My name is Robert Schumanny Pacquiao.
1878,4338,4,25,160,189,1.1746031746031746,0.031491720319294585,643,"Now playing the ""Clean Up the Government"" sonata."
3382,4338,3,27,159,189,1.1746031746031746,0.030584982562343044,643,My newest piece is titled Middleweight Bout in Vegas.
5631,4340,5,27,180,212,1.1745283018867925,0.030105500516769558,643,All my unfinished symphony needs is for me to complete the punch list.
5353,4340,3,31,178,212,1.1745283018867925,0.028581807467392924,643,"Alright, I’ll stick to chords!"
5253,4340,6,25,181,212,1.1745283018867925,0.030839129089458073,643,My next number is a real knock-out song.
5180,4340,6,25,181,212,1.1745283018867925,0.030839129089458073,643,My next song is a favorite by Simon & Garfunkel.
4029,4340,9,19,184,212,1.1745283018867925,0.03294213180547671,643,"This next piece is called: ""Alex Jones in C Minor""."
3061,4340,9,19,184,212,1.1745283018867925,0.03294213180547671,643,E sharp is way off
2634,4340,10,17,185,212,1.1745283018867925,0.033613907382517245,643,"My biggest inspiration? Bach, sir."
2608,4340,5,27,180,212,1.1745283018867925,0.030105500516769558,643,"Cut me, Maestro."
4986,4340,4,29,179,212,1.1745283018867925,0.029353542200800314,643,"And now, my rendition of Rock'em Sock'em Staccato"
5363,4349,5,24,166,195,1.1743589743589744,0.03172367596950428,643,How about something by Choppin'?
1140,4349,6,22,167,195,1.1743589743589744,0.03254627031048736,643,Who wants to hear Simon and Garfunkel's The Boxer ?
3653,4349,4,26,165,195,1.1743589743589744,0.03087917620197948,643,"Hum a few bars, I think I know that one !"
4465,4349,4,26,165,195,1.1743589743589744,0.03087917620197948,643,In the clearing stands a boxer...
1670,4353,7,24,187,218,1.1743119266055047,0.030971033168949447,643,"Ladies and Gentlemen, Rocky Beethoven."
5080,4353,7,24,187,218,1.1743119266055047,0.030971033168949447,643,This next tune appears on the boxed-set anthology of my greatest hits.
1265,4353,6,26,186,218,1.1743119266055047,0.030280801845501377,643,I call it 'Sonata Your Day' in the key of Ouch.
2012,4356,7,21,173,201,1.1741293532338308,0.03266956250623285,643,Box me Amadeus
3315,4356,7,21,173,201,1.1741293532338308,0.03266956250623285,643,I've Got Blisters on My Fingers
5513,4358,10,20,200,230,1.173913043478261,0.03173469569086475,643,Are you sure this will get me a hit?
410,4358,7,26,197,230,1.173913043478261,0.02988601796635854,643,"And now I will play, what I call, ""The Two Note Handy""."
1332,4358,4,28,175,207,1.173913043478261,0.02974932811361375,643,"And now, Hungarian Rhapsody No. 2, played backwards!"
2266,4358,2,32,173,207,1.173913043478261,0.02812860274952616,643,Will you ring da bell?
3522,4358,3,30,174,207,1.173913043478261,0.028950309288953202,643,"And now my favorite request, the ""Knockout"" in B Major!"
4833,4358,2,32,173,207,1.173913043478261,0.02812860274952616,643,"What! I was  to train Bach's way, not box way?"
5017,4358,7,22,178,207,1.173913043478261,0.03202700218671188,643,"And now,Box Piano Concerto in D Minor."
3391,4365,7,23,183,213,1.1737089201877935,0.031417894700066035,643,1st note is a K.O.!
3029,4365,9,19,185,213,1.1737089201877935,0.03279734612253908,643,"My next number is what I call The Butterfly and the Bee. Flying and Stinging are my favorite parts. Enjoy!"""
4264,4367,5,23,162,190,1.1736842105263159,0.032215345556924194,643,This next selection should make you feel a little punchy.
328,4368,3,32,184,219,1.17351598173516,0.027991270435686617,643,Fight me. In B minor.
2090,4368,5,28,186,219,1.17351598173516,0.02944987081748154,643,Any other comments on my Mozart?
2254,4368,3,32,184,219,1.17351598173516,0.027991270435686617,643,Can you be allergic to ivory?
4111,4368,4,30,185,219,1.17351598173516,0.02872982867831006,643,"And now, Chopin Nocturnes, punched up."
1493,4372,5,24,167,196,1.1734693877551021,0.03157393987340544,643,Now let’s just lay back with the smooth ‘n’ easy sound of Chuck Wepner.
2333,4373,3,33,189,225,1.1733333333333333,0.027545056883770614,643,I took off my white gloves for the encore: 'Tribute to Liberace
3008,4373,5,29,191,225,1.1733333333333333,0.02894987457822984,643,"Without your hands and wrists you have no career, so I always keep them safe!"
1576,4373,2,35,188,225,1.1733333333333333,0.02681506328628779,643,I’m ready to do battle with this Beethoven piano concerto!
3736,4376,6,23,173,202,1.1732673267326732,0.031752439543810046,643,"And now we begin the ""Rocky"" Concerto No. 4 in G Major."
3159,4376,3,29,170,202,1.1732673267326732,0.02933328221246812,643,How else do you expect me to play “Eye of the Tiger?”
1884,4376,6,23,173,202,1.1732673267326732,0.031752439543810046,643,The key to this fight is...
2403,4379,5,26,177,208,1.1730769230769231,0.030391823275194945,643,"Last night, my anxiety dreams reached crescendo level."
3501,4379,4,28,176,208,1.1730769230769231,0.029617761370215444,643,He Was shooting for a knockout performance after all
665,4381,3,26,156,185,1.172972972972973,0.03088246970249505,643,Join in while I play a Bach-Sing Along.
495,4382,6,25,183,214,1.1728971962616823,0.030571898027795603,643,This next original tune is featured on my CD box set.
3210,4382,1,35,178,214,1.1728971962616823,0.026744272361143386,643,"Oh, it saves my fingers for the performance."
1028,4384,5,23,163,191,1.1727748691099475,0.03205913406720352,643,It's okay. I'm a keyboard genius.
1152,4384,4,25,162,191,1.1727748691099475,0.031187761640536504,643,"And now, the butterfly and bee concerto....."
1293,4384,5,23,163,191,1.1727748691099475,0.03205913406720352,643,Mama Said Knock You Out in E Flat Major...
4010,4384,5,23,163,191,1.1727748691099475,0.03205913406720352,643,Everything about this next piece reflects my mid career change jitters...
3842,4388,5,28,187,220,1.1727272727272726,0.029326309929052958,643,This one has too many sharps
1416,4389,4,26,167,197,1.1725888324873097,0.03059037000361777,643,This may sound a little off-key.  I just got back from the gym.
3430,4389,6,22,169,197,1.1725888324873097,0.03223919158951692,643,"For my next number: Here's Conti's Theme from ""Rocky."""
4191,4389,6,22,169,197,1.1725888324873097,0.03223919158951692,643,I can't feel my hands!
4696,4389,4,26,167,197,1.1725888324873097,0.03059037000361777,643,The late pianist was known for his punchy style on the keys.
5621,4389,7,20,170,197,1.1725888324873097,0.03303275409406925,643,"Next, I will play possum."
3822,4394,5,29,192,226,1.1725663716814159,0.02883169603495792,643,"And now, I will play “Flight of the Ostrich.”"
3147,4395,5,25,173,203,1.1724137931034482,0.030825953511223275,643,"Now, a prelude to Beethoven's Fifth!"
2444,4396,5,31,202,238,1.1722689075630253,0.027909523636022313,643,And now my rendition of “Hittin’ on the Keys.”
3550,4397,4,28,177,209,1.1722488038277512,0.029487339637397983,643,"I've heard of tickling the ivories, but punching the ebonies?"
3136,4397,4,28,177,209,1.1722488038277512,0.029487339637397983,643,"And now, as a demonstration of my virtuosity, listen to this!"
836,4397,7,22,180,209,1.1722488038277512,0.03174150396174136,643,Can I call Sarah Sanders or Sean Spicer for advice?
40,4397,3,30,176,209,1.1722488038277512,0.028696630010112145,643,"My next piece is called, ""Kapow!"""
143,4401,2,27,151,180,1.1722222222222223,0.03034107331169246,643,I'm afraid this piece requires one to pound the keys.
5178,4401,2,27,151,180,1.1722222222222223,0.03034107331169246,643,The conductor was afraid I would play off beat
214,4403,6,25,184,215,1.172093023255814,0.030439995217407534,643,My first selection is by Bouthoven
482,4403,2,33,180,215,1.172093023255814,0.027435707833473717,643,Do I use a left hook or a right cross?
2077,4403,4,29,182,215,1.172093023255814,0.028976812912737012,643,"And now for your listening plesaure, I will play the theme from ""Rocky"
3657,4403,6,25,184,215,1.172093023255814,0.030439995217407534,643,A pugilists worst nightmare
3835,4403,8,21,186,215,1.172093023255814,0.03183600055113432,643,"It's really hard for me to play the piano because my hands are
in boxing gloves."
4810,4403,3,31,181,215,1.172093023255814,0.02821678357736308,643,Still not as bad as the time I entered that high-heel race.
4769,4409,4,24,158,186,1.1720430107526882,0.03166163727749956,643,Concerto No 5 in Knoch'em flat by Ludwig van Beatonthem
3330,4409,4,24,158,186,1.1720430107526882,0.03166163727749956,643,"Oh, come on! This is how the original piece was written!"
268,4411,4,30,187,221,1.1719457013574661,0.028490785764458498,643,Gives me that soft touch.
3658,4411,5,28,188,221,1.1719457013574661,0.029203770453988528,643,I’ve been feeling a bit punchy lately
4668,4413,1,31,160,192,1.171875,0.028279703472462392,643,"{""This has a high degree of difficulty."""
824,4414,4,31,192,227,1.171806167400881,0.028027412228947002,643,It was another knockout performance by Philip!
2021,4415,3,28,167,198,1.1717171717171717,0.02959398818748329,643,I will now play Box Piano Concerto in F Minor
180,4416,4,27,173,204,1.1715686274509804,0.029888835073808823,643,"As a gentleman, I refuse to take my gloves off."
5262,4416,4,27,173,204,1.1715686274509804,0.029888835073808823,643,For my next selection: Chopstick
3087,4418,3,30,177,210,1.1714285714285715,0.028571428571428567,643,"Please,no requests for Chopsticks."
3905,4419,2,33,181,216,1.1712962962962963,0.02732001512563732,643,"Seriously, I'm a lover not a fighter."
5393,4419,3,31,182,216,1.1712962962962963,0.02809714484785138,643,"All of the greats are dead, so I'm not taking any chances."
604,4419,6,25,185,216,1.1712962962962963,0.030309215018033877,643,And for my next bout: First performed by the legendary Queen..
1465,4422,2,28,157,187,1.1711229946524064,0.029624013951663117,643,I need a tuning.
2690,4422,4,24,159,187,1.1711229946524064,0.03150530455563873,643,Now for the knock out blow!
4675,4424,5,29,194,228,1.1710526315789473,0.02859817913642854,643,Play to win what?
2273,4425,2,29,162,193,1.1709844559585492,0.02908985364887991,643,"Wait, you asked if I could play ""mitten on the keys"", right?"
4078,4425,1,31,161,193,1.1709844559585492,0.02814688649148818,643,My wife never wanted me to wake the kids.
5055,4425,6,21,166,193,1.1709844559585492,0.03259001457359876,643,This next one is Rocky Manoff’s Prelude in C Minor.
849,4428,7,26,201,234,1.170940170940171,0.029411151481222204,643,When you have to perform Mozart at 8 but fight in the ring at 9.
1401,4428,5,30,199,234,1.170940170940171,0.02813629242134731,643,I just hate playing with cold hands.
5183,4430,5,24,170,199,1.170854271356784,0.03113301096430771,643,I'm the first boxer to perform in Carnegie Hall.
2805,4430,3,28,168,199,1.170854271356784,0.029457540329197823,643,"And now, my rendition of Survivor's ""Eye Of The Tiger"""
2236,4430,5,24,170,199,1.170854271356784,0.03113301096430771,643,What happens after the glissando?
2600,4433,6,29,205,240,1.1708333333333334,0.0283174846969676,643,"By popular request -- the Butterfly and Bee Sonata in A sharp major"""
1734,4434,8,19,178,205,1.170731707317073,0.03281193977459939,643,Round 13
2437,4434,5,25,175,205,1.170731707317073,0.030547526394397527,643,I am not all thumbs and I'm here to prove it!
2786,4434,7,28,211,246,1.170731707317073,0.02846357934519569,643,LET’s Let’s let’s GET Get get READY Ready ready TO To to BACH Bach bach.
4993,4434,5,25,175,205,1.170731707317073,0.030547526394397527,643,I was hoping for a dissonant  sound.
1035,4438,5,26,180,211,1.1706161137440758,0.029992032307316483,643,I play as a butterfly and sting like a bee!
1984,4438,5,26,180,211,1.1706161137440758,0.029992032307316483,643,"I  just  punch, the  lid  falls  BINGO  !  CANON SHOT"
3067,4438,4,28,179,211,1.1706161137440758,0.029229872799852938,643,"And now, the Battlt Hymn of the Boxer Rebellion!"
4985,4441,5,27,185,217,1.1705069124423964,0.02946413816455782,643,Contemporary music these days...
3124,4441,4,29,184,217,1.1705069124423964,0.02873092480711412,643,I've been told this next piece is a real gut punch.
1413,4441,4,29,184,217,1.1705069124423964,0.02873092480711412,643,... and my next piece is entitled 'Banging on Keys with Boxing Gloves'... in D minor
4739,4444,8,22,193,223,1.1704035874439462,0.03098350940012293,643,"One more thing, I majored in Sociology."
3991,4445,6,19,157,182,1.1703296703296704,0.03383838250816121,643,"And now, a little something I call, 'Rap City in Two'."
265,4446,3,33,193,229,1.1703056768558953,0.027104615927934853,643,"I call thith nextht number ""Down Goeth Frathier."""
809,4447,4,24,160,188,1.1702127659574468,0.03135049162097142,643,"And now, I will take on Bach’s Canon."
3943,4448,5,23,166,194,1.1701030927835052,0.031599372194980976,643,"Now, who'd like to hear some Simon and Garfunkel?"
4520,4448,5,23,166,194,1.1701030927835052,0.031599372194980976,643,"I don’t care if Streisand loves The Main Event, I’m never playing it agaiin."
5525,4450,3,28,169,200,1.17,0.02932232928972177,643,"I call this ""Adrian"""
5232,4450,4,26,170,200,1.17,0.030167039152961,643,DUM DUM DUM   DUM...
5185,4450,3,28,169,200,1.17,0.02932232928972177,643,I think these are very effective in subduing the percussion expression of Mozart's compositions for harpsichord.
5150,4450,2,30,168,200,1.17,0.028452552410872876,643,I'm going to belt out the latest showstopper.....
2616,4450,4,26,170,200,1.17,0.030167039152961,643,"I know you like immersive experiences, but isn't this a bit much for playing the Rocky theme song?"
1705,4450,5,24,171,200,1.17,0.030988731944655127,643,I can't land the hook
863,4450,4,26,170,200,1.17,0.030167039152961,643,Do I look like Tom Hanks?
1099,4457,4,27,175,206,1.1699029126213591,0.02962125673462849,643,And now....my homage to Simon and Garfunkel.
3119,4457,5,25,176,206,1.1699029126213591,0.030410171775850158,643,"Next, “The Flight of the Bumblebee.”"
4211,4457,4,27,175,206,1.1699029126213591,0.02962125673462849,643,'Melancholy Baby' a la Charles Ives? No problem.
4640,4457,4,27,175,206,1.1699029126213591,0.02962125673462849,643,"Yo, Adrian! It's me, Rocky. I don’t think I can beat this guy."
791,4461,6,24,182,212,1.169811320754717,0.030600561411320032,643,Pugalistic Punching Music by Steve Reich
3057,4461,5,26,181,212,1.169811320754717,0.029861072269041534,643,My next piece will be Piano Fighter  by Warren Zevon.
3626,4461,8,20,184,212,1.169811320754717,0.03202835933903051,643,And now I'd like to play for you the opening bars of Beethoven's Fifth Symphony.
4234,4464,8,21,189,218,1.1697247706422018,0.03142636542319158,643,This piece will be played in fourths.
2715,4464,4,29,185,218,1.1697247706422018,0.028609521197136126,643,"And now, “Fight for Your Right”"
125,4464,5,27,186,218,1.1697247706422018,0.02933909743456722,643,Let’s get ready to Tinkle!
1191,4464,5,27,186,218,1.1697247706422018,0.02933909743456722,643,Its suposed to Sound like that
1711,4464,6,25,187,218,1.1697247706422018,0.03005096626434292,643,"And now, from my ""Pugilist's Promenade,"" . . ."
1318,4469,3,32,189,224,1.1696428571428572,0.02741884662044384,643,"So, who wished for ""Eye of the tiger""?"
5164,4469,5,28,191,224,1.1696428571428572,0.028842157058622912,643,"No, this is a composition by Beathoven"
5235,4469,7,24,193,224,1.1696428571428572,0.030198458530082597,643,"I shook up the world! I shook up the world, by playing Shostakovich!"
671,4472,2,25,144,171,1.1695906432748537,0.03108067962898875,643,I can give you Hits or a can give you punches
1965,4473,3,27,165,195,1.1692307692307693,0.02972042814637649,643,"For my next number, I will pound out Gershwin's 'Rhapsody in Blue.'"
2127,4473,4,25,166,195,1.1692307692307693,0.03059692702395349,643,"Every tenth concert I play for the folks in the back seats. For those of you with better tickets, I quote On The Waterfront: 'This ain't your night'"
5040,4473,4,25,166,195,1.1692307692307693,0.03059692702395349,643,Saturday Nite’s alright for fighting
3182,4476,3,28,170,201,1.1691542288557213,0.02918833859477141,643,"That’s it, I’ve warned you before, get that light off me or I’ll...."
3939,4476,3,28,170,201,1.1691542288557213,0.02918833859477141,643,"And now, Liszt in a clinch."
4767,4476,6,22,173,201,1.1691542288557213,0.0316419474948415,643,You may remember me from the orchestra for “Rocky” on Broadway.
5707,4479,5,25,177,207,1.1690821256038648,0.03027403475481028,643,"And now, I'll knock out ""It Don't Mean A Thing."""
5284,4479,4,27,176,207,1.1690821256038648,0.029489236427043364,643,"And now, a short tone poem by Floyd Mayweather..."
4909,4479,5,25,177,207,1.1690821256038648,0.03027403475481028,643,"And now, the Tyson Piano Sonata in B flat major."
4101,4479,2,31,174,207,1.1690821256038648,0.02785338102419996,643,Prepare yourselves for an eight count knockout.
5203,4479,5,25,177,207,1.1690821256038648,0.03027403475481028,643,"That last one was by Chopin. And now, a piece by Punchin."
2420,4479,3,29,175,207,1.1690821256038648,0.028682973168147368,643,"Sorry, my trainer just quit."
2311,4479,8,19,180,207,1.1690821256038648,0.03251497387653354,643,"Drink up, everyone! The next 15 rounds are on me.""


LockaBlocka2018@gmail.co"
1656,4479,5,25,177,207,1.1690821256038648,0.03027403475481028,643,My next number will be a medley from Punch Drunk Love.
4036,4479,3,29,175,207,1.1690821256038648,0.028682973168147368,643,"The next few songs are a touch more mellow, softer...."
21,4488,5,26,182,213,1.1690140845070423,0.02973123957020854,643,"This next number will be a ""mash-up"" of   Mozart vs Eminem"
686,4488,6,24,183,213,1.1690140845070423,0.030466990481991,643,"'Hard to tickle the ivories with these puppies."""
3169,4488,4,28,181,213,1.1690140845070423,0.02897681320871117,643,"For my encore, Thumbsticks."
3598,4488,3,30,180,213,1.1690140845070423,0.028202212698367167,643,"No, I'm not cancelled."
4430,4488,5,26,182,213,1.1690140845070423,0.02973123957020854,643,And now Piano Concerto for the Old One Two.
4981,4488,5,26,182,213,1.1690140845070423,0.02973123957020854,643,"And now, for your listening enjoyment, my new pie.ce, which I call ""Etude:  for Boxing Day"""
3837,4494,5,27,187,219,1.1689497716894977,0.029215102823568432,643,"Sorry, it’s not tuned..."
640,4494,6,25,188,219,1.1689497716894977,0.02992347019102196,643,"My signature composition, 'Hand in Glove, Knock Wood.'
Enjoy!"
1930,4494,3,31,185,219,1.1689497716894977,0.02774416267305735,643,"Up next, my biggest hit. It’s a knockout!"
141,4497,6,26,193,225,1.1688888888888889,0.029406234566725784,643,"Impetigo,mates."
4218,4498,7,26,204,237,1.1687763713080168,0.029064702641438792,643,"And now, a piece I call Rocky-maninov II."
1691,4499,5,22,163,190,1.168421052631579,0.03192973275666844,643,"And now for my own exuberant interpretation of ""Eye of the Tiger"""
5197,4499,3,26,161,190,1.168421052631579,0.030135000395527956,643,"I shall now perform Rachmaninoff's Concerto No. 3, followed by a piece of my own composition, Lionel's one-two."
796,4501,5,23,168,196,1.1683673469387754,0.03130005255888427,643,"And then I wrote my next big hit,"
213,4501,1,31,164,196,1.1683673469387754,0.027755698426812043,643,"Looking out on the crowd, I think I may have hit the wrong note."
653,4501,3,27,166,196,1.1683673469387754,0.029581008141618955,643,"Then . . with his next Indictment Rhapsody . . it was time to take off the gloves. Notice the developed motifs . . the supporting intricacies . . .No more sparring, as it were  . ."
2598,4501,5,23,168,196,1.1683673469387754,0.03130005255888427,643,"And now my newest composition: ""Crawl of the Sloth"""
1115,4505,5,24,173,202,1.1683168316831682,0.03070411079405365,643,Which round are we up to my good sir?
113,4505,4,26,172,202,1.1683168316831682,0.029891198745525704,643,It is the sweet art.
230,4507,7,21,180,208,1.1682692307692308,0.0316428124535006,643,Stop pounding on the keys!
2519,4507,3,29,176,208,1.1682692307692308,0.02855631359851603,643,I will now play 'Chopsticks' in the key of D sharp minor.
3641,4507,3,29,176,208,1.1682692307692308,0.02855631359851603,643,I’m concerned the minor fall will be misconstrued as taking a dive.
4303,4507,4,27,177,208,1.1682692307692308,0.029358374950675437,643,Rachmaninoff.
4509,4507,5,25,178,208,1.1682692307692308,0.03013909940844454,643,"Oh...I thought we were doing Ravel's 'Bolero""."
1717,4512,7,22,185,214,1.1682242990654206,0.03104936588959089,643,He dreams of the days when audiences just wanted their money back...
4583,4513,3,31,186,220,1.1681818181818182,0.027628439907533966,643,You actually thought this might sound good?
3553,4513,3,31,186,220,1.1681818181818182,0.027628439907533966,643,Please vocalize loudly on my behalf while I bang this out.
1752,4515,3,32,191,226,1.168141592920354,0.027196296334197317,643,Just plunking out an idea for a Rocky 9 theme.
2022,4516,5,20,154,179,1.1675977653631284,0.033130205861534597,643,I will now attempt the Minute Waltz
5642,4516,3,24,152,179,1.1675977653631284,0.03117802340033617,643,The critics say I punch out the melodic line.
738,4518,3,27,167,197,1.16751269035533,0.02944287462024916,643,"Tommasini said one hand dominated too much, but I forgot which  one."
1451,4518,5,23,169,197,1.16751269035533,0.031152489519957353,643,"Affection for this next little number was the only other thing in common betwixt Rocky Marciano, Rocky Balboa, and Rocky the Flying Squirrel.”"
1686,4518,2,29,166,197,1.16751269035533,0.028549702226293737,643,The gig economy has been very confusing to him
2773,4521,3,28,172,203,1.167487684729064,0.028923953761294138,643,...they increase the bass response.
5529,4522,4,27,178,209,1.167464114832536,0.02922865732179089,643,I shall play for you Muhammed Ali's Piano Concerto in B-Flat.
5143,4522,4,27,178,209,1.167464114832536,0.02922865732179089,643,I’ve got a hand modeling gig tomorrow morning!
2870,4522,5,25,179,209,1.167464114832536,0.03000535008608754,643,"To conclude our selection of Simon & Garfunkel Classics, I present ""The Boxer."""
292,4522,3,29,177,209,1.167464114832536,0.028430754191204406,643,"Whateya mean, 'go to my corner?'What round are we in?"
4773,4522,7,21,181,209,1.167464114832536,0.03150133780804651,643,Playing Country Music for Your Pleasure
369,4527,6,24,185,215,1.1674418604651162,0.030203286114886655,643,Let's get ready to risolutooooooooooooooo!
566,4527,5,26,184,215,1.1674418604651162,0.029474899168779007,643,And now for my Chopin.
2033,4527,3,30,182,215,1.1674418604651162,0.027961259963629286,643,"And now, the American premiere of Chopin’s early Black-Eye Etude."
2710,4527,3,30,182,215,1.1674418604651162,0.027961259963629286,643,"I'm all thumbs, which works for Eye of the Tiger."
2998,4527,4,28,183,215,1.1674418604651162,0.028728050227637685,643,Hey!  YOU requested a soft glove song...
3132,4527,4,28,183,215,1.1674418604651162,0.028728050227637685,643,I can’t fight this feeling anymore. I’ve forgotten what I started fighting for...
182,4533,8,21,192,221,1.167420814479638,0.031027061165424714,643,I'm going to treat this next composition with kid gloves.
2658,4533,1,35,185,221,1.167420814479638,0.025975588112536165,643,"I was told ""the gloves won't come off""

Chris Krusa"
3994,4533,4,29,188,221,1.167420814479638,0.02825132180183924,643,I just don't hit the keys... I hit them like a pro.
4540,4533,4,29,188,221,1.167420814479638,0.02825132180183924,643,"I shall now perform my rendition of LL Cool J's ""Mama Said Knock You Out"""
5493,4533,6,25,190,221,1.167420814479638,0.029671667530778274,643,Cowell or Bartok?
2082,4538,6,26,195,227,1.1674008810572687,0.02916547709177001,643,My agent asked me to perform something more inside the box.
3390,4539,4,25,169,198,1.1666666666666667,0.030168135380727375,643,Jabs aren't as effective on the piano.
3232,4539,8,16,168,192,1.1666666666666667,0.0341096340064434,643,"Next I shall play ""Music Dance Boxer""."
3876,4539,5,25,180,210,1.1666666666666667,0.02987277140356817,643,I will now play Chopin's sonata for boxing gloves.
2970,4539,7,23,192,222,1.1666666666666667,0.030229286087156422,643,"Charles, I thought you said these gloves would make my hands ""float like a butterfly"""
5095,4539,4,25,169,198,1.1666666666666667,0.030168135380727375,643,"I shall now play float like a butterfly, sting like a bee"
4880,4539,5,23,170,198,1.1666666666666667,0.03100629863913435,643,What’s wrong? I like to punch the keys.
4611,4539,3,30,183,216,1.1666666666666667,0.027842302319485226,643,"""In my younger years, I could blend the fourth movement with the fourth round."""
2959,4539,3,29,178,210,1.1666666666666667,0.02830628089466442,643,"I am not yet prepared to ""take the gloves off""."
4720,4539,5,24,175,204,1.1666666666666667,0.030424621926485568,643,"And for my next number, Sonata For Boxing Day"
2324,4539,5,27,190,222,1.1666666666666667,0.028849267651795765,643,"Flight of the Bumblebee? Come on, someone request a real challenge."
107,4539,4,25,169,198,1.1666666666666667,0.030168135380727375,643,And now Eye of the Tiger in C minor
215,4539,3,26,163,192,1.1666666666666667,0.029845929755637976,643,my next number is entitled: discordance is just frame of mind
375,4539,2,26,152,180,1.1666666666666667,0.030001034536269424,643,I'm not sure that concert pianists NEED a handicap system.
2686,4539,3,27,168,198,1.1666666666666667,0.029306010124215222,643,"I call this next number, ""Fighting With My Inner Critic,"" in D minor."
1284,4539,3,30,183,216,1.1666666666666667,0.027842302319485226,643,Sorry. I can't play with myself.
2163,4539,4,27,179,210,1.1666666666666667,0.029100068809347204,643,"And now, my version of ""Eye of the Tiger."""
1259,4539,1,33,176,210,1.1666666666666667,0.02664786304463169,643,"Next, I'll play the Moonlight, er Moonfight Sonata"
1305,4556,4,30,195,229,1.165938864628821,0.02757268350492522,643,Could you stop coughing? You’re ruining my concentration.
1665,4556,2,34,193,229,1.165938864628821,0.026146551107878675,643,Maybe no one will notice
2593,4556,5,28,196,229,1.165938864628821,0.028258772904634542,643,Oh! I prepared for the wrong event!
1765,4559,4,29,190,223,1.1659192825112108,0.02801741042236133,643,"Did I hear a request for ""Mama Said Knock You Out?"""
4473,4559,5,27,191,223,1.1659192825112108,0.028729330488425905,643,My final selection is a tribute to Glenn Gould: Box 'Goldberg Variations'.
4920,4561,7,22,188,217,1.1658986175115207,0.03064827311094507,643,Standing in for Paul Simon tonight....George Foreman!
2675,4561,7,22,188,217,1.1658986175115207,0.03064827311094507,643,This next one goes out to The Enemy of the People.
2976,4561,3,30,184,217,1.1658986175115207,0.027724340472780405,643,Hey Joan can we wrap up the show I got noses and keys to break
197,4564,3,29,179,211,1.1658767772511849,0.028182879890803987,643,Is there a Corner Man in the House?
2631,4564,2,31,178,211,1.1658767772511849,0.027370388760701782,643,"Welcome to the third concert in our series, Beethoven’s Great Beat-Downs!
Bill Hunter,
Plymouth, MA"
3052,4564,6,23,182,211,1.1658767772511849,0.03049072536070737,643,"And now, my tribute to Liberace."
3577,4564,4,27,180,211,1.1658767772511849,0.028972594929812846,643,"And now from ""The Suite
Science..."""
4412,4568,5,23,171,199,1.1658291457286432,0.030861461079874995,643,This is not a piano. It is a music box.
3992,4568,2,29,168,199,1.1658291457286432,0.02828698014632451,643,"I'm sorry, say that again ?"
2595,4568,4,25,170,199,1.1658291457286432,0.03002783600687777,643,"Viggo, this isn't working!"
3284,4568,3,27,169,199,1.1658291457286432,0.029170397503758,643,Does anyone out there have a spare set of chopsticks?
1049,4568,3,27,169,199,1.1658291457286432,0.029170397503758,643,I shall now play this next composition in the pugilist key.
1594,4568,2,29,168,199,1.1658291457286432,0.02828698014632451,643,"Ladies and gentlemen, there's no need to worry, these are only kid gloves."""
782,4568,3,27,169,199,1.1658291457286432,0.029170397503758,643,Waltzing Matilda? I heard Boxing Matilda?
360,4575,4,24,165,193,1.16580310880829,0.030598476194346406,643,I will now go Bach to basics.
5533,4575,3,26,164,193,1.16580310880829,0.029703440529128135,643,"Next, I will belt out ‘Clair de Lune.’"
2942,4577,3,25,159,187,1.1657754010695187,0.03026580090009372,643,I guess they don't like Shostakovich.
5371,4578,6,25,193,224,1.1651785714285714,0.02930174236396529,643,"Look, if I can do contacts, I can do anything with them."
1903,4579,6,24,188,218,1.165137614678899,0.029816107240089443,643,"And now, Round 3 of Tyson versus Holyfield."
4177,4579,4,28,186,218,1.165137614678899,0.02836272872382379,643,"Just remember your training: jab, jab, jab."
4834,4581,4,27,181,212,1.1650943396226414,0.028846221442110007,643,This week I'm trying out boom-boxing.
2932,4582,3,28,175,206,1.1650485436893203,0.028536133321020618,643,"A warning to those of you expecting ""Chopsticks."""
5240,4582,5,24,177,206,1.1650485436893203,0.03015012933157904,643,"My next selection, Boxers concerto in G minor."
41,4582,5,24,177,206,1.1650485436893203,0.03015012933157904,643,Just getting ready to pound out some New Wave.
2565,4585,3,27,170,200,1.165,0.02903601991081606,643,"With finesse and endurance, the 88s always defeat the challenger"
752,4586,5,22,167,194,1.1649484536082475,0.03131710229955497,643,I can only do the one note Samba
2907,4587,4,23,161,188,1.1648936170212767,0.031047393784917207,643,The theme to Rocky 12
2040,4588,5,27,193,225,1.1644444444444444,0.02849239509910048,643,Give me an A!
2962,4588,6,25,194,225,1.1644444444444444,0.02918045781282029,643,Get ready to ruuummmble!
1523,4590,6,24,189,219,1.1643835616438356,0.029689225708650797,643,"Tonight I will be giving new meaning to ""pounding the 88s."""
3371,4590,7,22,190,219,1.1643835616438356,0.030386542390678728,643,The drummer couldn't make it tonight.
3559,4592,4,27,182,213,1.164319248826291,0.02872093434267658,643,I call this next piece Pugilistic Percussion...
2929,4592,7,21,185,213,1.164319248826291,0.03094777500018583,643,and now a litta numba I pound..it's called Lights Out...
2818,4592,5,25,183,213,1.164319248826291,0.02948190923540969,643,And now I'd like to perform Beethoven's Pugilist's Polka in the key of ABCDEFG.
3671,4595,4,26,177,207,1.1642512077294687,0.029222953762780307,643,Do you think that this is worse than two left feet?
5462,4595,5,24,178,207,1.1642512077294687,0.030014715422722153,643,"In the clearing stands a boxer, and a fighter by his trade..."
1290,4597,5,23,173,201,1.164179104477612,0.030575772264297422,643,I used to be able to tickle the ivories real nice.
2975,4597,5,23,173,201,1.164179104477612,0.030575772264297422,643,"That was the Moonlight Sonata.  Oh, no, wait--it was Frosty the Snowman."
3134,4597,3,27,171,201,1.164179104477612,0.028902860792592664,643,I can't do both at the same time. You gotta problem with that?
3539,4597,6,21,174,201,1.164179104477612,0.0313788000621323,643,Hello?
4025,4601,4,24,167,195,1.1641025641025642,0.03030757735738816,643,"And for my encore, ‘Variations on Louie Louie!’"
4885,4601,7,18,170,195,1.1641025641025642,0.032820017178388096,643,"Ladies and Gentlemen, I present to you... ""Gonna Fly Now"" from Rocky's 1st symphony."
2744,4603,4,23,162,189,1.164021164021164,0.030895006146620635,643,"Now, for my next act, I will make this piano disappear!"
3983,4603,2,27,160,189,1.164021164021164,0.029015975326361854,643,"After several failed attempts to entertain his audience, Manuel stumbled upon the key to his knockout set."
2306,4603,4,23,162,189,1.164021164021164,0.030895006146620635,643,"I’m a lover, not a fighter!"
2806,4603,2,27,160,189,1.164021164021164,0.029015975326361854,643,This is one of my recordings featured in my latest box set of piano pieces.
4637,4607,4,22,157,183,1.1639344262295082,0.03151624185501798,643,"Especially for fight fans, Chopin's Three Minute waltz."
90,4608,3,23,151,177,1.1638418079096045,0.031160870620282614,643,And now... Beethoven’s Moonlight Sonata in D-flat Major
2368,4609,5,28,199,232,1.1637931034482758,0.02791982731893476,643,"Mr Houdini, are you in the audience?"
2332,4610,2,33,191,226,1.163716814159292,0.02621388385019338,643,"Good evening, Ladies and Gentlemen. I’m expecting a standing ovation...."
219,4610,7,23,196,226,1.163716814159292,0.02972918667465366,643,"My next number is a variation of Flight of the Bumblebee;
it's called Float of the Butterfly, Sting of the Bumblebee."""
321,4610,7,23,196,226,1.163716814159292,0.02972918667465366,643,"If you don't want to hear something awful, somebody better wake me up."
3027,4610,5,27,194,226,1.163716814159292,0.02837537324523529,643,I always told my parents I wanted to fight
3578,4614,4,28,188,220,1.1636363636363636,0.028124246554767814,643,Next: The Boxer. Just me. Simon and Garfunkel have the day off.
4746,4614,3,30,187,220,1.1636363636363636,0.02737630807574789,643,And this next piece is just brutal on my fingers.
3208,4616,2,31,181,214,1.1635514018691588,0.02701885358097615,643,Don’t give up your day job
97,4617,5,24,179,208,1.1634615384615385,0.029880501695198423,643,"Now, my homage to 'Eye of the Tiger'."
2961,4617,4,26,178,208,1.1634615384615385,0.029092838434039068,643,I will now perform ADRIENNE !   by Rocky.
1044,4619,5,23,174,202,1.1633663366336633,0.030434884997221155,643,Smooth Jazz?
1894,4619,3,27,172,202,1.1633663366336633,0.028770903885280842,643,What if I need to use the little boys room...?
210,4621,6,20,170,196,1.163265306122449,0.03185175885616578,643,This adds emphasis to my allargando.
764,4621,6,20,170,196,1.163265306122449,0.03185175885616578,643,There are those who find Rachmaninoff bombastic.
1469,4621,4,24,168,196,1.163265306122449,0.0301641723691691,643,"And for myy next selection,""Punch Drunk Love"""
3694,4621,3,26,167,196,1.163265306122449,0.029283931958665483,643,"That was my interpretation of the theme from 'Rocky III.' Next, 'Rocky IV.'"
4266,4621,2,28,166,196,1.163265306122449,0.02837639947566559,643,Still better than boxing in a top hat.
3977,4626,6,19,165,190,1.1631578947368422,0.0325052125131087,643,"Yes, but I can play it with a handicap."
3951,4626,3,25,162,190,1.1631578947368422,0.029824561403508767,643,I need to protect my assets!
5627,4628,2,25,151,178,1.1629213483146068,0.0299575870331582,643,The drummer cancelled so I'll have to keep the beat myself.
11,4629,7,22,192,221,1.16289592760181,0.030129211185262225,643,Mom says it sounds like I'm playing the bagpipes...
1542,4629,5,26,190,221,1.16289592760181,0.0287314931066968,643,I only prepared for Hot Cross Buns!
1240,4631,5,25,185,215,1.1627906976744187,0.029226917110682846,643,"Pay per view on PBS—
Rocky vs Rachmaninoff"
3492,4631,6,23,186,215,1.1627906976744187,0.02996133333018979,643,I will now play Fur Elise as Byron Janis
4721,4631,3,29,183,215,1.1627906976744187,0.027699730351371556,643,"This is a number I like to call, TKO."
5161,4631,7,21,187,215,1.1627906976744187,0.030678173121141964,643,Why is Mike Tyson the conductor?
3710,4635,1,32,176,209,1.1626794258373205,0.026474244399491274,643,"Now, I wrote this piano concerto in honor of ""Rocky 4."""
4365,4635,4,26,179,209,1.1626794258373205,0.028963865270125382,643,Boxeo:  A Concerto In Two Fists
1328,4635,2,30,177,209,1.1626794258373205,0.027329329327262834,643,And now for my next bout -- I mean Beethoven Sonata.
2438,4635,2,30,177,209,1.1626794258373205,0.027329329327262834,643,His Carnegie Hall dreams knocked out in a single piece.
3962,4639,6,21,176,203,1.1625615763546797,0.031089826002937554,643,"And now, Boom Chuck Chuck in D minor."
4230,4639,3,27,173,203,1.1625615763546797,0.028640133207941752,643,I will now demonstrate how to properly beat an antique piano.
892,4639,4,25,174,203,1.1625615763546797,0.029479324626084567,643,I'm protecting my hands before tomorrow's title fight.
3196,4639,4,25,174,203,1.1625615763546797,0.029479324626084567,643,"For my next number I’ll play ‘Buddy, Can You Spar a Dime’"
2031,4643,5,22,170,197,1.1624365482233503,0.03087270914779985,643,"Uh, what fresh hell is this?!"
2058,4643,6,20,171,197,1.1624365482233503,0.03170049745379897,643,Anyone remember the last works of John Coltrane?
3007,4643,2,28,167,197,1.1624365482233503,0.0282441509704865,643,It keeps going out of tune.
1818,4646,4,30,200,234,1.1623931623931625,0.027028014189473322,643,But the keys are sticky!
3367,4647,2,27,162,191,1.162303664921466,0.028736882009699996,643,This next rhapsody is a real knockout.
163,4648,7,23,198,228,1.162280701754386,0.029485244899841202,643,I'm just making sure I'm ready for J.K. Simmons when I can't keep tempo.
606,4648,2,33,193,228,1.162280701754386,0.026003179680325273,643,"Ladies and Gentleman, now for B-Flat."
1045,4648,3,31,194,228,1.162280701754386,0.026735897519076245,643,"Buxtehude? I thought you said Boxed a Hoodie."""
2212,4651,5,26,191,222,1.162162162162162,0.028611189815702102,643,"It’s a strong metaphor, but the next piece I wrote really has nothing to do with boxing."
678,4652,3,29,184,216,1.162037037037037,0.027581491387832568,643,Uhhh...You don’t need boxing gloves to perform the Mephisto Waltz!
1374,4652,4,27,185,216,1.162037037037037,0.02835145480064774,643,"See,I  can’t play jingle bells one more time."
2168,4654,3,28,179,210,1.161904761904762,0.02803475615846955,643,One mustn't perform this next piece with kid gloves.
3222,4654,3,28,179,210,1.161904761904762,0.02803475615846955,643,"And now,""Bang Bang"",arranged by Jessie J,Ariana Grande,and Nicki Minaj."
4998,4654,7,20,183,210,1.161904761904762,0.03111625651246048,643,"For my next piece, I will play 
Bacchanale by John Cage"
427,4657,3,27,174,204,1.161764705882353,0.02851053305653266,643,"Available on pay-per-view only, this Saturday."
485,4657,2,29,173,204,1.161764705882353,0.027650593393752324,643,I've never heard 'Eye of the Tiger' performed with such grace before!
1977,4657,4,25,175,204,1.161764705882353,0.029345283697873217,643,I’m Boxing Jim - subbing in for One-Eye-Closed Ron. Hope you like it.
3627,4657,2,29,173,204,1.161764705882353,0.027650593393752324,643,I thought this was a keypunch machine.
4433,4657,1,31,172,204,1.161764705882353,0.026763036727651027,643,It's not really about boxing.
967,4662,5,22,171,198,1.1616161616161615,0.030727344295268248,643,The texture is actually quite nice.
1267,4663,3,25,164,192,1.1614583333333333,0.029537405509687996,643,I knocked that song out of the ring.
1635,4663,2,27,163,192,1.1614583333333333,0.02859931471956519,643,If I could get someone to cut me I'll begin.
3896,4665,8,20,195,223,1.1614349775784754,0.0305447983301443,643,"You may have heard this next one ... ""Float like a Butterfly, Play like a Cat."""
2453,4666,5,25,187,217,1.1612903225806452,0.028976259737677246,643,"I heard he was all thumbs, but this is ridiculous!"
2760,4666,3,29,185,217,1.1612903225806452,0.027464246455512317,643,"This is my ode to Mike Tyson's brilliant Broadway production, his undisputed truth and all the Tysons who went before him."
2764,4666,5,25,187,217,1.1612903225806452,0.028976259737677246,643,"Yes, Frère Jacques IS a round in tonight's Ring cycle."
4286,4666,5,20,161,186,1.1612903225806452,0.03196613032593325,643,I punch the keys for a crisp sound effect.
4677,4666,1,28,157,186,1.1612903225806452,0.02809524751525334,643,Now for the newly discovered Rach 5!
5251,4666,3,29,185,217,1.1612903225806452,0.027464246455512317,643,"Duel talents?""But,I sing with this one"""
5360,4672,7,25,210,242,1.1611570247933884,0.028301626554912838,643,No need to go to this extreme.  I promise: no more chopsticks!
4195,4673,6,22,183,211,1.161137440758294,0.030240638367132422,643,"Albert realized that his post-bout recital lacked finesse, somehow."
871,4673,9,16,186,211,1.161137440758294,0.03240225027577994,643,And now my rendition of  'Flight of the Bumble Bee...'
3625,4673,3,28,180,211,1.161137440758294,0.027912122720586508,643,I can’t find middle c.
5594,4676,4,21,155,180,1.1611111111111112,0.03167562246081174,643,"I'm all for tickling the ivories, but this is Chopin's Black Key Étude."
66,4677,6,26,204,236,1.1610169491525424,0.028128727563121163,643,Now I'll play Chopin with my left foot while eating an ear of corn.
4493,4678,5,23,177,205,1.1609756097560975,0.030019842345263108,643,"I don't hate Beethoven, but I pity the fool!"
602,4678,2,29,174,205,1.1609756097560975,0.027526694525113766,643,"Now for my encore, “Sting of the Bumblebee.”"
817,4678,8,17,180,205,1.1609756097560975,0.03232124622272439,643,Round 1: Classical Beats
1605,4678,4,25,176,205,1.1609756097560975,0.029212444724511004,643,"I shall now perform John Cage's 4'33"", to be filmed by Andy Warhol."
2516,4678,8,17,180,205,1.1609756097560975,0.03232124622272439,643,Pugilistic pucussion Opis. 3
5605,4683,5,22,172,199,1.1608040201005025,0.030583330732509725,643,"I can't play a chord progression, but I can play you a few chords."
1811,4683,3,26,170,199,1.1608040201005025,0.02887598360639315,643,And I can play this piece with one hand tied behind my back!
373,4683,3,26,170,199,1.1608040201005025,0.02887598360639315,643,I thought I was invited to a pugilist contest not a pianist concert!
2425,4686,6,24,194,224,1.1607142857142858,0.02907055223783736,643,"Ladies and gentlemen, my next piece will be the premier of the Ring Cycle as interpreted by Gio Palooka."
2719,4686,6,24,194,224,1.1607142857142858,0.02907055223783736,643,These ivories are extra ticklish.
965,4688,3,29,186,218,1.1605504587155964,0.02734798324493214,643,I did not lie on my C.V.
2524,4688,2,31,185,218,1.1605504587155964,0.026563777073666344,643,Now I will perform the TKO.
3655,4688,2,31,185,218,1.1605504587155964,0.026563777073666344,643,"You can,t beat this song"
3758,4688,5,25,188,218,1.1605504587155964,0.02885252255620614,643,These new Rocky installments keep getting stranger and stranger...
3873,4688,8,19,191,218,1.1605504587155964,0.030972598587999143,643,"Hey look, Mohammed Ali was a poet. I’m a pianist."
2471,4693,5,20,162,187,1.160427807486631,0.031806425764228506,643,Is there an Ali in the House?
5541,4693,7,16,164,187,1.160427807486631,0.033565618308480455,643,"And now, Mama Said Knock You Out No. 12"
898,4693,3,24,160,187,1.160427807486631,0.02994405963392672,643,At least I have clothes on
756,4696,6,22,184,212,1.1603773584905661,0.03010725180384919,643,"I’ve got a bad neck rash that I need to scratch. With a collar cone I couldn’t see the keys,
but at least with these gloves I can."
1483,4696,1,32,179,212,1.1603773584905661,0.026132221547835243,643,And now for the Flight of the Stinging Bumblebees
3449,4696,5,24,183,212,1.1603773584905661,0.02935533834840493,643,I don’t want anyone stealing my fingerings.
1566,4699,5,19,157,181,1.160220994475138,0.03247211164035534,643,But I'll bite my fingernails if I take them off!
423,4700,4,25,177,206,1.1601941747572815,0.0290807917988142,643,This next piece will be a box waltz.
3733,4700,3,27,176,206,1.1601941747572815,0.028254782864995432,643,I usually like soft music but this guy's a real lightweight.
5058,4700,4,25,177,206,1.1601941747572815,0.0290807917988142,643,The staccato notes have been omitted.
1731,4703,6,25,200,231,1.1601731601731602,0.028473158289210113,643,Box piano concerto no.1 packed quite a wallop in last night’s concert.
2489,4703,4,29,198,231,1.1601731601731602,0.027118881082257868,643,I'm not supposed to punch the keys BUT I CAN'T HELP IT I'M A BOXER >:(
5619,4705,3,26,171,200,1.16,0.028742488640796773,643,"And now..."" Mama Said Knock You Out"" in E flat."
5301,4705,6,20,174,200,1.16,0.03125515032935456,643,"I jab with the left and hook with the right, correct?"
2657,4705,4,24,172,200,1.16,0.02960374823477153,643,"Well, ham isn't kosher."
499,4705,7,18,175,200,1.16,0.03204895752426216,643,I guess we know what happened to Rocky after the fight
3841,4709,6,23,190,219,1.1598173515981736,0.02944987081748154,643,"Do you think we could make an exception to the ""all employees must wear boxing gloves at Mike Tyson events"" ?"
5361,4709,2,31,186,219,1.1598173515981736,0.026452363789293696,643,"The ""Rocky Theme"" may be more challenging than anticipated..."
149,4711,2,27,165,194,1.1597938144329898,0.028328047582001935,643,Punch and  Judy Garland
611,4711,4,23,167,194,1.1597938144329898,0.03015477043211417,643,I’m gonna knock this one out of the park!
3601,4713,3,31,198,232,1.1594827586206897,0.026310671158966004,643,I am NOT playing chopsticks tonight!
405,4714,6,21,180,207,1.1594202898550725,0.030527440745939525,643,I like the way it sounds when I play with my boxing gloves on; kinda like I'm crappin' thunder!
3765,4714,6,21,180,207,1.1594202898550725,0.030527440745939525,643,"Take my piano, please"
3722,4716,2,28,171,201,1.1592039800995024,0.02772711401610503,643,"Hey, put your Vernon Dukes up!"
3623,4716,5,22,174,201,1.1592039800995024,0.030299283539472872,643,"For my encore, I will play a two finger polka."
3064,4716,3,26,172,201,1.1592039800995024,0.028610209636477372,643,"And now, Liberocky playing “Hey Adrian”."
2146,4719,4,27,189,220,1.1590909090909092,0.027873214921172774,643,I will now play Boxing with Beethoven
3018,4719,5,25,190,220,1.1590909090909092,0.02860816510119093,643,"So, music speaks to me.  Last night, it said, killing me softly with this next song.  I'll do my best."
4800,4719,4,27,189,220,1.1590909090909092,0.027873214921172774,643,"Now, ""Ebony and Ivory"""
4942,4722,6,26,207,239,1.1589958158995817,0.027799201325124888,643,And now for a song by Everlast.
1103,4723,2,27,166,195,1.158974358974359,0.028194312202947484,643,Gonna play now
1534,4723,3,25,167,195,1.158974358974359,0.029116787850009842,643,This latest workout fad is not what I signed up for.
3682,4723,2,27,166,195,1.158974358974359,0.028194312202947484,643,"Liebestraum No. 3, by Franz Liszt. What's it to ya."
620,4726,3,28,183,214,1.158878504672897,0.02755050919354014,643,My next piece will be Box Piano Sonata.
1495,4726,5,24,185,214,1.158878504672897,0.029099561762701953,643,"And now,I will play the theme from ""ROCKY"""
5599,4728,2,26,161,189,1.1587301587301588,0.02868565107643787,643,"To get the desired softened effect,boxing gloves may be used instead of the pedal."
5574,4728,3,24,162,189,1.1587301587301588,0.02965052896676524,643,I need these to play all soft like.
51,4730,3,27,178,208,1.1586538461538463,0.028003532998343843,643,"I'm thrilled to debut my most recent composition. 
'The 2018 Overture in G Major'"
4877,4730,5,23,180,208,1.1586538461538463,0.029615876269403926,643,What is going on? They didn't tell you I am blind!
990,4732,2,32,193,227,1.158590308370044,0.02585361855123701,643,"So Mr. Tyson, who do you think has a tin ear now?"
3660,4732,4,28,195,227,1.158590308370044,0.0273199425693268,643,Life's not a about how hard of a hit you can give... It's about how many keys you hit before the security notices.
5511,4734,4,18,142,164,1.1585365853658536,0.03343184847509574,643,I stay in shape by playing a few clusters before taking off the gloves.
1921,4735,2,28,172,202,1.1584158415841583,0.027600764546819357,643,This next one will be played in KO.
4528,4735,6,20,176,202,1.1584158415841583,0.03096509054411077,643,"This next little number, ‘A Bloody Pulp,’ I wrote bare knuckle."
5705,4735,1,30,171,202,1.1584158415841583,0.026693511315672876,643,Wrong scenario impresario!!
5445,4738,7,21,193,221,1.158371040723982,0.029896645484795342,643,Watch as I play a mean “Three blind mice.”
4543,4739,2,24,151,177,1.1581920903954803,0.029749543826552816,643,"Softly may I punch the keys with the theme from ""Rocky"" fortissimo."
337,4740,2,27,167,196,1.1581632653061225,0.028061819126947305,643,"And now for my own composition, ""The Ballad of the Boxer:  A blow by blow account"""
1775,4740,2,27,167,196,1.1581632653061225,0.028061819126947305,643,"No, I didn't forget anything!"
2753,4740,7,17,172,196,1.1581632653061225,0.032389949235827484,643,"Sir! In the front, you — the Belgian-looking guy. Listen up, because I'm only gonna say this once. I will NOT be playing ""White Iverson"" again tonight, so you can stop fucking asking, OK?"
4239,4743,1,32,182,215,1.158139534883721,0.025798803490682004,643,We're going to need you to play with more punch.
5428,4743,5,24,186,215,1.158139534883721,0.028973324042347794,643,This next piece is Marcatissimo Maximus.
5401,4745,5,26,197,228,1.1578947368421053,0.027909832638272198,643,ffuck. Everyone happy with ffortissimo?
5086,4745,4,28,196,228,1.1578947368421053,0.027208746667810667,643,This guy's SWINGING.
4779,4745,2,29,178,209,1.1578947368421053,0.02704187857078642,643,"Der Ring des Nibelungen"" by Wagne"
3342,4745,4,22,164,190,1.1578947368421053,0.030435051158733437,643,Uhh...would it be alright if I just played chopsticks tonight?
4546,4745,4,25,180,209,1.1578947368421053,0.028692794331419594,643,Free Bird? Coming right up!
1361,4745,5,23,181,209,1.1578947368421053,0.029483606826491527,643,For my next trick...
1334,4745,1,28,161,190,1.1578947368421053,0.02755372863015146,643,"The Pianist everyone called ""Al Thumbs"""
959,4745,3,27,179,209,1.1578947368421053,0.02787955920726063,643,"Lie la lie, lie la la la lie lie
Lie la lie, lie la la la la lie la la lie"
1499,4745,1,28,161,190,1.1578947368421053,0.02755372863015146,643,I am trying to punch out two chords at a time.
1472,4754,5,22,176,203,1.1576354679802956,0.03002042299544761,643,And I'd like to thank my parents who allowed me to pursue a career in boxing even though they had other ideas.
1992,4754,7,18,178,203,1.1576354679802956,0.031603362120325995,643,"And then I wrote the theme song for the movie ""Rocky""."
4613,4754,3,26,174,203,1.1576354679802956,0.028349234493064247,643,"i call this Tango, Uppercut!"
5171,4754,4,24,175,203,1.1576354679802956,0.0291967882922792,643,"baby, its cold inside"
3613,4758,6,25,204,235,1.1574468085106382,0.02802022627120022,643,"For my next selection,Chopin's 5 Minute Waltz."
3004,4759,4,26,186,216,1.1574074074074074,0.028091822242774525,643,They appear to have shrunken in the washer.
2051,4759,3,28,185,216,1.1574074074074074,0.027314541086819525,643,I'm saving them for my hand model gig.
2032,4759,5,24,187,216,1.1574074074074074,0.028848168036388917,643,Are you sure Beethoven started this way?
914,4762,4,23,170,197,1.1573604060913705,0.029727267574720266,643,"I said ""piano"" not ""Marciano."""
3171,4762,8,15,174,197,1.1573604060913705,0.033028774004399505,643,The first rule of Fight Club is: you do not sing about Fight Club.
4705,4764,6,24,199,229,1.1572052401746724,0.028476945073286207,643,I believe I've found the lost chord.
471,4765,2,29,179,210,1.1571428571428573,0.026923300472318664,643,"I may be punching above my weight, but I’d really like to perform this next piece for you."
1760,4765,3,27,180,210,1.1571428571428573,0.027756667216073557,643,"And now a selection of Brahms, in the eye of the tiger."
3393,4765,4,25,181,210,1.1571428571428573,0.02856573194519879,643,My hands are fine but I should have worn protective headgear.
4635,4765,5,23,182,210,1.1571428571428573,0.029352504291560014,643,"And in just a moment, Ladies and Gentleman, the Keys Lorraine will be ready to come out"
4693,4765,4,25,181,210,1.1571428571428573,0.02856573194519879,643,"And now, Mike Tyson’s favorite sonata."
4975,4765,2,29,179,210,1.1571428571428573,0.026923300472318664,643,They said I was too heavy a hitter
2626,4771,4,22,165,191,1.1570680628272252,0.030286570171304317,643,And now let us proceed to Bach's piano solo.
5550,4772,3,29,191,223,1.15695067264574,0.026780975885155336,643,"Ladies and fentlemen, for my next number my rendition of Punch Drunk Love."
3920,4772,4,27,192,223,1.15695067264574,0.027524894421222194,643,"And now, the Saved by the Bell Sonata in D, by Ludwig ""Kid Zucker"" Schteinmetz"
924,4772,2,31,190,223,1.15695067264574,0.026015793776533413,643,It's my way of fighting the good fight.
996,4775,2,28,174,204,1.1568627450980393,0.027351449870666726,643,"Lean, mean, piano playing machine."
1558,4775,1,30,173,204,1.1568627450980393,0.0264538585065879,643,"I play the songs, not the melody
I'll sing you a song tonight
I'm the piano man
and I'll make you feel alright"
5384,4777,5,27,204,236,1.1567796610169492,0.02725550346645155,643,"So this little number’s called, ‘Race for the White House.’"
3898,4778,3,28,186,217,1.1566820276497696,0.027198051013250027,643,"Who wants to hear a rousing rendition of  ""On Wisconsin?"""
4024,4778,2,30,185,217,1.1566820276497696,0.026401980634248708,643,He was a Double Major.
2530,4780,0,31,167,198,1.1565656565656566,0.025890520358141468,643,Want to sing a few rounds with me as I play?
364,4780,3,25,170,198,1.1565656565656566,0.028707865355390102,643,"Now that the jab is established, I'll work the body a bit."
1219,4780,5,21,172,198,1.1565656565656566,0.030441581088402538,643,Good thing this is a talent show.
5400,4783,3,22,154,179,1.1564245810055866,0.03048995824152407,643,"""Well, it worked for the Keyboard Cat."
1341,4784,2,29,180,211,1.1563981042654028,0.026805745938684667,643,Wait... is this some sort of  twisted metaphor? I thought it was an étude!
1693,4784,3,27,181,211,1.1563981042654028,0.02763484310353223,643,Tonight I thought I’d give beatboxing a try.
4491,4784,3,27,181,211,1.1563981042654028,0.02763484310353223,643,The next piece was originally composed by Rocky Marciano.
4534,4784,3,27,181,211,1.1563981042654028,0.02763484310353223,643,Is anyone going to unlace them for me?
1546,4788,5,20,167,192,1.15625,0.031031083119128274,643,You try playing with these things on.
5432,4788,5,25,194,224,1.15625,0.028131561089640343,643,"Yes, it appears that Round One goes to the piano, but for my next number, I'd like to try a little Tchaikovsky."
5011,4790,4,24,177,205,1.1560975609756097,0.0289315878898536,643,Thank you. Thank you. This last piece is for mother who has always observed that my playing leaves her feeling most short-changed in the note-differentiation department.
3882,4790,5,22,178,205,1.1560975609756097,0.02974660964681798,643,He’s really taking the battle of the bands serious this year
3446,4790,5,22,178,205,1.1560975609756097,0.02974660964681798,643,I don’t think the level playing field is all it’s cracked up to be.
2572,4790,3,26,176,205,1.1560975609756097,0.028092930964505682,643,I'm an outside the boxer thinker
2192,4790,3,26,176,205,1.1560975609756097,0.028092930964505682,643,"For all of you who think I'm all thumbs I present the ''Everlast
Serenade.'"
2663,4795,3,21,149,173,1.1560693641618498,0.03110314784944298,643,This punch line is a trifle too black and white for my liking.
768,4796,2,30,186,218,1.1559633027522935,0.026290417626706503,643,"And now C Flat in, you guessed it, C flat."
1194,4796,6,22,190,218,1.1559633027522935,0.029330833598267027,643,Now for the Cantus firmus.
502,4798,4,21,161,186,1.1559139784946237,0.03072243325920563,643,"My next piece, is a self-composition, which I call 'Political Bipartisanship.'"
2201,4798,5,19,162,186,1.1559139784946237,0.031654234221256156,643,I just wanted the kids to talk about me.
4561,4798,5,19,162,186,1.1559139784946237,0.031654234221256156,643,"Swinging tune, Mac. Ease up on the keys."
5408,4801,7,22,202,231,1.155844155844156,0.028904852574358274,643,"The add said something about swing, I assumed I'd need punch too."
5468,4802,3,25,171,199,1.1557788944723617,0.028574073884810695,643,"Boxing Day? Heck, I say boxing play."
5167,4802,3,25,171,199,1.1557788944723617,0.028574073884810695,643,"Begging your consent, an interpretation of the movement: Pound Me Too."
3453,4802,5,21,173,199,1.1557788944723617,0.030298438702877226,643,Concerto “Antifortisimo”
4317,4802,4,23,172,199,1.1557788944723617,0.02944888016722053,643,"Okay, that's better."
2469,4806,5,23,184,212,1.1556603773584906,0.02909373929817265,643,"I’m toe tarry I’m not feeling very well tonight, I’m fighting a bad chord."
417,4807,1,33,191,225,1.1555555555555554,0.025022036143546734,643,Simon and Garfunkel require this if you cover the song...
2918,4807,2,31,192,225,1.1555555555555554,0.025802806677791834,643,"Believe it or not, I can still play 'Twinkle, Twinkle Little Star!"
4565,4807,6,23,196,225,1.1555555555555554,0.028714369071627843,643,Are there any chopsticks in the house?
2717,4810,4,22,167,193,1.1554404145077721,0.02999387691397548,643,I thought I'd play a little Bach's
2002,4811,4,24,178,206,1.1553398058252426,0.02880077082367248,643,And now from the Adam Sandler movie Punch Drunk Love
1895,4812,5,24,190,219,1.1552511415525115,0.028479054354965762,643,Perhaps a musical boxing variety show isn’t such a clever idea.
221,4812,4,26,189,219,1.1552511415525115,0.02773381873582848,643,"Oh no, where's the men's room?"
2234,4812,5,24,190,219,1.1552511415525115,0.028479054354965762,643,"I am so sorry, darling, but maybe you can finally begin to understand this crippling commitment phobia"
2992,4815,7,22,203,232,1.1551724137931034,0.028787831377128335,643,And now for Box Well-tempered Clavier
543,4815,7,22,203,232,1.1551724137931034,0.028787831377128335,643,"And now for my encore, “The Float of the Bumblebee”"
4706,4817,5,19,163,187,1.1550802139037433,0.031495543035789976,643,...And now I'll show you how I gave him good Haydn.
3254,4818,5,21,174,200,1.155,0.03015662631251652,643,"My next piece is titled, 'Float of the Butterfly!'"
815,4819,3,27,183,213,1.1549295774647887,0.02739434399479359,643,"Theme song from ""Rocky"" anyone?"
4876,4820,6,23,197,226,1.154867256637168,0.028595316989682,643,Sure it fits me like a glove but the uppercut technique is not working for D#.
357,4821,2,33,204,239,1.1548117154811715,0.024901608896806874,643,It's a living!
449,4822,3,24,167,194,1.1546391752577319,0.028941045648658858,643,This next piece was written by a boxer.
3056,4822,3,24,167,194,1.1546391752577319,0.028941045648658858,643,Taking a test for the right to vote—I need to play Dixie.
1897,4824,4,24,179,207,1.1545893719806763,0.028671121515619586,643,"And now, I will be playing ""Gonna Fly Now"" in C Major"
2269,4825,2,30,188,220,1.1545454545454545,0.02607006499061068,643,Does the key of A major have three sharps?
3363,4825,2,30,188,220,1.1545454545454545,0.02607006499061068,643,"I shall now proceed with "" The Lost  Chords"""
3874,4825,3,28,189,220,1.1545454545454545,0.02685440911712218,643,Now we shall box the piano.
4530,4828,6,17,165,188,1.1542553191489362,0.03223330749007832,643,"I do take requests, as long as they are ""Chopsticks."""
1759,4828,5,19,164,188,1.1542553191489362,0.03133842399220107,643,What have you been smocking? Gloves have nothing to do with it. Really bad piano tuner!
1278,4828,4,21,163,188,1.1542553191489362,0.03041722414816954,643,Way easier than my last job. There we had to know how to count all the way up to 10...
1633,4828,4,21,163,188,1.1542553191489362,0.03041722414816954,643,"When life?
Expects more!
And you?
Disappoint everyone.
Mr. President."
1226,4832,5,21,175,201,1.154228855721393,0.03001612562984748,643,"I probably can't play Beethoven, but I can play ""Row, Row, Row You're Boat""."
2173,4832,3,25,173,201,1.154228855721393,0.028310162667575717,643,Try me...try one more time calling me a pianist.
3476,4832,5,21,175,201,1.154228855721393,0.03001612562984748,643,This is how you play those Chris Nolan trailer noises.
4325,4832,2,27,172,201,1.154228855721393,0.027417404444686287,643,BAM BAM BOOM
4817,4836,3,27,184,214,1.1542056074766356,0.027275642307233533,643,"I’m feeling boxed in, at this stage."
3127,4837,3,29,195,227,1.1541850220264318,0.026343856151871663,643,"This movement is titled ""Scontro non troppo."""
4398,4837,5,25,197,227,1.1541850220264318,0.027784319800005088,643,"My next selection will be ""Thinking 'bout you"" by Frank Ocean"
4169,4839,9,19,212,240,1.1541666666666666,0.0293157179737446,643,Wanna hear me play Chopstick ?
3024,4840,1,30,177,208,1.1538461538461537,0.025987074026622172,643,I still need to crack my knuckles.
3480,4840,1,26,155,182,1.1538461538461537,0.027927147308777073,643,"I said ""A box for the recital."""
2095,4840,6,20,182,208,1.1538461538461537,0.030126129580538823,643,And you attack a new piece.
1042,4840,9,14,185,208,1.1538461538461537,0.03235640715107878,643,Who said play it again Rocky
1538,4840,3,32,212,247,1.1538461538461537,0.02505838813915516,643,"And now, the ""Concerto Grosso Mosso"" by Spinks."
1788,4840,5,20,170,195,1.1538461538461537,0.030583632681799085,643,And now for box prelude in C Major.
2866,4846,3,29,196,228,1.1535087719298245,0.026236775006646024,643,"Will somebody please  turn up the thermostat, so I can take these off?

Michael Rogness, St. Paul MN"
727,4847,5,23,187,215,1.1534883720930234,0.02871397129994694,643,I feel as if I'm punching the keys.
1622,4847,4,25,186,215,1.1534883720930234,0.027946794747987842,643,It’s easier than chopsticks.
3379,4847,5,23,187,215,1.1534883720930234,0.02871397129994694,643,*I forgot my pants*
615,4850,3,25,174,202,1.1534653465346534,0.028180009872979177,643,"Ruckus, please."
4758,4850,4,23,175,202,1.1534653465346534,0.029040861103800077,643,When I dreamed of being a key punch operator I never dreamed there would be an audience.
4429,4852,5,19,165,189,1.1534391534391535,0.031182854036422337,643,"Unfortunately, the lessons omitted certain key fundamentals."
4289,4852,7,15,167,189,1.1534391534391535,0.0329385027971295,643,"No, really --- ""Man, what are you doing here ?!"""
1022,4852,4,21,164,189,1.1534391534391535,0.030266864646457475,643,"Hope you enjoy my latest composition. I call it 'Noise'.""__%"
1188,4855,2,30,190,222,1.1531531531531531,0.025853335278538354,643,My percussion teacher recommends an eclectic approach to piano playing.
3697,4855,4,26,192,222,1.1531531531531531,0.02738474827926514,643,Box seats at the matinee.
4963,4855,5,24,193,222,1.1531531531531531,0.028119196022749558,643,Somebody doesn’t like the way I play.
1170,4858,6,20,183,209,1.1531100478468899,0.02999067395408406,643,"And now, a rendition of my favorite Skrillex song"
1887,4859,2,26,168,196,1.153061224489796,0.027738860024344673,643,I wrote this next song for all of the Pianist-Pugilists out there.  It'll knock your socks off!
1892,4860,5,18,160,183,1.1530054644808743,0.031816748739403745,643,You mean starring in ROCKY wasn't enough???
2116,4861,6,23,200,229,1.1528384279475983,0.02824397075972671,643,Pounding the keys is the only way to play Boxx
3714,4862,2,29,185,216,1.1527777777777777,0.026232878971491694,643,"Oh my!!!!
Where do I begin. From right to my left or left to my right."
2835,4862,4,25,187,216,1.1527777777777777,0.02782618521114797,643,"I was going to take my gloves off and let you know how I really felt, but this is Carnegie Hall, isn't it?"
1733,4862,5,23,188,216,1.1527777777777777,0.028589559379976457,643,T-K-PianO
184,4865,4,23,176,203,1.1527093596059113,0.028907335573331503,643,Now I'm going to punch the keys to Eye of the Tiger
2570,4865,3,25,175,203,1.1527093596059113,0.028051037408762067,643,These gloves came as a boxed set!
2714,4865,2,27,174,203,1.1527093596059113,0.02716776305598863,643,And now. The Levine variations by Cardi B.
3751,4865,3,25,175,203,1.1527093596059113,0.028051037408762067,643,"I used to be a real ""hands on"" type of guy."
5102,4865,6,19,178,203,1.1527093596059113,0.030548007307057742,643,On the scales at 300lbs...
4035,4870,2,25,163,190,1.1526315789473685,0.02820820283286491,643,“This next tune is likely to punch out your Likes.”
15,4871,3,28,192,223,1.1524663677130045,0.02651926072320823,643,"Baby, don't get hooked on me!"
5606,4871,4,26,193,223,1.1524663677130045,0.027270319632223816,643,Just tryin' to punch-up Shcumann's Piano Concerto Op. 54
5225,4873,2,28,180,210,1.1523809523809523,0.026629535063601217,643,"I can't even do ""Chopsticks"" like this."
2899,4873,5,22,183,210,1.1523809523809523,0.029083286223651916,643,We here at he Music Box have added something new!
4308,4873,3,26,181,210,1.1523809523809523,0.02747181472572689,643,Welcome to the new Two Note Piano!!
1948,4876,6,18,173,197,1.1522842639593909,0.031135604700548943,643,And now..”Eye of the Tiger Symphony No. 12” by Beat-hoven
3005,4876,5,20,172,197,1.1522842639593909,0.030292383718934616,643,"Sorry, my German is pretty bad, I thought they told me to get ready for Beat Often."
4607,4876,2,26,169,197,1.1522842639593909,0.02760862918172802,643,Do you mind if it's just the Minute Waltz?
2761,4879,5,18,161,184,1.1521739130434783,0.031654283398672066,643,"For my next piece, I shall play a ten roundelay."
3591,4879,2,24,158,184,1.1521739130434783,0.028701987104653916,643,"For tonight's encore, I will play for you the ""Theme Song from Rocky"" by composer Bill Conti."
2938,4881,3,25,176,204,1.1519607843137254,0.02792322947100621,643,Sing us a song Cinderella man! Sing us a song tonight
2587,4881,2,27,175,204,1.1519607843137254,0.027044621719474055,643,"I thought they said grand championship, not grand piano."
2668,4881,3,25,176,204,1.1519607843137254,0.02792322947100621,643,How about a duet?
2348,4881,2,27,175,204,1.1519607843137254,0.027044621719474055,643,And now I will bang your out a few of my favorite tunes for you
1239,4881,4,23,177,204,1.1519607843137254,0.028775022575690392,643,Hey Dad this is my dream!
2503,4881,2,27,175,204,1.1519607843137254,0.027044621719474055,643,I need a volunteer from the audience to hold open the piano while I work the inside.
426,4887,1,27,163,191,1.1518324607329844,0.0270720839698322,643,And now I would like to do a little thing I wrote called bopsticks
1102,4887,4,21,166,191,1.1518324607329844,0.02997052774719978,643,My next piece is Mozart's Sonata in B flatten major.
5198,4887,3,23,165,191,1.1518324607329844,0.029036544774708704,643,Yes I can see how piano and boxing can sound the same.
5395,4887,4,21,166,191,1.1518324607329844,0.02997052774719978,643,"Could you kill the lights? you aren't gonna want to hear or see this."""
1770,4891,4,26,194,224,1.1517857142857142,0.027156835387165977,643,This is the welterweight performance of the Right Hook Overture
1958,4892,5,22,184,211,1.1516587677725119,0.028954130461090247,643,"Ladies and gentleman, please put your hands together for Mr. Piano Man!"
4471,4892,5,22,184,211,1.1516587677725119,0.028954130461090247,643,Real champions are always ready for a knockout performance whether in the ring or at the player piano.
689,4894,4,27,200,231,1.1515151515151516,0.026636877428998836,643,"I call it a ""boxerto""!"
4952,4895,4,25,189,218,1.151376146788991,0.02758803726912834,643,Play Rocky for me.
315,4895,3,27,188,218,1.151376146788991,0.02681085349661899,643,That sonata is included in my remastered box set.
1407,4897,4,20,161,185,1.1513513513513514,0.0305464154161437,643,The proclivities of my Father have nothing to do with this!
2769,4897,7,14,164,185,1.1513513513513514,0.033306856869376046,643,"Yes, my rendition of the Creed theme song was a little rocky."
2982,4897,3,22,160,185,1.1513513513513514,0.02956905626148944,643,"From his earliest days Luigi had promised, ‘Rachmaninov and Marciano!, Rachmaninov and Marciano!’."
2641,4900,3,25,177,205,1.1512195121951219,0.02779657053271124,643,"And now, Beethoven's 'Boxing Day Concerto No. 4.'"
5490,4900,2,27,176,205,1.1512195121951219,0.026922580220479417,643,"And now for a song by an artist known as ""Limp Bizkit."""
845,4902,2,30,193,225,1.1511111111111112,0.025534843228320107,643,This captures their attention from the get-go
5311,4902,2,30,193,225,1.1511111111111112,0.025534843228320107,643,"Now for my next bout, how about mostly Mozart?"
2401,4904,4,21,167,192,1.1510416666666667,0.029824508375008232,643,But it’s not wearing a mouth guard.
3769,4904,3,23,166,192,1.1510416666666667,0.02889573978973246,643,"I've been so anxious lately...I think my stage ""fight"" is getting worse."
4103,4904,2,25,165,192,1.1510416666666667,0.027936110255025105,643,"I'm not a fan of, Chopsticks."
2399,4907,4,24,184,212,1.150943396226415,0.0280398613029622,643,"And now, 'chop-sticks', by Henry's realative, Ray (Boom-Boom) Mancini!"""
2066,4907,5,22,185,212,1.150943396226415,0.028826108712769475,643,Can you punch me in?
2070,4907,6,20,186,212,1.150943396226415,0.029591472845254783,643,"And next, Rocky's theme in knocked flat."
3974,4910,0,27,152,179,1.1508379888268156,0.02682505641045589,643,"Now, the Detroit tocatto in the style of Thomas the hitman Hearns."
834,4911,3,24,172,199,1.150753768844221,0.028264428137520354,643,"This isn't right, Mr. Jordan."
1369,4911,3,24,172,199,1.150753768844221,0.028264428137520354,643,Up next is the Pugilist's Overature in D minor
2091,4911,5,20,174,199,1.150753768844221,0.030006592398978602,643,I attack ferociously every piece I play.
2594,4911,1,28,170,199,1.150753768844221,0.026407578618337285,643,This is the next book of Gene Luen Yang: Boxers & Pianists.
3457,4911,6,18,175,199,1.150753768844221,0.030840791690991565,643,I knew I should have stuck with trombone.
253,4916,5,18,163,186,1.1505376344086022,0.031334248242913636,643,I am playing piano while wearing boxing gloves.
4226,4916,3,22,161,186,1.1505376344086022,0.029420908133722456,643,"Folks, does this strike the right note of middle aged whimsy?"
1460,4918,2,27,177,206,1.1504854368932038,0.026801624077512486,643,"Places, please."
1320,4919,4,26,196,226,1.1504424778761062,0.026932654184102237,643,But it's my version of the 'Rocky' theme!
447,4920,3,20,150,173,1.1502890173410405,0.030726126063396336,643,This next one has a knockout one-two-punch! one-two-punch! hook.
4495,4921,5,19,169,193,1.150259067357513,0.030575619332865553,643,I play in broad strokes
3628,4922,6,20,187,213,1.1502347417840375,0.029460742371916072,643,They were out of hams.
5147,4922,3,26,184,213,1.1502347417840375,0.027112038528274172,643,"I'm a classical pianist, yes, but also the next heavyweight champ."
3799,4924,4,27,202,233,1.150214592274678,0.026423680968199213,643,Is this not what it meant when it said the music was hard hitting?
1212,4925,4,25,191,220,1.15,0.027353898853405854,643,I will now play “Kidney Chopsticks.”
2834,4925,5,26,209,240,1.15,0.026604704861753918,643,"Bobby Short was never asked to play with these, was he?"
5503,4925,2,29,189,220,1.15,0.025791738631820424,643,"Round 6, Round 6!"
5704,4925,1,25,154,180,1.15,0.02782739206652474,643,A-major fight ends in defeat.
966,4929,1,29,177,207,1.1497584541062802,0.025787847600711518,643,"While difficult, it’s easier than being a defensive back..."
2018,4929,3,25,179,207,1.1497584541062802,0.027546638895667865,643,Mmmfm fmmmf mffmm fmmfm!
3732,4931,4,20,163,187,1.1497326203208555,0.030240390937676095,643,And now Hayden’s symphony 12. The Boxing Symphony
3716,4932,5,23,193,221,1.1493212669683257,0.02798321696510739,643,I am trying to avoid the flight of the bumblebee
5702,4932,4,25,192,221,1.1493212669683257,0.027238302011382644,643,I play to fight off the blues!
4393,4934,3,21,157,181,1.149171270718232,0.02982060938915105,643,"Float like a butterfly, tickle the keys, no one tried harder than self-proclaimed Mozart Ali."
570,4935,4,23,181,208,1.1490384615384615,0.028257574503528365,643,"This song goes out to my piano teacher, Miss Lydia Prunkett, who taught me that I can play the piano, even with boxing gloves on."
1238,4935,1,29,178,208,1.1490384615384615,0.025673665819268797,643,"Everyone get up and dance to Simon and Garfunkel's ""The Boxer."""
1549,4935,4,23,181,208,1.1490384615384615,0.028257574503528365,643,And now... a slam dance tune!
1857,4935,5,21,182,208,1.1490384615384615,0.02906788004361707,643,"I said to book The Black Eyed Peas, not Keys."
3035,4935,4,23,181,208,1.1490384615384615,0.028257574503528365,643,"Wow, that concerto really packed a punch."
5548,4935,3,25,180,208,1.1490384615384615,0.027423336474885786,643,"I plan to take off the gloves, if the completion gives any indication that it might  be a challenge."
4853,4941,4,24,187,215,1.1488372093023256,0.027674172036766947,643,Chopsticks anyone?
2294,4942,4,21,170,195,1.1487179487179486,0.029394802951899626,643,Excuse the gloves. I’ve had a falling out with my Fairy Godmother.
4343,4942,3,23,169,195,1.1487179487179486,0.028481333298773066,643,"As they say, ""Float like a butterfly, ring like a key"""
1849,4944,2,29,191,222,1.1486486486486487,0.02557663012781414,643,This next piece was composed by Harrison Bergeron.
2181,4944,2,29,191,222,1.1486486486486487,0.02557663012781414,643,Sorry folks can't play tonight; this stage fight got the best of me.
4304,4944,3,27,192,222,1.1486486486486487,0.02636150138634197,643,Do you have a shorter bench?  I can’t reach the pedals.
905,4947,5,20,177,202,1.1485148514851484,0.02958781018905916,643,Now I shall play Cage Fight in 4 33’
3941,4947,2,26,174,202,1.1485148514851484,0.02697522085464324,643,The gloves are on...
4526,4947,1,28,173,202,1.1485148514851484,0.026046187493523405,643,Soft and smooth gentle with whites and blacks.
3267,4950,4,26,199,229,1.148471615720524,0.026603183167807007,643,Has anyone seen my cut man ? This Concerto is killing me.
2142,4951,4,23,182,209,1.1483253588516746,0.028131085558277185,643,Oops! Wrong Job.
5296,4951,3,25,181,209,1.1483253588516746,0.027301123598363453,643,And now I shall play the final masterpiece by Trumpelstiltskin.
3661,4951,2,27,180,209,1.1483253588516746,0.02644512667353145,643,This is Beethoven's Concerto 1-2 (Jab-Right Cross)
632,4951,3,25,181,209,1.1483253588516746,0.027301123598363453,643,I'm trying to play Spar Spangled Banner
2499,4951,5,21,183,209,1.1483253588516746,0.028937252800518305,643,"No requests for “Freebird,” lest thee desire a proper pummeling."
1393,4956,3,26,187,216,1.1481481481481481,0.026761483266692997,643,Old habits die hard!
1780,4956,4,24,188,216,1.1481481481481481,0.027554370048498273,643,"The classic piano music box at your service, sir?"
2289,4956,3,26,187,216,1.1481481481481481,0.026761483266692997,643,I  won't be taking any more requests ladies and gentlemen
2447,4956,4,24,188,216,1.1481481481481481,0.027554370048498273,643,"I know I’m all thumbs, but I can really knock out a great tune!"
3358,4956,5,22,189,216,1.1481481481481481,0.02832507071316272,643,I'd like to dedicate this next song to Freddie Mercury.
4772,4956,3,26,187,216,1.1481481481481481,0.026761483266692997,643,"And now, the Michigan Fight song."
3287,4962,3,27,193,223,1.147982062780269,0.02625148657068915,643,the title is Cached Fingering
2046,4962,5,23,195,223,1.147982062780269,0.027747771698775864,643,"Once I built a tower, now it's done. Brother, can you spar a dime?"
222,4964,4,21,171,196,1.1479591836734695,0.029254286573543127,643,"Written by Fisto Pugilist, this is simply entitled...BALBOA."""
556,4964,2,25,169,196,1.1479591836734695,0.027407225970765364,643,The key to success is to knock on wood before every performance.
1096,4964,3,23,170,196,1.1479591836734695,0.028345804965987306,643,His recital was every bit as staged as a WWE match
3309,4964,4,21,171,196,1.1479591836734695,0.029254286573543127,643,A boxer's dream
5555,4964,2,25,169,196,1.1479591836734695,0.027407225970765364,643,"Sir,  the  song  you  are  performing is
requiem for  a   fighter; not  The
Boxer!"
437,4969,3,24,176,203,1.1477832512315271,0.027745306634883705,643,I just finished my warm up
2746,4969,4,22,177,203,1.1477832512315271,0.028610756552477773,643,I'm here for the keypunch operator position.
5569,4971,3,29,205,237,1.1476793248945147,0.02531049537694484,643,And to those critics who said I couldn't beat the Rach 2-- watch.
5285,4972,2,27,181,210,1.1476190476190475,0.02632837204208003,643,I can do it by instinct
4584,4972,4,23,183,210,1.1476190476190475,0.028005715624286012,643,What? My fingers are cold!
934,4972,5,21,184,210,1.1476190476190475,0.02880778669473717,643,Adrian!!  Adrian!!
4485,4975,4,24,189,217,1.1474654377880185,0.027435593086776892,643,How does that Rocky tune sound again?
1623,4976,4,20,166,190,1.1473684210526316,0.029792601678032903,643,"And now, the Multitask prelude composed during the Boxer Rebellion."
3843,4976,4,20,166,190,1.1473684210526316,0.029792601678032903,643,"Before I formally begin the work, I should like to execute a little soundcheck for those of us in the balconies."
2106,4978,4,25,195,224,1.1473214285714286,0.0268972560129959,643,"In this corner, three time concerto soloist, the Piano Man, the KO Kid."
3761,4978,1,31,192,224,1.1473214285714286,0.024563124197267208,643,It  made a fool of me once too often!
4867,4978,5,23,196,224,1.1473214285714286,0.027631518559935637,643,How exactly is this supposed to help me win coach?
4980,4981,6,18,180,204,1.1470588235294117,0.030127484086067732,643,The next song is 'she's crafty' by the beastie boys
3879,4981,5,20,179,204,1.1470588235294117,0.02931501521772149,643,It's heavy metal night.
1283,4981,2,26,176,204,1.1470588235294117,0.026729844309164554,643,This one goes out to all the hangry people in the house.
396,4984,5,21,185,211,1.146919431279621,0.028679466432657393,643,I can’t believe I forgot to take these boxing gloves off. Too late to do it now! Just have to play the piano with boxing gloves. I should have taken them off earlier.
3226,4985,1,30,187,218,1.146788990825688,0.024888349292960996,643,"And now ladies and gentlemen, Bach’s Concerto in C major for Two Pianos!"
3690,4985,7,18,193,218,1.146788990825688,0.02954822399743032,643,"My next number is a real ""knockout""!
Jeff Manly
Toronto, On."
4902,4985,1,30,187,218,1.146788990825688,0.024888349292960996,643,I call this: Flight of The Boxer
5444,4985,5,22,191,218,1.146788990825688,0.02808098415495835,643,I'll be playing the Boxing Ring Cycle.
5604,4985,4,24,190,218,1.146788990825688,0.027317828170727164,643,Ignazio vs. John Cage
2361,4990,4,19,161,184,1.1467391304347827,0.03036076513499731,643,my next number is Rocky Rolling  with the Punches
3853,4990,3,21,160,184,1.1467391304347827,0.02936629919380195,643,"I know it looks odd, but just wait for the sound!"
1782,4992,5,18,168,191,1.1465968586387434,0.030561606514194282,643,"Please excuse my playing, but I've recently been declawed."
5699,4993,4,21,173,198,1.1464646464646464,0.028977217920279283,643,"Tonight I will be performing the classic melodic death metal album 
""Hot Yoga Farts""  by ""MetalMurderSexMachine."" I thank you for your support of the fine arts."
4550,4994,2,26,177,205,1.146341463414634,0.02660880683325456,643,I apologize in advance. Blame my poison ivy.
2501,4994,3,24,178,205,1.146341463414634,0.02749277375495779,643,They told me to break a leg!
4281,4994,2,26,177,205,1.146341463414634,0.02660880683325456,643,"And now for the calming music of 
Galina Ustvolskaya."
812,4994,3,24,178,205,1.146341463414634,0.02749277375495779,643,"Float like a butterfly, sting like Ali."
2015,4994,2,26,177,205,1.146341463414634,0.02660880683325456,643,"And now, Chopin's Polonaise in G flat diminished (doubtful), ""The Boxer"""
628,4999,6,20,193,219,1.1461187214611872,0.02869985145629177,643,It's better than my last job I had with these; picking flea shit out of black pepper.
4347,4999,5,22,192,219,1.1461187214611872,0.027960501396289538,643,I don't remember seeing this in Whiplash!
3629,5001,3,20,155,178,1.146067415730337,0.029918872505185858,643,".... and how the theme from ""Rocky"" ..."
4793,5002,3,27,196,226,1.1460176991150441,0.025926837509213777,643,"I dunno, my agent said something about 'twinkle toes', boxing, a piano, an audition and I just... Tried to be prepared for anything,"
3648,5003,2,30,201,233,1.145922746781116,0.024722309547076344,643,"I'd love to play the concerto but 

I feel all tied up and boxed in."
5113,5003,2,30,201,233,1.145922746781116,0.024722309547076344,643,This movement’s nickname is The Knockout
309,5005,2,24,166,192,1.1458333333333333,0.027590812033498214,643,I'm just playing it how LaMotta would have played it if he had altered Bach's version.
1854,5005,4,20,168,192,1.1458333333333333,0.029501321195801507,643,"I was classically trained in the ""think system""."
5475,5007,3,23,173,199,1.1457286432160805,0.027946789224094853,643,Hope it's not Prokofiev's 1st or 3rd?
5370,5007,4,21,174,199,1.1457286432160805,0.028840628853488582,643,"When George heard ""break a leg,"" he took matters into his own hands."
50,5007,3,23,173,199,1.1457286432160805,0.027946789224094853,643,"I think you're punching above your weight, Steve."
3303,5007,4,21,174,199,1.1457286432160805,0.028840628853488582,643,"For my next number: ""Flight of the Bumblebees"""
3790,5007,2,25,172,199,1.1457286432160805,0.027023400659563372,643,My next piece will be a tribute to Erroll Garner
923,5012,4,22,180,206,1.145631067961165,0.028220180589383134,643,Does anyone here know how to play 'The Boxer'?
2416,5012,6,18,182,206,1.145631067961165,0.029851264400244024,643,"hmmmm,"
4013,5014,4,23,186,213,1.1455399061032865,0.027636174618616664,643,"I’ve got a touch of the flu, but I’m fighting through it."
4114,5014,5,21,187,213,1.1455399061032865,0.02842620358400446,643,And now for a Bach Suite
4481,5014,6,19,188,213,1.1455399061032865,0.029194861754217365,643,"Please forgive any inelegance, the repertoire always suffers a bit on December 26th"
1244,5017,6,20,194,220,1.1454545454545455,0.028576819101931696,643,"And, now, the Cannibal Corpse trio sonata."
4715,5018,4,25,198,227,1.145374449339207,0.026564582313377248,643,"I need these, I'm playing the ""Rocky""  theme song!"
3370,5018,4,25,198,227,1.145374449339207,0.026564582313377248,643,"I signed up for tuxedo boxing, does this piano have anything to do with it?"
1719,5020,4,19,163,186,1.1451612903225807,0.03005402727905073,643,This one goes out to Harrison Bergeron.
4252,5020,2,23,161,186,1.1451612903225807,0.028053507412698422,643,And now for my version of Rachy II......
5006,5020,1,25,160,186,1.1451612903225807,0.02699771544754343,643,"I'll play 'row, row your boat once', as my trainer warned I might be KO'd after the first round."
890,5023,2,24,167,193,1.145077720207254,0.027457880994101295,643,"Gonna giv'm the ole 1, 2, 3, 4"
1302,5023,0,28,165,193,1.145077720207254,0.025416343096306464,643,I think I'm punching above my weight.
2551,5023,3,22,168,193,1.145077720207254,0.0284237153594452,643,"In honor of the tenth anniversary of the Piano Fight Club, I shall play the theme from Rocky in the Italian classical tradition."
3395,5023,3,22,168,193,1.145077720207254,0.0284237153594452,643,"I call this piece, Giving My Fingers a Rest, and I hope you all will enjoy this."
148,5027,3,23,174,200,1.145,0.027816249182680348,643,"And now for my next selection, ""Mama Said Knock You Out"" by LL Cool J."
2264,5027,2,25,173,200,1.145,0.026897815195877122,643,I've been getting really into Henry Cowell and John Cage lately.
4806,5027,4,21,175,200,1.145,0.028705312659408053,643,"And now I will play ""On Wisconsin,"" the Badger's fight song."
2049,5030,5,20,182,207,1.144927536231884,0.028915068485520435,643,Beethoven wrote the next sonata in seven #s.
1021,5031,3,25,186,214,1.144859813084112,0.026705912799861287,643,I play only chopsticks and you will like it
3166,5031,5,21,188,214,1.144859813084112,0.02830123171227289,643,"Tea, a drink with jam and bread...
That will bring us back to Boom-Boom, Pow-Pow"
2948,5033,4,24,193,221,1.1447963800904977,0.026970479099278022,643,"My next number will be Dwayne Johnson - ""The Rock"" III"
5117,5033,7,18,196,221,1.1447963800904977,0.029168694667460516,643,"And now, Chopin’s Nocturne in B-flat minor, as interpreted by Keyboard Kat."
44,5035,7,20,208,235,1.1446808510638298,0.0279898310658648,643,"I just said I'd be Bach.  See sharp, not be flat.  
Mistake to hire agent instead of trainer."
84,5036,4,20,170,194,1.1443298969072164,0.029215643758932694,643,I could not decide if I wanted to be an athlete or a musician!
3443,5037,4,21,176,201,1.144278606965174,0.028571251771863142,643,Did someone request BeatHoven?
5069,5037,7,15,179,201,1.144278606965174,0.03107362481517849,643,Flight of the bumblebee?
5417,5039,2,26,180,208,1.1442307692307692,0.02625212424518689,643,"As a former Boy Scout, I am compelled to be a prepared pianist."
3924,5039,3,24,181,208,1.1442307692307692,0.027122410674429078,643,"If Liberace could do it, so can I,"
2381,5039,5,20,183,208,1.1442307692307692,0.02878415236910225,643,I will now perform a real knockout of a tune!
3528,5039,4,22,182,208,1.1442307692307692,0.027965627012460127,643,Tonight I'm going to play Chopin.
1113,5043,4,23,188,215,1.1441860465116278,0.02739514699062795,643,This is a heavyweight piano. I told you I only play Bantam.
2768,5043,4,23,188,215,1.1441860465116278,0.02739514699062795,643,"If Keith Emmerson could stab his Hammond organ with a knife, why can't I ..."
3929,5043,7,17,191,215,1.1441860465116278,0.02967996819442633,643,"I AM the Greatest, but ""Freebird?""  Really??"
5134,5043,1,29,185,215,1.1441860465116278,0.02490155909283723,643,"In lieu of the Squeeze Box, I will now play the Piano Box."
4492,5047,3,26,193,222,1.1441441441441442,0.02608666697812711,643,I'm just going to assume I'm not hosting the boxing championship.
5426,5047,5,22,195,222,1.1441441441441442,0.027605138784688378,643,And now from my new rap concherto
2456,5049,4,19,165,188,1.1436170212765957,0.029753385999338685,643,I'm committed to the lower register.
1874,5050,5,18,172,195,1.1435897435897435,0.029970241289083908,643,"I'm allergic to bees so I like to wear these when I play Rimsky-Korsakov,"
199,5050,3,22,170,195,1.1435897435897435,0.028151006637694053,643,"And now, Eye of the Tiger!"
4949,5050,7,14,174,195,1.1435897435897435,0.0316851945099967,643,Gonna pound these keys like I pound my dick!
106,5053,6,17,179,202,1.1435643564356435,0.03012078277831967,643,And the beat (box) goes on...
145,5054,1,28,180,209,1.1435406698564594,0.025239823153261735,643,"Today, I defy Benjamin Franklin's advice to please my critics."
2643,5054,6,18,185,209,1.1435406698564594,0.029446252691605668,643,"And now, Beethoven's Mmmm%$oonli88ght So?#natta2222222222..."
4895,5054,3,24,182,209,1.1435406698564594,0.027001146692611295,643,Play Punch Rock!
4031,5057,3,25,188,216,1.1435185185185186,0.02647497555951578,643,Be-Bop-A-Lula!
1496,5058,6,20,197,223,1.1434977578475336,0.028213935804358707,643,I will now attempt to beat the Für Elise land-speed record set by Sir Chuck Norris.
2318,5059,2,29,200,231,1.1428571428571428,0.02465104256617487,643,"Ready for the soundtrack for ""Boxing Helena."""
4578,5059,2,25,176,203,1.1428571428571428,0.02652790545386454,643,C'mon people! Let's pump it up!
1315,5059,2,27,188,217,1.1428571428571428,0.025538837464780875,643,Unanimous? Another ballad it is.
4799,5059,4,23,190,217,1.1428571428571428,0.027158258671511133,643,Procrastination wasn’t working.
2214,5059,4,24,196,224,1.1428571428571428,0.026631791355254102,643,Where's the Ring Girl?
4661,5059,2,26,182,210,1.1428571428571428,0.026019554538281434,643,Concerto for boxing bouts
2056,5059,1,27,175,203,1.1428571428571428,0.025592116315923306,643,What is everyone’s appetite for a black and blue concerto?
1055,5059,6,19,192,217,1.1428571428571428,0.02868640460366067,643,Can we turn the heat up? These are treble clefs
1949,5059,4,18,160,182,1.1428571428571428,0.030321028527785236,643,"---AND FOR MY NEXT PIECE  ""THE THUNDERER------"""
1840,5059,5,20,185,210,1.1428571428571428,0.028525823708245423,643,A concert pianist's bad dream after eating spicy tuna rolls after 9pm
1764,5059,3,24,183,210,1.1428571428571428,0.026880953944971895,643,My major in Composition and minor in Method Acting give 'Gonna Fly Now' a real one-two punch.
929,5059,5,19,179,203,1.1428571428571428,0.029155613841822303,643,It's a Balwin
767,5059,4,20,172,196,1.1428571428571428,0.02893541048810476,643,I don't need these to play my College Fight Song.
2016,5059,5,21,191,217,1.1428571428571428,0.027932783813591096,643,Beethoven was a bit if a pugilist
5437,5073,2,29,201,232,1.1422413793103448,0.024552280876630094,643,"For my next number, Chopsticks."
4660,5074,5,22,198,225,1.1422222222222222,0.027258641009782144,643,I call this composition 'Sweet Chin Music volume  IV'
5072,5075,6,19,193,218,1.1422018348623852,0.02856203085176032,643,I have a severe Gershwin allergy.
5310,5075,3,25,190,218,1.1422018348623852,0.02624796755826946,643,"What do you mean, 'this isn't the glove compartment'?"
2532,5077,2,26,183,211,1.1421800947867298,0.025904794684412626,643,I think it's safe to assume I've been knocked out.
3311,5077,4,22,185,211,1.1421800947867298,0.027592235569026284,643,"Um, I don't think this is how you play ""chin music""!"
2408,5079,7,14,176,197,1.1421319796954315,0.03137954535666252,643,Punch punch punch puuuunch.
4464,5079,2,24,171,197,1.1421319796954315,0.026938615839023516,643,This is the greatest piano concerto ever!... and I’ll slug anyone who says otherwise!
5166,5081,3,21,166,190,1.1421052631578947,0.028497684367928582,643,"And now we’d like to play Mike Tyson’s piano concerto in E#, also known as “Fingers? Who needs fingers?”"
3444,5081,3,21,166,190,1.1421052631578947,0.028497684367928582,643,"Hell no, man."
5275,5081,3,21,166,190,1.1421052631578947,0.028497684367928582,643,Feel free to join in with the hook.
3060,5081,4,19,167,190,1.1421052631578947,0.029458662679608845,643,"And now, here’s Wonderwall."
3152,5081,5,17,168,190,1.1421052631578947,0.030389267832704965,643,"Okay, guys, I promise I won’t play Chopsticks again."
1515,5086,3,27,203,233,1.1416309012875536,0.02519943400854217,643,"Next, I will play Beethoven - 'Moonlight' Sonata in a new C Stick and Move."""
3862,5087,5,22,199,226,1.1415929203539823,0.02714505503322086,643,"Like Pop always said... ""Dance like a dragon flies, and string it all to B."""
3890,5087,6,20,200,226,1.1415929203539823,0.027860103724171314,643,They want something new and different.
3272,5089,3,25,191,219,1.1415525114155252,0.0261359061078829,643,It's suppose to sound better with the new rap music.
2991,5090,2,26,184,212,1.1415094339622642,0.025791033986193593,643,What 's the punchline?
4918,5090,4,22,186,212,1.1415094339622642,0.027469963184159663,643,"This next piece is called, 'The Three-Hundred Pound Kitten's Run'."
3681,5092,1,27,177,205,1.1414634146341462,0.025360886833009466,643,I'll be presenting a program of Bach's music.
3386,5092,2,25,178,205,1.1414634146341462,0.02628685201024562,643,Ah-oneeeeee....ah-twooooo....ah-threeeee....ah fou
2567,5092,3,23,179,205,1.1414634146341462,0.027181291291261265,643,Is this someone's sick idea of a joke?
2730,5092,3,23,179,205,1.1414634146341462,0.027181291291261265,643,This ISN’T for the Punch and Judy reboot?
2088,5096,2,24,172,198,1.1414141414141414,0.026811828042224223,643,"That’s if one is falling on you. But up close and personal, take the gloves off."
3105,5097,1,25,165,191,1.1413612565445026,0.02634282643600716,643,I'm the best.  I just haven't played yet.
1797,5098,1,24,159,184,1.141304347826087,0.026878292206933933,643,"Some of you might not know that as of last midnight the tenets of Vonnegut's ""Harrison Bergerson"" became law. Therefore, in place of Beethoven's sonata number thirty I present ""Chopsticks."""
1644,5099,2,30,209,241,1.1410788381742738,0.02395943707316553,643,"And now, Ladies and Gentlemen, may I present to you, ""The Eye of the Tiger."""
4338,5100,2,27,191,220,1.1409090909090909,0.025214652657344187,643,Be prepared.  I'm coming out with a swing.
4897,5100,3,25,192,220,1.1409090909090909,0.026024790278609822,643,Chopsticks? Afraid not. A knife and fork please
3189,5102,6,18,189,213,1.1408450704225352,0.02892294290146196,643,"My next piece is titled ""Politically Incorrect"""
5010,5102,5,20,188,213,1.1408450704225352,0.02814685992135948,643,"In keeping with the spirit of the times, I will now play Bach the way Mafia Don governs."
5270,5104,3,23,180,206,1.1407766990291262,0.027057737149795525,643,I suppose you want me to play “Eye of the Tiger?”
4533,5104,4,21,181,206,1.1407766990291262,0.02791918402398904,643,Are you sure this is how to play Diminuendo?
1512,5104,2,25,179,206,1.1407766990291262,0.02616794685812177,643,These heated keyboards make simple ditties quite challenging.
450,5104,3,23,180,206,1.1407766990291262,0.027057737149795525,643,I was afraid there'd be a boxing kangaroo in the audience tonight.
2445,5104,2,25,179,206,1.1407766990291262,0.02616794685812177,643,The una corda pedal is malfunctioning.
2166,5109,4,20,175,199,1.1407035175879396,0.028524935286308884,643,"It's a knockout.
If looks could kill, they probably will"
3276,5109,3,22,174,199,1.1407035175879396,0.027620881382740412,643,"For my next number, I'll be playing ""Brontosaurus On the Keys""."
3368,5109,3,22,174,199,1.1407035175879396,0.027620881382740412,643,Dueling Pianos Competition
2013,5112,1,25,166,192,1.140625,0.026215605843599072,643,"I don't care what you think,it's comfortable!"
3467,5112,5,17,170,192,1.140625,0.030089999617929224,643,"Please don't laugh, this is the only way to play  lil Xan on piano."
3854,5114,4,24,200,228,1.1403508771929824,0.02619313456829335,643,Could somebody please turn down the air conditioning?
3474,5114,0,32,196,228,1.1403508771929824,0.02305447565787736,643,I thought they said thunderdome not metronome
2609,5116,5,21,195,221,1.1402714932126696,0.027456102996240628,643,And if I hear any snorin' out there I'll play chopsticks with your head.
1367,5116,3,25,193,221,1.1402714932126696,0.025914608259323714,643,I auditioned for the kettledrum.
1355,5118,2,19,143,164,1.1402439024390243,0.029822151170401632,643,Fighter introduces Gleft.
4336,5119,3,24,187,214,1.1401869158878504,0.026410618834602023,643,The Reprise Fighter
4698,5119,2,26,186,214,1.1401869158878504,0.025566458852325485,643,"I told you, I play hand in gloves..."
2823,5121,4,21,182,207,1.1400966183574879,0.027792303439496954,643,Requiem for a large harmonica.
1204,5121,4,21,182,207,1.1400966183574879,0.027792303439496954,643,Boxing Beethoven! You all ready for this?
1732,5123,1,26,173,200,1.14,0.025598366782073174,643,I only play Bach's pieces
4181,5123,2,24,174,200,1.14,0.026561770238275807,643,"...and now, winner by unanimous decision, I will play your request."
400,5123,4,20,176,200,1.14,0.02839067013569367,643,Dooby-dooby-doo...
1077,5123,4,20,176,200,1.14,0.02839067013569367,643,"And now, my rendition of the new uncomplicated classical beat"
1706,5127,4,19,170,193,1.1398963730569949,0.02902729992543706,643,Let's Make the Tune Great Again
75,5128,1,23,155,179,1.1396648044692737,0.027162818607714318,643,"And then , at the peak of the crescendo , you take the gloves off and proceed with a gentler finale for ten fingers..."
2911,5129,3,25,194,222,1.1396396396396395,0.025805348432610023,643,Play to win!
3088,5129,6,19,197,222,1.1396396396396395,0.028075082327033474,643,'Chopsticks' is not on tonight's set list.
3482,5129,3,25,194,222,1.1396396396396395,0.025805348432610023,643,m now going to play a Chopin mazurka
166,5132,4,22,189,215,1.1395348837209303,0.027109521921988518,643,"I wish my brother George Foreman was here."""
1660,5132,3,24,188,215,1.1395348837209303,0.026295576960978822,643,I'ts a tune up fight.
233,5134,4,27,220,251,1.1394422310756973,0.02464715847545014,643,I should have just majored in Engineering.
5409,5135,3,23,182,208,1.1394230769230769,0.026813944421013498,643,One more request for 'Melancholy Baby' and I'll put my dukes up.
1434,5135,2,25,181,208,1.1394230769230769,0.025933308350566182,643,"And now, so as not to offend anyone......"
2387,5135,2,25,181,208,1.1394230769230769,0.025933308350566182,643,"Damn it! Not this again,"" huffed his unimpressed, exasperated subconscious at his mediocre nightmares."
507,5135,6,17,185,208,1.1394230769230769,0.029297457494399857,643,The only issue is that it is untuned.
464,5135,5,19,184,208,1.1394230769230769,0.028493681443936145,643,Which keys should I rubeato?
1396,5135,4,21,183,208,1.1394230769230769,0.027666563733518768,643,I gotta right to sing the blues...
119,5141,2,24,175,201,1.1393034825870647,0.026438468170321233,643,"Yo Mick, can I go back to chasing the chicken?"
2160,5141,1,26,174,201,1.1393034825870647,0.025480214979705224,643,Who would like to hear Knock-out?
3699,5141,5,18,178,201,1.1393034825870647,0.029124668762689345,643,I always wear gloves when playing a percussion sport.
5489,5141,3,22,176,201,1.1393034825870647,0.027363184079601983,643,"My closing piece: ""Unanimous Ten"""
2893,5145,3,21,170,194,1.1391752577319587,0.027946408782305282,643,"For your holiday enjoyment, we'll be singing 'Jingle Bells"
401,5146,3,25,195,223,1.1390134529147982,0.025696999370866,643,"And now, Beethoven's fifth..."
1982,5147,5,20,191,216,1.1388888888888888,0.027777777777777773,643,"And now, ""The Minute Atonal Crash-Bang."""
2537,5148,3,23,183,209,1.138755980861244,0.026693676560312688,643,This isn’t exactly what I had in mind by the piano needing a tune up!
5484,5149,3,22,177,202,1.1386138613861385,0.027236117840084475,643,Can we play it in C major and D major?
5634,5149,3,22,177,202,1.1386138613861385,0.027236117840084475,643,"He gloats like a baritone, but sings like a chickadee."
2618,5149,4,20,178,202,1.1386138613861385,0.028125873714570582,643,I tried tying strings around my fingers to remember the punch lines.
2193,5152,1,25,169,195,1.1384615384615384,0.025841143479216767,643,"Seriously, I'm trying my best,"
3757,5152,1,25,169,195,1.1384615384615384,0.025841143479216767,643,It's an eh tu Brute in punch-drunk manner.
2483,5154,2,22,164,188,1.1382978723404256,0.027405468694980187,643,My hands get cold!
501,5155,1,28,188,217,1.1382488479262673,0.024376739618366904,643,My next selection is called ‘Gonna Fly Now’ by the great Bill Conti.
3327,5155,3,24,190,217,1.1382488479262673,0.0260684527626377,643,for my next  selection after  the flight and attack of the bumblebees
3307,5157,1,27,182,210,1.138095238095238,0.024800520217038356,643,Chopin and I will not be pleased if maestro's tempo is too slow this evening.
439,5157,5,19,186,210,1.138095238095238,0.028237203642006072,643,"The pitch might sound a bit rocky, as I play wearing these gloves."
523,5157,2,25,183,210,1.138095238095238,0.025702806649407498,643,"If you don't like it, come on up here and fight me."
1085,5157,4,21,185,210,1.138095238095238,0.02741844639834691,643,These are fighting musical notes
2343,5157,5,19,186,210,1.138095238095238,0.028237203642006072,643,Jackson Pollack Rhapsody No. 4 in C Sharp Minor.
3125,5162,1,26,176,203,1.1379310344827587,0.02524712325128468,643,You think so? I'm gonna knock 'em dead.
576,5163,3,21,172,196,1.1377551020408163,0.027678639250725345,643,"No hands!
Pitch Perfect!"
672,5163,3,21,172,196,1.1377551020408163,0.027678639250725345,643,"So you want to hear ""Flight of the Bumblebee?"""
3481,5163,3,21,172,196,1.1377551020408163,0.027678639250725345,643,You lied to me!
1215,5166,1,24,164,189,1.1375661375661377,0.026217554004830133,643,"The sound is sharp, but the piano is flat."
1473,5166,2,22,165,189,1.1375661375661377,0.027269899675760233,643,Enrique “The Spanish Pianist” Carrasco plays the music of Lady Gaga.
3323,5166,3,20,166,189,1.1375661375661377,0.028283117201890452,643,I 'm just here for free drinks. My twin is the musical one.
5190,5166,2,22,165,189,1.1375661375661377,0.027269899675760233,643,I will now play the theme song from the movie - Rocky.
5454,5166,4,18,167,189,1.1375661375661377,0.029261271486142142,643,And now my talent offering in this year's WBA welterweight competition
4750,5171,2,25,184,211,1.1374407582938388,0.02558907339592404,643,I wrote this one after being clocked by Mike Tyson in the ring.  It's called 'Huh?'
998,5172,2,24,178,204,1.1372549019607843,0.026075282917741662,643,He is a germaphobe - won't touch anything without gloves
5517,5173,2,27,197,226,1.1371681415929205,0.024590165836421745,643,"Jim specialises in all sorts of movements - 5th movements, head movements etc..."
55,5173,3,25,198,226,1.1371681415929205,0.025377305267260317,643,This is one of the greatest works of Bach's.
4033,5175,4,19,174,197,1.1370558375634519,0.028471313168093666,643,"Tonight, I’ll be playing 4’33”."
5565,5175,2,23,172,197,1.1370558375634519,0.0265898652897739,643,"For mohammed Ali,Sting like a bee and float like a butterfly"
3349,5177,2,22,166,190,1.1368421052631579,0.027135655205562957,643,"Hey Yo Adrian, one more time, I swear just one more time"
4953,5177,4,18,168,190,1.1368421052631579,0.02911586111570447,643,Nobody knows the troubles I've seen. Nobody knows but Jesus.
729,5179,0,29,183,212,1.1367924528301887,0.023656334650453813,643,And they said I didn't stand a puncher's chance of playing Carnegie Hall.
2892,5179,4,21,187,212,1.1367924528301887,0.027174713533328187,643,"I thought that you said ""Chop On,"" not Chopin!"
4575,5179,3,23,186,212,1.1367924528301887,0.026339216654779295,643,Desperate one hit wonder tries again....
1669,5182,6,20,208,234,1.1367521367521367,0.02695832430764237,643,"And now, a selection of pieces from Ludwig Von Beathovan, Wolfgang Ama-No Mas Mozart, Johann Sebashing Bach and Giacomo Punchini."
1831,5182,5,22,207,234,1.1367521367521367,0.026269160804260668,643,I will now play Bill Conti's 'Gonna Fly Now'
5557,5184,3,19,161,183,1.1366120218579234,0.028778813806484903,643,"Floating on Lunesta, ""Fight of the Bumblebee"""
3745,5184,4,17,162,183,1.1366120218579234,0.029803848148946054,643,This is going to be a real page turner.
3268,5186,3,22,180,205,1.1365853658536584,0.026861855779846865,643,‘Occhio di Tigre’ by Sopravvissuto.
4091,5186,3,22,180,205,1.1365853658536584,0.026861855779846865,643,Fly like a bumblebee
195,5188,2,26,192,220,1.1363636363636365,0.024915419775139617,643,Tonight I will differentiate beat from beat
440,5188,2,23,173,198,1.1363636363636365,0.02646428636883849,643,I shall now type a letter to Terpsichore.
1192,5188,4,22,194,220,1.1363636363636365,0.02652923186603107,643,...and in this corner...
4609,5188,3,21,174,198,1.1363636363636365,0.02741591902455908,643,I might be nervous for the concert. I had this terrible dream last night...
3831,5192,5,22,208,235,1.1361702127659574,0.02616361058509869,643,You listining to D magore engery
4881,5193,3,23,187,213,1.136150234741784,0.026223132018481653,643,"This next piece, I call, Rocky Marciano"
5685,5193,3,23,187,213,1.136150234741784,0.026223132018481653,643,The gloves help when I play Rachmaninoff— especially when I’m ‘Russian’ it (ha ha).
3525,5193,1,27,185,213,1.136150234741784,0.024475923834689585,643,..and now I'll play Chopin.
3558,5193,1,27,185,213,1.136150234741784,0.024475923834689585,643,I will now play my own composition called 'Rocky Roll.'
954,5197,2,22,167,191,1.1361256544502618,0.027002716142885085,643,Well it wasn't the first  piano performance to put me to sleep
2882,5197,4,18,169,191,1.1361256544502618,0.028971880868822523,643,I wear these to beat my meat.
1253,5199,0,31,197,228,1.1359649122807018,0.022749202910875555,643,This sonata 1-2-3b-2's movement is a knockout
2136,5200,4,20,182,206,1.1359223300970873,0.02761074390870481,643,I'm the typecast for 'Rocky' not 'Liberace'.
4588,5200,3,22,181,206,1.1359223300970873,0.02673936203977462,643,Take the gloves off!
5230,5202,1,23,160,184,1.1358695652173914,0.026475949668196875,643,And now for my impression of Jake LaMotta - after he retired.
3602,5203,3,24,194,221,1.1357466063348416,0.025625696129824585,643,"I call this ""What's Black and White and Red all Over."
4711,5204,3,21,175,199,1.135678391959799,0.02728640832376709,643,I hate playing ham handed songs and music.
3172,5204,3,21,175,199,1.135678391959799,0.02728640832376709,643,A Heavyweight Music Box
939,5204,2,23,174,199,1.135678391959799,0.026339879166060197,643,"And now for my final selection: 
Rollin, Rolling, Rolling!"
1718,5204,4,19,176,199,1.135678391959799,0.028201186569717946,643,I should like to play my randition of The WilliamTell  Overture
571,5208,4,21,189,214,1.1355140186915889,0.026935250739377498,643,Ali's Flur de Punch in A minor.
1223,5209,2,27,200,229,1.1353711790393013,0.024289290094671446,643,"Next I will play Tchaikovsky's symphony number 1, 2 and left hook"
795,5210,2,24,181,207,1.1352657004830917,0.025721865792965617,643,"He is incomparable at recognizing its percussive potential.
Hilary A. Kaplan
Silver Spring, Maryland"
926,5210,4,20,183,207,1.1352657004830917,0.02748487966941339,643,"And now ladies and gentlemen, Sugar Ray Stravinky's ""Knocked Coal Digger,"" in A Flat Miner."
976,5210,4,20,183,207,1.1352657004830917,0.02748487966941339,643,"And now, for the latest by John Cage. It's not a """"Cheap ""Imitation""."
1173,5210,7,14,186,207,1.1352657004830917,0.029935346269891912,643,There's poop in here!
5446,5210,4,20,183,207,1.1352657004830917,0.02748487966941339,643,My hero was Harry Houdini..
39,5215,3,24,195,222,1.135135135135135,0.025517331295498207,643,Beathoven piano concerto no 5
4122,5216,3,21,176,200,1.135,0.02715810770415259,643,I call this next piece 'Going HAM.'
3084,5216,7,13,180,200,1.135,0.030636054563144718,643,"I will now play ""Fanfare for a Triamphant Presidential  Knockout of a Democratic Congress."
3805,5218,6,17,192,215,1.1348837209302325,0.028391789671991404,643,Mind if I play with my mitts on?
1054,5218,2,25,188,215,1.1348837209302325,0.025143955064120982,643,They call me the rope-a-dope ivory tickler.
999,5220,4,23,203,230,1.1347826086956523,0.025712456480720028,643,"Fiddlesticks? Why, sure!"
302,5221,2,22,169,193,1.1347150259067358,0.026740679480459436,643,Pound them keys is what I say.
4925,5222,4,22,197,223,1.1345291479820627,0.026192762203213364,643,"And now for the grand finale,
Boxing Boogie Woogie."
529,5223,2,23,176,201,1.1343283582089552,0.02609451550635494,643,This is just my hobby. I made my name by getting in the ring without gloves.
4644,5223,3,21,177,201,1.1343283582089552,0.027031000412350504,643,We be ham fisting. Yeah!
544,5225,4,21,191,216,1.1342592592592593,0.02669994753060355,643,'Welcome to Chris Brown in the lounge.'
38,5226,1,25,176,202,1.1336633663366336,0.02500730847751441,643,But this piano goes below the belt.
3913,5226,2,23,177,202,1.1336633663366336,0.025973527571328626,643,"I call it ""The Upright Uppercut"""
5391,5228,2,25,190,217,1.1336405529953917,0.024927109973657123,643,"Maestro, I'm ready. Bring on the concerto!"
3488,5228,2,25,190,217,1.1336405529953917,0.024927109973657123,643,For my final ringside number I would like to play one of Bach's Sonatas.
3972,5230,3,25,204,232,1.1336206896551724,0.024761045890250123,643,"Yo, Simon, it ain't over till it's over."
1134,5231,3,18,159,180,1.1333333333333333,0.02884062243039432,643,"boxing glove: ""unhand me, you fool! """
1975,5231,3,22,185,210,1.1333333333333333,0.026260289314208866,643,"My next tunes for my Mommy, for letting me borrow her gloves"
2253,5231,2,24,184,210,1.1333333333333333,0.025377831433060907,643,"Gloves off for this dueling piano fight, please."
4105,5231,3,20,172,195,1.1333333333333333,0.027463639159822945,643,"Ladies and gentlemen, Let’s hear it for the boxin love chords!"
2721,5235,3,23,192,218,1.1330275229357798,0.025657630341352405,643,I will now play one of Dwane's great pieces.
5041,5235,1,27,190,218,1.1330275229357798,0.02395324872417503,643,"Yes, I've taken some tough knocks, but maybe I can hit the world stage this way."
5088,5235,1,27,190,218,1.1330275229357798,0.02395324872417503,643,They asked me to tinkle the ivories
3978,5238,5,17,181,203,1.1330049261083743,0.02854349637938584,643,"This grand ol' box I'm boxing
'til the whole damn place is rocking
I'm the PianoBoxer Man"
23,5239,5,15,168,188,1.1329787234042554,0.03001665062773756,643,this really is the ONLY way to play Beethoven
2798,5240,4,22,200,226,1.1327433628318584,0.0258646728221628,643,Everyone  needs a second job these days!!
3707,5241,1,26,184,211,1.132701421800948,0.02435554375523225,643,"If you loved ""Mrs. Robinson"", Art tells me this song from our latest album ""Bridge Over Troubled Water"" will knock you out."
3938,5241,4,20,187,211,1.132701421800948,0.026992630951717774,643,"I'm from Julliard, doing my practicum on Heckler Control."
4065,5241,5,18,188,211,1.132701421800948,0.0278161583207165,643,"Good, but your playing needs a different attack."
5498,5241,1,26,184,211,1.132701421800948,0.02435554375523225,643,Heavy-handed? No punch?
613,5245,2,25,192,219,1.1324200913242009,0.024713946116778393,643,"For my next piece, ""Canon in CTE."""
2356,5245,2,25,192,219,1.1324200913242009,0.024713946116778393,643,Breaking  News— Rocky Balboa attempts the piano!!!”
2298,5247,3,21,180,204,1.1323529411764706,0.026656675505146055,643,Just Refined Enough
2935,5248,4,22,201,227,1.13215859030837,0.02575711844772178,643,And now here’s “Revolution #9.”
5588,5248,6,18,203,227,1.13215859030837,0.027228639711311654,643,Is there a sports doctor in the house?
4907,5250,5,18,189,212,1.1320754716981132,0.02769171457130318,643,"I bet Saul Bellow could never do this."""
1531,5250,4,20,188,212,1.1320754716981132,0.026872296780652706,643,Down for the count!
2112,5252,3,20,174,197,1.131979695431472,0.027200869229167594,643,My next piece was written by Bach when he was training for the Golden Gloves.
593,5253,3,25,207,235,1.1319148936170214,0.02446393380187659,643,And now for an interpretation of Hurricane.
1682,5253,5,21,209,235,1.1319148936170214,0.025908001762679673,643,You forgot to take the gloves off..
2288,5255,2,20,160,182,1.1318681318681318,0.02745734508536489,643,I call it the 'Stump of a Crash of Rhinos'.
3365,5255,2,20,160,182,1.1318681318681318,0.02745734508536489,643,"Chop kicks, not chopsticks!"
4647,5255,3,18,161,182,1.1318681318681318,0.028541523558350906,643,Stella. Estella?
2682,5258,2,23,180,205,1.1317073170731706,0.025617156362878046,643,This piano just came out of a box.
394,5258,3,21,181,205,1.1317073170731706,0.026534179990570356,643,"I shall now play, ‘Duke it Out’!"
548,5258,3,21,181,205,1.1317073170731706,0.026534179990570356,643,"Rocky"", eight coun"
5165,5258,1,25,179,205,1.1317073170731706,0.02466606357869658,643,Gimme that old soft shoe.
3891,5262,5,18,190,213,1.1314553990610328,0.027568374169854484,643,"In the next piano duo, I will be performing the Kangaroo Hop with the bloke from Down Under."
2737,5263,3,25,208,236,1.13135593220339,0.024366464580153225,643,"I channel Ali: float like a butterfly, sting like a bee."
2262,5264,4,18,176,198,1.1313131313131313,0.02800235969588321,643,I’m playing it “pianissimo”.
3275,5264,4,18,176,198,1.1313131313131313,0.02800235969588321,643,Haven’t you ever seen Elton John play with his feet?
1963,5266,4,21,196,221,1.1312217194570136,0.026129196037312095,643,'Excuse me while I lay down some phat beats...'
5120,5266,2,25,194,221,1.1312217194570136,0.024504371345748118,643,He catches a glimpse in a mirror as he prepares to perform a Leonard Bernstein piece that requires special instrumentation.
5560,5268,4,22,203,229,1.1310043668122272,0.025544656503834556,643,"Recently “chopped” on the food network, he moved on to his next artistic endeavor."
131,5269,2,21,168,191,1.130890052356021,0.026626090778469065,643,"ladies and gentlemen, without further ado, i regret to inform you that the men’s bathroom is closed."
1911,5269,5,15,171,191,1.130890052356021,0.029568285596552633,643,Come out swinging?
12,5271,4,20,190,214,1.1308411214953271,0.02663480197064232,643,"The meat locker was too cold, so I do this instead."
4591,5271,0,28,186,214,1.1308411214953271,0.02310638007346456,643,"In fact, sir, I trained at Fleety Floyd's Gym."
2304,5273,2,22,175,199,1.1306532663316582,0.025984017313785024,643,"What do you mean, you never saw the movie ""Jaws"""
1600,5273,1,24,174,199,1.1306532663316582,0.024988203437509987,643,A blind pianist? Wait until you see this next guy.
1510,5275,2,25,195,222,1.1306306306306306,0.024400901899889266,643,...and for my next challanging piece
4654,5275,1,27,194,222,1.1306306306306306,0.02355078060024593,643,For my first trick...
3616,5277,4,19,184,207,1.1304347826086956,0.027169808798445955,643,I'm the accompanist for the Punch Brothers.
4771,5278,2,24,189,215,1.130232558139535,0.024824306947696436,643,"My next piece is entitled ""Ode to Cross-Training"""
5022,5278,4,20,191,215,1.130232558139535,0.026517613725399212,643,And now I play for you... ‘An ode to boxing.’
2355,5280,1,27,195,223,1.1300448430493273,0.023452250867893328,643,They had asked me to box-in the keys.
2439,5280,4,21,198,223,1.1300448430493273,0.02590763403680611,643,"They protect me from the threats I have received--sinister forces plan to close the keylid on my precious fingers.  Now, enjoy my outstanding play."
3048,5282,2,22,176,200,1.13,0.025862022757424212,643,One Note!@
3895,5282,2,22,176,200,1.13,0.025862022757424212,643,"Ladies and gentlemen, the official scoring is a draw.  No blows were landed during the 4'33''."
5372,5284,3,24,204,231,1.12987012987013,0.02458153294222872,643,This next one is a Split-Decision.
136,5285,3,21,184,208,1.1298076923076923,0.02617331764191406,643,This one was penned by Bundini Brown.
185,5285,2,23,183,208,1.1298076923076923,0.025270366498665483,643,Bah! To think they criticized my last concerto for lacking that signature punch - preposterous.
2097,5285,2,23,183,208,1.1298076923076923,0.025270366498665483,643,"ooh, maybe you better turn up the heat instead."
3557,5285,4,19,185,208,1.1298076923076923,0.027046140016501154,643,let me box to this beat
4019,5285,3,21,184,208,1.1298076923076923,0.02617331764191406,643,Try fisticuffs on chopsticks.
1544,5290,2,20,163,185,1.1297297297297297,0.027038775354913776,643,Boxer on the keys
2771,5290,3,18,164,185,1.1297297297297297,0.028104266211270955,643,And Muhammad Off-Key is on the piano.
3435,5290,3,18,164,185,1.1297297297297297,0.028104266211270955,643,Lullaby of Broadway requires me to play with kid gloves
1749,5293,3,22,191,216,1.1296296296296295,0.025572838655130964,643,I am boxing it up
5155,5293,2,24,190,216,1.1296296296296295,0.024716467278825892,643,AND STILL CHAMPEON
4558,5295,4,21,199,224,1.1294642857142858,0.025798248815413396,643,Perhaps I should use my head instead.
431,5296,2,22,177,201,1.1293532338308458,0.025741160836371207,643,I'll start with twinkle twinkle little toes in the key of c
2195,5296,4,18,179,201,1.1293532338308458,0.02760633711244793,643,"I'd like to take this opportunity to remind all of the fine people gathered here tonight, that there's plenty of folks out there who still say that no black man could ever play Liszt."
3292,5296,1,24,176,201,1.1293532338308458,0.02475593095447708,643,"I just can't fight this feeling anymore...
now somebody cut these thing off of me!"
3811,5296,5,16,180,201,1.1293532338308458,0.02849317624532608,643,Next I’ll play my fight song. I call it my take back my life song.
4551,5296,3,20,178,201,1.1293532338308458,0.026690046927366488,643,This is not the Thrilla in Manila
4730,5296,5,16,180,201,1.1293532338308458,0.02849317624532608,643,And now for the Bach-sing along!
5578,5296,2,22,177,201,1.1293532338308458,0.025741160836371207,643,I feel bad for things with paws.
202,5303,2,23,184,209,1.1291866028708133,0.02515683311463436,643,"I call this next piece, 'Me Versus Pianola Roll.'"
3009,5304,1,26,190,217,1.1290322580645162,0.02372679415073765,643,"I was told there would be a boxing match, but now I see that I am to play the piano. Random!"
5673,5305,4,21,200,225,1.1288888888888888,0.025689778641152083,643,Now they tell me that the only words I could make out in their garbled voicemail were actually 'Bach sing loves.'
3706,5306,2,21,171,194,1.1288659793814433,0.026239046117240466,643,"And now, I'm going to box your ears!"
3417,5307,3,20,179,202,1.1287128712871286,0.026565308461930556,643,"Chopin's etude Butterfly, plink a minor key."
1019,5308,4,19,187,210,1.1285714285714286,0.026802132888575927,643,Pinching hazard.
2463,5308,3,21,186,210,1.1285714285714286,0.025938115983158552,643,"Bam bam, ey, what a bam bam."
2812,5308,3,21,186,210,1.1285714285714286,0.025938115983158552,643,"And now, thumping keys by my boy Elroy. If you don’t like it please cross that line on the stage."
3281,5308,2,23,185,210,1.1285714285714286,0.025044308617621826,643,The last time I attempted Franz Liszt's Campanella I injured my hands therefore my Dr. insists I wear these.
2881,5312,2,24,192,218,1.128440366972477,0.024503555930948506,643,My next piece comes right out of the box.
4802,5312,0,28,190,218,1.128440366972477,0.022712736140100484,643,they said be unique ya think this is easy?
4447,5314,3,18,166,187,1.1283422459893049,0.02782008976480456,643,He plays the most amazing glove songs!
4979,5315,2,25,199,226,1.1283185840707965,0.023995558857339526,643,Or would you rather be watching the maestro now replacing me in the ring against the heavyweight world champion?
4089,5316,2,21,172,195,1.1282051282051282,0.02611250380069905,643,Classic keyboard  boxer
1491,5316,0,30,204,234,1.1282051282051282,0.02190190511507337,643,"My next # is ""Waltz around the Ring"" composed solely to be played with boxing gloves."
608,5316,3,19,173,195,1.1282051282051282,0.027105920918624588,643,"Just another key puncher, in the slog of life..."
528,5319,2,22,179,203,1.1280788177339902,0.025502772871893724,643,"Ladies and gentlemen please welcome George! George is an excellent multitasker —  effortlessly defending his title in the ring, he also tickles the ivory AND simultaneously accomplishes advanced pivot tables in Microsoft Excel. Give it up for George!"
5266,5319,3,20,180,203,1.1280788177339902,0.02644172411921784,643,"Flight"" of the bumblebee?

Nevermin"
4385,5321,3,21,187,211,1.127962085308057,0.025822084400854237,643,It is the only way I can play The Polooka Polka!
758,5322,1,26,192,219,1.1278538812785388,0.023524307788651572,643,"And now, a Paul Simon rhapsody."
1277,5323,3,17,160,180,1.1277777777777778,0.028440268742226712,643,There's a rhythm in the ring of the keyboard...
2889,5324,2,20,166,188,1.127659574468085,0.02663269705060434,643,"What my playing lacks in clarity, my un-bitten fingernails display in acuity."
3639,5325,3,20,181,204,1.1274509803921569,0.026319278058352834,643,"Everyone, if you would kindly look under your seats, I've seemed to have misplaced my hands."
4744,5326,3,21,188,212,1.1273584905660377,0.025707080574330552,643,"Sir, kindly take your mitts off me."
5269,5326,4,19,189,212,1.1273584905660377,0.026562468132426444,643,What I burnt my hands.
3530,5328,3,24,209,236,1.1271186440677967,0.02409054049469359,643,When you said “ punish the counter” ...?
4285,5329,4,16,169,189,1.126984126984127,0.028545149083573716,643,"Ladies and gentlemen—I present to you, the -only- way to play Eye of The Tiger…"
5680,5329,4,16,169,189,1.126984126984127,0.028545149083573716,643,Victor had always wanted to be a two sport competitor
2888,5331,1,23,173,197,1.1269035532994924,0.024841469373401936,643,Can you play ‘Love Is A Battlefield ‘??!!
3926,5332,4,18,183,205,1.1268292682926828,0.027095328737926645,643,Gwyneth said no porcelain.
3970,5332,1,24,180,205,1.1268292682926828,0.024304008238576404,643,"I don't know how to sting like a bee, but I do know Flight of the Bumblebee."
4149,5332,4,18,183,205,1.1268292682926828,0.027095328737926645,643,"Oh no I knew I forgot something when I got up this morning... i forgot my hat, my hair will be ruined in this rain!"
5172,5332,3,20,182,205,1.1268292682926828,0.026197954724834386,643,"Do not try this at home.
                                         


""Do not try this at home."""
5688,5332,1,24,180,205,1.1268292682926828,0.024304008238576404,643,And to conclude tonight's performance: Beethoven's bowel movement.
774,5337,4,20,197,221,1.1266968325791855,0.025835479499765068,643,"Hamfisted ?
Hell no!  -- These are my Piano-training Gloves!"
1139,5337,2,24,195,221,1.1266968325791855,0.024190934882240837,643,Niles pretending to pound out a tune when the CD skipped.
2191,5339,3,18,169,190,1.1263157894736842,0.02740438482774265,643,You said play with your left hand? I thought you said play with your left hook!
37,5340,3,19,176,198,1.1262626262626263,0.026717492299925028,643,"And now, Chris Brown’s cover of Rihanna"
387,5340,2,21,175,198,1.1262626262626263,0.025740051123633444,643,They told me to learn some monophonic pieces.
2586,5340,1,23,174,198,1.1262626262626263,0.02472399783404726,643,"I heard Mike Tyson was coming to watch his nephew perform at the piano recital, so I had to impress."
1503,5343,2,22,182,206,1.1262135922330097,0.02515330527636232,643,"now, i understand how ridiculous this may look! however, this piano is - against all odds - the heavyweight champion of the world, and i have had to enact both a cinematic heist and a personal revelation in order to find myself on this stage today!"
4007,5343,3,20,183,206,1.1262135922330097,0.026077738844152428,643,I can't even do Chopsticks
4144,5345,2,24,196,222,1.1261261261261262,0.024088481734514323,643,"This piece was written for my newly formed, ""Heavy Leather band."""
3154,5346,5,14,172,191,1.12565445026178,0.029219804957524617,643,This is that old chestnut: Belt It Out and Punch It Home
4284,5346,4,16,171,191,1.12565445026178,0.028261022641860846,643,And now for a little Simon & Garfunkel ...
739,5348,3,19,177,199,1.1256281407035176,0.026590465437835074,643,This song is called “Puncher.”
4665,5348,5,15,179,199,1.1256281407035176,0.02843537482886571,643,"The piano was prepared, but Mike wasn't."
2384,5350,3,20,184,207,1.1256038647342994,0.025958615415572768,643,"Three blind mice, three blind mice..."
1944,5350,6,14,187,207,1.1256038647342994,0.02854042852078101,643,What the! This is NOT what I wished for! I asked to be a key member of the board!
2393,5352,2,23,190,215,1.1255813953488372,0.024496362466364063,643,"My next opus is entitled ""CT in E minor"""
2739,5352,3,21,191,215,1.1255813953488372,0.02536810172660749,643,Where do I punch
2047,5354,5,17,194,216,1.125,0.026908224410261743,643,Playing the piano on 'hard' mode
3931,5354,5,14,173,192,1.125,0.02907458663734766,643,My parents never loved me.
4249,5354,3,21,192,216,1.125,0.025257076169676228,643,"and now Cauliflower Ears', JuNgLe In ThE rUmBlE"
4774,5354,1,24,183,208,1.125,0.023975670499899113,643,Savate Concerto
1595,5358,2,24,199,225,1.1244444444444444,0.023786231993560888,643,And now for the Israeli national anthem...
822,5359,3,21,193,217,1.1244239631336406,0.02514701312403211,643,Chopsticks? Are we eating Chinese?
4582,5359,1,25,191,217,1.1244239631336406,0.023388746739490526,643,This is where John Garfield and I diverge.
5571,5359,4,19,194,217,1.1244239631336406,0.025981563974640756,643,Do I look sharp with these gloves?
5582,5362,2,21,178,201,1.1243781094527363,0.02537801143255094,643,"You should see Cody, the other guy."
3728,5363,5,17,196,218,1.1238532110091743,0.026673063507760535,643,"Yes, I’m exercising!"
32,5364,3,20,187,210,1.1238095238095238,0.025607653815752484,643,I was not prepared for this kind of duel.
2533,5364,4,18,188,210,1.1238095238095238,0.026482454579749987,643,I'm so pleased  to a part of this Day after Christmas Concert at Massey Hall.
2571,5364,2,22,186,210,1.1238095238095238,0.024701891978678975,643,Liberace can really pound out some mean tunes!!
3580,5364,3,20,187,210,1.1238095238095238,0.025607653815752484,643,"Sorry folks, I'm all thumbs tonight."
5177,5364,1,24,185,210,1.1238095238095238,0.023761628746894147,643,"Next number is ""Boxer's delight"""
1846,5369,1,23,178,202,1.1237623762376239,0.024264939037442458,643,"Apologies. I was under the impression I was to be playing Beatoven, not Beethoven, tonight."
5160,5369,3,19,180,202,1.1237623762376239,0.026216494443552285,643,He's really known for his voice. The piano is just a prop.
2698,5371,2,20,172,194,1.1237113402061856,0.025855858037953167,643,Come out flat and get played like a fiddle
4882,5371,5,14,175,194,1.1237113402061856,0.02878842206316282,643,"And, now,  I'd like to play for you the Intermezzo from Cavalleria Rusticana , by Pietro Mascagni."
2879,5373,3,21,195,219,1.1232876712328768,0.024929725231783398,643,"And next, ""Flight of the Albatross"""
1571,5373,5,17,197,219,1.1232876712328768,0.02655701170491185,643,"Dear, my fingers don't hurt any more!"
1643,5373,3,21,195,219,1.1232876712328768,0.024929725231783398,643,You wanna fight me on this piano bro!?
682,5376,3,20,188,211,1.1232227488151658,0.02549275545522188,643,"And, now, Tyson's Etude Op.10 No. 3 - B-Flat Major."
876,5376,1,24,186,211,1.1232227488151658,0.02365602470079617,643,It isn't what it looks like!
3236,5376,1,24,186,211,1.1232227488151658,0.02365602470079617,643,"Ali, was always my dream to play the Ivory keys.."
3493,5376,0,26,185,211,1.1232227488151658,0.02268195244279348,643,"Damn, caught red handed..."
4155,5376,1,24,186,211,1.1232227488151658,0.02365602470079617,643,The key to being a musician is to glove your work.
1612,5381,3,19,181,203,1.1231527093596059,0.026094152619072046,643,How do you expect me to do two things at once?
3108,5381,4,17,182,203,1.1231527093596059,0.027012555435368433,643,Oscar Bait
4995,5383,2,20,173,195,1.123076923076923,0.025730744436490434,643,"Boxing the keys, Bobby Shorter style:"
1793,5384,2,19,166,187,1.1229946524064172,0.02636156193030557,643,"Time out, foul, breaking rhythm, loss of one point."
3308,5385,2,22,188,212,1.1226415094339623,0.024482172073009238,643,"The next piece is my own composition entitled, 'Fight Club.' And no, I haven't been drinking, but am a bit punch drunk from my previous profession."
3174,5385,3,20,189,212,1.1226415094339623,0.025378878443372565,643,He’s a man of many talents.  Beating up pianos is just one of them.
2258,5385,1,24,187,212,1.1226415094339623,0.023551348746544992,643,"I,m just wearing these to keep my hands warm.

Elizabeth Shaw
San Francisco, Calif."
2534,5385,1,24,187,212,1.1226415094339623,0.023551348746544992,643,". . . Gonna Fly Now. Next the theme from Raging Bull, Cavalleria Rusticana Intermezzo."
2547,5389,1,23,180,204,1.1225490196078431,0.024041700120373474,643,Aren't we playing the first movement from the Pugulist Concerto in Bb?
1082,5390,2,20,174,196,1.1224489795918366,0.02560682904247552,643,"And now as my Al Jolson tribute continues, I'd like to play AlaBAMy Bound."
4903,5390,2,20,174,196,1.1224489795918366,0.02560682904247552,643,This is the Winner By Knockout sonata for piano four hands.
1164,5392,4,19,198,221,1.1221719457013575,0.025534740720645183,643,"When I pound the black and whites, the harmony is incredible."
5319,5392,2,23,196,221,1.1221719457013575,0.023869484979039884,643,OK.. the odd's are even.. I can play Chopin VS Trump knew nothing...
5687,5394,5,16,192,213,1.1220657276995305,0.02696206652438234,643,"Do I have to do your job, too?"
5351,5394,2,22,189,213,1.1220657276995305,0.024373763011062345,643,"Next, I’ll be playing Bach’s “In G Minor”"
1999,5394,5,16,192,213,1.1220657276995305,0.02696206652438234,643,klsfjsd
1350,5394,4,18,191,213,1.1220657276995305,0.026127803746519202,643,Best technique to compose a fine lullaby.
2076,5394,3,20,190,213,1.1220657276995305,0.025266009300402525,643,No encore tonight.
5170,5399,3,19,183,205,1.1219512195121952,0.02585284641803986,643,"At recital, all the way up the scale, my hands told me I was a non-pianist."
2685,5400,2,20,175,197,1.1218274111675126,0.02548409483800665,643,I'd like to play chopsticks. Again.
4874,5400,1,22,174,197,1.1218274111675126,0.024446711865174154,643,The guy at the store said these go loves would knock you out!
889,5402,1,24,189,214,1.1214953271028036,0.023344732995406202,643,"As an encore, I""m going to play my Boxing Concerto."
4487,5403,1,23,182,206,1.1213592233009708,0.023822504228793732,643,"I,m now going to play gloves get in the way"
5653,5403,3,19,184,206,1.1213592233009708,0.025733851276611805,643,I have a boxing match at 6:00 but a recital at 5:30.
698,5405,6,12,180,198,1.121212121212121,0.029126522834586777,643,"And now, the Box Well-Tampered Clavier"
4921,5405,2,20,176,198,1.121212121212121,0.02536252512342857,643,Perfect to start off Tchaikovsky's first Piano Concerto!
636,5405,1,22,175,198,1.121212121212121,0.02433071140939483,643,"The next selection is ""The Hypochondriac's Concerto"""
2036,5408,4,19,200,223,1.1210762331838564,0.02531701866830135,643,"It fifights me.
I have no chouxe."
5630,5408,2,23,198,223,1.1210762331838564,0.02366755473585738,643,No this isn't a piano. I have a scale in here.
3146,5410,3,17,170,190,1.1210526315789473,0.027019279745469072,643,How dare you say I'm all thumbs!
1871,5411,3,20,192,215,1.1209302325581396,0.02504324186970754,643,"And now, Mozart's Piano Concerto N. 23 in A."
4563,5412,1,23,183,207,1.1207729468599035,0.023714388520276748,643,Has anyone seen my shadow?
1794,5413,2,20,177,199,1.120603015075377,0.025242103509997633,643,I'll be playing the piano sonata by Wolfgang Amadeus K.O.zart
4735,5414,2,21,185,208,1.1201923076923077,0.024571387281167773,643,And now I give you Rondo No. 15 by my boxer.
3560,5414,4,17,187,208,1.1201923076923077,0.026394229288547975,643,"Next I put the top down, take my gloves off, tie my dance shoes on and dance my favorite song."
1065,5414,3,19,186,208,1.1201923076923077,0.0254991020690688,643,"Please welcome our next performance, ""The Boxer's Treble"""
778,5414,3,19,186,208,1.1201923076923077,0.0254991020690688,643,That was a real knockout!  This next one will be a TKO...
200,5414,3,19,186,208,1.1201923076923077,0.0254991020690688,643,My drums was stolen
1122,5419,1,22,177,200,1.12,0.024101960970283425,643,TKO!!!  (Tickle the keys!)
1618,5419,2,23,200,225,1.12,0.023468993391145915,643,"Last song he was sharp, but now he just sounds flat."
2473,5419,0,30,220,250,1.12,0.020593600596839987,643,I like to feel the beat through the piano.
5586,5419,4,16,180,200,1.12,0.027049182824205365,643,"Oh, I'm so sorry. I just came from boxing practice."
1128,5423,4,18,195,217,1.119815668202765,0.025669393190581254,643,"And that's how I learned to play ""Concert Toes""."
1157,5423,3,20,194,217,1.119815668202765,0.02482434992632339,643,You shall know me as Hasim Rachmaninoff
2583,5423,4,18,195,217,1.119815668202765,0.025669393190581254,643,A singer is not going to be a good boxer without knowing piano.
2180,5426,2,21,186,209,1.1196172248803828,0.02446029950335928,643,"I’m going to play this way, believe it or not."
1160,5426,2,21,186,209,1.1196172248803828,0.02446029950335928,643,"Nah, Anything but chopsticks!"
3282,5428,1,20,163,184,1.1195652173913044,0.025192042871460787,643,"For my next number, I will be punching above my weight"
2514,5429,3,18,180,201,1.1194029850746268,0.025980440575416736,643,He packs a punch on the b-minor chord!
3820,5430,0,26,192,218,1.1192660550458715,0.022001430950495733,643,"my record is 0 and 111 losses, however my nest opponent J.S. Bach only has a simple tocata and fugue in d minor played lively with ppp dynamics"
1307,5431,3,19,188,210,1.119047619047619,0.025268577610163656,643,"Sorry, but the piano has chickenpox."
864,5432,2,20,180,202,1.118811881188119,0.024887567904325898,643,This tune is in gratitude to the bouncer who is so great with his hands.
2934,5432,1,22,179,202,1.118811881188119,0.023877444984407945,643,This is how Doraemon plays the piano.
1684,5434,3,17,174,194,1.1185567010309279,0.026489693442339153,643,"You think this is ridiculous, ...."
5396,5434,3,17,174,194,1.1185567010309279,0.026489693442339153,643,"I'd like to play for you, but I just washed my hands."
20,5436,1,25,202,228,1.118421052631579,0.022328093833286742,643,It  practically plays itself
4426,5437,2,18,166,186,1.118279569892473,0.026076279951753475,643,It says to play it ff af
4143,5437,3,16,167,186,1.118279569892473,0.027167904131346246,643,"Float like a butterfly, sing like a Beatle."
1322,5439,5,14,184,203,1.1182266009852218,0.02756721358954887,643,"And now, my impression of Lang Lang."
165,5439,2,20,181,203,1.1182266009852218,0.024771580780554227,643,"My next number is Bill Conti's ""Gonna Fly Now."""
1207,5441,3,20,197,220,1.1181818181818182,0.024503061341287734,643,"Liszt was out of the question, but, ohhh, Christmas Chopsticks!"
4444,5441,1,24,195,220,1.1181818181818182,0.02274594500707081,643,This next piece is for prepared piano.
5554,5443,2,21,189,212,1.1179245283018868,0.02413295110777908,643,Sting like the Flight of the Bumblebee.
4905,5444,0,27,202,229,1.1179039301310043,0.021357708804964667,643,Did Golden Boy survive?
314,5445,2,20,182,204,1.1176470588235294,0.024656664234786144,643,Muhammad Off-key
1827,5445,7,10,187,204,1.1176470588235294,0.029144930809526584,643,Shut up! Fifty years ago we'd have you upside down with a fucking fork up your ass...
5215,5445,2,20,182,204,1.1176470588235294,0.024656664234786144,643,I’m sorry. I can’t. My hands are tied!
3747,5448,1,25,204,230,1.117391304347826,0.02214543415885278,643,"A standing 8 count please! A standing 8 count!! A one, a two, a onetwothreefourfivesixseveneight: Boom! Yeeeeah!!"
3297,5449,3,19,191,213,1.1173708920187793,0.024930467437474062,643,Big decision: Pizza or chicken for dinner?
5001,5450,1,19,159,179,1.1173184357541899,0.025387779589675485,643,"Hey, it’s Rachmaninov!"
5411,5451,2,20,183,205,1.1170731707317074,0.02454280360046495,643,"You better be prepared for a fight,  if you play Christmas music!"
4163,5451,1,22,182,205,1.1170731707317074,0.0235483587733658,643,I swear this is the right way to play the piano!
4556,5451,3,18,184,205,1.1170731707317074,0.025498494391293706,643,"And now, a little something by John"
3109,5454,2,21,191,214,1.1168224299065421,0.02391951867266601,643,Your only limit is you
3524,5454,3,19,192,214,1.1168224299065421,0.024819757100161172,643,"We don’t have Boxing Day in America, but I’m sure I can find the right beat."
583,5456,3,17,177,197,1.116751269035533,0.02610587382160986,643,Now please enjoy several selections from my new album.
740,5457,2,22,199,223,1.116591928251121,0.023339973660864675,643,Keep your hands up!
2309,5457,2,22,199,223,1.116591928251121,0.023339973660864675,643,My town.  Round ten?
3250,5459,2,19,177,198,1.1161616161616161,0.02497410997426919,643,This is not what I meant by “break a leg”!
5440,5460,3,18,186,207,1.1159420289855073,0.02526413688140115,643,This next piece helps me touch some tender feelings...
4182,5460,2,20,185,207,1.1159420289855073,0.02431819271814364,643,I once thought there were no second acts in American lives.
2619,5462,2,18,170,190,1.1157894736842104,0.02555571805128719,643,"By executive order,
I present you a piano concerto in Me Mayor."
411,5462,3,16,171,190,1.1157894736842104,0.026623101202785972,643,"I just had a manicure.So, bear with me, or I'll punch you out."
2205,5464,1,21,177,199,1.1155778894472361,0.023812174563585475,643,"Before tonight, Peter had only played  Symphony No. 5 in bars and small rock clubs."
1694,5465,3,21,210,234,1.1153846153846154,0.023411969313081614,643,My sinphony for appassionato.
10,5466,2,21,194,217,1.1152073732718895,0.02360632116176756,643,"I will now play, ""D.E.A.D""."
61,5466,2,21,194,217,1.1152073732718895,0.02360632116176756,643,Psst! Hey! Wanna score some gluten?
2917,5468,4,14,173,191,1.1151832460732984,0.027510847874902305,643,And now I will play Islamey alla Bellicoso.
2853,5469,3,17,180,200,1.115,0.0257329735873692,643,"For some reason, Haydn is Hidin'"
3523,5470,0,24,185,209,1.1148325358851674,0.022106171321965757,643,Aren’t there already too many YouTube videos with this gimmick?!
1726,5471,3,15,165,183,1.1147540983606556,0.027171866562778528,643,I will now perform Rocky's concerto no. 1 for pianist's penis.
1928,5472,2,22,203,227,1.1145374449339207,0.02295048190216277,643,"You better like this, or else I will knock you out."
1146,5473,2,19,180,201,1.1144278606965174,0.024620583147579346,643,"My next number is ""A Rollin' and a Tumblin"""
399,5473,4,15,182,201,1.1144278606965174,0.026564555371567152,643,"I'm a classical fighter, not a lover."
4783,5475,1,25,210,236,1.1144067796610169,0.02161485351186933,643,you want me to shell the peanuts right now?
1281,5476,1,23,195,219,1.1141552511415524,0.022489166593743018,643,This piano has been shading me
4194,5476,1,23,195,219,1.1141552511415524,0.022489166593743018,643,"We'd like to welcome Rocky, here in the front row."
4395,5476,2,21,196,219,1.1141552511415524,0.023402018061749092,643,"LIGHTS, please!"
4973,5476,1,23,195,219,1.1141552511415524,0.022489166593743018,643,"I would now like to play for you my latest composition , The rope-a-dope."
2646,5480,3,16,174,193,1.1139896373056994,0.02622857089548781,643,Our next act is MMA sousaphone.
4653,5481,2,23,212,237,1.1139240506329113,0.022343902824638252,643,No one expected the spelling bee's elimination round to be like this.
4597,5482,1,22,188,211,1.113744075829384,0.02291651868650598,643,"The ex-boxer had moved from the ring to the classical music stage. Although still limited in his piano playing, he has become highly regarded in the nearly lost art of round singing. Here he is shown preparing his audience to go the full 10."
4238,5482,3,18,190,211,1.113744075829384,0.02480806128588134,643,The next piece is by Dave Brubeck.
2772,5482,1,22,188,211,1.113744075829384,0.02291651868650598,643,"No, Penn & Teller, not a piano roll"
1436,5482,3,18,190,211,1.113744075829384,0.02480806128588134,643,"Eb-o-ny and i-vo-ry,
From Stallone.
For his herd's men-ta-li-ty..."
862,5482,1,22,188,211,1.113744075829384,0.02291651868650598,643,I'm auditioning for the Punch Brothers' Christmas concert.
1609,5487,4,15,184,203,1.1133004926108374,0.02631420558829083,643,"Wait, this is not the bathroom... Too late I guess."
5414,5487,4,15,184,203,1.1133004926108374,0.02631420558829083,643,"OK, you guys go ""dah-dah-dah, dah-dah-dah""
and then I windmill and do some jabs
we'll all feel hugely uplifted"
389,5489,1,23,197,221,1.1131221719457014,0.02229709723419423,643,"Sorry, my last sparring partner only knew Heart and Soul."
1316,5489,3,19,199,221,1.1131221719457014,0.024071377517231467,643,"It ain't never gonna stop 'cause
You can't fight the feeling"
2829,5489,3,19,199,221,1.1131221719457014,0.024071377517231467,643,My next song is “Gonna Fly Now”.
1372,5492,2,18,175,195,1.1128205128205129,0.024933402555427094,643,Chord Master
311,5493,3,17,184,204,1.1127450980392157,0.025251972133219128,643,Ushio Shinohara pivots into a musical career.
1379,5493,4,15,185,204,1.1127450980392157,0.02619078610423706,643,Doctors orders I'm afraid.  Bad case of Onychophagia.
5530,5495,2,21,199,222,1.1126126126126126,0.0231020782312475,643,"Fight, or Floght if the Bumblebee?"
2028,5495,1,23,198,222,1.1126126126126126,0.022202280782738965,643,"for my next number i shall play ""punch"""
3213,5497,3,16,177,196,1.1122448979591837,0.02584551994499342,643,This boxing-piono match really shows off both of my talents!
4355,5497,2,18,176,196,1.1122448979591837,0.024812542744947715,643,How about some K.O. Key?
5635,5497,1,20,175,196,1.1122448979591837,0.023734650907747987,643,I'm going to hit a grand slam with my grand piano.
1695,5500,2,19,184,205,1.1121951219512196,0.024164425692262393,643,take the gloves off and let me kill it
4011,5500,2,19,184,205,1.1121951219512196,0.024164425692262393,643,Enough with the snotty critique. I do.
3271,5502,3,19,201,223,1.1121076233183858,0.02386574061839312,643,"For my last number, I need to play only a few keys and I need to protect myself from my OCD."
2592,5503,2,17,169,188,1.1117021276595744,0.025384883084248386,643,"Sorry, I just finished the boxing match."
835,5504,1,20,176,197,1.1116751269035532,0.023620736004209334,643,I'd like to add you to my LinkedIn network
2752,5505,3,18,194,215,1.1116279069767443,0.024368097547005606,643,I feel like such a dick
3954,5506,3,20,210,233,1.111587982832618,0.023201439636640384,643,I wasn’t sure what was scheduled tonight at MSG
310,5507,4,17,204,225,1.1111111111111112,0.024487696223081768,643,Cluster time!
684,5507,2,19,186,207,1.1111111111111112,0.023942599602182656,643,A.J. Liebling taught me everything I know.
1486,5507,1,19,169,189,1.1111111111111112,0.02411711702107826,643,Another day at the office...
1841,5507,3,17,187,207,1.1111111111111112,0.024902814921125612,643,Now for a medley from the World War II era
2153,5507,3,17,187,207,1.1111111111111112,0.024902814921125612,643,You never know when you may be attacked
2494,5507,3,19,203,225,1.1111111111111112,0.023663573834723135,643,"This is Princeton, right?"
5552,5507,2,20,194,216,1.1111111111111112,0.023356085867652015,643,Good boxing is a piece of art
1904,5514,3,19,204,226,1.1106194690265487,0.023563764523352824,643,"And now, I play Beethoven’s Moonlight Sonata"
3700,5515,2,18,179,199,1.1105527638190955,0.02445686294621176,643,Sergio is obsessed with Victor Borge.
1893,5516,1,19,170,190,1.1105263157894736,0.023996975679923083,643,"Before I begin, I’d like to thank my parents for showing me the value of compromise, as applied to my choices for after-school activities...and now, the MMA concerto."
1630,5517,3,20,213,236,1.1101694915254237,0.02292038983330546,643,Let's get ready to huuuummble.
5093,5518,1,23,203,227,1.1101321585903083,0.021739979781333678,643,You promised me I'd have a corner man and a trainer.
515,5519,1,22,195,218,1.110091743119266,0.02222070516399978,643,Rejoice-- I was able to get this concert on Pay TV.
5325,5520,1,21,187,209,1.1100478468899522,0.02273453577067325,643,What people don't realize is that the gloves have made it more likely that pianists get injured.
157,5521,1,20,179,200,1.11,0.02328542581264904,643,What about the pianissimo parts?
1935,5521,3,16,181,200,1.11,0.025351796146214103,643,"His salary known work, this piece was composed by Handel at 6 months."
5553,5521,3,16,181,200,1.11,0.025351796146214103,643,I 'm the poster boy for Trump's new rhythmic safe sex and birth control plans.
2048,5524,2,17,172,191,1.1099476439790577,0.02500542761497522,643,"Ladies and Gentlemen, get ready for some action on the old 88!"
670,5525,4,18,215,237,1.109704641350211,0.02359840623012171,643,Everything started when I received a music box at Christmas
2925,5526,1,21,188,210,1.1095238095238096,0.02263208483748157,643,Piano concerto in b minor. Boom Boom Bang Bang.
4178,5527,2,18,181,201,1.109452736318408,0.024225330992915125,643,"Yo Adrian. Yo Adrian, you have become part of my plan.
Yo Adrian. Yo Adrian, here's the one thing.
I'll step out of the boxing ring and give you another kind of RING!
(excerpt from Rocky: The Stage Performance)"
3607,5527,1,20,180,201,1.109452736318408,0.02317575064448182,643,I call this one 'The Sweet Music of the Sweet Science.'
1556,5529,3,19,207,229,1.1091703056768558,0.023269306584799268,643,Don't bring boxing gloves to a piano fight.
818,5530,4,16,200,220,1.1090909090909091,0.024694824019844127,643,I find it difficult to float like a butterfly and sting like a bee just now.
1800,5531,1,21,189,211,1.1090047393364928,0.022530548481525522,643,I will now attempt Beethoven's Moonlight Sonata on super duper hard mode.
3953,5531,3,17,191,211,1.1090047393364928,0.024451967015629614,643,I just have to punch the keys on the piano to bring 'em back to tune
1528,5533,3,16,183,202,1.108910891089109,0.025111916577010226,643,'Am I loud enough to go through your hearing aid?'
4043,5533,1,20,181,202,1.108910891089109,0.023067098641847264,643,"I call it Pieces of Eight, of course."
3568,5535,3,17,192,212,1.1084905660377358,0.024341785296615806,643,Don't break a leg!
4648,5535,2,19,191,212,1.1084905660377358,0.023405379505478954,643,It's so declasse to do this with naked hands!
549,5537,2,17,175,194,1.1082474226804124,0.02463710446453334,643,"Clearly, I am the most superb."
4164,5537,3,15,176,194,1.1082474226804124,0.025698304737842133,643,Beethoven again?
1860,5539,1,18,166,185,1.1081081081081081,0.024140840809738,643,"You've seen Golden Boy?  Well, I just can't decide!"
3508,5540,2,19,192,213,1.107981220657277,0.023300803630732426,643,You want me to play Chopsticks? I can't even hold them!
2006,5540,0,23,190,213,1.107981220657277,0.021315385160506985,643,easy enough
3400,5540,1,21,191,213,1.107981220657277,0.022330171230632277,643,"No, I'm hardly a kitten on the keys!"
1647,5543,2,18,184,204,1.107843137254902,0.023886104761672675,643,"‘Ay, it’s me, Brooklyn Maitre-D! I got a nice pipin’ hot piano pie, straight from da oven! Just kidding, I’m Piano Hater! I beat ‘em up! Stop me when one of these is good enough for my MadTV audition tape."
58,5544,0,25,207,232,1.1077586206896552,0.02040145784162776,643,It seems my manager's text message auto-corrected from 'plink those black keys' to 'punch those black eyes.' Apologies.
3867,5545,2,17,176,195,1.1076923076923078,0.024516720054108238,643,...and now for my truly smashing rendition of the Diabelli Variations
3756,5546,1,21,192,214,1.1074766355140186,0.022231306725191042,643,"(Afternoon of requests) ""Tchaik 1st?   OK.  Ready!"""
316,5547,4,14,187,205,1.1073170731707318,0.025708062100520627,643,We aren't fighting the conchords after the show?
3229,5547,3,16,186,205,1.1073170731707318,0.024760461411540452,643,It's a new style. We call it Beethoven.
4300,5549,2,21,210,233,1.1072961373390557,0.022064859156412972,643,"A boxing we will go,
A boxing we will go,
High-ho the dairy oh,

A boxing we will go!"
5246,5550,1,22,201,224,1.1071428571428572,0.021656908583480846,643,"And now for your musical enjoyment..Boxer Rapsody





Susan Elwood Monterey Calicornia"
3947,5550,2,20,202,224,1.1071428571428572,0.02256236083154132,643,"AS A BOXER ,I AM TOTALLY UNSUITED FOR MUSIC"
1185,5550,1,19,176,196,1.1071428571428572,0.023300417839191213,643,And now for the opening notes of “Night and Day” by Cole Porter.
3197,5550,0,21,175,196,1.1071428571428572,0.02214905974807294,643,Looks like I accidentally wore my boxing gloves instead of my piano gloves
4645,5554,2,19,194,215,1.1069767441860465,0.023094419315386742,643,I will now perform my swinging ‘Larkin’ suite.
1599,5555,1,20,185,206,1.1067961165048543,0.022642442756740308,643,"This sonata has 12 movements. It's called ""By Unanimous Decision""
Javier Pescador, Ann Arbor, MI"
1900,5555,3,16,187,206,1.1067961165048543,0.02464547844510512,643,You hate my playing this much!??
181,5557,2,17,178,197,1.1065989847715736,0.024279432984457158,643,Can’t I just use the electronic keyboard to mute the sound?
3551,5557,2,17,178,197,1.1065989847715736,0.024279432984457158,643,"This one is called ""Rudolph the smash-nosed Reindeer."""
1458,5559,1,21,194,216,1.1064814814814814,0.02203616845543957,643,"Oh, Mr. Mayweather, I'm going to tune you up!"
4032,5560,1,18,169,188,1.1063829787234043,0.023775232971601053,643,I thought we were playing the Notre Dame fight song next
1845,5561,3,16,188,207,1.106280193236715,0.024531554972370157,643,"And now, Mozart's Opus No. 1, The Enfant Concerto"
5693,5561,2,18,187,207,1.106280193236715,0.02355621094482344,643,For my next piece I'll literally be tinkling the ivories.
1031,5561,1,20,186,207,1.106280193236715,0.022538699137075777,643,I call this 'The Sweet Science Sonata.'
506,5564,3,15,180,198,1.106060606060606,0.025201198928623766,643,My week beats your year
2111,5564,3,15,180,198,1.106060606060606,0.025201198928623766,643,I shall now play Total Concerto for Radness and Coolness by Strong Bad.
4000,5566,1,21,195,217,1.1059907834101383,0.021939872284309825,643,This is no pianola.
1441,5567,3,12,155,170,1.1058823529411765,0.027731318454379296,643,So it's playing piano first and then the boxing.
5323,5568,2,16,171,189,1.1058201058201058,0.02481701460224036,643,I don't want to hear another word about your fat thumbs.
475,5569,1,22,204,227,1.105726872246696,0.02138555395079886,643,"You thought I said my favorite things were pianos and violins, did you?"
257,5570,2,17,180,199,1.1055276381909547,0.02404667791177629,643,"And now a little composition of my own called 
""Etude for Washington, No. 535""."
1979,5570,3,15,181,199,1.1055276381909547,0.02507990357480275,643,I didn't mean to actually break a leg!
2673,5572,1,20,188,209,1.105263157894737,0.02233402495193875,643,"Oh, Henry Mancini!"" (Please underline the word Henry."
5228,5573,1,19,180,200,1.105,0.022857984101532867,643,"A famous rap artist told me to ""knock it out the box"", maestro!"
1261,5574,0,19,162,181,1.1049723756906078,0.022846489644348437,643,"I hope you weren't expecting ""Chopsticks"" with these things."
419,5575,3,18,208,229,1.1048034934497817,0.022943541935543002,643,I'm taking giant steps.
1715,5576,2,18,190,210,1.1047619047619048,0.023235271315629517,643,I think I lost by a TKO ...
2833,5576,2,18,190,210,1.1047619047619048,0.023235271315629517,643,When
2588,5578,2,17,182,201,1.1044776119402986,0.023818326773305126,643,"Next,the boxing champion Ali will perform."
3336,5578,4,13,184,201,1.1044776119402986,0.025822764721116383,643,Do you prefer my rendition of Mozart with a left hook or right cross?
1564,5580,2,15,166,183,1.1038251366120218,0.025126427696223384,643,I'm moving up in classical music.
1552,5581,2,18,192,212,1.1037735849056605,0.023026108456760817,643,"Joe could always set a beat down. Tonight, he was going to set a beat-down."
4258,5582,3,14,176,193,1.1036269430051813,0.02541084112782629,643,"They call to the Jersey bounce, it’s the rythem that really counts!"
4937,5583,3,18,211,232,1.103448275862069,0.02265961174733693,643,War and music ? Lets keep Smileing
3360,5583,1,19,183,203,1.103448275862069,0.022536982459421023,643,I'm feeling boxed in and want greater freedom to develop my music.
460,5585,2,18,193,213,1.1032863849765258,0.022922927714203952,643,i was afraid there'd be a boxing kangaroo in the audience
2886,5586,0,19,165,184,1.1032608695652173,0.02249445133548361,643,That's supposed to be Bach's prelude in C!!
3464,5587,0,23,200,223,1.1031390134529149,0.02041256428983925,643,But I thought he said I played as if...?
638,5588,2,17,185,204,1.1029411764705883,0.02348378895783703,643,Its the challenge of playing Bela Bartko
2169,5588,0,21,183,204,1.1029411764705883,0.021328337570804354,643,It’s the new fashion
4955,5588,2,17,185,204,1.1029411764705883,0.02348378895783703,643,"Thirty years, and he still can't get ""Hot Cross Buns"", folks."
3940,5591,5,11,189,205,1.102439024390244,0.026264655897184987,643,"We will,  we wi[[ box you""

Deda Jacobse"
2701,5592,2,15,169,186,1.1021505376344085,0.024738762847816752,643,My next selection is by a well known 21st century composer.
5523,5593,2,17,187,206,1.1019417475728155,0.02326591806544828,643,umm..k...then...o
2244,5593,1,19,186,206,1.1019417475728155,0.02222483400455924,643,"Chopped, not chops"
1925,5593,2,17,187,206,1.1019417475728155,0.02326591806544828,643,"You didn't say 'delicate hands for a delicate task'?"" - David Steenburg, Washington, D"
2135,5596,0,23,203,226,1.1017699115044248,0.020156366142603542,643,The piano is my ring and the sheet music is my mouth guard.
2971,5596,4,15,207,226,1.1017699115044248,0.023740357266365534,643,Perhaps I should switch to hand drumming instead.
430,5598,2,17,188,207,1.1014492753623188,0.023158486396492397,643,Marshmallow gets into hard rock
891,5599,3,16,198,217,1.1013824884792627,0.023447523075996544,643,"We are now going to sing a round: Row, Row, Row Your Boat."
4725,5600,3,13,172,188,1.101063829787234,0.025622185585681887,643,Chief of Staff?  I'm not dressed for the occasion
1613,5601,1,18,179,198,1.101010101010101,0.022632359767709307,643,"You know the old saying?
Yes...I am a professional Pugilist Pianist."
2507,5601,3,14,181,198,1.101010101010101,0.024794596882256558,643,"I mastered this advanced technique by watching the Ali vs. Frazier 3 fight"""
4413,5601,2,16,180,198,1.101010101010101,0.023738110110207104,643,Now I will play Bachoxing piano concerto No. 3
5690,5604,3,14,182,199,1.100502512562814,0.024674907642640263,643,It's closer to 'punch' music.
5494,5604,3,14,182,199,1.100502512562814,0.024674907642640263,643,"If someone will hit me with a touch of smelling salts, I'll close with Ode to the Renaissance man."
4086,5604,1,18,180,199,1.100502512562814,0.022524062193916953,643,I guarantee this will be the best rendition of Boulez's Second Piano Sonata you will hear.
5005,5607,1,20,198,219,1.1004566210045663,0.021363768135682613,643,"And now for ""The Flight of the Boom Boom Beegone""!"
1384,5608,3,14,184,201,1.099502487562189,0.02443895341455748,643,I shall now attempt Mozart's Sonata No.16 in C major.
1767,5608,4,12,185,201,1.099502487562189,0.025436463743610378,643,"And for my next piece, I like to place a tune by Simon & Garfunkel"
2386,5610,2,15,174,191,1.0994764397905759,0.024118488878007792,643,"Hello, Pianist Temps, send someone over quickly. One of the pianists in the duet suddenly came down with a splitting headache."
5509,5611,4,14,204,222,1.0990990990990992,0.0238124747424844,643,He punches below his weight.
2281,5612,0,21,191,212,1.099056603773585,0.020565972105327263,643,… And now: “Battling Joe”
4175,5612,1,19,192,212,1.099056603773585,0.02162567756783926,643,the last number really did a number on me!
5427,5614,3,14,185,202,1.099009900990099,0.024322656022428366,643,Just to show you that I'm not at war with myself...
4656,5615,5,11,197,213,1.0985915492957747,0.025311233663711196,643,'Time to duck & cover bitches while I fulfill the request for 'The Theme from Rocky'.
1815,5616,5,12,207,224,1.0982142857142858,0.024440932451476726,643,OH GOD IM GONNA CUM
669,5617,0,19,175,194,1.097938144329897,0.021395155160152755,643,"This is my fight song
No hands no feet song
Just mouthing words song"
599,5618,2,17,196,215,1.0976744186046512,0.022333368199386548,643,"And as I face the final curtain, Boss, I honor you."
2589,5619,0,20,185,205,1.0975609756097562,0.02077456396841079,643,I never knew that a set of punches could sound like a set of keys.
4483,5620,2,14,169,185,1.0972972972972972,0.024389519628400465,643,And then I fought ...
4798,5621,2,15,179,196,1.096938775510204,0.023528467490505113,643,There are many reasons why I am confused right now. Chiefly amount which is the question of where my seeing-eye bat is?
2307,5622,2,15,181,198,1.095959595959596,0.023300440302683547,643,"You might say “This looks like a sack race” and then you might say... 
“Yes, you can run a sack race, but why run a freakin’ sack race?”  
And I tell you “It’s all thumbs.”"
3893,5622,2,15,181,198,1.095959595959596,0.023300440302683547,643,"You know, I HAVE  the chicken pox!"
1106,5624,3,11,164,178,1.095505617977528,0.026047778794313775,643,I totally expect you to account for every song that vaguely fits.
2648,5625,1,17,181,199,1.0954773869346734,0.022066440854731435,643,Is this how Scott Joplin learned?
4459,5626,0,19,181,200,1.095,0.02078545587374491,643,With all due respect to Simon et al  - this is not going to work.
541,5626,0,19,181,200,1.095,0.02078545587374491,643,"A Beethoven Classic, right up."
5448,5628,1,15,163,179,1.094972067039106,0.023359135291513546,643,We are not the UFC - we have class!
3177,5629,2,17,203,222,1.0945945945945945,0.021658024469442958,643,I don't think they'll even notice I sent a sub for this gig.
1790,5630,1,17,183,201,1.0945273631840795,0.0218565996382973,643,Once I Ko'ed Ali .
2314,5630,2,15,184,201,1.0945273631840795,0.022966545049917984,643,Something about using the gloves to masturbate I dunno figure out your own caption.
1909,5632,0,19,183,202,1.0940594059405941,0.020589838832727525,643,"Since I can play only chords, my concert  repertoire is limited...but we'll see what happens."
1941,5632,2,15,185,202,1.0940594059405941,0.02285735718703506,643,Meet me in the ring after this piece. Five O'Clock. Don't be late.
2279,5632,1,17,184,202,1.0940594059405941,0.02175316345653429,643,Hey ! Wanna learn my boxing style ?
4248,5635,2,16,195,213,1.0938967136150235,0.022133755437469045,643,Rachmaninoff?  I don't Think so.
1482,5636,2,14,177,193,1.0932642487046633,0.023417788068409648,643,"Hmmmm, Insurance Company says I am not covered if I am not covered"""
2803,5637,1,17,187,205,1.0926829268292684,0.021448627574427517,643,Three little kitten lost their mittens...
3000,5638,0,21,206,227,1.092511013215859,0.019273615057579678,643,They call me the Gloved Geek.
1431,5639,1,16,178,195,1.0923076923076922,0.022017260392248085,643,Sorry  I promised my wife to stay off Facebook for a week  But i can box my way through.
2347,5640,1,17,188,206,1.0922330097087378,0.021348995463074085,643,They told Johnny he was a one hit wonder . Look at him now !
5042,5641,1,15,169,185,1.0918918918918918,0.022633490828957853,643,"What's that? You'd like me to play with boxing gloves on? Well, it's highly unorthodox. I won't be able to use my fingers to strike individual keys. Might as well give it a try, I suppose."
4936,5642,2,15,190,207,1.0917874396135265,0.02232658925080794,643,Just the kind of gloves I need for a piano.
1875,5643,1,18,199,218,1.091743119266055,0.020646311780514823,643,'This next piece is called 'Boxing Clever''
3705,5644,1,20,219,240,1.0916666666666666,0.019576822413895415,643,"""Every time I  try to play 1 key I play 6 other keys"""
1596,5645,2,15,191,208,1.0913461538461537,0.022223372304659053,643,`We now take you to a very controlled contest!!
2092,5646,1,19,210,230,1.0913043478260869,0.02000693286694864,643,"And now a new original work for our time, 'Pizza Chord.'"
2500,5647,1,16,181,198,1.0909090909090908,0.021697696689402263,643,You think these gloves can stop me from playing my brilliance
4643,5648,1,16,182,199,1.0904522613065326,0.021593220619068883,643,Turn off that spotlight!  I don't want the audience to see why I play so delicately.
3491,5648,2,14,183,199,1.0904522613065326,0.02273820620525013,643,"''I heard Chuck Norris plays the violin with a piano between his teeth, this will be easy in comparison...what do you mean internet memes aren't true?''"
1094,5648,1,16,182,199,1.0904522613065326,0.021593220619068883,643,"Aww crud, was I sleep walking again?"
29,5651,1,18,203,222,1.09009009009009,0.020290076789867672,643,An uninpired riff off of my Baa Baa Blacksheep entry made the finals.
5255,5652,1,16,183,200,1.09,0.02148974279106501,643,"My firsta requesta eez ""Box Em RoundO"
1118,5653,2,13,174,189,1.08994708994709,0.02340901718891371,643,Chopin handicaps himself just to flex on his peers and assert domincance.
1697,5654,0,18,183,201,1.0895522388059702,0.020190670535027894,643,How will I flip the notes?
4914,5654,0,18,183,201,1.0895522388059702,0.020190670535027894,643,Required paraphernalia to perform the latest new music and to fight back.
2478,5656,1,17,195,213,1.0892018779342723,0.020676594901953737,643,"I didn't want to, it sounds awful."
2814,5657,1,16,186,203,1.0886699507389161,0.021185158185502574,643,"Trust me!
  This is neither an easy-to-set nor effective large rodent trap."
3404,5658,1,15,176,192,1.0885416666666667,0.021841732785768918,643,The performance will continue as soon as I dispose of this anthropomorphic mouse!
4138,5659,2,14,189,205,1.0878048780487806,0.02209686524675363,643,"Bach-sing! Cantatas. By Bach. Me singing. Dammit, they were right! The only sight gags that work with you people are pianist jokes. Somebody get these off me. The gloves, madam!"
5067,5660,3,11,180,194,1.0876288659793814,0.023968662926354037,643,I was told not to juggle boxing and piano but I didn't know that it was to avoid something like this!
1363,5660,2,13,179,194,1.0876288659793814,0.022827195457929293,643, 
553,5662,1,15,179,195,1.087179487179487,0.021519067839368782,643,How'd you like to pull my gloves?
4651,5662,1,15,179,195,1.087179487179487,0.021519067839368782,643,Safety first of all: I prefer to skip a note that the piano top makes me jump my fingers.
169,5664,2,15,202,219,1.08675799086758,0.021147785152085263,643,Thank you thank you I will be autograph signing healthcare bills after the show. Thank you!
3425,5665,2,13,181,196,1.086734693877551,0.022602467532734816,643,"I can't Bogy 

gus zaso, concord nh"
5116,5665,1,15,180,196,1.086734693877551,0.021413615173789226,643,They just told me I needed to know ten key punch.
65,5667,2,14,192,208,1.0865384615384615,0.02178954292517077,643,And now I shall perform Chopin's Prelude in G for pianist's penis.
2774,5668,1,14,171,186,1.086021505376344,0.021979658183060708,643,Get used to this.
3588,5669,1,15,182,198,1.0858585858585859,0.021205772032209285,643,Mum can I take the gloves off now so I can play piano?
3039,5670,0,17,187,204,1.0833333333333333,0.019398452135813895,643,I Call this number....
4600,5670,1,17,210,228,1.0833333333333333,0.01936899046644426,643,Remember: 9/11 was an inside job
3198,5672,1,17,211,229,1.0829694323144106,0.019287657410300512,643,Rocky still has a punchers chance of knocking out Liszt's Campanella
773,5673,0,18,199,217,1.0829493087557605,0.018766193122689127,643,"And now playing “The Cinderella Man” in Cross, Hook, Uppercut.”"
2758,5673,1,16,200,217,1.0829493087557605,0.019870566218056593,643,Oh! Oh no! This must be how you hit “the brown note.”
416,5675,1,15,189,205,1.0829268292682928,0.02050897314577204,643,"Its the fermata tiger, its the trill of Wainwright"
741,5676,3,13,214,230,1.0826086956521739,0.021091550862882752,643,"OK, I've got a nail biting problem, nut couldn't I wear a cone instead?"
284,5677,1,16,203,220,1.0818181818181818,0.019609763204494254,643,"I said Moonlight ""Sonata'""- not Moonlight ""South Paw""!"
4120,5677,2,14,204,220,1.0818181818181818,0.020641071032081806,643,Oh request those great 1-2 beat tunes.
716,5679,1,14,181,196,1.0816326530612246,0.020899373643916155,643,"Guess who said, ""I punched my music teacher because I didn't think he knew anything about music and I almost got expelled."""
808,5680,1,13,170,184,1.0815217391304348,0.021646124401906598,643,And now for your request...punch in time...sing alone folks...
5648,5681,2,13,194,209,1.0813397129186604,0.021242908319129908,643,"My bad, I have pummeling walls and newspapers as my primary job, and this as my second."
3038,5682,2,15,217,234,1.0811965811965811,0.019838155620498413,643,A punchers chance my a#%!
2873,5683,2,12,184,198,1.0808080808080809,0.021899650587831644,643,"This isn’t a boxing match for crying out loud! You are meant to play the piano and those gloves are completely inappropriate. Don’t look at me like that, you know exactly what to do, so get them gloves off and use your fingers like you’re supposed t!"
3632,5684,0,16,184,200,1.08,0.019231465004808025,643,"Its tough to survive in this business.""

Mel Vigman, Summit, N"
1127,5685,1,14,186,201,1.0796019900497513,0.02039800995024876,643,Here’s an old standardyiu May. It recognise
5313,5686,1,16,212,229,1.0786026200873362,0.01886678514820339,643,I will now attempt my encore in C#m
1692,5687,1,13,177,191,1.0785340314136125,0.020880315775997464,643,It's not gay. It's big dick energy.
3175,5687,2,11,178,191,1.0785340314136125,0.022160757836711665,643,Casio Clay got more than e asked for when presented with a Baby Grand
3128,5689,1,12,167,180,1.0777777777777777,0.02151256696162577,643,This next number is really hot.
4992,5690,1,14,191,206,1.0776699029126213,0.019920087539998046,643,I wish I had knuckles instead of these crab hands.
4074,5691,2,12,193,207,1.077294685990338,0.02097662696116449,643,What is Stevie Wonder up to now?
4112,5691,0,16,191,207,1.077294685990338,0.018606844119760185,643,Watch out for the hammer move!
2327,5693,1,15,204,220,1.0772727272727274,0.019159575259525944,643,What a Louis Lortie Nightmare looks like
5078,5694,0,15,186,201,1.0746268656716418,0.018581939698490643,643,"Risin' up, back on the street"
577,5695,2,13,215,230,1.0739130434782609,0.019361106493997467,643,How do I piano tune with my claws?
5623,5696,2,10,181,193,1.072538860103627,0.02140900833560997,643,First they took away the boxing ring...now I don't know how to play this piano...unless they have really really wide keys...
1291,5697,0,16,207,223,1.0717488789237668,0.01732063515690204,643,Nauseating discordance is the soundtrack to my career but they’ll never understand :(
1778,5698,0,14,182,196,1.0714285714285714,0.018442777839082936,643,"So if I think Beethoven's Minuet in G, I can play."
4157,5699,2,10,185,197,1.0710659898477157,0.02098592621970671,643,"I am fighting a cold tonight. I play not Tchaikovsky, but Chopsticks."
4039,5700,1,12,189,202,1.0693069306930694,0.01923984130089198,643,"I am David, Front of House at the Wigmore Hall."
1296,5701,2,10,198,210,1.0666666666666667,0.019719303110574283,643,"I'd gladly spar but I'm ill-prepared in today's reign of hip hop, rap, house and Brittney/Bieber clones."
2235,5702,0,13,189,202,1.0643564356435644,0.017308250819822638,643,On piano making right noise.
662,5703,0,12,178,190,1.063157894736842,0.017693596586188264,643,"R is for the way you drove me crazy,O is for the way you drove me nuts,Cis for the way you drove me insane,put them all together they spell fricking psyco.."
5416,5704,2,8,192,202,1.0594059405940595,0.0194039098247912,643,"The Scouts new ""Trump Advisor"" badge."
1154,5705,1,9,187,197,1.0558375634517767,0.017910208898083344,643,"Man, taking 25 lsd tablets wants my best choice"
3209,5706,1,10,205,216,1.0555555555555556,0.016944285592511633,643,"""The key to solving any problem is to just finger it out."""
5369,5707,0,11,189,200,1.055,0.016161092305986415,643,Never made a better performance
907,5708,0,9,171,180,1.05,0.016289970180808203,643,sorry guys just came back from a game and i sweat alot and my gloves are stuck   sorry we are still doing the show but i will have twin brother do it instead you won't tell the difference well be dose play boxing
