target_id,rank,funny,somewhat_funny,unfunny,count,score,precision,contest,caption
5749,1,51,78,139,268,1.671641791044776,0.04744940575721458,646,Like it would have killed you to ask him for directions.
5536,2,55,73,155,283,1.646643109540636,0.0467825957943094,646,"Oh, shit! What if your sister-in-law is also right about God?"
6069,3,61,68,172,301,1.6312292358803986,0.04611921155253296,646,"Don’t bring a camera, you said.  Just enjoy the experience, you said."
17,4,45,67,137,249,1.6305220883534137,0.048957262780606206,646,He just walked by like he thinks we don't exist.
326,5,47,64,142,253,1.6245059288537549,0.04903998108348782,646,He asked that we please wait while he gets his camera or his friends will never believe him.
3275,6,49,74,154,277,1.6209386281588447,0.0462023143099945,646,"Oh, so first he doesn't exist and now he's flirting with me?"
1062,7,43,79,145,267,1.6179775280898876,0.045808471864081886,646,He said it’s not him but he gets asked that all the time.
4070,8,54,73,168,295,1.6135593220338984,0.04529592701781155,646,"Unplug"" you said. ""Leave the phones in the car"" you said"
4523,9,43,64,143,250,1.6,0.048429139225309566,646,He doesn’t believe in us either.
3395,10,44,67,148,259,1.5984555984555984,0.0474167910476873,646,He walked past me like I  didn’t exist.
2053,11,41,61,137,239,1.598326359832636,0.04951140099888743,646,He said he didn't believe in us either.
163,12,47,71,158,276,1.5978260869565217,0.04596479945095149,646,"Once and for all, Bob, stop following us. It’s over."
5243,13,43,76,152,271,1.5977859778597785,0.04545168684339617,646,He wants us to wait here while he gets his camera. He doesn't think think anyone will believe him.
3100,14,47,70,158,275,1.5963636363636364,0.046108893302962035,646,He asked for us to wait here while he gets his camera.
1456,15,51,69,167,287,1.5958188153310104,0.04565833326817272,646,He says we're only allowed to take blurry photos.
3010,16,44,72,155,271,1.5904059040590406,0.045807569314015084,646,He acted like we don't even exist.
895,17,34,84,142,260,1.5846153846153845,0.04412944709889594,646,"Oh, he says he doesn't believe in you either."
3085,18,40,73,150,263,1.5817490494296578,0.04571316155134402,646,I believe you owe me a dollar.
1731,19,47,80,173,300,1.58,0.04315846717320074,646,"Before you meet my family, there's something I need to tell you."
5527,20,45,68,162,275,1.5745454545454545,0.04567880973365789,646,He said that he doesn't believe in us either.
1344,21,44,74,164,282,1.574468085106383,0.0445024387307777,646,"Yeah, he saw us, but they'll never believe him"
406,22,43,66,156,265,1.5735849056603775,0.04642987395254307,646,He said he doesn’t believe in us either.
5124,23,42,69,157,268,1.5708955223880596,0.04573194413460257,646,He says he never really believed in us either.
539,24,35,79,147,261,1.5708812260536398,0.044426909963254345,646,He's a lot less blurry in person.
5186,25,46,74,171,291,1.570446735395189,0.04399014232135152,646,"Would it kill you to, just once, ask someone for directions?"
321,26,43,60,155,258,1.565891472868217,0.04746457401603535,646,"""Leave the phone in the car,""  you said!
""There'll be no time for photos,"" you said!"
4593,27,36,76,151,263,1.5627376425855513,0.04454298236200697,646,He said  he always believed we existed.
2230,28,35,87,157,279,1.5627240143369177,0.042280399874793276,646,I think we should start seeing other species.
2639,29,40,71,158,269,1.5613382899628252,0.04503876372294109,646,He can't believe we're real. He's going to get a camera.
1331,30,39,56,144,239,1.5606694560669456,0.04905318027091902,646,We went on one date! How was I supposed to know we would run into him here?
1970,31,43,62,160,265,1.558490566037736,0.046511124262853636,646,Still think we should have left our phones in the car Mr. Be In The Moment?
4824,32,38,84,165,287,1.5574912891986064,0.04229033490879415,646,He’s leaving. Apparently he’s late for a summit meeting.
262,33,41,55,152,248,1.5524193548387097,0.048370088648092814,646,He said he's not surprised; he's questioned his own existence his whole life.
2887,34,41,62,158,261,1.5517241379310345,0.046471697704749425,646,"'We'll leave our smartphones in the car,' you said. 'Let's really be in the moment this time,' you said."
2873,35,50,52,176,278,1.5467625899280575,0.046831963628755545,646,He's really let himself go since the impeachment. In fact I wasn't sure it was really him till he grabbed my ass
3178,36,32,68,142,242,1.5454545454545454,0.04610994862160933,646,"He said if anyone asks, we haven’t seen him."
1,37,34,69,149,252,1.5436507936507937,0.04542564863602598,646,He’s less blurry in person.
5802,38,48,37,160,245,1.542857142857143,0.05121475197315838,646,He was going to come down until I told him who the president is.
5424,39,48,52,173,273,1.5421245421245422,0.04696188514758026,646,"He said, due to the government shutdown, the rest rooms are closed."
4854,40,41,73,173,287,1.5400696864111498,0.043214730796920876,646,"He asked us to wait here while he got his camera.  He said if he doesn't take our picture, his friends won't believe we exist."
5095,41,41,63,165,269,1.5390334572490707,0.04543771786865305,646,He ignored us like we didn't even exist.
4821,42,35,83,166,284,1.5387323943661972,0.04182154054962358,646,"Sure, Rich, and Santa Claus is right behind you. Now can we please get back to talking about what happened last night?"
3904,43,36,83,171,290,1.5344827586206897,0.04147316643745738,646,"He says the real abomination is your cargo pants."""
2696,44,35,62,151,248,1.532258064516129,0.04637540365243547,646,He said there’s no such thing as human beings and no one will believe he saw us.
1940,45,36,63,155,254,1.531496062992126,0.04587629719203475,646,"The difference is, he, unlike you, is evolving."
2506,46,31,70,148,249,1.5301204819277108,0.04481542525451124,646,"It's 2019. We don't use the word ""abominable"" anymore."
5172,47,40,57,163,260,1.5269230769230768,0.046372982399316774,646,"If we could just stop arguing, we might actually see something interesting!"
5428,48,34,79,166,279,1.5268817204301075,0.042111746326647964,646,That guy? He’s a legend around here.
566,49,38,68,168,274,1.5255474452554745,0.04392466039174147,646,"All I said was ""I've seen bigger""."
6033,49,31,82,161,274,1.5255474452554745,0.041739849298092165,646,He's going to try 'outdoorsy' instead of 'abominable' in his dating profile
2175,51,35,74,166,275,1.5236363636363637,0.042887851412227625,646,"Sorry, but I was cold, he's covered in fur. It just happened."
1447,52,32,80,164,276,1.5217391304347827,0.041840018606764236,646,"Unlike you, I'm fine with asking a local for directions."
1011,53,40,57,166,263,1.520912547528517,0.04597315740474784,646,"As soon as he's out of the way, can you take my picture ?"
104,54,33,72,160,265,1.5207547169811322,0.043459570444779654,646,He's a legend around here.
2011,55,36,67,164,267,1.5205992509363295,0.044181724533355025,646,Just man up and ask him for directions
4262,55,41,57,169,267,1.5205992509363295,0.04574741768174494,646,"No! I will not ""look behind me"", and stop trying to change the subject."
768,57,45,57,181,283,1.519434628975265,0.04486557924227388,646,"Nice try, but I'm not falling for ""made you look"" again!"
643,57,44,59,180,283,1.519434628975265,0.04458541721652666,646,I hate it when you won't ask locals for directions.
2627,59,32,68,156,256,1.515625,0.04426993222843021,646,First person we see in days and you STILL won't ask for directions!
4718,60,29,77,156,262,1.515267175572519,0.04248691297949367,646,"He’s mature, ruggedly handsome, and not lost.  Owen, this is goodbye."
1159,61,33,71,162,266,1.5150375939849625,0.04334565641745969,646,Don't bother. He's lost too.
1698,62,39,62,171,272,1.5147058823529411,0.04449588242928543,646,"Let’s leave our phones home,” you said"
2644,62,39,62,171,272,1.5147058823529411,0.04449588242928543,646,He doesn't believe in you either.
567,64,42,57,175,274,1.5145985401459854,0.045143492251288254,646,I obviously made my decision! Please stop following us!
4859,65,38,76,182,296,1.5135135135135136,0.041439117755695885,646,He says he might have the right charger.
5732,66,34,67,162,263,1.5133079847908746,0.0440496783492712,646,You and your 'let's experience the hike and not bring a camera'
5497,67,36,65,166,267,1.5131086142322097,0.04419246548841168,646,I’m not falling for that “he’s right behind you” trick.
2317,68,32,56,147,235,1.5106382978723405,0.04724129966252702,646,"No, Craig, I don’t believe Bigfoot is over my left shoulder. I believe you have commitment issues."
5724,69,42,63,183,288,1.5104166666666667,0.04343917850279043,646,"Can't you just ask for directions, he's clearly a local."
4346,70,36,63,166,265,1.509433962264151,0.04444988297882923,646,"Oh, like we don’t run into your exes every time we go grocery shopping."
3157,71,41,63,181,285,1.5087719298245614,0.04350984798242123,646,He doesn't think we're real.
2922,72,39,55,168,262,1.5076335877862594,0.045807010288569726,646,"He said he was ready to go public, but with the government shutdown, no one at the Smithsonian picked up the phone."
1694,73,31,74,163,268,1.507462686567164,0.04245674564223187,646,"He said, ""I exist. Get over it."
5600,73,37,62,169,268,1.507462686567164,0.0443877919282228,646,"SERIOUSLY, he whistled at me, and you do NOTHING?"
5576,75,31,77,167,275,1.5054545454545454,0.041654855457310756,646,"He said it’s always been on his bucket list, too."
1714,76,39,63,177,279,1.5053763440860215,0.04364428594528789,646,He said he'll come back down after the 2020 election.
1713,77,23,59,127,209,1.5023923444976077,0.04753996145287572,646,You never look at ME like that.
3089,78,35,52,156,243,1.5020576131687242,0.04715289049488386,646,Climate change has everyone relocating.
4328,79,35,54,158,247,1.5020242914979758,0.046564786232868347,646,"Let's get back to nature"", you said. ""Leave the cell phones in the cabin"", you said"
5914,80,34,70,171,275,1.5018181818181817,0.04260107866286285,646,"I trust him, he's a local."
1786,81,35,71,175,281,1.501779359430605,0.042219966255176766,646,He doesn't believe we exist
4600,82,36,59,167,262,1.5,0.04484153282732425,646,"Well, Mr. Know-It-All, it looks like that wasn't fresh grizzly bear scat we've been seeing on the trail today."
1221,82,36,57,165,258,1.5,0.04537220765402798,646,He saw me but said his friends would never believe him.
2917,84,35,70,176,281,1.498220640569395,0.042219966255176766,646,‘He said that he had never actually believed that we existed before now.’
2634,85,38,56,171,265,1.4981132075471697,0.04509203101185787,646,"He says since 2016, he doesn't feel all that abominable."
5607,86,35,57,163,255,1.4980392156862745,0.04544209602913835,646,"For once, can you just admit I was right?"
4031,87,33,58,158,249,1.497991967871486,0.04557235512342178,646,I don't see why people think being blind takes away from the hiking experience. We aren't missing a thing!
641,88,30,61,152,243,1.4979423868312758,0.04531384343576837,646,"No, it is his brother Abysmal."
1096,89,33,73,174,280,1.4964285714285714,0.04172368273677622,646,He says it's not us..he can't get cell service either.
5665,90,29,74,163,266,1.4962406015037595,0.04202564265297861,646,I told you getting a guide off the internet was risky.
3751,91,29,71,160,260,1.4961538461538462,0.04273750941632065,646,No problem!  He doesn't believe in us either.
4251,92,32,53,152,237,1.4936708860759493,0.04694037583032562,646,Jason has really changed since being on the paleo diet.
4391,93,36,63,176,275,1.490909090909091,0.043216292598384776,646,He’s the new Secretary of the Interior.
599,94,44,46,183,273,1.4908424908424909,0.04586827616898777,646,He’s having a wall built and he says we’re paying for it.
3434,95,34,65,172,271,1.4907749077490775,0.043069169470535205,646,The Big Foot is not actually his most notable feature.
1748,96,35,61,171,267,1.4906367041198503,0.04387630482752053,646,He says we don't exist.
467,97,32,62,163,257,1.490272373540856,0.04414697623057503,646,"...aloof, a bit abrupt, but certainly not abominable."
3096,97,32,62,163,257,1.490272373540856,0.04414697623057503,646,That was awkward.
1843,99,37,50,166,253,1.4901185770750989,0.04639343806475728,646,"I swear, if you say, ""Are we there yeti?"" one more time...."
396,100,29,54,146,229,1.4890829694323144,0.04697684795641966,646,That reminds me; did you call your Mother?
1570,101,28,76,166,270,1.488888888888889,0.041230332728068385,646,He  says he's going to a summit meeting.
3507,102,36,55,169,260,1.4884615384615385,0.04509920171662086,646,Nobody will believe him when he says he saw us.
1593,103,32,68,171,271,1.4870848708487086,0.042426213117496024,646,I thought YOU were bringing the camera.
2152,104,37,56,174,267,1.4868913857677903,0.04450993478208893,646,I refuse to have this conversation every time we run into one of my ex boyfriends!
5391,105,36,75,191,302,1.4867549668874172,0.04027460413156915,646,All the brochure said was “Expert Guide.”
2784,105,43,61,198,302,1.4867549668874172,0.042143276461276906,646,No. I was water bottles. You were camera.
5571,107,35,58,170,263,1.4866920152091254,0.044377913552703305,646,He’s blurrier in pictures.
3159,108,42,62,196,300,1.4866666666666666,0.042094900835237786,646,You’re supposed to say ‘Snowperson’.
1160,109,36,73,189,298,1.4865771812080537,0.04067736927349774,646,"Balding, orange hair, small paws, thinks he's the King of the mountain . . . . I'm sure it's him."
2364,110,25,66,148,239,1.4853556485355648,0.043915051873512696,646,"I'm sorry, Todd.  But he just seems better prepared for what's ahead."
480,111,32,68,172,272,1.4852941176470589,0.0423078619560107,646,"No, I told YOU to bring the camera!"
4204,112,23,96,174,293,1.484641638225256,0.03732313119831021,646,This is not what I expected when they said we'd have a native tour guide.
1522,113,31,63,164,258,1.4844961240310077,0.043667906073161636,646,Seriously! Why is it so hard for you men to ask for directions?!
3143,114,39,55,181,275,1.4836363636363636,0.04412029818382513,646,"Quick, give me the grainiest camera you have."
6024,114,41,51,183,275,1.4836363636363636,0.04471785227803879,646,Do you still want to meet others matching your DNA?
1893,116,33,63,171,267,1.4831460674157304,0.04322118998687105,646,"Why is it always my ""stupid camera"" when we leave it in the car?"
3380,117,30,68,167,265,1.4830188679245282,0.0424677567304435,646,And Yeti persisted.
4686,118,32,63,169,264,1.481060606060606,0.04325472970386667,646,"See, even he asked for directions!"
4830,118,32,63,169,264,1.481060606060606,0.04325472970386667,646,He said we have to leave. The park is closed.
334,120,35,54,169,258,1.4806201550387597,0.04502235722465848,646,"Way to go, genius! The politically-correct term is 'Sasquatch-American'!"
2264,121,35,54,170,259,1.4787644787644787,0.04488656343677113,646,"Yeah, like I'm gonna trust the guy who needs a pole to hike up this mountain versus the one who's doing it butt ass naked."
4565,122,40,50,182,272,1.4779411764705883,0.044788599603885836,646,"Well, at least HE's not afraid to ask for directions."
1045,123,37,66,190,293,1.477815699658703,0.04146576338976499,646,He asked me who was President. I told him and he laughed.
419,124,32,75,184,291,1.47766323024055,0.04023347123436923,646,"We're high, but not that high, are we?"
841,125,31,76,182,289,1.4775086505190311,0.04013981688920319,646,I think this ancestry-DNA search has taken us as far as we want it to
5245,126,29,79,179,287,1.4773519163763067,0.03973591392423166,646,"You stare at his ass for the next 5,000 feet if you like. I'm going back to the chalet"
1152,127,40,56,189,285,1.4771929824561403,0.04320690453824689,646,I found our sperm donor.
4963,128,41,52,188,281,1.4768683274021353,0.04396751529506277,646,I’m going with him. HE was willing to stop and ask for directions.
4264,129,31,67,173,271,1.4760147601476015,0.04208487878755667,646,He said time waits for snowman.
2173,129,26,77,168,271,1.4760147601476015,0.040428566499646476,646,Suddenly you look better to me.
3555,131,36,55,176,267,1.4756554307116105,0.04417456244573873,646,He said he's going to build a wall and the valley residents are going to pay for it.
1719,132,38,46,173,257,1.4747081712062258,0.04614346546684602,646,"That's another ""no"" for chief of staff."
50,133,31,58,164,253,1.4743083003952568,0.04429335940003143,646,Would it kill you to ask for directions?
1913,134,24,71,156,251,1.4741035856573705,0.04197925370871431,646,I'm not looking at that hairy butt for the next ten thousand feet!
2022,135,30,67,171,268,1.4738805970149254,0.04209843884953333,646,Great. Today would be the day you forget your camera.
1763,136,29,68,169,266,1.4736842105263157,0.04199517456585155,646,"No, you said YOU were going to bring the camera."
679,137,37,58,184,279,1.4731182795698925,0.04302042128505446,646,"If your goal for today was to make a yeti cry, then congratulations Tom...."
3118,138,29,72,174,275,1.4727272727272727,0.040980914609716784,646,"Well, maybe you should treat him like he exists…"
3603,139,39,41,172,252,1.4722222222222223,0.04718161083239099,646,No one is going to believe us! The first blind couple to hike to the peak!
5351,140,32,78,191,301,1.4717607973421927,0.03923549125264265,646,What do you mean you forgot to bring the camera?
5652,141,39,47,179,265,1.471698113207547,0.04537464524635914,646,"NO GEORGE, my nipples are hard because it’s COLD!"
1266,142,29,65,167,261,1.471264367816092,0.042580082273343096,646,"Crap, he's lost too."
5269,142,31,61,169,261,1.471264367816092,0.043266711140734514,646,Furloughed. He works in the park.
1229,144,34,69,188,291,1.470790378006873,0.040803303362216756,646,I suppose you forgot the camera again.
5710,145,35,56,177,268,1.4701492537313432,0.04371781160668633,646,"'Let's live in the moment,' you say...'NO phones, NO cameras'.  Wayda go, Brad."""
2247,146,37,50,177,264,1.4696969696969697,0.04486501752119066,646,Time in the Trump White House definitely changes a person.
488,147,29,57,159,245,1.469387755102041,0.044620328397613734,646,"Fine, if you won’t ask him for directions I will."
3400,148,26,62,155,243,1.4691358024691359,0.04374225649810342,646,"He said to ""unfollow"" him."
4045,148,31,52,160,243,1.4691358024691359,0.04564466758173457,646,He says he will give us each a pair of skis if we sit through a time share presentation.
2005,150,33,62,178,273,1.468864468864469,0.042477884404155036,646,He said he'd be right back with a non-disclosure agreement.
3141,151,37,46,173,256,1.46875,0.045936270325011686,646,"Yeah, but I never thought I'd see Trump in the White House either."
1517,152,34,63,183,280,1.4678571428571427,0.0419858304990476,646,Remember when you said my camera would be too much extra weight?
411,153,26,62,156,244,1.4672131147540983,0.04360502548972774,646,He asked if we'd wait here while he gets his video camera.
378,154,37,59,189,285,1.4666666666666666,0.04231579848881678,646,"We haven’t seen a soul in days and now, you’re too proud to ask for directions?!"
1354,154,25,55,145,225,1.4666666666666666,0.04586038162918624,646,"Why won't you ever ask anyone for directions, Carl?"
2057,154,38,57,190,285,1.4666666666666666,0.04260676546305512,646,"He finds ""abominable"" offensive and prefers ""snowperson."""
3726,154,25,69,161,255,1.4666666666666666,0.0418549858863788,646,"Great, the day we decide to 'be present' and leave our smartphones behind!"
2620,158,35,55,178,268,1.4664179104477613,0.04370767179172755,646,She's pissed because Everybody thinks she's a male.
3251,158,33,59,176,268,1.4664179104477613,0.04306344504962456,646,His big foot isn't the first thing I noticed.
5863,160,32,54,167,253,1.466403162055336,0.04462523306406572,646,I don’t think your dad likes me.
1308,161,26,59,153,238,1.4663865546218486,0.04440689930277604,646,The old “Look behind you” joke.  Creative Paul!
3767,162,30,68,177,275,1.4654545454545456,0.0412836206607603,646,Why?  He makes me laugh.  That's why.
5470,163,27,67,166,260,1.4653846153846153,0.0419824417628557,646,"Aloof, yes — abominable seems excessive though."
1967,164,33,67,186,286,1.465034965034965,0.04101975036060131,646,"You and your ""Let's leave our phones at the lodge."""
1148,165,39,54,191,284,1.4647887323943662,0.04300579523597096,646,Quick... Grab the camera that only takes blurry pictures!
4098,166,24,76,167,267,1.4644194756554307,0.04013648271910556,646,He asked that we get off his lawn.
3520,167,33,51,168,252,1.4642857142857142,0.04510409614267126,646,"The politically correct phrase is ""Hirsute-American"""
4015,168,36,48,175,259,1.4633204633204633,0.045180383064786236,646,He said that his mountain is closed because of the government shut down
2892,169,32,62,178,272,1.463235294117647,0.04225831973581798,646,I was lost. He kept me warm.
4940,170,36,53,181,270,1.462962962962963,0.04376750524157524,646,He said to wait while he gets his family. They don't believe in Smallfoot.
1157,171,29,65,172,266,1.462406015037594,0.04196277798404341,646,"You go first now, I’m tired of looking at his ass"
6048,172,27,56,155,238,1.4621848739495797,0.04479021765110529,646,He says he can’t help us because he doesn’t actually  exist.
906,173,38,57,193,288,1.4618055555555556,0.04225482976754919,646,The Iceman Leave-ith.
1686,174,33,54,173,260,1.4615384615384615,0.04404134876657234,646,The iceman goeth
4288,175,26,73,172,271,1.4612546125461254,0.040386132281149525,646,"We get as far away from New York as we can and, like, literally on the first day, BOOM, celebrity sighting!"
4381,176,35,49,174,258,1.4612403100775193,0.04497364190851655,646,He just wanted the WiFi password for the lodge.
6012,177,33,58,178,269,1.4609665427509293,0.04292607099588319,646,You had to ask him right off about evolution?
47,178,33,68,190,291,1.4604810996563573,0.04048168509794101,646,Too late. He's already signed with Nike.
6070,179,27,62,163,252,1.4603174603174602,0.04293565139458724,646,It's 2019 - the correct term is abominable snowperson
3708,180,29,69,178,276,1.460144927536232,0.04083476685976566,646,Bigfoot doesn’t believe in you either.
5499,181,31,64,179,274,1.4598540145985401,0.04169774688965457,646,"See, easy. I don't get why you men are so scared of asking for directions."
3465,182,22,76,163,261,1.4597701149425288,0.040046316061587685,646,"I don't care what he is, we're asking for directions!"
5675,183,37,61,196,294,1.4591836734693877,0.04131105297809816,646,Why am I the one who always has to ask for directions?
1679,184,24,70,163,257,1.4591439688715953,0.041226376414256874,646,"He says it's only another hundred yards to the summit, but that he wasn't expecting visitors and we should give him a few minutes to straighten the place up."
910,185,27,69,172,268,1.458955223880597,0.04104477611940298,646,He wanted to know if we had any weed.
4989,185,39,45,184,268,1.458955223880597,0.04494524769272015,646,"Jesus, Doug, you can't just call someone ""abominable"""
192,187,30,51,161,242,1.4586776859504131,0.04537654130341137,646,"Don't worry,if it was real it would have footprints."
3780,188,36,44,173,253,1.458498023715415,0.04598406237886778,646,"He's Sasquatch, but he identifies as Yeti."
2504,189,34,59,184,277,1.4584837545126355,0.042296561941925534,646,He’s upset.  He found out what ‘abominable’ means.
2910,190,29,79,191,299,1.4581939799331103,0.038522728835080254,646,"If anyone is acting abominable right now it’s you, Brad."
325,191,28,70,177,275,1.4581818181818182,0.040610649214007366,646,"What do you mean, you don't have the camera?!"
5635,191,30,66,179,275,1.4581818181818182,0.04125906482355136,646,"I really think it’s time to swallow your pride and ask for directions, Steve."
2793,193,32,66,186,284,1.4577464788732395,0.04090697680515229,646,"NO, ""Are we there yeti?"" is NOT a funny joke when he's standing right there!!"
5622,193,27,76,181,284,1.4577464788732395,0.039356820387763475,646,"Well, I like him.  He doesn't talk about himself all the time."
1660,195,28,63,169,260,1.4576923076923076,0.042307692307692296,646,It would seem more real to me if there were footprints.
5942,196,38,44,181,263,1.456273764258555,0.04527529870742934,646,"You won't believe this, I just saw Steve Bannon in the nude."
3169,197,28,52,157,237,1.4556962025316456,0.045301442963563095,646,"Dude. Stop asking 'are we there, Yeti?'"
5044,198,33,47,168,248,1.4556451612903225,0.04562484232310852,646,Why are you always afraid to ask for directions?
6029,199,38,56,196,290,1.4551724137931035,0.04201085100527259,646,"All he asked was, is Trump still president?”"
5820,200,24,72,168,264,1.4545454545454546,0.040423239283909354,646,This happens literally every time I forget my phone.
2321,200,27,66,171,264,1.4545454545454546,0.04147835290677804,646,He has cousins in Oregon.
2151,202,38,62,204,304,1.4539473684210527,0.04053597819794415,646,I could not understand him.  He was talking in Yetish.
3967,203,31,46,161,238,1.453781512605042,0.04631428378258317,646,"Really, Larry? CHEWBACCA?"
736,204,28,65,174,267,1.453183520599251,0.041474063141053605,646,Quit being so stubborn and ask him for directions!
2863,205,23,73,167,263,1.4524714828897338,0.040164071095614574,646,"What happens on K-2,stays on K-2."
438,206,31,65,185,281,1.4519572953736655,0.04089762776595818,646,"Bro, if you aren't sure, use gender neutral pronouns."
3070,207,32,62,185,279,1.4516129032258065,0.0414246898309159,646,He's pretending we don't exist.
547,208,27,61,167,255,1.4509803921568627,0.042526591214808285,646,You SERIOUSLY did not bring a camera?
4920,209,30,63,180,273,1.4505494505494505,0.041450487071362105,646,"Well, Daniel, if you really must know, he said I could do better."
4894,210,23,54,145,222,1.4504504504504505,0.04536189569180332,646,"I asked, but he's not from around here."
580,211,21,67,154,242,1.4504132231404958,0.04180049785131812,646,"Abominable yes, but in a good way."
311,212,33,56,182,271,1.4501845018450183,0.04264673369316835,646,He wants us off his lawn.
1559,213,35,51,183,269,1.449814126394052,0.04352492965597998,646,"Actually, I expected a female president to appear first."
721,213,30,61,178,269,1.449814126394052,0.041901167708408654,646,He may be abominable but at least he hasn't been complaining the whole trip.
4570,215,32,61,185,278,1.4496402877697843,0.04152680517128238,646,"Oh, like your back is any less hairy."
181,216,34,52,181,267,1.449438202247191,0.04344753782913171,646,I guess that wasn’t moose scat.
1143,217,30,68,187,285,1.449122807017544,0.040155412305284494,646,He was really very nice.  All he wanted was a selfie to prove that humans actually exist.
1257,217,41,46,198,285,1.449122807017544,0.04340810308757351,646,"He said to tell Mr. Trump,he isn't interested in being Attorney General!"
1124,219,34,58,189,281,1.4483985765124556,0.04180439893361945,646,He wanted to know if there REALLY is a Donald Trump.
5907,220,34,57,188,279,1.4480286738351253,0.04202716575304257,646,Incredible! He wasn't ashamed to ask for directions.
131,221,38,57,202,297,1.4478114478114479,0.04122977026113791,646,I know what a Yeti is. It's your mansplaining I find abominable.
4309,222,31,58,179,268,1.4477611940298507,0.042338673351581535,646,Don't you just hate getting passed by someone older than you.
6022,222,36,48,184,268,1.4477611940298507,0.04395809306544445,646,He says the restrooms are closed during the shutdown.
3105,222,28,64,176,268,1.4477611940298507,0.04133658005090536,646,Now you want to ask for directions!
1161,225,31,45,163,239,1.4476987447698744,0.04614003186513707,646,He said he's heading north before there's a wall going into Canada.
5083,226,25,65,167,257,1.4474708171206225,0.04154220435522209,646,I'm sorry John. I've found my missing link.
5584,227,31,57,178,266,1.4473684210526316,0.04257347139543832,646,I showed him the video but he still thinks Trump is a mythical beast.
873,228,29,59,174,262,1.4465648854961832,0.04236851349960995,646,What’ could possibly be more important than what I have to say?!
574,229,27,54,161,242,1.4462809917355373,0.04417312057112429,646,"I know, but he says he has wi-fi back at his place."
2996,230,29,58,173,260,1.4461538461538461,0.042607008812783204,646,YOU tell him he's off trail.
5637,230,26,64,170,260,1.4461538461538461,0.04154825039484209,646,He said he thought we were a hoax.
5504,232,29,66,183,278,1.4460431654676258,0.04056112530981665,646,"What you see on this mountain, stays on this mountain."
1336,233,24,67,167,258,1.445736434108527,0.04105145186912194,646,"We just had coffee, I swear."
3132,234,27,56,164,247,1.4453441295546559,0.04350666791280336,646,"If he comes back, just tell him that you meant to say ""adorable."""
423,235,31,52,173,256,1.4453125,0.043799757244548425,646,And I thought you had a hairy ass.
4513,236,30,66,187,283,1.4452296819787986,0.040344893713102556,646,I don’t know why they call him abominable. He’s delightful.
3108,237,30,70,192,292,1.4452054794520548,0.03943226880708154,646,Rob! He was just starting to trust us! “Are we there yeti!?” Really?!
4076,238,28,53,164,245,1.4448979591836735,0.044146514337520315,646,I think the acid is kicking in.
1133,239,29,55,170,254,1.4448818897637796,0.04334385225300173,646,"Okay, Mr. Mountaineer, now you can tell people even Bigfoot thinks you’re a jerk."
2086,239,23,67,164,254,1.4448818897637796,0.04113336816738119,646,He makes me feel like a natural woman.
5393,241,32,61,188,281,1.4448398576512456,0.04117538124611004,646,"He said you’re hallucinating, probably dehydrated, and drink more water."
4792,242,27,77,191,295,1.4440677966101696,0.03824030872210443,646,He wanted to know if we had any Grey Poupon.
1670,243,25,64,168,257,1.443579766536965,0.041522268424928115,646,"He prefers ""Differently-Sized Foot."""
5934,244,26,65,173,264,1.4431818181818181,0.041075900772544756,646,"I asked, “Are we there, Yeti?” but he didn’t even crack a smile."
994,245,28,57,170,255,1.4431372549019608,0.04284997043141466,646,He just wanted to know if Mueller had completed the investigation yet.
5366,246,31,58,182,271,1.4428044280442804,0.04196607776356449,646,He’s just run back for his camera - I told him we wouldn’t mind waiting.
3186,247,29,58,175,262,1.4427480916030535,0.042349407066395006,646,He said he's trying to find himself
5250,248,28,56,169,253,1.4426877470355732,0.04309730496388965,646,Don't look at me like I don't exist.
2533,248,32,48,173,253,1.4426877470355732,0.04452927218693855,646,Ask me again in 9 months.
856,250,31,61,186,278,1.4424460431654675,0.04117888793427545,646,I didn't like his altitude.
508,251,27,65,177,269,1.4423791821561338,0.04085939376521853,646,"Aloof, maybe, but abominable?"
3514,252,30,47,165,242,1.4421487603305785,0.04530153095551877,646,"I'm leaving. And yes, Dan, size does matter."
6030,253,24,74,178,276,1.4420289855072463,0.03910602859624969,646,It's definitely time for the oxygen.
3665,254,30,61,183,274,1.4416058394160585,0.04129622392690157,646,He said he's going to the summit on climate change.
2779,255,32,53,180,265,1.441509433962264,0.042997898453175365,646,"Wow, and to think all this time the legend has been about the size of his foot."
3517,256,19,71,157,247,1.4412955465587045,0.04034404586248281,646,I've met someone.
4569,257,24,68,171,263,1.44106463878327,0.040466559981346975,646,I don't believe in you either!
4613,258,28,55,169,252,1.4404761904761905,0.043211660035641294,646,I met him on Timber.
3170,259,24,73,178,275,1.44,0.03919562831953294,646,Quit trying to make me look.
5798,260,28,61,177,266,1.4398496240601504,0.04152327140490215,646,"I'm just dying to ask  'Are we there, Yeti?'"
79,261,26,68,179,273,1.4395604395604396,0.04007452845535864,646,"Apparently ""yeti"" is no longer politically correct."
3061,262,25,66,173,264,1.4393939393939394,0.04070298822242423,646,We have to wait here while they review our asylum request.
3335,262,25,66,173,264,1.4393939393939394,0.04070298822242423,646,"He said, ""Go back and tell them that my name is NOT Bigfoot, Yeti, or Sasquatch. It's Frank. My name is Frank."""
620,264,36,51,193,280,1.4392857142857143,0.042479454559685575,646,Why is it so hard to just admit when you're lost and ask for directions?
2972,265,25,62,168,255,1.4392156862745098,0.04173329731324507,646,"Actually, I'd say more ""rude"" than ""abominable."""
561,266,31,57,183,271,1.4391143911439115,0.04194684601471078,646,Yeti persisted...
3128,267,31,64,192,287,1.4390243902439024,0.04020532309933772,646,Well how much would you have tipped him?
6023,267,33,60,194,287,1.4390243902439024,0.04080685924658952,646,"Wow, that was a near myth!"
3890,269,24,70,175,269,1.4386617100371748,0.03980719746170908,646,A picture is worth a thousand words only if someone's husband didn't forget the camera !
253,270,29,63,184,276,1.4384057971014492,0.04073645147689202,646,"They never believe him, but he's going to tell his friends he spotted us."
3685,270,34,53,189,276,1.4384057971014492,0.04232269821968499,646,"Roger, I'm leaving you. Size matters."
4084,272,30,57,180,267,1.4382022471910112,0.04207494829411512,646,"Maybe you're the abominable one, Gary."
713,272,28,61,178,267,1.4382022471910112,0.04140024996578832,646,"Has it ever occurred to you that perhaps you're the abominable one, Craig?"
5258,274,26,57,166,249,1.4377510040160641,0.0428312707903695,646,He said he's tired of submitting cartoon captions to the New Yorker and getting rejected ...
369,275,28,56,172,256,1.4375,0.042695628191498324,646,NOW you're telling me you forgot the camera?!
1238,276,36,50,193,279,1.4372759856630823,0.04258424634212702,646,"He says, “If you were hung like he is, you wouldn’t wear pants either.”"
5785,276,30,62,187,279,1.4372759856630823,0.04072717887111408,646,He said: 'You never saw me'
3618,278,35,45,183,263,1.4372623574144487,0.04421597255613753,646,He's looking for a open bathroom since the park has been shut down.....
5205,279,30,47,168,245,1.436734693877551,0.044853836405217444,646,"I don’t know what he wanted, I don’t speak French."
3415,280,28,64,183,275,1.4363636363636363,0.040507130887930246,646,"He hasn't seen him, either."
2993,281,28,57,174,259,1.4362934362934363,0.042323857052518336,646,Nudists have had to adapt to the climate up here.
2961,282,30,63,189,282,1.4361702127659575,0.04040241156382221,646,"...let's leave our Iphones at the camp site and enjoy nature without any outside distractions.""  Well, what a great idea that turned out to be."
3367,283,29,51,170,250,1.436,0.0438097383316856,646,"He's going to put his clothes on, he didn't know we were up here."
4938,284,25,69,179,273,1.435897435897436,0.03971595121581113,646,“We’ve been invited up for drinks at six.”
2826,285,23,66,168,257,1.4357976653696498,0.04073860975188827,646,"No, he doesn't talk, but he smiled when I called him ""Chewbacca."""
2009,286,28,59,177,264,1.4356060606060606,0.04172946696606634,646,He thought we were just a myth.
2808,287,30,51,174,255,1.4352941176470588,0.04352152451609053,646,"Nice work, now he’s offended. It’s 2019, they are called Abominal Snow PEOPLE."
5058,287,28,55,172,255,1.4352941176470588,0.04280614570298988,646,"From now on, I'm in charge of packing the camera."
3968,289,28,51,167,246,1.434959349593496,0.043957864343281035,646,That wasn't 'black ice' you stepped into on the way up!
2103,290,33,51,185,269,1.4349442379182156,0.04280818496813306,646,"Jesus Christ, will you stop following me Greg! I’m with Harry now. It’s time for you to let go."
338,291,33,61,198,292,1.4349315068493151,0.040265164416603695,646,"Gary, I NEVER said back hair was a deal breaker."
1300,292,30,63,190,283,1.4346289752650176,0.040288884279121494,646,"He says, no thanks, he's satisfied with his current Internet provider."
3946,292,31,61,191,283,1.4346289752650176,0.04059870649207247,646,"I’m not asking for directions! Let’s just follow him, he looks local."
4739,294,30,59,185,274,1.4343065693430657,0.04125603409560612,646,Look at me when I'm talking to you!
5842,295,32,48,178,258,1.434108527131783,0.04383024954884625,646,Stop changing the subject again like you did at that lake in Scotland!
5909,296,25,65,175,265,1.4339622641509433,0.04056038627246759,646,I'd rather just follow him on Twitter.
850,297,29,63,187,279,1.4336917562724014,0.04038878154097055,646,Quick. Go ask if he'll take our picture.
3124,297,29,63,187,279,1.4336917562724014,0.04038878154097055,646,You know how angry it makes me when you don’t look at me when I’m speaking to you.
175,299,29,53,174,256,1.43359375,0.043029980882505335,646,"With Jim and Nancy deep in conversation, yet again, the illusive Yeti escapes unnoticed."
2038,300,22,70,171,263,1.4334600760456273,0.03969698292361425,646,"Well, there's a busted myth--he seemed perfectly lovely."
1061,301,27,69,188,284,1.4330985915492958,0.0392358568346196,646,Cool! What's next on your bucket list?
1076,302,19,68,158,245,1.4326530612244899,0.04051747400074696,646,You never liked ANY of my boyfriends!
5748,303,28,62,183,273,1.4322344322344323,0.040698679021488826,646,And you wasted your batteries posting trail pics on Instagram.
2611,304,31,52,181,264,1.4318181818181819,0.042730018322574496,646,"And you just couldn't, possibly, have asked him for directions ?"
930,305,29,46,166,241,1.4315352697095436,0.04499891114984491,646,"He says he's building a wall, and he wants us to pay for it."
1509,306,29,52,174,255,1.4313725490196079,0.0431414654000823,646,I thought you brought the camera
38,307,24,67,176,267,1.4307116104868913,0.03997059069136178,646,"No Karen, I will not ask him for directions!"
1741,308,33,52,189,274,1.4306569343065694,0.042195578629248914,646,"Yes, I'm going with him. He's confident, reliable and doesn't carry a custom walking stick!"
813,308,34,50,190,274,1.4306569343065694,0.04251122332833711,646,That reminds me.  My mother-in-law is coming to visit next week.
3594,310,35,54,199,288,1.4305555555555556,0.041245125345648434,646,"He said he came down to get his ""23 and me"" results."
1986,311,27,54,170,251,1.4302788844621515,0.04290820006848265,646,"Actually, it's your attitude that I find abominable."
4592,312,31,49,178,258,1.430232558139535,0.043461265977558526,646,He told us to get off his lawn.
4946,312,25,61,172,258,1.430232558139535,0.04132677755956518,646,"We both listed ""like to hike"" on our profiles and he's vegan too."
2286,314,26,62,177,265,1.430188679245283,0.04088753952726945,646,"Awkwardly introverted and bit self conscious, but hardly abominable."
3791,314,32,50,183,265,1.430188679245283,0.04293387328456341,646,He was asking about the Mueller investigation.
5565,314,29,56,180,265,1.430188679245283,0.04192319384188763,646,JUST ASK FOR DIRECTIONS!
1267,317,20,58,150,228,1.4298245614035088,0.04304049953799626,646,"Not to be nitpicky, but I think you're supposed to say, 'Abominable SnowPERSON.'"
2885,318,24,65,174,263,1.429657794676806,0.04039695589079824,646,He says he eats only locally sourced hikers.
5169,319,29,58,183,270,1.4296296296296296,0.04134642951229808,646,"Seriously, Chris? Abominable? It's 2019."
797,320,28,56,177,261,1.4291187739463602,0.04204097080259067,646,"He said if you keep whistling he's going to eat us, and I agree."
789,320,21,70,170,261,1.4291187739463602,0.03951121515678117,646,He seems more irritable than abominable.
3381,322,29,60,186,275,1.4290909090909092,0.04078969526621546,646,He's not coming back down until Trump is impeached.
5552,323,27,76,200,303,1.4290429042904291,0.03743351334954901,646,YOU ask to take a selfie with him!
298,324,25,49,157,231,1.4285714285714286,0.0447868466537981,646,"If you won't ask him for directions, I will."
1082,325,26,67,185,278,1.4280575539568345,0.039485620659668826,646,"No, really, Josh.  I think he'd be perfect for your sister."
4814,326,23,70,178,271,1.4280442804428044,0.039184467436679846,646,Downwind is not where to be.
5568,327,27,59,178,264,1.428030303030303,0.04133539977750704,646,What do you mean he makes you feel inadequate.
978,328,31,48,178,257,1.4280155642023347,0.043573903510554554,646,Why didn't you ask him for directions?
3498,328,29,52,176,257,1.4280155642023347,0.0428705890066543,646,It’s nothing like that. I just do his hair.
2862,330,37,44,195,276,1.4275362318840579,0.043185222402594425,646,"We can digital detox in February, Stu - Gimme the damned iPhone."
4548,331,30,49,176,255,1.427450980392157,0.04347280611666882,646,He wolf-whistled me and you just stand there doing nothing?
1858,331,29,51,175,255,1.427450980392157,0.04311619624373123,646,He's lost too!
4266,333,26,62,179,267,1.4269662921348314,0.040644369613611925,646,He's for a free Tibet in theory -- but no donation.
19,334,23,73,183,279,1.4265232974910393,0.038378825760588875,646,I can't believe you didn't ask him for directions.
1345,335,22,72,178,272,1.4264705882352942,0.038723074515788526,646,Turns out they’re  not that rare.
5060,336,32,49,184,265,1.4264150943396225,0.042909996346352744,646,"Oh, now you know better than the locals?"
604,337,32,54,191,277,1.4259927797833936,0.04150998931476794,646,We can still claim First Ascent. No one will believe in him.
3545,338,21,73,176,270,1.4259259259259258,0.038564800248886554,646,There! You hurt his feelings...happy now?
4208,339,25,53,164,242,1.4256198347107438,0.043263122455067256,646,Would it have killed you to call him 'Mister' Bigfoot?
2207,340,24,72,186,282,1.425531914893617,0.03841463569778738,646,NOW do you believe me?
2886,341,29,56,183,268,1.4253731343283582,0.04154546002355123,646,How come nobody is leaving footprints?
2950,342,29,61,190,280,1.425,0.04022864121479539,646,"I asked him what the conditions were at the top and all he said was ""abominable."""
1560,343,30,73,210,313,1.4249201277955272,0.03738470753464029,646,I think we are officially too high now.
1759,344,31,54,188,273,1.424908424908425,0.04163335600886191,646,And I suppose you're going to say this is all in my head too?
4122,344,31,54,188,273,1.424908424908425,0.04163335600886191,646,Maybe NOW you’ll ask for directions.
550,346,24,65,177,266,1.4248120300751879,0.040037618961027546,646,"If it weren't for the snow blindness, I'm sure we'd be seeing something amazing right now."
1820,346,24,65,177,266,1.4248120300751879,0.040037618961027546,646,He said that from now on he'd prefer to be known as 'The Somewhat Ill-Tempered Snowperson.'
5417,348,28,54,177,259,1.4247104247104247,0.04225007206401503,646,"Bob, I've met someone."
144,349,20,67,165,252,1.4246031746031746,0.04007192127043252,646,He says we're a figment of his imagination.
2154,349,24,59,169,252,1.4246031746031746,0.0416201524316209,646,"Sure, he's abominable, but at least he listens"
1883,351,27,55,175,257,1.424124513618677,0.04212887788548686,646,We must be Really high.
1400,352,30,60,193,283,1.4240282685512367,0.040222890976376886,646,"He's up to 12,000 steps."
1132,353,29,61,191,281,1.4234875444839858,0.0401137462233997,646,It’s not just his foot that’s big.
1429,354,29,47,172,248,1.4233870967741935,0.04399123168067,646,"You know what's 'abominable,' Brandon? Your constant need to deflect."
1188,355,26,75,199,300,1.4233333333333333,0.037365390759460944,646,"A little surly, sure, but abominable?"
5631,356,28,57,182,267,1.4232209737827715,0.04130588303274274,646,"So, Yeti's a female!  She asked for directions."
5811,357,23,64,173,260,1.4230769230769231,0.04031755785832418,646,"You had to bring up global warming, didn't you?"
4300,358,27,61,184,272,1.4227941176470589,0.04041156640422196,646,"I’m just saying, I know he was rude, but Abominable seems a bit harsh…”"
2679,359,30,52,183,265,1.4226415094339622,0.042212968273305014,646,"I've been lying to you,Dave. Size does matter."
962,360,32,56,196,284,1.4225352112676057,0.04072450400918346,646,"Neither of us believe in you, either."
3792,361,30,46,175,251,1.4223107569721116,0.04395489534597706,646,He won't be back. He said that amid the events of 2018 he hardly feels abominable at all anymore.
625,362,27,54,175,256,1.421875,0.04223343087914513,646,We can only take a selfie with him if we promise the photo will be blurry and out of focus.
1529,362,26,56,174,256,1.421875,0.04186914650338085,646,"I guess not everyone needs a $300 European trekking pole, Julian."
1873,364,22,69,177,268,1.421641791044776,0.039092663160557366,646,He said you can take pictures of his tracks but anything else and you’ll be hearing from his lawyers.
2342,365,25,65,183,273,1.4212454212454213,0.03961895247391132,646,I never thought this ancestry thing would take us this far.
3314,365,29,57,187,273,1.4212454212454213,0.04095603492750601,646,This is the last Airbnb I let you book.
2228,367,27,71,199,297,1.4208754208754208,0.037916938149552104,646,He doesn’t know we exist either!
1140,368,31,55,192,278,1.420863309352518,0.041049365672562774,646,"He called me Snowflake, Roger. Are you going to let him get away with that?"
5728,369,19,71,169,259,1.420849420849421,0.03890224941874535,646,"Well if that's how you feel maybe you shouldn't have put ""adventurous"" in your profile"
2072,370,26,62,183,271,1.4206642066420665,0.04016575613128655,646,He said a picture is fine. He just needs to throw on some pants and grab a release form.
531,371,22,62,168,252,1.4206349206349207,0.040823415219716636,646,This tour guide is an absolute legend.
159,372,24,63,177,264,1.4204545454545454,0.04022232428196902,646,"He muttered, 'There goes the neighborhood""."
4200,372,28,55,181,264,1.4204545454545454,0.04162998940888544,646,"Since we're lost, this might not have been the best time to share that  you don't believe in his existence."
4155,374,32,49,188,269,1.420074349442379,0.04238813662868369,646,We got our selfie. Now let's go before we miss the plane to Loch Ness.
3268,375,28,54,180,262,1.4198473282442747,0.041858913149532447,646,"Now we're losing him. You just had to make one more prefrontal cortex joke, didn't you?"
3352,376,30,60,196,286,1.4195804195804196,0.039882410530684635,646,What do I have to do to get you to ask for directions?
2563,377,30,52,185,267,1.4194756554307115,0.04195571112133067,646,Stop trying to change the subject...
2192,378,26,65,188,279,1.4193548387096775,0.0393232447355493,646,He's also moving to Canada.
1620,379,25,64,183,272,1.4191176470588236,0.03970749017960384,646,"Damn it. Quit saying there's a Yeti behind
me because I will not fall for that again and again!"
2944,380,28,52,178,258,1.4186046511627908,0.04232673818732146,646,"Let’s leave our phones in the car,” you said"
3538,380,26,56,176,258,1.4186046511627908,0.04160800884373049,646,"He's abominable, Gary? We've been listening to you whine about your sinuses since base camp."
4702,382,28,62,192,282,1.4184397163120568,0.039657316818642686,646,He wouldn’t stop talking about “An Inconvenient Truth.”
5949,383,26,48,165,239,1.4184100418410042,0.044007080240357245,646,What do you mean you forgot the camera!?
3592,384,27,56,180,263,1.4182509505703422,0.04138076252316822,646,Nobody says good morning anymore.
5903,384,20,70,173,263,1.4182509505703422,0.03884832257228294,646,"Yes, I'm sure those wild mushrooms were fine. Why?"
897,386,30,60,197,287,1.4181184668989546,0.03977008433916636,646,Mansplain THAT!
4937,387,27,53,176,256,1.41796875,0.042204375482831555,646,"Surprisingly, he has less back hair than you."
5229,388,28,56,184,268,1.4179104477611941,0.04115452425030598,646,He’s said I looked nothing at all like my Tinder profile.
4437,389,30,57,193,280,1.417857142857143,0.04049595162323521,646,"Well, there goes the best guide ever. I TOLD you he wouldn’t want to be in your selfie!"
5725,389,28,61,191,280,1.417857142857143,0.03985873581615049,646,Of course you think it’s a ‘he.’
3363,389,27,63,190,280,1.417857142857143,0.039536276789257904,646,Why do you always have to bring up politics as soon as we meet someone?
546,392,28,66,198,292,1.417808219178082,0.03866435588618063,646,"He's not abominable, he's French."
2231,393,21,62,166,249,1.4176706827309238,0.04075381351209953,646,"He does look like Chewbacca!”
“You didn’t have to say that to his face."
4943,394,24,61,176,261,1.417624521072797,0.040531200064248964,646,Oh my god it's a small world. He knows Sasquatch!
5049,394,28,53,180,261,1.417624521072797,0.04196031400871974,646,"I'm sorry Brandon, but I needed to find out if what they say about big feet is true"
2183,396,31,52,190,273,1.4175824175824177,0.04158237612818311,646,"Oh, Harold. It was nothing, a one time thing. On a totally different mountain."
4987,397,27,57,182,266,1.4172932330827068,0.041032297886213334,646,I'm thinking of stopping shaving my legs.
2179,398,35,51,204,290,1.4172413793103449,0.040946007196682475,646,It makes me wonder what else I've missed while endlessly staring at my phone.
2889,399,35,48,200,283,1.4169611307420495,0.04170371556460309,646,A rarer sighting would be you committing to me.
5938,400,33,44,187,264,1.4166666666666667,0.04329822112607769,646,He says he doesn't want to be Chief of Staff.
3200,401,23,66,180,269,1.41635687732342,0.03930399819684472,646,"Yeah,yeah,yeah,I'm sure the YETI is behind me.  I'm not falling for that line again!"
5196,401,24,64,181,269,1.41635687732342,0.03965534772894491,646,He just needed to borrow my chapstick.
4921,403,25,64,185,274,1.416058394160584,0.03947622081263668,646,The tour book did say that our guide would be a natural climber.
4771,404,19,66,165,250,1.416,0.039826128131262156,646,"Well you can't just call someone ""abominable"" before you get to know them."
348,405,30,61,200,291,1.4158075601374571,0.03935239554029284,646,"He said, ""Sorry, I'm a tourist here myself""."
3281,406,20,66,169,255,1.415686274509804,0.039671581926700894,646,Oh just ASK
3888,406,24,58,173,255,1.415686274509804,0.04119888815350582,646,I said are we there?”He said “Not Yeti.
5525,406,23,60,172,255,1.415686274509804,0.04082241898706576,646,"Please stop saying ""ladies first""."
2811,409,17,67,159,243,1.4156378600823045,0.03977211557045229,646,Good news--he says there IS cell service at the top!
4,410,29,55,188,272,1.4154411764705883,0.04102402767639037,646,"Aren't we supposed to wait until he's far away and indiscernible, before we take a picture?"
676,410,25,63,184,272,1.4154411764705883,0.03967921810877284,646,I thought you had the camera.
3568,412,26,56,178,260,1.4153846153846155,0.04134982301841228,646,"It looked like him, but it wasn’t him."
5429,413,28,47,173,248,1.4153225806451613,0.04355815072976812,646,"I already told you, Gary, he’s just a friend from college."
2148,414,30,55,192,277,1.4151624548736461,0.04079859906002206,646,"No, he said it wasn't him."
5198,415,19,72,174,265,1.4150943396226414,0.03824696736101196,646,He said  the restaurant at the top is worth the effort.
2543,416,31,43,179,253,1.4150197628458498,0.04399845090305055,646,"He said ""summit"" is a noun, not a verb."
1409,417,29,44,173,246,1.4146341463414633,0.04419276091576614,646,"I found him to be very bominable, actually"
1909,417,30,59,198,287,1.4146341463414633,0.039744459282163615,646,His hands are tiny.
3462,419,25,59,179,263,1.414448669201521,0.04064344300044046,646,Because he is everything you are not!
3740,419,28,53,182,263,1.414448669201521,0.041700894532143096,646,At least I´m not too stubborn to ask directions.
5733,421,21,74,185,280,1.4142857142857144,0.037514778986176694,646,Now look what you've done! You don't smell so great after 4 days in the woods either. Now go apologize to him!
5969,422,15,76,165,256,1.4140625,0.037563136189190154,646,He's depressed. No one believes in him any more.
5392,423,27,61,190,278,1.4136690647482015,0.0397097580936013,646,I asked him “Are we there Yeti?”  Apparently he doesn’t like puns.
2315,424,21,61,167,249,1.4136546184738956,0.04072028769764032,646,"Yes, I'm leaving you. He's just so comfortable in his own skin."
3621,425,25,55,174,254,1.4133858267716535,0.04167199127122344,646,He said a sitting president can be indicted.
3198,426,27,55,182,264,1.4128787878787878,0.041224385938237275,646,"Compared to all the others, our guide is a legend."
1850,426,30,49,185,264,1.4128787878787878,0.04225950167287547,646,Nevermind that. Why has the cartoonist neglected drawing in the footprints?
5411,428,29,58,194,281,1.4128113879003559,0.04003586962562072,646,Just ask him for directions already!
3272,429,23,51,161,235,1.4127659574468086,0.04327090684207387,646,When I said bring the YETI I meant the cooler.
4746,430,25,68,193,286,1.4125874125874125,0.038259694993649104,646,I thought you said it would just be the two of us this time...
1292,431,23,60,174,257,1.4124513618677044,0.04056840109277581,646,He says enough already. Both he and climate change are real.
2946,432,26,61,187,274,1.4124087591240877,0.03978462145227979,646,I say we pass him. It's no picnic being downwind from Big Foot.
2726,433,30,60,201,291,1.4123711340206186,0.03932651772100175,646,"You're not changing the subject, we're going to talk about why it's been 5 years and you haven't proposed!"
5806,433,25,70,196,291,1.4123711340206186,0.037789913254140835,646,"Abominable Snow MAN""?! Now go apologize to her right now"
222,435,28,52,182,262,1.4122137404580153,0.04180020122460201,646,"Yet he...?  Yet he, WHAT?"
2616,436,21,61,168,250,1.412,0.04059081740777495,646,"I don't care how famous he is, just ask him for directions"
3950,436,21,61,168,250,1.412,0.04059081740777495,646,All I said was I thought he’d be a lot taller in person.
1533,438,19,72,176,267,1.4119850187265917,0.038023314002144905,646,He prefers to be called Larger-than-Average Foot.
56,438,27,56,184,267,1.4119850187265917,0.04087853611122262,646,"You were right,it is worth it to get a local guide."
394,440,35,47,202,284,1.4119718309859155,0.0415567182213265,646,It's a North Face onesie.
1545,441,31,43,181,255,1.411764705882353,0.04371308511342564,646,He says he's not coming down until after the 2020 elections.
714,442,28,51,181,260,1.4115384615384616,0.04203138979591551,646,You can only ask “Are we there Yeti?” so many times.
1926,442,24,59,177,260,1.4115384615384616,0.040593566108141715,646,Amazing news! He's going to get us the wifi password.
21,444,36,58,222,316,1.4113924050632911,0.038627106009687884,646,"I'm sorry, but I think he will keep me warmer tonight than you can."
988,445,25,59,181,265,1.411320754716981,0.040396483717507356,646,"Of course—ask the ten-foot-tall male for directions. To hell with my map, right?"
4040,445,26,57,182,265,1.411320754716981,0.040748787235642465,646,Turns out we’ve strayed onto private property.
1641,447,25,68,194,287,1.411149825783972,0.0381532461301387,646,"Look at me when I’m talking to you, Harold."
3224,448,25,54,174,253,1.4110671936758894,0.04177221937291169,646,'SnowPERSON'
4227,448,26,52,175,253,1.4110671936758894,0.04214603074935582,646,Pleasant guy; very opinionated about global warming
359,450,21,64,173,258,1.4108527131782946,0.039689625560678655,646,He says it's a clothing optional peak.
5402,451,26,63,191,280,1.4107142857142858,0.03915516174831652,646,See?! I told you that your non-stop yodeling was annoying.
1395,452,26,56,181,263,1.4106463878326996,0.04096798988613605,646,"All he said was that ‘abominable’ is derogatory, and kept walking"
5368,453,25,60,183,268,1.4104477611940298,0.040063038374978405,646,What? All I said was that I thought his feet would have been bigger.
2020,454,27,48,174,249,1.4096385542168675,0.04300704551223593,646,Well maybe he thinks you're abominable.
4436,455,24,72,197,293,1.4095563139931742,0.037271792616653095,646,He says we’re lost
4967,455,29,62,202,293,1.4095563139931742,0.038808105268874495,646,Jimmy really went paleo!
2771,457,24,65,187,276,1.4094202898550725,0.038880158977804495,646,Next time I hire the guide.
3357,457,23,67,186,276,1.4094202898550725,0.03853980151747387,646,He wanted to borrow a phone charger.
940,459,27,52,180,259,1.4092664092664093,0.04177559207299884,646,I agreed to help him continue the species
527,460,24,67,190,281,1.4092526690391458,0.03838635487018603,646,The first sign of oxygen deprivation is hallucinating.
3941,461,30,57,199,286,1.4090909090909092,0.03980327708364623,646,I asked.  No selfies.
3323,462,29,61,201,291,1.4089347079037802,0.03899689763752931,646,You’re really going to mansplain a Yeti to me right now?!?!
2794,463,26,58,185,269,1.4089219330855018,0.040288758844466546,646,That explains all the yellow snow!
4515,463,25,60,184,269,1.4089219330855018,0.039942981360704885,646,"Well, he's cheaper than the last guide and he really seems to know his way around!"
5617,465,23,66,185,274,1.4087591240875912,0.03873259099622011,646,Sasquatch? you call a Yeti a Sasquatch? How do you expect him to react?
3922,466,30,45,182,257,1.4085603112840468,0.0430797687774425,646,He says he won't seat us until the rest of our party arrives.
972,467,28,60,196,284,1.408450704225352,0.039376852137031085,646,"O.K., you win. But I still don't believe in seahorses."
5297,468,25,57,180,262,1.4083969465648856,0.04070492713348057,646,"Yes, Helen, I'm well aware of what they say about the size of a man's foot."
3641,469,24,61,182,267,1.408239700374532,0.03980003250799295,646,"All I said was, ""Yeti or not?"" Apparently he's heard that one before."
3963,470,24,63,185,272,1.4080882352941178,0.03927492349185811,646,"Very funny, you had to ask him if he knew Chewbacca!"
1153,471,28,59,195,282,1.4078014184397163,0.03957429077748307,646,"It’s over Jim, I live on the mountain with Satch now."
5077,471,31,53,198,282,1.4078014184397163,0.04051964848218352,646,"He said wait here, we can take a picture, but he wants to get his hat first."
5370,473,18,70,172,260,1.4076923076923078,0.038300822516162014,646,How was I supposed to know that Yeti is now a derogatory term?
2041,474,27,56,187,270,1.4074074074074074,0.040509148620057014,646,So what if he gets there first?  Who's he gonna to tell?
4280,474,24,62,184,270,1.4074074074074074,0.039476330001526776,646,Go ahead and laugh....you can't even grow a decent mouscache!
6035,476,25,62,188,275,1.4072727272727272,0.039301373219017735,646,Why are you so surprised?  I told you I had family in the area.
1079,477,23,70,192,285,1.407017543859649,0.03765848068739937,646,I think we're going to need another pronoun.
1253,477,29,58,198,285,1.407017543859649,0.0395780132971459,646,"He asked how the Jets did this season, then just shook his head and walked away.”"
5974,479,32,41,185,258,1.4069767441860466,0.04363844596758179,646,Of course I didn't look.
5031,480,29,60,201,290,1.4068965517241379,0.03907812014118212,646,You're always trying to change the subject...we need to talk about US!
3483,481,25,50,171,246,1.4065040650406504,0.04259493802762428,646,I'm leaving you for someone I can believe in .
2619,482,21,60,170,251,1.406374501992032,0.040425978944910984,646,Don't worry... I gave him a fake number.
513,483,35,45,203,283,1.4063604240282686,0.04162401163324652,646,"No, I think you better use ’they/them’."
2636,484,22,64,180,266,1.406015037593985,0.03916970145387098,646,He went back to get his camera
5993,485,22,66,183,271,1.4059040590405905,0.038658408002667906,646,"Don't be jealous, Dave. How could I know he'd be up here?"
1250,486,26,73,209,308,1.405844155844156,0.03654303811488618,646,Where exactly did you hire our guide?
5248,487,29,54,193,276,1.4057971014492754,0.040509067063195243,646,He prefers the term 'Hirsute Snowman.'
5602,487,26,60,190,276,1.4057971014492754,0.0395212997120697,646,Two young people doing an activity outdoors without taking a selfie- he said he thought that was only a myth!
688,489,34,48,204,286,1.4055944055944056,0.04098993550014246,646,"You just had to go and mention you voted for Trump, didn't you?"
2714,490,25,57,182,264,1.4053030303030303,0.040454942467562656,646,He says to walk quietly because they are having a poetry reading.
3456,490,26,55,183,264,1.4053030303030303,0.04080940494467929,646,"He says he does not identify as ""abominable."""
1624,492,26,57,186,269,1.4052044609665428,0.04025674857511981,646,He says that he'd like to have us for dinner.
4823,493,19,58,160,237,1.4050632911392404,0.04123745695551637,646,"The only thing ""abominable"" on this mountain is your attitude towards meeting new people!"
966,494,20,58,164,242,1.4049586776859504,0.041057413664400806,646,I don’t think he’s going to give the camera back.
2327,495,28,65,206,299,1.4046822742474916,0.037906875518839436,646,I've made up my mind.  I want someone more authentic.
4387,496,21,62,174,257,1.404669260700389,0.0397421461707672,646,Exactly where did you find this guide?
1942,497,27,56,189,272,1.4044117647058822,0.04026628620283345,646,"Turns out it's pronounced ""Yet-Tie"""
287,497,22,66,184,272,1.4044117647058822,0.03854491773543432,646,"I'm sorry Derrick, this is my chance to walk on the wild side."
2134,499,23,68,191,282,1.4042553191489362,0.03791512920993076,646,He said the Summit Gift Shop is closed but the cafe is still open.
2748,499,23,68,191,282,1.4042553191489362,0.03791512920993076,646,No!  I didn't have the camera.  I thought you had the camera...
3414,499,23,68,191,282,1.4042553191489362,0.03791512920993076,646,A little obnoxious but I wouldn’t say abominable.
593,502,26,51,178,255,1.4039215686274509,0.04184196475286133,646,"Well, Bill, I guess this is goodbye."
3998,502,21,61,173,255,1.4039215686274509,0.039954443416621556,646,"Apparently, no one has ever called him 'abominable' before."
5388,502,27,49,179,255,1.4039215686274509,0.04220934147211047,646,"All I said was, ""Trump."""
2999,505,25,55,180,260,1.4038461538461537,0.040890763708567986,646,Did you hear that?  'Tourists!'  The smug ape called us tourists!
575,506,19,79,192,290,1.403448275862069,0.03586365218206356,646,I can't believe you left the camera in the car.
4163,506,28,61,201,290,1.403448275862069,0.03874239350912778,646,"Ugh, it's so like him to show up and then just leave."
2688,508,27,65,203,295,1.4033898305084747,0.03796334262182303,646,You're following in some pretty big footsteps.
1501,509,21,56,166,243,1.4032921810699588,0.04133551011427799,646,You could at least have asked for directions!
107,510,24,58,181,263,1.403041825095057,0.04018604719798838,646,"He's offended you called him ""abominable"" because he self-identifies as ""adorable."""
530,511,30,48,190,268,1.4029850746268657,0.041708310332871444,646,It's not the size of his feet I found impressive.
792,512,27,56,190,273,1.4029304029304028,0.04014585957365818,646,"A three-way with a Yeti is on your bucket list, Paul, not mine."
2739,512,23,64,186,273,1.4029304029304028,0.038780854026888495,646,Dinner’s at 7 but his agent booked a last minute sighting so he might be a touch late.
4379,514,22,57,172,251,1.402390438247012,0.040780935655537184,646,"Well, he does seem to know the way, Allen."
4252,515,23,63,185,271,1.4022140221402215,0.03897670719188772,646,"Relax, I said no."
4994,516,28,55,193,276,1.4021739130434783,0.04015101526783431,646,"Irascible, unforgettable, but not abominable"
254,517,20,58,166,244,1.401639344262295,0.040787495442786086,646,I don't care if he's your friend... if he's going to hike with us he needs to wear pants!
5849,517,21,56,167,244,1.401639344262295,0.04119892168391068,646,"No, I haven't seen Steve Bannon. Why do you ask?"
2816,519,23,56,175,254,1.4015748031496063,0.0408126367137968,646,"Thanks to the governmental parks shutdown, even Big Foot is  unemployed."
5051,520,23,60,181,264,1.4015151515151516,0.03970150789971084,646,"He's not anti-social, he just needs to pee."
255,520,22,62,180,264,1.4015151515151516,0.03933706353587914,646,"He said, ""No cash, no selfie."""
4731,522,31,46,192,269,1.4014869888475836,0.04191224209401795,646,He said it’s no fun anymore. Everybody’s abominable.
4396,523,26,58,190,274,1.4014598540145986,0.039690693381755,646,"Blame the cold all you want, Richard. His was obviously bigger."
5017,523,26,58,190,274,1.4014598540145986,0.039690693381755,646,He said something about trying to find himself.
587,525,27,58,194,279,1.4014336917562724,0.03950380502463499,646,"He says he needs to go off and find himself, for once."
822,525,23,66,190,279,1.4014336917562724,0.03817600450029073,646,Do you know if altitude sickness can cause hallucinations?
2590,525,31,50,198,279,1.4014336917562724,0.04078840402911758,646,"There's never a good time to say this, Phil..."
4321,528,23,53,171,247,1.4008097165991902,0.041633129860755964,646,Really? All you have to say is that he looks a little bit like my uncle Fred?
403,529,20,61,171,252,1.4007936507936507,0.039864724394195,646,Hang on a sec .... he's going to grab his selfie stick.
5090,530,22,63,182,267,1.400749063670412,0.039017215167536465,646,After you....
156,531,27,59,196,282,1.400709219858156,0.03919250339934939,646,I thought you packed the camera.
4088,532,27,65,205,297,1.4006734006734007,0.03775599149179322,646,You were supposed to pack the camera!
803,533,25,42,163,230,1.4,0.04469163165944515,646,"He said if anyone should be called 'abominable' it's people like us who drink pumpkin spice lattes and drive a Prius."""
2233,533,26,50,179,255,1.4,0.04180577365785373,646,Bigfoot’s got small hands.
3473,533,23,52,170,245,1.4,0.04186997349527641,646,"He’s more expensive than other guides, but he knows these mountains like the back of his hand."
5143,533,28,58,199,285,1.4,0.03920383838234553,646,He wants us to stop yodeling.  He says he is trying to hibernate.
5594,533,21,64,180,265,1.4,0.03885143449429057,646,So our Airbnb host seems cool.
5688,533,18,68,174,260,1.4,0.0382261881599704,646,"For once, I agree with you - maybe we shouldn't ask for directions."
1989,539,22,71,195,288,1.3993055555555556,0.036987539413993874,646,Just ask! I'm sure it wouldn't be his first selfie.
1220,540,26,55,187,268,1.3992537313432836,0.04031152287834832,646,"C’mon, he said if we follow him he’ll “make us dinner.”"
5661,540,24,59,185,268,1.3992537313432836,0.039612101722330484,646,You had to call him Bigfoot? Seriously? This 2019!
4296,542,30,43,185,258,1.3992248062015504,0.042873558550250365,646,I guess we'll have to go back. He says the hiking trail is closed because of the shutdown.
4126,543,26,64,201,291,1.3986254295532645,0.037984450291390394,646,You're not supposed to call them 'abominable' anymore.
493,544,25,64,197,286,1.3986013986013985,0.03813841358900831,646,He wants to go where snowman has gone before.
4782,545,23,58,180,261,1.3984674329501916,0.039996939717368264,646,"'Abominable' is a slur, Jim. It's 2019."
3240,546,28,46,182,256,1.3984375,0.042400289427136015,646,We're nearly the first blind people ever to climb Everest!
3149,547,26,46,174,246,1.3983739837398375,0.04290731666069711,646,He just took my water bottle because it has his name on it.
4506,548,26,44,171,241,1.3983402489626555,0.04356187791874321,646,"I haven't seen Jerry since high school. Shame, he really let himself go."
4748,549,24,69,201,294,1.3979591836734695,0.03707997895546087,646,Of course I didn’t ask for a photo together - he must get that all the time.
4320,550,25,57,187,269,1.3977695167286246,0.03984215751956267,646,You're the one who requested an authentic mountain guide!
6026,550,23,61,185,269,1.3977695167286246,0.039139658370017955,646,He's unimpressed with his first human sighting.
5966,552,23,59,182,264,1.3977272727272727,0.039665076607465814,646,"""Were you expecting Julie Andrews?!"
5300,553,19,63,172,254,1.3976377952755905,0.03921806262166281,646,"Are we really going to argue about this now? If it's on a mountain, it's a Yeti, not a Sasquatch!"
2980,554,31,56,210,297,1.3973063973063973,0.03891294132332444,646,Why won't you ever ask for directions?
2837,555,29,54,199,282,1.3971631205673758,0.039799244216335156,646,I thought he'd never leave.
1052,555,31,50,201,282,1.3971631205673758,0.04042843209810118,646,He'll be back in a minute - he forgot his phone.
3404,557,19,72,186,277,1.3971119133574008,0.03693895067042664,646,Didn’t the doctor say the altitude medicine could have some weird side effects...?
4241,558,20,75,195,290,1.396551724137931,0.03612882987942571,646,"He wasn’t the friendliest snowman I’ve ever met, but abominable seems a bit harsh."
4907,558,27,61,202,290,1.396551724137931,0.03837104186604047,646,You really didn't know 'abominable' is an insulting term?
1314,560,30,51,199,280,1.3964285714285714,0.040319453466624126,646,I'm just wild about Hairy.
3174,561,23,63,189,275,1.3963636363636365,0.03851875225394222,646,"Call me in an hour, in case things get weird. Then I’ll have an excuse to bail."
3734,562,22,63,185,270,1.3962962962962964,0.03866780188485388,646,He says our small one-toed footprints are scaring his children.
4834,563,21,61,178,260,1.396153846153846,0.03933591783510099,646,"Well, you dont look so great naked either."
4111,564,24,53,178,255,1.396078431372549,0.04102215656806347,646,He said we should have called first.
1910,565,26,64,203,293,1.3959044368600682,0.03777359176023677,646,This WOULD happen when we agree to hike without our phones.
2343,566,34,46,208,288,1.3958333333333333,0.040693483998713385,646,"They're an Abominable Non-Binary Snowperson, Doug."
2740,566,28,58,202,288,1.3958333333333333,0.038868748587068486,646,"No,YOU ask him for direction!"
4648,568,25,62,196,283,1.3957597173144876,0.038399376135193654,646,"No, Derek, you're the one who was being abominable."
1904,568,27,58,198,283,1.3957597173144876,0.03904655724027522,646,"I don't think so Tom, Yetis are blurrier than that."
1430,570,25,60,193,278,1.39568345323741,0.038891414752385,646,"And I was like 'Yeah, right. And I'm the missing link!'"
93,571,23,62,188,273,1.3956043956043955,0.03871083059616543,646,"In his case, big feet just means big feet."
1772,572,22,60,181,263,1.3954372623574145,0.039382980307247066,646,"He said he is not abominable, just misunderstood."
5281,573,26,61,199,286,1.3951048951048952,0.038425831899233674,646,"When he goes high, we go low."
656,574,26,44,173,243,1.3950617283950617,0.04326450116138358,646,He says go away. The peak is closed due to the government shutdown.
1305,575,20,65,181,266,1.394736842105263,0.038328057974206804,646,He told me he identifies as a Yeti.
5056,576,30,54,205,289,1.3944636678200693,0.03937332621386962,646,The only abominable part of this situation is your unwillingness to ask for directions
3554,577,26,60,198,284,1.3943661971830985,0.03861287849990644,646,A selfie?! You asked him for a selfie?!
5788,577,30,52,202,284,1.3943661971830985,0.03988096711829605,646,So he's abominable. Who are you to talk?
1494,579,23,64,192,279,1.3942652329749103,0.0381069448821329,646,"He admitted to cranky, but denied being abominable."
2745,580,19,57,165,241,1.3941908713692945,0.04064484268463675,646,"Chewbacca? Seriously, Neil. Get a life."""
4185,581,30,48,196,274,1.3941605839416058,0.040949183204572095,646,he said he's making the Himalayas great again...
1029,582,23,60,186,269,1.3940520446096654,0.03910275156466721,646,I've found someone.
4442,582,22,62,185,269,1.3940520446096654,0.03874639145368405,646,"Because he's not obsessed with manscaping, that's why!"
4568,584,28,48,188,264,1.393939393939394,0.04140463227713567,646,Call it one more time. He thinks he dropped the phone on this side of the mountain.
5628,584,25,54,185,264,1.393939393939394,0.04034759086178251,646,He's going back to tell his tribe we're real
5901,584,22,60,182,264,1.393939393939394,0.039262101353528776,646,"Just this once, could you forget you're a guy, and please ask directions?"
5244,587,22,58,179,259,1.393822393822394,0.03979650201948255,646,I've hiked the Canadian Rockies but this is my first time in Sasquatchewan.
1103,587,21,60,178,259,1.393822393822394,0.03941866703096741,646,"Well, you finally got to meet my ex."
2298,589,24,61,192,277,1.3935018050541517,0.03863351275870382,646,Admit it. We're lost!
2184,590,20,67,185,272,1.3933823529411764,0.037725533400480175,646,"Are you lost, too? I’m just following that guy... He seems to know the area."
4225,591,27,51,189,267,1.3932584269662922,0.040710486520952466,646,"Yes, Kevin. It’s goodbye. Size does matter."
2844,591,22,61,184,267,1.3932584269662922,0.038942807692382536,646,Don't bother.  Nobody will believe you and it will really screw up your career.
5303,593,23,53,176,252,1.3928571428571428,0.04095766401840336,646,"I didn't bring the camera, I thought you brought the camera!"
2448,594,25,69,209,303,1.3927392739273927,0.03655312917691606,646,"He will show us around, but he said no selfies."
4887,595,20,66,184,270,1.3925925925925926,0.03791066573066062,646,"Goodbye, Todd. He may be abominable, but at least he’s a good listener."
5755,596,30,55,208,293,1.3924914675767919,0.03895994045753634,646,"Next time, you pick the tour guide."
971,597,22,60,183,265,1.3924528301886792,0.0391419010409673,646,We're just friends.
5779,598,27,59,202,288,1.3923611111111112,0.03852298601567177,646,"You're just not out-doorsy enough for me Gerald."""
4446,599,24,54,182,260,1.3923076923076922,0.04041377452966637,646,"He took a selfie with me, he said to show his friends."
4573,600,26,57,195,278,1.3920863309352518,0.039188749939356796,646,Well who else should we ask for directions?
4344,601,22,54,174,250,1.392,0.04079215610874228,646,"No, Bigfoot is the one in the forests. Look what you did - now he’s upset."
6027,602,25,57,191,273,1.3919413919413919,0.039364133438668215,646,He’s abominable alright but I’ll take that over needy any day.
5166,603,26,44,175,245,1.3918367346938776,0.04297090161069069,646,Let him cool off.  Now that he knows people are real he needs a moment to adjust.
745,604,24,55,184,263,1.391634980988593,0.040074669254661764,646,He isn't real and I am not going to turn around.
3288,605,23,66,197,286,1.3916083916083917,0.03742081323811052,646,And that’s exactly why it’s important to ask their prounouns before assuming.
1609,606,25,60,196,281,1.3914590747330962,0.03855213587758708,646,I gotta go.  My boyfriend doesn’t like me talking to strangers.
2491,607,25,67,207,299,1.391304347826087,0.03688406175614378,646,Did he invite us over to dinner or over for dinner?
5376,607,23,62,191,276,1.391304347826087,0.03836911266608051,646,"So he's a hairy beast, big deal.  He still should say hi when someone says hi to him."""
2225,609,28,50,193,271,1.3911439114391144,0.040587920954661016,646,"Well sometimes you can be abominable too, Chad!"
4327,610,28,41,179,248,1.3911290322580645,0.04333998742621652,646,Brett's really committed to paleo this year.
4754,611,32,49,208,289,1.3910034602076125,0.03994671109699868,646,Its true what they say about big feet. I’m going with him.
799,612,26,52,188,266,1.3909774436090225,0.04045042640363388,646,"For the last time, Melvin, NOTHING HAPPENED!!!"
1638,612,26,52,188,266,1.3909774436090225,0.04045042640363388,646,"He may be abominable, but you are being insufferable."
6020,612,17,70,179,266,1.3909774436090225,0.03716021564361321,646,So now you’re jealous of a man who’s yet to fully evolve?
3525,615,19,64,178,261,1.3908045977011494,0.03841425185489769,646,He says he goes down to the valley once in a while to check on a B & B and gastro-pub he co-owns.
3189,616,19,55,164,238,1.3907563025210083,0.040965647855860494,646,Why would you assume he knows Big Foot? Don't you know how offensive that is?
600,617,21,67,191,279,1.3906810035842294,0.03738709581133494,646,He said it's pronounced 'Yay-tea'.
5106,618,20,51,162,233,1.390557939914163,0.04202299530730361,646,"He might be abominable, Brad, but at least he's going to make it to the top"
305,619,26,53,190,269,1.3903345724907064,0.040115599944870024,646,He’s more ambivalent than abominable.
555,619,23,59,187,269,1.3903345724907064,0.03906448990066253,646,"""I don't care if you think he doesn't exist, I'm following him."""
3048,621,27,56,199,282,1.3900709219858156,0.03909132293108102,646,"I'll tell you what's abominable, Stu.  Your attitude."
1323,622,16,69,174,259,1.38996138996139,0.037429190400053616,646,Sorry you had to find out this way.
83,623,23,53,178,254,1.389763779527559,0.040693122137908454,646,He's more of a primate than you'll ever be.
97,623,27,45,182,254,1.389763779527559,0.04219503000222354,646,"You just had to INSIST we didn't bring our iPhones on this hike, didn't you?"
4708,625,26,54,192,272,1.3897058823529411,0.03978779867308302,646,"Well, that was anticlimactic.”"
430,626,21,60,181,262,1.3893129770992367,0.03905265756788184,646,"He threw my walking stick off the mountain and whispered, ""No one will ever believe you."""
2702,626,23,56,183,262,1.3893129770992367,0.039794534658410645,646,"Look, he gets me and you don't."
5768,628,20,53,166,239,1.389121338912134,0.04125499405734143,646,"He's abominable, not deplorable."
286,629,26,48,183,257,1.3891050583657587,0.04145955023565387,646,They turned him back at the border.
1317,630,22,63,190,275,1.3890909090909092,0.03809798994418598,646,Abominable? I actually found him quite adorable!
2450,630,23,61,191,275,1.3890909090909092,0.03844476086611443,646,He asked us to tell the world that his feet are proportionate to the rest of his body -- and that his name is Ralph.
4032,630,30,47,198,275,1.3890909090909092,0.04078969526621546,646,Dale!  Are you going to let him talk to me like that?!
1631,633,22,54,176,252,1.3888888888888888,0.040527276515898915,646,He says he'll retire when they find somebody who can fill his shoes.
2713,633,29,40,183,252,1.3888888888888888,0.04317171546880504,646,"I'm leaving you, Henry. If I have to settle for an abominable man, it might as well be the real thing."
4354,633,30,45,195,270,1.3888888888888888,0.04134704617679489,646,No...he hasn't seen one either!
4784,633,24,50,178,252,1.3888888888888888,0.041300111971518186,646,"Who knew the word ""abominable"" was offensive?"
1392,637,25,39,165,229,1.388646288209607,0.04471846444576226,646,He isn’t giving us back our cameras. He said he doesn’t want his family all over social media.
4133,638,24,60,194,278,1.3884892086330936,0.03848330379740834,646,What do you mean you forgot to pack a camera?
2828,639,24,53,183,260,1.3884615384615384,0.04037347633726941,646,"Wow, his carbon footprint is tiny!"
5685,639,20,61,179,260,1.3884615384615384,0.0388743806735996,646,"Well, we did agree we'd both see other people."
2795,641,25,56,192,273,1.3882783882783882,0.03932652079182832,646,"Yup, turns out it’s true what they say about a man with a big foot."
3565,642,26,59,201,286,1.3881118881118881,0.03835655584470146,646,At least HE's willing to ask directions
2979,643,22,60,186,268,1.3880597014925373,0.03878532455617216,646,"It’s not what you think
He’s just a friend
No one will believe you anyway"
5307,644,18,61,171,250,1.388,0.03914015594282827,646,Let him win.
3625,644,24,49,177,250,1.388,0.04152978318708472,646,"Damnit, Jim - you NEVER want to ask for directions!"
1254,646,26,50,187,263,1.3878326996197718,0.04075326652500961,646,"I’m telling you, he’s just the type of outsider the DNC is looking for."
1793,647,25,45,175,245,1.3877551020408163,0.04253651832881576,646,I'm not racist. Some of my best friends are abominable.
5873,648,31,45,200,276,1.3876811594202898,0.04098878601454749,646,"You’re a nice guy, Doug, but my taste in men has always been abominable."
2810,649,26,53,192,271,1.3874538745387455,0.03987086973676524,646,He wants to find himself.
1195,650,28,54,202,284,1.3873239436619718,0.03918278291224235,646,He's just a better fit for the life I want to lead.
2607,650,24,62,198,284,1.3873239436619718,0.03789133574454504,646,"You can be pretty abominable sometimes too, Tad."
2830,652,18,60,170,248,1.3870967741935485,0.03934762296371983,646,Let’s respect his self-identification as gender-fluid and use the term “snow-person.”
1662,652,27,54,198,279,1.3870967741935485,0.039365527806620136,646,You didn't tell me we were coming to meet your parents.
4234,652,25,46,177,248,1.3870967741935485,0.04215192134398009,646,He said to make sure the photos of him are really blurry
4611,655,23,67,202,292,1.3869863013698631,0.036831657088816624,646,No one will ever believe we forgot our phones.
851,656,28,45,188,261,1.3869731800766283,0.041684913566457565,646,"Are you sure the sign said this hike was good for ""abdominals."""
2592,657,22,60,187,269,1.3866171003717471,0.03866779153104554,646,But I'm still right about Loch Ness
3703,658,20,55,171,246,1.386178861788618,0.04038823704852515,646,He says our big carbon footprint scares him.
3990,658,22,51,173,246,1.386178861788618,0.04120167111303547,646,He's the least abominable thing in my life right now.
4336,660,23,54,182,259,1.386100386100386,0.04008871245762891,646,He's not so abominable when you get to know him.
2553,661,27,51,194,272,1.3860294117647058,0.040089388901760906,646,He's abominable until he's had his coffee.
4684,661,30,45,197,272,1.3860294117647058,0.041092054892873,646,"He says the ""y"" is silent."
5317,663,26,58,201,285,1.3859649122807018,0.0384310311054756,646,"Abominable? Quite the contrary, I found him perfectly delightful."
1375,664,29,57,212,298,1.3859060402684564,0.038121436338872584,646,Apparently people tell him that all the time.
3905,665,19,60,175,254,1.3858267716535433,0.03908897184535634,646,I guess we are on the Evolutionary Path!
5191,666,24,55,188,267,1.3857677902621723,0.03958080547747164,646,I'm going with him. You can keep the kids.
5508,666,21,61,185,267,1.3857677902621723,0.03849882202303586,646,You ALWAYS complain when I ask for directions!!
636,668,21,49,166,236,1.3855932203389831,0.042017078111548416,646,Let's just ask for directions!
2305,669,22,52,175,249,1.3855421686746987,0.04083830389660416,646,"I'm sorry, Jason, but size does matter."
4535,670,31,39,192,262,1.3854961832061068,0.0425945015299956,646,Sorry Larry. Size matters.
3284,671,17,72,186,275,1.3854545454545455,0.03627327858046043,646,I told him the park bathrooms are still closed.
5556,671,22,62,191,275,1.3854545454545455,0.03805870124298554,646,Shouldnt it be Big Feet?
363,673,18,58,168,244,1.3852459016393444,0.0397715948285939,646,He asked me if I’ve seen his pants.
4947,674,30,49,204,283,1.3851590106007068,0.03989461656164581,646,"I’m not sure what he meant, but he mumbled something about needing to build a wall."
210,675,22,58,185,265,1.3849056603773584,0.039060511953574295,646,It's your turn to ask for directions.
2024,675,20,62,183,265,1.3849056603773584,0.03832163964657147,646,He doesn't look anything like his picture.
5641,677,24,57,192,273,1.3846153846153846,0.03894333016765215,646,He says he's in the Witness Protection Program.
4890,677,20,50,164,234,1.3846153846153846,0.04182666877618801,646,"You just had to go and talk about his feet, didn't you."
1256,679,24,50,181,255,1.384313725490196,0.0408979900555205,646,He wanted the WiFi password.
1569,679,19,60,176,255,1.384313725490196,0.03896476773873774,646,"He said we can take his picture, but to wait until he's far away so that it will be really grainy."
5035,681,22,49,171,242,1.384297520661157,0.0416680777788008,646,I think that's the new one piece from The North Face
3057,682,30,51,208,289,1.3840830449826989,0.03927183205126701,646,I told you that stupid wall wouldn't work
4755,682,27,57,205,289,1.3840830449826989,0.03834304544594853,646,"Strange...he kept muttering, 'No collusion, no collusion, no collusion', as he walked by!"
545,684,23,60,193,276,1.3840579710144927,0.03829189862485229,646,"I don’t care if he’s the last of his kind, if you’re not going to tell him we’re lost, I will."
3960,684,28,50,198,276,1.3840579710144927,0.0399752649267183,646,He said he thinks  WE’RE abominable.
4979,686,24,53,186,263,1.3840304182509506,0.03999334686140927,646,He wanted $20 for the selfie.
3945,687,22,52,176,250,1.384,0.04070384764185575,646,Small world; his cousin was our tour guide in the Pacific Northwest.
4370,687,21,54,175,250,1.384,0.04030725367468219,646,I won't be needing you now.
398,689,31,52,214,297,1.3838383838383839,0.03878477897341502,646,He says it's available but we have to book through Airbnb.
1563,690,26,57,201,284,1.3838028169014085,0.038505509045033165,646,You can’t just ASK someone if they’re BIGFOOT!
3447,691,23,58,190,271,1.3837638376383763,0.03878864152073085,646,"Abominable, really? You couldn't just call him Yeti?"
2494,692,24,51,183,258,1.3837209302325582,0.04054711865201095,646,That's Dad.  He'll warm up after you spend time with him.
2132,693,23,61,195,279,1.3835125448028673,0.03799399918318331,646,Why don't you ever believe me?
733,694,34,37,203,274,1.3832116788321167,0.04212903910573644,646,He says he doesn't want to hear the good news about Jesus.
2906,694,30,45,199,274,1.3832116788321167,0.0408400162085444,646,You had to mention the feet.
1373,696,22,51,175,248,1.3830645161290323,0.04092777520462965,646,You just will not ask directions.
216,697,18,72,192,282,1.3829787234042554,0.035989598897419074,646,He's not so abominable once you get to know him.
4463,698,27,49,193,269,1.3828996282527881,0.04038208361040972,646,How much do we tip him?
3598,699,20,58,178,256,1.3828125,0.039233693495127474,646,"You call our guide abominable, and you’re surprised he walks out on us?"
5591,700,29,48,200,277,1.3826714801444044,0.04018166627218455,646,"You're not going to believe me, but I think I just saw your ex-wife."
3850,701,26,49,189,264,1.3825757575757576,0.0405841961159221,646,We came to a meeting of the minds.  He said to get off his mountain and  I said OK.
3664,702,28,53,204,285,1.3824561403508773,0.03903206830399713,646,You’re going to let him say that to me?
2311,703,22,60,190,272,1.3823529411764706,0.038319104685311474,646,Let me get this straight - your main concern is that I'm incorrect in using the term Big Foot?
5672,703,24,56,192,272,1.3823529411764706,0.03902075130515426,646,Of course we can't keep up with him... That guy's a legend!
4888,705,23,53,183,259,1.3822393822393821,0.04004544968831783,646,"He's right, I have to choose. Goodbye, Mark."
5743,705,24,51,184,259,1.3822393822393821,0.04041742573727323,646,"Another newby...no gear, no backpack and not even sunglasses."
2516,707,23,61,196,280,1.3821428571428571,0.037882832389256375,646,He wouldn’t stop for a selfie. Said he was having a bad hair day.
5333,708,21,73,207,301,1.3820598006644518,0.035384789251014875,646,It's obviously much easier without a pack.
622,709,23,56,188,267,1.3820224719101124,0.039181760135237984,646,Of course you hurt his feelings! Who wants to be called Abominable! It's Yeti! Yeti!!
2437,709,22,58,187,267,1.3820224719101124,0.03882074237999541,646,"I DID pitch him. He said he hates the genre,  your co-star idea, and is holding out for a name director."
2645,709,22,58,187,267,1.3820224719101124,0.03882074237999541,646,He said nowadays he considers himself more woke than abominable
354,712,31,48,209,288,1.3819444444444444,0.03965621707304435,646,You seriously asked him what the wi-fi password is up here?
1026,713,27,51,197,275,1.3818181818181818,0.03972518250268726,646,"No, YOU ask him."
63,714,20,52,169,241,1.3817427385892116,0.040926271302696486,646,I TOLD you not to waste your cell phone battery on selfies!
1685,715,23,62,198,283,1.3816254416961131,0.037592987951375924,646,I think the correct term is Abominable Snowperson.
2232,716,16,71,183,270,1.3814814814814815,0.036300679445477664,646,"No, I wasn't flirting with him - 23&me says he's my cousin."
5978,717,23,53,184,260,1.3807692307692307,0.03991821274616794,646,He says we’re too loud.
5386,718,23,45,171,239,1.3807531380753137,0.042418919453429516,646,I want to start seeing other hominidae
614,719,23,64,202,289,1.3806228373702423,0.037030329311830784,646,"Yeah, well he's twice the man you'll ever be!"
1033,720,26,50,192,268,1.3805970149253732,0.04012026759993509,646,I don't care--he's still electable.
5331,721,22,50,175,247,1.3805668016194332,0.04101721644014579,646,But you complained the last guide talked too much!
5808,721,18,58,171,247,1.3805668016194332,0.0393795734976532,646,"I'm just saying it wouldn't hurt you to be more like him.. strong, self-sufficient, a little bohemian."
4471,721,21,52,174,247,1.3805668016194332,0.040613996794056015,646,He doesn’ know the way either.
4878,724,26,61,210,297,1.3804713804713804,0.037253563415525576,646,I told you we were too high...
462,725,23,54,186,263,1.3802281368821292,0.03958562290921909,646,"No, Jason...the $165 you spent on that trekking pole you'll never use again...that's abominable."
4159,726,19,65,187,271,1.3800738007380073,0.03730947198493696,646,He's gone to tell all the other Bigfoots that we really do exist.
2781,727,25,64,211,300,1.38,0.0366793329698428,646,You think he's abominable. I think he's warm and fuzzy.
3429,728,23,55,188,266,1.3796992481203008,0.03926014157762641,646,What?! He needed directions.
2021,729,21,51,173,245,1.379591836734694,0.04083806714407681,646,"He said if we keep his secret, he'll validate our parking."
2036,730,26,52,196,274,1.3795620437956204,0.03946880442014628,646,"Well, ""it"" said 'me no do directions, but you follow- have short cut', so Yes, I am sure it is male."
4744,730,19,66,189,274,1.3795620437956204,0.03702196309291799,646,"YOU never tell me how good I look without make-up,"
5984,732,27,53,202,282,1.3794326241134751,0.03897954886604754,646,How would you like to be called the abominable hiker? His name is Dave.
1426,732,29,49,204,282,1.3794326241134751,0.03962175553303864,646,He's going to go build a wall to keep us out
3669,734,21,68,201,290,1.3793103448275863,0.03627373788299685,646,You don't need to get all weird about it. I told him I wasn't interested.
5912,734,24,51,186,261,1.3793103448275863,0.040160354211938504,646,He’s your friend. You tell him to cut back on the paleo diet.
765,736,26,50,193,269,1.379182156133829,0.03999587659667655,646,"No, what’s “abominable” is your xenophobia."
2469,736,30,42,197,269,1.379182156133829,0.041359877438411644,646,The size of his hands and feet should tell you why I dumped you! Or do you want to know more?
5676,738,27,51,199,277,1.3790613718411553,0.039485811825101774,646,I've decided I'm going with him--he couldn't be more abominable than you.
5216,739,27,54,204,285,1.3789473684210527,0.038676153833418596,646,The one time you tell me to put my phone down.
3303,740,26,48,190,264,1.378787878787879,0.0405418301860255,646,He'll be back in a minute. Just gone to get his camera.
1908,740,23,54,187,264,1.378787878787879,0.03946168406413365,646,He said real men don't use walking sticks.
5764,742,24,64,208,296,1.3783783783783783,0.03670174536635246,646,"'...honest, it's nothing...we're just friends.'"
1825,743,24,53,190,267,1.3782771535580525,0.039496779613319204,646,He says we missed a trail marker about a mile back.
4634,744,27,50,198,275,1.3781818181818182,0.039685072619814604,646,"He's depressed.  Says he once was at the very top of the ""Fake News"" charts!"
4926,744,25,54,196,275,1.3781818181818182,0.039010503563900616,646,He's climbing every mountain till he finds his dream.
370,746,24,59,200,283,1.3780918727915195,0.03788512479380132,646,Yet he what?
3485,746,24,59,200,283,1.3780918727915195,0.03788512479380132,646,I’m not saying you’re stalking me but you have to admit it is a pretty big coincidence to find you here on my third Yeti date.
2812,748,20,59,183,262,1.3778625954198473,0.0385441086894637,646,"He said that the tea room is closed for the season and the gift shop is sub-par, so I say we try K2."
2960,748,23,53,186,262,1.3778625954198473,0.03966598924788089,646,You wouldn't believe the things we've seen here since the government shutdown
1742,750,22,58,190,270,1.3777777777777778,0.03846616295890144,646,He doesn't know how far to the top. He's on vacation too.
3631,750,22,58,190,270,1.3777777777777778,0.03846616295890144,646,"They prefer the term ""yetx."""
3988,752,22,61,195,278,1.3776978417266188,0.03768171680195971,646,"Just pack my camera, I said! Just pack my camera!  Even he thinks you're an idiot"
5521,753,25,50,190,265,1.3773584905660377,0.0400585889783298,646,"No, I left my camera at home - why?"
5467,754,25,56,200,281,1.3772241992882561,0.03839931388059317,646,"Indomitable, abominable - whatever. At least he doesn’t nitpick like you."
4779,755,20,55,177,252,1.376984126984127,0.039599451368302105,646,"I'm invited to a party at his chateau, but I need to 'lose the geek'."
753,756,19,60,181,260,1.376923076923077,0.03835446932521898,646,He'll be right back.  He forgot his phone.
2647,756,17,64,179,260,1.376923076923077,0.03757213405995332,646,Did you think he was abominable? I thought he was sort of nice.
5614,758,22,57,189,268,1.376865671641791,0.038658063180972514,646,Seriously?!  You forgot your camera?
1512,759,24,56,196,276,1.3768115942028984,0.03855280488111807,646,"He says he’ll be back to chat after he gets in his 10,000 steps"
3336,759,24,56,196,276,1.3768115942028984,0.03855280488111807,646,He has really little hands.
1053,761,26,55,203,284,1.3767605633802817,0.038428062883780964,646,"Yeah right, I’m not falling for that again"
2099,762,23,64,205,292,1.3767123287671232,0.03671822663670906,646,Either Sasquatch or Yeti is fine. But don't ever tell him his feet are big.
4952,762,22,66,204,292,1.3767123287671232,0.03639630478717455,646,I thought you said you were bringing an imaginary friend!
2017,762,22,66,204,292,1.3767123287671232,0.03639630478717455,646,"He explicitly said ""no autographs"" and you thought a selfie would be fine?"
1932,765,18,48,157,223,1.3766816143497758,0.04224699751254242,646,Is everyone on Paleo this cranky?
619,766,27,39,181,247,1.3765182186234817,0.042930068463139334,646,"""It's eerie to see him in the wild and not tweeting."""
4101,767,28,40,187,255,1.3764705882352941,0.042293887775593425,646,"He's crude,rude,lewd and on the way up.
I have an idea, lets make him president."
1999,768,26,50,195,271,1.3763837638376384,0.0397492578536002,646,No pictures. Both of us vowed to be more present this year.
603,769,18,69,192,279,1.3763440860215055,0.03617212413942216,646,"We're in luck, he said tourists are too salty."
2916,769,26,53,200,279,1.3763440860215055,0.038919264489377034,646,He's a great guide but his people skills are abominable
1637,771,28,55,212,295,1.376271186440678,0.03799935951705937,646,He wanted directions to “Sasquatchewan”
2556,772,23,51,184,258,1.375968992248062,0.04008312776418185,646,"You were the only one being abominable just now, Steve!"
1658,773,20,63,191,274,1.3759124087591241,0.03733756866150654,646,Why didn't you just ask him for directions?
5867,773,17,69,188,274,1.3759124087591241,0.036247514045915474,646,The tour guide really seems at home up here
4798,775,18,53,166,237,1.3755274261603376,0.04046369541146065,646,"I've been such a fool, Bob. I'm back. Can you ever forgive me?"
2971,776,22,51,180,253,1.3754940711462451,0.04025766796517336,646,"You and your stupid Dad jokes, no we aren't ""there Yeti!"""
1745,777,26,46,189,261,1.3754789272030652,0.040843426121291174,646,He said we shouldn't have spent so much money on Gore-Tex
2852,778,25,51,193,269,1.3754646840148699,0.03960460177074818,646,Quit following me! I told you I’m with him now.
3343,778,17,67,185,269,1.3754646840148699,0.03669585599835275,646,"He's a great guide, but he's not much for conversation."
5127,780,17,59,172,248,1.375,0.0387805919046616,646,I told you he wouldn't believe in us.
3823,780,28,40,188,256,1.375,0.04215401267155626,646,"Why can’t we ever go out, just the two of us, Harold?"
5711,780,28,43,193,264,1.375,0.041203206532960085,646,Hard to miss....looks like it is true what they say about big feet.
265,780,20,68,200,288,1.375,0.036063430804967794,646,Flip a coin to see whose tent he shares?
1534,780,22,58,192,272,1.375,0.03823310257364953,646,"Why can't you just ask directions,Keith?!"
4899,785,26,54,203,283,1.3745583038869258,0.0385007121567709,646,All I said was that we think he’s a myth.
5588,785,23,60,200,283,1.3745583038869258,0.03751163178881336,646,I thought he was with you.
4468,787,27,49,199,275,1.3745454545454545,0.03964370484117768,646,The one time we leave our phones in the car.
5484,787,30,43,202,275,1.3745454545454545,0.04063559688660545,646,"Sorry Dave, but you know what they say--big foot..."""
3802,789,18,58,175,251,1.3745019920318724,0.03886780389045664,646,You just had to mention his feet!
5403,789,20,54,177,251,1.3745019920318724,0.039679354823224065,646,We need to go back to the crevasse and take a left.
1293,791,21,71,210,302,1.3741721854304636,0.03521364357126413,646,"He says he isn't abominable, just antisocial."
324,792,22,60,196,278,1.3741007194244603,0.03763892449296947,646,"The one time we decide to leave our cell phones behind!..,"
3761,793,27,47,196,270,1.374074074074074,0.040173539034870184,646,He said conditions up ahead are abominable.
3965,793,22,57,191,270,1.374074074074074,0.038421726744541265,646,"I asked if I could follow him, but he said he's off Twitter."
3475,793,20,61,189,270,1.374074074074074,0.0376982151435659,646,I guess the Ice Man cometh and goeth.
3277,796,23,59,199,281,1.3736654804270463,0.03768955220804042,646,"Don't just stand there, make him give me my camera back."
4734,796,25,55,201,281,1.3736654804270463,0.038358065468908006,646,He seemed cold to me.
489,798,22,58,193,273,1.3736263736263736,0.03811755557643452,646,I thought his feet would be bigger.
584,799,18,63,184,265,1.3735849056603773,0.03743015113671012,646,"Apparently, it IS lonely at the top."
4518,799,21,57,187,265,1.3735849056603773,0.03855877990065849,646,He's not as abominable in person.
4969,801,21,54,182,257,1.3735408560311284,0.03940139043292717,646,You meet the same people on the way down as you do on the way up.
1059,802,20,53,176,249,1.3734939759036144,0.03989091962264747,646,"I’m sorry Brett. It’s been an amazing journey, but I just have to follow my heart."
5851,802,21,51,177,249,1.3734939759036144,0.0402948270044252,646,"I’m going with him, he doesn’t need to stop all the time to ask for directions!"
2294,804,22,59,195,276,1.3731884057971016,0.037819624988804264,646,Well that was a little anti-climatic. We still don't know the meaning of life.
3260,805,21,58,189,268,1.373134328358209,0.03824920842094556,646,"'Let's unplug,' he says. 'Who needs phones on hikes?' he says. Bigfoot dammit! People who see Bigfoot need phones on hikes!"
2545,805,27,46,195,268,1.373134328358209,0.040381960905371585,646,I can't explain it.  It just happened.
4871,805,24,52,192,268,1.373134328358209,0.03933004393203682,646,Mostly grumbling but I thought I heard something about climate change.
645,808,19,59,182,260,1.373076923076923,0.03830604147529029,646,He'll be right back; he forgot to feed the cat.
3743,809,22,50,180,252,1.373015873015873,0.04034108589940092,646,Everything was fine till you made that manscaping crack.
3449,810,15,58,163,236,1.3728813559322033,0.0391918084362385,646,From here on it gets a bit hairy.
4545,810,24,62,209,295,1.3728813559322033,0.036726267951009334,646,Dad! You promised you would be nice to him!
782,812,25,51,195,271,1.3726937269372694,0.03936039360393604,646,It only gets hairier from here on out.
2687,812,23,55,193,271,1.3726937269372694,0.038659712509510065,646,Yet I like him.
2832,812,23,55,193,271,1.3726937269372694,0.038659712509510065,646,Well maybe you should think before you call someone abominable!
446,815,23,52,188,263,1.3726235741444868,0.03949491169768381,646,He made a pass at me and you DID NOTHING ?!!
711,816,20,55,180,255,1.3725490196078431,0.03921568627450981,646,Next time I get to choose a guide.
477,817,28,52,210,290,1.3724137931034484,0.038430506556722234,646,"No, Jason...the $250 you spent on that trekking pole...that's abominable."
3503,818,22,58,194,274,1.3722627737226278,0.038002657639319024,646,"Yes, he says they only kill the ones on snowboards"
2299,818,23,56,195,274,1.3722627737226278,0.03835282571944234,646,"Please, make it  stop. He's been singing ""valderee valdera"" since  base camp."
3106,820,20,56,182,258,1.372093023255814,0.038889175321159264,646,I just feel like you're missing the big picture here.
3470,820,20,56,182,258,1.372093023255814,0.038889175321159264,646,I told you he was the best guide if you want to avoid the crowds.
3427,822,24,45,181,250,1.372,0.04134369607109743,646,"OK, so it's Big Foot not a yeti. You really know how to spoil a moment don't you."
5809,823,22,62,201,285,1.3719298245614036,0.036961342342105345,646,He has to go back up. He thinks he left his iPhone at the summit.
774,824,19,52,171,242,1.371900826446281,0.0402592941834107,646,He's a local
846,825,20,63,194,277,1.371841155234657,0.03700664073966587,646,If you think his FEET are big ...
942,825,22,59,196,277,1.371841155234657,0.037706920704649344,646,He said he doesn't believe in us
4403,827,24,52,193,269,1.3717472118959109,0.03920810741118516,646,I told him I was looking for a more evolved guy.
385,827,22,56,191,269,1.3717472118959109,0.0384940388667532,646,We look like tourists.
3854,827,25,50,194,269,1.3717472118959109,0.039560308593500584,646,"You promised, no nude resorts this year."
3613,830,22,53,186,261,1.371647509578544,0.03932644508966616,646,I asked him if he was a Yeti and he said ‘Not yeti’.
4043,831,19,56,178,253,1.3715415019762847,0.03902055028087353,646,"Thanks, Brad, I'll take it from here."
2706,832,23,58,199,280,1.3714285714285714,0.037757721422617865,646,He wanted to know if Donald Trump was still president.
762,833,22,57,193,272,1.3713235294117647,0.038188069841590955,646,Great. Next on the bucket list is Hoffa.
476,834,22,51,183,256,1.37109375,0.039865370431625684,646,He said he's going to Starbucks and asked if we wanted anything.
4406,834,23,49,184,256,1.37109375,0.040247795151445206,646,So what if he is?  Did you have to call him Abominable to his face?
4229,836,25,55,203,283,1.3710247349823321,0.038132087818924326,646,"It’s over, John. I’m going to follow my heart."
2209,837,21,47,172,240,1.3708333333333333,0.04133321945141103,646,he asked me to join the mile high club.  I told him that was an urban legend.
3290,838,18,63,186,267,1.3707865168539326,0.037201712732795676,646,I didn't see HIM using a GPS
399,839,20,56,183,259,1.3706563706563706,0.038765363545407966,646,"He may be abominable, but at least he listens to me!"
886,840,26,54,206,286,1.3706293706293706,0.0381631503202555,646,You are not paying attention to me.
3165,841,22,56,192,270,1.3703703703703705,0.03837591029568528,646,He says we're trespassing.
3719,841,28,44,198,270,1.3703703703703705,0.040471366101076114,646,"Sorry, Jorge, but size does matter. A lot."
1594,841,23,54,193,270,1.3703703703703705,0.03873302623773789,646,He’s way less blurry than I imagined.
4841,844,23,58,200,281,1.3701067615658362,0.037646324722187305,646,He wanted to know if America was great again.
3582,845,21,52,181,254,1.3700787401574803,0.03968625955452624,646,"He mumbled something about ""the wall""  and kept going"
5756,846,21,59,193,273,1.36996336996337,0.03771685478546179,646,So many doubt his existence--he just needed to feel validated.
538,847,19,57,181,257,1.3696498054474708,0.038571602904488016,646,I'm starting to think he's not a sherpa.
3232,847,15,65,177,257,1.3696498054474708,0.03696178052911154,646,"Like I said, it gets a little hairy near the top."
1287,849,24,61,210,295,1.3694915254237288,0.036685805262021635,646,"He's just going to get his camera so he can take a selfie with us."""
2934,849,23,63,209,295,1.3694915254237288,0.0363701558456484,646,He seemed nice.
1877,851,21,57,190,268,1.3694029850746268,0.038202145046497965,646,"Yes, I asked for directions. We were lost!"
2899,851,29,41,198,268,1.3694029850746268,0.04102444371102474,646,He said he was going back up until Trump gets impeached.
275,853,22,52,186,260,1.3692307692307693,0.039403377621858554,646,You're abominable... He's harmless.
2067,853,27,42,191,260,1.3692307692307693,0.0412447125885359,646,"No, YOU ask him if he wants to take a selfie."
160,855,23,57,199,279,1.3691756272401434,0.03782578083676805,646,"Abominable, yeti find him intriguing."
2155,856,17,59,176,252,1.369047619047619,0.03827829052182265,646,I told you five times: the proper ethnic description is 'substantially-footed American'.
4179,856,18,57,177,252,1.369047619047619,0.03868910801252675,646,"I'm sorry, John.  I have to follow my heart."
1576,858,26,45,192,263,1.3688212927756653,0.040536044555491695,646,That nice hairy man said he would like to have us over for dinner tonight.
5621,858,26,45,192,263,1.3688212927756653,0.040536044555491695,646,"I asked if we were near the summit, and he said, ‘Not yeti.’"
5086,860,26,52,204,282,1.3687943262411348,0.03853095230777392,646,"When you said we'd have a local guide, I didn't understand just how local you meant."
3527,861,21,59,194,274,1.3686131386861313,0.03760319935179202,646,Of course I'm leaving you. Look at those feet.
5401,861,24,53,197,274,1.3686131386861313,0.03865504314490527,646,They were out of Sherpas.
2329,863,21,49,177,247,1.368421052631579,0.04046113594687242,646,Larry I’m sorry ! Size does matter
437,864,23,56,198,277,1.3682310469314078,0.03800752809473377,646,"It’s not you, it’s him."
5810,864,24,54,199,277,1.3682310469314078,0.038350129034567595,646,"OUR relationship is abominable, Bob. I'm going with him."
663,866,17,61,180,258,1.3682170542635659,0.03765583449345779,646,He's a little touchy about the A-word.
2405,867,22,44,173,239,1.3682008368200838,0.04184452008715138,646,No internet connection! There is no point to any of this if we can't post it to social media!
4858,868,21,64,203,288,1.3680555555555556,0.036311850846438655,646,She says that her children don't believe that there is such a thing as a human.  Would you mind?  It would only take a minute.
5154,868,20,66,202,288,1.3680555555555556,0.03597712942072885,646,Don't wait up.
3593,870,22,55,192,269,1.3680297397769516,0.03844712514002921,646,I was told it’s a great hike but with all this cloud cover there’s  just not anything that interesting to see.
5981,871,28,40,193,261,1.367816091954023,0.041467633412971466,646,He said that  “closing the parks was an abomination”.
872,872,21,47,174,242,1.3677685950413223,0.041047921318985464,646,I still think we should have asked for directions
3183,872,22,45,175,242,1.3677685950413223,0.04146352881044084,646,Really? You had to use the 'a' word?
4042,874,22,63,206,291,1.3676975945017182,0.03637443316966871,646,He said to count to ten and try to find him again.
5043,874,20,67,204,291,1.3676975945017182,0.03571694846277863,646,We met in college. He's just a friend.
3522,876,20,60,192,272,1.3676470588235294,0.037423551718340574,646,This is humiliating for us. I bet he never even trained.
4578,876,24,52,196,272,1.3676470588235294,0.03884652777643053,646,Wow. I always assumed that Bigfoot was a male.
4957,878,22,49,182,253,1.3675889328063242,0.04015744572892799,646,Will you just ask for directions already!
102,879,25,47,192,264,1.3674242424242424,0.04004833618951119,646,"He’s the Deplorable Snowman, and wants to Make Mt. Everest Great Again."
2608,879,20,57,187,264,1.3674242424242424,0.03820789737898518,646,"No, I agree with him - it’s your attitude that’s abominable"
3955,879,21,55,188,264,1.3674242424242424,0.038583009006660854,646,He seemed nice but he didn't know anyone who went to Yale.
3349,882,16,76,202,294,1.3673469387755102,0.034127181462121854,646,"Again, his name is Edwin and he identifies as POST-human."
631,883,23,55,197,275,1.3672727272727272,0.03819161248285463,646,"You had to go and call him abominable, didn’t you?"
2345,883,27,47,201,275,1.3672727272727272,0.0395571796909518,646,He called me an abominable human being!
1320,885,19,56,181,256,1.3671875,0.03864358708656155,646,See what?
5592,885,17,60,179,256,1.3671875,0.03784246705901645,646,"He knows a great ramen place.  And there's no wait."""
3066,887,28,49,209,286,1.367132867132867,0.038759289585212964,646,Not Yeti was a perfectly appropriate pun.
1646,888,25,48,194,267,1.3670411985018727,0.03971647045263406,646,I told you not to mention his small hands!
2783,889,19,64,195,278,1.3669064748201438,0.036497206313996174,646,And Yet . . . I no longer find him abominable.
6034,890,22,51,186,259,1.3667953667953667,0.039480183213575354,646,"No, not a word. Just the cold shoulder."
1897,891,23,60,206,289,1.3667820069204153,0.03686605430534499,646,"Oh, he was just asking if it was 2020 yet."
3023,892,20,48,172,240,1.3666666666666667,0.04085328832418655,646,"Yes, the Ice Man has cometh."
4247,892,32,35,203,270,1.3666666666666667,0.041766711779354856,646,Yes he is abominable and you voted for him...
3234,894,22,59,200,281,1.3665480427046264,0.03726230405551932,646,"Can we leave our phones behind and connect with nature for once?""
Good call Marty"
1368,895,25,42,184,251,1.3665338645418326,0.041539859313043326,646,He’s your uncle; you tell him to put some clothes on.
3407,896,21,54,187,262,1.366412213740458,0.03877727179605739,646,"Next time, you get the guide!"
5719,896,19,58,185,262,1.366412213740458,0.03801554790319483,646,"Okay, you're right. Everybody goes to Davos now."
4443,898,19,62,192,273,1.3663003663003663,0.036947824258492974,646,"Oh yeah? Well, you wouldn't notice if a Yeti walked by!"
2539,899,18,53,172,243,1.3662551440329218,0.039639932160590974,646,Says he's headed back to a more civil society.
4995,900,18,57,179,254,1.3661417322834646,0.038438609112042034,646,He's not the guy. He says his name is 'Yeto'.
4659,901,19,59,187,265,1.3660377358490565,0.03771154162805563,646,"Stop interrupting!! For you, there's never a good time to discuss our relationship!"
3984,901,22,53,190,265,1.3660377358490565,0.038831992805868666,646,"'Take nothing but pictures, leave nothing but footprints,' was NOT what I was expecting."
3659,901,21,55,189,265,1.3660377358490565,0.03846213593702533,646,He said our footprint is bigger than his is now.
3453,904,18,65,193,276,1.3659420289855073,0.0363049329488769,646,"He says the wait for the summit is about 20 minutes, and suggests we relax in the bar."
1699,905,23,59,205,287,1.3658536585365855,0.03703539720135548,646,"He said, ""Don't tell anyone you saw me."""
1939,906,25,48,195,268,1.3656716417910448,0.039591692105103125,646,Got anymore mushrooms?
215,907,18,66,195,279,1.3655913978494623,0.03603388621661754,646,He was hoping we could give him directions.
3022,907,24,54,201,279,1.3655913978494623,0.038120281919201186,646,"Oh really, Carl? What's more likely, that Bigfoot's standing behind me, or that I'm very high and we're standing in a Wendy's?"
118,909,26,54,210,290,1.3655172413793104,0.037721650940716674,646,It said we're just a figment of its imagination.
2243,910,18,55,176,249,1.3654618473895583,0.038962233510176726,646,Great...now we have to have lunch with him!
280,911,21,53,186,260,1.3653846153846154,0.03897416032233827,646,"That whole ""abominable"" thing is no longer PC.  Can we just go with ""Alpine Hominid""?"
1454,912,22,55,194,271,1.3653136531365313,0.03821097435849053,646,You were supposed to bring the camera!
1208,912,16,67,188,271,1.3653136531365313,0.03600106833704829,646,He said he would like to be known as the “somewhat disturbing snowman”
2280,914,22,63,208,293,1.3651877133105803,0.036169137293280626,646,"You just had to use the A-word, didn’t you?"
1737,915,23,54,197,274,1.364963503649635,0.038261121169647194,646,He said I could do better if I didn’t shave my legs.
4350,915,19,62,193,274,1.364963503649635,0.03683699744957403,646,We’re wasting our time. I haven’t seen even one footprint.
4832,915,19,62,193,274,1.364963503649635,0.03683699744957403,646,He was more interesting before he came out.
4564,918,21,43,169,233,1.3648068669527897,0.04213997239836405,646,"Yeah, I'm freezing, too! We should have sprung for the PolarFleece Xtreme suit like Gary did."
1492,919,17,55,172,244,1.3647540983606556,0.03907641602871941,646,next time...I pick the guide!
4144,919,18,53,173,244,1.3647540983606556,0.039505666088186245,646,"I'd say he's pretty terrible, but not abominable."
3203,921,20,53,182,255,1.3647058823529412,0.039112106530793674,646,One more time---we broke up  years ago
5383,921,24,45,186,255,1.3647058823529412,0.04066043346786031,646,Are you sure this was the guide we booked on Travelocity?
5266,923,25,47,194,266,1.3646616541353382,0.039794446230060294,646,Let's just say that her 23andMe results didn't come back as expected.
5939,923,18,61,187,266,1.3646616541353382,0.037215429849462946,646,He says to avoid the latrine at Camp 4.
3261,925,22,57,198,277,1.364620938628159,0.037615391309297745,646,"He prefers ""they"" and thought ""abominable"" was very judgmental"
5696,926,25,55,208,288,1.3645833333333333,0.037577953239717715,646,This isn't what I meant when I asked for a local guide.
2668,927,22,50,186,258,1.3643410852713178,0.03955684942748351,646,He was mainly complaining about his abominable wife.
1363,928,19,60,190,269,1.3643122676579926,0.03729935275199355,646,"He said, if he's so abominable, find yourself another sherpa, pal."
1119,929,23,64,215,302,1.3642384105960266,0.03571233683360657,646,"Yeah, Bob, he may be abominable but he's not deplorable like you."
974,930,22,51,188,261,1.3639846743295019,0.039227257333766294,646,‘Abominable’? Really? Go apologize.
2747,930,18,59,184,261,1.3639846743295019,0.03769466732665689,646,She got offended when I called her the Abominable Snow-MAN
3006,932,27,45,200,272,1.3639705882352942,0.03983477920506233,646,That reminds me. You need to go in for another back waxing.
5539,933,25,54,207,286,1.3636363636363635,0.03775405792075497,646,Ask him what the Wi-Fi password is.
1723,934,26,53,210,289,1.3633217993079585,0.03778823786831217,646,What did you expect after draining the swamp?
373,935,20,61,197,278,1.3633093525179856,0.03680373151390463,646,He said he's with National Geographic.
2935,935,18,65,195,278,1.3633093525179856,0.036091143636414184,646,"Well let's just follow that guy then, he seems to know where he's going."
4125,937,22,53,192,267,1.3632958801498127,0.03858912110061758,646,More like the apathetic snowman to me
6021,938,23,60,209,292,1.3630136986301369,0.036551004697167065,646,"'Hire a sherpa,' I said. 'Let's go a little native,' you said."
649,939,22,58,201,281,1.3629893238434163,0.03721614974483303,646,He's twice the man you'll ever be.
965,939,23,56,202,281,1.3629893238434163,0.03755610765597321,646,No! I'm going to ask for directions!
2568,939,26,50,205,281,1.3629893238434163,0.03855800155063397,646,I guess it's true what they say about big feet.
4023,939,26,50,205,281,1.3629893238434163,0.03855800155063397,646,"Not to intimidate you, but you have some big shoes to fill."
3369,943,20,54,185,259,1.3629343629343629,0.0386623810898226,646,Seriously?  In Aspen?
4115,943,18,58,183,259,1.3629343629343629,0.03788032717068146,646,"I'm not saying we've been climbing for ages, but he was entirely clean-shaven when we started."
4521,945,19,52,177,248,1.3629032258064515,0.03945120908936374,646,He says the view is not worth the climb.
249,946,24,38,175,237,1.3628691983122363,0.04286986559651313,646,"You know, it’d be a lot easier to find Bigfoot if we weren’t blind."
3185,947,24,59,212,295,1.3627118644067797,0.03660154230013672,646,Call him abominable all you like. I'm still leaving you.
1146,948,18,67,199,284,1.3626760563380282,0.03556225307949106,646,"You're entitled to your opinion, but I think he's adorable."
1530,949,20,59,194,273,1.3626373626373627,0.03726157796661639,646,"The heart wants what it wants.
Good bye, Grayson."
2277,950,24,47,191,262,1.3625954198473282,0.03984289493394792,646,We dated in college.
4505,951,19,49,172,240,1.3625,0.04036585218120883,646,Is it possible that we are in a car insurance commercial?
2746,952,25,33,171,229,1.3624454148471616,0.04439749417306246,646,"I don’t miss a thing hiking blind, do you?"
1427,953,25,46,194,265,1.3622641509433961,0.039872338002133086,646,"He's not abominable, he's just a Republican."
2261,953,26,44,195,265,1.3622641509433961,0.040229231936406235,646,Melania finally did divorce him
2902,953,29,38,198,265,1.3622641509433961,0.04128140496038901,646,No-- it's average size  .
4369,953,22,52,191,265,1.3622641509433961,0.0387819551395476,646,He wanted to know if we were developers.
5027,953,19,58,188,265,1.3622641509433961,0.03766001528326057,646,Abominable? No. I think he just lacks People skills. Let's press on.
4014,958,15,62,177,254,1.3622047244094488,0.0371474307808517,646,He insists he’s not.
5233,959,22,61,207,290,1.3620689655172413,0.03638981414090373,646,Can you believe it? He acted like he doesn’t even know us.
3912,960,27,43,198,268,1.3619402985074627,0.04024420102163483,646,The summit is closed due to the government shutdown
2431,961,26,37,183,246,1.3617886178861789,0.04248792038058152,646,"Sorry Jerome, in this environment, size does matter!"
1084,962,24,50,197,271,1.3616236162361623,0.038871761988961875,646,He says he gets that a lot.
3986,963,23,48,189,260,1.3615384615384616,0.03967782801349511,646,He wondered why women always have to be the one asking for directions.
1204,964,25,40,184,249,1.3614457831325302,0.04171746084885798,646,For the last time - don't call him that. He is very sensitive about his foot size
3180,964,13,64,172,249,1.3614457831325302,0.03676540710999405,646,I can in fact confirm that we are standing downwind.
2195,966,18,63,193,274,1.3613138686131387,0.03642207891524699,646,"I'm sorry Ted, I'm leaving you for a real whatever he is."
3976,967,27,58,225,310,1.3612903225806452,0.036201216422611385,646,"That was really insensitive, John."
2295,968,23,41,177,241,1.3609958506224067,0.04191008310212161,646,"He just said ""Yeti, set go!"" and took off."
5052,969,27,55,220,302,1.3609271523178808,0.03688298323099852,646,"Really? I thought his English was pretty good, considering."
400,970,22,52,192,266,1.3609022556390977,0.03865987883456183,646,You could've asked for directions.
6061,971,26,49,205,280,1.3607142857142858,0.03862853957799916,646,I said he was evolving. Not that he and I were involved.
5220,972,19,59,191,269,1.3605947955390334,0.03724816581128036,646,They won't believe us if we don't have a selfie.
4006,972,21,55,193,269,1.3605947955390334,0.037985661963385105,646,"Look, he's local & says he knows a good coffee place. I thought we agreed to 'not be tourists' on this trip..."
127,972,26,45,198,269,1.3605947955390334,0.039769613538811005,646,"He said dinner is at 7:00, and 'all paleo' is just a stereotype."
1279,972,21,55,193,269,1.3605947955390334,0.037985661963385105,646,I told you. He's sick of hearing about Trump.
3591,976,16,66,190,272,1.3602941176470589,0.03584145722913865,646,He just wanted to make sure that we knew that this is a clothing optional mountain.
323,977,19,52,179,250,1.36,0.039188556644606735,646,"I'm leaving with him. And no, it has nothing to do with the size of his feet."
3799,977,25,49,201,275,1.36,0.038787187562962844,646,I forgot the camera.
377,979,17,61,186,264,1.3598484848484849,0.03695364641313042,646,"Oh God, do you think he saw us?"
1044,979,23,49,192,264,1.3598484848484849,0.039222480219087696,646,He said he thought we were unsubstantiated sightings
2686,979,23,49,192,264,1.3598484848484849,0.039222480219087696,646,"You know, he was actually kinda bominable."
5021,979,21,53,190,264,1.3598484848484849,0.03848106847225927,646,He asked if we'd seen any abominable snow women in the vicinity.
3602,983,21,58,199,278,1.3597122302158273,0.03710646592577189,646,"OK, have it your way. You saw a yeti."
5286,984,33,39,220,292,1.3595890410958904,0.039599028064363856,646,"Calling him abominable Jeffrey, doesn’t change the fact that he’s still  president"
3032,985,18,60,189,267,1.3595505617977528,0.03704830295459094,646,"You heard him, Jim. We're just going to stop at his cave for a quick lunch and then we'll be on our way."
5195,986,17,53,172,242,1.359504132231405,0.03922256838849046,646,He was just wondering if my boots come in a 26-E.
2809,987,28,36,192,256,1.359375,0.04196051408940385,646,He said that Donald Trump is a con man and its obvious that he had conspired with Russia to rig the 2016 election. He's optimistic because he can see how sharp and tough Nancy Pelosi is and he hopes to see the entire Trump family put in jail.
3572,987,17,58,181,256,1.359375,0.03773161722912881,646,I haven'seen him since college.
299,989,23,51,196,270,1.3592592592592592,0.03858859425966748,646,"If I have to settle for cold and emotionless, I’ll go with the Yeti."
2181,989,20,57,193,270,1.3592592592592592,0.037502921424934575,646,"Yes, Galen, I'm going with him. His empathetic listening skills and his willingness to forsake the negative din of social media are powerfully compelling inducements to cave dwelling."
4422,991,20,53,186,259,1.359073359073359,0.03860854206791087,646,He's grouchy ; but he  runs an outstanding bed and breakfast.
474,992,22,54,197,273,1.358974358974359,0.03792814073163011,646,Size does matter.
2189,992,26,46,201,273,1.358974358974359,0.03932275754841448,646,Please make your father put some pants on!
2759,994,21,52,189,262,1.3587786259541985,0.03867349657397115,646,He said he can’t take our picture. Something about the federal furlough.
5165,995,28,44,207,279,1.3584229390681004,0.03935965787416476,646,I'm pregnant.
6005,996,16,54,170,240,1.3583333333333334,0.03898631284814273,646,"Sure, his manners aren't perfect. But abominable?"
3095,997,17,57,180,254,1.358267716535433,0.03791868914303222,646,What did you say to him?
36,998,26,44,198,268,1.3582089552238805,0.039846388111990844,646,"He may be abominable, but you're just a jerk."
2174,999,18,65,199,282,1.3581560283687943,0.035670489920581035,646,"Apparently, mistaking Yeti for Sasquatch is a no-no."
2621,999,23,55,204,282,1.3581560283687943,0.03739758756220111,646,I can’t believe you’re leaving me for him. You made me shave everything!
5006,1001,23,60,213,296,1.3581081081081081,0.03613872032198982,646,"So What.  It's fur, and I want it."
2167,1002,21,45,177,243,1.3580246913580247,0.040791878440822105,646,He said we're overdressed.
2880,1003,24,54,207,285,1.3578947368421053,0.03744607140183067,646,Just for once can I ask for directions?
4687,1003,26,50,209,285,1.3578947368421053,0.03810023079177181,646,He understands me. That’s why!
2335,1005,20,53,187,260,1.3576923076923078,0.038484549101192,646,"You know, it might just be the altitude."
171,1006,21,56,197,274,1.3576642335766422,0.0374569448134809,646,"He happens to be very sensitive about his appearance, but you wouldn't know anything about that would you."
2827,1006,17,64,193,274,1.3576642335766422,0.03600102363408092,646,What if I DO think his butt's cuter than yours?
3757,1008,17,55,177,249,1.357429718875502,0.0384277652728738,646,"Due to climate change, we're seeing a lot more yettis this time of the year."
5082,1009,26,42,195,263,1.3574144486692015,0.04038875928811859,646,"I 'm sorry Hans, he's just more equipped."
1749,1010,25,49,203,277,1.3574007220216606,0.03855030879603908,646,Great. Now we've lost our guide.
1754,1010,25,49,203,277,1.3574007220216606,0.03855030879603908,646,Go ahead.  You always wanted a man cave.
2382,1010,19,61,197,277,1.3574007220216606,0.03645771629839039,646,...But you had to have a no phone rule!
4034,1010,24,51,202,277,1.3574007220216606,0.03820950278626981,646,Oh my God! It's not a myth! It's true what they say about big feet!
4917,1010,20,59,198,277,1.3574007220216606,0.03681474273697873,646,He asked if I knew if there were any good reason to go down into civilization.
2719,1015,29,46,216,291,1.3573883161512028,0.038460666087371476,646,He says he's been designated acting interior secretary.
2348,1016,22,51,193,266,1.3571428571428572,0.03860811189419938,646,"I said it a dozen times on the way up. He’s Abominable, not Deplorable!"
4178,1016,22,51,193,266,1.3571428571428572,0.03860811189419938,646,So much for solitude.
5529,1016,20,55,191,266,1.3571428571428572,0.03786608860650802,646,This is the LAST time you pick the guide!
2658,1019,22,57,204,283,1.3568904593639577,0.036949106803140216,646,"He said he wants a guaranteed $655 per day, $2,272 per week, 3.6% of distributor's gross receipts for television/cable, and, for video discs, 4.5% of the first million sold and 5.4% thereafter. Call his agent tomorrow when you are ready to sign."
2518,1019,23,55,205,283,1.3568904593639577,0.0372866901980166,646,"We see celebrities all the time in New York, what's the big deal here?"
1936,1019,28,45,210,283,1.3568904593639577,0.0389307221585715,646,He called US the abominable ones.
1361,1022,19,58,192,269,1.3568773234200744,0.037195522116998635,646,It's pretty hairy going up.  Coming down not so much.
2034,1022,21,54,194,269,1.3568773234200744,0.03793404175734589,646,Did you really have to ask him for a selfie?
4171,1024,29,44,213,286,1.3566433566433567,0.03894422802998725,646,"Yeti, she persisted..."
6067,1024,21,60,205,286,1.3566433566433567,0.0363367302287177,646,He might be abominable but at least he's willing to take our relationship to the next level.
3731,1026,25,42,191,258,1.3565891472868217,0.04058098388002855,646,At least he listens to me.
2536,1027,23,52,200,275,1.3563636363636364,0.038047287246788,646,He's not making foot prints because he's an illusion. What's our excuse?
4853,1028,17,59,185,261,1.3563218390804597,0.037191023798579685,646,He looks like someone we could ask for directions
3162,1029,24,40,183,247,1.3562753036437247,0.04150008303757803,646,"I found him quite pleasant, not abominable at all."
1650,1030,15,53,165,233,1.3562231759656653,0.0392869411969139,646,I  wouldn't bother going all the way up. He says its lonely at the top.
3930,1031,21,62,209,292,1.356164383561644,0.03580910306246147,646,I.m leaving because at least HE isn't going to spend years figuring out if he wants to go back to graduate school or finally start a family.
3775,1031,26,52,214,292,1.356164383561644,0.03741627571067321,646,He didn’t like my calling him Herr Suit.
1151,1031,23,58,211,292,1.356164383561644,0.03646047438673334,646,"He said if we wanted a guru, we've climbed the wrong mountain."
1387,1034,21,57,200,278,1.356115107913669,0.037056707179719005,646,"I'll tell you what I'm not going to do. I'm not going to go back down this damn hill and tell everyone I saw...""BIGFOOT""!"
1752,1034,19,61,198,278,1.356115107913669,0.036349078979255336,646,What do you mean you forgot the camera Brad!
3366,1036,17,60,187,264,1.356060606060606,0.03689824305998126,646,"Look, we can't give a dollar to everyone!"
1761,1037,17,55,178,250,1.356,0.03830043987709692,646,"Well, now I feel overdressed."
3741,1037,12,65,173,250,1.356,0.03614251131974633,646,Now that’s a snowsuit.
2416,1039,27,51,217,295,1.3559322033898304,0.03744816451173114,646,"I'm sorry, Peter, but I must leave you because I've come to realize that size does matter."
1537,1040,28,44,209,281,1.3558718861209964,0.03912047979445032,646,"When you texted, ""Yeti digress,"" was there supposed to be a comma?"
115,1041,23,49,195,267,1.3558052434456929,0.03885061598378527,646,He could have asked for directions. Yeti didn't.
1691,1041,21,53,193,267,1.3558052434456929,0.03811889014119962,646,What do you have against asking for directions?
6028,1041,23,49,195,267,1.3558052434456929,0.03885061598378527,646,He says that they're building a wall but we'll have to pay for it.
2836,1044,21,59,204,284,1.3556338028169015,0.03650091847697439,646,Are you sure it's not him? Let me see that photo again.
1746,1045,19,58,193,270,1.3555555555555556,0.03708106979092823,646,Don't ask don't tell.
3862,1045,22,52,196,270,1.3555555555555556,0.03817874052888747,646,He's getting a fourth for bridge.
4046,1045,22,52,196,270,1.3555555555555556,0.03817874052888747,646,Don't be so jealous.  Sometimes big feet mean just that.
5805,1045,23,50,197,270,1.3555555555555556,0.03853768362113793,646,He’s in training.  Full ride next year at Alabama.
3645,1049,14,63,179,256,1.35546875,0.03643343205986144,646,He didn't seem all that abominable.
5071,1050,22,58,207,287,1.3554006968641115,0.03656592600049312,646,What do you mean you FORGOT to charge the camera?
5459,1051,22,42,178,242,1.3553719008264462,0.041291439376192576,646,He took my picture!
3147,1052,20,57,196,273,1.3553113553113554,0.03715950033986587,646,Yet he persists
3699,1052,26,45,202,273,1.3553113553113554,0.03927380256975462,646,He said he can't wait to tell his friends he met a real compassionate conservative in the wild.
450,1054,19,54,186,259,1.3552123552123552,0.03816298607731298,646,"He said the ""abominable"" thing is just a racist stereotype"
2965,1054,17,58,184,259,1.3552123552123552,0.03737048275524923,646,I suddenly find you inadequate as a man.
1428,1056,27,49,214,290,1.3551724137931034,0.037904992633203495,646,"For the eighth time, it’s abominable, not abdominal."
1795,1057,19,61,199,279,1.3548387096774193,0.0362410453657256,646,Definitely not 'abominable.' He was actually quite pleasant
2283,1058,18,58,189,265,1.3547169811320754,0.037169854855395874,646,He said we could post a photo as long as we don’t tag him.
4893,1058,25,44,196,265,1.3547169811320754,0.03977074881151905,646,Not only does he have a big foot...
3723,1060,14,55,165,234,1.3547008547008548,0.03867695402530792,646,He's pretty upset. He said he spotted me but no one believed him.
664,1061,28,44,210,282,1.3546099290780143,0.039001929305367486,646,He was trying to seek asylum. Bad timing! Poor guy.
3305,1062,21,47,183,251,1.3545816733067728,0.03980875218102565,646,"That's just great, Tom! You can find an imaginary snow beast but you still can't find the courage to get me a ring."
4099,1062,23,43,185,251,1.3545816733067728,0.04060149960445591,646,"It's not a yeti, it's Bigfoot, and he's as lost as we are."
869,1064,16,63,189,268,1.3544776119402986,0.036113959227924756,646,"'Abominable?' Really? It's 2019, Jim."
4572,1064,14,67,187,268,1.3544776119402986,0.03533154082692785,646,"He said we could take a selfie with him, but first he had to get dressed."
4259,1066,16,52,169,237,1.3544303797468353,0.03926391487695919,646,It’s disheartening to learn that people don’t believe in you.
4552,1067,18,54,182,254,1.3543307086614174,0.038268488828994404,646,"Yes, Michael, for the umpteenth time, I do think our guide does know what he's doing!"""
3948,1067,23,44,187,254,1.3543307086614174,0.04025034405694108,646,He told me to go back down - there is nothing to see here...
1200,1069,27,42,202,271,1.3542435424354244,0.03981517706613863,646,Here's my idea: you follow him while I leave.
3559,1069,21,54,196,271,1.3542435424354244,0.0376994255233627,646,He said 'No one's going to believe me when I tell them I saw you.'
5447,1069,17,62,192,271,1.3542435424354244,0.036220329348502216,646,"I can't help myself, Stan. There's just something about Hairy."
5671,1069,17,62,192,271,1.3542435424354244,0.036220329348502216,646,"Footprints, no I don't recall seeing any footprints.  Why?"
720,1073,15,61,181,257,1.3540856031128405,0.036733866903694956,646,He my be abominable but he still has feelings.
5889,1073,19,53,185,257,1.3540856031128405,0.038353256816568725,646,"Bigfoot is a no good, hairy vagrant who contributes nothing to -- he's right behind me, isn't he?"
1036,1075,18,61,195,274,1.354014598540146,0.03631744068224929,646,I told him that we already had plans for dinner.
3388,1075,20,57,197,274,1.354014598540146,0.03704633590165087,646,You're imagining things.  I'm not seeing anyone else.
5477,1075,22,53,199,274,1.354014598540146,0.03776116404147516,646,He's not exactly abominable...more like an antisocial climber.
1681,1078,19,54,187,260,1.353846153846154,0.03804046308461841,646,"John, that man isn't wearing any pants."
896,1078,20,52,188,260,1.353846153846154,0.03842885454176648,646,Have you ever thought about growing a beard?
499,1078,19,54,187,260,1.353846153846154,0.03804046308461841,646,He is a last minute hire during the government shut down....Parks sent him over....
5977,1081,23,53,204,280,1.3535714285714286,0.037523917713318825,646,"I'm sorry, but foot size really does matter."
1201,1082,20,77,234,331,1.353474320241692,0.032537910132993765,646,At least he knows where he’s going...”
1198,1083,20,48,181,249,1.3534136546184738,0.03961279391877911,646,"It’s not you, John. I just like hairy men."
776,1084,26,42,198,266,1.3533834586466165,0.039999637338265524,646,...f**kin' tourists...
3809,1084,24,46,196,266,1.3533834586466165,0.03928390700418763,646,O.M.G.  I thought you said you were going hiking with Betty!
4699,1084,20,54,192,266,1.3533834586466165,0.037811824528253796,646,"""You've  gone and hurt his feelings. Why did you have to mention the size of his hands?"""
5197,1084,19,56,191,266,1.3533834586466165,0.03743475998742216,646,"How gullible do you think I am. I am blind,Karen, not stupid"
1788,1088,17,55,180,252,1.3531746031746033,0.03804814196047189,646,"Closed, and he is on furlough."
2710,1088,19,51,182,252,1.3531746031746033,0.03887029989218028,646,This tour guide is unbelievable.
5531,1088,24,41,187,252,1.3531746031746033,0.040853371725814144,646,"It's all right, he says he is just a hallucination caused by low oxygen."
6,1091,22,51,196,269,1.3531598513011152,0.03824541451220052,646,He’s our Uber to the summit.
3962,1092,14,73,199,286,1.3531468531468531,0.0338384319636621,646,"He’s really not much for conversation but for 50 bucks, he’ll let you take a selfie with him at the summit."
4036,1093,27,53,223,303,1.353135313531353,0.03669493828216549,646,"Once, again, no camera!"
11,1094,25,40,190,255,1.3529411764705883,0.04087874010891845,646,"What can I say, I have primitive taste."
2438,1094,20,56,196,272,1.3529411764705883,0.03722042281275146,646,"I don't know if he was insulted by ""Abominable"" or ""Snowman""."
2666,1094,24,48,200,272,1.3529411764705883,0.038650878016284,646,He said he was still with Trump no matter what the Mueller report says.
4751,1094,19,52,184,255,1.3529411764705883,0.03854608195543726,646,"He said, "" You  don't know what it means to be lost """
3728,1098,22,53,200,275,1.3527272727272728,0.03764561721670227,646,Yes! Fondue at his place...and you said the locals were cold and distant.
578,1099,16,66,196,278,1.3525179856115108,0.03520732658311172,646,"He prefers Indomitable to Abominable... .  And, most of all  he hates being called  Abdominal."
1341,1099,22,54,202,278,1.3525179856115108,0.037354890686759804,646,"He said we're going the wrong way.."""
3091,1101,19,54,188,261,1.3524904214559388,0.03791867786002212,646,"What? All I meant was, proportionally, his feet aren't that large."
3739,1102,26,47,208,281,1.3523131672597866,0.03841697821360472,646,"Jimmy, I'm sorry, but you know what they say about big feet."
2560,1102,19,61,201,281,1.3523131672597866,0.03602677160118683,646,"You just had to call him ""abominable."
1237,1102,21,57,203,281,1.3523131672597866,0.03672556484083682,646,I don't know.  I don't speak Yetish.
536,1102,27,45,209,281,1.3523131672597866,0.038746401581331316,646,Would it kill him to wear underwear.
35,1106,17,53,177,247,1.3522267206477734,0.03856231783485122,646,I'm beginning to think this guy's not a real Sherpa
780,1107,22,56,206,284,1.352112676056338,0.03679082871205865,646,he said there's a Starbuck's just a bit further up.
3885,1108,22,44,184,250,1.352,0.0402849289686358,646,Of course he’s upset! How would you feel if I went around calling you ‘big nose’?
5547,1108,20,48,182,250,1.352,0.03947934236908693,646,"He said we should close our eyes, count to 100, then try to find him."
5944,1108,21,46,183,250,1.352,0.03988416964099675,646,So what’s the big surprise you have for me?
806,1111,21,47,185,253,1.3517786561264822,0.03954294121377398,646,"Yes, he is abominable!  But he has good health insurance and he. adores Ruth Bader Ginsberg!"
3346,1111,21,47,185,253,1.3517786561264822,0.03954294121377398,646,"I hope you're still proud of your ""tech-free"" vacation!"
1642,1113,16,58,182,256,1.3515625,0.0372045911458308,646,"No, no, that's just Big Dave.  He's been running the nudist colony up the hill for about a decade now."
2271,1113,23,44,189,256,1.3515625,0.039983026231666816,646,My ex. He is abominable.
5179,1115,28,41,207,276,1.3514492753623188,0.039581043807002426,646,Yet he left
697,1115,21,55,200,276,1.3514492753623188,0.037178028470056836,646,"And get this, he's got a hot spot for internet."
1095,1115,25,47,204,276,1.3514492753623188,0.03856951704977178,646,He said no photos - he’s still unhappy about the whole “abominable “ thing.
4012,1118,21,49,189,259,1.3513513513513513,0.03888293608603782,646,"I told him it's just a legend, but he wants to check for himself."
54,1119,22,48,192,262,1.3511450381679388,0.03894101697698534,646,"See, even Sasquatch will stop and ask for directions!"
2035,1119,16,60,186,262,1.3511450381679388,0.03661854757505053,646,I don't like where this is going.
5476,1119,16,60,186,262,1.3511450381679388,0.03661854757505053,646,"Though I warned him not to continue, Yeti persisted."
98,1122,17,52,176,245,1.3510204081632653,0.038760540154050706,646,"He may be abominable, but at least he puts the seat down."
784,1122,17,52,176,245,1.3510204081632653,0.038760540154050706,646,He asked if we'd encountered anything unusual on the way up. I said not yeti and he took off in a huff.
3312,1124,21,51,193,265,1.350943396226415,0.0382511979862515,646,"Sorry, Tim.  Turns out he's totally bominable."
534,1125,22,50,196,268,1.3507462686567164,0.038311869654141795,646,So much for the legend - his feet seem perfectly proportional to me.
397,1126,22,37,172,231,1.3506493506493507,0.04263957000837163,646,Of course he’s upset. ‘Sasquatch’ is a slur! The proper term is ‘Hirsute-American.’
4602,1127,15,52,167,234,1.3504273504273505,0.03907916202163336,646,I know. But he says he knows a short cut.
1973,1128,16,64,194,274,1.3503649635036497,0.03551802292437573,646,He's a lot less expensive than a Sherpa.
3874,1129,21,61,212,294,1.3503401360544218,0.0355579164143535,646,"No more arguing, I'm asking directions"
4091,1130,24,42,191,257,1.350194552529183,0.04023023369092813,646,Well if you don’t want me to ask for directions then don’t lose the map next time.
4534,1130,13,64,180,257,1.350194552529183,0.03583412540154448,646,He said he's actually the sweet one in the family but that his brother IS quite abominable.
5276,1130,26,38,193,257,1.350194552529183,0.040978889299203056,646,I bet he does sas-squats.
510,1133,23,51,203,277,1.3501805054151625,0.037764482824656505,646,Wouldn’t an acid trip have been easier?
1797,1134,23,52,205,280,1.35,0.03747332213711252,646,He just wished you'd asked before taking a picture
2287,1134,20,51,189,260,1.35,0.03837159069388409,646,He said he’s looking for the illusive human.
672,1134,20,58,202,280,1.35,0.036434118027986,646,"I know you care about me, but he makes me a better person"
811,1134,27,44,209,280,1.35,0.038815672427658196,646,"All he said was ‘Goodbye’, and then mumbled something about ‘The  Ascent Of Man’."
5336,1138,23,46,194,263,1.349809885931559,0.0391877391930262,646,I told you not to mention Bigfoot.  --Now he's going to pout the rest of the way up!
3409,1138,18,56,189,263,1.349809885931559,0.03729012818395586,646,I don't understand why men refuse to ask for directions.
5557,1140,21,51,194,266,1.349624060150376,0.038129957199845715,646,"« He only needs 5,000 steps to reach his goal. »"
5998,1140,22,49,195,266,1.349624060150376,0.038500213699427924,646,He says he needs a wall to keep riffraff off the summit.
5201,1142,19,63,207,289,1.3494809688581315,0.03529793384619924,646,"He’s upset, Charles. I would be too if you called me abominable."
642,1143,23,48,198,269,1.3494423791821561,0.038552935128684136,646,He says he knows where the best wi-fi spot is.
5490,1144,22,43,184,249,1.3493975903614457,0.04036255758146813,646,"We can never tell your Uncle he was right, we'll never hear the end of it."
6010,1145,24,47,201,272,1.349264705882353,0.03859858032982668,646,Do you think he'd take our picture?
1383,1146,23,50,202,275,1.3490909090909091,0.03794440677715897,646,"I want a divorce and yes, there is  someone else."
2517,1146,16,64,195,275,1.3490909090909091,0.03541155748922252,646,"He said, “get your camera out, you’re not going to believe the view!”"
4462,1146,23,50,202,275,1.3490909090909091,0.03794440677715897,646,So great that your aversion to asking for directions works across species.
69,1149,21,47,187,255,1.3490196078431373,0.03928047758667664,646,I said I would marry you if the Yeti was walking with the tooth fairy!
5489,1150,25,54,219,298,1.348993288590604,0.0364678820919387,646,I thought it would be bigger.
4651,1151,25,47,206,278,1.3489208633093526,0.038333102526812615,646,You promised your mother wouldn't come this time!
3039,1151,25,47,206,278,1.3489208633093526,0.038333102526812615,646,He says he's the new Chief of Staff
2786,1153,21,48,189,258,1.3488372093023255,0.03895225593897043,646,I told him I was married
5824,1153,21,48,189,258,1.3488372093023255,0.03895225593897043,646,"The only thing that’s abominable, Jonathan, is your manners."
4941,1155,20,58,203,281,1.3487544483985765,0.03632558806766046,646,"He's moving to higher ground, citing habitat destruction and climate change."
5595,1155,15,68,198,281,1.3487544483985765,0.034531887383623935,646,"What did I tell you -- ""layers."""
341,1157,12,59,167,238,1.3487394957983194,0.037199462135029226,646,"We talked, and yeti, yeti, yeti, we're engaged."
5916,1157,13,57,168,238,1.3487394957983194,0.03767303019400618,646,Big deal! I’d be much more excited by the existence of a snack bar right now.
5437,1159,14,63,184,261,1.3486590038314177,0.03586167851649376,646,"I have dedicated my whole life to funding him, but I wasn’t expecting him to invite us back for coffee."
2707,1160,20,44,177,241,1.3485477178423237,0.04046795594272046,646,"Well yes, if you must know...size does matter."
3249,1160,12,60,169,241,1.3485477178423237,0.03689214395086345,646,You really insulted him. Any idiot knows the difference between Sasquatch and The Abominable Snowman.
5693,1162,22,48,194,264,1.3484848484848484,0.03869102653493474,646,You promised there wouldn’t be anyone else on this trail!
4698,1162,23,46,195,264,1.3484848484848484,0.03906149889868583,646,He is going ahead to see if we can get a table by the window.
350,1162,20,52,192,264,1.3484848484848484,0.03793923049505623,646,"Guess what, Travis. I think YOU'RE abominable."
168,1162,19,54,191,264,1.3484848484848484,0.0375576896077487,646,Why would you say that? I told you he was sensitive!
609,1166,14,65,188,267,1.348314606741573,0.03532132071041865,646,He’s  just a friend.
3869,1166,23,47,197,267,1.348314606741573,0.038743235435110795,646,He says he’s got some timeshare opportunities for us.
91,1168,22,57,211,290,1.3482758620689654,0.03619936740257255,646,Abominable?   I found him rather nice.
1129,1169,23,63,227,313,1.3482428115015974,0.03461947965662986,646,You say hirsute and I say hairsuit. What's the big deal?
5148,1169,18,73,222,313,1.3482428115015974,0.033107523458439744,646,"He said,""Don't overthink it."""
3065,1171,22,42,183,247,1.3481781376518218,0.04057953016027204,646,He says unless he gets the wall he's not coming down.
6046,1171,24,38,185,247,1.3481781376518218,0.04138271240323399,646,He said this trail is closed until Trump caves on the wall.
126,1173,21,52,197,270,1.348148148148148,0.0377083589800619,646,Our guide is a natural.
2694,1173,22,50,198,270,1.348148148148148,0.03807173712191266,646,He says three's a crowd. I'll see you back at base camp.
3083,1173,17,60,193,270,1.348148148148148,0.03621840712850279,646,"I'm sorry Chad, but I need a man that doesn't wear a puffy jacket."
501,1176,17,53,180,250,1.348,0.03817608747132783,646,"Well, did you really think he would help after you called him abominable?"
2289,1177,21,53,199,273,1.347985347985348,0.03741351298323094,646,He's very upset over our inaction on climate change
4855,1177,28,39,206,273,1.347985347985348,0.0398535808552911,646,"If it looks like the Donald, walks like the Donald, and smells like the Donald, then it probably is a Sasquatch."
25,1179,19,58,199,276,1.3478260869565217,0.03640800409546959,646,"You can't just call him that, Jim."
2070,1179,20,48,185,253,1.3478260869565217,0.0390840499978691,646,Did you bring your grainy camera?
2204,1179,17,54,182,253,1.3478260869565217,0.037860984858756226,646,How would you like it if I called you abominable?
3903,1179,26,44,206,276,1.3478260869565217,0.03885866686013841,646,"I'm sorry John, but you know what they say about big feet..."
5160,1179,20,56,200,276,1.3478260869565217,0.036768100621990256,646,"Actually, I found him quite personable."
5494,1179,21,46,186,253,1.3478260869565217,0.039483320032931875,646,He said to turn around or he's shutting down The Himalayas and building a wall.
5562,1179,27,34,192,253,1.3478260869565217,0.041798925109921746,646,That Duluth underwear DOES look comfortable.
5486,1186,23,51,205,279,1.3476702508960574,0.03753512501305311,646,We met on Sasquatch.com!
3439,1186,18,61,200,279,1.3476702508960574,0.03577647963359206,646,"If I found him, I can find the trail."
356,1186,22,53,204,279,1.3476702508960574,0.037190049566933704,646,"Well, it's not the view I was expecting..."
2623,1186,24,49,206,279,1.3476702508960574,0.03787705681147976,646,He said he doesn't believe in climate change.
1710,1190,18,45,170,233,1.3476394849785407,0.040540141411313464,646,"""Do you think we can ask about Elvis?"""
1116,1191,22,46,191,259,1.3474903474903475,0.03920849535058939,646,It's nothing personal Chad. He's just more genuine than you.
2282,1191,21,48,190,259,1.3474903474903475,0.03882493844385059,646,He was lost.
2973,1191,23,44,192,259,1.3474903474903475,0.03958833628918487,646,"Oddly enough, he IS dressed for it."
5185,1191,17,56,186,259,1.3474903474903475,0.037251238841348344,646,He said he's not interested in being proven to exist. He thrives on the debate.
671,1195,11,69,182,262,1.3473282442748091,0.03450030821410676,646,I recognized the face but couldn’t remember his name.
2653,1195,18,55,189,262,1.3473282442748091,0.03734974573335925,646,He said he left his car in the upper parking lot
5369,1197,17,58,190,265,1.3471698113207546,0.03666725999282618,646,"Well if you're not going to the top with me, I know someone ELSE who is."
2515,1198,25,51,215,291,1.3470790378006874,0.037066412213101876,646,He says he prefers the path less travelled.
1182,1198,24,53,214,291,1.3470790378006874,0.03674533200136628,646,"When you say abominable, he hears unlovable."
5076,1200,19,56,196,271,1.3468634686346863,0.03685660928594925,646,Much friendlier than the French!
164,1201,18,50,180,248,1.346774193548387,0.03879162346241168,646,I didn't see what?
3865,1201,21,44,183,248,1.346774193548387,0.04003423084638016,646,We can't all be real.
4129,1201,17,52,179,248,1.346774193548387,0.038368479093898844,646,"He said it's over, stop texting."
4392,1201,23,40,185,248,1.346774193548387,0.04084163764104481,646,He feels unseen.
2535,1205,19,57,198,274,1.3467153284671534,0.03657447321646628,646,He wants to be called the Indomitable Snowman from now on.
4555,1205,19,57,198,274,1.3467153284671534,0.03657447321646628,646,What’s his deal? All I asked was if he’d take our picture.
1783,1207,17,53,181,251,1.346613545816733,0.03804895599113131,646,It's just funny you're willing to follow anyone but me.
2730,1208,15,58,181,254,1.3464566929133859,0.03690253636266134,646,"That's all he said? ""Humans exist."""
1031,1208,18,52,184,254,1.3464566929133859,0.038146624564512906,646,"He said, ""Don't eat the yellow snow."""
5268,1210,20,49,188,257,1.3463035019455254,0.03862982422502875,646,He said there is nothing to see up here.
3258,1210,23,43,191,257,1.3463035019455254,0.03979271061024988,646,"I'm sorry you came all this way John, but he loves me, hairy armpits and all."
1004,1212,19,60,204,283,1.3462897526501767,0.03576166070971917,646,"He says it's not me, it's him."
4645,1212,19,60,204,283,1.3462897526501767,0.03576166070971917,646,Abominable is derogatory Steve!
5618,1212,18,62,203,283,1.3462897526501767,0.03540954114845415,646,He’s actually quite amiable.
5953,1212,21,56,206,283,1.3462897526501767,0.03645569806577678,646,"Sorry, Trent. At this point in my life,
I need someone who is more upwardly mobile."
3833,1216,22,46,192,260,1.3461538461538463,0.03908026243364157,646,"No"", he said, ""Not yeti."" . ."
4586,1216,22,55,209,286,1.3461538461538463,0.03652336501824261,646,Another fur-loughed park ranger...
5604,1216,19,61,206,286,1.3461538461538463,0.03550134634530638,646,"""Well, that 'myth' happens to be our sherpa and he's very sensitive about his feet."""
5125,1219,22,47,194,263,1.3460076045627376,0.038758733188537904,646,Look at me when I'm talking! Don't you realize how unique I am in your life?
4105,1220,21,40,176,237,1.3459915611814346,0.0413488974012243,646,I see your mother is joining us.
3842,1221,18,56,192,266,1.3458646616541354,0.036938533510116375,646,"Really? This mountain, this light and you want a picture of HIM?"
751,1222,16,51,173,240,1.3458333333333334,0.038787370816040286,646,How was I supposed to know? I thought they liked being called abominable!
4095,1223,15,63,191,269,1.345724907063197,0.03549875756014368,646,Make sure there's nothing in the background when you take the picture.
4192,1224,22,59,217,298,1.3456375838926173,0.03547765698959058,646,Apparently abominable is a trigger word.
1224,1225,22,51,202,275,1.3454545454545455,0.03753906493121527,646,Well I’d walk away too if you kept calling me abominable.
4146,1225,24,47,204,275,1.3454545454545455,0.03823959984676686,646,Big butt is more like it.
2445,1227,21,45,186,252,1.3452380952380953,0.03955506623613157,646,"He said, ""Get off my lawn!"""
3115,1227,21,45,186,252,1.3452380952380953,0.03955506623613157,646,"I'm sorry, but I need to be with someone who understands my needs."
5015,1227,15,57,180,252,1.3452380952380953,0.03707945446946775,646,Can we just ask a local for directions?
318,1230,18,61,202,281,1.3451957295373667,0.03556430377549992,646,"When I said bring the Yeti, I meant the thermos..."
2878,1231,20,48,187,255,1.3450980392156864,0.03882466784456759,646,Is it just me or does our Sherpa have really big feet?
5152,1232,21,56,207,284,1.3450704225352113,0.0363475639659012,646,"You didn't have to be so rude, he was just asking to borrow your cell phone."
5272,1233,21,47,190,258,1.3449612403100775,0.03889293298355304,646,I told you my ex was a wild one.
1847,1233,19,51,188,258,1.3449612403100775,0.038109498427886,646,"Okay, now that he took off his clothes I can see why you'd think our guide is a Yeti."
4647,1233,20,49,189,258,1.3449612403100775,0.038503208350007624,646,He asked me if I had a sister.
3552,1236,21,48,192,261,1.3448275862068966,0.03857266181295459,646,He just ate our sherpa.
582,1237,13,65,186,264,1.3446969696969697,0.035118799860810554,646,"Honestly, the only abominable thing was his breath"
5541,1237,22,47,195,264,1.3446969696969697,0.03863387840521264,646,"Of all things, you had to ask about his small hands?"
1733,1239,15,62,190,267,1.344569288389513,0.035657141585562345,646,We're in luck! He said he'll be right back with some toothpaste.
2610,1239,21,50,196,267,1.344569288389513,0.03795251607233645,646,I know how you hate to ask for directions. So I asked. And he said “follow me”.
4108,1239,20,52,195,267,1.344569288389513,0.03757969116237657,646,He said three's a crowd
4306,1242,18,59,199,276,1.3442028985507246,0.03598798010390287,646,I don't think he's going to be happy when he gets to the top and sees that we pooped in his cave.
1525,1243,18,49,180,247,1.3441295546558705,0.038858372826319466,646,"His accent is pretty hard to understand, but I've enjoyed the tour so far."
1233,1244,17,62,200,279,1.3440860215053763,0.035358118062545914,646,I wouldn't say 'abominable.' I'd say 'rough-hewn.'
5823,1244,18,60,201,279,1.3440860215053763,0.03572089494790794,646,"Jeez, sometimes it's like I'm invisible or something."
5872,1246,20,46,184,250,1.344,0.03935544950349938,646,"He came out of hiding to run for 2020, says 'he definitely has a shot in this political environment'."
1743,1246,16,54,180,250,1.344,0.03768736325875811,646,"Mr. Yeti said that if we want a selfie at the summit with him AND the snow leopard, we are going to have to upgrade to the Platinum Package...


Leslie Hardin
Summit, New Jersey"
2205,1246,24,38,188,250,1.344,0.04095565237970687,646,"He was on the short list to replace Pruitt at EPA, but the President decided he wasn’t abominable enough."
810,1249,24,49,209,282,1.3439716312056738,0.037533752975365514,646,Now can we go home
4016,1249,21,55,206,282,1.3439716312056738,0.03651116527634833,646,He just asked me what time it was.
408,1251,21,45,187,253,1.3438735177865613,0.039422036113188154,646,He says it's a pretty hairy climb from here on out...
901,1251,18,51,184,253,1.3438735177865613,0.03820979117384113,646,".....wonder if he knows the Summit Meeting was cancelled"""
2924,1253,18,62,205,285,1.343859649122807,0.035202431709260955,646,He's less abominable than I had anticipated.
5996,1253,17,64,204,285,1.343859649122807,0.03484969923496534,646,Now's a good time to start our descent.
2982,1255,27,45,216,288,1.34375,0.037938421475356775,646,No one ever mentions the abominable snowballs.
2606,1255,17,54,185,256,1.34375,0.037489786190740684,646,"His New Years resolution is 20,000 steps a day."
5265,1255,22,55,211,288,1.34375,0.03630895855503352,646,"Frankly, Josh, I'm fine with you skipping the testosterone therapy."
548,1258,16,57,186,259,1.3436293436293436,0.036784536130902,646,"He says the media spin has gotten out of control 
and that he's really only an 'untidy' snowman."
1882,1259,18,55,192,265,1.3433962264150943,0.03699530655647217,646,He asked me for directions
3585,1260,18,44,171,233,1.3433476394849786,0.04046957540235671,646,"He wants us to wait , he's dropped his sunglasses."
173,1261,22,48,198,268,1.3432835820895523,0.038200097497519056,646,Are you sure there's nothing odd about our tour guide?
3853,1261,17,58,193,268,1.3432835820895523,0.03632487803202657,646,He's a bit brusque.  But certainly not abominable.
5277,1261,20,52,196,268,1.3432835820895523,0.03746127567113298,646,I thought it was just going to be the two of us this time.
1101,1264,26,41,204,271,1.3431734317343174,0.03931295829646059,646,He's putting up a wall and closing the border.
1836,1265,20,54,200,274,1.3430656934306568,0.0368820029611043,646,"He'll be back after he meets his 10,000-step goal."
3179,1265,23,48,203,274,1.3430656934306568,0.03795383908732794,646,"He wanted to sell us a timeshare."""
3961,1265,18,58,198,274,1.3430656934306568,0.03614979441703169,646,"Extremely rare, I'd say.  He's never heard of Donald Trump."
229,1268,23,37,182,242,1.3429752066115703,0.041518173738478756,646,"He said to forget evolution, he was forging ahead without us."
3411,1269,17,61,199,277,1.3429602888086642,0.03551291923623044,646,He wanted to know where I got my hiking boots.
1622,1269,25,45,207,277,1.3429602888086642,0.03834643495094544,646,You forgot to charge the phone?!”
2260,1271,17,62,201,280,1.3428571428571427,0.035253037891289585,646,"Actually,his manners were impeccable."
4292,1271,17,62,201,280,1.3428571428571427,0.035253037891289585,646,"It's not you, it's the cargo pants."
4416,1273,10,65,173,248,1.342741935483871,0.035192648663884475,646,"It's okay. He said the mountain is ""clothing optional."""
5787,1274,17,52,182,251,1.342629482071713,0.037983822209865084,646,Where'd you find this guide?  Not much of a talker... but he sure seems to know his stuff.
469,1275,26,48,218,292,1.3424657534246576,0.03722621258686885,646,You left your phone at base camp?!
375,1276,19,63,213,295,1.3423728813559321,0.03469827431994743,646,You didn't think 'abominable' was offensive?!
497,1276,23,55,217,295,1.3423728813559321,0.03600292386358655,646,Should I ask if he'll take our picture?
4035,1278,20,49,191,260,1.3423076923076922,0.03825232674886641,646,"No, YOU’RE abominable!"
4863,1278,26,37,197,260,1.3423076923076922,0.04051469708515933,646,He says that we are a figment of his imagination.
3614,1280,17,56,190,263,1.3422053231939164,0.036777565686577016,646,I asked if he’d summited and he said not Yeti.
3092,1280,24,42,197,263,1.3422053231939164,0.039443182910982,646,"It’s true what they say: big feet, big..."
2787,1280,21,48,194,263,1.3422053231939164,0.03832348538818348,646,Why don't you ever wanna ask for directions?
577,1283,19,55,198,272,1.3419117647058822,0.036685257111713415,646,I thought he'd be taller.
4801,1283,19,55,198,272,1.3419117647058822,0.036685257111713415,646,Try “adorable” snowman next time
3738,1285,19,42,173,234,1.3418803418803418,0.040775283691541445,646,He said he'll lead us to the summit as long as we don't tell the National Enquirer.
2676,1286,22,50,203,275,1.3418181818181818,0.03748374403846579,646,Because he’s mysterious and doesn’t have roommates.
55,1287,22,51,205,278,1.341726618705036,0.03719511041137211,646,He made a pass at me and you just stood there.
3680,1287,18,59,201,278,1.341726618705036,0.03577133251344671,646,For once your hesitancy of asking locals for directions might actually be justified.
29,1289,17,51,181,249,1.3413654618473896,0.038173060296965204,646,He said he knows the area
449,1289,24,37,188,249,1.3413654618473896,0.04103529989250686,646,"No, I didn't sleep with him.  I just used him as a blanket."
2575,1291,27,32,193,252,1.3412698412698412,0.0418254031253074,646,At least he puts the toilet seat down!
3970,1291,14,58,180,252,1.3412698412698412,0.036582921571133714,646,He said to turn back; the conditions up there are abominable.
1433,1293,23,55,218,296,1.3412162162162162,0.035899724535684116,646,"All I could make out was ""Get off my lawn!""."
461,1294,18,52,188,258,1.3410852713178294,0.03764884818122292,646,"Look, I know he may not be a conventional tour-guide, but hey, he takes Amex."
1366,1295,20,49,192,261,1.3409961685823755,0.03812804775083352,646,"He doesn't say much, but he's the best Sherpa we ever had."
3140,1295,20,49,192,261,1.3409961685823755,0.03812804775083352,646,Yeti or not there he goes.
4025,1297,20,50,194,264,1.3409090909090908,0.03782113367812739,646,He asked me if I had any conditioner.
764,1298,19,53,195,267,1.3408239700374531,0.03714354844675842,646,"Call me crazy, but sometimes you act like I don't exist."
2082,1298,11,69,187,267,1.3408239700374531,0.03397588680705579,646,I told you we were overdressed.
3640,1300,19,54,197,270,1.3407407407407408,0.03685484584163801,646,The Brooklyn beard craze is spreading.
4911,1300,19,54,197,270,1.3407407407407408,0.03685484584163801,646,Asking him to 'play through' was a great idea.
5426,1300,21,50,199,270,1.3407407407407408,0.037594591672639815,646,"He stimulates my heart and mind in ways you'd never understand. So,goodbye,Stanley."
5347,1303,19,55,199,273,1.3406593406593406,0.03657208300634351,646,Oh Great.  Now I'm a Bigfoot believer.
1228,1304,25,44,207,276,1.3405797101449275,0.03841138995247869,646,The bastard just farted and kept walking.
675,1304,23,48,205,276,1.3405797101449275,0.037719145746096125,646,Stand back. I'm here to interview him for the White House chief of staff position... everyone else on the planet has refused.
113,1306,18,60,204,282,1.3404255319148937,0.035402895291628864,646,"Let him play through, he's a regular."
1963,1307,21,55,209,285,1.3403508771929824,0.036186166654975,646,He says we're mythical.
5290,1308,22,37,179,238,1.3403361344537814,0.041561372423392265,646,"Yeti, schmeti, you were supposed to bring the damn camera."
3417,1309,20,58,210,288,1.3402777777777777,0.03558264172872383,646,He looks like he knows where he's going. Let's follow him.
5627,1310,21,40,180,241,1.3402489626556016,0.04076116743649067,646,Apologize!
3378,1311,23,53,215,291,1.3402061855670102,0.03631953678894985,646,"Actually, he's really pretty ""ominable"" once you get him talking."
4499,1311,18,63,210,291,1.3402061855670102,0.0346498383872004,646,There goes another furloughed park ranger.
4008,1313,21,59,217,297,1.34006734006734,0.03515581560156875,646,He asked us to turn down the heat.
4272,1313,23,55,219,297,1.34006734006734,0.03579708669866237,646,"Well, I can definitely verify the Yeti is a HE."
6045,1315,16,53,181,250,1.34,0.03761995539838806,646,"Because he gets me! In ways you will never understand! And stop calling him ""Bigfoot""."
5120,1316,12,62,179,253,1.3399209486166008,0.03559228767602424,646,More like adorable snowman.
5825,1316,16,54,183,253,1.3399209486166008,0.03731339341792459,646,"Well, at least he’d never leave his underwear on the bathroom floor!"
2324,1318,16,55,185,256,1.33984375,0.03701350975331275,646,"It’s not you, it’s me. And him."
3090,1319,17,55,190,262,1.3396946564885497,0.03683208190561936,646,As far as I'm concerned he's ancient history
5979,1319,23,43,196,262,1.3396946564885497,0.039141883375712457,646,"Just had to say the A-word, didn't you?"
3677,1321,18,54,193,265,1.3396226415094339,0.03693401976823004,646,"See, I told you we shoulda packed the camera!"
5311,1321,14,62,189,265,1.3396226415094339,0.03535209694618868,646,"Huh, I thought he’d have bigger feet."
2626,1323,25,42,204,271,1.3394833948339484,0.03890807135555486,646,"Yeti or not, here we come!"
634,1324,18,57,199,274,1.3394160583941606,0.03609103563940145,646,"Babe, trust me, it looks like he’s been here before."
4707,1324,21,51,202,274,1.3394160583941606,0.0371856775192872,646,"And WHY, exactly, didn't you ask him for directions...?"
4141,1326,20,54,203,277,1.339350180505415,0.03654439267968823,646,Notice how he leaves no trace?
6009,1326,21,52,204,277,1.339350180505415,0.03690058050252406,646,"I've got to go with him.  He's the most understanding...whatever he is ... I've ever met.  I've treated him abominably, Yeti still loves me."
4838,1328,17,61,202,280,1.3392857142857142,0.035195281625963595,646,Well that's a letdown. For some reason I thought his feet would be bigger.
3093,1329,19,59,208,286,1.3391608391608392,0.03539243140459169,646,He seemed quite pleasant. Not at all abominable.
4145,1330,25,48,216,289,1.3391003460207613,0.037133471815467695,646,He's incredibly sensitive. How could you?
224,1331,19,43,177,239,1.3389121338912133,0.0401178157416723,646,He's as lost as we are.
5905,1332,13,57,175,245,1.3387755102040817,0.0367829874738107,646,There's something off about our Sherpa.
2764,1333,19,47,185,251,1.3386454183266931,0.03874837396762807,646,You know what they say about guys with big feet- well that’s a myth.
5871,1333,17,51,183,251,1.3386454183266931,0.03791690210466617,646,He said his life coach recommended nature walks.
465,1335,16,54,184,254,1.3385826771653544,0.0371902862417152,646,He'd like to know why Mad Men was canceled.
5413,1335,15,56,183,254,1.3385826771653544,0.0367694818953335,646,"From here on, it's clothing optional."
4842,1337,14,59,184,257,1.33852140077821,0.03605952535044166,646,I've found someone else.
985,1338,21,46,193,260,1.3384615384615384,0.03857719468466326,646,Shut up with your animal rights extinction crap. This fur coat isn't getting away.
1856,1339,15,60,191,266,1.3383458646616542,0.03564234790009009,646,How was I supposed to know it's insensitive to ask if he's related to Big Foot?
535,1339,17,56,193,266,1.3383458646616542,0.03642969395301256,646,I didn't find him the least bit abominable.
2044,1341,23,45,201,269,1.338289962825279,0.03838403650953328,646,"Considering the size of his feet, I wasn't all that impressed."
2540,1341,18,55,196,269,1.338289962825279,0.036532487083900625,646,"I said, ""Ready to meet the world?"" And he said, ""Not yeti."""
5742,1343,14,64,194,272,1.338235294117647,0.03472471372349294,646,Turns out his name is Melvin.
4773,1344,19,56,203,278,1.3381294964028776,0.036074961443233564,646,The track gets a bit hairy from this point
1440,1345,18,59,204,281,1.3380782918149465,0.03545093386952457,646,I told you we should have asked for directions sooner.
5582,1346,18,60,206,284,1.3380281690140845,0.03519384429327168,646,You're the one that claims to be so evolved
5972,1346,23,50,211,284,1.3380281690140845,0.036919210669266005,646,I don't see what's so abominable about complimenting my ponytail Bob.
4461,1348,22,57,220,299,1.3377926421404682,0.03527675640686845,646,"OK, Big Shot!  You follow him to his cave to see his “etchings!”"
4970,1349,19,44,180,243,1.337448559670782,0.039624040519183244,646,"What an amateur.  He doesn't even have a backpack, let alone the correct footwear!"
2454,1350,16,51,179,246,1.3373983739837398,0.0379925885377058,646,"He said he's sorry, but this is something he has to do alone."
1596,1350,14,55,177,246,1.3373983739837398,0.03710887728261975,646,"Well, he's not abominable to me! Go home, Jack"
5900,1352,13,58,178,249,1.3373493975903614,0.036365220236052244,646,Do you think he'll divulge our existence?
5404,1352,14,56,179,249,1.3373493975903614,0.03680783690727583,646,"It's not you, it's me. Well, it's me and Bigfoot."
1393,1354,21,43,188,252,1.3373015873015872,0.03942797625344933,646,"This is not what it looks like, Jack!"
4527,1354,18,49,185,252,1.3373015873015872,0.03820610750713623,646,"I can’t belive he’s wearing real fur, I let him know I just called PETA."
924,1356,16,54,185,255,1.3372549019607842,0.03706794299930009,646,"I asked him and he said,""Because it's there."""
3576,1357,17,53,188,258,1.3372093023255813,0.03718091925651091,646,Nice fella. He says to follow him and he'll have us for dinner.
2435,1358,14,60,187,261,1.3371647509578544,0.03566750164613183,646,It was an icy reception at best.
4444,1358,15,58,188,261,1.3371647509578544,0.03607829149145458,646,He left his cell phone on the summit.
2410,1360,16,59,195,270,1.337037037037037,0.03565435010091199,646,"We need to get our stories straight by the time we get back down"""
4173,1360,19,53,198,270,1.337037037037037,0.03679460792902715,646,"No, YOU'RE abominable, John."
5796,1362,21,50,202,273,1.336996336996337,0.03724303920817354,646,"Well, he probably thinks you're abominable."
5659,1362,13,66,194,273,1.336996336996337,0.03422825098884625,646,He won't talk to anyone but CNN.
879,1362,20,52,201,273,1.336996336996337,0.03687967080924516,646,I told you-they don’t like to be called ‘abominable’ anymore.
1635,1362,27,38,208,273,1.336996336996337,0.03935285341930271,646,He will send us the selfie once he gets better reception.
1539,1366,20,53,203,276,1.3369565217391304,0.0365982791661268,646,No pics. He has strict image and licensing control to avoid brand dilution from commercial over-exposure.
3073,1367,22,53,213,288,1.3368055555555556,0.03620236151653207,646,"John, sometimes YOU have to ask for directions."
3673,1368,16,47,172,235,1.3361702127659574,0.03918671137816903,646,Well how was I supposed to know he's sensitive about the size of his feet?
2486,1369,18,46,180,244,1.3360655737704918,0.03905606856537626,646,"Don't feel so insecure, he had small hands."
1881,1370,20,43,184,247,1.3360323886639676,0.0395635714779737,646,Next time can you hire a Yeti that speaks English?
1406,1371,18,50,188,256,1.3359375,0.037766490806250816,646,He's counting steps.
4974,1371,15,56,185,256,1.3359375,0.036529386295320446,646,It didn't mean anything to me. It was just a winter fling.
5753,1371,19,48,189,256,1.3359375,0.03816994999630715,646,It's the big feet that make his hands look small.
1541,1374,16,55,188,259,1.335907335907336,0.03665392949011419,646,"The same thing any of us are seeking, I suppose.  Just wanting to be seen, really seen, by someone."
3835,1374,20,47,192,259,1.335907335907336,0.03825221035469546,646,Look he's not an ideal guide but he really knows the mountains.
5474,1376,19,51,195,265,1.3358490566037735,0.037256822346425605,646,"We went to Cleveland to meet my parents, its only fair that we go to meet his."
4290,1376,19,51,195,265,1.3358490566037735,0.037256822346425605,646,"I told you not to call him ""abominable"" to his face."
108,1378,19,54,201,274,1.3357664233576643,0.036399968989748864,646,It’s just “Snowman”. How would you like it if I always referred to you as Abominable Ralph?
3881,1378,23,46,205,274,1.3357664233576643,0.037840543792514135,646,He asked us to pay for a wall.
5261,1380,15,64,201,280,1.3357142857142856,0.03439977188098957,646,You clearly offended him by calling him Bigfoot. I believe ‘Yeti’ is the appropriate term.
715,1381,18,60,208,286,1.3356643356643356,0.034987111175778025,646,"It was wonderful, but he snores."
737,1381,15,66,205,286,1.3356643356643356,0.03391883471612582,646,He said to get off his yard.
3612,1381,20,56,210,286,1.3356643356643356,0.03568153138124135,646,Hands are smaller then you’d think.
3765,1381,22,52,212,286,1.3356643356643356,0.03636269262574997,646,"""What's 'abominable' is your sensitivity."""
5774,1381,16,64,206,286,1.3356643356643356,0.03427862621433351,646,I think I know why our guide was so cheap.
5797,1386,18,61,210,289,1.3356401384083045,0.034738772664004616,646,"Well, I’d be offended too if a stranger called me ‘abominable’."
1328,1387,17,64,211,292,1.3356164383561644,0.03415229691075925,646,Relax. At this altitude hallucinations aren't that unusual.
4102,1388,23,53,219,295,1.335593220338983,0.03589964348028135,646,"No, you are the one who spends too much time on their phone instead of watching what is going on around them."
1790,1389,16,50,179,245,1.3346938775510204,0.03805120206513603,646,I can’t believe it!  A “no photo” policy?!?!
4018,1390,19,47,188,254,1.3346456692913387,0.03835883439316076,646,He didn't have a phone charger either
1617,1391,17,52,188,257,1.3346303501945525,0.03723597674206849,646,"The Air BnB said ""quiet and off the grid."""
2690,1391,16,54,187,257,1.3346303501945525,0.036825522823865524,646,"Well, that explains the dimensions of what we found in the out house!"
4661,1391,17,52,188,257,1.3346303501945525,0.03723597674206849,646,"When I asked if you brought your Yeti, I meant your insulated mug..."
4827,1391,17,52,188,257,1.3346303501945525,0.03723597674206849,646,"No really, he’s just a friend!"
203,1395,20,47,193,260,1.3346153846153845,0.03812669809321627,646,"For the record, I requested a trip to the Serengeti."
103,1396,24,40,199,263,1.3346007604562737,0.03932408878810066,646,I would say that greeting a Yeti as Bigfoot qualifies us as ugly Americans.
5410,1396,18,52,193,263,1.3346007604562737,0.03704367243285532,646,"He'll guide us, but he only takes Bitcoin."
4285,1396,18,52,193,263,1.3346007604562737,0.03704367243285532,646,"Oh, yeah? Well, you're insufferable!"
355,1399,22,46,201,269,1.3345724907063197,0.037961219036772235,646,You are both behaving abominably.
3651,1399,17,56,196,269,1.3345724907063197,0.03608798282708499,646,Wow! I guess the Paleo diet really works.
1770,1401,19,53,200,272,1.3345588235294117,0.036565419283575144,646,He said the final ascent is his ‘me  time’.
194,1401,25,41,206,272,1.3345588235294117,0.03872758232820846,646,Did you have to mention the size of his feet?!
24,1403,17,58,200,275,1.3345454545454545,0.03554893599610895,646,I think he knows the way
105,1404,25,43,210,278,1.3345323741007193,0.038118027794128706,646,Sorry.  You know what they say about big feet.
1043,1404,19,55,204,278,1.3345323741007193,0.03601599686006316,646,"Honey, we were just talking."
1829,1404,22,49,207,278,1.3345323741007193,0.03708190982634287,646,"Ignore him, he's trying to get his 10,000 steps before dinner"
4865,1407,19,56,206,281,1.3345195729537367,0.03574950274332323,646,We just weren’t right for each other. He felt the need to Sasquatch-splain everything to me.
37,1408,21,53,210,284,1.3345070422535212,0.03618266402926077,646,"All it said was 'Yeti or not, here I come' """
1561,1408,13,69,202,284,1.3345070422535212,0.03331832636508342,646,Just gave me the cold shoulder.
2263,1410,16,64,207,287,1.3344947735191637,0.03417899601651096,646,"Of course he's upset, Kevin. ""Hey Yeti, take a selfie with my Betty?"" Seriously?!"
1171,1411,16,66,211,293,1.3344709897610922,0.033709839821659864,646,We agreed to remain friends.
2875,1412,18,65,219,302,1.3344370860927153,0.03369761072554766,646,I thought your New Year's resolution was to start making new friends.
4143,1413,16,55,190,261,1.3333333333333333,0.03641785203646149,646,"I swear, Peter, nothing happened."
4231,1413,20,47,194,261,1.3333333333333333,0.03800196994909328,646,He said our use of adjectives is abominable
4351,1413,18,64,218,300,1.3333333333333333,0.0338312862180057,646,"Oddly, he doesn't leave footprints."
4352,1413,26,36,202,264,1.3333333333333333,0.039923497145213566,646,"Well, it's true what they say about big feet."
4577,1413,20,43,186,249,1.3333333333333333,0.03929134315839704,646,"He says he doesn't have any idea of where the trail is, but rather smugly pointed out that he isn't lost."
5116,1413,20,54,208,282,1.3333333333333333,0.0359945722407576,646,Confirmed...Starbucks ahead one mile!
3847,1413,18,53,196,267,1.3333333333333333,0.036637509175131124,646,"I told him “no thanks, I have Google Maps.”"
5535,1413,20,47,194,261,1.3333333333333333,0.03800196994909328,646,"He finished with, “Say you never saw me.”"
5623,1413,16,53,186,255,1.3333333333333333,0.036999277408386384,646,Apparently they run the upper section as a nudist colony.
5630,1413,22,46,202,270,1.3333333333333333,0.0378406552078849,646,"He said ""Its to cold out here and he will wait for us in the car""."
5869,1413,21,53,211,285,1.3333333333333333,0.036074582526883406,646,"Great, Todd.  Now even the Yeti is leaving!"
5885,1413,14,56,182,252,1.3333333333333333,0.03644202585395018,646,Hey hey! Eyes over here!
5517,1413,21,47,199,267,1.3333333333333333,0.037772846644671565,646,"Yes, I'm leaving you.  He has more than a big foot."
3529,1413,24,38,196,258,1.3333333333333333,0.039857173697299325,646,"Unlike you, he hasn't reached his peak."
2353,1413,18,46,182,246,1.3333333333333333,0.038785842443190346,646,"He said, and I quote, 'You can't get theah from heah'."
3259,1413,10,62,174,246,1.3333333333333333,0.03519757848989698,646,He says we should have turned right at the ravine. Now aren’t you glad we stopped for directions?
106,1413,16,52,184,252,1.3333333333333333,0.037299602617236846,646,"Simmer down, Harry. We're just friends."
307,1413,17,62,209,288,1.3333333333333333,0.03443307793922239,646,I still cannot believe you found this Sherpa on Yelp - he's amazing!!
595,1413,21,59,223,303,1.3333333333333333,0.03456618967867094,646,I thought the hair was supposed to be thinner up here.
1243,1413,13,64,193,270,1.3333333333333333,0.03441051746144996,646,He says he knows a shortcut. What do you think?
1688,1413,14,63,196,273,1.3333333333333333,0.034555279922726126,646,"I swear, Bill, he's just a friend I happen to bump into occasionally."
1692,1413,19,53,201,273,1.3333333333333333,0.03645183977324423,646,He says he knows the way to a bathroom.
3490,1413,19,52,199,270,1.3333333333333333,0.03673288302093374,646,Who would have known that he's in the Witness Protection Program?
2091,1413,18,46,182,246,1.3333333333333333,0.038785842443190346,646,"I told him no pants, no cocoa."
2102,1413,12,53,166,231,1.3333333333333333,0.037655089506358264,646,I think we're overdressed.
1768,1413,25,41,207,273,1.3333333333333333,0.0386049184124749,646,He says he's going to run against Trump in 2020.
2638,1413,19,52,199,270,1.3333333333333333,0.03673288302093374,646,Apparently we misgendered the Abominable Snow Man
3009,1413,20,42,184,246,1.3333333333333333,0.039632178651278646,646,"Yes, there is a restaurant on the summit but he says the service is  abominable."
845,1441,18,60,211,289,1.3321799307958477,0.03468128189616064,646,"Well, his English was good enough to know what 'needs a bath' means."
5773,1441,17,62,210,289,1.3321799307958477,0.03433310493430517,646,Why didn't you tell me this hike was clothing optional?
3199,1443,26,43,217,286,1.332167832167832,0.03763399663419946,646,He's going back for his Non-disclosure Agreement.
5491,1443,15,65,206,286,1.332167832167832,0.03385870891808352,646,"Our guide is kind of built for this, don't you think?"
453,1445,23,48,212,283,1.332155477031802,0.03691913656087183,646,Let's follow him. I think he knows where the president's tax returns are.
2393,1445,17,60,206,283,1.332155477031802,0.03482323951274889,646,"Well, I think your feelings would be hurt, too, if someone called you abominable."
5217,1447,23,47,210,280,1.332142857142857,0.03720088322638003,646,"Funny they named him big foot, when that's not the big appendage that jumped out at me."
5451,1447,17,59,204,280,1.332142857142857,0.035075573862640895,646,"He says we're welcome at the top, just not yeti."
2493,1447,19,55,206,280,1.332142857142857,0.03579803289013666,646,You just couldn't be the bigger man.
137,1450,19,54,204,277,1.332129963898917,0.03606574946442607,646,"Sorry, I prefer the strong, silent, abominable type."
303,1451,16,59,199,274,1.332116788321168,0.035217978904402356,646,There's a thin line between lovable and abominable.
5471,1452,18,54,199,271,1.3321033210332103,0.036242599939707076,646,"He said he dropped the ""Abominable"" years ago."
1753,1453,15,59,194,268,1.3320895522388059,0.035355147321115006,646,A better plan?? How about down?
4056,1453,24,41,203,268,1.3320895522388059,0.038749679672208714,646,"Honestly, I thought I was sleeping with you."
4289,1453,21,47,200,268,1.3320895522388059,0.037652188035116524,646,"Because of someone he called the ""Orange-haired Abominable Showman,"" he decided to disappear again until at least 2020."
4405,1453,16,57,195,268,1.3320895522388059,0.035748238824498985,646,He prefers abominable snow person Bob!
162,1457,18,52,195,265,1.3320754716981131,0.036806743936895876,646,"No, Ted-- you're fine. This is about me."
1487,1457,18,52,195,265,1.3320754716981131,0.036806743936895876,646,He says we're lost.  Loch Ness isn't anywhere around here.
2107,1459,19,49,194,262,1.33206106870229,0.037489956933242495,646,"Well, he calls you the Abominable Keith!"
1196,1459,18,51,193,262,1.33206106870229,0.037097835625192116,646,There's always somebody who shows off with no proper equipment or clothes.
2380,1461,23,40,196,259,1.332046332046332,0.039345308075383625,646,"Goodbye, John, no more washing & ironing shirts for me."
3316,1462,20,45,191,256,1.33203125,0.038503195641423266,646,I don't care if there are 10 Big Feet behind me!
4456,1462,15,55,186,256,1.33203125,0.03645970104227285,646,I just feel like it's weird that he's technically naked.
1778,1464,10,61,173,244,1.3319672131147542,0.03535430286478384,646,He said no to the selfie but otherwise seemed nice.
885,1465,19,66,229,314,1.3312101910828025,0.033080843403314304,646,He was asking for directions.
4393,1466,21,59,225,305,1.3311475409836067,0.03437380453026044,646,"No, he goes by ‘Barefoot’"
559,1467,22,50,212,284,1.3309859154929577,0.036467896560070816,646,Are you checking her out?!
2050,1468,18,57,206,281,1.3309608540925266,0.035332080028254303,646,He says the guru is just a myth.
439,1469,20,52,206,278,1.330935251798561,0.03631500783740436,646,Of course he's upset. You treated him abominably.
2566,1469,21,50,207,278,1.330935251798561,0.03667085759035897,646,Who knew!... he’s not abominable at all.
5081,1471,16,58,198,272,1.3308823529411764,0.03537079706699165,646,"That reminds me, I forgot to pack my razor."
5042,1471,19,52,201,272,1.3308823529411764,0.03650330338416734,646,"Thankfully, he said he's a vegan now"
4080,1471,22,46,204,272,1.3308823529411764,0.037601715795410454,646,The government shutdown is awful for sure ... but this volunteer tour guide is fantastic.
1875,1474,21,47,201,269,1.3308550185873607,0.037532264938515594,646,"Sure. I turn around and you shout, Gotcha! Very funny."
2523,1474,19,51,199,269,1.3308550185873607,0.03678567999810524,646,"Wow. 'Abominable?' Really, Greg?"
4348,1474,22,45,202,269,1.3308550185873607,0.03790004275275808,646,There's a lot more to him than those big feet!
367,1477,14,59,190,263,1.3307984790874525,0.035373402029987205,646,Who knew he was sensitive about his body hair?
630,1477,18,51,194,263,1.3307984790874525,0.0369780714159477,646,I guess he's not missing anymore.
1074,1477,15,57,191,263,1.3307984790874525,0.03578131663022001,646,He's going back for his parka.
1422,1477,21,45,197,263,1.3307984790874525,0.03813729030088265,646,He says he’s considering running in 2020 because he can’t be any worse than the incumbent.
5130,1477,18,51,194,263,1.3307984790874525,0.0369780714159477,646,Well if you won't ask him for directions than I will!
1740,1482,24,38,198,260,1.3307692307692307,0.03959136500375806,646,"I said good morning and how are you doing and all he said was 
"" I go up, I come down, Yeti Yeti Yeti"""
73,1482,17,52,191,260,1.3307692307692307,0.036872428384371304,646,The one time we forgot the camera!
4148,1484,23,39,195,257,1.3307392996108949,0.039545224414983426,646,Should I say something?
4935,1484,21,43,193,257,1.3307392996108949,0.0387688935702549,646,"He says it's Jeti with a ""J""!"
3943,1486,10,64,180,254,1.330708661417323,0.03443964762741333,646,He said the 'mile high club' is a myth.
417,1487,17,49,185,251,1.3306772908366533,0.03777766469713351,646,"‘Not entirely unlike Sisyphus,’ were his words to me in passing."
114,1488,16,49,180,245,1.3306122448979592,0.0379775620402671,646,He's leaving - said he's on a quest for intelligent life forms
4973,1489,24,32,186,242,1.3305785123966942,0.04172839799311474,646,It IS true what they say about big feet...
4464,1490,15,48,173,236,1.3305084745762712,0.038503454770517045,646,"He says the best ascent is up the north ridge, but then again, he doesn't exist!"
5992,1491,20,34,170,224,1.3303571428571428,0.04234138057952804,646,"Hi, I'm Maggie - so what inspired you to try out high-altitude speed dating?"
1774,1492,18,66,225,309,1.3300970873786409,0.03310931592191603,646,He said “Millennials are abominable.”
4114,1493,24,52,227,303,1.33003300330033,0.03545013574811495,646,"Honestly, I thought his footprints would be bigger."
5440,1494,18,59,211,288,1.3298611111111112,0.034724036925091274,646,"Follow him if you want, but I don't think he really knows where the bathroom is."
2274,1495,26,40,213,279,1.3297491039426523,0.038281171090987,646,It's not what it looks like...
1844,1496,20,51,205,276,1.3297101449275361,0.036478083157937366,646,"Relax, he didn't even get to first base camp."
2424,1497,17,56,200,273,1.3296703296703296,0.035641697735294284,646,Looks like this next stretch is going to get pretty hairy.
5731,1497,16,58,199,273,1.3296703296703296,0.03526183158871388,646,"I wasn't mocking him; I thought ""Abominable"" was his first name."
5812,1497,21,48,204,273,1.3296703296703296,0.03712231161050091,646,Should we have asked for a selfie?
3642,1500,22,44,201,267,1.3295880149812733,0.03808151934977477,646,His wife made him stop and ask directions.”
4693,1500,20,48,199,267,1.3295880149812733,0.037334722970239986,646,"Don't worry, no one will believe he reached the summit first."
5030,1500,22,44,201,267,1.3295880149812733,0.03808151934977477,646,so apparently it's just a myth about foot size for men
3491,1503,15,57,192,264,1.3295454545454546,0.03566754025754729,646,Was that necessary? Did you have to call him abominable?
668,1503,20,47,197,264,1.3295454545454546,0.03763242268906966,646,He says another 2000 feet and then it's all down hill.
1782,1505,17,52,192,261,1.3295019157088122,0.036752739431480136,646,"For only a small extra fee, the guides will wear the costume for 
our selfies at the top."
3656,1505,22,42,197,261,1.3295019157088122,0.03870563359571845,646,"Brad, you can't just ask him why he's abominable."
5947,1507,17,51,190,258,1.3294573643410852,0.03704546345352108,646,I thought you said we'd have the summit to ourselves.
592,1508,16,52,187,255,1.3294117647058823,0.0369288446496256,646,I told you we were going the right way.
2451,1508,18,48,189,255,1.3294117647058823,0.037755748614154795,646,"Abominable he can live with,"" he says,""but Bigfoot hurts his feelings."
5752,1508,13,58,184,255,1.3294117647058823,0.03565254672204463,646,"For the last damned time, I didn't eat your trail mix."
712,1511,21,41,190,252,1.3293650793650793,0.039294089380786816,646,Is it me or is the guide a bit rude?
5129,1512,18,46,185,249,1.3293172690763053,0.03838712604556469,646,Wow! This nature walk really lets you get in touch with the locals!
1489,1512,19,44,186,249,1.3293172690763053,0.038806688354124014,646,He asked me if he was close to the top
4164,1514,19,43,184,246,1.329268292682927,0.039139844974406694,646,"I think he said, ""It's 5 o'clock somewhere."""
5296,1515,15,49,176,240,1.3291666666666666,0.038038516717504585,646,I think he just made an anti-Homo sapien remark.
3191,1516,24,48,220,292,1.3287671232876712,0.03637636706736169,646,That's it--I'm asking for directions!
5418,1516,18,60,214,292,1.3287671232876712,0.03438047541725514,646,He's much more handsome than his photos.
533,1516,19,58,215,292,1.3287671232876712,0.0347210923661729,646,"Just because he is abominable, doesn't mean he's a bad leader."
651,1516,19,58,215,292,1.3287671232876712,0.0347210923661729,646,"Go back to the last glacier and take a RIGHT, just like I said the first time."
284,1520,19,57,213,289,1.328719723183391,0.03496779053876772,646,Let's cancel next week's trip to Loch Ness.
1571,1520,17,61,211,289,1.328719723183391,0.03427372077993916,646,I can't believe you used the a-word.
4580,1520,25,45,219,289,1.328719723183391,0.03697190409417441,646,I'm leaving you for someone far more abominable.
5566,1523,25,44,217,286,1.3286713286713288,0.03725076997701451,646,He wanted to know if 2020 was over.
1277,1524,20,53,210,283,1.3286219081272084,0.035827220613859186,646,He asked if we knew any single and abominable snow women.
3350,1524,20,53,210,283,1.3286219081272084,0.035827220613859186,646,He said he is not from around here.
4260,1526,19,54,207,280,1.3285714285714285,0.035737319760997775,646,He said we should try the Paleodiet
4960,1526,27,38,215,280,1.3285714285714285,0.03849635218743091,646,"He said, ""All they call me is Big Foot, but they should see my other parts!!"""
5390,1528,20,51,206,277,1.3285198555956679,0.03636563974916518,646,"Okay, first off.... He doesn’t appreciate the label “abominable.”"
5117,1529,15,60,199,274,1.3284671532846715,0.034771126794814235,646,Why don't men ask for directions when they're lost?
2711,1530,19,51,201,271,1.3284132841328413,0.036554343165572864,646,"I’m sorry to leave you Mark, but he’s more of a social climber."
5309,1530,20,49,202,271,1.3284132841328413,0.0369263267999386,646,Just because I haven't shaved my legs in a while doesn't give you the right to draw a comparison.
5649,1532,24,38,200,262,1.3282442748091603,0.03932895347397189,646,"The border's just ahead, but he says there's a very big wall."
3979,1533,18,49,192,259,1.3281853281853282,0.037327165406813044,646,He invited me up for a drink.
4662,1534,19,45,189,253,1.3280632411067195,0.03835068858675761,646,"His friends don't think we exist, so he's getting a lump of charcoal to draw us."
361,1535,19,44,187,250,1.328,0.03867359029551538,646,He said we should have turned left at the crevasse to get to Starbucks.
1773,1535,11,60,179,250,1.328,0.03519401190395295,646,"Lets just follow that guy, he seems to know where he is going"
3255,1535,17,48,185,250,1.328,0.037833709284617226,646,He's my support Yeti.
1928,1538,15,51,181,247,1.3279352226720649,0.037277862514703886,646,"See, I told you this hike would be legendary."
2476,1539,17,45,179,241,1.3278008298755186,0.038806479483817824,646,I had to find out if it was true what they say about big feet.
120,1539,16,47,178,241,1.3278008298755186,0.038358372010770116,646,Who is he to be lecturing us about footprints?
913,1541,22,53,221,296,1.3277027027027026,0.03536551465897086,646,He has a summer place at Loch Ness.
4273,1541,27,43,226,296,1.3277027027027026,0.03694916681138915,646,People say we're  self-absorbed. Do you think we're self-absorbed?
1307,1543,20,53,211,284,1.3274647887323943,0.03571959263294482,646,Nope. I didn't see anything either.
1538,1544,18,54,203,275,1.3272727272727274,0.03579515830761863,646,I told you he wasn't real!  Do you see any footprints??
3919,1544,18,54,203,275,1.3272727272727274,0.03579515830761863,646,"Don't worry, he's only a myth"
1042,1546,20,49,203,272,1.3272058823529411,0.03681012497264569,646,He wants us off his mountain. We're not white enough.
5335,1547,19,50,200,269,1.3271375464684014,0.036721141206267065,646,"Don't bother asking -- he already has home, auto, and life."
3964,1547,18,52,199,269,1.3271375464684014,0.03634143478516831,646,You had to put your big foot in your mouth!
4277,1547,20,48,201,269,1.3271375464684014,0.0370969613410124,646,"I've told you Greg, it's not the size of your feet that's the issue."
5287,1547,14,60,195,269,1.3271375464684014,0.0347811811941571,646,"Well, he looked like he knew the way out of the parking lot."
4929,1551,22,43,201,266,1.3270676691729324,0.03814114515745303,646,"Go ahead, you tell him we are going the wrong way."
217,1551,18,51,197,266,1.3270676691729324,0.036623157681495676,646,He likes what I do with my hair.
1519,1553,17,52,194,263,1.326996197718631,0.0365155645438302,646,I've decided I need to try something different in life--don't take it personally.
5813,1553,19,48,196,263,1.326996197718631,0.03730196444141437,646,Maybe we've been reading that evolution diagram backwards.
5931,1553,13,60,190,263,1.326996197718631,0.034889629684002145,646,"Actually, he respects me."
4615,1556,12,61,187,260,1.3269230769230769,0.0347274034754457,646,Just ask him for directions.
5153,1556,20,45,195,260,1.3269230769230769,0.037994641592554015,646,"I asked if we found the abominable snowman. He said, “Not Yeti.”"
1738,1558,15,53,186,254,1.3267716535433072,0.03655642539912604,646,I just said “You know what they say about big feet” and he stormed off.
2046,1559,18,60,216,294,1.3265306122448979,0.03418267285074182,646,He said he'll have another showing in two weeks.
5716,1559,19,42,184,245,1.3265306122448979,0.03920367226903438,646,"Sorry, but I have to follow my inner yeti."
4788,1561,17,60,211,288,1.3263888888888888,0.034313310348729496,646,Asking him about his origins was very discriminating. YOU are a monster.
5737,1562,16,61,208,285,1.3263157894736841,0.03419674315109083,646,"That's all right -- he doesn't believe in you, either.""  --Stephen West, Laurel, Marylan"
4246,1563,16,59,204,279,1.3261648745519714,0.03468650400279895,646,No hello! Not a smile!  Not even a nod! No wonder his ilk went extinct!
1315,1564,22,45,206,273,1.326007326007326,0.03742142309565236,646,"He said no pictures, but I got an autograph."
4335,1565,19,50,201,270,1.325925925925926,0.036604941947825806,646,It's amazing what you can do with a comb-over!
4459,1566,15,57,195,267,1.3258426966292134,0.03533027755618463,646,"I told you that we were overdressed!"""
4688,1567,18,49,194,261,1.3256704980842913,0.037083080282635406,646,"He insisted his name was Yuri, not Yeti."
6075,1568,18,48,192,258,1.3255813953488371,0.03738083708033754,646,Think he'd be offended if I asked him to take our photo?
725,1569,14,55,186,255,1.3254901960784313,0.03600908950779848,646,He says he's not coming down until they bring back the McRib.
5884,1570,15,51,183,249,1.3253012048192772,0.03702452645431566,646,Ignore him.  He doesn't like to be noticed.
2472,1571,21,51,214,286,1.3251748251748252,0.0358500436810272,646,"He keeps muttering ""I am not fake news.  I am not fake news"""
5062,1572,18,43,182,243,1.3251028806584362,0.038972290738811574,646,Why don't YOU tell him that he's abominable?
6064,1573,13,52,175,240,1.325,0.037029239455009834,646,"The oxygen is too thin up here — and besides, he just ate Jim."
1668,1573,19,53,208,280,1.325,0.035675221851770834,646,He says there's nothing to see here
5526,1573,22,47,211,280,1.325,0.03673590028415882,646,Didn’t that guy pass us eons ago?
1467,1576,20,50,207,277,1.3249097472924187,0.03630325850432349,646,Did you see his six pack. Abdominal indeed!
3029,1576,22,46,209,277,1.3249097472924187,0.03701684735662604,646,I told you it's better to follow the locals
4279,1576,15,60,202,277,1.3249097472924187,0.03445468839725149,646,"I figured he'd take ""abominable"" as a compliment."
935,1579,26,37,211,274,1.3248175182481752,0.0387105403477049,646,"Sorry Eric, even he doesn’t want Mattis’ job"
1189,1580,20,48,203,271,1.3247232472324724,0.03686208209157536,646,"Actually, his name is Bigdick — he’s Bigfoot’s more popular brother."
2422,1580,21,46,204,271,1.3247232472324724,0.037230991160529706,646,He never really believed in me.
1524,1582,16,43,172,231,1.3246753246753247,0.03944117230544728,646,It’s Abominable SnowPerson!
3113,1583,29,41,235,305,1.3245901639344262,0.03669734519284587,646,Wish you had one that big!
3932,1584,20,46,199,265,1.3245283018867924,0.03744455898632825,646,I told him to stay hidden until Trump was gone.
4525,1584,14,58,193,265,1.3245283018867924,0.03507945853430023,646,He’s going ahead to prepare the appetizers
260,1586,15,43,167,225,1.3244444444444445,0.03967015679812731,646,No more abominable than the rest of you.
5654,1587,13,59,190,262,1.3244274809160306,0.03492800102783322,646,"Dad, you promised you wouldn't make a scene!"
5141,1587,21,43,198,262,1.3244274809160306,0.038130630181799345,646,Oh just give it up already. You’ll never convince him down is superior to fur.
4650,1587,18,49,195,262,1.3244274809160306,0.03696217755643377,646,"It’s great, you still spot some of the old locals around here, it’s the only bit of Everest that we haven’t totally gentrified"
961,1587,17,51,194,262,1.3244274809160306,0.036564396712249106,646,"Until this moment, I thought you were pretty well endowed!"
362,1591,11,62,186,259,1.3243243243243243,0.03433081999068009,646,Let’s ask him for directions; he seems to be a local.
3042,1591,23,50,223,296,1.3243243243243243,0.03563199202303783,646,"Look, he doesn't want to be in the selfie."
4466,1591,18,48,193,259,1.3243243243243243,0.03725744272828308,646,"Actually, no.  I found him to be quite pleasant."
3619,1594,17,60,213,290,1.3241379310344827,0.03411328126273437,646,"I thought he said Eddie, not yeti."
5819,1595,23,36,194,253,1.3241106719367588,0.0398848106352692,646,"Keep quiet, the body language says he's not going to be responsible for his actions if we keep asking, are we their yeti ?"
5522,1596,14,53,183,250,1.324,0.03646112525167693,646,"Good news. We found him.
Bad news. He's not into us."
2362,1597,26,40,218,284,1.323943661971831,0.03769426746817835,646,We're out of luck -- he didn't bring his selfie stick either.
2561,1598,17,57,207,281,1.3238434163701067,0.03484482434025908,646,"Fictional or not, he’s a heckuva trail guide."
4775,1599,22,46,210,278,1.3237410071942446,0.036901965389925004,646,That's Mister Everest. He's the owner.
4401,1599,20,50,208,278,1.3237410071942446,0.03619131173743122,646,"I'm sorry, Steve, but I've found someone else."
2168,1599,20,50,208,278,1.3237410071942446,0.03619131173743122,646,He's taking us to Elvis and the Easter Bunny.
1172,1602,21,45,203,269,1.3234200743494424,0.037404273782746404,646,Because he's not a wuss.
2453,1602,19,49,201,269,1.3234200743494424,0.036655082031318974,646,Please don't ruin this by proposing at the summit.
5149,1602,19,49,201,269,1.3234200743494424,0.036655082031318974,646,"I'm sorry to say, but foot size has nothing to do with it."
2703,1605,21,44,201,266,1.3233082706766917,0.03770164751071301,646,"Yes, I am leaving you."
1898,1606,20,45,198,263,1.3231939163498099,0.03762160250883222,646,"I told you a million times Steve, that was decades before we met. It's long over, leave him alone"
2947,1606,22,41,200,263,1.3231939163498099,0.03838534971270268,646,Don't be jealous--I don't see him often.
4696,1608,22,51,221,294,1.3231292517006803,0.03545783451466943,646,Can you believe it? He said we’re an illusion because we’re not leaving tracks.
5036,1608,16,63,215,294,1.3231292517006803,0.03343580655172717,646,"Well, I'd bet your feelings would be hurt if I called you abominable."
2423,1610,19,46,195,260,1.323076923076923,0.03753258923720959,646,"Okay Wendell, Billy is not your son. I suppose it was only a matter of time before you guessed the truth anyway."
3721,1611,21,41,195,257,1.3229571984435797,0.038632886074534224,646,"I'm HIS service animal. He calls me ""Not Yeti."""
3266,1611,17,49,191,257,1.3229571984435797,0.03702572829410167,646,"Nice, Dan! I told you not to say anything. He has a ""condition""."
3247,1613,23,45,214,282,1.322695035460993,0.03685518051368721,646,What is wrong with you?  He says there's a Starbucks up there.  Why don't you believe anyone about anything?
30,1614,13,64,202,279,1.3225806451612903,0.03348533108918348,646,You promised we wouldn’t see any other tourists.
4257,1615,12,65,199,276,1.3224637681159421,0.03332688830400192,646,"I have a funny feeling about our trail guide, yet - I can't put my finger on why"
4399,1615,20,49,207,276,1.3224637681159421,0.036352237525247036,646,You first...
4820,1615,19,51,206,276,1.3224637681159421,0.03598798010390287,646,He's just misunderstood. There were more abominable people at base camp.
4678,1618,16,47,182,245,1.3224489795918368,0.03782443698182061,646,"You just had to insist we leave our smartphone-cameras behind on this climb, didn't you Nature Boy?"
5239,1619,17,54,202,273,1.3223443223443223,0.03550997088323276,646,"Look,they don't leave footprints after all."
743,1620,13,60,194,267,1.3220973782771535,0.034452153502630006,646,He says Bigfoot's a myth.
3744,1621,20,45,199,264,1.321969696969697,0.03749881431423834,646,Evolution? We can’t even keep up with him.
4052,1621,17,51,196,264,1.321969696969697,0.036328302868682105,646,He obviously hasn't seen the Patagonia catalogue.
2698,1623,19,37,177,233,1.3218884120171674,0.04054405814398396,646,"He was happy to hear that the climate is warming, since he is losing some of his hair."
4542,1624,16,52,193,261,1.3218390804597702,0.03620794912368394,646,He asked me if I know of a good place for electrolysis.
5312,1625,23,47,219,289,1.3217993079584776,0.03620035218563972,646,He’s going to get his family for a group selfie
1156,1626,15,53,190,258,1.321705426356589,0.03607655688019286,646,Climate change is driving them to higher elevations.
308,1627,15,52,188,255,1.3215686274509804,0.03636047131795446,646,You don't even know him - your intolerance is what's abominable.
5251,1627,16,50,189,255,1.3215686274509804,0.03678263676781919,646,I swear it's over. He's an animal.
2042,1629,20,51,212,283,1.3215547703180213,0.035704662080488656,646,He just called me an abominable human!
505,1630,27,36,217,280,1.3214285714285714,0.03837979361932545,646,'He says he's gonna build a wall.'
4469,1630,13,55,184,252,1.3214285714285714,0.03577746893168407,646,Tinder is really getting weird.
4334,1632,22,45,210,277,1.3212996389891696,0.036954287582306254,646,This isn't what it looks like...
3937,1633,20,48,206,274,1.3211678832116789,0.036515061645539054,646,"Really, mister sensitive, 'abominable?'"
4905,1634,23,33,190,246,1.3211382113821137,0.040657872219695676,646,He says that the only thing that’s abominable these days is Trump.
278,1634,15,49,182,246,1.3211382113821137,0.03725037625256387,646,Is that what we were or what we will be?
1666,1634,17,45,184,246,1.3211382113821137,0.038130808299542455,646,Did you have to use the A-word?
2850,1637,9,69,193,271,1.3210332103321034,0.03245461517158366,646,He said the view's not worth it.
3518,1637,18,51,202,271,1.3210332103321034,0.03604586669730926,646,Did you have to call him Abominable?
3671,1637,22,43,206,271,1.3210332103321034,0.037531838918947055,646,"Sasquatch? No, it’s only Trump in costume hiding from Nancy Pelosi."
4598,1640,16,46,181,243,1.3209876543209877,0.038010536973908195,646,"He’ll be right back, he left his shades in the car."
1518,1641,22,42,204,268,1.3208955223880596,0.037829733395210195,646,He says the conditions ahead are just abominable
3338,1641,20,46,202,268,1.3208955223880596,0.037083533472976105,646,"He said he was flattered, but worried about the optics of another white male hosting the Oscars."
4366,1641,17,52,199,268,1.3208955223880596,0.03593519227685203,646,Sasquatch? Really? I can't believe you think all ape-like creatures look the same.
319,1644,17,60,216,293,1.3208191126279865,0.03381735618822922,646,I told you he wouldn't care about your bucket list.
5434,1645,19,47,199,265,1.320754716981132,0.036992390440394936,646,"Yer damn straight I married 'im, and he wants you to stop followin' us."""
1980,1645,19,47,199,265,1.320754716981132,0.036992390440394936,646,You’re the one with no social skills!
4786,1647,17,59,214,290,1.3206896551724139,0.0340511105534668,646,"I swear, I've never seen him before in my life."
5822,1648,17,50,195,262,1.3206106870229009,0.0364933451528427,646,Looks like your claim about making it to the top isn’t the only urban legend around here.
128,1649,12,68,207,287,1.3205574912891986,0.03246429342705704,646,He asked me for my phone number
4430,1650,18,39,177,234,1.3205128205128205,0.03993720963589817,646,If I have to say size doesn't matter one more time . . .
5847,1651,16,51,192,259,1.3204633204633205,0.03637225198086001,646,I told you not to book an unlicensed Sherpa.
1038,1652,16,59,209,284,1.3204225352112675,0.03417001715482019,646,He asked for a MAGA hat: he's a big fan of isolationism.
5772,1652,17,57,210,284,1.3204225352112675,0.034532222060290656,646,He said the Starbucks is up ahead.
3197,1654,19,52,210,281,1.3202846975088969,0.035503205427544045,646,You shouldn't have said that about his feet.
1347,1654,19,52,210,281,1.3202846975088969,0.035503205427544045,646,"Believe it Seth, you’re finally free to date that mermaid in 11b"
626,1656,21,39,193,253,1.3201581027667983,0.03901896146390669,646,He's going back into hiding since there are more than enough people being abominable without him.
5775,1656,20,41,192,253,1.3201581027667983,0.03861489035507996,646,Hunting Big Foot would be a lot easier if we weren't blind.
228,1656,17,47,189,253,1.3201581027667983,0.03737647612300929,646,"I'm tired of your constant complaining, Richard.  Either pick up the pace or we'll go on without you."
1678,1659,22,45,211,278,1.3201438848920863,0.03683925268595166,646,"Yeti, Schmeti... He said his name is Paul."
4492,1659,12,65,201,278,1.3201438848920863,0.033127186971472766,646,"George, I'd like to start seeing other people."
1271,1661,18,44,188,250,1.32,0.03810785792118687,646,I already asked. He said it’s faux fur.
1948,1661,17,46,187,250,1.32,0.03768395310055913,646,I'm leaving you because he validates my feelings.
5800,1663,14,59,199,272,1.3198529411764706,0.0343891455922883,646,Thru-hikers are so intense.
747,1664,19,41,187,247,1.319838056680162,0.03885494328897319,646,"No, the most amazing part was finding myself."
2208,1665,20,46,203,269,1.3197026022304832,0.03696467318758975,646,"I tried to say ""Happy New Year"", but my yettish isn't very good."
1709,1666,17,44,183,244,1.319672131147541,0.03831997201442166,646,Let him go first.  He was born here.
2699,1667,16,61,214,291,1.3195876288659794,0.033600955039825665,646,I’m really not sure which of you is worse at asking for directions.
1094,1668,15,47,179,241,1.3195020746887967,0.0377437537193894,646,I’m seeing somebody else.
5207,1669,16,52,195,263,1.3193916349809887,0.03597357078453892,646,He said we can check in to his Airbnb any time now.
4965,1669,18,48,197,263,1.3193916349809887,0.03677156363583339,646,"I told you, Michael. He’s just an old friend."
1010,1669,12,60,191,263,1.3193916349809887,0.03432196964806079,646,He says the coffee at the top is terrible. Let's turn back.
3110,1669,13,58,192,263,1.3193916349809887,0.03474223149337651,646,"Allen, I meant “abominable” in the best way possible!"
4349,1673,17,42,179,238,1.319327731092437,0.03898580690050258,646,He thought we were from Publisher’s Clearing House
3333,1674,14,63,208,285,1.3192982456140352,0.03333528403900278,646,I told you he'd be offended if you asked if he was 'for real.'
3868,1674,19,53,213,285,1.3192982456140352,0.03513957127440775,646,"That's nice of you to say, but if my husband was truly a legend, I wouldn't be the one asking you for directions."
5778,1676,13,57,190,260,1.3192307692307692,0.03500261905297882,646,He might be abominable but that is no excuse to be rude!
5274,1677,21,48,213,282,1.3191489361702127,0.03610133340684681,646,"Of course he ignored us, he's an anti-social climber."
2541,1678,19,44,194,257,1.3190661478599222,0.037765873283665694,646,"No, I thought that you brought the phone."
1008,1678,15,52,190,257,1.3190661478599222,0.036120158556387796,646,I don't know. He just gave me the cold shoulder
3646,1680,20,49,210,279,1.3189964157706093,0.036015927637771415,646,"No, he's on his way to Washington, D.C. to protest. President Trump just did away with the endangered species act."
2462,1680,18,53,208,279,1.3189964157706093,0.035292710262887265,646,He said we have to contact his Agent for a picture.
301,1682,15,44,173,232,1.3189655172413792,0.038731893458862535,646,"God, I hate how your mom follows us everywhere!"
2596,1683,16,49,189,254,1.3188976377952757,0.036830247620831306,646,He said there's nothing worth seeing up there.
4769,1683,20,41,193,254,1.3188976377952757,0.03848321072064492,646,"Sorry, that threw me for a minute. That was my ex."
5260,1683,18,45,191,254,1.3188976377952757,0.03766579779575438,646,"He's nothing but a show-off. Big foot, bigger ego."
5381,1683,13,55,186,254,1.3188976377952757,0.035540109230887185,646,Nothing surprises me anymore.
4409,1687,20,48,208,276,1.318840579710145,0.03628717783420713,646,You want to know what's really abominable?  Your readiness to judge based on appearance.
1775,1688,15,57,201,273,1.3186813186813187,0.03467356414257314,646,I can't believe you said that.  Now tell him you're sorry!
4668,1688,19,49,205,273,1.3186813186813187,0.036193804058183524,646,I've met someone else.
769,1690,22,50,223,295,1.3186440677966103,0.03529576530396994,646,Uncle Bill loves to scare the crap out of mountain climbers.
4721,1691,20,39,189,248,1.3185483870967742,0.039138787348656216,646,He doesn't believe there's an abominable president.
624,1691,14,51,183,248,1.3185483870967742,0.03655058820183167,646,I told him fur is murder and he just ignored me.
1801,1693,15,56,199,270,1.3185185185185184,0.03492826333916352,646,Yeah....we met on tinder.
2197,1693,19,48,203,270,1.3185185185185184,0.03647095970677475,646,"Steve, we should have asked him for directions!  HE looks like he knows where he's going..."
4797,1693,18,50,202,270,1.3185185185185184,0.03609146812506217,646,"Would you believe, he asked me to go up to his place."
5170,1693,16,54,200,270,1.3185185185185184,0.03532025495945298,646,Don't worry. He's just a manifestation of your oxygen deprivation.
5202,1693,20,46,204,270,1.3185185185185184,0.03684654301890471,646,"I bet you used the word 'abominable'"""
2182,1698,19,47,201,267,1.3183520599250935,0.036753912545286156,646,Puffy jackets are out.  The Performance Fleece Onesie is the new must have.
2824,1698,14,57,196,267,1.3183520599250935,0.03478575348587089,646,Who knew he'd be so sensitive about his body hair?!
5061,1698,18,49,200,267,1.3183520599250935,0.03636880255143397,646,Hello? Would you mind taking a photo of us?
984,1701,16,60,213,289,1.3183391003460208,0.03373332721588398,646,I can't help but feel like I'm missing something big...
4539,1701,16,60,213,289,1.3183391003460208,0.03373332721588398,646,Tesla stock down again? I bet next you’ll tell me Sasquatch is standing right behind me!
3130,1703,17,57,212,286,1.3181818181818181,0.034326771693275776,646,He just wanted to make sure we weren't planning on staying and transforming the neighborhood into a hipster's paradise.
2427,1703,14,49,179,242,1.3181818181818181,0.03715196046491507,646,"Bill, I've met someone new."
5870,1703,11,62,191,264,1.3181818181818181,0.033789523096347036,646,Maybe next time bring the camera instead of that damn hiking stick.
124,1703,11,55,176,242,1.3181818181818181,0.03574060766093245,646,We need to head back now! The hallucinations are getting worse.
1016,1703,22,47,217,286,1.3181818181818181,0.03606953822954943,646,"He's a myth, you're not. Suck it up and stop whining!"
383,1708,21,48,214,283,1.3180212014134276,0.03599121301637094,646,I hope you know that without a selfie no one will believe us!
1726,1708,18,54,211,283,1.3180212014134276,0.03493114795237591,646,It's not what you think...
3519,1708,20,50,213,283,1.3180212014134276,0.03564136139398697,646,"I knew the summit was at 8 thousand feet, but nobody told me they'd be BIG feet"
5399,1708,16,58,209,283,1.3180212014134276,0.0342061917278841,646,"He'll guide us to the top, but we can't take pictures."
2682,1712,15,53,193,261,1.318007662835249,0.03572444314842666,646,"Doesn't know, says he's from out-of-town."
4384,1712,23,37,201,261,1.318007662835249,0.03888464201184759,646,"Let's just say, it's not just his foot that's big."
238,1714,15,52,191,258,1.317829457364341,0.03600113288118421,646,He says we should have taken that left back at the Denny's.
339,1714,19,44,195,258,1.317829457364341,0.037639531081097265,646,"Quick, take a picture ... he didn't leave any foot prints!"
1779,1714,17,48,193,258,1.317829457364341,0.03682944385090257,646,"Abominable? Really, Jim? Really"
1206,1717,17,41,178,236,1.3177966101694916,0.03918693450001238,646,"Please do hurry, James, he says the Starbucks closes in ten minutes."
685,1717,12,51,173,236,1.3177966101694916,0.03681447680028554,646,He isn't even TRYING to hide from us!  I'm a little insulted.
2220,1719,14,60,203,277,1.3176895306859207,0.03393546332770691,646,Don't be too hard on yourself George. I've just always been attracted to mysterious men.
1462,1720,16,49,190,255,1.3176470588235294,0.0367068403654825,646,"Dave, I told you not to talk about politics!"
5868,1721,16,42,175,233,1.3175965665236051,0.039066038432841725,646,If I ever get on Jeopardy this is definitely the story I’m telling Alex Trebek!
2845,1722,18,58,220,296,1.3175675675675675,0.03386613874185744,646,I have to warn you: I'm just out of an abominable relationship.
4844,1722,24,46,226,296,1.3175675675675675,0.035837702415711756,646,"No,no...that's not him..I'm looking for the Adorable Snowman!"
1482,1724,14,59,201,274,1.3175182481751824,0.03417741854980221,646,He said he’ll appreciate it we just follow him on Twitter and/or Instagram.
4760,1724,17,53,204,274,1.3175182481751824,0.035331398185922964,646,Your yodeling offended him.
4612,1726,15,50,187,252,1.3174603174603174,0.0365726305338713,646,What did you say to him this time?
5048,1727,14,58,199,271,1.3173431734317342,0.03442423333116231,646,Oh that’s Larry - he’s a bit of a local celebrity.
3997,1728,17,45,187,249,1.3172690763052208,0.03773611655963627,646,"I asked him if he was cold and he said ""not yeti""!"
5687,1729,18,36,173,227,1.3171806167400881,0.040743498394119705,646,He said he'd take us as far as Yetisburg.
1607,1730,16,52,197,265,1.3169811320754716,0.03574206899549356,646,"Look, bigfoot- bigass- we all see things differently, Gary. Does it really matter?! We're lost! Don't you get that?! Let's just ask the guy, 'which way to the summit.' He seems like a local. He should know."
4636,1730,24,36,205,265,1.3169811320754716,0.03880976180773582,646,Do I really have to be the one to ask him for directions?!
3087,1732,18,54,212,284,1.3169014084507042,0.034825941204114766,646,Apparently he finds your puffy jacket abominable.
4170,1732,20,50,214,284,1.3169014084507042,0.03553329082527392,646,He’s kind of sensitive about the back hair.
1721,1734,14,49,180,243,1.316872427983539,0.03702191833570823,646,"You have some big shoes to fill now, Buster."
4556,1734,14,49,180,243,1.316872427983539,0.03702191833570823,646,He said that we are lost
2571,1736,17,48,194,259,1.3166023166023166,0.03670748719639134,646,Who knows? He just wanted directions.
77,1737,15,58,205,278,1.316546762589928,0.03421415770612736,646,"With Amazon Prime, we get free Sherpa."
4691,1737,19,50,209,278,1.316546762589928,0.03570009238456319,646,"I don't care that you two were frat brothers Larry, we are NOT staying in his cave!"
4812,1739,17,41,179,237,1.3164556962025316,0.039044271056750936,646,The moment Jill realizes that “cold weather shrinkage” might be a phenomenon unique to humans.
4609,1739,16,43,178,237,1.3164556962025316,0.038583641566957386,646,Would Bigfoot ask to borrow a phone charger?
46,1741,16,49,191,256,1.31640625,0.03658422112251307,646,"Himalaya, if you know what I mean."
2378,1741,14,53,189,256,1.31640625,0.03573696581044633,646,Well... I do want to be taken higher.
3068,1741,16,49,191,256,1.31640625,0.03658422112251307,646,"My Fitbit says 1,000 steps to the top. His says 250. Go figure."
2008,1744,15,57,203,275,1.3163636363636364,0.03445978270735907,646,"Yes, the tour guide is very experienced."
4772,1744,22,43,210,275,1.3163636363636364,0.03705774178355177,646,"“no, Ken - You’re abominable!”"
1506,1746,23,46,222,291,1.3161512027491409,0.03592498031693761,646,Does your father always have to take off his clothes when he feels hot?
5425,1747,18,62,230,310,1.3161290322580645,0.032794372567600934,646,"'You know I've always wanted a REAL mountain man, Stan.'"
4897,1748,16,53,200,269,1.3159851301115242,0.035360490825815855,646,He said the guru is on the next mountain over.
4445,1749,21,49,218,288,1.3159722222222223,0.035513510720452,646,"I promise, I'll never see him again!"
5475,1750,20,50,215,285,1.3157894736842106,0.035425847927244215,646,His name is Francis. You're the abominable one.
5845,1750,16,52,198,266,1.3157894736842106,0.035627381555571276,646,You're nice but he's Bigfoot. I've been looking for him my whole life.
2162,1750,24,36,206,266,1.3157894736842106,0.038681944977245836,646,Don't drag him into this. I left because YOU are the abominable one!
4315,1750,17,44,186,247,1.3157894736842106,0.037919378739251046,646,Wow. That better be faux fur.
5045,1754,20,43,200,263,1.3155893536121672,0.03748200424446323,646,"He said, ""I'm not the Bigfoot you're looking for,"" but that may have been just a Yeti mind trick."
4019,1754,18,47,198,263,1.3155893536121672,0.03669946246129562,646,He says there's no Starbucks.
2938,1756,15,47,182,244,1.3155737704918034,0.037347097635786364,646,He says he doesn’t want to be discovered.
3852,1756,22,33,189,244,1.3155737704918034,0.04038471549694173,646,Nature sure does get interesting during these government shutdowns.
4607,1756,12,53,179,244,1.3155737704918034,0.03596681264098656,646,"Yes, I do feel sometimes like evolution has passed me by."
4486,1759,18,52,209,279,1.3154121863799284,0.03522586918971317,646,He said he was going up for an iced coffee and asked me if I wanted anything.
1054,1760,15,52,193,260,1.3153846153846154,0.03576531046983357,646,I won't tell if you won't tell.
821,1761,19,49,208,276,1.315217391304348,0.03585508950529107,646,"He said the nearest Starbuck's is two mountains to the left, and down about 4500 feet."
4939,1762,16,49,192,257,1.3151750972762646,0.036462382906597875,646,"He said he's never hiked here before, Yeti looks so familiar."
4981,1762,14,53,190,257,1.3151750972762646,0.035618923367470155,646,No problem! He just wanted directions on how to get to Burning Man
1481,1762,15,51,191,257,1.3151750972762646,0.036043120488416874,646,"You know the old saying?
It will never be the right place to tell you I found someone else."
3175,1762,15,51,191,257,1.3151750972762646,0.036043120488416874,646,He just wanted to know who won the election.
3054,1766,21,33,184,238,1.315126050420168,0.04068465800069006,646,Sure you don't want to meet my Dad?
693,1767,16,54,203,273,1.315018315018315,0.034989383549401246,646,He says he's king of the hill.
2227,1768,12,50,173,235,1.3148936170212766,0.03685634427724643,646,"If he really is so abominable, then why did he just compliment your jacket?"
5103,1769,12,61,197,270,1.3148148148148149,0.03365003223520817,646,The next stretch is a little hairy.
3205,1770,20,50,216,286,1.3146853146853146,0.03531902758724081,646,"No Doug, I haven't heard what they say about guys with big feet."
3345,1771,20,44,203,267,1.3146067415730338,0.03706537984093433,646,Abomanable sex is still sex.
243,1772,22,34,192,248,1.314516129032258,0.03988927430085832,646,Our Smartphone detox was your idea.
2524,1773,13,57,194,264,1.3143939393939394,0.03455503346050812,646,And I say we follow him!
1352,1773,22,39,203,264,1.3143939393939394,0.03812212998275311,646,He told me a little higher up there's a WALL to keep us out.
5644,1775,20,48,212,280,1.3142857142857143,0.035839514192554774,646,"I said to follow “Siri”, not “Yeti”!"
4610,1775,20,48,212,280,1.3142857142857143,0.035839514192554774,646,It'll be hard to follow in his footsteps.
165,1775,18,52,210,280,1.3142857142857143,0.035117908544624446,646,I told him I was seeing someone else.
136,1778,13,56,192,261,1.314176245210728,0.034811933762474906,646,"Honest, we're just friends."
911,1779,12,63,202,277,1.3140794223826715,0.03308290738763604,646,He's going to show us a shortcut.
4546,1779,18,51,208,277,1.3140794223826715,0.035375697757004755,646,He's announced an exploratory committee for a presidential run in 2020.
5523,1779,16,55,206,277,1.3140794223826715,0.03462830607469755,646,"Quick, give him your business card. You are the manager of a Big and Tall store."
5200,1782,23,46,224,293,1.3139931740614335,0.03571184369245451,646,"He asked if he was near the top.  I said ""Not Yeti."""
4134,1783,18,45,195,258,1.313953488372093,0.03716204808703919,646,"But he called me, “Sheena of the Mountain;” you only call me a social climber."
5280,1783,19,43,196,258,1.313953488372093,0.03756568914371816,646,And when have you ever wanted to ask for directions?
5816,1783,11,59,188,258,1.313953488372093,0.034203443368907405,646,I hear the next stretch can get pretty hairy.
4944,1786,14,52,189,255,1.3137254901960784,0.03577630239770059,646,Clothes optional from this point on.
5134,1787,18,49,204,271,1.3136531365313653,0.03590709075174976,646,"He's upset; he thought it was ""abdominal."""
5500,1787,15,55,201,271,1.3136531365313653,0.034746486818759005,646,He's not mad.  He just wants to be seen.
1708,1787,17,51,203,271,1.3136531365313653,0.035524436091020406,646,I can’t believe you dropped the “A” bomb!
2939,1790,15,44,177,236,1.3135593220338984,0.03816863576329683,646,You’re right.  That is who I was making the sweater for.
3691,1791,17,45,190,252,1.3134920634920635,0.03734918808699481,646,Don't be so sensitive!  I just said he was a huge guy.
3952,1791,14,51,187,252,1.3134920634920635,0.036056943716321864,646,He said our table will be ready in 5 minutes
4398,1791,15,49,188,252,1.3134920634920635,0.03649277659611429,646,I don't think so...I heard him muttering that it was a long way to go just for some crappy star wars convention...
2013,1794,20,44,204,268,1.3134328358208955,0.03694547174380744,646,Well if you hadn't called him 'The Abominable Slow Man'...
3492,1794,18,48,202,268,1.3134328358208955,0.03618103935020568,646,Not a soul. You?
3715,1794,14,56,198,268,1.3134328358208955,0.03460154708446499,646,"Okay, so he says we took a wrong turn back at base camp."
4727,1794,22,40,206,268,1.3134328358208955,0.037694404840557125,646,Sorry to drag you along for nothing ... he looked nothing like his tinder profile photo!
706,1798,12,49,172,233,1.3133047210300428,0.03703150829057738,646,But why do you trust his directions over mine?
4956,1799,17,44,188,249,1.3132530120481927,0.037656755553687506,646,I'm leaving you Harry...for Hairy.
2487,1799,14,50,185,249,1.3132530120481927,0.03634375316202325,646,You just HAD to say manscaping!
2113,1801,16,51,198,265,1.3132075471698113,0.03566804531533399,646,See I told you...he said were going the wrong way!
33,1801,15,53,197,265,1.3132075471698113,0.03526502080220424,646,"If I knew he was so sensitive about the size of his feet, I would have called him Sasquatch."
2096,1803,15,58,208,281,1.313167259786477,0.0339040185682109,646,He's not abominable at all. He's been very helpful.
3325,1803,19,50,212,281,1.313167259786477,0.035371742349260174,646,Is it just me or does he look much scarier on Instagram?
708,1805,17,48,197,262,1.3129770992366412,0.036346218687231306,646,Did you see that guy’s calves?
1374,1805,18,46,198,262,1.3129770992366412,0.03674636139324063,646,"Sorry, but I'm leaving you for someone more grounded and in touch with nature."
5734,1805,16,50,196,262,1.3129770992366412,0.03594162141692328,646,HE SAID NEXT HE’S GOING TO FORD EVERY STREAM.
5927,1805,17,48,197,262,1.3129770992366412,0.036346218687231306,646,"I DIDN'T MEAN TO HURT HIS FEELINGS. WHAT DOES ""ABOMINABLE"" MEAN ANYWAY?"
43,1809,19,49,210,278,1.3129496402877698,0.03563264284542985,646,"Look, I know you said you’re good with anything, but I feel like I need to ask again. Are you sure you want to go to this orgy?"
2330,1810,16,60,218,294,1.3129251700680271,0.033245726221827185,646,I swear. Nothing happened!
4892,1811,13,55,191,259,1.3127413127413128,0.03495957158041634,646,"If he eats there, how bad can it be?"
2316,1811,17,47,195,259,1.3127413127413128,0.03663185355725072,646,Nice but a bit paranoid. How many people can be looking for him?
2239,1811,16,49,194,259,1.3127413127413128,0.03622102197000328,646,"Frankly, sometimes you're kind of abominable too, Greg."
2129,1811,17,47,195,259,1.3127413127413128,0.03663185355725072,646,You called him Bigfoot?!
1203,1811,15,51,193,259,1.3127413127413128,0.035805476816585725,646,He hasn’t seen him.
1309,1816,15,56,204,275,1.3127272727272727,0.03438828494240571,646,He asked if you would wait for us here.
5613,1816,18,50,207,275,1.3127272727272727,0.03552720847570733,646,He says we can get a signal up here.
4681,1818,18,49,205,272,1.3125,0.035793415625324135,646,"He says we can use the trails all we want, but his Himalaya Shutdown is going ahead no matter what."
5511,1818,21,43,208,272,1.3125,0.03691295808966622,646,This is why we need immigration reform.
5519,1818,18,44,194,256,1.3125,0.03733624375910378,646,He'll be right back; he left his iphone in the cave
4110,1821,21,47,217,285,1.312280701754386,0.03570861566642841,646,"He said ""Abominable is in the eye of the beholder."""
407,1822,16,52,201,269,1.312267657992565,0.03528750125282696,646,"I think you insulted him when you said ""I don't believe it!"""
2137,1822,18,48,203,269,1.312267657992565,0.03606511338066458,646,"Sorry, Topher, I need more mystery in a man."
6060,1824,28,37,233,298,1.3120805369127517,0.03681813244907832,646,"Wow, you really are never going to propose, are you?"
1027,1825,21,46,215,282,1.3120567375886525,0.035972186780957253,646,He's going back up. He thinks it's become abominable down here.
1819,1826,13,57,196,266,1.3120300751879699,0.03433528732557614,646,'He said walking sticks are for pussies.'
2080,1826,21,41,204,266,1.3120300751879699,0.037495259786355435,646,Taking that gap year did a lot for his self-confidence.”
5221,1826,23,37,206,266,1.3120300751879699,0.03824447860966844,646,I’m sorry but he just fulfills my fantasies more than you.
463,1829,19,40,191,250,1.312,0.03837335086000308,646,You're smarter but he's got the edge in experience.
860,1829,15,48,187,250,1.312,0.03666060555964672,646,"I told you he was sensitive about his body hair, Greg!"
1998,1831,11,65,203,279,1.3118279569892473,0.03248930808212427,646,"Bob, our mountain guide is a beast. There's no way we'll keep up."
2503,1831,20,47,212,279,1.3118279569892473,0.0358835275056124,646,"Oh yeah?  Well, he's a lot less abominable than your ""vacation"" idea."
2877,1831,19,49,211,279,1.3118279569892473,0.0355224115635679,646,He said his name is Harvey Weinstein.
3577,1831,25,37,217,279,1.3118279569892473,0.03763717126749485,646,"No, Mr. Insecure, I couldn't see how hung he is."
5461,1835,22,38,203,263,1.311787072243346,0.038177781899138515,646,"With the furlough, he's had to pull double shifts to rescue hikers."
4717,1836,10,57,180,247,1.311740890688259,0.03466038293269962,646,It's a Yeti not a Yogi! Is it any wonder he goes out of his way to avoid people?
3286,1837,21,44,211,276,1.3115942028985508,0.0365153600887002,646,"“Size does matter - it’s true what they say about big feet."""
1071,1837,12,62,202,276,1.3115942028985508,0.03310917353558996,646,"He said he preferred Saquatch, but if I can't spell it right, go with Bigfoot."
1611,1839,19,52,218,289,1.3114186851211074,0.0346572992628409,646,"Some call him Sasquatch, yeah, but us locals call him hairy naked Bill."
3800,1839,21,48,220,289,1.3114186851211074,0.03534383724577754,646,This tourism on Everest is getting out of control.
2094,1841,18,49,206,273,1.3113553113553114,0.03568042970110425,646,"I didn't mean to hurt you, Larry. There's just something so indescribably sexy about a no-maintenance guy--no clothes, no chitchat, no toilet paper--nothing."
5615,1842,18,53,215,286,1.3111888111888113,0.03455097738246516,646,We leave a bigger footprint than he does!
739,1843,21,42,207,270,1.3111111111111111,0.03708106979092823,646,"Next time you hire a guide get a background search, this guy's abominable!”"
1984,1843,14,56,200,270,1.3111111111111111,0.03438383229461243,646,"Funny how myths develop.  Compared to you today, he wasn’t so abominable after all."
3580,1843,20,44,206,270,1.3111111111111111,0.03670788615990959,646,I said call him Snowman - he hates 'Abominable.'
1006,1846,22,35,197,254,1.311023622047244,0.03913674592440692,646,And yeti seemed so nice.
4840,1847,21,46,216,283,1.3109540636042403,0.035861807650502536,646,That's the last time I'll swipe right on a profile without a picture.
2777,1848,16,42,180,238,1.3109243697478992,0.03835786341672461,646,Said he was out for some “me time” then just kept right on walking.
3710,1849,11,61,195,267,1.3108614232209739,0.03339350723210444,646,"He was heading down for groceries, but forgot his cell phone."
528,1849,15,53,199,267,1.3108614232209739,0.03503951310600681,646,Size matters.
1474,1851,19,54,223,296,1.3108108108108107,0.03407796788484301,646,Ugh. Are you happy NOW that we deleted Facebook? Everyone would be so jealous right now.
1297,1852,17,44,190,251,1.3107569721115537,0.0373976065397929,646,I haven't seen any footprints either.
1935,1852,15,48,188,251,1.3107569721115537,0.036535406867651575,646,Can't be him. Feet are way too small.
2853,1852,12,54,185,251,1.3107569721115537,0.03520253435626992,646,Big foot my ass!! You always change the subject when you’re caught!
351,1855,14,54,196,264,1.3106060606060606,0.03489204109089071,646,"Relax, George. I just told him threesomes are not our cup of tea"
3293,1855,18,46,200,264,1.3106060606060606,0.03650582390562423,646,You've got some pretty big shoes to fill.
2912,1857,18,55,220,293,1.310580204778157,0.03397153499099012,646,"I think he's Italian.  I asked to get a selfie with him, and he kept saying ""not yeti....not yeti"""
349,1858,12,62,203,277,1.3104693140794224,0.03300860221502949,646,"You just had to comment on his looks, didn't you?"
4094,1858,14,58,205,277,1.3104693140794224,0.03379183674176451,646,He said it hurts his feelings when we call him Abominable.
4072,1860,16,49,196,261,1.3103448275862069,0.035982703086203514,646,I just told him to take a hike
3730,1860,24,42,224,290,1.3103448275862069,0.036239694010754234,646,He says it's pronounced yeh--TEE.
2629,1860,22,46,222,290,1.3103448275862069,0.03557510956331644,646,"Well, you know what they say about men with big feet..."
3812,1863,15,55,204,274,1.3102189781021898,0.034422084593673886,646,Don't be so judgy. He looks mostly harmless and he is going our way.
4867,1864,15,46,184,245,1.310204081632653,0.03713215703286918,646,I spoke to the local and it seems we’ve been going the wrong way.
292,1865,15,50,193,258,1.310077519379845,0.03584491677828984,646,"People laugh, but you don't see him freezing out here."
4777,1865,16,48,194,258,1.310077519379845,0.036263221611731844,646,"Actually, he seems indomitable."
4933,1865,15,50,193,258,1.310077519379845,0.03584491677828984,646,Staying warm must have been more important to him than evolution.
1174,1868,17,50,204,271,1.3099630996309963,0.03545196181745447,646,"Don't, he'll just use it for drugs."
3231,1869,19,50,215,284,1.3098591549295775,0.03504914651110048,646,"Actually, he was only mildly unpleasant."
4710,1870,12,55,188,255,1.3098039215686275,0.034819167203660954,646,"He says to please tell the world that they may be wide, but really they're just a size 9 1/2."
5528,1870,12,55,188,255,1.3098039215686275,0.034819167203660954,646,He says he's not coming down until people get over the whole 'abominable' thing.
1214,1872,19,32,175,226,1.3097345132743363,0.0412008973732585,646,"He’s not just abominable, he’s rude!"
5119,1873,15,53,200,268,1.3097014925373134,0.03492778942369498,646,Clearly man is not on the ascent.
954,1873,20,43,205,268,1.3097014925373134,0.03687412587173199,646,"Good job, guide!  He said we should be on the mountain over there!"
724,1875,13,48,178,239,1.3096234309623431,0.0368133706094772,646,"I cant't believe you called him the ""Y"" word!"
204,1876,25,37,219,281,1.309608540925267,0.037401634579057236,646,Who invited your mother?
1039,1876,20,47,214,281,1.309608540925267,0.035662097063959376,646,He said there's a two hour wait.
460,1878,16,46,190,252,1.3095238095238095,0.0368426690446537,646,He said ' No pictures'.
2758,1878,15,48,189,252,1.3095238095238095,0.03641102455029218,646,He recommends the fondue from the chalet on the left.
28,1880,13,56,196,265,1.3094339622641509,0.03436644068692578,646,He prefers Sasquatch. Says the mean kids stuck him with Big Foot.
3031,1880,21,40,204,265,1.3094339622641509,0.03754669573987245,646,"I wanted to be first, so we might as well go back."
5897,1880,18,46,201,265,1.3094339622641509,0.036386688055827406,646,I told him to go get lost if he wants to preserve his reputation
825,1883,16,54,208,278,1.3093525179856116,0.03445089904516795,646,And of course now I realize we left the camera back in the tent!
1015,1883,12,62,204,278,1.3093525179856116,0.03290860732838388,646,I envy his lack of gear.
1125,1883,14,58,206,278,1.3093525179856116,0.03368858027072465,646,These new sunglasses really make a big difference. I'm seeing details I never noticed before.
5807,1883,19,48,211,278,1.3093525179856116,0.03556375193318752,646,She’s a lot taller than I expected
5904,1883,22,42,214,278,1.3093525179856116,0.0366428227366594,646,Way to go! You hurt his feelings.
3788,1888,16,49,197,262,1.3091603053435115,0.035864667696483665,646,"You wait here Jeremy, he wants to show me the view"
4244,1888,22,37,203,262,1.3091603053435115,0.038232959154044316,646,He claims to have been the president.
1234,1888,18,45,199,262,1.3091603053435115,0.03667109644589873,646,He's not leaving any footprints!
2570,1888,15,51,196,262,1.3091603053435115,0.03545457553259657,646,"You go first, dear."
653,1892,17,51,207,275,1.309090909090909,0.0350802043833689,646,He says not Yeti.
1295,1893,18,53,217,288,1.3090277777777777,0.03434451456383475,646,"Yeah, we can go on up, but I had to give him my Netflix passcode."
5322,1893,9,71,208,288,1.3090277777777777,0.03101250789249801,646,He said to leave behind only a small carbon footprint.
3212,1895,13,54,192,259,1.308880308880309,0.034878491409375115,646,"Really, he means nothing to me."
5655,1895,15,50,194,259,1.308880308880309,0.03572631646238746,646,I swear I’ve never seen him before!
3172,1897,19,50,216,285,1.3087719298245615,0.034942868789806854,646,What do you want from me.....he was the only guide they had left!
2572,1897,16,56,213,285,1.3087719298245615,0.033865544360437275,646,We’re friends on Instagram
1510,1897,13,62,210,285,1.3087719298245615,0.032752803092190926,646,"Abominable, shmabominable, at least he asks for directions."
3410,1900,17,45,194,256,1.30859375,0.03684499313956588,646,"Honey, I really enjoyed the Pilates, the tapas dipped in flecks of gold, and the W.B. Yeats poetry, but I want someone more primitive."
3019,1901,13,61,208,282,1.3085106382978724,0.03297418411732946,646,"Apparently, they're very serious about casual Fridays."
2581,1901,13,61,208,282,1.3085106382978724,0.03297418411732946,646,I told you the lack of oxygen does wonders for the imagination.
5827,1903,13,52,188,253,1.308300395256917,0.03541242607443683,646,It's Esteem Lacking Snow Person now.
5080,1903,16,46,191,253,1.308300395256917,0.036717144636237944,646,He says he's got wi-fi
1767,1905,15,52,199,266,1.3082706766917294,0.03507521952060681,646,This guide was highly rated on Yelp!
3269,1906,21,44,214,279,1.3082437275985663,0.036173401651797464,646,"Shhhh, shhhhh, there goes my ex."
4787,1907,13,47,177,237,1.3080168776371308,0.036986433729025395,646,He’s just trying to find himself.
1034,1908,18,45,200,263,1.3079847908745248,0.03655030459778815,646,"No Harvey, he's just an old college friend!"
1284,1909,19,47,210,276,1.3079710144927537,0.03571635877528532,646,"I'll admit Gary's a little grumpy in the mornings, but i wouldn't call him abominable..."
3662,1909,19,47,210,276,1.3079710144927537,0.03571635877528532,646,He wanted to know if i've seen his polar bear
4411,1911,14,61,214,289,1.3079584775086506,0.03280867659142216,646,That's my guide.  Thank god for Google Translate.
6062,1912,17,59,226,302,1.3079470198675496,0.03289459832456104,646,"He said the ""23andMe"" thing is baloney."
225,1913,16,52,205,273,1.3076923076923077,0.034843867545061934,646,"No, I don't think he saw us."
376,1913,18,48,207,273,1.3076923076923077,0.03560846537586736,646,"He's a great guide, just no photo ops."
1536,1913,13,50,184,247,1.3076923076923077,0.03596977668618152,646,Should we ask him to take our picture?
1985,1913,14,48,185,247,1.3076923076923077,0.03642444431647437,646,The all-knowing Guru on top of the mountain? He said he ate him.
3701,1913,17,50,206,273,1.3076923076923077,0.0352282408865541,646,Could you hold up for a bit and give us some space?
3924,1913,17,50,206,273,1.3076923076923077,0.0352282408865541,646,I'm sick and tired of living your fantasies
4948,1913,21,50,228,299,1.3076923076923077,0.03444117535858305,646,Let’s see if he will take our photo.
20,1913,18,48,207,273,1.3076923076923077,0.03560846537586736,646,I know you warned me but he's still my Dad!
5976,1921,16,55,212,283,1.3074204946996466,0.03399975693933081,646,"Actually he was quite pleasant . . . amiable, certainly not abominable."
870,1922,10,63,197,270,1.3074074074074074,0.03266264235746268,646,"You said you wanted to meet my parents, right?"
405,1922,19,45,206,270,1.3074074074074074,0.03625851183334459,646,Yeah. He won’t do any free sightings. He’s going to wait out the shutdown.
1312,1924,12,55,190,257,1.3073929961089494,0.03458954389853912,646,"I told you before, size doesn’t matter!"
387,1925,20,46,214,280,1.3071428571428572,0.035704043590268304,646,He says he needs to get home in time for Dancing with the Stars.
1260,1926,13,48,180,241,1.3070539419087137,0.03655222497185932,646,"He says it's at least another mile and honestly I'm like, how amazing is it ACTUALLY gonna be?"
3365,1926,16,42,183,241,1.3070539419087137,0.03794469119952673,646,"He hit on me, some line about big feet."
4151,1926,16,42,183,241,1.3070539419087137,0.03794469119952673,646,"I'm keeping my name professionally but, yeah, officially it's Karen Bragin-Yeti."
5579,1929,17,36,175,228,1.3070175438596492,0.03992727853359752,646,"Maybe you shouldn't have called him ""abominable"" to his face."
1824,1930,18,49,210,277,1.3068592057761732,0.03523526172123051,646,The Abominable Snowman isn't coming down with us. He's feels the abominable creature we've elected is already one too many.
4822,1930,14,57,206,277,1.3068592057761732,0.03371769339945394,646,"How could you? You know he's sensitive to the use of the ""A"" word!"
2194,1932,17,43,191,251,1.3067729083665338,0.03731602649744741,646,I told you we should have brought our camera. He only wanted $5 for a selfie with him.
1302,1933,15,58,214,287,1.3066202090592334,0.03329954498840967,646,He's half the man and twice the beast that you are.
3219,1934,18,48,208,274,1.3065693430656935,0.035496037145157075,646,How rude of you! He only asked for directions.
22,1934,15,54,205,274,1.3065693430656935,0.034347589347237965,646,You go. I want to be found.
882,1934,20,44,210,274,1.3065693430656935,0.036241456359252744,646,"Yes, and it was the best I ever had !"
413,1937,18,44,199,261,1.3065134099616857,0.03671585142677081,646,He said there's a Starbucks just over the next ridge.
4583,1937,14,52,195,261,1.3065134099616857,0.03507369346006378,646,His unicorn got away.  He's wondering if you've seen it.
5163,1937,18,44,199,261,1.3065134099616857,0.03671585142677081,646,He said we are on the wrong path to enlightenment.
4284,1940,16,55,213,284,1.306338028169014,0.033897116057976434,646,He says the view is so-so.
2817,1941,18,47,206,271,1.3062730627306274,0.03576213610062571,646,"he said, nothing to see up there..."
3750,1941,13,57,201,271,1.3062730627306274,0.03379737186724252,646,He said there’s nothing interesting to see up there.
569,1943,17,45,196,258,1.306201550387597,0.036597777284905916,646,What did he mean when he said we'll be late for dinner?
2446,1943,15,49,194,258,1.306201550387597,0.03576410122675353,646,"Nothing three or four episodes of ""Queer eye"" wouldn't take care of..."
3431,1943,11,57,190,258,1.306201550387597,0.034035543264083055,646,He suggested we try the ascent tomorrow; conditions today are abominable.
2375,1946,19,52,223,294,1.3061224489795917,0.034148001300232586,646,He told me he's lost
2856,1947,14,58,209,281,1.3060498220640568,0.03338238717564436,646,This is where we part ways.
613,1948,18,46,204,268,1.3059701492537314,0.03603373238743175,646,"You just had to tell him that he isn’t wearing pants,"
3037,1948,14,54,200,268,1.3059701492537314,0.034447486438728206,646,"I know he's experienced, but what are his references?"
3311,1950,16,46,193,255,1.3058823529411765,0.03646854621325852,646,"He said there's nothing of note up there, so we might as well give up on finding anything interesting. This whole trip was a waste of time!"
4310,1950,18,42,195,255,1.3058823529411765,0.03730565438599949,646,"YOU wanted to hire a GUIDE, so we are going to follow HIM!"
1136,1952,24,41,226,291,1.3058419243986255,0.03606751787713294,646,"Yeah, I saw it!--Must be the latest from Patagonia."
652,1953,16,53,209,278,1.3057553956834533,0.03437828145744652,646,I have a feeling we ain't seen nothing yeti.
5858,1953,20,45,213,278,1.3057553956834533,0.03585741547705305,646,I'll never let you set me up on a blind date again!
1523,1955,17,47,201,265,1.3056603773584905,0.035915198830866,646,See? I told you he’d lap us again.
4768,1955,14,53,198,265,1.3056603773584905,0.03470069471567069,646,"He just said we should be careful, you never know what creatures are walking around up here."
5485,1955,12,57,196,265,1.3056603773584905,0.033866837538756606,646,I told you he was easily offended.
4584,1958,17,54,217,288,1.3055555555555556,0.03392176454779001,646,"He keeps saying it's just a little bit farther, just over that hill, and he'll show us something really cool!"
4807,1959,21,53,237,311,1.3054662379421222,0.03346663465693627,646,It will be a more pleasant climb if you stay down wind from him
1718,1960,16,52,207,275,1.3054545454545454,0.03462603670372637,646,"Don’t worry Jim, he has a 5-star Airbnb experience rating"
2479,1960,18,48,209,275,1.3054545454545454,0.03538429055864568,646,He's part of the nudist colony just off the trail.
4895,1960,19,46,210,275,1.3054545454545454,0.03575738830793001,646,Are you sure he's a local?
143,1963,11,69,218,298,1.3053691275167785,0.031028624062617968,646,He doesn't look as big in person.
4050,1964,16,48,198,262,1.3053435114503817,0.03578598882724383,646,"Ohh...hello dear, it isnt how it looks"
4198,1964,21,38,203,262,1.3053435114503817,0.03777398986414644,646,He's still mad about getting no credit from Hillary on Everest.
2677,1966,13,61,211,285,1.305263157894737,0.03267992624277907,646,He's always in a mood during tourist season.
5327,1967,15,53,204,272,1.3051470588235294,0.034487628080725655,646,"Post-impeachment, he just wants to be left alone."
4601,1967,18,47,207,272,1.3051470588235294,0.03564820280794972,646,The one time you ask for directions...and it's from a Yeti.
1580,1967,10,63,199,272,1.3051470588235294,0.03246125951495661,646,"Hey, he knows a short cut."
2007,1967,21,41,210,272,1.3051470588235294,0.036772166597019706,646,"He may look like a veteran hiker, but he’s just a Wookie."
3271,1971,18,54,223,295,1.305084745762712,0.033707522625268486,646,You might as well turn back. There's really nothing to see up there.
2978,1972,23,33,203,259,1.305019305019305,0.03885915265322244,646,He won't let us pass due to the shutdown
5636,1972,15,49,195,259,1.305019305019305,0.035645359375649846,646,He exposed himself and all you could do was take a photo!?
1365,1974,17,41,188,246,1.3048780487804879,0.037803941391865985,646,I’m leaving you. He really knows how to make me peak.
3060,1974,13,49,184,246,1.3048780487804879,0.036005582393871575,646,"All he said was, 'I want to be alone'."
858,1976,18,46,205,269,1.304832713754647,0.03591754272782377,646,Was that the Dos Equis guy?
1526,1976,14,54,201,269,1.304832713754647,0.034338033703478016,646,He says it’s too damn hot and come back after we stop global warming.
4757,1976,15,52,202,269,1.304832713754647,0.03473964432557069,646,All I did was to ask him if he thought global warming was fake news.
4426,1979,12,61,206,279,1.3046594982078854,0.03273303798959995,646,Let him lead he knows the neighborhood
5356,1980,13,62,214,289,1.3044982698961938,0.03236856282262791,646,But he swears he knows this trail like the back of his foot.
60,1980,20,48,221,289,1.3044982698961938,0.034870164839287135,646,He said “Follow me if you want to see something really interesting”.
1107,1982,16,59,224,299,1.3043478260869565,0.032704885326342095,646,This is where Biggie and I leave you.
2245,1982,19,39,195,253,1.3043478260869565,0.037896991509650646,646,"I guess it’s true what they say - Bigfoot, big..."
2649,1982,10,57,186,253,1.3043478260869565,0.03396845001173356,646,"He says his name is ""Tom"", he's currently unattached, and his brothers are all tall too - oh, and he hates having his picture taken..."
4538,1982,18,55,226,299,1.3043478260869565,0.0333841563432538,646,He said there are no facilities past this point
5072,1982,16,52,208,276,1.3043478260869565,0.03451809832687813,646,And yet i still don't believe
5670,1982,18,48,210,276,1.3043478260869565,0.03527321979023416,646,"Of course he resents being called Abominable."""
5738,1982,20,44,212,276,1.3043478260869565,0.03601251111261621,646,He says he has a higher calling....
5821,1989,23,41,222,286,1.3041958041958042,0.03615269166871879,646,He’s running for President.
1478,1990,11,58,194,263,1.3041825095057034,0.03357262269158524,646,I'm telling you--Cross Fit.
2919,1991,16,51,206,273,1.304029304029304,0.03476875306181999,646,"He said, ""Frosty's a snowman. I'm a yeti."""
4741,1991,17,49,207,273,1.304029304029304,0.03515394771483111,646,"We've just been ignored by a Yeti, Josh.  Makes me feel, well, abominable, actually."
0,1991,16,51,206,273,1.304029304029304,0.03476875306181999,646,It is your behavior that I find abominable!
4850,1994,15,46,189,250,1.304,0.03649195323084817,646,"The Contiki website said he’s an abominable tour guide, but so far I’d say he’s been great!"
2218,1995,16,54,213,283,1.303886925795053,0.03392805629275783,646,"Wouldn't you know, the selfie was all blurry."
3136,1995,18,50,215,283,1.303886925795053,0.03465883074413436,646,It’s his mountain. I’m not going to drop in without a gift.
45,1997,14,51,195,260,1.3038461538461539,0.03510689557778503,646,"We talked, but even his words were blurry and ambiguous."
6011,1997,14,51,195,260,1.3038461538461539,0.03510689557778503,646,He said cell reception was better near the top.
1511,1999,20,42,208,270,1.3037037037037038,0.03656312523799303,646,"""I know I recognize him from somewhere, but I just can't put my finger on it."
2213,1999,18,46,206,270,1.3037037037037038,0.03580207348949983,646,He says he’s building a wall.
4097,1999,10,62,198,270,1.3037037037037038,0.032580574305267875,646,Please tell me it's Halloween and that's your very large friend wearing a costume.
4826,2002,18,39,190,247,1.3036437246963564,0.03810518182775864,646,You've really offended him Bill. You just don't call a Yeti Bigfoot
5575,2002,12,51,184,247,1.3036437246963564,0.035419105418763794,646,These days I never know what to believe
4524,2002,12,51,184,247,1.3036437246963564,0.035419105418763794,646,"Yeah, well, I can't help his language skills, but he's still the guide."
2821,2005,24,44,235,303,1.3036303630363035,0.03499549674259923,646,"No John, he doesn't have a big dick"
1000,2006,21,43,216,280,1.3035714285714286,0.035991626680861734,646,"Come on Todd, I may be blind but my nose works."
3735,2006,16,53,211,280,1.3035714285714286,0.03416707477397204,646,"Okay, I have been seeing someone else."""
5069,2006,12,61,207,280,1.3035714285714286,0.03263406877161871,646,"See, I told you fur was in again."
1398,2009,18,42,197,257,1.3035019455252919,0.037052872674529225,646,"It's been downhill with us for so long, I just need a change."
514,2010,11,66,213,290,1.303448275862069,0.03152576189936378,646,"""He prefers Melvin to Sasquatch. But he'll answer to Bigfoot."""
5181,2011,13,55,199,267,1.303370786516854,0.03406733875384182,646,He says he wants to clean up a little first.
5915,2011,14,53,200,267,1.303370786516854,0.034478164947258506,646,I think we’ve discovered who’s really abominable here—and I’m pressing on with the yeti.
1700,2013,17,57,226,300,1.3033333333333332,0.032951548273648996,646,I actually think his feet are the perfect size for his body.
3340,2014,14,56,207,277,1.3032490974729243,0.033641983068830275,646,I'm not afraid but... I'll race you to the bottom...
5367,2015,19,39,196,254,1.3031496062992125,0.0377665086648081,646,"Yeah, well the stench is real too. I'm heading back."
4194,2015,16,45,193,254,1.3031496062992125,0.036509470018896026,646,You hired him as our guide so who's the neanderthal really?
149,2015,18,41,195,254,1.3031496062992125,0.0373521965196101,646,Who knew we’d run in to the next GOP Presidential candidate up here!
66,2015,16,45,193,254,1.3031496062992125,0.036509470018896026,646,I don't know what's worse--me running out of water or you running out of photo storage space on your iPhone.
2977,2015,15,47,192,254,1.3031496062992125,0.0360807262838654,646,I TOLD YOU he wouldn't want to take a selfie!
728,2020,18,51,218,287,1.3031358885017421,0.03431039219893971,646,"He said, ""46 and half, triple E."""
3011,2021,13,54,197,264,1.303030303030303,0.03431501278611828,646,"Suddenly me not having a razor for a week doesn't seem so bad, huh?"
230,2022,21,41,212,274,1.302919708029197,0.03653710192436338,646,He is less abominable where it counts ... good bye and good luck.
2443,2022,15,53,206,274,1.302919708029197,0.0342715085594954,646,He asked for my number then remembered he left his phone in his cave.
4882,2022,19,45,210,274,1.302919708029197,0.035797839473941266,646,"He Said, ""No Habla Ingles!"""
5479,2022,13,57,204,274,1.302919708029197,0.03348226086921724,646,"Wow. I guess it's really true what they say about a man who has a big  foot""."
485,2026,17,45,199,261,1.3026819923371646,0.036232890024952884,646,"You don’t always get to choose your mentor in life, Jason."
4889,2026,17,45,199,261,1.3026819923371646,0.036232890024952884,646,"Yes, Brad! I’m going with the yeti."
3650,2026,14,51,196,261,1.3026819923371646,0.034991498821337876,646,He may know the mountain but that doesn't mean we should follow him
270,2026,15,49,197,261,1.3026819923371646,0.03541013178497415,646,"I think he said we're near the top, but his accent is abominable."
187,2026,17,45,199,261,1.3026819923371646,0.036232890024952884,646,He wanted to know what 'abominable' means.
2598,2031,20,55,239,314,1.302547770700637,0.0328809038929844,646,"His daughter lost a mitten yesterday, he's just out checking everywhere."
5698,2032,18,49,214,281,1.302491103202847,0.034800662693276106,646,"Yeti, schmeti, I say let’s follow him!"
5783,2032,20,45,216,281,1.302491103202847,0.03552358321968108,646,So sorry John. I'm in love with him. We're going to meet his mom.
1592,2034,18,55,228,301,1.302325581395349,0.03319267756262756,646,"He said, ""Google Earth can just leave me the hell alone."""
4660,2035,17,47,204,268,1.3022388059701493,0.0355669007102619,646,Oh stop. You just have footprint envy.
2133,2036,20,44,214,278,1.3021582733812949,0.03578634671453321,646,He said he's a local but I'd feel more comfortable looking it up on Waze.
5480,2036,14,56,208,278,1.3021582733812949,0.033538494272744156,646,Every day about this time. He has quite a commute.
1432,2036,11,62,205,278,1.3021582733812949,0.0323560595798986,646,I bet that guy knows something we don't.
2858,2039,13,45,177,235,1.3021276595744682,0.03706570942586967,646,He's actually sort of likable.
1304,2040,15,57,216,288,1.3020833333333333,0.03312922958190651,646,He would come down more often but people keep talking about his feet.
891,2041,26,38,234,298,1.3020134228187918,0.036018044465364794,646,He says he has to get back to the White House.
1976,2042,17,43,195,255,1.3019607843137255,0.03680731923873458,646,Looks easier without a backpack.
3597,2042,18,41,196,255,1.3019607843137255,0.03722441729123044,646,"I know it’s Trump, it said it was the greatest abdominal snowman."
1717,2044,14,52,199,265,1.3018867924528301,0.03461977092961732,646,"He says the mountain is calling, but so is nature."
2095,2045,20,43,212,275,1.3018181818181818,0.036054425222018516,646,He asked if Trump was still alive.
2718,2045,12,59,204,275,1.3018181818181818,0.032978465336742105,646,No!  We cannot go to his place for “drinks.”
1249,2047,21,44,220,285,1.3017543859649123,0.035507740555062686,646,It's over. I'm leaving you to start a new life with Jeffrey!
4500,2047,14,58,213,285,1.3017543859649123,0.0329822984187303,646,He packed NONE of his waste out of base camp.  Talk about abominable!
4756,2047,20,46,219,285,1.3017543859649123,0.035158071304438834,646,"You see, I told you my dad could keep up with us."
148,2050,14,45,183,242,1.3016528925619835,0.03679938346891396,646,He’s harmless; he just wants trail mix.”
6059,2051,15,46,191,252,1.3015873015873016,0.03624177445658249,646,He's one of the locals.
1905,2051,11,54,187,252,1.3015873015873016,0.034452692226213305,646,These Virtual Reality sunglasses are really fantastic!
457,2053,13,53,196,262,1.3015267175572518,0.03445497908608992,646,"He said we're still about 1,000 big feet away from the peak"
1274,2053,12,55,195,262,1.3015267175572518,0.03402790209578442,646,I kinda like my men hairy...
3204,2053,18,43,201,262,1.3015267175572518,0.03651551584923745,646,It gets pretty hairy from here.
5047,2053,17,45,200,262,1.3015267175572518,0.03611281538392303,646,I told you not to call him abominable!
2782,2057,17,48,207,272,1.3014705882352942,0.03518984216192794,646,He says the bathrooms are closed due to the Trump shut down .
3235,2057,16,50,206,272,1.3014705882352942,0.03480218911381843,646,Is he gone? Phew...we used to date. It did NOT end well.
2413,2059,16,40,183,239,1.301255230125523,0.038039769648934,646,He’s invited us to dinner.
5005,2059,17,38,184,239,1.301255230125523,0.038499150414803854,646,...he said he’s pissed off...his 23andMe came back and he’s related to Elizabeth Warren...
5487,2061,15,48,196,259,1.3011583011583012,0.03556259328576546,646,He just asked to use my phone for a selfie as he’s not sure he really exists.
4735,2062,18,45,206,269,1.3011152416356877,0.03584137155333544,646,All the money we spent on gear and we still can't keep up with him.
4880,2062,14,53,202,269,1.3011152416356877,0.03425835077525462,646,No - It's his cousin The Respectable Yeti
4152,2062,16,49,204,269,1.3011152416356877,0.035058797131851456,646,The only thing abominable here is your lack of sensitivity.
3482,2062,18,45,206,269,1.3011152416356877,0.03584137155333544,646,"It’s over, I swear! I ‘m pretty sure he’ll just walk away and I’ll never see him again."
1452,2062,16,49,204,269,1.3011152416356877,0.035058797131851456,646,"I told him: ""Long-term commitment or take a hike!"""
3742,2062,18,45,206,269,1.3011152416356877,0.03584137155333544,646,"Ugh, I told you there'd be tourists."
4864,2068,18,48,213,279,1.3010752688172043,0.03494400502244298,646,He's upset that no-one ever mentions his calves.
2302,2069,16,55,218,289,1.301038062283737,0.0333926966679803,646,He's just not that into you.
3629,2070,18,35,183,236,1.3008474576271187,0.03929596578004249,646,So... There is a Mar-a-Largo Himalaya.
687,2071,15,44,187,246,1.3008130081300813,0.03682699552108802,646,"For crying out loud, George. It's Yeti, not Abominable Snowman! You're being terribly insensitive."
4074,2072,11,55,190,256,1.30078125,0.03408463454911632,646,You'll never guess who I ran into!
560,2072,13,51,192,256,1.30078125,0.03497194335679296,646,"I'm done Mark — I get that your Dad is a nature person, but he needs to put some clothes on."
692,2072,17,43,196,256,1.30078125,0.036682227873434545,646,He looks less abominable in person.
4726,2075,18,44,204,266,1.300751879699248,0.0361150432473719,646,Because when you lead you get distracted and--look at me--and something inevitably gets missed.
2093,2076,17,49,210,276,1.3007246376811594,0.034823071545889914,646,"Sasquatch has a point Bob, Trump clearly personifies the fatal flaws in postmodern social constructivist thinking..!"
4923,2077,15,56,215,286,1.3006993006993006,0.03325469686669825,646,He thinks you are abominable.
340,2078,10,47,166,223,1.3004484304932735,0.0367524755409467,646,"Abominable""? Really? You can be so insensitive sometimes"
2791,2079,14,42,177,233,1.3004291845493563,0.03773450603708141,646,We've got to stop meeting like this.  I think he's suspicious.
1275,2080,14,45,184,243,1.300411522633745,0.0366686513009139,646,He had a thick accent but I think he said that we are ducked.
1191,2081,15,49,199,263,1.3003802281368821,0.03517786798509724,646,He wants a mate but I told him I couldn't cook.
2680,2081,16,47,200,263,1.3003802281368821,0.03558802389279132,646,"He wanted to be a guide on Mt. Rainier, but couldn't get a visa."
1348,2083,11,60,202,273,1.3003663003663004,0.032693567598850344,646,He’s my friend so get over it.
1764,2083,13,56,204,273,1.3003663003663004,0.033507268812410264,646,He's just got a bad rep. He's actually quite a conversationalist.
70,2083,14,54,205,273,1.3003663003663004,0.03390679745612056,646,It was YOUR idea to build a snowman. All I did was splice some genes to make it happen.
2039,2083,16,50,207,273,1.3003663003663004,0.03469205405646815,646,He forgot the keys.
5022,2087,18,48,214,280,1.3,0.034835580447734306,646,He says we misunderstood.  The yogi is on the other mountain.
4839,2087,9,63,198,270,1.3,0.03207024508136298,646,He’s cooler than you’d expect.
3390,2087,22,34,204,260,1.3,0.03826501619248925,646,where did you get this guide
1833,2087,15,39,176,230,1.3,0.038556643671577684,646,He'll be back when he meets his daily step goal.
123,2091,16,60,231,307,1.299674267100977,0.032038790236567354,646,He was the last Sherpa available but so far he's been great.
5890,2092,18,50,219,287,1.2996515679442509,0.0342397984318258,646,"He said no selfie's, but you just couldn't let it go!"
629,2093,12,56,199,267,1.299625468164794,0.03356833942025297,646,Why do you lash out at every guy with bigger feet?
662,2093,19,42,206,267,1.299625468164794,0.03638619834446543,646,But he said it’s quicker than going through the valley.
1381,2093,17,46,204,267,1.299625468164794,0.035603860089041935,646,"He's not afraid of  us personally, but he thinks it's an I.R.S. audit."
1471,2093,14,52,201,267,1.299625468164794,0.03439700551146879,646,He said he just wanted to know if it was 2020 yet.
3321,2093,24,32,211,267,1.299625468164794,0.03827214224170817,646,He doesn't want to be called fake news anymore.
5561,2098,19,39,199,257,1.2996108949416343,0.037380232114594986,646,Anywhere he wants to.
3385,2098,13,51,193,257,1.2996108949416343,0.03485525436475896,646,"He said, 'Baby it's cold outside...'"
3296,2098,17,43,197,257,1.2996108949416343,0.036557955188595385,646,Your wife looks pissed!
2554,2098,18,41,198,257,1.2996108949416343,0.036971379745097066,646,What's abominable is your attitude!!
628,2098,15,47,195,257,1.2996108949416343,0.035716752682763565,646,He’s really serious about the Paleo diet; I see him hiking this hill everyday.
5533,2103,15,41,181,237,1.2995780590717299,0.03775553186965902,646,He wants to know if Robert Mueller has been asking for him.
3906,2104,18,49,217,284,1.2992957746478873,0.03448143748623201,646,"You know, if we weren't blind maybe we could find big foot"
4669,2105,14,54,206,274,1.2992700729927007,0.033800604575815366,646,He said we can come up but not yeti.
1046,2106,18,43,203,264,1.2992424242424243,0.03627420037296499,646,"I'm sorry, Jason, but I have to follow my heart."
2016,2106,16,47,201,264,1.2992424242424243,0.03547121775366606,646,It was just a coincidence!  I am not obsessed with him!
3615,2106,18,43,203,264,1.2992424242424243,0.03627420037296499,646,Hi - I just met the nicest guy. Local fella. Says he owns a restaurant up top. Invited us to stop by.
3900,2106,21,37,206,264,1.2992424242424243,0.03744640300954209,646,He says he used to be President of the United States but was found to be abominable.
5482,2106,15,49,200,264,1.2992424242424243,0.03506283113273919,646,He seemed super relatable until he made me sign an N.D.A.
4526,2111,14,48,192,254,1.2992125984251968,0.03555992769777057,646,What guy?
1372,2111,18,40,196,254,1.2992125984251968,0.037269274549264854,646,"Sorry Jim but if I have to live with an abominable man, size matters!"
4341,2113,17,53,221,291,1.2989690721649485,0.03355001690869027,646,"He said he was doing research on, “The Ascent of Man.”"
673,2114,16,52,213,281,1.298932384341637,0.03398796097213686,646,"Not to worry, he was just asking for directions."
5253,2114,15,54,212,281,1.298932384341637,0.03361193345534119,646,I'm sorry but my foot fetish is bigger than both of us.
3725,2116,21,39,211,271,1.2988929889298892,0.036744237135151396,646,"He says his real name is ""Abdominal"""
1513,2117,15,48,198,261,1.2988505747126438,0.03532712171439728,646,"No footprints! So he’s not real, and we’re not, either!"
1821,2117,19,40,202,261,1.2988505747126438,0.036958020803149444,646,"Well, how would you feel if someone called you 'Abominable'?"
2135,2117,11,56,194,261,1.2988505747126438,0.03361719434399089,646,"Good thing we made reservations.  He said it's always
crowded at peak times."
3445,2117,13,52,196,261,1.2988505747126438,0.034482758620689655,646,He was surprisingly articulate.
3607,2121,16,43,192,251,1.298804780876494,0.03671569275623064,646,"He said, 'Tell Trump he better start worrying about global warming or he'll quickly learn who's actually abominable.'"
3583,2121,17,41,193,251,1.298804780876494,0.03714720183984369,646,He said he didn't have a watch.
770,2121,17,41,193,251,1.298804780876494,0.03714720183984369,646,So now what?
4912,2124,16,40,185,241,1.2987551867219918,0.03776465543976777,646,"He said he's sorry, he loves you, but it's over.  You can keep the stick."
621,2125,20,49,229,298,1.2986577181208054,0.034017695605377825,646,He said he’s tired of waiting for the Uber.
1806,2126,19,48,221,288,1.2986111111111112,0.03448915195184268,646,Wait a half hour before using the bathroom after him.
2985,2126,17,52,219,288,1.2986111111111112,0.03378029397860572,646,"I TOLD you, NO politics."
5340,2126,17,52,219,288,1.2986111111111112,0.03378029397860572,646,I feel like we're missing something.
434,2129,14,55,209,278,1.2985611510791366,0.03346110488452811,646,"We may have named him Yeti, but he prefers Bob."
2196,2129,18,47,213,278,1.2985611510791366,0.03497904442405457,646,"It's over, Brad. Squatch is giving us a minute to say farewell."
247,2131,16,48,204,268,1.2985074626865671,0.03509237368634962,646,I would never have believed it. A harrier butt than yours does exist.
1130,2132,19,39,200,258,1.2984496124031009,0.037253170181605136,646,He thinks we should start seeing other people
2333,2132,13,51,194,258,1.2984496124031009,0.03473930902688377,646,The guide reviews in Trip Advisor said that Yeti is not much of a talker but he knows his way around the mountain.
251,2132,14,49,195,258,1.2984496124031009,0.03517076590699126,646,"Just because it looks like he might make it all the way to the top, doesn't mean we have to follow him Dan."
4312,2132,17,43,198,258,1.2984496124031009,0.036434493587005325,646,He said we are welcome to stay but the toilets are overflowing because of the shutdown.
6047,2136,12,50,186,248,1.2983870967741935,0.03520480453508063,646,"Ah-Yeah, I think he knows the mountain a little better than that sherpa you wanted to hire."
3488,2136,14,46,188,248,1.2983870967741935,0.03612032652253279,646,"I'm sorry, Larry, but he's offering me a home with a view."
1017,2138,8,55,175,238,1.2983193277310925,0.0341597016996447,646,"All he asked is that I spell his name correctly. So, yeah, it was worth it."
5240,2138,14,43,181,238,1.2983193277310925,0.037143351294503316,646,Stop him! Maybe he can take a picture of us!
57,2140,16,53,216,285,1.2982456140350878,0.033649805343299186,646,Can you take a picture of me with the mountains? Just make sure the yeti doesn't show up in the background and ruin the shot.
3370,2141,18,43,204,265,1.2981132075471697,0.03615469601696434,646,You’re the one who’s abominable.
5345,2141,15,49,201,265,1.2981132075471697,0.034948515716245146,646,Once he finds himself the mystery's over.
4966,2143,15,46,194,255,1.2980392156862746,0.035872636711805045,646,Maybe I shouldn't have mentioned shrinkage.
5361,2144,13,47,185,245,1.2979591836734694,0.0359474774826778,646,"Well I will, if you are too embarrassed to ask for directions Tom"
3285,2145,12,63,217,292,1.297945205479452,0.03164263733806826,646,"Well, I don’t think he’s the least bit abominable."
1842,2146,16,52,214,282,1.297872340425532,0.03388380745452534,646,"That's your problem, Roger, you're always so jealous if I look at another guy."
2309,2146,17,50,215,282,1.297872340425532,0.034254219425860405,646,"Don't worry,it was consensual."
1420,2146,16,52,214,282,1.297872340425532,0.03388380745452534,646,I gave him our outfitter's card.
4158,2149,17,47,208,272,1.2977941176470589,0.03511251189103975,646,"He said the LGBTQ community just doesn't​ get ""other""."
1023,2150,15,48,199,262,1.297709923664122,0.03521050771684279,646,I've had it with Colorado men. I'm going to try this for a while.
2268,2150,16,46,200,262,1.297709923664122,0.03562340966921119,646,I told him to go home to his wife and cubs and quit hitting on female tourists.
2128,2152,12,65,222,299,1.2976588628762542,0.031159129505328897,646,"Well, he did say 'no selfies'."
3256,2153,12,51,189,252,1.2976190476190477,0.034817683682545925,646,You and your labels...you just insulted him!
3720,2154,13,43,176,232,1.2974137931034482,0.03727909214590643,646,I’m his agent so if you want to meet him talk to me
5353,2155,14,52,203,269,1.2973977695167287,0.03417697332597049,646,He's much warmer than you Stan.
767,2156,18,52,226,296,1.2972972972972974,0.033473148152655605,646,This trail is getting way too trendy.
1771,2157,16,42,191,249,1.2971887550200802,0.03688373489407314,646,He said it’s Yanni. Now pay up.
1796,2157,13,48,188,249,1.2971887550200802,0.03554218697278164,646,Just because you found me with a naked yeti doesn’t mean I’m having an affair.
5225,2159,16,50,210,276,1.2971014492753623,0.034365638604933635,646,I think I ate too much of the cookie.
2049,2159,16,50,210,276,1.2971014492753623,0.034365638604933635,646,Relax Andy.  If he was going to eat us why would he offer to let us use his phone to call search and rescue?
233,2159,20,42,214,276,1.2971014492753623,0.03586640435361739,646,I trust him. He's white.
3855,2159,10,62,204,276,1.2971014492753623,0.0319827195517593,646,"George, trust me, that is NOT a Sherpa."
5935,2163,16,39,184,239,1.297071129707113,0.03794683847676119,646,We dated briefly... he wasn’t my type.
3601,2164,16,58,229,303,1.297029702970297,0.03226615410294969,646,"It's just teen angst, dear. He won't always be this reclusive."
1192,2165,18,43,205,266,1.2969924812030076,0.03603595129272833,646,You just never know when you'll spot a celebrity!
4579,2165,18,43,205,266,1.2969924812030076,0.03603595129272833,646,My ex.
5038,2165,20,39,207,266,1.2969924812030076,0.03681488045955048,646,Not so abominable in the sack!
3139,2168,18,40,198,256,1.296875,0.03701431807621287,646,Yes honey-size matters...he's not just big foot!
5173,2168,18,40,198,256,1.296875,0.03701431807621287,646,He said 13EEE.
1588,2170,14,56,213,283,1.2968197879858658,0.033030059959111936,646,Really? You know hoax is a trigger for him!
2502,2171,16,41,189,246,1.2967479674796747,0.037185135942451944,646,Are you even listening to me?!
5343,2172,18,45,210,273,1.2967032967032968,0.03538333056643507,646,Leave me and my husband alone!
4465,2172,11,59,203,273,1.2967032967032968,0.03261047575137141,646,Next year we're doing Christmas at *my* parents' house.
1166,2172,20,41,212,273,1.2967032967032968,0.03613651592088178,646,I don’t care who she is!!! It’s demeaning how you look at other women.
3236,2172,16,49,208,273,1.2967032967032968,0.0346137599958036,646,You count to 20 while WE go and hide.
5720,2176,12,46,178,236,1.2966101694915255,0.036339269662093464,646,He makes it look so easy.
1321,2177,17,44,202,263,1.296577946768061,0.03591216143490694,646,I told you. He's just an old friend from college...
504,2178,20,46,224,290,1.296551724137931,0.034628020012776144,646,He said he found what you called him podiatrically normative.
3604,2178,15,56,219,290,1.296551724137931,0.03286004056795132,646,Clearly fake news!
4829,2180,17,49,214,280,1.2964285714285715,0.034391132312169004,646,He says there's one with great coffee and wifi at the bottom.
3344,2180,13,57,210,280,1.2964285714285715,0.03286857812096011,646,He said he didn't want to be the third wheel.
1285,2182,14,52,204,270,1.2962962962962963,0.03406796753403394,646,I told you we didn't need all this ridiculous gear.
4347,2183,20,37,203,260,1.2961538461538462,0.03740072570725959,646,Are you kidding? Mansplaining to yet another marginalized individual about how dominant society renders them invisible?
3443,2183,15,47,198,260,1.2961538461538462,0.03535978131902853,646,"You begged me to come with you, but you F O R G O T your camera!"
775,2183,19,39,202,260,1.2961538461538462,0.03700154393710671,646,Our selfie together came out really blurry for some reason.”
1665,2183,16,45,199,260,1.2961538461538462,0.03577728559616491,646,He said he'd introduce me to the Tooth Fairy.
1180,2187,8,58,184,250,1.296,0.03307433516469145,646,Greeting him in Klingon was not funny.
1655,2187,9,56,185,250,1.296,0.033556521879398796,646,He'll join us in the base camp tonight  for cocktails at 6:30.
2998,2189,15,57,222,294,1.2959183673469388,0.032547759790385995,646,He said go high when they go low.
2339,2190,16,47,204,267,1.2958801498127341,0.0351251936031614,646,And yet he loves me
3145,2190,9,61,197,267,1.2958801498127341,0.03219716147628702,646,He says they're not open yet.
5841,2190,20,39,208,267,1.2958801498127341,0.036693601337358286,646,Turns out he’s fed up with the saying about men with big feet
2968,2193,16,36,178,230,1.2956521739130435,0.038947529407782205,646,He ate Giovanni..said he wanted a little Italian
4805,2194,23,35,216,274,1.2956204379562044,0.03711738661824894,646,"Nope, he is not the least interested in coming to work for Trump."
4086,2194,12,57,205,274,1.2956204379562044,0.03291793745373011,646,He's not nearly as abominable as you think.
4537,2194,16,49,209,274,1.2956204379562044,0.03450419711087607,646,Oh yeah?  Your attitude is abominable.
2671,2194,14,53,207,274,1.2956204379562044,0.033720396086596285,646,Luckily he seems like a vegetarian.
3168,2194,17,47,210,274,1.2956204379562044,0.034889495142246096,646,"Yet, he is an urban legend, and you're just an urban escapee."
2045,2199,17,39,191,247,1.2955465587044535,0.03749529033865869,646,He said get lost
5638,2200,14,58,219,291,1.29553264604811,0.03239907578712649,646,He didn’t seem so abominable to me.
2235,2201,12,54,198,264,1.2954545454545454,0.03372164337169487,646,He's a Himalayan and I miss the Rockies - it just wasn't going to work.....
2829,2202,16,51,214,281,1.295373665480427,0.03391202203495532,646,"Sasquatch, Bigfoot, Yeti…whatever. Do you have anymore of those peanut butter-filled pretzels?"
507,2203,16,38,183,237,1.2953586497890295,0.03813129719209515,646,I guess he's gone vegan.
921,2204,18,52,228,298,1.2953020134228188,0.033277938993155884,646,You promised this wasn’t going to be weird or uncomfortable!
1949,2204,18,52,228,298,1.2953020134228188,0.033277938993155884,646,"Oh way to go Tom!... You know you really need to educate yourself on mythical creature stereotyping and how it's utilized by those in power to perpetuate a mytho-normative society."""
4342,2206,18,39,197,254,1.295275590551181,0.03718452011426341,646,These Aspen bigwigs and their fur coats!
3253,2207,18,44,209,271,1.2952029520295203,0.03553295275780461,646,I see you're not the only one using Viagra for altitude sickness.
6002,2207,15,50,206,271,1.2952029520295203,0.03435971349822601,646,I told him to stop worrying about his follower count and try connecting with people in real life for once.
2772,2207,13,54,204,271,1.2952029520295203,0.033554771618078016,646,"Make sure you put ""local favorite"" in the review"
1656,2207,18,44,209,271,1.2952029520295203,0.03553295275780461,646,When you said “Let’s go to the Himalayas. What’s the worst that can happen?” this is exactly what I thought the worst would be.
862,2207,22,36,213,271,1.2952029520295203,0.03703950807402785,646,Big surprise that we forgot to bring the camera.
2211,2207,16,48,207,271,1.2952029520295203,0.03475519412044154,646,"No, I'm not asking Sasquatch for directions."
781,2213,14,57,217,288,1.2951388888888888,0.03261293149907817,646,I don't know. We were having a great time until I asked about that whole abominable situation.
2975,2213,15,55,218,288,1.2951388888888888,0.03298181273826076,646,Do something. He said abominable things to me.
2314,2215,13,56,209,278,1.2949640287769784,0.032990832900276434,646,He said he knows a shortcut
2643,2215,12,58,208,278,1.2949640287769784,0.032594831695720014,646,Really! Just someone I met at work.
3257,2217,12,50,189,251,1.294820717131474,0.03484359291244435,646,"So apparently ""abominable"" is their word."
1041,2218,14,51,203,268,1.294776119402985,0.034203662482835115,646,"Don't get upset, he was just asking for directions."
2801,2218,15,49,204,268,1.294776119402985,0.03460983479006182,646,Well that’s a relief: he shared his wifi password
2000,2220,15,54,216,285,1.2947368421052632,0.03320498615121189,646,"Maybe he knows how to get back down, Clark!"
161,2220,15,54,216,285,1.2947368421052632,0.03320498615121189,646,But his cave has good reviews.
2952,2222,13,50,195,258,1.2945736434108528,0.03465085474698041,646,"I don't care if that's what the other explorers call him. ""Abominable"" isn't nice."
3137,2222,14,48,196,258,1.2945736434108528,0.035083399457797496,646,You said you wanted to experience new cultures.
1073,2224,15,51,209,275,1.2945454545454544,0.034007263009291425,646,"He says conditions at the top are abominable."""
1765,2224,15,51,209,275,1.2945454545454544,0.034007263009291425,646,I don't know.  He just grunted and took my lunch.
4431,2224,14,53,208,275,1.2945454545454544,0.033614745828545144,646,My Nepali is rusty...I think he said 'Hirsute Only Beyond This Point' ..
4563,2224,13,55,207,275,1.2945454545454544,0.03321759077435125,646,I think I now understand why you don't like asking for directions.
4749,2228,13,60,219,292,1.2945205479452055,0.031937400684033175,646,Apparently we’re trespassing on private property
1163,2229,13,47,188,248,1.2943548387096775,0.03557217543592345,646,"Don’t be silly, we’re just good friends."
5701,2230,11,56,198,265,1.2943396226415094,0.03318466907741616,646,He says the view from the top is worth the walk.
2109,2230,15,48,202,265,1.2943396226415094,0.03486507306065634,646,"He says, after a few seasons, your body adapts to the climate at the naturist park."
484,2230,10,58,197,265,1.2943396226415094,0.03275109917759706,646,He looks like he knows where he’s going...should we ask him for directions?
3570,2230,22,34,209,265,1.2943396226415094,0.03762562518527302,646,Of course he's offended. I can't believe you called him a Yeti.
4450,2234,18,47,217,282,1.2943262411347518,0.034546264785259434,646,"No, John - there actually is a mountain high enough and I’m with him now."
4927,2234,15,53,214,282,1.2943262411347518,0.03343242420217715,646,"Lately, it seems my grip on reality is going downhill."
1435,2236,16,56,227,299,1.294314381270903,0.03249764253810497,646,Is there ANYWHERE I can go where you won’t follow ?
5567,2237,12,51,192,255,1.2941176470588236,0.03446612531911166,646,How hard was it to find this guide?
4891,2237,17,41,197,255,1.2941176470588236,0.03663749800628294,646,He told me there's a Starbucks just over the next ridge!
4424,2237,16,48,208,272,1.2941176470588236,0.034644185870834,646,I wouldn't bother. I was just up there and there is not much to see.
5866,2237,14,47,194,255,1.2941176470588236,0.035350682889751656,646,He just takes better care of me out here
2048,2237,18,44,210,272,1.2941176470588236,0.03541870781363618,646,He's been like that since his yak died
1421,2237,14,42,182,238,1.2941176470588236,0.03704595820446062,646,"He told me his name, yet I  don’t remember it."
3813,2237,18,39,198,255,1.2941176470588236,0.037056507570060106,646,I told you that was Elvis that passed us at the last summit!
506,2244,19,44,216,279,1.2939068100358424,0.035162843877521464,646,"P.S., his foot isn't his biggest part."
2752,2244,18,46,215,279,1.2939068100358424,0.03479424904492708,646,"Wait -- if that's not Larry and he's not wearing an L.L. Bean snow suit, then who is it?"
2833,2244,19,44,216,279,1.2939068100358424,0.035162843877521464,646,He's not so Abominable!
5715,2244,13,56,210,279,1.2939068100358424,0.03288936989101055,646,I think we should just ask him!!
4362,2248,15,47,200,262,1.2938931297709924,0.03512559702596176,646,We're overdressed.
4742,2248,17,43,202,262,1.2938931297709924,0.03594860904117795,646,He thinks humans have a nerve calling him 'abominable'.
1983,2250,16,40,189,245,1.2938775510204081,0.03722581627354903,646,I feel like you're not listening to me.
1614,2251,19,46,221,286,1.2937062937062938,0.03455532251945632,646,"He comes on to me, I say no and he walks away.  I mean, #yetisarerealmen."
151,2252,19,41,209,269,1.2936802973977695,0.03607083210160446,646,“Don’t leave me like this—between a rock and a hairy place.”
4176,2253,11,52,189,252,1.2936507936507937,0.03426645022348951,646,Do you mind if I join him?
1613,2253,16,42,194,252,1.2936507936507937,0.03650051203172915,646,Prank call. He didn’t order the pizza.
3689,2255,23,40,230,293,1.2935153583617747,0.03532436195112775,646,Best guide I've ever had.
1769,2256,15,46,198,259,1.2934362934362935,0.03539158305318894,646,Just follow him. I lost the map.
5430,2257,17,54,229,300,1.2933333333333332,0.03274622305685096,646,You won't believe it!_They have opened a STARBUCKS at the summit!
4435,2258,19,45,219,283,1.2932862190812722,0.03480161767419119,646,"He says we can study him, but after Wheel of Fortune."
766,2259,21,36,209,266,1.2932330827067668,0.03712000827276861,646,I  promise ..this is not one of those made you look things.
4048,2260,10,53,186,249,1.2931726907630523,0.034050706336189444,646,I told him it was me not him.
5175,2260,12,49,188,249,1.2931726907630523,0.03498893870847583,646,He said the bathrooms are just up ahead.
2860,2262,15,38,179,232,1.293103448275862,0.03816710589998005,646,He said we should have turned at 72nd Street.
2081,2263,17,46,210,273,1.293040293040293,0.03492164571018433,646,it’s just sometimes i feel like u don’t even know he exists
5371,2264,17,41,198,256,1.29296875,0.03651218230884942,646,Well how would you like being called abominable?
1072,2265,16,55,226,297,1.292929292929293,0.032614964544220505,646,Jesus — and neither one of us brought a camera?
2864,2266,14,42,183,239,1.292887029288703,0.036911148658478915,646,"I'll bet you believe in the Tooth Fairy, too."
3426,2267,15,52,213,280,1.292857142857143,0.03356023279668313,646,He said he’ll guide us to the top if we help tweak his personal brand.
288,2268,18,41,204,263,1.2927756653992395,0.03623187646062736,646,You called him abominable? I think you hurt his feelings.
3164,2268,17,43,203,263,1.2927756653992395,0.0358290918562166,646,"Grab your phone, this could be trending for a least an afternoon."
5109,2268,17,43,203,263,1.2927756653992395,0.0358290918562166,646,He says it’s the closest Starbucks.
5352,2268,10,57,196,263,1.2927756653992395,0.0328716972929983,646,"I told you, the preferred term is Yeti."
44,2272,20,44,223,287,1.2926829268292683,0.03480175893149339,646,He said we should have made a left at Everest to get to the Starbucks.
2172,2273,15,49,206,270,1.2925925925925925,0.03438753980611161,646,Remember how smug you were when I said I was leaving you for someone over the hill?
3929,2274,20,46,228,294,1.2925170068027212,0.03421500126571658,646,"You hurt her feelings, you monster!"
5997,2275,13,48,192,253,1.2924901185770752,0.03505700842068529,646,"If you make me choose, I’m going with the hairy man."
3289,2276,13,55,209,277,1.2924187725631768,0.0330114631989755,646,He says the restaurant is on the other mountain.
4181,2276,15,51,211,277,1.2924187725631768,0.033794631418752434,646,Abominable! He didn’t even say hello.
4491,2278,10,49,177,236,1.2923728813559323,0.03522793513829896,646,He says he needs his alone time
1703,2279,15,46,199,260,1.2923076923076924,0.03527325874744664,646,Sorry but I can't resist a man with a hairy back.
537,2280,13,52,202,267,1.2921348314606742,0.03381564064322252,646,This is definitely less touristy than the other one...
1416,2280,15,48,204,267,1.2921348314606742,0.0346383909677437,646,He's actually quite agreeable.
3379,2280,16,46,205,267,1.2921348314606742,0.035042522985590255,646,Wait. I thought YOU brought the cellphone.
3894,2280,14,50,203,267,1.2921348314606742,0.03422948787920899,646,Are we there Yeti?” Really
5194,2280,16,46,205,267,1.2921348314606742,0.035042522985590255,646,"I told you not to use ""low budget tours.com"""
5387,2280,13,52,202,267,1.2921348314606742,0.03381564064322252,646,"He just wanted to know if I knew any girls his age"""
5629,2286,15,43,192,250,1.292,0.0362242014554405,646,What's the point? We forgot the selfie stick.
1299,2287,20,40,214,274,1.2919708029197081,0.03594405780731518,646,WHAT did you just call me?!
2871,2287,13,54,207,274,1.2919708029197081,0.03323875028567167,646,He said to just go down about a mile and make a left and the coffee shop is on the right.
1543,2289,16,43,198,257,1.2918287937743191,0.03596756175141901,646,For a local his sense of direction is abominable.
426,2290,19,44,218,281,1.291814946619217,0.03494333679967875,646,"Hold up, he forgot his phone."
2433,2290,17,48,216,281,1.291814946619217,0.034208156130100836,646,"Nah, that ain’t Sasquatch. He’s much more blurrier."
6043,2290,17,48,216,281,1.291814946619217,0.034208156130100836,646,He is abominable. Yet I love him.
401,2293,15,47,202,264,1.2916666666666667,0.034894386327616295,646,He said he’s going to get high.
1812,2293,15,47,202,264,1.2916666666666667,0.034894386327616295,646,Are you here for the Bigfoot meetup group?
2267,2293,12,46,182,240,1.2916666666666667,0.035816666033892046,646,"He said he can't help us up to the summit.  Evidently, he has the flu and feels abominable."
3523,2293,15,47,202,264,1.2916666666666667,0.034894386327616295,646,"Don't mind him, he's just neandering around."
4053,2293,13,44,183,240,1.2916666666666667,0.036300152468965015,646,I explained we just don’t believe he’s real.
4494,2293,19,39,206,264,1.2916666666666667,0.03650806547491902,646,I'm not sure this is Sherpa we started this climb with
5011,2293,20,44,224,288,1.2916666666666667,0.034695595675419154,646,I'm leaving you dear for the man you used to be.
3004,2300,13,53,205,271,1.2915129151291513,0.033470500823508456,646,"He said ""Because it's there."""
1830,2300,15,49,207,271,1.2915129151291513,0.034277421704604336,646,I didn't mean to offend him; he just really doesn't look like a Dave to me.
421,2300,13,53,205,271,1.2915129151291513,0.033470500823508456,646,It's amazing what you can see with these polarized lenses.
544,2300,17,45,209,271,1.2915129151291513,0.035065778931232666,646,"Calls himself ""Sir Edmund Hairily...'"""
302,2304,14,53,211,278,1.29136690647482,0.033301578802056066,646,He asked whether he's ever come to where I live to bother me.
5394,2304,19,43,216,278,1.29136690647482,0.035197374356872,646,She said that once a month she becomes the Abdominal Snowperson.
616,2306,14,46,194,254,1.2913385826771653,0.035380296061233024,646,Yet he walks.
2188,2307,18,47,220,285,1.2912280701754386,0.03422842030106535,646,"I'm staying Mick!  Sure, he only knows four words, but none of them are ""Trump""!"
2386,2307,10,63,212,285,1.2912280701754386,0.03120749051886871,646,Just follow that guy.  He seems to know where he's going.
2401,2307,18,47,220,285,1.2912280701754386,0.03422842030106535,646,"He said, he's definitely coming back to vote in 2020."
5074,2310,15,46,200,261,1.2911877394636015,0.03515569592679615,646,He seems a tad more knowledgable about this place
3218,2311,18,42,208,268,1.291044776119403,0.03571978294608219,646,"Yet I"" what?! Just say it"
1419,2312,16,41,194,251,1.2908366533864541,0.036537144621552414,646,He'll be right back.  He thinks he left the stove on.
3879,2313,17,41,200,258,1.2906976744186047,0.03626402759543171,646,It might be time for prescription sunglasses.
515,2314,20,44,225,289,1.2906574394463668,0.03459005942820768,646,Don’t you think there’s something weird about this mountain guide?
2355,2315,13,42,179,234,1.2905982905982907,0.036900401570953846,646,"I'm going to be back late, Roger."
1687,2316,12,53,200,265,1.290566037735849,0.033524270560511014,646,Yet he was most polite.
3512,2316,17,43,205,265,1.290566037735849,0.03559235225155048,646,"Sorry, Harvey.  I don't just like Bad Boys. I like the truly Abominable ones."
3620,2316,16,45,204,265,1.290566037735849,0.035188460812624785,646,He's meeting his step goal.
5215,2316,13,51,201,265,1.290566037735849,0.03394796725948649,646,Is it just me or is our guide a little... unkempt?
344,2320,17,38,193,248,1.2903225806451613,0.03727196002457961,646,"He'd take us to the summit, but he wants payment in Bitcoin."
3654,2320,14,53,212,279,1.2903225806451613,0.03319843341366352,646,I told you this was a clothing optional trail.
6014,2320,14,44,190,248,1.2903225806451613,0.035933959084160666,646,It’s only after two months of Christmas music that he becomes abominable.
2567,2323,18,56,243,317,1.2902208201892744,0.03180027488176591,646,It’s tacky to ask celebrities for an autograph.
5192,2324,18,47,221,286,1.2902097902097902,0.03412372708250188,646,He asked me to take a picture of him and his family.
5625,2325,12,50,193,255,1.2901960784313726,0.034372895013759945,646,"Yeah, that guy's an animal."
4302,2325,15,44,196,255,1.2901960784313726,0.03569497711185103,646,His feet aren't all that big if you know what I mean.
1732,2325,13,48,194,255,1.2901960784313726,0.034819167203660954,646,"Expert mountaineer, but the camera hates him."
3000,2325,13,48,194,255,1.2901960784313726,0.034819167203660954,646,"Yes, I am going to leave you and follow him. I've decided that SIZE does matter!"
1009,2329,19,47,227,293,1.2901023890784984,0.033903359114191914,646,"No, come on . . . Let’s show once and for all that size doesn’t matter!"
2269,2330,16,44,202,262,1.2900763358778626,0.03545378837907066,646,"""He finally got the news of who won the election and he's going to sleep it off."""
2579,2330,15,46,201,262,1.2900763358778626,0.035038887648515926,646,He says your behavior was abominable.
864,2332,15,37,179,231,1.29004329004329,0.03820928124298573,646,Small hands. Small feet. Cold weather. You do the math.
16,2333,16,46,207,269,1.2899628252788105,0.03481526369248099,646,"No, Dad, calling my boy friend ""abominable"" is racist."
3727,2333,19,40,210,269,1.2899628252788105,0.03599068731928963,646,"No, I assure you Phil, he's just a friend."
4862,2333,14,50,205,269,1.2899628252788105,0.03400908595486003,646,I didn't catch his name
5465,2333,17,44,208,269,1.2899628252788105,0.03521143159860088,646,"A whole bunch of them are protesting  this week at the summit. They've had it with  the  ""Big Foot"" and ""Abomidable"" name-calling."
5313,2337,17,46,213,276,1.289855072463768,0.03458993627831358,646,You treated him abominably.
4561,2337,17,46,213,276,1.289855072463768,0.03458993627831358,646,He's free-range. You?
1853,2339,19,37,203,259,1.2895752895752897,0.036960044840027385,646,Something about Pokémon Go.
1548,2340,16,54,227,297,1.2895622895622896,0.032542076596653126,646,"Let it go, John! It wasn’t my worst Wednesday night."
2704,2341,19,39,208,266,1.2894736842105263,0.03626609275671551,646,"No, no, it’s abDOMinal!  All he wanted was my pack of Tums."
5235,2341,16,56,232,304,1.2894736842105263,0.03203452285123704,646,"Yep, we are so high!"
179,2343,20,39,214,273,1.2893772893772895,0.03598193073338055,646,"Enough already with your foolish male pride, don't be afraid to ask for directions."
170,2344,14,53,213,280,1.2892857142857144,0.0330959011526148,646,I only spoke with him for a minute but he didn’t seem abominable
2056,2344,15,51,214,280,1.2892857142857144,0.03348044670562975,646,Apparently he failed to trademark Yeti.
5954,2344,16,49,215,280,1.2892857142857144,0.033860625365066406,646,"Whatever you’ve heard about us, it’s only a rumor."
3972,2347,12,46,184,242,1.2892561983471074,0.035560748314399405,646,"If you think that's an impressive sight, wait till you get to the top."
1212,2348,12,59,216,287,1.289198606271777,0.03179845104322466,646,It's easier if you follow in his footsteps.
1852,2348,14,55,218,287,1.289198606271777,0.03255569450644825,646,He said there is a $20 cover charge from here.
4449,2350,18,36,195,249,1.2891566265060241,0.03757376535792154,646,"Well maybe if you stop turning around to talk every minute, we'd catch up to him."
2052,2351,14,46,196,256,1.2890625,0.03514007661746588,646,"He was complaining about all the tabloid ""fake news"" about him.  I said ""get in line""!"
3422,2351,11,52,193,256,1.2890625,0.033806999570732243,646,He's looking for wifi.
2956,2353,17,53,231,301,1.2890365448504983,0.03258073209851765,646,He said he's just a myth.
909,2354,15,46,202,263,1.2889733840304183,0.034922827046504935,646,Time to turn around.
5385,2355,14,50,206,270,1.288888888888889,0.033899907472603255,646,How much do you tip a guide like him?
5302,2355,11,56,203,270,1.288888888888889,0.03265873903136245,646,It's not what you think.  I love him.
4550,2355,15,48,207,270,1.288888888888889,0.03430365224231773,646,"You hired him you follow him, I'm going home."
5147,2355,14,50,206,270,1.288888888888889,0.033899907472603255,646,And that’s what can happen to you if you don’t use the proper sunscreen.
2323,2355,14,50,206,270,1.288888888888889,0.033899907472603255,646,"You know that thing about big foot, big . . . not true!"
1808,2355,15,48,207,270,1.288888888888889,0.03430365224231773,646,"He did indeed call us ""F#*!ing puny global warmers""--what, you're surprised?"
364,2355,11,56,203,270,1.288888888888889,0.03265873903136245,646,I'm sure He knows where he's going.
2831,2355,15,48,207,270,1.288888888888889,0.03430365224231773,646,"Yada, Yada, Yeti. Next you'll say you see my aunt Sophie."
312,2363,23,34,220,277,1.288808664259928,0.03668625308513734,646,Should we just follow your dad?
691,2363,16,48,213,277,1.288808664259928,0.034099262891662235,646,"Well, he is a bit taciturn. Yet he is more aloof than abominable."
2412,2363,14,52,211,277,1.288808664259928,0.03332325493649558,646,He said we missed the turn.
3425,2366,14,54,216,284,1.2887323943661972,0.03277277742734422,646,"Sure, we dated for awhile, but that’s over now."
2991,2367,20,44,227,291,1.288659793814433,0.034380846809242874,646,"I don't care about the $6 we saved, Tom.  I'm done with Craigslist."
1089,2368,13,45,188,246,1.2886178861788617,0.03562896430457443,646,"It's been fun, but I've found someone hairier."
5532,2368,15,41,190,246,1.2886178861788617,0.03654847613834974,646,He's mad that we didn't call ahead to say that we were coming.
3351,2370,12,49,192,253,1.2885375494071147,0.03451163204345441,646,No he is the amenable snowman.
27,2370,13,47,193,253,1.2885375494071147,0.03496315693540526,646,"Well, I didn't find him at all abominable."
4673,2372,16,43,201,260,1.2884615384615385,0.03560445518773867,646,He has a vacancy at his hairbnb.
135,2372,16,43,201,260,1.2884615384615385,0.03560445518773867,646,You didn’t have to go and call him a Neanderthal and all.
2310,2372,12,51,197,260,1.2884615384615385,0.03389508976851326,646,He asked me who shot J.R. I told him I had no idea.
2463,2375,15,47,205,267,1.2883895131086143,0.03455302955061279,646,He said that he couldn't believe he finally found us and couldn't wait get home and text Sasquatch the news.
3223,2375,11,55,201,267,1.2883895131086143,0.032882680816504445,646,"I heard Mt. Everest is clothing optional, now."
5377,2377,16,47,211,274,1.2883211678832116,0.03434261725193143,646,Or should we tell them about the flying saucer?
5801,2377,18,43,213,274,1.2883211678832116,0.035112531463024836,646,The wall won't be a challenge to these guys.
1495,2379,18,45,218,281,1.2882562277580072,0.03450043757073907,646,"Of course I looked at him when he passed by. 
Paranoid...always paranoid"
3831,2379,11,59,211,281,1.2882562277580072,0.031817357676462786,646,I'm going with him. He's not that abominable.
4213,2379,12,57,212,281,1.2882562277580072,0.03221433950819386,646,May I borrow your selfie stick?
1736,2382,12,61,222,295,1.2881355932203389,0.031215152289556063,646,I'm not going one step further until he puts some pants on.
3663,2383,11,48,184,243,1.2880658436213992,0.03495090374598328,646,He said we are welcome to come up to his house but he wants you to know his WiFi is on the fritz.
1653,2383,12,46,185,243,1.2880658436213992,0.035434105148588475,646,"No, I havn't seen anything unusual."
415,2385,16,40,194,250,1.288,0.03657286285196656,646,Really? Well I think your attitude is abominable.
2304,2385,13,46,191,250,1.288,0.035230508866890935,646,Well I think he's perfectly bominable.
1382,2387,22,30,205,257,1.2879377431906616,0.038336290784130464,646,"I asked him if there is anything we could do for him.
  He said ""Not Yeti."""
3540,2388,18,40,206,264,1.2878787878787878,0.036027462472569605,646,"Wow, turns out we're not the only ones here seeking the path to enlightenment!"""
4041,2388,12,52,200,264,1.2878787878787878,0.03354321214347774,646,He said we took a wrong turn in Bhutan.
4603,2388,12,52,200,264,1.2878787878787878,0.03354321214347774,646,"He just wants us to go back home, and do something about all this warming."
3528,2391,12,54,205,271,1.2878228782287824,0.032972589885008355,646,He claims he already has enough friends on social media.
704,2391,17,44,210,271,1.2878228782287824,0.03498370645131753,646,Amateurs...
1185,2391,18,42,211,271,1.2878228782287824,0.03537221117970088,646,Did he just say Climate Change Deniers are abominable?
2969,2391,19,40,212,271,1.2878228782287824,0.035756494940230865,646,Not Yeti.
5162,2395,20,40,218,278,1.2877697841726619,0.03548748839246163,646,It's not hypoxia.  He took my breath away.
917,2395,14,52,212,278,1.2877697841726619,0.03321941931032524,646,Abominable” is so racist
1960,2397,18,46,221,285,1.287719298245614,0.03415234578050372,646,"I told you, Lars, I found a new guide."
4622,2397,16,50,219,285,1.287719298245614,0.03342100236910638,646,You’re the one who thought having a yeti would improve our relationship!
4314,2399,19,46,227,292,1.2876712328767124,0.03393208706350789,646,"He said he was a little lost himself,
he is trying a new path to work"
5843,2400,11,45,177,233,1.2875536480686696,0.035916998929610595,646,I told you to use a gender-neutral pronoun.
121,2401,15,43,196,254,1.2874015748031495,0.03572579729258503,646,I hate tourist season.
684,2401,16,41,197,254,1.2874015748031495,0.03615874975825808,646,All I said was that he put on a few pounds. Sheesh!
980,2401,15,43,196,254,1.2874015748031495,0.03572579729258503,646,He said we can follow him to the summit Starbucks.
1720,2401,15,43,196,254,1.2874015748031495,0.03572579729258503,646,"Personally, I didn't think he behaved that abominably."
1968,2401,15,43,196,254,1.2874015748031495,0.03572579729258503,646,It feels like the higher we climb the more we devolve
5554,2406,15,45,201,261,1.2873563218390804,0.03506725378435356,646,You don't have to worry; paleo guys aren't my type.
1236,2406,15,45,201,261,1.2873563218390804,0.03506725378435356,646,He's the spitting image of my first husband.
1120,2408,18,41,209,268,1.287313432835821,0.035637205569632645,646,The only time I forget my camera and bigfoot walks right past me!
3889,2408,14,49,205,268,1.287313432835821,0.034032482615724224,646,...what luck - says there's a quaint cafe with a gift shop about a mile down from here.
132,2410,12,55,208,275,1.2872727272727273,0.032646068984063054,646,"Goddammit, you knew we'd had a previous relationship when you agreed to this hike!"
425,2410,11,57,207,275,1.2872727272727273,0.03223698217648134,646,"After all this time, all he wanted was to just say hi."
937,2410,15,49,211,275,1.2872727272727273,0.03384367327741609,646,He asked if I had seen a large pair of sandals.
778,2413,16,49,217,282,1.2872340425531914,0.03365122687143361,646,I don't care about your getting back to nature! This is why we NEVER leave home without our phones anymore!
3220,2413,20,41,221,282,1.2872340425531914,0.035119248758925296,646,He said we were abominable.
4402,2413,20,41,221,282,1.2872340425531914,0.035119248758925296,646,I told you he wouldn't have any marijuana.
3129,2416,14,55,220,289,1.28719723183391,0.03236085571600904,646,He says the nearest Starbucks about three miles southwest...
3486,2416,22,39,228,289,1.28719723183391,0.03520594749356921,646,I have to go - we are having drinks with Bigfoot and Sasquatch.
2006,2416,18,47,224,289,1.28719723183391,0.033813338504148825,646,He promised an announcement on his candidacy 'very soon.'
5481,2419,8,54,182,244,1.2868852459016393,0.03334295367824054,646,You know what else is abominable? This conversation.
5643,2420,15,42,194,251,1.2868525896414342,0.036005004863659436,646,"Jason, believe me, we're just friends. He means nothing to me -- honestly!"
783,2421,10,54,194,258,1.2868217054263567,0.033129529692062544,646,"Actually, he’s more adorable than abominable."
915,2421,15,44,199,258,1.2868217054263567,0.03533244474576461,646,He said it's gonna be crowded up there.   They're doing a Yetti photo shoot for National Geographic.
2753,2421,16,42,200,258,1.2868217054263567,0.035756745301153456,646,"Chad, next time we're wearing fur instead of this moisture-wicking material."
2770,2421,22,30,206,258,1.2868217054263567,0.03820371619942053,646,He said there's a Starbuck's at the top.
214,2425,15,46,204,265,1.2867924528301886,0.03469292178483024,646,He said he's going where there are fewer tourists.
2552,2425,15,46,204,265,1.2867924528301886,0.03469292178483024,646,I threatened to wax him.
5246,2425,18,40,207,265,1.2867924528301886,0.03590768880447211,646,"Sorry, Brad. Love is where you find it."
5990,2425,11,54,200,265,1.2867924528301886,0.0330037537898504,646,It said we can use its wifi.
2320,2429,16,46,210,272,1.286764705882353,0.034479673040958524,646,You're imagining things: I've kept my affairs within our species!
5400,2429,14,50,208,272,1.286764705882353,0.03368356579218661,646,Only his breath was abominable.
4282,2431,16,48,215,279,1.2867383512544803,0.03388590726342195,646,He wants people to know that he quit Facebook.
3210,2432,13,45,190,248,1.2862903225806452,0.03537919992405329,646,"He's a great guide, despite the language barrier."
272,2433,9,55,191,255,1.2862745098039217,0.032898654337566634,646,Something tells me to turn back.
2169,2433,14,45,196,255,1.2862745098039217,0.035166943610020596,646,"If you would have used the politically correct term, 'Large Lower Extremity' , he wouldn't have been so offended."
3215,2433,11,51,193,255,1.2862745098039217,0.03382422864577642,646,"At first he was angry, but then I let him know the value on his cave was about to skyrocket."
169,2436,11,53,198,262,1.286259541984733,0.03323459411806678,646,"Look Todd, I just want a man with a little more mystique...goodbye."
3537,2436,19,37,206,262,1.286259541984733,0.03658576155355343,646,He left the oven on.
390,2438,14,49,206,269,1.2862453531598512,0.033922550631730324,646,I asked him if he’d ever considered a body wax.
710,2438,17,43,209,269,1.2862453531598512,0.03512785830505751,646,"Unlike you, he was gentle."
2510,2438,15,47,207,269,1.2862453531598512,0.03432902227865325,646,"That's exactly the problem, Dan--you NEVER pay attention."
3748,2441,15,49,212,276,1.286231884057971,0.03373688808090732,646,He said if we tag him he's going to unfriend us
4906,2442,19,43,221,283,1.2862190812720848,0.03464988702418346,646,He's a lot taller than I thought.
2721,2443,21,41,228,290,1.2862068965517242,0.03475669735191528,646,"He said he is regretting the end of the holidays, when he has to start wearing pants again."
5958,2444,16,44,206,266,1.2857142857142858,0.03498691855443896,646,"I told you it said its preferred pronouns are they, them, their!"""
5689,2444,15,44,200,259,1.2857142857142858,0.03521317959765427,646,He says the difficult part is coming back down
5548,2444,14,44,194,252,1.2857142857142858,0.03543653458119449,646,"Ask Him For Directions,He Lives In The Neighborhood!”"
5112,2444,10,50,185,245,1.2857142857142858,0.034219295541457743,646,He wants a better royalty deal and approval on the photographer before he'll sign.
4990,2444,14,42,189,245,1.2857142857142858,0.03612179686512665,646,"‘This is just like that old saying, “If a tree falls in a forest and no one has their camera, did it really happen?”’"
4007,2444,17,42,207,266,1.2857142857142858,0.035390073308408064,646,I showered after him at the base of mountain.  He clogged the whole drain..
3298,2444,19,38,209,266,1.2857142857142858,0.03618290931439317,646,I told you so.
3326,2444,13,48,198,259,1.2857142857142858,0.03435269265137524,646,Maybe a little sketchy but I wouldn’t say abominable.
2712,2444,17,44,212,273,1.2857142857142858,0.03475882014573391,646,He had to leave.  He's having lunch with Nessie.
2118,2444,14,50,209,273,1.2857142857142858,0.03357639090988921,646,He went down seeking a wise mam and couldn't find one.
1951,2444,14,42,189,245,1.2857142857142858,0.03612179686512665,646,"Oh, I told him we prefer to take our own selfies."
1490,2444,14,50,209,273,1.2857142857142858,0.03357639090988921,646,Don't worry about him - he gets an existential crisis every once in a while.
1104,2444,12,52,202,266,1.2857142857142858,0.033325563679805,646,It's true what they say about men with big hands and feet.
320,2444,13,42,183,238,1.2857142857142858,0.036359975336410194,646,It was just a one yeti stand. I'll never see him again.
182,2444,14,52,214,280,1.2857142857142858,0.033013608177861545,646,He wants us to pack out our poop.
3216,2444,12,54,207,273,1.2857142857142858,0.03276440638264588,646,"Don't ask me, I'm still working on why the chicken crossed the road."
1067,2460,15,53,223,291,1.2852233676975946,0.032534532408524816,646,He wants to show me something...
1197,2461,15,51,218,284,1.2852112676056338,0.03307020069549034,646,You are so not evolved.
4358,2462,17,43,210,270,1.2851851851851852,0.03501356727280578,646,"I told him, waxing might help."
5176,2462,11,55,204,270,1.2851851851851852,0.03256883341635753,646,"See, he’s not using walking sticks"
2250,2464,14,47,202,263,1.285171102661597,0.034415092064592236,646,"Speaking of abominable, we need to talk about our marriage."
2156,2464,15,45,203,263,1.285171102661597,0.03483423044120992,646,TOUCHY AREN'T THEY
3088,2466,12,49,195,256,1.28515625,0.03416179284717195,646,He says there's a Starbucks up on the left.
5432,2466,20,33,203,256,1.28515625,0.03757826672092227,646,He started back up when the new congress was sworn in.
1673,2466,17,39,200,256,1.28515625,0.03633475423121632,646,He may be Abominable but when we’re together he takes me over the top.
157,2469,15,41,193,249,1.285140562248996,0.0361625669563381,646,We have to conquer some other mountain.
414,2469,13,45,191,249,1.285140562248996,0.03525558138677577,646,"He may be abominable, but at least he's a man."
878,2471,17,35,190,242,1.2851239669421488,0.03779855747022005,646,Go for it. He says he’s bi.
1503,2471,15,39,188,242,1.2851239669421488,0.03688015988604517,646,I rather have the flexibility of layering.
3599,2471,12,45,185,242,1.2851239669421488,0.03545799011233358,646,"Did you have to say ""Abominable""?"
3161,2474,11,45,179,235,1.2851063829787235,0.03565251064870495,646,"Yes, I saw him,Todd. And no, I don't think any less of you. Now can we finally focus on me?"
1359,2475,15,50,216,281,1.2846975088967971,0.03329555971903408,646,It’s over Perry. I’ve moved on.
5886,2475,21,38,222,281,1.2846975088967971,0.03551212215042983,646,Let that be an example to you why back hair is non-negotiable.
740,2475,14,52,215,281,1.2846975088967971,0.03291162221110577,646,Look...I've told you that your jealous outbursts are a sign of an overactive imagination!
801,2475,15,50,216,281,1.2846975088967971,0.03329555971903408,646,"Yet he persists, unlike you"
5883,2479,17,44,213,274,1.2846715328467153,0.03464742575758617,646,Don't worry. He's got 5 stars on Yelp.
939,2480,15,46,206,267,1.2846441947565543,0.03446592671279815,646,I thought you said he knew the way.
3556,2480,20,36,211,267,1.2846441947565543,0.0364513586300804,646,"When we get to Sasquatch's cave, you better not start in with any of your Fox News, anti-Endangered Species Act, 2nd Amendment banter. If you do, so help me God, I will leave you here to be eaten alive."
4467,2480,11,54,202,267,1.2846441947565543,0.03279114134528656,646,"He says he's Sisyphus, but something's wrong."
5167,2480,22,32,213,267,1.2846441947565543,0.03721588535426025,646,"-Are we there yet?
- Not Yeti"
5182,2484,15,44,201,260,1.2846153846153847,0.03509469169950833,646,Why can't you be more abominable?
64,2485,14,44,195,253,1.284584980237154,0.0353142528231619,646,I thought your uncle wasn't coming with us.
932,2485,16,40,197,253,1.284584980237154,0.03619165160133168,646,You can be so abominable yourself sometimes.
5382,2485,11,50,192,253,1.284584980237154,0.03395567202541034,646,"Honey, I swear it's not what it looks like!"
1697,2488,13,44,189,246,1.2845528455284554,0.0355294405396991,646,Why can't you be more like that guy?
4619,2488,11,48,187,246,1.2845528455284554,0.0345828445106115,646,"...no, I don't think this is a good time to tell him you don't beleive"
5995,2490,14,40,185,239,1.284518828451883,0.03670932130519372,646,His feet look so much smaller in person.
2028,2491,18,43,217,278,1.2841726618705036,0.03466783916224349,646,"I'm leaving you, I've met someone new."
4543,2491,10,59,209,278,1.2841726618705036,0.031529082681327696,646,He says that he will check to see if the guru at the top can work us in.
5577,2493,11,55,205,271,1.2841328413284132,0.03246549060242584,646,He said the wifi password is yeticoolers.
5088,2494,18,39,207,264,1.2840909090909092,0.03594180450571691,646,He said the closest Starbucks is in a Walmart at the summit.
5846,2494,13,49,202,264,1.2840909090909092,0.03387901270258806,646,Since the Rogaine he's excersizing more...
1425,2496,13,45,192,250,1.284,0.03513279455170124,646,I said we're engaged.
2352,2496,11,49,190,250,1.284,0.03420608461808511,646,For Pete's sake! Can't we go on a simple date together without your Yeti friend tagging along?!
5874,2496,13,45,192,250,1.284,0.03513279455170124,646,Why does Joe think no one will notice the zipper on that stupid gorilla suit?
379,2499,15,54,227,296,1.2837837837837838,0.03213329754064423,646,He said the conditions up ahead are abominable
5177,2500,19,44,226,289,1.2837370242214532,0.034091289545129785,646,"Rock, paper, scissors...who asks for the selfie."
4324,2500,11,60,218,289,1.2837370242214532,0.031144538310950733,646,His hands are also quite large.
2705,2502,18,44,220,282,1.2836879432624113,0.03431426192492121,646,Who needs a GPS? Follow that Yeti!
1390,2503,14,50,211,275,1.2836363636363637,0.033364004308464,646,I was too busy trying not to sound culturally appropriative.
4785,2504,20,36,212,268,1.2835820895522387,0.03633061973411444,646,He said he can't be abominable until the government shut-down is over.
5156,2504,14,48,206,268,1.2835820895522387,0.03394426473693014,646,He told me that he’s a figment of our imagination.
5282,2504,14,48,206,268,1.2835820895522387,0.03394426473693014,646,He said we need to remove our shoes before we enter his home.
5906,2504,10,56,202,268,1.2835820895522387,0.032255426841201695,646,"I’m sorry, but he just didn’t have that ‘wow’ factor I thought he would"
1643,2508,14,46,201,261,1.2835249042145593,0.0345530932819488,646,Also a jerk. I guess I''ll just get back on Tinder.
2273,2508,14,46,201,261,1.2835249042145593,0.0345530932819488,646,"I know he looks a little rough around the edges, but he’s got a big heart."
3408,2508,14,46,201,261,1.2835249042145593,0.0345530932819488,646,"As far as holy men, I asked him who's at the top?   All he said was ""dinner""."
748,2511,11,50,193,254,1.2834645669291338,0.033840276973817154,646,"Way to go, you’ve hurt his feelings, again."
3994,2512,12,46,189,247,1.2834008097165992,0.03493610792397525,646,The docs seem to think it a testerone issue.
2555,2512,18,34,195,247,1.2834008097165992,0.03765665267036744,646,"They said blind people couldn't scale it, but just look at us!"
68,2512,17,36,194,247,1.2834008097165992,0.03721704154586333,646,There will be no further statement at this time.
5211,2515,13,59,228,300,1.2833333333333334,0.03112829328575029,646,And I still say he flashed me.
2741,2516,15,36,182,233,1.2832618025751072,0.037816475985540735,646,"Sorry Ralph, it's just that his feet are bigger , if you catch my drift."
890,2517,16,43,206,265,1.2830188679245282,0.035014818578601024,646,23andMe said I am 2% Yeti and your mom says I’m abominable.
2900,2517,16,43,206,265,1.2830188679245282,0.035014818578601024,646,He'd join us but he doesn't have a thing to wear.
3228,2519,21,46,244,311,1.2829581993569132,0.03301715528107152,646,"That was cold, Larry."
420,2520,12,49,197,258,1.2829457364341086,0.03393233725522632,646,This is why I told you I prefer the Bahamas!
2737,2520,16,41,201,258,1.2829457364341086,0.03566589747754323,646,"I told you I'd find hiking boring.
Can we go home now?"
4743,2520,10,53,195,258,1.2829457364341086,0.0330314569155573,646,Gosh! Do you think it was something I said?
1573,2523,12,47,192,251,1.2828685258964143,0.03455265273949785,646,"She is offended.  She says we are, 'contaminating her environment and we smell bad.'"
1049,2524,8,53,183,244,1.2827868852459017,0.03323394028883602,646,"It can't be real Bob, see, it left no footprints."""
4224,2525,14,39,184,237,1.2827004219409284,0.036876129875879286,646,You know what they say about guys with big feet...
1802,2526,22,36,225,283,1.2826855123674912,0.03564260366447389,646,It's true.
5887,2526,17,46,220,283,1.2826855123674912,0.03383919818964014,646,"No, Jeffrey.  You’re abominable!"
2890,2528,10,58,208,276,1.2826086956521738,0.031634548944865094,646,I TOLD you you'd want to be able to post to Facebook up here!!
5270,2528,14,50,212,276,1.2826086956521738,0.033258781268671656,646,He said they just opened up a Starbucks Reserve up there
944,2530,17,42,210,269,1.2825278810408922,0.0350426142238555,646,"I'm sorry, Kevin, but this is the man I've waited for my whole life."
2390,2530,16,44,209,269,1.2825278810408922,0.034644515906503824,646,I'll believe in global warming when I see a Yeti in the desert...
3359,2530,13,50,206,269,1.2825278810408922,0.033421781739729345,646,Which part of “He’s not taking questions from the lying mainstream media” did you not get?
4931,2530,19,38,212,269,1.2825278810408922,0.03582554214710346,646,He’s very sensitive about his feet.
5140,2530,17,42,210,269,1.2825278810408922,0.0350426142238555,646,"'He was nice - not abominable at all!"""
5380,2530,14,48,207,269,1.2825278810408922,0.03383426996262916,646,JUST Loch Ness left to see.
5620,2536,10,52,193,255,1.2823529411764707,0.03326469424489937,646,You're the abominable one!
3295,2536,13,46,196,255,1.2823529411764707,0.03462911149012124,646,"Dammit.
I forgot my phone!"
188,2536,12,48,195,255,1.2823529411764707,0.034180357948179994,646,Of course I saw him! Do you think I'm snowblind?
1664,2536,13,46,196,255,1.2823529411764707,0.03462911149012124,646,At least he’s not giving up!!!
256,2540,12,44,185,241,1.2821576763485478,0.03548061585023104,646,Trust me. He's cold.
732,2541,12,55,213,280,1.2821428571428573,0.03214285714285715,646,"Of course he wouldn’t wear pants, I just didn’t think it through is all."
2369,2541,16,47,217,280,1.2821428571428573,0.03369821685676528,646,I think you treated him abominably!
3027,2541,13,53,214,280,1.2821428571428573,0.03253866782477406,646,Yes it's real fur but he was born with it
213,2544,14,49,210,273,1.2820512820512822,0.03348959775441104,646,"How could you forget the camera, they won't believe we reached the summit !"
3459,2544,12,53,208,273,1.2820512820512822,0.03267545648993642,646,I​ guess it's not true​ what they say about males with big feet.
1991,2546,17,41,208,266,1.281954887218045,0.03530331523606422,646,Why am I leaving you?  Size matters dummy!
2139,2547,15,43,201,259,1.281853281853282,0.03512117038583787,646,"On his way to work, “scaring the crap out of skiers “."
4404,2547,19,35,205,259,1.281853281853282,0.03678610687779645,646,I don't know. His feet weren't that big.
999,2547,18,37,204,259,1.281853281853282,0.03637701742496574,646,He doesn't do selfies.
4089,2547,16,41,202,259,1.281853281853282,0.03554471650976355,646,Is it rude to ask for a photo?
18,2551,13,56,222,291,1.2817869415807561,0.031716967077527546,646,Let’s just let that one pass!
1303,2551,20,42,229,291,1.2817869415807561,0.03423247630282758,646,I didn‘t catch it all. Sounds like a pretty major speech impediment.
5096,2553,8,55,189,252,1.2817460317460319,0.03254523476807933,646,"When you shave, it grows back thicker."
5314,2554,9,60,208,277,1.2815884476534296,0.031119122648629618,646,He doesn’t seem concerned about climate change
3299,2555,14,30,162,206,1.2815533980582525,0.04061739457948185,646,This Sherpa guide is way bigger than the last one.
4317,2556,21,34,215,270,1.2814814814814814,0.03647095970677475,646,Did you bring a plastic bag?
1792,2557,16,53,233,302,1.281456953642384,0.03199871269157959,646,"Well, that’s a relief. I thought we’d be underdressed."
5786,2558,14,46,203,263,1.2813688212927756,0.03432357734741517,646,He said it's unlikely we catch up to Sisyphus.
4066,2559,16,40,200,256,1.28125,0.03581808270998893,646,I just called him Sasquatch....I think I might have put my Big Foot in it.....
3690,2559,9,54,193,256,1.28125,0.0326875246035224,646,He said your walking stick is a bit cliche.
967,2559,11,50,195,256,1.28125,0.03361173566642764,646,That was the maitre de. He says they're ALWAYS closed on Mondays.
552,2559,17,38,201,256,1.28125,0.03624323804410374,646,"1) Now, do you believe me?
2) Told you so!
3) When Hairy met Sally."
1093,2563,18,43,220,281,1.2811387900355873,0.03434143944984543,646,Five bucks to pose in a selfie? That's abominable.
1540,2563,13,53,215,281,1.2811387900355873,0.03243820835529191,646,"Nice guy,but his breath is abominable."
1826,2563,13,53,215,281,1.2811387900355873,0.03243820835529191,646,"Well, you're an abominable boyfriend for even thinking that."
1870,2563,20,39,222,281,1.2811387900355873,0.035073826485883,646,Why did you say that? I think you hurt his feelings.
2065,2563,17,45,219,281,1.2811387900355873,0.03396932503083019,646,Why did you have to tell him he was abominable?
5492,2563,17,45,219,281,1.2811387900355873,0.03396932503083019,646,"I told you Greg, I’m with Steve now."
5918,2563,19,41,221,281,1.2811387900355873,0.03470956473257212,646,"I asked, but he didn't want to sign my Yeti water bottle"
4112,2570,14,42,193,249,1.2811244979919678,0.035613477979275186,646,Just because he's ahead of you doesn't make him abominable.
5412,2571,18,41,215,274,1.281021897810219,0.034948179957286066,646,Maybe there is something to that Paleo Diet.”
4646,2571,13,51,210,274,1.281021897810219,0.032980130643369576,646,He said we should have taken a left at the last crevasse
2015,2571,17,43,214,274,1.281021897810219,0.034563536122801816,646,"Now that we’ve settled that, I want us to talk about why I still believe there’s income inequality."
345,2574,11,46,185,242,1.28099173553719,0.03486455541221791,646,"I asked for a photo for my Instagram, but apparently he's off social media."
923,2575,16,52,231,299,1.2809364548494984,0.032202931134949826,646,"I've met someone, Dave, and he promised me a fur coat to keep me warm..."
3454,2576,16,41,203,260,1.2807692307692307,0.03542433302502653,646,This blind mountaineering trip was a cool idea! I wonder what we're missing?
3793,2576,16,41,203,260,1.2807692307692307,0.03542433302502653,646,He said - “Not digging this “global warming””
1587,2578,15,50,220,285,1.280701754385965,0.03288752906783707,646,The Yeti calls us National Geographic tools & walks away?
3562,2578,21,38,226,285,1.280701754385965,0.035069182155471695,646,"I'm sorry John, I HAVE to go with him"
4915,2578,22,36,227,285,1.280701754385965,0.0354197289449156,646,I suppose what they say about big feet is the actual myth.
5066,2581,17,37,199,253,1.2806324110671936,0.03652924533439271,646,With the government shut down and all...he decided to just head back home!
5741,2582,14,50,214,278,1.2805755395683454,0.03305024785265147,646,"He seemed very pleasant, not abominable at all."
5133,2582,21,36,221,278,1.2805755395683454,0.03569485815062486,646,Todd! I told you no one wanted to hear your thoughts on the wall!
1532,2582,18,42,218,278,1.2805755395683454,0.03458622401836149,646,I told you he wouldn’t be in our selfie
3103,2582,17,44,217,278,1.2805755395683454,0.034208696111758446,646,When we get to the top we turn left.
2835,2586,15,39,192,246,1.2804878048780488,0.03635233567461305,646,"He ain't Yeti, he's my lover"
1022,2587,10,56,205,271,1.2804428044280443,0.03194876545925077,646,"We discussed movie and book deals, but he wants control of his likeness."
1879,2587,13,50,208,271,1.2804428044280443,0.03320729489703152,646,"The sex is good, but his breath is abominable."
4180,2589,22,39,235,296,1.2804054054054055,0.03446574632993761,646,I came up here to escape white male privilege!
232,2590,11,52,201,264,1.2803030303030303,0.032922687107603765,646,"If it's not a UFO, I'm not turning!"
1278,2590,20,34,210,264,1.2803030303030303,0.03664900794496718,646,He advises us to Make America Great Again.
4483,2590,19,36,209,264,1.2803030303030303,0.036253891121716265,646,Well that was rude!
5064,2593,15,51,223,289,1.2802768166089966,0.03257086030734384,646,"He says take a hard left, next mountain over, the Starbucks is a couple of hundred feet up on the right."
333,2593,18,45,226,289,1.2802768166089966,0.03365930183104449,646,He didn't even say hello. That's abominable!
1019,2595,19,50,245,314,1.2802547770700636,0.032110588923616665,646,I’m not carrying his crap another step.
1815,2596,13,46,198,257,1.2801556420233462,0.03439407274522216,646,"Yeah, but his manners are abominable"
3014,2596,9,54,194,257,1.2801556420233462,0.03257847309596222,646,"No clue. He said it was 'adorable snowman,' and then split."
4873,2596,13,46,198,257,1.2801556420233462,0.03439407274522216,646,He asked me if my boots came in size 32.
1012,2599,14,49,212,275,1.28,0.03327710364610562,646,"I'm sorry, I can't explain it.  I just have to follow him."
1123,2599,13,44,193,250,1.28,0.03503297356702384,646,All I know is that he said is to just call him Big Foot and he’s a Pisces.
5445,2599,13,44,193,250,1.28,0.03503297356702384,646,"I was NOT flirting.  
Your jealousy can be so abominable."
3773,2602,13,56,224,293,1.2798634812286689,0.03152934675954538,646,"Why me? He's your roommate, you go after him."
2158,2603,17,41,210,268,1.2798507462686568,0.03507082068305837,646,"He's only starting an exploratory committee now, but he'll declare officially in the spring."
5374,2603,17,41,210,268,1.2798507462686568,0.03507082068305837,646,I'm sorry - but he has bigger feet
1978,2605,14,52,220,286,1.2797202797202798,0.03241068389669029,646,We gotta go back.  He said it's closed during Trump's summit conference with Bigfoot.
3666,2606,11,51,199,261,1.2796934865900382,0.03315211026399665,646,Do you think I should ask for his autograph or play it cool?
3444,2606,21,31,209,261,1.2796934865900382,0.037333454804125206,646,We really shouldn't be hiking - we're both blind.
2640,2606,13,47,201,261,1.2796934865900382,0.03402950633622659,646,He says he has to go home for lunch.
5960,2609,21,36,222,279,1.2795698924731183,0.035580903965383555,646,Why are you so surprised to see him?  He had to lose the orange hair and find someplace to hide out.
518,2610,16,39,199,254,1.279527559055118,0.0359718903625343,646,"I'm sorry, his protective instincts trumps your dental plan...."
867,2610,14,43,197,254,1.279527559055118,0.035096035566361095,646,Let's ask him if he knows anything about the Loch Ness Monster.
1246,2612,11,54,207,272,1.2794117647058822,0.03227094607928951,646,Maybe all our fancy equipment isn’t necessary after all.
2383,2612,10,56,206,272,1.2794117647058822,0.03184778385673,646,Abonimable Snow-person!
432,2614,17,40,208,265,1.2792452830188679,0.03533225636525318,646,"Friendly enough, but his hygiene is abominable!"
1625,2614,11,52,202,265,1.2792452830188679,0.03281526707554043,646,He said no to a threesome
3909,2614,15,44,206,265,1.2792452830188679,0.03451366122256999,646,Nice guy
4606,2617,17,45,221,283,1.2791519434628975,0.03375797666073662,646,Big mouth – our guide just quit! Now you've got big shoes to fill.
5596,2618,11,50,197,258,1.2790697674418605,0.03338614721061896,646,"Bob: What do you mean it's over?
Mary: Have you seen the size of his feet?"
1316,2619,12,53,211,276,1.2789855072463767,0.03236772330196685,646,What did you say to make him feel bad?
5757,2619,17,43,216,276,1.2789855072463767,0.03434271127063262,646,Ugh. Freeclimbers
5804,2619,15,47,214,276,1.2789855072463767,0.03356666344979639,646,"He's lost, he wanted directions."
2033,2622,14,42,195,251,1.2788844621513944,0.03536448522359569,646,"It's not him, the hands are too small..."
3097,2622,9,52,190,251,1.2788844621513944,0.03303459195039529,646,He said it's neither goose down nor synthetic.
5456,2624,17,41,211,269,1.278810408921933,0.03495568713168483,646,Is there a word for how rude that...that...snowman was?
591,2625,12,56,219,287,1.278745644599303,0.0315491737169743,646,I didn't think he was abominable at all.
1849,2625,14,52,221,287,1.278745644599303,0.03231225956618712,646,He said we can't get there from here.
4705,2625,15,50,222,287,1.278745644599303,0.03268712279013045,646,He says you can wait down here.
3781,2628,17,39,206,262,1.2786259541984732,0.03559911554563831,646,"That's right, Milo, I love him. I love him even though he's abomidibible. I mean abombbable...abobmable...oh, fuck it."
2942,2628,12,49,201,262,1.2786259541984732,0.033482229819990925,646,"Sorry, Lyle.  It's those big feet and well ... the grunting. They're irresistible"
818,2628,19,35,208,262,1.2786259541984732,0.03641142613516964,646,"Don't trust him, he doesn't even have the right gear."
1128,2628,8,57,197,262,1.2786259541984732,0.031687061438200215,646,He really wishes you would stop calling him abominable.
1661,2632,20,38,222,280,1.2785714285714285,0.03510488792627445,646,Can’t you just savour the moment for one second Howard and stop thinking about your Instagram content.
4423,2632,20,38,222,280,1.2785714285714285,0.03510488792627445,646,Where can I get a Day-After pill?
4724,2632,19,40,221,280,1.2785714285714285,0.034738329231720766,646,Follow that guy. Pretty sure he can show you the way to Extinction.
4909,2632,16,46,218,280,1.2785714285714285,0.0336146783756268,646,He was Secretary of something or other.
1565,2636,12,47,196,255,1.2784313725490195,0.034081016859686064,646,"No John, he said he hungers for visitors."
2532,2636,18,35,202,255,1.2784313725490195,0.03669859219326291,646,"If this wasn't in the New Yorker, I'd make a fart joke."
1632,2638,14,48,211,273,1.2783882783882783,0.03340110222998501,646,I told you we’re just friends
1988,2639,13,55,223,291,1.2783505154639174,0.03163469205676761,646,I warned you! No one likes being called abominable to their face !
795,2639,18,45,228,291,1.2783505154639174,0.03345521175887684,646,"I can't put my foot on it, exactly, but I think 'elusive' sums up our guide's character nicely."
4298,2641,10,49,189,248,1.278225806451613,0.03375677280169063,646,He says he prefers to be called 'Frosty' from now on.
969,2642,17,40,209,266,1.2781954887218046,0.03521482897597081,646,Not worth the trouble. He’ll still be President when you come down.
3880,2642,14,46,206,266,1.2781954887218046,0.03398478664473587,646,He was very happy. I convinced him he was not Abominable.
5098,2642,16,42,208,266,1.2781954887218046,0.034809644654424744,646,Maybe the trail to extinction is uphill
3044,2645,15,49,220,284,1.278169014084507,0.03290551934245507,646,Wait till you meet his dog Big Tail.
5854,2645,14,51,219,284,1.278169014084507,0.032525204305832826,646,He's not so abominable;he gave us the peace sign.
5315,2647,22,40,240,302,1.2781456953642385,0.03392761650882769,646,He's upset you called him abominable.
3111,2648,14,39,188,241,1.2780082987551866,0.036337667393980984,646,"No, no... that's his twin brother, the 'Abdominal' Snowman."
3302,2648,10,47,184,241,1.2780082987551866,0.03438187727844747,646,Should we follow him? He seems to know the way.
2846,2650,13,46,200,259,1.277992277992278,0.03416210056963157,646,He just escaped a close shave.
2408,2651,15,47,215,277,1.2779783393501805,0.033460426079250115,646,"Actually, he’s a pretty nice guy."
244,2651,10,57,210,277,1.2779783393501805,0.03144517590863377,646,He said calling him abominable hurts his feelings.
2490,2653,20,35,215,270,1.2777777777777777,0.0360073016190312,646,So much for big feet big...
5815,2653,16,43,211,270,1.2777777777777777,0.0344438448469484,646,Just because I'm leaving him for you doesn't make him abominable.
1448,2653,7,61,202,270,1.2777777777777777,0.030635714015563274,646,He promised he'd write
1584,2653,18,39,213,270,1.2777777777777777,0.03523424625080364,646,"Sorry, but I like men with big feet."
5857,2653,17,41,212,270,1.2777777777777777,0.034841286978977426,646,Claims he saw me in Frisco. I've never even been to Frisco!
5509,2658,15,48,218,281,1.2775800711743772,0.03312804924496459,646,His Facebook feed made him seem so much nicer.
2776,2659,16,41,206,263,1.2775665399239544,0.035067892692118706,646,He tells me he knows where Jimmy Hoffa is buried.
3202,2659,23,27,213,263,1.2775665399239544,0.03785409407428274,646,"Look Debbie, its the Ex President. He still trying to find money for the wall"
4189,2659,16,41,206,263,1.2775665399239544,0.035067892692118706,646,"You got my tumbler autographed, right?"
4472,2659,19,35,209,263,1.2775665399239544,0.03628818325180832,646,Honest! All I did was make a joke about how bad Trump's presidency is. Who knew that HE is part of the guy's base?
540,2663,8,52,185,245,1.2775510204081633,0.03300661719097425,646,"Are you following me, or him?"
5100,2663,14,40,191,245,1.2775510204081633,0.03591897563279446,646,"Can you believe it? I know, no gear!"
3001,2665,19,43,230,292,1.2773972602739727,0.033705058231739284,646,He says there is a Starbucks at the peak!
3914,2666,12,52,210,274,1.2773722627737227,0.032481503978549056,646,"Sorry, Larry. But he wants to have kids, too."
4295,2667,19,33,204,256,1.27734375,0.03698763409339945,646,Being blind-always feel like I'm missing something
804,2668,16,34,188,238,1.2773109243697478,0.037588902051214776,646,He says he's going up there to contemplate his existence.
5016,2669,14,46,207,267,1.2771535580524345,0.033873292048000415,646,He said he's never seen anything like it...no footprints...anywhere!
3460,2669,12,50,205,267,1.2771535580524345,0.033031490088193456,646,He said we should have turned where I told you to!
4120,2669,13,48,206,267,1.2771535580524345,0.033455038870217675,646,Just leave him alone. He's having a bad hair day.
2789,2672,13,43,193,249,1.2771084337349397,0.03505393427200613,646,I told you not to say anything about his haircut.
5546,2672,15,39,195,249,1.2771084337349397,0.03596600530915537,646,"Let’s face it, what you said was abominable."
2823,2674,13,51,214,278,1.276978417266187,0.03256687390801989,646,He was asking for directions to Sunglass Hut.
5359,2674,15,47,216,278,1.276978417266187,0.03335483893686437,646,he told me climate change was fake news
2497,2676,15,42,203,260,1.2769230769230768,0.0349086674734071,646,He wanted to know if the FED was going to continue to raise interest rates.
3267,2677,9,67,231,307,1.276872964169381,0.029084407683148055,646,For the last time -- my feelings for you had nothing to do with the size of your feet.
3438,2678,13,41,188,242,1.2768595041322315,0.03572871130833586,646,He told me the chai isn't worth the journey.
4852,2679,14,47,210,271,1.2767527675276753,0.03352620348345454,646,He's not abominable. Actually rather nice.
6038,2679,16,43,212,271,1.2767527675276753,0.03433181517707445,646,It's true what they say about a snowman with big feet.
1319,2679,14,47,210,271,1.2767527675276753,0.03352620348345454,646,I'm thinking 2020...
3897,2682,17,36,200,253,1.2766798418972332,0.03643408152651851,646,He wasn't at all abominable . . .
4304,2682,18,34,201,253,1.2766798418972332,0.03686206577591638,646,"Don't worry, mom'll be back once she eats her Snickers bar."
441,2684,16,46,220,282,1.2765957446808511,0.03340497309974255,646,Did you have to humiliate him by calling attention to his foot size?
919,2684,15,48,219,282,1.2765957446808511,0.03302503727378484,646,Was it something I said?
1929,2686,15,43,206,264,1.2765151515151516,0.03453608275292101,646,Our next Sherpa will have big shoes to fill.
842,2687,12,57,224,293,1.2764505119453924,0.031073095947196677,646,No problem following....he leaves a very big footprint .
1461,2687,17,47,229,293,1.2764505119453924,0.03290014895779256,646,No deal.
5180,2687,12,57,224,293,1.2764505119453924,0.031073095947196677,646,"There's no such thing as bad weather, just bad clothes."
4934,2690,13,42,191,246,1.2764227642276422,0.03532382421775969,646,"He says ""there's no bathroom at the top""."
2488,2690,18,32,196,246,1.2764227642276422,0.03759910349881218,646,"If you must know, it's because his back isn't as hairy as yours!"
1349,2690,8,52,186,246,1.2764227642276422,0.032891526732883376,646,Actually he's very polite and gave very detailed directions!
32,2693,12,47,198,257,1.2762645914396886,0.0338498338809239,646,"I told him it’s over, yeti can’t stop meeting me."
2237,2693,12,47,198,257,1.2762645914396886,0.0338498338809239,646,He believes our Yeti tumblers are an infringement of his copyright.
4069,2693,15,41,201,257,1.2762645914396886,0.03517112099181114,646,He understands me. He completes me.
3670,2696,19,41,226,286,1.2762237762237763,0.03417146313989723,646,He said because of climate change he's becoming the Abdominal No-man.
2270,2697,10,54,204,268,1.2761194029850746,0.03206409451587795,646,I'm surprised how small his foot is.
3867,2697,18,38,212,268,1.2761194029850746,0.03537947502109837,646,"When I asked him if there were sufficient grounds for impeachment, he said, "" Not Yeti. """
1799,2699,9,51,190,250,1.276,0.03304031856084941,646,"Hurry back! Hurry back! Not ""hairy back"", you idiot! Now we'll never find our way off this mountain."
2256,2699,14,41,195,250,1.276,0.03538792478916409,646,He says he’s going back to where it’s civilized!
5231,2701,16,45,218,279,1.2759856630824373,0.03363541926812214,646,How would you like to be called abominable?
5936,2702,15,42,204,261,1.2758620689655173,0.03479084299325888,646,"Hey, just remember that he promised a selfie with you at the top"
4736,2702,17,46,227,290,1.2758620689655173,0.03311945283875996,646,I think the air must be getting thin!
5537,2702,16,48,226,290,1.2758620689655173,0.03275720768874052,646,Downhill with you or follow my bliss...?
1919,2702,13,46,202,261,1.2758620689655173,0.03393313822284195,646,Apparently he'd rather not be called abominable anymore.
4071,2702,14,52,224,290,1.2758620689655173,0.03202042557512554,646,"I've never seen him in my life, I swear!"
5713,2707,16,51,234,301,1.2757475083056478,0.031938644947653326,646,"He said he’s sorry, but he’s not into threesomes."
1227,2708,16,43,213,272,1.275735294117647,0.03422049193591332,646,He’s abominable AND rude.
1757,2708,13,49,210,272,1.275735294117647,0.03300975909535922,646,He said that he’s looking for a WiFi hotspot.
5039,2708,14,47,211,272,1.275735294117647,0.03341821090066118,646,So what if I assume most abominable creatures are men?
5496,2708,17,41,214,272,1.275735294117647,0.03461466008215778,646,"Okay, okay! I'm the one who farted."
5534,2708,14,47,211,272,1.275735294117647,0.03341821090066118,646,"Apparently, the event is ""members only""."
4049,2713,13,41,189,243,1.2757201646090535,0.03559961232323692,646,Altitude training may result in unusual side effects. Consult your doctor or physician if you have any concerns.
1730,2714,15,48,220,283,1.2756183745583038,0.0329226448455154,646,"Abominable"" is in the eyes of the beholder"
5965,2715,14,42,198,254,1.2755905511811023,0.03499726808949835,646,It shrinks?
5999,2715,13,44,197,254,1.2755905511811023,0.03454976384635309,646,Oh now you’re not into my no cell phone idea?
3233,2715,12,46,196,254,1.2755905511811023,0.03409638675797355,646,"You know what they say about big feet, right?"
309,2718,16,52,237,305,1.2754098360655737,0.03164759131989814,646,He thinks he left his oven on.
3754,2719,19,38,219,276,1.2753623188405796,0.035017869288984364,646,It’s true!!! You can tell how big he is by the size of his feet!
4136,2720,16,47,224,287,1.2752613240418118,0.03297545099646956,646,It's the next thing in smart wool
4287,2721,13,45,200,258,1.2751937984496124,0.03417950813618678,646,"Okay Todd, so his ""Yeti's Yurts"" is not on airbnb, but he said he has a vacancy. I say we follow him."
1105,2721,15,41,202,258,1.2751937984496124,0.03505089359873383,646,He said a brown loafer in size 27 1/2.
3543,2723,15,44,210,269,1.275092936802974,0.03406211273874681,646,We’re lost! Why didn’t you ask him for directions?
5414,2723,12,50,207,269,1.275092936802974,0.032817686336626586,646,"He says that troop 6000 stopped by yesterday, so unless we have Thin Mints we should take a hike."
1468,2723,15,44,210,269,1.275092936802974,0.03406211273874681,646,"I don't care who that is, I am not following that hairy butt up this mountain!"
2908,2723,15,44,210,269,1.275092936802974,0.03406211273874681,646,He's right - calling him that is just body-shaming.
5758,2727,23,39,247,309,1.2750809061488673,0.033626998812654144,646,"I'm in love, Jake. Goodbye!"
5131,2728,18,41,221,280,1.275,0.03428462086496776,646,"For me, it's as if he never existed."
4968,2728,17,43,220,280,1.275,0.03390919623567799,646,I told you we are through!  You’re following me is hurting my new relationship!
2461,2728,17,43,220,280,1.275,0.03390919623567799,646,"He says since global warming took a turn for the worse, he's
going to wait us out."
384,2728,11,55,214,280,1.275,0.03156301250388708,646,"Did you see that?!""  ""Science has lead me to believe that I did not."
1575,2728,18,30,192,240,1.275,0.03823375581448949,646,"Too be honest, Dave, I prefer a man with more hair on his chest."
1979,2728,20,37,223,280,1.275,0.0350233993904691,646,He said he's looking for his MAGA hat.
31,2734,10,49,192,251,1.2749003984063745,0.03340727132004585,646,I got a deal on this Sherpa by using Groupon
1209,2734,13,43,195,251,1.2749003984063745,0.03480895440733083,646,"He forgot his phone."""
4985,2734,11,47,193,251,1.2749003984063745,0.03388094282943315,646,"Let's follow him, he looks like he knows where he is going!"
2409,2737,17,38,207,262,1.2748091603053435,0.03550727506719467,646,He asked for directions to the White House.
5673,2737,12,48,202,262,1.2748091603053435,0.033384566326139474,646,At least he’s up front about being abominable!
893,2739,13,35,174,222,1.2747747747747749,0.037836915766857264,646,He said there's a Starbucks at the summit
5020,2740,13,49,211,273,1.2747252747252746,0.03290412729958657,646,He told me he just got back from a trip to Loch Ness.
4219,2740,12,51,210,273,1.2747252747252746,0.03249227204866006,646,"No honey, that's Zombies that eat brains..."
5789,2742,17,44,223,284,1.2746478873239437,0.0335704909525784,646,"He is so famous, I don't know what to say..."
2896,2743,12,43,189,244,1.2745901639344261,0.03499271302994194,646,"You go with him, let me know how it works out for you."
2019,2744,12,46,197,255,1.2745098039215685,0.03397960357015338,646,"We have followed in their footsteps for thousands of years, why  stop now!"
5342,2744,8,54,193,255,1.2745098039215685,0.03211073786549663,646,"He prefers to be called simply, 'Mr. Snowman.'"
2360,2746,17,39,210,266,1.2744360902255638,0.03512460146712474,646,"He has my number, but I just have a feeling he'll never call."
2855,2747,9,58,210,277,1.2743682310469313,0.030931917659009472,646,"So great bumping in to you up here.  No, not much new with me I can see mentioning."
4924,2747,20,36,221,277,1.2743682310469313,0.035278120501520904,646,I told you that REI had a new line of natural fiber outerwear.
987,2749,12,55,221,288,1.2743055555555556,0.03136807177862347,646,Your friends are abominable.
816,2749,14,51,223,288,1.2743055555555556,0.032130192470403,646,You never mentioned your friend Fred was an exhibitionist.
3753,2749,18,43,227,288,1.2743055555555556,0.03360261820658738,646,Just because he's Tibetan doesn't make him a sherpa.
1493,2752,12,41,184,237,1.2742616033755274,0.03567199912397597,646,You feel  threatened because I said  he was kind of cute?
4081,2753,7,68,224,299,1.274247491638796,0.028723312530006807,646,"He said you are making things awkward, so maybe I go it alone from here"
1083,2754,13,42,193,248,1.2741935483870968,0.03507367353518402,646,I feel like I'm in the middle of a New York Times crossword.
3158,2754,14,40,194,248,1.2741935483870968,0.035536072350827466,646,"You're the Big Ape!  Now, apologize!"
2843,2756,17,37,205,259,1.274131274131274,0.03577803286179345,646,"He told me just to tap the ""Find People to Follow"" option"
735,2757,12,50,208,270,1.2740740740740741,0.03271178435973459,646,"Me? You’re the one who said, “Go take a hike.”"
5358,2757,19,36,215,270,1.2740740740740741,0.035536159747128475,646,That's racist!
5707,2757,12,50,208,270,1.2740740740740741,0.03271178435973459,646,He knows the territory and his rates are low.
1338,2760,16,45,220,281,1.2740213523131672,0.03342436313894558,646,I know our sherpa is a local but frankly I find him abominable .
3081,2760,17,43,221,281,1.2740213523131672,0.03380247730095116,646,"No, I did not used to date that guy."
4124,2760,15,47,219,281,1.2740213523131672,0.03304192232311689,646,Remember when we did not see the basketball playing gorilla ?
4551,2763,19,42,231,292,1.273972602739726,0.033626644340234005,646,Yet i still don't believe.
5355,2764,12,42,187,241,1.2738589211618256,0.03526360698974762,646,It's true. He is abominable.
772,2765,13,43,196,252,1.2738095238095237,0.034687705874932855,646,"He'll be right back with a trail map."""
1364,2766,7,58,198,263,1.273764258555133,0.03101645269239871,646,"We've been over this, he gets sensitive about the 'abominable' thing."
1888,2766,23,26,214,263,1.273764258555133,0.03776799062024759,646,Don't leave me for him! Not yeti!
3971,2766,11,50,202,263,1.273764258555133,0.032834745805131994,646,He’s not the only one around here who’s abominable!
3416,2769,17,41,216,274,1.2737226277372262,0.03439088718011853,646,I thought his feet looked proportional
2187,2770,16,46,223,285,1.2736842105263158,0.0330951394876765,646,Who cares about communing with nature! We could have gone viral!
3675,2770,19,40,226,285,1.2736842105263158,0.03419674315109083,646,I’ll tell you what’s abominable - there’s no wi-fi!
4191,2770,13,52,220,285,1.2736842105263158,0.03195558281859135,646,Now he's going to get photos of his grandson...let's just try the climb tomorrow.
5093,2770,17,44,224,285,1.2736842105263158,0.03346636997324929,646,He’s the new union rep for the Sherpas
4851,2774,11,45,189,245,1.273469387755102,0.03438450614210519,646,Our past has caught up with us.
4187,2774,11,45,189,245,1.273469387755102,0.03438450614210519,646,"He said, clothing is optional at this altitude here."
1911,2776,16,38,202,256,1.2734375,0.035627123044754516,646,"He said: ""Wait here, I'm getting dipping sauce."""
3596,2776,16,38,202,256,1.2734375,0.035627123044754516,646,He would like us to join him for lunch.
5501,2776,13,44,199,256,1.2734375,0.03431297322792352,646,Do you smell Beef Jerky?
1402,2779,18,37,212,267,1.2734082397003745,0.035407808643385365,646,Welcome to the Political Wilderness!  If you look to your right you'll see Steve Bannon.
1701,2779,17,39,211,267,1.2734082397003745,0.035007893746485844,646,"My tweet just went viral. @realDonaldTrump said, 
“It’s deepfake. You’re Obamanable!”"
3025,2779,14,45,208,267,1.2734082397003745,0.03377975369183713,646,Ugh...why didn't you ask him for directions Todd?
4753,2779,13,47,207,267,1.2734082397003745,0.0333603278029433,646,"I am sorry Dave, if you get the chance to sleep with Big Foot you are not going to not do it"
395,2783,19,38,221,278,1.2733812949640289,0.03479359509972056,646,What did you say to piss him off?
5168,2784,14,51,224,289,1.273356401384083,0.032032887416425466,646,"Of course he’s upset, you said he was abominable!"
723,2784,12,55,222,289,1.273356401384083,0.03127374996976681,646,Is this your idea of taking our relationship back to the beginning?
1048,2786,12,47,201,260,1.273076923076923,0.03350869243922113,646,I told you we should have asked for directions!
5540,2786,11,49,200,260,1.273076923076923,0.03306255342961711,646,Of course he's ahead of us.  He's got big feet!
2290,2788,15,44,212,271,1.2730627306273063,0.03384061677381714,646,I swear -- we're just friends.
3455,2788,11,52,208,271,1.2730627306273063,0.032184668973825936,646,I must say he didn't seem abominable
2415,2790,10,60,223,293,1.273037542662116,0.030224470072780518,646,Now don't start something.  He's just a friend.
4055,2790,16,48,229,293,1.273037542662116,0.032461940835721806,646,Let's not report him. I f we did the climb would be littered with trash and t-shirt stands.
2949,2792,18,42,226,286,1.2727272727272727,0.03372859858486186,646,This climb looks a little hairy.
5879,2792,14,38,190,242,1.2727272727272727,0.03609861934445943,646,"Well we are in the French Alps, honey."
3584,2792,12,51,212,275,1.2727272727272727,0.03228634627638481,646,He mentioned something about forgetting his keys.
2498,2792,15,42,207,264,1.2727272727272727,0.03444196480234995,646,I think he said something about getting out more and trying to seem less abominable.
4621,2792,12,48,204,264,1.2727272727272727,0.03316373702994407,646,He can't pose now.  He's having an abominable hair day.
1657,2792,19,40,227,286,1.2727272727272727,0.03409039790235478,646,"The guru's appointment secretary says he can see us soon, just not yeti."
823,2792,17,44,225,286,1.2727272727272727,0.0333628760129671,646,I didn't see any footprints...did you?
1712,2792,17,41,217,275,1.2727272727272727,0.03428005480167392,646,I leaving you Louis. You just don’t have his WOW factor.
936,2792,14,41,198,253,1.2727272727272727,0.03501808173501849,646,Asked only if we could change nickname from ‘abominable’ to ‘indifferent’ snowman.
2614,2801,13,53,224,290,1.2724137931034483,0.031560327843333014,646,"I don't think he's dangerous. Besides, he's going the same direction we are."
4005,2801,16,47,227,290,1.2724137931034483,0.03267483429040387,646,"He said, ""Next time, bring lattes."""
2434,2803,14,48,217,279,1.2724014336917562,0.03277113330737892,646,Poor Norbert....... the government shut down ended his anti-yeti medication
4898,2803,21,34,224,279,1.2724014336917562,0.03541818655622811,646,It was long ago.
1547,2805,18,37,213,268,1.2723880597014925,0.0352901914650847,646,"I’m sorry, Larry, but his is big."
4432,2805,13,47,208,268,1.2723880597014925,0.03325126958273896,646,He's been asked  to leave the hike...his behavior has been abominable.
2599,2807,12,46,199,257,1.272373540856031,0.03374834539377919,646,He took my camera.
3907,2807,13,44,200,257,1.272373540856031,0.034195754846218,646,"It's no use, Brad.  I'd follow him to the ends of the earth."
146,2807,15,40,202,257,1.272373540856031,0.03507345598700379,646,"I am going with him.... and yes, it is a hairy ass thing."""
2191,2810,10,47,189,246,1.2723577235772359,0.033774752494943036,646,It was a Tinder date that didn't work out.
1340,2810,12,43,191,246,1.2723577235772359,0.03474337227031283,646,"But, babe, he says he knows all the good ski spots."
4322,2812,15,44,213,272,1.2720588235294117,0.03373091575868923,646,"Bob, we were supposed to tell him about the adoption AFTER we climbed the mountain."
443,2813,11,49,201,261,1.2720306513409962,0.032952247723699375,646,The Sherpa turned back so I improvised.
2126,2813,11,49,201,261,1.2720306513409962,0.032952247723699375,646,He wants us to spread the word that he's not abominable.
3239,2813,17,37,207,261,1.2720306513409962,0.03553428329989689,646,Way to go Bill....you know he's easily triggered
5658,2816,12,44,194,250,1.272,0.03436258355529133,646,"I'm so surprised! He smelled ""Mountain Fresh""!"
5070,2817,12,51,213,276,1.2717391304347827,0.03218432691202131,646,"It's ""abominable"", not ""abdominal."""
5560,2818,16,40,209,265,1.271698113207547,0.034741085921652974,646,There's no doubt that ONE of you is being abominable.
800,2818,13,46,206,265,1.271698113207547,0.03348402242421319,646,He'll be right back. He forgot his cooler.
2743,2818,15,42,208,265,1.271698113207547,0.034327179997472174,646,Last one to the top is a monkey’s uncle
3569,2821,10,49,195,254,1.2716535433070866,0.03306467809512165,646,He invited me for Netflix and chill.
2018,2821,17,35,202,254,1.2716535433070866,0.03620954405623171,646,"Shaved heads, then body tats, then the milennial whiskers !!
Now it's the body beard  !!!"
5464,2823,12,42,189,243,1.271604938271605,0.03500892022554932,646,He says that there's a Starbucks beyond the next rise!!
26,2824,12,49,208,269,1.271375464684015,0.03272169807672746,646,"He's the Abominable Snowman impersonator I told you about.
I met him in Vegas."
3421,2824,13,47,209,269,1.271375464684015,0.033142900510825433,646,The sex was abominable.
1860,2826,14,42,202,258,1.2713178294573644,0.03451901842338266,646,There goes our trail mix!
2358,2826,12,46,200,258,1.2713178294573644,0.03363385596799346,646,"all i said was ""how about a selfie?"""
4211,2826,13,44,201,258,1.2713178294573644,0.034079311174006734,646,"I told you, never ask a creature its shoe size!"
3704,2829,17,43,224,284,1.2711267605633803,0.033486210976220745,646,Wow look at those birds!
6057,2829,15,47,222,284,1.2711267605633803,0.032734656702383944,646,He said the Grinch was a weenie.
2931,2831,11,52,210,273,1.271062271062271,0.03197963488316774,646,"Dammit, Dave, he said ""no selfies!"""
4299,2832,14,43,205,262,1.2709923664122138,0.03415233693143109,646,"Unbelievable, I mean, how many years have we been searching for this guy...and not even a ‘stop n chat’?!"
6058,2832,14,43,205,262,1.2709923664122138,0.03415233693143109,646,"Nice man, but his breath was abominable."
5828,2834,11,46,194,251,1.2709163346613546,0.03377395900189669,646,"I'll tell you what's abominable, your sense sense of direction!"
863,2835,20,41,238,299,1.2709030100334449,0.03334252949555743,646,He said the most instagrammable spot was this way!
4395,2835,16,49,234,299,1.2709030100334449,0.031967788977013474,646,Honey he’s not my type. I just like big feet
2163,2837,15,35,190,240,1.2708333333333333,0.036732815632686995,646,He wants me to launch a 2020 presidential exploratory committee.
315,2838,16,43,218,277,1.2707581227436824,0.03367425087209803,646,What are the chances of running into each up here!
4199,2838,16,43,218,277,1.2707581227436824,0.03367425087209803,646,I'm leaving you for someone with more testosterone!
5357,2838,13,49,215,277,1.2707581227436824,0.03248806790975682,646,Now look what you've done!
5895,2838,15,45,217,277,1.2707581227436824,0.03328355399744725,646,I think he's adorable.
4420,2842,13,46,207,266,1.2706766917293233,0.03337353946693584,646,He is going to build a wall.
960,2843,10,49,196,255,1.2705882352941176,0.03295198217088562,646,I fell for him when he was just Little Foot.
2732,2844,19,41,232,292,1.2705479452054795,0.03354684578368234,646,"""....all I did was ask if he was Straight, Gay, or related to Trump."""
3828,2844,16,47,229,292,1.2705479452054795,0.0324773669881456,646,Are Robin Williams hallucinations a sign of altitude sickness?
4676,2846,15,46,220,281,1.2704626334519573,0.032954197824647924,646,"Yes, I'm leaving you for him because he's not into Games of Thrones."
3005,2846,9,58,214,281,1.2704626334519573,0.030552620700076544,646,"He only asked to be called Mr. Yeti, not to debate the science behind his existence."
1945,2846,17,42,222,281,1.2704626334519573,0.033716731679397066,646,"Look, he's a great guide so keep the ""abominable"" stereotype to yourself."
1884,2846,14,48,219,281,1.2704626334519573,0.0325662361016562,646,"Of course he's angry, Zack. You keep trying to stick carrots into him."
523,2850,15,43,212,270,1.2703703703703704,0.03385851516929539,646,I think he wanted to know if this is Saskatchewan...
4024,2850,14,45,211,270,1.2703703703703704,0.03344939788633867,646,He told me to “walk this way”.
1145,2852,15,40,204,259,1.2702702702702702,0.03483373393422075,646,He's much friendlier than I thought he would be.
1962,2852,11,48,200,259,1.2702702702702702,0.03307065118570353,646,He told me I have tiny hands and then just kept on walking.
4493,2852,13,44,202,259,1.2702702702702702,0.03396363488826363,646,You didn't have to say his fur was matted!
678,2855,14,49,222,285,1.2701754385964912,0.03225264947140398,646,"I see it, yet I don't believe it."
4475,2855,15,47,223,285,1.2701754385964912,0.03263346532936539,646,He said we're still about an hour from the summit.
5853,2855,13,51,221,285,1.2701754385964912,0.031867283167029116,646,I don't think he appreciated 'abominable' OR 'wookie'.
3511,2858,12,50,212,274,1.27007299270073,0.032294705912906986,646,He said to wait here until he sees if his wife is home.
1917,2858,18,38,218,274,1.27007299270073,0.034689646122278345,646,It was just a one-time thing.
2914,2860,21,29,213,263,1.2699619771863118,0.03690188794847865,646,He says he's going to the White House for a job interview with Trump.
109,2861,10,48,194,252,1.2698412698412698,0.03318378367803225,646,Are you sure he's accredited by the American Mountain Guides Association?
2818,2861,10,48,194,252,1.2698412698412698,0.03318378367803225,646,Someone had to be his first!
482,2863,12,51,215,278,1.2697841726618706,0.03198214800409793,646,See!?  I told you we would be overdressed up here.
3497,2863,17,41,220,278,1.2697841726618706,0.03395169807040977,646,"Go ahead, ask him for a selfie!"
3590,2863,14,47,217,278,1.2697841726618706,0.03278416988912975,646,I just want to be with someone who’s willing to let themselves be seen every once in a while.
2849,2866,9,54,204,267,1.2696629213483146,0.03152517555449417,646,Remember: It's not your eyes--it's the oxygen which determines what you see in the mountains.
1837,2867,16,47,230,293,1.2696245733788396,0.03237950158442906,646,"Did you post it on Instagram?""
""I forgot my charger."
327,2868,10,42,178,230,1.2695652173913043,0.03520720529069078,646,"He says the queue for the hermit guru is pretty long, but at least there’s a Starbucks with wi-fi next door."
2460,2869,12,45,199,256,1.26953125,0.03376006198729542,646,"I'm sorry, Henry.  I know I should go home with the guy who brought me, but he is so much more exciting."
416,2869,13,43,200,256,1.26953125,0.03421080297636976,646,He's not happy about the pay freeze.
4861,2871,10,56,216,282,1.2695035460992907,0.03087071943930623,646,I don’t know....my last hiking partner left some pretty big shoes to fill.
3028,2872,13,57,238,308,1.2694805194805194,0.030268954732122606,646,"I'm looking to open a waxing studio in the area"""
1972,2873,14,38,193,245,1.2693877551020407,0.03570735486923573,646,He says he was by far the best president yeti.
4209,2873,16,34,195,245,1.2693877551020407,0.03663232455719203,646,He just wanted to use my iPhone  pizza delivery.  He's getting tired of the frozen one's.
4674,2875,17,39,215,271,1.2693726937269372,0.03454853270260371,646,Tindr had him miles away.
1969,2876,16,38,206,260,1.2692307692307692,0.035140231220361445,646,You’ve obviously offended him by calling him Bigfoot
5700,2877,15,44,216,275,1.269090909090909,0.03340592525933514,646,He said the restaurant at the summit is abominable.
4508,2877,15,44,216,275,1.269090909090909,0.03340592525933514,646,I told him a roll in the snow was not a relationship. His 'foot' size may be spectacular but it's not enough.
5193,2877,19,36,220,275,1.269090909090909,0.03495893367215307,646,And he's got a beer cooler that doesn't cost $500.
2814,2877,16,42,217,275,1.269090909090909,0.033800867484396216,646,"I couldn't wait for you any longer, Howard. I'm leaving you. I need a man who can keep up.  And, well, you know what they say about guys with big feet..."
3758,2877,20,34,221,275,1.269090909090909,0.0353365228023277,646,"See, he has no walking stick!"
4117,2882,10,47,192,249,1.2690763052208835,0.03342031521504666,646,He says any white grape AOP Savoie wine at Midmountain Chalet  will be excellent.
4386,2882,13,41,195,249,1.2690763052208835,0.03484365529047116,646,You both can't be abominable
134,2884,13,45,206,264,1.268939393939394,0.033496827204144444,646,"Good thing we wore sunglasses, he didn't recognize us."
2344,2884,17,37,210,264,1.268939393939394,0.035174679533498954,646,I'm not sure either why we're in a cartoon with no possible funny caption
2483,2884,18,35,211,264,1.268939393939394,0.03558178244789544,646,"I don't care if he knows a shortcut, I'm tired of talking about Harry and the Hendersons."
357,2887,14,47,218,279,1.2688172043010753,0.032680761171708046,646,He said the we'll get the best selfie over the next ridge.
1671,2887,18,39,222,279,1.2688172043010753,0.03422244062863399,646,"No, the correct usage is, ""Yet I saw something""."
5206,2887,16,43,220,279,1.2688172043010753,0.03346048111834765,646,Do you think he spotted us?
2883,2890,12,44,197,253,1.2687747035573123,0.034004932086485896,646,"No, I'm not attracted to him.  He is just the best choice for getting us to the top!"
3262,2890,15,38,200,253,1.2687747035573123,0.035361620380965034,646,This guide is abominable - he could have at least put some pants on!
372,2892,15,42,211,268,1.2686567164179106,0.03398725161135174,646,"So Rex Tillerson DID take the high road."""
5910,2893,15,39,203,257,1.2684824902723735,0.03497382727881386,646,He can't find his Uggs.
3437,2893,10,49,198,257,1.2684824902723735,0.03272880124758895,646,Never mind.  He's just a Deplorable Snowman.
2683,2893,16,37,204,257,1.2684824902723735,0.03540575415399493,646,"Too bad we forgot our phones, we could’ve had him take a picture for social media to let people know we hiked."
4750,2896,16,41,215,272,1.2683823529411764,0.03403928294990082,646,"He's angry because I said ""Ready, Get Yeti, Go!"""
5137,2896,16,41,215,272,1.2683823529411764,0.03403928294990082,646,He asked if we saw his friend  Bigfoot.
5580,2896,11,51,210,272,1.2683823529411764,0.03198452223195327,646,"Everytime I come here there's nothing new to see,  just snow and more snow."
5360,2899,15,51,236,302,1.2682119205298013,0.03133847128675853,646,"Was surprising to see the yeti, but was even more surprising to hear him whistling the theme song from Game of Thrones."
997,2900,14,42,205,261,1.2681992337164751,0.03416859209166763,646,Is that him? He's much hairier than in his profile picture.
3883,2901,14,46,216,276,1.2681159420289856,0.03290090128752839,646,You’re not going to believe this and don’t turn around right now...Frank is here.
2602,2901,14,46,216,276,1.2681159420289856,0.03290090128752839,646,"Of course not. He asked, but I told him I have a boyfriend."
3074,2901,17,40,219,276,1.2681159420289856,0.03408108990233289,646,"Well, I think it's abominable of  YOU to assume it's a snow MAN."
731,2901,14,46,216,276,1.2681159420289856,0.03290090128752839,646,I suppose you’ll tell me the sky is falling next?
1106,2901,15,44,217,276,1.2681159420289856,0.033298945428718266,646,"If you must know, he’s makes me laugh at 10k feet."
2367,2906,14,50,227,291,1.268041237113402,0.03175417776432361,646,"He wouldn't even pose with me for a selfie, its almost like he doesn't know that if you are not on social media, you are not real"
601,2907,16,35,199,250,1.268,0.03608201278457654,646,"You said whoever I married would have big shoes to  fill, Daddy."
6017,2908,21,40,245,306,1.2679738562091503,0.03306321667522029,646,Isn’t that the guy who makes those coolers?
4942,2909,10,36,163,209,1.2679425837320575,0.037457869632438204,646,"Sorry, but he’s invited me to go see his etchings."
1112,2910,12,47,206,265,1.2679245283018867,0.03295468727707947,646,"Once you go Yeti, you never go back."
2394,2911,18,39,223,280,1.2678571428571428,0.0341135108378034,646,Until Trump is gone
4694,2911,11,53,216,280,1.2678571428571428,0.03137706410974233,646,I think he’ll be an excellent tour guide.
1585,2913,10,48,196,254,1.2677165354330708,0.03295610624767885,646,He doesn't seem too surprised to see us.
4039,2914,12,48,209,269,1.2676579925650557,0.03262384683363267,646,He's looking for his Uber ride.
5013,2914,18,36,215,269,1.2676579925650557,0.03508232258132442,646,Fifty bucks for one signed glossy!
2474,2914,13,46,210,269,1.2676579925650557,0.033046296486448946,646,He said that peak to the right IS Everest.
3079,2914,18,36,215,269,1.2676579925650557,0.03508232258132442,646,Focus! No.We're looking for Loch Ness.
1488,2918,11,54,219,284,1.267605633802817,0.0310850677849521,646,"Sorry, there’s not much to see at the top. Just a bunch of Neanderthals."
4800,2918,18,40,226,284,1.267605633802817,0.033770866965754626,646,"I knew it, he's with Hillary!"
2215,2920,12,41,190,243,1.2674897119341564,0.03489680169829107,646,He said he wants to take us to his cave to eat.
3608,2920,12,41,190,243,1.2674897119341564,0.03489680169829107,646,"‘Do you believe that guy? No ropes, no poles, not even spiked snowshoes.’"
2106,2922,11,47,200,258,1.2674418604651163,0.03307743712197917,646,He’s just a passing acquaintance.
2357,2922,18,33,207,258,1.2674418604651163,0.03612837010289619,646,Not too happy about climate change!
3467,2922,14,41,203,258,1.2674418604651163,0.034418111438828815,646,"He is the least ""abominable"" man I have been with in years."
4364,2925,16,41,216,273,1.2673992673992673,0.033928613228718464,646,Yeah.  We used to hang out in high school.
4868,2925,13,47,213,273,1.2673992673992673,0.03271619238594527,646,He is just not used to taking criticism.
5790,2925,9,55,209,273,1.2673992673992673,0.031026018796828155,646,I say we just keep following him.
2724,2928,14,34,184,232,1.2672413793103448,0.03701603020402387,646,He's what passes for Uber up here. I gave him five stars not being talkative.
1528,2929,17,32,198,247,1.2672064777327936,0.03681744670010875,646,I never expected to see you here.
2397,2929,13,40,194,247,1.2672064777327936,0.0349837554569925,646,I hope I’m not pregnant
211,2931,14,42,206,262,1.2671755725190839,0.03405331716395675,646,"He prefers ""Sasquatch""."
1269,2931,15,40,207,262,1.2671755725190839,0.034480079359706164,646,"He said ""follow me"".  Should we?"
2366,2931,8,54,200,262,1.2671755725190839,0.03137106362834084,646,"The ""Abominable Snowman"" was so last year, he prefers ""Yeti"" now!"
2529,2931,9,52,201,262,1.2671755725190839,0.031833804295999774,646,I told him to get lost.
3021,2931,12,46,204,262,1.2671755725190839,0.03318333142262579,646,is this the beginning or the end of the ice age?
2398,2936,12,50,215,277,1.2671480144404332,0.031988593534266675,646,Climate change!
4168,2936,15,44,218,277,1.2671480144404332,0.03319263068195336,646,"That is not NorthFace, that has Patagonia written all over it!"
5653,2938,14,50,228,292,1.2671232876712328,0.03165855463906291,646,"Yeah? I’ll tell you what’s abominable, he’s gonna get there first!"
3059,2939,16,54,252,322,1.2670807453416149,0.03032161473668167,646,"He may be fictional, but he's a real man."
5771,2940,15,41,210,266,1.2669172932330828,0.03411713489117656,646,Is asking for directions really so abominable?
4819,2940,15,41,210,266,1.2669172932330828,0.03411713489117656,646,He said he's only a size 12.
4685,2940,16,39,211,266,1.2669172932330828,0.03453044616019737,646,Good news! He says that you aren’t imaginary!
4293,2940,15,41,210,266,1.2669172932330828,0.03411713489117656,646,What if he doesn't like having his picture taken?
3702,2944,14,47,220,281,1.2669039145907472,0.0324758340418996,646,C'mon. We can't let THAT guy beat us.
5505,2944,15,45,221,281,1.2669039145907472,0.0328648629565714,646,"James, for the millionth time Yetis are not real.  Can we just keep walking."
6001,2944,19,37,225,281,1.2669039145907472,0.03437698210871738,646,"I’m sorry, but it’s true; he’s a real mountain man."
3795,2947,18,43,235,296,1.2668918918918919,0.03279531961004523,646,"He said it's 'abdominal,' not 'abominable.'"
478,2948,16,40,214,270,1.2666666666666666,0.0341696007243027,646,He said he is freezing his butt off
1823,2948,7,58,205,270,1.2666666666666666,0.03032705292409723,646,"Yeah, I got a selfie with him, but my hair looks abominable."
2200,2948,15,38,202,255,1.2666666666666666,0.03511525535964071,646,He said that total consciousness is just up this way.
2562,2948,14,40,201,255,1.2666666666666666,0.03467279431835917,646,"No, he won't do a selfie with us."
2813,2948,11,50,209,270,1.2666666666666666,0.03209170392958634,646,I told you we should have called him Mr. Yeti.
4412,2948,15,46,224,285,1.2666666666666666,0.032545672861504525,646,"Don't be racist.  Actually, he reminds me of your brother Donald."
3364,2954,15,51,238,304,1.2664473684210527,0.031156868024751195,646,They’re closed.
2603,2955,14,49,226,289,1.2664359861591696,0.031859809266281736,646,I swear that man passed us a mile back!
4818,2955,15,47,227,289,1.2664359861591696,0.0322347121286169,646,"As first dates go, it was pretty abominable."
5657,2955,10,57,222,289,1.2664359861591696,0.030313867591583447,646,He was a Sherpa on Mom's Everest climb in 1990.
3940,2958,14,45,215,274,1.2664233576642336,0.03301857248358343,646,"The ménage a trois was fun, but I am staying with him."
3402,2959,10,49,200,259,1.2664092664092663,0.03250852281812198,646,I don’t care what you think. Yelp gave this tour 4 and half stars.
4595,2959,12,45,202,259,1.2664092664092663,0.03341653154941669,646,He might be abominable but he's got a great WiFi connection up there!
5750,2959,13,43,203,259,1.2664092664092663,0.03386140639845846,646,Are you going to let him get away with that abominable comment?
2549,2962,11,43,190,244,1.2663934426229508,0.034282289202887596,646,Was I too much of a fanboy?
5408,2962,16,33,195,244,1.2663934426229508,0.036659680441855615,646,"Is it just me? Or, are things getting a little hairy around here?"
1272,2964,12,54,227,293,1.266211604095563,0.030813971698664767,646,Sure he’s abominable but you really shouldn’t have brought up his mother
3094,2965,16,42,220,278,1.2661870503597121,0.03347715521782881,646,Go back John. He had me at his first grunt!
2691,2965,12,50,216,278,1.2661870503597121,0.03188780194293752,646,But you've always wanted an emotional support yeti.
771,2965,19,36,223,278,1.2661870503597121,0.03462132186996255,646,Are we almost there yeti?
2100,2965,13,48,217,278,1.2661870503597121,0.03229247458671537,646,"Oh, so THAT'S noticeable, but my haircuts are not?"
3464,2969,14,42,207,263,1.2661596958174905,0.033938797096341976,646,I told you we should have done the Paleo diet.
2307,2970,16,34,198,248,1.2661290322580645,0.03623677357544074,646,Whaddya mean we need to see other people?
802,2971,19,37,226,282,1.2659574468085106,0.03426793404510646,646,He only speaks Latin.
4109,2971,14,47,221,282,1.2659574468085106,0.032374304616802824,646,Your sense of direction is abominable.
6036,2971,12,51,219,282,1.2659574468085106,0.031585080618897435,646,"He is abominable, that's why we need a border wall!"
1085,2974,15,41,211,267,1.2659176029962547,0.034003813473377525,646,"He said,""No selfies today."""
1505,2975,13,41,198,252,1.2658730158730158,0.0344772665141492,646,Do you have any singles for a tip?
4356,2975,8,51,193,252,1.2658730158730158,0.0321027123251004,646,"Let's follow him, he's a Thru-Hiker"
4481,2977,17,46,238,301,1.26578073089701,0.032046744224236486,646,It's true what they say about foot size being an 'indicator' . . .
3002,2978,13,50,223,286,1.2657342657342658,0.03167979358529839,646,"Sorry, I’m done with his cave man mentality."
48,2978,16,44,226,286,1.2657342657342658,0.03282102864831483,646,"Honey, don’t argue with the man ... he is the expert after all."
2447,2980,18,36,217,271,1.2656826568265682,0.03485083085791172,646,He wants to fight you for me.
3956,2980,7,58,206,271,1.2656826568265682,0.030230956619388863,646,He said the end is near.
755,2982,11,46,199,256,1.265625,0.03319614077351315,646,He said “see you around” but somehow I doubt that.
1648,2982,13,42,201,256,1.265625,0.034106572270734326,646,Of course I’m following him. Did you see the size of his feet??
4119,2982,14,40,202,256,1.265625,0.034552793330797214,646,He said we should have turned right in Albuquerque.
1965,2985,11,42,188,241,1.2655601659751037,0.034540089707247014,646,He says it’s all downhill from here
3051,2986,16,41,218,275,1.2654545454545454,0.03370936678701331,646,"He has big feet, too?"
5187,2987,11,47,202,260,1.2653846153846153,0.03285459987993899,646,Do you really think he’s seen a bathroom?
4165,2987,9,51,200,260,1.2653846153846153,0.03193782512743827,646,He's offended that your only recollection of him was fuzzy.
1816,2987,13,43,204,260,1.2653846153846153,0.033746478226193415,646,You have to hand it to LL Bean. They have some great climbing gear!
2622,2987,10,49,201,260,1.2653846153846153,0.032399455297440684,646,That is the last time I ask the natives for directions!
393,2991,16,33,196,245,1.2653061224489797,0.03652592997312656,646,"We can still be friends and everything, but you know what they say about the size of a man's feet?"
3418,2991,15,35,195,245,1.2653061224489797,0.03606504616729035,646,His feet don't look that big to me.
4961,2991,7,51,187,245,1.2653061224489797,0.03214093203728071,646,I think this high altitude is really starting to get to me
833,2994,10,54,215,279,1.2652329749103943,0.030965810326096518,646,He wants to talk to his agent before he grants me an interview.
2881,2995,12,46,206,264,1.2651515151515151,0.0329624328207982,646,"It's not you, Chad..."
2893,2995,11,48,205,264,1.2651515151515151,0.03252255856448912,646,He looked hurt when I told him Washington has much scarier creatures than him.
3652,2995,16,38,210,264,1.2651515151515151,0.034666159651822896,646,He says he got the outfit from REI.
5084,2995,14,42,208,264,1.2651515151515151,0.03382502477804938,646,He said he's looking for some sense in the world.
2392,2999,10,46,193,249,1.2650602409638554,0.03330725695679986,646,"He seemed a bit overly eager, but I suppose I’m game if you are."
2537,2999,9,48,192,249,1.2650602409638554,0.032817461068922735,646,He says the view is better on the other side of the mountain.
1211,3001,17,41,225,283,1.265017667844523,0.033417870443871685,646,Do you really have to ask 'Why?'
579,3002,12,47,209,268,1.2649253731343284,0.03263073151169802,646,I only asked if we could do a selfie together!
750,3002,12,47,209,268,1.2649253731343284,0.03263073151169802,646,"""He didn't even say 'hi' to us.  I heard he was abominable, but I didn't know he was rude!"
2178,3002,11,49,208,268,1.2649253731343284,0.03219960406639887,646,Three's a crowd.
6072,3002,17,37,214,268,1.2649253731343284,0.03470612804342883,646,"I'm sorry, Rolf.  I'm just tired of the manscaped look."
87,3006,13,41,199,253,1.2648221343873518,0.03435679791938155,646,He can't find a Starbucks either.
2921,3006,13,41,199,253,1.2648221343873518,0.03435679791938155,646,Your social skills are abominable.
4323,3006,14,39,200,253,1.2648221343873518,0.03481033122307526,646,"Can you see the top?""
""No, but I can see the bottom."
4874,3006,13,41,199,253,1.2648221343873518,0.03435679791938155,646,"Well, at least I didn’t forget the camera."
1441,3010,15,46,226,287,1.264808362369338,0.03234508589438581,646,Dude was bald until he bought the Donald Trump Hairgrow elixir.
3923,3010,9,58,220,287,1.264808362369338,0.030000155222410233,646,"He knows the mountain all right, but I don't like a guide who grunts."
3736,3010,13,50,224,287,1.264808362369338,0.031582793186581304,646,Can you believe it? He says there’s no wifi up here.
912,3010,20,36,231,287,1.264808362369338,0.03417651198758102,646,He says it’s closed on Saturday.
3558,3010,12,52,223,287,1.264808362369338,0.031194662162651352,646,He said he doesn’t love me anymore and he’s going home to mother
2097,3015,19,34,219,272,1.2647058823529411,0.03512458378126016,646,When you finally find your perfect Tinder match and she dumps you for a taller dude.
2224,3015,18,27,193,238,1.2647058823529411,0.038203164558561015,646,Walk THIS way
2326,3015,11,50,211,272,1.2647058823529411,0.03188534760148322,646,"He said ""Walk this way."" That can be taken two ways."
4338,3015,14,44,214,272,1.2647058823529411,0.03313718854202433,646,It's another victim of climate change.
4363,3015,11,50,211,272,1.2647058823529411,0.03188534760148322,646,"He stopped and asked me to text LL Bean to let them know he's not happy with their new limited return product policy."""
5478,3015,16,31,191,238,1.2647058823529411,0.037263485351781506,646,There's no such thing as Trumpfoot.
2558,3021,16,36,205,257,1.264591439688716,0.03530538802326753,646,"If it makes you feel better then, yes, it was all about his big feet."
2161,3021,13,42,202,257,1.264591439688716,0.03398932075548152,646,He understands me.
4978,3021,16,36,205,257,1.264591439688716,0.03530538802326753,646,"It's President Trump.  He said at least now when people call him 'abominable', they'll be right."
565,3024,12,49,215,276,1.2644927536231885,0.03199391184375508,646,"You’ll never believe it, but that’s my ex."
2909,3024,13,47,216,276,1.2644927536231885,0.03240309948444811,646,He wants to be alone.
4278,3024,18,37,221,276,1.2644927536231885,0.0343760550654724,646,He said he needs his selfie stick first
5925,3024,14,45,217,276,1.2644927536231885,0.03280718392870853,646,I told you not to bring up climate change with him ... he swears it's a total myth!
3225,3028,12,41,193,246,1.2642276422764227,0.03452135517376972,646,"...Yeti, yeti, yeti...yadayadayada"
1900,3029,13,44,208,265,1.2641509433962264,0.033285292846425014,646,He said his WIFE will give us directions when she gets here. What a neanderthal!
1608,3030,13,49,222,284,1.2640845070422535,0.03178400913348893,646,He said his name is Sisiphos and he's  sick and tired of chasing that boulder.
2372,3030,14,47,223,284,1.2640845070422535,0.03217308696190384,646,"No, I didn't ask where she was from. She was pretty miffed about the wording of my first question."
5550,3032,9,48,193,250,1.264,0.032703118748884104,646,"This is where they said they'd spotted him, right?"
1327,3033,11,49,209,269,1.2639405204460967,0.032094793640755646,646,Oh...he's was cool but certainly no Big Foot if you know what I mean
3371,3033,12,47,210,269,1.2639405204460967,0.032524115792572326,646,Maybe he's on the Paleo diet.
1244,3033,15,41,213,269,1.2639405204460967,0.033779359020362464,646,He says trail mix is for sissies.
4916,3033,17,37,215,269,1.2639405204460967,0.034590891204455396,646,He said he's not into three-ways. See you later.
5686,3037,13,41,200,254,1.263779527559055,0.03423714629261039,646,Forgot the cooler.
5259,3038,14,44,215,273,1.2637362637362637,0.03302981883013407,646,"And he says you’re abominable, Jim."
3630,3038,12,48,213,273,1.2637362637362637,0.03220405612690666,646,What goes up must come down. RUN!
491,3040,16,45,231,292,1.2636986301369864,0.032308154561837686,646,"The poor dear was invited to testify before a Fox News panel about  Global Warming and how it's negatively-impacted the local Hunting and Gathering Industry, which led to a lively discussion about the myth of White Privilege."
201,3041,17,29,193,239,1.2635983263598327,0.03759434423123725,646,"I'm sorry Ted, but your just not abominable enough."
2089,3042,17,34,207,258,1.2635658914728682,0.0356093076879246,646,"Yeah,he's not doing the Animal Planet special anymore. He got cold feet."
3353,3042,13,42,203,258,1.2635658914728682,0.03387285141137489,646,"He’s upset with the filter you used, he says it makes him look, “washed out”"
6015,3042,13,42,203,258,1.2635658914728682,0.03387285141137489,646,Every year the other hikers look less and less prepared.
1283,3045,10,53,214,277,1.263537906137184,0.031061407402473658,646,He wants to know if we've seen his remote.
1906,3045,11,51,215,277,1.263537906137184,0.03147969559761424,646,You were right! He said the nude beach is over this hill.
2988,3045,13,47,217,277,1.263537906137184,0.0323000254660963,646,He just wants to show me his etchings.....
3265,3045,14,45,218,277,1.263537906137184,0.032702474680159556,646,"Said it’s his own, not Patagonia”."
1706,3049,13,38,192,243,1.2633744855967077,0.03526782127942816,646,I told him the government is still shut down.
1310,3049,13,38,192,243,1.2633744855967077,0.03526782127942816,646,I told you not everyone likes North Face.
877,3051,19,31,212,262,1.2633587786259541,0.036041647912321534,646,Turn back quick.  It's a GOP convention.
3893,3051,9,51,202,262,1.2633587786259541,0.03172579008330156,646,"He's not abominable, he's actually likable & makes great hot cocoa."
4067,3051,9,51,202,262,1.2633587786259541,0.03172579008330156,646,You know he gets touchy about his bald spot.
3078,3054,12,50,219,281,1.2633451957295374,0.03158908922650058,646,"No no that's the Indomitable Snowman. Different guy entirely. You want to get to the top, doncha?"
3167,3054,14,46,221,281,1.2633451957295374,0.03238378296361071,646,"Seriously, I do not want to be downwind of that guy."
3393,3054,11,52,218,281,1.2633451957295374,0.0311841488215183,646,"George, he just called my climbing technique abominable."
6040,3054,17,40,224,281,1.2633451957295374,0.03354053756793241,646,Wasn’t that the guy we saw arm wrestling for drinks at the bar last night?
418,3058,17,45,238,300,1.2633333333333334,0.032059842780928716,646,See I told you this would be worth the Instagram.
3532,3059,16,38,212,266,1.263157894736842,0.03443377943593062,646,You haven't been teasing him again have you?
1874,3059,11,43,193,247,1.263157894736842,0.03391612341021025,646,"You know, he's not as abominable as everyone says."
4291,3059,14,37,196,247,1.263157894736842,0.035341892336250666,646,Sure he'e sensitive. He's a young adult with lots of concerns about the environment and its affect on all life on earth. That doesn't make him an abominable snowflake.
380,3059,11,48,207,266,1.263157894736842,0.03230821988356152,646,"He told me that if you add a fourth term to that right-angled-triangle theorem but for it you use a minus sign, then that is the geometry of the Universe."
1599,3059,16,33,198,247,1.263157894736842,0.0362612737190447,646,Not nearly as abominable as you!
2499,3064,10,56,223,289,1.2629757785467128,0.030220467143192396,646,He’s a marketing manager for Yeti.
4522,3065,12,47,211,270,1.262962962962963,0.032418174486419454,646,You ain't seen nothin Yet...i
5929,3065,14,43,213,270,1.262962962962963,0.033256754171950606,646,He could have at least said excuse me.
5930,3065,13,45,212,270,1.262962962962963,0.032840141101139406,646,I must be hallucinating- thought my mother in law just walked by.
1581,3068,12,42,197,251,1.2629482071713147,0.03402493070659714,646,It’s the altitude; I’m seeing things also.
4138,3068,16,34,201,251,1.2629482071713147,0.0358494902255161,646,I told him he could possibly find shoes his size on line.
5780,3070,16,29,187,232,1.2629310344827587,0.03789535260723399,646,"Sorry Bob, but I’m leaving with him."
1350,3071,13,46,215,274,1.2627737226277371,0.03251453348038226,646,At least he's willing to work on a smaller footprint.
1514,3071,14,44,216,274,1.2627737226277371,0.032923124706830675,646,"All I said was ""two's company; three's a crowd."""
4732,3071,9,54,211,274,1.2627737226277371,0.03082605838229075,646,I’m pretty sure his directions are trustworthy.
3657,3074,12,43,200,255,1.2627450980392156,0.03366274129938001,646,"Once the conversation turned to politics, he just became abominable."
3015,3074,15,37,203,255,1.2627450980392156,0.03501164993509432,646,How dare you call him abominable!
3337,3076,13,52,232,297,1.2626262626262625,0.0308218396347565,646,We should've just asked one of the locals for directions.
2064,3077,9,55,214,278,1.2625899280575539,0.030541719066463347,646,"Actually, he's a pretty nice guy. However, he says his cousin is abominable."
1747,3078,11,46,202,259,1.2625482625482625,0.0328585621399357,646,He invited us for tea.
3154,3078,19,30,210,259,1.2625482625482625,0.036319790828296804,646,He told me he's here investigating a bigfoot sighting.
3983,3078,15,38,206,259,1.2625482625482625,0.03463244368879598,646,"I told you it’s Sasquatch, he hates it when people call him Bigfoot."
4345,3078,15,38,206,259,1.2625482625482625,0.03463244368879598,646,He's conflicted about coming out.
5449,3078,9,50,200,259,1.2625482625482625,0.03193469243514351,646,You're cold and insensitive and you've hurt his feelings.
934,3083,14,35,191,240,1.2625,0.03602999776840229,646,That's oxygen deprivation for you!
4329,3083,10,43,187,240,1.2625,0.03403954648998826,646,He survives by bit parts in Christmas specials.
3587,3085,13,53,235,301,1.2624584717607974,0.03054792736577024,646,You said you wanted an adventure vacation!
3957,3086,19,36,227,282,1.2624113475177305,0.03418098185399103,646,Turns out they're just hairy men waiting for the look to come back.
3679,3086,12,50,220,282,1.2624113475177305,0.03149072140306329,646,And here I thought we had to wear layers.
2580,3086,18,38,226,282,1.2624113475177305,0.03380976751832551,646,He says it's not a competition.
1173,3086,15,44,223,282,1.2624113475177305,0.032670827309149726,646,"I called him Bigfoot, but he was deeply offended. It seems he's a Yeti."
257,3090,12,45,206,263,1.2623574144486691,0.032968916333638625,646,He resents being called 'abominable'.
1210,3090,16,37,210,263,1.2623574144486691,0.03468500596341724,646,"He was pretty  compelling, and your reasons for going back with you are ?"
4591,3090,13,43,207,263,1.2623574144486691,0.03340620440623897,646,Oh great. Now he's going to have a meltdown.
5647,3090,16,37,210,263,1.2623574144486691,0.03468500596341724,646,"It's over, Kevin; I never cared about the man-scaping."
3278,3094,15,34,195,244,1.2622950819672132,0.036086726331801364,646,She said her name is Liesl...
4202,3094,10,44,190,244,1.2622950819672132,0.03366890256954892,646,Back to the original Man Cave?
1903,3096,10,50,207,267,1.2621722846441947,0.031761821838539823,646,Sorry Darling. I've been meaning to tell you
4816,3097,12,41,195,248,1.2620967741935485,0.03427539388997361,646,Whoa. Did you see the size of that guy’s feet?
1385,3098,12,52,226,290,1.2620689655172415,0.030911607629288018,646,He expressed discomfort with the idea of a threesome.
5199,3099,16,39,216,271,1.2619926199261993,0.03396259750144614,646,She saw her shadow. Looks like you white guys have another ten years.
4453,3099,13,45,213,271,1.2619926199261993,0.03273312097917086,646,We haven't hiked together since he behaved so abominably the first time.
1914,3099,14,43,214,271,1.2619926199261993,0.033148013752055124,646,The regular guru is off Wednesdays.
887,3099,14,43,214,271,1.2619926199261993,0.033148013752055124,646,He says he's only a size 14 but his uncle has a really big foot.
729,3103,14,38,200,252,1.2619047619047619,0.034825791188461505,646,I don’t think he’s abominable at all.
1403,3103,15,36,201,252,1.2619047619047619,0.03527683780378036,646,"Back off, Jared. He's my dad, and I don't care if he has a full-body comb-over."
2674,3103,11,44,197,252,1.2619047619047619,0.03343616412369413,646,He gave me the secret for eternal life. The problem is I don’t know Sasquatch.
610,3106,12,48,215,275,1.2618181818181817,0.031998069556297824,646,"He's not really abominable, you know. He's just pissed
at the paparazzi."
718,3106,11,50,214,275,1.2618181818181817,0.03158058984668028,646,"He knows where he’s going, Eric! Just look at him, I’m pretty sure he’s a native."
3759,3106,16,40,219,275,1.2618181818181817,0.033616181466540565,646,Your jealousy is abomidable.
3975,3106,14,44,217,275,1.2618181818181817,0.03281710005257213,646,Bringing the camera definitely would have weighed us down
5590,3106,9,54,212,275,1.2618181818181817,0.03072861947002158,646,Yah...I saw his lair but when I tried to start a fire he said it would just never work out between us.
6041,3106,13,46,216,275,1.2618181818181817,0.03241017210067083,646,Apologize. Yeti is their word.
5441,3112,14,50,234,298,1.261744966442953,0.03109636756685652,646,He's invited us for lunch.
3745,3112,15,48,235,298,1.261744966442953,0.031457612971848736,646,I’m not taking another step until he stops singing ‘Ice Ice Baby’.
1981,3114,16,35,205,256,1.26171875,0.03532604693082115,646,He may be abominable but it's overwhelmingly evident he's also a stud.
4789,3114,11,45,200,256,1.26171875,0.03308690552543067,646,We’re just at different points in our lives”
2101,3116,14,40,206,260,1.2615384615384615,0.034080780845486575,646,That is the last time we bring your father along. I don't think he's funny.
2514,3116,13,42,205,260,1.2615384615384615,0.03364222931581757,646,It's his 30-day Challenge.
3071,3116,13,42,205,260,1.2615384615384615,0.03364222931581757,646,He said he feels naked - he's off to get his sunglasses.
444,3119,15,44,224,283,1.2614840989399294,0.0325683804407982,646,"Wow, you are the LAST person I thgouht I'd run into on this adventure."
5299,3119,15,44,224,283,1.2614840989399294,0.0325683804407982,646,He’s still looking for Bigfoot.
883,3121,14,41,209,264,1.2613636363636365,0.03372407000022834,646,I told him no means no
1867,3121,10,49,205,264,1.2613636363636365,0.03197017750717474,646,Who knew he does Sherpa work on the side?
3667,3121,14,41,209,264,1.2613636363636365,0.03372407000022834,646,And yet I... And yet I...  I forgot what I was going to say.
4400,3124,7,61,219,287,1.2613240418118468,0.029077559342217108,646,"No worries, he’s breaking trail."
2125,3124,7,61,219,287,1.2613240418118468,0.029077559342217108,646,It's your turn to small talk with him.
3086,3126,14,36,195,245,1.2612244897959184,0.035486777150231956,646,He says he knows the best place for us to take a selfie.
1087,3127,15,40,213,268,1.2611940298507462,0.0337933800626977,646,Can't believe I fell for the stereotypes.
1675,3127,15,40,213,268,1.2611940298507462,0.0337933800626977,646,I think he knows where he's going.
5122,3129,12,52,227,291,1.261168384879725,0.03081836031481349,646,"No wonder he’s insulted, after what you called him."
1014,3130,15,35,199,249,1.2610441767068272,0.0355476759723726,646,"It’s abominable of me, but I’m leaving you, Tim."
581,3131,14,43,215,272,1.2610294117647058,0.0330399643074212,646,Didn’t I tell you to charge the phone before we left?
1683,3131,18,35,219,272,1.2610294117647058,0.034643466029041364,646,You really can’t expect him to wear the red suit and hat all year long
3146,3131,12,47,213,272,1.2610294117647058,0.03220829074789329,646,Hirsute or Hair suit?
1459,3134,13,51,231,295,1.2610169491525425,0.030916977626174073,646,I can’t believe he wouldn’t give us directions.
5372,3135,13,40,200,253,1.2608695652173914,0.03424835957024206,646,He gave me a message for Matthew Whitaker.
6039,3135,11,50,215,276,1.2608695652173914,0.03148025528880064,646,"I paid extra to hike the ""Evolution Trail"""
4925,3135,14,44,218,276,1.2608695652173914,0.03271173881723914,646,He said he’s going back for something a little warmer.
2223,3135,12,48,216,276,1.2608695652173914,0.03189603320447749,646,The sherpas are all on strike.
4368,3135,14,38,201,253,1.2608695652173914,0.03470331007036042,646,Nothing is Abominable in Trump Times
2059,3135,17,38,221,276,1.2608695652173914,0.03389851382946574,646,He's says it's okay but no Trump jokes.
4847,3135,17,38,221,276,1.2608695652173914,0.03389851382946574,646,"To go any higher,I need my Support Yeti."
1667,3142,12,49,219,280,1.2607142857142857,0.03159196807394509,646,"He says he's related to Donald Trump, but that we shouldn't hold that against him."
6056,3142,16,41,223,280,1.2607142857142857,0.03317316687934125,646,He unfriended me.
2138,3144,10,47,200,257,1.2607003891050583,0.03250941617792026,646,Typical Conroy: you bring your selfie stick and leave your camera at the hotel!
3384,3144,9,49,199,257,1.2607003891050583,0.032038466061039786,646,"I wanted to walk a mile in his shoes, but I couldn't find any size 28s."
4378,3146,15,44,225,284,1.2605633802816902,0.032466558383477326,646,"He said to go back down and get him razors,shave cream and wine."
3283,3147,12,44,205,261,1.260536398467433,0.03308562356450525,646,He's already signed a 4-picture deal.
5346,3147,9,50,202,261,1.260536398467433,0.03172130446333355,646,"Yeah, so he says to make two lefts and then a right to get to the Marriott."
3942,3149,12,45,208,265,1.260377358490566,0.03274945219365407,646,Bigfoot without the footprints?
3382,3150,13,37,192,242,1.2603305785123966,0.035281710667209164,646,What do you mean you didn't ask him to take a selfie with you?
3846,3151,10,50,209,269,1.2602230483271375,0.03155523798239473,646,"He's out of granola bars, but he's gonna check if he has any Gatorade."
553,3151,18,34,217,269,1.2602230483271375,0.03489515264464787,646,"But you promised, no family!"
483,3153,18,35,220,273,1.26007326007326,0.034529574458218505,646,"No that's cool, you can wait dong here. I mean down hairy. I mean down here. Just set up cock. I mean camp. It'll be all white. Sigh. SEE YOU FIVE MINUTES."
1291,3153,10,51,212,273,1.26007326007326,0.0312541310639019,646,This hike will put some hair on your chest
1636,3155,7,51,192,250,1.26,0.03158465389149901,646,At least he doesn't complain about the altitude.
3104,3155,15,35,200,250,1.26,0.03542059392352961,646,What's that abominable smell?
4123,3155,18,42,240,300,1.26,0.03232361448711617,646,"Yes, it incredible that he's a Yeti, but can you believe there's a Starbucks up ahead!"
5674,3158,18,36,223,277,1.259927797833935,0.03417396016166125,646,And YET-I can't believe what I just saw!
5289,3159,9,55,217,281,1.2597864768683273,0.030258080550399427,646,"He said he's fed up with being ""othered."""
2763,3160,12,36,183,231,1.2597402597402598,0.03588455893595377,646,Looks like what they say about big feet is true after all.
2928,3161,7,53,198,258,1.2596899224806202,0.030970968741741916,646,But we were only talking
1735,3162,15,31,189,235,1.2595744680851064,0.036971641827905945,646,"OK, it stopped being funny the third time you asked me if i'm enjoying the view!"
2520,3163,11,46,205,262,1.2595419847328244,0.032527583846503054,646,This may not be the best time to tell you that I met someone who is changing my path
1013,3164,11,40,188,239,1.2594142259414225,0.03455410411879226,646,Now I understand why he is always so hard to track . . . . he doesn't leave any tracks in the snow.
1412,3165,17,35,214,266,1.2593984962406015,0.034746003720851425,646,"Yeah, he may be abominable, but at least he isn't you."
1695,3165,14,41,211,266,1.2593984962406015,0.03349875099239919,646,He turned around as soon as I mentioned #MeToo.
3938,3165,14,41,211,266,1.2593984962406015,0.03349875099239919,646,That new Patagonia fur suit really proves to be warm in this climate!
4590,3165,11,47,208,266,1.2593984962406015,0.03220322750179104,646,He dumped me because I had better hair.
2108,3169,15,46,232,293,1.2593856655290103,0.03175752637281092,646,"Actually, we met at Starbuck's."
5991,3169,13,50,230,293,1.2593856655290103,0.03101269864812287,646,He says he’ll eat us at the top.
3713,3171,18,34,218,270,1.2592592592592593,0.03477902783650714,646,I swear if you yell out “Look out for that Yeti!” one more time...
2990,3171,14,35,194,243,1.2592592592592593,0.0356330142904322,646,We can point fingers and assign blame or we can be mature adults and admit we always knew it would come to this.
3610,3171,13,44,213,270,1.2592592592592593,0.03273983238653639,646,He said he came here because it's here.
1018,3171,19,39,239,297,1.2592592592592593,0.032879284927499156,646,"Can you believe it!  After 9 hours, my wash-and-wear slacks have kept their crease!"
2114,3171,15,40,215,270,1.2592592592592593,0.03357037809915333,646,"Yes, there is someone else!"
3406,3171,14,42,214,270,1.2592592592592593,0.033157705819451766,646,He said once we reach the summit we should pop over to his place and his wife will get us a nice cup of tea.
1734,3177,12,47,215,274,1.2591240875912408,0.03200103224623797,646,"Actually, his feet aren't that big"
5563,3177,12,47,215,274,1.2591240875912408,0.03200103224623797,646,"No. I’ve told you a dozen times, that Sasquatch joke is offensive!"
572,3179,12,40,195,247,1.2591093117408907,0.03428347086934362,646,"How many times do I need to tell you, Bigfoot isn't real, there are no UFOs, and my sculpting is not just a hobby!"
4510,3179,15,34,198,247,1.2591093117408907,0.03569456963712625,646,He wants to invite us over for dinner.
3534,3181,17,38,223,278,1.2589928057553956,0.03368025970575913,646,"Seems like a shy guy, I guess he got cold feet."
6051,3182,7,51,193,251,1.2589641434262948,0.031475616484895684,646,"See, by staying in the here and now, you don’t miss what’s going on right under your nose."
2578,3182,14,37,200,251,1.2589641434262948,0.03483994837575613,646,The lengths we go for good signal.
3214,3182,13,39,199,251,1.2589641434262948,0.03437949232995149,646,I don't know how he does it without a GPS . . .
4359,3182,7,51,193,251,1.2589641434262948,0.031475616484895684,646,"Look, all I’m saying is 3.5 stars on TripAdvisor and an endorsement for ‘excellent conversation’ isn’t everything."
1831,3186,15,43,224,282,1.2588652482269505,0.03257823926101408,646,He could've been spared the back hair comments.
665,3186,11,51,220,282,1.2588652482269505,0.030990080830957806,646,"Look, I get that you’re a sensitive, woke male. But at 14,000 feet, I’ll take 7 foot of hairy, pure testosterone."
855,3186,11,51,220,282,1.2588652482269505,0.030990080830957806,646,"Well, first off his wardrobe is simpler"
207,3189,11,44,200,255,1.2588235294117647,0.03308950043041365,646,He didn't find me abominable enough.
2943,3189,8,50,197,255,1.2588235294117647,0.03165879908249426,646,Go back.  We missed a turn.
1996,3191,13,48,225,286,1.2587412587412588,0.031495101856734806,646,Do you think he knows we're following him?
1606,3192,11,45,203,259,1.2586872586872586,0.03274935621724867,646,My new fitness instructor - the abdomenal snowman.
3678,3192,15,37,207,259,1.2586872586872586,0.0345288485559228,646,God damn tourists!
5019,3194,14,40,209,263,1.258555133079848,0.03373494883868207,646,Maybe we should have continued the paleo diet any way.
5306,3194,10,48,205,263,1.258555133079848,0.031967899190917616,646,He promised me it's a farm-to-table restaurant.
819,3196,16,37,214,267,1.2584269662921348,0.03422024291269892,646,"These sunglasses are great, but I feel we're missing out on the big picture."
1515,3196,15,39,213,267,1.2584269662921348,0.033806282502558134,646,I am so turned on!  Let's never shave again!
3317,3196,11,47,209,267,1.2584269662921348,0.0320970961801431,646,He climbs like an animal.
3632,3199,14,49,235,298,1.2583892617449663,0.031009066921222486,646,He said he won't play college football unless he's paid.
178,3200,16,38,217,271,1.2583025830258303,0.03386594156265655,646,I didn't even know there was a mobile home park up here.
4604,3200,10,50,211,271,1.2583025830258303,0.03135124172834097,646,He said it's pronounced 'global warning' not 'global warming.'
2054,3202,14,35,195,244,1.2581967213114753,0.03550258048791622,646,"It's a big feat, making it to the top."
4085,3202,7,49,188,244,1.2581967213114753,0.03200490083329431,646,Don't you love being alone with nature?
2202,3204,8,55,212,275,1.2581818181818183,0.030188325263324215,646,The only abominable thing about him is his attitude.
4837,3204,13,45,217,275,1.2581818181818183,0.03231174683503508,646,"Nice guy, but wouldn't let me take a photo."
2976,3206,10,59,237,306,1.2581699346405228,0.029021060561362597,646,Let's get some attention and report it as fake news.
7,3207,14,45,224,283,1.2579505300353357,0.03208764501294482,646,"I hate to disagree with you, but if he really was the Abominable Snowman, don't you think he'd be leaving footprints in the snow so we'd have proof?"
1360,3207,15,43,225,283,1.2579505300353357,0.03247580229724536,646,"Now who you goin' to believe?  Me, or your lyin' eyes?"
2236,3207,19,35,229,283,1.2579505300353357,0.03398412606411683,646,"Well, at least his sense of direction isn't abominable."
2870,3210,6,53,193,252,1.257936507936508,0.030859165596481334,646,"I tried to explain why he shouldn't wear fur, but he told me he was more concerned with global warming!"
428,3210,8,49,195,252,1.257936507936508,0.031867337641774615,646,"Abominable"" is an adjective, not a proper name, you goof."
1669,3210,15,35,202,252,1.257936507936508,0.03516907850794778,646,"Wow, Mike, that remark was cold, even by his standards."
8,3213,14,46,227,287,1.2578397212543555,0.03178376322781233,646,Fake news is everywhere.
4682,3213,9,56,222,287,1.2578397212543555,0.029805674204747702,646,Never mind. He always does this when people are around.
6000,3215,12,42,202,256,1.2578125,0.033436812802174296,646,He says he's with the Von Trapp family.
1005,3216,12,43,205,260,1.2576923076923077,0.03309018182817483,646,yeti shmeti his breath stinks
3762,3216,12,43,205,260,1.2576923076923077,0.03309018182817483,646,You can't compare yourself.  He lives here.
674,3218,14,40,210,264,1.2575757575757576,0.033621189495067885,646,"Goodbye, John. Oh, one more thing. I could never stand your aftershave."
1923,3218,9,50,205,264,1.2575757575757576,0.03140634607270025,646,I'm not sure why he wanted our hats.
5803,3218,12,44,208,264,1.2575757575757576,0.03275322975361734,646,"I know, right. What a show-off ."
2387,3221,15,47,237,299,1.2575250836120402,0.03127816116799329,646,He didn’t seem so bad.
3825,3221,12,53,234,299,1.2575250836120402,0.03018252491489941,646,..Well your hairy snowman remarks definitely upset him.
4639,3221,14,49,236,299,1.2575250836120402,0.03091726347496088,646,"I met him at the co-op, isn't he cool?"
4489,3224,14,41,213,268,1.257462686567164,0.03327635186971158,646,That sure was a chilly reception!
4004,3224,14,41,213,268,1.257462686567164,0.03327635186971158,646,"No, in fact he's quite personable."
4870,3224,9,51,208,268,1.257462686567164,0.0311057054087912,646,He said to just follow in his footsteps
2589,3224,11,47,210,268,1.257462686567164,0.03199164239125344,646,I think you have to believe before you can see.
234,3224,14,41,213,268,1.257462686567164,0.03327635186971158,646,Are we there yeti?
2895,3224,10,49,209,268,1.257462686567164,0.03155178356185547,646,"If I understood him correctly, he says global warming sucks and his feet really aren't that big!"
3123,3230,16,38,218,272,1.2573529411764706,0.03375456583399352,646,He’s such old Fake News.
3837,3230,15,40,217,272,1.2573529411764706,0.03335023373792129,646,Wait. Julie Andrews is still alive?
2954,3230,14,42,216,272,1.2573529411764706,0.03294093905927037,646,"Really, Helen.....a Yeti?"
4955,3230,11,48,213,272,1.2573529411764706,0.03168134456275975,646,"Well, his feet are big."
2060,3234,16,47,244,307,1.257328990228013,0.031067358230097254,646,He's not really that abominable and it's a great workout.
5921,3235,10,42,189,241,1.2572614107883817,0.033792598374420516,646,"He said mountain climbing has strengthened his midriff. so much, he's now the Abdominal Snowman."
3463,3236,11,49,216,276,1.2572463768115942,0.031379253328878864,646,"Well, the brochure didn't mention anything about this."
4949,3236,11,49,216,276,1.2572463768115942,0.031379253328878864,646,He was just wondering if Ronald Reagan was still president!
5341,3236,16,39,221,276,1.2572463768115942,0.03341271981062458,646,Well.. from his perspective I’m aiming lower by choosing to date you
5945,3236,12,47,217,276,1.2572463768115942,0.03179635200162159,646,He's tired of people commenting on his feet.
1177,3240,13,46,221,280,1.2571428571428571,0.03189799776979572,646,If you were looking for Bigfoot he's that-away. This here is a yeti.
1672,3240,12,48,220,280,1.2571428571428571,0.031494136330704935,646,On His Instagram He Looks Bigger ...
5986,3240,11,50,219,280,1.2571428571428571,0.031085028304831317,646,Turn back! This is my peak experience.
177,3243,11,51,222,284,1.2570422535211268,0.030798348021315307,646,I guess that means no selfies.
3530,3243,12,49,223,284,1.2570422535211268,0.03119972001320805,646,"He's from our tour, but they made him fly cargo."
2898,3245,12,40,197,249,1.2570281124497993,0.03403924466753278,646,This hike is of mythic proportions
4096,3245,10,44,195,249,1.2570281124497993,0.033074082717198555,646,Don't worry. It's not serious.  He's not even my species.
2238,3245,12,40,197,249,1.2570281124497993,0.03403924466753278,646,"Really, Jason. You hurt his feelings. He’s a little slow—but “abominable”?"
1811,3248,12,50,226,288,1.2569444444444444,0.030912787868809216,646,"Dear John, it's complicated ..."
346,3249,9,47,197,253,1.256916996047431,0.03224760962278702,646,If I wanted to date a Neandatrhal I would not have gone hiking with you!
2165,3249,10,45,198,253,1.256916996047431,0.03273038226129743,646,Come on. He's the most highly recommended sherpa in the entire region. 4-5 stars in all the rating guides.
914,3251,12,42,203,257,1.2568093385214008,0.03332155811284796,646,We're invited to tonight's snowball fight.
3207,3251,12,42,203,257,1.2568093385214008,0.03332155811284796,646,"Don't worry, no one knows the Canadian border better than this Sasquatch."
2203,3253,13,41,207,261,1.2567049808429118,0.03342180264270731,646,"Actually, it's your pace that is abominable."
2659,3253,12,43,206,261,1.2567049808429118,0.03297793881707179,646,Definitely worth the extra charge.
3152,3255,12,53,235,300,1.2566666666666666,0.03009399371672645,646,I told him it's called the Paleo diet fo a reason.
5712,3255,18,41,241,300,1.2566666666666666,0.03224015697909081,646,"Boy,talk about your cold shoulder."
2918,3257,13,42,210,265,1.2566037735849056,0.03307884775220973,646,-You- tell him to shave his back
4410,3258,13,43,213,269,1.2565055762081785,0.03274532783553727,646,I told you we should have brought the go pro
4656,3258,10,49,210,269,1.2565055762081785,0.031448839522610704,646,"No, I wouldn’t say this is a hairy situation"
3327,3258,13,43,213,269,1.2565055762081785,0.03274532783553727,646,Did you understand what he said?
787,3258,14,41,214,269,1.2565055762081785,0.033166230179246706,646,"Trust me, his tours are one of a kind."
1028,3258,9,51,209,269,1.2565055762081785,0.031004631558413296,646,It’s a beast of a climb!
2930,3258,14,41,214,269,1.2565055762081785,0.033166230179246706,646,He’s largely unknown but keeps winning by a landslide.
10,3264,12,55,241,308,1.2564935064935066,0.02958049061829528,646,He said he wasn't photogenic.
4716,3265,15,40,218,273,1.2564102564102564,0.03324121659241869,646,He says it's a stupid hobby.
5012,3265,12,46,215,273,1.2564102564102564,0.032002764398631325,646,I see everything's in proportion...
4207,3267,15,41,221,277,1.256317689530686,0.03290974596087693,646,"I'm sorry to end things, Brad, but I've always dreamed of dating a yeti."
2981,3268,11,39,188,238,1.2563025210084033,0.03455861000407481,646,"We can go up, but no selfies are allowed."
2465,3269,9,44,189,242,1.256198347107438,0.0331562952432524,646,He said the Starbucks will be open at 7.
5065,3269,11,40,191,242,1.256198347107438,0.03417491284359032,646,He doesn't look that abominable !
831,3271,13,48,228,289,1.2560553633217992,0.031205880642372973,646,"Steve, I'm going with him because I'm a geneticist...and I won' t mix business with pleasure."
2984,3272,13,38,199,250,1.256,0.03438875318154943,646,Border security just isn't an issue that I am passionate about.
116,3272,12,40,198,250,1.256,0.03391839959852618,646,"I'm sorry, Bill.  It's the big feet"
717,3274,16,43,234,293,1.2559726962457338,0.03203517395242114,646,He called use abominable people.
3306,3274,18,39,236,293,1.2559726962457338,0.03275676073793594,646,He said no selfies
4478,3276,14,37,203,254,1.2559055118110236,0.03447254170572536,646,He is upset that he receives no royalties from the premium cooler company that bears his name.
5586,3276,13,39,202,254,1.2559055118110236,0.03401813545395341,646,We've been wandering for three hours following your GPS -- excuse me if I ask a local for directions to the brunch place.
5616,3276,11,43,200,254,1.2559055118110236,0.03309060827462403,646,It’s fine Jack. King Kong was a one-time thing.
2001,3279,12,42,204,258,1.255813953488372,0.03320707524481908,646,"Sorry, Jeff. The yeti has WiFi, so I'll try not to make this awkward."
2430,3279,15,36,207,258,1.255813953488372,0.034542718404494875,646,He looks like he knows where he's going....
5727,3279,11,44,203,258,1.255813953488372,0.03274975822042088,646,I didn't find him abominable at all.
2765,3282,14,39,209,262,1.2557251908396947,0.033744592109227256,646,"He wants me to go ahead with him, and you to go back for more beef jerky."
744,3282,15,37,210,262,1.2557251908396947,0.03417520971992309,646,Because he has bigger hands!
2675,3282,13,41,208,262,1.2557251908396947,0.0333084078550074,646,I think Ancestry was right - -and my Father and Uncle both had big feet.
618,3285,12,44,210,266,1.255639097744361,0.03253522406756612,646,He's going ahead for a tidy up. He says his house is abominable.
3080,3285,14,40,212,266,1.255639097744361,0.03339590458133807,646,You forgot the cash?  He won't sign without an advance.
4652,3287,7,55,208,270,1.2555555555555555,0.029999923508706623,646,Sorry. He's sensitive about his back hair.
1634,3288,12,46,216,274,1.2554744525547445,0.031899481406472266,646,He said he was leaving 2018 behind with the rest of his gear.
3542,3288,15,40,219,274,1.2554744525547445,0.03313289412420451,646,That suit looks warm. Wonder where he got it.
3931,3288,9,52,213,274,1.2554744525547445,0.03061641969528759,646,He said take the next crevice on the right
5014,3288,14,42,218,274,1.2554744525547445,0.03272692194556525,646,"No, there's no such thing!"
3252,3292,11,37,183,231,1.2554112554112553,0.03522686976298416,646,He said it’s only a few miles before we reach the Starbucks.
3857,3293,10,40,185,235,1.2553191489361701,0.03429619999018376,646,She just wants to be alone.
5063,3293,16,40,226,282,1.2553191489361701,0.03287019972545979,646,"John,   That beautiful creature just exposed himself to me"
273,3295,13,47,226,286,1.2552447552447552,0.03140029953337361,646,Guess he doesn't shop at R.E.I. for outerwear.
2066,3296,6,50,187,243,1.2551440329218106,0.03145430054000732,646,He's just the Yeti Welcoming Committee. You meet the whole clan at the top.
2749,3296,12,38,193,243,1.2551440329218106,0.0345461116854346,646,"Carl, your jealousy is going to ruin this relationship."
1809,3298,13,37,197,247,1.2550607287449393,0.034645000536321156,646,Follow him? He's not even wearing hiking boots!
2559,3298,14,35,198,247,1.2550607287449393,0.035116824615444193,646,Orange hair?
4701,3298,15,33,199,247,1.2550607287449393,0.03558239283665506,646,"He said, ""Humanity is just too crazy to believe in."
2240,3301,14,48,236,298,1.25503355704698,0.030920293607973107,646,I can't believe you forgot to close the garage.
3237,3302,8,48,195,251,1.254980079681275,0.03185656971912226,646,"I don't care if you never see him. 
This was supposed to be just the two of us."
374,3303,11,43,201,255,1.2549019607843137,0.0329758597564843,646,"I told him keep going, ya can't miss it!"
1835,3303,10,45,200,255,1.2549019607843137,0.03250428946385055,646,He wasn't going to let us continue until I convinced him we understand that global warming is a serious problem.
5010,3303,13,39,203,255,1.2549019607843137,0.0338993261428364,646,"He took it pretty well. Just said, 'he's got big shoes to fill.'"
5222,3306,10,46,203,259,1.2548262548262548,0.032176229363258854,646,He has got to get his steps in
3778,3306,11,44,204,259,1.2548262548262548,0.03263801462291239,646,Of course he's not going to pose for a selfie with you!
900,3308,10,47,206,263,1.2547528517110267,0.031857235425868435,646,"He says, ""Abominable is as abominable does."""
916,3308,9,49,205,263,1.2547528517110267,0.03139838212969341,646,He said the best is Yeti to come!
3686,3308,8,51,204,263,1.2547528517110267,0.030932722992735286,646,"I thought so too, but he said he's just a Sherpa."
4975,3308,12,43,208,263,1.2547528517110267,0.03275566433783812,646,Let's trust him--I'm sure he knows the way.
1337,3312,11,46,210,267,1.2546816479400749,0.03199012476195455,646,"John, I'm sick of your pranks- the yeti is not real!"
5892,3312,15,38,214,267,1.2546816479400749,0.03370473610237631,646,She said she'd go back up and get my hiking stick for me.
5837,3314,14,41,216,271,1.2546125461254614,0.032948109072437996,646,Streaking on Mt. Everest? come on!
5422,3314,8,53,210,271,1.2546125461254614,0.03035747439153776,646,I’m tired of Gortex. I’m thinking of giving real fur a try.
4003,3314,11,47,213,271,1.2546125461254614,0.03167928457906004,646,His climbing skills are legend.
3609,3314,9,51,211,271,1.2546125461254614,0.030804380501842123,646,He said his place is just over the top and he'd love to have us come by for a drink if we'd care to.
3055,3314,9,51,211,271,1.2546125461254614,0.030804380501842123,646,This guy is the best sherpa ever!
2508,3314,10,49,212,271,1.2546125461254614,0.0312448950193735,646,"False alarm, it wasn't Bigfoot. Just someone who really liked no-shave November."
730,3314,12,45,214,271,1.2546125461254614,0.032107797777338624,646,Wow! did you have beans for lunch or what?
2767,3321,10,50,215,275,1.2545454545454546,0.03095082860599567,646,He just needed to use my cell for a quick call. Said he lost his down a crevasse last week.
5493,3322,14,43,222,279,1.2544802867383513,0.03230244290709506,646,We had a great conversation... I think he's just misunderstood.
1791,3323,12,48,223,283,1.254416961130742,0.031199121687604782,646,"Well if you didn't want to follow the Sasquatch to their lair, then why did you come along?"
3227,3324,12,49,226,287,1.254355400696864,0.03091169603554099,646,"That confirms it, the yeti just told me climate change doesn’t exist."
963,3325,10,54,227,291,1.254295532646048,0.029847765298379954,646,I wouldn't call it a thing.
3915,3326,14,48,237,299,1.254180602006689,0.0308285096697279,646,He didn't even say hello
3644,3327,13,35,192,240,1.2541666666666667,0.03530496578413667,646,He said the air's abominable down there.
2933,3328,11,42,199,252,1.253968253968254,0.03320646310909621,646,He's requested a mountain summit meeting. I hope there's coffee.
3533,3328,14,36,202,252,1.253968253968254,0.03460531538378866,646,"Big feet, big hands...."
2521,3330,10,45,201,256,1.25390625,0.03239237783806055,646,His climbing skills are unreal.
928,3330,11,43,202,256,1.25390625,0.032861883648166564,646,He got offended when I  called him “abominable.”
1231,3332,14,39,211,264,1.253787878787879,0.033516365529164094,646,Is that J. Peterman he's wearing?
1455,3332,17,33,214,264,1.253787878787879,0.03478163659087319,646,He says follow him if you want to meet the Leprechauns of the Himalayas
2077,3332,8,51,205,264,1.253787878787879,0.03083043604904868,646,He said he wants to play us some tracks from his new mixtape. He goes by the name Lil Yeti.
2153,3332,13,41,210,264,1.253787878787879,0.03308385703631802,646,"I am sorry Brad, but he‘s my King Kong"
226,3336,13,42,213,268,1.2537313432835822,0.03274957037727328,646,"And yet, my mom thinks you’re the abominable one!”"
658,3336,11,46,211,268,1.2537313432835822,0.031884699872895675,646,Do you have a better plan?
681,3336,10,48,210,268,1.2537313432835822,0.03144334506742186,646,He was actually very pleasant.
1213,3336,17,34,217,268,1.2537313432835822,0.03441416725301747,646,Next time I hire the guide...this guy is loathsome.
1857,3336,15,38,215,268,1.2537313432835822,0.033592181140963705,646,"Thank god for your beef jerky, I thought I was a goner!"
5838,3336,15,38,215,268,1.2537313432835822,0.033592181140963705,646,"I think he said, ""Wus."""
4620,3342,12,45,215,272,1.2536764705882353,0.03200322936747981,646,"Apparently, he knows a great selfie spot."
39,3343,10,50,216,276,1.2536231884057971,0.030852271749249115,646,I’m leaving you because he’s not afraid to be real.
5488,3343,11,48,217,276,1.2536231884057971,0.03127639898106214,646,"No, I can't place where I've seen him before."
1954,3345,14,43,223,280,1.2535714285714286,0.032199699412189996,646,"Abominable? No, he's one of Trump's deplorables."
2334,3345,16,39,225,280,1.2535714285714286,0.03298520758226507,646,"It’s me not you, I found a real man!"
2530,3345,8,55,217,280,1.2535714285714286,0.029718862885484074,646,Ok..so he didn’t yield to the downhill skier..yell at him.
3413,3345,16,39,225,280,1.2535714285714286,0.03298520758226507,646,"Well, that's the last we'll see of him."
763,3349,20,32,232,284,1.2535211267605635,0.034152704028678385,646,"Your right, my mom is hairier."
147,3350,9,55,224,288,1.2534722222222223,0.029615659690420244,646,He clearly didn't receive the 'no wearing white after Labor Day' memo.
5079,3350,15,43,230,288,1.2534722222222223,0.031972915446164527,646,"He said he used to be President, but wasn't appreciated for the stable genius that he was."
4514,3352,5,51,185,241,1.2531120331950207,0.030993286086163988,646,"""I'm sorry, but there's just something about him I find appealing."""
3804,3353,11,40,194,245,1.2530612244897958,0.03380374648923512,646,"He's had it with ""civilization""."
1247,3353,9,44,192,245,1.2530612244897958,0.032799104652452844,646,He totally confused hirsute and hairsuit.
889,3353,11,40,194,245,1.2530612244897958,0.03380374648923512,646,Can you believe he’s not on Facebook?
907,3356,8,47,194,249,1.2530120481927711,0.03195599164971434,646,"If the Yeti doesn't need a hiking partner, neither do I!"
81,3357,14,36,203,253,1.2529644268774704,0.03448287833544769,646,See?  It's not just me; only Julie Andrews can sing that song properly.
2248,3358,12,41,204,257,1.2529182879377432,0.03320955255858281,646,Such obsolete gear.
1334,3359,14,38,209,261,1.2528735632183907,0.033752960994340095,646,We need to tell President Pence right away! We found the runaway president!
2915,3359,13,40,208,261,1.2528735632183907,0.03331350976135503,646,I told him we're vegan...
5423,3359,11,44,206,261,1.2528735632183907,0.032416740213797,646,Your stupid hair loss joke scared him away
5782,3362,9,49,207,265,1.2528301886792452,0.031190495630926386,646,"There’s nothing abominable about him, and touring the Himalaya with a native could be
unforgettable."
3501,3362,13,41,211,265,1.2528301886792452,0.03297268680969329,646,"It's not you, it's him, you idiot."
3451,3362,12,43,210,265,1.2528301886792452,0.03253629221366966,646,"He is not ""abominable!""  But he is shy."
2123,3365,14,40,215,269,1.2527881040892193,0.033063456506551805,646,He said to bring orthotics.
3502,3365,16,36,217,269,1.2527881040892193,0.033892134996966035,646,He wanted to know if we were interested in a reverse mortgage
4062,3365,10,48,211,269,1.2527881040892193,0.03134043457223892,646,"No, he's very pleasant. A little shy maybe but he'll get you to where you want to go."
5964,3365,11,46,212,269,1.2527881040892193,0.03177994915701962,646,We seem to have trouble making friends.
2854,3369,11,47,215,273,1.2527472527472527,0.03147432190796743,646,He decided to be upwardly mobile -- global warming isn't his thing.
3383,3369,14,41,218,273,1.2527472527472527,0.03273277395755125,646,He just said there is nothing much to see up there
5034,3371,14,42,221,277,1.2527075812274369,0.03241094220022746,646,"He just called me ""abominable"" and walked on."
5325,3371,15,40,222,277,1.2527075812274369,0.032812031016115004,646,The dress code up here is abominable.
838,3371,16,38,223,277,1.2527075812274369,0.03320827584350776,646,It's a sign-- we should buy the cooler.
4418,3374,11,49,221,281,1.2526690391459074,0.03088684479270437,646,I think he expects a tip.
2456,3375,14,44,227,285,1.2526315789473683,0.03179237652779776,646,The region's best waxer is located just over the next ridge.
1458,3376,16,42,235,293,1.2525597269624573,0.031945390493475896,646,It's been nice.
3817,3377,19,39,247,305,1.2524590163934426,0.0321035344714199,646,"He invited us up for a party, but I think it will be abominable."
264,3378,12,38,196,246,1.2520325203252032,0.034170825641687885,646,"Thank God we are blind!
A guy that smelly MUST be ugly."
898,3379,12,39,199,250,1.252,0.03380168955640339,646,Your turn to go second. I am fed up with the view.
1268,3380,14,36,204,254,1.2519685039370079,0.03436128655289175,646,Calling him abominable was uncalled for.
4758,3380,11,42,201,254,1.2519685039370079,0.03297469086893132,646,He says there's a cybercafe up 3 miles
2136,3382,10,45,203,258,1.251937984496124,0.032170787937716494,646,Are you kidding me?  He wouldn’t even make eye contact!
200,3383,8,50,204,262,1.251908396946565,0.030919451576057886,646,And we thought we needed all that climbing equipment.
1760,3383,15,36,211,262,1.251908396946565,0.034069703920674356,646,You didn't have to insult him!
1922,3385,14,39,213,266,1.2518796992481203,0.03329113850303755,646,"Don't you come here with that ""I told you so""."
5350,3385,6,55,205,266,1.2518796992481203,0.02968698961013082,646,Don't even mention this when we get back.  They'll just say it was altitude hallucination.
6013,3385,14,39,213,266,1.2518796992481203,0.03329113850303755,646,"I'd call you abominable for getting us lost, but it'd be an insult to the guy who stopped to ask us for directions."
1311,3388,11,46,213,270,1.2518518518518518,0.03167586641601032,646,He just comes down occasionally to appear on reality shows.
4588,3389,11,49,222,282,1.25177304964539,0.030790161431502476,646,"Wow! Unbelievable! I'm in Park Slope, too!"
293,3390,15,43,232,290,1.2517241379310344,0.03177599865581456,646,Quick! Get a picture of his footprint!
2150,3391,15,49,250,314,1.2515923566878981,0.0301134725147169,646,He's really upset you won't share your beef jerky.
5138,3392,12,35,188,235,1.251063829787234,0.0352135392288001,646,"I hope you're taking plenty of mental pictures, Gary."
3700,3393,13,35,195,243,1.2510288065843622,0.03491484502901638,646,He said you’re whistling too loudly.
195,3394,9,44,194,247,1.2510121457489878,0.03256510317139229,646,Strange. He was reciting that famous Robert Frost poem as he passed us.
241,3395,10,43,198,251,1.250996015936255,0.032721753670656516,646,Why is it rude to ask him for a selfie?
2336,3395,9,45,197,251,1.250996015936255,0.032231051073816436,646,Steroids.  He wins but can't compete.
6019,3397,8,50,205,263,1.2509505703422052,0.03081655173185741,646,He says he has a camera we can use.
5002,3397,12,42,209,263,1.2509505703422052,0.03264598068844111,646,I asked for a guide who knows this terrain for a million years.
2385,3397,9,48,206,263,1.2509505703422052,0.03128394011724227,646,He’ll be right back. He forgot it’s his turn to bring the snacks.
2078,3397,10,46,207,263,1.2509505703422052,0.03174444767004392,646,Why on earth did you say we’d play freeze tag with him?
1794,3397,13,40,210,263,1.2509505703422052,0.0330875369848985,646,He was  3 feet taller before global warming kicked in...
949,3402,12,43,212,267,1.250936329588015,0.032319767952292466,646,What if the yellow snow writing message was his?
2473,3402,11,45,211,267,1.250936329588015,0.03188114038312743,646,"When he said ""no selfies"",he meant no selfies!"
2766,3402,8,51,208,267,1.250936329588015,0.030527467091860404,646,He got pissed when I told him I was already seeing someone...
3827,3402,10,47,210,267,1.250936329588015,0.03143639330087543,646,I think he said 'Hey--you kids get off my slope!'
4566,3402,11,45,211,267,1.250936329588015,0.03188114038312743,646,He said hi and you ignored him. How abominable!
5466,3402,9,49,209,267,1.250936329588015,0.030985263197300304,646,"He smiled and winked at me--ergo, he's 'abominable?'"
3916,3408,16,36,219,271,1.2509225092250922,0.0336673038664168,646,"It's your turn behind""Sweet Cheeks"""
646,3408,13,42,216,271,1.2509225092250922,0.0324266330294319,646,I told you not to mention ICE in front of him.
4875,3410,11,47,217,275,1.250909090909091,0.0312719248056793,646,Don't be a baby...but he really does have big feet if you know what I mean.
4371,3411,11,49,223,283,1.2508833922261484,0.030694065290967933,646,"Not even a ""hello""!  Abominable!"
5113,3412,14,44,229,287,1.2508710801393728,0.03159488743821827,646,I told you not to say anything about the size of his toes.
2347,3413,10,55,234,299,1.2508361204013378,0.029241358111343967,646,He was here first
4128,3414,6,54,204,264,1.25,0.029761699010037234,646,He’s just going to freshen up before dinner
3747,3414,13,38,205,256,1.25,0.03366865651273524,646,"He said it's abominable
weather at the top."""
3768,3414,10,42,196,248,1.25,0.0329485650741675,646,I told you not to drink that water.
3777,3414,17,40,239,296,1.25,0.03201508462599641,646,Ok. Yes.  I have always hated the waxing.
3816,3414,10,51,223,284,1.25,0.03018918763757139,646,"He really has had it with the whole ""abominable thing""."
4628,3414,10,51,223,284,1.25,0.03018918763757139,646,Go tell him we were here first.
3661,3414,11,44,209,264,1.25,0.03209025611286236,646,I told you we didn't need this much gear.
5003,3414,16,39,229,284,1.25,0.03256827871686812,646,Just give him a minute... He has a shy bladder.
5057,3414,14,35,203,252,1.25,0.03449182079331117,646,I think we're heading into the Ice Age.
5450,3414,8,49,203,260,1.25,0.031008683647302113,646,I  told you he answers to “yeti” not “abominable”
5599,3414,15,35,210,260,1.25,0.03419705644406649,646,Why would you turn down a dinner invitation? Even the Hendersons are coming.
5833,3414,13,38,205,256,1.25,0.03366865651273524,646,"No, we are not there Yeti."
5878,3414,10,42,196,248,1.25,0.0329485650741675,646,He is flattered but isn't interested in becoming the podiatry college mascot.
4729,3414,14,38,212,264,1.25,0.0334095798094518,646,I had to break up with him. The relationship was becoming abominable.
3509,3414,14,42,224,280,1.25,0.03210087148070576,646,I told him you were only into bears.
342,3414,13,37,202,252,1.25,0.034030370966329306,646,He's more of a man than you'll ever be.
3368,3414,10,39,187,236,1.25,0.03403663625102412,646,Are you high?!?
61,3414,13,38,205,256,1.25,0.03366865651273524,646,Apparently every guy does have a size issue...
242,3414,8,52,212,272,1.25,0.03014868011967591,646,Should we turn around? He said we’re going the wrong way.
295,3414,17,41,242,300,1.25,0.031719576756473446,646,That’s something you don’t see every day.
3398,3414,14,29,185,228,1.25,0.03697284499079072,646,Toxic masculinity
820,3414,8,52,212,272,1.25,0.03014868011967591,646,Don't engage ... keep talking ... he's almost gone.
1199,3414,6,52,198,256,1.25,0.03031695312954162,646,"No matter how far we travel, we just can't seem to get some me and you time."
602,3414,11,43,206,260,1.25,0.03241355504474248,646,He’s just not that into us.
1597,3414,11,39,194,244,1.25,0.033803105418147746,646,... swiped right on Tundra!
2301,3414,6,58,216,280,1.25,0.028734175502037187,646,Did he seem abominable to you?
2481,3414,12,36,192,240,1.25,0.03468326498893792,646,"Finally, someone has decided to take the high road!"
2630,3414,13,43,220,276,1.25,0.03200584597457298,646,"Sorry, Mr. Yeti doesn't like his picture taken."
3018,3414,13,38,205,256,1.25,0.03366865651273524,646,"You never believed in me either,really.  I'm not going back with you,I'm staying here with him."
3361,3414,10,47,211,268,1.25,0.0313328670977928,646,How could you give him your credit card?
1463,3414,11,43,206,260,1.25,0.03241355504474248,646,I declined his request for a date and he left in a huff
335,3445,11,53,237,301,1.2491694352159468,0.029449036699966413,646,I knew we wore too many layers.
2467,3446,9,54,226,289,1.2491349480968859,0.029424483307430714,646,He said you were good for the lift ticket...
5987,3447,16,39,230,285,1.249122807017544,0.03246565551490959,646,Rarest of breeds.  Recessive strain.  Non-Abominable.  Best guide ever
1242,3447,16,39,230,285,1.249122807017544,0.03246565551490959,646,"He says we're both fired, and he'll be in his penthouse"
2641,3447,10,51,224,285,1.249122807017544,0.03009586049852958,646,He said it's harder going downhill.
2244,3450,9,52,220,281,1.2491103202846976,0.029947054953828354,646,"My Yetish are a bit rusty. I think he said ""Gwargglgh""."
3574,3451,9,51,217,277,1.2490974729241877,0.03021840015364565,646,We're underdressed. That's our problem.
1286,3451,13,43,221,277,1.2490974729241877,0.03190286081576202,646,He's the best sherpa I could afford.
1030,3453,14,40,219,273,1.249084249084249,0.03263013473828382,646,You heard me; I'm leaving you!
1306,3453,9,50,214,273,1.249084249084249,0.030496826732010096,646,He said it’s just a little bit further.
3705,3453,14,40,219,273,1.249084249084249,0.03263013473828382,646,"And you said, ""There's no such thing as a YILF,"" didn't you, Brad?"
4237,3453,15,38,220,273,1.249084249084249,0.03304027154098191,646,He said our price range is a few hundred feet higher.
4627,3453,10,48,215,273,1.249084249084249,0.03093525967541743,646,"Oh, come on.  He says it's just a short distance to the top."
4614,3458,13,41,215,269,1.2490706319702602,0.032535212116060655,646,"Did you see that?""
""Nope."""
240,3458,12,43,214,269,1.2490706319702602,0.03210603834469611,646,"He's called ""Bigfoot,"" not ""Sasquatch,"" Trevor.  Don't you know anything?"
1245,3458,7,53,209,269,1.2490706319702602,0.029867809627779525,646,Yeti does have a certain air about him....
3633,3458,11,45,213,269,1.2490706319702602,0.03167104938181135,646,"Catch you later, loser."
4061,3458,9,49,211,269,1.2490706319702602,0.030782636509129727,646,The listing did say we'd have a superhost.
4311,3463,10,46,209,265,1.2490566037735849,0.03153275773889029,646,He really needs some manscaping.
3328,3463,14,38,213,265,1.2490566037735849,0.03329663449009268,646,He said Shangrila was two mountains to the West.
368,3465,13,39,209,261,1.2490421455938698,0.03320316328474068,646,"...and the guide’s an animal, Jerry."
1946,3466,14,35,204,253,1.2490118577075098,0.03436942677403315,646,It’s over.
1288,3467,14,34,201,249,1.248995983935743,0.03474833386098565,646,He’s mad that Bigfoot got the Animal Planet show.
2257,3467,13,36,200,249,1.248995983935743,0.0342791349240101,646,Are we there Yeti?  Are we there Yeti?  Are we there Yeti
1974,3469,11,39,195,245,1.2489795918367348,0.03368031196635815,646,I'd never go hiking in a fur coat.
788,3470,13,48,237,298,1.2483221476510067,0.03036847674392468,646,They should call him BigBUTT!
6074,3471,11,51,232,294,1.248299319727891,0.02987326469881871,646,You need to tell Jeff he is taking this hipster hair-thing too far.
1486,3472,13,46,231,290,1.2482758620689656,0.030919592717713967,646,"Honey, we've been invited to hi-tea with the Yeti"
3786,3473,11,48,223,282,1.24822695035461,0.030687526061301706,646,"Abominably cute, I'd say."
2485,3473,9,52,221,282,1.24822695035461,0.029853743049135077,646,He's not seeing anybody.
3822,3475,13,43,222,278,1.2482014388489209,0.0318005213304655,646,Now who is calling who abominable!
1141,3475,8,53,217,278,1.2482014388489209,0.029688602964456752,646,"If your ancestor can make it to the top, so can you!"
1362,3475,14,41,223,278,1.2482014388489209,0.032206290675441646,646,"You go ahead, I have to send a tweet."
1070,3478,16,36,222,274,1.2481751824817517,0.0333354898084375,646,Me Jane!
2115,3478,13,42,219,274,1.2481751824817517,0.03210986019472157,646,"It's an uphill battle to attempt Everest blind, but I can tell something big is afoot."
2715,3478,18,32,224,274,1.2481751824817517,0.034128131897273414,646,"No, you're the one who's abominable."""
3182,3478,14,40,220,274,1.2481751824817517,0.032523535704766016,646,Leave nothing but footprints.
4377,3478,10,48,216,274,1.2481751824817517,0.030835553549120678,646,"I'm blind, but YET-I see."
1313,3483,11,45,214,270,1.2481481481481482,0.03156701293403017,646,"Having walked behind him for 8 miles, I can now tell you exactly where he gets his name and why they chose to have it rhyme with abdominal......"
5285,3483,18,31,221,270,1.2481481481481482,0.034485273946322156,646,It was only a one night stand.
4385,3485,10,46,210,266,1.2481203007518797,0.031427940160951275,646,He says we should have turned left 2 snowdrifts back....
5321,3485,10,46,210,266,1.2481203007518797,0.031427940160951275,646,He doesn't like to be called 'Frosty' either.
352,3485,11,44,211,266,1.2481203007518797,0.03187613906356737,646,"See, we didn't need shoes or gear!"
3516,3488,9,47,206,262,1.248091603053435,0.03127216146752797,646,i have a feeling he isn't taking us to the beach.
1689,3489,10,44,204,258,1.248062015503876,0.032053374250283886,646,"One small step for man......
That’s all I heard."
3877,3489,14,36,208,258,1.248062015503876,0.033883204277414,646,Are you following me?
2879,3491,15,33,206,254,1.2480314960629921,0.03469927891883388,646,Do these pants make my ass look fat?
659,3492,11,39,196,246,1.2479674796747968,0.03355838670731704,646,The big guy said he really needed a cup of coffee and directions to the nearest Starbucks.
1890,3492,9,43,194,246,1.2479674796747968,0.03255452822233723,646,"I know he's angry, but I am not giving him my last Clif Bar."
3872,3494,9,42,191,242,1.2479338842975207,0.032898866696161225,646,He forgot his selfie-stick.
3933,3495,9,55,231,295,1.2474576271186442,0.028999137862624445,646,He said we're too pretty to eat.
4496,3495,13,47,235,295,1.2474576271186442,0.030548163328101823,646,That was the most amazing kiss. Now we'd better do as he said and turn back.
5469,3497,12,46,225,283,1.2473498233215548,0.03099837229395215,646,"You ready?”
 “Not yeti!"
2891,3497,9,52,222,283,1.2473498233215548,0.0297609940653105,646,"Don't worry, he won't get far on foot."
615,3497,10,50,223,283,1.2473498233215548,0.030179091108389122,646,He asked us to say hello to his cousin on Mount Shasta.
2526,3500,12,45,222,279,1.2473118279569892,0.031289446647904076,646,"For someone who can’t even speak English, he’s a remarkable tour guide."
1167,3501,12,44,219,275,1.2472727272727273,0.03158822963435444,646,Which way is progress?
5242,3501,13,42,220,275,1.2472727272727273,0.03200560969108597,646,"It's a yeti, not a yogi."
4737,3503,10,47,214,271,1.2472324723247232,0.031026232327589925,646,So I swiped right.  You have a problem with that?
881,3504,10,46,211,267,1.247191011235955,0.031323799009152574,646,What is it about men and asking for directions?! He may know if there is a tea house up there.
874,3505,10,45,208,263,1.247148288973384,0.03162951320162106,646,"I meant the lack of footprints, but, yeah, that's another weird problem with this virtual reality program."
1050,3505,11,43,209,263,1.247148288973384,0.03208506122775018,646,What's with all the yellow snow around here ?
4997,3505,9,47,207,263,1.247148288973384,0.031167307499278225,646,He needed an update on the current generation of world leaders
2452,3508,8,46,197,251,1.247011952191235,0.03160645931364213,646,Well I WAS seeing other people....sort of.
633,3508,12,38,201,251,1.247011952191235,0.03356275182677298,646,Abominable Snowman or Bigfoot? How would he know!?
4843,3510,7,47,193,247,1.2469635627530364,0.03140689708369074,646,I suggest you turn around.
5292,3510,14,33,200,247,1.2469635627530364,0.03488266541990105,646,"He said he's sorry for the mess and that he'd be back after theTrump Shutdown. Oh, and to call a plumber."
5955,3512,10,40,193,243,1.2469135802469136,0.03329382036855516,646,Bigfoot?! Yeti?! Sasquatch?! Why the racist inquisition?
1827,3513,14,48,246,308,1.2467532467532467,0.03002578549171298,646,"Clear up something for me.  Is it ""Abdominal"" or ""Abominable""?"
5295,3514,14,46,240,300,1.2466666666666666,0.030555369750456994,646,"He says that the abominable snowman is just an urban legend."""
661,3515,9,53,226,288,1.2465277777777777,0.02941069471518338,646,"Exactly, who’s evolved?"
2769,3515,12,47,229,288,1.2465277777777777,0.030619911417966536,646,I’m going with him!!
2025,3517,10,49,221,280,1.2464285714285714,0.030358084079261313,646,He said the Starbucks is this way.
1557,3518,13,42,221,276,1.2463768115942029,0.03190201913550598,646,I'm going down. What do you think they eat up there?
905,3518,16,36,224,276,1.2463768115942029,0.033117823121717994,646,He's going to Starbucks. You want a latte?
5983,3520,10,47,215,272,1.2463235294117647,0.030925315346475846,646,"Male: That’s amazing!
Female: Yeah! No footprints!"
4675,3520,13,41,218,272,1.2463235294117647,0.03221448435224801,646,He was sizing me up so I told him to take a hike.
409,3522,12,41,211,264,1.246212121212121,0.03242427876718332,646,"He says he's a yeti not the Abominable Snowman, he's the next mountain over."
2356,3522,13,39,212,264,1.246212121212121,0.032865468435076726,646,He's getting me a cooler.
2444,3522,7,51,206,264,1.246212121212121,0.03012155447759902,646,We have big footprints to fill
2800,3522,12,41,211,264,1.246212121212121,0.03242427876718332,646,He forgot his cell phone.
3177,3522,11,43,210,264,1.246212121212121,0.031977002543812715,646,"You need to talk to your brother about hygiene, he's abominable."
5452,3522,16,33,215,264,1.246212121212121,0.03415486057813813,646,"You called him ""Abominable."" Now we will never see him again."
111,3528,12,40,208,260,1.2461538461538462,0.03275448759287561,646,It's shocking. Even after eight episodes of Star Wars this Chewie guy doesn't speak any proper English.
3505,3529,12,39,205,256,1.24609375,0.03309413882180072,646,He's not a sherpa?
2660,3530,9,44,199,252,1.246031746031746,0.0319940667684808,646,You look better dressed then the last guy I met
5605,3531,13,35,200,248,1.2459677419354838,0.03428307508092443,646,You are wrong!  I am sure he knows the way down.
2788,3531,10,41,197,248,1.2459677419354838,0.03282346185874631,646,"Yes, in fact he is better in bed. He’s better at climbing. He can handle the snow better. He’s better all around. So you can turn right around and leave, but I’m following him. And, I’m staying here."
2131,3533,5,50,189,244,1.2459016393442623,0.03052474066848675,646,Some of the people who hike this trail are abominable!
2420,3534,15,44,242,301,1.2458471760797343,0.03082607749832021,646,"Sorry, I prefer his leadership style to yours."
3801,3534,15,44,242,301,1.2458471760797343,0.03082607749832021,646,Look if he’s not cold it’s his decision!
3692,3536,13,47,237,297,1.245791245791246,0.030364897765398625,646,Carl commits yet another Yeti faux pas.
2656,3537,11,36,189,236,1.2457627118644068,0.034430549294195756,646,"I know it's uncomfortable having my ex around,but he really wanted to come!"
500,3538,14,44,235,293,1.2457337883959045,0.031016557308774614,646,"Excuse me, I'm looking for someone with the dating app screen name: ""Hairy"""
4408,3539,13,45,231,289,1.245674740484429,0.03091678236143071,646,Sasquatch just broke my stick.  What are ya goin’ to do about it?
596,3539,16,39,234,289,1.245674740484429,0.032061426826904035,646,"I told you Carol, we don’t need to ask for directions."
1436,3539,9,53,227,289,1.245674740484429,0.02932116221196347,646,pff....tourists
4216,3542,12,45,224,281,1.2455516014234875,0.031091183013544865,646,He said he's just passing through.
3375,3542,13,43,225,281,1.2455516014234875,0.03149731864173449,646,The sherpas weren’t available...
2291,3542,13,43,225,281,1.2455516014234875,0.03149731864173449,646,He said we are expecting snow tonight.
4090,3545,17,34,226,277,1.2454873646209386,0.03340392890753555,646,He is off to the spa to get waxed.
152,3545,10,48,219,277,1.2454873646209386,0.030540154400193094,646,"He needs some space, just learned his grandchild was human!"
3099,3545,17,34,226,277,1.2454873646209386,0.03340392890753555,646,"No, the view is not worth it."
313,3548,10,47,216,273,1.2454212454212454,0.030825035838989923,646,He said for us to tun back. It's abominable up there.
2528,3548,11,45,217,273,1.2454212454212454,0.03125886570140183,646,"He said ""the borscht in the lodge is not fit for man or beast."""
5453,3548,8,51,214,273,1.2454212454212454,0.02993852256789718,646,I told you I stopped seeing him.
5634,3548,10,47,216,273,1.2454212454212454,0.030825035838989923,646,He said he likes to run his 10K on K2.  I said K.
3248,3552,10,46,213,269,1.245353159851301,0.031117520930917106,646,He came highly recommended at the local tourism desk.
4433,3552,12,42,215,269,1.245353159851301,0.03199663681354638,646,He said its a 20 minute wait.
4075,3554,16,33,216,265,1.2452830188679245,0.034038412820870376,646,He's checking the border wall.
4980,3554,7,51,207,265,1.2452830188679245,0.030022053018283132,646,He said climate change is making this weather abominable.
2802,3556,8,48,205,261,1.2452107279693487,0.030783681294479826,646,"Y'know, gotta hand it to Tim. Sure, he might not fit in back at the pub, but out here?..."
3076,3556,11,42,208,261,1.2452107279693487,0.0321877673012085,646,The only thing abominable about this climb is your attitude!
3114,3558,13,36,204,253,1.2450592885375493,0.03379278781288449,646,He'll be right back with the sleds.
5608,3558,11,40,202,253,1.2450592885375493,0.032851382238692155,646,"Wild man, Neanderthal, Big Foot - Nah. He's just a normal guy who has given up trying to find clothes that fit."
5055,3560,10,41,198,249,1.2449799196787148,0.03270629586806223,646,Did you see what I just saw? He wasn’t wearing Patagonia.
5706,3561,10,40,195,245,1.2448979591836735,0.03305209510934351,646,I asked - but he said he’s only seen grainy footage of an REI
4028,3561,13,46,235,294,1.2448979591836735,0.030544452187874563,646,Remember; we're here to prove the Earth is flat.
3589,3561,12,36,197,245,1.2448979591836735,0.03404927314676498,646,I know he'll get there; not so sure about you.
1091,3564,15,39,228,282,1.2446808510638299,0.03219132699171064,646,All I did was ask him what kind of shaver he uses.
2363,3564,9,51,222,282,1.2446808510638299,0.02974637269196645,646,"Well, he isn't exactly what he appeared to be on Tinder, but hey - sometimes you just got to go with your gut."
2774,3564,7,55,220,282,1.2446808510638299,0.028885435890948177,646,Has it ever occurred to you to be just a little abominable?
496,3567,13,31,189,233,1.2446351931330473,0.03574193894206112,646,He said he's OK with the horns : but the yodelling is abominable !
2955,3568,9,50,219,278,1.2446043165467626,0.030013309100282617,646,"For the last time, Kevin, WHAT sherpa?!"
3007,3568,12,44,222,278,1.2446043165467626,0.03128441672293175,646,Was it really necessary to compare him to the abominable snowman?
4013,3570,7,53,214,274,1.2445255474452555,0.029391116160632186,646,"I told him it wasn't him, it was me."
2588,3571,15,36,219,270,1.2444444444444445,0.03316078153077228,646,Now you’ve done it. You know Harry’s sensitive about his large feet.
2948,3571,18,30,222,270,1.2444444444444445,0.03438383229461243,646,Now you know what it's like when tourists try to get directions from you.
3457,3571,11,44,215,270,1.2444444444444445,0.031456161712586216,646,He forgot his cell phone up there.
4270,3571,9,48,213,270,1.2444444444444445,0.030568226128886815,646,Larry you are the one being abominable
3605,3575,8,49,209,266,1.244360902255639,0.03039358346162662,646,"Hey, there’s room on this mountain for more than one monster."
3595,3575,10,45,211,266,1.244360902255639,0.03131318497562914,646,"Well, now I know why he's called 'abominable.'"
3318,3575,7,51,208,266,1.244360902255639,0.02992318660836963,646,"Real original, like he hasn't heard a 'you know what they say about people with big feet' joke before!"
884,3575,11,43,212,266,1.244360902255639,0.03176300319802141,646,Tuesday is cardio.
3053,3575,16,33,217,266,1.244360902255639,0.03392274261251995,646,He said something about Trump being more disliked than he is
1135,3580,13,38,211,262,1.2442748091603053,0.03297748378437272,646,"What's it to you, John! Go back to your IPO!"
2296,3581,14,46,243,303,1.2442244224422443,0.03028496528009981,646,"His name is not Yeti, and I don't want to hear any more of this Stockholm Syndrome crap."
1294,3582,7,49,202,258,1.244186046511628,0.030483955535749164,646,Is it the lack of oxygen?
2839,3582,10,43,205,258,1.244186046511628,0.03193369840094763,646,"Now that’s my kind of man, Ted."
4665,3582,10,43,205,258,1.244186046511628,0.03193369840094763,646,Of course he looks sad. His girlfriend called him abominable.
3951,3585,12,38,204,254,1.2440944881889764,0.03320796597138975,646,"Don't worry, I told him we're lawyers."
2925,3586,13,35,202,250,1.244,0.03403659735989127,646,You're exhausted? He hasn't stopped since he left Africa.
4058,3586,13,35,202,250,1.244,0.03403659735989127,646,He said no backpacks allowed
1758,3588,10,51,230,291,1.2439862542955327,0.029547476953210007,646,"Sasquatch my eye, let's keep trekking."
402,3589,11,48,228,287,1.2439024390243902,0.030213059946878586,646,The locals aren't all that friendly.
3660,3589,13,34,199,246,1.2439024390243902,0.034410789490490166,646,He'll throw in free Wi-Fi at the Yeti Lodge.
96,3591,12,45,226,283,1.243816254416961,0.03089535886381207,646,He said he wanted to have us over for lunch.
4367,3591,14,41,228,283,1.243816254416961,0.031696131373871804,646,"I said ""No, I won't marry you, and then he just turned and walked away."""
5473,3591,13,43,227,283,1.243816254416961,0.03129830621130696,646,''I think he's squatching us.''
2429,3594,14,29,191,234,1.2435897435897436,0.03611568798648461,646,"He’s not actually abominable and he’s not actually a snowman, which is more than I can say for you, Ted."
1217,3595,13,40,218,271,1.2435424354243543,0.03221286130204671,646,He's going to get his underpants.
2557,3596,14,37,216,267,1.243445692883895,0.03296436908489016,646,Turns out Trump’s doppelgänger is equally abominable.
4709,3596,10,45,212,267,1.243445692883895,0.03120910885814349,646,He says we made a wrong turn two glaciers back.
5362,3596,11,43,213,267,1.243445692883895,0.03165704920046724,646,He told me to tell you he thinks your sense of direction is abominable.
4783,3599,14,36,213,263,1.2433460076045628,0.03330363472555399,646,Well at least we know there’s somebody looking for us.
5483,3599,13,38,212,263,1.2433460076045628,0.032864981930866316,646,Well . . .it wasn't so bad for a one-night stand.
236,3601,14,35,210,259,1.2432432432432432,0.0336525841278211,646,I guess he’s sick of Yeti puns.
2040,3601,9,45,205,259,1.2432432432432432,0.03135036054079868,646,"He said he's sick of being called ""Abominable."""
2717,3601,11,41,207,259,1.2432432432432432,0.03229095277341427,646,Am I going to die? That was on my bucket list!
5736,3601,8,47,204,259,1.2432432432432432,0.03086931880605182,646,"Ted, I'm gonna myth you."
809,3605,14,41,229,284,1.2429577464788732,0.03159599368532494,646,"Quoth he, 'Get off my lawn.'"
464,3606,14,40,226,280,1.2428571428571429,0.03189799776979572,646,Didn’t we see him in the Sahara desert last year - or was it Monte Carlo?
1574,3606,14,40,226,280,1.2428571428571429,0.03189799776979572,646,"I don't believe it, but yet he is."
3911,3606,10,48,222,280,1.2428571428571429,0.030250218308343423,646,Apparently the WiFi is really bad up here.
2646,3609,7,53,216,276,1.2427536231884058,0.029204541321729508,646,He was so much shorter in person!
4910,3610,12,42,218,272,1.2426470588235294,0.03168134456275975,646,You didn't want to bring your camera and now he's laughing at us.
5848,3610,12,42,218,272,1.2426470588235294,0.03168134456275975,646,Abominable Shrinkage.
389,3610,12,42,218,272,1.2426470588235294,0.03168134456275975,646,He says he finds hikers abominable
1859,3613,14,37,217,268,1.242537313432836,0.03285369776450113,646,He is not as abominable as your down vest.
2685,3613,11,43,214,268,1.242537313432836,0.03155178356185547,646,"To call him Big 'Foot' is, I think, quite a misnomer."
3790,3613,9,47,212,268,1.242537313432836,0.03065313641412296,646,Another policy adviser for the Far Right I think.
4283,3613,14,37,217,268,1.242537313432836,0.03285369776450113,646,glad you could meet me early.  that last date was a bit hairy!
4998,3613,11,43,214,268,1.242537313432836,0.03155178356185547,646,"Can't be, his feet are too small"
2170,3618,15,43,243,301,1.2425249169435215,0.030734039526852427,646,Another guide quitting on us?! You do realize a good mountain guide's harder to find than Bigfoot!
2346,3619,13,38,213,264,1.2424242424242424,0.03275322975361734,646,How many years has Bill been out here climbing this mountain?
4918,3619,10,36,185,231,1.2424242424242424,0.03427731000615556,646,He said his wife thinks he's cute.
1186,3621,12,39,209,260,1.2423076923076923,0.032638322624204234,646,The coffee's great but the service is abominable.
931,3621,11,41,208,260,1.2423076923076923,0.03218011923566494,646,He wanted directions to the nearest Starbucks.
382,3621,13,37,210,260,1.2423076923076923,0.03309018182817483,646,He said he didn't want to hear the good news.
512,3624,6,58,225,289,1.2422145328719723,0.027955144147903947,646,He said conditions on the summit are abominable.
1612,3625,11,40,205,256,1.2421875,0.03250762895942621,646,Sure you see Yeti.  And I just saw Santa Claus fly by with 8 tiny reindeer!
4528,3625,10,42,204,256,1.2421875,0.03203293126864547,646,Did you really have to ask him why he was being so abominable ?
4002,3627,11,47,227,285,1.2421052631578948,0.03029684634527662,646,"He agrees, Todd. Your behavior HAS been abominable."
2700,3628,5,51,196,252,1.242063492063492,0.02981692462758775,646,Why shouldn't I go with him? You don't even have a mustache.
4182,3628,10,41,201,252,1.242063492063492,0.03235964712271704,646,"Sure he smells awful, but you didn't have to say so. Now you've offended him."
4624,3628,9,43,200,252,1.242063492063492,0.031867337641774615,646,Oh sweet mystery of life at last I found him.
4762,3631,10,48,223,281,1.2419928825622777,0.030154761799736453,646,He’s going vegan for January.
5619,3631,10,48,223,281,1.2419928825622777,0.030154761799736453,646,I told you the other tour guide would be better!
2744,3633,11,45,221,277,1.2418772563176896,0.03085702371512496,646,"Have you heard any news today? That was either Yeti, or Donald Trump has been impeached."
4360,3634,11,37,196,244,1.2418032786885247,0.03354858816126442,646,I told him we have a right to be here--it's a National Park!
3851,3635,12,42,219,273,1.2417582417582418,0.03157759363691503,646,My phone is out of battery. How about yours?
4047,3635,15,36,222,273,1.2417582417582418,0.03283208752558879,646,The locals are so rude
5989,3635,15,36,222,273,1.2417582417582418,0.03283208752558879,646,He said to take the A -Train uptown.
209,3638,11,43,215,269,1.241635687732342,0.03144719981148456,646,"Could be, but I'm not convinced Yeti."
1115,3638,9,47,213,269,1.241635687732342,0.03055227843371927,646,He's having an existential crisis.
3468,3640,9,46,210,265,1.241509433962264,0.030840938184066326,646,He quit me but I can’t quit him.
3858,3640,9,46,210,265,1.241509433962264,0.030840938184066326,646,"He really didn’t take it well when I told him
we were engaged."
1591,3642,12,47,235,294,1.2414965986394557,0.03006299668666509,646,"Forget it, I’m not going to take my clothes off!"
1444,3643,11,41,209,261,1.2413793103448276,0.032070027141442706,646,"Remember, we are following on the footsteps of giants who came before us."
1531,3644,11,47,228,286,1.2412587412587412,0.030202593007541228,646,Why did you give him the cold shoulder?
3471,3645,15,32,210,257,1.2412451361867705,0.03421995933723319,646,"He's lost and he will not ask for directions.
He's just so abominable!"
647,3646,10,48,224,282,1.2411347517730495,0.03005989093418499,646,"I didn't like him at first either, but the cuddling is awesome!"
2255,3647,12,37,204,253,1.2411067193675889,0.033204269741364555,646,There was nothing abominable about him.
2604,3647,9,43,201,253,1.2411067193675889,0.03175554659104979,646,Told you we took a wrong turn.
3899,3647,11,39,203,253,1.2411067193675889,0.032728488087143744,646,"Look, he came prepared - I told you to grow your body hair out!"
3969,3647,9,43,201,253,1.2411067193675889,0.03175554659104979,646,He's going to check on his soufflé
5875,3647,12,37,204,253,1.2411067193675889,0.033204269741364555,646,"Really, Chad? Your #furreal selfie bomb couldn’t wait until summit?"
3270,3652,15,37,226,278,1.2410071942446044,0.032402945649385416,646,"An avalanche? I mean, what 're the odds?"
6054,3653,6,48,195,249,1.2409638554216869,0.03052583826795017,646,He doesn't look like he's lost.
281,3654,12,42,220,274,1.2408759124087592,0.03147450553315303,646,"You better apologize right away - it's not a ""gorilla suit"" !"
632,3654,7,52,215,274,1.2408759124087592,0.02927384896940193,646,I told you he was very sensitive about his shoe size !
5115,3654,14,38,222,274,1.2408759124087592,0.03231283034006355,646,Yet I see.
2166,3657,12,35,198,245,1.2408163265306122,0.03392270668767403,646,"Well, do YOU think I'm abominable, too?"
754,3657,9,41,195,245,1.2408163265306122,0.032409597543923335,646,He's such an antisocial climber.
424,3659,10,32,174,216,1.2407407407407407,0.03578860602631323,646,"We're in luck, he said he can help us find the rare high-altitude hummingbird."
2628,3659,12,41,217,270,1.2407407407407407,0.031779533603392904,646,He is mumbling about the futility of pushing snow balls up the mountain
4825,3659,11,43,216,270,1.2407407407407407,0.031343291555584435,646,"Yeah, he's hairy, but he's not a quitter."
5288,3659,8,49,213,270,1.2407407407407407,0.029996523698687917,646,"He was very pleasant and just said, that he prefers ""Sassy"" to ""Big Foot."""
331,3663,10,44,212,266,1.2406015037593985,0.03119629816409504,646,I told you to never ask him for a selfie.
1353,3663,12,40,214,266,1.2406015037593985,0.03209290664340366,646,And whom are YOU calling 'abominable'?
3746,3663,11,42,213,266,1.2406015037593985,0.03164777777321294,646,He says we're totally overdressed for the occasion.
1434,3666,15,40,236,291,1.2405498281786942,0.03139176214402542,646,Trump isn't president where he lives!
2882,3667,8,47,207,262,1.2404580152671756,0.030557192182286988,646,"No, apparently, “Sherpa” is considered insensitive."
1902,3668,15,32,211,258,1.2403100775193798,0.0340998883990923,646,"Oh no, not another banished West Wing casualty…"
742,3668,10,42,206,258,1.2403100775193798,0.03181173485893679,646,"If Bigfoot can do it without a pole, so can I."
5896,3670,10,48,225,283,1.2402826855123674,0.02996560052895671,646,He said he needed to unplug
3787,3671,11,39,204,254,1.2401574803149606,0.03261319831473919,646,"bigfoot doesn't understand the fuss, he 's only a size 12"
4457,3671,12,37,205,254,1.2401574803149606,0.033086905207437574,646,"He is not just ""another guy."""
2117,3673,12,43,224,279,1.2401433691756272,0.031077533396153368,646,Just another climate science denier.
3301,3673,14,39,226,279,1.2401433691756272,0.03189646889387769,646,"Yeah, that's the latest in climbing gear - warm, waterproof and washable"
4276,3673,17,33,229,279,1.2401433691756272,0.03308688859294155,646,"Should we tell him he's going the wrong way? No, not Yeti."
5860,3676,14,32,204,250,1.24,0.03438501588292605,646,"See, even he's not using any of that expensive YETI gear!"
1081,3676,7,46,197,250,1.24,0.030942361236264797,646,Another blind date gone off the rails!
2678,3676,14,38,223,275,1.24,0.0322070277171447,646,"He's only interested in eating us if we're 'gluten free"""
611,3676,10,46,219,275,1.24,0.03051428244791633,646,I found him on yelp. All the reviews said he is the best Sherpa
563,3676,12,42,221,275,1.24,0.03137207410806736,646,"Yeti, yeti, yeti"
757,3676,9,42,199,250,1.24,0.03196383498562011,646,My therapist said I should get more exercise and ignore needless distractions.
925,3682,15,41,240,296,1.239864864864865,0.031010171257545363,646,He is not abominable!
3733,3682,17,37,242,296,1.239864864864865,0.03174018339277648,646,"No, John. You're the abominable one in this relationship."
3717,3684,16,33,222,271,1.2398523985239853,0.03335579278126935,646,Maybe we should’ve packed so many mushrooms
2661,3685,6,47,193,246,1.2398373983739837,0.03071235266475576,646,Everyone has a New Year's resolution to get into better shape.
435,3686,14,35,214,263,1.2395437262357414,0.03319077448064928,646,Maybe he knows where we are...
1442,3686,9,45,209,263,1.2395437262357414,0.030927370847528203,646,Not just bigger; better.
1496,3686,11,41,211,263,1.2395437262357414,0.03185203862823305,646,But he is my type.
2684,3689,11,46,227,284,1.2394366197183098,0.03028553828042172,646,I can't believe you were that rude.
4799,3690,13,36,210,259,1.2393822393822393,0.03308811838767445,646,It's abominable how he always has to be first in everything.
843,3690,10,42,207,259,1.2393822393822393,0.031702252143523714,646,He asked if I had a cigarette!
4361,3690,7,48,204,259,1.2393822393822393,0.03025296685461358,646,"I asked her where she bought her fur,"
5407,3693,16,41,248,305,1.2393442622950819,0.030724616137617,646,"You've upset him, Marvin. There was no need to comment on his hairy back."
3063,3694,9,49,222,280,1.2392857142857143,0.02971270895615673,646,"Yeah, he's been on the move since climate changed"
4254,3694,8,51,221,280,1.2392857142857143,0.029278719832130845,646,"I told you to call him Henry, NOT Harry!"
5840,3694,7,53,220,280,1.2392857142857143,0.02883820029931736,646,He came all this way and you only left him a $3 tip?
1924,3697,7,47,201,255,1.2392156862745098,0.03053934486268305,646,"He just happens to be in front of me, I'm not following him."
5572,3697,11,39,205,255,1.2392156862745098,0.03249870085341915,646,"You know, I think he really is on the up and up."
3796,3699,16,34,226,276,1.2391304347826086,0.03291250654407538,646,Did you let him know there’s no toilet paper in the men’s?
1995,3699,12,42,222,276,1.2391304347826086,0.03127029329062211,646,Please stop calling him abominable! His name is Yeti.
3729,3699,13,51,258,322,1.2391304347826086,0.0286069296202804,646,I'm his new social media strategist. Can you follow us on Instagram?
5283,3699,10,46,220,276,1.2391304347826086,0.030415955027179177,646,He said the final stretch is abominable.
5765,3703,11,49,237,297,1.239057239057239,0.029407605514792587,646,You've never been a team player.  Now you've alienated our guide.
1142,3704,10,40,201,251,1.2390438247011952,0.03234706474929792,646,He says he's sorry but there's no vacancies up there.
1330,3704,13,34,204,251,1.2390438247011952,0.03379275259246796,646,"Do you remember, should we call him the Adorable Snowman, or the Agreeable Snowman?"
2071,3704,10,40,201,251,1.2390438247011952,0.03234706474929792,646,I think he said that is the way to enlightenment.
871,3707,10,45,217,272,1.2389705882352942,0.030698693913012998,646,Well... that wasn't abominable at all!
4388,3707,13,39,220,272,1.2389705882352942,0.031996994870879966,646,Ugh. His attitude was just abominable.
1281,3709,13,44,236,293,1.2389078498293515,0.03044015521649485,646,Shrinkage?
4223,3710,8,43,196,247,1.2388663967611335,0.03166045526553224,646,He said there isn't a good seafood restaurant around here.
4394,3710,11,37,199,247,1.2388663967611335,0.03318328426107474,646,"I know, I know. He always has to be first."
4666,3712,11,42,215,268,1.2388059701492538,0.03143671075042272,646,Hikers debate Bigfoot's invitation for tea and crumpets.
4479,3712,10,44,214,268,1.2388059701492538,0.03098897619880451,646,I’m sorry to leave you like this Roger - I just feel I’m destined for higher things...
2631,3712,10,44,214,268,1.2388059701492538,0.03098897619880451,646,I told you he didn't like granola bars . . .
1464,3712,9,46,213,268,1.2388059701492538,0.03053467715392454,646,Just follow the big footprints.
1394,3712,11,42,215,268,1.2388059701492538,0.03143671075042272,646,He said he needs to ask the guru a question.
1162,3712,14,36,218,268,1.2388059701492538,0.03274320072431461,646,He’s really not that abominable.
1122,3712,13,38,217,268,1.2388059701492538,0.032313573877197264,646,"You know what, Doug? Hey - look at me when I’m talking to you! I wanted one thing out of this week - one thing - to see a Yeti! So I’m sorry - my eyes are here, Douglas - I’m sorry if I’m a little cranky about that!"
4087,3719,10,43,211,264,1.2386363636363635,0.03128713005394946,646,What a sweetheart. He's invited us for tea!
4811,3720,14,40,231,285,1.2385964912280703,0.03139445876225115,646,I'm not saying it will be a picnic.
1469,3721,11,40,209,260,1.2384615384615385,0.032060091849337405,646,Spotted him at SoulCycle last week too—he’s training for a half marathon and won’t shut up about it.
3052,3721,13,36,211,260,1.2384615384615385,0.032973467345549366,646,You don't have to follow him to the ends of the earth just because he's your DNA ancestor.  He is everyone's DNA ancestor!
3209,3721,8,46,206,260,1.2384615384615385,0.030639017612969607,646,You tell him that he needs to use a pole!
3481,3721,12,38,210,260,1.2384615384615385,0.032519986455839436,646,His mother sent him to ask if we had a cigarette she could bum.
5438,3721,9,44,207,260,1.2384615384615385,0.031119920147517913,646,"I think I hurt his feelings by asking him if he was the ""Abominable Snowman""."
122,3726,13,41,227,281,1.2384341637010676,0.03128840518196906,646,My eyes are down here!
4996,3727,15,42,245,302,1.2384105960264902,0.03054916695381303,646,I thought you meant you were bringing your cooler!
4532,3727,14,44,244,302,1.2384105960264902,0.03018691579870464,646,"For the last time John, there is no Yeti!"
5009,3729,10,36,189,235,1.2382978723404254,0.03375492236071165,646,No he’s chilling
1600,3730,9,43,204,256,1.23828125,0.03142471837728879,646,"He said he's not abominable, and wants me in his snow cave."
2083,3730,14,33,209,256,1.23828125,0.03377423869758896,646,"He says there’s a snowstorm coming, he ought to know"
59,3732,14,38,225,277,1.2382671480144405,0.03199744932556842,646,Bigfoot just shaded him online.
607,3732,13,40,224,277,1.2382671480144405,0.031586018398118976,646,"For god sake Jerry, he's not even wearing shoes."
3153,3732,16,34,227,277,1.2382671480144405,0.032804834606111555,646,I told him there’s snacks at the top.
2177,3735,12,41,220,273,1.2380952380952381,0.031466484481140096,646,Why did you ask him to take a selfie?!
5436,3735,8,44,200,252,1.2380952380952381,0.031236022160528728,646,I knew we shouldn't have gone with the local travel agency!
1060,3737,13,38,218,269,1.237918215613383,0.03220546290602391,646,He’s upset about not getting credit for fake news.
6073,3737,9,46,214,269,1.237918215613383,0.030433904186078855,646,The view is unbelievable!
968,3737,13,38,218,269,1.237918215613383,0.03220546290602391,646,Guess that Washington job didn't work out.
2834,3740,9,36,182,227,1.2378854625550662,0.03395670873834698,646,He said he'll be right back.
3077,3741,7,54,225,286,1.2377622377622377,0.028419316695341302,646,"Wow, our tour guide really knows the area!"
4245,3741,14,40,232,286,1.2377622377622377,0.03129561675259034,646,I feel we aren't getting the full experience without the Park Rangers.
1776,3743,15,33,217,265,1.2377358490566037,0.033395305779482194,646,He took my Yeti water bottle.
1930,3743,13,37,215,265,1.2377358490566037,0.03252800207869329,646,"Actually, I think the real issue here, Steven, is your casual labeling of a, noting your casual gender assumption, by the way,""snow-person"", as ""abominable"" purely from your own euro-centric cultural viewpoint."""
3466,3743,12,39,214,265,1.2377358490566037,0.03208555991087975,646,"Don't follow him, he's just going to take a leak."
4397,3743,10,43,212,265,1.2377358490566037,0.03118184769895799,646,This could be a turning point
3749,3747,13,41,228,282,1.2375886524822695,0.031188718775233687,646,I can’t stand our mountain guide. He’s just abominable!
4605,3747,12,43,227,282,1.2375886524822695,0.030781439829562378,646,I can't believe it just passed us without saying hello!
4316,3747,9,49,224,282,1.2375886524822695,0.02952591430255859,646,"If we stick with this guy,we can become legendary."
3196,3747,12,43,227,282,1.2375886524822695,0.030781439829562378,646,"Oh geez, and here come the Hendersons."
2180,3747,12,43,227,282,1.2375886524822695,0.030781439829562378,646,You think it was my perfume?
2252,3747,10,47,225,282,1.2375886524822695,0.029950271388781754,646,"No matter what, Roger, I'm committed to you."
2389,3747,9,49,224,282,1.2375886524822695,0.02952591430255859,646,"He said, if we follow him, he'll make us coffee."
1872,3747,9,49,224,282,1.2375886524822695,0.02952591430255859,646,"Well, should we follow him?"
4633,3755,14,34,213,261,1.2375478927203065,0.033305034550756285,646,That's Muhammad...he  finally decided to give in and go to the mountain.
4137,3756,9,39,192,240,1.2375,0.03273411013800736,646,Well I think your manners are abominable.  It's not so nice to hear is it?  And you wonder why he's walking away.
3766,3757,10,46,222,278,1.2374100719424461,0.030221144946850288,646,"With him, there is no tugging over the blanket in bed"
4517,3757,12,42,224,278,1.2374100719424461,0.031068659550451017,646,"The relationship didn't work out.  It was great at first, but I don't have enough hair."
3977,3759,10,45,219,274,1.2372262773722629,0.030499064504135677,646,I only asked him who cuts his hair.
5633,3759,10,45,219,274,1.2372262773722629,0.030499064504135677,646,"Dunno if it's 10,000 steps yet"
975,3759,10,45,219,274,1.2372262773722629,0.030499064504135677,646,I'm surprised he doesn't have the Secret Service with him.
5279,3762,8,44,201,253,1.2371541501976284,0.03112654445463958,646,It’s a little hairy up there.
1705,3763,12,45,234,291,1.2371134020618557,0.030135605211743164,646,"this was a waste of grant money, he says he's a republican."
2920,3763,9,51,231,291,1.2371134020618557,0.028931924064866072,646,"Bigfoot, my foot!"
1744,3765,10,44,216,270,1.237037037037037,0.030784329172752922,646,He said he found “downers” like us abominable
5454,3766,10,39,200,249,1.2369477911646587,0.03244876983150929,646,Last to the top is a Loch Ness monster!
683,3767,16,36,235,287,1.2369337979094077,0.031968867677010154,646,He wanted to know whether we came across his yeti cooler.
3803,3767,13,42,232,287,1.2369337979094077,0.0308043968692286,646,NO! He is not a BI-POLAR-BEAR! YOU are Passive Aggressive.
950,3769,12,39,215,266,1.236842105263158,0.03197720215895844,646,Now don't you wish you had real camera!
637,3769,12,39,215,266,1.236842105263158,0.03197720215895844,646,"See you around, Roger. You know, I always did like them hairy."
3040,3769,11,41,214,266,1.236842105263158,0.031530439880777826,646,Go back?  Now who's being abominable?
3921,3772,13,41,229,283,1.2367491166077738,0.03108965324183161,646,"I'm fine,  but he's upset Elizabeth Warren didn't mention she's related to him too!"
1781,3773,8,42,195,245,1.236734693877551,0.03175195237583327,646,Well this guy sure makes it look easy..
5709,3773,8,42,195,245,1.236734693877551,0.03175195237583327,646,I told him he wasn’t likable either.
5970,3773,11,36,198,245,1.236734693877551,0.0332949620173393,646,"I’m breaking up with you Carl and going with Big Foot.  You know what they say, big feet, big ……………...….. shoes."
830,3776,9,44,209,262,1.2366412213740459,0.030908618483202366,646,"Climate change is a hoax, just like the Abominable Snowman."
4301,3776,10,42,210,262,1.2366412213740459,0.03137817966872461,646,Says he wants Air Jordans . . . in a twenty-four!
306,3778,8,50,221,279,1.2365591397849462,0.029256161093735803,646,"Hun, the paleo diet seems to help."
436,3778,17,32,230,279,1.2365591397849462,0.03298477479888982,646,"He said, ""No, you have big feet."""
3127,3778,10,46,223,279,1.2365591397849462,0.03012465116564339,646,He wanted to know if we had any spare sunscreen
5861,3778,14,38,227,279,1.2365591397849462,0.031790531604077625,646,"Bob, I'm leaving. He's realer than you could ever be."
2595,3782,15,40,241,296,1.2364864864864864,0.030913327691681303,646,"Yeah, we keep telling him streaking is out of date."
2164,3782,14,42,240,296,1.2364864864864864,0.03054062161746015,646,"No, that's not the elusive Yeti. That's my husband and he refuses to shave his back."""
650,3784,9,43,206,258,1.2364341085271318,0.031207879798658834,646,Maybe we should have texted before we came over.
1918,3784,9,43,206,258,1.2364341085271318,0.031207879798658834,646,"He had no idea where the REI is!"""
1181,3786,9,47,219,275,1.2363636363636363,0.02996046136727418,646,"You’ve hurt his feelings. Try coming up with a different description,"
1739,3787,12,45,235,292,1.2363013698630136,0.03004319989762478,646,Don't judge!  I'm sure you've walked out on somebody sometime.
1504,3788,12,36,206,254,1.236220472440945,0.03296354135352588,646,He may look like Yukon Cornelius but he smells French.
190,3789,8,48,215,271,1.2361623616236161,0.029778832339237744,646,He was hoping we had his book-of-the-month package.
1892,3789,10,44,217,271,1.2361623616236161,0.030682993153003043,646,He's going to take a quick selfie at the top.
3067,3789,7,50,214,271,1.2361623616236161,0.029316296642294907,646,He said thanks for making him famous.
4218,3792,15,38,235,288,1.2361111111111112,0.031486367880819814,646,What's abominable is your step count!
4791,3793,12,35,203,250,1.236,0.033311478779452224,646,He’s just being abominable.
6066,3793,9,41,200,250,1.236,0.03183188772764225,646,He says we can come up for selfies if we bring some avocado toast for him to try.
2847,3793,12,35,203,250,1.236,0.033311478779452224,646,And you call me abominable?
3637,3793,12,35,203,250,1.236,0.033311478779452224,646,He says he can't come out of hiding until we build 'The Wall.'
1610,3793,9,41,200,250,1.236,0.03183188772764225,646,"He said his name is ""Sissy Foots""."
1901,3793,12,35,203,250,1.236,0.033311478779452224,646,That hike must take longer than we thought.
941,3793,10,39,201,250,1.236,0.03233260877753984,646,"""No, Ken, it was not just a microaggression."""
522,3793,11,37,202,250,1.236,0.03282569274848089,646,You think he'll tell anyone about the three-way?
189,3801,10,43,214,267,1.2359550561797752,0.03097334742471952,646,"Wow, that dude is radically ultralight--no pack, no gear, no clothes!"
892,3801,10,43,214,267,1.2359550561797752,0.03097334742471952,646,Not a Yeti - just an over-enthusiastic hipster
2303,3801,11,41,215,267,1.2359550561797752,0.03142464859077555,646,He was actually quite friendly.
2654,3801,14,35,218,267,1.2359550561797752,0.032741249275765126,646,Conditions up the mountain are white with a full moon.
5988,3801,12,39,216,267,1.2359550561797752,0.03186955957359757,646,"I can't wait till we reach the peak , the view has got to be a lot better then the one on the way up."
926,3806,8,42,196,246,1.2357723577235773,0.03163725545151274,646,"Well, you always said you wanted to swing."
1551,3806,10,38,198,246,1.2357723577235773,0.03266931194750135,646,Don't wait for me....I'm in love
5099,3808,15,32,216,263,1.2357414448669202,0.03351175349833078,646,This 'hobby' of yours is getting in the way of our relationship.
2281,3809,13,40,227,280,1.2357142857142858,0.03128148329963281,646,I think he belongs to anther climbing group.
5699,3809,16,34,230,280,1.2357142857142858,0.03248593715655744,646,"Well, it's big, and it's a foot, but he doesn't walk on it..."
4131,3811,6,49,204,259,1.2355212355212355,0.0296218433356873,646,I’d like to see what happens if we turn down his invitation
5397,3811,10,41,208,259,1.2355212355212355,0.03157807233758277,646,"What do you expect, you're inside a photoshopped image."
5585,3813,9,47,220,276,1.2355072463768115,0.02986399319248219,646,"I told you I wanted seclusion. What is this, the Catskills!?"
445,3814,11,47,235,293,1.235494880546075,0.029558530628690176,646,Let’s follow him. He seems to know this place like the back of his furry hand.
1207,3815,9,38,191,238,1.2352941176470589,0.03283773223002669,646,He said the weather is abominable at the summit and we should head back.
3839,3815,12,40,220,272,1.2352941176470589,0.031456998702991235,646,The view's great but the commute is abominable
3927,3815,11,38,206,255,1.2352941176470589,0.03237363718298275,646,"It's over Mark, I've clearly moved on."
5681,3815,11,38,206,255,1.2352941176470589,0.03237363718298275,646,Of course he is fast! Without bags....
5956,3819,10,47,228,285,1.2350877192982457,0.029669358816294324,646,I think all this gear is slowing us down.
4547,3819,11,45,229,285,1.2350877192982457,0.03008289404375283,646,"‘’It's a male thing. He came here all the way from the Himalayas to climb to the top of our Mt. Everest to beat his chest and roar."""
4127,3819,14,39,232,285,1.2350877192982457,0.03129072543870744,646,"No John, I'm staying with Harry."
52,3819,11,45,229,285,1.2350877192982457,0.03008289404375283,646,Don't look he's just showing off....
78,3823,13,37,218,268,1.2350746268656716,0.03219960406639887,646,How did we end up inside the Toblerone logo?
1912,3823,13,37,218,268,1.2350746268656716,0.03219960406639887,646,He's not THAT abominable
4637,3823,15,33,220,268,1.2350746268656716,0.03305623656655719,646,Put the paint away.  He says it's fake fur.
5894,3823,12,39,217,268,1.2350746268656716,0.0317626252862886,646,"I lost him at ""Netflix and...""."
3769,3827,7,45,199,251,1.2350597609561753,0.030697463228461078,646,"Yeah, I suppose we probably should have selected a different sherpa"
4201,3827,10,39,202,251,1.2350597609561753,0.032217259016607824,646,You just HAD to cook chili last night!
5204,3829,12,46,240,298,1.2348993288590604,0.029602219574638693,646,I'm leaving with him.  You're abominable!
3600,3830,9,48,224,281,1.2348754448398576,0.029505805103942562,646,I want to follow him - you fly back and scoop the Times.
4884,3830,15,36,230,281,1.2348754448398576,0.03198607599339324,646,What a waste. He doesn't even speak English.
1784,3832,10,42,212,264,1.2348484848484849,0.03116570759545811,646,We're getting closer to the russian collusion evidence
1218,3832,11,40,213,264,1.2348484848484849,0.031624460340227235,646,"Ok, I admit it - we definitely overpacked."
4160,3834,9,40,198,247,1.2348178137651822,0.03204118932145821,646,I told him I didn't have any spare change.'
5097,3835,11,47,236,294,1.2346938775510203,0.029468708073278505,646,"All he said was, '""Why's it taking so long to get a Starbucks up here?"""
1727,3836,8,45,207,260,1.2346153846153847,0.03051105676260228,646,Our guide has gotta be seen to be believed!
4233,3836,8,45,207,260,1.2346153846153847,0.03051105676260228,646,"Yup, abominable indeed -he thinks pineapple makes a fine pizza topping."
5660,3836,10,41,209,260,1.2346153846153847,0.031469423956767904,646,I think our tour guide is a bit harried.
503,3839,15,42,250,307,1.234527687296417,0.0301002855877844,646,My eyes are over here!  I saw you glance over at her... so rude.
4020,3840,10,48,232,290,1.2344827586206897,0.0293213971595824,646,I thought you said big feet were a hindrance to mountain climbing!
1021,3841,9,46,218,273,1.2344322344322345,0.030037221261675184,646,I took the honest approach.  He's just not my type.
2797,3841,12,40,221,273,1.2344322344322345,0.0313534083077521,646,"I'm going with him, Jeff.  I'm sick of your sniveling namby-pamby PC equality crap."
4919,3843,9,42,205,256,1.234375,0.031295922140864595,646,"It’s an abominable hike up, but the view’s not bad."
5273,3844,9,38,192,239,1.2343096234309623,0.03271486384676753,646,I’ve had it with your jealousy!
1134,3844,11,34,194,239,1.2343096234309623,0.03377252332811394,646,I think 'abominable' means 'hung like a horse'.
5530,3846,12,43,231,286,1.2342657342657342,0.030395139496639773,646,"Look, it’s so easy even a caveman can do it!"
5144,3847,11,41,217,269,1.2342007434944238,0.031215138277441414,646,He says there is nothing interesting up there!
5305,3847,8,47,214,269,1.2342007434944238,0.02985226741709744,646,"I told you to ask for directions sooner, he said we should have taken a left at the last pass."
2527,3849,12,42,228,282,1.2340425531914894,0.030672940041151075,646,Is he a Yeti?  We'll have to see how he signs the summit log book.
4033,3849,10,46,226,282,1.2340425531914894,0.029838749455175874,646,"Okay rumpled, but did you see he’s doing it without crampons."
875,3851,13,36,216,265,1.2339622641509433,0.032411717546065026,646,Worst Sherpa ever! Can this trip get any more abominable?
4330,3851,10,42,213,265,1.2339622641509433,0.031060523836140243,646,Our Yeti Lyft just left.
4872,3851,14,34,217,265,1.2339622641509433,0.032849767103020996,646,The travel agency wasn't kidding when they said this holiday would be unbelievable!
5421,3851,11,40,214,265,1.2339622641509433,0.03151735879499196,646,"I know Jim, I’m just as surprised we made it this far without a Sherpa"
3313,3855,6,46,196,248,1.2338709677419355,0.030353013107611716,646,Actually I found him kind of lovable.
2391,3856,16,40,252,308,1.2337662337662338,0.03036239775506489,646,Cbd IS hallucinogenic!
5284,3857,10,41,210,261,1.2337164750957854,0.031361504873074514,646,He gave me the finger!
3782,3857,8,45,208,261,1.2337164750957854,0.03040722120439129,646,"That's what you meant when you said ""there's a force out there bigger than both of us"" ?"
1415,3859,14,40,237,291,1.2336769759450172,0.030810431402461994,646,He said he was once president of the United States and wants to make a deal.
3849,3859,8,52,231,291,1.2336769759450172,0.028409254485820032,646,He’s running up to get his shoes. He’ll meet us there.
1169,3861,9,46,219,274,1.2335766423357664,0.029939623319233992,646,He may be a myth... but he's all myth to me.
1582,3862,10,40,207,257,1.2334630350194553,0.03167085719085546,646,"You know, he was really quite pleasant."
1789,3862,9,42,206,257,1.2334630350194553,0.031187246792859672,646,"We used to date. On the surface, he appears abominable and cold. Yet, he has a warm heart."
2402,3862,9,42,206,257,1.2334630350194553,0.031187246792859672,646,He's mine!!
2436,3862,12,36,209,257,1.2334630350194553,0.03261657340330542,646,Craig’s list has some good deals but this is a lot of work to get a discount sofa
3649,3862,3,54,200,257,1.2334630350194553,0.028111409897224767,646,"So yes, I did met him yesterday.
He's really a very nice guy"
5950,3867,8,47,215,270,1.2333333333333334,0.02975414426466478,646,His feet don't look so big to me.
5073,3867,8,47,215,270,1.2333333333333334,0.02975414426466478,646,"He's offended by the name Abominable, he prefers LL Cool A."
2664,3867,12,39,219,270,1.2333333333333334,0.03155085455206747,646,They reject our offer of $12 in beads for the mountain and are establishing a YouCaring page to fight gentrification of the neighborhood.
1586,3867,12,39,219,270,1.2333333333333334,0.03155085455206747,646,Someone beat both of us to the top and he was barefoot
4722,3867,7,49,214,270,1.2333333333333334,0.0292877494938016,646,"Yeah, I got some great conditioner reccomendations."
5032,3872,9,48,226,283,1.2332155477031803,0.029320332565587245,646,He's having a bad hair day.
5275,3872,9,48,226,283,1.2332155477031803,0.029320332565587245,646,I'd say he was more curt than anything.
4319,3874,9,41,203,253,1.233201581027668,0.03149482501539903,646,He keeps forgetting his cell phone.
5551,3874,7,45,201,253,1.233201581027668,0.030482532860256695,646,I'll probably never date a celebrity again
4719,3876,11,40,215,266,1.2330827067669172,0.031410965846906704,646,He gives me more of what I need.
2061,3877,10,45,224,279,1.2329749103942653,0.03001092063431168,646,Been there. Done that.
90,3877,13,39,227,279,1.2329749103942653,0.03127319660959803,646,I'm sure it was just my imagination and yet I...
1604,3877,11,43,225,279,1.2329749103942653,0.03043749628786005,646,"I’ll say it again, Loch Ness wasn’t all-inclusive"
5559,3880,8,42,199,249,1.2329317269076305,0.0312979674195691,646,Don’t worry.  He says we’re almost to the top.
3917,3880,10,38,201,249,1.2329317269076305,0.032316218753877676,646,He said we went right past the turn for Hoboken.
981,3880,10,38,201,249,1.2329317269076305,0.032316218753877676,646,"He doesn’t need to manscape, Todd! He’s a Yeti!"
3784,3880,9,40,200,249,1.2329317269076305,0.03181116752922536,646,With global warming pushing creatures out of their natural habitat finding Sasquatch just isn't as fun.
40,3884,11,46,235,292,1.2328767123287672,0.029543352438805803,646,"He's worried about Climate Change.
I've got to  help him."
1834,3885,12,37,213,262,1.2328244274809161,0.03217649286424744,646,He said we made a wrong turn at the last ridge.
3188,3885,11,39,212,262,1.2328244274809161,0.03171875202873472,646,Apparently there's a little known Airbnb at the top. Though not much air.
1891,3887,15,34,226,275,1.2327272727272727,0.03240123670406651,646,"For the last time, I said big feat as in triumph!"
880,3887,10,44,221,275,1.2327272727272727,0.0302840905200372,646,He won't say
1413,3889,15,37,236,288,1.2326388888888888,0.03138413805913156,646,"Donnie says nobody loves him, everybody hates him, he's going to Russia to eat some worms."
5150,3890,15,30,213,258,1.2325581395348837,0.03386594774241266,646,You're the one who suggested polyamory
4950,3890,16,28,214,258,1.2325581395348837,0.0343083896344739,646,He says he's not abominable and to please stop pestering him.
791,3890,10,40,208,258,1.2325581395348837,0.03156083811302497,646,So much for my job with the Committee for Skeptical Inquiry.
4866,3890,13,34,211,258,1.2325581395348837,0.032963253038098696,646,I wish you had bigger feet.
4104,3894,9,45,217,271,1.2324723247232472,0.030113956845908733,646,I told you our mountain gear was all wrong
1222,3895,11,44,229,284,1.232394366197183,0.030067768773950794,646,"He's OK with it, but wants to be sure we know that the shanty ahead on the right is NOT an outhouse."
261,3896,8,40,193,241,1.2323651452282158,0.03193493554642665,646,He is really committed himself to getting out more this year
2605,3896,11,34,196,241,1.2323651452282158,0.033519763546129754,646,Who you calling abominable?
3250,3896,14,28,199,241,1.2323651452282158,0.035032970014294736,646,He asked if we could turn down the thermostat.
973,3899,11,37,206,254,1.2322834645669292,0.03236049596570611,646,He’s great in Sled
1578,3899,8,43,203,254,1.2322834645669292,0.030884201842983145,646,You can't use that word in this climate.
4725,3899,15,29,210,254,1.2322834645669292,0.034229987827989236,646,He had to go to the “little boys room”
5102,3902,13,36,218,267,1.2322097378277153,0.032192247504573265,646,"I told him no, so he’s going off to sulk."
4971,3902,10,42,215,267,1.2322097378277153,0.030852227380071692,646,I feel like you're judging me.
1840,3902,10,42,215,267,1.2322097378277153,0.030852227380071692,646,Don't give up Yeti!
3926,3902,9,44,214,267,1.2322097378277153,0.030392427444188994,646,Never mind. It's only Bigfoot's brother.
1868,3906,15,35,230,280,1.2321428571428572,0.03198316134943787,646,He  said he forgot his sunglasses.
542,3907,12,44,237,293,1.2320819112627985,0.02984728025780252,646,He said it would be $50 a day more if you can't keep up.
5799,3907,10,48,235,293,1.2320819112627985,0.029053521901953795,646,Hard to believe he’s related to Frosty.
471,3909,10,35,192,237,1.2320675105485233,0.03335735928447658,646,He’s selling life insurance.
1838,3909,9,37,191,237,1.2320675105485233,0.03281700340750293,646,"Yeah, he was my guide last year."
786,3911,9,43,211,263,1.231939163498099,0.030678364244531835,646,You brought me all this way for a stupid autograph?!
4157,3911,7,47,209,263,1.231939163498099,0.029717199321037245,646,The only turning around I'm doing is back down the mountain.
3760,3913,12,40,224,276,1.2318840579710144,0.03104661383199258,646,I could have sworn he said 'no pictures.'
100,3913,12,40,224,276,1.2318840579710144,0.03104661383199258,646,Dad made and then lost a fortune with his anti-hair loss invention.
2092,3915,9,39,198,246,1.2317073170731707,0.03201974951751261,646,Your friend really should not be climbing in this environment without the proper footwear.
1676,3915,13,31,202,246,1.2317073170731707,0.034029404643660936,646,"Apparently, sometimes less really IS more."
1947,3915,6,45,195,246,1.2317073170731707,0.030425521248384987,646,"Don't worry, it's not the Abominable Snowman. It's just Bigfoot."
1477,3918,12,36,211,259,1.2316602316602316,0.03238921854971871,646,"Heh...we’re idiots. It was LEFT at the boulder, then RIGHT at the caveman remains."
4879,3918,10,40,209,259,1.2316602316602316,0.03145156519610174,646,Says he's fed up with mountain climbers
4559,3920,9,48,228,285,1.231578947368421,0.029137123194160404,646,Your idea of a secluded vacation spot differs a bit from mine.
5304,3920,11,44,230,285,1.231578947368421,0.02997317585753895,646,Grandma Fern was right; they do grow big in these hills.
67,3922,8,40,194,242,1.2314049586776858,0.031817190886668255,646,Stop calling him that. Your farts are way worse.
3551,3923,13,33,209,255,1.231372549019608,0.033189985023797934,646,well he’ll treat me better than you ever did!
5656,3923,11,37,207,255,1.231372549019608,0.03224621093432314,646,I can't believe he made us carry all his luggage.
938,3925,12,41,228,281,1.2313167259786477,0.030660499887023438,646,He says he finds your attitude as abominable as the weather.
2216,3925,11,43,227,281,1.2313167259786477,0.030243128688760862,646,"I said, You don’t look abominable to me..."
5054,3927,11,36,204,251,1.2310756972111554,0.03257785270762774,646,He says he’s the Abominable Snowthey.
3844,3928,12,37,215,264,1.231060606060606,0.03195652306097734,646,"He’s heading in the wrong direction if he’s looking for the nude beach."""
2672,3929,10,44,223,277,1.2310469314079422,0.030088421202090557,646,Is that Trump or Bigfoot?
2903,3929,10,44,223,277,1.2310469314079422,0.030088421202090557,646,I guess he just wasn't in the mood ..?
3776,3929,12,40,225,277,1.2310469314079422,0.03094565398608387,646,It takes a couple days to adjust to the altitude.
4082,3932,11,48,244,303,1.231023102310231,0.028786648926336422,646,Big Foot and I are heading to the summit. Join us if you are so  inclined.
5940,3933,12,39,222,273,1.2307692307692308,0.031238343756199695,646,Told you the Metrosexual thing was passé!
5597,3933,10,40,210,260,1.2307692307692308,0.03134303108779068,646,"I hope you’re having fun, because I’ve found this hike to be nothing but abominable!"
3688,3933,11,41,221,273,1.2307692307692308,0.030804224875286803,646,That’s just the new Patagonia.
4806,3933,6,48,206,260,1.2307692307692308,0.029386824921554453,646,Should we get his autograph?
5178,3937,8,49,225,282,1.2304964539007093,0.028863738489964277,646,"Actually, despite his reputation, he's a very nice chap."
4667,3938,13,36,220,269,1.2304832713754648,0.03197567919554895,646,"He asked me out, but I could never see myself being Mrs. Bigfoot."
1855,3938,10,42,217,269,1.2304832713754648,0.030646648630458302,646,He suggests that we just go naked.
239,3940,8,43,205,256,1.23046875,0.0306691967374968,646,Just follow the damn sherpa!
1446,3940,10,39,207,256,1.23046875,0.03165239545954154,646,He says your breath smells abominable.
2663,3940,12,35,209,256,1.23046875,0.03260596031603927,646,"It's not you, it's me, and it's OMG HIM!"
6063,3940,14,31,211,256,1.23046875,0.033532419506129424,646,It's too cliche to be real.
3954,3944,13,30,200,243,1.2304526748971194,0.03427767774130798,646,He says he won't run for president.
5952,3944,8,40,195,243,1.2304526748971194,0.031700292052846774,646,"It's over, Larry, Yet's the abominable snow man of my dreams!"
1298,3946,14,39,238,291,1.2302405498281788,0.030707169235598783,646,You couldn’t find a better tour guide!
976,3947,15,34,229,278,1.2302158273381294,0.03208349718315379,646,"Actually, the myth is debunked: ""Big foot, big..."
1627,3947,10,44,224,278,1.2302158273381294,0.02999151180906352,646,He says a warm den with kitchen is just a few hundred feet further up!
4766,3949,8,45,212,265,1.230188679245283,0.02999868745128448,646,"It’s not scary, it’s fun, Eric! You never know who your Uber Guide will be. Now c’mon!"
3,3949,10,41,214,265,1.230188679245283,0.030936980745921133,646,"Quick, do you have your selfie stick?"
3560,3951,12,42,233,287,1.2299651567944252,0.030191977633274577,646,"After next weeks appointment to get a Brazilian Wax , he’ll be everything I want in a man ."
4220,3952,11,41,222,274,1.22992700729927,0.03070314855509618,646,He's my ex. I told him to get lost --- forever!
5330,3952,13,37,224,274,1.22992700729927,0.031561968208994116,646,Of course he’s real and he’s definitely all there!
448,3954,12,36,213,261,1.2298850574712643,0.03216495589512596,646,"I tried to warn him, but he is convinced that all the fuss about Global Warming is nothing but more B-S from liberals."
2468,3954,11,38,212,261,1.2298850574712643,0.031703500508143447,646,"I told him, ""20 bucks, same as downtown."""
4153,3956,14,29,205,248,1.2298387096774193,0.034260026341640756,646,Just wanted a little peak
5174,3957,9,47,227,283,1.2296819787985867,0.029205338558934348,646,"So, I asked him, ""What are you?!""
He said, ""Ya wouldn't believe me if I told ya.""
Shook his head and walked away."
5555,3958,12,38,220,270,1.2296296296296296,0.031433457875840815,646,He said we can follow him to the nearest Starbucks.
4991,3958,11,40,219,270,1.2296296296296296,0.030992344918083406,646,Of course I’m leaving with him — you think I’m cold!
1396,3958,11,40,219,270,1.2296296296296296,0.030992344918083406,646,His wife called him FuzzyWuzzy.
903,3958,8,46,216,270,1.2296296296296296,0.029629629629629627,646,It was probably nothing. Yet I think it was something.
837,3962,10,39,208,257,1.2295719844357977,0.03154174441756458,646,He apologized for forgetting his pants.
866,3962,10,39,208,257,1.2295719844357977,0.03154174441756458,646,He said there's a great view just a little further up.
5128,3962,14,31,212,257,1.2295719844357977,0.033413724300686176,646,It's true. I'm having his baby.
3263,3965,16,24,204,244,1.2295081967213115,0.03560076554770868,646,That was an abominable thing to say.
5558,3965,8,40,196,244,1.2295081967213115,0.03158423024563438,646,"With a belly like that, he must be the Abdominal Snowman."
3861,3967,14,36,229,279,1.2293906810035842,0.031573200286000004,646,He stomped on my big toe—aren’t you going to do something?
4767,3967,12,40,227,279,1.2293906810035842,0.030745655471802708,646,You’re not listening to me.
2312,3967,15,34,230,279,1.2293906810035842,0.03197894306030783,646,He won’t get far without a backpack and proper boots!
5188,3970,11,39,216,266,1.2293233082706767,0.031289331201916945,646,I guess that's why they call him Bigfoot.
918,3971,8,42,203,253,1.2292490118577075,0.030856491248037857,646,He's just not interested in being on Facebook
4959,3971,16,26,211,253,1.2292490118577075,0.03468544110770598,646,It's the same bully swagger.  This is where Trump has been hiding since the indictments came down.
1051,3973,10,46,232,288,1.2291666666666667,0.029282580354113637,646,If you want to use the porta potty at the top you're going to have to overtake him.
3860,3973,8,39,193,240,1.2291666666666667,0.03190702839784435,646,He should be disqualified.
5708,3973,10,46,232,288,1.2291666666666667,0.029282580354113637,646,I told you my relatives were an odd bunch but you did not believe...
3814,3976,9,45,221,275,1.229090909090909,0.029722733927200175,646,He says the trail going up is pretty abominable.
4132,3976,11,41,223,275,1.229090909090909,0.03060272067378965,646,I see your point but I still won't believe you until pigs fly.
3420,3976,12,39,224,275,1.229090909090909,0.031033358066819332,646,He was disappointed that our cooler wasn't a Yeti.
4307,3976,9,45,221,275,1.229090909090909,0.029722733927200175,646,He’s going home for his GPS.
2736,3976,9,45,221,275,1.229090909090909,0.029722733927200175,646,"No, I told him I’m currently in a committed relationship@"
952,3976,11,41,223,275,1.229090909090909,0.03060272067378965,646,He suggested I grow fur and put on some weight if I want to hook up here.
2901,3976,12,39,224,275,1.229090909090909,0.031033358066819332,646,The only scary thing about him is what he charges for coffee up here.
3508,3983,9,42,211,262,1.2290076335877862,0.03065475952136656,646,Those are some big feet to fill.
5691,3983,9,42,211,262,1.2290076335877862,0.03065475952136656,646,"It just wants your attention. Ignore it and it will go away. """
948,3983,9,42,211,262,1.2290076335877862,0.03065475952136656,646,I thought you said that was just a phase you went through in college?
1941,3983,11,38,213,262,1.2290076335877862,0.03159444898835903,646,"I finally talked him into coming down with us, but then I stuck my bigfoot in it talking about Trump.  He just turned around and said, ""forget about it""."
3469,3987,11,46,240,297,1.228956228956229,0.02909730577829433,646,He's going to show us where he keeps the coolers.
6008,3988,9,39,201,249,1.2289156626506024,0.03167389524197765,646,Good news! He says it’s only a little farther till he’ll stop to eat.
2693,3989,13,39,232,284,1.2288732394366197,0.030775579752789984,646,I just thought of a great name for our new cooler company.
3075,3990,13,36,222,271,1.2287822878228782,0.03176195674603573,646,Wanted to know if we could stop by Costco and pick up a Yeti.
3389,3990,12,38,221,271,1.2287822878228782,0.03132871350163687,646,Get lost...I am going up with a real man!
4268,3992,12,46,248,306,1.2287581699346406,0.028906817062666602,646,Wow!  I can believe it! We have the same sunglasses!
5228,3993,13,33,212,258,1.2286821705426356,0.03283977310126228,646,He said it's just more of the same up there--abominable.
4265,3993,10,39,209,258,1.2286821705426356,0.031431849275619095,646,We need to do more cardio.
4831,3993,15,29,214,258,1.2286821705426356,0.03374577103846483,646,"When Bigfoot goes low, he goes high."
844,3993,13,33,212,258,1.2286821705426356,0.03283977310126228,646,Is it abdominal or abominable?
14,3993,7,45,206,258,1.2286821705426356,0.029957830369171986,646,Did you see that post about the Yeti?
1193,3993,8,43,207,258,1.2286821705426356,0.030457097419930457,646,You’ve hurt his feeling.
3430,3999,7,47,213,267,1.2284644194756553,0.0293220954844986,646,He's not abominable at all.
139,4000,11,44,234,289,1.2283737024221453,0.029600565517436762,646,"What? Him? No, he's not abominable at all - he's a really nice guy."
2253,4000,9,48,232,289,1.2283737024221453,0.02877733552450899,646,You know I don’t believe in yetis. I told him to take a hike.
1804,4002,8,47,221,276,1.2282608695652173,0.02917837676856563,646,He asked us to take better care of things.
1851,4002,14,35,227,276,1.2282608695652173,0.03177232188000728,646,I can't believe what Trump said yesterday.
5224,4002,7,49,220,276,1.2282608695652173,0.02872328688913058,646,"I'm leaving you Tim, it's your full body waxing.."
294,4005,7,54,237,298,1.2281879194630871,0.027407515659632845,646,"I offered to climb the rest of the way, but he said we weren't yeti."
5917,4005,13,42,243,298,1.2281879194630871,0.029778447622978897,646,His hairy ass could still use some pants.
794,4007,10,40,213,263,1.2281368821292775,0.031021789468445617,646,"For the last time, Bigfoot is NOT real!!!"
2551,4007,13,34,216,263,1.2281368821292775,0.0323948540307783,646,The travel agency said he's a new guide. I guess Bureau of Labor isn't lying about the low unemployment rate.
1485,4009,9,52,246,307,1.228013029315961,0.027691992283123565,646,Let's find out what gym he goes to.
4657,4010,10,37,203,250,1.228,0.032065194632612315,646,The Yeti is going up to meditate and wants to know if we can come back later.
410,4011,10,42,220,272,1.2279411764705883,0.030343264224213528,646,I hope he is wearing layers.
2538,4011,14,34,224,272,1.2279411764705883,0.032081835683921096,646,Why don’t they sell that outfit at L.L.Bean?
4932,4013,15,37,242,294,1.227891156462585,0.030802552617687332,646,"Hey buddy, the line starts back here."
666,4014,9,41,209,259,1.2277992277992278,0.030841229396122254,646,You couldn’t even offer the poor guy a granola bar?
1780,4014,11,37,211,259,1.2277992277992278,0.031796885942510775,646,"Are we nearly there, yeti?"
3405,4016,12,40,229,281,1.2277580071174377,0.030548179158992324,646,Just some attention seeking mammal.
1075,4017,12,32,202,246,1.2276422764227641,0.03340427969755642,646,It's the Indomitable Snowman.
2731,4017,8,40,198,246,1.2276422764227641,0.031354583092026864,646,He said to follow his footsteps
3636,4017,14,28,204,246,1.2276422764227641,0.03438333771947485,646,"See Nancy, Little Hands will do anything to escape impeachment!"
4297,4017,12,32,202,246,1.2276422764227641,0.03340427969755642,646,It's just some jackass in a costume.
5232,4021,11,39,218,268,1.2276119402985075,0.031078871345105598,646,It's strange. He never wears a backpack.
125,4021,10,41,217,268,1.2276119402985075,0.030625905817297138,646,Lend him some of your clothes so we can take a picture with him.
3030,4023,11,49,252,312,1.2275641025641026,0.028141323547416504,646,It's 80% mental power and 20% giant steps
1137,4024,12,39,226,277,1.227436823104693,0.030830997593396865,646,His personal hotspot password is ‘Size32EEE.’  Case sensitive.
1324,4024,10,43,224,277,1.227436823104693,0.02997048552179339,646,"You're not high, you're high up."
2146,4024,13,37,227,277,1.227436823104693,0.03125236979334609,646,He's thousands and thousands of years older than you and you can't even keep up with him!
412,4027,7,41,194,242,1.2272727272727273,0.031124903931273047,646,"I said I would follow you anywhere, but there are limits!"
2874,4027,8,49,229,286,1.2272727272727273,0.028504471219275858,646,HE WOULDN'T LET ME TAKE A SELFIE WITH HIM - HOW ABOMINABLE!
274,4029,17,28,228,273,1.2271062271062272,0.03321449415950495,646,He's upset because I wouldn't lend him my sunglasses.
2258,4029,10,42,221,273,1.2271062271062272,0.03024344009911823,646,"I'm sorry, but he's a very private person.  Have you tried ancestry.com?"
3098,4029,6,50,217,273,1.2271062271062272,0.028406518040335456,646,"Call it abominable, but I'm going up with him."
4318,4032,15,27,209,251,1.2270916334661355,0.03435362780414409,646,Just like a man! What I saw was abominable!
6050,4032,9,39,203,251,1.2270916334661355,0.03144736369784765,646,"Yeah, he seems cool but never go with a Yeti to a second location."
2266,4032,11,35,205,251,1.2270916334661355,0.03244505668765312,646,"He doesn't have stock options, job prospects, or even a working knowledge of the English language, Yeti never complains. It's over, Roger."
2104,4032,12,33,206,251,1.2270916334661355,0.03293257070781423,646,I'm pretty sure he's a sasquatch not a yeti.
817,4036,8,48,226,282,1.2269503546099292,0.028744888439601223,646,Bet you can't fill his shoes!
4162,4036,9,46,227,282,1.2269503546099292,0.029180605755617293,646,"He said to turn left at the next crag, and it's the second peak on the right."
524,4038,7,45,208,260,1.226923076923077,0.029752852491586046,646,Of course he's annoyed! Your dad jokes are abominable!
1150,4038,13,33,214,260,1.226923076923077,0.03261031139971307,646,I think he said he was an Autobahn Showman
5516,4040,11,32,195,238,1.226890756302521,0.0336178772385935,646,Let the Wookiee win!
4333,4041,10,46,235,291,1.2268041237113403,0.029012038851652548,646,You won't believe it.
310,4042,11,39,219,269,1.2267657992565055,0.030974680208747836,646,"Just Great! It is one thing to show off your new boots. It is another to let him know that they don't come in his size."""
1618,4042,7,47,215,269,1.2267657992565055,0.02912836241621456,646,He said it's only 500' to the summit. He's clearly using his own scale
5581,4042,12,37,220,269,1.2267657992565055,0.031419311629635654,646,He said if we get enough altitude we'll see God next.
1216,4045,11,34,202,247,1.2267206477732793,0.032783300673958495,646,He said he's setting up an exploratory committee to run for President.
703,4045,7,42,198,247,1.2267206477732793,0.03070966570053264,646,"On the plus side, at this elevation, most people throw up."
1568,4047,13,42,245,300,1.2266666666666666,0.029599080002174087,646,He said he's moving into more rarefied air.
3567,4048,12,39,227,278,1.2266187050359711,0.030730786478731797,646,Did you remember to close the garage door before we left?
5155,4049,7,44,205,256,1.2265625,0.03002740144638808,646,"Just wait, he's going to get us some chai."
5252,4049,12,34,210,256,1.2265625,0.03247816362007484,646,"Yah, he’s waiting for the Amazon guy to bring his Yeti cooler."
998,4051,16,33,238,287,1.2264808362369337,0.03166065287054376,646,He doesn't give autographs
3856,4051,10,45,232,287,1.2264808362369337,0.02926092397793657,646,he's a monkey's uncle.
4900,4053,11,38,216,265,1.2264150943396226,0.03127166929429912,646,Do you think he is covered by The Endangered Species Act.
2171,4053,14,32,219,265,1.2264150943396226,0.03261411647986917,646,"Sorry, Gary, but I was looking for someone less abominable."
2242,4053,13,34,218,265,1.2264150943396226,0.032172858581817884,646,"Well, he said we are the ones who are odious, and that it's time we get real about what a hot mess humans are."
2992,4053,8,44,213,265,1.2264150943396226,0.029868947205108312,646,He said if I took his picture he'd throw us off the mountain.
6018,4053,14,32,219,265,1.2264150943396226,0.03261411647986917,646,"Where there is one Yeti, there are more Yeti.  I just haven't seen them Yeti."
4121,4058,9,37,197,243,1.2263374485596708,0.03208864800257619,646,I agree with her - it is the men that are always hiding.
3755,4059,14,34,226,274,1.2262773722627738,0.03186887650505165,646,He was out of toilet paper.
5611,4059,10,42,222,274,1.2262773722627738,0.030144257788768527,646,"He looks like he knows his way around, let’s follow in his footsteps"
5705,4059,10,42,222,274,1.2262773722627738,0.030144257788768527,646,"I was disgusted, yet-I couldn’t help but stare."
1876,4062,12,40,231,283,1.226148409893993,0.03035317878048938,646,"Apparently he's ""too big"" for selfies."
1601,4063,7,45,209,261,1.2260536398467432,0.029651387209868065,646,"That reminds me, I left my razor at home."
1848,4063,13,33,215,261,1.2260536398467432,0.032496760193330164,646,As our group’s next trip leader you are sure going to have big shoe’s to fill.
4982,4065,13,40,239,292,1.226027397260274,0.030118900051931706,646,I told you that we should of brought our fur coats
5075,4065,14,38,240,292,1.226027397260274,0.03050713532146335,646,"We watched ""King Kong"" on my laptop.  He loves me, but not that much."
2673,4067,11,32,196,239,1.2259414225941423,0.03349037898689902,646,I didn't realize you asked your Father to join us hiking this weekend.
5759,4068,7,47,216,270,1.2259259259259259,0.029032429872189635,646,I thought we discussed unfriending Big Foot.
2913,4068,9,43,218,270,1.2259259259259259,0.029965908050737015,646,He’s upset about being called ‘abominable.’ Says ‘adorable’ is much more fitting. Please apologize.
2411,4070,10,43,226,279,1.2258064516129032,0.02977750139518046,646,"Well, maybe he's just a guy in a fluffy snowsuit."
4156,4070,10,36,202,248,1.2258064516129032,0.03215996576536132,646,He said the rest of the way will be abominable
3949,4072,9,47,232,288,1.2256944444444444,0.02875200112359144,646,"Regardless, I'm keeping my coat and shoes on."
4802,4072,9,47,232,288,1.2256944444444444,0.02875200112359144,646,"Ok. take you stick and crampons and turn around, I'm following an evolved man."
5518,4072,10,45,233,288,1.2256944444444444,0.029169748698765596,646,Let 's  follow him and  maybe  he will show  where we can stay overnight
5569,4072,7,51,230,288,1.2256944444444444,0.027897745922112336,646,"Just a friendly grunt ""hello"", nothing abominable at all."
5836,4072,11,43,234,288,1.2256944444444444,0.029581597483693663,646,It's not his big feet. It's his long legs that make him rise above myth.
4425,4077,7,44,206,257,1.2256809338521402,0.029923323765120663,646,He does keep an abominable pace!
1437,4078,16,35,246,297,1.2255892255892256,0.030890107893087344,646,"Just another poor, lost, disenfranchised Republican!"
2234,4078,10,47,240,297,1.2255892255892256,0.028595430214396853,646,It's either him or me.
5980,4080,9,42,215,266,1.2255639097744362,0.03024141888667568,646,He's real
5967,4080,13,34,219,266,1.2255639097744362,0.03206298008042283,646,"No,you tell him the pants store is the other way."
1647,4080,13,34,219,266,1.2255639097744362,0.03206298008042283,646,I told you faux fur was back in this season.
4169,4080,9,42,215,266,1.2255639097744362,0.03024141888667568,646,"You know, its not everyday that you get to meet your heroes."
5271,4080,8,44,214,266,1.2255639097744362,0.029768617660882957,646,"No, he was really nice.  Not abominable at all."
3696,4085,10,49,247,306,1.2254901960784315,0.02805169961684768,646,Where did it get that great gear? I can't see any logo.
2550,4086,14,34,227,275,1.2254545454545454,0.03176343759587966,646,I can't walk behind him when he breaks wind.
3424,4086,10,42,223,275,1.2254545454545454,0.030045711288728533,646,Follow him if you're looking for the bathroom.
5059,4086,8,46,221,275,1.2254545454545454,0.029148913638672252,646,He said I shouldn't believe him.
509,4089,10,35,199,244,1.2254098360655739,0.03249358626078877,646,He said he doesn't need a guide that  he knows the trail like the back of his BIG FOOT !
2689,4089,11,33,200,244,1.2254098360655739,0.03300855209652538,646,Relax! I told him I wasn't interested in propogating his genes.
5524,4089,9,37,198,244,1.2254098360655739,0.03197032662744644,646,"I'm sooo sorry dear, I have to go You know...my foot fetish."
2127,4092,6,52,226,284,1.2253521126760563,0.027679517443763877,646,We could really relate with each other once I realized it was Ms. Susquach.
2584,4093,9,39,205,253,1.225296442687747,0.031223986039637882,646,"The funny thing is, this the 4th time I’ve seen him this week. Strange."
3995,4094,13,40,240,293,1.2252559726962458,0.03002584051645393,646,"It's not you, it's Sasquatch"
3356,4094,10,46,237,293,1.2252559726962458,0.02883438213138574,646,"Oh Yeah?  He may be abominable to you, but he's my man."
1756,4096,10,39,213,262,1.2251908396946565,0.030999678856009735,646,You've got big shoes to fill. Go for it !
2876,4096,11,37,214,262,1.2251908396946565,0.03146788127533121,646,He says he can lead us to the best mocchacino in town!
4215,4096,10,39,213,262,1.2251908396946565,0.030999678856009735,646,He said we are welcome....but the restaurant is closed for the winter.
4896,4096,9,41,212,262,1.2251908396946565,0.03052429567398949,646,"The context doesn't matter, 'abominable' is one of those words people just don't use any more."
5214,4096,10,39,213,262,1.2251908396946565,0.030999678856009735,646,"The Sensitive Snowman, more like."
3581,4101,14,33,224,271,1.2250922509225093,0.032073224249074266,646,Are you the new chief of staff?
4623,4102,13,37,230,280,1.225,0.030948688188083773,646,I told him that Frosty wasn't real
3160,4102,8,38,194,240,1.225,0.03175755875936081,646,I knew I shouldn't shaved my legs.
4945,4102,9,45,226,280,1.225,0.02924747419083875,646,At least he isn't afraid to keep going-- even if he is an abominable know it all man.
95,4102,10,43,227,280,1.225,0.029681920171185743,646,"Oh, I wish I had my cellphone so I could record this now and watch it later."
440,4102,9,45,226,280,1.225,0.02924747419083875,646,Don't you think he strikes the right note of middle aged whimsy?
4326,4107,12,41,236,289,1.2249134948096885,0.029894048864347027,646,I told him to stop being such a snowflake.
2612,4107,15,35,239,289,1.2249134948096885,0.03107638679281774,646,"To quote the Bard, ""I have thee not, and Yet I see thee still."""
2945,4109,11,34,204,249,1.2248995983935742,0.032544831528774236,646,"Common Gary, you said you were prepared for this."
1451,4110,13,32,213,258,1.2248062015503876,0.03271404029265939,646,"John, I'm leaving you for Lance..."
2489,4110,9,40,209,258,1.2248062015503876,0.030814861690319786,646,"He said if we stop calling him ""abominable"" he'd make us a nice frittata."
2226,4112,15,30,222,267,1.2247191011235956,0.03282328953079724,646,"Yeah, sure... but a truly great candidate for 2020 - now THAT’S rare!"
4073,4112,10,40,217,267,1.2247191011235956,0.03060338043118406,646,Now THAT’S an Instagram opportunity.
606,4114,11,40,225,276,1.2246376811594204,0.030384549799364995,646,I told you we should have brought our phones.
3155,4115,12,29,195,236,1.2245762711864407,0.03426037254710887,646,Because HE'S there?
3273,4116,8,48,229,285,1.224561403508772,0.028474966176149735,646,"This shutdown has been pretty revealing, I would have never guessed he worked for the government!"
2633,4116,14,36,235,285,1.224561403508772,0.030969043698485393,646,You want me to do what?
1276,4116,10,44,231,285,1.224561403508772,0.029329899789943825,646,He doesn't look so abominable to me.
1259,4119,10,35,200,245,1.2244897959183674,0.03237376369613144,646,He said he forgot his parka at the top.
2190,4119,8,39,198,245,1.2244897959183674,0.0313232910969942,646,He believes a run for President might help him rebrand as “Big Hand.”
2254,4119,15,36,243,294,1.2244897959183674,0.030699186978452357,646,Cover your nose. His gas is also abominable.
2755,4119,13,29,203,245,1.2244897959183674,0.033888472847147307,646,I told him women at the top are tying to break a glass ceiling and he wants to watch.
4533,4119,8,39,198,245,1.2244897959183674,0.0313232910969942,646,He said don't go up there. It's too icy.
835,4119,15,36,243,294,1.2244897959183674,0.030699186978452357,646,Are you happy now Justin?
1693,4125,7,43,204,254,1.2244094488188977,0.030096548088798004,646,"Nice enough, but so lonely."
3292,4125,9,39,206,254,1.2244094488188977,0.031113459959320435,646,"Please, Tom, please don’t say 
“He saw me, but nobody will believe him”."
6071,4125,8,41,205,254,1.2244094488188977,0.030609227346517314,646,"Nice try, but I'm still not ready to meet your parents."""
365,4128,9,41,213,263,1.2243346007604563,0.03042006496201905,646,"The air is so thin up here, I am hallucinating!!"
4196,4129,10,41,221,272,1.224264705882353,0.030220558197945755,646,"Apparently, everyone does have a walk away price."
2418,4129,6,49,217,272,1.224264705882353,0.028368144823476733,646,What! We're only distant cousins?
5329,4131,11,41,229,281,1.2241992882562278,0.030013436416536126,646,"Actually,I think he's kind of cool."""
4355,4132,13,39,238,290,1.2241379310344827,0.030198609658860554,646,He said he does not need aftershave to please his wife!
4976,4133,6,42,193,241,1.2240663900414939,0.0305268443351912,646,The casting director for Finding Bigfoot is holding auditions up there.
773,4134,10,36,204,250,1.224,0.03192762900648753,646,"No, I said we should look for an indominable snowman!"
640,4135,10,38,211,259,1.223938223938224,0.031191455114527897,646,See?! I told you it was too soon to tell him that Santa Claus isn't real!
669,4136,11,38,219,268,1.2238805970149254,0.030955303499303265,646,Another free solo attempt is my guess.
2648,4136,11,38,219,268,1.2238805970149254,0.030955303499303265,646,"Well,  I'd say you were abominable to him!"
2365,4138,12,38,227,277,1.2238267148014441,0.03071437584272268,646,He said take a left at the next light.
5714,4138,9,44,224,277,1.2238267148014441,0.029409050785770063,646,Apparently he and Bigfoot had a falling out. Won't come down until he apologizes.
268,4140,16,32,238,286,1.2237762237762237,0.03165541096379857,646,"I don't care what his name is, he definitely meant to step on my foot"
208,4140,13,38,235,286,1.2237762237762237,0.030470550427594667,646,"See,I told you so! This local is taking us to his favorite hideout eating place!"
3982,4142,10,33,194,237,1.2236286919831223,0.03306433672986348,646,He said he wants to be in a movie called 'The Shape of Snow'.
5227,4142,9,35,193,237,1.2236286919831223,0.03251911218960632,646,Guess what? I am leaving you.
2285,4144,11,33,202,246,1.2235772357723578,0.03276517250820788,646,I have eyes—I don’t need Google.
5123,4144,11,33,202,246,1.2235772357723578,0.03276517250820788,646,I thought us Homo Sapiens had climbed our way to the top
4184,4146,11,35,209,255,1.223529411764706,0.03198415722763406,646,John! You know he's sensitive about his feet!
5139,4146,9,39,207,255,1.223529411764706,0.031003698606826655,646,"He said ever since they declared global warming a hoax, he's been suffering with an identity crisis and indomitable hairballs."
594,4148,12,35,217,264,1.2234848484848484,0.03170973761581834,646,Give me that stick Medium Foot and I'll show you what Little Foot can do!
1102,4148,12,35,217,264,1.2234848484848484,0.03170973761581834,646,Is it Abominable or Deplorable?  Whatever.
1111,4148,7,45,212,264,1.2234848484848484,0.029351007652872765,646,Thank God we have a new definition of abominable.
5601,4151,14,33,226,273,1.2234432234432235,0.031859090718569995,646,As if he's the Sasquatch from Ipanema.
5135,4151,15,31,227,273,1.2234432234432235,0.032279025881791025,646,Free-styler.
4930,4151,9,43,221,273,1.2234432234432235,0.02967039617358962,646,"Did I just see Big Foot?""
""Johnny, I know my feet are big but do you have to point them out every five minutes!"
4558,4151,13,35,225,273,1.2234432234432235,0.03143354594936452,646,Did you have to tell him he looks like a hairy ape?
525,4151,11,39,223,273,1.2234432234432235,0.03056468730453963,646,He's a really good hiking guide
316,4156,15,33,234,282,1.2234042553191489,0.031559567625542795,646,Don't you think our guide has rather big feet?
3797,4157,12,41,238,291,1.2233676975945018,0.029708282606263927,646,She said she's having a self care day and doesn't feel like doing photos.
1369,4158,14,28,209,251,1.2231075697211156,0.03375703582453951,646,He said the Starbucks down on the left
3386,4159,7,44,209,260,1.2230769230769232,0.02961527854366002,646,Yet I want to keep going!
4021,4159,12,34,214,260,1.2230769230769232,0.0320244417862157,646,The Yeti says the Yentl is over the next mountain... and ask to try her Matzo Ball Soup.
5695,4161,15,30,224,269,1.2230483271375465,0.03260012902109471,646,"I dunno who he is, but I'd sure like to know where he shops for fur."
2361,4162,15,32,231,278,1.223021582733813,0.031861422948810406,646,"Okay, Ted!  I'm sorry to break it to you like this...but it IS love at first sight!"
3372,4162,12,38,228,278,1.223021582733813,0.030614282055570697,646,Watch out. I think he's  gay.
3913,4162,14,34,230,278,1.223021582733813,0.03145120458967087,646,What did you say?
2531,4165,13,38,236,287,1.2229965156794425,0.030374204882916447,646,He says it’s actually Snowberg.
793,4165,15,34,238,287,1.2229965156794425,0.03116607255202706,646,They say it's better than Gore-Tex.
1953,4167,13,40,243,296,1.222972972972973,0.02975002430618034,646,He complained about global warming and Trump's border wall.
5078,4167,9,48,239,296,1.222972972972973,0.028168189601902673,646,He wanted to know if I was a life coach
1916,4169,8,37,193,238,1.2226890756302522,0.03184386632786202,646,You told me to follow my own spirit climber
4374,4169,8,37,193,238,1.2226890756302522,0.03184386632786202,646,Oh Yeah? Well I think it's abominable that you can't keep up...
1183,4171,10,35,202,247,1.222672064777328,0.032136704711150745,646,"You're SO abominable, Marco! I'LL asking him for directions."
3360,4172,6,45,205,256,1.22265625,0.029369548344243445,646,He forgot his coffee.
4454,4173,9,41,215,265,1.2226415094339622,0.030213683184340447,646,He WAS helpful. We missed the turn down below.
6037,4173,9,41,215,265,1.2226415094339622,0.030213683184340447,646,He's really a nice guy once you get to know him.
832,4175,11,41,231,283,1.2226148409893993,0.029821929521087708,646,These Sherpas are getting better and better.
4671,4175,9,45,229,283,1.2226148409893993,0.028969396535218222,646,What’s so upsetting about asking for a piggyback.
3033,4177,11,43,238,292,1.2226027397260273,0.029216176481515047,646,Your lack of perception is abominable.
4654,4178,10,47,244,301,1.2225913621262459,0.028254181422536426,646,"This _definitely_ is dangerous.  And, no, it's not worth it to get more steps!"
5237,4179,11,32,200,243,1.2222222222222223,0.03298976084556469,646,Do you remember where we parked the car?
4232,4179,12,34,215,261,1.2222222222222223,0.03191295427597637,646,He just wanted the name of my esthetician.
3695,4179,9,40,212,261,1.2222222222222223,0.030496218139695913,646,See? He doesn't need a walking stick.
3176,4179,9,34,191,234,1.2222222222222223,0.03274053171102558,646,"Okay, mister I KNOW WHERE I'M GOING.  I got the directions."
6004,4179,14,28,210,252,1.2222222222222223,0.03363446684127777,646,"It was a long time ago in a galaxy far, far away."
1993,4179,12,38,229,279,1.2222222222222223,0.03051482783505125,646,It’s not working out. He got pretty frosty when I said his outfit was abominable.
623,4179,10,38,213,261,1.2222222222222223,0.03097566406212246,646,He said that Paul is doing fine and we needn’t worry.
267,4179,8,46,225,279,1.2222222222222223,0.028775187679399423,646,Now I know where your behavior comes from.
155,4179,12,34,215,261,1.2222222222222223,0.03191295427597637,646,"Sir, do you know what happened to the National Enquirer reporter?"
2003,4179,9,40,212,261,1.2222222222222223,0.030496218139695913,646,"Yes we are lost, the map clearly says Yeti not Bigfoot"
3798,4189,13,39,241,293,1.2218430034129693,0.029918032234601454,646,"This blind date is going so well, I'm quite breathless."
899,4190,12,39,233,284,1.221830985915493,0.030142713659739643,646,"Don't bother, he doesn't speak English."
3190,4190,7,49,228,284,1.221830985915493,0.028002888180872737,646,"Frank, I have some great news. He said he WON'T eat us AND he'll give us an exclusive interview back in his cave."
358,4192,10,41,224,275,1.221818181818182,0.02992339055062114,646,"well mr. smart,if we're lost,ask him."
5876,4192,10,41,224,275,1.221818181818182,0.02992339055062114,646,"Sorry brother, he's just not that into you."
2652,4194,10,39,217,266,1.2218045112781954,0.03057901857943927,646,No hard feelings Chad; it's just you're a little too bombinable for me.
4106,4194,12,35,219,266,1.2218045112781954,0.03149320585397421,646,"This trip isn't a total failure, he said he'll lead us to a flower found only in high altitudes."
4672,4194,13,33,220,266,1.2218045112781954,0.031940488941159736,646,He keeps farting!
5855,4197,10,37,210,257,1.2217898832684826,0.03127624789060851,646,You said we were looking for unicorns!
516,4197,7,43,207,257,1.2217898832684826,0.029782665831995608,646,It's hard to tell from the photographs.
5899,4197,12,33,212,257,1.2217898832684826,0.032233543824476435,646,I did so see a Sasquatch!
199,4200,12,42,244,298,1.221476510067114,0.029184284912999136,646,You are abominable. You know he's self-conscious about his feet.
142,4201,9,44,227,280,1.2214285714285715,0.029126080730907222,646,He forgot his Trail Mix.
1155,4201,10,42,228,280,1.2214285714285715,0.02956231075623469,646,He says the Yeti-licious Cafe at the summit is open until 2 if we intend to order.
2141,4201,12,38,230,280,1.2214285714285715,0.030416007204396796,646,"We're on the verge of making the biggest scientific breakthrough known to mankind, and all you care about is whether or not I've been cheating on you with Charlene?"
4972,4201,17,28,235,280,1.2214285714285715,0.032452144563683914,646,"He said he only dates girls, no couples."
1326,4205,12,36,223,271,1.2214022140221403,0.03108793735680024,646,"You never pay any attention to me!” “Now, Margaret? You’re going to do this now?"
3639,4205,9,42,220,271,1.2214022140221403,0.02973985590234317,646,I felt the earth move!
4587,4207,10,38,214,262,1.2213740458015268,0.030868864616611976,646,"You heard what he said, go back to base camp."
4581,4207,15,28,219,262,1.2213740458015268,0.03315304083537039,646,"He said he's sick and tired of all the current name-calling, and can't stand the term ""abominable."""
5839,4207,6,46,210,262,1.2213740458015268,0.028911882532763312,646,I told you we were overdressed for this hike!
929,4207,7,44,211,262,1.2213740458015268,0.029413337355201772,646,Sorry but I couldn't resist his animal ways.
455,4207,9,40,213,262,1.2213740458015268,0.030391435305627063,646,"They said, ""The views are something you have to see to believe."""
3348,4207,10,38,214,262,1.2213740458015268,0.030868864616611976,646,How would you like to be called by your most pronounced feature? “Here comes a needle nose!”
3056,4213,10,36,207,253,1.2213438735177866,0.03158524284798869,646,woah - did you see the size of his feet?!
3864,4213,10,36,207,253,1.2213438735177866,0.03158524284798869,646,He says we should have taken the South Col.
3991,4215,11,43,240,294,1.2210884353741496,0.029036770327060278,646,"When I asked him to take a selfie with me, he said, 'Take a hike!'."
4520,4215,2,61,231,294,1.2210884353741496,0.025182865761638532,646,I told you we should have turned left at the pass
849,4217,11,41,233,285,1.2210526315789474,0.029632808479881156,646,He's not just a Yeti...he's MY Yeti!
4764,4217,9,45,231,285,1.2210526315789474,0.02878687227626581,646,"You may not want to follow him, Yet-i will."
2331,4219,12,37,227,276,1.2210144927536233,0.030696378731381466,646,He said the alien ship is the next peak over.
5718,4220,10,39,218,267,1.2209737827715357,0.030475599579018093,646,Why did you wait until him to ask for directions!
5267,4221,13,31,214,258,1.2209302325581395,0.032586028534262665,646,Do you believe me now? I told you that high altitudes sun exposure makes your body hair grow wild!!
5324,4222,9,37,203,249,1.2208835341365463,0.03139133555658013,646,I’ve seen him a few times but I’ve learned to let him go.
3163,4222,9,37,203,249,1.2208835341365463,0.03139133555658013,646,Damn! Now he gets to see the other side of the mountain!
3151,4222,7,41,201,249,1.2208835341365463,0.030342061862598357,646,Check! Tooth fairy?
726,4222,10,35,204,249,1.2208835341365463,0.031903033758591756,646,He said it's actually pronounced 'abdominal.'  And then he said the most abominable thing I've ever heard.
699,4222,11,33,205,249,1.2208835341365463,0.032406653298017035,646,I told you you didn't need to buy all that gear!
1002,4227,7,39,194,240,1.2208333333333334,0.03104857212137755,646,He offered me something you just can’t give me - a fur coat forever!
1516,4228,12,40,238,290,1.2206896551724138,0.029689532598023503,646,C'mon. He he said we'd be fine.
1202,4229,10,42,229,281,1.2206405693950177,0.029467456974738578,646,He's invited us to his ski lodge.
1751,4229,9,44,228,281,1.2206405693950177,0.02903293991522139,646,"I asked for the WiFi code and he said, ""and you call me abominable?"""
2076,4229,12,38,231,281,1.2206405693950177,0.030317814258823104,646,You wouldn't know Big Foot if it hit you over the head.
3959,4229,9,44,228,281,1.2206405693950177,0.02903293991522139,646,He's checking to see if our mesa is ready.
1817,4233,9,42,221,272,1.2205882352941178,0.02964149482141372,646,I can't believe he just blew us off like that!
3241,4233,6,48,218,272,1.2205882352941178,0.02823509062223174,646,"Larry you can be so insensitive sometimes, I told you his name is Bob, not Big Foot"
5971,4233,11,38,223,272,1.2205882352941178,0.030543141026795763,646,"No, Daddy, we're going to sign your stupid pre-nup."
4914,4236,9,40,214,263,1.220532319391635,0.030287356602677066,646,I told you hiring a guide would be a mistake.
2318,4236,10,38,215,263,1.220532319391635,0.030762786261889257,646,and you said he would be abominable!
996,4236,15,28,220,263,1.220532319391635,0.03303746754337361,646,Not impressed. His little thingy looked like a toadstool.
1175,4236,9,40,214,263,1.220532319391635,0.030287356602677066,646,"He won't take a selfie with you, but he is a real gentleman if you need a hand jumping a crevasse."
3737,4240,9,38,207,254,1.220472440944882,0.030974328619722706,646,What do you mean rude? I would call his comments abominable.
568,4241,11,32,202,245,1.220408163265306,0.032744935986827386,646,See! I told you we shouldn't have shaved before coming!
5721,4242,10,30,187,227,1.2202643171806167,0.03390862752288759,646,He doesn't like the name 'yeti.' He says it makes it hard getting a hotel room.
2728,4243,11,39,227,277,1.220216606498195,0.03016522348570238,646,He's not my type after all.
353,4243,11,39,227,277,1.220216606498195,0.03016522348570238,646,"John,it isn't working out.  I must follow my heart!  Besides, I have a thing for hairy backs."
989,4243,9,43,225,277,1.220216606498195,0.029285154903984277,646,Eddie & Betty repel a Yetti.
1386,4243,12,37,228,277,1.220216606498195,0.030595766260029807,646,"Yet, I..."
2905,4247,10,37,212,259,1.22007722007722,0.031057792746934727,646,He said the special of the day at Top of the Hill Diner is pot roasted elk and well worth the climb.
1975,4247,12,33,214,259,1.22007722007722,0.0320069838517839,646,"Hey great to see you! It wasn't really working out with him, but we promised to stay friends."
1725,4247,7,43,209,259,1.22007722007722,0.029576945461733284,646,"Maybe he's just a ""minimalist."""
2722,4250,6,43,201,250,1.22,0.02969726773363794,646,Not really that big -- I'd say about size 10.
4429,4250,9,37,204,250,1.22,0.03127799950463661,646,He feels like a third wheel.
5262,4250,12,31,207,250,1.22,0.03278259896928129,646,Some of these climbing parties are abominable.
3789,4253,12,29,200,241,1.2199170124481329,0.033611666025645304,646,He is looking for a restroom”
5923,4253,8,37,196,241,1.2199170124481329,0.03148700536053171,646,We should give him a better tip with our next hike.
1342,4255,10,40,223,273,1.2197802197802199,0.029996136272863353,646,He forgot his hair dryer.
4274,4255,12,36,225,273,1.2197802197802199,0.03088099564824154,646,"Yeah, I noticed. He must be maxed out on Propecia."
5793,4255,9,42,222,273,1.2197802197802199,0.029543769915786413,646,I wonder where he got that coat?
3156,4258,6,46,212,264,1.2196969696969697,0.02871683947477666,646,"Quick, snap a picture! Oh, the girls will love this."
2617,4259,13,30,212,255,1.219607843137255,0.03280466062310025,646,"Honey, I want to be a gatherer."
2477,4259,8,40,207,255,1.219607843137255,0.03036039019757664,646,I told you we wouldn't need all this expensive equipment.
1566,4259,11,34,210,255,1.219607843137255,0.0318494705189539,646,He said he saw you with his wife?!
347,4259,7,42,206,255,1.219607843137255,0.029847525857591154,646,Says he’s looking for the Himalayas.
2349,4263,10,43,234,287,1.2195121951219512,0.029029343875120534,646,I wear a size 10 shoe.  Why do you ask?
2414,4263,10,34,202,246,1.2195121951219512,0.03211124822460406,646,"I’ll be joining my friend now in Shangri-La.
It’s been great!"
3217,4263,8,38,200,246,1.2195121951219512,0.03106065440268855,646,You might want to turn back - the weather up there is abominable.
3974,4266,14,33,231,278,1.2194244604316546,0.03133588795374543,646,"Honestly, I felt out of place at the top."
3624,4267,6,40,191,237,1.219409282700422,0.030663686962364843,646,He says the view from the top is spectacular.
1263,4268,11,37,221,269,1.2193308550185873,0.03072562847276934,646,Absolutely nobody going to believe us back home... but at least that guy knows we hiked this high.
4733,4268,10,39,220,269,1.2193308550185873,0.030270809632394875,646,"""Instead of bumbling along, we could follow his bigfoot steps."""
5409,4268,15,29,225,269,1.2193308550185873,0.0324812801784429,646,"I'll do big, and I'll do audacious, but I draw the line at Harry."
2600,4271,12,42,247,301,1.2192691029900333,0.028920833478831044,646,"I hate to see him go, but I love to watch him leave."
1696,4271,10,46,245,301,1.2192691029900333,0.028144587767942875,646,"Don't worry, Bigfoot is just a myth."
2032,4273,10,37,213,260,1.2192307692307693,0.030949686157822162,646,I told you my old boyfriend was cold.
2727,4273,13,31,216,260,1.2192307692307693,0.032357119191420265,646,He offered me a million dollars to sleep with you.
2840,4273,10,37,213,260,1.2192307692307693,0.030949686157822162,646,"Yes, it's true what they way about big feet."
3549,4273,10,37,213,260,1.2192307692307693,0.030949686157822162,646,Just don't look him in the eye.
698,4277,9,37,205,251,1.2191235059760956,0.031165464380637622,646,"I bought these fun hiking glasses at REI which play motivational youtube videos to keep me climbing, but I worry I'll miss some of the scenery."
3050,4277,10,35,206,251,1.2191235059760956,0.031672680341596475,646,"Harry may be hard to follow, Yeti doesn't complain nearly as much as you do."
3953,4277,14,27,210,251,1.2191235059760956,0.03362512036947361,646,He’s going to give me a free breast exam but he wants you to check his prostate
779,4280,8,44,222,274,1.218978102189781,0.028989126010772404,646,The conditions today are abominable
1899,4280,6,48,220,274,1.218978102189781,0.028051647381913073,646,"He claims that my recommendation as to pants was a ""trigger."""
5544,4280,13,34,227,274,1.218978102189781,0.031209865298356666,646,"Yup, genuine Yeti. 
The whole outfit's from the Yeti Boutique on Mercer Street in Soho."
1078,4283,12,27,194,233,1.2188841201716738,0.03436481221782756,646,I’ve decided to leave you for Gerhart.
186,4284,8,42,215,265,1.2188679245283018,0.029602295329177415,646,"Lost his GPS"""
2708,4284,8,42,215,265,1.2188679245283018,0.029602295329177415,646,Don't strip down. You are no match for him or the weather.
3925,4284,11,36,218,265,1.2188679245283018,0.031017078877068713,646,This is turning out to be the most abominable vacation ever!
4594,4287,13,39,245,297,1.2188552188552189,0.029551815441165686,646,He says he's Harvey's twin brother.
1032,4288,10,43,235,288,1.21875,0.028938411228084545,646,I've heard that finding a Sasquatch is an up-hill battle.
1443,4288,9,38,209,256,1.21875,0.03075589772869651,646,Maybe we could ask him for directions?
2370,4288,12,39,237,288,1.21875,0.029762812123218425,646,"You told me Mr. Right didn't exist, but you were wrong."
4414,4288,11,41,236,288,1.21875,0.029353506007696317,646,"I have NO idea where he packed it, but he said we could use 
his selfie stick at the summit when he's done using it."
5068,4288,10,43,235,288,1.21875,0.028938411228084545,646,He used to love it when I teased him
5379,4293,11,39,229,279,1.2186379928315412,0.029969316894075976,646,He wanted to know the 7 day forecast.
2441,4293,6,49,224,279,1.2186379928315412,0.027735011092928186,646,I've never tried speed-dating before.
1822,4293,12,37,230,279,1.2186379928315412,0.03039647640849326,646,Fancy meeting you here.
1846,4293,12,37,230,279,1.2186379928315412,0.03039647640849326,646,But he won Bigly . . .
133,4297,7,40,200,247,1.2186234817813766,0.03041096674102816,646,What an awkward conversation. No one can know about this.
4477,4297,9,36,202,247,1.2186234817813766,0.03147471232504388,646,It started to walk away after I said it's feet looked small to me.
1722,4299,10,46,246,302,1.218543046357616,0.028060633732673933,646,She said until her family gets royalties on those coolers she won't allow photos.
3347,4300,9,41,220,270,1.2185185185185186,0.02970955075615506,646,Why did you leave the camera at base camp?
1966,4301,9,39,213,261,1.2183908045977012,0.03036076531328963,646,"I""m bored."
3072,4301,12,33,216,261,1.2183908045977012,0.03178353976833435,646,Product placement is beyond ridiculous these days.
3419,4301,8,41,212,261,1.2183908045977012,0.029871451707995447,646,He said proceed at your own risk if you don't have big feet.
4154,4304,7,41,204,252,1.2182539682539681,0.03001823676450499,646,"Personally, I think this menage a trois is a bit over the top."
4113,4304,6,43,203,252,1.2182539682539681,0.029486861225263953,646,"Look, i just met the guy! We're getting together for drinks later!"
3181,4304,9,37,206,252,1.2182539682539681,0.031053721926907366,646,"Those new Patagonia suits don't look so breathable, do they?"
2376,4307,10,47,250,307,1.218241042345277,0.027757026407498147,646,Do people here have any sense of fashion?
2313,4308,12,36,227,275,1.2181818181818183,0.030676748825479185,646,It doesn't take much to see that the problems of two little people and one gigantopithecus don't amount to a hill of beans in this crazy world.  Some day you'll understand that.
1663,4309,10,33,200,243,1.2181069958847737,0.03232331892299716,646,"The Amazing Race: Mythical Creature Edition

""While the humans argue about the existence of God, Mr. Yeti powers toward the finish line."""
2322,4310,8,42,216,266,1.218045112781955,0.029502274777258516,646,"You know I love you Bill, but it just feels like we are going in different directions"
3714,4310,10,38,218,266,1.218045112781955,0.030448807114761778,646,"That was the hotel, the room's not ready yeti"
5538,4310,10,38,218,266,1.218045112781955,0.030448807114761778,646,We couldn't find common ground.
1777,4313,8,47,234,289,1.217993079584775,0.02800269199839625,646,He's testing our new line of Winter Wear.
4596,4313,12,39,238,289,1.217993079584775,0.029669304630894937,646,These official Birdbox blackout glasses are amazing!
3304,4315,13,30,214,257,1.2178988326848248,0.03257121084150374,646,"I agree, real fur will keep you much warmer than synthetics."
4902,4315,13,30,214,257,1.2178988326848248,0.03257121084150374,646,I asked him if his outerwear comes in extra small.
150,4315,11,34,212,257,1.2178988326848248,0.031624138095955136,646,I know a walking stick when I see one...and that was not a walking stick.
6025,4318,10,39,222,271,1.2177121771217712,0.030068706697362894,646,The nudist lodge on the summit has lowered its standards.
707,4318,12,35,224,271,1.2177121771217712,0.030964404334507006,646,I thought you turned the oven off.
558,4318,13,33,225,271,1.2177121771217712,0.0314026741291285,646,Unbelievable!  I can access trail maps on these smart glasses!
1215,4321,8,41,213,262,1.217557251908397,0.02976889247451365,646,"For  a moment, I thought I saw you climbing the mountain without your backpack!"
2957,4321,10,37,215,262,1.217557251908397,0.03073567771701744,646,Nahhh... It's not worth it. He voted Trump.
2157,4323,9,42,225,276,1.2173913043478262,0.029254352679783928,646,He said if we loose sight of him to follow his tracks.
2542,4323,13,39,247,299,1.2173913043478262,0.02937199774067492,646,He's our sherpa.
2927,4323,5,45,203,253,1.2173913043478262,0.028843998635887328,646,"Actually, he seems pretty nice."
3684,4323,14,27,212,253,1.2173913043478262,0.03338117173782192,646,"He said: “You could reach the top this way, Yeti think not.”"
5739,4327,13,37,240,290,1.217241379310345,0.029977080913047453,646,It's Gucci's chic new winter line
3683,4328,15,28,224,267,1.2172284644194757,0.03258302346541034,646,He is actually quite delightful!
1950,4329,8,37,199,244,1.2172131147540983,0.031137908302181765,646,"Honey, he must be going to the ""Mountaintop Swingers Party"" that we read about in the brochure at the lodge! You in?"
291,4330,9,48,247,304,1.2171052631578947,0.027502240783764093,646,He’s done this a few times
4337,4331,7,47,227,281,1.217081850533808,0.02801653751164307,646,"What did I say, this time?"
2198,4331,11,39,231,281,1.217081850533808,0.029775897230648805,646,He said his name is Dale.
3495,4333,8,40,210,258,1.2170542635658914,0.030042590656354,646,Not many people on this trail. Eh?
1170,4334,9,46,240,295,1.2169491525423728,0.028024477087128883,646,"No, as a matter of fact, it was pretty abominable!"
2825,4334,13,38,244,295,1.2169491525423728,0.029624510155475958,646,"Trust me, turn around. It's an abomination up there."
3008,4334,10,44,241,295,1.2169491525423728,0.028432927874090515,646,He said hiking has been good for his heath.
752,4337,9,41,222,272,1.2169117647058822,0.029512491671708857,646,I’m goin to sleep my way to the top
2729,4337,10,39,223,272,1.2169117647058822,0.029968646765246236,646,"You should apologize, your comment about his feet hurt his feelings."
5293,4337,10,39,223,272,1.2169117647058822,0.029968646765246236,646,Ill bet he didn't consult any hiking catalogs on what to wear!
1388,4340,13,36,237,286,1.2167832167832169,0.03024446271566744,646,"It's not you, it's me."
2440,4341,6,45,212,263,1.2167300380228137,0.028671973779451222,646,Based on Newton’s Third Law ..... I’m waiting here!
2074,4341,13,31,219,263,1.2167300380228137,0.032019641171134844,646,Yeti / Yet he.  Kinda like that whole your / you're thing.
1098,4341,8,41,214,263,1.2167300380228137,0.02966702171845787,646,"Come back later,  Big Foot is going up for a nap now."
470,4341,9,39,215,263,1.2167300380228137,0.03015223418356271,646,He said he wants to go by Big Calves next year
3331,4345,13,39,248,300,1.2166666666666666,0.029282894711850367,646,He says we don't need crampons.
3428,4346,12,36,229,277,1.2166064981949458,0.03047514563533861,646,"He's leaving because he says unless I can assure him of all book and movie rights in writing, we'll never see him again."
3973,4346,13,34,230,277,1.2166064981949458,0.030901370626415684,646,"Come on, it'll put hair on your chest."
5349,4346,11,38,228,277,1.2166064981949458,0.030042874303220224,646,We matched but had an abominable time
5639,4346,10,40,227,277,1.2166064981949458,0.02960429177168544,646,Blind Woman: What did you just call me!?-
5257,4350,11,33,210,254,1.2165354330708662,0.0318259851400469,646,Dang did you see that guys feet?
1934,4351,10,38,220,268,1.2164179104477613,0.030242965205276993,646,"See a guy around here? Big feet, lots of hair?"
5574,4351,9,40,219,268,1.2164179104477613,0.029777286771160393,646,It appears they haven’t heard of manscaping in these parts.
738,4351,9,40,219,268,1.2164179104477613,0.029777286771160393,646,I still think i'ts fake!
1499,4351,15,28,225,268,1.2164179104477613,0.03247133550049875,646,Good news.  Jesus loves me.
2145,4355,10,46,249,305,1.2163934426229508,0.02781169594370218,646,This new guide said he will take us to the top for a banana
1097,4356,13,35,234,282,1.2163120567375887,0.030518632801463386,646,We have to keep looking. He changed his mind about letting the president stay here after Trump blocked him on Twitter.
1289,4356,15,31,236,282,1.2163120567375887,0.031334728813089276,646,He claims he invented a cooler
2868,4356,7,47,228,282,1.2163120567375887,0.027927622578957312,646,"I told you before Todd, it's a terrible joke."
475,4359,10,36,213,259,1.2162162162162162,0.030921684100360128,646,Go confront him!  He told me I had a great butt and then gave a nasty grunt.
2869,4359,13,30,216,259,1.2162162162162162,0.03234101629614738,646,I'm not sure. He couldn't speak any English.
3193,4359,12,32,215,259,1.2162162162162162,0.03187492858939873,646,"I know that he doesn't exist, yet I saw him."
5684,4359,8,48,240,296,1.2162162162162162,0.027526309024764346,646,He got the most five-star ratings as a guide from the Hotel Yak & Yeti.
5770,4359,9,38,212,259,1.2162162162162162,0.030433867403175403,646,You know what they say about Big Foot
4519,4364,7,45,221,273,1.216117216117216,0.028484555689999125,646,"Honestly Josh, I've told you a thousand times, it's 'Plus-sized Foot"
371,4365,8,46,233,287,1.21602787456446,0.02805520038897109,646,I already have over 200 likes on Facebook.
5323,4366,8,38,204,250,1.216,0.03061248924853985,646,He was offended that Siri said he was Abominable.
3993,4366,12,30,208,250,1.216,0.03264411974945668,646,"I want a divorce, Karen"
2593,4368,12,36,230,278,1.2158273381294964,0.03037531973044013,646,"Are we there Yeti?

Caption by my wife, Maegan Hinton
-Scott McDavid"
3550,4368,10,40,228,278,1.2158273381294964,0.02950789799974185,646,He says up there it’s the off-season. Next month the Bigfoot viewings will be at its peak.
5416,4368,12,36,230,278,1.2158273381294964,0.03037531973044013,646,The Bigfoot in the room
1226,4371,16,31,245,292,1.2157534246575343,0.030952403628551655,646,"Sorry, no manage’ a trois"
511,4372,11,44,251,306,1.2156862745098038,0.028113419602609983,646,"If he really wanted to eat us, he would’ve done it already."
2026,4372,4,47,204,255,1.2156862745098038,0.02809841075713616,646,Did you really have to make him mad?? Now how do we get out of here!
2509,4372,10,35,210,255,1.2156862745098038,0.031221653477257683,646,"Dr. Livingston, I presume."
3282,4375,11,36,222,269,1.2156133828996283,0.030597814685850575,646,He has a relative that lives somewhere in the Pacific Northwest.
722,4376,9,43,231,283,1.215547703180212,0.028725352130540022,646,Let’s go back; I don’t want to be seen with him.
543,4376,13,35,235,283,1.215547703180212,0.030420206187919543,646,"Jeez, another Abominable Congressman."
4964,4378,10,44,243,297,1.2154882154882154,0.028259960682031335,646,Hmmm...There's something amiss about this mountain guide.
279,4379,9,35,202,246,1.2154471544715446,0.03144158235937127,646,This wasn't covered in the safety demonstration so things might get hairy..
4305,4380,8,40,212,260,1.2153846153846153,0.029834326604319353,646,"He said he moved here for a low monthly rent, but the parking is just horrible."
1431,4381,10,39,225,274,1.2153284671532847,0.029770478476262328,646,He prefers loathsome.
2577,4381,14,31,229,274,1.2153284671532847,0.0315155580747684,646,Hey George is that the Loch Ness guy?
3242,4381,8,43,223,274,1.2153284671532847,0.02885839362605528,646,Just follow his footsteps- they are supposed to be quite big
3324,4381,12,35,227,274,1.2153284671532847,0.030655438257099654,646,I forgot my moisturizer.
3062,4385,11,40,237,288,1.2152777777777777,0.0292366378581129,646,Knock it off with the yellow snow jokes!
4988,4385,12,38,238,288,1.2152777777777777,0.029647557467430165,646,You wouldn't like it up there. It's abominable.
2799,4387,12,41,249,302,1.2152317880794703,0.028725835672208287,646,I just Love  a guy with a hairy back!
3487,4388,8,35,194,237,1.2151898734177216,0.03164914518883361,646,He does not want anymore visitors.
5754,4389,8,38,205,251,1.2151394422310757,0.030502424988705156,646,You're being evasive.
433,4389,11,32,208,251,1.2151394422310757,0.03203147608325384,646,"Quick, get out your Camcorder from 1996"""
1702,4391,12,33,220,265,1.2150943396226415,0.03134575042610594,646,"I asked if he'd like to join us, yet he just walked away."
2464,4391,6,45,214,265,1.2150943396226415,0.028478579373887217,646,"That guy said, “Haven’t you ever seen a Sasquatch before?”"
2958,4391,7,43,215,265,1.2150943396226415,0.02897614963364897,646,The altitude really got to him.
4059,4391,6,45,214,265,1.2150943396226415,0.028478579373887217,646,"Shhhhh, he doesn’t like the term yeti"
680,4395,13,34,232,279,1.2150537634408602,0.03069902667759027,646,"You said, 'not yet,""  so I say, 'it's Yeti.'"""
153,4396,10,35,211,256,1.21484375,0.031110865202857073,646,"One, Mississippi . . ."
2768,4396,7,41,208,256,1.21484375,0.029596860795774622,646,"John, when did you start seeing things?"
4221,4398,12,34,224,270,1.2148148148148148,0.03094294419874935,646,He says his name is Bernhard!
2124,4398,9,40,221,270,1.2148148148148148,0.029577953008186546,646,The nerve of him calling us 'tenderfoots'.
4512,4400,11,28,194,233,1.2145922746781115,0.03366691760934552,646,He'll do fine in the cold. He has polar fleas.
3892,4401,3,47,197,247,1.214574898785425,0.027997096943897758,646,"My friend said there was a monster here, Yeti wasn't clear about it."
3308,4401,11,31,205,247,1.214574898785425,0.03235985025563935,646,He says we have big feet.
386,4403,13,30,218,261,1.21455938697318,0.032114010522153784,646,They say that global warming has reduced Al Gore's natural habitat to a handful of Himalayan mountains
2075,4403,8,40,213,261,1.21455938697318,0.02973125384993493,646,"They didn't tell us our guide was not into wearing pants.  I'll take off a star or two on yelp, I guess."
4027,4403,5,46,210,261,1.21455938697318,0.02820514360347471,646,Can you believe that guy climbs without water?
2325,4406,10,39,226,275,1.2145454545454546,0.02967235775301096,646,He says to ignore our Sound of Music obsession.
4817,4406,10,39,226,275,1.2145454545454546,0.02967235775301096,646,Now look what you have done.  He’s disinvited us to his chalet.
4922,4408,12,33,221,266,1.2142857142857142,0.031238154636419668,646,"He says your walking stick is ""abominable."""
3038,4408,14,32,234,280,1.2142857142857142,0.031014353651124912,646,"Honey, I wasn't saying you had big feet..."
5018,4408,15,30,235,280,1.2142857142857142,0.031424381790289994,646,Here come the hipsters.
88,4408,12,36,232,280,1.2142857142857142,0.030177588627776683,646,He said he's a border wall tester.
422,4408,9,42,229,280,1.2142857142857142,0.028877014040110234,646,"I'm glad I didn't wear my fur suit too... that would have been embarrassing.

Wait up Angela!"
4501,4413,6,52,241,299,1.214046822742475,0.026442578009980313,646,He can actually be very funny.
3374,4413,8,48,243,299,1.214046822742475,0.027278238622673583,646,"He wants food, shelter and his own YouTube channel."
130,4415,8,42,221,271,1.2140221402214022,0.029011955014898706,646,"Maybe we should try barefoot, too."
1168,4415,12,34,225,271,1.2140221402214022,0.030838741226971413,646,Global warming.
2576,4415,6,46,219,271,1.2140221402214022,0.028053989385606215,646,This mountain guide is amazing.  And he doesn't take promotional gifts from hiking gear companies!
3474,4415,10,38,223,271,1.2140221402214022,0.029939284345576904,646,"He’s not only the owner, he is a member too."
6049,4415,13,32,226,271,1.2140221402214022,0.03127877182904575,646,Don't they make underwear his size?
749,4420,7,41,209,257,1.2140077821011672,0.029493322832287023,646,"(Yeti speaking into bluetooth earpiece) “Omg, Joan- you will never guess what just happened..”"
4206,4420,7,41,209,257,1.2140077821011672,0.029493322832287023,646,"He's a Tunta, not a Yeti.  Their family hasn't been speaking to the Yetis for several years now.  He asks if we could bring more frozen peas the next time we visit."
5794,4422,9,34,200,243,1.213991769547325,0.031640632300013266,646,He cannot resist an uphill challenge
2403,4423,11,37,228,276,1.213768115942029,0.03001705293972142,646,"He says that if we can beat him to the top, he's willing to put on a pair of  pants."
2407,4423,9,41,226,276,1.213768115942029,0.02912597714961506,646,"Next time, we go with prescription sunglasses."
1138,4423,9,41,226,276,1.213768115942029,0.02912597714961506,646,You need to start taking bigger steps.
1839,4426,8,40,214,262,1.213740458015267,0.029628877967743918,646,"No, this doesn’t warrant you using a selfie stick."
2760,4426,10,36,216,262,1.213740458015267,0.03060008717622661,646,"He said, ""Been there, done that!"""
3898,4426,7,42,213,262,1.213740458015267,0.029131133634736177,646,He wants us to respect his privacy
138,4429,11,31,206,248,1.2137096774193548,0.03224071461068115,646,"I told him the climb was abominable, but he didn't seem to mind."
1301,4429,10,33,205,248,1.2137096774193548,0.03173032958758564,646,He’s going to make waffles.
3192,4429,11,31,206,248,1.2137096774193548,0.03224071461068115,646,"It’s over, I found someone new and you’ll never see me again"
2337,4432,6,38,190,234,1.2136752136752136,0.030679022765498817,646,"He said, ""I'll see you at the top."""
1889,4433,10,46,253,309,1.2135922330097086,0.027486449441986922,646,"Yes Peter, he must’ve used Mapquest."
5247,4434,9,42,230,281,1.2135231316725978,0.02878416872761233,646,Are you SURE you locked the front door?
1351,4434,9,42,230,281,1.2135231316725978,0.02878416872761233,646,"No, I asked- it's not Stevie Nicks"
4421,4436,7,43,217,267,1.2134831460674158,0.028781164824446027,646,"Honest, Tom, he reassured me that he and I still have an open marriage."
2609,4436,12,33,222,267,1.2134831460674158,0.031131284754386434,646,My god he was good!
1659,4436,12,33,222,267,1.2134831460674158,0.031131284754386434,646,I told him you're a big fan he doesn't care.
556,4439,6,42,205,253,1.2134387351778657,0.029230438550752236,646,No! I'm not going to ask him what shampoo he uses.
1241,4440,7,37,195,239,1.213389121338912,0.030844664363703075,646,None of your “cold-blooded killer” speech now...let’s just see where he takes us.
3377,4440,12,27,200,239,1.213389121338912,0.033573737627767206,646,"He kept yelling: ""I was in the pool!"""
2300,4442,14,33,239,286,1.2132867132867133,0.030533133519848914,646,"Actually, his feet are not really that big."
466,4443,10,38,224,272,1.213235294117647,0.02983938648950061,646,"You’re giving up?! Oh, you’re just mad about Hairy!"
1255,4444,6,43,209,258,1.2131782945736433,0.02887278801831504,646,"I think he said to call him Kevin, do you think he is in hiding?"
1845,4444,6,43,209,258,1.2131782945736433,0.02887278801831504,646,I told  you harry was a “beast” on the mountains.
2820,4444,8,39,211,258,1.2131782945736433,0.029899235000057423,646,"It can't be Sasquatch if there are no footprints, right?"
4214,4444,11,33,214,258,1.2131782945736433,0.03137600678935756,646,I told you not to bring your sister.
4541,4444,11,33,214,258,1.2131782945736433,0.03137600678935756,646,So what will you do with the newfound knowledge on how not to leave footprints in the snow?
3698,4449,15,29,233,277,1.2129963898916967,0.031618890936688626,646,He says he has a mate. They're blue because of the cold.
1854,4449,10,39,228,277,1.2129963898916967,0.02947801279913845,646,Bigfoot my ass!
3034,4449,6,47,224,277,1.2129963898916967,0.027646200791467505,646,Apparently those Messin' with Sasquatch commercials are a trigger for him.
2219,4452,11,34,218,263,1.2129277566539924,0.030966598430816,646,He walks to the beat of a different drummer
2761,4452,9,38,216,263,1.2129277566539924,0.030014665101271792,646,He simply asked that we not pick the snow lillies.
3711,4452,13,30,220,263,1.2129277566539924,0.03189012881142578,646,"Billy! I thought we were going to see the Abominable Snowman, not Bigfoot."
4092,4452,7,42,214,263,1.2129277566539924,0.029031534990551052,646,Remember what Littlefinger said: Only the ladder is real. The climb is all there is.
4415,4456,7,39,203,249,1.21285140562249,0.0300383212468387,646,I swiped right for manscaping
4255,4457,11,38,233,282,1.2127659574468086,0.02955848230443053,646,I thought this hike was going to be hairy but not for that reason!
3036,4458,9,39,220,268,1.212686567164179,0.02964301778552347,646,You think he'll take a selfie with us?
49,4458,13,31,224,268,1.212686567164179,0.03147235376096845,646,He's my mentor. I've decided to become the first female yeti.
2051,4460,9,36,209,254,1.2125984251968505,0.030688185501577984,646,"Well, you heard him Mark, all must follow the strict dress code of the mountain."
2377,4461,8,45,234,287,1.2125435540069687,0.027930853718240993,646,"John, our Uber guide is right, you do have tiny feet--ha ha."
1346,4461,7,47,233,287,1.2125435540069687,0.027491211530330236,646,I told you...perfect teeth!
5893,4463,9,33,198,240,1.2125,0.031843218835005654,646,that solves that. Yeti happens.
1240,4464,6,46,221,273,1.2124542124542124,0.027870067752819555,646,I'm going with him. Get off our mountain!
1715,4464,8,42,223,273,1.2124542124542124,0.028820277192859838,646,You'll get there faster if you stay in his draft.
2354,4464,10,38,225,273,1.2124542124542124,0.029740142541686,646,"You also look abominable with those silly Foster Grants."""
854,4467,7,41,211,259,1.2123552123552124,0.029288363842474092,646,I told you we’re on a de-evolution path.
2512,4467,11,33,215,259,1.2123552123552124,0.03126546507766599,646,He could at least get his back waxed!
4883,4467,8,39,212,259,1.2123552123552124,0.02979494116553254,646,"We walk, we talk! Am I missing something?"
290,4470,10,39,229,278,1.2122302158273381,0.029381776650416563,646,His next press conference will be in the summer.
296,4470,10,39,229,278,1.2122302158273381,0.029381776650416563,646,"Well, if there was a' Big Foot' around here, I would know it!"
5462,4472,14,25,211,250,1.212,0.033476959648528974,646,"I thought that was Donald, but I guess not"
3992,4472,8,37,205,250,1.212,0.030462037735054556,646,"The Sasquatch returns to his lair, body shamed once again"
2662,4472,5,43,202,250,1.212,0.028836612158906826,646,"He says most don’t make it back down alive, but something tells me it’s not from the treacherous weather conditions."
154,4472,11,31,208,250,1.212,0.0320050196866142,646,"Hmm.. I don't know about ""Big Foot"", he looks like a size 9 to me."
2371,4476,8,41,220,269,1.211895910780669,0.029069884123939578,646,Do not worry! I told you I do not like harry men!
3184,4476,10,37,222,269,1.211895910780669,0.030009045660787038,646,"I'm leaving you, Chad. I've found a man who can better help me achieve my goal."
3499,4478,10,41,237,288,1.2118055555555556,0.028699355128534446,646,Guess he’s piqued.
1633,4479,10,34,211,255,1.2117647058823529,0.031079767057843523,646,"Bigfoot says he has had enough of Donald Trump wreaking havoc and chaos in the world.  He is going to find some place safer."""
2884,4479,7,40,208,255,1.2117647058823529,0.02955192787249606,646,"He didn't say much, he seemed rather frosty."
1065,4481,7,44,223,274,1.2116788321167884,0.028256141000749697,646,Did you see that? He spit on me! Go punch him!
1583,4481,10,38,226,274,1.2116788321167884,0.02964154623662747,646,I wonder where he got his coat.
2084,4481,7,44,223,274,1.2116788321167884,0.028256141000749697,646,The view up here is absolutely unbelievable!
6031,4484,11,33,216,260,1.2115384615384615,0.03115568860120723,646,They are giving out Paleo snack samples at the top. Hurry before they are gone.
72,4484,6,43,211,260,1.2115384615384615,0.028673625227990367,646,"Climb no farther, the weather & people are abominable!"
167,4486,9,41,229,279,1.2114695340501793,0.028842558187052617,646,Maybe he's just a vegan.
4065,4486,12,35,232,279,1.2114695340501793,0.030153783040227883,646,He didn't believe me.
5751,4488,10,43,245,298,1.2114093959731544,0.02805895412321576,646,"He insists he's a viable candidate, but he starts with an uphill climb."
677,4489,9,34,203,246,1.2113821138211383,0.0312899832367969,646,Ever feel like you're being Sasquatched?
3373,4489,8,36,202,246,1.2113821138211383,0.030755146653033378,646,"He says, ""Down in the valleys, THAT'S where it's abominable."""
4037,4489,9,34,203,246,1.2113821138211383,0.0312899832367969,646,What was I to say?  He was mumbling “Age before beauty”?
3013,4492,13,30,222,265,1.211320754716981,0.031669308156774975,646,He screamed “TOURISTS KEEP RIGHT!”
3895,4492,11,34,220,265,1.211320754716981,0.03075336648653497,646,He's invited me to go with him. I'll see ya.
481,4492,8,40,217,265,1.211320754716981,0.02932586327705749,646,"He wants to be the first to make an ascent in a onesie."""
2426,4492,6,44,215,265,1.211320754716981,0.028334267734865266,646,"How Abominable! Yet, I cannot fathom why we keep bumping into each other like this."
1915,4496,6,48,230,284,1.2112676056338028,0.027168309691352564,646,You didn’t have to tease him about following a path to spiritual enlightenment.
3944,4496,7,46,231,284,1.2112676056338028,0.02762247888126191,646,You'll notice your body will adapt to the thinner air that's about to start.
1577,4498,8,37,206,251,1.2111553784860558,0.030352186382057222,646,Don't mind him. The locals really hate tourists.
220,4499,14,29,227,270,1.211111111111111,0.03169598344379488,646,Go ask him for a selfie! #Hesreal
947,4499,6,45,219,270,1.211111111111111,0.028006083667354374,646,"He said, ""Just keep going down the hill until we see the ski lodge."""
5046,4499,11,35,224,270,1.211111111111111,0.03036486250482446,646,Now you’re just being abominable!
5468,4499,7,43,220,270,1.211111111111111,0.02849346509102853,646,Who are you calling a 'yenta'?
1921,4503,6,49,234,289,1.2110726643598615,0.02687700160952951,646,"No, there is a definite scent of musk, but I didn't see any footprints."
5913,4504,9,36,211,256,1.2109375,0.030470517482671093,646,Nothing worth posting up that way.
2967,4505,11,36,228,275,1.210909090909091,0.02998944134635377,646,He said that it's just abominable up there.
4026,4505,7,44,224,275,1.210909090909091,0.02816372473954184,646,Hurry Up!!  That fat guy passed us 3 times already on the way up.
4599,4507,8,46,240,294,1.2108843537414966,0.02745358551565836,646,I can't believe we've been where no man has been before.
3513,4507,10,42,242,294,1.2108843537414966,0.02828664550455957,646,He forgot his crampons.
1527,4509,8,39,214,261,1.210727969348659,0.029588483614353615,646,"I don't think he would forget our anniversary, Larry!"
3811,4509,7,41,213,261,1.210727969348659,0.02908618089972153,646,He said we are heading toward the wrong peak.
5726,4509,8,39,214,261,1.210727969348659,0.029588483614353615,646,He says he's it's true: he's a size 34 and insists on getting a pair he can show us.
3510,4512,10,39,231,280,1.2107142857142856,0.02919114775591119,646,He made the earth move.
5087,4513,12,28,207,247,1.2105263157894737,0.03272023428889836,646,"Did someone just walk by us? No clue, I can't see anything doing this Birdbox challenge."
4448,4513,8,40,218,266,1.2105263157894737,0.02922620703574068,646,Nice to meet you Jack. I’m Jill. Wanna fetch a pale old Yeti?
4357,4513,9,42,234,285,1.2105263157894737,0.028418581558007208,646,Apparently these new lenses filter out UV and glare but not cryptids.
3939,4513,6,40,201,247,1.2105263157894737,0.029548635813846893,646,He's a  nice enough guy but needs to brush his teeth more often.
2249,4513,7,38,202,247,1.2105263157894737,0.03010045161404608,646,Real subtle; Asking for directions to the nearest dentist
1546,4513,9,34,204,247,1.2105263157894737,0.031174794388894974,646,I think we should wait and get him on the way down.
1379,4513,11,30,206,247,1.2105263157894737,0.03221332679203168,646,And then he said to expose in the cold was natural!
2381,4513,12,36,237,285,1.2105263157894737,0.02969418734705533,646,This is why you should always carry a razor while hiking.
2455,4521,12,37,241,290,1.210344827586207,0.02934454092835944,646,Did you have to go with the least expence guide?
343,4522,8,37,207,252,1.2103174603174602,0.030243111210287832,646,"Damn, that reminds me, did you drain the cooler?"
945,4522,7,39,206,252,1.2103174603174602,0.02971575713566682,646,Have we met before?
3254,4524,8,42,226,276,1.210144927536232,0.028537379089683085,646,"Not only is not Charlie, but we're on the wrong damn mountain"
4054,4525,8,38,211,257,1.2101167315175096,0.029858029960053118,646,"You won't believe this, but that dude said he's headed to the summit to spot UFOs."
5624,4526,6,51,243,300,1.21,0.026241737033622713,646,"He said ""follow me.  Mi Casa es Su Casa""."
995,4527,13,33,235,281,1.209964412811388,0.03037891941530321,646,"I couldn’t imagine it either, yet he really loves me"
2966,4528,12,31,219,262,1.2099236641221374,0.031407516292901005,646,"Honey, I’m still uncomfortable when you bring up your Ex."
1110,4529,8,35,200,243,1.2098765432098766,0.030940625706150894,646,I do not find him abominable!
5338,4529,7,37,199,243,1.2098765432098766,0.03038605245944082,646,What a jerk! Too busy to say hi?!!!
3484,4531,9,42,235,286,1.2097902097902098,0.028328606867081513,646,He said he's with you.
174,4532,9,38,220,267,1.2097378277153559,0.02960666974729015,646,"He said go back down a half a mile and turn left, mountain beasts are so helpful."
5973,4532,15,26,226,267,1.2097378277153559,0.03233444948801854,646,He says he lives over the hill.  After that it's all downhill.
1064,4534,8,36,204,248,1.2096774193548387,0.03053032793609983,646,He wants syndication options too.
1470,4535,14,33,244,291,1.2096219931271477,0.030051710858178152,646,You'll have to wait until Big Foot is finished talking to the Swami
2894,4535,10,41,240,291,1.2096219931271477,0.02843074680094989,646,"You’re LATE, man. Not EARLY!"
4885,4537,4,45,204,253,1.209486166007905,0.02797548995406921,646,I told you we had way too much stuff
3875,4537,13,27,213,253,1.209486166007905,0.0326336392002657,646,He impregnated me while you were dawdling. I have to go with him now.
3526,4537,9,35,209,253,1.209486166007905,0.030650873088790907,646,He says their closed for the winter.
3627,4540,6,46,225,277,1.2093862815884477,0.027509218896791577,646,"Bro, when you reach the summit, you're only half way there."
5510,4540,10,38,229,277,1.2093862815884477,0.02934958167837536,646,It's Ladies' Night at basecamp.
2997,4542,5,53,243,301,1.2093023255813953,0.0257369677992404,646,"If that's Sasquatch, there must be leafy greens up there."
3902,4543,10,35,218,263,1.209125475285171,0.030356510063542716,646,It didn't work out between us.  I'm into Brazilian style.
3320,4544,13,34,240,287,1.2090592334494774,0.029915136663344877,646,You were really abominable! He says he knows the way.
2573,4545,13,25,206,244,1.209016393442623,0.03344954543135017,646,I told him to f**k off.
5354,4545,9,33,202,244,1.209016393442623,0.031367923678132105,646,Do you know what the WiFi password is?
5767,4545,8,35,201,244,1.209016393442623,0.03082556199739773,646,I hear he doesn't give autographs.
5543,4548,12,32,224,268,1.208955223880597,0.030894600154800625,646,He forgot his hat
1615,4548,6,44,218,268,1.208955223880597,0.02804951865881089,646,There is a very strict dress code.
5856,4548,7,42,219,268,1.208955223880597,0.02854339913091381,646,He's on You Tube now so he is real.
759,4548,8,40,220,268,1.208955223880597,0.02902887822328521,646,He said to follow him to the land of expensive coolers and mugs
564,4548,10,36,222,268,1.208955223880597,0.02997625801886661,646,"You don't hear a word I'm saying, yet i keep talking... am I the crazy one here?"
983,4548,9,38,221,268,1.208955223880597,0.02950637063174652,646,He said thanks but he really wanted a pizza.
3396,4554,5,47,221,273,1.2087912087912087,0.02723991155352635,646,Watch what you say. He turned downright antisocial when I mentioned how big his feet are.
6044,4554,9,39,225,273,1.2087912087912087,0.029150440533497725,646,How many times did I remind you to pack the beef jerky?
2959,4554,8,41,224,273,1.2087912087912087,0.028684740417750428,646,I want his outfit
2374,4557,12,38,247,297,1.2087542087542087,0.028827537621222858,646,"I told you we should have gone to your mother's, Rupert."
4419,4558,11,31,212,254,1.2086614173228347,0.031543683461075334,646,Where's Dad?
4458,4559,5,44,210,259,1.2084942084942085,0.028094139373990377,646,"No, I saw him first!"
4794,4559,10,34,215,259,1.2084942084942085,0.03064199699117547,646,You guys want anything from the fridge?
388,4561,10,35,219,264,1.2083333333333333,0.030251677596264515,646,"If you don't want to follow him, I will. I like his style."
2031,4561,6,43,215,264,1.2083333333333333,0.028283269787071883,646,…and yet I love the Yeti! When you go low we'll go high!
2119,4561,6,43,215,264,1.2083333333333333,0.028283269787071883,646,He's Just One of the Locals
3504,4561,9,37,218,264,1.2083333333333333,0.02977177917933899,646,"From up here, we can see everything!"
3653,4565,9,38,222,269,1.20817843866171,0.02940673814038653,646,"Now I call his lawyer and get $130,000."
3561,4565,10,36,223,269,1.20817843866171,0.029874714681536747,646,Not at all Abominable
4804,4565,9,38,222,269,1.20817843866171,0.02940673814038653,646,He said he forgot to take a selfie.
1453,4565,10,36,223,269,1.20817843866171,0.029874714681536747,646,Don't worry he says he wants to serve man.
2716,4565,12,32,225,269,1.20817843866171,0.030789336397446996,646,I had just passed a couple who'd been caught off guard mid-argument by a windchill in 1998 when I realized: I don't hate people. I just feel better when they aren't around.
2597,4570,9,33,203,245,1.2081632653061225,0.03125127591089167,646,They're unfriendly during interval training.
3722,4571,12,33,229,274,1.2080291970802919,0.030402928521846673,646,Unfortunately they weren't interested in hearing about the Church of Yeti
5792,4572,8,36,206,250,1.208,0.030308719436749267,646,He had me at 'Abominable.'
221,4573,16,26,237,279,1.2078853046594982,0.03170027944342244,646,"Sorry, but his nest egg is bigger than yours, literally."
1384,4573,8,42,229,279,1.2078853046594982,0.02825988558283198,646,I figured he'd be wearing fleece.
2229,4573,10,38,231,279,1.2078853046594982,0.02915806542046015,646,I told you we should have gone to Boca Raton for this vacation!
5553,4573,8,42,229,279,1.2078853046594982,0.02825988558283198,646,"I said HI, and didn’t look !"
5564,4573,9,40,230,279,1.2078853046594982,0.02871248780773436,646,You’re too slow. I’m going to the summit with him.
2773,4578,9,35,211,255,1.2078431372549019,0.030432098344120456,646,"Damn, what a time to have forgotten our cell phones."
4713,4579,10,35,220,265,1.2075471698113207,0.03014755632515143,646,This climb is abominable
908,4580,9,43,242,294,1.2074829931972788,0.027751843435808887,646,He says he hasn't seen your missing cufflink.
3674,4581,8,34,199,241,1.2074688796680497,0.03101179783103454,646,What’s the password?
686,4582,9,38,223,270,1.2074074074074075,0.02930776578681688,646,You're walking a slippery slope breaking up with me to go with him.
2288,4582,16,24,230,270,1.2074074074074075,0.032429969919668004,646,"You suggested I set the search distance on that casual dating app so low. Now, do you want to try a three-way or not?"
3433,4582,10,36,224,270,1.2074074074074075,0.029773847012533033,646,He was undeterred when I warned him that the weather at the top is abominable.
1878,4585,9,39,227,275,1.2072727272727273,0.028957890977074626,646,Let's follow...he must know the best nearby diner
2657,4585,9,39,227,275,1.2072727272727273,0.028957890977074626,646,I knew Stanley would forget something
2962,4585,7,43,225,275,1.2072727272727273,0.028026306380065213,646,"Well, he warned us about wearing proper gear..."
5241,4585,10,37,228,275,1.2072727272727273,0.029412620592282626,646,"Yeh, I asked. He said it is warm, mumbled something about Amazon, and kept going."
4190,4589,6,40,205,251,1.207171314741036,0.029124568737047125,646,I never expected to see a Brazilian wax up here.
110,4590,8,42,230,280,1.207142857142857,0.028168562703913918,646,"He's Abominable!"""
12,4591,8,37,211,256,1.20703125,0.029814413643005383,646,His climbing techniques are abominable.
5503,4591,12,29,215,256,1.20703125,0.03180327468176931,646,"I'm done with you, Dan."
5463,4593,8,38,215,261,1.206896551724138,0.029443103580735316,646,"I said, it wasn't me!"
2142,4594,5,45,216,266,1.2067669172932332,0.027582353134026842,646,He came down to look for a reasonable barber shop.
4239,4594,9,37,220,266,1.2067669172932332,0.02956818357235302,646,Being abominable just ain't what it used to be.
807,4596,7,42,222,271,1.2066420664206643,0.02825817740782225,646,He says he doesn't believe in getting acclimatized.
847,4596,11,34,226,271,1.2066420664206643,0.03013069891472078,646,We're lost and all you do is scream and grunt?
3876,4596,7,42,222,271,1.2066420664206643,0.02825817740782225,646,He said there's a nice mountain lodge about a quarter mile up this trail.
5933,4596,7,42,222,271,1.2066420664206643,0.02825817740782225,646,He thinks he's Sisyphus.
1290,4600,10,37,229,276,1.2065217391304348,0.02931548014975379,646,He has abominable manners.
1476,4600,9,39,228,276,1.2065217391304348,0.028862552126891667,646,"Age before beauty, Jack."
2037,4602,8,42,231,281,1.206405693950178,0.028077818217187717,646,"He says we should itemize this year...
Now let's go back home."
5328,4603,9,34,209,252,1.2063492063492063,0.030611157433680994,646,"I told him I didn't believe in the abominable snow man"""
4715,4603,8,36,208,252,1.2063492063492063,0.030090254334214247,646,He just wanted to google map the nearest pass.
4536,4603,9,34,209,252,1.2063492063492063,0.030611157433680994,646,"Foot"" envy, Clark"
4460,4603,15,22,215,252,1.2063492063492063,0.03356725012003557,646,"Wow, best sex I've ever had!"
958,4607,7,39,211,257,1.206225680933852,0.029193010563079044,646,They’ll never believe us!
3206,4607,8,37,212,257,1.206225680933852,0.029709101272520334,646,"I get ""embracing your wild side"" but that guy is taking it to a new extreme"
1179,4609,11,38,242,291,1.2061855670103092,0.02872428106224306,646,"He's Doing It, So Why Can't You?"
3047,4610,7,40,215,262,1.2061068702290076,0.02883842841018654,646,"I didn't see anything, did you?"
4781,4610,7,40,215,262,1.2061068702290076,0.02883842841018654,646,He said the yetis are on winter break.
5729,4610,4,46,212,262,1.2061068702290076,0.027274760582297386,646,I don't know why they call him 'Bigfoot.' He can't be bigger than a size 12.
218,4613,12,37,247,296,1.2060810810810811,0.028800467874178302,646,do you think this counts as cultural appropriation?
5520,4614,9,37,221,267,1.205992509363296,0.029467410684191075,646,"I called him ""Mythter"" and I think it upset him."
4188,4614,8,39,220,267,1.205992509363296,0.02898565169302608,646,"Well, if he had ASKED, I would have told him"""
197,4614,11,33,223,267,1.205992509363296,0.030408039548012366,646,"For the last time, stop calling your mother-in-law names."
695,4614,8,39,220,267,1.205992509363296,0.02898565169302608,646,Another dud. Way too much camera awareness and he wouldn’t sign a non-compete. Let’s just go with The Rock in a suit.
1654,4618,6,37,195,238,1.2058823529411764,0.030043216253449162,646,Does that mountain inthe background remind you of toblerone too?
1955,4618,12,32,228,272,1.2058823529411764,0.030477752082112335,646,I can't figure out if he was more abominable than you are...
2284,4618,14,28,230,272,1.2058823529411764,0.03135536031547941,646,I don't know why you can't ever ask for directions? We missed the turn off for Club Med 3 miles back.
3452,4621,10,37,230,277,1.2057761732851986,0.029218970030297973,646,You didn’t make reservations!
3832,4621,11,35,231,277,1.2057761732851986,0.02966325023876276,646,He is in! The multi-platform launch of the “Yeti Diet” is next month. He can hit the talk show circuit in the summer but no late night and no press during hibernation.
5826,4621,6,45,226,277,1.2057761732851986,0.02736982625533855,646,I've got the name for our brand.
1895,4624,12,26,205,243,1.205761316872428,0.03291543318155501,646,He said he will be ok.
2583,4625,15,28,239,282,1.2056737588652482,0.030983582066338593,646,Where’s his long black overcoat and long red tie?
2160,4626,13,25,210,248,1.2056451612903225,0.03295156171497715,646,My only New Year’s resolution is to be more present.
4339,4627,12,28,213,253,1.2055335968379446,0.03200639801415785,646,"Don't even think of keeping up.  He just saw ""Free Solo""."
112,4628,9,42,241,292,1.2054794520547945,0.027800311653330745,646,He said the nearest shelter is abominable.
5189,4629,8,37,213,258,1.2054263565891472,0.029604518563751982,646,You mean I bought all this outdoorsy crap for nothing?
5506,4629,5,43,210,258,1.2054263565891472,0.028034585264176504,646,Why did you bring us on another fruitless Sasquatch search??????
902,4631,9,36,218,263,1.2053231939163498,0.029732050496037762,646,"He's got some pair. Uh, I mean he only wants me to follow."""
1810,4631,10,34,219,263,1.2053231939163498,0.030216218746161733,646,He said the rest of the trail is abominable
5902,4631,6,42,215,263,1.2053231939163498,0.02822976586598036,646,"As if it weren't bad enough we doubted his existence, wait till he realizes he left his rock at the bottom."
4407,4634,5,45,218,268,1.205223880597015,0.0273977822625233,646,"I'm sorry John, he just gets me. I guess deep down I always knew I was a Sasquatch."
2756,4634,9,37,222,268,1.205223880597015,0.029367312112744005,646,"Paleo diet clinic next valley over.""

Marja Mills, Chicag"
5667,4634,10,35,223,268,1.205223880597015,0.029839389365115897,646,The Yeti museum is closed
1550,4634,11,33,224,268,1.205223880597015,0.030304113493693604,646,"Yes, but I get the dog."
1616,4634,7,41,220,268,1.205223880597015,0.02839962582176002,646,"He said, ""It's REALLY cold up there!"""
4765,4639,6,44,223,273,1.205128205128205,0.02758720588379227,646,You won't believe what I'm looking at.
5000,4639,5,46,222,273,1.205128205128205,0.0270946503578009,646,"He said, “Sorry, invitation only.”"
991,4641,11,35,232,278,1.2050359712230216,0.029565622561606317,646,He says for some fine dining...follow him
2338,4641,10,37,231,278,1.2050359712230216,0.029123084233537426,646,He says the Khumbu Icefall is too dangerous today.
5230,4643,9,42,242,293,1.204778156996587,0.027714141988147367,646,My old boyfriend took me to Cabo.
2738,4644,10,32,212,254,1.204724409448819,0.03089907599990795,646,So do you come here often?
246,4645,9,35,215,259,1.2046332046332047,0.030003651308343003,646,He said there's no trespassing!
3774,4645,11,31,217,259,1.2046332046332047,0.03098515155375937,646,"Yada, Yada, Yeti."
4530,4647,12,30,222,264,1.2045454545454546,0.03105347420785175,646,Me too.
4482,4647,10,43,255,308,1.2045454545454546,0.027230567975436406,646,This Sherpa comes highly reeomended
3084,4649,10,35,224,269,1.204460966542751,0.02973804300554705,646,We're invited to a wall-painting party at 7...with the usual wooly mammoth BBQ.  Wanna go?
5310,4650,8,40,226,274,1.2043795620437956,0.028452306809954416,646,He said he is not abominable.
3229,4650,10,36,228,274,1.2043795620437956,0.029377002380042608,646,He’s not fooling anyone in that getup.
2618,4652,12,34,238,284,1.204225352112676,0.02954450436604944,646,"You just HAD to go and tell him he's ugly, didn't you?"
3771,4653,4,41,195,240,1.2041666666666666,0.028623656148479167,646,I guess this is what he meant by “turn left at Yeti Crossing.”
573,4654,8,34,203,245,1.2040816326530612,0.03055084731698391,646,Just cause he looks like my father doesn't mean I want to be with him.
848,4655,9,33,208,250,1.204,0.03068063240579107,646,Jeez — His behavior is absolutely abominable.
2214,4656,12,28,215,255,1.203921568627451,0.0317752447554829,646,That yeti said  he's moving to higher ground because of global warming.  I told him to email the White House.  Maybe trump will believe HIM.
5364,4656,9,34,212,255,1.203921568627451,0.03028251475492479,646,What?
3126,4658,9,35,216,260,1.2038461538461538,0.02989839090200613,646,The Bigfoot erotica made me think he'd be interested.
2907,4659,10,34,221,265,1.2037735849056603,0.03000767636091938,646,"Well, aren't you the one with abominable manners?"
4447,4659,10,34,221,265,1.2037735849056603,0.03000767636091938,646,See what you've done.  You are abominable.
2851,4659,5,44,216,265,1.2037735849056603,0.027523114256885514,646,"Trevor, that reminds me, we have to make it back to the city by six.  I’ve got my manscaping appointment"
5763,4662,8,40,227,275,1.2036363636363636,0.02835839537783516,646,"No, Larry, of course I'm not really here; you're hallucinating.  Where's your oxygen tank?  And who brought you up here?"
5888,4663,7,46,242,295,1.2033898305084745,0.026693016391133507,646,There is a lot of substantial foot traffic around here.
2149,4664,7,35,199,241,1.2033195020746887,0.03028145530256123,646,He says it’s only 1/2 mile to the next rest stop.
1472,4665,6,39,206,251,1.203187250996016,0.028962800760212203,646,"He’s my outdoorsy, mystery man!”"
562,4666,6,40,210,256,1.203125,0.028610997088737832,646,He says we'll get to see the Yetis in about an hour.
857,4666,7,38,211,256,1.203125,0.02914148948344483,646,Looks like we found a new sherpa.
1896,4666,8,36,212,256,1.203125,0.029662495920196708,646,"Holy heck, did you see that?!  That comparison about the size of a guy's foot must be true!"
5023,4666,11,30,215,256,1.203125,0.031173312767839877,646,He's just a big friend.
1025,4670,12,29,220,261,1.2030651340996168,0.03124245806844536,646,Is yet another Yeti a cacophony?
4107,4670,7,39,215,261,1.2030651340996168,0.028787653079590095,646,Very hair-suit don’t you think?
5865,4672,8,38,220,266,1.2030075187969924,0.028940136133563252,646,He said something about needing to get to the pharmacy to pick up his Rogaine.
1126,4672,8,38,220,266,1.2030075187969924,0.028940136133563252,646,He said he doesn't have a wi-fi code.
1020,4674,5,45,221,271,1.2029520295202951,0.02712542010171889,646,He has an appointment with a podiatrist.
1325,4674,11,33,227,271,1.2029520295202951,0.029996500724436766,646,He’s hurt because I told him to go for a hike.
3221,4674,4,47,220,271,1.2029520295202951,0.02661681440415692,646,"What form he has, right?"
3808,4674,12,31,228,271,1.2029520295202951,0.030448705430289404,646,This is just what you have to deal with to have beach front property in 2030.
5373,4674,11,33,227,271,1.2029520295202951,0.029996500724436766,646,They told me that climbing Mt. Everest would be scary. I wasn’t expecting this!
5830,4674,8,39,224,271,1.2029520295202951,0.02859701445436106,646,You still believe we should go to the pinnacle?
5975,4674,8,39,224,271,1.2029520295202951,0.02859701445436106,646,Did you catch the label?
1886,4681,13,30,233,276,1.2028985507246377,0.030506847361875037,646,"So some people have a high abominable factor, so what?"
2780,4681,11,34,231,276,1.2028985507246377,0.029630504782986778,646,You're always talking over me!
904,4681,3,50,223,276,1.2028985507246377,0.025829501052673155,646,He says he's going to go order some outerwear on Amazon.
824,4684,3,51,227,281,1.2028469750889679,0.025568702475144114,646,He's embraced the barefoot hiking movement.
3049,4684,10,37,234,281,1.2028469750889679,0.028839113878948133,646,I thought follow the leader was your idea
2088,4686,16,28,252,296,1.2027027027027026,0.030237614084415942,646,"I asked him, “Does da Crosstown Bus go by dis way ?” , and he said, “Do-dah, Do-dah!”"
4440,4687,5,40,202,247,1.2024291497975708,0.02865107009092243,646,"''Normal people scare him."""
5818,4687,9,32,206,247,1.2024291497975708,0.03086332861173024,646,The stock offering was over two months ago!  He’s boycotting all selfies until he receives his Yeti shares.
5593,4689,10,31,211,252,1.2023809523809523,0.03097280530986161,646,"He said  damit Julie, next time YOU climb every mountain."
1190,4689,10,31,211,252,1.2023809523809523,0.03097280530986161,646,He IS a scientist and he KNOWS that humans are causing global climate change.
5301,4689,9,33,210,252,1.2023809523809523,0.030458087845934904,646,"He says if we follow him, he's got a whole photo studio in his man cave."
3966,4692,8,36,213,257,1.2023346303501945,0.029557421409024308,646,That's Donald-The World's Greatest Snowman!!!
4183,4693,8,37,217,262,1.202290076335878,0.02919333779834618,646,"He says, ""Go back where you came from, 
there's no place for you here""."
2276,4693,7,39,216,262,1.202290076335878,0.028688037733971005,646,I don’t k know how he does it. He never gets tired. He’s a beast.
1549,4693,7,39,216,262,1.202290076335878,0.028688037733971005,646,He asked if I dated abominable creatures that don't exist.
1925,4693,13,27,222,262,1.202290076335878,0.03159886526002739,646,Get lost--you're not my type.
1258,4693,8,37,217,262,1.202290076335878,0.02919333779834618,646,"I don’t care what he says, it will take more than a fur coat to reach the summit."
1178,4698,9,36,222,267,1.202247191011236,0.029325692184356898,646,That angry howl we heard earlier was from the abominable snowman's even more abominable snowwife.
2587,4698,10,34,223,267,1.202247191011236,0.02980195480925713,646,Hey... was that John Goodman?
3980,4698,8,38,221,267,1.202247191011236,0.02884156607624313,646,Did you have to put your big foot in it and tell him he wasn't the one on the dollar coin?
140,4701,9,37,226,272,1.2022058823529411,0.028973529978599952,646,If you don't ask for directions...
2176,4701,12,31,229,272,1.2022058823529411,0.030345729719733015,646,It's been an uphill battle for recognition.
5085,4701,7,41,224,272,1.2022058823529411,0.028021423784061937,646,Sometimes I feel we are regressing as a race.
1562,4704,10,36,231,277,1.2021660649819494,0.02908614847988031,646,"Tom, I told you that hiring Bigfoot as our sherpa was a bad idea!"
456,4705,8,41,233,282,1.202127659574468,0.02785381625443058,646,You see what is ahead of us. Let’s turn back
3920,4706,9,40,238,287,1.2020905923344947,0.027983996104369004,646,He's gone retro.
2929,4707,9,41,242,292,1.202054794520548,0.027674624584088925,646,It's planet-warming/ He has to go higher to be comfortable in the cooler temperatures.
5784,4708,4,40,194,238,1.2016806722689075,0.028656191596131163,646,"Wow, his cardio must be really good!"
3116,4709,6,38,204,248,1.2016129032258065,0.02911322565272221,646,If only his resolution was to get in shape and shave.
3245,4709,8,34,206,248,1.2016129032258065,0.030213898021398605,646,He was just checking on us. Turns out he's a yeti yenta.
65,4711,9,33,211,253,1.2015810276679841,0.03034800547900862,646,"He doesn't leave the seat up, He understands me and I know he did vote for Trump."
235,4712,11,30,217,258,1.2015503875968991,0.030951144298848737,646,They did promise it wouldn’t be a walk in the park.
3117,4712,8,36,214,258,1.2015503875968991,0.02945307768215409,646,Why settle for ordinary when I can have someone bigger and better?
166,4714,11,31,221,263,1.2015209125475286,0.03055219688679019,646,I told you I should have worn my fur coat.
2251,4715,9,36,223,268,1.2014925373134329,0.02922580780818288,646,It wasn't me this time - I swear.
5278,4716,7,41,225,273,1.2014652014652014,0.02792841593632982,646,"oh sure, now he walks upright."
716,4716,8,39,226,273,1.2014652014652014,0.028406518040335456,646,He said to follow him 'NO MATTER WHAT!
690,4716,7,41,225,273,1.2014652014652014,0.02792841593632982,646,One of the first Hair Club volunteers.
184,4716,12,31,230,273,1.2014652014652014,0.03024344009911823,646,I said bring the Yeti cooler!
1322,4720,10,36,232,278,1.2014388489208634,0.028990455612850803,646,Free Solo
814,4721,9,30,200,239,1.200836820083682,0.03147729602719666,646,I'm done with doing your laundry and ironing your shirts. Goodbye.
3999,4722,6,37,201,244,1.2008196721311475,0.0293742320999456,646,"Listen -- it's more than just the cold shoulder, okay?"
1729,4723,8,34,207,249,1.2008032128514057,0.030103203577269814,646,He says it's just five more leaps.
2340,4723,11,28,210,249,1.2008032128514057,0.031675948455297274,646,He's heading for the men's room. The lady's room is at base camp.
4908,4723,8,34,207,249,1.2008032128514057,0.030103203577269814,646,He pointed to my sunglasses and said something about climate change
5542,4723,10,30,209,249,1.2008032128514057,0.031160521426423796,646,"He asked me "" Do You Know the Way to San Jose?'"
85,4727,10,34,225,269,1.2007434944237918,0.029598998208737015,646,Harry just confirmed that your haircut is atrocious.
337,4727,9,36,224,269,1.2007434944237918,0.029126592071762422,646,He said it's only a half mile to the summit.
3838,4727,5,44,220,269,1.2007434944237918,0.02715490837272333,646,Don't you just hate creatures who won't say 'good morning'!
459,4730,13,29,232,274,1.2007299270072993,0.03058213790478495,646,I'm not so sure I still want to go to his home for dinner.
2030,4730,14,27,233,274,1.2007299270072993,0.031016195960206175,646,"You're right, that wasn't Joni Mitchell."
2625,4730,11,33,230,274,1.2007299270072993,0.02969499373291791,646,Are you snow blind too?
3387,4730,9,37,228,274,1.2007299270072993,0.02878051679120414,646,Your friend certainly was stand-offish.
4680,4734,5,48,236,289,1.2006920415224913,0.026021947341818865,646,He said he just needs to get away once in awhile..
1619,4735,6,48,245,299,1.2006688963210703,0.025940993292507233,646,You and your sarcasm.
3635,4736,6,43,226,275,1.2,0.027261665529310277,646,I told you we should go au naturel!
3276,4736,9,32,209,250,1.2,0.030524201998259056,646,"Should we tell him how long a walk it is?"""
4256,4736,4,40,196,240,1.2,0.02844162584826345,646,'Free Solo' motivated them to go above treeline this season.
2210,4736,7,38,215,260,1.2,0.028734314428237644,646,"He asked politely if we'd leave, that he's relaxing on holiday and doesn't like to be scared while he's here.  Let's follow him!"
4780,4736,6,41,218,265,1.2,0.027885250450399975,646,"He may be abomnable, but oh,what a kisser."
5114,4736,5,40,205,250,1.2,0.02834101006325679,646,I thought I told you NOT to invite the boys.
5663,4736,8,38,224,270,1.2,0.028549784292003378,646,He said the way forward was Abominable!
4452,4736,12,30,228,270,1.2,0.030417716961717484,646,He's not at all happy about our choice of sandwiches this time.
2043,4736,8,36,216,260,1.2,0.029246552879969558,646,Do I detect a bit of bits envy?
3024,4736,7,41,227,275,1.2,0.027744210345537177,646,"He said if all goes well, the prototype will be available at REI in time for the holidays next year."
1358,4736,10,33,222,265,1.2,0.029865335263961398,646,Where'd you get that sherpa? Doesn't even lift a bag.
1800,4736,15,27,243,285,1.2,0.030561825924749774,646,"They do Brazilians, everything."
702,4736,10,30,210,250,1.2,0.031046021028253313,646,I told you my dad is very sensitive about that photograph!
670,4736,6,41,218,265,1.2,0.027885250450399975,646,All my worries are behind me up here!
317,4736,3,45,207,255,1.2,0.026880415533081434,646,"If you lose your way just look down, the tracks are pretty easy to follow."
289,4736,8,38,224,270,1.2,0.028549784292003378,646,"He said he wanted to play hide and seek, but I said no because I figured we'd never be able to find him."
269,4736,9,36,225,270,1.2,0.029028038404803225,646,We just broke up...he’s to old for me.
212,4736,10,35,230,275,1.2,0.029143946343858376,646,I bet he's a denier?
119,4736,4,46,220,270,1.2,0.026550760084726198,646,Can you see what I didn't just see?
4776,4755,7,43,236,286,1.1993006993006994,0.02704972545893046,646,He says your GPS doesn't work here.
2692,4756,10,36,235,281,1.199288256227758,0.02870706883962659,646,Let’s go ask him to be our Sherpa.
2120,4757,14,27,235,276,1.1992753623188406,0.030808143413056713,646,"Stand aside, I'm Don Jr. and my daddy said I could kill that Yeti!"""
4308,4757,6,43,227,276,1.1992753623188406,0.027172375889769212,646,See...He is leaving us because of your abominable remark!
2085,4759,12,30,229,271,1.1992619926199262,0.03031425141719459,646,Forest for the trees?  There are no trees.
5255,4759,6,42,223,271,1.1992619926199262,0.02747639348547192,646,He must be cold in his birthday suit!
2421,4761,9,35,222,266,1.199248120300752,0.029281810941890248,646,"We're next, unless we leave now."
3131,4761,12,29,225,266,1.199248120300752,0.03070086169076136,646,Sorry for the surprise breakup honey but hairy hunk's bun is in my oven and we're late for a big foot gathering.
746,4763,12,28,221,261,1.1992337164750957,0.031101178909335125,646,Ugh neighbors...
5994,4763,9,34,218,261,1.1992337164750957,0.029645674216550243,646,Yeti you beti!
3884,4765,7,37,212,256,1.19921875,0.028983980676853646,646,He said there are more scenic views just over the hill
5650,4766,8,34,209,251,1.199203187250996,0.02988419631580273,646,"Apparently, his name is WARP...and he can write."
2574,4767,8,33,205,246,1.1991869918699187,0.030274403854744125,646,There is nothing to see up there that you cannot see from down here.
2221,4767,9,31,206,246,1.1991869918699187,0.03081758481889174,646,He says he's running away from this crazy world.
191,4769,13,31,243,287,1.1986062717770034,0.029551079109106038,646,"I think he said something about ""forgetting ketchup""."
4664,4770,11,34,237,282,1.198581560283688,0.029051500999200938,646,How can you think following the instructor is better than following this guy??!
4778,4771,9,37,231,277,1.1985559566787003,0.028495705130531443,646,"I told him, 'OMG, the Abominable Snowman's a myth.'"
304,4772,6,42,224,272,1.1985294117647058,0.027384991410768358,646,The only contacts he wants is by texting.
519,4772,4,46,222,272,1.1985294117647058,0.026375604372848378,646,"This guide, you hired. Does she know where she is going?"
205,4774,10,33,224,267,1.198501872659176,0.029660056825115452,646,No wonder nobody can find this guy.
3294,4775,8,35,214,257,1.198443579766537,0.029402947792436858,646,The nudist movement is really gaining traction
1424,4775,11,29,217,257,1.198443579766537,0.030914880509865184,646,"It's easy, just follow is footsteps."
2047,4775,10,31,216,257,1.198443579766537,0.03041925384118449,646,Hmmm.  Maybe naked is easier.
2670,4775,8,35,214,257,1.198443579766537,0.029402947792436858,646,"It's over between us Todd, go back down.  His tantric technique is the stuff of my deepest fantasies, I can't even blink."
76,4779,5,40,207,252,1.1984126984126984,0.02813793849032613,646,"And we worried about OUR outfits..."""
468,4780,7,35,205,247,1.1983805668016194,0.02961170661306508,646,We've been climbing this abominable hill forever. Aren't we there yeti?
5968,4781,8,31,198,237,1.1983122362869199,0.030979424674673357,646,I told him that we could still be friends but he wasn't buying it.
4249,4782,10,38,245,293,1.1979522184300342,0.02788347348415815,646,Weird dude.
2425,4783,8,41,239,288,1.1979166666666667,0.02732570456342759,646,he's overrated.
2449,4783,8,41,239,288,1.1979166666666667,0.02732570456342759,646,"No, I didn't take his picture. He said he wasn't interested in followers."
2872,4785,11,33,234,278,1.1978417266187051,0.029302176979210927,646,Did you bring any sunblock?
1958,4786,11,32,230,273,1.1978021978021978,0.02965875583276247,646,OF COURSE HE IS GOING FASTER THAN US LOOK HOW BIG HIS FEET ARE !
3279,4786,8,38,227,273,1.1978021978021978,0.02826376206660456,646,"He's got to go back to camp, he forgot his cooler."
6052,4786,8,38,227,273,1.1978021978021978,0.02826376206660456,646,"Don't worry, our Sherpa is a legend. And, with those big feet he'll clear a great trail for us to follow!"
6032,4789,8,37,223,268,1.1977611940298507,0.028597241734875257,646,C'mon! Free hair care products for anyone who summits.
1438,4789,5,43,220,268,1.1977611940298507,0.027091545248949495,646,He's self-concious about his body.
4720,4791,6,40,217,263,1.1977186311787071,0.02792119160779432,646,Snowblind? You're hallucinating!
4376,4791,9,34,220,263,1.1977186311787071,0.029439227004967938,646,"Yeh. Same exchange whenever we part: I say, 'See you later,' and he replies, 'Better to see than be seen.' Really nice guy, though. Not as he is portrayed in the Fake News."
3515,4791,7,38,218,263,1.1977186311787071,0.02843620912527056,646,He forgot his SPF 30.
815,4794,10,31,217,258,1.197674418604651,0.030310880960263416,646,That is why I come here to this exquisite place of natural beauty to awaken my senses to all that is around me!
4248,4794,9,33,216,258,1.197674418604651,0.029809165063252076,646,When Harry left Sally
5316,4794,7,37,214,258,1.197674418604651,0.028779505835404923,646,I just gotta believe better directions do exist.
719,4797,9,30,204,243,1.1975308641975309,0.031001632585708497,646,"I'll deny it, so will I."
4205,4797,11,26,206,243,1.1975308641975309,0.032079923519543106,646,1.	Nepali government should consider building a Wall!
472,4799,8,31,199,238,1.1974789915966386,0.030860235514257275,646,"Yes, I saw it! Don’t you dare say it!  Your puns make a piece of me die inside"
4001,4800,11,35,243,289,1.1972318339100345,0.02853214592280616,646,"You know he’s sensitive, Mario... yeti there you go again putting your big foot in it by saying he looks like Donald Trump."
4815,4800,13,31,245,289,1.1972318339100345,0.029362251106177184,646,"'Says his name’s Gorp and, frankly, he sounds a little paranoid.'"
4695,4802,9,38,237,284,1.1971830985915493,0.027988021536198133,646,He’s leaving without even taking a selfie with us – he is truly abominable!
3794,4802,13,30,241,284,1.1971830985915493,0.029713069544440623,646,You bet he has a trek pole!
529,4802,13,30,241,284,1.1971830985915493,0.029713069544440623,646,I didn’t mean to offend him but I thought he was a Millenial.
2379,4802,9,38,237,284,1.1971830985915493,0.027988021536198133,646,I love you and that's why I have to leave you.
2806,4806,9,36,229,274,1.197080291970803,0.028640315928770435,646,Paranthropus? What Paranthropus?
3399,4806,8,38,228,274,1.197080291970803,0.028169672406422413,646,"Well, that proves it. They do smell sickly-sweet."
4060,4806,5,44,225,274,1.197080291970803,0.02670802659204308,646,I've heard he makes killer snow cones
4689,4806,7,40,227,274,1.197080291970803,0.02769103086688054,646,"Nice guy, boring personality though..."
193,4810,12,29,228,269,1.1970260223048328,0.030384728323259853,646,'Let's take a selfie.'
701,4810,5,43,221,269,1.1970260223048328,0.027000655743084558,646,He's an abominable hiker.
1628,4810,9,35,225,269,1.1970260223048328,0.028982835050084713,646,"Big feet, long toes."
2822,4810,6,41,222,269,1.1970260223048328,0.027509593595735442,646,He said he'll get the hostel open by the time we reach it.
4172,4810,9,35,225,269,1.1970260223048328,0.028982835050084713,646,"You go back home, he and I are gonna spend time cleaning his cave."
3541,4815,8,36,220,264,1.196969696969697,0.02884195138840892,646,Would you quit ordering me around?
2186,4815,9,34,221,264,1.196969696969697,0.02933706395971405,646,He said given our size he suggests the ridge to the right for the summit.
227,4815,8,36,220,264,1.196969696969697,0.02884195138840892,646,Calling him 'abominable' hurt his feelings.
176,4815,10,32,222,264,1.196969696969697,0.029823958215859994,646,Leave it to you to ask him where to find a good 'IPA 'and pizza around here!
3392,4819,12,27,220,259,1.196911196911197,0.03117848530875752,646,why didn't you tell me he was a vegan!
4502,4819,9,33,217,259,1.196911196911197,0.029703655645108774,646,We've walked back too far
5291,4819,9,33,217,259,1.196911196911197,0.029703655645108774,646,How rude! He’s sensitive about his shoe size.
1894,4822,10,30,214,254,1.1968503937007875,0.03059621470819794,646,Trust me; his feet aren't what's relevant to me for bigness.
3358,4822,10,30,214,254,1.1968503937007875,0.03059621470819794,646,I left him because of his hideous hairpiece.
4009,4822,8,34,212,254,1.1968503937007875,0.02956151502699486,646,He says not to bother.
4625,4822,8,34,212,254,1.1968503937007875,0.02956151502699486,646,"Her: darling,wouldn’t it...
Him: Did you just see that that?!?
Her: See what? I’m trying to talk to you?!?!"
3133,4826,4,41,204,249,1.1967871485943775,0.027692907034017663,646,He forgot his muffler.
5104,4827,8,41,241,290,1.196551724137931,0.027154024195283955,646,Not impressed. Maybe 18 Wide.
1184,4828,6,44,235,285,1.1964912280701754,0.026536427827222372,646,He says he lost his pedometer
4608,4829,7,41,232,280,1.1964285714285714,0.02729399134021874,646,He says “No Humans Allowed!”
336,4830,12,29,229,270,1.1962962962962962,0.03028077710164219,646,"He is a fast climber, yet he has no hiking boots. Nor any clothes ---abominable!"
490,4830,9,35,226,270,1.1962962962962962,0.028884510907178494,646,Where can I get a parka like that?
2105,4830,4,45,221,270,1.1962962962962962,0.026393764752169636,646,I'd say about a size 30.
5218,4830,11,31,228,270,1.1962962962962962,0.029822619458533983,646,"That was Donald Trump. All he said was, ""See? Global warming is a myth!"""
2306,4834,11,30,224,265,1.1962264150943396,0.03019761160019793,646,He's still holding out for a sponsorship deal with Yeti.
5024,4834,10,32,223,265,1.1962264150943396,0.029720497672811395,646,"He'll never make it to the top.
His outfit is abominable."
6006,4834,10,32,223,265,1.1962264150943396,0.029720497672811395,646,"If you follow her, I swear I'm going to my mother's mountain!"
2522,4837,8,35,217,260,1.1961538461538461,0.029092846732644017,646,Saying Good Bye is the hardest part.
3472,4837,9,33,218,260,1.1961538461538461,0.029598881071911238,646,WOW- I just saw TWO abominable humans!
4582,4837,10,31,219,260,1.1961538461538461,0.030096408264262613,646,Here’s a man you can trust to know his way
4372,4840,9,32,214,255,1.196078431372549,0.02997504969144366,646,"I am not coming home. His sense of 
adventure is better than just watching the travel channel."
541,4840,9,32,214,255,1.196078431372549,0.02997504969144366,646,"Honey, that's not the Yeti I had on my Christmas list."
5682,4842,7,35,208,250,1.196,0.029287660682838647,646,So how are your Exposure Therapy sessions working out?
258,4843,8,42,246,296,1.195945945945946,0.02678256365922619,646,That’s not fair; he has longer legs than we do.
4618,4843,7,44,245,296,1.195945945945946,0.026351498173123055,646,I told him about you so he's filing for divorce.
2866,4845,10,28,207,245,1.1959183673469387,0.03130802899065683,646,The only thing abominable is YOU! I'm going on with HIM.
2635,4846,8,41,242,291,1.1958762886597938,0.027068978686647725,646,Go figure. He wanted a sip from my Yeti.
5406,4846,10,37,244,291,1.1958762886597938,0.027930782088228374,646,"Uhh I like ive has enough of the brownies, Jane."
3166,4848,6,35,199,240,1.1958333333333333,0.029464015276058693,646,"Bigfoot? That's my cousin, dude"
4679,4848,8,31,201,240,1.1958333333333333,0.030624552293238846,646,I told you to bring your good camera! You never listen to me. Remember when we went to my aunts house and I told you not to turn the light off in the staircase and when..... came to...... and  you thought ... even though I told you to you it woul....
2275,4850,10,36,240,286,1.1958041958041958,0.02824671896113344,646,"I told you not to laugh about his big, hairy feet."
583,4850,7,42,237,286,1.1958041958041958,0.026912200432942415,646,Family isn't everything.
4485,4852,8,30,197,235,1.195744680851064,0.03104406897622595,646,I think I know why they call him Sasquatch!!
3989,4853,8,29,193,230,1.1956521739130435,0.031480056634469074,646,I told you he wasn’t interested in Little Foot.
4886,4853,7,40,229,276,1.1956521739130435,0.027508480572513896,646,I found him to be very anti-social.
15,4855,7,39,225,271,1.1955719557195572,0.027821127227792248,646,He said to follow him to his cave and we can have tea.
1682,4855,8,37,226,271,1.1955719557195572,0.028308103555243738,646,Any further would be abominable.
2720,4857,9,34,223,266,1.1954887218045114,0.029134823511941892,646,He wants to know: Who won the 2016 election?!
4011,4857,8,36,222,266,1.1954887218045114,0.028643762361680952,646,"You know, you should have a leash on your pet."
5105,4857,8,36,222,266,1.1954887218045114,0.028643762361680952,646,He'll never make it in that outfit.
4149,4860,3,45,213,261,1.1954022988505748,0.026326993035929717,646,He said the hard part of the trip is over and we should follow him for the quickest way to the top.
1165,4860,8,35,218,261,1.1954022988505748,0.02899090855150327,646,Claims he’s looking for the people who stole his idea for thermos type camping gear.
1154,4862,7,36,213,256,1.1953125,0.0288235352734838,646,"I told you we didn't need these ironic $5,000 Brooklyn Flea boots to get up there"
5881,4863,9,31,211,251,1.1952191235059761,0.03025371149025475,646,I guess Teddy Bare there doesn't do cuddles...
1058,4863,7,35,209,251,1.1952191235059761,0.02918119324179965,646,What happens when the evolutionary chart tilts uphill?
570,4865,8,32,206,246,1.1951219512195121,0.030107970724310616,646,I think he heard you talking smack about his prefrontal lobe. We'll never catch him now.
4281,4865,9,30,207,246,1.1951219512195121,0.03065410097271466,646,Big-Foot isn't even real- are you hallucinating again?
41,4867,9,37,236,282,1.1950354609929077,0.028033179196798878,646,He asked which way was up.
5384,4867,9,37,236,282,1.1950354609929077,0.028033179196798878,646,Don't ask him for a selfie!
5648,4867,7,41,234,282,1.1950354609929077,0.027117906522453886,646,"You're sure we're  going in the right direction?""
""Yes, I'm following Yeti man!"
3213,4870,6,41,225,272,1.1948529411764706,0.027234320080039464,646,This year's REI catalog is a bit too daring for my taste.
1971,4871,13,26,228,267,1.1947565543071161,0.030913699667370967,646,This was an abominable idea!
5212,4871,8,36,223,267,1.1947565543071161,0.02854567191918326,646,I didn't know Uncle Harry was making the hike.
1113,4873,9,33,220,262,1.1946564885496183,0.029391506454952573,646,He muttered something about needing photo ID.
5703,4874,5,40,212,257,1.1945525291828794,0.027642552992962695,646,"I sorry Allen, but I love Snow Joe and I’m going to folllow him to the Top Of The World..."
2199,4874,7,36,214,257,1.1945525291828794,0.02872121866039811,646,Should we ask him for a photo?
4845,4876,9,39,245,293,1.1945392491467577,0.027331499765070457,646,Big foot?! Are you saying I have big feet?
248,4877,7,35,210,252,1.1944444444444444,0.029075486178441017,646,I don't think Mother would approve.
329,4877,8,33,211,252,1.1944444444444444,0.029614244039728902,646,We forgot to bring our ugly sweaters.
1933,4877,7,35,210,252,1.1944444444444444,0.029075486178441017,646,"Hey, he invited us to his place for lunch!"
2482,4877,8,40,240,288,1.1944444444444444,0.02719085711939633,646,"He says to follow him, and meet Mrs Yeti"
5334,4877,6,44,238,288,1.1944444444444444,0.026285915806970813,646,"Let him take the lead, even if he may be an abominable know it all man."
266,4882,9,37,237,283,1.1943462897526502,0.02794244652972184,646,"Somehow he thought 'abominable' was a compliment, poor guy."
4585,4882,7,41,235,283,1.1943462897526502,0.027030700570284057,646,What do you mean? “Shit rolls downhill?”
5037,4882,9,37,237,283,1.1943462897526502,0.02794244652972184,646,Whaddaya mean I've got big feet!?
5864,4885,8,32,207,247,1.194331983805668,0.029996232270926952,646,I guess time really does feel different on vacation.
4617,4886,8,38,232,278,1.1942446043165467,0.027799410094576687,646,It’s abominable how everyone is trying to climb Mount Everest these days.
2585,4887,7,33,202,242,1.1942148760330578,0.029822900334417698,646,I don't believe in anyone who hikes without proper boots or cool sunglasses.
3628,4888,8,36,224,268,1.1940298507462686,0.028448242002710893,646,I wish I had dressed as warmly as he did.
2838,4888,5,42,221,268,1.1940298507462686,0.026934217311401328,646,"Don't be so jealous, Jeffrey!  There's nothing going on between us!"
1329,4890,6,33,193,232,1.1939655172413792,0.030012049044533865,646,You kept doubting him Yeti did get us up here
4236,4891,8,41,245,294,1.1938775510204083,0.026816963643154945,646,"Yes, I know, I told him yesterday he needs some sunglasses."
5443,4892,4,36,187,227,1.1938325991189427,0.029109483096330668,646,Don't meet your heroes - his foot size is average at best.
576,4893,6,38,214,258,1.193798449612403,0.02808770577579973,646,Don't make eye contact.
202,4894,11,34,244,289,1.193771626297578,0.028403635245971146,646,"Technically he is still an illegal alien, but he voted for Trump"
2457,4894,11,34,244,289,1.193771626297578,0.028403635245971146,646,"I hear that if you step in his footsteps, the avalanche won't kill you."
3936,4896,13,23,217,253,1.1936758893280632,0.03205478554520811,646,He only has 3 minutes to catch his Uber rendezvous.
3807,4897,10,28,210,248,1.1935483870967742,0.030958544191528804,646,They promised our Sherpa wasn't going to be Greek.
709,4898,8,37,229,274,1.1934306569343065,0.028024675056113894,646,OMG! GMOs are more hazardous than we thought!
4210,4898,8,37,229,274,1.1934306569343065,0.028024675056113894,646,"Oh, he doesn't look too abominable!"
5025,4900,3,41,199,243,1.1934156378600822,0.02732550854070355,646,He gave me his autograph but wouldn't do a selfie with me
3524,4900,7,33,203,243,1.1934156378600822,0.02971067076134443,646,No not a Big foot sighting. But I do believe we've discovered Big Butt.
2594,4902,11,30,228,269,1.1933085501858736,0.029783092796457925,646,Trump couldn't get his southern border wall so he opted for Bigfoot on the northern border instead.
3208,4902,10,32,227,269,1.1933085501858736,0.02931365359822041,646,Don't look! Bird Box!
1405,4904,5,36,197,238,1.1932773109243697,0.028899505691895123,646,I'm glad I have a good razor.
185,4905,9,33,222,264,1.1931818181818181,0.029186982194304684,646,"I learned from him how to climb this mountain 
without a hiking stick."
1994,4905,6,39,219,264,1.1931818181818181,0.027667028101254917,646,"Take care of yourself, Bud. I'm going to spend the rest of my life with the Snowman."
3082,4905,6,39,219,264,1.1931818181818181,0.027667028101254917,646,I think his name is Eddie.
3496,4905,10,31,223,264,1.1931818181818181,0.029676338916646516,646,What a nerve! He winked at me!
5642,4905,9,33,222,264,1.1931818181818181,0.029186982194304684,646,"When global warming began, he rented out the house next to us near the Everest summit."
5435,4910,8,40,242,290,1.193103448275862,0.027019595627337464,646,So Margaret is really all in on this Januhairy thing huh?
700,4910,5,46,239,290,1.193103448275862,0.025660632212362623,646,He forgot to pack his razor.
1411,4912,7,36,216,259,1.193050193050193,0.028518718867493693,646,Did you remember to pack a razor?
283,4912,7,36,216,259,1.193050193050193,0.028518718867493693,646,I told you Robin Williams was still alive in the Alps.
4642,4914,7,41,237,285,1.1929824561403508,0.02685793577350736,646,"No pictures, worst comb-over ever."
5308,4914,4,47,234,285,1.1929824561403508,0.025440513547900973,646,Do you think he'd carry out backpacks for us?
1621,4916,10,29,215,254,1.1929133858267718,0.030440635473773944,646,He said he needed to go home -- he was feeling abominably.
734,4917,7,40,233,280,1.1928571428571428,0.027150401840371145,646,These clothes are weighing us down.
4195,4917,11,32,237,280,1.1928571428571428,0.028975004298758718,646,Did you See that guy!? He was wearing a figleaf!
328,4919,13,27,235,275,1.1927272727272726,0.030213892344140944,646,Do you have to bring your opinions everywhere you go?!
4313,4919,7,39,229,275,1.1927272727272726,0.027452185504814923,646,"See John, I told you the locals were tall around here."
71,4921,8,31,205,244,1.1926229508196722,0.03016369060614979,646,Hiking helps him to slim down and become 'The Abdominal Snowman'.
5091,4922,7,38,225,270,1.1925925925925926,0.027763776360220295,646,He wants to be the first to complete an unsupported solo climb
4904,4922,9,34,227,270,1.1925925925925926,0.028738492284772765,646,He said he was sorry but that “He won’t take no group selfie without a selfie stick”.
3329,4922,9,34,227,270,1.1925925925925926,0.028738492284772765,646,"If we just stand here and argue, destiny may just pass us by."
2063,4922,7,38,225,270,1.1925925925925926,0.027763776360220295,646,You never know who you're going to meet up here.
1404,4922,10,32,228,270,1.1925925925925926,0.029213657239598605,646,"He just passed gas, you follow him!"
62,4927,8,41,247,296,1.1925675675675675,0.02665150827561534,646,"These sunglasses aren't polarized, Bill!"
3693,4927,12,33,251,296,1.1925675675675675,0.02831819086973559,646,He asked if I was available Friday night for a cocktail
865,4929,7,32,200,239,1.1924686192468619,0.02998612113904672,646,You say one more thing about my feet and I'm heading back.
1680,4929,10,26,203,239,1.1924686192468619,0.031696198259708985,646,You said the hotel was ten minutes from the city centre!
1629,4931,8,35,222,265,1.1924528301886792,0.028590108537400676,646,"He said  that if we want to climb this mountain, we need to call ahead  for reservations."
2519,4931,9,33,223,265,1.1924528301886792,0.029085770930425275,646,He says if we strip down to our skivvies we can follow in his footsteps.
3477,4931,4,43,218,265,1.1924528301886792,0.02651496272735579,646,Yeti Schmeti. This vacation is abominable.
3707,4931,7,37,221,265,1.1924528301886792,0.028085699951105544,646,"It's quits for real!  His behavior was abominable, too!"
1380,4935,9,38,244,291,1.1924398625429553,0.027371167308489024,646,"Back and forth he goes, demolishing walls to let his family in!"
5419,4936,6,33,195,234,1.1923076923076923,0.029777969149158125,646,"Yes, since they translated ""Into Thin Air"" into Yeti, absolutley everyone is trying it."
4078,4936,8,39,239,286,1.1923076923076923,0.027226760554357993,646,"Sorry, Dan. He was pretty insulted as a vegan that you keep offering him jerky. He says I have to choose—him or you. At least he can get me off this mountain."
2815,4936,8,39,239,286,1.1923076923076923,0.027226760554357993,646,All I said was your breaths abominable!
5121,4939,12,30,239,281,1.1921708185053381,0.02931664859094363,646,"He's not just the president, he's a member…"
2328,4940,9,31,215,255,1.192156862745098,0.02981708265190906,646,Homefield advantage
4332,4940,10,29,216,255,1.192156862745098,0.030330461767014223,646,"I don't know what it was, but it has a big Google footprint."
1502,4942,12,29,235,276,1.1920289855072463,0.029671558219427116,646,There goes2018
3489,4943,7,38,226,271,1.1918819188191883,0.027670265137777254,646,"No, you're abominable with that needle stick and those little feet!"
4877,4944,8,31,206,245,1.1918367346938776,0.030050607885401658,646,He said he is late for the family dinner.
1603,4945,6,39,221,266,1.1917293233082706,0.027477742062554305,646,Let’s just go to his cave for a little bit. I’m sure he doesn’t have company often and I hear he makes great snow cones.
5766,4945,9,33,224,266,1.1917293233082706,0.028985250824771578,646,He feels strongly that he should get royalties for the damn cup.
2111,4947,6,43,238,287,1.1916376306620209,0.026226854322314898,646,He says we are trespassing on his property!
4325,4947,8,39,240,287,1.1916376306620209,0.027140000804951294,646,"See, that guy doesn't need any high-tech climbing gear."
2279,4949,8,34,219,261,1.1915708812260537,0.02883468535559908,646,I wouldn't follow him if I were you.
2735,4950,9,36,237,282,1.1914893617021276,0.027894754751976034,646,"If we follow him, do you think he'll take us home with him? Won't everyone be jealous?"
3910,4950,10,34,238,282,1.1914893617021276,0.028343543948005773,646,He was the proverbial 98-pound weakling before he took up climbing.
4197,4950,8,38,236,282,1.1914893617021276,0.02743862609193916,646,He says that we're not at the top yeti.
1880,4953,10,38,255,303,1.1914191419141915,0.027038386661472083,646,"You would think for a Yeti, he would be able to point us towards the elusive Sasquatch."
2505,4954,6,32,192,230,1.191304347826087,0.030056780863259667,646,"I walked right by them. There were two, they didn't even see me."
3935,4955,7,43,248,298,1.191275167785235,0.026058005984950342,646,"Trust me, it's like the new Brooklyn."
3173,4956,12,28,232,272,1.1911764705882353,0.02993617576086896,646,"Coffee is okay, yet tea is my favorite"
172,4957,6,44,243,293,1.1911262798634812,0.025878579522662565,646,"Selfie stick, are you kidding?"
1832,4957,11,34,248,293,1.1911262798634812,0.028046093984938764,646,He says he's fleeing China.
4641,4959,8,27,190,225,1.191111111111111,0.03174246011654486,646,"""He's looking for some sunscreen and a pair of dry boots."""
1139,4960,4,39,203,246,1.1910569105691058,0.027632758782710327,646,"Goodbye, John.......I'm going with him."
964,4960,3,41,202,246,1.1910569105691058,0.027025642501779933,646,He forgot his backpack!
2484,4962,11,29,227,267,1.1910112359550562,0.02984439264465239,646,Impressive feat.
4380,4962,4,43,220,267,1.1910112359550562,0.026335636574776618,646,He was hoping that we were carrying insulated mugs.
5378,4964,10,35,243,288,1.1909722222222223,0.027933861472167552,646,I really wanted an abominable selfie!
452,4965,7,40,236,283,1.1908127208480566,0.02688781468025787,646,He claims he gets a 20 second head start.
5405,4965,9,36,238,283,1.1908127208480566,0.027804246492683447,646,That rug front of the fire?
888,4967,6,37,214,257,1.1906614785992218,0.02802079906777057,646,"I offered, but he said I wasn't his type."
1343,4967,9,31,217,257,1.1906614785992218,0.029603406534567042,646,"What in The Wide, Wide World of Julie Andrews brings you here today?"
5008,4967,4,41,212,257,1.1906614785992218,0.02691407652190062,646,I would suggest the restroom at base camp
4083,4970,10,33,235,278,1.1906474820143884,0.028579073006867583,646,He says the only way to go is up.
4057,4971,11,35,253,299,1.1906354515050168,0.027652698173643395,646,What do you make of us not leaving footprints in the snow?
3830,4972,8,40,246,294,1.1904761904761905,0.026683378014614713,646,"He may be a snowman, but in another 1,000 feer, he'll need oxygen like everyone else."
1803,4972,5,38,209,252,1.1904761904761905,0.027792454407512438,646,"While you besmirch my new man, HE has no problem buying me lady products."
3017,4972,8,36,229,273,1.1904761904761905,0.027970774528825237,646,Hiking in Colorado has really changed since Trump made it his summer getaway White House.
4068,4975,6,43,240,289,1.1903114186851211,0.026061857103225654,646,And then I said I was too young to go out with him.
4655,4975,8,39,242,289,1.1903114186851211,0.02696810773359623,646,"George said if he's going to pull this off, he'll need more money."
3548,4977,6,39,223,268,1.1902985074626866,0.027290990194193593,646,How could you forget your iPhone Brad.
5348,4977,5,41,222,268,1.1902985074626866,0.02677401742032562,646,"Oh, you think anyone who's not into cryptozoology is an academic butt-kisser."
2055,4979,7,33,207,247,1.1902834008097165,0.02926996505266532,646,He said that Global Warming is fake.
2500,4980,9,36,239,284,1.1901408450704225,0.027714316553669384,646,"Withi this guy for a neighbor, it  practically guarantees you wife will never call you a Neanderthal!"
5142,4981,9,32,222,263,1.1901140684410647,0.02913588682355124,646,No sunglasses? Sunglasses! Amazon is amazing.
4375,4982,6,34,202,242,1.1900826446280992,0.02906124664981626,646,He is not a public figure!  Leave him alone!
1507,4983,7,47,267,321,1.190031152647975,0.02484533537937542,646,I didn't know your brother was coming along?
612,4984,8,33,217,258,1.189922480620155,0.028981910086492247,646,You’re asking me to put my life in the hands of a man who has not fully evolved.
1371,4985,9,34,231,274,1.1897810218978102,0.02835267275435653,646,Way retro!
2923,4985,7,38,229,274,1.1897810218978102,0.027393421587789662,646,I'm attracted to him.
4451,4987,9,30,214,253,1.1897233201581028,0.029872389107242714,646,I can see it's not occupied. I'm gonna give it a couple minutes.
4038,4988,8,35,226,269,1.1895910780669146,0.028200101559021463,646,"Don't look behind you, but I think I see the Yeti."
839,4989,7,33,208,248,1.189516129032258,0.02916179761902418,646,He'll be back in a minute; he forgot to post on Instagram.
3643,4989,8,31,209,248,1.189516129032258,0.02971633058174411,646,Wow! What a warm fuzzy!
4051,4989,11,25,212,248,1.189516129032258,0.031321077437649364,646,Let's follow him
4813,4989,5,37,206,248,1.189516129032258,0.0280198271699126,646,I guess 'The Abominable Stinker' would turn off the tourists.
5263,4993,13,28,244,285,1.1894736842105262,0.02935944537997799,646,We just broke up.
4142,4993,7,40,238,285,1.1894736842105262,0.02671552103467354,646,Abominable!?  He seems quite pleasant and he's a Sherpa to boot.
3274,4995,7,36,221,264,1.1893939393939394,0.02802458033964575,646,I think he's still in the process of becoming human.
3763,4995,10,30,224,264,1.1893939393939394,0.029526133998007402,646,She doesn’t like man
3403,4997,3,40,200,243,1.1893004115226338,0.02713275625060793,646,He said the hot springs are just a little further.
2442,4998,7,39,234,280,1.1892857142857143,0.02700435599091544,646,I'm guessing his diet is gluten free.
3840,4998,7,39,234,280,1.1892857142857143,0.02700435599091544,646,...I bet he plays for the Celtics!
694,5000,5,39,215,259,1.1891891891891893,0.02728024802204061,646,"I thought that your question was abominable, yet I can understand why you asked him."
4554,5001,10,32,233,275,1.1890909090909092,0.028723627060717714,646,"You're calling me self involved?... Really, Gavin?"
4846,5001,4,44,227,275,1.1890909090909092,0.025802905842765598,646,Whatta jerk — he said dressing in layers is overrated.
4474,5001,5,42,228,275,1.1890909090909092,0.02631221674804415,646,I thought you said you couldn’t secure a guide
5223,5001,9,34,232,275,1.1890909090909092,0.02825781221640782,646,This is not what I meant by off-piste.
3826,5001,10,32,233,275,1.1890909090909092,0.028723627060717714,646,"Nah, not the Abominable one, just an exhausted St. Nick."
2439,5001,6,40,229,275,1.1890909090909092,0.02681185466284425,646,Don't look at me that way!  He got fresh with me!
1248,5001,10,32,233,275,1.1890909090909092,0.028723627060717714,646,You never bring up politics on a first date Jon! Everyone knows that...
3845,5001,9,34,232,275,1.1890909090909092,0.02825781221640782,646,So when we defund national parks you don't need a pass?
3578,5009,8,32,214,254,1.188976377952756,0.02923642433602284,646,He is an alternate real.
1866,5010,4,33,180,217,1.1889400921658986,0.029666986045818695,646,I believe the phrase is ‘laugh it up fuzzball’. That and ‘why are there no footprints’?
1090,5011,5,41,224,270,1.1888888888888889,0.02659393910184407,646,That's what happens when your tent comes with free wi-fi and Netflix.
5363,5012,10,37,255,302,1.1887417218543046,0.026994736157780995,646,Behold- the furry butt strut.
1239,5013,8,34,223,265,1.1886792452830188,0.028434983400002042,646,I think his grunts indicated the path is this way
3996,5014,8,37,236,281,1.188612099644128,0.02738463315772715,646,"New year, same me."
777,5015,7,42,248,297,1.1885521885521886,0.026002748547705255,646,Always judgmental!  I think you are abominable.
1579,5016,5,36,203,244,1.1885245901639345,0.028252730348032738,646,Now you've done it again. I told you not to question his sense of style.
5164,5017,5,39,216,260,1.1884615384615385,0.02718486160632719,646,I don’t think he’s with the Backroads group
667,5017,6,37,217,260,1.1884615384615385,0.027725741293159176,646,I do NOT have big feet!
1605,5019,6,40,230,276,1.1884057971014492,0.02672331726751561,646,The nerve of that guy! He grabbed my phone when I tried to take a picture of him! Abominable doesn't even come close!
4390,5019,10,32,234,276,1.1884057971014492,0.028627565916657625,646,He just said if I want to see him naked I should Google his site.
4714,5019,5,42,229,276,1.1884057971014492,0.026225659660859404,646,I thought fur was a faux pas again but it’s suiting him quite well
586,5022,7,41,244,292,1.1883561643835616,0.026270030825896674,646,He says climate change is getting pretty abominable!
5457,5023,9,27,203,239,1.1882845188284519,0.030961297766196837,646,"Totally, it’s not him."
2865,5024,11,26,218,255,1.188235294117647,0.030679783667199916,646,His back-hair makes him more manly than you.
3125,5024,7,34,214,255,1.188235294117647,0.028596068844301756,646,"Personally, I think he doesn't have enough layers to go up there."
4340,5024,9,30,216,255,1.188235294117647,0.02965623272782833,646,What an abominable time to get snow blindness.
5050,5027,9,33,229,271,1.188191881918819,0.02849277762322147,646,Davos parties are known for being funky.
431,5027,11,29,231,271,1.188191881918819,0.02943646700990372,646,Have you seen my father? He left his shaving cream at home.
4230,5027,8,35,228,271,1.188191881918819,0.028009012299917865,646,Is that your dad?
4809,5027,7,37,227,271,1.188191881918819,0.027516743327427942,646,He's looking for a place that serves hot chocolate.
5908,5031,8,31,211,250,1.188,0.029497532399688664,646,I explicitly said not to tell him about Twitter!
3121,5031,10,27,213,250,1.188,0.030567326441531196,646,They don't make snowshoes in his size.
2069,5033,8,34,224,266,1.1879699248120301,0.02833676244926031,646,"Sorry, John. It is over between us. Do I love that hairy brute? Yes. Yet I ... know not why!"
2388,5033,12,26,228,266,1.1879699248120301,0.030273146210197846,646,"Ugh, are we there yeti?"
4913,5033,7,36,223,266,1.1879699248120301,0.027831623870450996,646,"If he can make it to the top, I think we can too."""
2904,5036,9,25,195,229,1.1877729257641922,0.031838192487697856,646,Are you going to let him get away with _that_?
4835,5037,8,30,207,245,1.1877551020408164,0.029877430359161607,646,"Okay, so he's already reached the peak in his career--but if you want to lead instead, you've got big shoes to fill!"
1117,5038,4,41,216,261,1.1877394636015326,0.02654058564105968,646,Big Foot or Extra  Large ?
2341,5038,4,41,216,261,1.1877394636015326,0.02654058564105968,646,"Well, I guess he didn't see me."
3687,5038,6,37,218,261,1.1877394636015326,0.02762874540585433,646,The hairspray was a deal breaker.
4793,5041,9,36,243,288,1.1875,0.027360272198454445,646,"GPS is down, can't find trail, OMG what do we do?"
1977,5041,8,35,229,272,1.1875,0.02791442374794693,646,He doesn't need a walking stick.
1401,5041,5,38,213,256,1.1875,0.027397312734975292,646,Apparently snow blindness is just another figment of the imagination?
1100,5041,10,31,231,272,1.1875,0.028870058914293575,646,"It's not that hard, if you already live there."
868,5041,6,36,214,256,1.1875,0.02795084971874737,646,He saw his reflection in the snow-covered hill. Guess that means it’s safe to climb!
660,5041,5,41,226,272,1.1875,0.026416229488284017,646,He says he doesn’t know the way down.
1370,5041,6,36,214,256,1.1875,0.02795084971874737,646,He said he’d give Santa our regards.
1063,5048,8,34,225,267,1.1872659176029963,0.028239209619353736,646,I knew we got the wrong style snowsuit for this mountain.
1131,5048,8,34,225,267,1.1872659176029963,0.028239209619353736,646,Follow him he's evolving to a higher place.
1273,5048,7,36,224,267,1.1872659176029963,0.027736125749001927,646,"So he said, “Just follow me,” but I’m a little nervous he’ll disappear and we’ll never see him again."
5957,5051,7,33,211,251,1.1872509960159363,0.028841980024766324,646,he's a good roommate but i wish he'd buy his own shampoo and conditioner
1520,5051,8,31,212,251,1.1872509960159363,0.029389323260483203,646,"No, you tell him they’re out of towels"
5264,5053,6,43,245,294,1.1870748299319729,0.02565817332263338,646,Just how DOES he do that without shoes?
1230,5054,9,34,235,278,1.1870503597122302,0.027976958291495158,646,You may follow the Neanderthal. I'm returning to civilization.
1147,5054,11,30,237,278,1.1870503597122302,0.028890382475961717,646,He is searching for global warming.
5697,5056,12,25,225,262,1.1870229007633588,0.030553538763792062,646,"He says he's not some plaything and that if we're serious about fooling around, we have to sign a contract and enter his polycule."
285,5057,8,41,256,305,1.1868852459016392,0.0259312202074118,646,It’s not really an ascent.
826,5058,9,33,231,273,1.1868131868131868,0.028300390117605354,646,No wonder we’re lost! He said we should have taken the left at the last trail marker.
4130,5058,5,41,227,273,1.1868131868131868,0.026328248687590407,646,I think things are better where he's going.
4544,5058,5,41,227,273,1.1868131868131868,0.026328248687590407,646,He's just a guy in a furry suit.
4833,5058,9,33,231,273,1.1868131868131868,0.028300390117605354,646,I knew it!  He thinks same-sex marriage is abominable.
4790,5062,11,34,255,300,1.1866666666666668,0.027441366837280157,646,"I swear, it was just an abomidable cup of coffee."
2723,5063,5,43,236,284,1.1866197183098592,0.02570587004867095,646,Really!? That's a new low for you Jack.
1798,5063,10,33,241,284,1.1866197183098592,0.028021655826552277,646,He was saying that Everest was right here
3297,5065,9,32,227,268,1.1865671641791045,0.028634598159165563,646,"OK, sure but, can it tie a butterfly knot?"""
5067,5066,5,37,210,252,1.1865079365079365,0.02761468413941453,646,His feet's not that big
2432,5066,9,29,214,252,1.1865079365079365,0.02981692462758775,646,"It is after 5pm, he will be abominable again tomorrow."
1164,5068,8,36,235,279,1.1863799283154122,0.027418297262503374,646,"""Oh, he's just checking out the hairy spots."""
3821,5068,9,34,236,279,1.1863799283154122,0.027884562892925895,646,Oh he just needed to borrow a trowel.
5507,5068,6,40,233,279,1.1863799283154122,0.026461129584088448,646,So...Can you see yourself wearing it tomorrow?
585,5071,6,37,220,263,1.1863117870722433,0.027436747624562125,646,"Uh - Are you kidding me, Greg? Whatever-that-was just pushed  me over! I told you to stop him, yeti's walking away..."
4704,5071,9,31,223,263,1.1863117870722433,0.02898017022145979,646,No squatch here man.
5145,5071,8,33,222,263,1.1863117870722433,0.02847499284368353,646,He told me he doesn't wear boots because his feet are too big.
5460,5071,6,37,220,263,1.1863117870722433,0.027436747624562125,646,"Sure its a hike for laser hair removal, but Mom swears by it!"
4747,5075,10,31,233,274,1.186131386861314,0.028675217722191917,646,He's angry because the weather today is sunny and not abominable.
3341,5075,6,39,229,274,1.186131386861314,0.02674545006831271,646,Let's go back. The top looks kind of scary from here.
5880,5075,7,37,230,274,1.186131386861314,0.027240711304428775,646,Don't even try getting a word out of that guy-- his manners are abdominal.
1869,5078,7,31,204,242,1.1859504132231404,0.029464381529215787,646,"Did you see that? So abominable, he just invaded my space. 
Aren't  you going to say something!"
1118,5079,9,32,228,269,1.1858736059479553,0.028536380727138336,646,My turn. We already have Ascent of Man.
3815,5079,9,32,228,269,1.1858736059479553,0.028536380727138336,646,He says your perfect snow outfit makes him sick.
5513,5081,12,31,253,296,1.1858108108108107,0.0280656756692572,646,He got mad when I told him he needed a shave.
1057,5082,7,33,213,253,1.1857707509881423,0.028632589618708525,646,Do you not understand the word ‘abominable’ ?
955,5083,9,34,237,280,1.1857142857142857,0.027792768977938292,646,Fool me once....!
4253,5083,8,36,236,280,1.1857142857142857,0.027328307100078206,646,I just became a highly paid scout for the N.F.L.
1225,5085,10,29,225,264,1.1856060606060606,0.02937330379407844,646,"Well, he wasn't very abominal at all."
790,5086,8,35,232,275,1.1854545454545455,0.027634407781871987,646,"See? The camera does add 10 pounds.""
Zgjim Terziqi, Kosovo"
2090,5087,6,36,217,259,1.1853281853281854,0.0276546879398618,646,"After his recovery from cocaine addiction, Leo really hates being called Abominable Snowman."
322,5088,8,37,241,286,1.1853146853146854,0.026944856532611538,646,"I'm tired of having this conversation over and over again. If you want to run for acting attorney general, then run."
1957,5088,9,35,242,286,1.1853146853146854,0.02739638954689374,646,Lunch? Not Yeti.
5679,5090,9,32,229,270,1.1851851851851851,0.028438827523801898,646,"Try not to panic but I think there's a body buried over there"""
3446,5090,6,33,204,243,1.1851851851851851,0.028767689378173512,646,"Haven't you heard of ""pix or it didn't happen""?"
4643,5090,6,38,226,270,1.1851851851851851,0.02694728964842527,646,"He's hurt, says he's acrually quite bominable."
4140,5093,9,34,238,281,1.1850533807829182,0.027701570774539497,646,Honey did you consider that he might get hungry and eat us after we smoke that blunt?
4267,5093,3,46,232,281,1.1850533807829182,0.024796380799494443,646,But I told your family that we were going to Miami.
4382,5093,6,40,235,281,1.1850533807829182,0.026289137720077065,646,"Don’t wait up, he invited me to a cosplay wedding."
3536,5096,8,38,246,292,1.1849315068493151,0.026575856881292114,646,"It's just a cooler, Frank. I want the real thing."
2459,5097,6,39,231,276,1.184782608695652,0.026568351444997446,646,He wants us to follow him.
5238,5098,11,26,223,260,1.1846153846153846,0.030131496175152258,646,He wants to know if we're interested in buying shares of Yeti Spaghetti
145,5098,9,30,221,260,1.1846153846153846,0.02912914352247858,646,You follow him if you think foot size is a measure of spatial awareness.
3401,5098,7,34,219,260,1.1846153846153846,0.028091047380848874,646,"I think it's time to descend: I just saw a guy in a funny white bearskin costume, and it's way past Halloween."
1001,5101,8,34,229,271,1.1845018450184501,0.02785554699790291,646,You should have offered him a bigger tip!!
498,5101,7,36,228,271,1.1845018450184501,0.02736051702514004,646,Where is my camera?
5937,5103,9,36,248,293,1.1843003412969284,0.026930095490533396,646,Perhaps we wait until he makes it to the summit!
2027,5104,3,43,220,266,1.1842105263157894,0.02553823617139623,646,Who knew that gaining perspective would actually increase my solipsism?
3362,5104,7,35,224,266,1.1842105263157894,0.02767115433270209,646,Said he left his car keys in his other suit.
1339,5106,13,25,239,277,1.184115523465704,0.029737974878732972,646,Don’t look now but Bigfoot is behind you.
5094,5106,6,39,232,277,1.184115523465704,0.02648066680082089,646,Do you think he might know where the closest loo is?
1750,5108,4,38,208,250,1.184,0.027046293794753627,646,Who cares - as long as he can take an instaworthy picture for us
979,5109,10,28,223,261,1.1839080459770115,0.029529270295781902,646,"I told him it's over.  Let's go back to our little home, dear."
1865,5109,8,32,221,261,1.1839080459770115,0.028513732089473203,646,"No, we're not going to push him off and see if he bounces."
5126,5109,10,28,223,261,1.1839080459770115,0.029529270295781902,646,"Why is he running away from us?""
""I told him earth is flat"""
5745,5109,12,24,225,261,1.1839080459770115,0.030511025724030333,646,Where’s a can of red paint when you need one?
5722,5113,6,38,228,272,1.1838235294117647,0.02676604160898631,646,I think he's mad at us
4856,5113,4,42,226,272,1.1838235294117647,0.025732386886551124,646,"Must be one of those ""hipsters""  the folklore talks about"
2804,5115,4,35,195,234,1.1837606837606838,0.028115391371721664,646,He’s not going our way.
2861,5116,11,30,242,283,1.1837455830388692,0.02841696000266448,646,He doesn't know where Kylie did her Instagram shoot either.
82,5117,8,38,248,294,1.183673469387755,0.026409695107930883,646,This is a perfect spot for selfies!
2867,5118,9,29,218,256,1.18359375,0.029385843261008168,646,Should we warn him about how the world has turned out to be?
1807,5119,12,25,230,267,1.1835205992509363,0.030020571227211672,646,"No help coming back, He is staying in the White House"
3058,5119,11,27,229,267,1.1835205992509363,0.029547832550742812,646,He changed his mind. No pickles.
1114,5121,9,33,236,278,1.183453237410072,0.027830478872445212,646,It ate my friend.
1626,5121,4,43,231,278,1.183453237410072,0.02539046166105253,646,Should we invite him back to the lodge for some eggnog?
4876,5121,8,35,235,278,1.183453237410072,0.02735988947506863,646,Mike’s going to get there hours before we do with all this arguing!
1357,5124,9,35,245,289,1.1833910034602075,0.027134085801291157,646,Himalayan? No! He said I wasn't his type.
4752,5125,6,43,251,300,1.1833333333333333,0.02518972969979173,646,"Let's ask HIM who did the best acting in that ""Twilight Zone"" episode; Shatner or Lithgow"
1944,5125,6,32,202,240,1.1833333333333333,0.028907746947242074,646,"To me, the lede is its formation of a 2020 presidential exploratory committee."
3046,5127,5,36,210,251,1.1832669322709164,0.02753331082577051,646,I told you so--Airbnb's can be abominable.
4761,5128,6,36,220,262,1.183206106870229,0.027364655168017792,646,Eat your heart out!
1418,5129,5,40,228,273,1.1831501831501832,0.02616662039250988,646,"I'm sorry, but I'm going away with him.  Goodbye."
1964,5129,9,32,232,273,1.1831501831501832,0.028150087470890085,646,He's naked.  He's not even wearing sunglasses!
5982,5129,10,30,233,273,1.1831501831501832,0.028624487333086424,646,"I just remembered, we forgot our cooler."
3724,5132,6,40,238,284,1.1830985915492958,0.026035245100657474,646,Squabblers miss the Sasquatch.
5132,5132,13,26,245,284,1.1830985915492958,0.029189450215359302,646,We can keep going - I told him we forgot our cell phone chargers too.
2002,5134,10,25,211,246,1.1829268292682926,0.030690383883214423,646,He's going to check on table availability at the Trump Hof 2000 meters further up
5427,5135,9,31,228,268,1.1828358208955223,0.02848030153055595,646,He thinks he saw the Singing Nun.
2790,5136,9,33,237,279,1.1827956989247312,0.027738343226188598,646,He says he just loved our sunglasses. I told him where he can get 50% off.
429,5136,7,37,235,279,1.1827956989247312,0.02679261164994491,646,He's as real as your self-confidence.
5859,5138,10,33,247,290,1.1827586206896552,0.0274853483771629,646,Which jacket brand do you think that guy
4836,5139,4,38,210,252,1.1825396825396826,0.026850996448827085,646,Yeti or bigfoot?
2697,5140,10,28,225,263,1.182509505703422,0.029320902413639226,646,"This was your idea in the first place, I am going back down"
5151,5140,8,32,223,263,1.182509505703422,0.028313693173378878,646,HIS FEET ARE REALLY NOT THAT BIG
5444,5142,7,36,231,274,1.1824817518248176,0.027085338787630177,646,He's heading north for the winter.
3112,5143,6,33,208,247,1.1821862348178138,0.028340080971659916,646,"Yes, I’m going with him, believe it or not we’ve been seeing each other “on and off” for many years now."
3376,5144,5,37,216,258,1.182170542635659,0.02702816847053228,646,"Sorry. I know he goes both ways, but he's MINE!"
5339,5144,9,29,220,258,1.182170542635659,0.02917489712317217,646,He said he didn't care to be associated with fashion as primitive as transition lenses.
4116,5146,6,37,226,269,1.1821561338289963,0.026876232506620402,646,"I told you, we shouldn't have shaved this morning."
3928,5146,9,31,229,269,1.1821561338289963,0.0283823688491255,646,Are you my ride down?
5606,5148,7,37,236,280,1.1821428571428572,0.026704733363119702,646,Remember no selfies!
3987,5149,8,37,246,291,1.1821305841924399,0.026518819105890688,646,I’m not packing that out.
3824,5150,11,33,258,302,1.1821192052980132,0.027145448183306053,646,"Good news, darling, I've got custody of the kids !"
1037,5151,4,38,211,253,1.1818181818181819,0.026754385780370763,646,"Are you going to just stand there holding your stick and prove my mother right, or are you going to grow some hair and get up that hill?"
1055,5151,6,38,231,275,1.1818181818181819,0.026498636117971933,646,He’s going to take us to his leader.
2762,5151,8,28,206,242,1.1818181818181819,0.029859701889344854,646,Perhaps I should have called him just 'Denominable' instead.
3546,5151,7,34,223,264,1.1818181818181819,0.02769954451924151,646,How can he not wear sunglasses?
5433,5151,10,30,235,275,1.1818181818181819,0.02843147757634834,646,Let’s give it five minutes then pretend we’re two different people.
5448,5151,12,30,255,297,1.1818181818181819,0.027849038715674537,646,So where do we get that kind of gear?
657,5157,11,29,241,281,1.1814946619217082,0.028463395325164828,646,I'm leaving you for a real woman.
1466,5157,8,35,238,281,1.1814946619217082,0.027090710808780432,646,He's going back to get me the recipe for mountain oysters
3891,5157,7,37,237,281,1.1814946619217082,0.026617422709341317,646,It's called a Trumpsie.
6007,5157,7,37,237,281,1.1814946619217082,0.026617422709341317,646,I told you this would be an abominable climb
5184,5161,12,25,233,270,1.1814814814814816,0.02970955075615506,646,"Yes, Ted. I will marry him because I love him."
1813,5161,9,31,230,270,1.1814814814814816,0.028285100576100647,646,Hopefully you stopped at the latrine in basecamp.
4413,5161,7,35,228,270,1.1814814814814816,0.027294198166982534,646,"Yeti schneit, when I am getting a ring?"
3479,5164,8,31,220,259,1.1814671814671815,0.028551117308918024,646,Load the gun.
4438,5164,6,35,218,259,1.1814671814671815,0.027482826903555507,646,Have you spotted him yet?
5632,5164,8,31,220,259,1.1814671814671815,0.028551117308918024,646,And you thought I smelled abominable!
2591,5167,8,29,211,248,1.1814516129032258,0.02936873314047654,646,"I can tell you this: he certainly knows his ""ups and downs"" in more ways than one."
3566,5167,4,37,207,248,1.1814516129032258,0.027054076121616522,646,He says you're the one that forgot the crampons.
5678,5167,8,29,211,248,1.1814516129032258,0.02936873314047654,646,It's not because he's a Yeti; that's prejudiced. I don't trust him as our guide because he doesn't have the proper gear.
4728,5170,8,36,243,287,1.181184668989547,0.026714360195843594,646,He wanted bigger residuals.
2778,5171,7,36,233,276,1.181159420289855,0.02690490475131444,646,Frank just doesn’t understand my puns. “Yeti” will in the future.
5029,5172,6,34,214,254,1.1811023622047243,0.027801412587933637,646,"YET-I should have known, ""Love 'em and leave 'em."
180,5172,9,28,217,254,1.1811023622047243,0.029432742270350424,646,He has to go yeti.
3064,5172,9,28,217,254,1.1811023622047243,0.029432742270350424,646,"Look, no one's perfect but could you please stop calling him ""abominable"" and talking about the size of his feet?"
696,5175,7,28,197,232,1.1810344827586208,0.03005088227538039,646,"I snuck a peek. It's one of those ""Red Rocket"" things."
75,5176,6,45,264,315,1.180952380952381,0.02435825072914115,646,I think he's pretty hot!
1484,5177,7,39,247,293,1.180887372013652,0.025904771643907667,646,Because it was there.  How about you?
4064,5178,10,31,241,282,1.1808510638297873,0.027921212382607547,646,Trump's in the orange coat.
1389,5179,12,25,234,271,1.1808118081180812,0.029607292881115892,646,I want a fur coat in the same material he is wearing.
5877,5179,6,37,228,271,1.1808118081180812,0.0266943842733219,646,Invasion of the hipsters.
1943,5181,6,35,219,260,1.1807692307692308,0.02738581503931334,646,"I asked him where he bought his coat and he spit out ""Female""."
3020,5181,6,35,219,260,1.1807692307692308,0.02738581503931334,646,"I don't know where he's going, but the last guy who followed him was never seen again!"
3310,5181,5,37,218,260,1.1807692307692308,0.026838085544007254,646,"I think his four star Yelp rating is over generous, frankly."
5948,5181,8,31,221,260,1.1807692307692308,0.02844965596922993,646,Really? All I see is a man who takes too many bathroom breaks.
2637,5185,8,34,235,277,1.1805054151624548,0.02729899817078486,646,"Are you sure there is no
Starbucks??"
853,5185,10,30,237,277,1.1805054151624548,0.028241028864411634,646,"Hiker 1: He said his name is Darwin. 
Hiker 2: I didn't know you spoke Yeti!"
5495,5187,9,30,227,266,1.1804511278195489,0.028520610966260913,646,It's the only place where he can get shoes in his size.
2319,5188,5,36,214,255,1.1803921568627451,0.027138208013277074,646,"'No, I said I couldn't stand _your_ back hair.'"
2632,5189,8,37,249,294,1.1802721088435375,0.026269529989788227,646,What do you mean I have big feet?!
5583,5189,7,39,248,294,1.1802721088435375,0.02582384029858565,646,"""Yes, he may be warmer, but I bet you he doesn't have a GPS."""
3016,5191,6,30,197,233,1.1802575107296138,0.02930714918649248,646,You are the most abominable man I've ever seen!
946,5192,9,31,232,272,1.1801470588235294,0.028092530727757945,646,So THAT’S what Yeti pubes look like!
3805,5192,10,29,233,272,1.1801470588235294,0.02857136515739917,646,What type of reality is at the top?
5589,5194,12,30,258,300,1.18,0.027589925940058737,646,I think it's time to tell him he's lost control of that holiday beard.
3187,5195,5,42,242,289,1.179930795847751,0.02514939947634004,646,"Celebrity or not!!!!!
We are not following “Mr. Bigfoot” to the ends of the earth."
5431,5196,5,40,233,278,1.1798561151079137,0.02573673406048848,646,He said his name was Zarathustra!
986,5196,9,32,237,278,1.1798561151079137,0.02768153696648545,646,And I wouldn't put it past him.
3035,5196,10,30,238,278,1.1798561151079137,0.028146749208541804,646,"I'm sorry Dave, I'm going with him. 
I'm not attracted to you anymore and I find him irresistible."
1007,5199,6,36,225,267,1.1797752808988764,0.02689438753405719,646,And Yet-I told he exists and you doubted as usual.
3423,5200,9,28,219,256,1.1796875,0.02921941352659624,646,We have to stop meeting like this.
3878,5201,5,34,206,245,1.1795918367346938,0.027769169677985973,646,"No, I do not think this is proof of the Stoned Ape theory."
951,5202,6,39,239,284,1.1795774647887325,0.025882509753699198,646,Its impossible getting a close shave up here.
2492,5202,10,31,243,284,1.1795774647887325,0.0277388078942194,646,He wants to know if we can make the shoe as an extra large.
3287,5202,7,37,240,284,1.1795774647887325,0.026358842903489763,646,There's no such thing as Big Foot!
2110,5205,12,25,236,273,1.1794871794871795,0.029404857779383186,646,My husband has a right to exercise like everyone else!
1417,5205,7,35,231,273,1.1794871794871795,0.02701807559226676,646,"Like I TOLD you... Just 'cause it rhymes, he still wouldn't appreciate spaghetti!"
1367,5205,7,35,231,273,1.1794871794871795,0.02701807559226676,646,He doesn’t even have a backpack !
982,5208,10,27,225,262,1.1793893129770991,0.02926590115180462,646,"I feel capable of summiting, YET I have a foreboding sense of some fantastic beast beating us to the top."
5254,5208,6,35,221,262,1.1793893129770991,0.027193806631231027,646,He feels it's always better to be underdressed.
1194,5210,5,40,234,279,1.17921146953405,0.025652423043749508,646,A missing link makes an abominable punch line.
276,5211,6,31,203,240,1.1791666666666667,0.02871487100492325,646,You might want to try the women's bathroom.
3718,5212,7,34,227,268,1.1791044776119404,0.02731868176429346,646,"Don’t worry, he only eats people when they run out of coffee."
638,5213,6,39,240,285,1.1789473684210525,0.025799229633801705,646,Your behavior is abominable.  Take a hike!
2582,5214,6,32,208,246,1.1788617886178863,0.028259059374207755,646,These mythic legend lenses are great at fending off glare.
3476,5215,8,31,224,263,1.1787072243346008,0.028149509114424515,646,"When you’ve seen one yeti, you’ve seen ‘em all."
859,5216,8,29,215,252,1.1785714285714286,0.02893706159427666,646,I saw Jill head up a little earlier.
2359,5216,6,38,236,280,1.1785714285714286,0.0260644924103889,646,My hero~ He took my walking stick. Go get it for me!
4977,5218,7,39,251,297,1.1784511784511784,0.02558401650118968,646,He said that he heard: The bear went over the mountain.
741,5219,7,34,228,269,1.178438661710037,0.027225078661851712,646,"No point in climbing up there, there's no Yeti's in sight."
3638,5220,10,31,245,286,1.1783216783216783,0.027558749194510318,646,He's called Bigfoot for a reason!
3764,5221,9,28,221,258,1.178294573643411,0.029009126466325415,646,"We both are nuts. You follow the Yeti. Yet, I follow you!"
3918,5221,4,38,216,258,1.178294573643411,0.026281428885127352,646,"Well of course you want to go tell everyone, but his natural habitat resides in only the minds of seemingly crazy conspiracy theorists. Be considerate and protect endangered species."
330,5223,7,35,233,275,1.1781818181818182,0.026837041943798073,646,Marry you?  Not Yeti!
2212,5224,8,28,211,247,1.1781376518218623,0.029299543321760685,646,It's a living!
861,5225,5,37,222,264,1.178030303030303,0.026465725170321447,646,He said he was a casualty of the Blue Wave.
3588,5225,9,29,226,264,1.178030303030303,0.028559678855530315,646,Uncle Charlie is showing us up again!
2842,5227,6,38,237,281,1.1779359430604983,0.02597934409997605,646,Forget the summit! Reaching base camp was hairy enough!
3681,5227,11,28,242,281,1.1779359430604983,0.028320018044680526,646,I can't find my white cane anywhere
3579,5229,8,32,230,270,1.1777777777777778,0.02763490726417853,646,"I'm sorry, but now that I've seen what true hairiness is I can't call you Harry anymore.  Goodbye Bob."
4161,5229,9,30,231,270,1.1777777777777778,0.02812872073185262,646,What? You said you wanted a Yeti for Christmas.
1109,5229,7,34,229,270,1.1777777777777778,0.027132107713720637,646,He said the furry convention is already full
1282,5232,11,29,247,287,1.1777003484320558,0.02790956843116624,646,"After fifty years of climbing,Bob just doesn't like working as part of a team."
5832,5232,10,31,246,287,1.1777003484320558,0.02746958558095729,646,Dad forgot the keys again.
2112,5234,4,38,217,259,1.1776061776061777,0.026188808646721948,646,Time passes very slowly up at the top.
571,5235,8,33,235,276,1.1775362318840579,0.027235547142740544,646,He climbs a lot faster than you do!
1992,5235,10,29,237,276,1.1775362318840579,0.028186449766343085,646,I just don't believe in Bigfoot.
2534,5235,5,39,232,276,1.1775362318840579,0.025743419445855148,646,At the top of the most remote mountain on the continent I have the dumb luck to hike right into the path of Rick Walters! Wow!
4331,5238,12,28,253,293,1.1774744027303754,0.027936357583182417,646,He's upset because we didn't wear the matching Yeti costumes as promised.
451,5239,11,22,215,248,1.1774193548387097,0.030822162276444326,646,"Seriously, you need to do something about that B.O. problem."
727,5240,7,33,225,265,1.1773584905660377,0.027436748544926,646,"Great! You just had to say ""they do smell bad on the outside"" .  Now we'll get no help from him!"
282,5240,11,25,229,265,1.1773584905660377,0.029447007122367856,646,Wow! I can't believe it!  All I need to do is look at my glasses to read texts!
3194,5240,8,31,226,265,1.1773584905660377,0.02795286989119937,646,"Well, of course, as soon as I saw that he wasn't wearing Gucci loafers, I lost all interest in him."
5852,5243,7,36,239,282,1.177304964539007,0.026377582966048738,646,He prefers a well beaten path.
2798,5244,5,35,214,254,1.1771653543307086,0.027051982626321216,646,"Baby, it’s cold outside."
5746,5244,6,33,215,254,1.1771653543307086,0.027621230166381756,646,"He didn't respond, so do we know any names besides Yeti?"
1558,5246,9,33,246,288,1.1770833333333333,0.02693551638945985,646,His fingers are really big.
1871,5246,8,35,245,288,1.1770833333333333,0.02648254845419387,646,You went with 'abominable?'
4759,5248,8,30,222,260,1.176923076923077,0.028281524817422635,646,So you found a copy of Sibelius' 8th Symphony? I don't believe it.
4774,5248,6,34,220,260,1.176923076923077,0.02721111145466927,646,"No, just a local with a somewhat less-than-ideal penchant for cleanliness."
1223,5250,5,39,233,277,1.1768953068592058,0.02565832070473946,646,Thank God.  I couldn't take the smell.
3458,5250,8,33,236,277,1.1768953068592058,0.027144613400733587,646,He claims to be an 18-EEEEEE.
5985,5250,7,35,235,277,1.1768953068592058,0.02665839139144141,646,He's in a hurry to see what he can see.
3756,5253,9,37,265,311,1.1768488745980707,0.02561823718194935,646,"Nice enough guy, but I think he ""OD""ed on the supplemental testosterone."
5862,5254,7,33,226,266,1.1766917293233083,0.027341539415012824,646,"Mike, your vanishing aloofness is a downer.  His is so hot."
2293,5255,7,36,240,283,1.176678445229682,0.026291676600365566,646,I 'm coming from the electrolysis.
2742,5256,6,41,253,300,1.1766666666666667,0.024904872900011706,646,What did you have to tell him to check his straight white hirsute privilege for?
23,5257,10,31,248,289,1.1764705882352942,0.027292962562892265,646,Last one up the mountain is a Sasquatch!
231,5257,8,29,218,255,1.1764705882352942,0.028621465002810095,646,"I simply asked if he was here to deliver lunch and he simply answered, “Not yet.”"
391,5257,4,37,214,255,1.1764705882352942,0.026375638122876608,646,"You say abominable, I say atomical. What's the difference? They're both big."
4077,5257,8,32,232,272,1.1764705882352942,0.02744684558562758,646,He didn't seem interested in my recommended haberdasher.
4574,5257,7,34,231,272,1.1764705882352942,0.026948037188891234,646,Why are we stopping?  I've got a pain in my abominable area!
360,5262,5,42,248,295,1.176271186440678,0.024681505948898428,646,That guy looks like my dad.
1724,5263,9,31,238,278,1.1762589928057554,0.0275300926063808,646,Yet just another Yetti.
4139,5264,8,30,223,261,1.1762452107279693,0.028181111951621905,646,He’s warm blooded unlike us humans
5943,5264,8,30,223,261,1.1762452107279693,0.028181111951621905,646,I told you he didn't like egg salad!
4697,5266,8,31,228,267,1.1760299625468165,0.02775893194094536,646,Come with us! He says we can party with Rudolph and Yukon Cornelius!
2292,5266,11,25,231,267,1.1760299625468165,0.029241052778347345,646,"He's going to let us leave unharmed, but he's still sore that you swiped his name to use for your cooler and tumbler company"
3461,5268,10,28,235,273,1.1758241758241759,0.028321299163765832,646,It's all down hill from here.
5932,5268,5,38,230,273,1.1758241758241759,0.025834603422681218,646,He takes bigger steps.
2857,5270,7,31,218,256,1.17578125,0.02797545858310546,646,"True, yet I wasn't scared and Yeti wasn't scared."
473,5271,3,36,200,239,1.1757322175732217,0.026722587288445163,646,He seems a bit backward to me.
4567,5272,6,37,236,279,1.1756272401433692,0.025990664161681987,646,He’s indubitably abdominal.
53,5273,7,32,223,262,1.1755725190839694,0.027555720222384165,646,His manners are abominable!
4238,5273,8,30,224,262,1.1755725190839694,0.028081402738412396,646,"His day rate is triple union scale, and he doesn't do his own stunts."
834,5275,7,34,233,274,1.1751824817518248,0.026766420816640754,646,I don't think my cane is puny.
3354,5275,4,40,230,274,1.1751824817518248,0.02522359063039249,646,I'm in love with him John!
5110,5277,6,33,218,257,1.1750972762645915,0.02732406985445163,646,"Sure we had our differences, I grew up on the upper east side, he is a product of nature, but somehow we made it work and were a couple, but then he gave me the cold shoulder when I called him 'abominable!'"
4258,5277,4,37,216,257,1.1750972762645915,0.02618791950578172,646,He was looking for his yeti.
1644,5277,7,31,219,257,1.1750972762645915,0.027874784772187522,646,The hirsute branch of the family is hoping you might grow a beard for the wedding.
3616,5277,8,29,220,257,1.1750972762645915,0.028414828149763677,646,Some people are so unprepared.
1651,5281,6,30,204,240,1.175,0.028518143677814155,646,I think he will beat us to the top
3330,5281,6,37,237,280,1.175,0.025905268755771593,646,He is from Ancestry - he is my relative not yours!
2010,5283,6,34,223,263,1.1749049429657794,0.026925156397213344,646,"No obstacle is too great, Yet I will climb this mountain."
3810,5283,8,30,225,263,1.1749049429657794,0.027982389895223597,646,I should have brought that granola bar.
5294,5283,13,20,230,263,1.1749049429657794,0.03046538014424067,646,What do you mean you forgot the condom?!
5924,5283,3,40,220,263,1.1749049429657794,0.025256462562352817,646,He mumbled something about losing his razor.
3547,5287,8,34,244,286,1.1748251748251748,0.026504245870821813,646,He said it's a few miles to the top.  He also said to holler if we needed help getting back down.
4497,5288,7,29,210,246,1.1747967479674797,0.028653696842599715,646,"The transaction costs are a pain, but the nice thing about cryptidcurrency is that it's very hard to trace."
4803,5289,6,35,228,269,1.174721189591078,0.02654223337834805,646,"Yes, my husband Harry does wear a size 18 shoe."
3783,5289,5,37,227,269,1.174721189591078,0.02601437724537587,646,Twenty-five steaks and he makes me pay the bill--That’s the last date I have with that abomination!
2246,5289,7,33,229,269,1.174721189591078,0.02705979456604682,646,He says he's looking for Noah's lost Ark.
798,5289,5,37,227,269,1.174721189591078,0.02601437724537587,646,But I don't have goals!
3144,5293,7,26,196,229,1.1746724890829694,0.030007117709698845,646,You heard Dad: either come home clean or don't come home at all. Start walking
3829,5293,5,30,194,229,1.1746724890829694,0.028702201525629672,646,He' invited us for dinner.
2937,5295,10,35,270,315,1.1746031746031746,0.025713324603124383,646,"Well, he was no help. I’m not sure why everyone thought we’d find Zach’s watch up here."
3553,5296,8,32,235,275,1.1745454545454546,0.027169457212097115,646,I’m going to wait for Jill
1990,5297,8,36,254,298,1.174496644295302,0.025802855308341085,646,"See, there is giant slalom on this track."
959,5298,8,25,202,235,1.174468085106383,0.030107647236015455,646,He’s great.  You only need 1 Sherpa for the entire brigade plus he even has a Michelin star!
2565,5299,9,27,222,258,1.1744186046511629,0.028840376262620614,646,I meant bring the 'cooler' Frank.
4476,5300,7,35,239,281,1.1743772241992882,0.026308056339183233,646,"It's always set on blurr!...I'm waiting for him to stand behind something!"""
3397,5301,6,34,224,264,1.1742424242424243,0.026831154022924058,646,I've been telling you:  It's an Obama Nation.
2819,5301,6,34,224,264,1.1742424242424243,0.026831154022924058,646,‘More like the Abdominable Snowman’? Really? You know he’s self-conscious about his weight.
3319,5303,6,38,243,287,1.1742160278745644,0.025479777405417254,646,I wish humans were considered paleo friendly.
2548,5304,11,25,234,270,1.174074074074074,0.028937425908007915,646,He says we should turn back; this is HIS mountain!
2650,5304,8,31,231,270,1.174074074074074,0.027472970837698334,646,I’m not walking with him! He is abominable.
5389,5304,8,31,231,270,1.174074074074074,0.027472970837698334,646,He said he's not packin heat
4103,5307,6,32,215,253,1.173913043478261,0.027537717772227195,646,"It really is never too late to put in your 10,000 hours to evolve."
1639,5307,9,30,237,276,1.173913043478261,0.027560491359304856,646,"She said I'm a 'figment', Newton!!"
3521,5307,7,26,197,230,1.173913043478261,0.02988601796635854,646,He said there's an opening in Interior.
3901,5307,11,26,239,276,1.173913043478261,0.028500554489912247,646,I always thought you were gay. This explains everything!
3934,5307,5,38,233,276,1.173913043478261,0.025576920053713235,646,We're safe as long as it thinks we are talking politics
4286,5312,7,39,259,305,1.1737704918032787,0.02496549904407473,646,"By asking directions to the top of the mountain, the Yeti is polite if not smart."
2983,5313,3,43,236,282,1.173758865248227,0.024220467047266957,646,You have to admire his ability to avoid those awkward small-talk walk-bys at the office.
1270,5313,6,37,239,282,1.173758865248227,0.02573613114993549,646,I thought you said it was all uphill from here!
2987,5313,9,31,242,282,1.173758865248227,0.027167367725740663,646,Hipsters ruin everything.
3647,5316,6,38,244,288,1.1736111111111112,0.02539835654622715,646,Yeti don't think it's a figment of my imagination.
1377,5316,7,36,245,288,1.1736111111111112,0.0258703147601148,646,They say he slept next to a woman for thirty years but never had sex with her. It drove him to politics.
3480,5318,5,36,224,265,1.1735849056603773,0.026197749964385026,646,"The food and drink are worth the hike, but it's just not my kind of crowd!"
4186,5318,8,30,227,265,1.1735849056603773,0.02778642468017249,646,"I wish we could get a signal up here, because I'm pretty sure a Yeti is GM's version of the Tesla."
5092,5318,6,34,225,265,1.1735849056603773,0.02673779848142432,646,He must have taken one long bio break!
5702,5318,6,34,225,265,1.1735849056603773,0.02673779848142432,646,You shouldn't have made that crack about the abominable snowman.
4487,5322,5,33,210,248,1.1733870967741935,0.027267351723377204,646,He lives here!
4951,5322,6,31,211,248,1.1733870967741935,0.027859618318938573,646,I'm cold - let's follow him to his warm cave.
3575,5324,6,40,254,300,1.1733333333333333,0.02475896438371653,646,You’re the one who wanted us to apply for Temptation Mountain.
1937,5325,9,30,238,277,1.1732851985559567,0.02746799111956372,646,he is an abominable skier
4235,5326,6,32,216,254,1.1732283464566928,0.027437631822637906,646,He has to go check the Sasquatch casserole.
3682,5327,7,35,241,283,1.1731448763250882,0.026136283086694523,646,"It really is never too late to put in your 10,000 hours."
3732,5328,8,29,223,260,1.1730769230769231,0.028110356389522747,646,He says this bagel line is the shortest.
2951,5328,5,35,220,260,1.1730769230769231,0.026478142820936162,646,You can toggle the headset between Instagram and Nature Hike for a more immersive experience.
3264,5330,8,34,247,289,1.1730103806228374,0.02624941207138467,646,I told you we should have worn our onesies.
5208,5331,11,24,231,266,1.1729323308270676,0.02918603353628973,646,"For the earliest climate change deniers  , it’s all about location."
3315,5332,9,29,234,272,1.1727941176470589,0.02777829870154546,646,Told ya we'd see Bigfoot.
588,5333,11,26,241,278,1.1726618705035972,0.028308922425622652,646,What do you mean you forgot the quinoa?
2206,5333,12,24,242,278,1.1726618705035972,0.02876398948479799,646,Hikers with smaller peckers must wait here.
1077,5335,8,28,219,255,1.1725490196078432,0.028445344296101332,646,Another small step for mankind.
3866,5336,6,37,241,284,1.1725352112676057,0.02556916299667553,646,He says the Shangri-La spa has this amazing depilatory wax treatment
4723,5336,4,41,239,284,1.1725352112676057,0.0245766865185184,646,"He said, ""Valley go home."""
3626,5338,7,31,223,261,1.1724137931034482,0.02747916160086127,646,Are you sure you know this guy? I've had bad luck following yetis.
3648,5338,8,29,224,261,1.1724137931034482,0.02801029749131193,646,"It's not you, it's Meh-Teh."
5190,5340,4,38,225,267,1.1722846441947565,0.025470400954031046,646,Your imagination is getting farther than your logic.
4881,5340,5,36,226,267,1.1722846441947565,0.02601733293634185,646,He says he wants us to pay for the furshlugginer wall!
2733,5340,9,28,230,267,1.1722846441947565,0.028098803650082143,646,He's off to slay Donald Trump
2734,5340,9,28,230,267,1.1722846441947565,0.028098803650082143,646,She's tried yoga and meditation too.
1047,5344,9,29,235,273,1.1721611721611722,0.02768359628537543,646,He says I'm no Daughter of the Mountain to him unless I come back and leave my old room clean enough for guests.
2159,5344,8,31,234,273,1.1721611721611722,0.027192786779372025,646,"No, I don’t think I am next on the evolution climb."
3539,5344,7,33,233,273,1.1721611721611722,0.026692954170813087,646,The Yeti is not ready.
5159,5347,12,24,243,279,1.1720430107526882,0.02866738794489988,646,He drank a lot of chai this morning.
86,5348,8,27,215,250,1.172,0.028792011386471673,646,"Cleaning the outhouse is an abominable job, but somebody’s gotta do it."
4100,5349,4,36,216,256,1.171875,0.026090640225048926,646,He says he'll be back for lunch
5760,5350,6,33,223,262,1.1717557251908397,0.02684261085940214,646,"Brad, it's over between us. Sasquatch is the right man for me!"
3908,5351,8,30,230,268,1.171641791044776,0.027497523153629414,646,He said that Nepal's about a click to the northeast.
1554,5352,12,23,239,274,1.1715328467153285,0.02900679281875111,646,"Andwhen I told him what I thought he said, ""Me too."""
4488,5352,4,39,231,274,1.1715328467153285,0.02504987036918452,646,I'm wiped. This hike is abominable.
494,5352,7,33,234,274,1.1715328467153285,0.02660277738426619,646,What an anti-social big-foot!
3102,5352,7,33,234,274,1.1715328467153285,0.02660277738426619,646,"Kim didn't draw foot prints in the snow, 
whats up with that?"
92,5356,5,38,237,280,1.1714285714285715,0.02524113826827535,646,He has a lot to offer
4712,5357,5,33,213,251,1.1713147410358566,0.026967138371719986,646,"It’s your job, whether or not you get paid for hauling his shit."
840,5358,6,38,248,292,1.1712328767123288,0.02507775325057233,646,He's sad. He definitely needs a Bigfit girl.
2695,5359,6,32,219,257,1.171206225680934,0.027141646747672585,646,"No, it's not there."
2547,5359,9,26,222,257,1.171206225680934,0.02877265170661058,646,"Is it him?""
(submitted by my daughter - Mehr Fine"
3043,5359,5,34,218,257,1.171206225680934,0.026575743742943882,646,He coudn't talk. Something about how Jack Frost hates it when he's late.
1450,5362,7,31,225,263,1.1711026615969582,0.027285490926406503,646,I really know how to say no!
5963,5363,4,38,227,269,1.171003717472119,0.02529683649581354,646,"If you must know, it was the shaved swimmer legs. They creep me out."
4147,5363,9,28,232,269,1.171003717472119,0.02790414992300861,646,Now I'm dating big hairy cuddly guys.
639,5365,9,29,237,275,1.170909090909091,0.027496099193032482,646,I think I just saw an abdominal snowman.
2272,5365,7,33,235,275,1.170909090909091,0.026513201811592384,646,That was good
3307,5365,7,33,235,275,1.170909090909091,0.026513201811592384,646,What size did you say you were?
219,5368,7,34,240,281,1.1708185053380782,0.026149406414260203,646,"Yeti go, he said"
590,5368,10,28,243,281,1.1708185053380782,0.027568999204356234,646,Show off!
5587,5368,8,32,241,281,1.1708185053380782,0.026631013428996025,646,Was that Brad from the office? He is amazing.
5961,5368,6,36,239,281,1.1708185053380782,0.025658761376592957,646,"If we scare him, the whole thing is liable to snowball down hill."
3785,5372,9,24,213,246,1.170731707317073,0.029606474963411844,646,All I can see is white for miles. We'll never find it.
1187,5373,6,32,220,258,1.1705426356589148,0.027044384400117732,646,We have some big shoes to fill!
2121,5373,5,34,219,258,1.1705426356589148,0.026480852417591853,646,Don't you know; he is highly evolved.
5744,5375,8,29,227,264,1.1704545454545454,0.027714312097472035,646,"No, he's not interested in joining our MLM."
2480,5375,4,37,223,264,1.1704545454545454,0.025551173113891375,646,He was not  the New Year's Eve date of my dreams .
4455,5375,11,23,230,264,1.1704545454545454,0.02923180768770748,646,Have you ever bikini waxed?
271,5378,5,37,234,276,1.1702898550724639,0.02540745090357508,646,I wonder if he uses sunscreen?
4441,5378,8,31,237,276,1.1702898550724639,0.02691820842509374,646,"She (loudly): You are just abominable!
He (deadpan): Context is everything."
808,5380,6,36,240,282,1.1702127659574468,0.02557478544118638,646,"It’s a hairy climb, but I know I can do it!"
943,5380,5,38,239,282,1.1702127659574468,0.02507649316597266,646,"Todd, you'll have to wait here, and no he's not being abominable, he's just not into three-ways."
1397,5380,6,36,240,282,1.1702127659574468,0.02557478544118638,646,"He gave me a message to give to his cousin, Big Foot."
5,5383,10,29,249,288,1.1701388888888888,0.027091025541339152,646,I don't think we should follow him.
4203,5384,4,34,209,247,1.1700404858299596,0.026558371284200393,646,One small step for man. One giant leap for Bigfoot.
2586,5385,5,34,220,259,1.16988416988417,0.026386628728338708,646,This dude's a truly gnarly climber.
5219,5385,6,32,221,259,1.16988416988417,0.02694780952388508,646,He's part of the original mountain gear craze.
977,5385,7,30,222,259,1.16988416988417,0.02749753990130742,646,You want to climb that?  I’m not Yeti yet.
4706,5388,9,27,229,265,1.169811320754717,0.028129837254060562,646,Easy for him to say!
520,5389,12,22,237,271,1.169741697416974,0.029154145832100582,646,"Bigfoot? No Winston, you have big feet, not me! And the adage isn't true in your case!"""
956,5389,12,22,237,271,1.169741697416974,0.029154145832100582,646,He left his phone by the register.
4954,5389,5,36,230,271,1.169741697416974,0.025663767699104268,646,"He didn't say ""hello."""
5692,5389,6,34,231,271,1.169741697416974,0.026190887330958982,646,We're stuck - he's am mountain top NIMBY
1652,5393,6,35,236,277,1.1696750902527075,0.02583439130414948,646,I told you we needed a thicker coat!
4683,5394,11,27,251,289,1.1695501730103806,0.027444861345863592,646,Do you think he’s wearing the new Moncler?
5514,5394,10,29,250,289,1.1695501730103806,0.02700354041163358,646,"For the last time, this is not the yellow brick road!"
1841,5396,4,32,200,236,1.1694915254237288,0.027262510563121414,646,I told you fast and light was the better way.
3806,5397,8,26,214,248,1.1693548387096775,0.02882235878236848,646,He is always showing off like that/
427,5397,8,26,214,248,1.1693548387096775,0.02882235878236848,646,You had to bring your distant relative along!
6016,5399,6,31,217,254,1.169291338582677,0.02725054851329965,646,"That was an abominable thing to say, dear!"
4365,5400,7,31,228,266,1.169172932330827,0.027000002113541838,646,Nice guy. He offered to do the kick-stepping for us.
2507,5401,10,28,246,284,1.1690140845070423,0.02729700917854991,646,Is he doing the Irish Goodbye???
4869,5401,10,28,246,284,1.1690140845070423,0.02729700917854991,646,"He's fast, yet I feel we could beat him."
5795,5401,8,32,244,284,1.1690140845070423,0.026369644176074902,646,"I don't want to get down just yeti, I'm having snow much fun!"
2974,5404,6,29,208,243,1.168724279835391,0.027993440294097182,646,Apparently the Emporer is wearing no clothes--and doesn't know it.
4516,5405,8,26,215,249,1.1686746987951808,0.028714429109572278,646,YETA nother example of an unprepared hiker!
4901,5405,8,26,215,249,1.1686746987951808,0.028714429109572278,646,"Yetis are never found at this high of elevation, clear evidence of climate change.""

""Climate change is a hoax!"
4383,5407,7,29,219,255,1.1686274509803922,0.027714389404801074,646,I will follow him because there ain't no mountain high enough to keep me from getting to him.
1475,5408,7,30,224,261,1.1685823754789273,0.027301888135614932,646,You insulted him when called him Mr. Abominable.
447,5409,8,29,230,267,1.1685393258426966,0.027424463252034632,646,"Sorry, 16mm only, we were shot down yeti'gain"""
2936,5410,7,32,234,273,1.1684981684981686,0.026526109986268486,646,Don't even think about it!
1069,5410,12,22,239,273,1.1684981684981686,0.028953475841769393,646,He told me The Secret of Life!
1931,5410,6,34,233,273,1.1684981684981686,0.02601347075152315,646,I'm beyond New Resolutions and Bucket Lists - I'm going to start a new species!
3441,5413,6,35,238,279,1.168458781362007,0.025663229372829725,646,"Well, I'd say he was positively UNabominable."
5769,5413,10,27,242,279,1.168458781362007,0.027599721622882878,646,"Sorry to say, but your mother is really hairy."
1674,5415,7,34,244,285,1.168421052631579,0.025809309426971513,646,This new fashion trends for novice climbers is really abominable.
259,5416,8,33,250,291,1.168384879725086,0.025931888894488647,646,Dude.  Cool pullover.
3243,5416,5,39,247,291,1.168384879725086,0.0245227321123328,646,"I invited him to brunch, but he's booked up to Spring, who knew?"
5236,5416,8,33,250,291,1.168384879725086,0.025931888894488647,646,That naked hairy giant doesn't need oxygen so neither do we!
5040,5419,4,34,212,250,1.168,0.026265251832321375,646,"No, not Big Foot.  Just a fashion victim I'm afraid."
2932,5420,4,35,217,256,1.16796875,0.02589611591918284,646,I heard he's the only GPS who knows a shortcut to the peak!
4473,5420,10,23,223,256,1.16796875,0.029230674797402805,646,He’s probably headed for town! where else would he be going?
2384,5420,4,35,217,256,1.16796875,0.02589611591918284,646,He’s going to get Yeti
495,5423,5,34,223,262,1.16793893129771,0.026107894725292152,646,You mean to tell me you just wanted a damn cup for Christmas!
2841,5423,8,28,226,262,1.16793893129771,0.027737421569690803,646,"So, how about catching a movie later?"
4903,5423,6,32,224,262,1.16793893129771,0.026662138507057932,646,Does this outfit make me look fat?
1907,5426,6,33,229,268,1.1679104477611941,0.02628656887051492,646,Would this be the guide on pikes peak they were referring to?
655,5427,5,37,238,280,1.167857142857143,0.025073040839301203,646,You think he might lend us some of his fur for the night?
5814,5428,7,34,245,286,1.167832167832168,0.025725649718081854,646,"If you can't stop lollygagging,I am going with the Yeti."
3617,5429,6,30,215,251,1.1673306772908367,0.02735981627631777,646,He said it is an eco-friendly camouflage outfit.
3012,5429,2,38,211,251,1.1673306772908367,0.024921266156301636,646,It's okay to keep going up. He's not that abominable.
3322,5429,10,22,219,251,1.1673306772908367,0.029598134848576187,646,He said we could up but warned that the weather is abominable.
933,5432,8,27,222,257,1.1673151750972763,0.02806087249024747,646,He is also headed to the Close Encounter.
3848,5432,4,35,218,257,1.1673151750972763,0.025803434542219915,646,"Yes, just follow that guy up and then turn right in about 200 yards."
2,5432,4,35,218,257,1.1673151750972763,0.025803434542219915,646,"His slope may be steep, but at least it's not slippery"
5004,5435,8,28,227,263,1.167300380228137,0.027639132073457737,646,"All right, well how about on Snapchat?"
5256,5435,7,30,226,263,1.167300380228137,0.027108975878057134,646,My trekking partner was abominable!
1987,5437,7,31,231,269,1.1672862453531598,0.026720371172112945,646,"I said, ""We will race you to the top. Are you afraid you'll lose?"""
4093,5438,5,36,234,275,1.1672727272727272,0.02531957771893828,646,At this altitude don't you realize you just see mirages!
990,5439,8,31,242,281,1.1672597864768683,0.026472590412668896,646,Please don’t tell me that you asked the Yeti for directions? Don’t you remember how we got here? It seemed pretty simple on the way up.
2368,5440,7,30,227,264,1.1666666666666667,0.027013529346488246,646,Talk about an Irish goodbye...
5545,5440,8,26,218,252,1.1666666666666667,0.028395397779632448,646,I think we've climbed lightyears back in time.
4738,5440,8,31,243,282,1.1666666666666667,0.026385216227625373,646,"See, Honey, it's just like I showed you in the video, they have to be real."
4562,5440,4,39,239,282,1.1666666666666667,0.02439719393577804,646,Does Carl suspect anything ?
4480,5440,7,30,227,264,1.1666666666666667,0.027013529346488246,646,"Also, Dude, ""Chinaman"" is not the preferred nomenclature."
4439,5440,4,36,224,264,1.1666666666666667,0.025363660660451842,646,I’m going with him. I’ve always wanted a fur.
2122,5440,9,25,224,258,1.1666666666666667,0.028493724529203342,646,Have you seen the new Netflix doc on yetis? It's amazing.
1457,5440,7,31,232,270,1.1666666666666667,0.026628431903762403,646,That strange guy just sexually harassed me and he's not wearing clothes.
1378,5440,6,33,231,270,1.1666666666666667,0.02610625509609724,646,"He's going back to fetch Elaine, again. We've only descended sixty feet."
1056,5440,4,38,234,276,1.1666666666666667,0.02470733392300319,646,He is actually really placid. But I would warn you that deodorant doesn’t seem to have caught on in the Sasquatch community so maybe keep an air gap.
920,5440,4,35,219,258,1.1666666666666667,0.02571140648527165,646,"#me too is not for Bigfoot, Abominable Snowmen, or primitive animals that might offend you with their curiosity."
2709,5440,7,34,247,288,1.1666666666666667,0.02555993162216239,646,Can you hear me now?
89,5452,10,28,251,289,1.166089965397924,0.026855337835928604,646,He said he knows a good barber near the summit.
4553,5453,7,33,243,283,1.1660777385159011,0.02581754639676542,646,"He doesn't have any matches, he says he gave up smoking when he became a White Walker."
2546,5454,10,25,236,271,1.1660516605166051,0.028039604567644386,646,Lapped you.
3573,5455,4,35,220,259,1.166023166023166,0.025620024966465777,646,I think we need some time apart.  We're just too focused on each other.
4658,5456,5,32,216,253,1.1660079051383399,0.026575362461468542,646,It's the Abominable trail but his preferred Surname is Yeti
2953,5456,6,30,217,253,1.1660079051383399,0.027159151064520024,646,"So what if his foot is bigger than yours, let's keep climbing."
1205,5456,6,30,217,253,1.1660079051383399,0.027159151064520024,646,"No not Sasquatch, just a large, poorly dressed US Forest Service Ranger."
4509,5459,4,33,210,247,1.165991902834008,0.026351845016102802,646,"Come on, be a man."
2023,5460,10,29,257,296,1.1655405405405406,0.026406498785731893,646,Where is he?  We're both blind.
3334,5461,10,28,252,290,1.1655172413793105,0.026768700505190462,646,They should call it MatchNOT.com!
1407,5462,8,30,240,278,1.1654676258992807,0.026576097911310898,646,Let's follow him. He must be going to that popular waffle hut near the summit.
158,5463,5,34,227,266,1.1654135338345866,0.025745186882750012,646,As you can see to my right are the Appalachian mountains and behind me is absolutely nothing.
1035,5463,7,30,229,266,1.1654135338345866,0.026824620879088424,646,"Demi Moore only  got a million, we’ll get to name a Company!"
4000,5463,6,32,228,266,1.1654135338345866,0.02629044439463272,646,"Sorry I changed my mind, I’m  not really into a threesome with Bigfoot"
5683,5463,9,26,231,266,1.1654135338345866,0.027862267010886427,646,Never knew The Donald was so hairy!
4427,5467,6,31,223,260,1.1653846153846155,0.02666729016961638,646,His momma said he has to go home for dinnner.
4763,5468,5,32,217,254,1.1653543307086613,0.026478595633794143,646,It's just one more weird thing going down too.
2642,5469,5,29,202,236,1.1652542372881356,0.027700384489411155,646,"Shaggybones says forgetting the lift tickets was abysmal—
foregetting to even bring the skies was abominable,
and we could damn well walk down."
2544,5470,3,31,190,224,1.1651785714285714,0.027174929528260564,646,He said we shouldn't bother him.  Does my handsome husband have nerve enough to do otherwise?
1391,5471,6,34,239,279,1.1648745519713262,0.0254952165616276,646,He forgot his slippers!
3201,5471,4,38,237,279,1.1648745519713262,0.024462919319149363,646,I'm sorry. It's me... I need less grooming.
4263,5471,5,36,238,279,1.1648745519713262,0.02498440002421012,646,He said we should wear stocking caps
827,5474,6,33,234,273,1.164835164835165,0.02584033108119804,646,I told you not to dis Bruce!
2350,5474,8,29,236,273,1.164835164835165,0.026862434947570443,646,He's looking for a 7-11.
4343,5474,10,25,238,273,1.164835164835165,0.027847048537304242,646,Follow her to the electrolysis.
5735,5474,8,29,236,273,1.164835164835165,0.026862434947570443,646,He was just an extra in Smallfoot.
129,5478,6,32,229,267,1.1647940074906367,0.026199119167490636,646,Whatever you do don't call him a Skunk Ape.
1716,5478,7,30,230,267,1.1647940074906367,0.026731145383498404,646,Hold your nose. I smell something abominable.
4417,5480,3,36,216,255,1.1647058823529413,0.025184927566297075,646,"What do you mean you can't see him?
Are you snow blind?""
Sheila Ryan, Houston, T"
2217,5481,8,24,211,243,1.1646090534979423,0.028988208945470287,646,I've got a blister
1149,5482,5,37,244,286,1.1643356643356644,0.024587437152181486,646,All he did was grunt!
1567,5483,6,34,240,280,1.1642857142857144,0.02541082243576485,646,Why wouldn't I go? I understand he's got a lovely espresso machine.
2147,5483,8,30,242,280,1.1642857142857144,0.026399113126612774,646,He's among us.
2963,5483,6,34,240,280,1.1642857142857144,0.02541082243576485,646,It's the end of the road for us... I'm yeti-soning you.
5646,5486,4,37,233,274,1.1642335766423357,0.024692837510368323,646,Please tell me you didn't just accuse the Yeti of slackpacking.
551,5487,6,32,230,268,1.164179104477612,0.0261084202651137,646,Do you think we'll be the first to the top?
5007,5487,5,34,229,268,1.164179104477612,0.0255675472383279,646,"Oh, well. I guess he's used to the tourist crowd by now."
5089,5489,8,27,227,262,1.1641221374045803,0.027560783657538793,646,"He said, Give it up, man!"""
3716,5489,4,35,223,262,1.1641221374045803,0.02534969318724081,646,Please tell me you got that on Boomerang.
549,5489,5,33,224,262,1.1641221374045803,0.02592015446462167,646,He said he's off to make a snowman. I bet it's going to be abominable.
635,5489,6,31,225,262,1.1641221374045803,0.026478328313027055,646,Let's ask where he shops
2140,5493,12,18,226,256,1.1640625,0.030091103244734883,646,"I don't care if you don't believe in me, I believe in myself!"
3134,5493,5,32,219,256,1.1640625,0.026287139634649653,646,I think “summitting” could be a “downer.”
526,5495,6,27,205,238,1.1638655462184875,0.028122231475419812,646,I'd like to add you to my LinkedIn network
1711,5495,2,35,201,238,1.1638655462184875,0.025476087213404216,646,I think he has no idea where to go
1498,5497,7,34,252,293,1.1638225255972696,0.025154745437952482,646,Maybe we should start to head back down. I think I
2964,5498,4,39,244,287,1.1637630662020906,0.024006066308659806,646,"He can’t stay and talk. He’s writing a book, so he must goeth."
2308,5499,10,26,245,281,1.1637010676156583,0.027260476708267017,646,Yeti and I are getting married.
3981,5499,9,28,244,281,1.1637010676156583,0.026790187941198817,646,He said we should follow him.
2079,5501,7,31,237,275,1.1636363636363636,0.02617798394102389,646,There is a yeti behind me and he's walking away from me
5898,5501,11,23,241,275,1.1636363636363636,0.02813286413215364,646,"Well,maybe you could too if you weren't such a body-hair grooming little bitch."
3622,5503,5,34,230,269,1.1635687732342008,0.02547963415926022,646,He said he's not doing oracle today.
5680,5503,4,36,229,269,1.1635687732342008,0.02492928855069428,646,Baby it's cold outside but I think this guy is a bit over dressed.
5919,5505,3,37,223,263,1.1634980988593155,0.024679638882077342,646,He says to follow him to Starbucks. He needs his morning java.
993,5505,8,27,228,263,1.1634980988593155,0.027462880738089473,646,Just wait 'til you're at the top!
3557,5507,8,31,249,288,1.1631944444444444,0.02587275033917215,646,It is abominable not adominal snowman
5570,5508,6,34,242,282,1.1631205673758864,0.025243683496199376,646,"When it comes to the dating game, Yeti's just not ready."
2185,5509,3,39,234,276,1.1630434782608696,0.023984800709255967,646,Summiting from here is abominable.
2651,5509,6,33,237,276,1.1630434782608696,0.02557971947582567,646,Says he left his icepick up top and is going back to retrieve it.
3195,5509,4,37,235,276,1.1630434782608696,0.0245279662058597,646,I can't believe I'm stuck up here with you.. Could anything be worse?
4860,5512,11,22,237,270,1.162962962962963,0.028460336787578,646,Boy they'll let anyone in the Southern Border.
689,5513,5,32,221,258,1.1627906976744187,0.0260984052427777,646,"You went though his personalized cooler?  Stole his beef jerky?  Now you 
 say, ""I don't even believe in him?"""
2130,5514,7,34,254,295,1.1627118644067798,0.02499621336674474,646,I now know what you meant when you said this climb was an abominable idea.
1296,5515,6,29,217,252,1.1626984126984128,0.027063941317056108,646,Go back.  He's my man now.
4984,5515,8,25,219,252,1.1626984126984128,0.02820808442054981,646,No gay bar up there but there is a kitchen shop.
5502,5517,7,26,213,246,1.1626016260162602,0.028072275984215408,646,"Cute...""Let's have snacks with Fluffy.""  Really? Where does the dandruff end and the snow start? AND, they don't even make hairnets that big!"
3958,5518,7,32,244,283,1.1625441696113075,0.02565410445096089,646,I say safety in numbers.
502,5519,6,33,238,277,1.1624548736462095,0.025494002371813488,646,That's the worst athletes foot I've ever seen.
1920,5520,7,30,234,271,1.1623616236162362,0.026363614333655215,646,I'm glad we got to the guru first!
4261,5520,6,32,233,271,1.1623616236162362,0.025840018460990127,646,More like altitude thicc-ness
4150,5522,5,27,196,228,1.162280701754386,0.02814416354196869,646,You’re an outdoor adventurer.  How do we exploit this on Gofundme?
4511,5523,4,35,226,265,1.1622641509433962,0.02508494474140135,646,"I'll admit the yeti is pulling it off, but I'm still not sold on your plan to grow a beard."
3041,5524,8,26,225,259,1.162162162162162,0.02767766129029784,646,You weren't at all concerned when the tour company asked that you pay the guide in Jack Links?
1728,5525,8,25,220,253,1.1620553359683794,0.02810372728287423,646,Oh don't mind him.. I am following the ancient trail
5717,5525,6,29,218,253,1.1620553359683794,0.026964426454426833,646,"I'm sorry, Glen, but Riggleman was right about the erotica."
4428,5527,4,38,242,284,1.1619718309859155,0.02406601426358983,646,Did you see that?
5398,5528,8,29,241,278,1.1618705035971224,0.026411243674001193,646,People really don’t pick up hitchhikers anymore.
756,5528,7,31,240,278,1.1618705035971224,0.025914895142095787,646,If we follow him we may never be seen again.
1086,5528,9,27,242,278,1.1618705035971224,0.026898434798127497,646,It’s his way or the highway!
2278,5531,7,30,235,272,1.161764705882353,0.026273292182320343,646,He's like Bigfoot for the Instagram generation
5817,5531,9,26,237,272,1.161764705882353,0.02728646423838042,646,He's climbed all the peaks ... and then some.
2511,5533,5,39,259,303,1.1617161716171618,0.023625622510785413,646,"I told him he was going the wrong way to get to the forest, but he wouldn't listen."
5249,5534,4,33,217,254,1.1614173228346456,0.02568106557974063,646,"It was a dream honeymoon,until he took me to the top of the
Empire State Buildin"
5626,5534,7,27,220,254,1.1614173228346456,0.027438748240021748,646,"Don't believe the tabloids, I'm sure that Sasquatch's don't eat people."
2911,5536,4,38,243,285,1.1614035087719299,0.02398815667044679,646,"See, it’s not abominable."
2926,5536,5,36,244,285,1.1614035087719299,0.024497781979671927,646,It’s just that I overpacked”
2513,5538,5,29,208,242,1.1611570247933884,0.02706284005873136,646,Don't follow him - All he can offer is High Tea
1938,5539,8,27,232,267,1.1610486891385767,0.027078075815005098,646,"Yes Yetti,No Yetti ..Big man, Ha..."
4770,5539,6,31,230,267,1.1610486891385767,0.02601733293634185,646,What mountain?
517,5539,9,25,233,267,1.1610486891385767,0.027593159989470522,646,I could swear that guy was a fish down by the water.
366,5542,9,24,228,261,1.160919540229885,0.02801029749131193,646,He didn't have to buy overpriced hiking boots.
5666,5542,5,32,224,261,1.160919540229885,0.025820282579584762,646,The lofty spirit resides in all.
1068,5544,3,39,238,280,1.1607142857142858,0.02366990554167858,646,What abominable conceit!
3026,5544,6,33,241,280,1.1607142857142858,0.025240232642877506,646,It's too late to go backwards now. I told you it was better that way
2941,5546,4,33,219,256,1.16015625,0.025495576362626126,646,"If you think he's misunderstood, John, you too can take a hike."
3859,5546,4,33,219,256,1.16015625,0.025495576362626126,646,He says he can't find anything big enough to fit him.
4498,5546,7,27,222,256,1.16015625,0.027238505443000768,646,I told him one role in the snow isn't a relationship.'  His 'foot' size may be astounding but it's not enough.
5926,5549,5,35,241,281,1.1601423487544484,0.02464635335978854,646,I guess we're just not his type...
5791,5550,4,32,214,250,1.16,0.02585097855729021,646,"I'm telling you, his farts smell like Chad!"
3978,5550,8,28,239,275,1.16,0.02651138153753088,646,He'll be fine.  He just needs to reboot his modem.
4597,5550,5,38,257,300,1.16,0.023685038482923554,646,Why are you always so mean to him? You know he does not like to wear clothes.
3150,5550,4,32,214,250,1.16,0.02585097855729021,646,I told you you don't need a ski pole!
2989,5550,6,32,237,275,1.16,0.02549054237354861,646,He says the Potato Curry Cafe is straight ahead.
5041,5555,8,27,234,269,1.1598513011152416,0.02688965959431854,646,"He's old and friendly, but handle him with care"
3436,5556,6,27,211,244,1.1598360655737705,0.027477549802450974,646,But you're gonna need skis.
1766,5557,7,31,244,282,1.1595744680851063,0.025572160636392564,646,He said if we go any farther He'll eat us.
970,5558,7,26,218,251,1.159362549800797,0.02754944790387381,646,Why shouldn't I believe him? He's not from around here
1961,5558,3,34,214,251,1.159362549800797,0.025129306396469035,646,He is cute and cuddly.
3836,5558,7,26,218,251,1.159362549800797,0.02754944790387381,646,He thinks he owns the mountain....him and his brown hairy privilege.
876,5561,7,36,271,314,1.1592356687898089,0.02387839652410431,646,I only have eyes for you
5662,5562,5,36,248,289,1.1591695501730104,0.02418366360583824,646,He want's to be the top banana.
1762,5562,8,30,251,289,1.1591695501730104,0.02563078703421325,646,He thinks photographing those frozen climbers was abominable!
3069,5564,7,28,229,264,1.1590909090909092,0.02665162482051586,646,He said he is going in search of full body shadows.
829,5565,5,35,243,283,1.1590106007067138,0.024484900442936205,646,"Well that's rude Shawn, I'm a perfectly normal size 7."
3493,5565,6,33,244,283,1.1590106007067138,0.024991420969474747,646,"I'm coming back to you, Fenwick.  
The afterglow with him was hypothermic."
1927,5567,7,27,224,258,1.1589147286821706,0.027041141992145228,646,Sportcore really saved me from Grunge
3394,5568,8,31,257,296,1.1587837837837838,0.025219413281333893,646,You Yetti get moving.............
1862,5569,4,32,216,252,1.1587301587301588,0.02566105511750796,646,He asked me to follow his Big foot steps
4730,5569,4,32,216,252,1.1587301587301588,0.02566105511750796,646,"The way ahead is truly abominable, but we will get there Yet!"
1818,5571,4,35,232,271,1.1586715867158672,0.024571528954062394,646,Legend vs Barista? It's a living.
5498,5571,6,31,234,271,1.1586715867158672,0.02565983726525027,646,"john i swear to god if you play ""sweet child o mine"" one more time i will go ape shit. this is exactly why i'm divorcing you and starting a new sexual relationship with bigfoot, who is currently fleeing the godawful caterwauliing of the band ""Kansas"""
1598,5573,5,29,212,246,1.1585365853658536,0.02665372378704595,646,"Now, about the beef jerky. I'm not going to say I told you so, but..."
4999,5574,5,32,228,265,1.1584905660377358,0.02545845959682356,646,"He want,s to know why there is no cell phone signal."
4271,5574,2,38,225,265,1.1584905660377358,0.023714338947831426,646,He says they're having a party.
458,5574,2,38,225,265,1.1584905660377358,0.023714338947831426,646,"Babe, I think Bigfoot wants to be our mountain guide."
1099,5577,2,37,220,259,1.1583011583011582,0.024006290924995562,646,I told Mr. Sisyphus we’d roll his boulder up the mountain a while.”
4640,5578,11,22,245,278,1.158273381294964,0.02768828609177567,646,"I saw his hog; it's ginormous. I'll die if I don't taste it. So, um... peace."
5747,5579,4,32,217,253,1.158102766798419,0.02556712572450507,646,Our New Years resolution was going off the grid!...No turning back now.” “I’m just not sure I’m Yeti.”
1024,5580,8,26,232,266,1.1578947368421053,0.026995063480200684,646,We have a better chance of finding a yeti than Muller has finding anything incriminating on Trump.
1677,5581,10,24,245,279,1.157706093189964,0.02712345007171099,646,He wanted to know where the nearest Top Cuts was?
4507,5581,5,34,240,279,1.157706093189964,0.024632345179050674,646,So I have to tell you again--you are so rude!
1885,5583,10,23,240,273,1.1575091575091576,0.027517380608470345,646,I cannot believe my species evolved into something like that. Oy veh!
4663,5583,8,27,238,273,1.1575091575091576,0.02652053043634111,646,"Nice going with the ""Bumble"" references, Yukon."
4495,5585,2,36,216,254,1.1574803149606299,0.024221335844769456,646,He said it was a few hundred feet!
5107,5586,3,39,244,286,1.1573426573426573,0.023212592355589458,646,"This is an excellent location for a Big and Tall store
Frank Buckley Andover, MA"
1755,5587,6,30,231,267,1.1573033707865168,0.025832226227016176,646,"For Yeti's sake, Look up!."
605,5587,5,32,230,267,1.1573033707865168,0.02528128998849524,646,"Yeti, there was another man before you."
1707,5589,6,27,215,248,1.157258064516129,0.027063806928916755,646,Bad hair day?
597,5590,8,28,244,280,1.1571428571428573,0.0260680001814041,646,"Hey, there goes your wife"
1497,5591,8,25,228,261,1.157088122605364,0.027295683395986554,646,"One mention of anal bleaching is quirky, the second I think you have designs."
3770,5591,5,31,225,261,1.157088122605364,0.02562492931223998,646,"He wanted to know how to call the NFL, NBA, or MLB."
245,5593,7,32,254,293,1.1569965870307166,0.02483715653444973,646,I've tried online dating and prefer our chances on the mountaintop.
5226,5594,6,31,237,274,1.1569343065693432,0.02539804370973639,646,"...""Cleavage/Crevice.....no comparison...."""
2655,5595,5,27,204,236,1.1567796610169492,0.02725550346645155,646,He said his real is actually real
4212,5596,8,28,245,281,1.1565836298932384,0.025981085051165812,646,"Sorry, but I really want to do something a bit more hairy."
828,5597,4,33,225,262,1.1564885496183206,0.02495468956010166,646,"That’s some serious abominable snow, man."
2201,5598,3,32,208,243,1.1563786008230452,0.025439580995136553,646,That was beyond cool.
1787,5599,4,35,236,275,1.1563636363636363,0.024240654657820805,646,I'm not a big fan for the latest winter fashion trends.
4174,5600,5,30,221,256,1.15625,0.025888027174359812,646,He left his heart in San Francisco...
1376,5600,8,24,224,256,1.15625,0.027606189807473876,646,"Uh, You're not going to believe this, but, , , , ,"
3109,5600,3,34,219,256,1.15625,0.02467621205080858,646,I told you we didn’t need these heavy backpacks!
758,5603,8,26,235,269,1.1561338289962826,0.026712650752659058,646,"Wow, he gained a lot of holiday weight."
5603,5604,6,27,217,250,1.156,0.026861536975286777,646,Yeti!  That’s just a big guy wearing than new European fleece.
5704,5605,7,27,229,263,1.155893536121673,0.02655993371478523,646,Oh dear! Don't tell me you're about to propose!
1265,5606,4,35,237,276,1.1557971014492754,0.024159310034974582,646,"He's my boy friend, now."
5442,5606,8,27,241,276,1.1557971014492754,0.026250221063798734,646,But I was asking about the cooler.
1887,5608,6,26,212,244,1.1557377049180328,0.027266690818739416,646,"Just because he’s not wearing cool stuff like us, doesn’t mean we can hang out together. Honestly!"
2373,5609,5,30,222,257,1.1556420233463034,0.025794264877913947,646,I told him that provocative clothes were better than no clothes at all.
5209,5609,6,28,223,257,1.1556420233463034,0.026376939422093876,646,Another giant leap for mankind is right there if only the two of you can not be so oblivious.
5951,5611,6,30,234,270,1.1555555555555554,0.025564443617190544,646,He's going to go eat all the people who died in the plane crash. Yum yum yummy!
5669,5611,7,28,235,270,1.1555555555555554,0.0260974636309225,646,Ask him over there for  directions
99,5611,3,36,231,270,1.1555555555555554,0.02389414752453181,646,PETA should protest.
5573,5614,7,30,246,283,1.1554770318021201,0.02531881039358324,646,"Now, look what you've done. I told you not to bring up the Yeti tumblers."
381,5615,8,30,258,296,1.1554054054054055,0.025063216306530488,646,"Apparently with global warming, nanookie is harder to come by"""
1144,5616,5,33,239,277,1.1552346570397112,0.024615738258715977,646,You still staring at my Zit? You rude jerk!
4531,5616,7,29,241,277,1.1552346570397112,0.025656480277185905,646,Beware – there’s a bunch of rowdy Boy Scouts on top.
2116,5618,3,32,210,245,1.1551020408163266,0.025247560640917797,646,And yet 'e still couldn't tell me why that's what they call 'im.
2062,5619,5,32,234,271,1.154981549815498,0.02493418284619155,646,"It’s part of his new diet.   Low energy hunting, freeze dried."
3886,5620,5,34,245,284,1.1549295774647887,0.024229298555054807,646,For Him.
4166,5620,5,34,245,284,1.1549295774647887,0.024229298555054807,646,Not a chance. You still wanna ford that stream?
4629,5622,6,27,219,252,1.1547619047619047,0.026662245208971893,646,"He said, Please don't call me ""Abomnible"""
5781,5622,6,27,219,252,1.1547619047619047,0.026662245208971893,646,"No! As I told you, I AM NOT INTERESTED IN THAT BIG STUPID YETI !!!"
5326,5624,5,31,229,265,1.1547169811320754,0.02526492102924229,646,Nudity at the beach has evolved in the mountains confirming Darwin's Theory!
608,5625,9,20,217,246,1.1544715447154472,0.028840222641727996,646,I'm catching me some Sasquatch dick. Don't wait up.
250,5626,9,24,239,272,1.1544117647058822,0.026944335281161857,646,The abominable snowman just passed me on his way up this mountain.
1542,5626,5,32,235,272,1.1544117647058822,0.024848877372508946,646,"Didn't he read the dress rules posted at the entrance? If I'd known they were so lax here , I would have worn my new Manolo Blahniks."
3712,5626,6,30,236,272,1.1544117647058822,0.02538896080861535,646,"I'll have you know this Yeti will lead me to true enlightenment. 
You are such a doubter, Harold!"
4177,5626,7,28,237,272,1.1544117647058822,0.02591779225182626,646,One small step for man one giant step for mankind
2004,5630,6,31,242,279,1.1541218637992832,0.024973299957009507,646,"Dorris, I am not in the mood to argue right now."
5365,5631,3,34,223,260,1.1538461538461537,0.024325212770526003,646,You can only come here if you’re truly not on social media. Very few people believe we exist.
5298,5631,7,28,238,273,1.1538461538461537,0.025828874494032743,646,I told you our packs were too heavy
3887,5631,6,28,226,260,1.1538461538461537,0.02609245226941022,646,He asked about the men's room...
4576,5631,6,28,226,260,1.1538461538461537,0.02609245226941022,646,My dad wants you to follow him to enlightenment.
1355,5631,3,34,223,260,1.1538461538461537,0.024325212770526003,646,Do you think we should just wait for him to come to us?
805,5631,8,24,228,260,1.1538461538461537,0.02720691318087206,646,You told me not to forget my Yeti.
3291,5631,6,34,259,299,1.1538461538461537,0.023906367553177727,646,Believe in yourself.
1828,5638,5,31,231,267,1.1535580524344569,0.025088651876114733,646,"See, I told you we were reverting back to earlier times!"
237,5639,6,30,238,274,1.1532846715328466,0.025215852145586824,646,you now what lets just set up camp here
5941,5639,5,32,237,274,1.1532846715328466,0.02467999081064396,646,Do you think he might tell us the way.?
2259,5641,6,28,227,261,1.1532567049808429,0.025998971788360473,646,"Yeah, seeing the guru was totally worth it. I'm not going to let life pass me by."
2897,5641,5,30,226,261,1.1532567049808429,0.025425854770025277,646,"I told you something about this ""Guide"""
4983,5641,4,32,225,261,1.1532567049808429,0.024839517860072692,646,Too abominably warm down here for him.
5375,5644,4,30,214,248,1.153225806451613,0.025610420071028782,646,He said  “I am i in Yeti”
5612,5645,11,23,260,294,1.153061224489796,0.026416422264509846,646,I don’t know what he said — I don’t speak Big Footese.
5515,5646,7,29,245,281,1.1530249110320285,0.025314475791855855,646,I offered him some clothes but he ignored me.
1982,5646,7,29,245,281,1.1530249110320285,0.025314475791855855,646,He's really a pretty good guy.
1080,5648,4,31,220,255,1.1529411764705881,0.02517049907610321,646,Want me to ask for an autograph or you?
4529,5648,7,25,223,255,1.1529411764705881,0.026947903501547542,646,New Exterior Secretary has just been frozen out!”
5829,5650,5,34,249,288,1.1527777777777777,0.023916153669267134,646,We should follow him because he’s  allyeti been to the top
785,5651,6,28,228,262,1.1526717557251909,0.025906153756919383,646,"And with these ‘Ultra-Shade 5000’  lenses, it’s like there’s no snow at all!"
3779,5651,4,32,226,262,1.1526717557251909,0.02475144191581454,646,"He said he's exhausted, yet he continues to climb."
4373,5651,6,28,228,262,1.1526717557251909,0.025906153756919383,646,Forget those television adds you see about the aggressive Bigfoot creatures in the lowlands. These highland Yetis are downright sensitive. This one mumbled something to the effect that it needed to get away and clear its head after our exchange.
5922,5654,5,28,216,249,1.1526104417670682,0.026141761284744894,646,"Yes, abominable, Yethe is the dearest of hiking companions."
2669,5655,4,33,232,269,1.1524163568773234,0.02435169766257387,646,We probably should have thrown red paint on his fur.
3873,5655,7,27,235,269,1.1524163568773234,0.026004464362630045,646,"Hurry, or 
she will leave us!"
3138,5657,6,27,223,256,1.15234375,0.026272339277676124,646,You just gotta believe in yourself.
5108,5658,3,36,237,276,1.1521739130434783,0.02341376003101959,646,"You’re not gonna believe this, but he’s actually quite friendly."
4175,5659,6,28,229,263,1.1520912547528517,0.025813991221284614,646,Of course I didn't see him. I believe in UFO's.
1399,5660,6,26,218,250,1.152,0.02665381216282663,646,You seem nice...Yeti just broke things off  and will need some time before jumping into a new relationship.
1553,5660,6,26,218,250,1.152,0.02665381216282663,646,Summit Ice: Never Deny the Existence of  Yetis. Or the Holocaust.
1572,5660,8,22,220,250,1.152,0.02783312291000948,646,Foot!
2428,5660,6,26,218,250,1.152,0.02665381216282663,646,The plan was that I would summit first!
4353,5664,10,21,239,270,1.151851851851852,0.027461831641063486,646,It's my big brother headed to Harvard.
4504,5665,3,28,193,224,1.1517857142857142,0.02640937847330389,646,He said the latest weather report didn't mention any avalanche threat.
2751,5666,4,29,211,244,1.151639344262295,0.02577456387850533,646,Yet he doesn't ever rest!
4644,5667,5,32,240,277,1.151624548736462,0.02443088654455588,646,Totally...just let me go grab some pants.
5161,5668,7,31,259,297,1.1515151515151516,0.024363266927630155,646,This is a hoax. Science proved the Yeti didn't exist decades ago. We shall move along.
3531,5668,5,25,201,231,1.1515151515151516,0.02733435119171284,646,You just don't have it Luke.
3211,5668,9,22,233,264,1.1515151515151516,0.027350709777202664,646,"Don't be scared, he's the New Yorker's newest Caption Contest judge, on a break."
1280,5668,8,24,232,264,1.1515151515151516,0.026818951572195354,646,I just broke up with him. He is too much of a momma’s boy for me.
532,5672,10,18,223,251,1.151394422310757,0.028855185052558414,646,"He said ,HAPPY  NEW YEAR!  and tell president TRUMP if  he dont get funds for his wall i will shit you one...."
1066,5673,6,29,236,271,1.151291512915129,0.02528964316191647,646,And you just missed the abominable snowman.
1410,5673,6,29,236,271,1.151291512915129,0.02528964316191647,646,Your so abominable.
5203,5673,4,33,234,271,1.151291512915129,0.024184681885819136,646,He said he needs to take a potty break.
5610,5676,8,25,239,272,1.150735294117647,0.026257151170475796,646,Maybe these ones will finally notice me...
492,5677,2,35,222,259,1.1505791505791505,0.023571521168762304,646,I didn't want a photo he isn't verified on twitter.
34,5678,13,19,267,299,1.1505016722408026,0.026848283701076198,646,"Holy shit it's the fucking yeti! Quick, take a picture!""
""Suck my balls Sharon you dumb bitch"
1552,5679,6,28,232,266,1.150375939849624,0.02554136848026609,646,He must be so cold.
3834,5679,7,26,233,266,1.150375939849624,0.0260908858163973,646,"Yeah, saw him on the airtrain. Self-styled Master of Disguise."
3244,5681,6,31,249,286,1.1503496503496504,0.024401802848799607,646,"Carol: He moved all the way here from the United States after Trump built a wall on his property for no reason!
Ben: Ruthless..."
1959,5681,8,27,251,286,1.1503496503496504,0.025387432236363413,646,He asked if we were interested in a manage.
51,5683,6,26,221,253,1.150197628458498,0.026357518347265834,646,Think he knows any Fornite dances?
487,5683,4,30,219,253,1.150197628458498,0.025139204049700523,646,"Greg, I'm only a size 8!"
2478,5683,5,28,220,253,1.150197628458498,0.025755565939025046,646,What? I told him it’s still 45.
4711,5683,7,24,222,253,1.150197628458498,0.02694602698012163,646,Got change for a $50?
117,5687,7,30,256,293,1.1501706484641638,0.02450894404606279,646,Didn't I tell you these hiking shoes were a total waste of money?
1861,5688,3,33,224,260,1.15,0.024111783040208393,646,"He said his is 'Yada-Yada-Yada.'  But, I could be wrong."
4848,5688,4,28,208,240,1.15,0.02594114140307404,646,I think something happened to our friend.
5776,5688,5,29,226,260,1.15,0.025313595966953022,646,sheesh... foot traffic up here is even bigger than the city.
1589,5691,7,26,234,267,1.149812734082397,0.025999084405364484,646,One of those Shackleton Guys
183,5692,3,31,213,247,1.1497975708502024,0.02482866136496234,646,"We really should've all worn the warm overalls, Jacob."
1863,5692,8,21,218,247,1.1497975708502024,0.02794707443949803,646,Why can't you be so thoughtful?
2805,5694,7,27,240,274,1.1496350364963503,0.025558901509528047,646,"He told me “No, my cousin is not Yeti”"
4303,5694,6,29,239,274,1.1496350364963503,0.02503038540172983,646,"He said it's his favorite short-cut, hills no problem and he absolutely loves the scenery"
332,5696,5,28,221,254,1.1496062992125984,0.025660779903417696,646,Nice going. We’re stranded halfway up without a guide all because you just couldn’t stop singing “Zendaya is Meechee.”
5911,5697,5,29,227,261,1.1494252873563218,0.02522297084161526,646,Did you see that Yeti?
5337,5698,9,25,254,288,1.1493055555555556,0.025696798607245462,646,He said ‘brb gotta pop a squat’.
1864,5699,5,30,233,268,1.1492537313432836,0.02480564813198766,646,"I'm sorry Sean, but he captured my heart and sent my 
spirit soaring to the mountain top."
2495,5699,6,28,234,268,1.1492537313432836,0.02536277422135942,646,"Geez, I feel so under dressed!"
5332,5699,5,30,233,268,1.1492537313432836,0.02480564813198766,646,It's abominable to be so naked!
1176,5702,5,27,216,248,1.1491935483870968,0.026022212105858488,646,"Fred, do you see that large hairy creature? What, I didn't know your ex-boyfriend was here"
4167,5703,7,24,224,255,1.1490196078431372,0.026747192442681908,646,Yeti tink I taw it!
2564,5704,6,30,246,282,1.148936170212766,0.02454622909225368,646,Shall we ask to borrow his crampons?
5730,5704,6,23,206,235,1.148936170212766,0.02756639360562632,646,"Somehow he knew it was time to move on when the bell rang.  Hi, I'm Cheryl!"
2940,5706,6,27,229,262,1.1488549618320612,0.025708257755256484,646,Being a Harvey Weinstein paparazzi is getting more difficult.
3818,5707,5,26,211,242,1.1487603305785123,0.02639887215262395,646,They'll never believe it without a Video!
2525,5708,6,28,235,269,1.1486988847583643,0.025274403890212092,646,I’m sorry. This is where we have to part ways. I’ve decided to follow my heart with Bigfoot. Thank you. next.
1232,5708,4,32,233,269,1.1486988847583643,0.024151828781970964,646,"When you said you’d take me to the heights, I didnt’ think this is what you meant!!!"
4745,5710,5,25,206,236,1.1483050847457628,0.02679183488988779,646,It’ll be a million years before someone makes it up this far
1333,5711,5,29,229,263,1.1482889733840305,0.02504363881726749,646,He's looking for his mislaid longjohns.
2613,5711,7,25,231,263,1.1482889733840305,0.026176973515738215,646,"I turned him down for a date, yet he persisted in asking for one.  Get it?"
2995,5713,6,24,213,243,1.1481481481481481,0.026936026936026942,646,He said keep trekking and we'll make it to the top!
2754,5714,6,29,242,277,1.148014440433213,0.024776352205413223,646,"Goddammit I told you the Yeti was now vegetarian!!,I told you not to make turkey and ham sandwiches."
3440,5715,4,29,217,250,1.148,0.02519769225105975,646,There is something so beautiful about nature...in all of its forms.
4044,5716,5,32,247,284,1.147887323943662,0.023868598689778666,646,The only difference between any two entities in the various worlds is a matter of orthogonal rotation.
5171,5717,5,25,207,237,1.1476793248945147,0.02668588742758126,646,"The view is breathtaking, but cell coverage stinks."
3003,5718,6,32,260,298,1.1476510067114094,0.023649990091494686,646,I'll be joining Warren's exploratory committee and you're waiting for Biden to declare so I guess it's goodbye
894,5719,8,24,239,271,1.1476014760147601,0.026165843631707993,646,He says it is easier to summit by way of the southern route.
1423,5720,2,32,210,244,1.1475409836065573,0.02418771619555809,646,He didn't like the Smallfoot movie so he won't take us to his village.
6053,5721,7,27,244,278,1.1474820143884892,0.02521322657667132,646,"I came here for exotic viewing- not exotic mooning!""
Adam Moakher, Oakland C"
4243,5721,8,25,245,278,1.1474820143884892,0.02572311794064268,646,I think he's on the wrong mountain.
2994,5723,5,32,248,285,1.1473684210526316,0.02379036146610191,646,I think Santa needs to shave”
3752,5723,11,20,254,285,1.1473684210526316,0.02672525523832491,646,Mutha fucker said Patagonia was for weenies!!!!
2466,5725,5,29,231,265,1.1471698113207547,0.024866820035667158,646,Turn around and follow our cross fit instructor.
1564,5726,5,30,237,272,1.1470588235294117,0.024464541087149665,646,"So I heard that there was a really hairy man pretending he is big foot, around here ."
2725,5726,5,25,208,238,1.1470588235294117,0.026580768774956562,646,"I said, ""Have you heard of #MeToo?"", and he turned on his heels."
1997,5728,4,29,219,252,1.1468253968253967,0.025011051853425,646,Apparently he's sick of everyone Messin' with Sasquatch.
5946,5728,8,21,223,252,1.1468253968253967,0.02742318232704459,646,I said “Do Not follow the Yeti”!!
479,5730,5,29,232,266,1.1466165413533835,0.024779336805458366,646,About time he loped in-focus.
2262,5730,6,27,233,266,1.1466165413533835,0.02534538126282371,646,My estate is not ready for probate.
3870,5732,6,28,239,273,1.1465201465201464,0.024926954842504134,646,I hear a Yeti's inner temperature always stays the same
4118,5733,9,19,225,253,1.1462450592885376,0.027888929858580422,646,Nobody told him November ended two months ago.
2803,5733,4,29,220,253,1.1462450592885376,0.024918756504325793,646,The big snowball fell off his back.
3611,5735,8,22,230,260,1.146153846153846,0.026822119678382775,646,He's pissed. He still hasn't received his comped Rambler Tumbler.
392,5736,7,18,194,219,1.1461187214611872,0.029420627268882567,646,The Schoen-Rene Caption on the boxing-gloved pianist was  better!
1480,5737,8,23,236,267,1.146067415730337,0.02634764826825169,646,What in the world did he eat? Breathing at these elevations is never THIS hard.
3142,5737,7,25,235,267,1.146067415730337,0.025807717467962052,646,Some of our old travel companions got a little too invested.
2143,5739,8,25,248,281,1.1459074733096086,0.025464119316723585,646,"Not interested, but he said the White House might try Bigfoot."
5844,5739,6,29,246,281,1.1459074733096086,0.02444550125691652,646,Let's ask if he knows the way to the abominable snowman.
3226,5741,5,26,216,247,1.145748987854251,0.025897864616214655,646,He asked if we'd seen Jill . . . yeti.
4575,5741,4,28,215,247,1.145748987854251,0.0252543873964428,646,Are you still sold on all our gear
277,5743,3,31,220,254,1.1456692913385826,0.024192230496129015,646,I forget my camera.  I think I'll have to head down.
5118,5744,5,28,228,261,1.1455938697318007,0.02501618484359605,646,He groped me !
3135,5744,7,24,230,261,1.1455938697318007,0.02616781211068396,646,I told you my feet were too small for this climb.
3107,5744,4,30,227,261,1.1455938697318007,0.024420013531188268,646,"Because, Brett, those are incredibly offensive names.  And the Journey song is tired."
557,5744,5,28,228,261,1.1455938697318007,0.02501618484359605,646,Just don't offer him oatmeal.
84,5748,7,25,236,268,1.1455223880597014,0.025717015789857436,646,"Well, Jacques-o, what's next for you?

Jacques LaFleur: I don't know. There's always Loch Ness.

[Both laugh]"
1500,5749,11,18,246,275,1.1454545454545455,0.02730588561600403,646,I wonder why they call him the Abdominal Snowman?
2012,5749,8,24,243,275,1.1454545454545455,0.025806646207479418,646,"Honey look, our cooler can walk!"
2624,5749,3,34,238,275,1.1454545454545455,0.023092617589846147,646,"Yeti-r you go again, on with the yeti jokes."
4226,5752,7,22,219,248,1.1451612903225807,0.027035821418032263,646,I can't even with you guys right now...
4796,5753,5,28,229,262,1.1450381679389312,0.024926715323610526,646,His positive attitude will help him seek great heights.
4022,5754,5,29,235,269,1.1449814126394051,0.024520515612204273,646,He said his name is Abominable.
4490,5754,4,31,234,269,1.1449814126394051,0.023948138897258595,646,"Had me fooled,thought for sure he'd want our peanut butter."
4740,5754,4,31,234,269,1.1449814126394051,0.023948138897258595,646,You know that's not the direction to the up-town R train.
4222,5757,6,28,242,276,1.144927536231884,0.02467253212072119,646,You shouldn't have asked him if he went an Ivy League School!
5001,5757,5,30,241,276,1.144927536231884,0.02413262066405033,646,His family has been climbing this mountain for centuries. You' d think they's be bored by now.
1483,5757,3,34,239,276,1.144927536231884,0.023014831258317086,646,You’ll never guess where they got the name!
3820,5760,7,27,249,283,1.1448763250883391,0.024793983783358835,646,"Didnt you forget something...like  our skis.



Elizabeth Shaw, San Francisco. CA."
1158,5761,1,34,214,249,1.144578313253012,0.023045147930990134,646,Did you have to tell him that we'd meet him up there later? I have no more big foot cookies.
4962,5762,5,27,224,256,1.14453125,0.025259784962790587,646,Where did you say you saw the bigfoot?
3120,5763,4,30,229,263,1.144486692015209,0.02424654998644858,646,"He said, ""Send a paparazzi dog and I'll talk."""
5101,5764,7,25,238,270,1.1444444444444444,0.025537500581125288,646,This is a great spot for our new headquarters
3709,5765,6,30,255,291,1.1443298969072164,0.023833900166173805,646,It's bald.
94,5766,6,33,273,312,1.1442307692307692,0.02281547627983932,646,I tried but I can’t keep up with him.
1108,5767,6,22,208,236,1.1440677966101696,0.027223247591622944,646,"Starbucks is down the mountain, not up."
1956,5768,4,29,224,257,1.1439688715953307,0.024556236500708824,646,"Really, he’s not so, just abominable P.R."
2058,5768,1,35,221,257,1.1439688715953307,0.022623267956337997,646,I already don't want to carry my own crap - now I have to carry his too?
4616,5770,7,25,239,271,1.1439114391143912,0.025448674084036067,646,You offended him with your ape jealousy
4240,5770,6,27,238,271,1.1439114391143912,0.024905850838027776,646,"Take a picture, it'll last longer creep! - I have a boyfriend."
2068,5770,4,31,236,271,1.1439114391143912,0.023783065248770788,646,"Wow, those sure look like big footsteps to follow in.""
""I know -- and he's not even wearing socks!"""
2501,5770,6,27,238,271,1.1439114391143912,0.024905850838027776,646,"He said, ""Stick with me, and I'll make you the smartest kid on this mountain!"""
3355,5774,7,26,245,278,1.143884892086331,0.02503007159959901,646,He said there's a Starbucks about a mile back. He knew a shortcut and they'll never see us coming.
1645,5775,6,29,250,285,1.143859649122807,0.024123312437142958,646,I hope he uses toilet paper
3448,5776,5,32,255,292,1.143835616438356,0.023256636877405364,646,"Yes, his name is Eddie Moretti. Yes, he likes spaghetti. But he is clearly a SASQUATCH."
5834,5777,4,23,189,216,1.1435185185185186,0.027276192054849727,646,Damn that guy needs something...maybe a haircut...I don't know...
2419,5778,6,22,209,237,1.1434599156118144,0.027114953002774528,646,He said he's slouching. Where's Bethlehem?
4958,5778,4,26,207,237,1.1434599156118144,0.025762477846113286,646,"Honey, I told you we shouldn't have left without a compass; how
just how far have we walked?"""
5598,5778,4,26,207,237,1.1434599156118144,0.025762477846113286,646,He asked if he should expect a coffee shop to follow.
3658,5781,9,19,230,258,1.1434108527131783,0.02737629565526293,646,Is this slope for ski-dating or Tindering?
3668,5781,2,33,223,258,1.1434108527131783,0.023201708645507347,646,Really? That's the view? Both Matt Whitaker and Denver Riggleman recommended this hike . . .
6003,5783,3,33,236,272,1.1433823529411764,0.023121903589297495,646,He said that he's going on ahead to ward off all the troubles and worries of our endangered generation.
4589,5783,9,21,242,272,1.1433823529411764,0.026408676059153046,646,The Yeti is despondent as the LBGQ said it can not be a member.
5831,5783,3,33,236,272,1.1433823529411764,0.023121903589297495,646,"Look, I know we just met him, but I do think it's best if I go up with him alone because of his fear of numbers."""
1508,5786,6,28,245,279,1.1433691756272402,0.024423217503449123,646,His name is Yentl Yeti but he won't take a selfie with me!
4228,5786,6,28,245,279,1.1433691756272402,0.024423217503449123,646,"Oh ya, the ranger did say they were bringing in path clearing equipment."
5396,5788,4,28,220,252,1.1428571428571428,0.024785535183532693,646,"All right, have it your way—you heard a yeti lament!"
5455,5788,8,25,254,287,1.1428571428571428,0.024961376353908445,646,I want to live the hairy life
4549,5788,6,28,246,280,1.1428571428571428,0.024341221467731346,646,I guess they didn’t wear hats back then.
5723,5788,5,26,221,252,1.1428571428571428,0.025415395095611658,646,I didn't mean to offend. Everyone likes snowball sandwiches!
5762,5788,7,27,253,287,1.1428571428571428,0.024468437454341973,646,"Odd, he asked me to call him a Yeber."
5677,5788,6,25,228,259,1.1428571428571428,0.025577138678139648,646,"Remember,I told you to buy that suit last week?"""
4250,5788,6,26,234,266,1.1428571428571428,0.025145745845740603,646,The Hair Unapparent
1414,5788,4,31,238,273,1.1428571428571428,0.023620234416319004,646,I’m thinking if we follow him we may never be seen again!!
1952,5788,3,32,231,266,1.1428571428571428,0.023392094340180948,646,"He/She may be abominable but, is great if you need a hand or something warm to hold onto."
1630,5788,8,22,236,266,1.1428571428571428,0.02624984136747657,646,Yukon Yeti Yogi Yahoo
1623,5788,7,28,259,294,1.1428571428571428,0.024092259191245885,646,"He says if we don’t leave his land, he’s will kick our asses !"
3672,5788,5,27,227,259,1.1428571428571428,0.024985190823213363,646,You gotta come through me to get through him!!
1261,5788,5,27,227,259,1.1428571428571428,0.024985190823213363,646,"I was young and innocent,but now I have found my dream,Captain Von T."
1088,5788,5,26,221,252,1.1428571428571428,0.025415395095611658,646,"Are we supposed to be blind, or is it just bright?"
992,5788,3,29,213,245,1.1428571428571428,0.024539928613451494,646,He said don't go on Wolverton Mountain.
58,5803,6,27,241,274,1.1423357664233578,0.02464932935345406,646,"Whatever you do, don't make any sudden bowel movements."
1449,5804,3,31,226,260,1.1423076923076922,0.02367191582489971,646,Do you think he got his outfit at Sports Authority?
3697,5804,2,33,225,260,1.1423076923076922,0.023036049338398014,646,"Hello, I'm following a big giant. I want to see what he's up to."
5210,5806,8,20,225,253,1.1422924901185771,0.027115745740047173,646,maybe the Donald will get us there
5136,5806,7,22,224,253,1.1422924901185771,0.026531002062717093,646,I counted eight passes of the basketball.  How about you?
5026,5808,9,23,257,289,1.1418685121107266,0.02527800800916161,646,"Yeah, you have just spotted a real trail legend; thru-hikes this peak barely leaving a footprint"
796,5809,6,25,230,261,1.1417624521072798,0.025392523943238453,646,I told you we were close to the hot springs!
4992,5809,5,27,229,261,1.1417624521072798,0.024805399189337617,646,The mountain would not come to Monster Erotica.
1003,5811,5,26,223,254,1.141732283464567,0.02522737095244977,646,I told you not to bring your brother along—his personality is too big.
5319,5812,7,21,219,247,1.1417004048582995,0.026922167405757497,646,Your hiking skills are an obination !
198,5813,7,32,286,325,1.1415384615384616,0.022538187656546332,646,He's an agent and he wants to make us rich and famous.
300,5814,7,22,226,255,1.1411764705882352,0.026334286169372174,646,Wow. I can't believe that the legendary monster known as the Yeti or Abominable Snowman is standing right behind me. This just goes to show that anything can happen when you climb mountains.
2241,5814,3,30,222,255,1.1411764705882352,0.023874267643893197,646,I expected Naples to be warmer.
2404,5816,4,27,217,248,1.1411290322580645,0.024926588005329414,646,Yes that really was him!  I thought for a while that we were an item but he said he just couldn't stand my tiny feet.
2144,5817,3,28,210,241,1.1410788381742738,0.02467048381111162,646,I don't care what kind of trail etiquette your ex has.
1473,5817,5,24,212,241,1.1410788381742738,0.02603438235674132,646,I have a hard time keeping up... my feet aren’t as big.
4692,5819,7,27,257,291,1.140893470790378,0.024151280848075378,646,What a waste. His feet isn’t really all that big.
1814,5820,3,30,223,256,1.140625,0.02378721928831927,646,The weather up there is abominable!
2073,5820,8,20,228,256,1.140625,0.026814512413623936,646,I'm going to get my back blown out by a Yeti that's where I'm going!
4503,5820,8,20,228,256,1.140625,0.026814512413623936,646,You smelling that? He’s leaving a downwind gas trail of garlic pepper beef jerkey!
4795,5820,3,30,223,256,1.140625,0.02378721928831927,646,He lives around here somewhere around here.
4703,5824,6,22,214,242,1.140495867768595,0.026586081574338484,646,He aid there is nothing up there but angst.
2775,5825,5,23,207,235,1.1404255319148937,0.026413816750798493,646,These shades are really dark.
3280,5826,7,26,252,285,1.1403508771929824,0.024449957190671265,646,"I checked.  There weren't any listings for ""excellent"" snowmen."
5472,5827,5,29,244,278,1.1402877697841727,0.023775296955536967,646,Do you have the Age?
2470,5828,6,26,239,271,1.1402214022140222,0.024708658205065563,646,This is abominable. What took you so long?
2332,5829,6,23,221,250,1.14,0.0260058689699755,646,"He just said,’Please get out of my way and go on back down.’"
141,5830,6,21,209,236,1.1398305084745763,0.02698505457135261,646,"You have angered my father, Gornak, son of Tetow. He will never support out union now!"
2785,5831,7,25,247,279,1.1397849462365592,0.024759586945780565,646,"No matter how high that Yeti climbs, his inside temperature is always the same."
812,5832,6,25,234,265,1.139622641509434,0.025031130493248305,646,Bigfoot is wearing the latest in thermal wear.
5740,5833,6,28,253,287,1.1393728222996515,0.023782220352047564,646,Is it me... or did steve forget to shave again?
5512,5834,7,23,236,266,1.1390977443609023,0.025504800940731497,646,"I tell you -  I'm seeing things"""
3896,5835,7,21,224,252,1.1388888888888888,0.026416396045458125,646,No point to get civilised - these guys can't even agree on continuing resolution
2750,5836,5,29,247,281,1.1387900355871887,0.02353679112588532,646,"He thinks he'll win, but he doesn't have the right clothing."
1460,5837,5,23,210,238,1.138655462184874,0.0261000130715862,646,"Man says,
""You think you're sharp, just because your head comes to a point"""
2667,5838,4,27,222,253,1.1383399209486167,0.02446430348813648,646,These new sunglasses block 100% AS rays.
3300,5839,4,30,241,275,1.1381818181818182,0.02325505301002094,646,Please stay. I beg you not to cro!
5668,5840,7,26,257,290,1.1379310344827587,0.024051697943661885,646,I told you his brain isn't big enough to know that passing in the right lane is illegal.
1785,5841,2,34,240,276,1.1376811594202898,0.02200973432446017,646,Is that you walking away from me?
3230,5841,6,26,244,276,1.1376811594202898,0.024286421094216405,646,Just the beauty of Father Nature...
2098,5843,5,24,218,247,1.1376518218623481,0.0254384022290478,646,Maybe if we follow in his big foot prints we can keep-up.
4626,5843,2,30,215,247,1.1376518218623481,0.023417224029254658,646,Cranston Now youttps://www.newyorker.com/cartoons/contest#thisweek
3882,5845,6,25,238,269,1.137546468401487,0.024679823082537574,646,"You think you’re smarter than everybody else! You don’t even know which way is up!” [Underscore the word ""up"""
2615,5846,4,25,211,240,1.1375,0.0252126589820038,646,"You're so insecure, no one can stand to be around you."
5850,5846,6,21,213,240,1.1375,0.026559615582992115,646,Why won't you believe me?  What we saw in that lake was the Loch Ness!
3843,5848,6,23,226,255,1.1372549019607843,0.025524021214695665,646,Go away. Leave me alone. I want to explore this mountain in my own.
206,5849,3,32,242,277,1.1371841155234657,0.022524164462861145,646,#MeTwoDegrees
4993,5849,5,28,244,277,1.1371841155234657,0.023657100307138926,646,I just realized I forgot my YETI at home.
4242,5851,2,36,254,292,1.1369863013698631,0.02129160045602211,646,I feel like in a movie... don’t you?
1590,5851,4,32,256,292,1.1369863013698631,0.02236976934048564,646,"Have you seen any Yeti?
No, not yet."
101,5853,4,28,231,263,1.1368821292775666,0.023812536222454585,646,You’re acting abominably.
454,5854,2,30,217,249,1.1365461847389557,0.02324185438304166,646,He said he’s just getting back from his holiday vacation on the island of misfit toys.
4275,5855,8,21,242,271,1.136531365313653,0.025598838371007945,646,"Yeti pubes, dude. Now we know"
3535,5856,6,28,259,293,1.136518771331058,0.023323002036368987,646,I would rather marry big foot than you!
3623,5856,4,32,257,293,1.136518771331058,0.022298193202768078,646,"He's says he gets clothes right now, or he walks for good."
1521,5858,8,23,255,286,1.1363636363636365,0.024688419828593856,646,"Argue, argue, argue!"
5645,5858,4,28,232,264,1.1363636363636365,0.02372783138632602,646,He forgot his pajamas.
74,5860,2,34,243,279,1.136200716845878,0.0217892950367564,646,He said the nudist colony is an EEO.
3494,5860,5,28,246,279,1.136200716845878,0.023497464694354497,646,"Speaking of which, my new boss is an abominable."
4560,5862,4,27,226,257,1.1361867704280155,0.02410656182207444,646,He  says we are approaching the Upland  border where clothes   are  not allowed. and everyone  fury.
3841,5862,6,23,228,257,1.1361867704280155,0.025336218902021403,646,The sooner we get to the top the sooner we turn back into fish!
5882,5864,2,36,256,294,1.1360544217687074,0.021156741416896798,646,He said what I am wearing is way out of style--what an abominable comment!
3544,5865,4,29,239,272,1.1360294117647058,0.023285265727932523,646,I think your fruitless pursuit is an abomination.
2222,5866,3,29,226,258,1.1356589147286822,0.023382406131226722,646,Are you Yeti to continue or not?
4849,5867,7,28,275,310,1.135483870967742,0.02291741766333468,646,"There's nothing funny here, so please step back."
617,5868,7,25,256,288,1.1354166666666667,0.024027430909707968,646,He said Survivor need to talk to his agent.
1649,5869,7,22,237,266,1.1353383458646618,0.025302207894610018,646,"He's got great snow shoes"""
1544,5870,4,25,215,244,1.1352459016393444,0.024823768393686774,646,"That's the hairy guy I've been lookin' for, I'm going after him!"
297,5871,5,25,229,259,1.135135135135135,0.02454892828279965,646,I told you it was a great idea to recreate the movie BirdBox with these shades on
598,5871,2,31,226,259,1.135135135135135,0.022646392480234784,646,It looks like we should ditch the jackets and get fur coats instead.
486,5873,3,31,240,274,1.135036496350365,0.022540110866754205,646,You look dazed and confused.
4010,5874,6,22,224,252,1.1349206349206349,0.025587604756609393,646,Let's keep our eyes wide open for any hint of HIS presence!
1704,5875,4,25,216,245,1.1346938775510205,0.024728401581537593,646,It's the abominable impeached-man on the way to his final summit with Kim Jong-um.
3634,5876,7,21,232,260,1.1346153846153846,0.02564535652960328,646,I knew all those hiking lessons were a crock of shit
4828,5876,7,21,232,260,1.1346153846153846,0.02564535652960328,646,"Cool, I wasn’t aware that A.I. had created a new climbing solution."
5891,5878,4,29,242,275,1.1345454545454545,0.023046595478066544,646,"Says he' can't miss showdown with 'biggest, best,' etc."""
1595,5879,5,29,256,290,1.1344827586206896,0.02284897799499442,646,I just met Bigfoot and he thanked me for looking in on his wife.
3563,5880,5,24,224,253,1.134387351778656,0.024868948826096415,646,You might say I saved the last dance for you.
3863,5880,3,28,222,253,1.134387351778656,0.02357382918706731,646,He said that he's looking for a shoe store that carries extra wide sizes.
5578,5882,3,30,235,268,1.1343283582089552,0.022789733388252256,646,Do you think he needs crampons
627,5883,8,19,234,261,1.1340996168582376,0.026122462453799924,646,"Well, if you weren't so stubborn."
3222,5884,4,29,243,276,1.1340579710144927,0.022968115343457166,646,"He’s not sociable,yet,I think I heard him grunt."
761,5885,3,28,223,254,1.1338582677165354,0.023486795476546973,646,It's an experiment to determine if he can replace snow groooming equipment.
263,5885,4,26,224,254,1.1338582677165354,0.02414026001613487,646,I think our guide's lunch might have been braised rabbit in garlic sauce.
644,5885,8,18,228,254,1.1338582677165354,0.026594031683902505,646,"I'm leaving you, Chad. I'm only into Bigfoot cock now."
2400,5888,6,26,252,284,1.1338028169014085,0.023639903395961222,646,"OH MY GOSH! JANET! BEHIND YOU! DO YOU SEE THAT?



It's a woman."
4670,5888,6,26,252,284,1.1338028169014085,0.023639903395961222,646,"No, he's the ""abdominble"" snowman!"
6068,5888,8,22,254,284,1.1338028169014085,0.02467009543336661,646,"You get the spray tan, I’ll get the rope."
1127,5891,6,21,220,247,1.1336032388663968,0.02584635727681133,646,Oh it  is just another ordinary mountain to climb.
1262,5892,3,29,230,262,1.133587786259542,0.023047747621486522,646,"He said “Marsha, Marsha, Marsha.” It’s time for you to turn back, John."
9,5893,9,19,249,277,1.1335740072202165,0.025588291400350537,646,fuck shi t fuckfuck shit .. fuck
1332,5894,5,26,239,270,1.1333333333333333,0.023817193548414745,646,"I dunno. He just fast-talked something like “Hillary, stop following me”, “hell freezes over”, and the “fastest most beautiful path to Kremlin anyone on earth has ever seen”.    PG"
4690,5894,8,18,229,255,1.1333333333333333,0.026494736781949132,646,"Can you believe the New Yorker tried to scam me for $120 bucks after the trial p eriod, what a pack of cocksuckers...duck The New Yorker..BITCH"
5959,5894,6,26,253,285,1.1333333333333333,0.023561488235344166,646,Why'd you have to Bigfoot our decision to peacefully hike to the summit?
1264,5897,5,27,246,278,1.1330935251798562,0.023375050860512468,646,"Woman, everything is an uphill battle with you. Just put one foot before the other."
3122,5898,7,21,235,263,1.1330798479087452,0.025367643419213853,646,"I know he can't help it with the altitude and all, but I'm eve-level with his ass and I'm going to get pink eye before we summit."
5694,5899,4,28,239,271,1.132841328413284,0.02315125827167053,646,"We go now, we catch the draft."
5234,5900,4,26,226,256,1.1328125,0.023962662119594375,646,He made a pass at me !
2601,5901,4,24,213,241,1.1327800829875518,0.024861663367543977,646,"If you can’t beat ‘em, join ‘em."
3506,5902,5,25,234,264,1.1325757575757576,0.02410987317739901,646,Any snow up there?
5213,5902,5,25,234,264,1.1325757575757576,0.02410987317739901,646,I’m trying to climb -with a primate
5446,5902,5,25,234,264,1.1325757575757576,0.02410987317739901,646,I'm thinking of trading my Canada Goose Down for a Yeti Fur.
5549,5905,3,28,226,257,1.132295719844358,0.023229482366263723,646,He loves a good freeze dried chicken tetrazzini that feeds EIGHT.
1335,5906,4,31,260,295,1.1322033898305084,0.021965054002484646,646,No dice. They just showed me their copy of an Injunction Against Harassment.
2417,5907,8,21,251,280,1.1321428571428571,0.02481645739578544,646,Hmmph--peakbagger.
2888,5908,3,34,266,303,1.132013201320132,0.02109484229634869,646,"What do you mean, “we can’t follow him, he’s not wearing sunglasses”..?"
3339,5909,6,20,217,243,1.131687242798354,0.02601083920055174,646,"H'm I thought I heard something. Oh well, it must be the wind... or a fat gorilla yelling"
3332,5910,4,29,248,281,1.1316725978647686,0.02258354930079409,646,"Each time he goes up, he complains about a missing rock."
4638,5910,6,25,250,281,1.1316725978647686,0.023682388813120715,646,I've just been YETTI-IZED!
3571,5912,4,28,242,274,1.1313868613138687,0.02291259345325886,646,Give me that stick; I am going to follow him.
5609,5912,5,26,243,274,1.1313868613138687,0.02348880992662136,646,That guy thinks he’s so much cooler than us because his feet are bigger than oura
442,5914,9,21,267,297,1.1313131313131313,0.02429242273308725,646,"He's in a hurry to get to the sock hop dance...
1st place is a thick wool pair..."
5146,5915,6,22,231,259,1.1312741312741312,0.02493194458350025,646,"OK, its true...I’m going with him because your #metoo backpack"
3500,5916,6,25,251,282,1.1312056737588652,0.023602878196355412,646,I wonder where he got those sturdy boots from.
3819,5917,4,22,203,229,1.1310043668122272,0.025544656503834556,646,"For avalanche sake!  He should be packing a transmitter, snow shovel and probe.  He can’t expect 911 out here."
4063,5918,2,32,241,275,1.1309090909090909,0.02164050637013475,646,"The Abominable Snowman is a myth, like having to wear a jacket when you climb a mountain."
3586,5919,3,26,216,245,1.1306122448979592,0.023785455183257746,646,It’s amazing what evolution can do when you can’t get to the summit for 20yrs
1445,5919,6,20,219,245,1.1306122448979592,0.025809221110557466,646,"""He said he likes to come up her for his privacy"""
3706,5921,5,25,238,268,1.1305970149253732,0.023769718205569754,646,I accidentally called him Abdominable Snowman and he's sensitive about his weight.
2014,5922,6,22,233,261,1.1302681992337165,0.024750711489103166,646,I think it’s that Ultralight Fur Yeti-Ready model?
3309,5923,3,26,217,246,1.1300813008130082,0.02369451843042965,646,You'll never get up there without the right gear.
5928,5924,4,26,232,262,1.1297709923664123,0.023445120811230784,646,you should have given him your call card
1121,5925,6,23,241,270,1.1296296296296295,0.02417948938767978,646,He must be really piss off
1684,5926,8,20,250,278,1.129496402877698,0.024793809737066626,646,It's about The Quatch on the mountain
5640,5927,7,20,236,263,1.129277566539924,0.025155760308338954,646,There goes the neighborhood. They let up here these days ...
1439,5928,6,19,215,240,1.1291666666666667,0.026073812098720197,646,Do you think we should go back to that look?
4434,5929,1,33,237,271,1.1291512915129152,0.021068785865122067,646,It's Sasquash's summit home
3564,5929,4,27,240,271,1.1291512915129152,0.02293239101878754,646,I did not have sex with him!
5690,5931,7,19,230,256,1.12890625,0.025589284576574847,646,He says someone put steroids on his only razor
4857,5932,1,32,231,264,1.128787878787879,0.021340737266455315,646,It's an old world up there!
2351,5932,3,28,233,264,1.128787878787879,0.022650328713859635,646,"So... that part about the rest of our days together... we're still good, yeah?"
927,5934,3,27,228,258,1.127906976744186,0.022902482831255223,646,Sorry.  He's turn down his visit with Bigfoot.
4470,5935,1,33,240,274,1.1277372262773722,0.020853553326692024,646,Now is the time to try your new battery razor.
3655,5936,3,31,256,290,1.1275862068965516,0.021371457040897324,646,Keep looking I'm sure we can pick its' traks up again.
1640,5937,1,31,227,259,1.1274131274131274,0.021467573356249988,646,I don't care if the haute route is on your bucket list I'm going to the maibeau spa to warm up.
3606,5938,5,24,238,267,1.1273408239700375,0.023633982323254317,646,He promised he'd write every day!
654,5939,4,25,232,261,1.1264367816091954,0.023295911069217596,646,"Sometimes, my imagination is lazy and only walks wild."
3478,5939,3,27,231,261,1.1264367816091954,0.022654514545214784,646,"Cuddling, that's where it is!"
836,5941,4,27,246,277,1.1263537906137184,0.02246328539449862,646,Qianlong Ping
4540,5942,5,20,213,238,1.1260504201680672,0.025339760327278638,646,it's fur coat seson
5033,5943,2,31,245,278,1.1258992805755397,0.021195083291203693,646,"No.  He was just merely awful.

Jeff Tillotson
Dallas, Texas
jtillotson100@gmail.com"
3442,5944,4,23,220,247,1.125506072874494,0.024037822713122544,646,"He said,"" Look at this mountain; it's fabulous.  The guy who put this together did a wonderful job."""
1535,5944,2,27,218,247,1.125506072874494,0.02262711433142021,646,He said even though he has a Bigfoot he jogs like this every morning
4217,5946,6,22,243,271,1.1254612546125462,0.023882518867094214,646,Where's a camera when you need one?    Small foot exists!
2458,5947,3,30,254,287,1.1254355400696865,0.02136981963578413,646,"Hey, let's follow his trail to the top!"
3871,5947,3,30,254,287,1.1254355400696865,0.02136981963578413,646,He's on a mission
589,5949,6,22,244,272,1.125,0.02379902375271672,646,The surprise is better when he starts it higher up!
1555,5949,4,28,256,288,1.125,0.021860563650742074,646,He didn't know you have to be thirteen to enter and vote.
3342,5949,2,28,226,256,1.125,0.02214037213850238,646,Sunglasses.
5777,5949,5,26,257,288,1.125,0.022407162106484604,646,My jeans got spliced.
1602,5953,5,24,244,273,1.1245421245421245,0.023141303504605384,646,Hillary Clinton made deals with yetis to rig the election!
5318,5954,8,14,219,241,1.1244813278008299,0.027032061852821806,646,"He’s not down with pegging, which I totally respect, but you know I need to dominate our plus ones like that in a threesome context or I can’t climax."
6065,5955,2,28,228,258,1.124031007751938,0.021979048463254127,646,Look! What`s down there?
1092,5956,4,25,238,267,1.1235955056179776,0.022800392707465304,646,Let’s catch up. I’ve always to stand on the shoulders of a giant.
1408,5957,4,24,231,259,1.1235521235521235,0.023225806551020096,646,"He : You could’ve frozen to death - you left camp without your parka ?
She : Why, that strong Yetti carried me in his arms & kept me cuddled warm.... he was more of a gentleman than you are, my dear !"
554,5958,5,24,247,276,1.1231884057971016,0.022902552976568208,646,I'd heard that antique fur is all the rage on the slopes!
3238,5959,3,26,231,260,1.123076923076923,0.02249031684899522,646,I've heard time travel happens in high altitude.
4193,5960,6,19,227,252,1.123015873015873,0.024890358428785224,646,"Oats not what he said, it’s how he said it"
4484,5961,3,24,217,244,1.1229508196721312,0.02334427252818998,646,Didn’t we meet in Istanbul?
5835,5962,6,20,235,261,1.1226053639846743,0.024301812230707976,646,"Going up,that guy does not leaven tracks"
4700,5963,4,22,219,245,1.1224489795918366,0.023962768954274037,646,Stanislaw Szudkalaki told me you would be here
4928,5963,5,26,263,294,1.1224489795918366,0.021973365232202204,646,I told you we didn't need backpacks.
5028,5965,3,29,254,286,1.1223776223776223,0.021223981875677794,646,where's that can of paint you brought
2859,5966,2,30,246,278,1.1223021582733812,0.020963508742237645,646,"We’re not there yet, but the Yetty is!"
4631,5967,5,23,242,270,1.1222222222222222,0.02316266927160122,646,"What a surprise seeing you here!  I keep seeing some of strangest things on this adventure, and I'm becoming convinced that just about everyone passes through this place."
4571,5967,5,23,242,270,1.1222222222222222,0.02316266927160122,646,A Big Foot!! I want to get a selfe!!!
3119,5969,4,23,228,255,1.1215686274509804,0.02332264666798132,646,"With those feet, he can climb faster, farther, and higher - and the natural fur provides good insulation against the cold."
13,5970,3,24,220,247,1.1214574898785425,0.023076143490649285,646,I think I saw that Yeti somewhere around here.
1219,5971,3,26,235,264,1.121212121212121,0.022168299876899375,646,"He was “snow bathing.” His clothes are on the summit.
Bryan Mattimore
Stamford, CT
Bmattimore@growth-Engine.com"
1479,5971,4,24,236,264,1.121212121212121,0.022808741335662224,646,I think he lost his Knapsack
5458,5973,7,17,232,256,1.12109375,0.025136299329146697,646,"DOH, how would he know about copyright infringement?"
404,5974,6,20,239,265,1.120754716981132,0.02395197484866326,646,Are you the one who just tweeted that he was abominable?  Come with me for your public shaming.  You can't escape the twitter-police.
1252,5974,5,22,238,265,1.120754716981132,0.023347576634721135,646,Watch it!   It's the Abdominal Snowman  a.k.a. Abominable Snowman or Yeti.
3101,5976,6,24,269,299,1.120401337792642,0.02213735605871813,646,He said he'll be right back...forgot his Depends
2796,5977,4,24,238,266,1.1203007518796992,0.022646060005253026,646,I thought we were on a date far from the maddening crowd!
2970,5978,4,27,260,291,1.120274914089347,0.02143959180524113,646,"Was that a yeti or hairy man.
Patrick McGuire Waldorf MD"
5415,5979,4,25,246,275,1.12,0.022171437953270576,646,I told you not to forget the car keys
4030,5979,3,24,223,250,1.12,0.022814073018881196,646,"He may be abominable, but at least he’s hairy!"
5111,5981,6,20,241,267,1.1198501872659177,0.0237807924723428,646,Places!
314,5982,6,19,234,259,1.1196911196911197,0.024248167987240006,646,I
2471,5982,3,25,231,259,1.1196911196911197,0.02232001037795917,646,"With your feet, I'm not sure if that guy behind us really is Big Foot."
5183,5984,6,20,243,269,1.1189591078066914,0.023612030824177913,646,You didn22id%22:%22edf95465-d248-448e-8f5c-eb4ab9174d61%22%2C%22session_count%22:1%2C%22last_session_ts%22:1546725587614}
3772,5985,8,15,238,261,1.1187739463601531,0.025265465790476043,646,"He has left us, quitting the Himalayan guide. He tweeted ""A Yeti would not be a sucker any more!"""
5651,5985,3,25,233,261,1.1187739463601531,0.022158103377364714,646,I gave it to Dad. He needed a toothpick.
3412,5987,4,24,242,270,1.1185185185185185,0.022327530551021078,646,He says distant planetoid Ultima Thule is snowman.
5761,5988,2,28,241,271,1.118081180811808,0.020984841367694636,646,It's Bubba's neanderthal brain that bothers me.
2986,5989,5,23,252,280,1.1178571428571429,0.02237519127080134,646,Of course we'd find a Yeti in a trackless waste.
2399,5990,6,20,246,272,1.1176470588235294,0.02336331651952712,646,Maybe you should tell him there's nothing up!
1556,5990,6,20,246,272,1.1176470588235294,0.02336331651952712,646,"""Tool use was not yet considered to be such a big deal."""
1318,5990,4,24,244,272,1.1176470588235294,0.022171587905623055,646,Just because you're tired is snow reason to act abominably!
4936,5993,4,25,252,281,1.1174377224199288,0.02172193219030252,646,"I realize this is a different time zone , but this is rediculous."
4649,5994,2,27,235,264,1.1174242424242424,0.021252358837261336,646,I thought I smelt something funny.
705,5995,4,21,222,247,1.1174089068825912,0.023513766892502546,646,That jerk ever hear of trail etiquette...didn
223,5996,6,17,226,249,1.1164658634538152,0.024683017636210433,646,Cat Man Does
1690,5997,5,23,256,284,1.1161971830985915,0.02207493384806369,646,Shitcock.
2396,5998,4,24,248,276,1.1159420289855073,0.02186612009035546,646,I told you we didn't need four different kinds of Swiss army knives!
3432,5999,5,21,242,268,1.1156716417910448,0.022866257127634126,646,Really ? You asked him why he wasn
3435,6000,2,25,224,251,1.1155378486055776,0.02173707515975891,646,"I said: d“Are you Yeti or Yeren?” And he said:“Buzz off, little girl.”"
953,6001,2,27,240,269,1.1152416356877324,0.02087908415383511,646,Yet I can’t slow down.
2757,6002,6,18,237,261,1.1149425287356323,0.023834990061296236,646,"""Pessimist""!  ""Optimist"""
2681,6002,6,18,237,261,1.1149425287356323,0.023834990061296236,646,It's over George. The Hairy Behemoth looks pretty good now!
2193,6004,6,19,246,271,1.1143911439114391,0.02322086010708822,646,I think I'm beginning to come on.
5420,6005,3,24,236,263,1.1140684410646389,0.021743694359326157,646,"Yes he's shy around people and hates snow,Yeti visits the mountain regularly."
2406,6006,2,27,243,272,1.1139705882352942,0.020661315226381344,646,"''Quick, don't lose him, Nirvana awaits."""
4135,6006,5,21,246,272,1.1139705882352942,0.022545239401837253,646,He forgot to get his other outfit when he changed into his fur suit.
760,6008,3,24,238,265,1.1132075471698113,0.02158783220933416,646,He suggested we invest in pet food.
1235,6008,3,24,238,265,1.1132075471698113,0.02158783220933416,646,"I'm sorry we have to break up, turns out we are prime soul mates.
He's asked me to marry him and have little foots with him.""
susan knickerbocker, Whidbey Islan"
6055,6010,3,23,231,257,1.11284046692607,0.02195999553982355,646,"When I asked for the time, I didn't mean shadow time, dumbass!"
2665,6011,5,17,218,240,1.1125,0.024332977491141092,646,"I understand you got a hole in one, but you have to give back the ball AND the little pencil."
4630,6012,2,25,231,258,1.1124031007751938,0.021178555309126778,646,Perhaps we should take a real low-tech approach to this crazed climb?
4017,6012,5,19,234,258,1.1124031007751938,0.023216820485133082,646,"Hey, I thought it will be a private hiking trip on a remote mountain.  I don't want to be bothered by a furry giant, and who knows, he may unzip his costume when he gets hot, and  who knows what's inside the suit?"
5053,6014,4,23,249,276,1.1123188405797102,0.02163236849781252,646,"Yes, it really is Sasquatch!"
1465,6015,0,30,238,268,1.1119402985074627,0.019295617487474513,646,"I just told him it wasn't there, but...."
4079,6016,3,22,226,251,1.1115537848605577,0.022182328138765035,646,"The altitude is starting to get into my head but it’s not affecting my nose,that thing stunk like Yeti Shit!!!"
4632,6016,2,24,225,251,1.1115537848605577,0.021451880376686973,646,Don't look now but that guy's got a mountain hanging out his arse
1251,6018,4,22,243,269,1.1115241635687731,0.021924761223425505,646,I wonder if people are right that there is a big foot. Only if we could see we might could have been famus.
4653,6018,3,24,242,269,1.1115241635687731,0.02128268839827946,646,"I’m convinced he’s Alpha Yeti. 
He likes alphabet soup, 
short rhymes, acronyms, 
Writing And Reading Poop!"
3391,6020,5,21,252,278,1.1115107913669064,0.022080208054173295,646,He's an abominable snowman who really likes mountain climbing.
1491,6021,6,18,247,271,1.1107011070110702,0.022991690505567108,646,"T-shirts, boxer shorts, … ; everybody thinks he’s sold out."
4808,6022,4,22,247,273,1.10989010989011,0.02161820302417403,646,"Hey, is that our little Junior? Ten years can sure do a lot."
4635,6023,3,23,239,265,1.109433962264151,0.021328924698463658,646,Is it me or is there a hairy elephant in the room
1040,6024,2,22,216,240,1.1083333333333334,0.021769416273541845,646,"God said, ""I only came down to share a message with my children: ""I don't have big feet as many of you seem to imply""."
2496,6025,4,21,244,269,1.1078066914498141,0.02167640109607919,646,This is an abominable floor plan.
3045,6026,4,20,237,261,1.10727969348659,0.02205082432160391,646,"Excuse me, are you Han Solo
Yayo Antioch ca"
4557,6027,7,15,249,271,1.1070110701107012,0.023350804379009674,646,"Yes, I saw him too, but my camera phone battery was frozen. Why did I ever let you convince to drive my new Tesla today? We're totally screwed!"
2807,6028,3,24,254,281,1.106761565836299,0.020416716458381105,646,Follow him!  He doesn't even have an EMS logo on his body
196,6029,3,20,221,244,1.1065573770491803,0.022203053434397754,646,Guess he missed out on the holiday clothing sales
5395,6030,5,17,232,254,1.1062992125984252,0.023045732908601867,646,I wish that I was as great at climbing as Fred over there.
2701,6031,4,21,248,273,1.1062271062271063,0.021372651009023066,646,Now see what Yeti does!
252,6032,0,28,236,264,1.106060606060606,0.018986862969152238,646,"Suggesting that apply to be a contestant on Queer Eye for the Straight Guy is leading, Mark. He's a Yeti; he's not stupid."
648,6033,2,25,247,274,1.1058394160583942,0.02000329407055877,646,Nephilim schmefelim.  Get back to camp.  Your breakfast is getting cold.
5920,6034,3,20,223,246,1.1056910569105691,0.022030655941964232,646,"They shave everything from under the nose to the top of the toes, then cover with manufactured clothes....and they call me ""Big Foot""-I call you ""Big Footprint"" you dangerous creatures (smh)"
3985,6035,2,24,239,265,1.1056603773584905,0.020374393617821243,646,"So who were you with, really?  And don't tell me it must have been the next yeti over!"
5320,6036,1,28,255,284,1.1056338028169015,0.01893988593669297,646,what if I’m the mosterrrr that’s been here all along...
2297,6037,3,23,249,275,1.1054545454545455,0.020589139128611187,646,"Are you the Ice-Ghost of Christmas Past or Christmas Present? 
The Ice-Ghost of Christmas Future has already climbed ahead!"
682,6038,5,18,243,266,1.105263157894737,0.022299573601742055,646,Don’t worry. He’s not going to eat us! Do you think the laxative- filled brownies we scattered along the trail did the trick?
5664,6038,3,24,258,285,1.105263157894737,0.020143451830130523,646,"As Adam and Eve trekked up the mountain, they couldn't help but notice God's new creature. The Yetti."
2792,6040,2,23,234,259,1.1042471042471043,0.020537700344836905,646,He has an advertiser’s attitude toward hairy climbs.
5962,6041,1,28,259,288,1.1041666666666667,0.018690624144054393,646,Good call ditching the cell phones-- otherwise we'd never bring him back to the fold.
2029,6042,2,22,226,250,1.104,0.020940151858077755,646,On the summit assault it's every Snowman for himself.
852,6043,5,16,230,251,1.1035856573705178,0.023038776565419864,646,"Safe guide maybe, but we enjoy our freedom, and I don’t want an abominable child."
3148,6044,6,16,249,271,1.103321033210332,0.022519640819376734,646,He says he left his favorite Yeti at the top.
5157,6045,1,26,247,274,1.102189781021898,0.019047492191616625,646,Me neither!
2265,6046,3,21,241,265,1.1018867924528302,0.020793663753950923,646,Is that donkey kong over there?
2087,6047,5,17,245,267,1.101123595505618,0.02196637874015115,646,I told that The North Face jackets would not keep us warm.
42,6048,3,22,257,282,1.099290780141844,0.019848959640471595,646,Bubble tea? Oh yeah!
3450,6049,2,22,239,263,1.0988593155893536,0.019951781261794303,646,"Do you think that I shoukd give him my beautician phone number?
He really deserves a good hairs removal !!!"
4029,6050,3,22,259,284,1.0985915492957747,0.019715110191086734,646,Free hiking!
4294,6051,5,17,253,275,1.0981818181818181,0.021350890605534814,646,The amount of litter on the trail is abominable! I tend to notice those things.
1356,6052,2,20,224,246,1.0975609756097562,0.020633140990664312,646,What makes you think this is a renovated windmill?
4810,6053,3,18,229,250,1.096,0.021093024028114197,646,Move. I’m a Republican. I’m a Democrat.
922,6054,2,20,229,251,1.095617529880478,0.020239671226589987,646,He's not very fast
4389,6055,1,23,238,262,1.0954198473282444,0.018972503581419272,646,A I glad that there is NO Television up here!
80,6056,4,18,251,273,1.0952380952380953,0.020604096337217114,646,He said that a “T” is out of the question.
1805,6057,4,15,227,246,1.0934959349593496,0.02187858614883874,646,Why did you wax your back hair?
4986,6058,4,20,276,300,1.0933333333333333,0.019292579966631185,646,"So, Smallfoot does exist, and is well on his way up the (food) chain."
521,6059,1,21,227,249,1.0923694779116466,0.01924685625523839,646,That bearish man will be alone at the white top there!
6042,6060,0,24,240,264,1.0909090909090908,0.017726763090159813,646,"I just came down from up there , it's an emptey house ."
3676,6060,5,16,265,286,1.0909090909090908,0.020314169548268993,646,"Look, it's Uncle Fred!"
3246,6062,4,16,247,267,1.0898876404494382,0.02049852363658202,646,That’s the guy who fell off the mountain because he wouldn’t get out of the way.
5344,6063,2,19,241,262,1.0877862595419847,0.019113194550864576,646,"""He mentioned something about a bomb and a bull..."""
3947,6064,4,16,254,274,1.0875912408759123,0.019992314978611998,646,Is the shoe store this way?
5158,6065,3,19,272,294,1.0850340136054422,0.018308262313639797,646,I think we are really really
4677,6066,3,16,240,259,1.084942084942085,0.01977518513068114,646,Who is him called? My roommate.
4953,6067,4,16,266,286,1.083916083916084,0.019180234960811404,646,I thought we were meeting up for ice cream
5439,6068,1,20,242,263,1.0836501901140685,0.017933017710910062,646,"He can’t decide if he has sickle cell anemia or cystic fibrosis, but he just keeps climbing."
2569,6069,4,12,224,240,1.0833333333333333,0.02142635750445883,646,He makes your grouping seem like...
3694,6070,3,15,236,254,1.0826771653543308,0.01982768644876813,646,"They are lyrics! ""It's only a paper moon."""
2848,6071,2,17,236,255,1.0823529411764705,0.0189546920173314,646,I told ya! Yeti! This sonovabitch!
3171,6071,3,15,237,255,1.0823529411764705,0.01975243890261205,646,Zendaya is Meechee
2395,6073,2,19,269,290,1.0793103448275863,0.017331823389479896,646,This is better than anything seen on the 'Finding Bigfoot' series. We really HAVE found him!
2475,6074,2,18,261,281,1.0782918149466192,0.017565904688163804,646,Did you notice the really neat outfit  the big
957,6075,1,17,249,267,1.0711610486891385,0.016632673540593886,646,The price is miniature
4269,6076,2,13,255,270,1.0629629629629629,0.016565005784096372,646,"The stressed is so ""Bad' in the world. ""you or me "" did not see(BIG )( ""FOOT)"
