target_id,rank,funny,somewhat_funny,unfunny,count,score,precision,contest,caption
3368,1,39,42,90,171,1.7017543859649122,0.06256457927712933,648,This is the exact moment Susan realized she may be an accomplice and not a magician's assistant...
3182,2,34,50,88,172,1.686046511627907,0.059762470020291614,648,"When I did this trick at my old accounting firm, they called it a felony."
3372,3,37,40,98,175,1.6514285714285715,0.061116363979276334,648,It's not magic. It's a Georgia ballot box.
1172,4,29,53,95,177,1.6271186440677967,0.05648433341471241,648,Here's a trick I learned from my lawyer.
2363,5,30,44,92,166,1.6265060240963856,0.06007278459072767,648,You folks may have seen this trick in the last Florida election.
2074,6,28,39,90,157,1.605095541401274,0.0617917732298515,648,"And now, ladies and gentleman, I will turn my assistant into an accomplice."
3103,7,22,50,87,159,1.5911949685534592,0.05728084473705756,648,It's not obstruction if a magician does it.
3108,8,27,39,93,159,1.5849056603773586,0.060713774965323895,648,Watch as I transform this ordinary magician's assistant into an accomplice to a federal crime.
110,9,26,52,102,180,1.5777777777777777,0.05455966475085198,648,I will now demonstrate the new Florida ballot box
1612,10,27,36,93,156,1.5769230769230769,0.061708821264665266,648,And now for a trick I learned at the White House.
3972,11,29,36,98,163,1.5766871165644172,0.06085538955873386,648,And voila - a paper shredder has been transformed into perfectly functioning ballot box.
881,12,23,54,97,174,1.5747126436781609,0.054230605705473264,648,"Relax, it's not obstruction if it's magic."
3357,13,29,32,98,159,1.5660377358490567,0.06215634084061518,648,The monthly ritual at the New Yorker after receiving my caption contest submission.
800,14,19,41,80,140,1.5642857142857143,0.06100453564735379,648,Watch while I attempt to assemble the IKEA furniture without the instructions!
1616,15,33,39,115,187,1.5614973262032086,0.056756376901936294,648,Now I'll try paper; I apologize about the rabbit.
2132,16,25,29,88,142,1.556338028169014,0.06517508893199433,648,Watch closely as I turn collusion into an illusion.
1652,17,20,35,80,135,1.5555555555555556,0.06366949857529838,648,"Ladies & Gentlemen, I call this one the ""Florida Ballot Box"""
64,17,25,40,97,162,1.5555555555555556,0.05874228140418678,648,The President says there’s not a ‘shred of evidence’ and yet ladies and gentlemen ‘here we are.’
4049,19,27,41,104,172,1.552325581395349,0.05728841171123609,648,I call this trick President Trump's suggestion box.
105,20,25,35,94,154,1.551948051948052,0.06114253809367729,648,"In DC, they call this trick the shred of decency."
2865,21,26,39,100,165,1.5515151515151515,0.05856504119956395,648,And for my next trick I will provide a shred of evidence!
3127,22,24,46,101,171,1.5497076023391814,0.055742628563343784,648,"And now, I put my ballot in the Florida ballot box ..."
1408,23,24,34,93,151,1.5430463576158941,0.06142897284929923,648,I learned this trick from a congressman in North Carolina
3119,24,29,43,114,186,1.543010752688172,0.05501734528174773,648,"Ladies and gentlemen, here’s a little trick I learned while attending Trump University..."
3128,25,30,35,110,175,1.542857142857143,0.058280948966472394,648,"And now . . . due to new rules and regulations put forth by PETA . . . I will write the word ""rabbit"" on this piece of paper and make it disappear!!"
3175,26,22,46,98,166,1.5421686746987953,0.055774548547566596,648,Well there goes the last shred of truth.
4203,27,26,38,104,168,1.5357142857142858,0.05781698874503307,648,And here's a little trick i learned from my accountant.
1297,28,26,34,101,161,1.5341614906832297,0.059781600378687114,648,"You know it's still in the cloud, right?"
1885,29,21,45,97,163,1.5337423312883436,0.05591716573910247,648,"And last, your mother's string bean casserole recipe."
3988,30,25,35,100,160,1.53125,0.05942721553750336,648,Next ballot please.
3499,31,26,42,109,177,1.5310734463276836,0.05553560240490819,648,This is how we vote in Georgia!
2297,32,29,39,116,184,1.5271739130434783,0.055539036129341024,648,It's jammed.  Must've been the rabbit.
2239,33,26,41,110,177,1.5254237288135593,0.05555192824304929,648,I don't get it. This trick kills at corporate events.
2425,34,20,50,102,172,1.5232558139534884,0.05309251038315156,648,See? The wand makes it feel less criminal.
1723,35,28,30,107,165,1.5212121212121212,0.0599259698430642,648,"It's magic: you put your ballot in here, and Republicans show up in Washington."
1302,36,20,37,91,148,1.5202702702702702,0.059468129371754955,648,And now for a trick I perfected while working in the White House.
310,37,29,33,113,175,1.52,0.05778619786231479,648,He better be good. Those are our Hamilton tickets.
3864,38,23,34,97,154,1.5194805194805194,0.059864870058092816,648,My lawyer said if I shred it on stage we can call it artistic expression.
4243,39,25,23,94,142,1.5140845070422535,0.06533678721788687,648,Ask yourself--does this document spark joy?
1635,40,23,32,97,152,1.513157894736842,0.060486901255832774,648,This shredder's been jamming since you made that cole slaw.
1922,41,18,34,85,137,1.510948905109489,0.061396364384163224,648,People complained when I used rabbits.
3197,42,26,42,116,184,1.5108695652173914,0.05394241759891901,648,"Oh, a North Carolina ballot box."
2632,43,21,43,104,168,1.505952380952381,0.05471562679285795,648,This is a classic trick that dates back to Watergate.
1882,44,20,47,105,172,1.505813953488372,0.05312042687463444,648,Here's a classic trick I learned when I worked for the Trump administration.
2183,45,25,38,111,174,1.5057471264367817,0.05573073644621067,648,Of course your vote counts!
1771,46,22,40,105,167,1.5029940119760479,0.05561615922891946,648,Voila!  A shred of truth.
1979,47,21,44,106,171,1.5029239766081872,0.05399376246374446,648,Allow me to demonstrate our new voting machines ~ just arrived from Moscow!
501,47,21,44,106,171,1.5029239766081872,0.05399376246374446,648,"After I shred this subpoena, I'm going to pull a pardon out of my hat."
298,49,22,44,109,175,1.502857142857143,0.05368171461211841,648,And now... a little trick I learned at Trump University!
82,50,21,48,111,180,1.5,0.051963316096447235,648,"And now, ladies and gentlemen, the translator's notes."
210,50,23,33,102,158,1.5,0.05870900062867177,648,Ladies and gentlemen: how magic is used to count votes in North Carolina.”
4129,52,22,45,112,179,1.4972067039106145,0.052776944945392416,648,"You're right,Sally. The magic is gone."
107,53,24,39,112,175,1.497142857142857,0.05489161478477844,648,Alabama voting booth
2487,54,23,31,101,155,1.4967741935483871,0.05958535227705987,648,Here's a trick I recently preformed at the White House..
3309,55,25,46,123,194,1.4948453608247423,0.05128935433067278,648,I learned this trick when I was working at Enron.
1632,56,25,39,116,180,1.4944444444444445,0.054298312863089185,648,"Watch closely as I fix a North Carolina election, using only this common office appliance."
37,57,22,31,99,152,1.493421052631579,0.05976944675981065,648,"This illusion was recently performed in Washington, D.C."
3148,58,20,43,106,169,1.4911242603550297,0.0538188989076582,648,Now watch in amazement as I escape criminal liability!
3383,59,20,39,102,161,1.4906832298136645,0.055809967902373796,648,There's not a shred of evidence of collusion.
3527,60,21,36,102,159,1.490566037735849,0.057039956223920274,648,"And now, I'm going to amaze you with a little trick I learned when I was working at the Georgia Department of Voter Registration."
452,61,25,49,128,202,1.49009900990099,0.04974695784945205,648,I'm also available for birthday parties and cabinet meetings.
3023,62,22,39,109,170,1.488235294117647,0.054863203796462964,648,"It's called the Magic Southern States voting machine"""
3663,63,20,42,106,168,1.4880952380952381,0.054054392363320845,648,Now you see it; Now it didn't happen.
1798,63,20,42,106,168,1.4880952380952381,0.054054392363320845,648,Now I just say the magic words: Plausible deniability.
4017,65,21,39,106,166,1.4879518072289157,0.055205779739340856,648,We switched to paper after PETA called about the rabbits
4212,66,21,44,112,177,1.4858757062146892,0.05260750032499938,648,And here goes my last shred of dignity.
3009,67,21,42,110,173,1.4855491329479769,0.05351405699458751,648,Here's a little trick I learned at Trump Tower.
3997,68,23,36,110,169,1.485207100591716,0.05574017739858503,648,"Ta da!  And just like that, I've transformed Olga from assistant to accomplice!"
115,69,28,23,112,163,1.4846625766871167,0.060518492513777854,648,The White House Magician’s work is never done....
1543,70,22,34,105,161,1.484472049689441,0.057175760173400356,648,"It's a popular trick I learned in The White House... It's called,  'Permanent Redaction'"
479,71,15,45,95,155,1.4838709677419355,0.053651608308834746,648,Anyone can make a live rabbit disappear. It's making the paper trail vanish that separates the amateurs from the pros.
2076,72,20,45,111,176,1.4829545454545454,0.0522073984769026,648,"Now watch carefully, as before your very eyes I, The Sensational Trumpo, take this perfectly ordinary copy of the US Constitution ..."
2448,73,27,29,116,172,1.4825581395348837,0.057412494813203103,648,Florida officially adopts the Banksy Ballot.
2686,74,22,36,108,166,1.4819277108433735,0.055853359592315056,648,I learned this trick while working for the Archdiocese of Boston.
1862,75,22,32,104,158,1.481012658227848,0.05799848963060095,648,"I understand the shredder. But why the hat and wand, Mr. President?"
86,76,15,44,95,154,1.4805194805194806,0.05389566925536247,648,I learned this next trick while working at Enron...
258,77,25,36,118,179,1.4804469273743017,0.054512512030892614,648,At least this went down easier than the rabbit did.
4076,78,22,41,114,177,1.4802259887005649,0.05320396853248519,648,For my next trick I'll need a volunteer and some scotch tape.
3853,79,22,38,111,171,1.4795321637426901,0.05460505305207632,648,"For this next trick, I will need a lawyer from the audience."
3968,80,23,47,124,194,1.4793814432989691,0.05021654028344103,648,We should probably just use the hat for the bunny.
2328,81,21,38,108,167,1.4790419161676647,0.054940151704722814,648,These are the facts. Now they aren't.
3492,82,22,34,107,163,1.478527607361963,0.05662730586486743,648,See what small hands can do: Constitution? What Constitution?
1890,83,23,30,106,159,1.4779874213836477,0.05839756922737776,648,"For my next trick, I'm going to demonstrate how the average American voting machine works."
3983,84,22,37,111,170,1.4764705882352942,0.054840807604022115,648,Another summons from a woman sawed in half.
1087,85,27,37,127,191,1.4764397905759161,0.05292335220421176,648,I learned this trick at the White House.
1537,86,22,36,110,168,1.4761904761904763,0.055334468499084744,648,"I’m pretty sure he said “shred the evidence,” but it could have been “there’s not a shred of evidence.”"
3078,87,20,46,115,181,1.4751381215469612,0.05111948759404055,648,"It's what we accountants like to call ""magic""."
623,88,25,24,107,156,1.4743589743589745,0.0606340348541119,648,Florida electronic voting machine.
101,89,22,39,114,175,1.4742857142857142,0.05364674508550193,648,"No, it's not tax fraud, it's magic."
338,90,15,52,106,173,1.4739884393063585,0.04957574679770097,648,The real trick is going paperless
2997,91,17,38,97,152,1.4736842105263157,0.05596780589197867,648,"I saw the President do this trick once, with his tax returns."
1974,92,18,37,100,155,1.4709677419354839,0.05591129294357363,648,"Yes, dear, I know. A real magician wouldn't have to plug this thing in."
3030,93,22,37,113,172,1.4709302325581395,0.054341830253118645,648,And now for the magic words: “HOCUS POTUS!”
4151,93,25,31,116,172,1.4709302325581395,0.0561874797732717,648,And let’s see what happens when we shred all sense of decency and compromise.
3080,95,21,38,111,170,1.4705882352941178,0.05418540228026319,648,And that's how we make votes disappear in Florida.
2215,96,16,39,96,151,1.4701986754966887,0.05543960142107643,648,Voting in Florida explained.
1577,97,22,34,110,166,1.4698795180722892,0.055821848526567235,648,Do not try this with a rabbit.
4115,98,21,42,116,179,1.4692737430167597,0.0521284481326666,648,"Now before I slice my lovely assistant Tiffany in half, I will do something really daring and shred her liability waiver."
4244,98,20,44,115,179,1.4692737430167597,0.05152285324088948,648,I would have never thought that our disappearing act would get us a gig at the White House.
2910,100,23,29,108,160,1.46875,0.05808925238061138,648,And now - the Trump defense.
1539,101,24,34,117,175,1.4685714285714286,0.05484030940410852,648,I learned this one when I was with the Trump Organization.
802,102,23,35,115,173,1.4682080924855492,0.05471305849260504,648,"I tried this trick with a rabbit, but just once."
426,103,18,37,101,156,1.4679487179487178,0.05563370677566474,648,Abra cadabra... and the transcript of the meeting with Putin is gone.
4191,104,18,43,108,169,1.467455621301775,0.05243809359698283,648,Slightly less messy than with the rabbit.
1348,104,21,37,111,169,1.467455621301775,0.05441581382732403,648,No one charges Santini for drinks.
565,106,21,35,109,165,1.4666666666666666,0.05540506841713105,648,Due to the government shut down this cartoon has no caption.
3689,107,22,37,115,174,1.4655172413793103,0.05385081633101001,648,"Presto, the Florida vote is now counted!"
3226,108,12,50,97,159,1.4654088050314464,0.050299536038393156,648,The real magic is getting this thing not to jam.
775,109,24,35,120,179,1.4636871508379887,0.05388490655897383,648,"But Mr. President, that's The Constitution."
1976,110,18,39,105,162,1.462962962962963,0.05407898985316528,648,"And for my next trick, a new election result!"
4177,111,17,46,110,173,1.4624277456647399,0.05087148180005207,648,This next trick I first saw performed as a government intern.
1807,112,18,43,110,171,1.4619883040935673,0.051966133019145024,648,"And for my next trick, I’ll unjam the copier."
4089,113,18,46,114,178,1.4606741573033708,0.050461187697911136,648,"And for my next trick, I will need some tape."
2515,114,19,32,101,152,1.4605263157894737,0.05745380109240709,648,"Ladies and Gentlemen! Now you see it, now you don't. The last shred of decency in the world."
124,115,24,32,118,174,1.4597701149425288,0.05504825131565962,648,"And now, I will magically double the value of this original work of art."
1274,116,21,40,118,179,1.458100558659218,0.05208470350205757,648,"...and now, for my next trick, I will process the absentee ballots for North Carolina's 9th before your very eyes."
3257,117,17,47,113,177,1.4576271186440677,0.050016754829451344,648,I also work political parties.
4245,118,15,44,103,162,1.4567901234567902,0.05187886582193989,648,The real trick is making you wonder about the shredder instead of why Sheila isn’t wearing pants.
2266,119,24,25,111,160,1.45625,0.05871185031937359,648,I place the prenup into an ordinary Georgia ballot box . . .
157,120,17,44,110,171,1.456140350877193,0.051272440741794996,648,And now the magic words--PLAUSIBLE DENIABILITY!
2511,121,18,47,117,182,1.456043956043956,0.0496323535543872,648,"And for my next trick, I will make all of these Florida ballots disappear."
1191,122,20,37,112,169,1.455621301775148,0.05371424179752894,648,My next act I call Voter Suppression.
1905,123,22,32,113,167,1.4550898203592815,0.05550730602388519,648,There goes the last shred of decency.
677,124,20,35,110,165,1.4545454545454546,0.05468078801162002,648,Abracadabra - and another absentee ballot is magically processed.
149,125,16,41,104,161,1.453416149068323,0.05283155477597706,648,Due to  PETA protests I will now only make this picture of a rabbit disappear
3830,126,18,40,110,168,1.4523809523809523,0.05259824799509113,648,And Presto! In three minutes I'm going to find I really needed this.
1582,126,21,34,113,168,1.4523809523809523,0.054593348408411846,648,Tell the Rabbit Union this is what I think of their demands.
167,128,23,33,119,175,1.4514285714285715,0.054165453170333104,648,"To honor our President, I will now shred the U.S. Constitution."""
1658,129,19,45,120,184,1.451086956521739,0.04981546566248378,648,It's an old trick I learned from Richard Nixon.
3034,130,25,23,114,162,1.4506172839506173,0.058776517613407325,648,"You're sure this is where I submit my absentee ballot?"""
1110,131,15,52,115,182,1.4505494505494505,0.04773255418736508,648,And now I will turn a felony into a misdemeanor
3762,131,17,48,117,182,1.4505494505494505,0.04898798082223761,648,Georgia Democratic Voters! Step this way to cast your ballots in the midterm elections
2666,133,19,39,113,171,1.4502923976608186,0.05256656153039587,648,It's my $1.4 Million check to Banksy
1271,134,23,35,122,180,1.45,0.053012887415740166,648,There’s nothing magical about it.  It’s the Republican recommendation for new ballot boxes in blue states.
2791,135,16,44,109,169,1.4497041420118344,0.050991329742422056,648,"Not only will I restore this document to its original condition, it will also be heavily redacted."
2348,135,21,34,114,169,1.4497041420118344,0.05433532552192768,648,Presto!  No collusion!
914,135,13,50,106,169,1.4497041420118344,0.048875234776892464,648,Behold as I consider your request for Friday off.
1564,138,14,52,112,178,1.449438202247191,0.04781950972880742,648,This next trick is sponsored by Staples.
227,138,23,34,121,178,1.449438202247191,0.05346050186186825,648,"I am The Amazing Trumpini. First, I will shred the constitution. Then ... well, that's it."
2922,140,16,37,101,154,1.448051948051948,0.05453868374029804,648,"And for my next trick, observe how I can make democracy disappear with our new populist ballot box."
2378,141,16,41,106,163,1.4478527607361964,0.052328478416117936,648,"This isn't part of the show, I just needed this shredder to be a business expense."
1370,142,22,41,127,190,1.4473684210526316,0.05033269547929317,648,"Please do not attempt this at home, I am a highly trained White House note taker."
190,143,20,40,119,179,1.446927374301676,0.051420659051204756,648,"""Our new ballot box for blue precincts."
1978,144,16,45,112,173,1.4450867052023122,0.05011357033873267,648,"I call this trick ""Avoiding Indictment"""
327,145,21,30,111,162,1.4444444444444444,0.056070764932918155,648,"Ah yes, I now realize my mistake with the rabbit."
3927,145,18,40,113,171,1.4444444444444444,0.05187314254853952,648,"Before this job, I worked in voter registration."
901,147,17,45,116,178,1.4438202247191012,0.049736882198953364,648,Any now I will attempt to shred what's left of my dignity
2175,147,24,31,123,178,1.4438202247191012,0.054019600658966827,648,"As Joan watched Bert shred his Viagra prescription, she knew the magic was gone."
2537,149,17,41,111,169,1.4437869822485208,0.05164113397075363,648,The real trick is to empty it without getting little scraps all over the floor!
1684,150,16,39,105,160,1.44375,0.05301215818182031,648,My lawyers hate this trick.
1983,151,21,31,113,165,1.4424242424242424,0.05528366354897744,648,"And just like that, I don't remember."
3867,152,17,35,104,156,1.4423076923076923,0.054749889708644486,648,I will now turn this piece of paper into many smaller pieces of paper.
1747,153,20,36,116,172,1.441860465116279,0.05293590596616262,648,"And now, by order of President Trump, I make the Constitution disappear!"
2296,153,16,44,112,172,1.441860465116279,0.050301215854500016,648,And out comes Donald trump's tax return!
2836,155,21,29,111,161,1.4409937888198758,0.05631317742431372,648,And we would like to thank President Trump for volunteering the use of the Constitution.
2732,156,24,26,118,168,1.4404761904761905,0.05645045529557931,648,Voila.  No collusion!
1716,157,17,43,115,175,1.44,0.050325704355561836,648,And here's one of the many letters Carol and I received after last week's tragic performance with a rabbit!
4000,158,13,46,105,164,1.4390243902439024,0.049835222987245686,648,One less tweet for mankind
2911,159,15,37,101,153,1.4379084967320261,0.05393850522600959,648,"Now that I have written ‘Cheese’ on this piece of paper, I will, right before your eyes, turn it into shredded cheese."
4097,160,18,38,113,169,1.4378698224852071,0.05227887630644621,648,"But, you'll need to be a real magician to get rid of the actual emails."
3723,161,21,35,120,176,1.4375,0.05262970989504278,648,The  Constitution: Now you see it; now you don't.
1743,161,23,31,122,176,1.4375,0.05384938712284935,648,We put the Constitution in here...and voilà!
2261,163,18,37,112,167,1.437125748502994,0.05273345630908379,648,So much for those translator´s notes.
4160,164,14,41,103,158,1.4367088607594938,0.05191918153491191,648,This can't go any worse than the bunny...
807,164,18,33,107,158,1.4367088607594938,0.05493727360898908,648,"And now Ladies and Gentlemen, a copy of the Mueller report should magically appear under your seat."
3557,166,16,36,104,156,1.435897435897436,0.053942566016188465,648,"I call this next trick ""the Electoral College."""
2480,167,21,32,117,170,1.4352941176470588,0.05400372397406586,648,"I must say it's an honor to join your legal team, Mr President"
4186,168,18,37,113,168,1.4345238095238095,0.05248316426755888,648,I usually handle workplace complaints with my magic wand... but I’ve found the shredder to be less finicky.
2607,169,19,38,118,175,1.4342857142857144,0.051574323659124045,648,I'm pretty sure it's not destroying evidence if you use magic.
4211,169,14,48,113,175,1.4342857142857144,0.04828564627233577,648,Now watch as I magically escape from liability.
1702,171,15,36,101,152,1.4342105263157894,0.054166787202072554,648,"And presto, there was no collusion."
2156,172,20,39,123,182,1.434065934065934,0.050709492106176916,648,A ballot box that also shreds... what a brilliant idea!
2540,173,20,29,110,159,1.4339622641509433,0.056097301571418345,648,"And now, the famous GOP trick, the disappearing absentee ballots!"
25,173,19,31,109,159,1.4339622641509433,0.05538317206241122,648,"For my next trick, I begin with this ordinary, everyday  United States Constitution..."
2665,175,16,50,123,189,1.433862433862434,0.04697996356854653,648,There's not a shred of magic in this trick.
2677,176,16,40,110,166,1.4337349397590362,0.05154462768517881,648,I came up with this routine when I was in the bookkeeping department at Enron.
2489,177,17,28,98,143,1.4335664335664335,0.05834265097360464,648,"Just slide your ballot into the machine and Presto!, Republicans win again!"
641,178,19,37,117,173,1.4335260115606936,0.0520081829458016,648,And voila! The truth has disappeared.
3667,179,20,38,122,180,1.4333333333333333,0.05112028633268977,648,And for my next crime...
1673,180,15,38,104,157,1.4331210191082802,0.05290351670625326,648,I learned this trick in the government.
3363,181,13,45,106,164,1.4329268292682926,0.049787140474718765,648,"It's not destroying evidence.  The evidence is still all there, just in tiny pieces."
3730,182,16,40,111,167,1.4311377245508983,0.05130083452942935,648,When I used a rabbit kids were disturbed.
3928,183,15,40,108,163,1.4294478527607362,0.05146444741152521,648,I learned this trick from interning at the White House.
1848,184,19,35,116,170,1.4294117647058824,0.05265420929260448,648,Abracadabra! It's a Florida vote!
3441,184,18,37,115,170,1.4294117647058824,0.05198896144332101,648,After I shred this unwanted junk-mail watch in amazement as it magically reappears in my mailbox about every 3 days!
1377,186,20,41,128,189,1.4285714285714286,0.049278743142038055,648,"Now you see their votes... 
Now you don't..."
857,186,18,36,114,168,1.4285714285714286,0.05243665545347105,648,"For my next trick, I will jam the office shredder using a single sheet of paper!"
1569,186,20,29,112,161,1.4285714285714286,0.05552843664244349,648,This is actually how information gets into the cloud.
2057,189,21,35,124,180,1.4277777777777778,0.05168216596712766,648,"This next illusion is called ""how to win an election in Florida""."
698,190,14,42,108,164,1.4268292682926829,0.05048098417040635,648,"A good magician never reveals his taxes."""
2021,191,15,42,112,169,1.4260355029585798,0.050121521734016024,648,Watch as I turn this single sheet of paper into forty-four slightly more narrow sheets of paper.
3586,192,16,37,109,162,1.4259259259259258,0.05239860932602944,648,"Now, one final wave, and all the campaign promises disappear."
674,193,19,45,131,195,1.4256410256410257,0.04758836261862812,648,"Now I say the magic words, “votus interruptus”"
2024,194,16,33,104,153,1.4248366013071896,0.054621953744659835,648,I perfected this one during the Watergate era.
161,194,16,33,104,153,1.4248366013071896,0.054621953744659835,648,"And just like that, most of the caption contest entries are... gone."
2341,196,19,41,126,186,1.424731182795699,0.04924487518544073,648,"And now with the help of my lovely assistant - I shall shred this paper, wave my wand, and distract you from the three human toes in my chest pocket."
165,197,17,39,116,172,1.4244186046511629,0.05083868946655726,648,And just like that 2018 never happened
3156,198,17,33,108,158,1.4240506329113924,0.05409484281767112,648,"If this trick works, Carla, we'll get you that pair of pants."
2345,199,22,34,128,184,1.423913043478261,0.051392692057183796,648,"For  my next  trick , I  am  going to make a small yellow paper  stick to the  wall ."
830,200,25,39,146,210,1.4238095238095239,0.04803757746766829,648,"Abracadabra, Hocus Hootin;
Unshread Trump's notes 
from his meeting with Putin."
528,201,16,36,109,161,1.4223602484472049,0.05260286547292216,648,Presto Obstructo!
1487,201,16,36,109,161,1.4223602484472049,0.05260286547292216,648,The GOP Voting Rights Act
566,201,14,40,107,161,1.4223602484472049,0.05110559610117816,648,And now we magically reduce the number of caption contest entries.
1143,204,16,30,101,147,1.4217687074829932,0.05622648304146964,648,It's my no-collusion illusion.
3227,205,17,41,120,178,1.4213483146067416,0.0495644959235679,648,"Illusion, my dear. Illusion. Not COLLUSION."
2972,206,15,40,112,167,1.4191616766467066,0.050485944843578115,648,"And for my final act of evidence tampering, I shall saw the witness in half."
240,207,20,27,113,160,1.41875,0.05570578809283669,648,Hocus Potus!
774,208,19,36,122,177,1.4180790960451977,0.051011263853724204,648,I learned this from the great ‘DickCheney’
3572,209,12,37,97,146,1.417808219178082,0.05302101553477657,648,And- poof!- plausible deniability.
1843,210,15,33,103,151,1.4172185430463575,0.05427232118820629,648,I now deliver the Mueller report.
3603,211,16,33,107,156,1.4166666666666667,0.05377274526601388,648,"This is where the Republican poll watchers said I should put my ballot, right?"
2959,211,12,41,103,156,1.4166666666666667,0.05060292669093803,648,"For my next trick, Wendy and I shall go completely paperless!"
257,211,13,44,111,168,1.4166666666666667,0.04880717653115037,648,And for my final act at the White House....
3584,214,18,36,119,173,1.416184971098266,0.051210210105660556,648,Ta-Da! Another caption contest entry vanishes.
3922,214,21,30,122,173,1.416184971098266,0.05314250299377105,648,The White House Magician.
3529,216,15,39,112,166,1.4156626506024097,0.05066886576544505,648,"After disbarment, there was only one job for one so skilled at making things disappear."
3111,217,18,40,125,183,1.4153005464480874,0.04914361740965645,648,"Thank you very much, ladies and gentlemen. 
Next up... my parents' hopes and dreams!"
1268,218,14,40,110,164,1.4146341463414633,0.050363365443655383,648,And presto! No collusion.
560,218,15,55,135,205,1.4146341463414633,0.04367067792029964,648,"As the beautiful Marlene holds the shredder, I'll  tap it 3 times and Presto! She's now a subcontractor with no benefits!"
1434,220,20,35,126,181,1.4143646408839778,0.050753273589394736,648,This trick didn't work with the rabbit.
1186,221,13,44,112,169,1.4142011834319526,0.04858012018217679,648,I specialize in Wall Street magic.
2235,222,13,41,108,162,1.4135802469135803,0.050032626214740625,648,"And for my next trick, I shall not leave any shred of evidence"
475,223,18,33,116,167,1.4131736526946108,0.05252825101555667,648,"And if these reappear, I'm going away for a long time."
608,224,14,36,105,155,1.4129032258064516,0.05241315099765135,648,"I just put the check in the box, and presto, you never slept with the president."
1950,224,19,26,110,155,1.4129032258064516,0.056267879827744276,648,"And now, ladies and gentleman, the Popular Vote!"
3609,226,17,44,128,189,1.4126984126984128,0.04739336365860322,648,"In goes the constitution, and abracadabra, out comes..."
2206,227,18,30,112,160,1.4125,0.05421502437447139,648,The year of magical voting.
3940,228,16,41,120,177,1.4124293785310735,0.04903166571366286,648,"You were right, Susan.  This fits much better than the rabbit did."
3621,228,19,35,123,177,1.4124293785310735,0.05095790663694605,648,"Relax, it’s cleaner than shredding the rabbit!"
3303,230,18,32,115,165,1.412121212121212,0.05298752365938133,648,And presto. No proof of collusion!
3248,231,12,32,92,136,1.411764705882353,0.05568995661213279,648,"...And with a little “presto” , we now have 10,000 absentee ballots!..."
235,231,16,38,116,170,1.411764705882353,0.05046821174153371,648,The paper works much better than the rabbit.
1141,231,16,31,106,153,1.411764705882353,0.0544931707255089,648,"And that, ladies and gentlemen, is how you stay part of the 1%."
3758,231,20,37,130,187,1.411764705882353,0.04952018574992307,648,This trick is for White House staffers
3549,235,19,34,122,175,1.4114285714285715,0.0513774604625835,648,The trick that horrified audiences everywhere.  The document UNshredder.
2524,236,20,27,116,163,1.4110429447852761,0.054855895129463414,648,Abra Covfefe!
3024,236,18,31,114,163,1.4110429447852761,0.0534573522200345,648,Watch closely... There is no collusion.
4101,238,20,38,132,190,1.4105263157894736,0.048931480849372766,648,"For my next trick, I will create a $1.4 million dollar piece of art!"
790,239,12,47,114,173,1.4104046242774566,0.04704654995312215,648,"Magician? No, I’m the cartoon caption judge."
3497,240,14,29,96,139,1.410071942446043,0.05668063297958946,648,For my next trick I will saw this lady in half - WITHOUT THE INSTRUCTIONS!
3599,241,13,35,101,149,1.4093959731543624,0.053035400888428584,648,Notice at no time do my fingers leave my hand.
1559,242,11,34,92,137,1.4087591240875912,0.05438554118030658,648,"For my next act, I'll need $10,000 and a fake passport."
2619,243,14,39,111,164,1.4085365853658536,0.05029765091665162,648,And for my next trick as new attorney general ...
3402,244,19,35,125,179,1.4078212290502794,0.05049160442947254,648,This next trick I picked up while briefly serving as a top lawyer to the President of the United States.
3993,244,19,35,125,179,1.4078212290502794,0.05049160442947254,648,"And now, before your very eyes, I, the Amazing Donald, will shred the Constitution!"
332,246,9,46,102,157,1.4076433121019107,0.04777886587085189,648,"And now, a little 'magic' for the accountants in the audience"
3895,247,15,38,114,167,1.407185628742515,0.050361716374747935,648,"Now, with my assistant, I will attempt to make the 2016 presidential election results disappear!"
141,247,18,32,117,167,1.407185628742515,0.05246653292231836,648,"And just like that, Bush is president."
3493,249,18,34,120,172,1.4069767441860466,0.051335896464784585,648,I learned this trick the very first day I worked for Trump.
3041,250,17,38,122,177,1.4067796610169492,0.04962360393502906,648,The magic of a voting machine in South Carolina”
2173,251,17,29,109,155,1.4064516129032258,0.05468941455906653,648,A Magician never reveals his secret tax debts
1870,252,16,33,111,160,1.40625,0.05267742929000782,648,That one no longer sparked joy.
266,253,13,46,119,178,1.404494382022472,0.04675613453603489,648,"Good news, Barbara - you've been promoted to magician's accessory after the fact."
864,253,15,42,121,178,1.404494382022472,0.04809465730088342,648,"And, abracadabra, your vote has been counted!"
2479,255,12,35,99,146,1.404109589041096,0.05286212324528574,648,"Together, my assistant and I are performing a co-illusion, which is not a crime"
1940,256,15,41,120,176,1.4034090909090908,0.04846941549563791,648,Vote counting in some American states has been made even easier.
2379,257,12,42,110,164,1.4024390243902438,0.04871497920656808,648,We interrupt our regular act for this special request from the White House!
1710,257,23,20,121,164,1.4024390243902438,0.05653435140740503,648,"And...Presto, the will of the people disappears!"
3987,259,17,36,121,174,1.4022988505747127,0.05019365873471073,648,The critics are not the only ones to mince their words.
3283,259,15,40,119,174,1.4022988505747127,0.04885204029583663,648,"I say the magic word 'Trump', and Abracadabra ... not a shred of evidence remains."
892,261,15,35,112,162,1.4012345679012346,0.05140453218578409,648,I wish to thank President Trump for donating his tax returns.
3563,262,17,33,117,167,1.401197604790419,0.05170764089513663,648,"And for my final act, the Florida ballots."
3884,263,16,41,125,182,1.401098901098901,0.047943495083017346,648,Uh oh. The magic words were on that piece of paper.
3985,264,19,37,131,187,1.4010695187165776,0.048826074693905666,648,"Now watch closely as I turn this blue district red."""
1036,265,14,32,104,150,1.4,0.05351200496725209,648,Abra Redactra
3580,265,18,30,117,165,1.4,0.05285632955738962,648,"I keep telling him that he needs a lawyer, not a magician."
1884,265,22,28,130,180,1.4,0.05202300975897464,648,Prepared to be amazed as I shred this document without it immediately jamming! Next up the impossible...printing on first try!
2614,265,18,36,126,180,1.4,0.049579235156053156,648,"But before we saw you in half, let's make your life insurance policy disappear."
265,265,14,34,107,155,1.4,0.052263391454255965,648,Trump submitting his tax return
351,270,14,41,118,173,1.3988439306358382,0.04832166689942177,648,"""It is is not illegal; it is an illusion."
721,271,18,31,119,168,1.3988095238095237,0.05214249257391435,648,Are you sure this ballot will be counted?
3920,272,18,29,116,163,1.3987730061349692,0.05332245209708098,648,"And if we all close our eyes real tight and wish real hard, I’ll shred the 2016 election results and the past two years will all be forgotten"
2781,273,16,31,111,158,1.3987341772151898,0.05307589078702808,648,And for my next trick... I will make a copy of Trump's income tax returns magically appear.
4173,274,16,29,108,153,1.3986928104575163,0.05434340008252037,648,"Thank you, Mr. President.  Now I just need a volunteer from the audience who can put the Constitution back together."
3926,275,14,48,129,191,1.3979057591623036,0.04508317603266433,648,And this is a diasappearing trick I learned when I was employed by Enron.
3353,276,16,40,125,181,1.3977900552486189,0.048094161536650436,648,Is that the new suggestion box?
3243,277,17,30,114,161,1.3975155279503106,0.05307288957251968,648,"and now, at the command of our President, I am officially submitting his tax returns via my magic box"
2022,278,12,34,100,146,1.3972602739726028,0.052773302441843466,648,I know what you're thinking...I'm recycling an old trick
3142,278,16,26,104,146,1.3972602739726028,0.05623979637033303,648,Quit crying or the rabbit's next.
1642,280,17,41,131,189,1.3968253968253967,0.04722339288874984,648,Nothing up my sleeve. Nothing beneath my hat. Nothing they can prove.
3423,281,20,29,125,174,1.396551724137931,0.052077283149060814,648,And Presto! The collusion never happened.
1575,282,17,33,119,169,1.3964497041420119,0.05120342065514774,648,Try to put it out of your mind Miss Capshaw. I admit the version with the rabbit was a mistake.
287,282,17,33,119,169,1.3964497041420119,0.05120342065514774,648,And the Oscar goes to...LaLa Land!
3787,284,18,25,111,154,1.396103896103896,0.05559963284318537,648,A horrified Ms. Williams looks on as Richard The Amazing unknowingly shreds the REAL Apple stock certificate...
1919,285,14,44,124,182,1.3956043956043955,0.04659379606991243,648,Next I will pull a rabbit out of a 3D printer!
3773,286,17,49,144,210,1.3952380952380952,0.04379867519000017,648,"Hey, relax. I could've been sawing you in half."
3238,287,18,31,121,170,1.3941176470588235,0.05163330155715658,648,"And abracadabra, the President never had that conversation with Putin."
1061,287,13,41,116,170,1.3941176470588235,0.048144881434279994,648,The Presto 2000 can double as a shredder or a voting machine.
3831,289,14,35,111,160,1.39375,0.05100936758832643,648,Don't try this in the bathtub
2701,290,15,36,117,168,1.3928571428571428,0.04997555310940521,648,"Now for the encore, pulling President Trump's tax return from the shredder!"
2506,290,12,42,114,168,1.3928571428571428,0.04778805196178062,648,They told me I had to stop using a rabbit.
3286,290,12,42,114,168,1.3928571428571428,0.04778805196178062,648,"And with a Gerrymander of my wand,  poof, your vote disappears!"
2456,293,14,36,113,163,1.392638036809816,0.05032318698102726,648,The real trick is to watch it disappear from the Cloud.
2275,293,17,30,116,163,1.392638036809816,0.052532316092517975,648,"This next trick is called the ""Presidential Tax Return"""
2777,295,17,39,130,186,1.39247311827957,0.047717279358355166,648,These ballot machines are designed for use in elections world-wide.
1578,296,18,33,125,176,1.3920454545454546,0.0503071293249863,648,Voila! Another absentee ballot mysteriously disappears!
617,296,21,27,128,176,1.3920454545454546,0.0522073984769026,648,Abra Kadabra!  No more Putin meeting notes.
2095,298,15,37,119,171,1.391812865497076,0.04933285150648032,648,"When I say the magic word, collusion becomes confetti! COVFEFE!"
3925,299,17,31,118,166,1.391566265060241,0.05181911442323938,648,"I feed the incriminating evidence into the shredder and say the magic words ""Total Immunity"""
766,300,18,34,127,179,1.3910614525139664,0.04967589966316536,648,"Believe me ladies and gentlemen, you don't want to see the rabbit version of this illusion."
588,301,18,30,121,169,1.3905325443786982,0.05181437953332206,648,I learned this disappearing act from the wizards of Wells Fargo.
1729,302,17,30,117,164,1.3902439024390243,0.052265877161427984,648,"As the new Broward County Elections Supervisor, I declare this new ballot 'acceptable.'"
1397,302,17,30,117,164,1.3902439024390243,0.052265877161427984,648,"And jut like that, the translation of the Trump-Putin meeting disappeared"
3535,304,17,33,122,172,1.3895348837209303,0.05046403830383005,648,"I, the Great Muellerini, will now unshred the President’s tax return."
1205,304,17,33,122,172,1.3895348837209303,0.05046403830383005,648,"Abracadabra, and just like that... no collusion."
1488,306,15,28,106,149,1.389261744966443,0.05446790033807649,648,And now there will be a brief intermission while I testify before the grand jury.
2087,307,15,35,117,167,1.3892215568862276,0.05014249905490214,648,"Now for our next trick, we will need someone from the government."
2579,307,15,35,117,167,1.3892215568862276,0.05014249905490214,648,"And now, dear followers, I will shred this constitution, then magically restore it!!... but without all that “freedom of the press” nonsense.."
1151,309,18,36,131,185,1.3891891891891892,0.04847206494926637,648,"Now watch Mr. President, as I put the notes from your meeting with Vladimir Putin back together again!"
3230,310,17,29,116,162,1.3888888888888888,0.05272281108476971,648,"Don't cry, Sweetheart, it's only the Constitution."
3420,310,15,33,114,162,1.3888888888888888,0.05124775445302227,648,For my next trick; I’ll make these absentee ballots disappear...
4126,312,16,36,123,175,1.3885714285714286,0.049156144383100724,648,Making the voter disappear is more difficult
2308,313,11,44,115,170,1.388235294117647,0.04659535081214842,648,I call this trick “Jury Summons”
3386,313,17,32,121,170,1.388235294117647,0.05088033591627365,648,"And now for my final act. 
I will make Banksy's painting reappear."
2702,315,17,33,123,173,1.3872832369942196,0.05022199110906873,648,Now you are liable. Now you are not.
1744,315,18,31,124,173,1.3872832369942196,0.050886753935430656,648,This next trick I’m working on for the White House.
727,315,16,35,122,173,1.3872832369942196,0.04954831032269102,648,"For my next trick, I will re-open the government."
3356,318,16,33,119,168,1.3869047619047619,0.05060624429509585,648,"Oh yes, you're right, much cleaner without the rabbit."
1785,318,14,37,117,168,1.3869047619047619,0.04917743347100881,648,And thus my personal details are gone forever.  And yet not so.  Would you please welcome to the stage ... Mr. Mark Zuckerberg.
2443,320,14,42,125,181,1.3867403314917126,0.04665883149023094,648,"I think it’s still clogged with
rabbit fur."
67,320,18,34,129,181,1.3867403314917126,0.049219873759020365,648,"abra cadabra, no collusion"
186,322,12,34,104,150,1.3866666666666667,0.05162822413388333,648,"Been a while since Enron, but it should still work."
29,323,9,45,109,163,1.3865030674846626,0.046318002670372706,648,"I place the absentee ballot in the voter’s box, and hocus, pocus..."
2812,324,16,36,124,176,1.3863636363636365,0.04892588906719375,648,The real trick is that it's not plugged in.
900,325,16,29,113,158,1.3860759493670887,0.05291219479784319,648,Glad we stopped using rabbits.
1466,326,16,34,121,171,1.3859649122807018,0.04994882685384575,648,The Florida government decided magic would be a more accurate vote tallying method.
3234,327,15,41,128,184,1.3858695652173914,0.04675349390042716,648,See how I carefully shred the credit card numbers you gave me. Yet before long they will magically reappear buying groceries at a Walmart in Iowa.
371,328,16,37,126,179,1.3854748603351956,0.04832328759705609,648,"Well, that's the last of the lawsuit from last night's show. Now, do we have any volunteers?"
104,328,14,41,124,179,1.3854748603351956,0.04700636900370037,648,Every vote    counts
397,330,11,33,99,143,1.3846153846153846,0.05244262756351441,648,"And now, to count the votes we don't like, we are using our new cutting edge ""Tab-U-Later""."
4051,330,16,33,120,169,1.3846153846153846,0.050357974669844395,648,And voila! The shredded document will reappear on Wikileaks!
3032,330,13,34,109,156,1.3846153846153846,0.05101252579888596,648,Pulling out the rabbit is much worse.
1216,330,16,38,128,182,1.3846153846153846,0.04773954233676017,648,Unfortunately my conversations with Mr Putin are unavailable!
984,330,12,41,116,169,1.3846153846153846,0.047477953834489814,648,OSHA says this is the closest we can get to cutting someone in half.
2412,335,20,33,137,190,1.3842105263157896,0.0486385607890128,648,And now... from out of the shredder... Trump’s tax returns!
3446,336,14,35,115,164,1.3841463414634145,0.049988319931512246,648,"I place the ballot just so, and abracadabra, into the magic vote-counting machine it goes."
113,337,16,34,122,172,1.3837209302325582,0.04970825349249778,648,Watch closely as I shred my assistant's restraining order against me.
304,338,14,36,117,167,1.3832335329341316,0.049334746841852004,648,"I will now fax this never seen before, confidential information to the NY Times."
2436,339,13,33,108,154,1.3831168831168832,0.051460341086106386,648,This is the very same illusion that I presented to the Florida Election Commission.
1704,340,16,25,108,149,1.3825503355704698,0.05520053594753845,648,"For my next trick, I will unjam the paper!"
669,341,15,35,120,170,1.3823529411764706,0.04941251056072749,648,And this is why you will NEVER see Donald Trump's tax returns!
1279,342,10,35,99,144,1.3819444444444444,0.051205862774266864,648,After which I shall disappear to a country with no extradition treaty.
83,343,12,39,114,165,1.3818181818181818,0.048230114271026255,648,"And now, abrcadabra, there is only a shred of evidence."
359,344,11,39,110,160,1.38125,0.04846047715316007,648,This creates the illusion there was evidence.
2482,345,19,31,131,181,1.3812154696132597,0.04976807246965205,648,...and Presto! No Russian interference!
1243,346,16,40,133,189,1.380952380952381,0.04642196802684519,648,"I call this trick, The Michael Cohen"
3655,346,12,32,103,147,1.380952380952381,0.05228301346252807,648,"Alas, there is just a shred of magic in this trick."
2835,348,14,31,110,155,1.3806451612903226,0.051998975000319275,648,"Alice, your request for pants is denied!"
38,348,15,29,111,155,1.3806451612903226,0.052798490334906384,648,"In professional circles, we call this trick the Russian Donald."
3995,350,17,31,123,171,1.3801169590643274,0.050553318728129897,648,The rabbit cancelled!
707,351,16,36,127,179,1.3798882681564246,0.04824703062378453,648,And presto! We can now blame Obama.
2582,352,9,42,107,158,1.379746835443038,0.04717923724532458,648,"A magician never reveals his secrets, especially when they're tax-related."
4206,353,12,39,115,166,1.3795180722891567,0.0479938391468013,648,You should see what my lawyer can do
3488,353,9,45,112,166,1.3795180722891567,0.04565468810172385,648,"What happens in Florida, stays in Florida!"
883,355,17,32,125,174,1.3793103448275863,0.04990374005612445,648,I will now magically make the Electoral Votes disappear.
2758,356,14,33,114,161,1.3788819875776397,0.050574417356080204,648,America's Best Magic Trick: Obstruction of Justice
1486,356,15,31,115,161,1.3788819875776397,0.05133625855533087,648,"Place the notes in the box and repeat the magic words ""No collusion, no collusion""."
1701,358,17,33,127,177,1.3785310734463276,0.049275183649058425,648,Now you see the evidence aaaand... now you don't.
2019,359,11,34,103,148,1.3783783783783783,0.051100596386336745,648,I've had to tailor my act a bit for corporate audiences.
3826,359,15,26,107,148,1.3783783783783783,0.05458008432082376,648,"Your caption, as soon as it arrives."
465,361,17,37,134,188,1.377659574468085,0.04715907113054171,648,And out pops Donald Trump's tax returns.
1661,362,14,26,103,143,1.3776223776223777,0.055081751876245824,648,"It's not exactly magic, but it's good enough for government work"
2668,363,12,33,106,151,1.3774834437086092,0.05124646919775657,648,North Carolina ballot box.......
2437,363,15,27,109,151,1.3774834437086092,0.05376896193426342,648,Now watch the Russian vote trick!
836,365,17,29,121,167,1.377245508982036,0.05139758499003919,648,"And presto, our transcribed conversation with Putin is history."
1008,366,10,35,101,146,1.3767123287671232,0.050636394945208656,648,"The Russian interpreter's notes ""magically"" disappear."
1688,367,10,38,106,154,1.3766233766233766,0.048819283843533665,648,They made me stop shredding rabbits.
3666,368,15,31,116,162,1.376543209876543,0.05107196275708285,648,Some call it magic. Some call it art.  But really its just identity theft protection.
2309,368,12,37,113,162,1.376543209876543,0.048767834394775826,648,"Now you subpoena, now you don’t!"
903,370,14,36,120,170,1.3764705882352941,0.048616745768554896,648,"For my next trick, I will remove all evidence of collusion."
3832,371,17,36,133,186,1.3763440860215055,0.04750561354385077,648,"Well, Susan, this would have been better if your pants hadn’t gone through first."
2085,372,11,34,104,149,1.3758389261744965,0.050819968041534797,648,So much better without the doves.
1619,373,15,32,118,165,1.3757575757575757,0.05038764377647361,648,"Abracadabra,
Hocus pocus,
On my taxes,
Do not focus."
3590,374,14,37,122,173,1.3757225433526012,0.048007074621079664,648,"Don't worry my dear, your paycheck will magically reappear when my loan magically gets granted."
2891,374,17,31,125,173,1.3757225433526012,0.05006315230836925,648,"...the trick is NOT getting caught"""
182,376,11,38,111,160,1.375,0.04836151856577108,648,Sometimes sawing it in half just isn't enough.
365,376,20,29,135,184,1.375,0.04968569542403066,648,For my next trick I will shred Donald Trump's tax return while this Fox anchorwoman assists. Then I magically will be named US Attorney for the 9th Circuit.
71,376,14,29,109,152,1.375,0.05265063701656668,648,"And finally, Aunt Erma's fruit cake recipe."
3760,379,18,34,135,187,1.374331550802139,0.04789778598718305,648,and now for a little trick I learned from Banksy
3025,380,13,38,120,171,1.3742690058479532,0.047665408639764116,648,The rabbits just got too messy.
2014,381,14,33,116,163,1.3742331288343559,0.05005933733534331,648,I'll just wave my magic wand...and it's as though I never met with any Russians.
2299,382,11,40,115,166,1.3734939759036144,0.04713143108432074,648,I really need to stop doing shows for the mob.
1173,382,14,34,118,166,1.3734939759036144,0.049400706942709094,648,"And since she refused to be sawn in half, we'll just shred her paycheck instead."
2203,382,15,32,119,166,1.3734939759036144,0.05013431156969456,648,It seems my wand is jammed.
3428,382,15,32,119,166,1.3734939759036144,0.05013431156969456,648,"The Great Destructo performs at children's parties, audits, and year end closings."
1237,386,16,27,115,158,1.3734177215189873,0.052728639068236716,648,Another Florida voter exercises his constitutional right.
673,387,14,28,108,150,1.3733333333333333,0.0531316095594452,648,"I'm not a magician, I'm just the CFO."
192,388,16,37,132,185,1.372972972972973,0.047022029260210436,648,Now you see my paternity test. And now you don't.
4060,388,13,43,129,185,1.372972972972973,0.04510884631651098,648,Anyone can make it disappear. But the real trick is to keep it from coming back.
1022,390,12,39,118,169,1.3727810650887573,0.047297637671274755,648,...and this is what I like to call ‘practical magic.’
2505,390,15,33,121,169,1.3727810650887573,0.049481245575341434,648,I will now make the truth dissapear!
2357,390,16,31,122,169,1.3727810650887573,0.05018800695207902,648,"Rabbits are overdone, I'm pulling paper out of a shredder."
2354,390,14,35,120,169,1.3727810650887573,0.04876424187406752,648,And presto!  No evidence of collusion!
1532,390,13,37,119,169,1.3727810650887573,0.0480365372130202,648,"Abracadabra; with the wave of my wand....""PLAUSIBLE DENIABILITY""!"
1356,390,17,29,123,169,1.3727810650887573,0.05088495278524505,648,Presto!  The new AG presents Mueller's Russia Report to Congress!
2007,390,14,35,120,169,1.3727810650887573,0.04876424187406752,648,And now for my assistant’s last shred of dignity.
318,397,12,36,113,161,1.3726708074534162,0.048916740469572464,648,"Don’t worry folks, these tax returns will reappear as part of the Mueller probe!"
1050,397,15,30,116,161,1.3726708074534162,0.05124223602484471,648,This clogs up the machine much less often than the rabbits did.
1149,399,17,33,130,180,1.3722222222222222,0.04858682997376745,648,Now watch as I make these Democratic ballots DISAPPEAR!
3837,400,13,35,116,164,1.3719512195121952,0.049048623376205545,648,"And for my next trick, ‘plausible deniability.’"
3092,400,12,37,115,164,1.3719512195121952,0.04827992083686157,648,The White House is looking forward to our performance. They'll even supply the paper.
1168,402,14,40,129,183,1.3715846994535519,0.04608371354623243,648,Watch carefully as my tiny hand slides my interpreter's notes into this machine...
1846,403,17,31,127,175,1.3714285714285714,0.04958187829648035,648,And for my next trick...The Mueller Report.
2613,403,13,39,123,175,1.3714285714285714,0.04685762345061719,648,Melania...I had an amazing dream about the Muller report.
1942,405,9,41,109,159,1.371069182389937,0.046835585805270565,648,Next we saw my accountant in half.
3157,406,13,30,108,151,1.3708609271523178,0.051994136228849075,648,Voilà! The notes of Trump's meeting with Putin arise from the shredder!
3225,407,13,37,120,170,1.3705882352941177,0.04780345433448772,648,I consider this to be an act of magical disappearance rather destroying evidence.
2321,408,9,42,111,162,1.3703703703703705,0.04624450749546494,648,It worked for Banksy.
2370,408,14,32,116,162,1.3703703703703705,0.050219126376369216,648,...and VOILA! Donald the Magnificent makes the Constitution disappear!
2719,410,20,27,134,181,1.3701657458563536,0.050229337464887794,648,"Trust me, you don't want to see how I make the rabbits disappear."
4078,411,11,42,120,173,1.369942196531792,0.04576561862097606,648,You can't just throw stuff away anymore. You have to make it disappear.
885,412,17,27,121,165,1.3696969696969696,0.05174289902703827,648,It seems we have encountered a clump of rabbit hair.
2390,413,13,32,112,157,1.3694267515923566,0.05054546838229031,648,"Don’t worry, it’s just the Constitution."
1847,414,14,44,137,195,1.3692307692307693,0.04405298776823291,648,And now.... for the final trick...the constitution of the United State of America will pass through the oval Office shredder in one piece.   Oops.
2464,415,16,30,122,168,1.369047619047619,0.05034775262120986,648,And now...the transcript of the Trump-Putin summit!
3109,416,15,29,116,160,1.36875,0.051412344496887766,648,"And now, I will make my conversations with the Russians disappear."
630,417,21,24,134,179,1.3687150837988826,0.05124303966363427,648,Tell Mr Trump not to worry about a thing.
3817,418,13,37,121,171,1.368421052631579,0.04757246881988074,648,And they say my statements don't contain a shred of truth.
1570,419,16,35,131,182,1.3681318681318682,0.04750312415557789,648,I’m glad we stopped using rabbits.
2858,419,15,37,130,182,1.3681318681318682,0.046859727236136996,648,And that completes my taxes for 2018.
2008,421,10,40,113,163,1.3680981595092025,0.04683180378273394,648,"For my next trick, I'm going to make some copies."
3217,421,13,34,116,163,1.3680981595092025,0.049197956580139424,648,Counting the Vote in 21th Century America
3384,421,15,30,118,163,1.3680981595092025,0.050714097209150294,648,"Well, we don't have much of an act MayBelle, but it takes care of the bills."
2055,424,12,29,103,144,1.3680555555555556,0.0528394672799222,648,"And now, by the power of congress, let your paycheck disappear!"
1989,425,11,35,109,155,1.367741935483871,0.049309734572856444,648,How about a big hand for my lovely accomplice?!
4165,425,14,29,112,155,1.367741935483871,0.05179586339978972,648,"What is shredded, shall not be dreaded."
793,427,12,44,129,185,1.3675675675675676,0.04436700819460327,648,Now there is no collusion!
2745,428,12,37,117,166,1.3674698795180722,0.04780098137816316,648,"For only $19.95 you can get this amazing shredder, toaster, compacter purse and, if you call within the next ten minutes, at no extra cost, we’ll throw in this stick I’m holding absolutely free!"
1475,429,11,32,104,147,1.3673469387755102,0.05115535224835309,648,"Behold, I have un-shredded the interpreter notes from Trump's private one-on-one with Putin."
919,430,15,35,127,177,1.3672316384180792,0.04778408395553074,648,I tried this with a rabbit and let’s just say it didn’t go very well.
3971,431,14,30,114,158,1.3670886075949367,0.051074427497710496,648,"And with a wave of my wand, I can make anyone's taxes look just like the President's"""
1949,432,14,34,121,169,1.3668639053254439,0.04867012709898018,648,I’m shredding my rabbit’s letter of resignation.
2621,432,15,32,122,169,1.3668639053254439,0.04938849714220479,648,And now I will magically change a presidential speech into tweets.
3588,434,14,38,128,180,1.3666666666666667,0.04654413282503513,648,"This is a trick I learned from some of our politicians.  It's called, ""Now you see it, soon you won't"
1586,435,17,29,126,172,1.3662790697674418,0.05013392190201299,648,And my lovely assistant will hide the interpreter's notes from my meeting with Putin in a very safe place ...
890,436,13,34,117,164,1.3658536585365855,0.04894853591610554,648,Florida's newest ballot box assures... no more recounts!
1499,437,16,32,127,175,1.3657142857142857,0.04882672210921562,648,And now I will make this ballot disappear!
3056,437,14,36,125,175,1.3657142857142857,0.04746246835076096,648,"No magic, just always wanted to do this to my tax return."
119,437,13,38,124,175,1.3657142857142857,0.04676541945663693,648,"And magically, without even the slightest reference to politics, we will make this document disappear..."
904,440,11,31,103,145,1.3655172413793104,0.05161546694096023,648,"Again, this is her only copy..."
920,441,15,31,121,167,1.3652694610778444,0.04978800845395368,648,My next trick involves no magic.  My ballot disappears by itself when I insert it into a voting machine from Broward County.
3105,442,14,37,127,178,1.3651685393258426,0.0468875230653458,648,Ta-da!  No collusion!
369,442,15,35,128,178,1.3651685393258426,0.04755964456629324,648,Subpoena? What subpoena?
2337,444,16,41,143,200,1.365,0.04437024445464353,648,And now for the election results!
619,445,11,32,105,148,1.364864864864865,0.0508691227129258,648,NO COLLUSION!
352,446,12,34,113,159,1.3647798742138364,0.04921272050546788,648,This won't work with rabbits and pigeons.
2385,446,14,30,115,159,1.3647798742138364,0.05080467351877496,648,For my next trick I will make my assistant’s sexual harassment lawsuit disappear.
3316,446,13,32,114,159,1.3647798742138364,0.05001503129509474,648,"And just like magic, your vote stays secret!"
554,449,13,36,121,170,1.3647058823529412,0.04770698770351928,648,Some of you may want to look away while I next do this with the  rabbit.
1533,449,13,36,121,170,1.3647058823529412,0.04770698770351928,648,..I  simply place this into the magic suggestion box..
2316,449,15,32,123,170,1.3647058823529412,0.049144521203205296,648,"Behold, as I shred the Constitution with my tiny hands, everyone's rights will disappear."
1694,452,13,37,123,173,1.3641618497109826,0.04711669174600211,648,I work for the White House
651,452,17,29,127,173,1.3641618497109826,0.04988823490153303,648,And here is how I make the translator's notes disappear.
2538,454,19,29,136,184,1.3641304347826086,0.04892624092699431,648,"And voila, no collusion."
546,454,16,35,133,184,1.3641304347826086,0.047070027167174726,648,Environmental regulations.   Now you see them
1997,456,20,31,144,195,1.3641025641025641,0.04744286265314621,648,"And Banksy, this is your check for that piece I bought at auction!"
3122,457,9,34,100,143,1.3636363636363635,0.05016024213667575,648,A magician never reveals his bank statements.
3526,457,9,46,121,176,1.3636363636363635,0.043666115398582936,648,"Magician by night, tax specialist by day. Similar skill sets."
590,457,20,20,125,165,1.3636363636363635,0.05375130180510483,648,"And now, I'll extract Trump's tax returns from the shredder."
2119,457,15,26,113,154,1.3636363636363635,0.052779610434957616,648,This is the test of the new ballot box for 2020
3732,461,10,45,124,179,1.3631284916201116,0.04389709837671013,648,"Honestly, we'd do anything to amuse the cat."
1335,462,14,38,130,182,1.3626373626373627,0.046118850767867245,648,"Well, I don't do this one with the rabbit anymore."
2727,463,15,32,124,171,1.3625730994152048,0.04890281138838091,648,My rabbit is on strike.
2620,463,12,38,121,171,1.3625730994152048,0.046744910021031684,648,Watch carefully as I shred the last of my dignity and self respect
2899,465,16,31,127,174,1.3620689655172413,0.048971094205157883,648,And now a little trick I learned from Banksy...
1787,466,14,31,118,163,1.361963190184049,0.04985936891045602,648,Now watch me make my lovely assistant's sexual harassment claim disappear.
3692,466,12,35,116,163,1.361963190184049,0.04831641485117751,648,"And now, ladies and gentlemen of the House of Representatives—out of my MAGIC REVERSE SHREDDER—Donald Trump’s tax returns!"
4029,468,14,36,127,177,1.3615819209039548,0.04701501970930293,648,As the President's personal magician I shall now make this subpoena disappear.
3800,468,12,40,125,177,1.3615819209039548,0.04562904127297209,648,The inspiration for this next trick came to me during a recent IRS audit ...
2874,468,14,36,127,177,1.3615819209039548,0.04701501970930293,648,My friend Banksy taught me this one.
2453,471,15,26,114,155,1.3612903225806452,0.052490445171775035,648,"For my first trick as Attorney General, I'll make Mueller's report disappear!"
100,471,16,24,115,155,1.3612903225806452,0.053282586413316076,648,"And now, I will pull the President's tax returns magically from the shredder!"
1260,471,15,26,114,155,1.3612903225806452,0.052490445171775035,648,Abracadabra let’s bring back those shredded notes from the Trump-Putin meeting!
4138,474,10,45,125,180,1.3611111111111112,0.043699135645563866,648,The secret to this trick is to never exceed more than 10 sheets.
279,474,15,35,130,180,1.3611111111111112,0.047116671023357884,648,And now you know why we don't use a rabbit anymore.
3147,476,11,39,119,169,1.3609467455621302,0.04634508932885578,648,Presto-changeo -- I now qualify for a cabinet position.
2557,476,13,35,121,169,1.3609467455621302,0.04784090364080714,648,and now.... the Mueller report!!
2364,478,14,29,115,158,1.360759493670886,0.050966910163949136,648,Am I voting or shredding?
93,478,10,37,111,158,1.360759493670886,0.047698252707266665,648,The real magic is unjamming it.
1400,480,14,25,108,147,1.3605442176870748,0.053700608096840165,648,"As you requested, Mr. President, I shall now make your taxes disappear."
2770,481,15,32,125,172,1.3604651162790697,0.04866333928039672,648,I perfected this next trick as part of my plea deal.
1987,482,16,26,119,161,1.360248447204969,0.05179450184783931,648,"And now, ladies and gentlemen I, The Great Dlanod, will draw your attention away from my tiny hands by placing this Bill of Rights into my magical alternative-facts casket."
3575,483,14,35,126,175,1.36,0.04736747999334079,648,"And now, the Presidential  tax return trick!"
3050,483,16,31,128,175,1.36,0.048734392895604224,648,Redaction is now complete.  Please forward this to the Senate.
2747,483,13,37,125,175,1.36,0.04666901237360557,648,There. And remember: not a word to Pelosi.
1697,483,14,35,126,175,1.36,0.04736747999334079,648,Now you see the Mueller Report; now you don't.
466,487,15,38,136,189,1.3597883597883598,0.045492041312325635,648,"And by the second act, the annual office talent show hit a new low"
1165,488,8,39,106,153,1.3594771241830066,0.04693419839259384,648,Oooh that’s a strange noise. Do you have the rabbit?
3494,489,15,30,122,167,1.3592814371257484,0.049688123997777896,648,This is one I learned from Banksy.
1513,490,10,45,126,181,1.3591160220994476,0.04350280593376691,648,"And, presto! Magician Mueller will reconstruct this into an indictment."
4045,491,15,26,115,156,1.358974358974359,0.05220427994325316,648,"For my next trick, I will turn this original copy of the Constitution into a rabbit."
2465,491,15,26,115,156,1.358974358974359,0.05220427994325316,648,It's very important that all my campaign promises are shredded-- twice.
2497,493,12,37,121,170,1.3588235294117648,0.046869179306646774,648,Banksy taught me this one.
1581,493,16,29,125,170,1.3588235294117648,0.04975112607746399,648,"And presto, your vote in the 2016 presidential election never happened."
3728,495,17,23,119,159,1.3584905660377358,0.05299937652410336,648,"And now after shredding and deletion, this message will reappear in the inboxes of  all your business contacts."
3896,495,7,43,109,159,1.3584905660377358,0.04486445088200232,648,Now watch as I make my beautiful assistant's sexual harassment complaint . . . disappear!
2690,497,16,30,127,173,1.3583815028901733,0.049115152989200966,648,Watch.....as I magically make your legal problems disappear.
2250,497,9,44,120,173,1.3583815028901733,0.04406591548206838,648,Keep in mind that every vote counts.
1505,499,9,35,104,148,1.3581081081081081,0.04889863962028005,648,Please tell me you didn't actually plug it in.
3005,500,10,38,114,162,1.3580246913580247,0.04684451629808652,648,Now watch as the notes from my pre-election meeting with certain Russian individuals magically becomes a plea bargain agreement.
2288,500,16,26,120,162,1.3580246913580247,0.05152180241228804,648,"Shredder, shredder, so efficient, make it look as though I didn’t."
275,500,17,24,121,162,1.3580246913580247,0.05226066742697012,648,"And now, I will saw Karen's college diploma into two thousand equally useful pieces."
3902,503,19,21,125,165,1.3575757575757577,0.05296215661556284,648,Watch carefully as I audit the President's tax form.
435,504,16,37,140,193,1.3575129533678756,0.045386106902238044,648,And now I am magically cleared of all liability.
2315,505,13,29,112,154,1.3571428571428572,0.051030108091233976,648,"Watch as my translator’s notes vanish into thin air, with no collusion whatsoever."
3591,505,15,30,123,168,1.3571428571428572,0.0494377528718559,648,"And then we say the magic words, ""North Carolina's Ninth District."""
4144,505,14,27,113,154,1.3571428571428572,0.051855128672356386,648,"Keep a copy? No no, Mr. Trump assures us no one will ever request his tax returns."
1319,505,19,27,136,182,1.3571428571428572,0.04921387788405017,648,"For my final trick, I will need our marriage license."
3126,505,15,25,114,154,1.3571428571428572,0.05266722707196812,648,Voila! the next State of the Union Speech made coherent!
1333,505,13,34,121,168,1.3571428571428572,0.04797415356376048,648,Voila! There’s not a shred of evidence against me!
300,511,15,36,134,185,1.3567567567567567,0.046135642134346344,648,A magician never reveals his tax returns.
3795,512,10,41,120,171,1.3567251461988303,0.045142348748854096,648,"If this doesn't reappear, then I'm in serious legal trouble."
2958,512,19,23,129,171,1.3567251461988303,0.051546354837202574,648,"And with a flourish, the Great Trumpioso made the meeting notes disappear"
2106,512,12,37,122,171,1.3567251461988303,0.046641511015103006,648,"Don’t worry, Kelly Anne, this is alternative archival of presidential records."
486,515,14,34,126,174,1.3563218390804597,0.04749664583865804,648,I will now ask my assistant to reach into the shredder to retrieve her liability waiver.
653,515,12,38,124,174,1.3563218390804597,0.04607656486558384,648,"Eh, voilà; the translator’s notes disappear!"
3794,515,15,32,127,174,1.3563218390804597,0.04819099639951628,648,And there you have it folks - a paperless office.
3648,515,14,34,126,174,1.3563218390804597,0.04749664583865804,648,And that’s how the votes were counted in 2016.
411,519,13,31,116,160,1.35625,0.049642491531034234,648,"Now folks, watch carefully as I turn these ordinary translator's notes into a subpoena from the Special Counsel."
3379,519,12,33,115,160,1.35625,0.048844248517174955,648,"Before I make the rabbit appear, let me just dispose of this meddlesome summons from the ASPCA."
4052,521,11,41,125,177,1.3559322033898304,0.0448189701675368,648,"I call this next trick: ""The accountant."""
632,522,16,26,121,163,1.3558282208588956,0.05125183022954163,648,And in just two seconds the unwanted absentee ballot vanishes!
1263,522,14,30,119,163,1.3558282208588956,0.04975207913042324,648,"For my next trick I'll be disappearing  
--right after this subpoena"
3241,524,21,32,155,208,1.3557692307692308,0.045636696085654405,648,Last nights tweets from the twit.
289,525,13,27,109,149,1.3557046979865772,0.05222582915079039,648,Watch closely as this document and your magician's chances for indictment disappear.
3172,526,13,38,129,180,1.3555555555555556,0.04568413822707755,648,"By the way, this model is available at the White House gift shop"
3585,527,12,35,119,166,1.355421686746988,0.04758885944177743,648,"If you make it disappear on stage, it doesn't count as corporate fraud."
2199,527,13,33,120,166,1.355421686746988,0.04834996270005834,648,"We do birthdays, bankruptcies and ballots!"
1510,527,7,45,114,166,1.355421686746988,0.043584432912799606,648,"And for my next trick, my assistant and I will disappear to an offshore tax haven."
421,530,9,36,107,152,1.355263157894737,0.04797021006936673,648,"So, ladies and gentlemen of the Grand Jury, when it comes to documentary evidence, it depends on what the meaning of ""destroy"" is."
562,531,13,34,122,169,1.3550295857988166,0.047736237910378496,648,"Now, I shall attempt to recover Trump's tax returns."
2589,531,13,34,122,169,1.3550295857988166,0.047736237910378496,648,I place the words describing a rabbit into the box.
3144,533,10,35,110,155,1.3548387096774193,0.048212224150199594,648,Watch your mail-in ballot disappear.
1213,534,9,43,120,172,1.3546511627906976,0.0441637621231368,648,"On my signal, make that annoying whirring noise."
2365,534,10,41,121,172,1.3546511627906976,0.04492702239046524,648,Not a shred of evidence will remain from this trick.
3719,536,12,32,114,158,1.3544303797468353,0.04924320379481943,648,Here at Fred's School of Magic we like to start simple and work our way up.
3839,537,10,42,123,175,1.3542857142857143,0.044402357115159156,648,why force your dog to eat your homework when for 29.99 you can order the chewmatic 3000?
785,537,14,34,127,175,1.3542857142857143,0.047268330807733044,648,"And for my next trick, I’ll be pulling an alibi out of my hat!"
845,539,10,37,114,161,1.3540372670807452,0.04696531187238183,648,"So, Anya, I just put the ballot in the ballot box like so, and Voila!"
4176,540,17,29,132,178,1.353932584269663,0.0486934110797493,648,And that's the last of Trump's tax returns.
1888,540,13,37,128,178,1.353932584269663,0.04601226352078545,648,"Next the great Trumpini, with the aid of my lovely assistant Ivanka, will shred the Constitution!"
3369,542,11,36,117,164,1.353658536585366,0.04717351585858957,648,"This worked for Banksy, didn't it?"
460,542,15,28,121,164,1.353658536585366,0.05024547138608162,648,Auditcadbra!
664,544,13,38,130,181,1.3535911602209945,0.04547348803144925,648,"We couldn't afford to make a real rabbit disappear so this is a copy 
of the last page of Watership Down"
2115,544,10,44,127,181,1.3535911602209945,0.04340133697400642,648,Hope this works out better than the rabbit.
1931,546,12,35,120,167,1.3532934131736527,0.04735089166168896,648,See?  I told you it would be less messy using paper instead of a rabbit
2809,546,12,35,120,167,1.3532934131736527,0.04735089166168896,648,"Ballot box, shredder...there's a difference?"
2551,548,8,44,118,170,1.3529411764705883,0.04368332447474088,648,And now the Amazing Giulani will--- presto chango--- turn the evidence into confetti!
794,549,12,37,124,173,1.3526011560693643,0.046192337058754855,648,And hocus pocus...What subpoena?
3608,549,11,39,123,173,1.3526011560693643,0.04545897785722781,648,"Vote here, you say?"
2927,549,11,39,123,173,1.3526011560693643,0.04545897785722781,648,And this is what happens to your popular vote.
2318,549,15,31,127,173,1.3526011560693643,0.048325686837609294,648,"If this is anything like the rabbit, we’re going to need a mop."
1167,549,9,43,121,173,1.3526011560693643,0.04395556844783776,648,Hmmmm. I forget. What’s ‘abracadabra’ in Russian?
89,549,8,45,120,173,1.3526011560693643,0.04318424090390916,648,"And for my next trick, I'll make your sexual discrimination  complaint disappear."
1409,555,12,38,126,176,1.3522727272727273,0.04564085195500054,648,"The people at the White House loved this trick- ""Disappearing Meeting Notes!"""
205,555,11,40,125,176,1.3522727272727273,0.04492385003807234,648,"I can make 300,000 ballots disappear. Just like that!"
1406,555,14,34,128,176,1.3522727272727273,0.04704208219295152,648,"First, I insert my New Year's resolutions..."
1337,558,14,28,117,159,1.3522012578616351,0.050582440588665914,648,"Here it comes, out of the amazing unshredder, Donald Trump's tax returns!"
3649,559,12,39,128,179,1.3519553072625698,0.04510667638136217,648,And for my next trick: The Bansky!
3708,560,9,33,103,145,1.3517241379310345,0.04945201095241139,648,A magician never reveals his tricks. Or his tax returns.
894,561,16,27,125,168,1.3511904761904763,0.05004979054433272,648,"As you can see, I am shredding the Constitution.
FYI: This is not a trick.
 I work in the White House."
2451,561,15,29,124,168,1.3511904761904763,0.04933249977552187,648,"Presto! It’s the UNshredder! Politicians, beware!"
2231,561,8,43,117,168,1.3511904761904763,0.04398515133648947,648,"Magicians' Rule No. 5: Before attempting to saw your assistant in half and then put her back together, practice with a sheet of paper."
56,564,15,30,126,171,1.3508771929824561,0.04870082647676747,648,...and now I hope this will go better than the pigeon routine.
498,564,14,32,125,171,1.3508771929824561,0.04798928057301768,648,Now you see the Trump tax return and now you dont
2427,566,12,30,112,154,1.3506493506493507,0.05006783237870982,648,"And now for my next trick,watch me make all the other entries for the New Yorker cartoon caption contest disappear"
341,566,11,32,111,154,1.3506493506493507,0.04921285808890771,648,"Say the magic words with me...'Interpreter notes, become fodder for goats!'"
1139,568,16,29,129,174,1.3505747126436782,0.04877577157689994,648,I sense it is Trump's translator's notes.
3218,568,15,31,128,174,1.3505747126436782,0.04808986509511792,648,What I'd really like to shred are these ridiculous gender roles.
2474,570,10,35,112,157,1.3503184713375795,0.04770260266841387,648,Oh No!  There goes the instructions of how to do this trick.
2470,571,16,30,131,177,1.3502824858757063,0.04816965911426197,648,It’s the President’s favorite routine.
4091,572,12,39,129,180,1.35,0.04489798077686624,648,"Again, you really don't need me for this."
2807,572,12,32,116,160,1.35,0.04872590518890323,648,You should have seen what a mess I made of that rabbit!
1923,574,11,35,117,163,1.3496932515337423,0.04729583846953417,648,"And now, I will transform this ordinary piece of paper into a magnificent work of art."
1473,575,15,35,136,186,1.3494623655913978,0.04583334931279503,648,"Ladies and gentlemen, for my next trick I give you the Mueller Report!"
1201,576,14,30,122,166,1.3493975903614457,0.048989399781451906,648,"I was advised to dress for the job I want, not the one I have."
3828,576,11,36,119,166,1.3493975903614457,0.046700141761707406,648,"This is what you can do with a Harvard diploma in ""magic studies""!"
2818,576,12,34,120,166,1.3493975903614457,0.047475494633456454,648,Now watch as I make this tax return disappear and then become President.
2762,576,15,28,123,166,1.3493975903614457,0.049729072393065045,648,Presto-change-o... No collusion!
181,576,10,38,118,166,1.3493975903614457,0.04591169666256938,648,You were right: this trick works so much better without the rabbit!
1783,581,13,25,108,146,1.3493150684931507,0.05287436268125557,648,And with a tap of the wand an ordinary novel becomes...a screenplay!
189,582,12,35,122,169,1.349112426035503,0.046881612190317265,648,And now I will demonstrate the voting system in Venezuela.
3690,583,12,43,137,192,1.3489583333333333,0.04294074908025697,648,Just kidding--- this is not a White House document.
921,584,11,31,110,152,1.3486842105263157,0.04962377487511157,648,"Okay, if you’re asked to testify, this was a magic trick."
2634,585,16,30,132,178,1.348314606741573,0.04793868626186611,648,You know what? I just realized how small my hands are.
511,585,12,38,128,178,1.348314606741573,0.04521280517993085,648,"I wave my wand and, as we reverse the shredder we see...it looks like... Why, we seem to have a written transcript of the Trump Tower meeting!"
1292,585,9,44,125,178,1.348314606741573,0.04305528813086663,648,Better shred than read.
1614,588,14,27,117,158,1.3481012658227849,0.0507361078490826,648,"Presto, shredded tweet."
2116,588,11,33,114,158,1.3481012658227849,0.04829364010326202,648,You should have seen what happened to the rabbit.
3890,590,12,32,117,161,1.3478260869565217,0.04847108823633957,648,Republican voting ballot instructions.
2870,590,15,34,135,184,1.3478260869565217,0.04615764022447833,648,And now the Russia investigation findings will magicially disappear!
2339,590,12,32,117,161,1.3478260869565217,0.04847108823633957,648,Now to shred the Russian interpreter's notes.
458,590,13,38,133,184,1.3478260869565217,0.04485236547393269,648,Voila! A paper jam.
3329,594,12,33,119,164,1.3475609756097562,0.04784329015257228,648,Another letter from feminists complaining about the outfit I make you wear.
2067,594,11,35,118,164,1.3475609756097562,0.04705490105755173,648,And voila! One vote becomes many.
3216,594,6,45,113,164,1.3475609756097562,0.04289615621591055,648,"And now I'd like to show you a little trick I call, ""The Plausible Denial"" ..."
1411,597,8,33,100,141,1.3475177304964538,0.04929679320141368,648,"As I wave the magic wand, my taxable income is reduced by half."
1131,598,11,36,120,167,1.347305389221557,0.046466783238028476,648,You say that this is the Broward County ballot box model?
2616,598,7,44,116,167,1.347305389221557,0.04325023094642434,648,"""The act was much better before PETA nixed the rabbits."""
3943,598,11,36,120,167,1.347305389221557,0.046466783238028476,648,AUDIT-CADABRA! Now be amazed as these extraordinarily incriminating tax returns from 2010-2015 miraculously transform into ordinary hamster cage lining.
2834,598,13,32,122,167,1.347305389221557,0.047994287975501475,648,Abracadabra!  And see the Constitution disappear before your very eyes!
2423,598,13,32,122,167,1.347305389221557,0.047994287975501475,648,Before the government shutdown I was a Russian translator for the president.
700,598,13,32,122,167,1.347305389221557,0.047994287975501475,648,"Ex uno plures—out of one, many."
2936,604,14,39,140,193,1.3471502590673574,0.04400015843390498,648,"Ánd now, the President’s tax returns!"
3118,605,14,31,125,170,1.3470588235294119,0.048119358434729996,648,"And here it is....completely restored, and back in its original condition.....the president's tax return."
3110,606,14,32,127,173,1.346820809248555,0.04751901984587583,648,"For my next trick,  I'll shred my last trick."
407,607,9,34,107,150,1.3466666666666667,0.048222699888011124,648,I will now shred this document and come up woth a completely different set of facts.
4163,608,12,37,127,176,1.3465909090909092,0.04553361629076652,648,"Pick a redacted memo, any redacted memo."
589,609,13,44,145,202,1.3465346534653466,0.04203535935755804,648,I hope you backed up everything to the Cloud
987,610,19,25,138,182,1.3461538461538463,0.04903052210613046,648,I will now turn this worthless conceptual artwork into a Banksy
2031,611,15,34,136,185,1.345945945945946,0.04594594594594595,648,A good accountant? No. I am a MAGNIFICENT accountant!
3739,612,13,29,117,159,1.3459119496855345,0.049668450453342054,648,"The real trick, and most of the show, is when I put it back together."
2165,612,13,29,117,159,1.3459119496855345,0.049668450453342054,648,And presto! I'm eligible to run for president!
2920,612,12,31,116,159,1.3459119496855345,0.04886044898009111,648,A real magician never reveals his tax returns.
3957,615,15,35,138,188,1.3457446808510638,0.04542018707116361,648,"Subpoena this, Mr. Special Counsel."
1320,616,17,22,123,162,1.345679012345679,0.052042838063080986,648,"Watch carefully as I, the Great El Trumpo, shred the Constitution before miraculously turning it into 20% off KFC coupon!"
3432,617,16,25,124,165,1.3454545454545455,0.050609401928187796,648,"And now, the receipt for the Banksy!"
2447,617,13,31,121,165,1.3454545454545455,0.048369226513421584,648,Now watch while I make your vote magically disappear...
1936,619,12,34,122,168,1.3452380952380953,0.04700018446209247,648,You are furloughed until further notice.  Here is your paycheck.
3451,619,13,32,123,168,1.3452380952380953,0.047752521806711225,648,You sure rabbits eat shredded paper? He's awfully quiet
3861,621,16,28,130,174,1.3448275862068966,0.048671932777688214,648,"Abracadabra, the Russian Interpreter’s notes have disappeared!"
2120,621,14,32,128,174,1.3448275862068966,0.047287160035312366,648,"And voila, the translator's notes are gone."
1345,623,15,31,131,177,1.344632768361582,0.047395372134357405,648,And yet by printing just one page I have triggered the low ink level warning.
1810,623,14,33,130,177,1.344632768361582,0.04671316692717853,648,"No worries, Ivanka. I'm shredding the last bit of our decency before I meet with Mueller."
2556,623,16,29,132,177,1.344632768361582,0.04806789609648001,648,"And that, Mrs. Clinton, is how one recovers an email."
4106,626,12,27,109,148,1.3445945945945945,0.05137638371494697,648,"And now, I will make this subpoena... disappear!"
1395,627,8,46,126,180,1.3444444444444446,0.04192913401762013,648,"For my next trick, I will attempt to turn one large piece of paper into many small pieces of paper."
2713,628,14,25,115,154,1.344155844155844,0.0516100753265464,648,"Great, a Republican vote polling place!"
760,629,10,34,113,157,1.3439490445859872,0.04757158131041275,648,"To the Federal Worker, "" Abracadabra there goes your pay check"""
154,629,10,34,113,157,1.3439490445859872,0.04757158131041275,648,"Now ,watch me make this parking ticket disappear."
1280,631,11,33,116,160,1.34375,0.0477866022578077,648,Please observe that at no time does the shredder leave its cord.
1656,632,14,28,121,163,1.343558282208589,0.04952273016210273,648,Our Secretary of State has just completed processing Absentee and Early Voting ballots.
555,632,16,24,123,163,1.343558282208589,0.05102922228278911,648,"I call it ""practical magic."""
2209,632,14,28,121,163,1.343558282208589,0.04952273016210273,648,"And with this, I thee shred."""
2394,635,12,33,121,166,1.3433734939759037,0.04735721447477964,648,It's tough developing an impressive current-day magic routine now that sawing you in half is considered offensive.
1965,636,8,42,119,169,1.3431952662721893,0.04364949896712175,648,The invitation to your sister's third wedding goes in the magic box and...
1096,637,11,37,124,172,1.3430232558139534,0.04545193969245575,648,I will make Democratic votes disappear in Florida and Georgia.
2735,638,14,32,129,175,1.3428571428571427,0.04705744364689122,648,Absentee ballots!
1212,639,9,31,103,143,1.3426573426573427,0.049725826744801964,648,"The magic word is ""nondisclosure."""
558,640,12,26,108,146,1.3424657534246576,0.051833055808829215,648,"And, after I shred this secret document, my assistant, Ekaterina in Moscow, will read it back to us in its entirety."
3913,640,13,24,109,146,1.3424657534246576,0.05273650524798515,648,For my next trick I shall make the election results disappear.
2446,642,13,37,134,184,1.3423913043478262,0.04474968918785168,648,"Folks, this is an ordinary absentee ballot, collected from a North Carolina resident by my lovely assistant...watch as I make it disappear!"
2329,643,14,23,112,149,1.342281879194631,0.05282841024262081,648,"And for my next trick, your links to Russia will disappear"
3295,644,13,38,136,187,1.3422459893048129,0.044247052344849665,648,"Unshred , unshred"
3566,645,13,39,138,190,1.3421052631578947,0.04375928366146613,648,"So that, shareholders, concludes the investigation of my malfeasance."
955,645,12,28,112,152,1.3421052631578947,0.0503605535819841,648,We feed the interpreter's notes into the magic box... and voila! There is no collusion.
2389,647,7,39,109,155,1.3419354838709678,0.045250973253941576,648,Abracadabra! You’re now an accomplice.
2151,648,12,30,116,158,1.3417721518987342,0.04899386951527047,648,The Amazing Mueller will now make the Trump tax returns reappear
1401,648,11,32,115,158,1.3417721518987342,0.048164028018801555,648,And now I will change a piece of paper into plausible denial.
3185,648,7,40,111,158,1.3417721518987342,0.044690837703740924,648,Forget sawing a woman in half. Watch closely as I shred this ordinary sheet of paper and create a million dollar work of art.
414,651,12,31,118,161,1.3416149068322982,0.048346566918165496,648,"After a slight mishap, The Great Shredo will no longer be using rabbits in his act."
3187,651,9,37,115,161,1.3416149068322982,0.04587451665265008,648,"I learned this trick from my accountant.
First, I file my taxes here.
Then, presto! I pull a refund out of my hat."
1119,653,15,40,150,205,1.3414634146341464,0.04265729913147348,648,"And now, Giuliani-ini the Great shreds yet another set of Mueller questions..."
1029,654,13,31,123,167,1.341317365269461,0.04787712964777685,648,"And then, like magic, I will reconstruct President Trump’s tax return."
2968,655,14,30,126,170,1.3411764705882352,0.048006469538008474,648,"Pick a shred, any shred."
1944,655,14,30,126,170,1.3411764705882352,0.048006469538008474,648,"And now, watch as I saw my assistant's benefit package in half"
3120,655,13,32,125,170,1.3411764705882352,0.047275865652883164,648,Behold!  The Electoral College will now tally the ballot.
1273,658,13,34,129,176,1.3409090909090908,0.04613132529587373,648,A good magician never does his taxes.
4077,659,11,39,129,179,1.3407821229050279,0.04418771853537373,648,"Voila!  Without my knowledge or approval, my assistant will make evidence of my payments to a porn star disappear!"
2276,660,11,27,106,144,1.3402777777777777,0.05136368268187715,648,"It's not really magic, but it will make a few things disappear."
3254,661,10,30,107,147,1.3401360544217686,0.0496906830020621,648,And now here's one you can try at home
1815,661,10,30,107,147,1.3401360544217686,0.0496906830020621,648,The magic? It also shreds all digital copies anywhere.
2068,661,11,28,108,147,1.3401360544217686,0.05061967934832239,648,Voila -- the missing ballot is now intact!
1715,664,11,30,112,153,1.3398692810457515,0.04921415356702184,648,"... and now, Mr Trump, with just a wave of my wand, your tax returns disappear."
681,665,5,43,108,156,1.3397435897435896,0.043136725396101465,648,"Prior to sawing my lovely assistant in half,  I present her with my  personal guarantee for her safety."
2578,666,15,24,120,159,1.3396226415094339,0.05112397120171929,648,"For my next trick, I will make an auditor appear out of thin air."
78,666,10,34,115,159,1.3396226415094339,0.047070191755868004,648,"And in a final irony, I shall make the warrant for failure to appear, disappear!"
1363,668,9,37,116,162,1.3395061728395061,0.045639203655150756,648,A magician never tells his secrets to the I.R.S.
253,669,13,31,124,168,1.3392857142857142,0.0476346388790053,648,What do you mean I have to make it reappear?
2512,670,12,34,125,171,1.3391812865497077,0.04630386965135059,648,Whitehouse archives.
59,670,15,28,128,171,1.3391812865497077,0.04848140564693309,648,Magician files his tax returns!
1724,672,17,26,134,177,1.3389830508474576,0.048626822095203796,648,But does Mr Trump know that is the Constitution?
1584,673,13,36,134,183,1.3387978142076502,0.04484958732998979,648,"And now, I'll make the Russian translater's notes disappear,"
910,674,9,32,107,148,1.337837837837838,0.04846803103642355,648,And poof! - no more prenup.
2955,675,12,27,112,151,1.3377483443708609,0.05050510189387449,648,"First we shred your Magician's ""Thou-Shall-Do-No Harm"" Contract and then we saw you in half."
392,676,6,41,110,157,1.3375796178343948,0.04385675550075635,648,I tried this with a rabbit but it was a little messy.
3889,677,11,32,117,160,1.3375,0.04765532367127345,648,"If this is not what you were expecting, please direct your grievances toward my wife here who thinks the ""woman cut in half"" is too degrading."
2923,677,12,30,118,160,1.3375,0.0484731495409066,648,"It's not magic, but it is better than eating the evidence."
2549,677,11,32,117,160,1.3375,0.04765532367127345,648,"And for my last trick, I will make truth disappear."
1118,677,10,34,116,160,1.3375,0.046823215630844676,648,"Presto-Chango: The ""Reverse Shredder"" re-constructs the President's tax return."
234,677,12,30,118,160,1.3375,0.0484731495409066,648,"And for my next trick, I'll make 2018 disappear."
1893,682,8,39,116,163,1.3374233128834356,0.04456430573600861,648,Watch me as I cut a critic in sixteenths.
120,682,10,35,118,163,1.3374233128834356,0.04623265155504615,648,and the translator’s notes go in just  like this.
2491,682,11,33,119,163,1.3374233128834356,0.04704464296654021,648,Would it ruin the trick if I told them there is an electronic copy?
3193,685,12,32,122,166,1.3373493975903614,0.047233982039692805,648,Abraca...dammit!  This is the REAL shredder!
2430,685,12,32,122,166,1.3373493975903614,0.047233982039692805,648,Shreddicus Evidencia!
98,687,11,35,123,169,1.3372781065088757,0.045884112574348566,648,And now my lovely assistant will subvert democracy.
4208,688,12,34,126,172,1.3372093023255813,0.04607609219284747,648,"And with an assist from Olga, I will now make 50,000 votes disappear."
1640,689,14,31,130,175,1.3371428571428572,0.046945649120889325,648,The rabbit sent me a letter?
2535,689,7,45,123,175,1.3371428571428572,0.04176270892122694,648,We insist on the use of paper ballots.
2585,689,10,39,126,175,1.3371428571428572,0.044058690305256436,648,"Now, we’re going to make your vote disappear!"
459,692,13,35,133,181,1.3370165745856353,0.04515915139690707,648,"Watch closely, Ivanka, while I make this subpoena disappear!"
3284,692,15,31,135,181,1.3370165745856353,0.046498641521004046,648,And the electoral college will now make your vote disappear!
3471,692,13,35,133,181,1.3370165745856353,0.04515915139690707,648,"For my next trick, the Thirteenth Amendment ..."
1066,695,16,32,142,190,1.3368421052631578,0.04553041625463952,648,Wait until you see what this does to the rabbit.
376,696,11,30,114,155,1.335483870967742,0.04867530422394468,648,This one weird trick will lower your taxes!
2974,696,9,34,112,155,1.335483870967742,0.046922392097705524,648,"And now, this only copy of Donald Trumps taxes may......or may not..... reappear"""
2286,696,9,34,112,155,1.335483870967742,0.046922392097705524,648,"Now watch this boys and girls....this was the ""magical"" way your grandparents deleted their unwanted messages."
907,696,8,36,111,155,1.335483870967742,0.04602090502814394,648,"I told you mom, I won’t need this high school diploma if I’m a magician."
2703,700,9,35,114,158,1.3354430379746836,0.046319649355811045,648,And now for a magic trick I have been perfecting since my 2001 performance at the Enron Christmas Party.
2817,701,9,36,116,161,1.3354037267080745,0.045737656057019536,648,"And for my next trick, I'll shred this STAPLED document"
1420,701,15,24,122,161,1.3354037267080745,0.050574417356080204,648,Watch me make this subpoena disappear
4150,703,14,27,123,164,1.3353658536585367,0.049141544977690944,648,I will now shred my credit card bill and reconstitute it as a winning lottery ticket.
1596,703,4,47,113,164,1.3353658536585367,0.040825536762203865,648,I appreciate any technology that obviates the need for a recount.
4141,703,14,27,123,164,1.3353658536585367,0.049141544977690944,648,"Now for my last trick, I will make Donald Trump’s tax returns reappear."
1354,706,12,32,123,167,1.3353293413173652,0.046993728690762585,648,"If you like this, wait until I get the rabbit."
1379,706,15,26,126,167,1.3353293413173652,0.0492427165877266,648,And now i will show you how to change an indictment into a parking ticket.
2500,706,11,34,122,167,1.3353293413173652,0.04621975410328664,648,"And with that, my taxes are gone. For my next trick, I will disappear for 5-10 years with a chance of parole after 7."
2513,706,11,34,122,167,1.3353293413173652,0.04621975410328664,648,Pay no attention to the shredder in front of the lady.
3930,706,11,34,122,167,1.3353293413173652,0.04621975410328664,648,and now.....before your very eyes....watch as the incriminating content of this document becomes.....FAKE NEWS
215,711,12,33,125,170,1.3352941176470587,0.04641263619170703,648,Watch as the Great Trumpezi shreds the constitution!
1047,711,14,29,127,170,1.3352941176470587,0.047889039318118595,648,"You doubt me now, but this trick killed for Banksy ."
2459,711,13,31,126,170,1.3352941176470587,0.04715661610567526,648,my next trick involves an absentee ballot
2192,714,12,34,127,173,1.3352601156069364,0.04585043266448885,648,"With a wave of my magic wand, another mail-in ballot gets shredded!"
818,715,17,25,134,176,1.3352272727272727,0.04875781352937486,648,And now I'll just pass my interpreter's notes through the magic truth box...
2224,716,17,26,136,179,1.335195530726257,0.048156091065001766,648,I agree this is working much better with paper than a dove.
239,716,12,36,131,179,1.335195530726257,0.04477896396156754,648,"Most magicians can only cut things in two, but I am eight times better than most magicians."
2714,718,15,31,136,182,1.335164835164835,0.046279509520799754,648,What collusion?
171,718,14,33,135,182,1.335164835164835,0.045618858310908075,648,And for my next trick. Tax Fraud.
762,720,10,36,122,168,1.3333333333333333,0.04520544196943266,648,"Since you refuse to be sawed in half, I will now make your contract disappear."
3306,720,15,33,141,189,1.3333333333333333,0.04501491366063437,648,"And with one swift wave of my wand, this shredded page of vitriol will become a tweet."
3028,720,15,29,133,177,1.3333333333333333,0.047176755859669954,648,"And Presto!, the great Giulliani makes collusion disappear."
3457,720,12,35,130,177,1.3333333333333333,0.045089270201230526,648,Because I'm all out of rabbits.
1951,720,11,39,133,183,1.3333333333333333,0.04337675489417602,648,"Harold after finding out he was on the short list for Attorney General, began practicing how he would
make Special Counsel reports and IRS records disappear."
398,720,9,38,121,168,1.3333333333333333,0.04440997617903022,648,"And  voilà, we have Brexit"
1895,720,14,28,126,168,1.3333333333333333,0.048256356901144035,648,Let's hope this works better than it did with that rabbit last week.
1867,720,13,32,129,174,1.3333333333333333,0.04634923408702686,648,"Trust me, people loved this trick when Banksy did it."
1472,720,12,27,114,153,1.3333333333333333,0.049939764198077816,648,It's a lot neater than my rabbit-thru-the-shredder trick.
1371,720,11,33,121,165,1.3333333333333333,0.046562019717971886,648,Hocus Pocus! Here come chats between Putin and POTUS!
1366,720,11,31,117,159,1.3333333333333333,0.047772337349142,648,"This is a little trick I call 'Contract, what contract?'"
3161,720,11,36,127,174,1.3333333333333333,0.044892872088377854,648,"For my next trick, I will make years of tax fraud - disappear!"
3669,720,9,35,115,159,1.3333333333333333,0.04607573356985444,648,"Merlin, working for the FBI, pulls intact documents from the paper shredder."
102,720,10,30,110,150,1.3333333333333333,0.04884955369648744,648,"After the unfortunate incident with the rabbit, they decided to tone down their act."
2603,720,11,31,117,159,1.3333333333333333,0.047772337349142,648,Now watch closely as I make 2016-18 disappear...
3107,720,14,30,130,174,1.3333333333333333,0.047060517087143136,648,"Trust me Carol, no one will miss your ""Chicken and Mushroom Soup Casserole...."""
792,720,12,27,114,153,1.3333333333333333,0.049939764198077816,648,"And, zip-zap, I make the Constitution disappear."
57,720,12,31,122,165,1.3333333333333333,0.04734903916896513,648,"and the name of this dandy device is the 'special counsel'"""
2160,720,10,41,132,183,1.3333333333333333,0.042678959977632,648,Is it our Pre-Nup or is it Magic?
2546,720,16,35,150,201,1.3333333333333333,0.04367071114154914,648,"......"" and with a wave of Mario's magic wand .....the President's Christmas Tweet : is transported to its appropriate place in history""."
116,720,11,31,117,159,1.3333333333333333,0.047772337349142,648,"The real magic comes from being able to let go, Sharon."
1027,741,13,38,142,193,1.3316062176165804,0.04308171498983436,648,"Presto chango! And for my next trick, I'll need an unscrupulous CPA from the audience."
3406,742,10,38,127,175,1.3314285714285714,0.04393499559204485,648,"Was it Shred it and then make a Copy, or...?"
185,743,15,27,130,172,1.3313953488372092,0.048122108100697156,648,Sigh! I miss the Rabbit-and-Guillotine times !!!
236,743,16,25,131,172,1.3313953488372092,0.04882352654263654,648,If it brings you no joy....
3215,743,14,29,129,172,1.3313953488372092,0.0474103135620387,648,I will now assemby an IKEA Valhomla Kitchen Island with 48 separate parts
3229,743,12,33,127,172,1.3313953488372092,0.045953660572821915,648,"Great, but how do we get this thing up your sleeve?"
2610,747,15,26,128,169,1.331360946745562,0.04873859223161227,648,Now these interpreter's notes from Trump's meeting with Putin will magically reappear!
710,747,12,32,125,169,1.331360946745562,0.04652013798684736,648,"I, the Great Shreddini, will now make the President's tax returns disappear."
361,749,11,33,122,166,1.3313253012048192,0.046324217533713456,648,"So, now we know that this is much easier with paper than with a rabbit."
429,749,12,31,123,166,1.3313253012048192,0.04710575846155743,648,Nothing up my sleeve...anymore.
4232,751,11,32,120,163,1.3312883435582823,0.04691111256737629,648,And now... a preview of 2020.
213,752,11,31,118,160,1.33125,0.04751851261224938,648,"And abracadabra, the subpoena disappears!"
1404,752,11,31,118,160,1.33125,0.04751851261224938,648,"Voila! 
With my patented Reverse-Shredder, government documents
are put back into one piece making more sense than the originals!"
109,752,10,33,117,160,1.33125,0.04668396607700813,648,A magician never reveals his secrets – or his tax returns.
1032,755,9,33,112,154,1.3311688311688312,0.04702795395330427,648,"And as you can see, the collusion disappears."
1911,755,10,31,113,154,1.3311688311688312,0.04792192494941873,648,Annnnnd abracadabra.... I am NOT the father!
2445,755,8,35,111,154,1.3311688311688312,0.0461166565918486,648,My first trick involves my marriage license.
214,758,8,33,107,148,1.3310810810810811,0.047349798822879444,648,Watch as I make shredding this document appear to be obstruction of justice.
3520,759,13,37,141,191,1.3298429319371727,0.04335728110033291,648,"My most popular illusion, collusion disappears."
364,760,13,36,139,188,1.3297872340425532,0.04383522175777939,648,The real magic is that I was able to change careers so late in life.
1311,761,15,29,135,179,1.329608938547486,0.046722023506725406,648,This trick does work better without the rabbit.
1493,761,14,31,134,179,1.329608938547486,0.04604537742189899,648,Abra Subpoena!
306,763,10,38,128,176,1.3295454545454546,0.043725220677071026,648,"Nothing up my sleeves, or in this background check."
796,764,13,31,129,173,1.329479768786127,0.046456523066133903,648,"Is it a ballot box, a toaster, or a shredder? The voters will never know!"
2989,764,11,35,127,173,1.329479768786127,0.044986463132178474,648,The trick is to feed just one sheet at a time.
325,766,13,30,127,170,1.3294117647058823,0.04703271116809514,648,Voila! The Mueller Report!
245,766,11,34,125,170,1.3294117647058823,0.04552854743205527,648,I will now turn this solid piece of paper into confetti.
3844,766,13,30,127,170,1.3294117647058823,0.04703271116809514,648,"Abracadabra! And like that, we’ve made America great again!"
2433,769,12,31,124,167,1.3293413173652695,0.046864852404693666,648,"And for my next trick, I will make the Emoluments Clause disappear!"
1929,769,15,25,127,167,1.3293413173652695,0.04911974136324298,648,Now I’m going to ask Congress to join me onstage as we insert the proposal to end the Government Shutdown.
217,769,13,29,125,167,1.3293413173652695,0.04762834510883663,648,"With a wave of the wand, it is now, jammed."
2327,772,7,40,117,164,1.329268292682927,0.04334315477794754,648,"I adjusted my act, after the saw-box incident."
3069,772,12,30,122,164,1.329268292682927,0.04746274919914878,648,Abracadabra -- no collusion!
812,772,13,28,123,164,1.329268292682927,0.048244473886949316,648,Ladies and gentleman I present the POTUS tax returns!
2093,772,13,28,123,164,1.329268292682927,0.048244473886949316,648,Now watch democracy disappear
530,776,11,31,119,161,1.329192546583851,0.04726724398238232,648,"And voila, your depressing Honey Do list becomes my celebratory confetti!"
3016,776,10,33,118,161,1.329192546583851,0.04643869724849377,648,"I insert my recent tax return, and out comes a ticket to a country with no extradition treaty to the U.S."
1562,778,7,37,111,155,1.3290322580645162,0.04494532117152985,648,In this trick I transform a banal sketch into a coveted and valuable piece of art. I call it the 'Banksy Illusion'.
3687,779,10,30,112,152,1.3289473684210527,0.04830367135336772,648,"We're testing a Russian voting machine for 2020 with a disappearing paper trail."""
3677,780,10,29,110,149,1.3288590604026846,0.04897179046732671,648,"No, we don’t use Mr. Nibbles for this trick anymore"
1802,781,11,26,109,146,1.3287671232876712,0.050607634250293854,648,And gone is the national debt.
4192,782,11,25,107,143,1.3286713286713288,0.0513543777517943,648,I swear it looked cool when Banksy did it.
4213,783,17,27,142,186,1.3279569892473118,0.04668450181955357,648,Presto!  The First Amendment vanishes.
2010,783,5,51,130,186,1.3279569892473118,0.03849637703636928,648,So far I've only mastered the first part of this trick.
2075,785,16,27,137,180,1.3277777777777777,0.04716056514453629,648,"...And Abracadabra, your Georgia State election ballot is tallied!"
2260,786,12,34,131,177,1.3276836158192091,0.0449684412117038,648,All tha abbra-cadabra's in the world won't prevent this  from jamming!
273,787,13,31,130,174,1.3275862068965518,0.04622755798616428,648,And that is how you turn contracts into kitty litter
1314,787,10,37,127,174,1.3275862068965518,0.04401891426646442,648,"Boy, do I miss that rabbit!"
2716,787,12,33,129,174,1.3275862068965518,0.04550325646927813,648,I told President Trump I was a magician with Tax Returns so now I'm handling all his filing.
3670,790,13,30,128,171,1.327485380116959,0.04679652384980678,648,"For my next trick, I will make Democrat ballots disappear."
4083,791,9,37,122,168,1.3273809523809523,0.044273613175394785,648,"Ladies and Gentlemen, watch your vote disappear before your very eyes!"
2216,791,11,33,124,168,1.3273809523809523,0.045855477562270736,648,"And as quickly as they appeared, Trump's tax returns shall now disappear from your very eyes, fulfilling yet another campaign promise!"
563,791,13,29,126,168,1.3273809523809523,0.04738456311208682,648,And now I’ll make Banksy’s payment disappear.
160,791,14,27,127,168,1.3273809523809523,0.04813089258213534,648,“There - no shreds of evidence that I ever contacted any Russians.”
1105,795,13,26,120,159,1.3270440251572326,0.049273728033651,648,And Prestoroonie!  I pull a completely intact Florida Republican registered vote out of a paper shredder!
863,795,14,24,121,159,1.3270440251572326,0.05007506136026408,648,"And now, a trick I learned at the Justice Department. Watch in amazement as I pull a Trump-Putin conversation transcript from the shredder unscathed!"
3462,797,9,33,114,156,1.3269230769230769,0.046519437081083706,648,"Bear with me, if you've seen this before--how the Bill of Rights can be made to completely disappear."
2040,797,17,34,157,208,1.3269230769230769,0.043042834364662656,648,"Next, I am going to shred my wife’s meatloaf recipe (her only copy)."
685,797,11,29,116,156,1.3269230769230769,0.04826472830358097,648,‘“Next we add some bedding to make the rabbit nice and comfortable.”
2170,800,13,24,116,153,1.326797385620915,0.05064943334326898,648,"No collusion illusion!
Presto, Shredo!"
3665,801,10,29,111,150,1.3266666666666667,0.048693596790356376,648,"And now, a re-enactment of everyone’s favorite disappearing act from 2016–the ballot!"
769,801,8,33,109,150,1.3266666666666667,0.04681981899960586,648,And that's the famous Bernie Madoff trick
1044,803,12,24,111,147,1.3265306122448979,0.05122965200028864,648,"If this works, we'll try it with the rabbit."
2210,804,16,30,144,190,1.3263157894736841,0.0453239280419341,648,The ballot disappears into this toaster and voila! Donald Trump wins the Presidency.
2993,805,11,39,137,187,1.3262032085561497,0.04259346043167783,648,"And now my lovely assistant will shred this paternity test."""
474,806,11,37,133,181,1.3259668508287292,0.043541769493690194,648,And presto...no more subpoena.
388,807,8,28,99,135,1.325925925925926,0.05023948135648348,648,"Ok...let's try this agin: ""Alakazam! you will not jam!"""
2343,808,18,22,138,178,1.3258426966292134,0.048823238463763935,648,Watch how deftly I shred ballots cast by likely Democratic voters.
1769,808,13,32,133,178,1.3258426966292134,0.045456668968870746,648,'Marie said it's the life-changing magic of tidying up.'
1368,808,11,36,131,178,1.3258426966292134,0.04403803821252568,648,"Meet the Great Obstructio, new Attorney General."
2317,808,11,36,131,178,1.3258426966292134,0.04403803821252568,648,"And, Presto, transcripts of all the Trump-Putin meetings!"
1255,812,15,27,133,175,1.3257142857142856,0.04740708160546947,648,Banksy made this look so easy
2392,812,14,29,132,175,1.3257142857142856,0.04670920617347133,648,For my next trick I need a volunteer from the audience who's an attorney.
3429,814,15,25,129,169,1.3254437869822486,0.04861442818093191,648,And for my next trick: Collusion Confetti.
4169,814,11,33,125,169,1.3254437869822486,0.045624479337524976,648,In goes the legislation and out will come a balanced budget.
2849,816,12,30,124,166,1.3253012048192772,0.046972502866549234,648,How your mail ballot goes into the void never to be counted.
294,816,10,34,122,166,1.3253012048192772,0.045391379416056615,648,"To think, I use to have to saw up voter districts and reassemble them into fanciful shapes."
1644,816,8,38,120,166,1.3253012048192772,0.04375315560090313,648,"For my next trick, I will make the office paper shredder work."
2281,819,13,27,123,163,1.3251533742331287,0.048364476550965936,648,The IRS didn't believe my magic deductions.
221,819,12,29,122,163,1.3251533742331287,0.04757501686820514,648,A magician never reveals his receipts.
1115,821,7,38,115,160,1.325,0.04393212317360591,648,"And I shall magically make the President's tax returns reappear. Oops. Oh, darn."
518,822,13,37,144,194,1.324742268041237,0.04278548407328524,648,"Heidi, would you please come up to verify that this is the document you shredded."
3855,823,9,32,113,154,1.3246753246753247,0.04687240189613191,648,Now watch closely as I make the prosecution's case disappear before your very eyes!
2058,824,13,23,115,151,1.3245033112582782,0.0510807427970181,648,Let's start with paper. But wait 'til you see how fast this sucker makes a rabbit disappear!
2975,824,10,29,112,151,1.3245033112582782,0.04841840169236755,648,Maybe we need to plug it in?!
3072,826,10,28,110,148,1.3243243243243243,0.049091972001957924,648,"And presto, my Democratic vote is now in Florida's hands."
801,827,8,43,131,182,1.3241758241758241,0.04118399270031298,648,A magician never reveals his tax return secrets
2257,827,11,37,134,182,1.3241758241758241,0.043338891984275485,648,The real magic will be getting this damn thing unjammed.
3046,827,12,35,135,182,1.3241758241758241,0.0440337634812173,648,"There ..... now, watch closely as the ballots change from blue to red right before your eyes."
2584,827,12,35,135,182,1.3241758241758241,0.0440337634812173,648,"Now you see proof of tax evasion, now you don't."
2854,831,6,34,102,142,1.323943661971831,0.04639570841715111,648,"Watch your hands!  I'm a magician, not a miracle worker."
3294,832,13,31,132,176,1.3238636363636365,0.045776054509643956,648,...and it’s stuck
820,832,16,25,135,176,1.3238636363636365,0.04785658116994035,648,"Now, by the power of electricity..."
1670,834,11,23,105,139,1.3237410071942446,0.052281716589006745,648,You’re right—much smoother than the rabbit.
3769,835,8,40,125,173,1.323699421965318,0.042549810435835014,648,My latest trick is called 'the disappearing ballot.'
2518,835,12,32,129,173,1.323699421965318,0.04559977750634591,648,I now pronounce us ex-husband and ex-wife.
3317,837,12,31,127,170,1.3235294117647058,0.04615606418235279,648,"If I can perform this trick on Fox News, I might get a job with the WhiteHouse."
2978,838,13,28,126,167,1.3233532934131738,0.04749664311578435,648,"And now, ladies & gentlemen, watch as I magically un-shred  Trumps tax returns!"
2177,838,8,38,121,167,1.3233532934131738,0.043533972628334555,648,And... voilà! The incriminating evidence is now eco-friendly compost!
2225,838,12,30,125,167,1.3233532934131738,0.046730998709373466,648,Hold it steady kellyanne!
323,838,12,30,125,167,1.3233532934131738,0.046730998709373466,648,"I will feed the Trump-Putin meeting notes into the shredder, and Presto!  There is no collusion!"
627,842,8,36,117,161,1.3229813664596273,0.04458442030064125,648,You're right. This is much less messy than rabbits.
1629,842,11,30,120,161,1.3229813664596273,0.04712419535867553,648,"The handbook recommends starting with this, before I try sawing you in half."""
855,844,9,33,116,158,1.3227848101265822,0.04602123762796011,648,"And now, I will magically make the President's Russian interpreter's meeting notes disappear"
1270,844,7,37,114,158,1.3227848101265822,0.0442346357805993,648,This is a special trick ordered from the 45th President of the United States; I am to make these tax returns disappear.
3048,846,11,28,116,155,1.3225806451612903,0.048380114005303135,648,With one wave of this wand the remaining evidence of my 4 years at Princeton will disappear - and with it the hopes and dreams of my parents.
2226,846,14,32,140,186,1.3225806451612903,0.04466451562949491,648,Now I am magically extracting Donald Trumps tax returns from the shredder!
404,848,12,25,115,152,1.3223684210526316,0.04992323637165031,648,I will now make your caption entry magically disappear!
3382,848,10,29,113,152,1.3223684210526316,0.048146160577332814,648,And now my assistant will reassemble the document.
2377,848,7,35,110,152,1.3223684210526316,0.04535016704617843,648,"For my next trick, I'll need a copy machine."
3858,851,12,34,134,180,1.3222222222222222,0.04432790431436514,648,Now you see collusion and now you don’t!
1085,852,11,35,131,177,1.3220338983050848,0.04412159412288499,648,"All is well, have no fear, watch the transcript disappear..."
1722,853,12,32,130,174,1.3218390804597702,0.045375104658000494,648,"And now, as I shred my notes from the President's last meeting with Premier Putin, Robert Mueller will suddenly appear."
3929,854,13,20,110,143,1.3216783216783217,0.05307578695579476,648,"And with that, your taxes are gone!"
1809,855,12,31,128,171,1.3216374269005848,0.04592434121403556,648,"And PRESTO, your credit score has disappeared. For my next trick, I will saw your 401k in half."
2604,855,9,37,125,171,1.3216374269005848,0.04361933937062729,648,"In tribute to Banksy, we shall turn an ordinary page into a masterpiece!"
2013,855,13,29,129,171,1.3216374269005848,0.04666738224442816,648,Watch me pull the  president's tax returns out of my shredder.
3654,855,10,35,126,171,1.3216374269005848,0.04440097089855535,648,And the next thing to disappear...our motel receipt from last night.
3212,855,15,25,131,171,1.3216374269005848,0.04811905511080174,648,Annnnddd Presto! No collusion!
4171,860,8,36,118,162,1.3209876543209877,0.044353185282216816,648,Here’s a little trick I learned from Oliver North.
2785,860,7,38,117,162,1.3209876543209877,0.04348015419219587,648,Ladies and Gentlemen I will now make this warrant for my arrest disappear.
1536,862,9,42,136,187,1.320855614973262,0.041098097554625554,648,There's a shred of truth to my magic tricks.
3503,863,12,27,120,159,1.320754716981132,0.04831427474293785,648,"And voila! The new Vote-o-matic voting machine, brought to you by The Trump Organization, securely records your ballot!"
3174,863,9,33,117,159,1.320754716981132,0.045775917863392517,648,"Through the magic of voter suppression, here's how your ballot is counted."
4214,863,11,29,119,159,1.320754716981132,0.047483235441954395,648,"And now, to prove there has been absolutely no collusion, my assistant and translator Natasha will completely shred all her notes."
172,866,9,31,113,153,1.3202614379084967,0.04697011284630677,648,"After last week's incident, we'll only be separating inanimate objects from now on."
243,867,14,29,135,178,1.3202247191011236,0.046027762388937264,648,And that is how you un-shred it.
2263,867,8,41,129,178,1.3202247191011236,0.04168543004599562,648,"Presto-Chang-o, Redact-o Fact-o!"
271,869,14,27,131,172,1.319767441860465,0.047159485701014574,648,"Watch now, see democracy vanish right before your very eyes."
4189,869,10,35,127,172,1.319767441860465,0.044181662118652695,648,abracadabra watch Trump's interpreters notes disappear!
1792,869,9,37,126,172,1.319767441860465,0.04340529704497411,648,Watch me make this critic's review disappear!
1414,869,12,31,129,172,1.319767441860465,0.04569483755935121,648,"And so, with a wave of my wand, I pull the interpreter's notes out of the shredder!"
1448,873,11,32,126,169,1.319526627218935,0.04548723502977865,648,"And just like that, your adolescent poetry disappears."
2548,873,12,30,127,169,1.319526627218935,0.04625506381780278,648,"Ladies and gentlemen, don’t be alarmed. Through my amazing magical powers, I will defy all natural laws and attempt to restore the constitution to its original condition!"
1062,875,14,18,112,144,1.3194444444444444,0.05366590092130745,648,"And now, these translator notes will disappear before your very eyes."
3857,876,19,23,149,191,1.3193717277486912,0.04681016010073132,648,"For my next trick, I will make it disappear like an African-American's vote in Georgia."
3202,877,12,28,123,163,1.3190184049079754,0.04743318406847935,648,Now! Watch closely as my lovely assistant Lucinda aids and abets as I make this damaging piece of evidence disappear!
798,877,10,32,121,163,1.3190184049079754,0.04580858245783624,648,Abracadabra. I am going to shred this junk mail and it is going to magically reappear in your mailbox tomorrow morning.
2853,877,5,42,116,163,1.3190184049079754,0.04146956012066838,648,"And in what sadly will be her last show as his assistant, Alakazam proves to Marie that her contract was just an illusion."
1291,880,9,40,133,182,1.3186813186813187,0.041785074571418064,648,Not everything is magic!
625,881,8,34,115,157,1.3184713375796178,0.045217293942080586,648,"And, poof!  No proof of collusion!"
3702,881,11,28,118,157,1.3184713375796178,0.04784957286568857,648,"At the count of three, this shredded secret government document will magically reappear...in Russia!"
55,883,14,36,151,201,1.318407960199005,0.04220946657255801,648,"This is the copy machine, right dear!"
1219,884,12,25,117,154,1.3181818181818181,0.04936103518769198,648,"And,with a swish of my wand,l will show you how we count our ballots."
442,884,11,27,116,154,1.3181818181818181,0.04849360119620888,648,I will now perform some legal magic.
755,884,10,29,115,154,1.3181818181818181,0.04761036566918319,648,This trick has never before been performed in public.
1639,887,10,35,128,173,1.3179190751445087,0.04396440640277733,648,"They say it can't be done!  But watch as I, Steve the Magnificent, escape from Jury Duty!"
3915,887,14,27,132,173,1.3179190751445087,0.04692251454101031,648,"And now, ladies and gentlemen...for my final trick...the Constitution!"
3630,889,9,36,125,170,1.3176470588235294,0.04369269757311607,648,And for my next trick - I will make these Florida ballots disappear!
1300,890,12,23,113,148,1.3175675675675675,0.05076828578844874,648,"For the act, is it ok if I call you ""Melania""?"
3100,890,10,27,111,148,1.3175675675675675,0.04892403821418605,648,And now watch as I instantly get a job with the administration.
2961,890,11,25,112,148,1.3175675675675675,0.04985469063729482,648,"..and now, for the last of my dignity."
3992,893,12,29,126,167,1.3173652694610778,0.04659212470628737,648,Now watch carefully as I make these grounds for federal indictment disappear!
3263,893,13,27,127,167,1.3173652694610778,0.04736001426877904,648,"When gerrymandering doesn’t work, this is how Republicans deal with minority voters."
1194,895,15,22,127,164,1.3170731707317074,0.04950457650047787,648,"Abracadabra, no more collusion."
1334,895,14,24,126,164,1.3170731707317074,0.0487430651006318,648,"I, The Great Trumpino, will make the constitution disappear!"
2801,895,11,30,123,164,1.3170731707317074,0.046383577892856874,648,"Siegfried and Roy, I thought you said shred and destroy"
3999,898,10,31,120,161,1.3167701863354038,0.04614179490094294,648,Unfortunately we lost fluffy in the original version of this trick.
2761,899,13,31,136,180,1.3166666666666667,0.04489798077686624,648,"Presto, change-o! Conversations with Putin disappear!"
3166,899,12,33,135,180,1.3166666666666667,0.04420130576588278,648,Wanksy Tanksy gonna make a Banksy
3958,901,11,28,119,158,1.3164556962025316,0.04758846906261719,648,Shred softly and carry a big stick. (Said Trump about the dossier.)
3729,901,8,34,116,158,1.3164556962025316,0.04497538685184743,648,Now I will demonstrate how politicians make things disappear.”
1321,901,11,28,119,158,1.3164556962025316,0.04758846906261719,648,The real trick is keeping everyone's mouth shut.
1721,901,9,32,117,158,1.3164556962025316,0.04586295975574165,648,"You know Linda, sometimes abracadbra isn't enough"
1361,901,9,32,117,158,1.3164556962025316,0.04586295975574165,648,"What you saw, didn’t happen. 
What you heard, was never said. 
What he wrote, is misspelled.”"
3506,901,9,32,117,158,1.3164556962025316,0.04586295975574165,648,"Combining business with pleasure is the real magic, Miss Jones."
2501,907,7,42,128,177,1.3163841807909604,0.04096709295649913,648,"And where it goes, no one knows"
3208,908,5,39,111,155,1.3161290322580645,0.04269398785603557,648,"For my next trick, I''m going to make it reappear in a copy machine."
2661,909,7,40,124,171,1.3157894736842106,0.04186377256149506,648,Wait till you see my disappearing rabbit trick.
355,909,12,24,116,152,1.3157894736842106,0.0497650918129974,648,This is much harder on the rabbit
2118,909,13,22,117,152,1.3157894736842106,0.05063302024269081,648,Now you see these Tax Returns! Now you....
2220,909,13,28,130,171,1.3157894736842106,0.04653355940294065,648,And now watch my Russian translator notes disappear!
3026,913,11,31,126,168,1.3154761904761905,0.04557702861040093,648,"And, abracadabra ... no collusion."
2415,913,12,29,127,168,1.3154761904761905,0.046352470661044774,648,Don’t try this one with the rabbit
26,913,11,31,126,168,1.3154761904761905,0.04557702861040093,648,"I am now going to make the restraining order filed by my lovely assistant, disappear."
1239,916,12,23,114,149,1.3154362416107384,0.05047142920669198,648,"And now, we're going to make those allegations against me magically disappear!"
4196,916,10,27,112,149,1.3154362416107384,0.048641296477702066,648,"Well, apparently it's magic for Sotheby's."
3,918,7,38,120,165,1.3151515151515152,0.04281835730789982,648,There goes the President's Tax Return for yet another year!
3862,919,10,26,110,146,1.3150684931506849,0.049325564410794956,648,You say there will be a shred of evidence?
713,919,7,32,107,146,1.3150684931506849,0.04636368590367681,648,"And now, for a trick the IRS hates..."
162,921,11,35,135,181,1.3149171270718232,0.043287879460564116,648,"And just like that, the truth disappears!"
683,921,10,37,134,181,1.3149171270718232,0.04257291573274369,648,"If they ask, tell them I thought it was a postage machine."
312,923,11,29,122,162,1.3148148148148149,0.04672563744409847,648,"This is a trick I learned during my time spent in Broward County, Florida."
3725,924,9,27,107,143,1.3146853146853146,0.049042421510479925,648,Voila! Notes from a Russian interpreter.
2137,925,13,30,135,178,1.3146067415730338,0.04520491670300089,648,"There, that should take care of the pesky Putin / Trump Interpreter notes."
3892,925,11,34,133,178,1.3146067415730338,0.043778128671605236,648,This is called my disappearing votes trick!
2104,927,12,26,121,159,1.3144654088050314,0.04816377070169956,648,"And with one swish of my wand, our democracy disappears!"
3768,927,7,36,116,159,1.3144654088050314,0.04383709991212755,648,"His assistant thought that he didn't have a shred of decency. 
He did, it was just paper thin."
2382,929,10,35,130,175,1.3142857142857143,0.04353594883761751,648,"And for my final trick, you’ve been served."
3170,929,11,33,131,175,1.3142857142857143,0.04428386033515415,648,Voila! A hanging chad.
537,931,11,27,118,156,1.314102564102564,0.04795614827227325,648,"And now, for my next trick, my assistant's toaster will translate your ballot into Russian"
4199,932,16,22,134,172,1.313953488372093,0.04845165234383569,648,"I swear, Hilda, this will kill on the corporate circuit."
4137,932,11,32,129,172,1.313953488372093,0.04480586272828767,648,"Watch now as my tax returns vanish, only to reappear in congressional testimony months later."
2038,934,7,34,112,153,1.3137254901960784,0.04492721269564549,648,The real trick is putting it back together.
3090,934,9,30,114,153,1.3137254901960784,0.04680227627595454,648,Russian Translation by day. The Great Shreddini by night!
2590,934,7,34,112,153,1.3137254901960784,0.04492721269564549,648,Yes honey. It's a scanner.
2432,934,9,30,114,153,1.3137254901960784,0.04680227627595454,648,And now for my version of Shredded Tweet..
91,934,10,28,115,153,1.3137254901960784,0.04771218268551839,648,Watch closely: The paper...will...not...jam.
3392,939,8,37,124,169,1.3136094674556213,0.0429516010560586,648,I learnt my craft working on the 2016 Election campaign.
281,940,8,26,100,134,1.3134328358208955,0.05015732229580909,648,And out comes a bunny.
2134,941,6,40,120,166,1.3132530120481927,0.041736164037804266,648,It's as if this conversation never happened.
2896,941,8,36,122,166,1.3132530120481927,0.043450501594873146,648,"I can assure you, that despite what you may think that you see, no evidence is really harmed or destroyed in this trick."
2998,941,9,34,123,166,1.3132530120481927,0.04428278942178166,648,I believe this is the last transcript of the Helsinki meeting.
3717,941,9,34,123,166,1.3132530120481927,0.04428278942178166,648,"And for my last trick, I'm going to show you how to make your debt disappear."
2030,941,13,26,127,166,1.3132530120481927,0.04746622841015487,648,"For my next trick, I’ll fix Theresa May’s brexit plan."
1447,941,12,28,126,166,1.3132530120481927,0.046690721662416064,648,"We'll just put your vote in the magic toaster, and voila,
the opponent wins"
1899,947,11,35,136,182,1.3131868131868132,0.043084136760492345,648,"It would be a great trick, if my vote actually counted"
2776,948,10,31,122,163,1.312883435582822,0.045656174641146144,648,Alakajam!
2783,948,12,27,124,163,1.312883435582822,0.04728601280442979,648,"Before I saw you in half, watch the theater's liability waiver disappear."
582,948,12,27,124,163,1.312883435582822,0.04728601280442979,648,Subpoenashreddis!
1677,951,15,26,138,179,1.312849162011173,0.0463603575086801,648,And...Presto! The G.O.P. sweeps the Birmingham elections.
9,952,9,32,119,160,1.3125,0.04537362365152733,648,Observe how quickly a Russian business contract can disappear!
2285,953,12,35,142,189,1.312169312169312,0.042633005874056405,648,...and I've been magically un-served!
3442,954,9,36,128,173,1.3121387283236994,0.043049078629008634,648,"Ladies and Gentlemen, right before your eyes I will make this subpoena disappear."
423,955,10,29,118,157,1.3121019108280254,0.046827756063384525,648,And now your harassment allegation just goes right in here...
1534,955,12,25,120,157,1.3121019108280254,0.04854026547710736,648,"I never thought I'd say it, but you're right: this trick really is much better without the rabbits."
1076,955,9,31,117,157,1.3121019108280254,0.04594757252133935,648,"Ladies and Gentlemen, I will now make all the evidence disappear"
3343,958,12,29,129,170,1.311764705882353,0.045880210932891505,648,"And now I shall make a rabbit appear out of a shredder."""
2697,958,12,29,129,170,1.311764705882353,0.045880210932891505,648,Now watch very carefully as I attempt to restore this prenuptial agreement.
3865,960,12,24,118,154,1.3116883116883118,0.04920165680093084,648,"And, for my next trick, I will show the Justice Department how to make the Mueller Report disappear."
225,961,7,43,133,183,1.3114754098360655,0.03998359630296466,648,"Don’t worry, this isn’t how the rabbit disappeared."
3453,962,11,30,126,167,1.311377245508982,0.0456649653107643,648,The magic is that it ends up making more sense than it did going in.
2903,962,11,30,126,167,1.311377245508982,0.0456649653107643,648,"I will now make this ballot and 60,000 others disappear before your eyes!"
1215,962,13,26,128,167,1.311377245508982,0.04721841579954529,648,"For my next trick, I will make all evidence of the President's collusion with Russia disappear."
393,962,11,30,126,167,1.311377245508982,0.0456649653107643,648,"I place the only copy of my mother-in-law's meatloaf recipe in this magic device,and presto it disappears!"
732,966,11,25,115,151,1.3112582781456954,0.04899468860124077,648,Presto change!  Presidential Collusion is now... Russian adoption!
1791,967,8,35,121,164,1.3109756097560976,0.04373867990289973,648,Presto magic... what constitution?
3463,967,9,33,122,164,1.3109756097560976,0.04458574681145939,648,"Don't worry Susan, I'll make your contract reappear with a only a few minor changes."
3455,967,11,29,124,164,1.3109756097560976,0.04623334529222424,648,"And if everything works out, we'll have a brand new budget on the other end."
930,967,11,29,124,164,1.3109756097560976,0.04623334529222424,648,"And for my next trick, watch the transcript of Trump's Putin meetings disappear​!"
2509,971,11,33,133,177,1.310734463276836,0.04385360083689272,648,"And now ladies and gentlemen, watch as your vote disappears before your very eyes!"
230,972,9,32,120,161,1.31055900621118,0.04513267608592535,648,And for my next trick: The Trump/Putin Meeting Notes Disappearance Act
3155,972,11,28,122,161,1.31055900621118,0.04682134079437119,648,"Not a rabbit this time. Happy, PETA?"
1221,974,16,21,134,171,1.3099415204678362,0.04856846454971633,648,My next trick is President Trump's favorite. I will now make the Mueller Report disappear!
1060,974,8,37,126,171,1.3099415204678362,0.04252646413566294,648,This next trick I learned from G. Gordon Liddy the Great.
764,974,16,21,134,171,1.3099415204678362,0.04856846454971633,648,I am now shredding the insurance policy for my assistant Carol in case of accidental disappearance of disembodiment.
3710,974,10,33,128,171,1.3099415204678362,0.04411461267075381,648,There goes the Constitution folks!
3882,978,10,28,117,155,1.3096774193548386,0.04718088798079555,648,Undo!
522,978,8,32,115,155,1.3096774193548386,0.04537027473504684,648,"Watch carefully, as banking fraud disappears right before your very eyes!"
3921,978,10,28,117,155,1.3096774193548386,0.04718088798079555,648,"And for my next trick, I'll make this non-disclosure agreement disappear."
1664,978,10,28,117,155,1.3096774193548386,0.04718088798079555,648,"And, presto, MANY shreds of evidence !"
3994,982,8,36,124,168,1.3095238095238095,0.04301210775782905,648,"And now we insert your ballot, to create a paper trail"
2627,982,9,34,125,168,1.3095238095238095,0.0438329489448384,648,"In honor of the shutdown, I'll only recover two thirds of this page."
1511,982,11,30,127,168,1.3095238095238095,0.04543015971863003,648,The Magic Voting Machine
918,985,11,25,116,152,1.3092105263157894,0.04871434636699961,648,I still haven't figured out how to make it re-appear.
1606,986,12,27,126,165,1.309090909090909,0.04678754944758079,648,"Now, you've all seen the shell game trick, but have you seen the shell company trick?"
629,986,12,27,126,165,1.309090909090909,0.04678754944758079,648,"Abracadabra is passé, we now just say, Banksy."
3955,986,10,31,124,165,1.309090909090909,0.045180251474455466,648,"""Now, might anyone in the audience have their own subpoena they'd like me to make disappear?"""
1558,989,11,20,105,136,1.3088235294117647,0.05271982289183555,648,And now to make democracy disappear...
2349,990,10,30,122,162,1.308641975308642,0.045740212713391765,648,Votes for democracy in here please.
956,991,6,42,127,175,1.3085714285714285,0.04025254547617768,648,I will now insert this magic paper and it will come out in shreds.
1209,991,8,38,129,175,1.3085714285714285,0.041852482689744126,648,"With the help of my able assistant,Sarah Huckabee Sanders, I will make the results of the mid-term elections disappear!"
1342,991,13,28,134,175,1.3085714285714285,0.045607428476666836,648,The real trick is unjamming this piece of paper.
3505,994,9,31,119,159,1.3081761006289307,0.045452098780404,648,And here’s how we make a ballot DISAPPEAR…
1344,994,13,23,123,159,1.3081761006289307,0.048829696570259734,648,These notes from President Trump's meeting with Mr. Putin must be shredded before he eats them
4,994,4,41,114,159,1.3081761006289307,0.04083914548620678,648,"For my next trick, I shall require some Scotch tape.  It could take a while."
1731,997,11,31,130,172,1.308139534883721,0.04466225028373215,648,All is illusion--I shred the paper without jamming the shredder!
1971,997,13,27,132,172,1.308139534883721,0.046159674093470764,648,And now watch as Donald Trumps tax records disappear.
2380,997,12,29,131,172,1.308139534883721,0.04541713395196888,648,"If you think this is great, just wait and see what is does to a boiled chicken and a head of iceberg lettuce."
744,997,10,33,129,172,1.308139534883721,0.04389438625157414,648,Viola! It renders intelligible English from hocus-pocus Potus gibberish.
324,997,10,33,129,172,1.308139534883721,0.04389438625157414,648,And presto! Al Gore is no longer president-elect!
169,1002,9,39,137,185,1.308108108108108,0.04107752473938017,648,"Thank you, thank you...for my next trick, I will need the help of a credit card in the audience."
577,1002,13,31,141,185,1.308108108108108,0.04384496168360014,648,And lo!  The Constitution disappears by The Make America Great Trumpinski's command!
75,1004,11,30,128,169,1.3076923076923077,0.04519766549176948,648,Open shredame!
1752,1004,11,30,128,169,1.3076923076923077,0.04519766549176948,648,He doesn’t need me to hold this... but it’s better than getting sawed in half.
925,1006,12,35,145,192,1.3072916666666667,0.042058516843535426,648,Watch as evidence vanishes before your very eyes.
1622,1007,15,25,139,179,1.3072625698324023,0.04623158900940325,648,Here's a trick I learned from Banksy.
2438,1007,15,25,139,179,1.3072625698324023,0.04623158900940325,648,Now watch me make this bill for The Wall disappear!
3532,1007,13,29,137,179,1.3072625698324023,0.04485329893172434,648,This is my last letter from Mom telling me I wouldn’t make it as a magician.
799,1010,9,33,124,166,1.3072289156626506,0.044126062111565154,648,"...and voila, a Banksy...."
1224,1010,15,21,130,166,1.3072289156626506,0.04883877003201871,648,Ladies and Gentlemen behold the Bill of Rights
2586,1010,12,27,127,166,1.3072289156626506,0.04654210360369476,648,The new Vote-O-Matic magically turns one vote into one hundred!
911,1010,9,33,124,166,1.3072289156626506,0.044126062111565154,648,"I can put The Constitution back together again, believe me."
2149,1014,8,31,114,153,1.3071895424836601,0.045696315271744704,648,This trick looked better on paper.
400,1014,7,33,113,153,1.3071895424836601,0.04474543459850608,648,"Behold, my assistant’s disappearing health insurance policy! On a related note, I won’t be sawing her in half anymore."
1392,1014,6,35,112,153,1.3071895424836601,0.04377390324615433,648,A magician never reveals his secrets- to the IRS.
1242,1017,8,27,105,140,1.3071428571428572,0.04850957309175747,648,Let's see what The New Yorker does after I shred the list of the remaining 153 captions that have never been submitted.
3619,1018,11,36,142,189,1.306878306878307,0.04183974797836655,648,Watch now as my assistant's literary ambition disappears!
795,1018,12,34,143,189,1.306878306878307,0.04250707942476255,648,"Abracadabra! And just like that, all evidence of collusion with the Russians disappears!"
1827,1020,11,32,133,176,1.3068181818181819,0.043927263589059,648,And this is how you do disappearing absentee ballots in North Carolina’s 9th district.
3658,1021,8,34,121,163,1.3067484662576687,0.04380183729084483,648,It's a letter from the woman I sawed in two... she's half-hearted about taking me to court.
1446,1021,13,24,126,163,1.3067484662576687,0.04793018631560175,648,Now watch as I make the evidence of collusion disappear!
2856,1023,9,39,138,186,1.3064516129032258,0.04088964815805905,648,"Ladies and gentlemen, it is my sincere pleasure testifying today before Congress..."
2254,1024,5,43,125,173,1.30635838150289,0.03964276465509803,648,You think shredding your documents protect your privacy?  Watch this!
314,1024,12,29,132,173,1.30635838150289,0.045188960326381845,648,The Amazing Disappearing Ballot
959,1026,7,35,118,160,1.30625,0.04343439623995663,648,Thanks for making me come all the way down here to deposit my ballot.
610,1026,15,19,126,160,1.30625,0.05015453712616259,648,"Abracadabra, a pesky House Oversight Committee subpoena is GONE!"
2560,1028,9,38,136,183,1.3060109289617485,0.041319506612230245,648,Try not to act like we do this four times a day.
410,1029,12,28,130,170,1.3058823529411765,0.04573494576830147,648,I will now make your New Yorker cartoon caption entry disappear.
1631,1029,11,30,129,170,1.3058823529411765,0.04496745067440669,648,My favorite trick- any Florida election.
1399,1029,9,34,127,170,1.3058823529411765,0.04339175418909269,648,Abracadabra - there goes your government check!
2848,1032,15,29,149,193,1.305699481865285,0.043761172571053296,648,I swear this is the only way to get the damn thing to work!
3716,1033,10,35,135,180,1.3055555555555556,0.042498929933016086,648,Abracadabra! You never graduated from Trump University.
3138,1033,10,35,135,180,1.3055555555555556,0.042498929933016086,648,And for the final trick... I’ll make these votes disappear!
1012,1033,10,24,110,144,1.3055555555555556,0.049549032500880254,648,The constitution wasn't that good anyway.
2033,1036,12,27,128,167,1.3053892215568863,0.046299133443454946,648,"...and ""presto"" my ballott it counted in Florida!"
457,1036,6,39,122,167,1.3053892215568863,0.04136109955330641,648,"If this goes well, we may be moving on from the box and the saw."
2001,1038,11,36,143,190,1.305263157894737,0.0416502847803091,648,"Now, with a wave of my wand, this work from Christo will increase in value!"
730,1039,8,31,115,154,1.3051948051948052,0.04544241777411226,648,Bills piling up? No problem with the incredible Shred-o-matic!
128,1039,7,33,114,154,1.3051948051948052,0.04449866172519505,648,"The interpreter's notes are being fed into this shredder. Next, I'll pull an indictment out of her ear."
2214,1041,6,31,104,141,1.3049645390070923,0.046064206117580164,648,"Ladies and gentlemen, this is an old trick that I learned from G. Gordon Liddy"
3700,1042,10,30,124,164,1.3048780487804879,0.045258537727211556,648,"A magician may never reveal his trick, but he can certainly shred the evidence."
4190,1042,11,28,125,164,1.3048780487804879,0.04607767286107956,648,Who says shredding evidence can’t be fun?
869,1044,12,22,117,151,1.304635761589404,0.04971741557383698,648,"Ala Ka Zee - Ala Ka Smaxes ,This is why you will never see Trumps Taxes!"
3827,1044,10,26,115,151,1.304635761589404,0.047908464490531356,648,Because of the sawing the lady misfortune I'm back to paper restoring only.
3859,1046,14,25,135,174,1.3045977011494252,0.046417151120188606,648,"And for my next trick, I will make your pension funds disappear. You may remember this classic from our 2007 tour."
1410,1047,10,29,122,161,1.3043478260869565,0.04582192633769696,648,"And Abracadabra, out comes a Banksy!"
1841,1047,15,19,127,161,1.3043478260869565,0.04987832887197908,648,"This isn’t working, do you know how to dance."
3013,1049,12,28,131,171,1.304093567251462,0.04550187758250946,648,One tap of my wand and this document will become a valuable work of art.
4236,1049,12,28,131,171,1.304093567251462,0.04550187758250946,648,And now the collusion
2912,1049,6,40,125,171,1.304093567251462,0.04071393085796626,648,And the House thought I would veto it.
3906,1052,14,27,140,181,1.3038674033149171,0.04510654898954078,648,"Yes, it's true - it is the Social Contract."
130,1053,15,18,125,158,1.3037974683544304,0.05056231472830334,648,And voila! Trump’s translstor’s notes from his meeting with Putin magically reappear!
2940,1054,11,29,128,168,1.3035714285714286,0.045278129000014856,648,Subpoena. subpawna. subpohna.
3070,1054,11,29,128,168,1.3035714285714286,0.045278129000014856,648,"My next impossible feat, Mr. President, is to try to protect you from impeachment the only way I know how ...."
3304,1054,12,27,129,168,1.3035714285714286,0.0460586035955466,648,"For my next trick, I'll turn this shredded copy of the Constitution into a border wall and then run for President."
449,1054,9,33,126,168,1.3035714285714286,0.043675358806569205,648,"And, voila, our marriage is dissolved. For my next trick..."
1892,1054,10,31,127,168,1.3035714285714286,0.04448396302390643,648,This is not part of the act - it's revenge for years of paper cuts.
4074,1059,9,26,110,145,1.303448275862069,0.04826901976688751,648,"And now, ladies and gentlemen, my Rosemary Woods impression."
3062,1060,8,31,116,155,1.303225806451613,0.04519120440834244,648,Behold as the Great and Powerful  Giuliani makes collusion disappear before your very eyes!
3613,1061,8,41,139,188,1.303191489361702,0.039810567022161104,648,Say so long to Hillary's last email.
3900,1062,12,26,127,165,1.303030303030303,0.04663411579168217,648,Now you see the wall proposal. And now you don’t.
779,1062,14,22,129,165,1.303030303030303,0.04819294985458768,648,I will now place my ballot in this Russian shredder and see who gets elected!
658,1064,11,31,133,175,1.302857142857143,0.04399901903241882,648,The real magic comes when we recycle this.
784,1065,5,33,104,142,1.3028169014084507,0.044684977789049216,648,"When I wave this Wand of Privilege, my lovely assistant's allegations against me will disappear! I'll be performing this trick with a new assistant tomorrow."
471,1066,11,24,117,152,1.3026315789473684,0.048540455475045374,648,I place the collusion evidence in the magic shredder and WALLAH!
2249,1066,12,22,118,152,1.3026315789473684,0.04942989169991715,648,"Behold! This is the new ballot box/shredder combo machine. If the voter votes for another dumbass, the ballot will be shredded."
866,1066,7,32,113,152,1.3026315789473684,0.044806498577351,648,And voila! The end of voter fraud!
150,1069,6,37,119,162,1.3024691358024691,0.04207768855708624,648,I call this my Banksy trick.
763,1069,9,31,122,162,1.3024691358024691,0.044727794296295496,648,Lieutenant Colonel Oliver North and Fawn Hall take their magic show on the road.
2733,1069,10,29,123,162,1.3024691358024691,0.045576932967382196,648,And now I will...oops! Wrong one.
2602,1072,12,28,132,172,1.302325581395349,0.04527109426905001,648,"For my next trick, tax evasion."
620,1072,15,22,135,172,1.302325581395349,0.047470731449286395,648,And now I will make all evidence of collusion disappear!
1183,1072,10,32,130,172,1.302325581395349,0.04374326307339804,648,"Excuse me, Ms. Snipes, is this the voting box for absentee ballots?"
991,1072,10,32,130,172,1.302325581395349,0.04374326307339804,648,And this is how we feed the rabbit.
1835,1072,9,34,129,172,1.302325581395349,0.0429589758758767,648,Watch me make this Mueller report disappear!
1313,1072,9,34,129,172,1.302325581395349,0.0429589758758767,648,And now I place this secret document into the Paul Manafort Signature Model Shredder ...
84,1078,9,27,113,149,1.3020134228187918,0.04733482550189134,648,"Now, Ladies and Gentlemen, let's watch Ms. Giggle's contract disappear as we find out she shared all my tricks on the internet."
72,1078,13,19,117,149,1.3020134228187918,0.051023177003821724,648,"And just like that, the minority vote DISAPPEARS!"
2081,1080,9,30,120,159,1.3018867924528301,0.04528102853678637,648,The rabbit made an awful mess.
3781,1080,10,28,121,159,1.3018867924528301,0.04615173930903655,648,Not what I expected when you promised to make my debt disappear.
825,1080,10,28,121,159,1.3018867924528301,0.04615173930903655,648,"And for my next trick,one that actually works."
3196,1080,7,34,118,159,1.3018867924528301,0.04348733785309519,648,"So now you're thinking, No Congressional committee will ever know the contents of THAT document, right?"
729,1084,9,33,127,169,1.301775147928994,0.04345329894327938,648,"If you think about it, it's still a trick."
2954,1085,11,32,136,179,1.3016759776536313,0.04328976123161862,648,"And then for $1million, I will make Banksy appear!"
241,1085,11,32,136,179,1.3016759776536313,0.04328976123161862,648,"And with one tap of my wand, I will make all Russian collusion disappear!"
1426,1087,10,27,119,156,1.3012820512820513,0.04674683394919841,648,"Abracadabra, Trump's tax returns."""
2970,1087,9,29,118,156,1.3012820512820513,0.04585360943628251,648,"Presto-chango, and...not guilty!"
2005,1089,9,32,125,166,1.3012048192771084,0.04396377372758592,648,"My mother was right, marry a doctor."
3515,1089,8,34,124,166,1.3012048192771084,0.04312532956677074,648,"Do not try this trick at home, unless you also have a shredder."
2588,1091,12,32,142,186,1.3010752688172043,0.042836029883187625,648,":...and this trick I like to call...the Oliver North."""
2948,1091,11,34,141,186,1.3010752688172043,0.042152138941998464,648,Banksey taught me this back when I was an art critic.
1627,1093,9,25,109,143,1.3006993006993006,0.048654672570104425,648,He is such a bad magician he has to use a shredder to make a piece of paper disappear.
950,1094,8,30,115,153,1.3006535947712419,0.04551143393936879,648,Bet thisn’t what you thought I meant by “stripper?”
4108,1094,12,22,119,153,1.3006535947712419,0.04914557830811989,648,"And now, ladies and gentlemen...I will make my heretofore unsubstantiated relationship with Russia disappear. Oh, and my tax records!"
3490,1094,8,30,115,153,1.3006535947712419,0.04551143393936879,648,Behold! The Un-shredder!
3478,1094,13,20,120,153,1.3006535947712419,0.050012870136046474,648,"As you can see ladies and gentlemen, there is no collusion."
2373,1094,10,26,117,153,1.3006535947712419,0.04736337449156824,648,"Next, a little something my accountant calls the ""leave no trace"" trick."
31,1099,10,32,131,173,1.300578034682081,0.04352477349666052,648,"You're right, this works a lot better than a dove."""
3058,1099,15,22,136,173,1.300578034682081,0.04722787930411492,648,"I used to hide the coin behind my ear,but the IRS caught on."
285,1099,10,32,131,173,1.300578034682081,0.04352477349666052,648,Don't try this with a live rabbit.
1262,1099,9,34,130,173,1.300578034682081,0.04274567314723109,648,This ballot will reappear in a very different form!
1133,1103,11,36,146,193,1.3005181347150259,0.041091654587142076,648,And now I shall make this subpoena from Robert Mueller disappear..like magic!
2405,1104,9,27,114,150,1.3,0.047061290894652906,648,For all my past and current assistants claiming abuse and wishing for a mere shred of evidence- wish granted!
995,1104,12,27,131,170,1.3,0.04558472640684806,648,Does he really think hiring magicians is going to make the whole Russia thing disappear?
548,1104,7,37,126,170,1.3,0.04159205525356738,648,And now you will witness my vote magically disappear.
533,1104,9,30,121,160,1.3,0.04503667268784911,648,"And now, my subpoena into confetti trick."
3310,1104,11,20,109,140,1.3,0.05139373034732311,648,"If it's not a rabbit that comes out of the bottom, run like hell."
3525,1104,8,32,120,160,1.3,0.044155243568473224,648,My mother was right. Big wand small hands.
2082,1104,9,30,121,160,1.3,0.04503667268784911,648,"They'll never suspect, if I just make it part of the act!"
1265,1104,11,35,144,190,1.3,0.0415181144684701,648,"And for this trick, I will amend my tax return."
2640,1112,6,44,137,187,1.2994652406417113,0.038378206551176436,648,"Thank you, Miss Jones. This is the perfect cover for obstruction of justice!"
1181,1113,13,27,137,177,1.2994350282485876,0.045016811725377734,648,"Ipso Facto, Shreddo"
344,1114,10,30,127,167,1.2994011976047903,0.04455405539933768,648,And just like that the notes from the Trump Putin meeting disappear
194,1114,12,26,129,167,1.2994011976047903,0.04614491939870187,648,"For my next trick, I will make a shredder not jam."
1159,1114,7,36,124,167,1.2994011976047903,0.04205507403214372,648,And now watch as I magically make this evidence disappear.
4003,1114,11,28,128,167,1.2994011976047903,0.04535646281865432,648,"You haven't been replaced, okay. I'll saw you in half later."
494,1118,7,33,117,157,1.2993630573248407,0.04377365966524655,648,Observe how I make this ballot magically disappear!
2516,1118,10,27,120,157,1.2993630573248407,0.04648775357524984,648,"'Abraconomics!'  I wave my corporate wand, and now there is no pension."
2574,1118,9,29,119,157,1.2993630573248407,0.04560100783036541,648,"And for my next trick, I'll show you the simple art of taking back the district"
1430,1118,3,41,113,157,1.2993630573248407,0.03986848393375906,648,"And on the third tap, this shredded document will mysteriously reappear in the Cayman Islands!"
2330,1122,9,26,112,147,1.2993197278911566,0.04769885613474102,648,I learned this next trick from legendary illusionist Arthur Andersen.
4117,1123,10,29,125,164,1.298780487804878,0.045094442642119315,648,"When I say the magic words, the IRS will have no memory of your tax return."
2932,1123,12,25,127,164,1.298780487804878,0.046724106790583614,648,SEE I FIXED IT
2494,1123,10,29,125,164,1.298780487804878,0.045094442642119315,648,"And, abracadabra, to the special counsel's delight, shredded documents magically reappear."
1545,1123,13,23,128,164,1.298780487804878,0.047517984537068673,648,Even I can't make Trump's words disappear.
781,1123,6,37,121,164,1.298780487804878,0.041644230823181784,648,Presto! I will no longer go to prison for fraud!
2469,1128,8,30,116,154,1.2987012987012987,0.04525706796723126,648,"Gina, trust me. America’s Got Talent will eat this up."
908,1128,8,30,116,154,1.2987012987012987,0.04525706796723126,648,"O' K' Ivanka, tell your dad not to worry about a thing."
2077,1130,9,25,110,144,1.2986111111111112,0.048360715970460114,648,Abra Ca Dabra:  There goes the Mueller report!
2496,1131,12,33,146,191,1.2984293193717278,0.0419914597189799,648,... And the Harassment Clause of my assistant's contract...
3223,1132,10,34,137,181,1.298342541436464,0.04215260022128308,648,For my next trick I'm going to find an assistant who knows how to work a printer.
2051,1132,9,36,136,181,1.298342541436464,0.041418043787826105,648,"""For my next trick... Donna, where are your pants?"""
598,1132,11,32,138,181,1.298342541436464,0.042874573579457884,648,And now I will make this ordinary piece of evidence disappear.
3240,1132,8,38,135,181,1.298342541436464,0.040670222485317764,648,"If  Nixon had done this with his tapes, he'd still be president"
927,1136,13,25,133,171,1.2982456140350878,0.04610358869339477,648,"And now, with a wave of my wand, I will now make a work of art by Banksy."
1394,1136,12,27,132,171,1.2982456140350878,0.045351311346038446,648,It's our new voting system. The outcome is a miracle.
2052,1136,10,31,130,171,1.2982456140350878,0.043808019147143704,648,And then you just shred your dignity like so...
706,1136,12,27,132,171,1.2982456140350878,0.045351311346038446,648,And now the final step in assuring that this can never be traced back to individual # 1!
3289,1136,8,35,128,171,1.2982456140350878,0.04220833617175288,648,Anyone know how to fix a paper jam?
665,1136,8,35,128,171,1.2982456140350878,0.04220833617175288,648,And now--we shall make fraud and misrepresentation litigation disappear.
3250,1142,14,20,127,161,1.2981366459627328,0.04893645303957252,648,Now watch as the IRS makes my debt reappear
2662,1142,11,26,124,161,1.2981366459627328,0.0464957759526164,648,This new voting machine is real sharp.  It even recycles.
455,1142,14,20,127,161,1.2981366459627328,0.04893645303957252,648,Now watch as my Yelp reviews disappear
142,1145,12,18,111,141,1.297872340425532,0.05205472224992758,648,And for my next trick - I make a felony disappear.
2973,1146,7,36,125,168,1.2976190476190477,0.04184196697431553,648,Voilà...presidential tax returns!
4218,1146,11,28,129,168,1.2976190476190477,0.04512088427766636,648,Crank it up a notch. I gotta get rid of this warrant before intermission ends.
35,1146,10,30,128,168,1.2976190476190477,0.04432390098545984,648,The President doesn't care how I make the Mueller report disappear!
3319,1149,9,29,120,158,1.2974683544303798,0.045351070969297406,648,And I say the magic word - BANKSY!!!!!!!!
648,1150,9,26,113,148,1.2972972972972974,0.047418618859563805,648,For my next trick I will make my collusions with Russia Disappear!!
2636,1150,9,26,113,148,1.2972972972972974,0.047418618859563805,648,Voila!  What once was shredded is now...evidence.
3501,1150,7,30,111,148,1.2972972972972974,0.045438618903242536,648,"And that, my friends, is how you make evidence disappear."
4047,1153,10,32,133,175,1.2971428571428572,0.04309403603545398,648,My next trick is debt-defying.
3302,1153,11,30,134,175,1.2971428571428572,0.04384948559352545,648,"Yes, the rabbit does live in there and this is how he gets fresh bedding."
3268,1153,9,34,132,175,1.2971428571428572,0.042325104805933045,648,"This may not produce a rabbit, but it could make our legal problems disappear...."
2994,1156,8,25,105,138,1.2971014492753623,0.04868895819752371,648,"Ladies and Gentlemen, this ""tax evasion"" number is literally cutting-edge"
2319,1157,8,33,124,165,1.2969696969696969,0.04317776591766852,648,"Giuliani defends Trump: ""...and abracadabra, not a shred of evidence here!"""
935,1157,7,35,123,165,1.2969696969696969,0.04231323244132485,648,"For my next trick, I will make an official ballot disappear."
1390,1157,10,29,126,165,1.2969696969696969,0.0448568738283862,648,I learned this ballot box trick from comrade Putin.
377,1157,11,27,127,165,1.2969696969696969,0.0456732849668507,648,No! Banksy stole this trick from me!
2908,1161,9,28,118,155,1.2967741935483872,0.045926840739655604,648,Watch very closely as I make the President’s tax return disappear.
3885,1161,12,22,121,155,1.2967741935483872,0.048586379181925175,648,"okay, this time will try it with paper and if it works, we'll use the rabbit again"
639,1163,9,36,137,182,1.2967032967032968,0.041222449318167646,648,And the Federal debt seems to disappear...
2772,1164,10,23,112,145,1.296551724137931,0.0490563616847662,648,"For my next trick, I will make whole the shredded IRS returns of the President."
218,1165,9,33,130,172,1.2965116279069768,0.042799932038916175,648,"Ladies and gentlemen, the power of magic is about to reveal the President's complete tax return."
569,1165,6,39,127,172,1.2965116279069768,0.04034644735937462,648,I will now make this cartoon caption entry disappear.
2514,1165,12,27,133,172,1.2965116279069768,0.0451202011359535,648,"Now, I chant the magic word Vladimir three times and presto, change, those notes are from a meeting that never even happened."
868,1168,10,28,124,162,1.2962962962962963,0.0454078543579917,648,...and now for my final act... an original Banksy
1385,1168,11,26,125,162,1.2962962962962963,0.04624450749546494,648,"For my next trick, I will plead the fifth before Congress."
2368,1168,8,32,122,162,1.2962962962962963,0.04368650552737693,648,AbracaBansky
946,1168,8,32,122,162,1.2962962962962963,0.04368650552737693,648,A magician never reveals his secrets... or his sensitive account information.
934,1168,10,28,124,162,1.2962962962962963,0.0454078543579917,648,Now watch as I make this piece of damning evidence magically disappear!
667,1173,12,21,119,152,1.2960526315789473,0.04925270744272468,648,I learned this trick from Banksy.
3977,1174,9,32,128,169,1.2958579881656804,0.043289922033493675,648,Voila! Coleslaw.
960,1174,9,32,128,169,1.2958579881656804,0.043289922033493675,648,I will now make my tax liabilities disappear...
944,1174,13,24,132,169,1.2958579881656804,0.04643045188456284,648,"I take these confidential papers, say the magic words, ‘reductio ad absurdum’, and it’s like nothing ever happened."
343,1177,10,27,122,159,1.2955974842767295,0.0459778272847125,648,And that ladies and gentleman is how you make tax returns disappear.
3091,1178,14,24,138,176,1.2954545454545454,0.04581029616742147,648,I will now make Russian Collusion disappear.
1494,1178,10,32,134,176,1.2954545454545454,0.0428817324184391,648,"Going, going Banksy."
358,1178,15,22,139,176,1.2954545454545454,0.04651363563388628,648,And the Banksy is now magically reassembled!
1512,1181,15,27,151,193,1.2953367875647668,0.04351444827005395,648,And now I will magically shred this evidence for Mr. Trump.
1286,1182,13,18,118,149,1.2953020134228188,0.05084391713242187,648,Jeff your not a magician and we still have to pay the bill!
417,1183,7,35,124,166,1.2951807228915662,0.04209559201874108,648,Oi vey! It's whole again!
877,1183,9,31,126,166,1.2951807228915662,0.043795862449138565,648,"Taxes done, now to run for President"
1556,1183,9,31,126,166,1.2951807228915662,0.043795862449138565,648,"And Voila, the indictment goes away!"
1489,1183,9,31,126,166,1.2951807228915662,0.043795862449138565,648,Thank you madam for your federal-employment contract; let's put it through this and we'll see what happens...
1918,1187,9,36,138,183,1.2950819672131149,0.04102861876924943,648,Prototype Magic Ballot Box (TM) for 2020 Trump supporters.
3536,1187,10,34,139,183,1.2950819672131149,0.04175400338278374,648,"If this works, the original Bill of Rights should come out of my hat."
348,1189,11,24,121,156,1.294871794871795,0.047447632286453094,648,Presto-Chango....Now...into the Electoral College counter....
831,1190,10,31,132,173,1.2947976878612717,0.04336828143188591,648,I assure you! This is NOT a trick!
3143,1190,13,25,135,173,1.2947976878612717,0.04563384533142399,648,"And just like that the interpreter’s notes disappear. For the interpreter, we’ll need a wood chipper."
4070,1192,10,23,113,146,1.2945205479452055,0.04876152356485978,648,"And for my next act, I'll do my taxes without receipts."
3779,1193,12,24,127,163,1.294478527607362,0.0468119555920638,648,....then....from this shredded tax return...voila! A presidency!
3338,1193,9,30,124,163,1.294478527607362,0.044318597679039465,648,It’s magic!  Hillary’s missing emails have reappeared!
1875,1193,8,32,123,163,1.294478527607362,0.04345569856989565,648,"And for my next trick, Mr. President, I'll turn proof of collusion into pretty confetti!"
1795,1193,7,34,122,163,1.294478527607362,0.042575314163946,648,No deductions up my sleeve.
1099,1193,11,26,126,163,1.294478527607362,0.045995856599420154,648,"... And after our vote gets processed by the E-Voter2016 machine,it gets sent to the electoral college."
3822,1193,11,26,126,163,1.294478527607362,0.045995856599420154,648,I used a white rabbit before PETA got wind of it.
4233,1199,8,37,135,180,1.2944444444444445,0.04070851574323876,648,Notice my hand never leaves the mail fraud evidence.
3628,1199,9,35,136,180,1.2944444444444445,0.04146391805471725,648,And now I will feed this ordinary page of translater’s notes into the shredder.....
2504,1201,9,32,129,170,1.2941176470588236,0.043069697861686136,648,"Yes, it's your resume.  
Or did you change your mind about the sword box?"
2463,1201,7,31,115,153,1.2941176470588236,0.044360642578847934,648,Presidential interpreter
2797,1201,4,37,112,153,1.2941176470588236,0.04135055832744927,648,Do you remember the trick to unjamming these?
3104,1201,11,18,107,136,1.2941176470588236,0.05230800254827935,648,"And now I present to you, the results of the presidential election."
1611,1201,9,32,129,170,1.2941176470588236,0.043069697861686136,648,"And with a waiver of my wand, your vote disappears!"
295,1201,7,41,139,187,1.2941176470588236,0.03897054076981192,648,The real magic is making your student loan debt disappear!
580,1207,12,28,137,177,1.2937853107344632,0.044150357912562756,648,"And now, for my old ""Shred of Evidence Trick""!"
3991,1208,12,25,130,167,1.2934131736526946,0.045985491296925,648,Now presenting... How to Cut Your Bills in Half!
2680,1209,12,27,135,174,1.293103448275862,0.04466476617406532,648,And the Oscar goes too...
1956,1210,5,36,116,157,1.2929936305732483,0.04166738182970959,648,Now watch closely as I make my student loans disappear.
3644,1211,9,35,137,181,1.292817679558011,0.041266276244008505,648,"Buck up, Lisa. We're performing for the President this weekend."
478,1211,10,33,138,181,1.292817679558011,0.042003486870161796,648,I call this the Banksy.
1104,1211,8,37,136,181,1.292817679558011,0.040515653775322284,648,"For my next trick, I will make the Russian Interpreter's notes disappear!"
1332,1211,13,27,141,181,1.292817679558011,0.0441413068663237,648,and NOW.......The missing POTUS  Tax Return!!
3019,1211,9,35,137,181,1.292817679558011,0.041266276244008505,648,Presto! Chango! Subpoena Disappearo!
2311,1216,7,34,123,164,1.2926829268292683,0.042352992580866784,648,"I will put my ballot into the ballot box, wave my magic wand, and undo the results of the last presidential election."
1011,1216,11,26,127,164,1.2926829268292683,0.045749784446529385,648,"And that, Mr Trump, is why I, the Magnificent Magoo, should be your lawyer!"
4012,1216,9,30,125,164,1.2926829268292683,0.04408411708007125,648,What is it about a shredder that makes me feel like a magician?
723,1219,10,35,143,188,1.2925531914893618,0.04093485109319708,648,I now invite Mr. Mueller to come to the stage.
3657,1220,9,32,130,171,1.2923976608187135,0.042851619961223705,648,"Watch carefully, Ladies and Gentlemen.  Later in the show I shall use my magic wand to reconstitute this absentee ballot."
1567,1220,10,30,131,171,1.2923976608187135,0.04364700199218211,648,"Behold, ladies and gentlemen, as I make this vote miraculously disappear."
635,1222,9,27,118,154,1.2922077922077921,0.04599698166169869,648,"I am a magician, not a freaking accountant."
1964,1222,7,31,116,154,1.2922077922077921,0.0441130076773214,648,For my next act I will be getting the IRS off my back
3251,1224,8,36,134,178,1.2921348314606742,0.04094089112198094,648,This is the Constitution.  Wish me luck...
3907,1225,9,29,123,161,1.2919254658385093,0.04461685713308811,648,"As promised in my confirmation hearing, here is the Meuller Report."
1252,1225,11,25,125,161,1.2919254658385093,0.04632432885147918,648,Watch the paper disappear and then reappear as a shredded rabbit.
1506,1225,11,25,125,161,1.2919254658385093,0.04632432885147918,648,No matter. It was mostly in Russian anyway.
986,1228,9,36,140,185,1.2918918918918918,0.04064616088594462,648,"I don’t think magic will work dear...
It has to be a Banksy for it to double in value when you shred."
445,1229,13,23,132,168,1.2916666666666667,0.04651695505608017,648,I call my next trick The Amazing Bladen County Ballot Box.
1067,1229,12,25,131,168,1.2916666666666667,0.04574430137470317,648,"Watch, as I make my assistant's sexual harassment 
complaint magically disappear!"
118,1231,7,37,131,175,1.2914285714285714,0.040577579958746536,648,The spirit of Houdini tells me the rabbit is in dire need of new bedding
3903,1231,11,29,135,175,1.2914285714285714,0.043695145900610376,648,"Trust me, it's a lot more impressive with a rabbit."
448,1233,9,26,116,151,1.2913907284768211,0.04659667154406444,648,And now please observe me destroying the contract in which it states that I will appear to saw Lydia’s body in half in a way that is objectifying and demeaning.
4147,1233,6,32,113,151,1.2913907284768211,0.043661758287244556,648,"And presto, the fraud case against me disappears!"
1403,1235,9,28,121,158,1.2911392405063291,0.045167856347019135,648,I do not think inserting a piece of paper in a shredder is the warm-up I want you doing before you saw me in half.
2180,1235,9,28,121,158,1.2911392405063291,0.045167856347019135,648,"I thought for the trial run, we'd just use paper."
2734,1235,10,26,122,158,1.2911392405063291,0.046051719860048704,648,"Now I reverse the shredder, and, presto, out comes a perfect copy of President Trump's translator's notes from his Helsinki meeting with Vladimir Putin!"
3834,1238,9,37,143,189,1.291005291005291,0.04005045400772712,648,"Here is the ""disappearing Mueller Report"" trick that the Republican members of my audience love."
594,1238,14,27,148,189,1.291005291005291,0.043422060267498626,648,"Once again the Russians have interfered , this was supposed to be a rabbit"
2544,1240,8,32,125,165,1.290909090909091,0.04300104144408387,648,and now I will make the evidence disappear!
3495,1240,10,28,127,165,1.290909090909091,0.04468679027733588,648,This trick seems to work much better with paper than it does with birds.
2078,1240,9,30,126,165,1.290909090909091,0.043852017003590725,648,The real illusion will be convincing the board that we didn't actually do this.
1861,1240,10,28,127,165,1.290909090909091,0.04468679027733588,648,And now I will demonstrate how to make a ballot disappear!
3937,1240,11,26,128,165,1.290909090909091,0.04550625292526283,648,I'll now transform my assistant's harassment suit into a dove.
2916,1240,12,24,129,165,1.290909090909091,0.046311217704843206,648,"Thank you, translator.  That's all I need."
3836,1240,7,34,124,165,1.290909090909091,0.04213288187708536,648,"And at the count of three, no more incriminating evidence."
1854,1247,11,19,111,141,1.2907801418439717,0.05086785539495573,648,"And for my next collusion, watch as I make the allegations disappear"
743,1248,12,26,134,172,1.2906976744186047,0.04496440569056973,648,...and here we will shred the interpreter's notes from Helsinki
957,1248,10,30,132,172,1.2906976744186047,0.04342578573955151,648,"And for all you youngins out there, before the delete button, we had something more reliable.”"
1435,1248,12,26,134,172,1.2906976744186047,0.04496440569056973,648,"As Attorney General, my next trick is to make these translator's notes disappear."
1814,1251,9,25,114,148,1.2905405405405406,0.04721843555457532,648,The new attorney general makes a show of reading Robert Mueller’s report at a White House party.
1246,1251,9,25,114,148,1.2905405405405406,0.04721843555457532,648,"And with a swish of my wand, I will clear the jam!"
1541,1253,9,34,136,179,1.2905027932960893,0.041507382557178375,648,This trick worked for Banksy!
48,1253,8,36,135,179,1.2905027932960893,0.04074422791157147,648,"For my final act, 
I will make my prenuptial agreement disappear."
45,1255,5,35,115,155,1.2903225806451613,0.04191453184174533,648,Abraca....dagnabit! I actually needed that.
1309,1255,7,31,117,155,1.2903225806451613,0.04386801044765344,648,Folks this thing is not even plugged in!
3232,1255,8,29,118,155,1.2903225806451613,0.04481282764116549,648,Insert here and voila! No more Constitution.
322,1255,10,25,120,155,1.2903225806451613,0.046645084224594915,648,"Miss McGyver, I believe your thumb has jammed the mechanism."
3456,1259,10,20,108,138,1.289855072463768,0.05059980710723713,648,"...for my next trick, these teeny, tiny hands will pull a great big beautiful wall out of my hat!"
3002,1260,12,27,137,176,1.2897727272727273,0.044218168868547326,648,That was the death certificate for the other girl.
222,1260,10,31,135,176,1.2897727272727273,0.04272442308817333,648,And this ladies and gentlemen is the magic of the KonMari method.
363,1260,10,31,135,176,1.2897727272727273,0.04272442308817333,648,Watch as I make the president's tax returns disappear.
539,1260,8,35,133,176,1.2897727272727273,0.04117652484543964,648,"And now, I will make your vote disappear."
1161,1260,7,37,132,176,1.2897727272727273,0.04038033102157588,648,I hear there is an even better magician named Bob Mueller who will make the evidence reappear.
302,1260,6,39,131,176,1.2897727272727273,0.039568119344707026,648,Now watch as I make the photos that my wife had of you and me disappear!
2462,1266,11,20,114,145,1.289655172413793,0.04982463632573159,648,"Watch carefully, I will bring back the Trump-Putin
Meetings Notes."
1828,1266,9,24,112,145,1.289655172413793,0.04786359267507359,648,My genius “ magician “ believes there’s only one copy of our prenup .
2422,1268,5,34,113,152,1.2894736842105263,0.04240049856356897,648,Presto!  And the Mueller report disappears.
3825,1269,11,24,124,159,1.2893081761006289,0.04665885721987165,648,Now observe as I magically transform this restraining order into harmless confetti!
483,1270,9,30,127,166,1.2891566265060241,0.04362226334515639,648,Muller will never find it here
2667,1270,9,30,127,166,1.2891566265060241,0.04362226334515639,648,"Watch closely folks, here's a trick that blew their minds in the Oval Office!"
3741,1270,7,34,125,166,1.2891566265060241,0.041914951498225626,648,"Before your very eyes, a presidential address becomes an anthology of tweets."
559,1273,11,28,134,173,1.2890173410404624,0.043977660004968416,648,"And now, Ladies and Gentlemen, performing for the first time in public, I give you The Great Banksy...!!!"
1367,1273,8,34,131,173,1.2890173410404624,0.04162204432912362,648,This is your ballot; this is a ballot box.
3102,1273,6,38,129,173,1.2890173410404624,0.039974590728163235,648,"For my next trick, watch me make President Trump's subpoena disappear."
2384,1276,9,21,105,135,1.288888888888889,0.05028021717875754,648,Data!
4079,1277,10,23,116,149,1.2885906040268456,0.0478972898300701,648,For my next trick I will make your job disappear.
1693,1278,11,23,122,156,1.2884615384615385,0.04726569514478638,648,This will shred any doubt that I'm a true magician.
2063,1279,7,33,123,163,1.2883435582822085,0.0423893709912522,648,Voila! The president’s Putin notes disappear!
1531,1280,9,31,130,170,1.2882352941176471,0.042900604972475165,648,"And, the Trump Tax Returns look like ..."
2347,1280,9,31,130,170,1.2882352941176471,0.042900604972475165,648,"As my mother always said, why hire an accountant when you’ve got MAGIC!"
3684,1280,8,33,129,170,1.2882352941176471,0.04208144796380091,648,And presto! All your hopes and dreams are gone.
3973,1283,9,33,135,177,1.2881355932203389,0.041751999706746465,648,"Yes, this is how 50 Shades of Grey ends.  For good."
506,1284,10,33,141,184,1.2880434782608696,0.04140761558912618,648,With a quick 'abracadabra' the U.S. Constitution is 'Trumped'.
2563,1284,6,41,137,184,1.2880434782608696,0.03843181629596165,648,And my next trick will be avoiding an indictment.
833,1286,8,26,112,146,1.2876712328767124,0.04657256375606114,648,And here's the  page that keeps Social Security running for another 150 years.
626,1287,11,24,125,160,1.2875,0.04640156620106641,648,A magician never reveals his secrets.
1055,1288,12,24,131,167,1.2874251497005988,0.04582079471304989,648,"There! Magically, one vote is now thirty minority votes."
2234,1288,12,24,131,167,1.2874251497005988,0.04582079471304989,648,Miss Shimansky was beginning to have doubts about the interview process for administrative assistant.
4161,1288,6,36,125,167,1.2874251497005988,0.04082494368372279,648,Watch in wonder as I make a letter from my ex-wife’s attorneys disappear.
2536,1288,9,30,128,167,1.2874251497005988,0.04339482258815329,648,Abraca - PAPER JAM!
2554,1288,9,30,128,167,1.2874251497005988,0.04339482258815329,648,"I call this trick ""the subpoena solution""."
1858,1293,11,30,140,181,1.287292817679558,0.04257689879078045,648,I learned this banking trick during the Great Recession.
3344,1293,15,22,144,181,1.287292817679558,0.04536895113908296,648,Watch as I attempt to cut the evidence against me in half.
2185,1293,9,34,138,181,1.287292817679558,0.04110982367063004,648,Who really reads instructions?
758,1296,9,23,111,143,1.2867132867132867,0.04823525855297528,648,"President Trump's brand new Attorney General, making his very first appearance, along with the U.S. Constitution -- its very last."
3270,1297,9,25,116,150,1.2866666666666666,0.046666666666666676,648,"And for my next trick, watch me unshread wheat!"
3776,1298,8,29,120,157,1.286624203821656,0.044316865866135244,648,"Uh oh, we may have found Trump’s long lost tax return!"
3401,1298,12,21,124,157,1.286624203821656,0.0478604415933394,648,"I’ll keep the return here, for safe keeping"
1609,1298,10,25,122,157,1.286624203821656,0.04612269761032238,648,The magic part is when I make this credit score disappear from Google.
482,1301,5,37,122,164,1.2865853658536586,0.040353484404808015,648,"Fleer-o, schmeer-o, criminal record disappear-o!"
884,1301,10,27,127,164,1.2865853658536586,0.04474915864064111,648,... and there goes your vote.
173,1303,7,35,129,171,1.286549707602339,0.04103874193294408,648,And now let's see what news the toaster of fate will bring us.
1786,1303,9,31,131,171,1.286549707602339,0.04268228249107103,648,"Shut down or no shut down, we still have to shred."
4222,1305,13,25,140,178,1.2865168539325842,0.044499245348485636,648,Now watch as I file my tax return.
3327,1305,8,35,135,178,1.2865168539325842,0.04077723600540698,648,Now watch carefully as the incriminating document miraculously disappears!
2564,1305,9,33,136,178,1.2865168539325842,0.04154832064367309,648,"Et voila, hanging chads!"
391,1308,10,26,125,161,1.2857142857142858,0.0452979880304808,648,Watch as I make my assistant's sexual harassment claim disappear right before her eyes!
813,1308,12,24,132,168,1.2857142857142858,0.045579356047073465,648,And it will re-appear as Trump’s tax turns!
1469,1308,10,28,130,168,1.2857142857142858,0.043987563001449265,648,"Only 32,999 left to go."
1845,1308,7,28,112,147,1.2857142857142858,0.0452784178449531,648,Alice will now take this backstage to Mueller the Magical Mender.
2083,1308,10,26,125,161,1.2857142857142858,0.0452979880304808,648,"For my next trick I will
make this Cartoon Caption Contest submission DISAPPEAR!"
3071,1308,12,22,127,161,1.2857142857142858,0.04698071117719667,648,For my next trick I'll need an omelet.
21,1308,5,34,115,154,1.2857142857142858,0.041931838371378836,648,And voilà — my embarrassing high school poetry disappears.
252,1308,11,32,146,189,1.2857142857142858,0.041288022389631224,648,Watch as this environmental regulation disappears!
2969,1308,11,28,136,175,1.2857142857142858,0.04353594883761751,648,And my next trick is to make this document reappear as a fully assembled skirt for you.
2705,1308,8,30,123,161,1.2857142857142858,0.04355029525162823,648,"Now, before we shred my lovely assistant Susan, I'll just prove that it's a real, working paper shredder . . ."
2825,1308,11,28,136,175,1.2857142857142858,0.04353594883761751,648,Ev'ry vote Counts!
3311,1319,11,31,144,186,1.2849462365591398,0.04172182322999045,648,My next trick will be how you change the results of an election.
3727,1320,9,33,137,179,1.2849162011173185,0.041346549838812835,648,"After I say a few magic words, President Trump's complete IRS 1040 Tax Return will appear."
1325,1321,9,31,132,172,1.2848837209302326,0.042466095817438654,648,"My final trick: tax evasion. Now the IRS sees it, now they don't."
2056,1321,16,17,139,172,1.2848837209302326,0.04774270086627216,648,And now for the famous Banksy trick.
1554,1321,9,31,132,172,1.2848837209302326,0.042466095817438654,648,"A simple wave of the wand, slight of hand and PRESTO...  No collusion!"
3040,1324,12,23,130,165,1.284848484848485,0.046141641091063744,648,"And when this is reassembled, my assistant will read the winning caption."
2841,1324,11,25,129,165,1.284848484848485,0.04533366533349307,648,"Pay attention, folks.
This is a Florida ballot box...watch my vote disappear."
372,1324,8,31,126,165,1.284848484848485,0.04281835730789982,648,"On the count of three, your credit rating will emerge intact!"
2460,1324,7,33,125,165,1.284848484848485,0.04194641692134844,648,"And this is one I like to call the ""Enron"""
4010,1328,9,27,122,158,1.2848101265822784,0.044978223252496785,648,"Abra Cadabra, the President's unshredded tax return!"
997,1328,10,25,123,158,1.2848101265822784,0.04586574126769227,648,And now for the greatest trick of all...I call it the Banksy...
2880,1328,13,19,126,158,1.2848101265822784,0.048430808245219614,648,"And now, Ladies and Gentlemen, my final act! Watch closely as I turn Robert Mueller’s report on Russian collusion into thousands of tiny bunnies!"
3335,1328,7,31,120,158,1.2848101265822784,0.04314845601854772,648,"Ta da! First my novel, next my confidence."
523,1332,5,29,103,137,1.2846715328467153,0.04510008086298866,648,And shazam! There goes the evidence.
757,1333,10,32,141,183,1.284153005464481,0.041450333873462974,648,"And that, Ladies and Gentlemen, is the magic behind Shredded Tweet."
679,1334,15,20,141,176,1.2840909090909092,0.04621921739569594,648,Banksy's shocking side hustle
1748,1335,4,40,125,169,1.2840236686390532,0.038629151217698963,648,And now I distract my wife with meaningless patter as I slip our Pre-nup into this Magic Box...
958,1335,7,34,128,169,1.2840236686390532,0.0412739440592235,648,A rabbit out of a hat is so last millennium.
446,1335,11,26,132,169,1.2840236686390532,0.04455679488857624,648,This trick used to be better but I couldn't afford the doves.
969,1338,11,24,127,162,1.2839506172839505,0.045895177175537906,648,And now we will make the government shutdown appear as if the workers are happy to work without pay.
1445,1338,8,30,124,162,1.2839506172839505,0.04331655087457262,648,And now for my impersonation of a southern voter . . . .
3849,1340,7,30,118,155,1.2838709677419355,0.043664216237242676,648,Anyone else have a bill you want to see disappear?
3486,1340,9,26,120,155,1.2838709677419355,0.045542706778752565,648,And with a tap of my wand the Rabbit's vet bill will disappear!
3624,1342,9,22,110,141,1.2836879432624113,0.048614273960435536,648,The executives at the corporate retreat were both frightened and amazed at the magician's ability to unshred the Q4 earnings report
1917,1343,13,25,142,180,1.2833333333333334,0.044060648907192745,648,"First, I shall shred my assistant’s contract.  Then I will use hypnosis to convince her she’s a volunteer."
432,1343,6,39,135,180,1.2833333333333334,0.03881788321260431,648,"And with this trick, I reveal the magic at the heart of the Enron scandal."
856,1345,10,29,134,173,1.283236994219653,0.043040052718724076,648,"And now, with a little wave of my wand and the assistance of lovely Myrna, I make your lawsuit disappear!"
3998,1345,11,27,135,173,1.283236994219653,0.04381391871490425,648,"Hold on, that looks like the pre-nup...."
2181,1345,9,31,133,173,1.283236994219653,0.04225201537092472,648,"And yes here it is, we are reversing the President's tax returns from the shreds we found earlier."
362,1345,9,31,133,173,1.283236994219653,0.04225201537092472,648,"This isn’t a trick, I’m just celebrating my PHD loans being paid off."
4217,1349,8,31,127,166,1.283132530120482,0.04259421234526494,648,Hopefully this trick will turn out better than the time I tried it with a dove.
3829,1350,9,27,123,159,1.2830188679245282,0.04473032666294518,648,Voila! Here is the disappearance of Donald Trump's tax return.
4215,1350,10,25,124,159,1.2830188679245282,0.04561155137981816,648,You're next Debbie. Feet or headfirst?
2369,1350,12,21,126,159,1.2830188679245282,0.04732479911287324,648,We will magically make this vote disappear.
2894,1350,10,25,124,159,1.2830188679245282,0.04561155137981816,648,Presto!!!  Pasta!!!
1768,1354,8,27,117,152,1.2828947368421053,0.04517284411080174,648,And another 'vote' for Stacey Abrams
2204,1354,8,27,117,152,1.2828947368421053,0.04517284411080174,648,"Hold on, ladies and gentlemen. I have here a subpoena for someone in Row 2, Seat No. 356."
3085,1354,5,33,114,152,1.2828947368421053,0.04218021713833118,648,"My assistant is holding an ordinary box, just an ordinary box."
3403,1354,10,23,119,152,1.2828947368421053,0.04706232672255111,648,"For my next trick, I'm going to make this Banksy painting worth millions, oh, I forgot to sell it first"
1433,1358,8,25,112,145,1.282758620689655,0.04663324775885241,648,"And now, ladies and gentlemen, watch as Trump’s tax returns disappear right before your very eyes!"
4110,1359,4,46,141,191,1.2827225130890052,0.035885439829632215,648,Who wants to aid and abet the next trick.
1521,1360,8,36,140,184,1.2826086956521738,0.0397875191549893,648,So much for your much-vaunted Constitution!
3843,1361,11,28,138,177,1.2824858757062148,0.04310277036046327,648,The vote is now toast.
3057,1361,9,32,136,177,1.2824858757062148,0.04158661012839684,648,‘And this is how we make your vote disappear’
643,1361,11,28,138,177,1.2824858757062148,0.04310277036046327,648,Behold -missing ballots from the election.
3898,1364,7,34,129,170,1.2823529411764707,0.04106443911145132,648,Every vote counts. Except those for the other candidate.
3635,1364,11,26,133,170,1.2823529411764707,0.044325418628989886,648,Perfect! Now there's barely a shred of evidence I cut your sister in half.
3579,1364,8,32,130,170,1.2823529411764707,0.04190348200105059,648,Waldo the Great performs at the Home for the Technically Challenged....where paper shredding is considered one of the Black Arts.
251,1367,11,24,128,163,1.2822085889570551,0.04564599602667542,648,"For this next trick, I’ll need a racketeer."
4021,1367,10,26,127,163,1.2822085889570551,0.04480866647455978,648,And just like that my subpoena disappears.”
267,1369,5,34,117,156,1.2820512820512822,0.0414729542999799,648,We can't use my hat because there is a rabbit in it.
3611,1369,6,32,118,156,1.2820512820512822,0.04245843761029148,648,And the Democratic nominee is........
1672,1369,11,22,123,156,1.2820512820512822,0.047077424037440446,648,Voter suppression magic
1857,1369,15,25,155,195,1.2820512820512822,0.042858224089628645,648,"I assure you, your petition is transmitted directly to the base station in the Oval Office"
330,1369,8,28,120,156,1.2820512820512822,0.04436377910170186,648,This will prove that there is not a shred of evidence this wand actually works .
1992,1369,9,37,149,195,1.2820512820512822,0.03898228838184824,648,"Remember: if  the SEC asks, I can never reveal my tricks."""
3556,1375,9,24,116,149,1.2818791946308725,0.04673304602196192,648,"And now, behold, Article I, Section 9, Clause 8 of the United States Constitution, will disappear before your very eyes..."
2601,1375,8,26,115,149,1.2818791946308725,0.045752408340147585,648,"Observe, your last check following the government shutdown!"
2715,1375,6,30,113,149,1.2818791946308725,0.04372520355343353,648,The effect is better with a toaster.
3279,1378,5,39,130,174,1.2816091954022988,0.038750477963487844,648,Maybe old school with a rabbit and hat was actually better.
3177,1378,11,27,136,174,1.2816091954022988,0.04359178994639277,648,"And for my last trick, I will make paper filing irrelevant."
2091,1378,14,21,139,174,1.2816091954022988,0.045821026340494224,648,Trump asked me to make his tax returns disappear.
631,1378,9,31,134,174,1.2816091954022988,0.04204001206731359,648,Evidence disappears — like magic!
3735,1378,8,33,133,174,1.2816091954022988,0.04124223377273099,648,"DACA: Now you see it, Now you don't!"
3659,1378,9,31,134,174,1.2816091954022988,0.04204001206731359,648,"And now, I will make the pre-nup dissappear!"
1082,1384,11,25,131,167,1.281437125748503,0.044853630559495,648,Magically sawing ladies in two is so 20th century.
2599,1384,6,35,126,167,1.281437125748503,0.040634023181369334,648,Watch as I make this letter from my father questioning my career choices disappear.
2188,1386,8,29,123,160,1.28125,0.043592483737047834,648,"And before your very eyes, I'll make it reappear from the cloud."
2688,1387,9,25,119,153,1.2810457516339868,0.045862071241845694,648,"Behold the Captionator! In goes a brutal cartoon caption and out comes a hilar—, no, still brutal."
3027,1387,11,21,121,153,1.2810457516339868,0.04770040044489289,648,"For my next trick, I'll need an email server..."
1389,1389,8,34,136,178,1.2808988764044944,0.04060853060088304,648,"And magically, your non-disclosure agreement appears whole from the shredder.  Is this your signature?"
889,1390,9,23,114,146,1.2808219178082192,0.04736131401948726,648,Next we put the Interpreter's notes right in here....
3342,1391,11,26,134,171,1.280701754385965,0.04409636841328589,648,And watch as the subpoena magically goes away.
3980,1392,7,32,125,164,1.2804878048780488,0.04197430194330192,648,"For my next trick, I’ll be making the president’s tax returns disappear! Don’t look so so scared, Ivanka! Michael Cohen told me to do it!"
4069,1392,5,36,123,164,1.2804878048780488,0.040152317809225,648,And now watch as I convert lovely Linda's full time employment into contract labor.
4121,1392,11,24,129,164,1.2804878048780488,0.045399436339853654,648,Need help winning an election?  This magic voting machine shreds ballots you oppose and counts your favorites!
1819,1395,8,28,121,157,1.2802547770700636,0.04411689491370177,648,"And the Oscar for best picture goes to, “oops daisy” !"
1998,1395,7,30,120,157,1.2802547770700636,0.043181490241751705,648,The real magic: a working printer!
3433,1395,9,26,122,157,1.2802547770700636,0.04503287392732904,648,And now we present—the cheapest alternative to divorce lawyers.
489,1398,12,25,138,175,1.28,0.044122534260360086,648,Voilà! The presidential documents are restored unshredded.
3887,1398,6,30,114,150,1.28,0.04347335834630263,648,Now I will make this lawsuit from the family of my last assistant disappear.
1098,1400,8,38,147,193,1.2797927461139897,0.03848770905947114,648,And our next president is...
1171,1401,5,37,126,168,1.2797619047619047,0.03953464265222279,648,I shall now shred the directions for sawing my partner in half and do the trick from memory!
3036,1401,9,29,130,168,1.2797619047619047,0.04298990541229187,648,Watch me pull an email out of a shredder!
3350,1401,10,27,131,168,1.2797619047619047,0.043811162582012286,648,This is the GOP's new ONE STOP voting trick.
3939,1401,10,27,131,168,1.2797619047619047,0.043811162582012286,648,My attorney tells me it will take some real magic for these charges not to stick.
3081,1405,10,32,144,186,1.2795698924731183,0.0408648034255157,648,Its all in the wand
842,1406,9,32,138,179,1.2793296089385475,0.04118083153731656,648,Watch as I make my carbon footprint disappear!
1994,1407,9,25,120,154,1.2792207792207793,0.04559982603418519,648,"For my next illusion, I will make confetti out of this paper...."
2725,1407,7,29,118,154,1.2792207792207793,0.04369873291870973,648,"And with a wave of my magical wand—the greatest magical wand in the history of the world, I will attempt to make my conversations with Putin disappear with No Collusion!!!"
1851,1409,7,34,131,172,1.2790697674418605,0.04065150574302912,648,"I really don’t think it’s going to come back out again, Doug”"
3555,1409,7,34,131,172,1.2790697674418605,0.04065150574302912,648,"Get the smile back, smile, smile!  We need them to think the jam is part of the act."
2995,1409,6,36,130,172,1.2790697674418605,0.03980634953334929,648,"And for my next trick, watch me make this tax return disappear."
3410,1409,8,32,132,172,1.2790697674418605,0.04147944521301944,648,Observe. Collusion. No collusion.
2805,1409,10,28,134,172,1.2790697674418605,0.04308762336435586,648,They should know better. Magicians cannot be subpoenaed.
476,1409,7,34,131,172,1.2790697674418605,0.04065150574302912,648,My last trick requires a little bit of presidential inspiration...
2195,1409,11,26,135,172,1.2790697674418605,0.04386961070254598,648,Presto ! A full text of the translator's notes from the reverse shredder!
454,1416,8,25,114,147,1.2789115646258504,0.04607642855312028,648,"And now, the transcripts of my conversation with Putin will disappear."
3959,1417,8,30,127,165,1.2787878787878788,0.04262963689095248,648,"The obvious question is why I just don’t make it disappear, right?"
2402,1417,8,30,127,165,1.2787878787878788,0.04262963689095248,648,I did this trick with the government some time ago.
1492,1417,5,36,124,165,1.2787878787878788,0.03994441702456406,648,I will now make my tax return disappear just like magic!
2708,1420,8,35,140,183,1.278688524590164,0.03981088017671821,648,I am taking a thousand pieces of shredded paper and turning it back into a—what do you mean there’s no reverse button!”
183,1421,11,22,125,158,1.2784810126582278,0.046547684240234734,648,"Keep your eyes on the marriage certificate, and...presto estrange-o!"
823,1421,5,34,119,158,1.2784810126582278,0.04102356612519092,648,And now presenting the Great Redacto
1678,1423,11,27,138,176,1.2784090909090908,0.04315404096345784,648,I will now attempt to make the president disappear.
1429,1423,11,27,138,176,1.2784090909090908,0.04315404096345784,648,"As our President might say, this memo is toast."
2919,1423,9,31,136,176,1.2784090909090908,0.041622122982924205,648,"Now, watch me turn this Shredded Tweet into a bowl of Special Kounsel"
1706,1426,10,27,132,169,1.2781065088757397,0.043582603143953354,648,"Oh darn 
That was my grocery list!"
712,1427,8,29,125,162,1.2777777777777777,0.04312215179535924,648,Watch me make this incriminating evidence disappear!!!
1591,1427,6,33,123,162,1.2777777777777777,0.04130565945798412,648,"Now, get the blender."
2167,1427,11,23,128,162,1.2777777777777777,0.045711745577767894,648,Hmmm and now I make disappear my Putin notes.
2289,1427,8,29,125,162,1.2777777777777777,0.04312215179535924,648,Now I'll place my campaign pledges in here...
2495,1427,12,21,129,162,1.2777777777777777,0.046542936304750995,648,And now I file the notes from the translator.
3833,1427,6,33,123,162,1.2777777777777777,0.04130565945798412,648,My attorney insisted I not rely on abracadabra.
3219,1427,10,25,127,162,1.2777777777777777,0.044865158504847125,648,Auditions for a new White House Russian translator were surprisingly competitive.
4058,1427,17,16,147,180,1.2777777777777777,0.046647745269929076,648,"Just put the speech in like so, and, Hey Presto! Out comes Donald's words!"
3852,1435,5,38,130,173,1.277456647398844,0.0387506882475361,648,"And suddenly, Ladies and Gentlemen, right be fore your very eyes, everything Mr. Rudy Giuliani has been saying for the last two years comes true: there is no proof of collusion!"
1691,1435,5,38,130,173,1.277456647398844,0.0387506882475361,648,"Abracadabra is so eighties, ma'am; it's 
'Brexit, Smexit' nowadays."
924,1437,7,29,119,155,1.2774193548387096,0.043453246784730684,648,Pulling a rabbit out of the hat just wasn’t cutting it anymore
4071,1437,11,21,123,155,1.2774193548387096,0.0471522361970268,648,Trump thought he had shredded his instructions from Putin--but voila!
1184,1439,9,33,142,184,1.2771739130434783,0.04036544956684057,648,Voila! No jam!
4219,1439,13,25,146,184,1.2771739130434783,0.04320828211932814,648,It's for the rabbit coop.
270,1441,11,24,131,166,1.2771084337349397,0.04491402360266584,648,Told you I could make your paycheck disappear.
350,1441,8,30,128,166,1.2771084337349397,0.04240532355492023,648,Now watch as I make this subpoena disappear
200,1441,7,32,127,166,1.2771084337349397,0.04153543205107765,648,Let's warm it up before we bring on the rabbit.
453,1441,10,26,130,166,1.2771084337349397,0.044093652219486655,648,"Behold, as I pull from my magic reverse shredder the tax returns of…of…oh my goodness would you look at that?"
3819,1441,8,30,128,166,1.2771084337349397,0.04240532355492023,648,"This time, we'll skip the rabbit"
2218,1441,12,22,132,166,1.2771084337349397,0.04571967701448259,648,Now watch our Democracy disappear.
2186,1441,10,26,130,166,1.2771084337349397,0.044093652219486655,648,Abracadabra! Your transcripts from the Trump/Putin meeting will now vanish forever
650,1448,9,23,116,148,1.277027027027027,0.046795595099493624,648,When the wrong people vote---that's when the magic starts!
4050,1449,9,36,150,195,1.2769230769230768,0.0388324698537101,648,Lady’s & Gentleman; At No time will you see this Sexual harassment complaint leave my hand
1663,1450,10,29,138,177,1.2768361581920904,0.04218413707081378,648,"And voilà! By shredding this last document, I've completely deleted my Facebook account!"
1698,1450,6,37,134,177,1.2768361581920904,0.03902173854222927,648,"And now, I’ll make that complaint you made against me to HR disappear."
2532,1452,6,32,121,159,1.2767295597484276,0.041766530769877415,648,"...and viola! Kellyanne, your worries have disappeared!"
948,1452,12,20,127,159,1.2767295597484276,0.047139283702143424,648,This is how you make voting rights disappear!
947,1454,11,17,113,141,1.2765957446808511,0.05043517108268953,648,Abracadabra shred this presidency!
3941,1455,11,25,134,170,1.276470588235294,0.044151860500916025,648,"The paper shreds and presto, a three-toed sloth rises from my jacket pocket."
424,1455,9,29,132,170,1.276470588235294,0.04254596922322716,648,Observe how the paper is restored as I pull it out of the machine!
1508,1457,9,24,119,152,1.2763157894736843,0.04591861693702519,648,Thank you Mrs. Clinton!
765,1457,9,24,119,152,1.2763157894736843,0.04591861693702519,648,I learned this from the Clintons.
3204,1459,2,46,133,181,1.276243093922652,0.035121400131583665,648,"For this next act, I’d like to introduce my lovely assistant and part-time paralegal, Diane."
13,1460,12,21,130,163,1.2760736196319018,0.04628789671810486,648,Leave it to James to make a big show of the divorce. This is precisely why she had left him in the first place. The rabbits in the bath tub were also part of it.
2442,1460,9,27,127,163,1.2760736196319018,0.04376469234976011,648,"And for my next trick, I will protect my personal data."
3798,1460,7,31,125,163,1.2760736196319018,0.04199842345125934,648,"Abracadabra, there goes my art history degree ..."
761,1463,7,34,133,174,1.2758620689655173,0.04024649182187619,648,"Finally, I’ll wave my wand... and presto! The dinner invitation from the Johnson’s has magically disappeared!"
859,1463,7,26,112,145,1.2758620689655173,0.04536226956476118,648,"No, I can't use this trick on your student loans."
574,1463,13,22,139,174,1.2758620689655173,0.04492688184483783,648,"And for our next trick: how to vanish a failed safety inspection! On an unrelated note, Fluffy the rabbit will not make an appearance in today’s show."
1705,1466,15,21,149,185,1.2756756756756757,0.044345528160328246,648,"Newly retired, Shirley and Oscar explore ways to spend their time."
3618,1467,10,26,131,167,1.2754491017964071,0.043860222473317334,648,And now I will magically turn campaign promises into reality.
3358,1467,8,30,129,167,1.2754491017964071,0.04218328320109104,648,Behold as I will now turn myself into a Presidential candidate!
709,1469,12,25,141,178,1.2752808988764044,0.043461313810143065,648,"Well, I was thinking of a rabbit but I guess our marriage license works too..."
2398,1469,8,33,137,178,1.2752808988764044,0.04043471169463785,648,"I don't understand, it worked great for Banksy..."
254,1469,6,37,135,178,1.2752808988764044,0.038833052489996946,648,I know I know -but it’s my first gig after losing my job as an auditor!
3909,1472,7,27,115,149,1.2751677852348993,0.044525289408853794,648,I may need a new rabbit...and a new shredder.
1125,1473,7,38,144,189,1.2751322751322751,0.03814227148975708,648,The translator's notes from Helsinki.... Presto! All gone! Never existed!
405,1473,8,36,145,189,1.2751322751322751,0.0388731290833164,648,The office can be a magical place.
2123,1475,10,24,126,160,1.275,0.04516740350764742,648,Watch and see Mr. Bezos's prenup disappear and miraculously end up in my hat...
495,1475,8,28,124,160,1.275,0.04339195357690323,648,and ... PRESTO! Our taxes are done for 2018!
219,1475,9,26,125,160,1.275,0.04428857626320113,648,"And with a wave of my wand, The Great Splendini makes my lovely assistant’s sexual harassment claim disappear."
2569,1478,9,29,133,171,1.2748538011695907,0.04232732027252226,648,Once a Brexit Plan...
1449,1478,5,37,129,171,1.2748538011695907,0.03894103546434098,648,...and voila! All my legal problems disappear.
2925,1478,12,23,136,171,1.2748538011695907,0.04469899764274232,648,"And here we have the 'Donald' © brand Make-A-Wish machine, and Voila!, problem solved, budget balanced, wall built, and America is great again!"
1424,1481,7,36,139,182,1.2747252747252746,0.039061813535217205,648,"How do you say ""abracadabra"" in Russian?"
2987,1482,5,29,108,142,1.2746478873239437,0.04373023042884195,648,"I call this ""The Disappearing Banksy""."
3731,1483,9,24,120,153,1.2745098039215685,0.045653243262321286,648,I will now transform this authentic tax document into an audit.
607,1483,8,26,119,153,1.2745098039215685,0.04470144637887213,648,"Now you see it, now you don't"
3629,1483,9,24,120,153,1.2745098039215685,0.045653243262321286,648,"Think it's a magic act??? No, it's just Trump ""sorting his paper trail."""
409,1483,5,32,116,153,1.2745098039215685,0.04171596064274043,648,"You should have made these disappear two years ago, Hillary."
1507,1487,8,29,127,164,1.274390243902439,0.04266154527409851,648,"As I toast to a crisp this amorous note from my beautiful assistant here,  please some applause for my lovely wife, who couldn't be here tonight."
61,1487,14,17,133,164,1.274390243902439,0.04763305196706773,648,I can't believe people pay me to draw this shit.
1872,1487,9,27,128,164,1.274390243902439,0.043529577809360766,648,Now this parking ticket will become a priceless work of art.
503,1487,9,27,128,164,1.274390243902439,0.043529577809360766,648,"Pitney Bowes, the early years."
2332,1487,8,29,127,164,1.274390243902439,0.04266154527409851,648,"There goes your employment contract, my dear... and POOF! You're a freelancer!"
1465,1487,11,23,130,164,1.274390243902439,0.04521567806011169,648,And first I will shred the pretty assistant's life insurance contract.
1737,1487,9,27,128,164,1.274390243902439,0.043529577809360766,648,"And just like that, there go his tax returns."
2026,1494,9,33,144,186,1.2741935483870968,0.03998551359020296,648,The rabbits have called in sick. Apparently they're not convinced by your new disappearing trick.
966,1494,11,29,146,186,1.2741935483870968,0.04141360373848074,648,"And when it comes out the other side, Mueller's report will miraculously say every shred of evidence points to collusion!"
2967,1496,9,22,115,146,1.273972602739726,0.04713877435539064,648,For my next trick I'm going to need someone from IT.
2575,1497,7,29,121,157,1.2738853503184713,0.042970184931970835,648,"And presto--my lovely assistant's pre-nup disappears!"""
2421,1497,11,21,125,157,1.2738853503184713,0.04661624247405835,648,The president and his translator after hours
2413,1497,9,25,123,157,1.2738853503184713,0.04483029586946742,648,"Miss May and I will now insert the European Union Agreement here, and wave this magic wand, and . . . ."
1650,1500,7,32,129,168,1.2738095238095237,0.04110532708852036,648,And with no hesitation whatever I consign my IRS audit to the firm hand of my sorceror's apprentice.
2128,1500,8,30,130,168,1.2738095238095237,0.041963483107148744,648,"Now, we make Mrs. Marvin the Magnificent's prenup disappear."
787,1500,9,28,131,168,1.2738095238095237,0.04280443801656167,648,"They only disappear if you say the magic words:  ""IRS audit""."
1754,1503,13,23,143,179,1.2737430167597765,0.04396494863972544,648,I will now make the translator’s notes disappear.
1824,1503,6,37,136,179,1.2737430167597765,0.038646110003835644,648,Watch while my opponent's votes disappear
3035,1503,6,37,136,179,1.2737430167597765,0.038646110003835644,648,"I know it's not much, Pam, but at least with this trick I don't risk pulling out a dead rabbit in front of a bunch of six-year-olds again."
1464,1503,10,29,140,179,1.2737430167597765,0.041768464335908605,648,"And then presto, a whole piece of paper becomes eight pieces of paper!"
1538,1507,11,33,157,201,1.2736318407960199,0.03925622197926142,648,Abracadabra we are now divorced!
3905,1508,10,24,127,161,1.2732919254658386,0.04491847138326595,648,The bunny has mixed feeling about this trick
719,1508,7,30,124,161,1.2732919254658386,0.042246299444459,648,"The Federal Budget, in the style of Banksy"
2361,1510,12,23,137,172,1.2732558139534884,0.044467082102733035,648,It seemed so easy when Banksy did it.
1589,1510,7,33,132,172,1.2732558139534884,0.040463861786901166,648,And voila!  The KGB puts it back together.
1418,1510,8,31,133,172,1.2732558139534884,0.041295563523383386,648,I will now make the evidence... disappear!
735,1510,16,15,141,172,1.2732558139534884,0.04742698825298322,648,And this is how you make an investigation disappear.
232,1514,5,32,117,154,1.2727272727272727,0.04148250850951955,648,And now to make all allegations of sexually harassing my lovely assistant disappear.
264,1514,9,24,121,154,1.2727272727272727,0.045390838982517376,648,"This is the famous ""Nixon Trick"" soon to be renamed the ""Trump Trick!"""
1163,1514,9,27,129,165,1.2727272727272727,0.04329690580175037,648,Watch as I transform this budding novelist into a magician's assistant!
4180,1514,7,34,135,176,1.2727272727272727,0.03984918439627601,648,"Voila madame, your prenup has disappeared!"
2641,1514,9,33,145,187,1.2727272727272727,0.0397981325499368,648,"[under his breath] Don't worry, Diane. A magician always files his secrets in triplicate."
990,1519,12,31,159,202,1.2722772277227723,0.039710032328553815,648,We Trumps understand the magic of making our tax returns disappear for good!
1633,1520,8,33,139,180,1.2722222222222221,0.040042308130827924,648,A magician never reveals his secrets...or his gluten free muffin recipe.
3934,1520,9,31,140,180,1.2722222222222221,0.04081004394600619,648,This should work better than the rabbit.
4057,1520,6,37,137,180,1.2722222222222221,0.03846088854385181,648,"Disappearius, last-yearius, Tax-returnius"
891,1520,10,29,141,180,1.2722222222222221,0.04156360106277781,648,"Now, watch me make the translator's notes disappear!"
3425,1524,7,32,130,169,1.272189349112426,0.040893484172776336,648,...I tap the ballot box three times...
3671,1524,8,30,131,169,1.272189349112426,0.041745891126238936,648,"And now, presto chango, the first of Hillary’s missing e-mails."
1188,1524,8,30,131,169,1.272189349112426,0.041745891126238936,648,"Behold my dignity: now you see it, now you don't."
2533,1527,11,21,126,158,1.2721518987341771,0.046352687626313886,648,"And voilà, your tax return is on its way to the IRS!"
2830,1527,13,17,128,158,1.2721518987341771,0.048060617561050206,648,Why campaign? It's easier to get elected this way.
3414,1529,6,28,113,147,1.272108843537415,0.04376918552853482,648,"Remember, ladies and gentlemen, as I shred my only copy of my W2, the blank 1040EZ remains locked in a steel case on the other side of the stage!"
2143,1530,8,21,107,136,1.2720588235294117,0.04835745596444856,648,The rabbit's on furlough. Pulling his contract out instead.
2698,1530,7,23,106,136,1.2720588235294117,0.04721769885837242,648,"At the count of three, I will turn this single sheet of paper into dozens of little sheets."
4239,1532,7,36,141,184,1.2717391304347827,0.03869340972303834,648,"Now you see my assistant's non-disclosure agreement—wait a minute!"""
3519,1533,6,35,132,173,1.2716763005780347,0.039416710106895535,648,"If shredding evidence isn't Magic, I don't know what is."
2362,1533,12,23,138,173,1.2716763005780347,0.04423750723543512,648,The real magic will be the massive corporate bonus I earn for disappearing the evidence.
2043,1533,8,31,134,173,1.2716763005780347,0.04108653923004977,648,I want to be known for really tearing it up on stage.
2682,1536,10,24,128,162,1.271604938271605,0.04467220055575988,648,"For my next trick, I will disappear all record of my contact with the Russians."
2752,1536,8,28,126,162,1.271604938271605,0.042921358672471925,648,"And, for our finale, we’ll scrub a computer hard drive."
937,1536,7,30,125,162,1.271604938271605,0.04201858867441236,648,Abracadabra! I will now make the notes from Trump's meeting with Putin disappear.
2142,1536,8,28,126,162,1.271604938271605,0.042921358672471925,648,"And, now, for my next trick as your new attorney general, watch as I make these records disappear."
1668,1540,7,27,117,151,1.271523178807947,0.04400860324724808,648,For my final disappearing act: the Constitution.
2573,1541,7,24,109,140,1.2714285714285714,0.046283075051954635,648,Sorry that I forgot the table.
1760,1542,12,24,141,177,1.271186440677966,0.04351316254681952,648,"And now, for our Bansky fans..."
1070,1542,8,32,137,177,1.271186440677966,0.040454789250159655,648,"And poof! It’s disappeared. Now for my next act I will pull out a clean set of tax returns out of a hat. Caroline, will you help me please?"
998,1542,9,30,138,177,1.271186440677966,0.04124065116681124,648,Watch as I make Trump's returns disappear!
605,1545,7,31,128,166,1.2710843373493976,0.041336385673525704,648,"It is, of course, a standard cross-cutting shredder, producing the confetti from which I will make a bill acceptable to the House, Senate, and Mr Trump"
2737,1545,11,23,132,166,1.2710843373493976,0.04473001431993507,648,"Voila`, the notes from Trump's in interpreter."
244,1547,6,30,119,155,1.270967741935484,0.04225491438448457,648,"Yes, that's my only copy of the Saw-The -Lady-In-Half Trick instructions."
3359,1547,10,22,123,155,1.270967741935484,0.04605026071463241,648,"The lesser known brother, Binksy the Magician, never had a very big following."
3982,1547,13,16,126,155,1.270967741935484,0.04870306000211629,648,"The Great Giuliani is unsurprised to see,“Tell them anything but the truth, Michael!” reconstitute from shreds."
4072,1547,9,24,122,155,1.270967741935484,0.04513135640908927,648,"Before the shutdown, I made the big bucks doing this"
3376,1551,10,19,115,144,1.2708333333333333,0.048499983979362775,648,And voila! That incriminating letter shredded by your cheating husband is now in perfect condition.
3325,1551,7,25,112,144,1.2708333333333333,0.045396840800028745,648,And now......Right before your very eyes.....AG  William Barr will make the Muller report DISAPPEAR!
202,1553,10,29,142,181,1.270718232044199,0.04136068372340272,648,A Trumpian tax audit. The magic is that he hasn't been caught!
2440,1554,8,30,132,170,1.2705882352941176,0.04153047567632133,648,See my Congressional Subpoena disappear!
2434,1554,8,30,132,170,1.2705882352941176,0.04153047567632133,648,Another vote for Mitt Romney!
3037,1554,10,26,134,170,1.2705882352941176,0.04317415544570702,648,"I'm glad you agreed to shred the prenup, it was ruining the magic between us."
1908,1554,10,26,134,170,1.2705882352941176,0.04317415544570702,648,Banksy is to art as I am to magic!
3841,1554,5,36,129,170,1.2705882352941176,0.03893506744669494,648,"What happens in Vegas, stays in Vegas."
2006,1554,4,38,128,170,1.2705882352941176,0.038030590750137004,648,"Well, this trick worked for Banksy, so here goes!"
2240,1554,7,32,131,170,1.2705882352941176,0.04068374080179009,648,And the disappearing student loan winner is...
809,1561,6,31,122,159,1.270440251572327,0.0415501846950937,648,Abracadabra! It's a Banksy.
159,1562,8,24,116,148,1.2702702702702702,0.04557511250868925,648,"Next, I will attempt to join not two, not three, but four sheets of paper together with a stapler!"
2291,1562,5,30,113,148,1.2702702702702702,0.042441782362525486,648,"As I shred this birth certificate, watch our volunteer from the audience vanish."
3330,1562,11,28,146,185,1.2702702702702702,0.04145080702767782,648,I call this trick my reverse Banksy.
95,1565,12,23,139,174,1.2701149425287357,0.0440102388792563,648,Behold the magic of corporate law !
2353,1566,9,33,147,189,1.2698412698412698,0.03942843329333676,648,And now to make the Mueller investigation disappear.
2921,1567,8,25,119,152,1.269736842105263,0.044739276787746564,648,"And with a tap of his wand, the subpoena disappeared."
3673,1568,10,28,140,178,1.2696629213483146,0.04180289914796783,648,For my next deduction . . .
4022,1568,9,30,139,178,1.2696629213483146,0.041036598361783805,648,Watch carefully as I make your vote disappear
1547,1570,7,24,110,141,1.2695035460992907,0.0459939565037037,648,Here I have the original copy of the United States Constitution.  Good night folks - you all have been great!
4198,1570,6,26,109,141,1.2695035460992907,0.04487902530437653,648,This is how I made a rabbit disappear before the PETA complaint.
2414,1572,6,33,128,167,1.2694610778443114,0.0402333624070992,648,Toaster or shredder. You be the judge.
2877,1572,7,31,129,167,1.2694610778443114,0.041120169229633574,648,"I know it's no longer politically correct, but this just doesn't have the pizzazz of the old days with the saw."
4073,1572,9,27,131,167,1.2694610778443114,0.042838744744204925,648,"Behold, as my assistant's benefits disappear before your very eyes!"
3473,1572,8,29,130,167,1.2694610778443114,0.04198825055139145,648,Into the shredder goes bipartisan compromise.
3293,1576,11,27,144,182,1.2692307692307692,0.04189072096316562,648,"For my next trick, I will suborn perjury!"
2201,1576,11,20,125,156,1.2692307692307692,0.0466815708028145,648,"Notice my dear, at this point it will take magic to reclaim shredded liberties."
1587,1576,10,29,143,182,1.2692307692307692,0.04115968579713304,648,Pay attention as my last shred of dignity disappears.
1474,1576,8,33,141,182,1.2692307692307692,0.039657208665367996,648,"Well is February now,time to destroy this years resolutions."
1602,1576,7,35,140,182,1.2692307692307692,0.038884205421140475,648,I hope you cleaned it after the dove bit the dust.
1179,1576,12,25,145,182,1.2692307692307692,0.04260921579551649,648,"And for my next trick, I’ll make the President’s tax returns disappear."
642,1576,8,26,122,156,1.2692307692307692,0.04394348751296154,648,"Helsinki notes? Absolutely, Mr. President, this baby'll shred even when recharging."
3262,1583,10,26,135,171,1.2690058479532165,0.0429500918336122,648,"And now from the shredder of the newly appointed  Attorney General, the Mueller Report!"
3267,1583,12,22,137,171,1.2690058479532165,0.044523132052052765,648,And this is the prenuptial agreement with my previous assistant.
3975,1583,10,26,135,171,1.2690058479532165,0.0429500918336122,648,"Abracadabra!  The Never Before Seen, Amazing, Disappearing Presidential  Tax Return Trick!!"
2930,1586,5,29,111,145,1.2689655172413794,0.04294607285579174,648,"Carol had once been sawn in half, but even she began to tremble when she mistakenly heard the next trick as, ""The shred-her."""
3744,1587,7,29,124,160,1.26875,0.042264771709698806,648,with the flick of my stick and swish of my wand my income statement shall forever be gone
3096,1587,3,37,120,160,1.26875,0.038364638912257804,648,"Of course, it wouldn't be magic without the tireless work done by my beautiful and undocumented assistant."
897,1587,7,29,124,160,1.26875,0.042264771709698806,648,"And viola! Just like that, I shall make my taxes disapear."
3115,1587,7,29,124,160,1.26875,0.042264771709698806,648,The real trick is how I manage to stay ahead of the IRS.
2651,1587,7,29,124,160,1.26875,0.042264771709698806,648,A true magician always shreds his secrets.
1657,1592,7,33,135,175,1.2685714285714285,0.03985900555352195,648,If we can hide the electrical cord. this trick goes up a whole level !
3806,1593,9,26,129,164,1.2682926829268293,0.04333262820711154,648,Do you think they'll be able to tell how I did it?
2695,1593,10,24,130,164,1.2682926829268293,0.044187479747355984,648,... and Abra-ca-Banksy!
2826,1593,9,26,129,164,1.2682926829268293,0.04333262820711154,648,This bill eliminator eliminates any size bill. I am now eliminating the National Debt.
2530,1596,11,26,142,179,1.2681564245810055,0.042343803154195114,648,I don't know why I keep putting all of my evil schemes in writing.
3614,1596,9,30,140,179,1.2681564245810055,0.04083449850659945,648,Isn't this the voting machine?
155,1596,8,32,139,179,1.2681564245810055,0.04005852680326121,648,The shredder ate my homework!!
3578,1599,9,23,121,153,1.2679738562091503,0.04543727077123655,648,"For the final act of this administration, we will make the tax returns of Donald Trump disappear."
2931,1599,4,33,116,153,1.2679738562091503,0.04042955620720004,648,"For my next trick, not a shred of evidence shall be left behind!"
1308,1599,9,23,121,153,1.2679738562091503,0.04543727077123655,648,"And now, here's the missing tax report, magically unshredded."
832,1599,9,23,121,153,1.2679738562091503,0.04543727077123655,648,This is what happens to republican ballots in Chicago.
2140,1603,13,19,136,168,1.2678571428571428,0.04583696692368735,648,With my magic de-shredder I will reveal the notes of the translator of the Helsinki meeting between Trump and Putin.
2336,1603,7,31,130,168,1.2678571428571428,0.040906130838603345,648,Enron The Magnificent!
2806,1603,10,25,133,168,1.2678571428571428,0.04344156464118289,648,"Honestly, I didn't rig the ballot box! There was no voter fraud!"
2810,1603,8,29,131,168,1.2678571428571428,0.04176837966230732,648,#metoocadabra
4090,1603,8,29,131,168,1.2678571428571428,0.04176837966230732,648,And I’ve called this one: Robert Mueller’s Dream Trick!
1757,1603,10,25,133,168,1.2678571428571428,0.04344156464118289,648,"I shall now make my fraudulent tax returns, disappear!"
3740,1609,6,30,121,157,1.267515923566879,0.041785799577232385,648,"Now, I will make all of my credit card debt- disappear!"
2650,1609,9,24,124,157,1.267515923566879,0.04462097038717284,648,And this one is for the IRS
1746,1609,7,28,122,157,1.267515923566879,0.04275175275514142,648,Now watch as I make my New Year's resolutions disappear.
2699,1609,11,20,126,157,1.267515923566879,0.04641497207743607,648,"Abracadabra, let it be November 8, 2016"
1225,1609,7,28,122,157,1.267515923566879,0.04275175275514142,648,Your ballot is toast.
2294,1614,9,28,135,172,1.2674418604651163,0.041925014830976624,648,"By the way, the President said if I can make the notes from his meeting with Putin disappear, he would guarantee me a spot in the America's Got Talent finals."
899,1614,10,26,136,172,1.2674418604651163,0.042728284830799865,648,"The good thing about this honey, is that the bills will disappear. magic school paid off!"
1692,1616,9,32,146,187,1.267379679144385,0.03963166912887862,648,"This document will now...honey, this is our marriage license."
2346,1616,8,34,145,187,1.267379679144385,0.03889946261419688,648,"And Presto, watch as my subpoenaed financial records disappear!"
1157,1618,7,25,114,146,1.2671232876712328,0.044849083934353454,648,Trust me.  Stuffing the ballot box always yields magical results.
2674,1618,8,23,115,146,1.2671232876712328,0.045890234702387844,648,"Abracadabra, I thus increase the value of this Banksy signed letter by 1 million dollars"
4181,1620,14,15,132,161,1.2670807453416149,0.048066468580474794,648,And-- Presto!-- royalties appear in Banksy's account!
3976,1620,9,25,127,161,1.2670807453416149,0.043842749047405725,648,"I shall now make the instructions for the ""cut-the-lady-in-half"" trick, which didn't work out so well last time, disappear."
2545,1620,8,27,126,161,1.2670807453416149,0.0429481884656501,648,The real magic is in Cayman
422,1620,5,33,123,161,1.2670807453416149,0.04014508236163696,648,Watch as I make this incriminating evidence of my ongoing tax fraud disappear!
197,1624,10,27,139,176,1.2670454545454546,0.04204545454545454,648,"And now i will make a five year old document, not just relevant but crucial."
4209,1624,5,37,134,176,1.2670454545454546,0.037988747324155865,648,Abracadabra tax evasion!
2282,1626,12,27,152,191,1.2670157068062826,0.041127066858111835,648,"Magically, the election results are unexpected."
2131,1627,7,26,117,150,1.2666666666666666,0.044032392659054245,648,"Abracadabra…Shred Faster, the feds will be here any second."
68,1627,6,32,127,165,1.2666666666666666,0.04044590095625991,648,Watch closely as I make these incriminating political records disappear before your very eyes!
401,1627,4,36,125,165,1.2666666666666666,0.03857526725959011,648,"At the request of audience volunteer Mr. Bezos, I will make this prenup disappear.”"
575,1627,11,26,143,180,1.2666666666666666,0.04213424792162008,648,"And now, my lovely assistant will bring the shreds home with her and over the weekend painstakingly reassemble her paycheck."
1734,1627,5,30,115,150,1.2666666666666666,0.041950931885420414,648,And the bi-partisan amount that Congress will allocate for the Wall is . . .
2562,1627,8,32,140,180,1.2666666666666666,0.03986320494676991,648,"When we say ""a magician never reveals his secrets,"" we're not messing around."
4183,1627,9,26,130,165,1.2666666666666666,0.043099888563495836,648,"Ladies and gentlemen, prepare yourselves to be astounded as the talented and indefatigable Mrs May demonstrates how her magical Brexit plan can separate the UK from the EU!"
2381,1627,6,36,138,180,1.2666666666666666,0.03827438589666207,648,"And for my last trick, I will make your student debt disappear!"
3255,1635,7,35,142,184,1.266304347826087,0.03851571949875561,648,"Melania, hold still.  It's just the Mueller report"""
4158,1635,12,25,147,184,1.266304347826087,0.04219529955717462,648,We interrupt this episode of The Apprentice to bring you the long awaited release of the Mueller Report.
328,1637,9,27,133,169,1.2662721893491125,0.04238992652320577,648,"And now, my lovely assistant and I, will demonstrate the best way to dispose of all those bothersome bills."
852,1637,8,29,132,169,1.2662721893491125,0.041550733958717244,648,"And now, before your very eyes, I, as new head of the IRS will make President Trump's tax returns disappear. Viola!"
905,1637,9,27,133,169,1.2662721893491125,0.04238992652320577,648,Now just watch as I make your stock earnings from 2018 disappear.
4179,1637,10,25,134,169,1.2662721893491125,0.04321282504971724,648,"Now, Sheila will reproduce the same copy of our prenuptial agreement."
2847,1637,11,23,135,169,1.2662721893491125,0.044020343330239436,648,"And now,for my next trick,I shall pull an unemployment check out of a printer."
187,1637,7,31,131,169,1.2662721893491125,0.04069423932663458,648,It isn’t a magic trick. It’s the transcript of Trump’s Helsinki meeting with Putin!
2587,1643,9,32,147,188,1.2659574468085106,0.03944594650875437,648,Watch as the facts disappear Miss Demeanor
1775,1644,6,34,133,173,1.2658959537572254,0.03921908183691518,648,"For those of you loudly demanding refunds, yes, I used to ‘saw the lady in half,’ but thanks to the #MeToo movement, well ... let’s just say I’m a little more ‘woke’ than I was."
480,1645,5,32,121,158,1.2658227848101267,0.040573293836953364,648,A young Houdini performs his most important trick of all: making his pre-nup disappear.
1740,1645,9,24,125,158,1.2658227848101267,0.04436997625775281,648,Now watch as I turn your government pay stub into a tasty meal full of fibber.....er...fiber.
3513,1645,10,22,126,158,1.2658227848101267,0.045269420674413266,648,And you really think  that Muller’s team  won’t be able to piece it back together?
3412,1645,8,26,124,158,1.2658227848101267,0.043451917541463006,648,"See Judy, I told you I could make our bills disappear"
2102,1645,7,28,123,158,1.2658227848101267,0.0425140386572089,648,Abracadabra!  Banksy does it again!
1825,1650,9,25,128,162,1.2654320987654322,0.043602453832988525,648,No subpoena can bring this document back.  I am sworn to secrecy by the magician's code.
4149,1650,7,29,126,162,1.2654320987654322,0.04180683566182501,648,This one's a special request from Bart O'Kavanaugh in the audience: Abracadabra let's make Roe v. Wade disappear.
2950,1650,9,25,128,162,1.2654320987654322,0.043602453832988525,648,Eureka! Here is Donald trump's tax returns!
2109,1653,7,25,115,147,1.2653061224489797,0.044579994213738955,648,...and now I will make the evidence magically disappear! ....I said MAGICALLY DISAPPEAR darnit!
3017,1653,5,29,113,147,1.2653061224489797,0.04243818992211959,648,Don't try this with a rabbit.  And let me know if you've seen Babette.
2292,1655,12,24,145,181,1.2651933701657458,0.042652506222361955,648,You can shred it but it’s still on your email !
296,1655,12,24,145,181,1.2651933701657458,0.042652506222361955,648,"For our next trick w shall repair this jammed shredder, without benefit of pliers which my lovely wife Joanne, here, made disappear from our tool kit, last month, when attempting to repair a brassiere"
2387,1657,7,30,129,166,1.2650602409638554,0.04113102928238062,648,"And with my next trick, I'll make your vote disapear!"
2861,1658,7,26,118,151,1.2649006622516556,0.04377545226709975,648,"We can try, but I'm not sure this will make the subpoena disappear."
696,1659,6,37,142,185,1.2648648648648648,0.037559831478664665,648,This trick killed at Ollie North's soirees.
2622,1660,8,29,133,170,1.2647058823529411,0.04133528123659467,648,a tap of my wand and ballots disappear
4014,1660,7,31,132,170,1.2647058823529411,0.040484464065047195,648,"And now, for my next trick, I'll make the evidence disappear!"
4197,1662,6,38,145,189,1.2645502645502646,0.0370490966358926,648,"And when it's shredded, it will turn into his tax returns!"
1229,1662,8,34,147,189,1.2645502645502646,0.038538424230829614,648,Behold! As I make this ballot disappear!
2522,1664,9,23,123,155,1.264516129032258,0.044915243324909135,648,"See, it doesn't jam. Magic!"
2774,1664,7,27,121,155,1.264516129032258,0.04300935621249226,648,"Now, I will make this piece of paper disappear!"
3385,1664,7,27,121,155,1.264516129032258,0.04300935621249226,648,And now...The Great Redacto will reveal what's in those Mueller reports!
3449,1664,6,29,120,155,1.264516129032258,0.04202401148452718,648,Hocus pocus and the incriminating evidence is gone!
1883,1668,10,26,138,174,1.264367816091954,0.04229131031983447,648,And for my final act-Mueller subpoenas!
4124,1669,7,28,124,159,1.2641509433962264,0.04227887650481754,648,"For my next trick, I’ll file my taxes."
444,1669,7,28,124,159,1.2641509433962264,0.04227887650481754,648,And this trick is called 'Making my Russian transcripts disappear'.
3073,1671,7,33,138,178,1.2640449438202248,0.039271393597900606,648,"Watch carefully as I partially shred this Banksy printout, thus increasing its value considerably."
2681,1672,9,34,154,197,1.263959390862944,0.03817624202527881,648,"Lady's an gentlemen, watch before your very eye's as I make this Muller report disappear!!"
1527,1673,8,32,142,182,1.2637362637362637,0.03947805424619005,648,"And just like that, we can make Trump's financial statements disappear!"
699,1673,8,32,142,182,1.2637362637362637,0.03947805424619005,648,I shall now make the subpoena disappear.
378,1675,9,21,118,148,1.2635135135135136,0.04634209993883322,648,Now to saw the witness in half.
1421,1676,10,24,133,167,1.2634730538922156,0.04347935965149285,648,And for my next collusion trick....
3626,1676,6,32,129,167,1.2634730538922156,0.04002343373741166,648,"I can’t take anymore, just saw me in half already"
2230,1676,10,24,133,167,1.2634730538922156,0.04347935965149285,648,Voila! Gone without a shred of evidence.
2753,1676,9,26,132,167,1.2634730538922156,0.042641644536897776,648,"Cross cut is the real magic, am I right, folks?"
2182,1676,9,26,132,167,1.2634730538922156,0.042641644536897776,648,"And now, before your very eyes, watch the jury duty summons disappear!"
3336,1681,11,27,148,186,1.2634408602150538,0.041087865195948405,648,TA-DA! Tax returns? What tax returns?
1081,1681,11,27,148,186,1.2634408602150538,0.041087865195948405,648,Curse these Trump hands!
945,1683,11,23,137,171,1.263157894736842,0.04355934342498944,648,And now for my final act as precinct captain ...
3612,1683,7,26,119,152,1.263157894736842,0.04352140984370994,648,Abracadabra Banksy!  It's now worth over $2 million!
4065,1683,4,37,130,171,1.263157894736842,0.037627386999170544,648,An identity thief never reveals his secrets
1294,1683,9,32,149,190,1.263157894736842,0.03907953220624763,648,"...and now I will shred my rabbit's last will and testament""."
3298,1683,6,28,118,152,1.263157894736842,0.04250852548658323,648,...and Viola... No voter fraud here!
1017,1688,7,32,136,175,1.262857142857143,0.03966550263718428,648,"No, you're right Murielle. He's a great showman, but this new voting system still seems flawed."
4229,1688,9,28,138,175,1.262857142857143,0.041288194310771846,648,I have a recycling business on the side.
112,1690,7,27,122,156,1.2628205128205128,0.04276639324281545,648,"Now, “before the audience ‘s eyes I will make this opponent ‘s ballot disappear."
368,1690,9,23,124,156,1.2628205128205128,0.04465859786062159,648,Watch me turn this paper into a Banksy!
1948,1690,9,23,124,156,1.2628205128205128,0.04465859786062159,648,'I will now make the constitution disappear. '
716,1690,5,31,120,156,1.2628205128205128,0.04078649800021505,648,"And if you do this with Muller's report, Kelly Ann, you'll have another two years."
1902,1694,7,22,108,137,1.2627737226277371,0.04664583979511086,648,And now my assistant and I will make our completely worthless college degrees magically disappear.
2846,1695,7,33,139,179,1.2625698324022345,0.03907923426397881,648,My liability for cutting that last women in half will now vanish.
1552,1695,10,27,142,179,1.2625698324022345,0.04141857851945866,648,Abracadabra and viola!  Tiny Hands the Magnificent has made the Mueller Files disappear!
198,1695,11,25,143,179,1.2625698324022345,0.042169531005341265,648,"And for my next trick, we'll disappear from your very eyes, then reappear overseas with different names and hairstyles."
2977,1695,5,37,137,179,1.2625698324022345,0.037438551699861246,648,I shall now shred the Florida ballot...
1495,1695,11,25,143,179,1.2625698324022345,0.042169531005341265,648,"Before modern technology, I used to say: ‘Now you see it, now you don’t!’"
1272,1700,9,24,127,160,1.2625,0.043876165791102366,648,"And presto change-o, no more incriminating evidence."
3984,1701,5,27,109,141,1.2624113475177305,0.0434637466358263,648,"Et voila, I will transform this ordinary document into festive confetti."
3063,1702,8,32,143,183,1.2622950819672132,0.03928817636165757,648,If the president can do it...
447,1703,5,33,126,164,1.2621951219512195,0.03950805227642463,648,"I, the new Attorney General, will now make the Mueller report disappear."
599,1703,8,27,129,164,1.2621951219512195,0.0422532400170497,648,"You won't regret hiring Magyar, the magical tax accountant."
1138,1703,8,27,129,164,1.2621951219512195,0.0422532400170497,648,I hope you've got that copy tucked in your cleavage!
2630,1703,9,25,130,164,1.2621951219512195,0.04312949096645643,648,"And for my next trick, I'll run the president's entire cabinet through the shredder."
3782,1703,7,29,128,164,1.2621951219512195,0.041358428316984844,648,"To shred or not to shred, that is the question."
3814,1703,8,27,129,164,1.2621951219512195,0.0422532400170497,648,"And now, for my next trick, I'll make another Russia collusion document disappear."
906,1709,8,28,132,168,1.2619047619047619,0.0415672568654724,648,Keep your eye on the wand and not the paper shredder.
2452,1709,12,20,136,168,1.2619047619047619,0.044866255036931826,648,"Because, Doris, just throwing out my list of dreams and aspirations lacks the dramatic flair appropriate for a would-be professional magician."
1928,1709,10,24,134,168,1.2619047619047619,0.043248223572530546,648,"Bada bing, bada boom and this is how you disappear the president tax files"
3269,1709,8,28,132,168,1.2619047619047619,0.0415672568654724,648,"Dad specifically said, ""Eric, be sure to put it in the Mueller file."""
2003,1713,10,30,151,191,1.2617801047120418,0.03960085880074952,648,"And that, Mr. Mueller, is what a magician can do for your team."
152,1714,5,29,115,149,1.261744966442953,0.04194177374360649,648,And voila!  It never happened!
2105,1714,10,19,120,149,1.261744966442953,0.047038133387666464,648,Now watch carefully as I make this subpoena disappear...
360,1714,7,25,117,149,1.261744966442953,0.04405112743045617,648,This is how every magician worth his salt files his taxes.
2202,1717,9,27,136,172,1.2616279069767442,0.04173362395913673,648,"In this trick, my assistant will make evidence disappear."
3704,1717,9,27,136,172,1.2616279069767442,0.04173362395913673,648,"Virginia, your letter to Santa will arrive electronically!"
1756,1719,8,30,138,176,1.2613636363636365,0.040281990081318636,648,"For my next trick, I'm going to make my 2018 tax returns disappear."
3750,1719,11,24,141,176,1.2613636363636365,0.04263148976656396,648,I will now cast my ballot for an honest president.
3838,1719,10,26,140,176,1.2613636363636365,0.04186297713710269,648,"Poof, we're a cash business again."
1355,1719,6,34,136,176,1.2613636363636365,0.03863636363636365,648,...and Presto!  No more prenuptial!
2700,1723,10,21,126,157,1.2611464968152866,0.04531496180214352,648,I wonder if this will work with the bunny.
1868,1723,6,29,122,157,1.2611464968152866,0.0415548853183028,648,Unlike the rabbit this will never see the light of day.
3576,1725,8,31,141,180,1.261111111111111,0.03967894813932362,648,"And for his next trick, Mr. Trump will make his taxes disappear."
2660,1726,12,24,148,184,1.2608695652173914,0.04202857587400018,648,"And now, my tax returns will disappear"
1460,1726,9,24,128,161,1.2608695652173914,0.04363326407374778,648,You're getting sleepy
1329,1726,4,34,123,161,1.2608695652173914,0.03893151648684435,648,Abracadabra. The amazing disappearing prenup trick.
1079,1726,11,26,147,184,1.2608695652173914,0.04131591289992289,648,"Ipso, Factso, Fakeso, ... 
the shredded translator notes 
from Helsinki!"
203,1726,11,20,130,161,1.2608695652173914,0.04537776147888962,648,I learned the paper works better than the rabbit did.
824,1726,7,28,126,161,1.2608695652173914,0.04181605230798118,648,Observe.  This document will disappear before your very eyes and reappear as . . . toast.
2904,1726,6,30,125,161,1.2608695652173914,0.040877163295304914,648,"I don't explain my tricks, but I call this one ""the disappearing vote."""
143,1733,7,29,129,165,1.2606060606060605,0.04113770944021329,648,"Voilà, the illusion of our marriage disappears."
292,1733,5,33,127,165,1.2606060606060605,0.03930001880371855,648,"Next I, the Amazing Subpoeni, will make this document appear in court."
1158,1733,11,21,133,165,1.2606060606060605,0.04458643805034192,648,Had to shred my old act. Women I was chopping in half were demanding two salaries.
2108,1736,8,21,113,142,1.2605633802816902,0.04653574554365965,648,I perfected this slight of hand with my first wife's pre-nup.
1112,1737,8,28,133,169,1.2603550295857988,0.04134961596299139,648,This trick most likely will not work.
2144,1737,8,28,133,169,1.2603550295857988,0.04134961596299139,648,"Go forth, increase and multiply."
4159,1737,5,34,130,169,1.2603550295857988,0.03870999361770568,648,Boy...voting can be a brutal business...
1144,1737,8,28,133,169,1.2603550295857988,0.04134961596299139,648,"And that, is how you file taxes."
3897,1741,5,28,113,146,1.2602739726027397,0.04242840480501643,648,"This is a seasonal magic trick, I call it income tax intervention."
939,1742,9,33,154,196,1.260204081632653,0.03818542158577371,648,Did you plug it in?
3627,1743,10,25,138,173,1.260115606936416,0.042320923297170694,648,This is were the magic happens…
293,1743,9,27,137,173,1.260115606936416,0.041519239077797615,648,"And presto, with a tap of the wand my personal tax returns for the years 1992-2018 disappear."
2113,1745,9,28,140,177,1.2598870056497176,0.040874021061281206,648,The real trick was getting my hand in there to pull it out.
2350,1745,9,28,140,177,1.2598870056497176,0.040874021061281206,648,And for my next trick I shall free myself from the bonds of marriage to my assistant.
3679,1745,8,30,139,177,1.2598870056497176,0.04008097132468578,648,"Aaaandd, ....wait....yes, here it is: the Steele dossier!"
4195,1745,9,28,140,177,1.2598870056497176,0.040874021061281206,648,Now watch as I make your tax return return.
1266,1745,7,32,138,177,1.2598870056497176,0.03927191015143658,648,For my next trick watch how I make Donald Trump's tax returns disappear.
3458,1750,4,32,118,154,1.2597402597402598,0.039952856954326835,648,Watch the shredder! This simple marriage contract will come out as a complete set of divorce papers.
1056,1751,7,33,141,181,1.2596685082872927,0.038700333072747534,648,"And now, for my next act, I shall make your vote disappear!"
2739,1751,7,33,141,181,1.2596685082872927,0.038700333072747534,648,"Ladies and gentleman, please watch closely as I seem to make my assistant's union contract disappear."
1600,1751,8,31,142,181,1.2596685082872927,0.03948548004199304,648,It's a balanced Congressional budget.
2534,1754,10,21,127,158,1.259493670886076,0.045057569978179945,648,"And voila, as a part-time financial planner, I've solved your budget problems!"
208,1754,10,21,127,158,1.259493670886076,0.045057569978179945,648,Abra Cadabra Russian notes disappear!
3487,1756,9,24,129,162,1.2592592592592593,0.043392975850472526,648,"You’re next, lady"
3052,1756,7,28,127,162,1.2592592592592593,0.04158831423557151,648,Hocus Pocus Habeas Corpus.
1889,1756,8,33,148,189,1.2592592592592593,0.03836415522857991,648,I learned this technique from Banksy.
1738,1756,8,26,128,162,1.2592592592592593,0.04250022490597157,648,"Martha, I promise I’ll get your paycheck back this time"
3617,1760,5,33,128,166,1.2590361445783131,0.03909408885300817,648,And now I'll make these #MeToo allegations DISAPPEAR!
1912,1760,7,29,130,166,1.2590361445783131,0.04091926787593426,648,"We put the vote tally in the shredder and the President becomes dis-elected, Abra..."
3551,1760,9,25,132,166,1.2590361445783131,0.04266644095490076,648,"…and when I tap my wand, watch as my off-shore banking discrepancies disappear."
2658,1760,9,25,132,166,1.2590361445783131,0.04266644095490076,648,Abracadabra! Problem solved!
315,1764,9,26,135,170,1.2588235294117647,0.04197183212780174,648,A/b/b/a/c/a/d/a/b/r/a!
4187,1764,11,22,137,170,1.2588235294117647,0.0435988759111164,648,Please!  No help from the audience!
2461,1764,10,24,136,170,1.2588235294117647,0.04279308748429644,648,"Behold, as this résumé for an educated, qualified, unattractive assistant disappears!"
1187,1764,6,32,132,170,1.2588235294117647,0.039405504175705416,648,"Once I pull the paper out of the shredder, we will have the election results."
567,1768,9,27,138,174,1.2586206896551724,0.04130699281584876,648,I told you this would be faster than a divorce Janet.
2023,1769,10,26,142,178,1.2584269662921348,0.041443039661969716,648,Right before your very eyes... I can make Trump’s tax returns vanish.
1267,1769,7,32,139,178,1.2584269662921348,0.03907794288620063,648,It appears that even magical shredders get jammed.
851,1769,11,24,143,178,1.2584269662921348,0.0422019609555339,648,"Trump conspired with Putin to commit treason.  Now, presto!  He NEVER conspired to commit treason!"
3694,1769,10,26,142,178,1.2584269662921348,0.041443039661969716,648,"We put the court order in the magic box and presto, my problems disappear."
932,1773,7,25,119,151,1.2582781456953642,0.043534337171142495,648,Bye Bye Constitution
999,1774,7,33,142,182,1.2582417582417582,0.0385135428189856,648,Obama’s achievements shall disappear before your very eyes.
3152,1775,10,28,148,186,1.2580645161290323,0.04020179526477749,648,"Now I'm inserting this page, which contains the word 'rabbit' two hundred times,..."
2960,1775,8,24,123,155,1.2580645161290323,0.043744612142876955,648,Watch me carefully: for every ballot voted for me we will have three.
3242,1775,6,28,121,155,1.2580645161290323,0.04178536502662134,648,And voila! The ballot disappears!
806,1775,8,24,123,155,1.2580645161290323,0.043744612142876955,648,"Of Course I'll win.  This isn't a third world country, it's New Jersey"
97,1779,7,27,125,159,1.2578616352201257,0.042053260892477094,648,"That's right, eight pages in a shredder that can only do five!"
384,1779,5,31,123,159,1.2578616352201257,0.040115505230405954,648,And now I shall make the tax returns reappear!
2278,1779,7,27,125,159,1.2578616352201257,0.042053260892477094,648,It says that I am a non essential magician.
3562,1782,10,22,131,163,1.2576687116564418,0.044024048786550855,648,NC-9 Polling Station
1204,1782,9,24,130,163,1.2576687116564418,0.04315526050809657,648,"And now, with a tap of my wand, I will make the interpreter's notes disappear."
2110,1784,4,26,102,132,1.2575757575757576,0.04384536910022607,648,"For my next trick, I shall now let all my hopes and dreams disappear."
2080,1785,6,31,130,167,1.2574850299401197,0.0398069722598191,648,"Saw me in half, okay.  But a shredder?  
This was NOT what we rehearsed!"
2964,1785,10,23,134,167,1.2574850299401197,0.043280186090922594,648,Watch as I make this restraining order disappear!
1700,1785,10,23,134,167,1.2574850299401197,0.043280186090922594,648,Any friend will help shred a document. But only a true friend will you help cut a body in half.
804,1785,6,31,130,167,1.2574850299401197,0.0398069722598191,648,"Click of a switch, a wave of the wand, jury summons be gone!"
1659,1785,9,25,133,167,1.2574850299401197,0.04243853957397885,648,I ran out of pigeons.
2706,1790,4,36,131,171,1.2573099415204678,0.03740754573503583,648,"I think I'm done practicing on paper and feel ready to try my new version of the ""cut a person in half"" trick.  Are you ready?"
2951,1790,6,32,133,171,1.2573099415204678,0.03920361433755316,648,"And, for our final trick, we will turn an ordinary piece of toast into a terrifying todo list!"
3123,1790,9,26,136,171,1.2573099415204678,0.041753104386869404,648,Watch my unreported earnings disappear!
4234,1790,8,28,135,171,1.2573099415204678,0.04092092711970746,648,Honest.  Fake news.
2723,1794,9,27,139,175,1.2571428571428571,0.04109685441303293,648,"For $29.95 you get the presidential tweet shredder and, for the first 100 callers today only, a VP bobble-head for your dashboard."
3438,1795,7,32,140,179,1.2569832402234637,0.03888582718695954,648,...and just like that your marriage is annulled.
1101,1795,8,30,141,179,1.2569832402234637,0.03968473578911617,648,"Next, I will make the rabbit disappear"
858,1797,9,29,145,183,1.2568306010928962,0.03986441989390122,648,Now I’ll make my assistant disappear simply by shredding her contract.
2248,1797,11,25,147,183,1.2568306010928962,0.04134332417974498,648,Now watch as The Great Gerrymandro makes your voter registration disappear.
2374,1797,7,33,143,183,1.2568306010928962,0.0383284945272189,648,"Take that, Zuckerberg."
3133,1797,8,31,144,183,1.2568306010928962,0.03910399894000815,648,"For my next trick, I will make the Trump/Russian agreements miraculously disappear."
3910,1801,7,24,117,148,1.2567567567567568,0.04406452590931787,648,"In this trick, I will fix this shredder without calling the IT department!"
1440,1801,11,16,121,148,1.2567567567567568,0.04805618687580076,648,"And now, with the help of my assistant, I will make all evidence of the meeting with Mr. Putin disappear!"
3489,1803,8,23,121,152,1.256578947368421,0.04427557808511744,648,"Pelosi leviosa."""
2631,1804,10,29,152,191,1.256544502617801,0.03943291856726618,648,"At the sound of the magic word “Audit,” Madoff the Marvelous quickly made things disappear."
2707,1805,10,20,126,156,1.2564102564102564,0.045356591797701226,648,Now watch me make this State of the Union Address disappear before your very eyes.
1968,1805,8,24,124,156,1.2564102564102564,0.043494763450623725,648,"You know, I wouldn't have to be shredding our marriage license if you just supported my hobbies."
2862,1805,4,32,120,156,1.2564102564102564,0.039508764899330175,648,Banksy tells me this trick could make me a millionaire.
333,1805,7,26,123,156,1.2564102564102564,0.04253329826955489,648,And now...the disappearing Mueller Report. Zzzzzz....
1576,1805,6,28,122,156,1.2564102564102564,0.04154959056053535,648,"And when I count to three, none of you will remember seeing this."
2298,1805,9,22,125,156,1.2564102564102564,0.04443542993563251,648,I taught Banksy everything he knows
1984,1811,5,31,124,160,1.25625,0.03989655945034412,648,Abracadabra! I will now make my paper trail disappear!
676,1811,6,29,125,160,1.25625,0.04086993770702496,648,"And now, by means of my lovely assistant, a few magic words, and this handy-dandy Fellowes Powershred 6000, I shall evade federal prosecution!"
3400,1811,8,25,127,160,1.25625,0.04275025745628459,648,"Next, I shall use the mystic box of knives to transport my tax return beyond the ken of man."
1707,1811,10,21,129,160,1.25625,0.044551287489601604,648,"And now, my famous “Disappearing Tax Records” trick, which I learned from The Great Trumpini."
2647,1815,12,18,134,164,1.2560975609756098,0.045459687774912876,648,Abracadabra! My taxes are done!
499,1815,8,26,130,164,1.2560975609756098,0.042039462606503646,648,Watch and be amazed my legal troubles disappear before your very eyes.
2827,1815,8,26,130,164,1.2560975609756098,0.042039462606503646,648,"With two shakes of his small wand, Manshreddi makes women's rights disappear."
2101,1815,7,28,129,164,1.2560975609756098,0.04114000142387433,648,Presto!  No more constitution!  For my next trick:  what do you think of eighteen justices on the Supreme Court?
587,1819,6,31,131,168,1.255952380952381,0.039598987698438386,648,"And now, I’m casting the magic vote that will decide the election!"
2687,1820,9,26,137,172,1.255813953488372,0.041536592581399946,648,"And “presto”, your harassment complaint has vanished!"
538,1820,9,26,137,172,1.255813953488372,0.041536592581399946,648,My lawyer says it's the only way to make it truly disappear.
2523,1820,5,34,133,172,1.255813953488372,0.038122050040046394,648,"And, ladies and gentlemen, the IRS isn’t working right now, which means I can make my taxes go poof (and you can too!)."
3367,1820,5,34,133,172,1.255813953488372,0.038122050040046394,648,And voila! Your legal troubles have disappeared!
3390,1820,8,28,136,172,1.255813953488372,0.040709815367658664,648,And we simply place this infallible plan to end the shutdown in the magical remote suggestion box....
2929,1825,9,27,140,176,1.2556818181818181,0.0408887936660111,648,And Abracadabra! It’s now a Banksy!
2729,1825,8,29,139,176,1.2556818181818181,0.0400868854181335,648,"By the power vested in me by the New Jersey Magicians Alliance, I now pronounce us divorced."
2084,1825,6,33,137,176,1.2556818181818181,0.038432905857564745,648,Sounds really shredful
896,1825,9,27,140,176,1.2556818181818181,0.0408887936660111,648,"...and with a touch of magic, we'll finally see the President's tax returns!"
3860,1829,4,38,138,180,1.2555555555555555,0.03620945878035012,648,A magician never reveals his secrets...or his credit card statements.
1504,1829,7,32,141,180,1.2555555555555555,0.038695537784843345,648,"Abracadabra!  The votes disappear, right before our very  eyes!!"
2754,1829,8,30,142,180,1.2555555555555555,0.039489465568541535,648,Abracadabra!  Let this absentee ballot register itself!
3141,1829,7,32,141,180,1.2555555555555555,0.038695537784843345,648,"For my next trick, I will make my tax return disappear."
3084,1833,3,29,105,137,1.2554744525547445,0.04148022890881395,648,"And just like magic, workers' rights are an illusion"
2844,1834,9,29,146,184,1.2554347826086956,0.039671736467045936,648,"For my next trick, I will put this piece of paper into the machine, and it shall come out in tiny bits."
3483,1834,9,29,146,184,1.2554347826086956,0.039671736467045936,648,Wall-a!  There you have it no more constitution!
1615,1836,10,29,153,192,1.2552083333333333,0.03924975116453101,648,I will now make your accumulated paid time off disappear.
778,1837,4,30,115,149,1.25503355704698,0.040577146826249216,648,"And for my next trick, I will make my criminal record disappear!"
1836,1837,3,32,114,149,1.25503355704698,0.03944375898658471,648,"And the magical unshredder not only puts your documents back together, but edits and improves them as well!"
3139,1837,6,26,117,149,1.25503355704698,0.04275388038170801,648,Plausible Deniability!
603,1840,9,21,123,153,1.2549019607843137,0.044983477229521916,648,This one's from Banksy so I'm going to grab it fast.
878,1840,8,23,122,153,1.2549019607843137,0.04401720017962765,648,And for my next trick. I will make my tax returns disappear.
2526,1840,7,25,121,153,1.2549019607843137,0.04302922959626292,648,"I promise you darling: This will be the last magic trick in our marriage."""
3504,1843,10,20,127,157,1.2547770700636942,0.04509635337361639,648,Donald asked me to make Muller’s notes disappear.
2829,1844,7,27,127,161,1.2546583850931676,0.04159056486557664,648,"Say the magic word, Mr. President, and I'll make that interpreter's notes disappear."
1478,1844,5,31,125,161,1.2546583850931676,0.03967991409683428,648,A prestidigitator never reveals his tax returns.
1695,1844,10,21,130,161,1.2546583850931676,0.04430230626610902,648,My God!  That is our Marriage license!
3001,1844,5,31,125,161,1.2546583850931676,0.03967991409683428,648,"In preparation for my next saw trick, here is my assistant's liability release form; I call this bit ""beyond a shred of a doubt""."
1526,1848,11,20,134,165,1.2545454545454546,0.04438505292854489,648,Turbotax.
3589,1848,8,26,131,165,1.2545454545454546,0.041812718560834544,648,The rabbit is next!
3821,1848,6,30,129,165,1.2545454545454546,0.04000604671087579,648,And now to make the evidence disappear
2771,1848,8,26,131,165,1.2545454545454546,0.041812718560834544,648,"That was the latest work by ""Banksy"""
2638,1852,5,33,131,169,1.2544378698224852,0.03848862214805896,648,"Get ready!  I will retrieve a rabbit, slightly the worse for wear."
3305,1852,8,27,134,169,1.2544378698224852,0.04114244972361408,648,Now watch me pull a Banksy out of my hat.
2269,1852,9,25,135,169,1.2544378698224852,0.041989802897784576,648,I’m shredding the contract for “The Wall”... abracadabra.... oh shit! It’s the Cheque for the wall! Oh noooo....
640,1852,5,33,131,169,1.2544378698224852,0.03848862214805896,648,Was THIS your shredded tweet?
2424,1852,3,37,129,169,1.2544378698224852,0.03661269286172056,648,"And before I saw my wife in half I will make our prenuptial disappear."""
2065,1857,5,34,134,173,1.254335260115607,0.03792988511451294,648,With a quick wave of the wand - and like that! - your parking ticket has disappeared .
418,1857,10,24,139,173,1.254335260115607,0.042127697070081994,648,"When it comes out, the sensitive information will be blacked out."
2032,1857,8,28,137,173,1.254335260115607,0.04050081715443797,648,Now watch as I make this Banksy print disappear...
3543,1860,8,29,140,177,1.2542372881355932,0.039885928944234865,648,"As the president's new ""Secretary of Redaction"", we felt that simply ""blacking-out"" certain sentences left some ambiguity about our position"
1037,1861,9,28,144,181,1.2541436464088398,0.04006953450711325,648,I will now make the President 's  tax return disappear.
3477,1861,9,28,144,181,1.2541436464088398,0.04006953450711325,648,"And, voilà, evidence has disappeared!"
3514,1863,8,32,149,189,1.253968253968254,0.03818519155718357,648,"Now, Ladies and Gentleman, with only a standard shredder, Abracadabra!! my opponents’ write in votes magically disappear!
(NC 9 humor)"
1374,1863,9,30,150,189,1.253968253968254,0.03891524308787813,648,"For my next trick, I'll make my insider trading charges disappear!"
1932,1865,5,23,102,130,1.2538461538461538,0.04543769573146975,648,"As they say, any sufficiently advanced technology is indistinguishable from magic"
2280,1866,6,24,112,142,1.2535211267605635,0.04406275403227522,648,"No, Karen, when I said that I wanted to shred on stage when I grew up I pictured a guitar not this."
1467,1867,7,23,116,146,1.2534246575342465,0.04434123257792524,648,"...and in a few short moments, my assistant will cough up this document, fully reconstituted."
2060,1867,7,23,116,146,1.2534246575342465,0.04434123257792524,648,"OK, so I said let’s make the act more high tech. Is this really the best we can do?"
2568,1869,4,30,116,150,1.2533333333333334,0.040341569222180476,648,"As a magician, I can even make government paychecks disappear."
316,1869,5,28,117,150,1.2533333333333334,0.041435825874730124,648,"Now say the magic words, “Sarbanes Oxley!”"
3149,1869,8,22,120,150,1.2533333333333334,0.044557648521436594,648,"...and just like that, the evidence has VANISHED. For my next trick, I will miraculously ESCAPE from my assistant's lawsuit..."
1817,1869,6,26,118,150,1.2533333333333334,0.042501919068836526,648,"For my next trick, I will reverse-Banksy this document."
550,1873,7,25,122,154,1.2532467532467533,0.042780938132409324,648,"It says, ""This act is toast""."
1840,1873,7,25,122,154,1.2532467532467533,0.042780938132409324,648,"Soon the secret of my shredding magic trick, written on this piece of paper, will be shredded, thus forever ending my shredding magic trick."
3394,1873,8,23,123,154,1.2532467532467533,0.043761753910379876,648,"And next, the rabbit please."
1113,1876,11,18,129,158,1.2531645569620253,0.04572924821826172,648,I hope the IRS and FBI do not make this reappear.
1856,1876,7,26,125,158,1.2531645569620253,0.04205545769901456,648,"Yes, I blew it on the Magna Carta and Dead Sea Scroll fragment, but third times a charm."
277,1878,9,23,130,162,1.2530864197530864,0.04317700064962713,648,And now with my magic words this sheet will turn into confetti
1988,1878,5,31,126,162,1.2530864197530864,0.03946553484613882,648,"Presto, some 2018 income has disappeared... next I'll pull an expense from my hat."
2015,1878,6,29,127,162,1.2530864197530864,0.040425359327943194,648,Now only an intern could restore it!
2229,1878,7,27,128,162,1.2530864197530864,0.041362917122645615,648,"And for my next trick, I will make the U.S. Constitution disappear."
2251,1882,7,28,131,166,1.2530120481927711,0.04070100148121295,648,And for my final illusion I will shred the constitution and reassemble it in perfect Russian. I call it the Trump Triumph
1821,1882,8,26,132,166,1.2530120481927711,0.04158835019210888,648,"And now I will read your mind.
 You're thinking, that's just a paper shredder!"
4085,1882,6,30,130,166,1.2530120481927711,0.039793871028663635,648,Would you prefer a rabbit?
79,1885,8,27,135,170,1.2529411764705882,0.040927095289632585,648,Come on out of there little rabbit.
2129,1885,5,33,132,170,1.2529411764705882,0.03829081085618105,648,I will then reassemble the shredded page into a genuine Banksy worth millions.
3924,1887,7,30,137,174,1.2528735632183907,0.039460838445967844,648,Presto! Whole again.
2648,1888,6,33,139,178,1.252808988764045,0.03805380774886673,648,And abracadabra just like that your tax problems are gone!
3307,1888,4,37,137,178,1.252808988764045,0.03634738422569202,648,Henry demonstrates to the court how his Redact-o-matic saves a bundle on toner.
1844,1890,7,32,143,182,1.2527472527472527,0.038320338922468465,648,No paper has been harmed in this trick.
1837,1890,7,32,143,182,1.2527472527472527,0.038320338922468465,648,"Meet my lovely assistant, Miss Aida Ann Abettor."
3422,1890,11,24,147,182,1.2527472527472527,0.04136785523462879,648,"We need confetti for the act, I happen to have an impending indictment. Two birds, one stone."
3200,1893,4,39,143,186,1.2526881720430108,0.03540099345382186,648,"And just like that, your student debt is gone, madam."
553,1894,8,32,150,190,1.2526315789473683,0.03800719721467117,648,"And say the magic word...presto, all our legal problems disappear!"
3685,1894,9,30,151,190,1.2526315789473683,0.0387329553823589,648,Let's see you return your birthday present now.
1180,1896,12,27,163,202,1.2524752475247525,0.03911606521254878,648,"Now, I will pull this full sheet of paper out of a shredder."
4172,1897,4,26,105,135,1.2518518518518518,0.042992689054808644,648,Watch as I make this subpoena disappear!
441,1898,5,25,109,139,1.2517985611510791,0.043433982204254526,648,"And now watch, as I make this ballot disappear."
3160,1899,7,22,114,143,1.2517482517482517,0.044899980190093225,648,We magicians never reveal our secrets.”
3247,1899,6,24,113,143,1.2517482517482517,0.04378944124821906,648,And for my next trick I’ll make make that pesky U.S. Constitution disappear for good.
1129,1901,9,19,119,147,1.251700680272109,0.046138299204933786,648,"Next... ah, the translator's notes... Bye, Bye..."
1662,1901,6,25,116,147,1.251700680272109,0.0430020787076315,648,"No, Banksy is not part of this illusion."
3176,1903,4,31,120,155,1.2516129032258065,0.039470254572099274,648,"And now, I'm going to make Donald Trump's tax return disappear!"
2985,1903,6,27,122,155,1.2516129032258065,0.04153884154750915,648,"And when I place the magic ballot in the box, presto, Hillary will be the president."
1626,1903,5,29,121,155,1.2516129032258065,0.04051775137575749,648,And the winning lotto ticket is
1416,1906,10,20,129,159,1.251572327044025,0.044584570103790626,648,And for my next trick.....the federal budget!
250,1906,9,22,128,159,1.251572327044025,0.04368263265234609,648,Abracadabra! Just like that I can make Trump's tax returns disappear.
2718,1908,11,19,133,163,1.2515337423312884,0.04466845242101125,648,I will now retrieve your secret information from Equifax.
2133,1908,9,23,131,163,1.2515337423312884,0.042939374909403194,648,Abracadabra--now I never said that!  I wasn't even there!
3883,1910,8,26,133,167,1.251497005988024,0.041366321584708224,648,"Right before your very eyes, I will destroy all evidence of what really happened to the bunny in the hat."
4061,1910,6,30,131,167,1.251497005988024,0.03958387080193215,648,"And magically, by the end of my act, I'll have enough bedding for my rabbit cage!"
1217,1910,5,32,130,167,1.251497005988024,0.0386618411456482,648,"And for my next trick, I'll shred my mail without jamming the shredder"
1269,1910,7,28,132,167,1.251497005988024,0.040484906997012814,648,And with a wave of my wand... abracadabra! No more health insurance for Carol.
3280,1914,8,27,136,171,1.2514619883040936,0.04071393085796626,648,Now watch closely as the shredder speeds up when it detects the name Clinton.
827,1914,4,35,132,171,1.2514619883040936,0.037180994708179135,648,"Er voilà, 2020 election victory!"
2089,1914,8,27,136,171,1.2514619883040936,0.04071393085796626,648,"If this works, ballot boxes are next."
1496,1914,9,25,137,171,1.2514619883040936,0.04155025409683629,648,"Trying to make your prenup disappear again, dear?"
4193,1914,10,23,138,171,1.2514619883040936,0.04237007275325432,648,And viola...a tree simultaneously sprouts in Thailand!
1610,1919,6,32,137,175,1.2514285714285713,0.038415729048526664,648,e Presto! - linguini ala carta!
288,1919,7,30,138,175,1.2514285714285713,0.039261300071719546,648,"No meeting notes means I never met with Putin. In fact, better yet, I don't even know the man."
2396,1921,9,28,146,183,1.2513661202185793,0.03967878232540861,648,"Behold! as I, the Amazing Banksy, using only this ordinary shredder, turn this paper into one-point-five million dollars!"
1669,1921,9,28,146,183,1.2513661202185793,0.03967878232540861,648,"And, now for my last trick, I will make my graduate school loan paperwork disappear."
1192,1923,7,33,147,187,1.2513368983957218,0.037605262447809706,648,"And just like that, you ex-husband never existed!"
1074,1923,9,29,149,187,1.2513368983957218,0.03910444701442364,648,We the people
4011,1925,7,34,150,191,1.2513089005235603,0.037095266144331625,648,"It's magic, but not as you know it."
1054,1926,8,25,131,164,1.25,0.04181913845554626,648,Expelliarmus Trumpus Translationus!
2769,1926,5,33,134,172,1.25,0.03790103571265481,648,"Yes a moment ago I was fired,but now magically I’m still here."
3948,1926,8,26,134,168,1.25,0.041146597507639195,648,"And for my next trick, I’ll make a priceless Banksy appear!"
2054,1926,9,19,120,148,1.25,0.045857040618608895,648,And VOILA! The Mueller report has disappeared!
268,1926,6,32,138,176,1.25,0.03822353935782192,648,And for my next trick ... I will make my debt disappear
346,1926,8,24,128,160,1.25,0.04252265396972455,648,"...And, as you can plainly see, the printer has NOT run out of ink!"
396,1926,6,26,120,152,1.25,0.04200657220898526,648,"And now, the great Manzini will show you how to make an FBI investigation disappear..."
3881,1926,8,23,125,156,1.25,0.04325946493965428,648,And now - my audit letter from the IRS.
572,1926,8,26,134,168,1.25,0.041146597507639195,648,And as if by magic...that incriminating document disappeared.
613,1926,5,29,122,156,1.25,0.0402894818662241,648,"And with that, all of your problems go away"
1887,1926,5,27,116,148,1.25,0.04165517399877003,648,"And now, the disappearing pre-nup!"
3205,1926,7,28,133,168,1.25,0.04027103781908219,648,Is anyone in the audience of Russian extraction?
1790,1926,7,28,133,168,1.25,0.04027103781908219,648,Can Banksy do this?
1516,1926,6,28,126,160,1.25,0.04063180276860005,648,Just be thankful there wasn’t a rabbit under my hat today.
3094,1926,4,34,130,168,1.25,0.03752197341207965,648,I haven't fully worked it out but I'm pretty sure you will come out in one piece.
2869,1926,6,29,129,164,1.25,0.039990085558669106,648,"Hmmm, No federal paycheck... no federal income tax filing!"
829,1926,6,23,111,140,1.25,0.044334753871226124,648,And here's the REAL magic...you'll recall Mandy was wearing a full skirt when she first came onstage...
850,1926,5,26,113,144,1.25,0.04238884637277,648,"For my next trick, using nothing but a paper shredder, I will confess to no collusion with Russia."
2594,1926,4,36,136,176,1.25,0.03648518646202636,648,"This sheet is my heart, Gloria. You're the shredder. Get it?"
686,1926,8,34,158,200,1.25,0.03666362100949166,648,"And for my next trick, I shall resolve this printer error."
4153,1926,8,23,125,156,1.25,0.04325946493965428,648,Don't . . . shred . . . on . . . me.
342,1926,9,25,138,172,1.25,0.04133384003585129,648,Now we know what happened to Hillary's emails.
2576,1926,7,26,127,160,1.25,0.041587976007827945,648,"And now, watch my vote disappear"
3448,1949,6,35,148,189,1.2486772486772486,0.03649023026927062,648,The Amazing Mueller makes Buzzfeed disappear.
2653,1949,10,27,152,189,1.2486772486772486,0.03945486112538945,648,Essential government employees have been recalled to the White House.
1288,1949,12,23,154,189,1.2486772486772486,0.04085658633664167,648,Next I will perform this trick with a rabbit.
3431,1952,7,32,146,185,1.2486486486486486,0.03777063025753962,648,Trump tax returns magically revealed!
1128,1953,7,31,143,181,1.2486187845303867,0.0383083651154507,648,"And for my next trick, the slow magic of 20th century technology."
1154,1954,10,24,143,177,1.2485875706214689,0.04127142285559591,648,"The Great Putini shows off his best illusion: The old ""the ballot is cast or is it?"" trick."
1339,1954,5,34,138,177,1.2485875706214689,0.03717961360189914,648,"This is why we needed a rehearsal, Stacey!"
3672,1954,8,28,141,177,1.2485875706214689,0.0396853584304067,648,Banksy tried this and failed.
4092,1957,10,23,140,173,1.2485549132947977,0.04192894770613945,648,"First I made my beautiful assistant's dignity disappear, and now I'm going to remove any evidence that it existed in the first place."
534,1957,11,21,141,173,1.2485549132947977,0.04272294454821513,648,Watch as I make this collusion disappear!
2519,1957,8,27,138,173,1.2485549132947977,0.04029404404490567,648,"Come on, you don't see this piece of paper crying about getting cut in half ?"
3643,1957,5,33,135,173,1.2485549132947977,0.03770901722553548,648,"Your pre-nup, as requested"
2247,1961,7,28,134,169,1.2485207100591715,0.04005936096960533,648,I will now make my meeting with Putin disappear.
2258,1961,7,28,134,169,1.2485207100591715,0.04005936096960533,648,"Relax my dear , it's not your paycheck."
4048,1961,8,26,135,169,1.2485207100591715,0.040929143399634264,648,This trick is called: ADMINISTRATION
1284,1964,9,23,133,165,1.2484848484848485,0.04247172930955392,648,"Delores, we've been booked for Brexit!"
3192,1964,7,27,131,165,1.2484848484848485,0.04069432553230535,648,"And after the Cohen files, our Piece de Resistance!  I shall un-Bansky!!"
1776,1964,8,25,132,165,1.2484848484848485,0.041592522892181356,648,"Ok, wands almost set up. Just need to read the terms of service."
3468,1967,7,26,128,161,1.2484472049689441,0.04135801864898707,648,All we need to call this magic is a fake audience.
1150,1967,8,24,129,161,1.2484472049689441,0.042286232489106394,648,We re-cycle even the darkest deceptions.
2245,1967,8,24,129,161,1.2484472049689441,0.042286232489106394,648,I’ve had plenty of practice. It’s just another bill.
3474,1967,7,26,128,161,1.2484472049689441,0.04135801864898707,648,"...and now, for my next trick, I will make this federal indictment disappear."
456,1971,6,27,124,157,1.2484076433121019,0.04107017189778616,648,Our first gig was the U.S. Embassy in Iran forty years ago.
2565,1971,10,19,128,157,1.2484076433121019,0.044870884647242384,648,"And presto, my debt has disappeared!"
4107,1971,11,17,129,157,1.2484076433121019,0.04577177739999005,648,"I don't need the divorce papers anymore, my husband won the lottery"
583,1974,7,24,122,153,1.2483660130718954,0.042780314320937096,648,It'd be a better disappearing act if it were quieter.
2517,1974,4,30,119,153,1.2483660130718954,0.039650439561014494,648,"And for my next trick, I will make all your tax-season worries disappear."
1518,1974,7,24,122,153,1.2483660130718954,0.042780314320937096,648,Notice that at no time does deniability leave the realm of the plausible!
3288,1977,5,27,117,149,1.2483221476510067,0.0414086712909991,648,"So, here I vote for equality between men and women. Let's see what happens..."
331,1978,8,35,163,206,1.2475728155339805,0.035882628411706176,648,Now watch closely as I make these tax records.... Disappear!
3393,1979,10,26,150,186,1.2473118279569892,0.03984263433098254,648,"Abracadabra, the combination shredder / ballot box!"
3419,1979,7,32,147,186,1.2473118279569892,0.03759079134746951,648,"For this trick, i will magically make all the evidence of Russian interference disappear!"
4156,1981,5,35,142,182,1.2472527472527473,0.03649444680179305,648,Try harder! Turn these lies into facts.
3747,1981,11,23,148,182,1.2472527472527473,0.04118399270031298,648,"I will now make 30,000 printed emails disappear!"
3989,1983,7,30,141,178,1.247191011235955,0.038674310119759324,648,"And, wait, wait, YES, IT'S THE PRESIDENT'S UNSHREDDED TAX RETURNS!"
3965,1984,2,39,133,174,1.2471264367816093,0.03476123902522119,648,Here's a nifty trick to make a bad review disappear.
2559,1984,6,31,137,174,1.2471264367816093,0.03839409864536054,648,"For my next trick, I'll make these lawsuits disappear!"
263,1986,8,26,136,170,1.2470588235294118,0.04071392535457735,648,All this fuss over a parking ticket.
517,1986,12,18,140,170,1.2470588235294118,0.04400088970549581,648,Abracadabra! The evidence has disappeared.
1089,1986,10,22,138,170,1.2470588235294118,0.042389279379657446,648,And now...watch as Mr. Interpreter puts the meeting notes into the box
1482,1986,8,26,136,170,1.2470588235294118,0.04071392535457735,648,Behold! I will now make Robert Meuller's report disappear​!
3000,1986,10,22,138,170,1.2470588235294118,0.042389279379657446,648,"Watch these Putin meeting notes magically 
recycle into fast food wrappers !!"
34,1986,6,30,134,170,1.2470588235294118,0.03896660659115111,648,For my next trick...tax bill
262,1986,6,30,134,170,1.2470588235294118,0.03896660659115111,648,Presto-chango and the summons is magically converted into confetti.
2581,1993,8,25,133,166,1.2469879518072289,0.04136829745311664,648,"And, voila! Our pre-nup!"
4042,1993,6,29,131,166,1.2469879518072289,0.03956383871559949,648,"And ab bra-cadabra, your vote disappears."
3459,1993,5,31,130,166,1.2469879518072289,0.03863001402777619,648,This would be so much better if we could get rid of the cord.
848,1993,6,29,131,166,1.2469879518072289,0.03956383871559949,648,"Behold as I, the Great Donald T. Rumpio, make this fake news disappear before your very eyes!"
1095,1997,6,28,128,162,1.2469135802469136,0.04018755239832282,648,Abra-cadabra!  I can make this vote disappear!
2372,1997,6,28,128,162,1.2469135802469136,0.04018755239832282,648,And for my next trick I shall make your rights disappear
2659,1997,8,24,130,162,1.2469135802469136,0.042052370206339076,648,R U Kidding me??!@#$  A Paper Jam !  ABRACADABRA ABRACADABRA...... Start dancing Wanda !
4184,1997,5,30,127,162,1.2469135802469136,0.03922190882232042,648,"Before we attempt to saw my new assistant in half, we will make her birth certificate disappear."
2503,2001,6,27,125,158,1.2468354430379747,0.04083967988879557,648,"Preserving confidentiality takes work, not magic."
3751,2001,9,21,128,158,1.2468354430379747,0.04370075993240433,648,"What is this, you ask? Well, I like to think of it as a new-fangled debt balance eater."
3783,2001,6,27,125,158,1.2468354430379747,0.04083967988879557,648,Cohen agreed to pay me 150k to make the Constitution disappear.
2555,2004,6,26,122,154,1.2467532467532467,0.04152235085119238,648,"And for my next trick, I will make my legal culpability disappear!"
1200,2004,8,22,124,154,1.2467532467532467,0.043518622403021276,648,"Don't worry, in a few moments this will be worth double."
2915,2006,2,32,112,146,1.2465753424657535,0.038342665820981524,648,On second thought I'll let the IRS piece it back together.
3970,2006,7,22,117,146,1.2465753424657535,0.04407410326605941,648,This trick is toast!
3460,2008,7,20,111,138,1.2463768115942029,0.045779904562916626,648,and now watch as i pull out a paper from a old printer without getting the paper ripped
3051,2009,9,31,159,199,1.2462311557788945,0.037339125295383226,648,"And when I reassemble the pieces, 
Tiffany will be once again,
be reunited, 
with her pants."
1823,2010,8,31,152,191,1.2460732984293195,0.03764731511621261,648,"In a few seconds,this will magically be worth more"
4125,2010,5,37,149,191,1.2460732984293195,0.03538340758722065,648,Watch carefully as I make my lovely assistant's contract disappear.
1803,2012,7,32,148,187,1.2459893048128343,0.03741261337034227,648,I call this trick The Internet.
3625,2012,10,26,151,187,1.2459893048128343,0.03965106124685116,648,"And, voila! Our tax issues are gone!"
403,2012,5,36,146,187,1.2459893048128343,0.03584273464265099,648,"And VOILA!, the paper vanishes...in about 1-2 minutes"
3820,2015,7,31,145,183,1.2459016393442623,0.03793696009826397,648,It has been challenging to find consistent work ever since Watergate.
1251,2015,4,37,142,183,1.2459016393442623,0.03548330903912353,648,"...and when the special counsel's report has been completely shredded, all evidence of Russian interference in the 2016 presidential election will have magically disappeared."
1007,2017,5,33,137,175,1.2457142857142858,0.037330585335008805,648,And now watch my tax returns from 7 years ago disappear!
1045,2017,6,31,138,175,1.2457142857142858,0.03820018385356495,648,The real trick is not getting your tie caught in the machine
472,2017,7,29,139,175,1.2457142857142858,0.03905042242329721,648,"And magically, my assistant’s mini bar receipts reappear from the shredder."
3296,2017,6,31,138,175,1.2457142857142858,0.03820018385356495,648,This way we don't have to buy the confetti
2371,2017,10,23,142,175,1.2457142857142858,0.041496744768877034,648,And viola! This will make your credit card bills disappear.
1921,2022,6,30,135,171,1.2456140350877194,0.0387649947801712,648,"For my next trick, I will turn this shredded piece of paper into Banksy."
1234,2022,6,30,135,171,1.2456140350877194,0.0387649947801712,648,"Uh-oh, the notes from the Trump-Putin meeting."
437,2024,8,25,134,167,1.2455089820359282,0.0411464256458392,648,Prepare to be amazed! Until then I have some work to do.
1026,2024,10,21,136,167,1.2455089820359282,0.04286394845571293,648,And on the count of three I will cast my vote for Trump.
1728,2024,6,29,132,167,1.2455089820359282,0.03935401643597681,648,"And now, for my final act of super-edgy street art, I will make Banky’s tax returns disappear!"
387,2024,7,27,133,167,1.2455089820359282,0.04026019717457744,648,Watch closely as my taxable income disappears!
2466,2028,5,30,128,163,1.2453987730061349,0.03900996299338649,648,"Let's take a moment to acknowledge Diane's professionalism, as I remind you all that this document is our actual prenuptial agreement."
3485,2028,6,28,129,163,1.2453987730061349,0.039968957639452074,648,I told you this bill was toast!
725,2030,7,25,127,159,1.2452830188679245,0.04158030007535752,648,"What they don't know, it gets scanned before it is shredded"
2161,2030,10,19,130,159,1.2452830188679245,0.04435939406773723,648,"Now, unless I am paid a sizable fee, I will magically restore the entirely undamaged tax returns."
1427,2030,7,25,127,159,1.2452830188679245,0.04158030007535752,648,Now watch me make these votes disappear
819,2033,8,22,125,155,1.2451612903225806,0.043266242990091804,648,Abracadabra! And now for the election results...
1714,2033,7,24,124,155,1.2451612903225806,0.04228688451418825,648,"Okay, now bring in the bunny."
3082,2033,6,26,123,155,1.2451612903225806,0.04128429993780832,648,I will now preform the famous cut and restore of a government leaked document!
3249,2033,6,26,123,155,1.2451612903225806,0.04128429993780832,648,"Close your eyes during this part, Dorothy."
3387,2033,3,32,120,155,1.2451612903225806,0.038118655271019174,648,"Watch now as it emerges as new.  I call this trick ""My accountant's nightmare"""
3715,2038,5,27,119,151,1.2450331125827814,0.04092408026933852,648,"I call this one, the shredded Chad."
596,2039,5,26,116,147,1.2448979591836735,0.04162373529739404,648,And...voila! The last copy of The U.S. Constitution! Come back to Trumpworld soon!
1086,2039,12,12,123,147,1.2448979591836735,0.048834936888629214,648,Presto! The paper is shredded.
931,2041,9,28,151,188,1.2446808510638299,0.03873375547290958,648,"Viola, the PETA approved rabbit!"
436,2042,7,31,146,184,1.2445652173913044,0.03775387855842501,648,And not even I will be able to put it together again!
237,2042,6,33,145,184,1.2445652173913044,0.03695888005556619,648,"For my next trick, I will make this subpoena disappear."
94,2044,9,26,145,180,1.2444444444444445,0.039880502931939336,648,"And like magic, there goes the pre-nup!"
3786,2044,11,22,147,180,1.2444444444444445,0.04140774090633294,648,Geoffry always took things too far... especially when it came to keeping toes in his breast pocket.
1945,2046,5,33,138,176,1.2443181818181819,0.03714412006299028,648,I'm feeding the rabbit
2147,2046,9,25,142,176,1.2443181818181819,0.040489824832840374,648,And now...we present the Mueller report!  Drumroll please.
2561,2046,10,23,143,176,1.2443181818181819,0.0412839070332395,648,And viola! Your democracy is gone!
1796,2046,7,29,140,176,1.2443181818181819,0.03885300226654263,648,"According to my divorce lawyer, this IS pulling a rabbit out of my hat."
1860,2046,6,31,139,176,1.2443181818181819,0.03800816649338537,648,And the only record of the meeting of these two great men...
849,2051,6,30,136,172,1.244186046511628,0.03856540453901628,648,"Using my subpoena, the shredder will digitize the paper to Wikileaks."
1030,2051,6,30,136,172,1.244186046511628,0.03856540453901628,648,"For my next trick, I make my assistant’s suggestion disappear."
2980,2051,10,22,140,172,1.244186046511628,0.04194387024674029,648,"Hold it still now, Hillary"
1402,2051,7,28,137,172,1.244186046511628,0.03943716373247865,648,And presto! We turn it into a subpoena.
1107,2055,6,29,133,168,1.244047619047619,0.03914635138842723,648,For my next trick I will make the audience disappear.
2193,2055,9,23,136,168,1.244047619047619,0.041788692553313446,648,"No prenuptial agreement, no marriage."
33,2055,6,29,133,168,1.244047619047619,0.03914635138842723,648,And now I will make my unpaid tax problem disappear before your very eyes......
488,2055,7,27,134,168,1.244047619047619,0.04004650829293274,648,And now I am going to make your paycheck disappear...
385,2055,8,25,135,168,1.244047619047619,0.040926871684574706,648,"Repeat after me: this trick is for paper, not bunnies."
1383,2060,6,28,130,164,1.2439024390243902,0.03975266869690043,648,"And just like that, we never married oooooo."
2644,2060,7,26,131,164,1.2439024390243902,0.04068281415552227,648,I will start by shredding our wedding certificate”
3239,2062,4,31,125,160,1.24375,0.03839024521506676,648,"Voila,the indictment disappears!"
912,2062,5,29,126,160,1.24375,0.03940085379625947,648,"If you thought that was great, wait until I saw you in half."
2689,2062,8,23,129,160,1.24375,0.042288016464218176,648,Abra Cadabra - Watch as I make these translation notes disappear. For my next trick I will turn money laundering into adoption.
174,2062,6,27,127,160,1.24375,0.04038618120193431,648,"President's aren't the only ones who can make their 
dirty tricks disappear!"
1238,2062,2,35,123,160,1.24375,0.0362846830394099,648,You democrats know this trick from the general election. You put your ballot into the ballot box – and vanished it is!
3899,2067,6,26,124,156,1.2435897435897436,0.0410488974611832,648,"As the new White House magician, I disappear a lot more than the rabbit."
1028,2067,9,20,127,156,1.2435897435897436,0.04396761240498635,648,"Enron , The Magician ."
1597,2067,8,22,126,156,1.2435897435897436,0.04301671715340813,648,Your vote in russia
259,2070,7,23,122,152,1.243421052631579,0.04277404880485733,648,"Ladies & gentlemen, wait until you see what we do to the rabbit!"
2375,2070,4,29,119,152,1.243421052631579,0.03960055711651401,648,Observe as all my tax records and any proof of my collusion with Russia magically vanish!
2302,2070,4,29,119,152,1.243421052631579,0.03960055711651401,648,The magic trick is that I turn the toaster into a shredder.
3259,2070,5,27,120,152,1.243421052631579,0.040685900502249725,648,"I will now partially shred my tricks of the trade 
to auction at Sothebys."
3332,2070,6,25,121,152,1.243421052631579,0.04174303385499957,648,"And for my next trick, I will be annulling our marriage"
2751,2070,8,21,123,152,1.243421052631579,0.043780790615302885,648,Hocus Potus and...no Mueller report!”
1880,2076,9,28,152,189,1.2433862433862435,0.0385500141536712,648,"And for my next trick, I will get Donald Trump elected!"
2435,2076,9,28,152,189,1.2433862433862435,0.0385500141536712,648,... and now the prenup...
1182,2076,5,36,148,189,1.2433862433862435,0.03550992016224305,648,"And just like that, the evidence has disappeared!"
3502,2079,5,26,117,148,1.2432432432432432,0.041374639396855886,648,"You know Susan, I used to do this trick with a rabbit...."
3045,2079,7,22,119,148,1.2432432432432432,0.04353984510691705,648,Paul Manafort's chief lawyer attempting to destroy incriminating PDFs.
1540,2081,10,24,147,181,1.2430939226519337,0.04044863031541023,648,"And now for my next trick, I'll make gluten-free papier mache."
3287,2081,12,20,149,181,1.2430939226519337,0.04193884121912277,648,Abracadabra.  Put this in and out comes a Banksy!
962,2081,5,34,142,181,1.2430939226519337,0.036457577036434485,648,"Abra-cadabra: Incriminating memo, DISAPPEAR!"
1897,2084,6,31,140,177,1.2429378531073447,0.037818019905471345,648,Just watch this subpoena disappear!
821,2085,5,24,111,140,1.2428571428571429,0.04285714285714285,648,"That's not your normal suit, is it Banksy?"
704,2086,4,34,135,173,1.2427745664739884,0.03657406080704757,648,"Actually, I bet they're raiding my house right now..."
1431,2086,9,24,140,173,1.2427745664739884,0.04091122828205062,648,"And now, I will reverse shred the $100,000 check I shredded along with the Target ad."
1990,2086,8,26,139,173,1.2427745664739884,0.04008135806606818,648,I am Banksy.
2498,2086,10,22,141,173,1.2427745664739884,0.04172459627931404,648,3-D printing a rabbit seemed like a good idea
3095,2086,9,24,140,173,1.2427745664739884,0.04091122828205062,648,"The name's Cohen, Michael Cohen."
2401,2091,7,27,135,169,1.242603550295858,0.03983502469756131,648,"And, just like that, our constiutional rights are ripped up. Its a trick, not magic."
1195,2091,6,29,134,169,1.242603550295858,0.03894081168286858,648,Presto; our prenuptial agreement!
655,2091,7,27,135,169,1.242603550295858,0.03983502469756131,648,"The real trick will be cleaning this out
without getting confetti all over the floor."
645,2091,4,33,132,169,1.242603550295858,0.03708776156970467,648,"And for my next trick, I will show you how to make evidence from a hard drive disappear."
54,2091,5,31,133,169,1.242603550295858,0.03802557608223639,648,Magic made me do it!
3509,2096,7,35,160,202,1.2425742574257426,0.03548098206538521,648,The true magic is in its Cross-Cutting capabilities.
1196,2097,5,30,130,165,1.2424242424242424,0.038592681420702664,648,Watch carefully as I turn this subpoena into confetti fit for a hero.
370,2097,7,26,132,165,1.2424242424242424,0.04046251004639518,648,"Abracadabra, audit away."
1413,2097,6,28,131,165,1.2424242424242424,0.039538650574434626,648,"Abrakadabra your turbo tax is not free,free,free,liar,liar,liar"
776,2100,7,25,129,161,1.2422360248447204,0.04111829389481637,648,Abra-kannulment!
520,2100,6,27,128,161,1.2422360248447204,0.04016309675893653,648,"Watch closely as I make this restraining order from 
the magician assistants’ union disappear."
1646,2100,9,21,131,161,1.2422360248447204,0.04296502759135717,648,we cast the final ballots under the careful eye of the voters magician committee
229,2100,4,31,126,161,1.2422360248447204,0.038181079583507166,648,If it worked for Banksy it can work for me!
2572,2100,7,25,129,161,1.2422360248447204,0.04111829389481637,648,And let's have a round of applause to Señor Sanchez for volunteering his immigration application for my next illusion.
1551,2105,10,26,154,190,1.2421052631578948,0.039087032356437824,648,"And on the count of three, your identity will vanish, and pop up instantaneously in Moscow!"
2086,2106,7,24,126,157,1.2420382165605095,0.041804466453114246,648,Oh ye of little faith!
4031,2106,4,30,123,157,1.2420382165605095,0.038763842217267794,648,"For my next trick, watch as I make my tax records disappear!"
256,2106,7,24,126,157,1.2420382165605095,0.041804466453114246,648,Out of all the dangerous stunts Misty was the assistant for she never dreamed this would be the one that took her life.
4100,2106,6,26,125,157,1.2420382165605095,0.04081610096642558,648,"Ladies and gentlemen, welcome to the illusion of no collusion.  I promise to shred every shred of evidence which the Special Counsel has obtained right before your very eyes!"
2232,2106,5,28,124,157,1.2420382165605095,0.03980320063478991,648,Shredding it halfway doesn't make it a Banksy knockoff.
2843,2106,6,26,125,157,1.2420382165605095,0.04081610096642558,648,'Thanks Svetlana for being my interpreter.'
2012,2106,7,24,126,157,1.2420382165605095,0.041804466453114246,648,Presto! There goes the prenup!
3583,2106,8,22,127,157,1.2420382165605095,0.042769998044863894,648,"You may ask yourself , How can 20 years of tax returns disappear into one shredder?"
1789,2114,6,25,122,153,1.2418300653594772,0.041499814314480576,648,"No, my dear, this is tax 'illusion'."
4094,2114,4,29,120,153,1.2418300653594772,0.039373036003404145,648,"Ladies and gentlemen, wouldn't you know it?  Just when the show was going so well, we appear to have developed a paper jam."
3554,2116,6,32,144,182,1.2417582417582418,0.03710856554292327,648,And against my lawyer's advice-let's make this paper trail-disappear
4225,2117,9,25,144,178,1.2415730337078652,0.04008036408645976,648,"Now, let me see if I've correctly guessed what's on this Toast-It note"
1328,2117,8,27,143,178,1.2415730337078652,0.03928047368902724,648,"...and  Abracadabra, all the evidence disappears."
2404,2117,5,33,140,178,1.2415730337078652,0.03677656450822894,648,"And for my next trick, I will make our bills disappear."
3397,2120,5,25,115,145,1.2413793103448276,0.04183971200735931,648,"Abracadbra, Mr. President. Your tax forms are gone!"
2941,2121,8,25,137,170,1.2411764705882353,0.04049457759607309,648,Voila! It’s Art.
759,2122,3,28,110,141,1.2411347517730495,0.04013744019435515,648,And I will make the TPS report...disappear!
58,2123,6,28,132,166,1.2409638554216869,0.039326868941969476,648,Voila! It’s a Banksy.
2704,2123,4,32,130,166,1.2409638554216869,0.03742410881401554,648,"And for my next trick, I’m going to make my summons for jury duty  DISAPPEAR!"
841,2125,6,27,129,162,1.2407407407407407,0.03994240500744754,648,"The Trump Reality Show, Season 3 Finale: 
Who Shredded the Putin Meeting Transcripts?"
145,2125,8,23,131,162,1.2407407407407407,0.04181815622408552,648,"Your applause is deafening. Thank you, Steve."
1116,2125,9,21,132,162,1.2407407407407407,0.04272516151032724,648,Now we wait for the rabbit to come out.
2784,2125,8,23,131,162,1.2407407407407407,0.04181815622408552,648,We'll play it backward in the filmed version.
3709,2125,6,27,129,162,1.2407407407407407,0.03994240500744754,648,And after making this tax return disappear we will saw Death in half.
2811,2130,6,33,148,187,1.2406417112299466,0.036434091402820015,648,When you reverse the feed this paper better magically reassemble itself or you're gonna look really stupid.
1935,2131,10,18,130,158,1.240506329113924,0.04438147553908046,648,"Presto chango! When you misplace the key to my leg manacles, your contract disappears!"
2684,2131,6,26,126,158,1.240506329113924,0.04058586885471601,648,And now watch as I make these interpreter's notes.. Disappear!
2592,2131,8,22,128,158,1.240506329113924,0.042526039797506444,648,"And just like that, my taxes magically disappear."
871,2131,5,28,125,158,1.240506329113924,0.03958013511357382,648,At $1.2 million. Going once
3541,2135,6,25,123,154,1.2402597402597402,0.04125934834788863,648,"You can take it to the banksy, folks!"
954,2135,5,27,122,154,1.2402597402597402,0.04021755074925381,648,"Never fear, my dear...the President will come up with a new reality in the morning."
3068,2135,8,21,125,154,1.2402597402597402,0.04326775591291567,648,"The real magic, ladies and gentlemen, took place earlier today when my accountant prepared this tax return which, on reflection, could land both of us in the slammer."
3851,2135,8,21,125,154,1.2402597402597402,0.04326775591291567,648,"And with a wave of my magic wand, that previously shredded document has emerged intact!"
4026,2135,5,27,122,154,1.2402597402597402,0.04021755074925381,648,"Abracadabra.  Sorry,your vote doesn't count this time."
147,2140,10,22,143,175,1.24,0.041292739216318215,648,"To retrieve this, will be a miracle, not a magic trick."
291,2140,7,28,140,175,1.24,0.03883356765752401,648,One wave of the wand and all the ballots will reflect my vote!
313,2140,7,28,140,175,1.24,0.03883356765752401,648,I will attempt to let go before my hand enters the shredder.
3810,2140,8,26,141,175,1.24,0.039670233450325,648,How did Banksy do it again?
3767,2140,8,26,141,175,1.24,0.039670233450325,648,Voila! And now for the rabbit.
1618,2145,6,29,136,171,1.239766081871345,0.03853598367697846,648,Voter fraud???
2485,2146,5,25,116,146,1.2397260273972603,0.041585027964775624,648,I will now make this past due notice reappear in my mailbox next month.
1160,2147,9,28,155,192,1.2395833333333333,0.03800889670737838,648,"And now, for my final trick, I will make my taxes disappear!"
2293,2148,6,28,133,167,1.2395209580838322,0.03911729012126524,648,No taxation with magicianation
581,2148,6,28,133,167,1.2395209580838322,0.03911729012126524,648,Voila! My Banksy moment!
2411,2148,10,20,137,167,1.2395209580838322,0.04264670976760244,648,This is a new version of Russian roulette.
2135,2148,6,28,133,167,1.2395209580838322,0.03911729012126524,648,I shall now make high crimes and misdemeanors disappear.
2366,2152,8,29,151,188,1.2393617021276595,0.03779865463616996,648,And now the evidence will disappear.
3569,2152,7,31,150,188,1.2393617021276595,0.03703847997514851,648,And that's how the government watchdog report on migrant children separation 'disappeared'.
3824,2154,8,23,132,163,1.2392638036809815,0.041587045787783626,648,The great Shredini shall now make the entire incriminating document simply disappear
2963,2155,10,24,150,184,1.2391304347826086,0.039852372529987024,648,Pay no attention to the buzzing
606,2156,11,16,132,159,1.2389937106918238,0.04502042411441403,648,And now for my incredible Banksy trick!
3682,2156,7,24,128,159,1.2389937106918238,0.0413327062245104,648,Affidavit-cadabra
3061,2156,5,28,126,159,1.2389937106918238,0.039359492019609005,648,It's just doesn't have the same pizzazz as using the rabbit.
2450,2156,5,28,126,159,1.2389937106918238,0.039359492019609005,648,"I shred, therefore I am."
1571,2160,7,29,144,180,1.238888888888889,0.03808244257635737,648,"And this, ladies and gents, will turn the Trump-Putin 
translator's notes into TP, before our very eyes."
584,2161,6,25,124,155,1.238709677419355,0.04102159093874264,648,We've finally got a voting rights act that will make America great again!
2804,2161,6,25,124,155,1.238709677419355,0.04102159093874264,648,"First, I shred my marriage license; then, behold, as I make half my belongings disappear."
3388,2161,7,23,125,155,1.238709677419355,0.04203044258281022,648,"Now, into the ballot box it goes and shreddo"
3297,2161,6,25,124,155,1.238709677419355,0.04102159093874264,648,Disappeared...Shredded...I didn't finish magic school.
248,2165,7,28,141,176,1.2386363636363635,0.03863636363636365,648,And ta-dah! Your mortgage application has been rejected! Thank you for choosing Copperfield and Henning for your banking needs.
611,2165,5,32,139,176,1.2386363636363635,0.03691745474936203,648,Et voila! My corporate tax bill instantly disappears!
1696,2165,9,24,143,176,1.2386363636363635,0.040281990081318636,648,"Sorry folks, but apparently the IRS is on its way, and I’m afraid ‘abra cadabra’ just won’t cut it.”"
3047,2165,9,24,143,176,1.2386363636363635,0.040281990081318636,648,Now watch closely as I turn this shredded paper into a legitimate candidate...
634,2165,5,32,139,176,1.2386363636363635,0.03691745474936203,648,I can make anybody’s tax returns disappear!
2035,2170,5,26,120,151,1.2384105960264902,0.0406444870629624,648,Watch as I change this simple piece of paper into a million dollar Bansky for you.
2444,2171,9,23,140,172,1.2383720930232558,0.040910828795788036,648,And NOW––it's a jam.
3413,2172,7,26,135,168,1.2380952380952381,0.039815384519815186,648,There goes the United States Constitution.
1046,2172,7,26,135,168,1.2380952380952381,0.039815384519815186,648,"Trust me, Hillary, this should do the trick."
1331,2172,7,31,151,189,1.2380952380952381,0.03686374925847798,648,And watch the tax returns- DISAPPEAR!
3581,2172,7,21,119,147,1.2380952380952381,0.043529551521729604,648,You're toast.
3615,2172,7,26,135,168,1.2380952380952381,0.039815384519815186,648,I now give you... the president's tax returns!
3803,2172,9,22,137,168,1.2380952380952381,0.0415672568654724,648,"And, presto, the paper un-shreds right into my hand!"
633,2172,6,28,134,168,1.2380952380952381,0.03890988107192088,648,"With a wave of the wand, I insert the paper into the magic box and, voila, the national debt has disappeared. Thank you -- I'll be appearing on Capital Hill all week!"
591,2172,4,37,148,189,1.2380952380952381,0.03449745118704287,648,"Heh, Trump thought this really worked on his tax returns."
1980,2180,8,28,149,185,1.2378378378378379,0.03814713272153898,648,"And voila! Along with my interpreter's notes, evidence of treason disappears!"
4240,2181,9,21,134,164,1.2378048780487805,0.04225324001704969,648,Ta da.....and next I will disappear the rabbit
972,2181,10,19,135,164,1.2378048780487805,0.043129490966456414,648,"So I shred the 'fake news,' like so, wave my wand and say ""Nostrovia"" for our Russian friends listening in and then...Tada! The paper comes back out as favorable news!"
4007,2181,7,25,132,164,1.2378048780487805,0.04044382392608217,648,"Nothing to worry to worry about folks, I moonlight as the President’s tax attorney. And a magician never reveals his secrets, unless it’s to the special counsel. So here we go. Abracadabra!"
3381,2181,3,33,128,164,1.2378048780487805,0.036557298825473844,648,"And before your very eyes, watch as I make these sensitive documents disappear!"
2837,2185,10,23,148,181,1.2375690607734806,0.04025110348423505,648,I wave my magic wand and Presto! Out comes a Banksy!
1818,2186,3,32,125,160,1.2375,0.0370783421840769,648,We're gonna recycle your vote.
2850,2186,9,20,131,160,1.2375,0.042970938694972025,648,I call this trick is the Banksy.
3258,2186,9,20,131,160,1.2375,0.042970938694972025,648,"Don't worry,Helen.  It worked on YouTube."
4008,2186,9,20,131,160,1.2375,0.042970938694972025,648,And out comes a new prenuptial agreement.
1594,2186,7,24,129,160,1.2375,0.04110071614856033,648,Watch as my assistant's restraining order magically disappears!
3594,2191,8,17,114,139,1.2374100719424461,0.046325443235386586,648,"VOILA, President Trump's 2016 tax return."
915,2192,9,29,160,198,1.2373737373737375,0.037153580085064766,648,My god! That's my only copy of the Gettysburg Address!
2130,2193,6,30,141,177,1.2372881355932204,0.03759677561650712,648,"There are options to gerrymandering, Sylvia."
3675,2193,11,20,146,177,1.2372881355932204,0.04164761954418121,648,For my next act  I will shred a Banksy.
3546,2195,12,13,131,156,1.2371794871794872,0.04647382418904539,648,Presto! This simple shredded paper will now transmogrify into Donald Trump's complete 2018 Federal tax return.
4064,2196,5,31,137,173,1.2369942196531791,0.03724771162880831,648,"Don't worry, we should have this wand in working order when it's time to saw you in half."
329,2196,6,29,138,173,1.2369942196531791,0.03813928888572191,648,"Not as dramatic, but sure beats the last guy sawing me in half."
1914,2196,8,25,140,173,1.2369942196531791,0.03986266457425957,648,And next my lovely assistant will step into the shredder.
3233,2199,6,24,122,152,1.236842105263158,0.0414709098441645,648,"Voila! As Mr. Trump says, ""your subpoena is shreded so you are free to go!"""
3209,2199,7,22,123,152,1.236842105263158,0.04250852548658323,648,Fig. 2. Constitutional law and stagecraft do not mix.
936,2201,7,30,149,186,1.2365591397849462,0.03718963313652715,648,"Now, who wants coleslaw?"
1254,2202,8,19,121,148,1.2364864864864864,0.044314025996588666,648,"Listen Honey, I'm happy to help but if you really want to make your jury duty disappear then just wear that outfit down to the court..."
1117,2202,5,25,118,148,1.2364864864864864,0.04108463106752489,648,"And now, for my final trick, I'll make his tax returns....DISAPPEAR!"
2111,2204,6,27,132,165,1.2363636363636363,0.03929431943180782,648,Behold! As I turn this ordinary piece of paper into festive confetti!
2166,2204,4,31,130,165,1.2363636363636363,0.037366079264409956,648,And Presto! The judge will not be able to find a shred of evidence to convict you!
1121,2204,8,23,134,165,1.2363636363636363,0.04113226470331693,648,"For my next act, I will make Trump’s tax returns disappear"
2508,2204,6,27,132,165,1.2363636363636363,0.03929431943180782,648,"Now as I promised, you can see that all your social security numbers are being completely shredded."
1766,2208,8,27,147,182,1.2362637362637363,0.038504880303622084,648,For my next trick-- How to disappear one hour of colusion with Russia...
2724,2209,7,20,117,144,1.2361111111111112,0.04405851771019594,648,"In goes the marriage certificate, and viola! We're no longer man and wife!"
2499,2209,5,24,115,144,1.2361111111111112,0.04179596617581002,648,"Secretary of Magic ""And for my next trick the Robert Mueller Investigation"""
1033,2209,7,20,117,144,1.2361111111111112,0.04405851771019594,648,I started using paper for this trick after 1 unfortunate loss of a rabbit.
2924,2212,2,34,125,161,1.236024844720497,0.0358086789315852,648,"Much like the scandal, the lesser-known 'Iran-Contra' trick, continues to leave audiences shocked and astounded."
17,2213,6,30,142,178,1.2359550561797752,0.03740872114850227,648,Wordsmithing!
87,2213,6,30,142,178,1.2359550561797752,0.03740872114850227,648,"Sawing a beautiful woman in half has become
too costly and time consuming."
1906,2213,4,34,140,178,1.2359550561797752,0.03567145180433194,648,"We say the magic words, “Collusion's Illusion” and – Hey Presto! – the evidence disappears!"
2303,2213,8,26,144,178,1.2359550561797752,0.039068815724360335,648,"Now I’ll wave my magic wand, and watch the evidence disappear!"
2683,2213,8,26,144,178,1.2359550561797752,0.039068815724360335,648,"Donald the Great: ""You see a State of the Union address, Nancy? Covfefe! Now you don't."""
2419,2213,6,30,142,178,1.2359550561797752,0.03740872114850227,648,"...and so, to make this transition to the paperless office, we’ll be distributing magic wands to all company associates.”"
4062,2219,7,32,156,195,1.235897435897436,0.03604441042424693,648,"For my next trick I’ll turn my assistant’s and my 
marriage license into a divorce decree!"
0,2220,6,25,126,157,1.2356687898089171,0.04055402635311177,648,Another illusion on the cutting edge!
2570,2220,6,25,126,157,1.2356687898089171,0.04055402635311177,648,"If I can't read the bad news, then it disappears"
2072,2220,6,25,126,157,1.2356687898089171,0.04055402635311177,648,"and when this reappears, it will be a perfectly toasted piece of artisan bread!"
1189,2220,6,25,126,157,1.2356687898089171,0.04055402635311177,648,It will reappear in the cloud at the moment I attain my Go Fund Me target.
42,2220,7,23,127,157,1.2356687898089171,0.04154862658111567,648,"Aren't you taking a bit too far,with this whole dress-for-the-job-you-want-thing,Ben?"
3291,2220,6,25,126,157,1.2356687898089171,0.04055402635311177,648,And the magic word is FAKE NEWS
3012,2220,5,27,125,157,1.2356687898089171,0.03953441204976719,648,"Nothing is lost, nothing is added."
1528,2227,3,35,136,174,1.235632183908046,0.03521957683040056,648,I'm gonna ask my lovely assistant to watch herself please.  Making this document reappear is one thing.  Her thumb is another story.
940,2227,7,27,140,174,1.235632183908046,0.03880955635321799,648,I will now place this ordinary subpoena into the box without reading the amount I owe my ex-wife.
840,2227,6,29,139,174,1.235632183908046,0.03794391777713952,648,And next I will make a rabbit disappear!
2163,2230,6,28,136,170,1.2352941176470589,0.03850144323290976,648,!arbadacarbA
3582,2230,5,30,135,170,1.2352941176470589,0.037586533316371365,648,"and presto, we have shredded your old birth certificate and you are now 21."
1718,2230,6,28,136,170,1.2352941176470589,0.03850144323290976,648,Behold as the corporate hocus pocus of Theranos turns this once valuable stock certificate into hamster litter.
88,2233,10,27,163,200,1.235,0.03749539335189144,648,''Abra Cadabra we're divorced.''
1069,2234,4,31,131,166,1.2349397590361446,0.03716758442224853,648,"evidence, schmedivence"
1647,2234,7,25,134,166,1.2349397590361446,0.04000609181322669,648,I can make it disappear but it would take a real magician to make it reappear.
1961,2234,6,27,133,166,1.2349397590361446,0.03908283551689334,648,Hmmm making that rabbit disappear was a lot messier.
597,2234,7,25,134,166,1.2349397590361446,0.04000609181322669,648,My assistant will take this ungainly proposed legislation - and reassemble it into a coherent document.
3759,2234,8,23,135,166,1.2349397590361446,0.04090851662302249,648,And abracadabra your ballet has been tampered!
8,2234,7,25,134,166,1.2349397590361446,0.04000609181322669,648,My assistant will open the shredder in 30 seconds and find  the inserted page shredded and 10 copies of it completely intact!
3260,2240,6,23,120,149,1.2348993288590604,0.04193451675354549,648,"Unfortunately,  the Constitution is no longer worth the paper it's written on."
1742,2240,6,23,120,149,1.2348993288590604,0.04193451675354549,648,Where does it say you can't claim rabbits as dependents?
4025,2240,5,25,119,149,1.2348993288590604,0.04083881699787816,648,You'll find out why magician assistants have such a high turnover rate when we switch to the rabbit.
131,2243,5,32,142,179,1.23463687150838,0.0363695399643473,648,They say you can’t make taxes disappear.
4221,2243,6,30,143,179,1.23463687150838,0.03722249502459677,648,"In case you were wondering, Oliver North taught me this trick."
1904,2243,8,26,145,179,1.23463687150838,0.03887229775986857,648,"Once we upgraded the operating system, the dove flew off and took the hat."
4178,2246,8,22,132,162,1.2345679012345678,0.04157693109200657,648,Now I pull a perfect copy out of my Reverse Shredder.
3198,2246,7,24,131,162,1.2345679012345678,0.040644310338938415,648,"A ""50 percent off"" coupon toward a rabbit of your choice."
469,2248,7,27,141,175,1.2342857142857142,0.03861063506395905,648,Why should I saw you in half my dear when I can just shred our license.
1100,2248,4,33,138,175,1.2342857142857142,0.03596855300212749,648,"Abracadabra....and the winner is,Vladamir Putin."
4006,2248,7,27,141,175,1.2342857142857142,0.03861063506395905,648,"Picasso,
""The urge to destroy is a creative urge."""
1148,2251,8,21,129,158,1.2341772151898733,0.04227631806550555,648,"Due to the delay in my federal magician's subsidy, I will be performing presto-change-O Lite."
2583,2251,9,19,130,158,1.2341772151898733,0.043219355898245854,648,Now watch this!  Old boring stuff becomes hot news!
753,2251,7,23,128,158,1.2341772151898733,0.04131175878720662,648,The real magic is me getting the paper I am shredding. Everyone has been trying to get these tax returns.
3129,2251,4,29,125,158,1.2341772151898733,0.03827250251606237,648,Here goes my assistant’s contract.
1877,2255,5,23,113,141,1.2340425531914894,0.042273651224804754,648,"And now, I'll turn this everyday office memo into glorious confetti!"
996,2256,6,28,137,171,1.2339181286549707,0.038300351429659284,648,It's called the Enron vanish.
2255,2256,7,26,138,171,1.2339181286549707,0.03918821722456645,648,My chances of ever getting a date again.
3966,2258,5,26,123,154,1.2337662337662338,0.039939058695599196,648,Where's the rabbit?
2277,2258,9,18,127,154,1.2337662337662338,0.043984749184063504,648,For my next trick I will make the US constitution disappear!
2886,2258,6,24,124,154,1.2337662337662338,0.04098793538730796,648,Abracataxfraud!
20,2261,7,25,135,167,1.2335329341317365,0.039790690178998944,648,The tricky part is putting the pieces back together again.
839,2261,6,27,134,167,1.2335329341317365,0.03887356631476411,648,This is much nicer...the rabbit doesn't fit well in the shredder!
941,2263,5,32,143,180,1.2333333333333334,0.03619040618298769,648,"As the election judge, I can do what I want with any ballot."
2100,2263,4,34,142,180,1.2333333333333334,0.03532240440936666,648,Now I'll make you're vote disappear.
3207,2263,7,21,122,150,1.2333333333333334,0.04274335948442652,648,Flip the switch while I distract them with my wand.
3507,2263,8,26,146,180,1.2333333333333334,0.03867770984665455,648,"‘Boring’, I hear you say.  Well, next is the Bunny in my hat."
3320,2263,5,32,143,180,1.2333333333333334,0.03619040618298769,648,"If this doesn't work, I'm toast."
1689,2268,8,22,133,163,1.2331288343558282,0.04134612183809339,648,And voila! You pay no tax!
2906,2268,10,18,135,163,1.2331288343558282,0.04313910656386296,648,And Now for a Masterpiece
3724,2268,4,30,129,163,1.2331288343558282,0.037503871038797335,648,I really don't understand how Banksy did it
2866,2271,3,35,138,176,1.2329545454545454,0.034869358984441226,648,"Don't worry, I'm only going to shred you in half."
3135,2271,8,25,143,176,1.2329545454545454,0.03924980917993305,648,The Great  Bandoni mistakenly shreds priceless historical document while hiding a worthless copy up his sleeve
4201,2271,10,21,145,176,1.2329545454545454,0.04087074320992079,648,"Abracadabra Alakazam
Shred these tax papers
Hiding the scam"
1765,2271,9,23,144,176,1.2329545454545454,0.04006847371183761,648,"Abracadabra, the secret to this trick is now unshredded..alacazam, it's the rabbit's resignation letter!"
1177,2271,12,17,147,176,1.2329545454545454,0.04242979826020171,648,"Hocus POTUS, Alakasham, say them with me folks, Abracallusion, Vladiflimflam."
2991,2276,9,26,154,189,1.2328042328042328,0.038165688419102915,648,"And now, observe as I turn this into a cloud."
1651,2277,8,21,130,159,1.2327044025157232,0.042035397559610596,648,"Ladies and gentlemen, my probation officer gave me this idea after I sawed my last assistant in half."
3876,2277,6,25,128,159,1.2327044025157232,0.04009677862615026,648,Technology has really put a damper on the vanishing act.
3962,2279,6,28,138,172,1.2325581395348837,0.03810130334461048,648,I'm sending an encrypted message that will now appear in plain text on your smartphones.
3681,2279,6,28,138,172,1.2325581395348837,0.03810130334461048,648,"WaLa,it disappears just like during the 2000 election"
2326,2281,8,27,150,185,1.2324324324324325,0.03794261136131186,648,I am now adding artistic value to junk mail
1483,2281,7,29,149,185,1.2324324324324325,0.03716029265674664,648,"An for my next trick, I’ll make my debts disappear!"
184,2283,7,19,116,142,1.232394366197183,0.04432142222965484,648,"When my attorney said he could make my student debt disappear, I had envisioned something a little more legitimate"
791,2284,7,22,126,155,1.232258064516129,0.041765955550451435,648,"Well if this doesn't throw Mueller off our trail, I don't know what will."
2542,2284,5,26,124,155,1.232258064516129,0.03970920147673001,648,And this shredder works on reputations as well as names!
644,2284,7,22,126,155,1.232258064516129,0.041765955550451435,648,"Next time listen more closely - I asked for the shredder, not the toaster."
652,2284,8,20,127,155,1.232258064516129,0.042757247614920904,648,"Watch closely as I shred my assistant's contract, and then we will see if she can reassemble it in 30 seconds.  There are no copies."
1966,2284,4,28,123,155,1.232258064516129,0.038639791683679696,648,Abracadabra...watch my impeachment disappear!
3228,2289,9,21,138,168,1.2321428571428572,0.04133950338235563,648,...with help from my trusty assistant Hillary.
2750,2289,9,21,138,168,1.2321428571428572,0.04133950338235563,648,Screw you Mueller
3646,2289,4,31,133,168,1.2321428571428572,0.03677668477107789,648,Houdini didn’t have to worry about hackers and identity theft.
226,2289,8,23,137,168,1.2321428571428572,0.040468117580017,648,"Before going into real estate, Fred used to be a magician."
1305,2289,6,27,135,168,1.2321428571428572,0.03866647826749492,648,And what have we here? An unshredding 'dear john' letter?
1480,2289,7,25,136,168,1.2321428571428572,0.03957755097325211,648,"For my next trick, I shall make my surprisingly litigious assistant’s lawsuit disappear."
1585,2295,4,27,120,151,1.2317880794701987,0.03924644341729551,648,"And now, I make the evidence of collusion disappear!"
750,2295,6,23,122,151,1.2317880794701987,0.04143529609412827,648,"And now, to make the tax return of Individual 1 disappear ..."
1726,2297,8,22,134,164,1.2317073170731707,0.04111781754443769,648,"Next, we will try to analyze a phone bill."
1349,2298,6,29,142,177,1.231638418079096,0.037369368800347316,648,And with that I will make this lawsuit disappear.
2728,2298,7,27,143,177,1.231638418079096,0.038218726560733905,648,"No, this isn't a trick. This is for security purposes."
3775,2298,5,31,141,177,1.231638418079096,0.03650025190527588,648,They sure don’t make magic wands like they used to.
3954,2298,6,29,142,177,1.231638418079096,0.037369368800347316,648,"If I can nail this, I’ve got a big gig over at Facebook lined up after this."
4242,2298,6,29,142,177,1.231638418079096,0.037369368800347316,648,Can we plug this in?
2178,2303,7,30,153,190,1.231578947368421,0.03648833611058324,648,"Magic, it can help you avoid both death and taxes!"
1041,2304,5,27,128,160,1.23125,0.038873560358790825,648,I guess Donald just likes the aesthetic of a magician making his tax returns disappear...
3797,2304,4,29,127,160,1.23125,0.037848875052863794,648,"And for my last trick, I will make your tax returns disappear!"
4122,2304,5,27,128,160,1.23125,0.038873560358790825,648,"The magic may be gone from our marriage, but who says you can’t bring a little magic to divorce?"
1084,2307,8,24,141,173,1.23121387283237,0.03963786413407614,648,"Can’t speak for democracy, but voter suppression has been a boon for us magicians."
3606,2307,7,26,140,173,1.23121387283237,0.03878075473718621,648,"Abracadabra
Only shreds of evidence left."
1323,2307,5,30,138,173,1.23121387283237,0.037007029977213966,648,... and watch as I shred my New Year's resolution list
212,2310,6,31,149,186,1.2311827956989247,0.0361867109924917,648,"And just like that, Miss Adams.....Viola! Your contract with me is up!"
854,2311,6,24,126,156,1.2307692307692308,0.04051585669853265,648,"And now, I will make our marriage...disappear!"
4038,2311,4,34,144,182,1.2307692307692308,0.03497993401554355,648,Magician BANKSY!
3645,2311,8,20,128,156,1.2307692307692308,0.04250835936487808,648,And now my assistant will help me shred the evidence.
7,2311,6,30,146,182,1.2307692307692308,0.036674532301339,648,A magician never reveals his vote.
2242,2311,7,25,137,169,1.2307692307692308,0.039366639670704535,648,Now you've all seen Trump's tax return.
1853,2311,8,20,128,156,1.2307692307692308,0.04250835936487808,648,Ta da!  And those critics thought I couldn't make anything disappear.
1588,2311,6,27,136,169,1.2307692307692308,0.038461538461538464,648,And Presto a Banksy Original
1049,2311,5,26,125,156,1.2307692307692308,0.039481915582672035,648,"...and, finally, the only signed copy of that codicil to the Bezos' pre-nup."
1185,2311,7,25,137,169,1.2307692307692308,0.039366639670704535,648,The rubber chicken told me to shred everything.
2741,2311,6,27,136,169,1.2307692307692308,0.038461538461538464,648,And the document now will vanish...subpoena-cadabra.
3942,2321,9,23,146,178,1.2303370786516854,0.03965996033767477,648,And just like that all of your bills will disappear
4134,2322,4,30,131,165,1.2303030303030302,0.03710140956341412,648,"It's magical, the votes vanish and the hares appear tomorrow."
4113,2322,8,22,135,165,1.2303030303030302,0.04089197857308644,648,"...and make it reappear, ladies and gentlemen, still as a divorce 
decree, but now with me getting custody of Mr. Floppy Bun."""
4044,2322,4,30,131,165,1.2303030303030302,0.03710140956341412,648,I wish Ted would drop it with these silly outfits — as if wearing them somehow magically makes this legal.
3558,2322,6,26,133,165,1.2303030303030302,0.03904272341431856,648,May this caption deserve a short life at the bottom of a hampster cage”.
2550,2322,7,24,134,165,1.2303030303030302,0.03997804499490151,648,Banksky: His Pre-Artist Phase.
656,2322,6,26,133,165,1.2303030303030302,0.03904272341431856,648,"As I wave my magic wand and insert the ballot, I utter that magic word abra-electoral-cadabra"
386,2322,6,26,133,165,1.2303030303030302,0.03904272341431856,648,No need for magic when you can make things disappear this way.
77,2322,6,26,133,165,1.2303030303030302,0.03904272341431856,648,"If i were in politics, my tax cuts would be spectacular"
3340,2322,8,22,135,165,1.2303030303030302,0.04089197857308644,648,"And when I say Banksy, put your tongue in it."
2472,2322,5,28,132,165,1.2303030303030302,0.03808443805020087,648,Abra-ca-electoral college.
490,2332,7,21,124,152,1.230263157894737,0.04223454685608581,648,And voila...I have saved his resume on file.
1386,2332,7,21,124,152,1.230263157894737,0.04223454685608581,648,And now I will make all fiduciary liability disappear.
1501,2332,3,29,120,152,1.230263157894737,0.037884079046166655,648,"Please, ladies and gentlemen, do not attempt this trick at home, . . . at least for seven years after you file."
952,2335,4,24,111,139,1.2302158273381294,0.041246032485147154,648,The real wonder is why we still print things in the first place?
3891,2335,3,26,110,139,1.2302158273381294,0.03996211682594532,648,"Full Disclosure, One page at a time."
768,2337,9,25,153,187,1.2299465240641712,0.038334114388510046,648,"If you keep holding on to that document, your hand is going to be REALLY small."
703,2337,6,31,150,187,1.2299465240641712,0.0360139043585744,648,"Doris, get your thumb out of the way or else this won’t work."
2507,2339,9,22,143,174,1.2298850574712643,0.04026546259446958,648,"Why yes, my cousin is Banksy - why do you ask?"
3516,2339,7,26,141,174,1.2298850574712643,0.038580123662788735,648,"I hope you’ve enjoyed the Trump magic show! For my grand finale: Into the shredder with the U.S. Constitution! Aaaaaand… Presto! Out it com…. Uh, oh… ehhhh… Presto! Uh…  Something’s gone… Hmmmmmmmmm…."
1784,2339,8,24,142,174,1.2298850574712643,0.03943179820768196,648,Behold as I make my IRS tax forms- disappear!
1733,2339,7,26,141,174,1.2298850574712643,0.038580123662788735,648,Maybe this time the damm rabbit will come out instead of that orange haired thing!
1398,2339,6,28,140,174,1.2298850574712643,0.03770921868430573,648,"The rabbit has died, we should have stayed with the hat."""
893,2339,7,26,141,174,1.2298850574712643,0.038580123662788735,648,"And now, with this simple act, I will make my career disappear."
3633,2345,11,15,135,161,1.2298136645962734,0.04427508518442004,648,This illusion was a lot more exciting before I ran out of rabbits.”
27,2345,4,29,128,161,1.2298136645962734,0.037640469009007915,648,And shazzam! The last piece of evidence magically disappears.
1593,2345,5,27,129,161,1.2298136645962734,0.03865804778789121,648,Now they'll never read what I did to that rabbit!
1711,2345,9,19,133,161,1.2298136645962734,0.042485334704837396,648,The Attorney General assured me that this trick would work.  Even gave me the paper.
2429,2349,6,22,120,148,1.2297297297297298,0.041896784583418355,648,"I shall now shred this document, along with the thumb of my assistant........"
3792,2350,8,29,159,196,1.2295918367346939,0.03641020414176028,648,Now watch closely as this piece of paper will be recycled into a wall.
672,2351,11,20,152,183,1.2295081967213115,0.04039997576392048,648,‘Well here goes Donald’s billet doux to Stormy’
693,2351,8,26,149,183,1.2295081967213115,0.038105253188950666,648,Watch this restraining order magically disappear.
702,2351,9,24,150,183,1.2295081967213115,0.03888521005435285,648,This lovely volunteer from the audience has agreed to let me make her ballot disappear.
3029,2351,7,28,148,183,1.2295081967213115,0.037308994628868324,648,The magic of progressiveism meet the shredder of politics.
3079,2351,9,24,150,183,1.2295081967213115,0.03888521005435285,648,"Tis I, the Magical Michael Cohen."
2018,2356,6,27,137,170,1.2294117647058824,0.038258714613444295,648,And now. I'll make my lovely assistant's identity disappear.
3788,2356,3,33,134,170,1.2294117647058824,0.03542440276208115,648,"And for this next trick, I will make my student loans disappear."
3785,2356,7,25,138,170,1.2294117647058824,0.03915792241867862,648,And for my next trick I’ll make his tax returns appear.
1753,2359,6,24,127,157,1.2292993630573248,0.04028379184927872,648,Now pretend this is paper is my assistant and I'm sawing her in half.
2637,2360,7,30,155,192,1.2291666666666667,0.03614731147427037,648,"As I told Trump, with the touch of a wand and the help of shredder, I could make the Mueller report disappear."
1859,2361,5,31,143,179,1.229050279329609,0.036137391592408426,648,Phew. Last time I pulled out a rabbit.
1000,2361,8,25,146,179,1.229050279329609,0.03865518292566598,648,"I will now make the translator's notes of the meeting with Putin disappear. No, I'm not a expert magician, but I did sleep at a White House last night."
1299,2361,7,27,145,179,1.229050279329609,0.03783454067884032,648,And with a tap of my wand this harrasment claim against me will disappear.
3565,2361,6,29,144,179,1.229050279329609,0.03699569934115244,648,"This was the form that said I can't turn anyone into a frog,right?"
4202,2365,11,16,139,166,1.2289156626506024,0.0432780581627454,648,It's a coll-u-u-u-sion.
2691,2365,5,28,133,166,1.2289156626506024,0.03787973359952879,648,Banksy has nothing on me.
223,2365,5,28,133,166,1.2289156626506024,0.03787973359952879,648,Watch me make Trump's tax returns disappear.
3573,2368,4,27,122,153,1.2287581699346406,0.03879055189853624,648,"And now I, the Great-Outstanding-Phillip, will make this mail-in ballot disappear!"
701,2368,5,25,123,153,1.2287581699346406,0.03988365866615721,648,And for my next trick I give you 'The Michael Cohen Fever Dream'
663,2370,8,24,143,175,1.2285714285714286,0.039227827183288294,648,"Now watch carefully as I make these song lyrics disappear........wait, OH NO, they are JAMMING."
1296,2370,9,22,144,175,1.2285714285714286,0.040056258818238655,648,you can catch my next trick at the Governor Mansion in Georgia
2902,2370,8,24,143,175,1.2285714285714286,0.039227827183288294,648,"Now, please watch carefully as I escape from taxes."
2124,2373,8,29,160,197,1.2284263959390862,0.03624365192052153,648,"One, two, three...Abracabanksy !"
3159,2373,9,27,161,197,1.2284263959390862,0.03695131490528577,648,"For my next trick, I’ll make my tax returns disappear!"
3055,2375,8,21,133,162,1.228395061728395,0.04132857204299843,648,"Wearing Lincoln's hat doesn't give you the right to shred the Constitution, Mr. Trump! And what's with the bowtie?"
2098,2375,5,27,130,162,1.228395061728395,0.038444858678485655,648,And this is how we get rid of toxic masculinity.
2905,2375,5,27,130,162,1.228395061728395,0.038444858678485655,648,"Not part of the act, ladies and gentlemen... I just love to shred."
2213,2378,3,28,118,149,1.2281879194630871,0.0382370494990411,648,Ok. Not what I saw myself doing at this point in my life but my high school leotard still fits.
2158,2379,7,25,139,171,1.2280701754385965,0.03895136602174896,648,And in my next act I will show how one makes an email disappear!
2730,2379,10,19,142,171,1.2280701754385965,0.041516349355085025,648,"Abracadabra, it's now great art"
3245,2379,8,23,140,171,1.2280701754385965,0.03982472052086069,648,"And for my next trick, I will attempt to make this jury summons disappear..."
1484,2379,4,31,136,171,1.2280701754385965,0.036205117955160016,648,And then we shred the shredder.
158,2379,6,27,138,171,1.2280701754385965,0.038057975055904594,648,"But first, I'll make this cease-and-desist order disappear."
622,2379,7,25,139,171,1.2280701754385965,0.03895136602174896,648,I can make the information on this page reappear on computers everywhere
771,2385,5,21,110,136,1.2279411764705883,0.042991248748113955,648,And now I will make the Constitional Republic reappear
1982,2386,6,24,128,158,1.2278481012658229,0.04005431909756252,648,I like to start the show with easier tricks.
148,2386,4,28,126,158,1.2278481012658229,0.03798811877682898,648,Next we cut the translator in half.
612,2386,5,26,127,158,1.2278481012658229,0.03903489238214848,648,"And now, watch me make this subpoena disappear!"
1235,2386,6,24,128,158,1.2278481012658229,0.04005431909756252,648,I shall now make this state dept. translator's notes disappear.
3346,2386,8,20,130,158,1.2278481012658229,0.04201904078553265,648,Don't cry.  Now we can both be president.
3713,2391,5,31,144,180,1.2277777777777779,0.03595859018774549,648,And now I will shred my tax returns. Back to magic in a minute.
2979,2391,8,25,147,180,1.2277777777777779,0.03846088854385181,648,"And now using my magic anti-Mueller box, I will make this event disappear!"
838,2391,6,29,145,180,1.2277777777777779,0.03681159402580952,648,"For my next trick, I'm going to make the Mueller Report disappear"
2493,2394,5,23,117,145,1.2275862068965517,0.041227371113703344,648,Presto! No more hassle from the ASPCA!
3006,2394,2,29,114,145,1.2275862068965517,0.03758110971096969,648,"And with the wave of my wand, your affidavit will disappear!"
2307,2396,7,24,136,167,1.2275449101796407,0.03954565451888787,648,and now I will save Trump's tax return
1901,2396,7,24,136,167,1.2275449101796407,0.03954565451888787,648,"Yes, a President did show me how to shred ballots..."
2121,2396,9,20,138,167,1.2275449101796407,0.04132975350897556,648,"And now ... I'll put my traffic ticket into the shredder, and later, you'll see, as by miracle, ... I'll get a brand-new new ticket!"
724,2396,8,22,137,167,1.2275449101796407,0.04044754205412186,648,I'd like to add you to my LinkedIn network
938,2396,8,22,137,167,1.2275449101796407,0.04044754205412186,648,"Before your very eyes, your paycheck shall disappear"""
1630,2401,7,26,143,176,1.2272727272727273,0.03818491020256925,648,My final curtain call is to pull a shred of human decency from these Panama Papers.
2939,2401,8,19,127,154,1.2272727272727273,0.04274226900296567,648,And Presto! Evidence of collusion has vanished!
3539,2401,6,28,142,176,1.2272727272727273,0.037324955488830955,648,I shall now magically change this summons for Jury Duty into a plate of delicious scrambled eggs.
4224,2401,5,30,141,176,1.2272727272727273,0.0364447148062397,648,"Relax. Just put on your best, “This is how we vote now,” smile."
3125,2401,4,27,123,154,1.2272727272727273,0.03856645962786087,648,... and – Hey Presto! – the bad reviews become ticker-tape!
3688,2401,4,27,123,154,1.2272727272727273,0.03856645962786087,648,Abracadabra there goes another Republican vote.
43,2401,8,24,144,176,1.2272727272727273,0.03902592000342006,648,Wait! These are Trump-Putin notes!
2520,2401,9,17,128,154,1.2272727272727273,0.043723952215524775,648,Abracadabra my ass!
3639,2409,8,26,151,185,1.227027027027027,0.037732773388255904,648,"It's just as amazing, but much easier than sawing you in half."
3811,2409,9,24,152,185,1.227027027027027,0.03850346210602323,648,I will now saw this paper in half and half again and half again and half again and half again and half again and half again and half again and half again and half again and half again and half again.
3189,2411,6,25,132,163,1.2269938650306749,0.039211934610142204,648,"Presto!  Don't forget kids, it works for chore lists, report cards, AND tax returns!  Now that's real magic."
238,2411,5,27,131,163,1.2269938650306749,0.038233956816305814,648,And now I'll make my tax problems disappear!
28,2413,8,23,141,172,1.2267441860465116,0.039614702506835624,648,See? I can make IRS audits disappear too.
3660,2413,9,21,142,172,1.2267441860465116,0.040463861786901166,648,"And with a wave of my wand, I will make your vote... disappear!"" - GO"
4130,2413,4,31,137,172,1.2267441860465116,0.0360184234897598,648,I will now shred all the records of tonight's ticket sales.
3559,2413,4,31,137,172,1.2267441860465116,0.0360184234897598,648,"'And now, I will make my taxes disappear.'"
461,2413,6,27,139,172,1.2267441860465116,0.037859288724121386,648,"And for my next trick, I will make this cease and desist notice disappear"
2400,2418,5,24,121,150,1.2266666666666666,0.040297180905907795,648,"We've got to bury the evidence first, then the rabbit."
144,2418,4,26,120,150,1.2266666666666666,0.039171128785758576,648,"And here we have our prenup back again, as good as new."
2824,2420,5,26,128,159,1.2264150943396226,0.03881507448550428,648,I will now make my attorneys' fees disappear!
439,2420,7,22,130,159,1.2264150943396226,0.040814617468687135,648,Presto Change-o fraud indictment Disappear-o!
3188,2420,8,20,131,159,1.2264150943396226,0.04177851714715673,648,"After working thirty years as a magician, I can finally make my mortgage disappear."
2228,2420,8,20,131,159,1.2264150943396226,0.04177851714715673,648,The sex therapist said to try new things.
2738,2420,9,18,132,159,1.2264150943396226,0.04272067404565706,648,I am holding our national audience as witnesses that I have delivered President Trump's tax returns directly to Congress.
493,2420,6,24,129,159,1.2264150943396226,0.039827396390113845,648,The last paper we  will ever read
1667,2420,5,26,128,159,1.2264150943396226,0.03881507448550428,648,"And for my next trick, I'll make this prenuptial contract disappear before Soon-to-Be-Ex-Mrs.-The-Great-Zambini's eyes..."
2552,2427,7,29,154,190,1.2263157894736842,0.0362808827350786,648,"And now, watch all my bills disappear. Tadaaa!!!"
3039,2428,7,24,137,168,1.2261904761904763,0.0393328859377852,648,I will now change the translator notes from English to Cyrillic.
122,2428,6,26,136,168,1.2261904761904763,0.03841601120320939,648,This next trick eliminates wordiness in a flash.
865,2428,7,24,137,168,1.2261904761904763,0.0393328859377852,648,"And once the contract is shredded, I will totally disappear from this miserable venue!"
879,2431,7,26,144,177,1.2259887005649717,0.037990268863138686,648,"Abracadabra.
Watch me make those ballots disappear!"
1457,2431,8,24,145,177,1.2259887005649717,0.03882604620201935,648,It’s magic!  The printer works!
4168,2431,4,32,141,177,1.2259887005649717,0.035364622465540854,648,I'm testing this before I make my lovely assistant disappear.
168,2434,7,28,151,186,1.2258064516129032,0.036767105982238465,648,"And for our next trick, Janice and I will fight over custody of our son."
992,2434,6,30,150,186,1.2258064516129032,0.03596800583214693,648,Very clever how the toaster exposes the secret ink!
1250,2434,5,25,125,155,1.2258064516129032,0.039422291394586396,648,Thank God the rabbit actually disappeared.
3154,2437,8,21,135,164,1.225609756097561,0.04087020977435136,648,"I'm hoping that by shredding this contract bid for a border wall, the President will magically become Mr. Rogers."
2909,2437,4,29,131,164,1.225609756097561,0.037028465410418245,648,Hocus pocus marriage license toasta
3038,2437,10,17,137,164,1.225609756097561,0.042661545274098524,648,"And now, with assistance from my girlfriend Gayle, I will make my child-support payments disappear."
3181,2437,7,23,134,164,1.225609756097561,0.039944428246155295,648,I think that noise means the bin's full
4235,2437,6,25,133,164,1.225609756097561,0.038996674843183914,648,I may need someone from the IRS for the next part of this trick
60,2442,0,30,103,133,1.2255639097744362,0.0363781519910736,648,"Oh, the magic of tax time!"
3213,2443,6,27,140,173,1.2254335260115607,0.03766262514248898,648,"Mister President, imagine these are Articles of Impeachment..."
3482,2443,4,31,138,173,1.2254335260115607,0.035833596838334064,648,Watch my assistant put these shreds together and pull out a rabbit
3022,2443,6,27,140,173,1.2254335260115607,0.03766262514248898,648,"Abracadabra, alakazam. Disappear my assistant's contract and sonogram."""
4099,2443,5,29,139,173,1.2254335260115607,0.036759488536947216,648,And now to make this bill disappear.
1739,2443,9,21,143,173,1.2254335260115607,0.04025063152300482,648,Your document can disappear just like this subpoena for a one hundred dollar donation.
4174,2443,5,29,139,173,1.2254335260115607,0.036759488536947216,648,"Now that we know the machine works, I shall make Jaylene disappear."
1388,2449,9,23,150,182,1.2252747252747254,0.038867043683386907,648,Some Democrats have cast doubts on congressional Republicans’ new plan to help federal employees manage their bills during the government shutdown.
1094,2449,5,31,146,182,1.2252747252747254,0.03560612325297367,648,"And now my greatest trick, making Trump's tax returns disappear"
3801,2449,6,29,147,182,1.2252747252747254,0.036448714394351975,648,"Let's try our marriage certificate. It's a win, either way."
22,2449,7,27,148,182,1.2252747252747254,0.03727226246012079,648,"Now I'll restore the paper, and a doctor in the house will do the same to my assistant's thumb."
3191,2449,7,27,148,182,1.2252747252747254,0.03727226246012079,648,"Hold ‘er steady, Karen. We’re only chapter two."
3804,2454,5,26,129,160,1.225,0.03859766669390569,648,And bibbiddi-bobbiddi-boom! My financial struggles have mysteriously disappeared. For my next trick I shall fly.....To the Cayman Islands.
3533,2454,4,28,128,160,1.225,0.03756545649945677,648,Thanks! My wand is broken.
5,2454,8,20,132,160,1.225,0.04154069006188523,648,Presto chango shredo.
2580,2457,6,26,137,169,1.2248520710059172,0.03821146785683574,648,"Nothing up the sleeves, and, Ta-Dum! Look, no redaction needed!"
4096,2457,7,24,138,169,1.2248520710059172,0.03912235491261584,648,"Like they say, fake it till you make it."
438,2457,8,22,139,169,1.2248520710059172,0.040012510943995536,648,Lets hope magic works this time.
2205,2457,6,26,137,169,1.2248520710059172,0.03821146785683574,648,"Yes, I am with the government, and I am here to help you."
4216,2461,6,28,144,178,1.2247191011235956,0.036948288573843725,648,"I guess they're right, this electronic age is shear magic."
2164,2461,8,24,146,178,1.2247191011235956,0.038628175891098654,648,"This new trick is called  ""The Presidential Tax Return"" and if I do it right, it ends up in David Blaine's stomach."
3809,2463,5,23,119,147,1.2244897959183674,0.04072303194797712,648,"Except for the blood, this was much better trick when I used a rabbit."
1939,2463,11,22,163,196,1.2244897959183674,0.03831977633667401,648,Abraca...Deborah...could ya give it a little shake...
3042,2465,6,23,127,156,1.2243589743589745,0.040236807247372344,648,"Take that, Toastmasters Club."
1750,2465,5,25,126,156,1.2243589743589745,0.03919550575669872,648,"Dispatching with a hocus-pocus, this presidential Twitter opus."
3300,2465,7,21,128,156,1.2243589743589745,0.04125183200054257,648,"Viola, the interpreter's notes: COLLUSION"
1878,2465,7,21,128,156,1.2243589743589745,0.04125183200054257,648,I'm going to make our marriage licence disappear... and tada... I'm single again!
697,2469,7,23,135,165,1.2242424242424241,0.039725141349637984,648,"An audience member has given me the only copy of  his tax returns in existence.  He is a VIP who holds one of the most powerful positions in the world, but I am not at liberty to use his real name."
3908,2469,6,25,134,165,1.2242424242424241,0.03878372113711275,648,I've demonstrated that sawing a woman in half isn't criminal while holding this wand. Now for my next trick...
2756,2469,4,29,132,165,1.2242424242424241,0.03682875731309087,648,I never really believed in this Democracy nonsense anyway.
916,2472,7,25,142,174,1.2241379310344827,0.038344339554150224,648,It's magic how we can make these tax records disappear.
3568,2472,6,27,141,174,1.2241379310344827,0.037467954411586055,648,Now you see it... Soon you won’t. As featured on America’s Not Talent.
3465,2472,7,25,142,174,1.2241379310344827,0.038344339554150224,648,The real magic is in step two: avoiding the IRS
3276,2472,4,31,139,174,1.2241379310344827,0.03565061109824253,648,Now I will make my criminal record disappear.
146,2472,6,27,141,174,1.2241379310344827,0.037467954411586055,648,"And for my next act, I shall make my taxes disappear."
4237,2477,6,22,124,152,1.2236842105263157,0.04090021396894979,648,This is how I made Trump think we were shredding the Mueller report.
2678,2478,3,30,128,161,1.2236024844720497,0.036303537547610114,648,I will now make jury duty disappear!
692,2479,8,22,140,170,1.223529411764706,0.03979843154261723,648,For a nominal fee I will make all your bills irretrievably disappear.
557,2479,9,20,141,170,1.223529411764706,0.04066360531884339,648,"Yes! It looks like a shredder, sounds and acts like a shredder.  But Ladies and Gentlemen:  Have no doubt.  I assure you my vote will still count!"
3661,2479,8,22,140,170,1.223529411764706,0.03979843154261723,648,"This is no illusion folks, this is Enron at it's finest!"
2966,2479,4,30,136,170,1.223529411764706,0.03613115796864638,648,"And now, before your very eyes, I'll make our pre nup disappear..."
2778,2479,6,26,138,170,1.223529411764706,0.03800904977375565,648,Abra-dabra -papershacabra
2712,2479,6,26,138,170,1.223529411764706,0.03800904977375565,648,Tax return? There is no tax return!
1293,2485,8,24,147,179,1.223463687150838,0.038432279747725694,648,"And now , Ladies and Gentleman, you will see how this antique ink-jet printer from 2002 prints its fifth page in a row without a cartridge change."
2034,2485,9,22,148,179,1.223463687150838,0.039240423357111254,648,How one man prepares to imitate Donald Trump speaking.
913,2485,4,32,143,179,1.223463687150838,0.03501367350130436,648,"And for my final act, I'll make our marriage license disappear"
4034,2488,5,32,151,188,1.2234042553191489,0.03481703770231501,648,"Tell Abe to vote ballet""  (palindrome!"
3664,2489,4,25,119,148,1.222972972972973,0.039323365537744966,648,"Mueller’s report, vanished!"
689,2490,7,21,129,157,1.2229299363057324,0.04101314316595286,648,"And, as I said to the auditor, '""Presto!'"
4140,2491,7,23,136,166,1.2228915662650603,0.03950820899360252,648,Watch my latest trick: unshredding evidence!
3869,2491,3,31,132,166,1.2228915662650603,0.035620516242343254,648,And now I will make your prenup magically disappear
2800,2493,7,25,143,175,1.2228571428571429,0.03814610725192353,648,My To Do list disappears like magic!
4120,2493,6,27,142,175,1.2228571428571429,0.03727524719547092,648,Now all I need is to say the magic word - abrrrcrrrddrrbbrrrrr
2222,2495,8,27,158,193,1.2227979274611398,0.036519156316148084,648,...one can come up with most any excuse to meet a half naked blond!
1869,2495,5,33,155,193,1.2227979274611398,0.034230566451603786,648,"Now for my next trick, watch your paycheck shred right before your eyes."
2913,2495,6,31,156,193,1.2227979274611398,0.035010056351656944,648,This trick's a lot more complicated than the one where we saw a woman into just two parts.
2323,2498,6,26,139,171,1.2222222222222223,0.03780872485437336,648,"And now, ladies and gentlemen, the subpoena about the incident in Orlando will disappear."
2845,2498,8,20,134,162,1.2222222222222223,0.04107294966560803,648,"This way, Kellyanne, nobody will ask for my dad’s tax return anymore!"
1322,2498,7,22,133,162,1.2222222222222223,0.0401286176952564,648,"Audience, you are now watching my divorce summons disappear."
1295,2498,3,38,157,198,1.2222222222222223,0.03211199757415264,648,"At Magic Shred, I feel valued for the skill set I bring to the job of document disappearance."
1249,2498,4,26,123,153,1.2222222222222223,0.03848505245308902,648,And now I'm going to turn this marriage certificate into divorce papers.
1014,2498,5,22,117,144,1.2222222222222223,0.04116179491907547,648,"Carl, did you make the rabbit disapear too?"
963,2498,7,18,119,144,1.2222222222222223,0.043457376303801656,648,"Since this is a banking convention, I will shred my handkerchief, and all of you will receive a picture of a rabbit via email."
788,2498,6,22,125,153,1.2222222222222223,0.04065830648622765,648,This is another way to make that subpoena disappear.
1822,2498,7,24,140,171,1.2222222222222223,0.038707869028378625,648,Watch as I turn my taxes into government policy.
1560,2498,6,24,132,162,1.2222222222222223,0.039161520936124516,648,"For my next trick, my expense report fiction vanishes forever!"
321,2498,6,20,118,144,1.2222222222222223,0.0423251516014429,648,... and here is my final trick: Making confetti out of  paper!
3265,2498,5,26,131,162,1.2222222222222223,0.03816992907943363,648,Critics agreed that The Great Torzinni had the first half of his tricks down cold.
3308,2498,4,28,130,162,1.2222222222222223,0.037151880838356854,648,And now my tax evasion charges will disappear!
3322,2498,4,28,130,162,1.2222222222222223,0.037151880838356854,648,I'm not as sure about death as I am about taxes.
85,2498,4,26,123,153,1.2222222222222223,0.03848505245308902,648,...as I make a work of art emerge from the shredder.
3466,2498,7,26,147,180,1.2222222222222223,0.037417864161164195,648,"Ladies and Gentlemen, for your delectation: All The News That's Fit to Shred."
3201,2498,6,26,139,171,1.2222222222222223,0.03780872485437336,648,And another woman who had an affair with Donald Trump confesses!
3146,2498,5,28,138,171,1.2222222222222223,0.0368876703724877,648,I will now turn this damning evidence into FOIA-exempt evidence.
242,2516,7,29,158,194,1.2216494845360826,0.03560621845574209,648,"So sorry folks, the lady I sawed in half was from IT!"
2860,2516,11,21,162,194,1.2216494845360826,0.03848982453491718,648,You want a trick? Shazam! Trump becomes president.
3405,2518,6,29,150,185,1.2216216216216216,0.03591735254268451,648,"Thank you for lifting that for me, if I bent down I may have dropped the cake off my head."
3845,2518,6,29,150,185,1.2216216216216216,0.03591735254268451,648,"Decompose, Ye, my tax returns."
3686,2518,4,33,148,185,1.2216216216216216,0.034242479473812905,648,"If this won't work, I'll just make the damn thing disappear"
1608,2521,6,27,143,176,1.2215909090909092,0.037084474709274375,648,"And for my next trick, I'll need a piece of paper from the audience..."
2217,2521,6,27,143,176,1.2215909090909092,0.037084474709274375,648,..and now the great Putin-ski will create a shredded salad with Russian dressing using just my tax returns
2290,2521,7,25,144,176,1.2215909090909092,0.037949879175010234,648,For only $5 you too can watch your tax bill disappear.
2822,2521,5,29,142,176,1.2215909090909092,0.03619838669785914,648,Watch carefully while I make my pre-nup disappear.
2820,2525,6,25,136,167,1.221556886227545,0.038364588954525436,648,Shredracadebra!
2331,2525,6,25,136,167,1.221556886227545,0.038364588954525436,648,"And just like that, you owe thousands in back taxes!"
1730,2527,7,21,130,158,1.2215189873417722,0.04077715737832947,648,And again in 2020 the winner is... !
3967,2527,6,23,129,158,1.2215189873417722,0.03977626061828339,648,"Tell the rabbit's agent, 'no deal!'""

-Jim McRae, Montreal, Q"
1955,2529,7,19,123,149,1.221476510067114,0.04242516440739853,648,Magician unaware of Manufacturer's Warning: This is an Oval office limited edition model. Documents are made whole after appearing to be shredded.
3418,2529,4,25,120,149,1.221476510067114,0.039087215432839176,648,And for my next trick I'll make tax returns disappear.
3757,2531,6,30,154,190,1.2210526315789474,0.03528765094094845,648,"And now, for my final trick, I will make the divorce papers disappear!"
2868,2532,5,30,146,181,1.2209944751381216,0.035543755185301625,648,The shredder is quicker than the eye. Watch this tax lien disappear.
1120,2532,5,30,146,181,1.2209944751381216,0.035543755185301625,648,I will now make our marriage license magically disappear.
602,2534,7,24,141,172,1.2209302325581395,0.0385038475891001,648,"A wave of the wand and, PRESTO!, the subpoena disappears."
4039,2534,7,24,141,172,1.2209302325581395,0.0385038475891001,648,"- Don't you worry honey, this trick will make your student debt disappear into thin air!"
688,2536,4,28,131,163,1.2208588957055215,0.036948412359557335,648,"Now for my next trick, watch my tax records disappear. Ala kazam!!"
680,2536,6,24,133,163,1.2208588957055215,0.038944394975012134,648,"And when I am done, ladies and gentleman, it will be confetti!"
3314,2536,5,26,132,163,1.2208588957055215,0.03795952499611685,648,"Behold! 'Auditing' in progress."""
4004,2536,11,14,138,163,1.2208588957055215,0.04353582100023385,648,"And the outcome of the 2020 presidential election, via The Trump Channel, is..."
2760,2536,5,26,132,163,1.2208588957055215,0.03795952499611685,648,Don't shred a tear for me.
3963,2541,4,26,124,154,1.2207792207792207,0.03826155328951963,648,"1, 2, 3, IRS DISAPPEAR"
2395,2541,2,30,122,154,1.2207792207792207,0.03597473536357872,648,Simply reverse the polarity of the shredder’s plug and Abracadabra! Your message returns...
2333,2541,5,24,125,154,1.2207792207792207,0.039355163548769105,648,"Mr. Georgie Porgie of puddin’ and pie fame:
“Abracadabra...begone my list of girls I kissed and made to cry.”"
11,2541,5,24,125,154,1.2207792207792207,0.039355163548769105,648,I am going to make Trump's tax returns disappear
303,2545,2,28,115,145,1.2206896551724138,0.03722789595563596,648,"With this trick, we dissolve our marriage paperwork! Presto! Instant divorce."
2360,2546,6,29,151,186,1.2204301075268817,0.03574359169590249,648,"And with the wave of my wand, watch the incriminating evidence DISAPPEAR."
1491,2546,8,25,153,186,1.2204301075268817,0.03733429555862799,648,Concentrate on the shredder and this piece of paper - out will pop a big beautiful wall.
2305,2548,5,29,143,177,1.2203389830508475,0.036015060828470905,648,"If Al Capone can make his taxes disappear, why can't I?"
3064,2548,7,25,145,177,1.2203389830508475,0.037755625769599045,648,Who controls the past controls the future: who controls the present controls the past
756,2550,7,23,138,168,1.2202380952380953,0.03908126110969422,648,I will now shred the instructions for how to do this trick. Uh-oh.
552,2550,6,25,137,168,1.2202380952380953,0.038158340772292305,648,I shall now make a piece of useless technology disappear.
1034,2550,9,19,140,168,1.2202380952380953,0.04086461756560951,648,"And now, the Magic Words: Abra-CaBanksy, Wanksy No Thanksy!"
1957,2550,4,29,135,168,1.2202380952380953,0.036242060808333754,648,...and POOF! Your debt is gone!
2099,2554,7,21,131,159,1.220125786163522,0.04054382992397163,648,This was a great trick for me until Banksy hid the shredder in a picture frame.
3326,2554,3,29,127,159,1.220125786163522,0.03640544136944237,648,So much for your me-too allegations!
1725,2554,5,25,129,159,1.220125786163522,0.038530236867996566,648,"In goes a Gillum ballot and abracadabra, out comes another DeSantis winner"
1634,2554,6,23,130,159,1.220125786163522,0.03954985017675705,648,Let's pray to Banksy that I can get $1.37 million for this after it is shredded
3632,2558,8,26,157,191,1.219895287958115,0.03665708690006442,648,"For my next escape trick, my assistant here will destroy the instructions for opening the air-tight shipping container."
2755,2559,4,32,146,182,1.2197802197802199,0.03449981333359877,648,"I will never reveal the secrets of my magic! Seriously, I won’t."
44,2559,8,24,150,182,1.2197802197802199,0.03785615130508532,648,After defeating You-Know-Who Harry Potter's career quickly went downhill.
614,2561,5,28,140,173,1.2196531791907514,0.036504947758810545,648,Now watch as I make this restraining order...disappear!
3481,2561,8,22,143,173,1.2196531791907514,0.03916951896884303,648,"Abracadabra, terms and conditions now apply!"
2273,2561,7,24,142,173,1.2196531791907514,0.038301930514333934,648,I am putting the Mueller Report in the fax machine.  It will be sent to all the major media outlets and members of congress.”  Said Barr the great.
516,2564,6,24,134,164,1.2195121951219512,0.03872962143917949,648,And now my next trick... making my divorce papers disappear.
1015,2564,8,20,136,164,1.2195121951219512,0.04061547703765923,648,For my next trick I will move my right eyeball to the right of my nose.
1864,2564,5,26,133,164,1.2195121951219512,0.037751382461241274,648,I'm using folks at the CIA to put these back together.
3246,2564,5,26,133,164,1.2195121951219512,0.037751382461241274,648,"Abra-cadabra, your New Years Resolutions will soon be toast."
1006,2568,3,28,124,155,1.2193548387096773,0.03692287247901823,648,"For my next trick, I shall make my credit card bill disappear!"
3007,2568,6,22,127,155,1.2193548387096773,0.04018283282430401,648,"And now, as I stop the shredder halfway, this $49 Groupon for Duct Cleaning will become a $10,000 bathroom remodel."
4087,2570,2,28,116,146,1.2191780821917808,0.03700291794202241,648,Voila! The shredded ballot is whole again!
3638,2570,5,22,119,146,1.2191780821917808,0.04065262439366893,648,"And for this trick, I'll make my legal troubles disappear!"
2900,2570,2,28,116,146,1.2191780821917808,0.03700291794202241,648,"I will now transform these translator notes into a Moscow Mule"""
1995,2570,6,20,120,146,1.2191780821917808,0.04179843515470749,648,Your ballet will disappear before your eyes.
4054,2574,6,25,138,169,1.2189349112426036,0.03795425920649814,648,abra kazam! Mister Rabbit isn't done disappearing until all evidence is destroyed.
2428,2574,5,27,137,169,1.2189349112426036,0.03701463783126026,648,"Ladies and gentlemen, watch as I make our prenup agreement disappear."
811,2574,8,21,140,169,1.2189349112426036,0.03976695296579084,648,Abraconfetti
136,2574,5,27,137,169,1.2189349112426036,0.03701463783126026,648,The last show of the night.
4241,2574,7,23,139,169,1.2189349112426036,0.03887117402457423,648,"Don't forget to hit ""reverse"" before we're on stage."
1127,2579,5,25,130,160,1.21875,0.038313374965641724,648,"And just like that, the tax return disappears!"
3696,2579,5,25,130,160,1.21875,0.038313374965641724,648,Now for my next trick Mr. President - I'll make your taxes disappear
3607,2579,8,19,133,160,1.21875,0.04127667328966368,648,"For my last act, I shred my assistant’s contract and make her disappear."
1103,2579,8,19,133,160,1.21875,0.04127667328966368,648,I'd like to see Houdini try this one!
3848,2583,6,28,149,183,1.2185792349726776,0.03603845042948517,648,For my next trick I will save your identity.
3290,2583,4,32,147,183,1.2185792349726776,0.03433178452402732,648,And now to make Trump’s tax return disappear...ta-da
568,2585,4,25,122,151,1.218543046357616,0.03862314640183871,648,"And for my next trick, I am going to make these negative audience reviews disappear."
2606,2586,6,26,142,174,1.2183908045977012,0.03721999729046228,648,"And, voila! This suggestion about not perpetuating stereotypical gender roles has disappeared!"
3793,2586,6,26,142,174,1.2183908045977012,0.03721999729046228,648,"Prenuptous agreementus, be-gone-us!"
1838,2586,3,32,139,174,1.2183908045977012,0.03443843629051968,648,"And just like that, your application for my assistant position disappears!"
2867,2586,8,22,144,174,1.2183908045977012,0.03896421094302535,648,I learned from Enron. Start with magic tricks and then expeditiously shred.
2241,2590,5,26,134,165,1.2181818181818183,0.037545466177750446,648,"To save the act, I’m shredding your contract, making you magically disappear, and then replacing you with a drag queen."
2176,2590,4,28,133,165,1.2181818181818183,0.03654794386141595,648,"Here in New York, another Republican ballot."
247,2590,6,24,135,165,1.2181818181818183,0.038517163193983975,648,Abracadabra...... Facts from the fax
201,2590,4,28,133,165,1.2181818181818183,0.03654794386141595,648,Abra-memoranda! I've made Parliamentary procedure disappear.
2888,2594,9,21,149,179,1.217877094972067,0.039016369776569505,648,Damn I 'd much rather be cutting HER in half.
1391,2594,7,25,147,179,1.217877094972067,0.037372927544765004,648,And now we make all evidence of Russia interference in the 2016 elections disappear
3840,2594,3,33,143,179,1.217877094972067,0.033847495013881776,648,"Now I'll say the magic words: ""Abra-Ca-Bansky"""
1423,2594,5,29,145,179,1.217877094972067,0.035653812082167356,648,I knew I should have been better prepared when Mueller Called
1947,2598,8,21,141,170,1.2176470588235293,0.03955330936923113,648,"Now, before your very eyes. Watch a paternity test...disappear!"
2196,2598,6,25,139,170,1.2176470588235293,0.03775231110156769,648,"Presto, chango. My Trump ballot is automatically shredded"
3577,2598,5,27,138,170,1.2176470588235293,0.036818790708485705,648,"Presto Change-O,  from pre-nup agreement to post-nup agreement"""
2897,2601,5,25,131,161,1.2173913043478262,0.03809889486455061,648,"Betsy, I know you think this trick is stupid, but act surprised! Marie Kondo would!"
1031,2601,8,24,152,184,1.2173913043478262,0.03748142322245667,648,Marsha and Fred audition for a consulting gig at the Annual RNC Strategy Job Fair.
1530,2601,7,26,151,184,1.2173913043478262,0.036680520109975794,648,And now I will magically delete an email.
3011,2601,7,21,133,161,1.2173913043478262,0.040084975901273426,648,"And for my final trick, I will make my taxes...disappear."
4082,2601,5,30,149,184,1.2173913043478262,0.035023813228333485,648,"Presto!  The cable bill has disappeared.  And now, ladies and gentlemen, boys and girls, Netflix's prices will levitate."
3237,2606,7,29,162,198,1.2171717171717171,0.034955753986269655,648,"To my wife’s attorney ——- Watch, as I make this subpoena disappear before your very eyes."
3362,2607,9,20,146,175,1.217142857142857,0.03959921190959652,648,And it looks like The Electoral collage is about to cast its last vote
3140,2607,8,22,145,175,1.217142857142857,0.03876101313006848,648,"Can't take the kids if the papers are destroyed, Sharon!"
1699,2607,5,28,142,175,1.217142857142857,0.036129929475352866,648,"Ladies and gents, my administrative assistant!"
1655,2607,8,22,145,175,1.217142857142857,0.03876101313006848,648,Now watch as I make this harassment claim disappear.
2639,2607,5,28,142,175,1.217142857142857,0.036129929475352866,648,And you thought your accountant worked magic!
96,2607,7,24,144,175,1.217142857142857,0.03790428331834743,648,"'And for my next trick, my assistant, Hillary, and I will shred the election results"""
3360,2613,6,21,125,152,1.2171052631578947,0.04060127035236401,648,And that’s my rejection letter from MIT. Poof!
1106,2613,7,19,126,152,1.2171052631578947,0.041660551244149774,648,"The Trump Organization's Records Department:
""The real magic trick will be avoiding jail time."""
1020,2613,5,23,124,152,1.2171052631578947,0.03951360244884129,648,"Trumps interpreters notes from Hamburg .  Now you see them, now you don’t."
1419,2613,7,19,126,152,1.2171052631578947,0.041660551244149774,648,Banksy's Magician Brother
3361,2613,1,31,120,152,1.2171052631578947,0.034824865764599464,648,"For my next trick, I will make our loans.. disappear!"
4086,2613,6,21,125,152,1.2171052631578947,0.04060127035236401,648,"And now, for my final act, I will transform this half shredded rejection letter into a half shredded original Banksy."
1960,2619,7,22,137,166,1.216867469879518,0.03924849503273128,648,What I  shred here will turn into a Banksy mural elsewhere.
123,2619,5,26,135,166,1.216867469879518,0.037341741551228755,648,"That’s the last of the Constitution. And now, I will make it the President’s fault."
783,2619,4,28,134,166,1.216867469879518,0.036350877732882605,648,"In this trick, I will evade my taxes."
3749,2619,3,30,133,166,1.216867469879518,0.03533223686413296,648,Ta-daa! The W-2 is..... gone!
278,2623,6,22,129,157,1.21656050955414,0.039718171927335184,648,Et voila! The president's tax return has magically disappeared.
3348,2623,6,22,129,157,1.21656050955414,0.039718171927335184,648,"And just like that, all of the Amazing Lenardo’s Student loans bills vanished!"
3365,2623,3,28,126,157,1.21656050955414,0.03650418098334813,648,"...for my next magical trick, watch closely...all notes and documents will be shredded and never seen again."
4185,2623,5,24,128,157,1.21656050955414,0.0386765285919154,648,"Your ex's demands, expectations and criticisms, gone forever."
1458,2623,8,18,131,157,1.21656050955414,0.041723516341573744,648,"Damned PETA, the rabbit/shredder could have been a classic."
1871,2628,10,17,144,171,1.2163742690058479,0.041053445011674454,648,"And while my lovely assistant holds the shredder, I will insert the transcripts of my conversation with President Putin and say the magic words...""No Collusion!"""
1686,2628,8,21,142,171,1.2163742690058479,0.03934191718914791,648,With the wave of my wand I shall make all my legal troubles disappear!
1350,2628,5,27,139,171,1.2163742690058479,0.03662496551949997,648,. . . . . and this is how it looked before I shred it.
1565,2628,10,17,144,171,1.2163742690058479,0.041053445011674454,648,I wish that we could afford a shredder rather that this toaster.
1613,2628,6,25,140,171,1.2163742690058479,0.037552463952568615,648,"I wave my magic wand, and the shredder casts ballots, early and often, for the right candidates."
983,2633,4,32,149,185,1.2162162162162162,0.03400048012005971,648,You must admit it’s a fantastic trick as long as long you ignore the shredder
1197,2633,5,22,121,148,1.2162162162162162,0.04015567763660926,648,Now I’m going to demonstrate how I make my credit card bill disappear...
3742,2633,5,22,121,148,1.2162162162162162,0.04015567763660926,648,"For the first time ever,I will assemble a rabbit from the shreds."
4027,2636,5,28,143,176,1.2159090909090908,0.03594523907994991,648,"Judy, we call our cure to a delusional, Twittering world, 'hypnosis by fax'."
2064,2636,10,18,148,176,1.2159090909090908,0.04020865002944122,648,I'm starting to question this whole New Year's shred plan.
1515,2638,6,21,126,153,1.2156862745098038,0.04035998197528621,648,"Voila! It's done. I know being a diplomatic translator pays better, but we have to disappear now. You'll feel better in Vegas."
4095,2639,6,24,137,167,1.215568862275449,0.03809904777909678,648,"Contest #647  |  January 21, 2019

Please relax. They enjoy the tax form trick more if it goes wrong anyway."
3888,2639,6,24,137,167,1.215568862275449,0.03809904777909678,648,And now for my next trick: I will make our president's tax return disappear
1816,2639,8,20,139,167,1.215568862275449,0.03994780564010169,648,"It's not magic, my paycheck vanished due to the government shutdown."
284,2639,4,28,135,167,1.215568862275449,0.036155880681964556,648,What tax returns?
3059,2639,7,22,138,167,1.215568862275449,0.039034373423517635,648,"You, too, can be a magician.
Call 1-800-shrdsht.”"
2859,2639,5,26,136,167,1.215568862275449,0.03714017467354157,648,"Hurry, the price is rising as I shred! Do I hear 55,000?"
2992,2639,7,22,138,167,1.215568862275449,0.039034373423517635,648,"With my wife's help, I'll just slip this little pre-nup right in here and give it the old abrakadabra."
3901,2639,7,22,138,167,1.215568862275449,0.039034373423517635,648,"When you forget the cloak, Darlene, our careers become the illusion."
2803,2639,5,26,136,167,1.215568862275449,0.03714017467354157,648,"Now watch, as my student loans vanish!"
2172,2639,7,22,138,167,1.215568862275449,0.039034373423517635,648,"Abra cadabra...November 8, 2016 went the other way."
103,2649,4,31,146,181,1.2154696132596685,0.03441909628623667,648,Now you see it. In a moment you won’t.
2740,2650,4,23,117,144,1.2152777777777777,0.03962135573486219,648,"It's magic, my dear, as if your notes never existed...and no one can ever prove otherwise."
3364,2650,8,15,121,144,1.2152777777777777,0.04425327353732021,648,And PRESTO! Haha see? What lawsuit?
3587,2650,5,21,118,144,1.2152777777777777,0.040828628771899675,648,"And now, we'll magically reassemble this ballot."
2310,2653,6,22,130,158,1.2151898734177216,0.03948978412477864,648,"And now, ladies and gentlemen... to our final trick, ""reverse shredding"""
3124,2654,9,19,144,172,1.2151162790697674,0.03999213580146507,648,...and then 16 identical pieces of paper!!
357,2654,7,23,142,172,1.2151162790697674,0.03825404572008195,648,"I insert the pre-nup thusly, Unfaithful Assistant..."
3552,2654,8,21,143,172,1.2151162790697674,0.03913274166166322,648,"I call this my survival trick, making my 1099s disappear."
3461,2657,5,22,122,149,1.2147651006711409,0.039911654648582935,648,And to think I believed magic would keep me out of a corporate office job.
3472,2658,2,31,130,163,1.2147239263803682,0.034530129902969164,648,"Abra-cadabra, special prosecutor be gone!"
375,2658,5,25,133,163,1.2147239263803682,0.037676928712843845,648,"Wadda ya know, the rabbit turned into a Cease and Desist statement."
2782,2658,6,23,134,163,1.2147239263803682,0.03866899687439083,648,"Don't cry, if your resume makes it through you're hired."
1623,2658,7,21,135,163,1.2147239263803682,0.039636242018013995,648,This act is inspired by our new corporate directive to mainstream disruptive technologies.
2071,2662,11,16,150,177,1.2146892655367232,0.040794076142947416,648,"... and Abra-kadabra , we're now divorced."
1059,2662,5,28,144,177,1.2146892655367232,0.035762391363413255,648,Who else wants to make their bills disappear?
2048,2662,7,24,146,177,1.2146892655367232,0.037514681216898105,648,Abracadabra! And my pending IRS charges disappear...
782,2662,7,24,146,177,1.2146892655367232,0.037514681216898105,648,Before your very eyes ... Your very own million-dollar Banksy!
2162,2666,8,17,129,154,1.2142857142857142,0.04218411642620172,648,You are Trumps kind of Magican.
335,2666,3,27,124,154,1.2142857142857142,0.03681151300260926,648,"And now, I will make my tax forms disappear!"
1343,2666,7,22,139,168,1.2142857142857142,0.03882254116139484,648,Those of you thinking bunny - you disgust me.
3421,2666,7,25,150,182,1.2142857142857142,0.036812982926461374,648,At the count of three I will turn this piece of paper into tiny strips. 1...2...3..
47,2666,5,26,137,168,1.2142857142857142,0.036940732306882766,648,I bet Banksy’s assistant doesn’t have to wear a leotard and pearls.
3733,2666,4,28,136,168,1.2142857142857142,0.03596292123756162,648,"Now, with a little twist of this magic wand, we'll transform these poll results into better numbers for The Donald!"
3331,2666,5,29,148,182,1.2142857142857142,0.035125064785047164,648,The wand chooses the shredder.
646,2666,9,18,141,168,1.2142857142857142,0.040617258660421936,648,"See the Amazing Shreddinski perform 
the incredible Vanishing Subpoena!"
2407,2666,5,26,137,168,1.2142857142857142,0.036940732306882766,648,And now watch my assistant pull the paper out of my ear.
1924,2666,6,24,138,168,1.2142857142857142,0.0378933200287133,648,"And...abracadabra, any record of my embezzlement​ scheme disappears."
1412,2666,6,24,138,168,1.2142857142857142,0.0378933200287133,648,Alakazam! And now I can once again be within 500 feet of Tom Hanks.
532,2666,8,23,151,182,1.2142857142857142,0.03762855936438472,648,"‘Look carefully! 
Now you see it .... now you don’t!"
2420,2666,5,29,148,182,1.2142857142857142,0.035125064785047164,648,I never had to wear this goofy outfit at Aruthur Anderson...
23,2679,5,30,152,187,1.213903743315508,0.03451856814801619,648,"...And for this next trick, I’ll make my jury summons disappear!"
1450,2679,6,28,153,187,1.213903743315508,0.035341654647976624,648,"I will shred this list, and transfer it to all your cell phones as a text."
1779,2681,4,29,140,173,1.2138728323699421,0.03530383226698369,648,"For my next amazing feat, I’ll update my social media profile.  But first, I shred my list of passwords."
1362,2682,4,23,118,145,1.2137931034482758,0.039375156627495723,648,"And for my next trick, I'll make the record of our conversation disappear."
514,2683,9,20,149,178,1.2134831460674158,0.03898657511356738,648,"Behold, as the script becomes even more unreadable."
715,2683,3,32,143,178,1.2134831460674158,0.03375015861700442,648,Any volunteers?
777,2683,5,28,145,178,1.2134831460674158,0.03558135959755589,648,"I'm fine with being sawed in half 
but don't even think about shredding me."
1579,2683,5,28,145,178,1.2134831460674158,0.03558135959755589,648,"Now ladies and gentlemen, I will make my government check disappear."
3736,2683,7,24,147,178,1.2134831460674158,0.03732282270874226,648,"I'm sorry, Lyla.  I can't make our mortgage disappear, but I can turn it into confetti"
1898,2683,3,32,143,178,1.2134831460674158,0.03375015861700442,648,Watch as I make this jury duty summons disappear.
2821,2689,5,25,134,164,1.2134146341463414,0.03746936890778087,648,Hmmm . . .pretty sure that one should be going to the IRS!
1874,2689,4,27,133,164,1.2134146341463414,0.03645732995242712,648,Abracadabra! Your notarized pre-nup disappears.
3911,2689,6,23,135,164,1.2134146341463414,0.03845478260807896,648,Now watch as I make all of the incriminating evidence disappear.
3282,2689,4,27,133,164,1.2134146341463414,0.03645732995242712,648,and there magically goes trump’s tax returns!
2527,2689,7,21,136,164,1.2134146341463414,0.03941556804768705,648,Voilà ! I make the interpreter's notes reappear!
2525,2689,6,23,135,164,1.2134146341463414,0.03845478260807896,648,Now where were we?
3961,2695,7,18,125,150,1.2133333333333334,0.041865521009132864,648,Presto Change-o -Hillary won.
3416,2695,4,24,122,150,1.2133333333333334,0.03852616608912985,648,...And now for my next act...re-constituting Hilary's e-mails from the shredder....
1805,2695,5,22,123,150,1.2133333333333334,0.03967052976883715,648,The KonMari method is intense.
3278,2698,7,25,151,183,1.2131147540983607,0.036629987409314724,648,Prepare to be amazed as I utilize my magical gifts to restore the Mueller report after shredding
473,2699,4,28,137,169,1.21301775147929,0.03577196853653995,648,Watch as I shred your proof of purchase...
3445,2700,4,26,130,160,1.2125,0.036972176347888575,648,Now watch this IRS audit miraculously disappear.
1092,2700,7,20,133,160,1.2125,0.04003487080662488,648,What?! A hanging chad!
754,2700,5,24,131,160,1.2125,0.038020496789240264,648,It's definitely a paper shredder and hopefully also a ballot counter.
2267,2700,6,22,132,160,1.2125,0.0390406778668338,648,"...Miss Fawn Hall, ladies and gentlemen!"
2417,2700,6,22,132,160,1.2125,0.0390406778668338,648,"And now, with a wave of my magic wand, toast!"
2152,2705,4,33,156,193,1.2124352331606219,0.03297389135066801,648,"HOCUS POCUS , SEND THIS TO RUSSIA
and BACK QUICKLY!"
4105,2706,5,21,120,146,1.2123287671232876,0.040320989011895604,648,And yet another piece of junk mail magically disappears.
2996,2707,4,30,145,179,1.2122905027932962,0.034504191460679706,648,"Don't worry, Julia, all your personal documents will be transformed into a delightful fruit basket momentarily."
1236,2708,6,23,136,165,1.2121212121212122,0.038242891593327236,648,"Don't expect me to do the""disappearing rabbit"" trick this way."
2027,2708,7,21,137,165,1.2121212121212122,0.03919730331829436,648,"For my next trick, I'm going to make this paper disappear."
1573,2708,6,23,136,165,1.2121212121212122,0.038242891593327236,648,"For this next trick, I will make my assistant’s taxes disappear and she will magically reappear in jail."
2138,2708,6,23,136,165,1.2121212121212122,0.038242891593327236,648,"She and I used to do rabbit out of a hat.   Then along came electric appliances."""
1850,2708,5,25,135,165,1.2121212121212122,0.0372640433583312,648,"For my next trick, I'll make my life's work disappear."
1777,2708,7,28,163,198,1.2121212121212122,0.03474584109039142,648,"For my next trick I will pull Trump's tax return out of a hat!
Oops!"
4055,2714,5,29,150,184,1.2119565217391304,0.03478103093950716,648,I’m not sure this makes the job any more interesting.
3106,2714,5,29,150,184,1.2119565217391304,0.03478103093950716,648,"The U.S. Constitution. Presto, what U.S. Constitution? Ladies and Gentlemen, it really isn't a trick."
1603,2716,7,22,141,170,1.2117647058823529,0.03840560212474741,648,...and for my next trick watch as I make culpability...Disappear!
2917,2716,5,26,139,170,1.2117647058823529,0.036548091414133344,648,"It’s called distraction, Karen."
3003,2716,6,24,140,170,1.2117647058823529,0.037488353261914895,648,I absolutely can NOT let Merlin get his hands on this.
4204,2716,7,22,141,170,1.2117647058823529,0.03840560212474741,648,"The rabbit disappears, his contract disappears."
1024,2716,3,30,137,170,1.2117647058823529,0.034590977110617906,648,"And now, an unprecedented public performance of my paper jam contingency plan."""
3163,2716,4,28,138,170,1.2117647058823529,0.03558299231011312,648,"For my first trick, I'll make your waiver disappear."
2471,2716,4,28,138,170,1.2117647058823529,0.03558299231011312,648,"Sweetie, you promise not to tell the IRS, right?"
3870,2723,4,21,112,137,1.2116788321167884,0.0406984123781985,648,"In one terrifying suspenseful moment, with the wave of my wand I will reconstitute this notice of the winner of  ""The Publisher""s Clearing house""
 contes"
2743,2724,5,23,128,156,1.2115384615384615,0.03859571302710641,648,"“And for my last shred of the evening, my ex-wife’s latest book Human Decency!”"
3206,2724,8,17,131,156,1.2115384615384615,0.04168654485427077,648,Hey presto unshreddo!!!
1452,2724,8,17,131,156,1.2115384615384615,0.04168654485427077,648,"It;s magic, we no longer have any bills to pay."
1375,2724,6,21,129,156,1.2115384615384615,0.03965276850371918,648,"And for my last trick... I'll make our free refund policy... disappear!"""
2593,2724,4,25,127,156,1.2115384615384615,0.03750887999036974,648,But before my next trick I really need to take care of this redacted statement.
1134,2729,5,27,143,175,1.2114285714285715,0.035869285980535785,648,"All eletrically-powered machines are magic, really."
1574,2729,5,27,143,175,1.2114285714285715,0.035869285980535785,648,"As you can see, my career is disappearing before your very eyes."
3231,2729,6,25,144,175,1.2114285714285715,0.03677345675545407,648,"You see, Hillary...I told you we'd find a use for our talents after we lost our jobs."""
3592,2729,5,27,143,175,1.2114285714285715,0.035869285980535785,648,And for my next trick—I’ll make my assistant disappear!
2956,2733,6,29,159,194,1.211340206185567,0.03441074611780377,648,And presto chango! I will make the evidence disappear!
592,2734,7,20,134,161,1.2111801242236024,0.039807317252582214,648,"""next I will make the prenuptial  agreement whole again"""
2780,2735,7,24,149,180,1.211111111111111,0.036944846984920954,648,"As you can see, magically, the paper is intact again as I extract it from the shredder."
1438,2735,6,26,148,180,1.211111111111111,0.03609499234393096,648,"Tears of happiness my dear?...Watch closely as Senator Mystic magically discards all 45 delusions, fantasies and bad dreams..."
4231,2735,5,28,147,180,1.211111111111111,0.03522463947122307,648,And presto! Rabbit litter à la Enron.
3763,2738,3,25,119,147,1.2108843537414966,0.03767456807427461,648,And now we'll pretend that the document no longer exists.
561,2738,5,21,121,147,1.2108843537414966,0.0400717980606593,648,Watch closely as I make my wife's divorce papers disappear.
3818,2740,3,29,134,166,1.2108433734939759,0.035035308913611334,648,"And for my next trick, I’ll make this parking ticket disappear."
211,2740,6,23,137,166,1.2108433734939759,0.038033287013555975,648,... and Voila.  My 2019 tax liability has disappeared.
4024,2740,8,19,139,166,1.2108433734939759,0.03990701218221045,648,Abracadabra  I hope I don't reach out and grab her.
2197,2740,3,29,134,166,1.2108433734939759,0.035035308913611334,648,"Have no fear, it will magically unshred in January, 2021!"
1999,2740,7,21,138,166,1.2108433734939759,0.03898140930217005,648,And presto!!  My last job was as a interpreter for the White House.
1741,2740,7,21,138,166,1.2108433734939759,0.03898140930217005,648,"This won’t hurt Dolores, as long as you keep your thumbs out of the way."
1340,2740,6,23,137,166,1.2108433734939759,0.038033287013555975,648,I can put this back together but I can't promise the same for you.
541,2740,7,21,138,166,1.2108433734939759,0.03898140930217005,648,"And for my next trick, I'm gonna make Trumps tax returns disappear."
531,2740,7,21,138,166,1.2108433734939759,0.03898140930217005,648,"And now, Banksy the Magnificent will make it disappear!"
2458,2749,4,24,124,152,1.2105263157894737,0.03806900019013514,648,Hocus pocus. Doing my taxes.
2356,2749,5,26,140,171,1.2105263157894737,0.036354829626023814,648,"Theresa May and Jeremy Corbyn headline: 
“Now you see it, Now you Brex-it”"
2189,2749,6,20,126,152,1.2105263157894737,0.04029299600374564,648,Our treaty with the Cheyenne-Arapaho tribe.
1282,2749,5,26,140,171,1.2105263157894737,0.036354829626023814,648,Guess I won't be needing these hard copies of Dick Cheney erotic fan fiction now that I've moved my personal files to the cloud.
684,2749,4,24,124,152,1.2105263157894737,0.03806900019013514,648,Now watch- as I make this marriage certificate DISAPPEAR!
1001,2749,7,22,142,171,1.2105263157894737,0.038200425866029626,648,"For my next trick, I will make a bunny disappear!"
2831,2755,5,27,144,176,1.2102272727272727,0.03568512682153709,648,"And this, my dear, is the receipt for that leotard."
2652,2756,6,21,130,157,1.2101910828025477,0.03942242565387837,648,Pass your papers along; the corporate rate includes a three hour ‘the magic and mystique of plausible deniability’ special.
867,2756,6,21,130,157,1.2101910828025477,0.03942242565387837,648,"I just said to myself: "" Oh, just stuff it!"""
1058,2756,4,25,128,157,1.2101910828025477,0.03729355185255694,648,And then I take the very critical letter from my mother and— presto! It disappears!
2872,2756,3,27,127,157,1.2101910828025477,0.036182173683338134,648,"Harry, this modern technology really makes the magic disappear"
1794,2756,6,21,130,157,1.2101910828025477,0.03942242565387837,648,And my biggest trick of 2019... your tax refund before 2020!
1590,2761,4,34,162,200,1.21,0.032166339033750345,648,I call this one the disappearing marriage vows.
3098,2762,6,26,149,181,1.2099447513812154,0.03591396318441954,648,"Once I shred these Enron financial statements, an entire accounting firm will disappear..."
2795,2763,6,22,134,162,1.2098765432098766,0.03860152009157502,648,It's no Bansky!
163,2763,3,28,131,162,1.2098765432098766,0.03549695261674855,648,And now we will magically make the pile of paper that has been sitting next to the shredder for the past 10 months  disappear.
3574,2763,7,20,135,162,1.2098765432098766,0.03958230146772413,648,"Abracadabra. First the English, then the muffin."
988,2766,5,29,152,186,1.2096774193548387,0.034443548803862356,648,"""For my next trick I'll need a volunteer"
2863,2767,5,25,137,167,1.2095808383233533,0.03685995558345681,648,And now... I will make all of my tax audits... DISAPPEAR!
2984,2767,7,21,139,167,1.2095808383233533,0.03876784826889222,648,And just like that the voting machines in FL...work and no shads!
4056,2767,2,31,134,167,1.2095808383233533,0.033796770924694075,648,"Damn it. Paper jam.... Sorry folks, I don't do PRACTICAL magic"
649,2767,2,31,134,167,1.2095808383233533,0.033796770924694075,648,And there goes the doctor's bill.
3756,2771,4,23,121,148,1.2094594594594594,0.038654253962063526,648,"And now, for my final trick, I will make your employment contract disappear."
2901,2772,6,28,157,191,1.2094240837696335,0.03467084791198,648,The first and last day Banksy had a real job.
2988,2773,4,28,140,172,1.2093023255813953,0.03521085109815001,648,"now, we will take this evidence and make it disappear right in time!"
1083,2774,6,20,127,153,1.2091503267973855,0.04005241961175708,648,"Before my next trick, watch this cease and desist letter disappear!"
2788,2774,3,26,124,153,1.2091503267973855,0.036690576184352175,648,With the help of my lovely assistant i will now make my mortgage...disappear!!
3964,2774,7,18,128,153,1.2091503267973855,0.04111198886896336,648,"I call this next trick, The Money Launderer's Recycling Bin."
1004,2774,5,22,126,153,1.2091503267973855,0.03896404759198868,648,Damn it...get your right thumb out of the shredder.
3324,2774,5,22,126,153,1.2091503267973855,0.03896404759198868,648,"Hocus, pocus slamo, whamo-through the power of my mind and my vote shredder I will make Donald Trump president!"
2833,2779,5,27,145,177,1.2090395480225988,0.03550281603158319,648,Who will disappear tonight?
3874,2779,9,19,149,177,1.2090395480225988,0.03895196128211703,648,Oh dear -- is there a woman in the audience with two D batteries?
2455,2781,5,23,130,158,1.2088607594936709,0.03815231641237479,648,And now the sexist patter of my past will disappear before your very eyes.
3273,2781,7,19,132,158,1.2088607594936709,0.04021008030080092,648,"Yes Mr. Jones, this is definitely better than feeding it to your dog."
1130,2781,7,19,132,158,1.2088607594936709,0.04021008030080092,648,"Now watch as I, the Great Depressiono, make your 401(k) disappear!"
3244,2781,6,21,131,158,1.2088607594936709,0.039194705034142185,648,And with a wave of this wand I will turn your boring document into a Banksy.
3960,2785,4,30,148,182,1.2087912087912087,0.033993295071637224,648,Damn this old wand--I said 'rabbit' not 'pamphlet'.
1952,2785,5,28,149,182,1.2087912087912087,0.03487487459077787,648,Ledgerdemain!
1002,2785,5,28,149,182,1.2087912087912087,0.03487487459077787,648,"In our new electronic voting machine, insert your ballot, wait 20 seconds, and out will pop....toast!"
3766,2788,5,24,134,163,1.2085889570552146,0.0373859828242729,648,Ladies and gentlemen! Before your very eyes! I will make the constitution disappear!
3033,2788,7,20,136,163,1.2085889570552146,0.03935978195842413,648,Be amazed when I magically reassemble these divorce papers into an apology note from my lovely assistant and wife.
2155,2788,4,26,133,163,1.2085889570552146,0.036358923934818224,648,"Once this last scrap is gone, I will magically recreate the Constitution just the way it was. I've never done this before, sure hope it works!"
4118,2788,8,18,137,163,1.2085889570552146,0.04031045519283576,648,"...and with a flick of my wand, I will make your debt disappear."
2136,2788,6,22,135,163,1.2085889570552146,0.03838557116646513,648,I’ve taken your company morale recommendation under advisement and addressed my thoughts of it accordingly.
1797,2788,4,26,133,163,1.2085889570552146,0.036358923934818224,648,Et voila!  Hot fake news!
1524,2788,4,26,133,163,1.2085889570552146,0.036358923934818224,648,"And presto, your tax problems vanish!"
1091,2788,5,24,134,163,1.2085889570552146,0.0373859828242729,648,Abracadon'tjam!
1973,2796,9,21,157,187,1.2085561497326203,0.03748240925293969,648,"Alakazam, our marriage is a sham."
290,2796,7,25,155,187,1.2085561497326203,0.035915581449694506,648,Watch closely as I make my credit card bill disappear before your eyes!
2947,2798,5,25,138,168,1.2083333333333333,0.03666112538163136,648,"Instead of performing my old trick of cutting my assistant in half, I will now have her step into this shredder."
3190,2798,4,27,137,168,1.2083333333333333,0.03567565156823325,648,"On behalf of all of us on the Robert Mueller team, we appreciate the filing system provided by you White House staffers. We hope our one copy of the report will fit in your file."
336,2798,8,19,141,168,1.2083333333333333,0.03947019270964903,648,"... and the lovely Sandy with my new assistant, the AutoMax PowerShred X1200."
3868,2798,4,27,137,168,1.2083333333333333,0.03567565156823325,648,"And now, I will show you that our Constitution can be shredded and restored."
2828,2798,3,29,136,168,1.2083333333333333,0.03466217124457542,648,You know it’s not a toaster.
1080,2803,5,26,142,173,1.2080924855491328,0.03597426981135989,648,So we're not getting the divorce?
3807,2803,4,28,141,173,1.2080924855491328,0.03502762842863945,648,And now - I will make my tax returns disappear..
2306,2805,8,15,126,149,1.2080536912751678,0.04288182245439481,648,"Uh, is the cord plugged in?"
3676,2805,6,19,124,149,1.2080536912751678,0.04071193011729891,648,My trick is printing out the Mueller report.
1481,2805,5,21,123,149,1.2080536912751678,0.03958240180065663,648,Abrakadabra BANKSY!
3560,2805,4,23,122,149,1.2080536912751678,0.03841967999269932,648,"Are there documents in your life giving you heartburn? Turn them into a digestible treat with this new, handy kitchen helper."
4013,2809,9,19,150,178,1.2078651685393258,0.03875031151710479,648,It was funnier when they took rabbits out of a hat!
2767,2809,10,17,151,178,1.2078651685393258,0.03956092282469503,648,"And now, with the help of the magic box, I will transform these unsigned divorce papers into a huge fight right before your very eyes!"
1090,2809,4,29,145,178,1.2078651685393258,0.034412015086719386,648,Hey presto! There goes my weekend jobs list.
549,2812,5,22,127,154,1.2077922077922079,0.03873402441995206,648,Voila!... Reversed surpressed voting rights
431,2812,7,18,129,154,1.2077922077922079,0.04086672880733997,648,"Presto, my taxes are filed for life."
3173,2812,4,24,126,154,1.2077922077922079,0.03762236316264341,648,"For my second act, I will make the stapler reappear!"
1123,2812,6,20,128,154,1.2077922077922079,0.03981465917961695,648,This was not in the job description when I was hired as Enron's resident magician.
246,2816,9,15,135,159,1.2075471698113207,0.04192208635773131,648,"Yes, sir.  I set it to 'Candidate Becomes Toast'."
2982,2816,6,21,132,159,1.2075471698113207,0.0389695629547607,648,"Her tears are all an act, folks!"
2717,2816,2,29,128,159,1.2075471698113207,0.03464362644535103,648,Honey.....for our next disappearing trick we’ll need the rabbit.
4066,2816,8,17,134,159,1.2075471698113207,0.04096156526165807,648,"With a wave of my media magic wand, what was said is now unsaid."
3131,2820,8,23,157,188,1.2074468085106382,0.03652843102861612,648,watch the evidence disappear with a wave of my magic wand
923,2820,5,29,154,188,1.2074468085106382,0.034112437513426665,648,"And now, the great Mingini will turn this Brodsky into a Banksy!"
90,2822,2,30,132,164,1.2073170731707317,0.034026960462454604,648,I now commit this original copy of the US Constitution to a Banksy Moment.
3508,2822,5,24,135,164,1.2073170731707317,0.03717908196251163,648,And with my wand and your computer skills we’ll also make the hard drive disappear.
3439,2822,4,26,134,164,1.2073170731707317,0.03615891918307185,648,Abrcad-Enron!
1230,2822,4,26,134,164,1.2073170731707317,0.03615891918307185,648,So much for the FBI coup.
2876,2822,3,28,133,164,1.2073170731707317,0.03510912612698705,648,May I have another partner in crime from the audience?
1812,2827,6,23,140,169,1.2071005917159763,0.03741783488896133,648,"On the count of three our marriage paperwork will disappear. One-""

""Hurry up, Tom"
1396,2827,5,25,139,169,1.2071005917159763,0.036464393449540417,648,The magic of recycling.
3816,2827,5,25,139,169,1.2071005917159763,0.036464393449540417,648,"I do this because it’s you, Hillary. But I tell you, that’s not the way you make emails disappear."
3292,2827,9,17,143,169,1.2071005917159763,0.04014251489607532,648,I swear the current president wasn't my one of my tricks.
2819,2827,3,29,137,169,1.2071005917159763,0.03447850393177631,648,This is your plan to eliminate our debts?
4009,2832,4,22,119,145,1.206896551724138,0.03902125332590335,648,"I call this one, Preventus Identity Theftus"
3180,2832,1,34,139,174,1.206896551724138,0.03185812311748086,648,And for my latest trick--I've turned a toaster into a fax machine!
3158,2832,6,30,167,203,1.206896551724138,0.03324106885943758,648,Abracabra-- behold everywhere--the paperless office!
2112,2832,4,28,142,174,1.206896551724138,0.0348462668407163,648,Et voila! The words disappear.
2749,2836,4,29,146,179,1.2067039106145252,0.034238927627246056,648,"Et voila, Tiffany! Your dad's taxes are now for everyone to see!"
3823,2836,3,31,145,179,1.2067039106145252,0.03330966025683717,648,And now for my Disappearing Debt trick
2426,2836,2,33,144,179,1.2067039106145252,0.0323537133539265,648,For my next trick his tax return will disappear!
367,2836,5,27,147,179,1.2067039106145252,0.03514363190823722,648,"Next, in my new animal welfare inspired act...I call this my 'rabbit bedding' trick!"
1745,2840,7,17,126,150,1.2066666666666668,0.041554434978331514,648,Abracadabra--turn a prenup into confetti!
3718,2840,6,19,125,150,1.2066666666666668,0.04046338601446259,648,I hope we are going to have one of those Banksy moments.
4084,2842,7,25,157,189,1.2063492063492063,0.03556857965736329,648,I will now make our marriage officially disappear.
1071,2842,7,25,157,189,1.2063492063492063,0.03556857965736329,648,And Presto! The shredding of Trump's Executive Orders ordered by our new Democratic President.
3274,2844,5,23,132,160,1.20625,0.0377188321497649,648,"And now, magically, it is worth as much as a Banksy."
2736,2844,8,17,135,160,1.20625,0.040725414121232845,648,"Banksy Incognito!
Marriage e finito!"
2126,2844,3,27,130,160,1.20625,0.0355735518937823,648,The illusion is in believing I would ever try to put this bill back together.
477,2847,7,20,138,165,1.206060606060606,0.03892207016552016,648,"After I shred these divorce papers, you marriage should magically reappear."
1727,2847,5,24,136,165,1.206060606060606,0.03697442205031598,648,"Tada! I made this employee insurance form disappear! And now, Linda, please climb into this box next to the saw..."
2383,2847,1,32,132,165,1.206060606060606,0.032733294455727015,648,"Now, I will make my contract disappear!"
2945,2847,4,26,135,165,1.206060606060606,0.035961063053634855,648,"Mr. Banksy, perhaps you shouldn't give up on art quite yet."
1759,2847,4,26,135,165,1.206060606060606,0.035961063053634855,648,It's not a bunny. It's not a border wall. It's the elimination of any government shutdown ever.
3652,2852,4,27,139,170,1.2058823529411764,0.03529701809639166,648,"Russia, Russia, Russia!"
2946,2852,4,27,139,170,1.2058823529411764,0.03529701809639166,648,"And for my next trick, I will run for President of the United States."
2300,2852,8,19,143,170,1.2058823529411764,0.03904272100653477,648,"For my next trick, I will make fools of the art world and shred a handwritten page from Breakfast At Tiffany's."
41,2852,4,27,139,170,1.2058823529411764,0.03529701809639166,648,"Giselle, I told you this shredder is magic. My bills are disappearing into thin air!"
1909,2856,8,20,147,175,1.2057142857142857,0.03826889810336206,648,"All the lies are now confetti, more easily scattered by his base."
2816,2856,6,24,145,175,1.2057142857142857,0.03651226741879951,648,I know Banksy ma’am and I’m no Banksy.
1214,2858,3,31,146,180,1.2055555555555555,0.033143989442136014,648,"...and presto, I absolve you all of your fiduciary responsibilities."
675,2858,2,33,145,180,1.2055555555555555,0.032193955794677286,648,"Voila, your bar tab has disappeared!"
4033,2860,5,20,121,146,1.2054794520547945,0.03997851125576714,648,. . . and voila! the fake news becomes toast!
2893,2860,3,24,119,146,1.2054794520547945,0.03754110733114273,648,"Abraca - wait, have you seen my instructions?"
2,2862,6,27,157,190,1.2052631578947368,0.03460189986546671,648,"For my next trick, I will pull a credit report out of the fax machine."
2943,2862,7,25,158,190,1.2052631578947368,0.035397546056706856,648,"Bad Credit, High interests rates, Taxes...Poof, their Gone!"
299,2864,4,24,128,156,1.205128205128205,0.03718590401258445,648,Watch carefully as I make the evidence... disappear!
993,2864,5,22,129,156,1.205128205128205,0.03828190751741528,648,Watch as I feed this paper into my magic confetti machine...
536,2864,4,24,128,156,1.205128205128205,0.03718590401258445,648,And now I will make Donald Trump's tax return disappear.
4040,2864,4,24,128,156,1.205128205128205,0.03718590401258445,648,This med school acceptance needs to disappear before my parents find out.
1514,2864,8,24,163,195,1.205128205128205,0.03554450576247761,648,"Behold Zelda, watch as I make your salary disappear."
3678,2864,4,24,128,156,1.205128205128205,0.03718590401258445,648,"Don't worry. If the Court invalidates our voter ID law, this special ballot box can still make those pesky new votes magically disappear."
682,2870,9,23,168,200,1.205,0.035654328710254736,648,"Thank you,Hillary."
661,2871,4,25,132,161,1.204968944099379,0.036455976623178114,648,"""Abracadabra Cadabra,  make these  PETA court papers disappear like my last 3 rabbits did!"
4018,2871,5,23,133,161,1.204968944099379,0.037505706007253135,648,"And for my next act, I'm going to make this bad review disappear!"
1137,2871,6,21,134,161,1.204968944099379,0.038526844338140374,648,Abra Ca Banksy!
2313,2871,5,23,133,161,1.204968944099379,0.037505706007253135,648,Due to the government shutdown I will now make your IRS return disappear.
1879,2871,6,21,134,161,1.204968944099379,0.038526844338140374,648,Abracadabra shazam taxman...
1111,2871,4,25,132,161,1.204968944099379,0.036455976623178114,648,Abracadabra! President Trump's tax returns disappear!
1886,2877,6,22,138,166,1.2048192771084338,0.03775178080966941,648,Act II always reminded Britany that she still has to file her taxes.
2598,2877,5,24,137,166,1.2048192771084338,0.036771967640765964,648,"And voila. Between your disguise and my trick, nobody will find the translator's meeting notes now, Donald."
3281,2877,6,22,138,166,1.2048192771084338,0.03775178080966941,648,Cheer up. You get a balloon dog after the audit.
3391,2877,9,16,141,166,1.2048192771084338,0.04054941435686433,648,"The trick is turning the shredder into a ballot box.














































The trick is turning the shredder into a ballot box."
3454,2877,3,28,135,166,1.2048192771084338,0.03472951056260326,648,"Give it up for my lovely assistant, Fawn Hall!"
1535,2877,4,26,136,166,1.2048192771084338,0.035765321948023274,648,"You see, Blanche, the magic wand is not obsolete nor superfluous with today's technology."
2933,2883,2,31,138,171,1.2046783625730995,0.033093178907352895,648,"Watch closely as I make this letter threatening to disclose the  secrets behind my tricks completely disappear, never to be seen again."
933,2883,3,29,139,171,1.2046783625730995,0.03411682780972565,648,"Presto, change-o . . . the restraining order has disappeared!"
1315,2883,5,25,141,171,1.2046783625730995,0.03607709576736016,648,"And, PRESTO, the sexual harrasment lawsuit disappears!"""
3748,2883,2,31,138,171,1.2046783625730995,0.033093178907352895,648,"Remember, ladies and gentlemen: Vote early, and vote often!"
726,2883,6,23,142,171,1.2046783625730995,0.03701832368721846,648,Now watch as I make your resume disappear!
2624,2888,3,21,108,132,1.2045454545454546,0.03986246938961656,648,"Abracadabr, your IRS tax audit is gone!"
3815,2888,7,22,147,176,1.2045454545454546,0.03720614896305659,648,"It jammed...
I knew I should have put a rabbit in my hat."
1720,2888,4,28,144,176,1.2045454545454546,0.034489017467245454,648,"And now, we'll see what happens to your federal check."
3693,2891,5,27,149,181,1.2044198895027625,0.034791523318105574,648,"..then I say the magic words ‘be gone’, and poof..it’s gone!”
(whispering: we suck at this moonlighting gig-when is the government shutdown gonna end!?"
1381,2891,8,21,152,181,1.2044198895027625,0.037344506388616056,648,"No it's not my bar tab,it's my summons for jury duty."
888,2891,8,21,152,181,1.2044198895027625,0.037344506388616056,648,Now I will make this paper disappear!
509,2894,7,24,155,186,1.2043010752688172,0.03585488493366103,648,Expelliarmus Arthur-Anderus
3437,2895,4,23,125,152,1.2039473684210527,0.03773245114514628,648,"Before my next trick, I will shred our pre-nuptual agreement..."
844,2895,4,23,125,152,1.2039473684210527,0.03773245114514628,648,"Presto, Shreddo!"
3347,2897,4,24,129,157,1.2038216560509554,0.036971385555930394,648,The Great Taxfraudini!
3169,2897,4,24,129,157,1.2038216560509554,0.036971385555930394,648,"We may have some trouble doing tho bunny thing,"
3114,2897,4,24,129,157,1.2038216560509554,0.036971385555930394,648,"For my first trick, I'll make my marriage license disappear!"
502,2897,6,20,131,157,1.2038216560509554,0.03911779626437911,648,"With a wave of my wand, these divorce papers will magically disappear."
30,2897,4,24,129,157,1.2038216560509554,0.036971385555930394,648,I am now going to make the instructions to this trick disappear.
2070,2897,4,24,129,157,1.2038216560509554,0.036971385555930394,648,No hanging chads here!
3952,2897,5,22,130,157,1.2038216560509554,0.038059725002335024,648,"abracadabra,the evidence of our affair is magically gone"
2154,2904,2,29,131,162,1.2037037037037037,0.03407152349402146,648,I command you to shred not spread the word
3178,2904,6,21,135,162,1.2037037037037037,0.03830918502930805,648,"First, I shred my unsigned pre-nup; then, behold, as I make half my belongings disappear."
1991,2904,5,23,134,162,1.2037037037037037,0.03729493828267094,648,And the correct answer is:
965,2907,7,20,140,167,1.2035928143712575,0.038493867109477393,648,"And Now...
I will make this young lady's 
pre-nuptial...disappear!"
2253,2907,6,22,139,167,1.2035928143712575,0.03754507874741222,648,Carpe dossier!” (“Seize the documents!”
1470,2907,4,26,137,167,1.2035928143712575,0.035571662940660276,648,How to magically get rid of the evidence!
2062,2907,6,22,139,167,1.2035928143712575,0.03754507874741222,648,Among the practitioners of legerdemain I alone insist on total transparency.
3312,2907,8,18,141,167,1.2035928143712575,0.03941982587397902,648,"For my next trick, I will turn this single piece of paper into many pieces with a simple touch of my wand."
3450,2912,6,23,143,172,1.2034883720930232,0.036821705426356585,648,"And now ladies and gentlemen, watch as I make my tax return disappear."
2884,2912,8,19,145,172,1.2034883720930232,0.038624304557028366,648,"Careful honey, these tiny hands cost a fortune."
2441,2912,6,23,143,172,1.2034883720930232,0.036821705426356585,648,"And for my last trick I am going to make this love letter that my beautiful assistant wrote to me when we first met before I found out that she was playing ""hide the rabbit"" with David Copperfield, Carrot Top, Sigfried, and Roy...disappear."
624,2912,5,25,142,172,1.2034883720930232,0.035886467289230714,648,"We shred the ballot, tap twice and ""WAH-LAH"", no vote!"
153,2912,5,25,142,172,1.2034883720930232,0.035886467289230714,648,"Up next, my lovely assistant will also disappear!"
2851,2917,7,22,148,177,1.2033898305084745,0.03701339227470951,648,And now...I'll make the marriage license disappear!
2879,2917,7,22,148,177,1.2033898305084745,0.03701339227470951,648,"Despite the government shutdown,I was hired by someone I can't name to make the Mueller report disappear.  Abracadabra!"
2352,2917,4,28,145,177,1.2033898305084745,0.03431307624679253,648,You might want to do a little magic as this is a voting machine!
1561,2920,3,31,148,182,1.2032967032967032,0.03281744135157775,648,HOUDINI LAW; making pre-nups disappear for more than twenty years.
1648,2921,4,23,126,153,1.2026143790849673,0.03750871601974025,648,"And now, for my famous 'vanishing e-mails' trick."
1834,2921,4,23,126,153,1.2026143790849673,0.03750871601974025,648,And presto! Your contract now requires you to wear that.
3171,2921,3,25,125,153,1.2026143790849673,0.03634424941368324,648,"It says ""5 sheets maximum"" for a reason, Phyllis."
1800,2921,3,25,125,153,1.2026143790849673,0.03634424941368324,648,"For my next trick, I will change shredded  paper into toast."
3337,2925,4,24,130,158,1.2025316455696202,0.036759286664489056,648,"As if by magic, this invoice will soon reappear."
2663,2925,4,24,130,158,1.2025316455696202,0.036759286664489056,648,See how the translator’s notes become wonderful little strips of papee.
929,2925,8,16,134,158,1.2025316455696202,0.040911462653098495,648,"And just like that, my jury duty has disappeared!"
3918,2928,6,21,136,163,1.2024539877300613,0.03809393867115983,648,"Abracadabra!!  Poof, the prenuptial has disappeared!"
1653,2928,4,25,134,163,1.2024539877300613,0.03605090067396688,648,"And now, watch our economy disappear."
1607,2928,5,23,135,163,1.2024539877300613,0.03708649082136454,648,"Voila! and now you see that  when I pull here, the paper is whole again."
846,2928,3,27,133,163,1.2024539877300613,0.034984669176159076,648,I hope my vote is being toasted not shredded!
2898,2932,7,20,141,168,1.2023809523809523,0.038283236573738964,648,"And for my next trick, I’ll submit my TPS reports."
1223,2932,4,26,138,168,1.2023809523809523,0.035380053762985274,648,"This marriage license was a hoax, Susan"
4075,2932,5,24,139,168,1.2023809523809523,0.03637353713486552,648,'My job is to help the president maintain his image'.
1604,2932,2,30,136,168,1.2023809523809523,0.033304297101309686,648,"And now, the disappearing alimony agreement"
1156,2936,5,25,143,173,1.2023121387283238,0.03569781159499867,648,I now show you the magic of not having your identity stolen.
1140,2936,6,23,144,173,1.2023121387283238,0.03662713594860661,648,"Now remember, this multifunction printer-copier-scanner device has no fax capabilities."
2340,2936,7,21,145,173,1.2023121387283238,0.03753345738036131,648,A Visual Representation Of The Government Taking Away Your Money Through Magic (Taxes).
3447,2936,4,27,142,173,1.2023121387283238,0.034743638519106376,648,"And now, with a wave of my wand and the magic words, the restraining order disappears..."
1353,2936,4,27,142,173,1.2023121387283238,0.034743638519106376,648,...and presto! All evidence gone.
3333,2941,6,24,148,178,1.202247191011236,0.03595029486661401,648,The Great Shredini
711,2941,6,24,148,178,1.202247191011236,0.03595029486661401,648,Thank you for shredding my vote!
2813,2941,6,24,148,178,1.202247191011236,0.03595029486661401,648,Damn that fine print!
922,2941,4,28,146,178,1.202247191011236,0.034138889215363594,648,"Steve, shredding your parking tickets won’t make your fines ‘disappear’."
4166,2941,8,20,150,178,1.202247191011236,0.03767470829527573,648,"And, now my marriage license will be torn asunder."
3203,2946,4,29,150,183,1.2021857923497268,0.03356333562744508,648,"And now, having committed it to memory,
I will attempt to destroy 
my families secret pepperoni recipe."
1108,2946,6,25,152,183,1.2021857923497268,0.035307166116735324,648,My next act is a fan favorite downtown.
507,2948,6,26,156,188,1.202127659574468,0.03469514722369845,648,"Before we go onto our next trick with the saw, Doris, imagine you are this piece of ordinary paper."
1636,2949,4,21,119,144,1.2013888888888888,0.03889981392773224,648,"And tonight, the virtual rabbit is . . .  ."
3871,2949,5,19,120,144,1.2013888888888888,0.040128800389960424,648,"Help, my wand is jammed."
1152,2949,7,15,122,144,1.2013888888888888,0.042480240288721084,648,Shred. Burn. Flush. That works every time.
380,2949,5,19,120,144,1.2013888888888888,0.040128800389960424,648,"Behold, as I take a wild guess on how long I should keep my past tax returns."
3411,2949,6,17,121,144,1.2013888888888888,0.041321250197233685,648,My next trick is called The Oliver North way.
3711,2949,4,21,119,144,1.2013888888888888,0.03889981392773224,648,May I present a balanced budget!
4119,2949,5,19,120,144,1.2013888888888888,0.040128800389960424,648,Presto shred-o! Your contract is now confetti-o!
2928,2956,5,20,124,149,1.2013422818791946,0.03924263240944736,648,"...And with the wave of my wand, I will make this restraining order DISAPPEAR!"
2543,2957,4,23,127,154,1.2012987012987013,0.03728757578413456,648,Shredding is one thing but making it disappear is foolproof.
3945,2957,4,23,127,154,1.2012987012987013,0.03728757578413456,648,"That cane's not going to help you, 
 this isn't Sotheby's and you're no Banksy."
2237,2957,7,17,130,154,1.2012987012987013,0.04055873051919181,648,"And now, with the help of my lovely assistant, I will make this incrimination document disappear!"
3524,2960,4,24,131,159,1.20125786163522,0.03654956753748931,648,"And now, presto! Your bill has disappeared!"
1852,2961,3,27,134,164,1.201219512195122,0.03479260075423782,648,Presto-Redacto.
1498,2961,6,21,137,164,1.201219512195122,0.037881066042358136,648,The president's memory magic
1666,2961,4,25,135,164,1.201219512195122,0.03585166336909664,648,"And just like magic, Trump's shredded IOU's to some oligarch will reassemble themselves under my hat where they will be eaten by a rabbit!  And I will pull that rabbit out of my hat and give it a stern talking to!"
3854,2961,5,23,136,164,1.201219512195122,0.03688032626507339,648,"And now, Ladies and Gentlemen, I will restore 'Girl with Red Balloon'."
3352,2961,5,23,136,164,1.201219512195122,0.03688032626507339,648,Only this magic will end the shutdown.
1324,2961,5,23,136,164,1.201219512195122,0.03688032626507339,648,I'm worried that the long cord will compromise the misdirection.
3210,2961,6,21,137,164,1.201219512195122,0.037881066042358136,648,Brian Kemp unavailing Georgia’s new ballot boxes
2953,2961,5,23,136,164,1.201219512195122,0.03688032626507339,648,"Abracadabra, no tax report!"
1808,2969,3,28,138,169,1.2011834319526626,0.034174936621696614,648,"For my finale, I will magically bring back Hillary's erased emails."
1735,2969,7,20,142,169,1.2011834319526626,0.038074871052122074,648,"That may as well be my GED,”  she thought."
2566,2971,7,22,150,179,1.2011173184357542,0.036633734772636886,648,Your tax refund this year will be...
1503,2971,5,26,148,179,1.2011173184357542,0.03487820416988457,648,"Hocus Pocus 
Sears
K-Mart
1..2..3! 
Retail!!"
3634,2971,6,24,149,179,1.2011173184357542,0.03576674188060787,648,I will now make my substancial college debt disappear.
2406,2971,2,32,145,179,1.2011173184357542,0.03206519967507649,648,A twelve-year-old kid with 20 years of practice can do this trick…
2117,2975,6,25,153,184,1.201086956521739,0.035131943627929506,648,Voila! The only printer in the world that magically works every. single. time.
835,2975,6,25,153,184,1.201086956521739,0.035131943627929506,648,"And with a wave of my magic wand, these sexual harassment charges disappear!"
3253,2977,3,26,131,160,1.2,0.03524398338411641,648,"And when I tap my wand three times all of Hillary's emails will appear.""

Harris Fogel, Springfield,P"
177,2977,4,23,128,155,1.2,0.03706898651442383,648,"Don't be upset,it's only his tax return."
320,2977,6,23,146,175,1.2,0.03624401881463749,648,And your 1040 is gone forever.
4200,2977,5,20,125,150,1.2,0.03900324084509622,648,So there!  With my magic wand I hereby unshred your prenup
2483,2977,5,23,137,165,1.2,0.03667640803206492,648,You're not seeing this.
545,2977,5,21,129,155,1.2,0.03818241665698899,648,"Hocus, pocus, banksy!"
659,2977,7,16,127,150,1.2,0.041233769093384276,648,I have procured a copy of the President’s elusive tax returns. Now watch carefully...
767,2977,4,24,132,160,1.2,0.03634218921558155,648,"Alacadabra, alacazam!
The Constitution is
just a sham!  I'll build a wall, 
I am, I AM (dammit)."
1549,2977,6,19,130,155,1.2,0.039264285582820475,648,"Now for my last feat of magic, shredding the final e-mail."
1770,2977,5,23,137,165,1.2,0.03667640803206492,648,"Tampering with evidence is one thing, Chloe. The law says nothing about hexes."
1927,2977,6,23,146,175,1.2,0.03624401881463749,648,Everybody wants a piece of my will.
2148,2977,5,20,125,150,1.2,0.03900324084509622,648,I will now make this subpoena disappear with the wave of a  Molotov wand.  A gift from the Kremlin.
2171,2977,5,26,149,180,1.2,0.03470188727947363,648,I can make everything disappear... except for my humiliation.
2233,2977,4,24,132,160,1.2,0.03634218921558155,648,And now... shredded toast!
2765,2977,5,21,129,155,1.2,0.03818241665698899,648,And Presto! My lovely assistant will take this to the bunny hutch while we clean things up..
3132,2977,5,30,165,200,1.2,0.03248501780682208,648,Abra Cadabra. Now I can legally see other people.
4170,2977,4,26,140,170,1.2,0.03500285901504745,648,"For my next trick, I'm going to make my contract at this run-down, rat-infested theater disappear."
50,2977,7,17,131,155,1.2,0.04031713411058204,648,And the date of Trump becoming toast is ....
3021,2995,5,27,154,186,1.1989247311827957,0.03394089643235271,648,Didn't you read about Whimsical Wednesday in the Employee Handbook?
1226,2996,4,28,149,181,1.1988950276243093,0.033626600799421584,648,My rabbit went on strike.
1405,2997,3,29,144,176,1.1988636363636365,0.03324435931417769,648,And then we feed it into the automatic AI speech editing system.
1417,2997,5,25,146,176,1.1988636363636365,0.03514338566615748,648,My magic shredder will shred your marriage license and you will be set free my little chickadee.
1811,2997,5,25,146,176,1.1988636363636365,0.03514338566615748,648,"Presto, Melania! Your tax records disappeared!"
3602,2997,4,27,145,176,1.1988636363636365,0.034207053236799255,648,And with magic I’ve made my retirement savings disappear.
3875,2997,2,31,143,176,1.1988636363636365,0.03225294345133616,648,It appears the rabbit may have been a bit too much.
2409,3002,4,26,141,171,1.1988304093567252,0.03481721205539484,648,I will now make my job offer from Google disappear.
2502,3003,4,25,137,166,1.1987951807228916,0.03545961663199949,648,"We are seriously shredding it, Shirley."
3377,3003,2,29,135,166,1.1987951807228916,0.03333685215242745,648,And now...I will make my bar tab disappear!
3722,3003,4,25,137,166,1.1987951807228916,0.03545961663199949,648,"No, I don't think hitting will fix it."
1422,3006,6,20,135,161,1.1987577639751552,0.038225259705252077,648,I am now magically de-voted.
1542,3006,5,22,134,161,1.1987577639751552,0.03719584288574697,648,"Damn, that was the Wheat contract!"
1926,3006,8,16,137,161,1.1987577639751552,0.04020509896318573,648,good luck stealing my identity motherfuckers
2541,3006,4,24,133,161,1.1987577639751552,0.03613711355972386,648,"And then, voila!  I make Mr. Trump’s tax returns forever disappear."
2726,3006,5,22,134,161,1.1987577639751552,0.03719584288574697,648,This won't hurt a bit!
1799,3006,5,22,134,161,1.1987577639751552,0.03719584288574697,648,"And now, direct from Sotheby’s..."
3067,3006,3,26,132,161,1.1987577639751552,0.03504641529280253,648,And poof go the tax returns! Our next trick we will wipe a server clean ... like with a cloth or something.
1793,3013,4,23,129,156,1.1987179487179487,0.03685290524349477,648,"Well Barbara because this is your first day on the job, I think you should know that this is how all magicians handle there unpaid bills."
3703,3014,5,20,126,151,1.1986754966887416,0.038766713321881134,648,My wife’s alimony papers will automatically disappear
4136,3014,4,22,125,151,1.1986754966887416,0.037610608091738745,648,And now you'll never know how I do it!
191,3016,2,25,119,146,1.1986301369863013,0.035870789762902144,648,"Begone you worthless werds, er, wurds."
3179,3017,4,20,117,141,1.198581560283688,0.03926871827107844,648,"And now I'm going to make my marriage license, along with the court-ordered alimony agreement vanish before your very eyes...PRESTO!"
2212,3017,4,20,117,141,1.198581560283688,0.03926871827107844,648,"Ladies and gentlemen,  watch as I shred the instructions for this wand."
1781,3019,6,29,172,207,1.1980676328502415,0.03244172221974344,648,For my next trick I will obliterate my fingerprints.
283,3020,7,22,153,182,1.1978021978021978,0.03607845696173481,648,Abracadabra unjama!
4109,3021,5,24,143,172,1.197674418604651,0.03560166052682325,648,"Now I'm going to show you why it's a called a tax return, emphasis on return."
3567,3021,6,22,144,172,1.197674418604651,0.03654418815997308,648,"When you next wash your clothes, one of you will find this in your lint trap!"
3754,3021,5,24,143,172,1.197674418604651,0.03560166052682325,648,I will now produce my actual tax returns
1043,3024,4,25,138,167,1.1976047904191616,0.03526673992326516,648,"And just like that, I’ve put your parents’ letter in which they express uncertainty about my magic and fit as a husband, back together again. Ironically removing any shred of doubt."
2475,3025,5,22,135,162,1.1975308641975309,0.036985880884117604,648,And now I'll make the memo suggesting you wear that outfit disappear.
2211,3025,5,22,135,162,1.1975308641975309,0.036985880884117604,648,I learned this trick when I worked on Hillary Clinton's staff.
3318,3025,6,20,136,162,1.1975308641975309,0.03800837566741917,648,My next trick is to make an audit magically appear.
3299,3025,5,22,135,162,1.1975308641975309,0.036985880884117604,648,Abracadabra- I will make my tax returns disappear!
126,3029,3,25,129,157,1.197452229299363,0.035507439357164994,648,"Janet, if you wanted a divorce you could have just told me."
4036,3029,4,23,130,157,1.197452229299363,0.036639289936226345,648,"A simple shredding of the paper and, voila, my tax problems have disappeared."
1257,3031,3,24,125,152,1.1973684210526316,0.036201040162359255,648,This next trick will be performed without an antidote
4188,3031,3,24,125,152,1.1973684210526316,0.036201040162359255,648,Now if this illusion could only make the payment disappear too.
406,3031,5,20,127,152,1.1973684210526316,0.0385329996278268,648,...And voila! Marriage dissolved!
1456,3034,8,23,167,198,1.196969696969697,0.03482958630969925,648,"Watch your fingers, Tammy."
2669,3035,5,27,156,188,1.196808510638298,0.03361200528302614,648,And this is our pre-nup. Hope this works.
1679,3035,7,23,158,188,1.196808510638298,0.0352639403075738,648,"Though Mr. Presto's city council campaign fell through, his penchant for making money disappear did come in handy."
1341,3037,6,24,153,183,1.1967213114754098,0.035050654677039265,648,"I will now shred this document proving I have colluded with Russians...and NO I will not make it reappear, and THAT Ladies and Gentlemen is a real magic trick!"
3195,3038,7,21,150,178,1.196629213483146,0.0365626040995305,648,Abracadabra! Make this vote disappear!
3510,3038,11,13,154,178,1.196629213483146,0.03988413101490684,648,"Shred the ballots, Abracadabra, and now an Ass will appear."
1316,3038,5,25,148,178,1.196629213483146,0.03478310041387024,648,Any more tax prep documents to send to your husband in heaven?
434,3038,1,33,144,178,1.196629213483146,0.030918347079462883,648,Presto! Your tax returns have disappeared!
3956,3042,4,25,139,168,1.1964285714285714,0.035075917269549735,648,I will now rewrite a Trump tweet.
3771,3042,4,25,139,168,1.1964285714285714,0.035075917269549735,648,"If you happen to get a traffic ticket, let me know."
3518,3042,6,21,141,168,1.1964285714285714,0.03705255687749121,648,Banksy gets the idea to shred his painting at auction.
3598,3045,5,22,136,163,1.196319018404908,0.036778243926969906,648,"We may have a slight complication here. Is what you secretly wrote, ""Shredder User's Guide""?"
1767,3046,3,25,130,158,1.1962025316455696,0.0353041183940058,648,"Voila, the Helsinki notes are magically unshredded!"""
3339,3046,2,27,129,158,1.1962025316455696,0.03414315627610505,648,"I'll now make the Quackenbush's dinner bill disappear without a--well, maybe with just a shred of evidence . . ."
4164,3046,5,21,132,158,1.1962025316455696,0.03751842328436623,648,Big shout out to audience member Donald T...
3475,3049,5,30,169,204,1.196078431372549,0.03190590290569166,648,"And VIOLA!
The new terms of your employment Ms. Birdstall."
1162,3049,3,24,126,153,1.196078431372549,0.035986781783617534,648,"'For my next trick, I'm gonna make a quick fifty bucks by making these Putin notes disappear'"
737,3049,4,22,127,153,1.196078431372549,0.03716245114557449,648,Finally! Shreds of proof this is real magic.
977,3052,5,18,120,143,1.1958041958041958,0.04001716028382389,648,Please observe as I demonstrate for your wonder and amazement the  illusion originally created by Lieutenant Colonel  Oliver North and Fawn Hall.
4157,3053,9,19,161,189,1.1957671957671958,0.03666122190877384,648,"You are going to lose your rights, I'm just shredding the Constitution for affect and to dazzle my audience."
3714,3054,3,30,151,184,1.1956521739130435,0.03222030520968128,648,I hope I know what you are doing!
2857,3055,4,27,148,179,1.1955307262569832,0.033686525727636175,648,"and with a flick of the wrist, his dignity vanished into thin air..."
249,3056,3,28,143,174,1.1954022988505748,0.033288283543069425,648,Abracadabra - Unshredder!
1451,3056,8,18,148,174,1.1954022988505748,0.03795146455039884,648,And now I'll make these divorce papers disappear!
111,3056,1,32,141,174,1.1954022988505748,0.03122864526573686,648,"Et Voila, vraie magie, les ""tax return"" de Trump!"
2284,3056,6,22,146,174,1.1954022988505748,0.03615843090358904,648,Let's just hope I have this wand working when it's time to saw the woman in half.
2611,3056,4,26,144,174,1.1954022988505748,0.03427171704626229,648,"Okay... Presto CHANGE-O didn't work, so... now I make the Mueller report disappear..."
274,3056,3,28,143,174,1.1954022988505748,0.033288283543069425,648,"And just like that, all evidence of Watergate magically disappeared."
382,3056,5,24,145,174,1.1954022988505748,0.035227707239534396,648,Oh  how I wish I lived in Australia where there is compulsory voting
670,3063,3,27,139,169,1.1952662721893492,0.033862494503726616,648,"And next, we’ll amazingly restore this rare document to its 
original condition, safely locked inside the shredder...
Abra-ca-DAB-rah!"
2612,3063,6,21,142,169,1.1952662721893492,0.03685099277385852,648,"And the magic word is: ""Fake Contract!"""
2198,3063,5,23,141,169,1.1952662721893492,0.03588249281034258,648,Magic un-shredder Hillary/Dillery e-mail produce-illry.
1881,3066,6,20,138,164,1.1951219512195121,0.0375818213364377,648,This worthless Trump Tweet will now be worth millions!
3778,3067,4,23,132,159,1.1949685534591195,0.03621929358833309,648,"For my next trick, I will get rid of your mortgage payment, walla!"
1894,3067,6,19,134,159,1.1949685534591195,0.03835440287421879,648,"Sazsam, I take one person's cast vote and turn it into someone else's ."
3117,3067,3,25,131,159,1.1949685534591195,0.035103072972858924,648,"'Once again fine working-class pepople are replaced by machines."""
1477,3067,5,21,133,159,1.1949685534591195,0.03730212760604782,648,And a little shreddy-shreddy and we're done!
1761,3071,3,24,127,154,1.1948051948051948,0.03577500221227837,648,Classified ? What classified ?
3222,3072,5,27,158,190,1.194736842105263,0.033289334722111034,648,"If this works, we'll try the human shredder next."
2981,3073,4,21,124,149,1.1946308724832215,0.03770806881243978,648,And now all the paperwork connecting the Trump Foundation to Putin goes into this magic box where VIOLA it turns into... shreds! MAGIC!
1147,3073,3,23,123,149,1.1946308724832215,0.036485664746534203,648,"Cutting her in half is too much for some audience these days, so..."
2141,3073,5,19,125,149,1.1946308724832215,0.03889207085166459,648,If only I could do this with just a handkerchief.
46,3076,4,20,120,144,1.1944444444444444,0.03852084696008535,648,Aaaand your job has disappeared!
2873,3076,5,18,121,144,1.1944444444444444,0.03976154860725892,648,Watch IRS magic make your refund disappear.
36,3078,3,28,144,175,1.1942857142857144,0.033116347475098826,648,And that . . . takes care . . . of . . . that!
3008,3078,5,24,146,175,1.1942857142857144,0.035043620818560745,648,"Just like that, I've made my New Year's Resolutions disappear."
4041,3078,5,24,146,175,1.1942857142857144,0.035043620818560745,648,You’re fired and this was your contract.
3399,3078,4,26,145,175,1.1942857142857144,0.03409360519339769,648,"And just like that, our accounting fraud promptly dissappears"
3622,3082,4,25,141,170,1.1941176470588235,0.03470030691409564,648,"And for my next trick, my assistant Miss Georgia will make my ballot disappear!"
529,3082,2,29,139,170,1.1941176470588235,0.03263256060109103,648,"""Now, our magic spell: Bibbidi-Bobbidi-Boo, Banksy-Banksy too""...."
917,3084,7,18,140,165,1.1939393939393939,0.038348163554011806,648,And abracdabra... the evidence is ... gone!
1253,3084,3,26,136,165,1.1939393939393939,0.03427743175816525,648,"And now, I shall make your bitcoin wallet's private key disappear."
1462,3084,5,22,138,165,1.1939393939393939,0.03636979499461686,648,"Abracadabra, make the translator's notes reappear."
2221,3084,4,24,137,165,1.1939393939393939,0.035339102393001816,648,"And for my next magic trick, watch while I pull a Putin/Trump meeting memo out of my hat!!"
3014,3084,2,28,135,165,1.1939393939393939,0.0331818097446219,648,Ballot in; Rabbit out; Abracadabra... Democracy solved!
3933,3084,4,24,137,165,1.1939393939393939,0.035339102393001816,648,... and this is where to submit our W-2 form.
2125,3090,2,27,131,160,1.19375,0.03375931620779085,648,And presto! I turn this prenup into a much better divorce settlement for me!
2157,3091,8,21,162,191,1.193717277486911,0.03553800985141222,648,"For my next trick, I'll make the Mueller Report disappear"
80,3092,6,18,131,155,1.1935483870967742,0.03893941045949789,648,"Arthur,this whole hiding your income ceremony is getting tiring."
2312,3093,3,23,124,150,1.1933333333333334,0.03626483085233813,648,Told Morty no more tax attorney conventions.
2238,3094,3,28,145,176,1.1931818181818181,0.03294614760889085,648,...and Voila! My tax return is in early-
3547,3094,5,24,147,176,1.1931818181818181,0.03486142240553237,648,"By all means, let’s talk some trash."
53,3096,5,23,143,171,1.1929824561403508,0.03549811593394211,648,Now watch as I turn this shredder into a magician's best friend.
3089,3096,3,27,141,171,1.1929824561403508,0.03350398984674494,648,"For our next act, we'll saw through a live prenuptial agreement."
2059,3096,5,23,143,171,1.1929824561403508,0.03549811593394211,648,I'm telling you they'd like a rabbit OR a hat a lot more.
895,3099,3,21,116,140,1.1928571428571428,0.037791591330285236,648,The mandatory Trump Re-Election Ballot reader demonstration.
4093,3100,5,22,139,166,1.1927710843373494,0.036168909906929704,648,Typical! Betcha Banksy didn’t have to fiddle with shredder oil or press Reverse twenty times to get it to work right!
1778,3100,2,28,136,166,1.1927710843373494,0.03300199984049825,648,"For my next trick, I'm going to make my marriage disappear."
1146,3100,3,26,137,166,1.1927710843373494,0.034090340913520215,648,You said you wanted the wage gap to disappear.
949,3103,6,25,161,192,1.1927083333333333,0.033789603995983034,648,"And now , Ms. M. , observe the waving of this wand, affirming that none of us on staff ever had illicit checks with you."
1934,3104,1,29,131,161,1.1925465838509317,0.032393552323988314,648,"I'm making your wish for a divorce disappear with ""magic"""
1479,3104,7,17,137,161,1.1925465838509317,0.0389253226253006,648,"And for my next trick, I shall use this fancy new copier""

""Sir, thats a paper shredder""

""Yes yes a fine copier indeed"
3712,3104,5,21,135,161,1.1925465838509317,0.036876838779620856,648,"I am disappearing, my paper trail is disappearing...
Oh, wait, internet."
2386,3107,6,24,157,187,1.1925133689839573,0.03436232423112294,648,"And, Ladies and Gentlemen, you will soon see the ""Mona Lisa""!"
156,3107,6,24,157,187,1.1925133689839573,0.03436232423112294,648,"For my next trick, watch my marriage disappear."
2646,3109,6,18,132,156,1.1923076923076923,0.038708882094012007,648,And voila -rye toast!
2088,3109,4,22,130,156,1.1923076923076923,0.03650960943492191,648,"In keeping with the latest in industry safety standards, if not our sexual harrassment policy, we now give you the saw trick."
301,3109,3,29,150,182,1.1923076923076923,0.032253525804441345,648,There goes our prenup.
2268,3109,5,20,131,156,1.1923076923076923,0.037625318165157504,648,"Watch in Amazement as I 
make this evidence disappear."
616,3109,7,16,133,156,1.1923076923076923,0.03976292920430933,648,"ABRACADABRA, Reverse shred."
1938,3109,3,29,150,182,1.1923076923076923,0.032253525804441345,648,Watch me shred your pay raise
1277,3109,7,16,133,156,1.1923076923076923,0.03976292920430933,648,And now my EZ trick.
4230,3109,6,23,153,182,1.1923076923076923,0.03496324113269576,648,Watch me make this traffic ticket disappear.
485,3117,2,30,145,177,1.192090395480226,0.031783227557672676,648,Now the most frightening part of the show- I shred this jury summons!
4053,3117,4,26,147,177,1.192090395480226,0.0337427951533117,648,"Now, I'm going to disappear."
419,3119,6,17,128,151,1.1920529801324504,0.0395507127310572,648,Abra Kadabra — now we're divorced.
3761,3120,5,23,144,172,1.191860465116279,0.0353089589815228,648,The internet is above my paygrade.
1675,3120,7,19,146,172,1.191860465116279,0.03718496331002041,648,"Watch carefully, as this shredded piece of paper transforms into a white rabbit."
4114,3122,6,16,124,146,1.1917808219178083,0.040445170981879774,648,I don't suppose this works on kids as well.
2481,3123,6,20,141,167,1.1916167664670658,0.03695944282400607,648,"Marlin the Magnificent finds audiences unimpressed with his new ""Magic Box"" routine."
1369,3123,7,18,142,167,1.1916167664670658,0.03792288597606588,648,Abracadabra!  Alakazam!  Watch these federal documents shred before your eyes!
4131,3123,6,20,141,167,1.1916167664670658,0.03695944282400607,648,"It' s magical, my opponent's votes will vanish and a rabbit will appear."""
2962,3126,7,22,159,188,1.1914893617021276,0.03501636524681731,648,And I also told an animal rights advocacy group that I have used the same rabbit for the past twenty years.
637,3126,4,19,118,141,1.1914893617021276,0.038873308388507555,648,For my next illusion I will produce the translator’s notes.
2625,3126,5,26,157,188,1.1914893617021276,0.03335217006775667,648,And now I will make disappear all evidence of Trump's collusion with Russia -- presto!
3780,3129,4,23,135,162,1.191358024691358,0.03560679388789338,648,and now we will make these tax returns disappear
2004,3129,5,21,136,162,1.191358024691358,0.03666776523155518,648,"Hocus Procus and Presto-chango.  Robert Mueller, eat your heart out."
1068,3129,5,21,136,162,1.191358024691358,0.03666776523155518,648,Don't Banksy me!
337,3129,5,21,136,162,1.191358024691358,0.03666776523155518,648,Abracadabra! House bill 2056 has solved the national debt.
3932,3133,5,25,153,183,1.1912568306010929,0.033913469729308136,648,"Abracadabra! Those little steel slats are all we need for protection!
 Right?"
705,3134,3,24,130,157,1.1910828025477707,0.03515412271367389,648,The rabbit in my hat is directing me to shred our plans before the blond haired lady finds out about us.
1016,3134,2,26,129,157,1.1910828025477707,0.03397282776631841,648,Abracadabra! Surefire gerrymandering! Step right up to shred votes right here!
4148,3134,5,20,132,157,1.1910828025477707,0.0374049592758,648,"And now, ladies and gentlemen, I -'Fred the Shred' will make this voting ballot disappear into cyberspace."
1009,3134,4,22,131,157,1.1910828025477707,0.03629699245249046,648,Abracadabra! From shreds emerges the Trump/Putin dialogues.
2983,3138,3,28,147,178,1.1910112359550562,0.03261085473704866,648,And voila' your past returns to haunt you.
2322,3139,4,21,127,152,1.1907894736842106,0.037026966132080424,648,Tada!! My insider trading never happened.
3088,3140,4,25,144,173,1.1907514450867052,0.03415151822108803,648,950! Do I hear 1 million?
748,3140,5,23,145,173,1.1907514450867052,0.03512178144586343,648,I now conjure up the spirit of Banksy.
3452,3140,10,13,150,173,1.1907514450867052,0.03961825598836276,648,"Bitch, I been known you was cheating. This our marriage license."
1312,3140,6,21,146,173,1.1907514450867052,0.03606595163109779,648,The real magic happens when this thing gets stuck.
383,3144,3,22,122,147,1.1904761904761905,0.036547148931067024,648,"Now, watch as I make Watership Down magically appear on my Kindle."
515,3144,4,28,157,189,1.1904761904761905,0.032331646908871685,648,"And now...Wait, I need that for my tax returns!"
2270,3144,4,24,140,168,1.1904761904761905,0.034763017977495696,648,I don't care what my birth certificate says.  My name is Al Mesmer.
2256,3144,6,20,142,168,1.1904761904761905,0.0367564881043213,648,Now watch as I make my court summons disappear.
129,3148,6,23,155,184,1.190217391304348,0.034613567466449474,648,"Now, I will make my taxes disappear."
1873,3149,5,21,137,163,1.1901840490797546,0.03646102009629538,648,The real trick is preventing identity theft.
1207,3149,5,21,137,163,1.1901840490797546,0.03646102009629538,648,For some reason these divorce papers just wont shred.
666,3149,2,27,134,163,1.1901840490797546,0.03319917017555807,648,"And now, I will make my 2017 tax audit DISAPPEAR!"
1490,3152,3,21,118,142,1.1901408450704225,0.03730655307532889,648,"Finally, I will make my tax returns disappear."
3498,3152,4,19,119,142,1.1901408450704225,0.038622131262132306,648,This is too easy. I love it.
132,3154,3,28,148,179,1.1899441340782122,0.03244571205548075,648,"Last minute she realized it was not my tax return, but rather her paycheck going in the shredder."
618,3154,7,20,152,179,1.1899441340782122,0.03610826810217671,648,I'll put this tweet into the shredder and tell you what he really wrote.
1013,3154,4,26,149,179,1.1899441340782122,0.033399025875391106,648,"Well Carl, Enron was good while it lasted. At least the skills are translatable."
1548,3154,7,20,152,179,1.1899441340782122,0.03610826810217671,648,This magic trick ends with pulling this document out of my hat.
694,3158,6,18,134,158,1.1898734177215189,0.03825583258081622,648,all I want to shred is my signature
3491,3158,4,22,132,158,1.1898734177215189,0.03608680390786284,648,new now! the magical ballot shredder/toaster
3544,3158,6,18,134,158,1.1898734177215189,0.03825583258081622,648,I will now make your obstruction-of-justice charge disappear!
216,3158,3,24,131,158,1.1898734177215189,0.03495184918142526,648,"With a tap of my wand, my tax returns will disappear forever!
For three payments of $999.99, yours can too!"
4088,3158,2,26,130,158,1.1898734177215189,0.03377878189215309,648,"Cross your fingers, Miss Stevens."
1132,3163,5,23,146,174,1.1896551724137931,0.034936552926624266,648,"And for my next trick, I'll make my tax fraud disappear!"
1073,3163,6,21,147,174,1.1896551724137931,0.03587483098845341,648,For this trick I will make my bill disappear
2335,3163,4,25,145,174,1.1896551724137931,0.033972370572857284,648,"Magician or not, you know it won’t count, right!"
3738,3163,3,27,144,174,1.1896551724137931,0.03298001204190595,648,Voila! The makings of my dissonant poetry revealed!
427,3167,5,19,129,153,1.1895424836601307,0.03795561879147583,648,... and voila!  My parking ticket has disappeared!
1774,3167,3,23,127,153,1.1895424836601307,0.03561783786016251,648,Presto chango! Evidence is now confetti.
81,3169,4,24,141,169,1.1893491124260356,0.034575082563343296,648,"And now I will perform an act of fraud and manipulation for sexual favors from my assistant, Ms. Tinsel."
668,3169,2,28,139,169,1.1893491124260356,0.03247385991828865,648,"Presto Changeo ,prenuptial will now vanish before your very eyes."
3321,3169,4,24,141,169,1.1893491124260356,0.034575082563343296,648,And now to make my prenup disappear.
3651,3169,4,24,141,169,1.1893491124260356,0.034575082563343296,648,"Siri,  make the election results reappear."
2191,3173,6,23,156,185,1.1891891891891893,0.034441309936646236,648,The Pentagon papers shredded at last!
3031,3173,3,22,123,148,1.1891891891891893,0.036322177069935874,648,"And presto, the evidence disappears!"
2477,3175,3,25,136,164,1.1890243902439024,0.03413070653789578,648,"Next, I shall make this sexual harassment lawsuit disappear, pretending as if it never happened!"
1625,3175,3,25,136,164,1.1890243902439024,0.03413070653789578,648,"Let me see . . . ah, yes, this strikes the right note of middle aged whimsy."
638,3177,6,22,152,180,1.1888888888888889,0.03504797535652365,648,Banksy the Magnificent.
433,3177,5,24,151,180,1.1888888888888889,0.03415094918389094,648,"And now for my next trick, I'll make my bills disappear."
593,3177,5,24,151,180,1.1888888888888889,0.03415094918389094,648,Hocus pocus Panama paper ghostist.
728,3177,4,26,150,180,1.1888888888888889,0.03322971687706521,648,"And for my next trick, I will make my W-2 disappear!"
2720,3177,4,26,150,180,1.1888888888888889,0.03322971687706521,648,Quote me and I'll deny I shred it.
3842,3182,2,23,118,143,1.1888111888111887,0.035715380338120946,648,A good magician must never let others see his spell check results.
874,3183,2,33,161,196,1.1887755102040816,0.029832651206919664,648,Back in my day we shred by hand......and with no super models dang it!
3668,3184,2,26,131,159,1.1886792452830188,0.033586900361095406,648,"As I told you, dear, there's no need for these pesky HR forms!"
834,3184,3,24,132,159,1.1886792452830188,0.03475185422054712,648,"If he gets one more report card like this, one of us is going to need to empty the bin."
1638,3184,2,26,131,159,1.1886792452830188,0.033586900361095406,648,Watch as I make our divorce papers disappear!
3424,3184,7,16,136,159,1.1886792452830188,0.03906580800861785,648,Presto -- Shreddo!_. . .And my paper trail vanishes!
1959,3184,3,24,132,159,1.1886792452830188,0.03475185422054712,648,The trick was pretty boring... until the magician revealed that the papers he made disappear were the Mueller Report.
261,3184,5,20,134,159,1.1886792452830188,0.036971804981176866,648,"And now for a cheap trick, I will make my tax refund disappear."
2200,3190,8,17,150,175,1.1885714285714286,0.037481092269818946,648,...abracabanksydabra..
526,3190,5,23,147,175,1.1885714285714286,0.03475324362938389,648,And now I will make this evidence of tax fraud disappear.
3349,3190,5,23,147,175,1.1885714285714286,0.03475324362938389,648,Say 'Alaca-taxfraud!'
1384,3190,4,25,146,175,1.1885714285714286,0.03379506617498362,648,Is this your annuity settlement?
3116,3190,10,13,152,175,1.1885714285714286,0.03919432570822288,648,"Message-my wife submitted a caption which said Call 1-800-shrdsht. Do not accept that.  It’s a real number!  SORRY!  After submitting it, we realized..."
2971,3195,5,26,160,191,1.1884816753926701,0.032872349152781456,648,"Aha, an alimony request from my 2nd ex wife."
2274,3196,5,22,143,170,1.188235294117647,0.03538681411043828,648,Now watch as your tax refund disappears!
76,3196,6,20,144,170,1.188235294117647,0.036357121134118854,648,I can make Michael Cohen disappear but not the paper trail
733,3198,3,29,154,186,1.1881720430107527,0.03162460466635,648,"Boy, do I need a new brand of disappearing ink or what?!"
1758,3199,4,20,125,149,1.1879194630872483,0.03733495333953283,648,"It helps keep the magic alive, if they don't know I buy rabbits in bulk"
2096,3199,6,16,127,149,1.1879194630872483,0.039689900277016354,648,"Even though it's in 100 pieces, I still think it worked better when I sawed you in two"
2799,3201,4,23,138,165,1.187878787878788,0.035014387062967826,648,And now I shall make my next trick disappear.
2039,3201,7,17,141,165,1.187878787878788,0.038049136539710086,648,"Hocus pocus, make those tax returns disappear."
628,3201,2,27,136,165,1.187878787878788,0.03283576771419463,648,...and presto change-o! Your mortgage has disappeared!
2855,3201,3,25,137,165,1.187878787878788,0.03394256135573651,648,Turn the magic shredder to reverse and before your eyes strips of paper are combined into the original document!!!
2815,3205,3,28,150,181,1.1878453038674033,0.032120313488947255,648,"Nothing up my shredder, presto!"
4019,3205,6,22,153,181,1.1878453038674033,0.03486942215241526,648,Presti-non-digitation!
1624,3205,3,28,150,181,1.1878453038674033,0.032120313488947255,648,"No magic necessary, m'dear. Plug her in and let her rip."
3743,3208,2,29,145,176,1.1875,0.031629192910282176,648,And now I'll make your employment contract disappear into this magic electric box.
2852,3208,3,27,146,176,1.1875,0.032639560491693344,648,"I promise Mabel,I will saw you in half again when we leave D.C."
3323,3208,4,22,134,160,1.1875,0.035673550443681125,648,Nothing up my sleeve. Except this.
3264,3208,4,22,134,160,1.1875,0.035673550443681125,648,"Magic, using technology, is not so impressive."
1276,3208,4,22,134,160,1.1875,0.035673550443681125,648,"Pay no attention to my assistant, Dagmar's, right thumb."
2938,3208,5,20,135,160,1.1875,0.03675892481369823,648,"Better than crossing items off your to-do list, you make them disappear."
2746,3208,3,24,133,160,1.1875,0.03455410032190975,648,And absolutely magically it appears behind the Great Wall!
1459,3208,7,16,137,160,1.1875,0.038838785483864394,648,Abracadabra! My ex-wifes restraining order is gone.
519,3208,4,19,121,144,1.1875,0.03812927087673324,648,"And, like magic, I make those divorce papers disappear."
70,3208,4,22,134,160,1.1875,0.035673550443681125,648,There is no magic I'm destroying my 2006 tax return.
2957,3208,3,24,133,160,1.1875,0.03455410032190975,648,I will now make this arrest warrant disappear.
1439,3208,5,20,135,160,1.1875,0.03675892481369823,648,"Watch Susan, I can make my taxe report disappear before I run for office. Abracadabra!"
654,3220,1,30,140,171,1.1871345029239766,0.03104182066864383,648,"The shredder is safer. Moreover, burning paper is not magic."
3981,3220,3,26,142,171,1.1871345029239766,0.03318423616166341,648,"You know, President Nixon could'a saved himself a lot of trouble if he'd just contacted Cadabra Magicians."
1178,3220,4,24,143,171,1.1871345029239766,0.03420516012588529,648,"I TOLD you in the interview that stripping was part of the act"""
3345,3220,3,26,142,171,1.1871345029239766,0.03318423616166341,648,"Why look, it says the rabbit may be in the hat."
3256,3224,3,23,129,155,1.1870967741935483,0.03519899355660425,648,"No illusion here,folks. Just making credit report disappear."
573,3224,2,25,128,155,1.1870967741935483,0.03398796797157037,648,There goes my contract!
106,3224,7,15,133,155,1.1870967741935483,0.03967515431152554,648,Now we make this tax liability go poof!
4005,3227,2,33,163,198,1.1868686868686869,0.029561155824813112,648,This is how we make the contract disappear
3097,3227,5,27,166,198,1.1868686868686869,0.03205751741084689,648,And now I'm shredding the President's tax returns so no one will ever see them.
3835,3229,4,23,139,166,1.1867469879518073,0.034821216236140776,648,"It's not my usual style, but I could work you into my act."
286,3229,4,23,139,166,1.1867469879518073,0.034821216236140776,648,The paper:  A piece of cake.  This wand:  Not so much.
657,3229,3,25,138,166,1.1867469879518073,0.03375644753282386,648,"A little wave of the wand and the shredder takes the whole sheet of pap..,Dammit, it worked in rehearsal !"
808,3229,4,23,139,166,1.1867469879518073,0.034821216236140776,648,Here's Putin magician toasting USA ballots.
1972,3229,5,21,140,166,1.1867469879518073,0.03585437839778927,648,Hokity-pokity aaaand.... your felony has disappeared!
797,3234,4,20,126,150,1.1866666666666668,0.03710637308053225,648,And the winner is....
6,3235,5,26,162,193,1.1865284974093264,0.03255996779710669,648,Presdient Trump gets creative for new hires for his legal team.
510,3236,4,25,148,177,1.1864406779661016,0.03344587653605418,648,That is how we make a bill disappear.
3917,3236,7,19,151,177,1.1864406779661016,0.03621091911880045,648,This trick is an illustration of the latest technology in voter fraud prevention.
2020,3238,5,20,136,161,1.186335403726708,0.03654845433521683,648,"And now… for my second act, I will make the incriminating evidence disappear!"
595,3238,5,20,136,161,1.186335403726708,0.03654845433521683,648,I shall now steal your identity.
2885,3238,3,24,134,161,1.186335403726708,0.03435855077252008,648,Abracadaba!  There are no DJT  tax records ever!
3408,3238,4,22,135,161,1.186335403726708,0.03547040685896674,648,"And Presidento Change-o, you have a brighter future!"
3593,3242,3,21,121,145,1.186206896551724,0.03660157086917392,648,"If this doesn't un-jam on the count of three, you might have to take it to Teller."
345,3242,2,23,120,145,1.186206896551724,0.03526881837371553,648,"There must be an easier way to do the torn and restored paper trick, but I can't figure it out."""
3935,3244,4,24,144,172,1.186046511627907,0.03402311177378928,648,They said I had to make something disappear before they’d admit me into the Magic Castle.
1680,3244,3,26,143,172,1.186046511627907,0.03300867581057148,648,And with a wave of my wand only a shred of my prenup will remain in existence.
3199,3244,4,24,144,172,1.186046511627907,0.03402311177378928,648,"And as fast as you can say, 'I can't believe there was a time when documents could disappear.', poof, it's gone!"
3923,3244,5,22,145,172,1.186046511627907,0.0350081646302132,648,Watch closely as I make my clutter disappear.
1595,3248,3,23,130,156,1.185897435897436,0.03499318990757995,648,The Magician’s Assistants Union is ruining this business.
810,3248,2,25,129,156,1.185897435897436,0.033790684425876356,648,...and Presto -- just shredded my final magic trick!
317,3248,5,19,132,156,1.185897435897436,0.03728202397651635,648,"Donald Trump can't rely on the Russians anymore, you know."
3464,3248,3,23,130,156,1.185897435897436,0.03499318990757995,648,"For my next trick, I will now make my marriage to Vanessa disappear."
3879,3248,5,19,132,156,1.185897435897436,0.03728202397651635,648,Shreddidi-Shredidi-Soo! Information breach reverse.
2069,3253,5,24,154,183,1.185792349726776,0.033636580791214406,648,Now watch closely while my viability as a candidate magically reappears.
647,3253,4,26,153,183,1.185792349726776,0.032731793824151846,648,Watch how I make these profits disappear!
1232,3255,1,24,115,140,1.1857142857142857,0.034506823856646336,648,"This shredrer works automagically, the wand is blue-tooth enabled."
4063,3256,3,25,139,167,1.18562874251497,0.0335723330028186,648,And Voila! Confetti to celebrate my amazing feat!
1500,3256,5,21,141,167,1.18562874251497,0.03565657410685419,648,The real trick comes when I attempt to piece back your contract.
1338,3256,4,23,140,167,1.18562874251497,0.034630137310511254,648,I thought a rabbit out of hat was stale so I updated.
974,3256,3,25,139,167,1.18562874251497,0.0335723330028186,648,For my next trick... I will make your tax issues disappear!!!
1520,3256,2,27,138,167,1.18562874251497,0.032480096618689766,648,"Hee haw, those ballots really disappear nicely."
3996,3261,5,18,128,151,1.185430463576159,0.038058829226782026,648,Banksy will smile.
736,3262,3,27,148,178,1.1853932584269662,0.032305958181757376,648,I'm going to turn this piece of paper into the next President of the United Stats.
255,3263,5,20,137,162,1.1851851851851851,0.03634035344372932,648,Watch as I make my assistant's transfer request disappear!
751,3263,4,22,136,162,1.1851851851851851,0.0352695343365013,648,"For my next magic trick, I will do what no one has done before...shred the entire copy of my tax return all at once."
1773,3263,3,24,135,162,1.1851851851851851,0.034165169635348186,648,"Harvey Weinstein’s first career - “If you tell anyone I stuffed this in your box, you’re fired”."
2473,3263,2,21,112,135,1.1851851851851851,0.03670386351646649,648,Just imagine a giant poof of smoke.
3636,3263,5,25,159,189,1.1851851851851851,0.03292493762277544,648,"Ah 











Ah.I've been accepted to toast masters international!"
1114,3263,5,20,137,162,1.1851851851851851,0.03634035344372932,648,Abra-Cadabra! My magic wand lets my vote count innumerable  times!
2763,3269,5,22,146,173,1.1849710982658959,0.03482182716312384,648,And I will then pull 1000 rabbits out of the hat.
1357,3269,7,18,148,173,1.1849710982658959,0.03670131220038116,648,"And now my Assistant's sporty attire shall disappear, along with her marriage certificate."
1522,3269,3,26,144,173,1.1849710982658959,0.03283493530870879,648,Another profession ruined by technology. Bring back coal!”
199,3272,3,23,131,157,1.1847133757961783,0.03478974439102747,648,And now I will make this NDA disappear!
1943,3272,1,27,129,157,1.1847133757961783,0.032357498051252556,648,"And now, watch me make evidence of that botched sword basket act disappear."
2779,3274,2,27,139,168,1.1845238095238095,0.03230508543902152,648,I shall now appear to make toast of this document.
1443,3274,4,23,141,168,1.1845238095238095,0.03444111705624404,648,"And viola, this toaster will make your paper disappear."
3595,3274,5,21,142,168,1.1845238095238095,0.03546091571733048,648,And now I will make this letter from the IRS disappear
4223,3274,4,23,141,168,1.1845238095238095,0.03444111705624404,648,I call this alternative shredding.
556,3274,5,21,142,168,1.1845238095238095,0.03546091571733048,648,"Next time, let's just use my toaster."
862,3274,5,21,142,168,1.1845238095238095,0.03546091571733048,648,Hillary’s new work reveals the answer to the missing ballots.
3211,3280,3,27,149,179,1.1843575418994414,0.03214166253197637,648,We'll need to renew our marriage vows.
2892,3280,7,19,153,179,1.1843575418994414,0.03583530751746044,648,"Abra Cadabra, make the curtain a wall."
2122,3280,4,25,150,179,1.1843575418994414,0.03310373345949561,648,"“ My side gig is creative accounting.” 
Jen Hynes
Brooklyn, NY"
1228,3280,7,19,153,179,1.1843575418994414,0.03583530751746044,648,VOTING 20200
2787,3284,4,20,128,152,1.1842105263157894,0.03665740687128959,648,I will put the shredded documents together as exact transcripts of the president's meetings with Putin.
1025,3284,8,19,163,190,1.1842105263157894,0.035223213742944535,648,"Unfortunately, the rabbit has been found."
4205,3286,4,22,137,163,1.1840490797546013,0.03507089562210378,648,"Now, pick a number between 1 and 639,764."
2092,3286,7,16,140,163,1.1840490797546013,0.038173142467621,648,Unlike  Trump. I am on a low paper diet.
1428,3286,5,20,138,163,1.1840490797546013,0.03613458290579025,648,To be followed by my beautiful assistant.
828,3286,4,22,137,163,1.1840490797546013,0.03507089562210378,648,"For my next trick as the president's CPA, I will make his tax return disappear."
2486,3286,5,20,138,163,1.1840490797546013,0.03613458290579025,648,... and our prenup will magically reappear tomorrow with some small changes.
1145,3291,5,22,147,174,1.1839080459770115,0.03463744014705363,648,"That’s a surprise!
I thought I paid it!"
3113,3291,3,26,145,174,1.1839080459770115,0.03266298706227227,648,"There goes our marriage! Now I'll see half of what's mine also, disappear."
2011,3291,3,26,145,174,1.1839080459770115,0.03266298706227227,648,"Abra ka dabra, leggo my memo ."
882,3294,7,20,158,185,1.1837837837837837,0.03502196362700366,648,"And now, for my greatest act: the Banksy. Oh shoot, it's Trump's tax returns!"
339,3294,7,20,158,185,1.1837837837837837,0.03502196362700366,648,"Ta-da, it’s Theresa May’s Chequers white paper."
3285,3296,6,15,126,147,1.183673469387755,0.039825834794374376,648,"And now, for my next act, watch as I make your tax returns disappear!"
3236,3296,3,21,123,147,1.183673469387755,0.036145998903366075,648,"And now, to make this evidence of tax evasion disappear"
2439,3298,4,21,133,158,1.1835443037974684,0.03573511036713668,648,"No it's not part of the act, and my vanishing won't be either. FBI is waiting in the wings."
564,3298,4,21,133,158,1.1835443037974684,0.03573511036713668,648,"Brenda Snipes, this ballot box has a strong resemblance to the shredder in my Boca Raton office?"
2654,3300,5,21,143,169,1.183431952662722,0.03526736899321475,648,That's one way of making evidence disappear!
2236,3301,5,23,152,180,1.1833333333333333,0.03386448327981418,648,"Now, I'll say the magic word and the rabbit will be good as new."
2403,3301,3,27,150,180,1.1833333333333333,0.03197900459594134,648,"Abracadabra, all the company evidence disappears."
994,3303,3,29,159,191,1.1832460732984293,0.03087159846888578,648,You are amazed! Surely I can't be shredding the restraining order from my former lovely assistant!
2709,3304,3,22,128,153,1.1830065359477124,0.035237057163125494,648,"And with just a wave of my wand, Janet's decrepit list of the men left in her life who may still be willing to marry her and give her a child, has been unshredded!"
1193,3304,1,26,126,153,1.1830065359477124,0.03270552817959627,648,...and TA-DA!! No evidence of shred.
193,3304,4,20,129,153,1.1830065359477124,0.036436925083256924,648,"Begone, 3 hole letter size paper. Begone."
3523,3307,6,18,140,164,1.1829268292682926,0.03695755616550883,648,"And now, 'The Amazing Lame-O', will turn this piece of ordinary paper into confetti!"
1900,3307,5,20,139,164,1.1829268292682926,0.03593110433370374,648,"Russian Election Protection Services: 
Magically your vote will disappear."
1849,3307,4,22,138,164,1.1829268292682926,0.03487445425454379,648,Abra Cadabra. You tax returns have now disappeared.
1264,3307,4,22,138,164,1.1829268292682926,0.03487445425454379,648,"Now for my next trick, I will make my wife disappear."
4067,3311,4,24,147,175,1.1828571428571428,0.033488262987455164,648,"TurboTaxMan says, 'Hasta la vista, 1040.' Punk done stole a trick from me/So he gets the penalty. Poetic justice."
2159,3311,3,26,146,175,1.1828571428571428,0.03249280401758472,648,Watch closely as my assistant loses the ballot box.
803,3311,1,30,144,175,1.1828571428571428,0.03040426652530184,648,"When I say ""abra kadabra,"" slip me the copy..."
1546,3314,1,25,122,148,1.1824324324324325,0.03326500004782579,648,And so ladies and gentlemen - this is how you unshred a document!
1953,3314,4,19,125,148,1.1824324324324325,0.037179916867222204,648,I will now attempt to reapply for a totally new insurance plan!
1437,3316,3,23,133,159,1.1823899371069182,0.03438977042904448,648,I need machine help for disappearances due to my teensy-weensy Trump-fingers.
4175,3316,5,19,135,159,1.1823899371069182,0.03663167075035478,648,The turning point when Mary realizes she needs to book an appointment with HR to discuss working conditions at the new FedEx-Kinko’s: Magic
3553,3316,5,19,135,159,1.1823899371069182,0.03663167075035478,648,Abracadabra -- and Harold puts an end to her application to attend magician school.
1261,3316,5,19,135,159,1.1823899371069182,0.03663167075035478,648,"Abba Cadabbra, we no longer married."
524,3316,6,17,136,159,1.1823899371069182,0.03770266300757025,648,I know sawing that lady in half didn't work out too well but let's hope for better with this gentleman's house deed.
381,3316,3,23,133,159,1.1823899371069182,0.03438977042904448,648,Presto change-o! My court summons will disappear!
2629,3322,4,23,143,170,1.1823529411764706,0.03406912304811052,648,"And now, for the disappearing document illusion, the Oracle of Obfuscation Oliver North and his lovely assistant Fawn"
1649,3322,4,23,143,170,1.1823529411764706,0.03406912304811052,648,GERRYMANDERING REALLY IS MAGICAL!
1310,3322,7,17,146,170,1.1823529411764706,0.03700737869790468,648,"And just like that, The Donald’s tax returns were fake shredded."
2696,3325,5,23,153,181,1.1823204419889504,0.03369209577651002,648,"For your amazement, my assistant will now shred my list of tricks."
3784,3326,6,16,132,154,1.1818181818181819,0.03849135447454277,648,You wouldn’t believe it; trump asked me to the  same trick with his financial disclosure report before the election.
4046,3326,5,18,131,154,1.1818181818181819,0.03737247558646991,648,"Honey, just remember that here at the Florida 2020 Presidential Chad voting workshop, practice makes imperfect!"
1732,3326,4,26,157,187,1.1818181818181819,0.03209035289009499,648,Watch me make these business records....DISAPPEAR!
1454,3326,4,24,148,176,1.1818181818181819,0.033313650229560156,648,"Paper shredder, toaster, ... whatever..."
989,3326,5,20,140,165,1.1818181818181819,0.035729880163405225,648,"Now just because I’m shredding our marriage certificate, it does not mean my assistant is any less lovely."
540,3326,3,26,147,176,1.1818181818181819,0.03232435964845102,648,"Abracadabra, no more monkey! Now I'll make your contract disappear."
416,3326,4,24,148,176,1.1818181818181819,0.033313650229560156,648,"Voila! the paper disappears. And for my next trick, I will make a rabbit disappear."
2304,3326,8,14,143,165,1.1818181818181819,0.03870857561979608,648,Evidencius Confringo!
3434,3326,6,16,132,154,1.1818181818181819,0.03849135447454277,648,Watch as your I turn your vote into a great ape.
3427,3326,4,24,148,176,1.1818181818181819,0.033313650229560156,648,"Geez, and I thought Houdini was meticulous..."
2942,3326,5,20,140,165,1.1818181818181819,0.035729880163405225,648,And your employment duties disappear forever Miss Me Too.
334,3337,4,27,162,193,1.1813471502590673,0.031450286378702036,648,"As you probably assumed, the shredded document will soon reappear in it’s original form.”"
3847,3338,7,19,156,182,1.1813186813186813,0.035286146315579574,648,"Voila!  Technically, if it's part of the ""show"" the evidence is considered a prop."
1772,3338,3,27,152,182,1.1813186813186813,0.031658506759228815,648,"By shredding this document, I hereby disown my lazy, non-magical son."
3877,3340,4,23,144,171,1.1812865497076024,0.03388608618971974,648,"And for my next trick, I'll be avoiding Federal income tax."
3444,3340,3,25,143,171,1.1812865497076024,0.032855249012185436,648,And if you’ll look very closely it really does look like our divorce papers are shredding.
2664,3340,4,23,144,171,1.1812865497076024,0.03388608618971974,648,A Banksied ballot might be worth more this way.
1876,3340,5,21,145,171,1.1812865497076024,0.034886477134579215,648,"“The audience will note that, despite the arduousness of this 60-minute trick, my male posture remains neat and professional.”"
3796,3340,2,27,142,171,1.1812865497076024,0.031791004042784,648,It can make stacks of 3-4 papers disappear!
206,3345,5,19,136,160,1.18125,0.036419847161892345,648,...and with a wave of my wand ...what tax returns?
1170,3345,5,19,136,160,1.18125,0.036419847161892345,648,The FBI is going to some lengths to get those translator transcripts back!
3789,3347,6,15,128,149,1.1812080536912752,0.03932784995260243,648,"Watch as our Constitution is shredded into oblivion by our favorite document destroyer, the Terrible the Ravenous the Ugly the Masterful the Persuasive, well you probably already guessed it."
2832,3348,5,22,150,177,1.1807909604519775,0.03409568456198538,648,"Aha, I've been shut down"""
3409,3349,1,28,137,166,1.180722891566265,0.03115069149495405,648,And so our marriage disappears...
1304,3349,1,28,137,166,1.180722891566265,0.03115069149495405,648,"Yes, all your debts will be Toast!"
2399,3349,4,22,140,166,1.180722891566265,0.03448802155817515,648,...keeping the IRS and NSA in the dark.
1762,3349,5,20,141,166,1.180722891566265,0.035530873633010183,648,"OK kids, this next trick I learned from a fella at Burning Man. I call it, ""Tax Evasion"""
2618,3349,3,24,139,166,1.180722891566265,0.033412636544717184,648,Ladies and Germs: Now watch your voting ballot magically disappear.
1946,3349,3,24,139,166,1.180722891566265,0.033412636544717184,648,To make this feat even more unbelievable I'm shredding the instructions that tell me how to put my assistant here back together and resurrect her after I slice her in two.
413,3355,5,18,132,155,1.1806451612903226,0.03714910427202945,648,"When I say ‘abracadabra,’ voter disenfranchisement will magically end"
464,3355,4,20,131,155,1.1806451612903226,0.03600373269055227,648,"And, in three days I will make this re-appear as the second IRS notice."
1303,3357,3,20,121,144,1.1805555555555556,0.036414658692538,648,Now imagine this is our prenuptial agreement.
3313,3357,5,16,123,144,1.1805555555555556,0.03899073687357329,648,"And, with a flick of the wand, my tax evasion DISAPPEARS"
3656,3359,3,27,153,183,1.180327868852459,0.03150062042067287,648,and voila! my assistants shredded pants transformed!
926,3359,4,25,154,183,1.180327868852459,0.03243976459939902,648,And the Houdini for Best Illusion in an Original Cartoon goes to....
880,3361,3,25,144,172,1.180232558139535,0.03268067226221355,648,And here’s your NDA
2796,3362,6,17,138,161,1.1801242236024845,0.037267080745341616,648,"Sir, we booked another gig is Washington."
1967,3362,6,17,138,161,1.1801242236024845,0.037267080745341616,648,And after Disappearing Liability Form comes the Human Saw.
4152,3364,6,24,170,200,1.18,0.03229885571350802,648,I think I might go into street art after this.
108,3365,3,28,158,189,1.17989417989418,0.030880543320137236,648,Don't worry. SDNY is waiting backstage to miraculously paste it together in time for the finale.
3872,3366,4,24,150,178,1.1797752808988764,0.0329697643973121,648,Let’s hope it stays together.
99,3366,4,24,150,178,1.1797752808988764,0.0329697643973121,648,Taxes...and voila!
3430,3368,4,22,141,167,1.1796407185628743,0.03429796109134218,648,With the wave of a wand she shred a tear .
3373,3368,6,18,143,167,1.1796407185628743,0.036340609086924554,648,"So confident of my amazing accuracy to outline the beautiful Millicent with seven sabers, I shred our prenuptial marriage  certificate."
2693,3368,6,18,143,167,1.1796407185628743,0.036340609086924554,648,"''Abra Cadaver."""
353,3368,7,16,144,167,1.1796407185628743,0.03732003129287787,648,"And the magic box says,""You're standing on the wrong side of the curtain."""
3137,3368,4,22,141,167,1.1796407185628743,0.03429796109134218,648,And for my final copy...
3235,3368,4,22,141,167,1.1796407185628743,0.03429796109134218,648,After the audit these will magically regenerate themselves.
4220,3374,3,22,131,156,1.1794871794871795,0.03461615046789343,648,"Before I attempt my death defying escape, can anyone help me get this paper out of the shredder?"
276,3374,6,16,134,156,1.1794871794871795,0.038031787113311094,648,Be careful not to lean over.
980,3376,5,23,156,184,1.1793478260869565,0.033185190706853725,648,I'm shredding our divorce papers.  The trick is getting me to pay a penny. . .Tra La...!
3469,3376,3,27,154,184,1.1793478260869565,0.031344278900065636,648,You have problems doing these sort of things? Just make a nice ritual out of it.
1958,3378,5,21,147,173,1.1791907514450868,0.03451363854533352,648,"Ladies and gentlemen, I give you the UN-shredded marriage licen- I said, UN-shr- Just a sec... UN-shred- Oh, my dear, I am so sorry!"
3184,3378,5,21,147,173,1.1791907514450868,0.03451363854533352,648,"And now, I will make your W2s disappear"
1231,3378,6,19,148,173,1.1791907514450868,0.0354739986576594,648,I shall now Banksy it to oblivion.
1174,3381,3,23,136,162,1.1790123456790123,0.03380653422915826,648,Magical Mystery Tear
2676,3382,6,15,130,151,1.1788079470198676,0.038842061718185904,648,This will not come back to haunt us. This will not come back to haunt ussss.
978,3383,2,26,140,168,1.1785714285714286,0.03195179727300983,648,Let’s toast the new immigration bill which is a pure magical fantasy!
3642,3383,3,24,141,168,1.1785714285714286,0.0330484999418314,648,"Eh, voila!  My contract re-emerges intact!"
138,3383,2,26,140,168,1.1785714285714286,0.03195179727300983,648,And now I will make my homework disappear!
2656,3386,6,21,158,185,1.1783783783783783,0.03389757569328964,648,Abra cadabra hallakazoo! Negative for herpes
2271,3387,1,26,130,157,1.178343949044586,0.03195311452928326,648,"(Damn it, Peggy. I said “rabbit”!)"
2673,3387,4,20,133,157,1.178343949044586,0.035580605392626675,648,"Abracadabra, shred-zam! And just like that, I can make the warrant for my arrest disappear!"
3653,3389,4,26,161,191,1.1780104712041886,0.031473260170949965,648,"So, with Ms Sotheby's kind assistance, I will now make this 1m dollar shopping list worth 2m dollars."
1830,3390,5,19,139,163,1.177914110429448,0.03579868031493083,648,"Once I’ve shredded it, with a wave of my magic wand, ta da, I’ve stolen your identity!"
1580,3390,5,19,139,163,1.177914110429448,0.03579868031493083,648,".esrever ni ,won dnA"
1749,3392,3,26,151,180,1.1777777777777778,0.03166745618495889,648,And now for an unusual strip-tease act.
1550,3392,2,28,150,180,1.1777777777777778,0.03067172207091579,648,The magician getup is for destroying the digital copies
615,3394,5,25,167,197,1.1776649746192893,0.03169220215143171,648,And Presto!  She is no longer my assistant.
2244,3395,2,23,127,152,1.1776315789473684,0.033788825162162535,648,And now for my final act.....I will make this paper shred to pieces!
4226,3396,4,22,143,169,1.1775147928994083,0.03392398446630676,648,"And now, watch me make my prenup agreement with my assistant disappear!"
1502,3396,5,20,144,169,1.1775147928994083,0.03494680386251235,648,I will proceed to turn the shredded paper into toast!
1709,3396,6,18,145,169,1.1775147928994083,0.03594052696246389,648,Stick my cock in it? Don’t mind if I do!
1318,3399,7,19,160,186,1.1774193548387097,0.034579367740896365,648,Abra cashredshra
976,3399,3,27,156,186,1.1774193548387097,0.031036142129603414,648,"Why are you so uncertain, my dear?"
1941,3399,5,23,158,186,1.1774193548387097,0.032855553500504966,648,Ta-da! The mysterious box has produced a piece of paper!
4182,3402,3,19,119,141,1.177304964539007,0.03668603330757109,648,New Year's Resolution...in with the old and ...voila...out with the new
571,3403,3,22,133,158,1.1772151898734178,0.03421407408623916,648,Fake News Preparation Illustrated.
2605,3403,4,20,134,158,1.1772151898734178,0.035372708698403484,648,The birthday party contract specifically stated to shred any evidence of illusion.
1674,3403,3,22,133,158,1.1772151898734178,0.03421407408623916,648,"And for my next trick, I'm going to make the auditor disappear!"
1287,3403,3,22,133,158,1.1772151898734178,0.03421407408623916,648,Hey Mom. Thanks for letting me hide my D&D character sheet in the family toaster.
3165,3403,5,18,135,158,1.1772151898734178,0.03649457734712867,648,Some lawyer must have grabbed my rabbit.
3301,3408,2,27,146,175,1.177142857142857,0.031130094852666407,648,"Abracadabra, I recreate the terms of our divorce decree."
1176,3408,2,27,146,175,1.177142857142857,0.031130094852666407,648,"You call it Peaches, I call it impeachment."
964,3408,2,27,146,175,1.177142857142857,0.031130094852666407,648,Aaaand...voilá! Your restraining order has vanished! I told you I could win you back by becoming a magician
1687,3408,4,23,148,175,1.177142857142857,0.03317296633585226,648,"I tried to tell him it wasn't magic, but Mr. Trump pays really well so let's just keep up the ruse. Hey, you can't read Cyrillic, right?"
3894,3408,5,21,149,175,1.177142857142857,0.03414860378568027,648,Watch closely as the wand makes the paper disappear right in front of your eyes
2944,3408,2,27,146,175,1.177142857142857,0.031130094852666407,648,Abracashredder
2194,3414,4,26,162,192,1.1770833333333333,0.031322632288563884,648,"""In a subpoena, 'Abracadabra' simply won't do."""
2711,3415,4,21,139,164,1.1768292682926829,0.034529365645152806,648,"Abra Cadabra, here goes the last Non Disclosure Agreement...."
4037,3415,3,23,138,164,1.1768292682926829,0.033428436887916586,648,I hope it's not too late to change my mind.Dang this wand anyway.
3745,3415,1,27,136,164,1.1768292682926829,0.031109917945808693,648,"And now, I will cut my earned income in half--ABRATAXABRA!!!"
861,3415,6,17,141,164,1.1768292682926829,0.03663209644602846,648,one needs a magic wand these days to ensure validity
2615,3415,4,21,139,164,1.1768292682926829,0.034529365645152806,648,And who needs annoying financial records anyway.
3517,3420,6,20,155,181,1.1767955801104972,0.03430559117900028,648,Well Pam... This is what I think about your costume budget
220,3421,1,28,141,170,1.1764705882352942,0.03048847154375207,648,I am now shedding my lovely assistant’s car title — and if this trick works I may even shred her home mortgage.
2393,3421,5,20,145,170,1.1764705882352942,0.03475631560121543,648,"And here, I have unshredded something. And for my next trick, an embarrassing article!"
3597,3421,3,21,129,153,1.1764705882352942,0.03484405163288779,648,"Some slight of hand and a wave of my magic wand, and Presto! our marriage never existed."
349,3424,4,26,163,193,1.1761658031088082,0.03117342201682567,648,"Abra-cadarbra and disappear, now watch me disappear from the country."
1682,3425,3,25,148,176,1.1761363636363635,0.03200029054620164,648,Abracadabra. There goes are prenuptial agreement!
747,3425,6,19,151,176,1.1761363636363635,0.03491165693355898,648,Email has destroyed any resemblance to my first act.
4207,3427,3,22,134,159,1.1761006289308176,0.034016474645773204,648,"Ladies and gentlemen,instead of sawing my assistant in half tonight, I will attempt something never before performed on stage"
39,3427,3,22,134,159,1.1761006289308176,0.034016474645773204,648,"Abracadabra, our bar tab's gone."
3605,3427,6,16,137,159,1.1761006289308176,0.037362481649731924,648,Abacadaba! Faster and easier than chewing and swallowing the record.
3548,3427,7,14,138,159,1.1761006289308176,0.03841310363569394,648,And vola!  That’s how you make Credit card debit disappear.
742,3427,3,22,134,159,1.1761006289308176,0.034016474645773204,648,"Fear not, for I, Paper-Jam Pete, your On-Call Office Magician, have never failed!"
1093,3432,4,17,121,142,1.176056338028169,0.03779362887105737,648,Is this your 1998 bank statement?
2187,3433,3,26,153,182,1.1758241758241759,0.031348783580422125,648,And now for the disappearance of my divorce settlement papers.
970,3433,6,20,156,182,1.1758241758241759,0.034130404856336075,648,"Now that I have memorized this list of audience members' bank account numbers,my lovely assistant will show you that I have completely dest... wait a minute..."
2759,3433,3,26,153,182,1.1758241758241759,0.031348783580422125,648,I will now make my bills disappear.
1281,3436,3,23,139,165,1.1757575757575758,0.033242502059884355,648,"I use my pre-nup hoping the restoration part doesn't go well...."""
1925,3436,4,21,140,165,1.1757575757575758,0.034336187517090576,648,"Allow me to demonstrate...this piece of paper represents my lovely assistant, Darla..."
4128,3436,4,21,140,165,1.1757575757575758,0.034336187517090576,648,Watch carefully. I will make this machine eat this piece of paper!
814,3439,3,24,144,171,1.1754385964912282,0.032516748141684995,648,"Abra-ca-da-bra, now you see it, now you ... Oops"
544,3439,2,26,143,171,1.1754385964912282,0.03144104737608739,648,I shall make Trump’s tax returns disappear!
1780,3439,2,26,143,171,1.1754385964912282,0.03144104737608739,648,"Usually I do this trick with a five dollar bill, but it should work with your marriage certificate"
2617,3439,5,20,146,171,1.1754385964912282,0.03456787249627291,648,Where did the bagel go?
3969,3443,4,19,131,154,1.1753246753246753,0.03584042205260224,648,"POOF!!  
Sorry dear, but the pre-nup is back on!"
1685,3443,3,21,130,154,1.1753246753246753,0.0346360132677686,648,Melinda's boss was a control freak.
1736,3443,3,21,130,154,1.1753246753246753,0.0346360132677686,648,Only I can get the government up and running again.
2287,3443,4,19,131,154,1.1753246753246753,0.03584042205260224,648,And now I'm going to make my Schedule A form completely disappear!
690,3443,3,21,130,154,1.1753246753246753,0.0346360132677686,648,This original Bezos prenup restoration is sponsored by Amazon.
24,3443,4,19,131,154,1.1753246753246753,0.03584042205260224,648,"Enough of his tricks, let’s make that marriage of yours disappear."
3650,3443,5,17,132,154,1.1753246753246753,0.03700565214575026,648,"Some said it was showmanship, others hubris, that drove The Great Litigato to add the shredding-the-liability-waiver bit to his sawing-the-woman in half act"
4043,3450,6,19,152,177,1.1751412429378532,0.03472811591242558,648,"Federal offense? Shut that pretty little mouth, Kellyanne."
1198,3450,2,27,148,177,1.1751412429378532,0.03080968505641956,648,...and this is how I made Arthur Andersen disappear.
1712,3450,4,23,150,177,1.1751412429378532,0.032827417870604975,648,"Shredder the letter, please and thank you."
2790,3453,4,20,136,160,1.175,0.034964042625668434,648,"Sawing a woman in half? Bah! With the laws of gravity & politically correctness, I will now shred a non-essential document. Et voila!"
3808,3454,2,21,120,143,1.1748251748251748,0.03482687171239298,648,abra--and so on.
3395,3454,3,19,121,143,1.1748251748251748,0.03621331315291399,648,"And now to continue my disappearing paper trick, I will accept your parking tickets, jury summons, subpoenas, divorce papers..."
3596,3456,5,19,142,166,1.1746987951807228,0.03519814819496672,648,And now the rabbit’s contract will do a disappearing act.”
3863,3456,2,25,139,166,1.1746987951807228,0.03193511524907163,648,"For my next trick, I’ll triple the value of my work"
269,3456,4,21,141,166,1.1746987951807228,0.03414513561588319,648,Your Home Loan will now disappear!
3866,3456,5,19,142,166,1.1746987951807228,0.03519814819496672,648,"Abba dabba o. Shred Trump""s income taxes."
2476,3456,6,17,143,166,1.1746987951807228,0.0362205602728978,648,"If there's anyone left in the audience after I glue this back together, please don't tell how I did it!"
462,3461,4,25,160,189,1.1746031746031746,0.031491720319294585,648,And watch as I make your alimony disappear!
1078,3462,3,20,126,149,1.174496644295302,0.035289921021181316,648,"Well, at least a few of  your type are still okay with the destruction of history."
2670,3462,3,20,126,149,1.174496644295302,0.035289921021181316,648,I told you not to feed the rabbit today!
3407,3462,5,16,128,149,1.174496644295302,0.03777258223653269,648,"Sure, magic isn't exactly a high salary career but at least I can make my credit card debt disappear"
3640,3465,6,18,148,172,1.1744186046511629,0.03535651315658309,648,Oops...forgot to remove the staples first...good thing I got this magic wand.
3755,3465,5,20,147,172,1.1744186046511629,0.03438144218306267,648,"And now, with my wireless magic wand, I will make this ordinary piece of paper disappear!"
3355,3465,4,22,146,172,1.1744186046511629,0.0333778985345532,648,Your ballot paid for compliments from the Donald!
2342,3465,4,22,146,172,1.1744186046511629,0.0333778985345532,648,"For my next act, I will make my assistant disappear, just like this paper."
1690,3465,3,24,145,172,1.1744186046511629,0.03234323197484409,648,And I've made your identity disappear!
843,3465,2,26,144,172,1.1744186046511629,0.031274353687554046,648,"This is what I call a marketable skill, Karen."
3015,3471,1,25,129,155,1.1741935483870967,0.03190421763978685,648,Watch your fingers!
3570,3471,4,19,132,155,1.1741935483870967,0.03562640376028724,648,"And now, I will make the Panama Papers disappear."
3914,3473,4,23,151,178,1.1741573033707866,0.032657299240165326,648,"Then, with a simple flourish of his wand, Maximillian the Magician changed the course of reality as it had always been known, with the introduction of his un-shredder."
1387,3474,1,33,167,201,1.1741293532338308,0.02772711401610503,648,And with that I will make your debt reappear!
4103,3475,0,32,152,184,1.173913043478261,0.028019050582666797,648,I like to practice; just hold steady and your fingers should be fine.
3221,3476,6,21,163,190,1.1736842105263159,0.03306846355500862,648,This is a questionable trick!
942,3476,4,25,161,190,1.1736842105263159,0.031339012377787814,648,And now for the possible Democrat candidates . .  including last minute write ins . . ..
3087,3478,4,21,142,167,1.1736526946107784,0.03395617550182303,648,Russians...where?
1038,3478,4,21,142,167,1.1736526946107784,0.03395617550182303,648,My assistant seems to have shredded her thumb.
1317,3478,5,19,143,167,1.1736526946107784,0.035002381656157724,648,Presto IRS Audit- O!
1703,3478,3,23,141,167,1.1736526946107784,0.032876693687441956,648,Abracadabra! The I.R.S. bill disappears!
2895,3478,5,19,143,167,1.1736526946107784,0.035002381656157724,648,The police burst into the room catching Bill in the act.
3540,3478,3,23,141,167,1.1736526946107784,0.032876693687441956,648,Clean up is easier when it’s paper you make disappear.
3701,3478,7,15,145,167,1.1736526946107784,0.03700616780198631,648,With any luck I'll be able to perfectly reconstruct your birth certificate from the shreds.
746,3478,5,19,143,167,1.1736526946107784,0.035002381656157724,648,And now the shredder does its magic...science!
1432,3486,4,17,123,144,1.1736111111111112,0.03730669044830725,648,. . . never to be seen again.
4162,3486,4,17,123,144,1.1736111111111112,0.03730669044830725,648,It’s a story of a disappearing Rabbit...
2358,3486,4,17,123,144,1.1736111111111112,0.03730669044830725,648,Now I will make the secrets to my tricks vanish forever.
260,3489,5,24,167,196,1.1734693877551021,0.03157393987340544,648,Abraca-prenumpo-disapearo!
542,3490,5,20,148,173,1.1734104046242775,0.03419699296589373,648,"Alacazam, shredded tax returns!"
4102,3490,3,24,146,173,1.1734104046242775,0.03217153489745255,648,... revealing once and for all whether Oswald acted alone.
4132,3490,1,28,144,173,1.1734104046242775,0.03000968156123336,648,Aba Ca Dabra The shredded tax refund becomes whole again
1566,3490,4,22,147,173,1.1734104046242775,0.033199713745508355,648,... and abbra kadabra the contract separates but I still have little hands
1202,3494,2,22,126,150,1.1733333333333333,0.03377338171479713,648,"For my next trick, I will make this parking ticket disappear."
16,3495,1,29,149,179,1.1731843575418994,0.02944855733692352,648,My last assistant quit and was not accidentally cut in half.
2839,3495,2,27,150,179,1.1731843575418994,0.03049570835156888,648,"Uh oh, my magic only works with wireless technology..."
1907,3495,5,21,153,179,1.1731843575418994,0.033440997649256454,648,"And abracadabra, my ageing assistants contract disappears!"
3010,3498,5,17,134,156,1.1730769230769231,0.036564028319551724,648,Everybody watch me fuck up this piece of paper yo presto!
2127,3498,3,21,132,156,1.1730769230769231,0.03422721424649391,648,"And for my final trick, I will make the lease on my apartment disappear as all my belongings are sitting by the curb."
981,3498,3,21,132,156,1.1730769230769231,0.03422721424649391,648,Watch as she goes digital for the 2019 tax year.
3370,3501,2,24,136,162,1.1728395061728396,0.032269956924316875,648,"And with a simple wave of my magic wand, my marriage to the lovely Gina will...disappear!"
3043,3501,2,24,136,162,1.1728395061728396,0.032269956924316875,648,Honey for our final trick together I will end our relationship with a farewell.
1605,3501,3,22,137,162,1.1728395061728396,0.033436975879986404,648,"Call the Magnificent Melvin for all your Divorce needs!
(also available for birthday parties)"
2808,3504,4,21,143,168,1.1726190476190477,0.03376927346216977,648,"Presto Changeo, I now divorce my wife-assistant who is getting too thick through the thigs."
2655,3504,3,23,142,168,1.1726190476190477,0.03269675566066291,648,"""And with a little tap of my wand, this twenty five year old jammed up shredder is once again...almost, semiiii...functional."""
356,3504,6,17,145,168,1.1726190476190477,0.03581809359837885,648,"For my next trick, my assistant will now pick up my dry-cleaning."
1259,3507,5,20,149,174,1.1724137931034482,0.0340144938011551,648,Trump's lawyer demonstrates the Carbonaro Effect.
1010,3507,4,22,148,174,1.1724137931034482,0.03302340110427059,648,"Abra Cadabra, Hocus Pocus, you better put those tax's in focus."
408,3507,2,26,146,174,1.1724137931034482,0.030946138440570942,648,"Doris, you’re crying.  Did you get your thumb stuck in the shredder again?"
4228,3507,6,18,150,174,1.1724137931034482,0.034977515014707625,648,And now for your marriage certificate
2685,3507,3,19,123,145,1.1724137931034482,0.035752485091944335,648,Ladies and Gentlemen...I shall now pull a Banksy Bunny from out of my hat!
3086,3512,3,25,152,180,1.1722222222222223,0.03134731210385166,648,"As Mueller Fans Might Say, ""Better than pulling a rabbit out of a hat!"""
2243,3512,4,23,153,180,1.1722222222222223,0.03232224037047978,648,I already told everybody my Tax Return was in Audit and Not Available.
1683,3514,5,16,130,151,1.1721854304635762,0.037306190153249645,648,Little does he know that's the only copy of our pre-nup agreement.
2567,3515,6,25,184,215,1.172093023255814,0.030439995217407534,648,"See!
You saved the cost of postage!!"
4028,3516,4,19,134,157,1.1719745222929936,0.035205868900656134,648,abracadabra....she has no pants
366,3516,5,17,135,157,1.1719745222929936,0.03634711160984176,648,"Summodium Vanishosa! And like that, watch my jury duty summons disappear!"
525,3516,4,19,134,157,1.1719745222929936,0.035205868900656134,648,Presto!  Now I will make our marriage license disappear.
4145,3516,4,19,134,157,1.1719745222929936,0.035205868900656134,648,Your contract for the disappearing act. You're fired!
3936,3516,4,19,134,157,1.1719745222929936,0.035205868900656134,648,"...and now, I will make my Secrecy Agreement with the International Brotherhood of Magicians disappear."
1222,3521,4,25,163,192,1.171875,0.0310379476437381,648,"... and with the help of our magic words, 'taxo-changeo'..."
578,3522,3,22,138,163,1.1717791411042944,0.03324812105864267,648,I'm afraid I may have used insufficiently advanced technology.
3777,3522,5,18,140,163,1.1717791411042944,0.03545304328274259,648,The White House musician and his assistant Olga.
1075,3524,3,24,148,175,1.1714285714285715,0.03183348654463747,648,Magic in the age of technology is still not the same.
1509,3524,4,22,149,175,1.1714285714285715,0.032848931650502795,648,"Presto, my contract will disappear"
1497,3524,4,22,149,175,1.1714285714285715,0.032848931650502795,648,Are we ever going to do this for an audience?
2642,3524,3,24,148,175,1.1714285714285715,0.03183348654463747,648,"And now, I'll make your contract disappear!"
4002,3524,2,26,147,175,1.1714285714285715,0.03078456464846993,648,"Magician unshreds a document and instantly regrets 
making his performance reviews reappear."
1996,3529,6,19,156,181,1.171270718232044,0.034012693859936764,648,"And just like that, my legal culpability disappears!"
1210,3530,4,17,125,146,1.1712328767123288,0.03683202309770149,648,Be sure to shred the machine as well dear.
151,3530,3,19,124,146,1.1712328767123288,0.03552639320533475,648,"I say 'Presto' and, just like that, my agent's commission vanishes."
1124,3532,4,19,135,158,1.1708860759493671,0.034999266269688516,648,"For my latest trick, I will make our marriage certificate disappear."
3530,3532,3,21,134,158,1.1708860759493671,0.033827843329616934,648,Say it with me! Abraca-Divorced!
425,3532,2,23,133,158,1.1708860759493671,0.03261437304701198,648,With a wave of this wand all your debt will be shredded.
3799,3532,4,19,135,158,1.1708860759493671,0.034999266269688516,648,And finally my latest payslip ... directly from 1989.
2145,3536,4,27,174,205,1.170731707317073,0.02975445111516212,648,You can use my toaster anytime
2047,3536,3,22,139,164,1.170731707317073,0.033061363034350755,648,"And just like that, I've made your contract disappear!"
307,3536,5,18,141,164,1.170731707317073,0.03525176767005603,648,Presto! No more emails.
3856,3539,1,27,142,170,1.1705882352941177,0.030113453632533645,648,"And, poof, your letter of resignation has disappeared! I told you that technology was the future."
2259,3539,6,17,147,170,1.1705882352941177,0.03542440276208115,648,For my last trick I will perform  “the Banksy.”
1051,3541,6,18,152,176,1.1704545454545454,0.034606490850313684,648,"My greatest feat of magic: If this protest to my mayor, representative, senator and president will actually be read and effect change."
2264,3541,2,26,148,176,1.1704545454545454,0.03062464610787503,648,"...and say the magic words ""Audience of One,"" and...presto!"
14,3543,3,18,120,141,1.1702127659574468,0.03623273694877958,648,"And after this paper goes through, my lovely assistant will herself step into the shredder."
3252,3544,4,17,126,147,1.1700680272108843,0.03659914869499552,648,The hand is quicker than the ply.
4059,3545,3,20,130,153,1.1699346405228759,0.03443840274848347,648,And now The Great Retrivo will reassemble Elvis’ original  concept of God’s Plan.
1453,3545,1,24,128,153,1.1699346405228759,0.03184344453503336,648,"Yes, it does look like the original of our pre-nup! That’s the magic of shredding the original of our pre-nup!"
1278,3547,5,17,137,159,1.169811320754717,0.03592084457607615,648,"The Great Interpreter, Lost in Translation"
2351,3547,3,21,135,159,1.169811320754717,0.033631593528386426,648,"Tax fraud, begone!"
2320,3547,2,23,134,159,1.169811320754717,0.03242641804699674,648,"For my next trick, I will make my bills disappear."
1993,3547,5,17,137,159,1.169811320754717,0.03592084457607615,648,"With one pass of my magic CIA issued wand, I will rip the minutes of Comey's meeting into thousands of pieces."
1283,3547,5,17,137,159,1.169811320754717,0.03592084457607615,648,"Alakazam! Alakazoo! I asked you for cash, this bank draft won't do!"
853,3547,1,25,133,159,1.169811320754717,0.031174686709870683,648,"Sorry, the receipt gets stuck sometimes"
815,3547,4,19,136,159,1.169811320754717,0.03479505107279786,648,I see my ex-wife unplugged this shredder.
2037,3547,3,21,135,159,1.169811320754717,0.033631593528386426,648,Voila! And the Great Banksy re-assembles a girl and her balloon!
3183,3547,4,19,136,159,1.169811320754717,0.03479505107279786,648,"For my next trick--""abracadabra""-- watch this piece of paper disappear!"
1826,3556,5,18,142,165,1.1696969696969697,0.03505274499347255,648,And now - I will make my New Years' Resolution disappear!
1903,3556,4,20,141,165,1.1696969696969697,0.033982129150040376,648,Very old school but SHAZAM!  My sins are no more.
2168,3556,1,26,138,165,1.1696969696969697,0.030545959005208057,648,And for my next trick....I'm going to shred this ballot in here...and out it should come out totally intact at the bottom!
2768,3556,5,18,142,165,1.1696969696969697,0.03505274499347255,648,And next I will amaze you with my assistant . . .
3272,3556,4,20,141,165,1.1696969696969697,0.033982129150040376,648,Abra-ka-shreddah!
1351,3556,6,16,143,165,1.1696969696969697,0.036091616222951366,648,Watch as I un-shred my lovely assistant's credit report
1617,3562,5,19,147,171,1.1695906432748537,0.03424042924691578,648,"I’m telling you, this trick will bring millions."
1463,3563,4,22,151,177,1.1694915254237288,0.03250540937030368,648,And just like that i have made all my responsibilities as a father... disappear
3065,3564,3,25,155,183,1.169398907103825,0.030874595928463807,648,"For my next act, I will shred the petition to allow my fetching blonde assistant to dress more warmly. And forget about it."
3680,3564,6,19,158,183,1.169398907103825,0.0336658342370606,648,"And presto, your tax return has disappeared."
354,3566,5,23,167,195,1.1692307692307693,0.0314490069384447,648,Now watch as my assistant's resume disappears
2000,3567,3,18,121,142,1.1690140845070423,0.03599663546847113,648,And with the power of defense mechanisms - Abracadabra a la Freud!  All your student debt will now disappear.
3277,3568,4,17,127,148,1.1689189189189189,0.03636917396635243,648,"It's the bird's death certificate, best I can do right now."
1035,3569,3,20,131,154,1.1688311688311688,0.034231835908914245,648,"And just like that, I’ve made this marriage disappear!"
347,3569,4,18,132,154,1.1688311688311688,0.03544997923156578,648,Now you see it...
2547,3569,2,22,130,154,1.1688311688311688,0.0329687147439996,648,I hope no one figures out this trick
4135,3569,2,22,130,154,1.1688311688311688,0.0329687147439996,648,"Abracadabra! Judy will disappear, as soon as the instructions for bringing her back have been shredded. But do not be alarmed, ladies and gentlemen! I have memorized the spell. Or . . . I thought I had. 
Oh, heck. Nice knowing you, Judy."
311,3573,4,19,137,160,1.16875,0.03459318265444106,648,Expecto Lacero!
717,3573,5,17,138,160,1.16875,0.0357114076782865,648,And now... Abraca-Gerrymander!
687,3575,4,20,142,166,1.1686746987951808,0.033792263402349615,648,"And days from now, the remaining chips will be found behind your sofa pillows., in your purse and your underwear drawer."
971,3575,6,16,144,166,1.1686746987951808,0.03588810061997353,648,Fixing a shredder is a magic trick.
1713,3575,3,22,141,166,1.1686746987951808,0.03269400121927558,648,You will no longer be interpreting my secrets.
1833,3575,4,20,142,166,1.1686746987951808,0.033792263402349615,648,"Yes, Hillary.  I can use my magic to make these emails disappear, but are you sure the audience will like this trick?"
2468,3575,5,18,143,166,1.1686746987951808,0.03485593803043552,648,"Abracadabrax 
TurboTax !"
121,3575,3,22,141,166,1.1686746987951808,0.03269400121927558,648,This is what I call “black magic.”
1190,3581,5,19,148,172,1.1686046511627908,0.034055051548649885,648,"And now, I will make Trump's tax returns disappear!"
1896,3582,6,18,154,178,1.1685393258426966,0.034243194038964815,648,. . . and the love letter I wrote to you in Spain . . .
636,3582,3,24,151,178,1.1685393258426966,0.03133937494245472,648,And just wait to see my Magic Marker!
504,3582,3,24,151,178,1.1685393258426966,0.03133937494245472,648,"Now that I've shredded your contract, will you marry me?"
773,3585,3,26,161,190,1.168421052631579,0.030135000395527956,648,Watch as I make last years Tax Bill disappear!
3404,3586,3,19,127,149,1.167785234899329,0.03486477799675684,648,"Watch, as my lovely Assistant and I attempt to UNshred the paper!"
4015,3586,3,19,127,149,1.167785234899329,0.03486477799675684,648,"With just a wave of my magic wand, you will observe that our letter is no longer hopelessly jammed in the printer."
2539,3588,4,18,133,155,1.167741935483871,0.03523736595822736,648,the real magic is getting it to count
2090,3588,4,18,133,155,1.167741935483871,0.03523736595822736,648,"Abracadabra, our divorce is final."
4123,3588,2,22,131,155,1.167741935483871,0.03277342823921983,648,I provide confidential deshredding services
3946,3588,5,16,134,155,1.167741935483871,0.03640685567630655,648,I will next bring up a live rabbit.
1407,3588,5,16,134,155,1.167741935483871,0.03640685567630655,648,"abracadabra, alakazam! if my bitch ex-wife thinks some piece of paper and a process server and the whole weight of the family court system can force me to pay child support, well, she's got another thing coming. she never did respect my craft..."
2649,3593,3,21,137,161,1.1677018633540373,0.03324577314552209,648,"We are not in New Hampshire, remember please"
1326,3594,2,24,141,167,1.1676646706586826,0.031384260950699065,648,And now the Great Kondini will make documents that bring no joy disappear!
3931,3594,5,18,144,167,1.1676646706586826,0.03466131036328165,648,No peeking - no leaking.
714,3596,4,21,148,173,1.1676300578034682,0.032864503018715185,648,As you can plainly see I can reverse the shredding by tapping here.
1378,3596,1,27,145,173,1.1676300578034682,0.02963841347457844,648,I don’t think the bill collector is convinced.
2571,3596,3,23,147,173,1.1676300578034682,0.031825496438256086,648,I will place this paper in this shredder and magically turn it into  Twitter message!
870,3599,5,20,154,179,1.1675977653631284,0.033130205861534597,648,"Now hold still Marlene.
""Abracadabra, turn into a Banksy!"""
3600,3599,2,26,151,179,1.1675977653631284,0.030154575847025838,648,"Not bad, but what happened to the rabbit?"
4081,3599,4,22,153,179,1.1675977653631284,0.032168926649637934,648,"And  Presto, Chango, watch as our marriage license disappears."
374,3602,7,17,161,185,1.1675675675675676,0.03419607414083204,648,"You'll see, ladies and gentlemen, that my lovely assistant's hand will go into a very real shredder."
2053,3602,1,29,155,185,1.1675675675675676,0.028580501170593926,648,Voila! I shall now make the solution to this trick disappear.
722,3604,4,19,139,162,1.1666666666666667,0.03419632802726443,648,Are you sure you want to use your birth certificate for this one?
2169,3604,5,19,150,174,1.1666666666666667,0.03369020313994873,648,This summons to Parking Court brings me joy Marie.
1063,3604,2,26,152,180,1.1666666666666667,0.030001034536269424,648,Magic presto! Florida is a no go!
621,3604,1,23,126,150,1.1666666666666667,0.03196287928985961,648,The Un-Banksy!
1245,3604,6,13,131,150,1.1666666666666667,0.03832822648601176,648,"Now, just one swipe with the baton, and we'll be right up there with Trump"
1285,3604,6,16,146,168,1.1666666666666667,0.03548782875754605,648,"And with a wave of my wand,your fax will vanish into thin air."
2016,3604,3,23,148,174,1.1666666666666667,0.0316567252175656,648,"For my next trick, I will make my lovely assistant, Janie, disappear!

Clyde E. Lehmann
San Antonio, Texas"
2208,3604,3,21,138,162,1.1666666666666667,0.0330561282434399,648,And now I’ll unshred your old mobile phone bill.
2272,3604,2,26,152,180,1.1666666666666667,0.030001034536269424,648,Voila! Here's where I store my tricks of the trade!
2990,3604,3,20,133,156,1.1666666666666667,0.033825970872786895,648,"Watch, as bills disappear before your very eyes!"
3186,3604,5,20,155,180,1.1666666666666667,0.0329587896097353,648,"This is how Watergate started his career, LOL."
3511,3604,2,24,142,168,1.1666666666666667,0.031212849793091055,648,All your traceable worries will disappear.
3746,3604,3,18,123,144,1.1666666666666667,0.035533452725935076,648,And with a wave of my wand I will make my lovely assistant's resignation letter disappear.
4016,3604,6,14,136,156,1.1666666666666667,0.03731400894172328,648,"And now, I’ll make these tax returns disappear!"
4020,3604,6,14,136,156,1.1666666666666667,0.03731400894172328,648,"Don't worry - if I can magically tape paper back together, I can do the same with your hand."
4112,3604,5,17,140,162,1.1666666666666667,0.03529971794008837,648,Zap! The Trump government shutdown is hereby ended.
928,3604,4,20,144,168,1.1666666666666667,0.033418767048852785,648,"Ladies and Gentleman, I sure hope this works 'cause I'm placing our marriage certificate in this shredder."
576,3604,3,23,148,174,1.1666666666666667,0.0316567252175656,648,"You see honey, I just made your copy of The New Yorker disappear one page at a time."
65,3604,7,16,157,180,1.1666666666666667,0.03479121017441578,648,"If they would print bills on softer paper, we could use them as toilet tissue."
326,3604,3,22,143,168,1.1666666666666667,0.03233462527439859,648,I can make your tax bill disappear.
2949,3604,3,22,143,168,1.1666666666666667,0.03233462527439859,648,"Ms Frz, did you shred your dress again?"
1831,3604,2,20,122,144,1.1666666666666667,0.03413943709994594,648,"For my next feat, I will make my tax bill disappear."
2914,3626,1,27,147,175,1.1657142857142857,0.029329835801126497,648,"Presto,chango!  In an instant his criminal activity will disappear!"
2976,3626,4,21,150,175,1.1657142857142857,0.03251589769784022,648,Not a word. Or I'll make YOU disappear.
3436,3628,5,18,146,169,1.165680473372781,0.0342784511434079,648,You're next Miss Feeney
2722,3628,3,22,144,169,1.165680473372781,0.03215785217519402,648,Now watch as I make all your hopes and dreams disappear.
19,3628,3,22,144,169,1.165680473372781,0.03215785217519402,648,"You didn’t forget the doves, did you?"
3167,3631,4,19,140,163,1.165644171779141,0.03400126493071554,648,Jam! These things never do the trick.
2246,3631,3,21,139,163,1.165644171779141,0.03286861200065765,648,"Assistant, “This is the only time I can put my college degree to use. Perhaps even get some claps...”"
1645,3631,6,15,142,163,1.165644171779141,0.036160292324130455,648,Does pretending make it legal?
3512,3634,2,22,133,157,1.1656050955414012,0.03238963062923131,648,"And when I say the magic word, 'Abrasubpoena,' you will see the tax form miraculously reappear"
2840,3634,3,20,134,157,1.1656050955414012,0.03362658902752621,648,Presto-Shreddo.  Divorce settlement be gone!
282,3634,5,16,136,157,1.1656050955414012,0.03597313058773673,648,The shred must go on!
127,3637,5,14,126,145,1.1655172413793105,0.03792232571568649,648,And now I will make my parking ticket disappear!
1166,3638,5,20,157,182,1.164835164835165,0.03262117979699656,648,Abraca-Bansky am I rich yet?
3637,3639,4,21,151,176,1.1647727272727273,0.03234432792618295,648,Behold!  The Presto Change-O Bill Eliminator.
770,3639,2,25,149,176,1.1647727272727273,0.03027020679028024,648,"Sorry, the hat only works for rabbits...."
2626,3641,4,20,146,170,1.1647058823529413,0.03305336175158311,648,"As you can plainly see, the shredder is plugged in and he woman has upper body strength."
2628,3642,6,15,143,164,1.1646341463414633,0.035953316348925006,648,Why doesn't the damn thing go in?
2710,3642,4,19,141,164,1.1646341463414633,0.03380839479051624,648,Trump’s White House Plumbers
114,3644,5,16,137,158,1.1645569620253164,0.03576009122329283,648,Presto shreddo! I took a page out of Jeff Bezos's prenup book.
3978,3644,4,18,136,158,1.1645569620253164,0.034614425738624895,648,Slight of hand is so 70s; 1870s. I’m taking the digit out of prestidigitation!
2764,3644,4,18,136,158,1.1645569620253164,0.034614425738624895,648,"Voila, the Mueller Report!

John Thornton, Scio, Oregon"
3214,3647,4,17,131,152,1.1644736842105263,0.035477226195741125,648,Marty and Janine Tax Preparers testing our new tax prep hardware
570,3648,4,16,126,146,1.1643835616438356,0.036403498018077796,648,"Artsy, Banksy, Cranksy."
3534,3649,3,25,161,189,1.164021164021164,0.02997022046081549,648,"There, the last of my ex's love letters"
4030,3650,5,20,158,183,1.1639344262295082,0.03245493400149038,648,Who needs instructions when our patented Thigh Blaster speaks for itself.
1203,3651,7,14,150,171,1.1637426900584795,0.035875796079720905,648,I need to read the fine print
12,3652,4,19,142,165,1.1636363636363636,0.03361768123424875,648,"Wow, if this makes my debt disappear let's try the rabbit next."
430,3652,4,19,142,165,1.1636363636363636,0.03361768123424875,648,"And for my next trick, a death defying jump from my office window"
3812,3652,4,19,142,165,1.1636363636363636,0.03361768123424875,648,"For my next trick, I’d like the entire audience to place their wallets in my hat."
3790,3655,3,20,136,159,1.1635220125786163,0.03323472458075441,648,The disappearing act of woman’s rights
1330,3655,4,18,137,159,1.1635220125786163,0.0344116028958055,648,I call my next trick the disappearing Income Tax Form.
543,3657,1,23,129,153,1.1633986928104576,0.03139010230184952,648,Abracadabra! That unfair reviews is no more!
1109,3657,4,17,132,153,1.1633986928104576,0.03526097642631427,648,Cadabraabra
1442,3657,2,21,130,153,1.1633986928104576,0.032731297476972745,648,And abracadabra! I pull my Dear Jane letter out and it's back in one piece!
2484,3657,4,17,132,153,1.1633986928104576,0.03526097642631427,648,Watch me make these transcripts disappear.
860,3661,4,16,127,147,1.163265306122449,0.036172296468796966,648,"My Magic Unshredder revives messages shredded from anywhere!...Is this a bill?...A love note?...The words are re-assembling a bit jiggly - hold the Magic Unshredder steadier, Connie...Steady...Here we go the message says ""This is Page One of 30,000"""
720,3662,7,17,166,190,1.1631578947368422,0.03335091652502605,648,This is not a trick.  I'm just celebrating my final divorce decree came through.
3737,3663,3,24,157,184,1.1630434782608696,0.03039530073235103,648,"Joe, this isn't going to make our credit card debt disappear."
1077,3664,4,14,117,135,1.162962962962963,0.038212416412649004,648,This state-of-the-art shredder-printer enables you to retrieve a copy of everything it shreds.
10,3665,3,22,147,172,1.1627906976744187,0.03163882500492034,648,"For my first trick, making your participant consent form disappear."
3150,3665,4,20,148,172,1.1627906976744187,0.032695790305425014,648,And for my next trick...the Magnificent Michael Cohen will learn how to shred
816,3665,4,20,148,172,1.1627906976744187,0.032695790305425014,648,"And for my next trick, I will reply to this job application."
188,3668,5,17,144,166,1.1626506024096386,0.03450396093211767,648,You're next.
822,3668,3,21,142,166,1.1626506024096386,0.03231848727508041,648,"For the pièce de résistance, I will now make all traces on the Internet disappear."
1525,3668,5,17,144,166,1.1626506024096386,0.03450396093211767,648,"And now for my next illusion, ""The Hillary Escape""!"
3315,3668,3,21,142,166,1.1626506024096386,0.03231848727508041,648,"My third vote, is that the charm?"
3753,3668,3,21,142,166,1.1626506024096386,0.03231848727508041,648,Voila! Your mortgage has disappeared.
3691,3668,2,23,141,166,1.1626506024096386,0.03116833761402348,648,...And as if by magic my hotel bill disappears!
1208,3674,4,18,138,160,1.1625,0.034211123094634394,648,Aaah...baah...caah...daah...baah...raahi'm innocent!
92,3674,2,22,136,160,1.1625,0.03183030378418828,648,Now watch as I make your tax fraud disappear!
604,3676,3,18,127,148,1.162162162162162,0.03464161861954895,648,Presto Chango Banski!
3018,3676,6,18,161,185,1.162162162162162,0.03302917519520659,648,You made sure this wasn’t my license right?
1065,3678,5,19,155,179,1.1620111731843576,0.032811127423233735,648,"For my next trick, I will make my taxes... Disappear!"
3060,3678,3,23,153,179,1.1620111731843576,0.03083875298237478,648,With a wave of my wand a new Constitution will appear.
2478,3680,2,19,121,142,1.1619718309859155,0.0340947751906559,648,I'm gonna put this politically correct routine into the shredder and make it disappear.
1910,3681,3,22,148,173,1.1618497109826589,0.031469481613729915,648,"And PRESTO, the paper disappears!"
876,3681,1,26,146,173,1.1618497109826589,0.029255796054551433,648,"Really Comrade?! THIS IS HOW the Proletariat will create a new world order?!

David B. Smith
Miami Beach, Florida"
4111,3681,4,20,149,173,1.1618497109826589,0.03251986482386687,648,"Ladies and Gentleman, Veronica will flawlessly restore it."
3699,3684,2,23,142,167,1.1616766467065869,0.03099644406584422,648,I´m sorry I have to break it to you this way honey but I want to divorce
2793,3684,3,21,143,167,1.1616766467065869,0.03213914142630027,648,"I wave my wand, and this paper will vanish like my assistant's pants."
2875,3684,2,23,142,167,1.1616766467065869,0.03099644406584422,648,"Now for my lovely assistant, Mrs. Loretta the shredda"
3904,3684,5,17,145,167,1.1616766467065869,0.03431055443162018,648,"This may look like a shredder, but it's actually a toaster."
415,3688,4,18,139,161,1.1614906832298137,0.03401294638200013,648,Suddenly sawing me in half seems like easy street.
1275,3688,3,20,138,161,1.1614906832298137,0.03285180010337364,648,"And now, I will make this horribly written review disappear, while at the same time, torturing all the words by ripping them, letter by letter, with the multiple sharp blades of this machine."
1751,3688,3,20,138,161,1.1614906832298137,0.03285180010337364,648,"Now Ms. Kollins, please be so kind as to demonstrate for the audience that the legislation contains no trap doors of any kind"
3151,3688,1,24,136,161,1.1614906832298137,0.03039673118817927,648,"I am a debt relief counselor and I can make your debt disappear ...  Ehem,for this month anyway..."
3467,3692,2,21,132,155,1.1612903225806452,0.03234174316389099,648,Abrakadabra! Summons be gone!
3662,3692,4,17,134,155,1.1612903225806452,0.0348362270058317,648,"And with just a wave of my wand, I make my marriage MAGICALLY DISAPPEAR!!!"
3561,3692,6,18,162,186,1.1612903225806452,0.03286268593378133,648,"Observe, as The Great Dr. Reverso reconstructs a shred paper using mind-power alone!"""
3721,3692,2,21,132,155,1.1612903225806452,0.03234174316389099,648,"Now, ladies and gentlemen, watch my mortgage disappear, just like that."
1592,3692,1,23,131,155,1.1612903225806452,0.03101936766469806,648,"For my next trick, I will make my liability policy disappear."
180,3692,4,17,134,155,1.1612903225806452,0.0348362270058317,648,"Watch, as I make your tax worries disappear."
609,3698,2,25,153,180,1.1611111111111112,0.029651282694317035,648,"I put the news in the TelePrompTer and, abracadabra!"
2553,3699,4,16,129,149,1.1610738255033557,0.03571852454967562,648,"For my next trick, with the help of my beautiful assistant, I will turn this document into cross-shredded pieces."
1820,3700,4,20,150,174,1.160919540229885,0.032345806144280204,648,And now my greatest feat... escape from prison!
209,3701,4,19,145,168,1.1607142857142858,0.033058128055638535,648,For my next trick I will shred all my tax forms
1003,3701,4,19,145,168,1.1607142857142858,0.033058128055638535,648,"This is a page from the scarlet diary of the A list actress here holding The Magic Box. I guarantee it will disappear in seconds or my name isn't Michael Cohen.  And don't forget to catch my act next week at the famous Club Fed."""
1813,3701,1,25,142,168,1.1607142857142858,0.029647627767729737,648,"Shred away, Mr. Trump....that hat disguises your hair so well, not to mention the girdle, no one will recognize you!"
1248,3701,4,19,145,168,1.1607142857142858,0.033058128055638535,648,"And now... sim sala bim, the paper won't jam and end up in the bin."
527,3705,2,22,138,162,1.1604938271604939,0.03146790898406791,648,There is no way we are going to finish this blunt.
1519,3705,5,16,141,162,1.1604938271604939,0.03493240621735296,648,"You, too, can make your bills disappear."
2577,3707,3,19,134,156,1.1602564102564104,0.03341197696110685,648,Abracadabra.  Watch as your pay check disappears.
967,3707,2,21,133,156,1.1602564102564104,0.032150384422441086,648,"And presto, my alimony court order magically goes away."
1289,3709,6,17,158,181,1.160220994475138,0.03340397264680857,648,Ta Tax !
2252,3710,4,20,151,175,1.16,0.032173585020488595,648,Just say abracadabra and you will see shreddar cheese.
1057,3710,3,22,150,175,1.16,0.03113612256012007,648,"Yes Lynette it is tragic, yet Wala! like magic....not a shred of evidence."
125,3710,1,26,148,175,1.16,0.028949874578229843,648,So much more reliable than the thermal fax machine from the last show.
734,3710,5,18,152,175,1.16,0.03317862290786641,648,"This magic machine fixes parking tickets while it shreds them. Just put the ticket in, wave the wand, and poof, the ticket is dismissed.  Honest."
3153,3710,3,22,150,175,1.16,0.03113612256012007,648,"And now, watch me make our divorce settlement disappear!"
4238,3710,2,20,128,150,1.16,0.0328783262962813,648,"Don't worry folks, it's safe. Until very recently, my assistant was a chair at U.S. Consumer Product Safety Commission. Sad!"
4227,3716,3,25,166,194,1.1597938144329898,0.029255670045494366,648,And as I pull the note out of the shredder it magically reattaches...
873,3717,5,17,147,169,1.1597633136094674,0.03393012733362127,648,Presto chango! Accusation  schmackusation! Totally-o innocent-o. Evidence schmidence!
2107,3717,2,23,144,169,1.1597633136094674,0.03065821923190738,648,Unshred my heart.
951,3719,2,22,139,163,1.1595092024539877,0.03128975437635584,648,Hence why they say I'm a real cut up on stage!
1441,3719,4,18,141,163,1.1595092024539877,0.03362334684427683,648,I hope this will make my husband's wish list disappear
1517,3719,4,18,141,163,1.1595092024539877,0.03362334684427683,648,And this is winter in a box.
305,3722,4,21,157,182,1.1593406593406594,0.03135144375129377,648,"Honey, if Beethoven could make it without his hearing, I can make it it without a pre-nup."
3004,3723,2,24,150,176,1.1590909090909092,0.029905399843297275,648,Tip included.
1863,3724,1,22,128,151,1.1589403973509933,0.03129679222683846,648,"Lucy and James tried their hardest to renegotiate the terms of their mortgage, but to no avail."
2103,3724,4,16,131,151,1.1589403973509933,0.035275910561480224,648,Damn PETA! Shredding the rabbit's pet license just isn't the same.
2789,3726,4,19,147,170,1.1588235294117648,0.032695243257013805,648,"Manuscripts don't burn, but they could be shredded"
1717,3726,3,21,146,170,1.1588235294117648,0.03161273932073949,648,Originally a restaurant toaster!
195,3726,4,19,147,170,1.1588235294117648,0.032695243257013805,648,"Hillary Clinton
-Circa 2014"
451,3726,3,21,146,170,1.1588235294117648,0.03161273932073949,648,"How Mike the Magician’s
Product Endorsement Contract  
became null and void."
1654,3730,4,18,142,164,1.1585365853658536,0.03343184847509574,648,"Presto, chango, and I make the national debt disappear!"
1719,3731,4,21,158,183,1.1584699453551912,0.031191809009408104,648,Magic sucks. Love Dad.
319,3732,1,23,134,158,1.1582278481012658,0.03047919035680627,648,Abracadabra! I will make my taxes disappear right before your very eyes!
51,3732,2,21,135,158,1.1582278481012658,0.03177430880270852,648,"And for my next trick, I will make my marriage disappear."
2153,3732,3,19,136,158,1.1582278481012658,0.03301866676553321,648,...unless you want me disappear for 2-5 years with good behaviour.
1764,3735,3,22,152,177,1.1581920903954803,0.03080968505641956,648,"I WILL PULL OUT ANY PAPER AND IT IS IN FAVOR
OF TRUMP"
749,3735,2,24,151,177,1.1581920903954803,0.029749543826552816,648,"For my next trick, for at least for the next 7 to 10 years, anywhere outside of the U.S., its ME who is going to disappear!"
443,3737,3,18,131,152,1.1578947368421053,0.03379306652603567,648,"And, Presto!  This is the first time I've performed my ballot shredding trick in public."
481,3737,3,21,147,171,1.1578947368421053,0.03144104737608739,648,She's too pear shaped. Keep shredding evidence and send in the next girl.
3752,3737,4,19,148,171,1.1578947368421053,0.032516748141684995,648,Banksy’s Stage Show
440,3737,5,17,149,171,1.1578947368421053,0.03355798503060304,648,"Hocus Pocus.""   ""Presto Shreado."
741,3741,1,27,156,184,1.1576086956521738,0.028016170186814147,648,Shredding our marriage certificate means we are divorced.
3604,3742,3,20,142,165,1.1575757575757575,0.032111588456412814,648,Hocus Pocus Unshreading The evidence !
492,3742,4,18,143,165,1.1575757575757575,0.033242502059884355,648,Now you see the evidence of me sexually harassing my stage assistant. I say the magic words Presto Chango...and their gone.
3873,3744,3,22,153,178,1.1573033707865168,0.03064899566047467,648,"Watch as I wave my magic wand and ""poof"" the paper disappears."
3074,3745,2,21,136,159,1.1572327044025157,0.031589516544678474,648,Alakazam! Your letter of resignation has disappeared.
1373,3745,2,21,136,159,1.1572327044025157,0.031589516544678474,648,Now watch...I'll shred this tax bill AND pull a rabbit out of my hat.
2643,3747,6,18,167,191,1.1570680628272252,0.03205463359212452,648,Barring some magic we will finally see this report.
1436,3748,3,21,148,172,1.1569767441860466,0.031271193225347244,648,Don't watch too closely as I make my lovely assistant disappear starting with her left hand.
3990,3749,3,18,132,153,1.1568627450980393,0.033587328297884106,648,"We don't cover ""disappearance"" until next semester."
2965,3749,3,18,132,153,1.1568627450980393,0.033587328297884106,648,"DJT had hired them to make it all go away. Her partner, Dan the Man, remained confident. She knew Stormy and #MeToo had changed everything."
1102,3749,3,18,132,153,1.1568627450980393,0.033587328297884106,648,"And for my next trick, I'll make your embezzlements disappear!"
1970,3752,4,21,160,185,1.1567567567567567,0.030877327338009727,648,For my next trick I will eat all the paper now.
2692,3753,3,20,143,166,1.1566265060240963,0.03193167155301923,648,Now for some more pop-up magic.
1553,3753,2,22,142,166,1.1566265060240963,0.03076706515158886,648,And now for the final magician's trick . . . the mystical shredder!
1053,3753,3,20,143,166,1.1566265060240963,0.03193167155301923,648,I might have some interesting applications for your disappearing paper trick.
2558,3753,4,18,144,166,1.1566265060240963,0.03305527186845816,648,Abracadebit!
1382,3753,3,20,143,166,1.1566265060240963,0.03193167155301923,648,"Don't worry Nancy, this is just a copy."
2952,3758,6,19,173,198,1.1565656565656566,0.03127241631391915,648,Why can’t we rehearse with your birth certificate?
3224,3759,2,19,126,147,1.1564625850340136,0.033020637887874266,648,This is how magically we can make all your debts go away.
2838,3760,6,13,141,160,1.15625,0.0360673668685446,648,"And presto chango, that bill magically becomes a receipt."
3893,3761,4,19,150,173,1.1560693641618498,0.03216549612970393,648,"When the shredder broke, the sales woman knew she was caught with her pants down."
2918,3761,2,23,148,173,1.1560693641618498,0.030003207678823616,648,"Wait- wat the---that's  a very unfair method for serving a subpoena, Miss Kay!"
817,3761,3,21,149,173,1.1560693641618498,0.03110314784944298,648,And this is how you make evidence disappear.
179,3761,3,21,149,173,1.1560693641618498,0.03110314784944298,648,"THE MORe  you see, the less you understand 
By the time I wave my wand,
There will be no SHRED, of doubt......."
2079,3761,3,21,149,173,1.1560693641618498,0.03110314784944298,648,Feel the Bern?
3538,3766,5,12,124,141,1.1560283687943262,0.038041847516096454,648,"And...Voila, we have the Instruction Manual"
2314,3767,5,19,162,186,1.1559139784946237,0.031654234221256156,648,In a few minutes it will be hot!
1468,3767,5,19,162,186,1.1559139784946237,0.031654234221256156,648,"Watch, as the document disappears."
1327,3769,1,22,131,154,1.155844155844156,0.030736468718504457,648,"Yes audience, my assistant Diane may still have a teardrop tattoo but as her probation officer I can make this positive drug test result disappear!"
2757,3770,3,25,171,199,1.1557788944723617,0.028574073884810695,648,as you can see I am a a twentieth century magician.
470,3771,4,18,145,167,1.155688622754491,0.0328701229481563,648,"Voila!  Gone!  Thank you, Rebecca.  For my next trick, let's bring out that Xerox machine, where I will wow and amaze you with more of my government program analyst abilities.  Tip generously."
1557,3771,2,22,143,167,1.155688622754491,0.030596654209920898,648,She reconsidered her talking wand ventriloquist act when her puppet made more than she did.
389,3771,1,24,142,167,1.155688622754491,0.029394053513402154,648,Presto!  My lovely assistant’s pre-nuptial agreement is reconstituted.
1023,3774,6,16,158,180,1.1555555555555554,0.03326083570724392,648,And now my assistant's pay check will be shredded into a thousand pieces then with a wave of my wand and the word abracadabra it come back together.
394,3774,5,18,157,180,1.1555555555555554,0.032314237504751424,648,There is nothing magic about making this year's list of the worst magicians disappear.
2492,3774,2,24,154,180,1.1555555555555554,0.029291469854227505,648,2019 disappearing act
1142,3774,4,20,156,180,1.1555555555555554,0.0313390602775944,648,Alakadabra Alakazam and with the shred of our divorce papers I'm still your man
731,3778,4,17,140,161,1.15527950310559,0.033620791559563615,648,Watch as I make Sheila's photo indiscretions reappear!
3476,3778,2,21,138,161,1.15527950310559,0.031226240919874332,648,"Ladies and gentlemen, I will turn your car payment into toast!"
3396,3780,2,23,149,174,1.1551724137931034,0.029843758997248466,648,"Once I shred this ballot and wave my wand and over its pieces, your vote will actually mean something for once!"
1372,3780,3,21,150,174,1.1551724137931034,0.03093688282844811,648,"And the magic words are...""I divorce you."""
379,3782,4,21,162,187,1.1550802139037433,0.030569073012633025,648,"Edward the Existentialist: ""And for my next act, my 'tax returns' to whence it came."""
1393,3783,0,22,120,142,1.1549295774647887,0.030472217725828383,648,"I, Magnifico, will not be responsible for any debts or wrongdoings other than my own."""
1839,3784,4,16,135,155,1.1548387096774193,0.034422563848069195,648,"..Then we insert the unwanted document in the device my lovely assistant is holding and abracadabra, it disappears!"
1425,3785,2,22,144,168,1.1547619047619047,0.030428101316643183,648,This isn't worth taking my pants off. [Sigh].
3145,3786,3,22,156,181,1.1546961325966851,0.030176739609896752,648,Sim-Sala-Banksy!
1563,3786,6,16,159,181,1.1546961325966851,0.0330877269708666,648,"Bibbidi-Bobbidi-Boo! And for my next trick, I'll restore our marriage certificate."
2190,3788,4,22,168,194,1.1546391752577319,0.029849624340021877,648,Now observe carefully as I make my English degree disappear!
496,3788,0,30,164,194,1.1546391752577319,0.02602568487532544,648,"Adult Harry Potter had some trouble with his tax returns. ""Unshred-ulmous!"""
3374,3790,3,17,129,149,1.1543624161073827,0.03397168106978986,648,And now for the disappearing act.
535,3790,4,15,130,149,1.1543624161073827,0.03528129584177321,648,Banksy’s Toulouse Lautrec impersonation fooled no-one.
3620,3792,5,15,142,162,1.154320987654321,0.03455434242833936,648,"For this trick, life disappears into meaningless emails and forms. *Feel* the metal machine tooth music consume fruits of accumulated effort, your energy disappate, telomeres shorten, death draw near...Poof!"
1829,3792,3,19,140,162,1.154320987654321,0.03225895392680739,648,The magic happens when we intrroduce fiber to her digestive system.
1336,3792,5,15,142,162,1.154320987654321,0.03455434242833936,648,Abrashredabra…
513,3795,2,23,150,175,1.1542857142857144,0.02968597868554134,648,And now...I shall disappear into thin air!
3950,3796,4,21,163,188,1.1542553191489362,0.03041722414816954,648,And now I shred the instructions on
3354,3797,2,22,145,169,1.1538461538461537,0.03026137663344012,648,This is the best way to make something disappear.
2207,3797,5,18,159,182,1.1538461538461537,0.031980879105904636,648,"And now, the magic words: Enrondium Andersonviosa."
1018,3799,3,21,152,176,1.1534090909090908,0.030609583077054827,648,You will find the shredded paper behind your bra straps.
1040,3799,4,19,153,176,1.1534090909090908,0.03165251397734761,648,"Ladies and Gentlemen, watch as I make Trump's tac returns disappear!"
1088,3799,4,19,153,176,1.1534090909090908,0.03165251397734761,648,And now this paper will be worth as much as the shredded Banksy
2766,3799,1,25,150,176,1.1534090909090908,0.0284090909090909,648,"I know it's a lot of trouble, Honey, but this is the only way I can assure that the machine doesn't jam on me."
3380,3803,4,17,142,163,1.1533742331288344,0.03323414244921311,648,"Give bad accounts the Razzle Dazzle,
Shred and bury them!"
133,3803,2,21,140,163,1.1533742331288344,0.030871143488000692,648,What is this witchcraft?!
428,3803,2,21,140,163,1.1533742331288344,0.030871143488000692,648,Alakaz-Enron!
2881,3803,2,21,140,163,1.1533742331288344,0.030871143488000692,648,Now I will make my alimony disappear.
2114,3803,3,19,141,163,1.1533742331288344,0.03207441133202071,648,"For my next trick, I present you... Non GAP Accounting"""
491,3803,4,17,142,163,1.1533742331288344,0.03323414244921311,648,Thank you Esmerelda. For my next act I will shred the fax... with my mind.
3542,3803,5,15,143,163,1.1533742331288344,0.034354746198648,648,I am shredding this 401K and will make it re-appear as a pigeon.
1866,3803,3,19,141,163,1.1533742331288344,0.03207441133202071,648,Abracadabra! Get ready for a delicious shredded cheese pizza.
2454,3811,1,21,128,150,1.1533333333333333,0.030996379476340655,648,"For my last trick, I will shred the Constitution...and my assistant will restore it--while I disappear."
1937,3811,3,17,130,150,1.1533333333333333,0.03376013118853751,648,"With a wave of my magic wand, I shall bring back your recipe for crab canapés!"
1052,3813,2,22,146,170,1.1529411764705881,0.030096450947178086,648,Jefferson's recipe for chicken noodle soup . . .
3470,3814,3,19,142,164,1.1524390243902438,0.03189195083622516,648,Hey Presto! Your contract is terminated.
1256,3815,4,15,132,151,1.1523178807947019,0.03484224221977723,648,Trump said we would be able to file our taxes on a postcard...disappear.
1048,3815,2,19,130,151,1.1523178807947019,0.0322084057568909,648,And presto-change....the front page of the Times from a box of shredded wheat!
826,3817,5,18,161,184,1.1521739130434783,0.031654283398672066,648,Giggle it a little.
3774,3818,4,18,149,171,1.152046783625731,0.0321496669954207,648,"On the internet of things! The paper, the shredder and the wand, all, in communicado!"
2262,3818,2,22,147,171,1.152046783625731,0.029933295653964274,648,"And now, I will make every shred of evidence disappear forever!!"
739,3818,4,18,149,171,1.152046783625731,0.0321496669954207,648,For my final trick I will  shred the only known combination to the family safe. I will say the magic words and it will reappear.
4155,3818,4,18,149,171,1.152046783625731,0.0321496669954207,648,Why did he insist we do it like this?
3443,3822,4,14,127,145,1.1517241379310346,0.03573400357864326,648,"And...Hey Presto!  I, the Great Shredini, will make the key evidence of a flagrant ‘insider trading’ scam...disappear!”"
2283,3823,7,13,158,178,1.151685393258427,0.03422496364194144,648,I prefer the bigger one we used for the rabbit
1523,3823,5,17,156,178,1.151685393258427,0.03231699540728669,648,"For my next trick, watch me pull a 'Hail Mary' out of my a$$."
2028,3825,5,13,134,152,1.1513157894736843,0.03586294690006142,648,"I""m sorry, they ran out of Alexa's. This was all they had left."
390,3825,3,17,132,152,1.1513157894736843,0.03334477783514643,648,"For my next trick, I will make my tax returns *disappear* -The Don"
1244,3825,2,19,131,152,1.1513157894736843,0.03201149532800048,648,What happens when the President who eats paper is unavailable.
2591,3828,1,22,136,159,1.150943396226415,0.02984539314303554,648,I hope it doesn't come out too brown .
463,3828,4,16,139,159,1.150943396226415,0.03360925437379378,648,Abracadabra papershreddah!
340,3828,3,18,138,159,1.150943396226415,0.032403248041860996,648,"Ya'll seen that one episode of ""West Wing?"" Dope, dope. You're gonna love this shit then."
1529,3828,4,16,139,159,1.150943396226415,0.03360925437379378,648,"Watch your thumb, young lady."
3521,3828,2,20,137,159,1.150943396226415,0.03115058567286273,648,Abd just like that... Abracadabra... I no longer need to pay alimony.
2408,3833,4,19,156,179,1.1508379888268156,0.031155520313030306,648,Please don't burn the toast this time.
1915,3834,3,16,127,146,1.1506849315068493,0.034147234283379825,648,"Eventually, it will disappear in time."
961,3835,1,23,142,166,1.1506024096385543,0.02912559185203818,648,"As Trump's financial advisor, I say, ""IRS ...Vanish!"""
3417,3835,2,21,143,166,1.1506024096385543,0.030353244486533836,648,And for my next trick I'll make voided checks disappear.
4116,3835,3,19,144,166,1.1506024096385543,0.03153313814048771,648,Just plug it in. I skimped on my wand's extended warranty.
2999,3835,2,21,143,166,1.1506024096385543,0.030353244486533836,648,I can make your first draft disappear!
2934,3839,5,13,135,153,1.1503267973856208,0.0356415015796549,648,"These darn boobie eyes are making my stick wiggle. Check, please!"
2223,3840,7,12,154,173,1.1502890173410405,0.034827405349329134,648,"Magician: I will magically make this paper disappear!
Assistant: Sir, that was your paycheck."
2672,3840,2,22,149,173,1.1502890173410405,0.029612184784950174,648,Abracadabra ! I can make your bills disappear.
1920,3842,2,20,138,160,1.15,0.03096965445166197,648,"For my next trick, I will make our marriage disappear."
979,3842,3,18,139,160,1.15,0.032213907696158256,648,And...Presto! I pull a description of  rabbit from this paper shredder!
3878,3844,4,20,163,187,1.1497326203208555,0.030240390937676095,648,"Let’s try it again, this time with a paper. I’m not sensing the Mickey Mantle rookie card under my hat."
3986,3845,4,17,146,167,1.1497005988023952,0.03248674624443632,648,You say its magic but I say it's shredding...
2937,3845,4,17,146,167,1.1497005988023952,0.03248674624443632,648,Oh Banksy!
752,3845,2,21,144,167,1.1497005988023952,0.03018441564392056,648,Shredding a taxation from the government in front of an audience. Astounding!
231,3845,2,21,144,167,1.1497005988023952,0.03018441564392056,648,For my next trick I will make my debt disappear
1021,3849,3,20,151,174,1.1494252873563218,0.03056123668504938,648,"Every time I do this trick with my assistant's contract, it comes out smaller"
468,3849,3,20,151,174,1.1494252873563218,0.03056123668504938,648,"And for my next trick, I will make my divorce papers magically disappear."
1832,3849,3,20,151,174,1.1494252873563218,0.03056123668504938,648,And for my next trick -- I'm going to make your contract disappear!
2265,3849,0,26,148,174,1.1494252873563218,0.02710473913458257,648,"Abracadabrai, make pre-nup go bye-bye!"
3164,3853,3,17,134,154,1.1493506493506493,0.03293944452411188,648,Oster!
2748,3854,1,25,155,181,1.149171270718232,0.027685628689452877,648,And now I will make these final notices disappear!
1365,3854,2,23,156,181,1.149171270718232,0.028772928077192457,648,Not impressed you say...then next...the disappearing rabbit!
1930,3856,2,20,139,161,1.1490683229813665,0.030790793932783694,648,"And, abracadabra, my marriage disappears."""
3765,3857,3,22,163,188,1.148936170212766,0.029128984869544752,648,Manic Spell: Abra-shred-abra
3953,3858,2,21,145,168,1.1488095238095237,0.030017437371685413,648,"And for my next trick, I am going to pull a rabbit out of a pregnant rabbit."
1572,3859,2,18,128,148,1.1486486486486487,0.03232269846814508,648,"Viola! Ladies and gentlemen, I present to you the disappearing act of important documents and incriminating files with the swish of my wand and the press of a button!"
2657,3860,2,22,151,175,1.1485714285714286,0.029297826803484767,648,"And now, get ready for the piece of paper to do an En-Ron around your very eyes..."
2050,3860,1,24,150,175,1.1485714285714286,0.028154594836637247,648,A member from the audience will pay me $1.4 million for this
170,3862,3,17,135,155,1.1483870967741936,0.032740423771392364,648,"And presto change-o our eviction notice disappears, right honey?"
2227,3863,3,21,158,182,1.1483516483516483,0.029667631202379263,648,Christopher Columbus! I forgot to sign it!
3951,3864,4,16,142,162,1.1481481481481481,0.03302389407853943,648,"Their marriage in shreds, the magic man turned to his ex and pronounced, “And for my final act I resolve to conjure up a smile for the both of us.”"
3066,3865,2,21,146,169,1.1479289940828403,0.029852279749201825,648,Might as well combine recycling with magic; that's the only way we'll get anywhere with environmental changes.
2798,3865,3,19,147,169,1.1479289940828403,0.03100969178110758,648,And now I will make that transcription disappear!
1660,3865,4,17,148,169,1.1479289940828403,0.03212543170906777,648,"Magic magic magic. I put the paper in the box and it shreds itself as my wand moves three times.
1, 2, 3...Oh! Did someone remove the plug from the outlet?"
1169,3865,3,19,147,169,1.1479289940828403,0.03100969178110758,648,"And for my next trick, I'll my marriage disappear"
1620,3869,3,20,153,176,1.1477272727272727,0.03023666976284107,648,"And now, presto, my electric bill disappears."""
2219,3870,2,23,158,183,1.1475409836065573,0.028480817263191585,648,My assistant Banksine will hold the shredder.
1977,3870,3,21,159,183,1.1475409836065573,0.029516202200764598,648,His stuff just does not play in public
2418,3872,1,26,163,190,1.1473684210526316,0.02684240557653571,648,"About as much chance as “the President” putting a sock in it, huh?"
3099,3872,4,20,166,190,1.1473684210526316,0.029792601678032903,648,"Next, my dear, I will shred a Bass!"
512,3874,2,20,141,163,1.147239263803681,0.030439145960144652,648,... And now your debt has dissapeared
166,3875,3,19,148,170,1.1470588235294117,0.030839021197083684,648,"ABRACADABRA!!""
""Now you see it,
Now you don't"
1804,3875,6,13,151,170,1.1470588235294117,0.034057101479970514,648,"No ma’am, I don’t work for the Miss Universe organization.  I’m just the interpreter."
1676,3875,3,19,148,170,1.1470588235294117,0.030839021197083684,648,Watch how I make your contract disappear.
1247,3875,4,17,149,170,1.1470588235294117,0.03194775223186217,648,"Don't worry, Ladies and Gentlemen. Mrs. Clinton is here to help me demonstrate her ridiculously innovative voting system."
1,3875,3,19,148,170,1.1470588235294117,0.030839021197083684,648,How do I tell him that I want to shred his act!
2376,3880,2,17,124,143,1.1468531468531469,0.03285256524000237,648,"I put this sheet into the shredder, watch it carefully
Now you see it now you don’t"
1376,3880,1,19,123,143,1.1468531468531469,0.03131769446509556,648,I will now magically turn back time on our marriage by turning our decree nisi into confetti
3531,3882,6,10,134,150,1.1466666666666667,0.03710637308053225,648,"Just to clarify, this room has no Wifi connection, and the phone that sent this message does not have Android on it."
3271,3883,3,22,166,191,1.1465968586387434,0.0287017175573941,648,So the tax returns are gone forever?
4035,3884,2,19,136,157,1.1464968152866242,0.031061684432245454,648,"I know you wanted to find your birth mother, darling, but life, like magic, should be indescribable."
1298,3885,5,14,145,164,1.146341463414634,0.03377126680620192,648,It's a living!
134,3885,0,24,140,164,1.146341463414634,0.027684200661378937,648,Pay no attention to the sound of a shredder. Within the next second my taxes will have disappeared.
786,3887,1,24,153,178,1.146067415730337,0.027716042066715473,648,Presto Chango!
272,3887,1,24,153,178,1.146067415730337,0.027716042066715473,648,"And now, behold!  I will make this document reappear in a nondescript office building in Blawnox, Pennsyvlania!"
2623,3889,3,21,161,185,1.145945945945946,0.029217899446148155,648,Watch closely while I turn my divorce settlement into toasted buns..
3674,3890,1,20,130,151,1.1456953642384107,0.030299973398275483,648,It’s sluggish today. Sometimes a few magic words will speed it up.
73,3890,2,18,131,151,1.1456953642384107,0.03172362855486039,648,"First, say the magic word."""
3435,3892,3,17,138,158,1.1455696202531647,0.032157434129430305,648,"And for my next trick, I will recreate it by writing it again."
2802,3892,3,17,138,158,1.1455696202531647,0.032157434129430305,648,"But Donald, Putin will still recognize you."""
2694,3892,4,15,139,158,1.1455696202531647,0.0333875160033222,648,It will as a $1.4mil Banksy!
505,3895,3,18,144,165,1.1454545454545455,0.03129922045947296,648,NC-09
2889,3895,2,20,143,165,1.1454545454545455,0.03009537126142989,648,"I will now try to guess your weight, including the name of your chiropractor!"
3375,3895,0,24,141,165,1.1454545454545455,0.027530196355066525,648,Watch me claim a new identity from my neighbor's shredder!
1241,3898,2,21,149,172,1.1453488372093024,0.029367440964431727,648,"And now… the part of the evening when I go a little Banksy on my bank statements. Abracadabra, suckers."
2449,3899,3,20,156,179,1.1452513966480447,0.029762447258442782,648,Abracadabra!  We’ll do it right next time...
1555,3899,3,20,156,179,1.1452513966480447,0.029762447258442782,648,Abra...wait for it...cadabra. An just by magic you got the receipt.
1455,3899,4,18,157,179,1.1452513966480447,0.03079892799188738,648,And now I will make your IRS bill vanish.
1307,3902,3,16,133,152,1.144736842105263,0.03288166348787278,648,"For my final act, I will make your love letter reappear!... uh oh."
909,3902,2,18,132,152,1.144736842105263,0.03152880299010779,648,This is one dumb cartoon.  The artist should be fired!
224,3904,4,15,140,159,1.1446540880503144,0.03318949699176154,648,"Na-na-na-na-na-na-na-na-na, na-na-na-na-na-na-na-na…"
2367,3904,4,15,140,159,1.1446540880503144,0.03318949699176154,648,Umm: Line?
1641,3906,2,20,144,166,1.144578313253012,0.02992635507497198,648,"'And for my next trick, I shall wave this wand, shred this letter from the bank, and all your debt shall disappear...'"
2986,3906,5,14,147,166,1.144578313253012,0.033386296267430636,648,Just a tap of the wand and my divorce papers are no more.
3093,3908,2,21,150,173,1.1445086705202312,0.029209279143269505,648,Sorry! Looks like you’re toast
3261,3909,2,18,133,153,1.1437908496732025,0.03133633674316681,648,Presto! No more alimony.
3805,3910,0,23,137,160,1.14375,0.027823108975845254,648,"And now, my turn to give a toast."
968,3911,2,20,145,167,1.1437125748502994,0.029759211036206396,648,Maestro conducts the player-toaster.
3695,3911,3,18,146,167,1.1437125748502994,0.030947625246376967,648,"...and presto, it makes extremely low-cost fiber right in your home! You put it on your cereal and in your recipes to lower your cholesterol and keep your bowels moving!"
3707,3913,1,23,150,174,1.1436781609195403,0.027885915382016062,648,There goes my cut-the-lady-in-half-trick that the world will never see.
1621,3914,2,18,134,154,1.1428571428571428,0.031146187627034697,648,Just say the magic word and the divorce papers will disappear.
2596,3914,2,21,152,175,1.1428571428571428,0.028897969786003234,648,"Abra, Kadabra...poof,  now it' s  confetti!"
412,3914,1,22,145,168,1.1428571428571428,0.02836394581392585,648,"Next, I shall insert TWO sheets simultaneously and still:
no Combustion!"
2645,3914,3,18,147,168,1.1428571428571428,0.030774752980239267,648,"You witnessed its destruction but with a flick of the wrist and a couple magic words, we can reach back in and, hey presto: I want a divorce, Mar"
3764,3914,5,15,155,175,1.1428571428571428,0.032126888936343106,648,"Bagel, waffle, toast - poem become a ghost!"
3791,3914,4,16,148,168,1.1428571428571428,0.03191193225776932,648,"Ladies and gentlemen, for my next act; please feast your eyes on Mueller’s disappearing surprise!"
32,3914,3,15,129,147,1.1428571428571428,0.03344032777032302,648,"Be amazed, as I attempt to make confetti out of my ex-wife's request for alimony."
898,3914,3,17,141,161,1.1428571428571428,0.031594704890335105,648,Shredding is the new Vaudeville
1891,3914,2,21,152,175,1.1428571428571428,0.028897969786003234,648,Ironicly it was the receipt for the floor
3550,3914,3,17,141,161,1.1428571428571428,0.031594704890335105,648,"Ready,Ill make your taxes disappear. One,Two,Three."
2174,3914,2,20,146,168,1.1428571428571428,0.02959390852126555,648,Abra-Kondobra!
2864,3925,2,21,153,176,1.1420454545454546,0.028744770069969987,648,"Just say the magic words, ""Abracadabra...""
Was this your contract?"
74,3925,2,21,153,176,1.1420454545454546,0.028744770069969987,648,"Remember Walter the Great, Tax Preparation."
601,3927,4,16,149,169,1.1420118343195267,0.03173380270566602,648,"Good-bye Ernie, we knew thee well!"
2431,3928,4,14,137,155,1.1419354838709677,0.033555798221079784,648,"Once we disappear this last bit of evidence, Mrs. C, you will be absolves of all wrongdoing.""
""Thank you o Great Comey"""
3706,3929,3,15,130,148,1.1418918918918919,0.033227634127526065,648,Abracadabra I have I unshredded your message!
3440,3930,2,16,123,141,1.1418439716312057,0.03274283494896606,648,This is my secret meeting note filing system. I use this wonderful long stick to divert everyone from reading the notes as it is filed.
63,3931,5,17,169,191,1.1413612565445026,0.03023889727826782,648,Hum
902,3932,2,22,160,184,1.141304347826087,0.02796138628902188,648,It’s as close as I can get to making hum disappear.
373,3933,2,21,154,177,1.1412429378531073,0.028593173098127384,648,"This is my application rejection from Penn and Teller's show. Abracadabra, it never happened."
837,3933,1,23,153,177,1.1412429378531073,0.02744755385151288,648,Watch!  My Magic Wand will make this list of my worst tricks disappear!
4068,3935,3,18,149,170,1.1411764705882352,0.030434699947149757,648,"Behold, as misguidedly attempt to make my show relevant to millennials with this fax machine trick."""
3522,3935,5,14,151,170,1.1411764705882352,0.032641970673070474,648,Personally I blame global warming
2883,3937,2,19,142,163,1.1411042944785277,0.02999318336741649,648,"And for my next trick, I'll make all my old report cards disappear"
1913,3937,3,17,143,163,1.1411042944785277,0.03123029635706968,648,"Ladies and gentlemen,thin toast melba  at the wave of the wand"
1290,3937,3,17,143,163,1.1411042944785277,0.03123029635706968,648,"Ladies and Gentlemen,my lovely assistant Amber will be retiring after this show.We performed this trick together for the first time when she was just 6 years old"""
1364,3940,1,20,135,156,1.141025641025641,0.029398038383040368,648,"Voila, and with a wave of my magical wand, 'Girl with a Balloon""' has been restored!"""
4210,3940,1,20,135,156,1.141025641025641,0.029398038383040368,648,Cynics might be thinking ballot? political statement? metaphor? But it’s actually just a trick I learned on my international tour.
3415,3942,1,19,129,149,1.1409395973154361,0.03014586677956899,648,dedderhs
4001,3943,5,15,158,178,1.1404494382022472,0.031614125498378526,648,"I know you're thinking but this trick was not
inspired by Banksy"
309,3944,3,18,150,171,1.1403508771929824,0.03026745755489844,648,"And before my spouse can see them, the credit card charges for pearl jewellery are magically...GONE!"
2049,3944,4,16,151,171,1.1403508771929824,0.031383410210523356,648,"Remember, this is only the first part of the trick. If I can avoid signing and read the legalese, that will be the real achievement."
3044,3944,3,18,150,171,1.1403508771929824,0.03026745755489844,648,Curse that pRESIDENT tRUMP! Now he'll never know my magic formula to make government work!
3623,3947,1,21,142,164,1.1402439024390243,0.028540217261665182,648,"As you can see, my assistant is using an everyday shredder.  And in 3, 2, 1 the pre-up is magically annuled"
3371,3947,2,19,143,164,1.1402439024390243,0.029822151170401632,648,"So sorry, my dear,
I see that tear,
But just as you fear,
Your end is near."
2890,3949,3,16,138,157,1.1401273885350318,0.03189609171731463,648,"Because I borrowed this wand from Harry Potter, I’m sure it will be fine."
691,3949,1,20,136,157,1.1401273885350318,0.029223997539404717,648,"The pledge, the turn, and the prestige, leaving not a shred of evidence."
2600,3951,3,19,157,179,1.1396648044692737,0.02938299018124845,648,"Abracadabra, this will be shredded"
1258,3952,4,16,152,172,1.1395348837209303,0.03121108363754431,648,"You will see, I don't need the directions to put her back together again."
2529,3953,2,19,144,165,1.1393939393939394,0.02965304382194367,648,"Abracadabra ladies and gentlemen, the bills disappear."
4104,3954,1,20,137,158,1.139240506329114,0.029051986740928366,648,"Voila, tax documents disappear... functional magic!"
3647,3954,2,18,138,158,1.139240506329114,0.030407952720933468,648,Before your very eyes the shredini will turn this document into confetti.
3341,3956,3,15,133,151,1.1390728476821192,0.032605387086334224,648,"... And now, for my next trick, I will make this magic wand disappear, using only this jammed shredder!"
2061,3956,3,15,133,151,1.1390728476821192,0.032605387086334224,648,"And now, I will make Robert Mueller disappear."
3275,3956,1,19,131,151,1.1390728476821192,0.029774331655783425,648,Um.. I don't this Banksy did it this way!
3049,3959,3,20,164,187,1.13903743315508,0.028567180473107256,648,"And, with the twist of my wand, I'll reduce the wage gap from 30% to 29.95%."
3916,3960,4,16,153,173,1.138728323699422,0.031040628896080887,648,"And for my penultimate trick, I shall make this object disappear."
745,3961,4,15,147,166,1.1385542168674698,0.03186617061932125,648,"Never hire the Great Accounto to do your taxes...
""I will now make your IRS audit DISAPPEAR!"""
3698,3962,2,20,152,174,1.1379310344827587,0.028639131033213597,648,"Her visa vanishes - voilà! - and my lovely assistant, and her request for paid sick leave, disappear back to Croatia."
586,3963,5,13,149,167,1.1377245508982037,0.03280434316850693,648,"If we can get this trick to work, it will be money in the bank, see?"
3083,3963,6,11,150,167,1.1377245508982037,0.0338861298706401,648,Trump is raising money for re-election. Please destroy his letter.
484,3963,1,21,145,167,1.1377245508982037,0.028063240424909677,648,For this trick the magic word isn't 'abracadabra'; it's 'arbadacarba'.
3121,3966,2,22,165,189,1.1375661375661377,0.027269899675760233,648,This shredder will do. I couldn't find a wood chipper.
402,3967,3,16,141,160,1.1375,0.031332438432289424,648,"My bank statement will now magically appear online as soon as I login.  Sadly, the balance will remain as is."
1671,3967,3,16,141,160,1.1375,0.031332438432289424,648,"If I just swish my wand like so and put the paper in the slot it disappears, fascinating"
2073,3967,2,18,140,160,1.1375,0.030051711197732974,648,"And for my next trick, watch as our divorce notice disappears."
2391,3970,2,21,159,182,1.1373626373626373,0.027858379537997066,648,Now for the magic word. ra-ca-Ab-dab-ra!
3168,3971,1,19,133,153,1.1372549019607843,0.029411764705882356,648,. . . and voila!  [Not a rabbit!]
3697,3971,1,19,133,153,1.1372549019607843,0.029411764705882356,648,Hocus Pocus ... a cure for thrombosis
196,3973,2,20,153,175,1.1371428571428572,0.028485914722116815,648,"My fulltime job is a lawyer, watch me make this parking ticket go away with one swipe of my magic wand."
2029,3974,1,21,146,168,1.1369047619047619,0.027907740430069244,648,"Hocus pocus, Your transcript of my speech is hush-hush"
2935,3974,3,17,148,168,1.1369047619047619,0.03035480151098909,648,'This next trick was inspired by the 2016 Clinton campaign'
2775,3974,3,17,148,168,1.1369047619047619,0.03035480151098909,648,CROSS CUT!
2671,3974,2,19,147,168,1.1369047619047619,0.029156954150628175,648,"And now, with the help of my lovely assistant and a few magic words, I will turn this sheet of paper into wonderful ribbons."
1842,3978,2,15,122,139,1.1366906474820144,0.032613602211417125,648,"For my next trick, the CFO will throw-up lunch."
2490,3979,3,18,155,176,1.1363636363636365,0.02945791226549027,648,"And here, as I think out of the box.."
2633,3979,2,17,135,154,1.1363636363636365,0.03065117053233491,648,"ok i may be blasted off mids, but this is not a rabbit"
1461,3979,4,16,156,176,1.1363636363636365,0.03054019744494765,648,I used to be a snowboarder.
1218,3982,3,20,168,191,1.1361256544502618,0.02800461176458684,648,Bippity Boppity destroy the evidence!
1135,3983,5,14,158,177,1.1355932203389831,0.031415911761537234,648,Abracadeborah
3683,3984,4,13,138,155,1.135483870967742,0.03310166305128308,648,"NOW  YOU SEE IT , AND NOW YOU WON""T."
308,3985,1,23,161,185,1.135135135135135,0.0263426874184026,648,And Abracadabra your phone bill is toast
3426,3985,1,18,129,148,1.135135135135135,0.02978233324428863,648,Good news Mr. Smith. After shredding your free parking pass I have reversed the process and your pass is as good as new. The bad news is that ten minutes ago your car was stolen from our parking facility.
1346,3985,3,14,131,148,1.135135135135135,0.032723763539488075,648,And now this man will perform my job for your applause.
2882,3988,3,16,144,163,1.1349693251533743,0.030788247554563643,648,"C’mon, you said you wanted to try a little role-playing to spice up our daily life..."
3726,3989,0,21,135,156,1.1346153846153846,0.027414863267970668,648,"Now you see the translation, now you don't."
2878,3989,1,19,136,156,1.1346153846153846,0.028884039086324472,648,Abracadabra!  I’m going to shred this...
3136,3989,4,13,139,156,1.1346153846153846,0.03290025336918694,648,Farewell typos on the Chinese Water Torture Cell Escape notes I gave to my late partner.
973,3992,4,15,152,171,1.1345029239766082,0.03098344084766657,648,"For those who can’t wait til after breakfast, a toaster/fax for taxting."
4154,3992,1,21,149,171,1.1345029239766082,0.027451325249387214,648,"Your not the only one who can  shred, ""Barracuda."""
3912,3994,3,14,132,149,1.1342281879194631,0.03251604986887861,648,Behold as I unshred the bottom of this paper!”
280,3995,1,20,143,164,1.1341463414634145,0.02806065106077716,648,I need to stop writing down my secrets.
2044,3995,2,18,144,164,1.1341463414634145,0.029363529029085223,648,"It´s weird, isn´t? But I have received instructions to always entertain the President at the same time that we fulfill his wishes."
1064,3997,3,18,158,179,1.1340782122905029,0.028992521154205097,648,Instant charcoal. Clean energy!
1360,3997,2,20,157,179,1.1340782122905029,0.027888986791189712,648,"Ah, but will you be able to read its contents afterward?!"
2528,3999,1,19,137,157,1.1337579617834395,0.028712279931863094,648,I call this little trick The Iranian Hostage Crisis.
1485,3999,0,21,136,157,1.1337579617834395,0.02725317782493559,648,I can change anyones ballot vote but fortunately nobody would  ever believe you that it is possible
3378,4001,3,16,146,165,1.1333333333333333,0.030435777238188504,648,"These generously buttered noodles, sprinkled with just a quarter cup of parsley for color and freshness, are the perfect blank canvas for practically any stew or braise."
3886,4001,3,16,146,165,1.1333333333333333,0.030435777238188504,648,"Remember last time, you became Cinderella and I became the ugly step-mother"
4139,4001,4,12,134,150,1.1333333333333333,0.03366723148351161,648,"Honey, what do you think about getting the kids a pet rabbit?"
450,4001,1,22,157,180,1.1333333333333333,0.026601409912089008,648,"Abracadabra, attend as before your very eyes another 1099 doth liquify!"
2842,4005,3,17,153,173,1.1329479768786128,0.029526780635448693,648,"- Do not worry , I'll cut you only by four pieces. I've promised it at this paper agreement."
1126,4005,3,17,153,173,1.1329479768786128,0.029526780635448693,648,I'm only up to Chapter 1 in the book. Do you think anyone can tell?
1476,4007,3,15,140,158,1.1329113924050633,0.03123984040898852,648,"During the tattered Trump era, desperate Republicans were willing to try anything to win a vote."
1220,4007,3,15,140,158,1.1329113924050633,0.03123984040898852,648,Abracadabra and my assistant will piece it back together.
1855,4007,3,15,140,158,1.1329113924050633,0.03123984040898852,648,Abra-ca-d b a a r d b r a a b b a d d b b r r . . .
1544,4010,3,16,147,166,1.1325301204819278,0.0302625346892747,648,"And now, Doreen's hand will pass through the machine and emerge intact, holding the shredded NDA."
4167,4010,2,18,146,166,1.1325301204819278,0.029031046410554526,648,"Say the magic words: ""contract you lack, I lied - your fired!"""
3134,4012,1,18,132,151,1.1324503311258278,0.029229240385051532,648,"Sir, they're still no clapping..."
175,4013,3,19,167,189,1.1322751322751323,0.027917474642958205,648,"I’m just going to check and see if it works, first."
3919,4014,2,19,153,174,1.132183908045977,0.02821263483675971,648,A. Shred - B. Mix - C. Print ( What you should have said.)
1643,4015,4,13,142,159,1.1320754716981132,0.032310401868089825,648,"Be prepared, you are next..."
1136,4015,3,15,141,159,1.1320754716981132,0.031053994476998522,648,He can make your mortgage disappear.
1358,4015,1,19,139,159,1.1320754716981132,0.02837477015197548,648,"Another parking ticket Jaz, fetch the shredder."
872,4018,2,16,134,152,1.131578947368421,0.03051237046403628,648,"For my next trick, I'll print the directions as it's new to my repertoire."
2679,4019,2,19,154,175,1.1314285714285715,0.02806112426143788,648,"Kazaam"", to shred and then to unshred later - redacting is so commo"
2721,4019,2,19,154,175,1.1314285714285715,0.02806112426143788,648,OY VEy! The extraordinary winner is P.C. VEy
2045,4021,2,17,141,160,1.13125,0.02956959996581565,648,I will now insert your Social Security card and out will come a blank piece of paper
508,4022,3,14,136,153,1.130718954248366,0.031710781364658415,648,This will draw out those pesky ninja turtles.
2295,4023,3,17,156,176,1.1306818181818181,0.02905118533794364,648,Abrakadabra!  This speech is toast.
2792,4024,2,17,142,161,1.1304347826086956,0.029396669729687543,648,"And I’ll just put this authenticated, singed Lincoln letter in the shredder, like so..."
3389,4024,2,20,162,184,1.1304347826086956,0.027176882707772524,648,I am shredding  your resignation; I want you to stay.
1601,4026,1,23,168,192,1.1302083333333333,0.025445845373200614,648,Yonic to phallic to chance
2457,4027,1,20,148,169,1.1301775147928994,0.02728439822825132,648,Voila!
847,4027,2,18,149,169,1.1301775147928994,0.028546116457628515,648,"Take care of yourself, debts makes me aphasic!"
1471,4027,2,18,149,169,1.1301775147928994,0.028546116457628515,648,"This is what happens when you fuck a stranger in the ass, Larry.”"
297,4027,1,20,148,169,1.1301775147928994,0.02728439822825132,648,And presto!  Said 'unfair' contract disappears.
2595,4031,3,17,157,177,1.1299435028248588,0.028896021862015175,648,I will now shred this subpoena from my wife's divorce lawyer...
164,4032,2,16,136,154,1.12987012987013,0.030138883881871126,648,Once this finally works we can stop shredding our tax returns.
887,4032,3,14,137,154,1.12987012987013,0.03151562722632258,648,"They know it’s all fake, so why bother to spend the time to actually perform?"
1963,4032,2,16,136,154,1.12987012987013,0.030138883881871126,648,And for my next trick - GDPR Compliance
2731,4032,4,12,138,154,1.12987012987013,0.0328346950235896,648,I really didn't anticipate my job getting taken by AI.
487,4036,0,21,141,162,1.1296296296296295,0.026472274110746527,648,"Ok, let us make a copy of my magic secrets"
1233,4036,1,19,142,162,1.1296296296296295,0.027883015129214896,648,I know it's a shredder and this is my ballot! I'm voting for Mickey Mouse anyway.
2025,4036,1,19,142,162,1.1296296296296295,0.027883015129214896,648,"Be amazed, as I make our divorce papers... disappear!"
4194,4039,5,8,126,139,1.129496402877698,0.03658121107996308,648,Ta da! We are not having twins.
1755,4040,3,16,151,170,1.1294117647058823,0.02958874701225668,648,Now close your eyes and make a wish.
3616,4040,3,16,151,170,1.1294117647058823,0.02958874701225668,648,And when I take it out Presto!  It will be a different color.
1916,4040,3,16,151,170,1.1294117647058823,0.02958874701225668,648,And now I'll produce my termination notice.
671,4043,3,17,158,178,1.1292134831460674,0.028742498317578025,648,". . . and with a wave of my wand, the Girl with Balloon is shredded."
780,4044,1,19,143,163,1.1288343558282208,0.027722834911605668,648,And now I will make this Toast-It note disappear.
2042,4044,4,13,146,163,1.1288343558282208,0.031555929104574526,648,"I wave my magic wand, and TaDa, my wife's alimony check vanishes."
2041,4046,2,18,151,171,1.128654970760234,0.028231676214995095,648,"First the paper, then my assistant."
2488,4047,3,14,139,156,1.1282051282051282,0.03113240317642026,648,The trail's end.
2742,4048,2,17,145,164,1.1280487804878048,0.028889734755945664,648,Abracadabra!  Now the most competent candidate will disappear!
1359,4048,2,17,145,164,1.1280487804878048,0.028889734755945664,648,Roll up! Roll up! Here for one night only - Banksy and Theresa May.
4146,4050,3,16,153,172,1.127906976744186,0.029262924167716076,648,"Abracadabra … this self-restoring note confirms everything I promised.
Now, where is the rabbit ?"
4127,4050,2,18,152,172,1.127906976744186,0.02807702396695828,648,And now my debt will disappear.
3480,4052,3,17,160,180,1.1277777777777778,0.028440268742226712,648,"Now, I will create my next paper puzzle!"
2146,4053,3,18,167,188,1.127659574468085,0.02768013449433085,648,Abracadabra. My will is toast.
3101,4054,2,15,132,149,1.1275167785234899,0.03054702702639284,648,"I'm happy you're taking my thumbs, rather than cutting me in two."
3537,4055,2,16,139,157,1.127388535031847,0.029595391531047587,648,NOW AS I PUT THIS INTO THE SHREDDER-WAMO!
1306,4056,3,15,147,165,1.1272727272727272,0.029983533746176128,648,"The Great Miragini traded all his fancy flash for bigger cash, making evidence disappear at big corporate gigs."
3770,4056,1,19,145,165,1.1272727272727272,0.02740789367852445,648,Instead of abracadabra I've been saying arbadacarba ....still cant reverse it
1039,4058,4,14,155,173,1.1271676300578035,0.030235394176146797,648,"Now, watch me make the secret to my tricks disappear."
886,4059,2,20,167,189,1.126984126984127,0.02650001802912146,648,"And for the tax magicians next trick, he will get you abraca-audited!"
1962,4060,1,16,125,142,1.1267605633802817,0.02974797567390733,648,"Von Charles it’s a Jumbo stock certificate for Apple, you sure this time?"
2139,4061,0,20,138,158,1.1265822784810127,0.026536743575457884,648,Can you believe the fax still held up after all these years?
953,4062,2,17,147,166,1.1265060240963856,0.02856132535608662,648,This Is Trump’s Last Oval Office Speech And I am Shredding It!
2009,4062,0,21,145,166,1.1265060240963856,0.025878767471436286,648,There goes another parking ticket magically away
1019,4062,1,19,146,166,1.1265060240963856,0.02725307241337117,648,Industrial strength... I arrived with a skirt.
178,4062,1,19,146,166,1.1265060240963856,0.02725307241337117,648,Say goodbye to my first why sweetie.
4098,4066,2,16,141,159,1.1257861635220126,0.029243763512670377,648,"Markell West: """"Getting a divorce is too expensive, so I'll just shred our marriage license.""  Tom Potter: ""Watch closely as I un-shred a compromise between the Democrats and the Republicans."""
2823,4066,3,14,142,159,1.1257861635220126,0.030574649634705534,648,And now... To make my contracts dissapear!
135,4068,1,20,154,175,1.1257142857142857,0.02640737178405686,648,My personal time off...
772,4068,1,20,154,175,1.1257142857142857,0.02640737178405686,648,"Ok, just a thousand more to go, Donald Trump hates these circus speeches I wrote for him."
1954,4070,1,21,161,183,1.1256830601092895,0.025764763212647247,648,And by shredding this paper I can make my taxes disappear.
3949,4071,2,18,156,176,1.125,0.027474899997454585,648,And now for the disappearing magician whose hand is not faster than the eye candy.
1599,4071,2,17,149,168,1.125,0.028240257056547893,648,Then we have confetti!
678,4071,2,18,156,176,1.125,0.027474899997454585,648,"Liar, liar, pants on fire!  They will say that of me now that he took destroyed my hardcopy."
805,4074,3,18,172,193,1.1243523316062176,0.0270008595669376,648,"""And...you brought out an actual shredder.  Thanks, Nancy.  Good night everyone!"""
4032,4075,1,17,135,153,1.1241830065359477,0.028311412387437684,648,"Ladies and gentlemen, behold the tiniest little bits."
1985,4076,1,16,128,145,1.1241379310344828,0.029169143771148327,648,That time machine made Abe's magician dream come true.
4143,4076,2,14,129,145,1.1241379310344828,0.030767261642124538,648,Alakazam your job is gone!
2773,4078,0,23,163,186,1.1236559139784945,0.024202426605682482,648,Watch my bills disappear.
789,4079,5,12,161,178,1.1235955056179776,0.03048565763456543,648,Like so - each and every one of you in my audience - drop your currencies into my little magic box...
1122,4080,3,15,152,170,1.1235294117647059,0.029146032425679487,648,"To prove that I'm leaving my wife, watch my marriage license disappear."
3974,4081,2,16,144,162,1.123456790123457,0.028731631358145642,648,"My Assistant's W2!
Fax or Scan or Copy or Shred..."
395,4081,1,18,143,162,1.123456790123457,0.027364674388686814,648,"...and this is the only copy of my high school diploma. Now that all my plan B’s are gone, and my bridges are burned, I have no choice but to pursue my dream of becoming an erotic magician."
551,4081,1,18,143,162,1.123456790123457,0.027364674388686814,648,"Adding the shredder will produce a bigger, richer sound, with greater timbral variety."
2355,4081,2,16,144,162,1.123456790123457,0.028731631358145642,648,...and a demographically accurate GPS activates the On-Off switch!
2531,4085,3,16,160,179,1.1229050279329609,0.028176703174186402,648,"Abracadabra, this is my will,
wish this could be done without having to paying the bill!"
420,4086,0,20,143,163,1.1226993865030674,0.025777328426978913,648,"When I pass the magic wand, this incriminating document will disappear. Er, not disappear exactly, disintegrate into tiny pieces that the FBI can paste together if you are Michael Cohen."
2675,4087,3,15,154,172,1.122093023255814,0.02882392989937128,648,"Abracadabra...it has not necessarily disappeared, but most certainly has been shredded!"
708,4088,4,12,148,164,1.1219512195121952,0.030922385261904585,648,I am going to make this sold paper reappear in shreds
2066,4089,2,14,132,148,1.1216216216216217,0.03017599507771777,648,A jury of  my peers would not convict me of making this jury summons disappear.
1199,4090,2,18,161,181,1.1215469613259668,0.026757423168596594,648,Rely on your third eye.
1806,4090,2,18,161,181,1.1215469613259668,0.026757423168596594,648,Hocus Pocus Shred a Docus! No mirrors required.
3880,4090,2,18,161,181,1.1215469613259668,0.026757423168596594,648,Ten seconds to FUBAR fettuccine.
875,4093,1,18,146,165,1.121212121212121,0.02689647667158412,648,and for my next trick I shall pay your taxes
2467,4094,1,17,139,157,1.1210191082802548,0.02763223883744885,648,And now my lazy agent's contract will disappear!
52,4095,2,21,184,207,1.1207729468599035,0.024683483104619434,648,"Easy on the vinegar, please!"
547,4096,3,15,156,174,1.1206896551724137,0.028508838597765648,648,"And now, my best recipe for toasted rabbit."
3266,4097,1,18,147,166,1.1204819277108433,0.026743928858149073,648,"You want it hotter, my Lord."
982,4098,0,19,139,158,1.120253164556962,0.02595836217280005,648,A sexual harassment policy never worked!
1583,4098,2,15,141,158,1.120253164556962,0.028897887065686165,648,"Taking economic uncertainty by the horns, Tracy and Glenn combined skill sets."
2359,4098,1,17,140,158,1.120253164556962,0.027467475708148066,648,"Please, please, pa-leaseee Harold, do not put that in, you know it says Trump! For Chrissakes you’re a Magician."
4133,4101,3,15,157,175,1.12,0.028353851355671367,648,Any minute now our divorce papers will disappear!
399,4101,2,14,134,150,1.12,0.029794223424024935,648,Now before I turn on the shredder
585,4101,3,15,157,175,1.12,0.028353851355671367,648,You make my brown eyes blue
1206,4104,2,16,149,167,1.1197604790419162,0.027916614488826756,648,"Do you ""Wanda"" see this disappear?"
3112,4105,5,8,138,151,1.119205298013245,0.0337856538096406,648,Women's suffering you say? Yes I'll support that.
3075,4105,4,10,137,151,1.119205298013245,0.03245258360430385,648,Now watch as pull the pre-gavel Bansky out of my hat!
2017,4107,1,18,149,168,1.119047619047619,0.026443935196779254,648,"And now, my Magical Truth Trick!"
228,4107,0,20,148,168,1.119047619047619,0.02505984256258903,648,"And now, I will make the manual to this magic trick — disappear."
3944,4107,3,14,151,168,1.119047619047619,0.029014715362224126,648,And now for our last trick before the one-hour intermission
3484,4110,4,14,167,185,1.1189189189189188,0.028362986145192448,648,This trick would work better had I saved the ‘Baby Hands’ trick for last. When will I learn?!
2094,4111,2,15,143,160,1.11875,0.028555191786913663,648,Abracadra
1042,4111,0,19,141,160,1.11875,0.025654751481643822,648,And for my final act: the disappearing playbill.
3734,4113,2,14,136,152,1.118421052631579,0.029421947072365662,648,Every magician's dream:  start by shredding the script.
3601,4114,4,13,161,178,1.1179775280898876,0.029014184255720433,648,And for the next trick:paper getting fried by a toaster”
3076,4115,2,14,137,153,1.1176470588235294,0.02923926019918924,648,"For my next trick, I’m going to attempt to get Stormy Daniels to puke confetti into a hole in one."
2046,4115,4,10,139,153,1.1176470588235294,0.03204579474762484,648,"Someday, I'm going to be old hat. A computer will be the one drawing the lucky winner."
1969,4117,3,15,161,179,1.1173184357541899,0.027750328822731,648,"Now kids, I may not be able to saw a woman in half, but this is even more spectacular when you think about it."
4142,4117,0,21,158,179,1.1173184357541899,0.024119880883952706,648,We are excited to introduce this new trick in replacement of
1782,4119,2,15,145,162,1.117283950617284,0.028220492044604986,648,Abra-cadabra is clearly a dying art.
3938,4120,2,13,130,145,1.1172413793103448,0.030171045398636062,648,"Abra-cadabra, abra-kazeem, abra-ca-muncho, get rid of the ream!"
2338,4121,3,12,139,154,1.1168831168831168,0.030484378602330397,648,And now we will learn who is going to Mars.
1155,4122,1,19,160,180,1.1166666666666667,0.02525475414800846,648,and now performing the make-a - puzzle - for -fraudsters act! viola
2150,4123,1,17,145,163,1.116564417177914,0.02667211662783074,648,"The Amazing Waldo, Esq."
1986,4124,2,18,169,189,1.1164021164021165,0.02568390969766266,648,Magical thinking will make this prenup disappear.
1005,4125,2,17,162,181,1.1160220994475138,0.026316494553069978,648,The  Confett-O-Magicon was known to frighten small animals and children were warned away from it.
3802,4125,3,15,163,181,1.1160220994475138,0.02745806329235177,648,This vibrating wand is just what you need.
3813,4127,2,15,147,164,1.1158536585365855,0.02789351269684028,648,"And abracadabra, your OSH complaint is gone.  Trust me Deborah,  the saw wont hurt you."
2786,4127,1,17,146,164,1.1158536585365855,0.02651850960143789,648,Abracadabra and your mortgage is gone
975,4129,2,15,148,165,1.1151515151515152,0.027732835600431258,648,"Sale or no sale, you did remember to avoid crosscut?"
2179,4130,2,12,125,139,1.1151079136690647,0.03076736699358617,648,It's a Fawn Hall
2279,4131,1,18,156,175,1.1142857142857143,0.02544467304462061,648,"...and presto, your Honda has legally vanished for the next 26 working days. Longer if you don’t know a notary."
2388,4131,1,18,156,175,1.1142857142857143,0.02544467304462061,648,"Abracadabra, and just like that I can make my pavement report - DISAPPEAR!"
738,4133,2,18,173,193,1.1139896373056994,0.02517867282187642,648,"This is an indignity. 
I told you, we don’t spell and tell!"
15,4134,1,16,141,158,1.1139240506329113,0.026899623416065343,648,Watch as unreality TV scripts become a magical success fantasy!....Before our very eyes!
2597,4135,2,15,150,167,1.1137724550898203,0.027416947902627897,648,Abracadabra! I made paper appear out of this seemingly ordinary box.
600,4135,1,17,149,167,1.1137724550898203,0.026068067926156163,648,"My next act is a hit except for politicians, who hate to see me finish."
579,4135,2,15,150,167,1.1137724550898203,0.027416947902627897,648,But what will happen to my thumbs?!
2097,4138,3,13,152,168,1.1130952380952381,0.02853918316327532,648,"And for my next trick, I will magically make a carrot disappear using only a  slight stainless steel apparatus."
3351,4139,1,18,158,177,1.112994350282486,0.025172818822520444,648,Ever heard of Shredded Wheat cereal?
3631,4140,3,12,145,160,1.1125,0.02939042649930961,648,"Mr. Neville Shoeffenhoeffer, White House special guest-in-residence."
2510,4140,2,14,144,160,1.1125,0.028021078095070907,648,And no2w...the next person to be toasted is...
1352,4142,1,17,151,169,1.1124260355029585,0.02577613578517759,648,"And now that my daring escape from prison is complete, we can start the show"
3130,4143,4,12,162,178,1.1123595505617978,0.02859009964393444,648,"Anetta, this will never work!"
3610,4144,2,13,137,152,1.111842105263158,0.028846389036492618,648,For my third trivk..
137,4145,1,18,160,179,1.111731843575419,0.024906682360430213,648,My bonus price...
69,4146,0,18,144,162,1.1111111111111112,0.024767920558904567,648,Everyone can be fooled once but one cannot be fooled every time
1665,4146,1,16,145,162,1.1111111111111112,0.02627034687463669,648,"I realize you don't think I have a career as a magician, Martha, but let me prove it to you by reappearing the receipt for this costume!"
695,4146,4,10,148,162,1.1111111111111112,0.03033438367955267,648,"As the audience can see, this heavy duty shedder can render a piece of paper unrecognizable.  Next, I am going to place my assisstant's small right hand into the shredder and she will not feel a thing."
1415,4149,1,19,170,190,1.1105263157894736,0.023996975679923083,648,This bread is toast -- it's magic!
3500,4150,2,14,147,163,1.1104294478527608,0.02752940764322928,648,No mincing words about the Unshredder: she’s a magical ex-stripper.
2184,4151,0,17,137,154,1.1103896103896105,0.025334848291600924,648,"Abracadabra . . . (uh-oh - Barbara, you got the strip-cutter, right?)"
1681,4152,2,15,156,173,1.1098265895953756,0.026510868448801527,648,"For my next trick I will destroy your passport so that you cannot leave the country and are forced to remain my assistant for the foreseeable future. Suck it, Magician's Union!"
3772,4153,2,14,148,164,1.1097560975609757,0.027369314745563495,648,"""In magic school, we learned to de-shred.
I think I've lost my touch."""
660,4154,1,19,172,192,1.109375,0.02376023075778466,648,This is how my ex-wife got everything by the alimony check to disappear.
3705,4155,1,16,149,166,1.108433734939759,0.025669703028332297,648,"Peter the magician: “Now only I will know the secret to our new and extraordinary magic trick”
*seconds later *
Peter the magician: “OH NO, MARIAM! TURN IT OFF! I ALREADY FORGOT!!!!”"
1097,4156,3,11,143,157,1.10828025477707,0.02939259039195007,648,For my next magic trick... Now is not the time to make a toast.
1933,4157,1,18,166,185,1.1081081081081081,0.024140840809738,648,That’s a prediction that will never come true....unfortunately!
1175,4157,1,14,133,148,1.1081081081081081,0.027346884634331752,648,"Magician assistants 101, first shred your belief in contracts"
4080,4159,4,7,128,139,1.1079136690647482,0.0333864358823977,648,"I will shred this marriage certificate right
before your eyes!"""
1637,4160,2,13,143,158,1.1075949367088607,0.027799867341442127,648,"It is our marriage license, my dear.  Shall I see if I can reconstitute it?"
3366,4161,1,17,159,177,1.1073446327683616,0.02467069452310729,648,"abra kadabra.........ohh that is so cool.  
Do it again!"
1788,4162,3,12,153,168,1.1071428571428572,0.028048028848350354,648,"So many CPAs think THEY are the magician! Watch me put Nadine’s W-2s in here. In six weeks, she will have her refund!"
2521,4163,2,12,136,150,1.1066666666666667,0.028609328224316645,648,"And PRESTO, it's gone! OR IS IT??? I will now produce a copy of the SAME DOCUMENT out of THIN AIR! (psst—get the fax machine!)"
3850,4163,2,12,136,150,1.1066666666666667,0.028609328224316645,648,"Unlike Banksy, I can reverse the shredding! (...wait, can I?)"
3162,4163,1,14,135,150,1.1066666666666667,0.027000151903900572,648,I thought I asked for the _beheader_ ...
3947,4166,1,16,152,169,1.106508875739645,0.025236860637783128,648,"No, no — your union paperwork won’t go back together, but YOU will for sure."
3564,4167,2,15,162,179,1.106145251396648,0.025662547111629373,648,"During my next trick, a rabbit may get singed but won't get burned"
204,4168,3,12,155,170,1.1058823529411765,0.027731318454379296,648,I am a magician and this is a shredder.
3641,4168,1,16,153,170,1.1058823529411765,0.025095791174410943,648,Focus your attention on the shredding machine as I say ‘Masicate Cadabra’  and the document will be unseen by FBI eyes forever.
500,4170,3,13,166,182,1.1043956043956045,0.02643288124190579,648,"For my next trick, The Disappearing Human, I'm going to need a pool of acid."
1568,4171,1,16,156,173,1.1040462427745665,0.02468184953360076,648,"I'M SORRY--I'M JUST NOT GOING T0 WORK-OVER MORE VOTING MACHINES"" !!"
140,4172,1,17,165,183,1.1038251366120218,0.02390163442939483,648,"Before read it, let me heat the spiritual food first."
3398,4173,2,14,158,174,1.103448275862069,0.025864837182701036,648,And now ladies and gentlemen: The Girl with Balloon !
4023,4173,1,13,131,145,1.103448275862069,0.0272003668188488,648,"And now, with the help from Deborah, I will demonstrate how my job is much more efficient in the 21st century! Alaka-shred!"
467,4175,2,12,141,155,1.103225806451613,0.02772507549752936,648,Abrah CRAPla - this thing never works when you need it to!
2301,4176,1,12,123,136,1.1029411764705883,0.02815962081636289,648,"Abra-ka-dabra: Your problem is solved! But, oh, Arbad-ak-arba: It's baaaaaaaaaack!"
521,4177,2,15,168,185,1.1027027027027028,0.024866652978161926,648,Behold: Girl with Balloon.
18,4178,1,18,176,195,1.1025641025641026,0.022963565683393587,648,"She loves me, she loves me not."
1347,4178,0,16,140,156,1.1025641025641026,0.02436876734930726,648,"And, if you need it back to rat out the Don, viola!"
740,4180,0,16,141,157,1.1019108280254777,0.024221865936909896,648,"We just put the birth certificate in the magic box and....One! Two! Presto! My assistant has ceased to exist."""
1981,4181,0,18,159,177,1.1016949152542372,0.022782701205887892,648,Abracadabra! You'll olove my Toaster Boondoggle!
1865,4182,2,13,153,168,1.1011904761904763,0.02621428137626359,648,"Yes, but the manual states it can only shred TEN pieces of paper at a time!"
176,4182,2,13,153,168,1.1011904761904763,0.02621428137626359,648,"Sir, don't put my pants in the shredder..it's chilly in here."
1072,4184,0,18,160,178,1.101123595505618,0.022661549846724072,648,"See, Miss, here's the first love poem you ever wrote - to my dearest Lizzie! My, my..."
2324,4185,1,15,153,169,1.1005917159763314,0.024677363612840234,648,Don't look or I'll bean you!
718,4186,1,14,145,160,1.1,0.02539003915023202,648,"Now,Susan, tell the audience if you see your document getting shredded. Then I’ll wave my magic wand."
2002,4186,2,13,155,170,1.1,0.025918558355872742,648,I am shredding all the instructions for the terrible tricks I will attempt on my assistant.
62,4188,2,15,174,191,1.0994764397905759,0.024118488878007792,648,"My assistant, Ms. Buffy will now manipulate me for sexual favors."
1975,4189,3,12,166,181,1.0994475138121547,0.02610947859808071,648,Ahh... the final ballot...we'll get the vote tally with a wave of my special Congressional-approved 'Wand of Wonks' in no time!
2907,4190,1,15,155,171,1.0994152046783625,0.02440199222699443,648,"For my next trick, I will turn the shreds of my assistant's late father's will into a handkerchief."
1227,4191,2,13,157,172,1.0988372093023255,0.025629413533839428,648,"Thank you,Wanda."
3194,4192,1,14,147,162,1.0987654320987654,0.0250907050832426,648,Is this for a paying audience?
3328,4193,2,13,158,173,1.0982658959537572,0.025487239959484095,648,Of course it is not ice - it is frozen.
2609,4193,1,15,157,173,1.0982658959537572,0.024132676304683527,648,"...and now, feats of magic by The Great Spoliatio!"
117,4193,1,15,157,173,1.0982658959537572,0.024132676304683527,648,"That cannot be ! ! ! 
Self Assessment Tax Form don’t shred, ladies and gentlemen."
985,4196,2,12,149,163,1.098159509202454,0.02641829907985836,648,I have another exact copy we'll show them later.
1301,4197,1,13,139,153,1.0980392156862746,0.025841040300410557,648,"Wingardium Leviosa.""

""I don't think that's what it means."
2814,4198,0,16,148,164,1.0975609756097562,0.023240913739762288,648,You can be damn sure the Russians aren't going to get their
662,4199,1,13,140,154,1.0974025974025974,0.025680585022864803,648,"Sadly, magically changing VHS tape players into fax machines failed to win The Great Wondinni steady bookings."
3528,4200,2,13,160,175,1.0971428571428572,0.02520755967914616,648,All vows shall be considered no vows.  All promises shall be considered no promises.
139,4201,2,13,161,176,1.0965909090909092,0.025070002347617814,648,Fnvdnnwnfnwofinweoifn
1763,4202,2,13,162,177,1.0960451977401129,0.024933934045300858,648,"And now, in Magical Businessman, let's make disappear some"
3020,4203,1,15,162,178,1.095505617977528,0.023484608491092154,648,"I always told myself not to make New Year's resolutions while I'm still drunk. At any rate, shredding these is music to my ears."
233,4204,1,13,144,158,1.0949367088607596,0.025058143599118926,648,"Next time, we'll  just go for the model with a reverse switch..."
2871,4205,1,13,146,160,1.09375,0.02475806678780034,648,Next at the Georgia state fair we have a pie eating contest..
1153,4205,1,13,146,160,1.09375,0.02475806678780034,648,BEST WAY TO GEY RID OF THOSE DARN CREDIT CARD STATEMENT
1211,4207,0,16,155,171,1.0935672514619883,0.02233599323116329,648,"If Uncle Sam really wants it he can go in and get it himself.
It's O.K. I've worked for the federal government before...
Obviously sending the bill back to them isn't really an option!
I could recycle it but I'm voting for the other person!"
1708,4207,1,14,156,171,1.0935672514619883,0.023826372850834332,648,Betch can't play Lady of Spain on that thing.
3545,4209,0,15,146,161,1.093167701863354,0.022979267992156438,648,I hope that's not my debloma
3077,4210,1,14,157,172,1.0930232558139534,0.02369368814073376,648,"And now, all documentation will be online with glitz for the next new things and omissions of the endlessly deprecated."
1380,4211,0,15,147,162,1.0925925925925926,0.02284422054607264,648,"Just like magic, a  deed to a property!"
66,4212,1,14,158,173,1.092485549132948,0.023562468428964534,648,I will know shred my book on how to make things disappear.
40,4213,1,11,129,141,1.0921985815602837,0.026441633875613123,648,"For my next trick, I’ll make my last-year’s tax return disappear. And... voilà!"
3496,4214,1,13,149,163,1.0920245398773005,0.02432114897738414,648,The magic is...it
3053,4215,1,14,159,174,1.0919540229885059,0.02343268967046838,648,I've found it cheaper to shred paper than paying for c-section repairs on my assistant
207,4216,2,12,162,176,1.0909090909090908,0.02453823847752101,648,This is my latest trick
1164,4216,0,14,140,154,1.0909090909090908,0.023241363298405156,648,I'm sure I can mend your contract with 'hocus pocus!'
2334,4216,0,15,150,165,1.0909090909090908,0.0224483999238543,648,"What is this? Is it a printer or a fax machine or a black box? Or is it like your dress, skimpy and short?"
2744,4216,1,13,151,165,1.0909090909090908,0.024038312943064303,648,Watch as the Amazing Joel makes a utility bill...disappear!
2887,4220,0,14,141,155,1.0903225806451613,0.023098379668639563,648,"Real magic comes while improvising; after all, this script is so overrated!"
2325,4221,0,14,143,157,1.089171974522293,0.022817606433338293,648,Better hope it's not rabbit stew.
3846,4222,1,12,145,158,1.0886075949367089,0.024392558761999417,648,"Toasted shred?!  Excellent, my dear."
2397,4223,3,7,137,147,1.08843537414966,0.028839528295793053,648,"Alakazam!
Don’t you know who I am?
Presto Chango!
This won’t my career anymore.
Hocus Pocus!
I suggest you change your mind, miss.  
Bibbidy Bobbidy Boo!
Nevertheless, no one is going to believe you."
3720,4224,2,10,147,159,1.0880503144654088,0.0258347584149082,648,WHAT TIME IS YOUR LAST PICKUP“  ? !!
497,4225,0,18,187,205,1.0878048780487806,0.019814727816185262,648,"When his disappears,Trump's Twitter finger will be frozen."
2635,4226,0,14,147,161,1.0869565217391304,0.022275979925999136,648,I told my boss that the new contact terms were not acceptable!
49,4227,0,13,143,156,1.0833333333333333,0.022199809486088785,648,The audience doesn't know the shredder is just the act's MacGuffin.
943,4227,0,14,154,168,1.0833333333333333,0.021387344303130586,648,The joke’s on you. I knew all along that you were using avtoaster.
3334,4229,1,12,156,169,1.0828402366863905,0.022862431675906212,648,We need to change brands.
1444,4230,5,4,161,170,1.0823529411764705,0.028199884978973543,648,"fuck you it isn't magic. whered you learn how to do magic. hogwarts? show me your degree from hogwarts motherfucker.

yeah, that's what i thought. grab last year's folder and shut the hell up."
2794,4231,0,14,160,174,1.0804597701149425,0.020680055945742404,648,"First I touch the magic button with my wand to make the paper disappear, then abracadabra, I pull a red paper herring out of my hat!"
3479,4232,1,11,154,166,1.0783132530120483,0.022593707918128834,648,"Lets just put your vote through the shredder, what are woman's rights.""       -Every Man Before 192"
1240,4233,0,13,155,168,1.0773809523809523,0.020676165888908988,648,"Abracadabra, no more counting, start shredding."
3571,4234,0,12,146,158,1.0759493670886076,0.021142684920618108,648,You may need to lose a little bit of weight first Sylvia.
1598,4235,3,7,162,172,1.0755813953488371,0.024750517621876786,648,ABBRA KADABRA!
1628,4236,2,9,162,173,1.0751445086705202,0.023205251857748292,648,It's easier to hide your magic secrets when they're conveniently in a list!
3054,4237,0,12,157,169,1.0710059171597632,0.019815229365563885,648,I'll take the paper but this isn't a printing show!
1801,4238,0,11,157,168,1.0654761904761905,0.019141618286869475,648,...ab...ba.... no...abra! Ka...dab...
2410,4238,0,11,157,168,1.0654761904761905,0.019141618286869475,648,It's okay. I'll use the tape holding my boobs up to put it back together.
2036,4240,0,10,143,153,1.065359477124183,0.02004724942975777,648,"Ryan McElveen, that ballot says your name only if there's no school tomorrow."
3220,4241,0,11,168,179,1.0614525139664805,0.01800064020298453,648,"Magic more suck up those tears.""  

Hilary Kingsbury, Harrisville, N.H"
2416,4242,2,7,173,182,1.0604395604395604,0.020860579274976948,648,The Maninist Community has taken away your right to not be objectified any further- I'm sure you understand that this is the natural order of things.
2344,4243,0,11,177,188,1.0585106382978724,0.017163439489239655,648,"Damn you woman, did you at least get a baby sitter"""
2926,4244,0,8,134,142,1.056338028169014,0.019417776229407137,648,Banksy is going to sent my kids to college!
2608,4245,0,8,135,143,1.055944055944056,0.01928553397665405,648,"For a mere $50 you are  receiving
a letter of adoration, admiration
and advocacy...What a bargain !"
3979,4246,0,7,158,165,1.0424242424242425,0.015738802848872576,648,"I know what you’re thinking... this is a magic wand. I call it Mr Pritt!

Martin Greenough
Sheffield, UK"
