target_id,rank,funny,somewhat_funny,unfunny,count,score,precision,contest,caption
4474,1,41,36,64,141,1.8368794326241136,0.07161766200570112,650,I wish you’d come in when it was just a chip on your shoulder.
4112,2,29,36,74,139,1.6762589928057554,0.06789799224932092,650,The good news? You’re not delusional.
275,3,28,40,74,142,1.676056338028169,0.06595562461689164,650,You were better off with a chip on your shoulder.
3920,4,30,39,79,148,1.6689189189189189,0.06530263426865963,650,"I treat depression and obsession, but not compression."
3463,5,24,45,77,146,1.6369863013698631,0.06214565074940268,650,Last week it was a monkey on your back.
2871,6,19,40,64,123,1.6341463414634145,0.06658827793403499,650,Tell me about your first crush.
3670,7,23,44,75,142,1.6338028169014085,0.06279768641902439,650,I could begin with the obvious--but why don't you go first?
3801,8,25,33,74,132,1.628787878787879,0.0683614976377516,650,"So, the last thing you remember was a roadrunner and a coyote?"
3279,9,22,33,70,125,1.616,0.06889355979077551,650,And you think this is the cause of your erectile dysfunction?
5767,10,21,41,75,137,1.6058394160583942,0.06332498816063797,650,"Well, usually when someone tells me that, it's a metaphor."
1838,11,22,50,84,156,1.6025641025641026,0.05800622252029698,650,"I'm just here to give you the tools, you'll have to do the heavy lifting."
6081,12,17,37,64,118,1.6016949152542372,0.06716440712823232,650,Your time's almost up.  Are you sure there isn't anything else you want to get off your chest?
3317,13,26,31,81,138,1.6014492753623188,0.06708310777240484,650,This could be the main reason for your erectile dysfunction.
3419,14,25,42,87,154,1.5974025974025974,0.06077861136379144,650,"Well, let's start with the obvious."
7213,15,29,32,90,151,1.596026490066225,0.06454377705456774,650,No wonder you're unable to have an erection.
6296,16,25,31,80,136,1.5955882352941178,0.06713777697402536,650,Otherwise OK?
548,17,22,27,71,120,1.5916666666666666,0.07149448406112974,650,"On the plus side, you’re using the word ‘literally’ correctly."
6493,18,19,34,69,122,1.5901639344262295,0.06762474697191313,650,What's your gut feeling?
1294,19,25,35,85,145,1.5862068965517242,0.06386813439911744,650,can you feel the pea now?
6134,20,22,35,78,135,1.5851851851851853,0.06514446690464383,650,Let's begin our session with some deep breathing.
7327,21,20,34,73,127,1.5826771653543308,0.06655497287719668,650,You're in luck. My next patient thinks he's Superman.
3348,22,19,44,78,141,1.5815602836879432,0.06052457978989274,650,The good news is that this problem is not in your head.
750,23,23,41,86,150,1.58,0.060770592205091234,650,"Now, imagine it's Styrofoam."
6529,24,23,34,81,138,1.5797101449275361,0.06489630280477979,650,...and suddenly it hit me.
413,25,22,43,86,151,1.576158940397351,0.059754528100352575,650,I mean besides that.
4640,26,19,40,77,136,1.5735294117647058,0.062301845303592174,650,"""You know, for the first time in my career I think the problem might not be your mother"""
4528,27,21,40,82,143,1.5734265734265733,0.06157068719184099,650,You might be more comfortable if you take off your shoes.
3924,28,25,36,89,150,1.5733333333333333,0.062280786331022187,650,"It's $200 for the session, plus $2,000 for the forklift."
4571,29,25,25,81,131,1.5725190839694656,0.06941626786574803,650,"Thus far, this is the only effective treatment we've found for erections lasting longer than 4-hours."
7293,30,31,25,96,152,1.5723684210526316,0.06574371012023789,650,I see you've gained weight but it's good that you've got a handle on it.
819,31,18,44,78,140,1.5714285714285714,0.060098289776031204,650,Seems to me that you're the underlying issue.
2038,31,27,34,93,154,1.5714285714285714,0.06238963116848847,650,Can you think of anything concrete that might be causing your anxiety?
251,33,29,20,88,137,1.5693430656934306,0.07011278746932842,650,"Ask yourself, does it spark joy?"
1376,34,21,32,77,130,1.5692307692307692,0.06637245293839317,650,You ripped off the ankle bracelet - what did you expect?
5085,35,21,37,81,139,1.5683453237410072,0.06298649441757115,650,"If you upgrade to Premium Care, I can get that removed."
7112,36,19,37,76,132,1.5681818181818181,0.06380014283337342,650,The first step is acceptance.
2854,37,21,29,75,125,1.568,0.06847274004326291,650,Why do you think you can't get an erection?
917,38,21,36,81,138,1.565217391304348,0.06336630376036764,650,I think I know the cause of your erectile dysfunction.
3952,39,17,45,78,140,1.5642857142857143,0.05929589803444791,650,Any other pressing matters to discuss?
5555,40,23,29,81,133,1.5639097744360901,0.06695657810407085,650,I can't help you if you don't tell me what's wrong.
4929,41,24,43,95,162,1.5617283950617284,0.05804720190769785,650,"So, what brings you in today?"
1464,42,27,25,89,141,1.5602836879432624,0.06704713695667584,650,You seem obsessed with your weight.
1698,43,21,33,80,134,1.5597014925373134,0.0648809533093393,650,And how long since your last erection?
6620,44,15,50,78,143,1.5594405594405594,0.056684016034753495,650,"You can't change the fact that it's there, but you CAN change your reaction to it."
429,45,21,42,88,151,1.5562913907284768,0.05915950048775443,650,Let's pick this up again next week.
4630,46,17,41,77,135,1.5555555555555556,0.06100926233195492,650,Any other symptoms?
1462,47,21,45,91,157,1.5541401273885351,0.0574336166510806,650,"No, in this instance I agree - it’s not all in your head."
4074,48,24,25,83,132,1.553030303030303,0.06828455005012983,650,Take an anvil and call me in the morning.
6942,48,20,33,79,132,1.553030303030303,0.06480847237462826,650,I can't help you if you wont tell me what's bothering you.
6992,50,27,25,91,143,1.5524475524475525,0.06633629813119646,650,"It's a lamp shade, for goodness sake.  Just lift it off you."
2957,51,18,39,79,136,1.5514705882352942,0.06158743624279549,650,We'll pick this up next week.
2120,52,17,38,76,131,1.549618320610687,0.06245490724038114,650,Now don't all your other problems seem trivial?
7452,53,18,42,82,142,1.5492957746478873,0.05961406929483643,650,"In my opinion, you're putting too much pressure on yourself."
398,53,22,34,86,142,1.5492957746478873,0.06287605061832165,650,You seem depressed.
1120,55,17,51,87,155,1.5483870967741935,0.055068642382634675,650,Depressed in what way?
4489,56,17,29,69,115,1.5478260869565217,0.06903881690501712,650,But does it spark joy?
483,57,21,27,78,126,1.5476190476190477,0.06818010030131597,650,First I applaud your proper use of “literally”.
2475,58,19,37,81,137,1.5474452554744527,0.06213843714942222,650,Maybe it’s not all in your mind.
3222,59,23,25,82,130,1.5461538461538462,0.06829688816338009,650,"I said to take an Advil"""
6319,60,21,35,85,141,1.5460992907801419,0.06243552078602486,650,I've had too many people leave without paying.
270,61,16,40,76,132,1.5454545454545454,0.061181629653322904,650,Sorry about that. It was supposed to hang ominously above you.
2718,61,22,22,77,121,1.5454545454545454,0.0713892059963015,650,"So let me get this straight. You clicked ""Accept"" without reading the terms and conditions?"
2933,63,18,43,84,145,1.5448275862068965,0.05870514538208848,650,"I can help you, but it’s you who must do the heavy lifting."
4862,64,20,34,82,136,1.5441176470588236,0.06337257733125622,650,Hmmm. So roughly how long has it been since you've been unable to achieve an erection?
5282,65,21,45,94,160,1.54375,0.05666773607019038,650,My first question is how you got in here.
1534,66,17,43,82,142,1.5422535211267605,0.0588091793186457,650,"I sleep OK, but I have trouble some mornings getting up."
4284,67,14,43,74,131,1.5419847328244274,0.059612707745975976,650,"Sometimes therapy only works under pressure"""
4472,68,19,38,84,141,1.5390070921985815,0.060826568023796865,650,"Well we can talk about it, or we can just get a crane."
5408,69,16,40,78,134,1.537313432835821,0.0605372983815167,650,It's just until we verify insurance.
367,70,21,32,85,138,1.536231884057971,0.0635354419549663,650,Let's start by getting a belt with a different buckle
2129,71,23,29,88,140,1.5357142857142858,0.06444538808796368,650,Let's start with your weight problem.
3253,72,19,40,87,146,1.5342465753424657,0.05925404945743211,650,I suggest not starting your day watching the news.
6497,73,19,48,94,161,1.5341614906832297,0.0550487191764484,650,My mistake; I assumed you were speaking figuratively
7557,74,20,24,76,120,1.5333333333333334,0.06994729241473989,650,"I'm Jungian but more importantly, I'm also a certified crane operator."
3608,75,20,36,87,143,1.5314685314685315,0.06102008508215189,650,"Now, try to visualize a crane."
3225,76,16,36,76,128,1.53125,0.06268427558416713,650,Define 'pressing concern'.
2047,77,22,26,84,132,1.5303030303030303,0.06667770606556822,650,This may take more than one session.
3334,78,16,51,90,157,1.5286624203821657,0.05388735411978134,650,"When you made the appointment, I just assumed  you were speaking metaphorically."
7510,79,19,46,94,159,1.528301886792453,0.055586215045981,650,I think your delusions are becoming more concrete.
6651,80,17,33,77,127,1.5275590551181102,0.06405336527062885,650,"Would you describe your anxiety as heavy, paralyzing, or crushing?"
5587,81,19,43,92,154,1.525974025974026,0.056941582077280825,650,"Yes, normally it is a metaphor."
2697,82,12,47,76,135,1.525925925925926,0.05645666837539841,650,"Yes, but what would you say is your most pressing issue?"
3454,82,14,43,78,135,1.525925925925926,0.0583821209196514,650,Anything pressing you’d like to discuss?
7475,84,16,42,83,141,1.524822695035461,0.05832998422896027,650,"I noticed you shaved your head, you want to talk about that?"
7227,84,20,34,87,141,1.524822695035461,0.06170620350115235,650,“Your hour is up. Can I call you a crane?”
4335,84,21,32,88,141,1.524822695035461,0.06252177759084705,650,So you say you fell victim to a pyramid scheme?
3268,87,18,41,88,147,1.5238095238095237,0.05818787861343428,650,"It'd be a coincidence but, yes, it's possible you're having a heart attack."
7365,87,19,39,89,147,1.5238095238095237,0.058983194027174515,650,Perhaps I wasn't clear. Our time is up.
2785,87,21,35,91,147,1.5238095238095237,0.060542490020467625,650,"Unfortunately we’ve run out of time. 
Let’s pick that up next week."
6336,90,22,35,94,151,1.5231788079470199,0.0600473963542676,650,"When you said you've been under pressure, had put on a ton of weight and were having trouble getting out of bed in the morning, I suspected something else."
6777,91,20,28,82,130,1.523076923076923,0.06571961604166322,650,"Murray, sometimes a two-ton anvil is just a two-ton anvil."
556,92,18,44,91,153,1.522875816993464,0.05647372553045425,650,I've seen bigger
3852,93,16,37,79,132,1.5227272727272727,0.06127822381343917,650,"But no tingling or shortness of breath, right?"
3617,94,11,37,65,113,1.5221238938053097,0.06297680970643203,650,How bad is the pain…on a scale of 1 to 16 tons?
3290,95,24,27,93,144,1.5208333333333333,0.0638452732782069,650,Could you be more concrete?
7496,96,24,28,94,146,1.5205479452054795,0.06315524961037128,650,It can be so hard to get over your first crush.
5073,97,21,38,95,154,1.5194805194805194,0.058429768024741535,650,"Good. Now you are using the word ""literally""  correctly."
1132,98,17,33,79,129,1.5193798449612403,0.06331902811125792,650,"If you prefer, we can tell your parole officer you are ready for an ankle bracelet."
1191,99,16,38,81,135,1.5185185185185186,0.06026645446389416,650,"To begin your therapy, I want you to know that your feelings are real."
1900,100,17,37,83,137,1.5182481751824817,0.060502928136740367,650,"Now, imagine it's a feather ..."
6852,101,17,39,85,141,1.5177304964539007,0.05921030202763632,650,Visualize a crane...
995,102,18,23,73,114,1.5175438596491229,0.07074081363625091,650,That's the worst case of writer's block I've ever seen.
2821,103,17,40,86,143,1.5174825174825175,0.05859004141602708,650,Side effects may include difficulty breathing.
326,104,22,33,94,149,1.516778523489933,0.060684189944930536,650,How long have you been struggling with your weight?
5627,105,20,24,80,124,1.5161290322580645,0.06821299136448965,650,"Once again Robert, It's not guilt, it's a concrete pylon."
6689,106,19,43,95,157,1.515923566878981,0.056146823127379,650,Let's leave it there for now.
5492,107,20,43,98,161,1.515527950310559,0.055801326581906674,650,My childhood was fine. Please just call 911.
3873,108,17,33,80,130,1.5153846153846153,0.062956966670175,650,"We could attempt psychoanalysis, but I'd actually recommend a crane."
3949,108,19,29,82,130,1.5153846153846153,0.06482361314415645,650,And you're sure you saw a beeping roadrunner right before this?
7152,110,18,32,82,132,1.5151515151515151,0.0631548263715007,650,Really? Does this look like a metaphor to you?
2092,111,19,31,84,134,1.5149253731343284,0.06332630158234447,650,"Yes, it probably is more effective than a condom."
4673,111,14,41,79,134,1.5149253731343284,0.05872917689639286,650,I just provide the tools. YOU have to do the heavy lifting.
2294,113,15,40,81,136,1.5147058823529411,0.059027424405844596,650,I know it took a lot for you just to come in today.
299,113,18,34,84,136,1.5147058823529411,0.06173357447620066,650,"When you said ""literally"" over the phone I thought you meant figuratively."
7312,115,23,27,92,142,1.5140845070422535,0.06378961923558826,650,"Yes Carl, that's the proper usage of 'literally'"
7429,116,21,33,92,146,1.5136986301369864,0.060883358261236586,650,"You say you have a ton of issues, but I see just one."
267,116,18,39,89,146,1.5136986301369864,0.0585095152885187,650,"First of all, your under too much pressure."
861,118,20,38,94,152,1.513157894736842,0.05828593394903127,650,"For most of my patients, this is just a metaphor."
5410,119,20,23,80,123,1.5121951219512195,0.06865538383680943,650,"Frankly, I’m surprised to hear about the headaches."
2923,120,17,33,81,131,1.5114503816793894,0.06259828416745455,650,I think I’ve identified the cause of your erectile dysfunction.
5696,121,17,41,89,147,1.510204081632653,0.05740915359002901,650,I see you've traded in the albatross.
2404,122,16,48,93,157,1.5095541401273886,0.05393077082142877,650,I'm sorry we're out of time. We'll pick it up next week.
1627,123,17,31,80,128,1.5078125,0.0637146669009361,650,It seems to me that your problem is your weight.
337,124,19,29,84,132,1.5075757575757576,0.06407422912516611,650,I can't remove it until you've met your deductible
1840,124,16,35,81,132,1.5075757575757576,0.06130681507770965,650,How's the restless leg syndrom now?
3807,126,18,34,86,138,1.5072463768115942,0.061062194884324364,650,You seem to be in the same place you were when we ended our last session.
1077,127,17,37,86,140,1.5071428571428571,0.05954299108545632,650,You wanted the other Dr. Crane.
911,127,12,47,81,140,1.5071428571428571,0.05505899720126304,650,"Well, I think I’ve figured out what’s been weighing on you"
915,129,16,41,87,144,1.5069444444444444,0.05746230122726315,650,"When you described your problem over the phone, I assumed you were speaking metaphorically."
5959,130,19,38,93,150,1.5066666666666666,0.058118652580542315,650,Looks like you put on some weight.
3761,131,16,29,76,121,1.5041322314049588,0.06547555107194411,650,Anything you’d like to get off your chest?
587,132,18,28,81,127,1.5039370078740157,0.06506706350496995,650,Have you considered switching to similes?
6169,133,15,37,81,133,1.5037593984962405,0.06002207780029796,650,I don't think it's all in your head.
4238,134,20,28,87,135,1.5037037037037038,0.06384931999048658,650,"You know I can't help you if you won't tell me what's wrong, Steve."
2865,135,20,32,91,143,1.5034965034965035,0.061076496377440566,650,You never forget your first crush.
3877,135,18,36,89,143,1.5034965034965035,0.05944200785021011,650,I think it's time that we begin discussing the possibility that it's not your imagination.
3853,137,19,38,94,151,1.5033112582781456,0.05782990372392057,650,"In the future, metaphors will be just fine"""
5114,138,13,40,79,132,1.5,0.058412176980626285,650,"You and I both know that the block isn't really the problem, right?"
794,138,16,38,86,140,1.5,0.058676740858538336,650,Have you given any thought to leaving the Trump Administration?
57,138,13,45,84,142,1.5,0.055422208695266484,650,Well you said you wanted non-pharmaceutical options.
6856,138,17,35,86,138,1.5,0.0601929265428846,650,Would you like to get anything off your chest?
6582,138,20,29,89,138,1.5,0.06277378413149942,650,Did you ever consider a forklift instead of analysis?
5468,138,12,38,74,124,1.5,0.060050682327024846,650,The good news is that you're absolutely not hallucinating.
3962,138,21,28,91,140,1.5,0.0629033745706389,650,"Don’t exaggerate, it’s a lamp shade for God’s sake."
3556,138,18,38,92,148,1.5,0.05792578193291024,650,What do you consider your most pressing problem?
5998,138,14,32,74,120,1.5,0.0637308767385162,650,"Well, on the up side,  we seem to have got rid of the monkey on your back."
3082,138,20,21,81,122,1.5,0.06910698691273669,650,"And what made you yell, ""More cowbell!"" in the first place?"
2638,138,16,36,84,136,1.5,0.059956411182041786,650,When you said you had a weight problem I must say I pictured something different.
2310,138,13,35,74,122,1.5,0.06186594104974014,650,We're making progress...last week it was the weight of the world.
4745,138,18,34,88,140,1.5,0.06040289532479116,650,"Well, why do YOU think it's there?"
2309,138,14,35,77,126,1.5,0.06146362971528592,650,"A metaphor would have sufficed, Mr. Richards."
2245,138,20,38,98,156,1.5,0.05715910202743129,650,I think in your case it's not just a feeling.
1525,138,16,37,85,138,1.5,0.05930768822842537,650,You also mentioned a monkey on your back?
445,138,22,26,92,140,1.5,0.0637150645867436,650,"Sorry, dear, but it's what the doctor ordered for an erection lasting more than four hours."
3398,138,17,32,83,132,1.5,0.062246478644432064,650,Why do YOU think you can't get off the couch?
964,156,17,41,93,151,1.4966887417218544,0.0562823002658635,650,Sometimes a crushing weight on your chest is just a crushing weight on your chest.
1987,157,21,30,94,145,1.4965517241379311,0.06121701389588497,650,You'll feel better once you get it off your chest.
6194,158,18,35,90,143,1.4965034965034965,0.05944200785021011,650,"Well, you didn't like the inkblots at first either."
2121,159,17,36,88,141,1.49645390070922,0.0592285028484036,650,"So, what brings you here?"
5810,159,21,28,92,141,1.49645390070922,0.0625562470104963,650,"Can you talk to me about your most pressing 
issues?"
4310,161,22,23,90,135,1.4962962962962962,0.06555800715606475,650,This could explain your ED.
2052,162,18,30,85,133,1.4962406015037595,0.06280456450866655,650,It doesn't spark joy but it's hard to throw away.
4708,163,13,37,77,127,1.4960629921259843,0.06007329580100785,650,What was that pressing matter you wanted to discuss?
4336,164,15,31,77,123,1.4959349593495934,0.06362582180659643,650,I see you spent the weekend with your mother.....
1388,165,22,35,103,160,1.49375,0.05745990877431151,650,My diagnosis: obsessive-compressive disorder.
1318,166,18,34,90,142,1.4929577464788732,0.05975550263548288,650,I preferred the monkey on my back.
5709,167,18,30,86,134,1.492537313432836,0.06244402153141539,650,"Well,  at least we've got a handle on it now."
4886,168,21,22,87,130,1.4923076923076923,0.0666483163589514,650,"Doc, is this is the only way to cure an erection lasting longer than four hours?"
670,168,17,30,83,130,1.4923076923076923,0.06296789448580453,650,...and at what point did you realize it was too much cowbell?
3816,170,19,24,83,126,1.492063492063492,0.06642435176524196,650,Describe this pressure. Are you feeling it now?
7434,171,17,26,79,122,1.4918032786885247,0.06609668215063094,650,We'll get to that.
7018,171,10,40,72,122,1.4918032786885247,0.058484103935465215,650,The judge ruled that an electronic bracelet was too risky...
4811,173,17,44,98,159,1.490566037735849,0.05417666123365955,650,It makes that chip on your shoulder seem insignificant.
6351,174,25,24,102,151,1.490066225165563,0.062237563573354866,650,I said treat yourself with Advil.
5668,175,17,38,92,147,1.489795918367347,0.05740915359002901,650,I think you are regressing. Last visit it was just a can of worms.
4715,176,16,36,87,139,1.4892086330935252,0.05898288708701009,650,Are your hiccups gone?
5032,176,19,30,90,139,1.4892086330935252,0.06157738393911289,650,I believe the pressure you are feeling is very real.
4905,178,17,33,87,137,1.489051094890511,0.060515876864151705,650,Why is it always me who has to get up when the phone rings?
6927,178,18,31,88,137,1.489051094890511,0.061396364384163224,650,"Sorry, that was a lot to lay on you all at once."
4839,180,13,40,82,135,1.488888888888889,0.05746310534715149,650,So you say you have trouble getting up in the morning...
6933,180,15,36,84,135,1.488888888888889,0.05935591895645216,650,Just let me know when you're comfortable and we can start
5464,182,19,27,87,133,1.4887218045112782,0.0636983354535387,650,It was a gift from my mother
6990,183,15,34,82,131,1.4885496183206106,0.060693208487579475,650,"Sorry, I'm afraid that your insurance has denied the metaphor."
603,184,13,37,79,129,1.4883720930232558,0.05938586606994017,650,"To be clear, I was asking what was weighing on your mind"
975,185,24,32,108,164,1.4878048780487805,0.057692553337607255,650,What did you THINK Panini Therapy would be like?
5210,186,16,27,78,121,1.487603305785124,0.06546685751138372,650,"In the dream, I was Wile E. Coyote..."
7373,187,12,34,73,119,1.4873949579831933,0.061858352763791556,650,Interesting - usually when clients first come to see me they have a lot on their minds.
403,188,18,35,93,146,1.4863013698630136,0.0585095152885187,650,Good news - you asphyxiated that monkey on your back.
4742,189,17,35,90,142,1.4859154929577465,0.058904794346632386,650,Where would you like to start?
6132,189,14,41,87,142,1.4859154929577465,0.056303680469556486,650,"If it doesn't bring you joy, just get rid of it."
6063,191,20,28,92,140,1.4857142857142858,0.0620692467834977,650,You seem to be under a lot of pressure
5609,192,19,29,90,138,1.4855072463768115,0.06191307061824298,650,"OK, Let’s move on to more pressing matters."
648,193,13,40,83,136,1.4852941176470589,0.0571521820076926,650,Shall we start with the obvious?
7451,193,13,40,83,136,1.4852941176470589,0.0571521820076926,650,It appears we have tons to discuss.
2891,195,10,44,78,132,1.4848484848484849,0.055346623437956356,650,That’s all the time we have. We’ll pick this up next week.
3766,195,17,30,85,132,1.4848484848484849,0.062232400508179554,650,Anything else you want to get off your chest?
5702,197,16,30,82,128,1.484375,0.06273025989815254,650,It looked a lot smaller on Amazon Prime.
4153,198,19,23,84,126,1.4841269841269842,0.06641297156154943,650,"How long, would you say, have you had erectile dysfunction?"
5052,199,25,25,105,155,1.4838709677419355,0.0609620117756818,650,"You understand that treating a metaphor can take a very long time, right?"
3038,200,12,34,74,120,1.4833333333333334,0.06147502206589165,650,...the good news is it’s not a heart attack
1332,201,19,34,96,149,1.483221476510067,0.05839937280973824,650,"Your constant need for attention is what we've been working on for months, Alan. And I know it's made out of styrofoam."
2761,202,13,31,74,118,1.4830508474576272,0.06338403566153786,650,"In these dreams you’ve been having, are you the roadrunner or the coyote?"
4584,203,16,37,90,143,1.4825174825174825,0.05774339699820434,650,What do YOU think the problem is?
5431,204,20,26,91,137,1.4817518248175183,0.06310808929120651,650,Let's start with the obvious -- your socks don't match.
7226,204,24,18,95,137,1.4817518248175183,0.06642288582868103,650,I’d like to refer you to a colleague of mine. Her name is Dr. Crane.
5366,204,17,32,88,137,1.4817518248175183,0.060502928136740367,650,"You're right, of course. It's not all in your head."
6345,207,16,45,99,160,1.48125,0.05317873253791993,650,"So, what's holding you back?"
5778,208,17,30,86,133,1.481203007518797,0.06187020693514077,650,"You need a crane operator, not a therapist."
4083,209,18,39,99,156,1.4807692307692308,0.05567181532146449,650,What I'm hearing is that you're under a lot of pressure.
2889,210,13,36,80,129,1.4806201550387597,0.059370053031164306,650,"No, it’s not your imagination."
4042,211,13,34,78,125,1.48,0.060748025323010796,650,I suppose I'll be charging you a flat fee.
3211,212,17,35,92,144,1.4791666666666667,0.05827815405529966,650,We'll have to run tests to rule out any physical causes.
1546,212,16,37,91,144,1.4791666666666667,0.05743882087028026,650,You seem to be getting enough iron.
5311,214,14,29,76,119,1.4789915966386555,0.0641008715556752,650,"So, anything in particular you would like to discuss today?"
4304,215,18,32,92,142,1.4788732394366197,0.05973195366801254,650,"Now that you can't access your phone, let's talk!"
2587,215,14,40,88,142,1.4788732394366197,0.0562880609501643,650,Please.  I get the symbolism.
4600,217,11,34,72,117,1.4786324786324787,0.06141840796345578,650,"Well, it's definitely not all in your head..."
577,218,19,29,92,140,1.4785714285714286,0.06122075797367457,650,But how does it make you feel?
912,218,17,33,90,140,1.4785714285714286,0.05951832794218621,650,How's that erection now?
905,220,18,30,90,138,1.4782608695652173,0.06103708190983664,650,And yet you say there is nothing you want to get off your chest.
7186,220,14,38,86,138,1.4782608695652173,0.05746633168108196,650,Do you want to tell me what’s troubling you?
2872,222,15,35,86,136,1.4779411764705883,0.059010460064524026,650,"You're my only patient who uses ""literally"" correctly."
300,223,12,30,71,113,1.4778761061946903,0.064219205645159,650,So...what seems to be the problem today?
2466,224,16,32,86,134,1.4776119402985075,0.06059260885297353,650,Well I can see you're under a lot of pressure.
4773,225,13,37,82,132,1.4772727272727273,0.05837841596616121,650,"And nice use of the word 'literally,' by the way."
6039,225,17,29,86,132,1.4772727272727273,0.06221479835805848,650,"Sure, we could just have it removed, but is that really what you want?"
2690,227,20,32,99,151,1.4768211920529801,0.058558426954840634,650,Can you tell me what brought you in today?
252,228,15,41,93,149,1.476510067114094,0.05518950797101295,650,"There now. Your other problems don’t feel so bad, do they?"
4405,229,14,32,80,126,1.4761904761904763,0.06142672570132229,650,"If it doesn't spark joy in you, Steve, you really should throw it out."
6758,229,11,48,88,147,1.4761904761904763,0.05228301346252807,650,Just make yourself comfortable.
5761,229,16,28,82,126,1.4761904761904763,0.0634603095198388,650,I charge a flat fee.
215,232,17,35,93,145,1.4758620689655173,0.05796910808700806,650,"I don't know, I just can't seem to get myself out of bed in the morning."
7511,232,18,33,94,145,1.4758620689655173,0.058789479781813425,650,"I’m sorry, but I’m only licensed to treat metaphors."
5258,234,15,29,80,124,1.4758064516129032,0.06320377137606424,650,Why is everything always about you?
3320,235,17,34,92,143,1.4755244755244756,0.058572405322290064,650,You’re clearly depressed.
7515,235,15,38,90,143,1.4755244755244756,0.05686598766186658,650,I think arachnophobia is the least of your problems.
5958,237,16,24,78,118,1.4745762711864407,0.06670127785467073,650,#Mammograms are worse.
1531,238,13,39,85,137,1.4744525547445255,0.05682327802951943,650,This is going to take more than one session.
2425,239,14,36,85,135,1.474074074074074,0.0583821209196514,650,"Before we start, I should tell you I charge by the pound."
7013,240,16,31,86,133,1.4736842105263157,0.06092152073997351,650,I think it was better when the elephant was in the room
4757,241,13,36,82,131,1.4732824427480915,0.05868818873289575,650,"Instead of therapy, perhaps you should seek a crane."
6718,242,20,39,108,167,1.473053892215569,0.054263683819672046,650,You never want to go anywhere.
692,243,16,29,84,129,1.4728682170542635,0.062332643550679814,650,"Now imagine that you’re floating in a pool, without a care in the world."
2428,243,15,31,83,129,1.4728682170542635,0.06135335704758423,650,I'm prescribing you an anti-pressant.
3736,243,11,39,79,129,1.4728682170542635,0.05726899944103569,650,Does it hurt when you cough?
1508,246,18,24,85,127,1.4724409448818898,0.06502167315169215,650,I see you've put on a few pounds since we last met.
477,247,22,24,98,144,1.4722222222222223,0.06228649971121121,650,"Yes, I can see that sir. But how does it make you feel?"
3825,247,20,28,96,144,1.4722222222222223,0.0607071482778142,650,"Well Mr. White, since you said you'd like to better empathize with women, I thought we might start off by letting you know how a mammogram feels."
7128,249,14,31,80,125,1.472,0.061775869597409376,650,"I know we’re in the middle of some heavy stuff, Greg, but can you please take your shoes off the furniture."
4398,249,13,33,79,125,1.472,0.06072253129153636,650,"Let’s face it, you have been the victim of a pyramid scheme."
2200,251,20,26,94,140,1.4714285714285715,0.062033754978375086,650,I've been having trouble getting it up lately.
7073,251,13,40,87,140,1.4714285714285715,0.05593534031616704,650,Some patients on medication do experience weight gain.
6153,253,12,38,82,132,1.4696969696969697,0.05735252632732919,650,"Actually, it might not be a panic attack."
1558,254,17,35,95,147,1.469387755102041,0.05735944151236431,650,Of course it’s heavy only if you believe it’s heavy.
3003,255,18,32,95,145,1.4689655172413794,0.05876700244213434,650,Side effects include sudden weight gain.
2856,256,16,28,84,128,1.46875,0.06268427558416713,650,"Yes, Mr. Ryerson, I got the metaphor."
4709,256,15,30,83,128,1.46875,0.0616951125248088,650,"I can't say that I fully appreciated the gravity of your situation, until today."
4082,258,23,36,116,175,1.4685714285714286,0.05423816083300174,650,So you literally meant 'literally'.
721,259,17,32,92,141,1.4680851063829787,0.05916781167266442,650,I didn't know ACME still made those.
190,260,20,25,94,139,1.4676258992805755,0.06236415391892766,650,"So, you are saying you've felt this way since November 8, 2016?"
5518,260,15,35,89,139,1.4676258992805755,0.05803417632091575,650,"I’m a psychiatrist, Mr. Devlin, not a crane operator."
6844,262,16,32,89,137,1.467153284671533,0.05956322244348591,650,"First of all, let me commend you on the proper use of ""literally""..."
5105,263,21,29,102,152,1.4671052631578947,0.05897769955483134,650,I can see you’re depressed.
530,264,13,30,77,120,1.4666666666666666,0.06254783416946093,650,"Other than that, everything good?"
6041,264,14,42,94,150,1.4666666666666666,0.05406654832725927,650,"No, I can't honestly say it's all in your head."
7238,264,18,27,90,135,1.4666666666666666,0.06202765124580578,650,Do you want my medical opinion or my metaphorical opinion?
5028,264,12,39,84,135,1.4666666666666666,0.056427649268687874,650,"Well, actually, you are under quite a lot of pressure."
5543,268,12,45,91,148,1.4662162162162162,0.052877783493445324,650,"I've counseled Atlas. You, sir, are no Atlas."
4769,269,18,26,89,133,1.4661654135338347,0.06273633573837963,650,And what’s the second thing you’d like to get off your chest?
6728,269,14,34,85,133,1.4661654135338347,0.058992907672598294,650,Have you thought that maybe it IS heavy and it's NOT your brother?
3951,271,9,37,72,118,1.4661016949152543,0.05857227822114187,650,"First the elephant in the room, and now this."
996,272,13,35,83,131,1.465648854961832,0.05865762992388148,650,Can we talk about something else?
6960,272,18,25,88,131,1.465648854961832,0.06346586963690437,650,"If you're not going to tell me what's bothering you, I won't be able to help you."
2172,274,15,37,92,144,1.4652777777777777,0.05653934211780214,650,Let’s take a moment and let that sink in.
6771,274,14,39,91,144,1.4652777777777777,0.05567380092995967,650,"I should warn you, 
analysis can take years."
4318,276,16,34,92,142,1.4647887323943662,0.057987054027776666,650,Do you have something you want to get off your chest?
1233,277,15,35,90,140,1.4642857142857142,0.05771489116733902,650,"Now that you mention it; 
Where IS the cat?"
6113,277,18,29,93,140,1.4642857142857142,0.060326888128049594,650,"So, how do you feel about the load being taken off of Fanny and being placed right on you?"
6339,279,21,35,110,166,1.463855421686747,0.05514199948295081,650,"Be aware of it, but don’t dwell on it."
5736,280,18,28,92,138,1.463768115942029,0.06098682493802989,650,"Before we get started, is there anything you would like to get off your chest?"
1136,281,14,42,95,151,1.4635761589403973,0.053796144061238185,650,I'm a psychiatrist. I can only address things that weigh on your mind.
6495,281,13,44,94,151,1.4635761589403973,0.052969093772755264,650,I can tell you have some pressing issues.
567,283,15,27,81,123,1.4634146341463414,0.06354061241814807,650,I'm afraid your time is up.
4995,283,13,31,79,123,1.4634146341463414,0.06140724211217847,650,"Because I'm sick to death of your levitating, that's why."
3355,283,14,29,80,123,1.4634146341463414,0.06248303293813856,650,"We'll get to that in a minute, but first let's talk about my fee."
2094,286,11,34,76,121,1.462809917355372,0.05989122637269638,650,I can assure you it is not all in your head.
3655,287,11,38,81,130,1.4615384615384615,0.05690679713696018,650,Usually it's metaphorical.
5787,287,16,28,86,130,1.4615384615384615,0.06192484543599165,650,And what do you see as the primary source of your depression?
3687,289,13,39,89,141,1.4609929078014185,0.05560547312982129,650,"No, it’s definitely not in your head."
3347,289,16,33,92,141,1.4609929078014185,0.0582745228189166,650,"Yes, I do struggle getting out of bed."""
2027,291,14,42,96,152,1.4605263157894737,0.05352800557897236,650,I'm going to have to refer you to Dr. Crane.
4149,292,16,32,91,139,1.460431654676259,0.058893798631887095,650,It’s a special therapy for people who misuse the word “literally”.
4503,292,14,36,89,139,1.460431654676259,0.05709597786344185,650,I have a theory concerning your sexual dysfunction.
4869,294,13,32,81,126,1.4603174603174602,0.06031746031746031,650,But would losing the weight make you any happier?
6232,295,20,29,101,150,1.46,0.058794755431239264,650,Harold! Get your shoes off the couch!
1231,296,12,33,79,124,1.4596774193548387,0.05994051770970984,650,Admitting you have a weight problem is the first step to solving it.
4162,297,16,30,89,135,1.4592592592592593,0.06018486626611086,650,The good news is that we got the monkey off your back.
871,298,17,39,103,159,1.4591194968553458,0.05408416217142683,650,You'll feel better getting it off your chest.
554,299,20,27,99,146,1.4589041095890412,0.06001630413715217,650,At least you no longer have that monkey on your back.
4035,300,12,37,84,133,1.4586466165413534,0.05699156140991342,650,Well at least you’ve made progress differentiating “literally” and “figuratively.”
2118,300,17,27,89,133,1.4586466165413534,0.061787085258196636,650,"So, what would you like to talk about?"
2581,302,20,32,105,157,1.4585987261146496,0.05678699542940947,650,"It’s always all about you, isn’t it?"
7388,303,15,36,93,144,1.4583333333333333,0.05650652677335219,650,And...our hour is up.
110,303,16,34,94,144,1.4583333333333333,0.05735950370350728,650,"This should fix the ""longer than 4 hours"" issue with your Viagra."
788,303,12,42,90,144,1.4583333333333333,0.05386661560384388,650,"That will be $200 for the session and $1,000 for the crane."
5017,303,13,40,91,144,1.4583333333333333,0.05476072838939758,650,"No Mr. Davis., it's not all in your head. I can see you really are under a lot of pressure."
1193,307,14,32,85,131,1.4580152671755726,0.059612707745975976,650,"Any progress since our last session, Mr. Panini?"
804,308,15,35,92,142,1.4577464788732395,0.05708536879445146,650,"Before we start, is there anything you want to get off your chest?”"
6406,308,18,29,95,142,1.4577464788732395,0.0596524072691092,650,It's the gravity of the situation that is really getting to me.
595,310,15,29,85,129,1.4573643410852712,0.06128445077845696,650,Is there anything you want to get off your chest?
88,311,16,32,92,140,1.457142857142857,0.05856403332352607,650,How can I help you?
2438,312,11,36,80,127,1.4566929133858268,0.05782793598429614,650,"Let's work on other ways to control one's libido, shall we?"
6372,312,14,30,83,127,1.4566929133858268,0.06098379547931151,650,Have you felt any other metaphors lately?
7060,312,9,40,78,127,1.4566929133858268,0.05562464765100172,650,Therapy is not meant to be comfortable.
5768,312,14,30,83,127,1.4566929133858268,0.06098379547931151,650,My other therapist just uses a blanket.
5566,312,11,36,80,127,1.4566929133858268,0.05782793598429614,650,"Well, we got the monkey off your back..."
139,312,12,34,81,127,1.4566929133858268,0.05889868043646422,650,Next week we’ll weigh your options.
3151,318,16,31,91,138,1.4565217391304348,0.0591912463198415,650,I don't think you fully realize the gravity of the situation.
6439,319,18,32,99,149,1.4563758389261745,0.05752247920323625,650,I'm afraid that’s time. Let’s pick this up next week.
2862,320,9,39,77,125,1.456,0.056229942660587,650,Just try to take a deep breath !
1898,321,11,40,85,136,1.4558823529411764,0.055097108823814925,650,"Other than that, any other problems?"
4046,321,20,22,94,136,1.4558823529411764,0.06337257733125622,650,The hardest part of weight loss is keeping it off.
5419,321,18,26,92,136,1.4558823529411764,0.061629689548615876,650,Is there anything you need to get off your chest?
5829,324,18,36,104,158,1.4556962025316456,0.05505557555754592,650,"I should let you know, I charge by the pound."
5268,325,15,36,94,145,1.4551724137931035,0.05620442840642598,650,"Well, you WERE chasing a roadrunner.  What else did you expect?"
7360,325,10,46,89,145,1.4551724137931035,0.05176881850523469,650,You seem to be handling the pressure well.
1098,327,15,40,99,154,1.4545454545454546,0.05379330321944897,650,Very few of us visualize our burdens as well as you do.
1993,328,14,36,91,141,1.4539007092198581,0.0564710049287784,650,"Fine, but for two dollars, I’d get them pressed a the cleaners."
1186,328,15,34,92,141,1.4539007092198581,0.05736106275392596,650,True.  But everyone has an excuse for not getting up in the morning.
3890,328,15,34,92,141,1.4539007092198581,0.05736106275392596,650,Does it spark joy?
3356,331,13,36,88,137,1.4525547445255473,0.05671976842017292,650,I see you have concrete problems.
812,331,16,30,91,137,1.4525547445255473,0.059490829129415994,650,It was then that Larry realized the homeopathic phsychologist might not have been the best choice.
2546,333,11,44,91,146,1.452054794520548,0.05241651416388057,650,Overbearing in what way?
1805,333,11,44,91,146,1.452054794520548,0.05241651416388057,650,All signs point to clinical compression.
1644,335,12,46,97,155,1.4516129032258065,0.05112357060162795,650,Think Styrofoam
1977,335,18,34,103,155,1.4516129032258065,0.05582421118500361,650,"Tell me honestly, Sam, is there something you want to get off your chest?"
1455,335,14,28,82,124,1.4516129032258065,0.062042808488916926,650,We should start by discussing how literally you take things.
5092,338,15,30,88,133,1.4511278195488722,0.05987204916195394,650,The remote is probably under it too.
452,338,12,36,85,133,1.4511278195488722,0.05694645529963382,650,So you’re telling me you’re having a hard time getting out of bed in the morning?
7323,340,17,30,95,142,1.4507042253521127,0.05877029127903412,650,So is there anything you would like to get off your chest?
5484,340,19,26,97,142,1.4507042253521127,0.06044607000257838,650,I took the weight off Annie and put the load right on me.
2471,342,15,29,87,131,1.450381679389313,0.060545320332887925,650,"In the future, let’s only use metaphors."
325,343,17,29,94,140,1.45,0.05939485860904189,650,Go ahead.  Get it off your chest.
1378,343,19,25,96,140,1.45,0.06110072892384912,650,What’s up?
3781,343,9,36,75,120,1.45,0.05779564113714615,650,What doesn't crush you makes you stronger!
5756,346,18,31,100,149,1.4496644295302012,0.057485431092071555,650,Any pressing issues?
4945,347,12,34,83,129,1.449612403100775,0.05819603198099535,650,I see your in-laws are still living with you
3616,347,19,20,90,129,1.449612403100775,0.06507416042783262,650,This should train you not to overdose on Viagra.
499,349,15,32,91,138,1.4492753623188406,0.0582480421950954,650,And you say it was a gift from your mother.
2824,349,17,28,93,138,1.4492753623188406,0.060036717641420115,650,"Until you can abandon the delusion that you have a man underneath you, we won’t be able to make much progress."
7025,351,16,34,97,147,1.4489795918367347,0.056440294115714836,650,"First, let's see what altering your medication does."
907,351,15,36,96,147,1.4489795918367347,0.05560862199113409,650,"Bill, I told you last week, I understand the metaphor."
386,351,18,30,99,147,1.4489795918367347,0.058067914721466454,650,"That's not a metaphor, it's a simile."
6515,354,13,31,83,127,1.4488188976377954,0.05990103638832392,650,It's not all in your head.
6640,355,20,30,106,156,1.4487179487179487,0.05701049182594271,650,"Seriously, Joe?  No thoughts at all as to what might be leading to your erectile dysfunction?"
6371,356,16,29,91,136,1.4485294117647058,0.05979253614969951,650,Any other pressing issues?
6964,357,17,31,97,145,1.4482758620689655,0.05784362133372935,650,When you said it was weighing on you I assumed you were being metaphorical.
2360,358,20,29,105,154,1.448051948051948,0.057567332536940664,650,Literally or figuratively?
4226,359,14,28,83,125,1.448,0.06165041924876412,650,1 realize that you are under a great deal of pressure
42,360,17,26,91,134,1.4477611940298507,0.06137536735166514,650,What would you like to get off your chest?
6502,360,13,34,87,134,1.4477611940298507,0.05760253740084418,650,It's called metaphor therapy.
4631,360,14,32,88,134,1.4477611940298507,0.05856853392095196,650,"Before we wrap up, are there any other pressing issues you’d like to discuss?"
5123,363,18,28,97,143,1.4475524475524475,0.059279565986899416,650,You can’t change the weight. You can only change yourself.
4169,364,13,29,81,123,1.4471544715447155,0.061310113621841515,650,"Sorry, I just get so tired of people saying ""literally"" when it doesn't apply.  Please continue...."
5776,365,13,37,91,141,1.446808510638298,0.0555214134096059,650,"So, tell me what's wrong."
6023,366,19,29,102,150,1.4466666666666668,0.057956758289858246,650,Walter realized that the worst of it was her crushing silence.
6318,367,10,38,82,130,1.4461538461538461,0.05575046463199371,650,Tell me more about your panini dream
724,367,13,32,85,130,1.4461538461538461,0.058871861358494273,650,Any pressing problems?
3769,369,20,26,102,148,1.445945945945946,0.05932433793562827,650,Can you forget about Trump's presidency for a moment?
1733,369,16,34,98,148,1.445945945945946,0.05613966884540453,650,What brings you here today?
2002,371,13,27,79,119,1.4453781512605042,0.06280881999748765,650,"So, what seems to be your problem?"
4301,372,16,25,87,128,1.4453125,0.06255764443073637,650,"On the flip side, it appears your use of the word “literally” was grammatically correct after all. I apologize."
5575,372,16,25,87,128,1.4453125,0.06255764443073637,650,"Is it a simile or a metaphor? I never remember."""
4599,372,12,33,83,128,1.4453125,0.058492160948886755,650,How does it feel to have the weight off your shoulders?
640,375,19,27,100,146,1.4452054794520548,0.059147479797108715,650,I see you brought your mother for today’s session...
7378,375,17,31,98,146,1.4452054794520548,0.05752806049025347,650,"When I asked you to come to today's session prepared to discuss how you feel about being one of Trump's lawyers, I expected you to simply talk about it."
1509,377,18,37,109,164,1.4451219512195121,0.053497353577341804,650,Does it bring you joy?
7509,378,13,42,98,153,1.4444444444444444,0.0523681439910219,650,"Yeah, but don't your other problems seem less important now?"""
6308,378,13,38,93,144,1.4444444444444444,0.05467444243850432,650,And how do you feel figuratively?
3536,378,11,38,86,135,1.4444444444444444,0.05530623991203915,650,This is progress; when we started it was the weight of the world.
1940,378,17,30,97,144,1.4444444444444444,0.0581188011271887,650,Don't ever try Viagra again.
3471,378,14,32,89,135,1.4444444444444444,0.05822761485539883,650,But how does it make you feel on the inside?
7179,378,13,26,78,117,1.4444444444444444,0.063594607941371,650,I’m sensing there’s something you’d like to get off your chest.”
3049,384,14,39,98,151,1.4437086092715232,0.053681886635128184,650,What do you mean ‘we’ll pick this up next week’?!
877,385,14,31,88,133,1.443609022556391,0.05886208672335263,650,Looks like you fell for a pyramid scheme
7265,385,13,33,87,133,1.443609022556391,0.05788630310250207,650,Let’s move on to other pressing issues.
3947,385,11,37,85,133,1.443609022556391,0.05588364477885502,650,"I think this obsession with your weight is just a cover-up for deeper issues, Bob."
5117,388,12,27,76,115,1.4434782608695653,0.06321093517846973,650,You said this was pressing.
7512,389,17,28,95,140,1.4428571428571428,0.05934849138559462,650,"I may need to refer you to my colleague, Dr. Crane."
4191,389,20,22,98,140,1.4428571428571428,0.06189158423002616,650,"So, is there anything you'd like to get off your chest?"
3998,389,15,32,93,140,1.4428571428571428,0.0575907421718837,650,"""I know a lot of shrinks blame the mother, but she WAS operating that crane."
4136,389,15,32,93,140,1.4428571428571428,0.0575907421718837,650,Are you sure this is the best way to treat an overdose of viagra?
7056,393,12,34,85,131,1.4427480916030535,0.0575077470269566,650,Have you tried not watching the news?
3473,394,12,30,80,122,1.4426229508196722,0.060536798842294785,650,When did you first decide that you have a weight problem?
5130,394,12,30,80,122,1.4426229508196722,0.060536798842294785,650,How’s this new strategy working to control your impulses Mr. Weinstein?
2292,396,12,41,94,147,1.4421768707482994,0.05298757878781076,650,Let’s start with your most pressing issue.
2993,396,13,39,95,147,1.4421768707482994,0.05385973882140541,650,"When you described your problem over the phone, I assumed it was a metaphor."
6729,396,19,27,101,147,1.4421768707482994,0.05882175810534163,650,Have you always been underweight?
2069,399,10,41,87,138,1.4420289855072463,0.05346169224812588,650,"So, let's begin with you telling me what you think is holding you down."
5916,399,16,29,93,138,1.4420289855072463,0.059100521781244,650,"So, what would you like to get off your chest for today’s session?"
1192,401,12,33,84,129,1.441860465116279,0.05813953488372092,650,You need to see it as an opportunity.
1662,401,11,35,83,129,1.441860465116279,0.05708836558781176,650,"So, what’s on your mind today"
5023,401,15,27,87,129,1.441860465116279,0.06118478249956159,650,I want you to consider the possibility that maybe it’s all in your head.
829,404,11,27,73,111,1.4414414414414414,0.06358738392721268,650,I want you to imagine the weight being lifted because your insurance doesn't cover this.
5719,405,16,32,97,145,1.4413793103448276,0.05696327215339709,650,Do you mean that literally or figuratively?
3277,406,13,34,89,136,1.4411764705882353,0.05694157258725359,650,"Yes, visualization is often a helpful tool. But in your case, I'm going to recommend a large crane."
2223,406,18,24,94,136,1.4411764705882353,0.061538646378334165,650,This is why you shouldn’t say “literally” when you really mean “figuratively.”
2059,408,11,34,82,127,1.4409448818897639,0.05771721150421985,650,"When I suggested you bring something concrete to our next session this is not what I had in mind,"
5016,408,13,30,84,127,1.4409448818897639,0.05984350639567011,650,Does it feel more like a ton of feathers or a ton of bricks?
421,408,14,28,85,127,1.4409448818897639,0.06087881104852074,650,"Yes, removing unsightly metaphors is my specialty."
7464,411,18,31,103,152,1.4407894736842106,0.056576515547534664,650,Have you considered more reps and less weight?
2995,412,13,37,93,143,1.4405594405594406,0.05491895448157331,650,You’re finally grasping the gravity of the situation.
3109,412,9,45,89,143,1.4405594405594406,0.05120663371469541,650,I'm just saying it wouldn't kill you to lighten up once in a while.
2410,412,12,39,92,143,1.4405594405594406,0.05401479894537779,650,"I'm starting to think your problems may be physical, rather than psychological"
3314,415,14,31,89,134,1.4402985074626866,0.05851488825837687,650,"No, you’re not having a heart attack. A heart attack feels like an elephant is sitting on your chest. That’s not an elephant."
1527,415,10,39,85,134,1.4402985074626866,0.0545445574310961,650,We're all under a lot of pressure Bob.
2870,417,21,28,110,159,1.440251572327044,0.056846510462959965,650,"Now, I want you to take a deep breath."
3760,418,12,31,82,125,1.44,0.05945993500642044,650,Would you like to get something off your chest?
152,418,15,36,99,150,1.44,0.05473548350350452,650,"Oh, there are no therapeutic benefits, Mr. Phelps. I just don't like you."
1768,418,14,27,84,125,1.44,0.06159178830896839,650,"I will get to your feeling of having a crushing weight on your chest in a moment, but first I want you to just try and breath deeply and relax."
2847,418,13,29,83,125,1.44,0.06053524699736724,650,Try to think of a metaphor to describe this oppressive feeling.
2984,418,12,31,82,125,1.44,0.05945993500642044,650,"I’ll be frank with you, you’re not imaging it."
7564,418,15,25,85,125,1.44,0.06263050890070503,650,Just a few more sessions and I should be able to pinpoint the source of your pain.
6337,424,15,28,89,132,1.4393939393939394,0.060127068543905614,650,Anything particularly pressing you would like to start off with today?
748,425,19,27,102,148,1.4391891891891893,0.0584993053069566,650,Most problems are mental.  Yours is not.
1277,425,12,41,95,148,1.4391891891891893,0.052713073121341325,650,I must insist that you remove your shoes before our session
3400,427,7,40,76,123,1.4390243902439024,0.05432922659591502,650,It seems that you don't do well under pressure.
1377,428,11,39,89,139,1.4388489208633093,0.054142453461014615,650,"Technically, it's called a Panini Complex."
7190,428,13,35,91,139,1.4388489208633093,0.05603511484675264,650,Why don't we pick it up here next week.
3981,430,19,19,92,130,1.4384615384615385,0.06461098318200642,650,"Oh please, if it was the weight of the world you'd be dead."
1906,431,11,49,102,162,1.4382716049382716,0.0487095635372891,650,"''So, that takes care of the monkey on your back, and the albatross around your neck. The thorn in your side will have to wait for next week."""
6976,432,12,29,80,121,1.43801652892562,0.060862218490592056,650,You're letting your weight define you.
1306,433,15,30,92,137,1.437956204379562,0.05848131109309688,650,I'm surprised you're able to get out of bed in the morning
289,434,14,39,100,153,1.4379084967320261,0.05313532755155237,650,"There we go, now you can't run away from your feelings"
6617,435,14,46,109,169,1.4378698224852071,0.049510720004115875,650,"In my professional opinion, your level of anxiety is quite appropriate."
3638,436,22,26,112,160,1.4375,0.05724787491592974,650,"No, you need to keep it there until you learn to properly use ""literally""."
2179,436,11,34,83,128,1.4375,0.0573680444122426,650,"Other than that, what kind of week have you had?"
6278,436,15,26,87,128,1.4375,0.06150787351174651,650,"These metaphors are getting out of hand, Todd."
366,436,15,19,78,112,1.4375,0.06804548643325452,650,"The safe word is ""Panini""."
1648,440,14,38,99,151,1.4370860927152318,0.053632844653646254,650,"No, I said WAIT on the couch !"
5574,441,14,31,90,135,1.4370370370370371,0.05817132908597966,650,Perhaps it was a mistake to begin with visualization.
4895,442,14,41,103,158,1.4367088607594938,0.05191918153491191,650,"But on the other hand, some people take things too lightly."
4473,443,19,24,99,142,1.4366197183098592,0.060352896814239,650,I'm under a ton of pressure right now
4891,444,15,42,108,165,1.4363636363636363,0.051071959936107594,650,"Well, I see you got that monkey off your back."
3247,445,13,39,97,149,1.436241610738255,0.05329871912246044,650,I don't find you strange at all.  Most people come here wanting to get something off their chest.
1535,445,11,43,95,149,1.436241610738255,0.051569021873218816,650,I'd say you're under a little more than just the weather.
4442,447,12,34,87,133,1.4360902255639099,0.05683353340525592,650,"So where do you think this ""pressure"" stems from?"
3070,448,10,31,76,117,1.435897435897436,0.059944732607429926,650,Have you always had issues with your weight?
4197,449,15,24,85,124,1.435483870967742,0.06297329108411534,650,Only two more years of this Administration.
647,450,20,24,103,147,1.435374149659864,0.05956074043701674,650,You seem to be preoccupied with your weight.
7552,451,13,31,87,131,1.4351145038167938,0.05845860829074556,650,"Yes, it does make you look thinner."
2034,451,13,31,87,131,1.4351145038167938,0.05845860829074556,650,I'm sorry but the 50 minutes is up.
7256,451,10,37,84,131,1.4351145038167938,0.0553632499678435,650,"On the lighter side, it does give you a bit of gravitas."
2241,454,13,34,91,138,1.434782608695652,0.05629383864931595,650,Everybody feels hard-pressed sometimes
3581,455,19,25,101,145,1.4344827586206896,0.05938202920960684,650,I see you have issues with your weight.
6970,456,10,36,83,129,1.434108527131783,0.05595038772578315,650,Do you have any pressing issues today?
2289,456,13,30,86,129,1.434108527131783,0.059108527131782954,650,Do you have trouble getting out of bed in the morning?
430,456,14,28,87,129,1.434108527131783,0.06012438781972315,650,I can see why you're depressed.
4996,459,13,33,90,136,1.4338235294117647,0.05688175814654789,650,Anything new this week?
4300,460,12,38,93,143,1.4335664335664335,0.05395738727394215,650,Well at least we know its not all in your head.
6902,460,12,38,93,143,1.4335664335664335,0.05395738727394215,650,What exactly do you mean when you say you've got a ton of problems?
2829,462,10,45,95,150,1.4333333333333333,0.050426961527725585,650,"Believe me, Mr. Mercer, you're that lucky one in a million whose load is merely literal."
4034,463,12,31,84,127,1.4330708661417322,0.05872297547942076,650,"Ok, so they took the load off of Franny and then they put the weight on you and then what?"
999,464,12,34,88,134,1.4328358208955223,0.05650161024102132,650,Only when I laugh
4141,464,11,36,87,134,1.4328358208955223,0.055499649631274586,650,"Well, you're obviously under a lot of pressure."
6151,466,10,41,90,141,1.4326241134751774,0.05259715239074939,650,I have the sense there’s something you need to get off your chest.
2286,467,15,34,99,148,1.4324324324324325,0.055213705197201125,650,"Next session let's just try using the metaphor, Mr. Gallagher."
4306,468,10,47,98,155,1.4322580645161291,0.049309734572856444,650,I think I know what your problem is.
2324,468,11,45,99,155,1.4322580645161291,0.05015213957755869,650,There are a number of alternative treatments for hyperactivity.
6628,470,14,29,89,132,1.4318181818181819,0.05909446776593548,650,Try thinking of what you're grateful for.
4548,471,15,30,94,139,1.4316546762589928,0.05780754268850086,650,Yes I understand that you’re under a lot of pressure.
7134,471,19,22,98,139,1.4316546762589928,0.061308805647346434,650,"Ok, plan B: try lifting your spirit."
1146,473,16,31,99,146,1.4315068493150684,0.05659820702052454,650,"I feel for you, but I had Atlas in here yesterday."
7565,474,16,34,103,153,1.4313725490196079,0.05467852218152982,650,It could be psychosomatic
6797,475,13,42,103,158,1.4303797468354431,0.05108441760587403,650,Who says you can’t hold a good man down?
4982,475,12,44,102,158,1.4303797468354431,0.05028908496928419,650,And in what way do you think it might not be just a metaphor?
3613,477,9,31,74,114,1.4298245614035088,0.05971689438397087,650,"So, you're telling me you're under a lot of pressure..."
3405,478,12,28,81,121,1.4297520661157024,0.06078735718490344,650,Let's talk about what you think is really weighing you down.
3121,478,11,30,80,121,1.4297520661157024,0.05964362285016795,650,"Wait, wait, don’t tell me."
1656,480,13,29,86,128,1.4296875,0.059405264510189584,650,I see you got smashed again last night.
3107,481,16,26,93,135,1.4296296296296296,0.05998041023552768,650,If only there were a metaphor to describe your situation....
3041,481,12,34,89,135,1.4296296296296296,0.05617309261530845,650,It started as a metaphor.
3664,481,18,22,95,135,1.4296296296296296,0.06179616696081789,650,"It's not the world, Jim, it's just a weight."
1229,484,12,37,93,142,1.4295774647887325,0.05419002231061119,650,Being literal seems to be important to you.
3299,485,14,36,99,149,1.429530201342282,0.05408660913384405,650,"I'm only here to facilitate Mr Perkins, you have to do the heavy lifting."
5289,486,14,35,98,147,1.4285714285714286,0.05460782657914247,650,I'm sorry--our time is up.
6072,486,13,31,89,133,1.4285714285714286,0.057760390708157215,650,I see that your wife is pretty adamant that you stay in therapy.
4669,486,12,39,96,147,1.4285714285714286,0.05287380072840038,650,Your friends will be impressed until they realize it's styrofoam
2111,486,11,32,83,126,1.4285714285714286,0.05793107171712589,650,Wouldn't a chastity ring have been a better choice?
4424,486,10,40,90,140,1.4285714285714286,0.05281671185007028,650,"So tell me, how can I be of help?"
7156,486,16,22,88,126,1.4285714285714286,0.06317380553057904,650,"Well, it's usually a metaphor."
3955,486,10,43,94,147,1.4285714285714286,0.05108094442387969,650,And that isn’t even why I’m here
6756,486,18,27,102,147,1.4285714285714286,0.05792034671995594,650,"My wife couldn't make it, but she sent a replacement."
2672,494,11,49,106,166,1.427710843373494,0.0478193822955527,650,I suppose you think this is somehow my fault.
6705,495,14,34,97,145,1.4275862068965517,0.05514247271867119,650,I warned you about pyramid schemes.
6478,495,15,32,98,145,1.4275862068965517,0.056004265356688884,650,All my clients feel better when they leave.
2769,495,18,26,101,145,1.4275862068965517,0.05851353740786403,650,"From NPR, National Psychiatric Radio, this is “Weight Weight...Don’t Tell Me!”"
652,498,11,34,86,131,1.4274809160305344,0.05634235418458367,650,I'm referring you to a crane.
1055,498,12,32,87,131,1.4274809160305344,0.05737508768757895,650,I think you're finally starting to understand the gravity of your situation.
585,498,13,30,88,131,1.4274809160305344,0.05838955813545496,650,"When you said “literally” on the phone, I thought you were just using it incorrectly."
3635,498,17,22,92,131,1.4274809160305344,0.06228241925004902,650,"'So many metaphors but unfortunately, our time is up'."
6671,502,13,27,84,124,1.4274193548387097,0.060781460407686276,650,"Now, what is that pressing matter you wanted to talk about?"
3958,503,12,43,102,157,1.4267515923566878,0.05047853776072686,650,Now do you understand what “literally” means?
3504,504,15,34,101,150,1.4266666666666667,0.0546263833681188,650,And you're sure there's nothing you'd like to get off your chest?
4591,505,13,35,95,143,1.4265734265734267,0.05479968130709568,650,You're so dramatic -- not every crushing chest pain is a heart attack.
3383,506,16,26,94,136,1.4264705882352942,0.05962149396494368,650,How long has your weight bothered you?
5598,507,12,31,86,129,1.426356589147287,0.05800209853867125,650,"16 tons, and what do you get? Long term therapy and deeper in debt."
4735,507,14,27,88,129,1.426356589147287,0.0600540714432022,650,We need to talk about your unpaid bill before we talk about getting that off your chest.
739,507,11,33,85,129,1.426356589147287,0.05694839246091129,650,Tell me what's on your mind.
696,507,13,29,87,129,1.426356589147287,0.05903700082065044,650,Now that we have your sleep walking cured is there anything else you want to talk about?
806,507,15,25,89,129,1.426356589147287,0.06105420155823009,650,Is there anything else you'd like to get off your chest?
3700,507,13,29,87,129,1.426356589147287,0.05903700082065044,650,Every time it's your turn to take out the trash you come up with some excuse.
629,507,16,23,90,129,1.426356589147287,0.06203821047484153,650,"You didn't need the prop, I understood the metaphor!"
2053,514,11,30,81,122,1.4262295081967213,0.05925751222673933,650,Nice metaphor.
5847,514,11,30,81,122,1.4262295081967213,0.05925751222673933,650,I'm really better equipped to resolve issues that are emotionally crushing.
5583,516,12,42,101,155,1.4258064516129032,0.05092227506465829,650,I'd say it's more of an engineering problem than a psychological one.
3835,517,15,30,96,141,1.425531914893617,0.057147707224812064,650,"So, why are you depressed?"
5707,517,12,36,93,141,1.425531914893617,0.05442342393925323,650,"My practices may be unorthodox, but they have a very high success rate. Most patients don't come back after their first session"
561,519,14,29,91,134,1.4253731343283582,0.05838593756434718,650,Is there anything else that you would like to get off of your chest?
6520,519,14,29,91,134,1.4253731343283582,0.05838593756434718,650,"Can’t run away from your problems now, can you?"
6830,519,14,29,91,134,1.4253731343283582,0.05838593756434718,650,There’s a ton to talk about.
1936,522,12,30,85,127,1.4251968503937007,0.0586475122113904,650,"You say you're not sure what's weighing you down, but to me it's obvious."
3884,523,12,35,92,139,1.4244604316546763,0.0549674240891689,650,When did you first notice it?
7196,523,13,33,93,139,1.4244604316546763,0.055907800221023346,650,"You feel like you're under a tremendous weight because you are under a tremendous weight."""
226,525,15,26,91,132,1.4242424242424243,0.059995770651705776,650,Tell me about the first time you abused the word 'literally'.
3597,525,11,34,87,132,1.4242424242424243,0.05600759602122153,650,Hmmm ...  is there something you want to get off your chest?
5308,527,22,23,113,158,1.4240506329113924,0.05770078244604472,650,"On the bright side, it appears as if you've gotten
that monkey off your back."
3747,528,11,31,83,125,1.424,0.0582142871278731,650,"Sure, a crushing sense of pressure in your chest could be a symptom of anxiety, but first let's talk about your inability to get out of bed."
1131,529,13,38,100,151,1.423841059602649,0.052686826073894966,650,"So, exactly how long have you been struggling with your weight?"
3921,530,11,28,79,118,1.423728813559322,0.060667468583389256,650,I've never been more confident in diagnosing a depression.
6578,531,14,33,97,144,1.4236111111111112,0.05538228126046944,650,"Yes, you do seem to be under a lot of pressure."
1980,531,8,45,91,144,1.4236111111111112,0.049844222281656296,650,Any pressing issues to discuss this week?
6306,531,15,31,98,144,1.4236111111111112,0.056252308172543834,650,Sometimes a weight on your chest is JUST a weight on your chest.
4573,534,12,34,91,137,1.4233576642335766,0.055526122238843824,650,"Yes, I do have student loans. Why do you ask?"
1912,534,14,30,93,137,1.4233576642335766,0.05742677654887637,650,What is your most pressing concern right now?
2723,536,15,39,109,163,1.4233128834355828,0.0514102457667752,650,So when did the voices tell you that Newton was wrong?
4372,537,13,40,103,156,1.4230769230769231,0.0514781198057127,650,How long have you  had chest pain?
5796,538,16,31,102,149,1.4228187919463087,0.05567813886311421,650,At least you got that monkey off your back.
4704,538,12,39,98,149,1.4228187919463087,0.05231898566477956,650,I find this technique useful when I discuss my fee.
4833,540,14,32,96,142,1.4225352112676057,0.055937040665617214,650,"At the end of the day, of course, it’s you who will have to do the heavy lifting."
2704,540,15,30,97,142,1.4225352112676057,0.056822905938485414,650,"If it's nothing pressing, we'll wait till next time."
1262,542,14,21,81,116,1.4224137931034482,0.06496552201606186,650,This type of problem is best dealt with by a crane specialist not a brain specialist.
2143,542,10,29,77,116,1.4224137931034482,0.060173240737842776,650,"Well Brian, therapy can help, but you'll have to do a lot of heavy lifting."
2400,544,13,39,102,154,1.422077922077922,0.05194009360990521,650,No more surprise erections? The treatment's a success!
2758,544,16,33,105,154,1.422077922077922,0.05433618166265052,650,"What a coincidence, I’m going to bill you a ton too."
2838,546,14,26,88,128,1.421875,0.060356322814930974,650,"While we await the crane, suppose you tell me a little about your mother."
5626,546,9,36,83,128,1.421875,0.05502479644146988,650,"So, tell me, how long has this been weighing on you?"
2666,548,17,28,102,147,1.4217687074829932,0.05704914859424483,650,"If this doesn't fix your erection problem, nothing will."
4899,549,11,29,81,121,1.421487603305785,0.05955767410554747,650,"Ok, you got the 16 tons but what did it get you?"
2741,549,11,29,81,121,1.421487603305785,0.05955767410554747,650,"Repressed, oppressed, or permanent pressed?"
687,551,10,39,91,140,1.4214285714285715,0.05274369091592325,650,I see you are under a lot of pressure.
3332,551,17,25,98,140,1.4214285714285715,0.05917196457669882,650,"Trust me, it's still better then a chip on your shoulder."
6905,551,16,27,97,140,1.4214285714285715,0.05829705369010763,650,I have to pee.
5437,551,10,39,91,140,1.4214285714285715,0.05274369091592325,650,I see some concrete evidence of stress.
1873,555,14,39,106,159,1.421383647798742,0.051553100196369085,650,Let's start with a few deep breaths.
5563,556,15,26,92,133,1.4210526315789473,0.05962834532854236,650,"When you called, I assumed you we’re speaking metaphorically."
816,556,13,30,90,133,1.4210526315789473,0.05768619621291049,650,So you are saying it’s not metaphorical.  Let’s run with that.
2281,556,12,32,89,133,1.4210526315789473,0.056690176106285496,650,"First of all, you could probably lose some weight."
546,559,11,39,95,145,1.4206896551724137,0.05240295310370055,650,Well at least you're not internalizing anymore.
4207,559,18,25,102,145,1.4206896551724137,0.05845141211536148,650,"Doctor, do you think I have a weight problem?"
2442,561,13,27,86,126,1.4206349206349207,0.06000335927439937,650,It seems you're still having a little trouble keeping the weight off.
1145,561,13,27,86,126,1.4206349206349207,0.06000335927439937,650,It’s not an anxiety attack. It’s a panini press.
6553,563,17,11,79,107,1.4205607476635513,0.07277818552325138,650,Would you say it feels more like pounds or kilograms?
3778,564,11,44,102,157,1.4203821656050954,0.04960022157863151,650,I think I see the problem.
6564,565,13,24,82,119,1.4201680672268908,0.06257972931319417,650,"I'd suggest that it may not be ""life""  that is weighing you down."
6242,565,13,24,82,119,1.4201680672268908,0.06257972931319417,650,"Oh, all right, I'll bite. What do you need to get off your chest?"
1913,567,12,39,99,150,1.42,0.05204541125031837,650,"To paraphrase Freud, sometimes a ten-ton weight is just a ten-ton weight."
4404,568,12,31,88,131,1.4198473282442747,0.05729690930586906,650,I sense that there is something you would like to get off your chest...
2138,568,12,31,88,131,1.4198473282442747,0.05729690930586906,650,I see we don’t have a ton of time left - Oh! Sorry! - my phrasing was insensitive.
6814,570,13,26,85,124,1.4193548387096775,0.060698761543954836,650,so how long have you had issues about being under weight?
68,570,8,36,80,124,1.4193548387096775,0.05503351647098693,650,"We’ll get to that. First, tell me about your childhood."
618,572,13,31,92,136,1.4191176470588236,0.05674076955906634,650,Is it in the room with us now?
1817,572,14,29,93,136,1.4191176470588236,0.057692697909082984,650,Now your eyes are getting heavy.
4076,574,14,26,89,129,1.4186046511627908,0.05997584544745654,650,I know we’re delving into some heavy stuff today but you have to trust the process.
2673,574,10,34,85,129,1.4186046511627908,0.055790733218933276,650,"I can guide you, yes,
but you'll have to do the heavy lifting."
3232,576,11,37,93,141,1.4184397163120568,0.05341055867516596,650,Tell me more about your student loan debt.
240,576,11,37,93,141,1.4184397163120568,0.05341055867516596,650,I can see why you feel that way.
2206,578,16,19,87,122,1.4180327868852458,0.06463990898993097,650,Comfie ?
5320,578,9,33,80,122,1.4180327868852458,0.0568325334297119,650,I see. And are there any other pressing issues?
4575,580,11,36,92,139,1.4172661870503598,0.05393423917812347,650,You seem a little flat today.
1270,581,15,33,103,151,1.4172185430463575,0.05427232118820629,650,"So, what do YOU think is causing all this pressure?"
1225,582,14,32,98,144,1.4166666666666667,0.05531220985858872,650,"No, you are not imagining it."
7465,582,11,33,88,132,1.4166666666666667,0.05592540166431237,650,We need to talk about the elephant in the room.
3428,582,15,35,106,156,1.4166666666666667,0.052998067394055284,650,It could always be worse. You should have seen the guy who was referred here for butterflies in his stomach.
2580,582,14,27,91,132,1.4166666666666667,0.05894600761990985,650,"Weight weight, don't tell me. Just kidding..."
369,582,13,34,97,144,1.4166666666666667,0.05442715739697842,650,When you said on your paperwork that you had a “Ton of Problems” I thought you were speaking figurativly.
162,582,10,35,87,132,1.4166666666666667,0.05488160101810752,650,If I told you that it was made of dark chocolate would you feel better?
3937,582,10,35,87,132,1.4166666666666667,0.05488160101810752,650,Can you explain what kind of pressure you're under?
5678,582,8,34,78,120,1.4166666666666667,0.056239948785560136,650,"After five more years of therapy, it will still be there, but you won't care."
21,582,8,24,64,96,1.4166666666666667,0.06567241047103436,650,Now you know what a bra feels like.
2131,591,11,40,98,149,1.4161073825503356,0.0513738967428626,650,I feel like I should get something off my chest
2326,591,14,34,101,149,1.4161073825503356,0.053957033195385404,650,"Trust me, you’ll feel better once you get it off your chest."
1887,593,14,29,94,137,1.416058394160584,0.057351686526620656,650,The airlines say they won’t let me fly with my comfort concrete counterweight unless I get a note from my psychiatrist.
5568,593,17,23,97,137,1.416058394160584,0.060093615037831484,650,I thought I asked you to go to the bathroom BEFORE we got started!
4904,593,12,33,92,137,1.416058394160584,0.05544845835130325,650,"Frankly Henry, we’re sick & tired of hearing your ‘weight of the world’ crap."
7516,596,14,24,87,125,1.416,0.06136511565502699,650,"I told you, it's only until they refill your Ritalin."
6168,597,15,29,98,142,1.4154929577464788,0.05675167791710515,650,Of course I know I have a weight problem!
1722,598,16,22,92,130,1.4153846153846155,0.06156826946539164,650,So was there anything you wanted to get off your chest?
6480,599,10,29,79,118,1.4152542372881356,0.05936340934110219,650,I'm guessing you have something you want to get off your chest.
3587,600,14,33,100,147,1.4149659863945578,0.05447416171511015,650,Great session today Bob! I think we really-dare I say-crushed it.
3315,600,13,35,99,147,1.4149659863945578,0.0536119980456653,650,"What seems to be troubling you, Mr. Jones?"
5001,600,13,35,99,147,1.4149659863945578,0.0536119980456653,650,"You know George, most people would be happy to be underweight."
4414,600,11,39,97,147,1.4149659863945578,0.051844675852177086,650,What do you mean by pressure?
7330,604,10,36,89,135,1.4148148148148147,0.05401020027853734,650,"Yes, I can see that it's not just a metaphor."
197,605,10,31,82,123,1.4146341463414633,0.057638948085802034,650,The first step is acknowledging your problem.
1624,605,11,29,83,123,1.4146341463414633,0.05878374229123717,650,Many people do feel better after losing the weight.
7066,605,14,23,86,123,1.4146341463414633,0.062091613135245534,650,You said you have something to get off your chest?
7081,608,13,32,95,140,1.4142857142857144,0.05551377733842006,650,"Well, you should have used the bathroom on your way in."
6539,608,12,34,94,140,1.4142857142857144,0.054580257891117305,650,"Slowly exhale through your nose and feel your limbs grow heavy."""
376,608,17,24,99,140,1.4142857142857144,0.059100585158312194,650,"So tell me, what seems to be the problem?"
4092,608,13,32,95,140,1.4142857142857144,0.05551377733842006,650,Let me guess... you've got something you want to get off your chest.
5637,612,11,31,86,128,1.4140625,0.05712879123646643,650,"Let's not exaggerate...it is not the whole world, and it isn't really on your shoulders."
7311,613,17,31,109,157,1.414012738853503,0.05425289195143427,650,"Thank you for coming, Mr. Abbott.  Sorry about the weight."
1328,614,16,28,101,145,1.4137931034482758,0.056719217432070465,650,"It looks like you have a ton to talk about this week, so let's get started."
6220,615,15,37,110,162,1.4135802469135803,0.05154246946108619,650,"I'm sorry Kevin, we're out of time."
1347,616,16,23,94,133,1.413533834586466,0.060498253543417424,650,"Just give the antidepressants another week or two to kick in."""
5104,616,11,33,89,133,1.413533834586466,0.05559166168626273,650,"No, I don’t think it’s all in your mind."
3069,618,16,30,104,150,1.4133333333333333,0.055310121543127935,650,"On a scale of 1 to 5 million, with 5 million being the greatest, how much pressure would you say you are feeling right now?"
5044,618,18,26,106,150,1.4133333333333333,0.056905012629306535,650,Tell me again: how many Viagra tablets?
5299,618,13,36,101,150,1.4133333333333333,0.05282757962728048,650,I'm sensing there's something you want to get off your chest.
792,621,14,22,85,121,1.4132231404958677,0.06284072029957208,650,"Tell me whenever you're ready - no pressure"""
3150,622,19,19,100,138,1.4130434782608696,0.06147819518313195,650,I see you have a lot you want to get off your chest.
7443,622,12,33,93,138,1.4130434782608696,0.05512769561115628,650,I think we both know what's really bothering you.
3918,624,18,28,109,155,1.4129032258064516,0.05551834939682643,650,I just wanted you to know how it feels with you on top.
944,625,16,20,90,126,1.4126984126984128,0.06301407378183875,650,Very good. And now I'd like you to visualize how you felt AFTER your mother's visit.
5703,625,13,26,87,126,1.4126984126984128,0.05991511590267215,650,"I get the impression your wife is forcing you to stay in therapy"""
4970,627,17,25,101,143,1.4125874125874125,0.058147534391436946,650,"Look, either it’s this, or you learn to iron your own damn clothes."
641,628,16,22,93,131,1.4122137404580153,0.061178703043808944,650,So tell me why you've named it mommy.
2563,629,18,34,118,170,1.411764705882353,0.051829216518647435,650,"On a scale of 1 to 10, how would you rate your feelings of entrapment?"
3711,630,12,41,105,158,1.4113924050632911,0.0500984653576282,650,Strangely enough this is actually the most common side-effect of your anti-depressant.
7546,631,18,22,101,141,1.4113475177304964,0.059609436352909856,650,Sure you wouldn't rather drink the prep?
6973,631,9,40,92,141,1.4113475177304964,0.051394851872226914,650,Some things are real and some are imagined.  Can you feel the difference?
5589,631,14,30,97,141,1.4113475177304964,0.056107186811822404,650,"Not funny, Fred.  Now go get dressed before we're late for my mother's birthday party."
4846,634,8,35,81,124,1.4112903225806452,0.05493254186791732,650,Describe this pressure you feel.
4748,635,15,30,101,146,1.4109589041095891,0.055556813747508725,650,Why don't YOU tell me what you think your problem is?
6253,636,13,27,89,129,1.4108527131782946,0.05886976813598464,650,"Is there something you'd like to get off your chest, Howard?"
4447,636,11,31,87,129,1.4108527131782946,0.05677500804376067,650,"Henry, I know what a metaphor is.  You don't have to be so dramatic."
1819,636,15,23,91,129,1.4108527131782946,0.060892509082809985,650,"When you left a message telling me you were underweight, I assumed you meant you had an eating disorder"
414,636,6,41,82,129,1.4108527131782946,0.051164258846682506,650,"You *say* it helps keep you grounded, but I think your putting a lot of pressure on yourself."
5773,640,15,25,94,134,1.4104477611940298,0.05918373287602838,650,Let's start with why you feel the need to wear such a large belt buckle.
5538,640,8,39,87,134,1.4104477611940298,0.05212646432190417,650,"I swear to God, if I hear one more ""I just need to get this off my chest"" quip..."
6586,640,14,27,93,134,1.4104477611940298,0.05822794334773498,650,"So, is there anything you want to talk about?"
578,643,12,33,94,139,1.410071942446043,0.054810266609972805,650,"Yes, but figuratively what do you think the problem is?"
3236,643,12,33,94,139,1.410071942446043,0.054810266609972805,650,You didn’t even mention my new haircut
2331,645,10,30,82,122,1.4098360655737705,0.057911651945530385,650,I must stress that you consider the gravity of this situation.
5567,646,10,39,95,144,1.4097222222222223,0.05159950748724101,650,You may recall I only promised to help get the weight off your shoulders.
3323,647,9,34,84,127,1.4094488188976377,0.055171648966896594,650,Seriously. It's a metaphor.
6624,647,11,30,86,127,1.4094488188976377,0.05739233052971646,650,"Anything you would like to talk about today, Stan ?"
5487,649,11,39,99,149,1.4093959731543624,0.05129682547937954,650,So you’ve added a few pounds and now you’re depressed?
113,650,19,25,110,154,1.4090909090909092,0.056504310897102374,650,There is such a thing as too much cowbell.
1245,650,12,30,90,132,1.4090909090909092,0.05686153793423367,650,Just relax . . . .Breathe normally. .
6838,650,16,31,107,154,1.4090909090909092,0.05420414962422673,650,Let's talk about your preoccupation with weight loss.
4760,650,11,32,89,132,1.4090909090909092,0.055835240442236506,650,So would you describe your problems in kilograms or pounds?
7521,650,21,21,112,154,1.4090909090909092,0.0579870849897081,650,This will test that Viagra substitute.
4030,655,14,28,95,137,1.4087591240875912,0.05726965785075154,650,Let's talk about your panini nightmares.
4426,655,14,28,95,137,1.4087591240875912,0.05726965785075154,650,So would it be fair to say you’ve felt under a lot of pressure lately?
5051,655,12,32,93,137,1.4087591240875912,0.055363609857293425,650,When did you first notice this tightness in your chest?
4106,658,14,19,82,115,1.4086956521739131,0.06523518699490183,650,"If I rush to help you I'm not really listening, am I?"
5184,659,14,39,111,164,1.4085365853658536,0.05029765091665162,650,"Yes, I see it too."
7326,659,14,39,111,164,1.4085365853658536,0.05029765091665162,650,Let's skip the breathing exercises.
6724,661,18,22,102,142,1.408450704225352,0.059259009142622845,650,We're almost out of time. Is there anything else you'd like to get off your chest?
2045,661,15,28,99,142,1.408450704225352,0.05667415462064096,650,so you say you struggle with your weight. let's talk a little more about that
2754,661,11,36,95,142,1.408450704225352,0.053032059346174124,650,I’m hoping you charge by the hour and not the pound...
6123,661,16,26,100,142,1.408450704225352,0.057548674379444796,650,Describe to me what you think might be holding you back?
4794,665,10,29,81,120,1.4083333333333334,0.058572937285572176,650,"The good news is, you don't have anxiety."
141,666,15,30,102,147,1.4081632653061225,0.055248358731825355,650,Not to worry - my next patient has a superman complex.
4260,666,15,30,102,147,1.4081632653061225,0.055248358731825355,650,"And this “roadrunner,” does he have a name?"
3609,668,11,40,101,152,1.4078947368421053,0.05057637740110556,650,"I gotta say, Gary, a lot of your problems seem to be self-inflicted."
2980,669,16,32,109,157,1.4076433121019107,0.05342691498862353,650,"Before we finish this session, is there anything you'd like to get off your chest?"
7479,669,13,38,106,157,1.4076433121019107,0.05108284734837403,650,"Well.., psychosomatic conditions can feel very real sometimes."
6697,671,14,27,94,135,1.4074074074074074,0.05787493072136595,650,"Next time, let's discuss your anxiety through the use of simile instead of metaphor."
6525,671,8,39,88,135,1.4074074074074074,0.051828155368695575,650,You really need to stop putting so much pressure on yourself.
4297,671,13,29,93,135,1.4074074074074074,0.056911767557240436,650,You’ll feel better when you get it off your chest.
1119,674,13,33,99,145,1.4068965517241379,0.05404743882992528,650,I think you need to lighten up.
2869,675,16,29,105,150,1.4066666666666667,0.05523726870366073,650,Why do you put so much pressure on yourself?
4864,676,12,26,85,123,1.4065040650406504,0.059807098471559364,650,And what pressing issues will we be dealing with in today's session?
4681,677,11,30,87,128,1.40625,0.05703196627475993,650,"What would you like to talk about, Mr. Panini?"
4443,677,13,26,89,128,1.40625,0.05914987886117214,650,"So, what's on your mind?"
5523,677,12,28,88,128,1.40625,0.058100573777100914,650,"Ya know, I'm just going to skip the childhood questions for now."
719,677,10,32,86,128,1.40625,0.055942950235953436,650,Awearness of the problem does not solve the problem.
2478,677,10,32,86,128,1.40625,0.055942950235953436,650,"On the other hand, sometimes a weight is just a weight"
5659,682,9,36,88,133,1.406015037593985,0.05340703993333576,650,Try not to focus on what you’re no longer able to do.
2786,683,12,32,94,138,1.4057971014492754,0.0550407186619516,650,"All right, so here I am.  What's this 'big thing' you need 'to get off your chest'"
6544,683,11,34,93,138,1.4057971014492754,0.054071195548342665,650,I usually deal with more figurative problems.
946,683,13,30,95,138,1.4057971014492754,0.05599345706081294,650,My feet itch
1073,686,13,32,98,143,1.4055944055944056,0.0545729751492587,650,I know you have been under a lot of pressure lately.
817,687,10,40,98,148,1.4054054054054055,0.05058750066160501,650,And you say you also have difficulty breathing?
207,688,13,38,107,158,1.4050632911392404,0.05082403660088076,650,"So, tell me what the problem is."
2608,688,16,32,110,158,1.4050632911392404,0.05315034959111755,650,This is the only cognitive behavioral therapy method approved by your insurance.
6236,688,12,40,106,158,1.4050632911392404,0.05002456437915496,650,I notice you're still thinking concretely.
4059,691,10,29,82,121,1.4049586776859504,0.05818479206023569,650,"So, you say you feel paralyzed at times?"
3006,692,20,28,120,168,1.4047619047619047,0.053557565611177235,650,"Look at the bright side, Steve.  You've completely squashed the monkey on your back."
785,692,14,23,89,126,1.4047619047619047,0.06087048069057065,650,I see you’re dating again.
5993,694,14,25,92,131,1.4045801526717556,0.05913709695738446,650,It seems there is something you need to get off your chest.
7455,694,12,29,90,131,1.4045801526717556,0.05711669293958194,650,At least you don’t have a chip on your shoulder.
7380,696,12,33,96,141,1.4042553191489362,0.05418524588629629,650,It looks like our time is up. Shall I call for a Lyft?
4950,696,14,29,98,141,1.4042553191489362,0.0560238798812241,650,"Well, finally you have a good reason for being depressed."
4199,696,13,31,97,141,1.4042553191489362,0.05511223089616413,650,I don't think Viagra will solve your problem.
3712,696,14,29,98,141,1.4042553191489362,0.0560238798812241,650,It’ll  feel good to get things off your chest.
4108,696,13,31,97,141,1.4042553191489362,0.05511223089616413,650,Seems like you need to get something off your chest.
1188,701,16,27,103,146,1.404109589041096,0.056323150827683834,650,Have you always been self-conscious about your weight?
4560,701,14,31,101,146,1.404109589041096,0.054620057639835025,650,I think you're putting too much pressure on yourself.
6909,701,12,35,99,146,1.404109589041096,0.05286212324528574,650,So. . .tell me what you think might be holding you back.
6752,704,15,33,108,156,1.4038461538461537,0.05285782086836071,650,"Is this a recent problem, or were you under weight at birth"
1730,705,10,28,81,119,1.403361344537815,0.058854042180866956,650,"Charlie, is there anything you want to get off your chest?"
4341,706,16,20,93,129,1.4031007751937985,0.0617879789415886,650,Don't get up.
2187,707,10,34,90,134,1.4029850746268657,0.05414001866492625,650,Is there anything concrete that you can point to as an obstacle to your self-realization?
1848,707,8,38,88,134,1.4029850746268657,0.0520259542898587,650,Let’s focus on your most pressing issues
555,709,15,26,98,139,1.4028776978417266,0.057508323061956516,650,How does it feel to actualize a metaphor?
1203,710,15,28,101,144,1.4027777777777777,0.056027039728115645,650,Actually the weight of the world is a thousand trillion metric tons so let's not catastrophize everything OK?
6530,710,10,38,96,144,1.4027777777777777,0.05151119970521326,650,Oh. You were being literal.
4499,712,8,44,97,149,1.4026845637583893,0.048484621148044756,650,"No, I don't think you're imagining it."
7445,712,13,34,102,149,1.4026845637583893,0.052955000667599395,650,"Well, whether it's Freudian or Jungian is really beside the point, don't you think?"
6841,712,14,32,103,149,1.4026845637583893,0.05380452413387425,650,I can't help but notice you've put on weight.
783,715,14,34,106,154,1.4025974025974026,0.05253886926125305,650,"So, how do you feel now that that weight is off your shoulders?"
3844,716,13,40,111,164,1.4024390243902438,0.04947692288515522,650,"Or, you could learn to iron."
4565,716,17,32,115,164,1.4024390243902438,0.05241405054498785,650,"So, what's got you down?"
232,718,9,31,82,122,1.401639344262295,0.05661718375145045,650,Bear in mind that sometimes a weight is just a weight.
3304,718,10,29,83,122,1.401639344262295,0.05780128452577327,650,"Usually in marriage counseling, you bring your wife. But you say this is less painful?"
5175,720,10,31,86,127,1.4015748031496063,0.056187949591088686,650,I think I know why you can't get out of bed in the morning.
3797,721,8,37,87,132,1.4015151515151516,0.05253227694330046,650,I suppose maybe its not all in your head.
529,721,12,29,91,132,1.4015151515151516,0.05676514603930256,650,"On the other hand, sometimes a two-ton block of concrete is just a two-ton block of concrete."
6302,721,11,31,90,132,1.4015151515151516,0.055737073693004506,650,The weight won't come off until you admit you have a problem.
4646,721,12,29,91,132,1.4015151515151516,0.05676514603930256,650,I'm glad to see you took that weight off your shoulders.
7079,721,12,29,91,132,1.4015151515151516,0.05676514603930256,650,I’ve consulted one of my colleagues on your case. He’s a crane operator.
6869,721,14,25,93,132,1.4015151515151516,0.058767360387133365,650,I'm happy to say that the tightness in your chest has nothing to do with your anxiety.
4161,721,16,21,95,132,1.4015151515151516,0.060703570643571514,650,Now do you understand the meaning of  'literally'?
658,721,11,31,90,132,1.4015151515151516,0.055737073693004506,650,Look on the bright side: my last patient had something gnawing at his brain.
2063,729,13,29,95,137,1.4014598540145986,0.05623420441796927,650,"I took a load off Fanny, and she put the load right on me."
6230,730,15,27,100,142,1.4014084507042253,0.056590310177329774,650,Where would you like to start today?
3733,730,12,33,97,142,1.4014084507042253,0.05387757273082423,650,"So tell me, what would you like to get off your chest today?"
1249,730,12,33,97,142,1.4014084507042253,0.05387757273082423,650,"Tell me now, what did you want to get off your chest ?"
4163,733,12,35,100,147,1.401360544217687,0.05257320818052931,650,So tell me what’s bothering you.
6660,733,12,35,100,147,1.401360544217687,0.05257320818052931,650,There’s a metaphor here but I can’t quite place it...
2739,735,13,35,104,152,1.4013157894736843,0.05219132265116283,650,I understand that you have something to get off your chest.
5396,735,8,45,99,152,1.4013157894736843,0.04783557547865815,650,"Tell me, what’s keeping you down?"
5125,737,11,28,86,125,1.4,0.05792096951603469,650,Why don't you try focusing on the positive?
7313,737,13,30,97,140,1.4,0.055341600112216435,650,"Mr. Hobbes, I think it's time we talk about your first crush."
7309,737,11,26,83,120,1.4,0.05964413608384043,650,"Norman, 'meet the press'."
6947,737,13,30,97,140,1.4,0.055341600112216435,650,"We've talked about how you tend to magnify your problems, Jeffrey. It may feel like the weight of the world, but I assure you, it's five tons, at most."
3826,737,10,34,91,135,1.4,0.05382033046400622,650,"Not that this helps you , Mr. Smith, but did you know that 100 kilograms of feathers would hurt just as much?"
6750,737,16,26,103,145,1.4,0.056561769035940665,650,The good thing is that now you’ll cook quickly and evenly.
5922,737,13,34,103,150,1.4,0.05266924355828776,650,So what can we take away from this session?
5250,737,9,32,84,125,1.4,0.055648667491220195,650,"For erections lasting more than four hours, consult a physician."
2649,737,12,32,96,140,1.4,0.054405126413433376,650,And lastly we need to discuss the matter of your unpaid bill.
4151,737,13,38,109,160,1.4,0.0503134826948056,650,It appears you're suffering from an inability to comprehend metaphors.
2386,737,15,32,108,155,1.4,0.05305892259424582,650,"Honestly Doc, I think my mother is the least of my worries"
1774,737,9,34,87,130,1.4,0.0541646598408117,650,Your co-pay is only good up to 100 kilos.
1292,737,13,30,97,140,1.4,0.055341600112216435,650,"Yes, but how do you feel inside?"
709,737,17,26,107,150,1.4,0.0559641943697409,650,Try smiling more.
602,737,12,38,105,155,1.4,0.050634846945340393,650,"I could tell you what the problem is right now, but you've already paid for five sessions, so let's talk it out."
4255,737,11,40,104,155,1.4,0.04980060787396749,650,So what do you think is the problem?
5189,737,15,22,93,130,1.4,0.060410047855733576,650,"Before we can get anything off your chest, I need to see proof of insurance and a valid ID."
295,754,15,31,107,153,1.3986928104575163,0.05354629604859118,650,Are you sure this is what a mammogram feels like?
3662,755,13,33,102,148,1.3986486486486487,0.053158956807005275,650,Just feel yourself floating above the couch.
4568,756,16,25,102,143,1.3986013986013985,0.057131830957230595,650,I am trying to relax...I'm under a lot of pressure
1638,756,9,39,95,143,1.3986013986013985,0.05074046427506183,650,"Honey, there is a better way to iron your pants."
7263,758,15,25,98,138,1.3985507246376812,0.05776237181450507,650,And do you feel you have been sleepwalking less?
1491,758,14,27,97,138,1.3985507246376812,0.0568392916461855,650,Or we could up your meds.
4058,758,14,27,97,138,1.3985507246376812,0.0568392916461855,650,"Jeez, enough with the weight of white male privilege, already."
778,761,14,25,94,133,1.3984962406015038,0.0584019057530378,650,Is there something you would like to get off your chest?
1236,761,11,31,91,133,1.3984962406015038,0.055398728288007425,650,Would you care to talk about it?
2730,761,13,27,93,133,1.3984962406015038,0.05741830221309199,650,"You have a gift for metaphor, Mr. Kleindienst."
3545,761,13,27,93,133,1.3984962406015038,0.05741830221309199,650,"Doc, I'm under a lot of pressure."
902,765,11,44,111,166,1.3975903614457832,0.047484759048538,650,Anxiety can cause shortness of breath.
3669,766,10,40,101,151,1.3973509933774835,0.04979380902382935,650,"I've got a ton of problems, doc."
531,766,14,32,105,151,1.3973509933774835,0.053222404118038455,650,"Well, at least we got it off your shoulders."
4758,768,13,32,101,146,1.3972602739726028,0.053660923975532154,650,I'm glad to see you got the chip off your shoulder.
1639,768,10,38,98,146,1.3972602739726028,0.05095169112050315,650,Sometimes progress comes from simply getting up and getting started.  Have you tried that?
7273,770,14,28,99,141,1.3971631205673758,0.05593402596632724,650,Your metaphor is showing.
3321,770,15,26,100,141,1.3971631205673758,0.05683249408037173,650,Xanax for your metaphorically crushing anxiety; a crane for your literally crushing anxiety
6800,772,9,36,91,136,1.3970588235294117,0.05247617133753975,650,I can now confirm for sure that it's not just in your head.
6391,773,10,32,89,131,1.3969465648854962,0.054916142031863284,650,So what's really bothering you?
7028,773,15,22,94,131,1.3969465648854962,0.060024842491632445,650,Any pressing concerns holding you down?
3804,773,12,28,91,131,1.3969465648854962,0.05701457953766196,650,"I don’t know doctor, without it I get the feeling I’ll just float away."
4150,773,11,30,90,131,1.3969465648854962,0.05597519511140699,650,"Look on the bright side. I bill by the hour, not the pound."
4775,777,13,24,89,126,1.3968253968253967,0.05971292708343609,650,I sense you have something to get off your chest.
1806,777,12,26,88,126,1.3968253968253967,0.058639999436286054,650,"You don't have to mansplain the metaphor, Marvin. I understand it."
7404,779,12,24,85,121,1.396694214876033,0.06039281291386814,650,First we have to identify what is weighing you down.
3991,780,11,24,81,116,1.396551724137931,0.06107398411726682,650,"The good news is it’s not psychological guilt that’s crushing you, Vincent."
5794,781,13,35,106,154,1.396103896103896,0.051642104751636005,650,I'm referring you out to a planet with less gravity.
408,782,12,35,102,149,1.395973154362416,0.05200391363196503,650,Happy to squeeze you in!
4051,782,11,37,101,149,1.395973154362416,0.05112447859366072,650,"As I recall, in our last session you mentioned there was something you’d like to get off your chest."
292,784,9,37,93,139,1.39568345323741,0.051682872232885535,650,"It's an effective treatment for sleepwalking, though there are some mild side-effects"
992,784,12,31,96,139,1.39568345323741,0.05462520046559745,650,"So, what exactly would you like to get off your chest?"
7372,784,9,37,93,139,1.39568345323741,0.051682872232885535,650,I'm sorry. I always thought you were speaking metaphorically.
4866,787,17,19,98,134,1.3955223880597014,0.0608718468876215,650,"It seems like no matter what you try, you always end up putting the weight back on."
1355,787,13,27,94,134,1.3955223880597014,0.05706573701420007,650,"I have a ton of things to talk about, Doc."
6062,789,14,23,92,129,1.3953488372093024,0.05969338306690481,650,"Anvil, shmanvil. Tell me about your mother."
4216,789,9,33,87,129,1.3953488372093024,0.05438455504031892,650,You have a severe case of compression.
3197,789,11,29,89,129,1.3953488372093024,0.05656790511366832,650,Why can't you just carry the weight on your shoulders like everybody else?
143,789,9,33,87,129,1.3953488372093024,0.05438455504031892,650,And how do you think it makes the crane feel?
1406,793,5,37,77,119,1.3949579831932772,0.05231908198983365,650,"So, go ahead, what’s this “tons of stuff you wanted to get off you chest” ?"
5731,793,10,27,82,119,1.3949579831932772,0.058731895991404805,650,"I'm afraid our time is up, so you might want to bring this up again next time."
4780,795,16,26,105,147,1.3945578231292517,0.055921240001751485,650,"In situations like yours, I recommend a combination of talk therapy and demolition."
6987,795,12,34,101,147,1.3945578231292517,0.05248269469902701,650,"Well, I see your time is almost up."
78,797,13,30,99,142,1.3943661971830985,0.054703591442235106,650,"Well, why don't you start by describing it."
385,798,11,32,94,137,1.3941605839416058,0.054190700825761516,650,So it looks like you need to get something off your chest.
2823,798,13,28,96,137,1.3941605839416058,0.056136587622501066,650,So you say there’s something you’d like to get off your chest?
1923,800,14,24,94,132,1.393939393939394,0.058666632255291645,650,"..and of these, which do you think is most pressing?"
3437,800,11,30,91,132,1.393939393939394,0.055630859036741725,650,"Well, look at the bright side. At least it's not weighing on your mind!"
4371,802,17,29,114,160,1.39375,0.053271048782286806,650,At least the iron supplement seems to be working.
2003,803,12,26,89,127,1.3937007874015748,0.05826028455796867,650,Your emotional issues stem from the fact that you are under weight.
5960,803,11,28,88,127,1.3937007874015748,0.057177586341350596,650,"Okay, I've visualized it. Now what?"
3789,803,12,26,89,127,1.3937007874015748,0.05826028455796867,650,"Now, Frank, what seems to be the trouble?"
1017,803,14,22,91,127,1.3937007874015748,0.060367454068241476,650,so tell me why we're here today
3875,803,9,32,86,127,1.3937007874015748,0.054948226776820014,650,Would you say you've been under a lot of pressure lately?
3125,808,14,33,108,155,1.3935483870967742,0.05218058151282948,650,"Yes, but what's really troubling you?"
3750,809,11,26,85,122,1.3934426229508197,0.058843776519820076,650,I’ll get it.
7581,809,14,20,88,122,1.3934426229508197,0.06220159986500509,650,I get it. You don't want kids.
4679,811,17,25,108,150,1.3933333333333333,0.05588151949196442,650,Can't we just buy an iron?
3896,811,12,35,103,150,1.3933333333333333,0.05172346592858914,650,"Now, I know you have a ton to process..."
836,811,14,31,105,150,1.3933333333333333,0.053425535513384165,650,Sometimes a 500-pound weight is just a 500-pound weight.
2602,811,10,39,101,150,1.3933333333333333,0.04996344674299373,650,Stop complaining. I have to go through menopause.
5193,815,12,22,83,117,1.393162393162393,0.06184755527835176,650,Are you still experiencing erectile dysfunction?
5079,815,10,26,81,117,1.393162393162393,0.05941713272494146,650,I thought I'd give you a sense of what these sessions are like for me.
4683,817,10,37,98,145,1.393103448275862,0.05113327912536834,650,Normally these huge weights are just metaphors
5153,817,11,35,99,145,1.393103448275862,0.05206147975927938,650,"Seems like you’ve been under a lot of pressure, Frank.  Tell me what that feels like."
6051,817,13,31,101,145,1.393103448275862,0.05386992255379536,650,Let's start by talking about your weight.
1754,820,14,27,99,140,1.3928571428571428,0.05616781178140433,650,Depressed?
5145,821,10,33,92,135,1.3925925925925926,0.053713710205552025,650,"If you must know, a co-worker bet me a thousand dollars I couldn't keep a man for a week."
978,822,7,37,86,130,1.3923076923076922,0.05179676103700048,650,"I know, but have you SEEN your posture?!"
5273,822,11,29,90,130,1.3923076923076922,0.056213404019251366,650,I guess I assumed something different from your voicemail. I'm not sure if I can help you.
2423,822,11,29,90,130,1.3923076923076922,0.056213404019251366,650,"So, what seems to be bothering you?"
2318,822,13,25,92,130,1.3923076923076922,0.058296380335191585,650,Don't worry–it's part of the treatment. Each week we add weight until we crush your soul. Then we build you back up again.
1358,822,11,29,90,130,1.3923076923076922,0.056213404019251366,650,And it's not being removed until after the 2020 election.
3950,822,14,23,93,130,1.3923076923076922,0.059310442120778156,650,"Harold, is there something you want to get off your chest?"
4180,822,12,27,91,130,1.3923076923076922,0.0572643639256427,650,"Well, that’s the sixty nine hundred pound question, Dan."
4253,822,12,27,91,130,1.3923076923076922,0.0572643639256427,650,I sense you want to get something off your chest.
5270,830,13,34,106,153,1.392156862745098,0.051828696726883006,650,"Now try imagining, instead of a ton of cement - it's a ton of feathers."
1096,831,10,29,86,125,1.392,0.05667792424546081,650,"It's the Fed's. They decided against electronic monitoring""."
1081,831,11,27,87,125,1.392,0.05780501150279887,650,Ok.  The mattress is extra firm.  You proved your point.
7090,831,11,27,87,125,1.392,0.05780501150279887,650,"Well, that should hold you until the little blue pill wears off."
2215,834,16,26,106,148,1.3918918918918919,0.055606051962110534,650,Talk more about your addiction to giant foam cowbells.
5520,835,7,33,80,120,1.3916666666666666,0.05461327412407067,650,How long is your mother-in-law staying?
894,836,14,28,101,143,1.3916083916083917,0.05528768901465151,650,"Well, at least we took care of the monkey on your back."
4772,836,12,32,99,143,1.3916083916083917,0.05347655976314994,650,Do you have anything you'd like to get off your chest?
3892,838,11,32,95,138,1.391304347826087,0.05387235149745557,650,"You could resolve the issue you have with your parents, but I'm thinking the relief you're looking for might have a simpler solution."
2350,838,11,32,95,138,1.391304347826087,0.05387235149745557,650,You feel like you're unable to get up off the couch. Why do you think that is?
3881,840,10,41,105,156,1.391025641025641,0.048614992861372795,650,Nothing a little Xanax won’t fix.
7003,841,9,34,90,133,1.3909774436090225,0.05319008423644945,650,"Well, I think we should address your most pressing issues first."
6366,841,7,38,88,133,1.3909774436090225,0.05100335996750702,650,Please hold on while my office verifies your insurance coverage and calculates your co-pay.
5412,843,10,30,88,128,1.390625,0.055719143105979,650,"So, you mentioned that there's something that you'd like to get off your chest."
1847,843,15,20,93,128,1.390625,0.06099000236743336,650,Now for the true test for that Extra Extra VIAGRA!
3520,845,18,28,118,164,1.3902439024390243,0.052976774293464826,650,Is there anything you'd like to get off of your chest?
360,845,12,24,87,123,1.3902439024390243,0.05958019463175812,650,I’ve had a problem lately with patients leaving without paying.
2903,845,14,20,89,123,1.3902439024390243,0.06177669168066372,650,"I confess, it began as a simple pyramid scheme."
5378,848,14,27,100,141,1.3900709219858156,0.05583759346089843,650,You will feel a lot better if you just get it off your chest.
6887,848,8,39,94,141,1.3900709219858156,0.05009924258850883,650,We can start as soon as you've made yourself comfortable...
669,848,12,31,98,141,1.3900709219858156,0.05399261614625772,650,Anything else pressing you today?
425,848,11,33,97,141,1.3900709219858156,0.05304606937109867,650,I believe we have gone beyond 'baggage.'
5890,848,8,39,94,141,1.3900709219858156,0.05009924258850883,650,The weight always comes back.
6546,853,8,30,80,118,1.3898305084745763,0.05649717514124294,650,See? I bet you’re not even thinking about your identity crisis now.
2830,854,11,31,94,136,1.3897058823529411,0.05440587614606362,650,I suppose you want to get something off your chest?
259,854,15,23,98,136,1.3897058823529411,0.058272885690648334,650,"After weeks of exasperation, Dr. Thompson literally shows Jim the correct use of the word ""literally."""
1761,856,12,36,106,154,1.3896103896103895,0.05072405739336768,650,"So tell me, what’s on your mind?"
7062,857,7,30,76,113,1.3893805309734513,0.056825008514707655,650,"My fee is $250, but I charge extra if heavy lifting is required."
4956,858,12,27,92,131,1.3893129770992367,0.05690440633415867,650,Try to put it into words.
6716,859,12,32,100,144,1.3888888888888888,0.05317348487814355,650,An hour may not be enough.
4796,859,12,18,78,108,1.3888888888888888,0.06555845955163904,650,"Sorry, time's up."
381,859,7,35,84,126,1.3888888888888888,0.05282161921779873,650,I don’t insist that it’s self-imposed but it’s curious that it has a handle.
3316,862,13,28,98,139,1.3884892086330936,0.05547004042665255,650,"What you’re describing, George, sounds like angina."
5400,862,10,34,95,139,1.3884892086330936,0.05257501442005063,650,I'm under a lot of pressure...
2720,862,15,24,100,139,1.3884892086330936,0.05731888182828668,650,It’s about focusing on something bigger than yourself
3308,862,12,30,97,139,1.3884892086330936,0.05452211450759367,650,I'm certain that to you it feels like a pressing issue.
1497,862,12,30,97,139,1.3884892086330936,0.05452211450759367,650,Relax.
6076,862,9,36,94,139,1.3884892086330936,0.05157390548245517,650,You're free to leave at any time.
5483,862,10,34,95,139,1.3884892086330936,0.05257501442005063,650,I don’t think I can stomach this much longer.
4988,869,14,19,88,121,1.3884297520661157,0.06251380103982757,650,Now try running away from your problems.
5335,869,10,27,84,121,1.3884297520661157,0.05793971982258218,650,I think you mean ‘figuratively’ crushing your will to live.
1567,871,12,35,105,152,1.388157894736842,0.051170800884181425,650,Mmmhmm...and how does that make you feel?
3499,872,11,30,93,134,1.3880597014925373,0.05495373816861144,650,I sense that you are suffering from a cliche.
5116,873,13,31,103,147,1.3877551020408163,0.053267985655207316,650,I used to have chip on my shoulder.
3558,873,15,27,105,147,1.3877551020408163,0.0549895827952393,650,Better start getting up now; the session is over in 50 minutes.
7492,873,13,31,103,147,1.3877551020408163,0.053267985655207316,650,"Literally, a ton of problems?"
2173,876,7,36,86,129,1.3875968992248062,0.051983521631789376,650,"Yes, feeling unable to breathe is often due to anxiety, but there are other causes."
1623,876,10,30,89,129,1.3875968992248062,0.05536839002775835,650,You look like you're under a lot of pressure.
1052,876,11,28,90,129,1.3875968992248062,0.056451595595463214,650,How long have you been afraid of blowing away?
2158,879,15,32,113,160,1.3875,0.051691133383204635,650,You're the one who said the ankle bracelet was too cumbersome.
3231,880,7,29,75,111,1.3873873873873874,0.05748078932894867,650,"Doctor, I don't think you're grasping the gravity of this situation."
706,881,14,27,101,142,1.3873239436619718,0.05551098574550173,650,"Ok, but what's on your MIND?"
5314,882,10,33,94,137,1.3868613138686132,0.053080477132834765,650,I understand but how do you FEEL about it ?
3683,882,13,27,97,137,1.3868613138686132,0.056031809479229915,650,Let's talk for a minute about your weight.
3666,882,10,33,94,137,1.3868613138686132,0.053080477132834765,650,"Metaphorically, Dale."
2436,885,7,32,80,119,1.3865546218487395,0.05483234887407118,650,"Let me guess, you have something you need to get off your chest?"
1134,885,12,22,85,119,1.3865546218487395,0.060981437745711686,650,"So, you've been under a lot of pressure lately."
96,887,17,29,117,163,1.3865030674846626,0.05245264786151503,650,It's how your wife feels when you make love to her.
4515,888,13,25,94,132,1.3863636363636365,0.057562211538208584,650,I sense there's something you'd like to get off your chest.
357,888,12,27,93,132,1.3863636363636365,0.05654863195662244,650,"Unless that was put there by your mother, 
I'm not going to be much help."
7572,888,12,27,93,132,1.3863636363636365,0.05654863195662244,650,"Wouldn't your life be a bit easier, Mr. Pomeroy, if you wore a smaller belt buckle?"
4104,888,14,23,95,132,1.3863636363636365,0.05855824978748431,650,I asked you to use the bathroom before we started!
1103,888,10,31,91,132,1.3863636363636365,0.05446491470807309,650,"Oh, I thought you were speaking metaphorically."
890,888,12,27,93,132,1.3863636363636365,0.05654863195662244,650,"So, tell me about your mother."
313,888,10,31,91,132,1.3863636363636365,0.05446491470807309,650,I wish I had a dollar for every time someone tells me they have a ton of issues to talk about.
6540,895,14,28,103,145,1.3862068965517242,0.05465514219755744,650,"So, what I am hearing, is that you're under extreme pressure."
3007,896,15,31,112,158,1.3860759493670887,0.052144747609336996,650,"Unfortunately, I charge by the pound"
6674,897,11,22,81,114,1.3859649122807018,0.06168564719602888,650,So why do you call it Donald?
480,898,14,21,92,127,1.3858267716535433,0.060253229833328065,650,"Yes, but how does it make you feel?"
5748,898,9,31,87,127,1.3858267716535433,0.05482271263430378,650,Yes I’ve been under a lot of pressure lately.
7171,898,12,25,90,127,1.3858267716535433,0.05814192077530715,650,Isn't this an improvement to being stuck between a rock and a hard place?
7347,901,12,30,98,140,1.3857142857142857,0.05420234849426129,650,Something’s weighing on you. I can see it.
5824,901,13,28,99,140,1.3857142857142857,0.05514226605075418,650,Lots of people have weight problems.
4043,901,13,28,99,140,1.3857142857142857,0.05514226605075418,650,"Let me refer you to my colleague, Dr. Wile E. Coyote."
3215,901,13,28,99,140,1.3857142857142857,0.05514226605075418,650,'Have you tried mindfulness?'
2804,901,15,24,101,140,1.3857142857142857,0.05697560312142183,650,Need to get something off your chest?
298,906,11,20,78,109,1.385321100917431,0.06373292164053246,650,I can see you've been under a lot of pressure lately.
2867,907,10,32,93,135,1.385185185185185,0.053599238859542556,650,"You'll feel relief as you delve further back into your childhood, and the crane arrives."
1731,907,9,34,92,135,1.385185185185185,0.052557778556639484,650,Let’s try some word association. Trapezoid?
3525,907,11,30,94,135,1.385185185185185,0.05462084515856414,650,I sense you have a pressing concern.
615,910,9,39,100,148,1.385135135135135,0.04937897900551607,650,I only do emotional heavy lifting.
2255,910,14,29,105,148,1.385135135135135,0.05383239623510522,650,You seem to be under a great deal of pressure.
5160,912,11,33,99,143,1.3846153846153846,0.05244262756351441,650,"Mr. Smith, is there something you'd like to get off your chest?"
4501,912,10,30,90,130,1.3846153846153846,0.055021669049122354,650,I'll start by saying I sense there is something you need to get off your chest...
77,912,13,24,93,130,1.3846153846153846,0.058182177838937414,650,There's something I've been wanting to get off my chest.
1463,912,10,30,90,130,1.3846153846153846,0.055021669049122354,650,"Yes, it's a firm mattress."
1705,912,14,27,102,143,1.3846153846153846,0.0551879366753649,650,It’s a new therapy. This weight is instantly trivializing all your other problems.
2298,912,13,29,101,143,1.3846153846153846,0.05428826114589186,650,"Well, at least now we have a problem a bit more concrete to deal with."
921,918,13,32,106,151,1.3841059602649006,0.05220178809309476,650,"Normally I bill by the hour, but in your case it will be by the pound."
6707,918,16,26,109,151,1.3841059602649006,0.05468022807531096,650,Last session you mentioned that you needed to get something off your chest.  Anything you'd like to share today?
6171,918,15,28,108,151,1.3841059602649006,0.05386675339778214,650,"If you don't want to try ballroom dancing, just say so."
570,918,10,38,103,151,1.3841059602649006,0.049599657436969403,650,You look depressed today.
4119,922,10,33,95,138,1.3840579710144927,0.05276894838329535,650,It won't seem so heavy if you use the metric system.
4244,922,10,33,95,138,1.3840579710144927,0.05276894838329535,650,I believe I had mentioned weight gain as a side effect...
1836,922,6,41,91,138,1.3840579710144927,0.048594401141395974,650,"Grunting is not an answer, Mr Jensen. Now tell me again about your mother's expectations."
4320,922,9,35,94,138,1.3840579710144927,0.05175688737435718,650,I sense there’s something you want to get off your chest.
3019,926,14,20,91,125,1.384,0.06094312525731703,650,I just feel like I have an average size human under me all the time
1593,926,10,28,87,125,1.384,0.05655029163382774,650,What did you think it would feel like?
3565,928,9,43,107,159,1.3836477987421383,0.04704359091070543,650,"So when you say “lots of pressure”, do you mean from work or at home?"
5049,929,10,36,100,146,1.3835616438356164,0.050748087144762484,650,"As per your instructions, I took the load off Fanny and put it right on you."
6270,930,10,31,92,133,1.3834586466165413,0.05413185730941147,650,"Psychiatrist, no, I am just waiting for your family to pay the ransom."
6840,930,13,25,95,133,1.3834586466165413,0.05720158630164657,650,So what’s been keeping you down lately?
6197,930,12,27,94,133,1.3834586466165413,0.05619697775567628,650,At least you're grounded.
7529,933,14,18,88,120,1.3833333333333333,0.06282710851927394,650,Don’t despair.  My two-o’clock is carrying the weight of the entire world.
1960,934,13,33,108,154,1.3831168831168832,0.051460341086106386,650,I can’t do all the heavy lifting in this marriage.
97,934,10,39,105,154,1.3831168831168832,0.048923607708626374,650,Is this better than the elephant or worse than the elephant?
913,934,16,27,111,154,1.3831168831168832,0.05387776923898438,650,I really thought you were speaking metaphorically.
5845,937,16,22,103,141,1.3829787234042554,0.05752368303787278,650,"Let’s unpack what you mean by a heaviness in your chest.  Is it a sadness, or perhaps more like a 10 ton weight that is holding you down?

Oh, I’m sorry.  Our time here is up.  We’ll pursue this more next time."
4856,937,13,28,100,141,1.3829787234042554,0.05481808773078917,650,What would you like to talk about today.
194,937,11,32,98,141,1.3829787234042554,0.052937590588097806,650,You'd be amazed by how just talking about it helps.
1742,937,14,26,101,141,1.3829787234042554,0.05573454821790714,650,"Let's start over, but this time, tell me what really happened."
653,941,13,23,92,128,1.3828125,0.05881989659112091,650,The point of coming to therapy is to get things off your chest.
3339,941,15,19,94,128,1.3828125,0.06087563738570744,650,Throw it out if it doesn't spark joy!
2492,943,18,21,110,149,1.3825503355704698,0.05681979067217596,650,Have you tried lifting with your legs?
2345,943,12,33,104,149,1.3825503355704698,0.05181042638916095,650,"There's a metaphor in here, I can feel it."
6977,945,12,28,96,136,1.3823529411764706,0.05528577325439877,650,I see you've finally gotten that monkey off your back.
6921,945,14,24,98,136,1.3823529411764706,0.05722221289048572,650,"No, I meant ""emotional"" baggage. You are such a concrete thinker, sometimes."
4585,945,11,30,95,136,1.3823529411764706,0.05429165923475866,650,"In future, might I suggest you just tell me how you feel."
5401,945,12,28,96,136,1.3823529411764706,0.05528577325439877,650,Describe the sensation you are having again?
3373,949,8,31,84,123,1.3821138211382114,0.05478603310453256,650,"Given the circumstances, you're holding up well."
176,949,17,13,93,123,1.3821138211382114,0.06481535015144305,650,Too much cowbell.
450,951,9,37,98,144,1.3819444444444444,0.05024853515608143,650,So how are you feeling?
2505,951,10,35,99,144,1.3819444444444444,0.051205862774266864,650,Accept the things you cannot change.
1288,951,12,31,101,144,1.3819444444444444,0.053068734455489354,650,It looks like there is something you want to get off your chest.
3462,951,7,41,96,144,1.3819444444444444,0.04827696232243447,650,I'm not making light of your situation.
1968,951,9,37,98,144,1.3819444444444444,0.05024853515608143,650,I know you’re under a lot of pressure at work but do you have to bring it home with you?
2668,951,19,17,108,144,1.3819444444444444,0.05912838790786472,650,I’ve felt like this since January of 2017.
5394,957,11,28,92,131,1.381679389312977,0.05574248237581596,650,Most people are here against their will.
3385,957,12,26,93,131,1.381679389312977,0.056786126417589476,650,"Yes, but how does the giant block of concrete make you feel?"
2042,959,14,30,108,152,1.381578947368421,0.052751258144464776,650,"Just say whatever comes to mind, no pressure."
3593,959,14,30,108,152,1.381578947368421,0.052751258144464776,650,Mansplain your way out of this.
5906,961,16,34,123,173,1.3815028901734103,0.049469836547875255,650,You're phone is ringing.
6359,962,10,33,96,139,1.381294964028777,0.0524607518249514,650,"Though Martin had doubts about his therapists methods, he couldn’t argue that his work related stress seemed less significant during these sessions."
5118,962,9,35,95,139,1.381294964028777,0.05145741994585261,650,"So, tell me about your new crush."
2835,962,12,29,98,139,1.381294964028777,0.05441194088754569,650,Sometimes one’s childhood just isn’t all that relevant.
3594,962,13,27,99,139,1.381294964028777,0.055361753275208675,650,"For most patients, losing the weight is easier than keeping if off."
5155,962,12,29,98,139,1.381294964028777,0.05441194088754569,650,"Let's talk more about this so-called ""baggage."""
5862,967,13,35,112,160,1.38125,0.05005647361045786,650,"Just a hunch, but before we start is there anything you need to get off your chest?"
5255,967,12,37,111,160,1.38125,0.049264938831923934,650,Don't worry. It will be removed once your bill is paid.
7205,969,8,32,86,126,1.380952380952381,0.053874802376117914,650,Not to add to your problems but you do realize you're liable for the couch also.
1664,969,11,34,102,147,1.380952380952381,0.05138409809082317,650,Do I see what?
6858,969,11,26,89,126,1.380952380952381,0.057301367453300285,650,"So the way you’ve described it, Gerry, it has some sort of a ring on top.  Tell me more about that."
2990,969,8,32,86,126,1.380952380952381,0.053874802376117914,650,So you don't think the problem is in your head.
2825,969,13,22,91,126,1.380952380952381,0.05947617141331808,650,"Obviously, you want  to get something off your chest."
7055,974,9,41,105,155,1.3806451612903226,0.04780122904567369,650,...And you say the anxiety is crushing?
5376,974,15,29,111,155,1.3806451612903226,0.052798490334906384,650,The first step is accepting you need to lose weight.
2541,976,10,31,93,134,1.3805970149253732,0.05380252520127866,650,Why are you here Mr. Blake?
4680,977,7,29,77,113,1.3805309734513274,0.05666481626046769,650,To say you have something to get off your chest is a bit of an understatement.
2566,978,12,38,113,163,1.3803680981595092,0.04861841036409491,650,"Now, I trust you'll be less casual with the word ""literally""."
5792,979,13,28,101,142,1.380281690140845,0.05449745376534689,650,"And for how long have you imagined yourself a panini, Mr. Braxton?"
184,979,11,32,99,142,1.380281690140845,0.052632615602609276,650,"No Mr. Jenkins, I assure you as your psychiatrist that I do not think the feeling of a giant weight bearing down on you is all in your head."
5012,979,13,28,101,142,1.380281690140845,0.05449745376534689,650,More cowbell?
7459,979,13,28,101,142,1.380281690140845,0.05449745376534689,650,Have you thought about less weight and more reps?
5844,979,8,38,96,142,1.380281690140845,0.04970434450398567,650,"Okay, I get it. You're feeling depressed."
6274,984,11,24,86,121,1.3801652892561984,0.05898148183392898,650,I prefer to use concrete metaphors with my patients.
7068,984,9,28,84,121,1.3801652892561984,0.05659799559756672,650,Apparently you can keep a good man down.
2126,986,11,35,104,150,1.38,0.05065123985090596,650,"When you said you ""needed to get something off your chest,"" I expected something more ... figurative."
2555,986,12,33,105,150,1.38,0.05152701773872595,650,What do YOU feel is keeping you down?
4299,988,9,31,89,129,1.37984496124031,0.05413363458706752,650,You know and I know there's something you need to get off your chest.
6206,988,10,29,90,129,1.37984496124031,0.05524105741759389,650,"This giant weight, do you see it in the room right now?"
4865,990,11,30,96,137,1.3795620437956204,0.053966127741985975,650,And what else do you want to get off your chest?
5926,991,15,25,105,145,1.3793103448275863,0.05542328023559168,650,"Believe me, it’ll be good to get this off your chest."
4102,991,14,27,104,145,1.3793103448275863,0.054552310230272565,650,"If you could wave a magic wand, what positive changes would you make happen in your life?"
4250,993,9,40,104,153,1.3790849673202614,0.04819277447040354,650,"I think you’ll feel better, Mr. Jones, if you unburden yourself."
545,994,12,23,89,124,1.3790322580645162,0.05905180256556367,650,"Let's start out by taking a deep breath, relaxing, and then telling me what you want to get off your chest."
6411,994,12,23,89,124,1.3790322580645162,0.05905180256556367,650,...and then I’ve got this weight problem.
6516,996,12,26,94,132,1.378787878787879,0.056428418716553505,650,Well at least we've gotten it off your shoulders.
4203,996,8,34,90,132,1.378787878787879,0.05216823511328475,650,"No, I don’t think it’s a heart attack"
4144,996,10,30,92,132,1.378787878787879,0.054340091984121826,650,I see you’ve put that weight back on
3534,996,12,26,94,132,1.378787878787879,0.056428418716553505,650,And now for the gravity vs. Viagra test.
2235,1000,11,31,98,140,1.3785714285714286,0.05313197625349511,650,"I see. Still, I'd like to explore your relationship with your parents."
1766,1000,13,27,100,140,1.3785714285714286,0.05503232455965843,650,"Anyway, enough about my father. What did you say you were here for?"
7454,1000,11,31,98,140,1.3785714285714286,0.05313197625349511,650,"Clearly, the problem is your mother."
3606,1000,11,31,98,140,1.3785714285714286,0.05313197625349511,650,"And then,after I got my hair done,I went to the market and bumped into Madge who told me Harley's gonna get surgery on his prostate,and I told her..."
520,1000,14,25,101,140,1.3785714285714286,0.055958302952809354,650,"I'm sorry, your insurance doesn't cover removal."
5148,1000,11,31,98,140,1.3785714285714286,0.05313197625349511,650,Sorry. The first session doesn't usually get this heavy.
4084,1000,11,31,98,140,1.3785714285714286,0.05313197625349511,650,This isn't psychology. It's simple physics.
5025,1007,13,30,105,148,1.3783783783783783,0.0528689727321589,650,"You know, you'd feel a lot better if you just got it off your chest."
2795,1007,13,30,105,148,1.3783783783783783,0.0528689727321589,650,See? Farting cured!
1416,1007,16,24,108,148,1.3783783783783783,0.055415830480337165,650,You seem a little depressed today.
4916,1010,9,27,83,119,1.3781512605042017,0.05722490486067469,650,But how does it feel? More like kilograms or pounds?
4755,1011,9,30,88,127,1.3779527559055118,0.05468791353030099,650,I know we normally discuss what is on your mind but today I thought we would explore other areas.
1743,1011,10,28,89,127,1.3779527559055118,0.05581892388115842,650,"You gotta lighten up, Frank."
523,1013,10,31,94,135,1.3777777777777778,0.053476866008430754,650,So... Tell me more about your mother.
3730,1013,11,29,95,135,1.3777777777777778,0.054500766211102024,650,You really want to make this all about you
7400,1015,13,28,102,143,1.3776223776223777,0.054180313154473136,650,"So, you can’t seem to get out of bed in the morning?"
3864,1015,11,32,100,143,1.3776223776223777,0.0523308725422929,650,"Honestly, my primary concern is how I'm going to get you out of here for my next appointment."
1501,1015,12,30,101,143,1.3776223776223777,0.053263620579878344,650,"I am not uncertain that you do, in fact, understand the gravity of your situation, Mr. Moskowitz."
4437,1015,14,26,103,143,1.3776223776223777,0.055081751876245824,650,"Good to hear you got that weight off you shoulders, but I think you've still got something on your chest."
3017,1019,8,41,102,151,1.3774834437086092,0.047675986851185424,650,That writer's block is worse than I thought.
3127,1019,11,35,105,151,1.3774834437086092,0.05037757819195025,650,Make yourself comfortable...we have a ton of stuff to cover.
2496,1021,8,27,79,114,1.3771929824561404,0.05762783509121762,650,Now just relax and BE the cement.
6661,1022,8,30,84,122,1.3770491803278688,0.055000423508929766,650,Stop exaggerating
1025,1023,12,25,93,130,1.376923076923077,0.05702355392722126,650,I would like to begin with the way you load the dishwasher.
3052,1023,12,25,93,130,1.376923076923077,0.05702355392722126,650,I don't typically treat this kind of depression with medication.
1732,1023,14,21,95,130,1.376923076923077,0.059077972809198846,650,What is it exactly you'd like to get off your chest?
1726,1023,11,27,92,130,1.376923076923077,0.05596807231014705,650,The Kundera therapy for the unbearable lightness of being.
2301,1027,7,38,93,138,1.3768115942028984,0.04954345523368963,650,I'm not trying to understate the gravity of your situation.
5395,1027,13,26,99,138,1.3768115942028984,0.0555812296848008,650,"Doc, I'm self-conscious about my weight."
6599,1027,11,30,97,138,1.3768115942028984,0.05364419863956019,650,Have you tried using a conventional iron and an ironing board?
6792,1027,8,36,94,138,1.3768115942028984,0.05059980710723712,650,Carrying extra weight can be a factor in depression...
2553,1031,14,27,105,146,1.3767123287671232,0.05423963254120916,650,I only  promised to to ease your mind.
5588,1031,11,33,102,146,1.3767123287671232,0.051560816560026604,650,"I think you're being a little dramatic, Paul."
6356,1031,14,27,105,146,1.3767123287671232,0.05423963254120916,650,We were talking last time about the incredible lightness of being.
2352,1031,9,37,100,146,1.3767123287671232,0.049694780226474417,650,It seems you want to get something off your chest.
363,1035,12,34,108,154,1.3766233766233766,0.05052808477117192,650,You look depressed.
1342,1036,16,32,122,170,1.3764705882352941,0.05002814465551222,650,Is there something you wanted to get off of your chest?
3165,1037,10,24,83,117,1.376068376068376,0.05913027140092382,650,"Well, the weight is clearly off your shoulders, so I’d say we’re making progress."
2607,1037,10,24,83,117,1.376068376068376,0.05913027140092382,650,I never thought my weight would become an issue.
6303,1039,15,17,93,125,1.376,0.06186770484853796,650,Have you considered taking less Viagra?
5643,1039,11,25,89,125,1.376,0.057545493924092285,650,Welcome to Flatiron Therapy!
6140,1039,13,21,91,125,1.376,0.05974569764507545,650,When you called I thought it was just an idiom.
2353,1042,11,28,94,133,1.3759398496240602,0.055049744234900146,650,I have a feeling that there’s something you’d like to get off your chest.
2850,1043,9,35,97,141,1.375886524822695,0.05086785539495571,650,So what I hear you saying is that you feel like you're under a lot of pressure right now
6100,1043,14,25,102,141,1.375886524822695,0.0556248534870045,650,"Well, at least you don’t snore any more."
5565,1043,11,31,99,141,1.375886524822695,0.05282208778219166,650,"Stop complaining. You know, you're lucky to be alive."
419,1043,9,35,97,141,1.375886524822695,0.05086785539495571,650,That's why you're here - to get things off your chest.
7260,1047,12,27,97,136,1.375,0.05516611871062502,650,"Honestly, your ex is not the biggest thing weighing you down right now."
6227,1047,7,34,87,128,1.375,0.05202588695434059,650,Now feel your body sinking into the couch.
7358,1047,9,24,79,112,1.375,0.05966039669967787,650,Finally! We’re really getting to something concrete here.
7551,1047,10,25,85,120,1.375,0.058052545501603,650,So I guess this is your way of telling me that we're not having sex tonight.
5791,1047,11,35,106,152,1.375,0.05010663080898807,650,Perhaps we can begin by acknowledging the dumbbell in the room.
6320,1047,10,31,95,136,1.375,0.053154827907232416,650,I’ll make this quick. I know you’re pressed for time.
7292,1047,13,28,103,144,1.375,0.05386661560384388,650,I’m just under a lot of pressure right now.
3529,1047,11,32,101,144,1.375,0.052032317672405126,650,We have found this treatment very successful for Viagra overdosing.
6668,1047,15,21,100,136,1.375,0.058052545501603,650,The Unbearable Weightiness of Being
885,1047,15,27,110,152,1.375,0.05347174912036203,650,How do your petty little problems compare now?
966,1047,8,32,88,128,1.375,0.053195154003431736,650,Sometimes an anvil is just an anvil.
66,1047,12,33,107,152,1.375,0.050968743625568295,650,"Before we start, take a deep breath."
1795,1059,13,29,105,147,1.3741496598639455,0.05305931290746281,650,"If you can get this off your chest, you can get anything off your chest"
6650,1059,14,27,106,147,1.3741496598639455,0.053930312870663036,650,Our time is up. Let's talk more about this pressure you're feeling next week.
4041,1059,11,33,103,147,1.3741496598639455,0.051272943800614215,650,I charge double for bad metaphors.
4017,1062,9,34,96,139,1.3741007194244603,0.051333364438273514,650,"Now that we've lifted the weight from your shoulders, is there anything you want to get off your chest?"
2620,1062,14,24,101,139,1.3741007194244603,0.0561821713475829,650,"We've had great success with this form of therapy. People, without exception, say that they feel huge relief when they walk out after just one of these sessions."
3030,1064,10,29,92,131,1.3740458015267176,0.0545476006390568,650,"Now that we finally got the elephant out of the room, I can see the problem"
5713,1064,10,29,92,131,1.3740458015267176,0.0545476006390568,650,"It's not the weight of the world on you, it's just a weight."
1341,1066,9,28,86,123,1.3739837398373984,0.05584385179693974,650,What does your gut tell you?
6761,1066,11,24,88,123,1.3739837398373984,0.05818157634653926,650,"I can't say I have a ton of problems, but a ton is surely one of them."
5943,1068,12,19,84,115,1.373913043478261,0.06232327516905886,650,Weight . . .  Weight . . .  Don’t tell me!
7422,1069,13,30,107,150,1.3733333333333333,0.0522827167978516,650,Maybe we should go to twice a week.”
4056,1070,13,27,102,142,1.3732394366197183,0.05438439173776417,650,Well this is a real ball buster.
4252,1070,8,37,97,142,1.3732394366197183,0.049580353572270544,650,Has it occurred  to you that perhaps it’s just your imagination
417,1072,11,28,95,134,1.373134328358209,0.05470936235780548,650,Is there something you'd like to get off your chest?
4998,1072,10,30,94,134,1.373134328358209,0.0536739553132021,650,A common side effect is weight gain.
6188,1072,11,28,95,134,1.373134328358209,0.05470936235780548,650,"Karl, I think u put too much pressure on yourself."
4267,1072,12,26,96,134,1.373134328358209,0.05572553436470314,650,"Gerald, You need to get this off your chest before it kills you..."
6342,1076,11,25,90,126,1.373015873015873,0.05716489874720352,650,How do YOU think your obsession with getting into the Guinness Book of World Records is impacting your life?
2542,1076,12,23,91,126,1.373015873015873,0.058264996144873786,650,Don't you think it's time to move on from your first crush?
1661,1076,9,29,88,126,1.373015873015873,0.05489861013550139,650,I understand you’re here because you’re having a little problem with your weight!
1039,1076,12,23,91,126,1.373015873015873,0.058264996144873786,650,Do you think perhaps you take things a bit too literally?
109,1080,11,22,85,118,1.3728813559322033,0.059934546085706815,650,I'm going to refer you to a weight-loss therapist.
6323,1081,11,35,107,153,1.3725490196078431,0.049838363557016194,650,Is it possible this is pressure you put upon yourself?
3932,1081,10,37,106,153,1.3725490196078431,0.04896798106963177,650,When you said you set aside a block for me I thought you meant time.
7462,1083,10,34,101,145,1.3724137931034484,0.05080277731174612,650,Have you thought about more reps and less weight?
6033,1083,10,34,101,145,1.3724137931034484,0.05080277731174612,650,I hate the color of our ceiling.
4831,1083,13,28,104,145,1.3724137931034484,0.05355631152745628,650,"Now, are you or are you not going to mother's for Christmas?"
688,1086,9,33,95,137,1.3722627737226278,0.05181060406570431,650,"I am more of a ""squash""  than a shrink"
5054,1087,14,17,90,121,1.371900826446281,0.062249200825696016,650,Most therapists will tell you there are no right or wrong answers. You'll find I do things differently.
2181,1088,16,23,109,148,1.3716216216216217,0.055312052799600664,650,Boners happen; there's nothing to be ashamed of.
3057,1088,11,33,104,148,1.3716216216216217,0.0509880365195566,650,"From what you're telling me, you've been under a lot of pressure lately."
1782,1090,10,32,98,140,1.3714285714285714,0.052032538976282044,650,Perhaps your chest pains aren’t psychosomatic.
22,1090,11,30,99,140,1.3714285714285714,0.053010942599024946,650,You look like you need to get something off your chest.
6387,1092,10,29,93,132,1.371212121212121,0.054206900337663004,650,Why is it hard for you to get up in the morning?
5393,1092,14,21,97,132,1.371212121212121,0.05831834812675218,650,"I noticed you said ""being crushed"" three times. Let's explore that..."
1142,1092,14,21,97,132,1.371212121212121,0.05831834812675218,650,"Not so fast Mr. Spinker, if you’ll recall you entered therapy complaining of your unbearable lightness of being."
5237,1092,11,27,94,132,1.371212121212121,0.05526344601290497,650,Why don’t we work on your catastrophizing?
3765,1096,12,35,112,159,1.371069182389937,0.04931943415554243,650,"First, I want you to just let yourself breathe."
874,1096,11,37,111,159,1.371069182389937,0.04850561915410293,650,"Yes, life is full of crushing disappointments."
6397,1096,17,25,117,159,1.371069182389937,0.053202105831657874,650,"Now, tell me, what's  on your mind?"
3507,1099,7,32,85,124,1.3709677419354838,0.05305725563473505,650,"I suspect you have something to get off your chest, Mr. Jones."
6310,1099,12,22,90,124,1.3709677419354838,0.058912851681930355,650,"Getting it off your mind, though, is progress."
3353,1099,7,32,85,124,1.3709677419354838,0.05305725563473505,650,Now breathe.
6903,1102,13,30,108,151,1.3708609271523178,0.051994136228849075,650,"Now, we can finally have a conversation."
698,1103,6,31,79,116,1.3706896551724137,0.05411156836715592,650,Let's hold here until next week.
4832,1104,8,37,98,143,1.3706293706293706,0.04930155499535766,650,Let's see... you say you have difficulty breathing?
98,1104,12,29,102,143,1.3706293706293706,0.053147112338474384,650,Sounds like progress.  We've gotten the weight off your shoulders.
1175,1104,13,27,103,143,1.3706293706293706,0.05406578036205481,650,I’m quite encouraged by our progress in managing your flight-or-fight responses.
1448,1104,10,33,100,143,1.3706293706293706,0.05126040808888811,650,"Well, I have a few things to get off my chest too!"
2962,1108,8,34,93,135,1.3703703703703705,0.05123218129557839,650,At least it's off your shoulders.
6288,1108,8,34,93,135,1.3703703703703705,0.05123218129557839,650,"In order to heal, first you have to hurt."
2526,1108,14,22,99,135,1.3703703703703705,0.057341837408512404,650,I don’t think I can help you. I only handle metaphors.
2506,1111,7,33,87,127,1.3700787401574803,0.05220204085238198,650,And how would you describe this heaviness you're feeling?
5656,1112,11,32,103,146,1.36986301369863,0.051444600018436065,650,"Yeah, yeah, yeah...blah blah blah, weight of the world!"
3895,1112,8,38,100,146,1.36986301369863,0.04861200404414726,650,Have you ever considered the possibility that your problem is psychosomatic.
881,1112,8,38,100,146,1.36986301369863,0.04861200404414726,650,It only hurts when I laugh
733,1112,12,30,104,146,1.36986301369863,0.05235475319726407,650,Look at the bright side—you told me last week that no one ever had a crush on you!
6936,1116,5,34,80,119,1.3697478991596639,0.05183644451803837,650,"I wouldn't call it ""baggage"", as that typically has wheels."
864,1117,7,37,94,138,1.3695652173913044,0.04940788397504534,650,Why do you think people say you're too literal?
886,1117,13,25,100,138,1.3695652173913044,0.055460419541088185,650,Our hour's up.
5521,1117,12,27,99,138,1.3695652173913044,0.05449836339631238,650,Let's start. Is there anything you want to get off your chest?
7296,1117,12,27,99,138,1.3695652173913044,0.05449836339631238,650,I think you'll feel better if you get it off your chest.
6623,1121,11,36,110,157,1.3694267515923566,0.04890322831193146,650,Raise your arm if you feel too much pressure.
5813,1121,10,38,109,157,1.3694267515923566,0.04806106971344674,650,Look at the bright side! It could be on your mind.
7172,1123,5,31,75,111,1.3693693693693694,0.054190382275751896,650,Sometimes a giant weight crushing your chest is just a giant weight crushing your chest.
2264,1123,13,15,83,111,1.3693693693693694,0.0651690021528137,650,"Mr. Parker:  All metaphors aside, do you think that this heavy, burdened feeling you have could just be a large, heavy object on your chest, and nothing more than that?"
3988,1125,10,28,92,130,1.3692307692307693,0.05475424744631442,650,"Well, at least you were able to get the load off your mind."
1064,1125,10,28,92,130,1.3692307692307693,0.05475424744631442,650,I've been meaning to get this off my chest
4324,1125,11,26,93,130,1.3692307692307693,0.05583268037439267,650,Let's start with your father. What can you tell me about Atlas Sr.?
3813,1128,14,27,108,149,1.3691275167785235,0.053321554907193924,650,And what do you think it is that's making you feel like you're under a crushing weight?
1447,1129,11,23,88,122,1.3688524590163935,0.05843186265310088,650,Do you need to get anything off your chest before we dive into this session?
210,1129,9,27,86,122,1.3688524590163935,0.056065288542404404,650,"Looks like you need tons of help."""
4549,1129,6,33,83,122,1.3688524590163935,0.05231507993582146,650,You have to Want to take the weight off!
4346,1132,10,32,99,141,1.3687943262411348,0.05172931213846941,650,I'd like to refer you to a pragmatist.
4152,1132,7,38,96,141,1.3687943262411348,0.04870287842148597,650,Something you need to get off your chest?
1864,1134,11,37,112,160,1.36875,0.04825726637369376,650,Just pretend it's a ton of feathers.
4408,1135,12,32,108,152,1.368421052631579,0.05085896076806368,650,I see you're watching your weight.
2061,1135,8,26,80,114,1.368421052631579,0.057456244051906295,650,"Yes, I understand. It’s heavy. But it’s working, isn’t it? You haven’t mentioned your ex-wife once this session."
1174,1135,8,33,92,133,1.368421052631579,0.05171217930578754,650,"Usually when I say this, it's a metaphor..."
2021,1135,16,17,100,133,1.368421052631579,0.05987920190663771,650,Rats.  There goes the smoke alarm.
4951,1135,9,31,93,133,1.368421052631579,0.05280218418878774,650,My innovative approach guarantees that you'll feel immediately lighter after each session.
4730,1135,9,24,81,114,1.368421052631579,0.05879179684001161,650,"Mr. Zlotnik, you do know that there may be reasons, other than psychological  for your difficulty getting up in the morning."
5466,1141,14,25,105,144,1.3680555555555556,0.05464667873417526,650,"No Jerry, THIS is what a period feels like."
5542,1141,10,33,101,144,1.3680555555555556,0.050968216647002414,650,Imagine you're flying...
6122,1141,14,25,105,144,1.3680555555555556,0.05464667873417526,650,"Doc, I gotta get something off my chest..."
4183,1141,14,25,105,144,1.3680555555555556,0.05464667873417526,650,Oh stop! Let me tell about the pressure of being a modern-day woman.
1803,1141,11,31,102,144,1.3680555555555556,0.051912274129543495,650,This should help release the gas.
4776,1146,11,24,90,125,1.368,0.057401809570217247,650,It used to be a chip on my shoulder
1362,1146,15,16,94,125,1.368,0.06173408113994691,650,I don't quite understand how you feel.  Try a metaphor.
3157,1146,9,28,88,125,1.368,0.055108104901243446,650,"Well, I would say the same way you got it on."
5519,1149,8,41,106,155,1.367741935483871,0.046691416576940904,650,"I haven't seen you in a while, but have you put on some weight?"
4349,1149,15,27,113,155,1.367741935483871,0.05259846619333163,650,. . . and how does that make you feel?
2625,1151,13,24,99,136,1.3676470588235294,0.056019782851614325,650,What do YOU think it means?
1843,1151,12,26,98,136,1.3676470588235294,0.055038928122451515,650,Let’s focus on the long term for a minute
6545,1153,12,30,105,147,1.3673469387755102,0.05205821763918388,650,Looks like there's something you need to get off your chest
949,1153,18,18,111,147,1.3673469387755102,0.05717679410794168,650,"Weight, Weight, don't tell me!"
63,1155,7,33,88,128,1.3671875,0.05187324343625003,650,Let's review your stressors.
4610,1155,7,33,88,128,1.3671875,0.05187324343625003,650,I think we should consider changing your medication.
7252,1155,11,25,92,128,1.3671875,0.05641772211679966,650,At least it is not weighing heavily on your mind.
6292,1158,7,26,76,109,1.3669724770642202,0.05779465926835182,650,I now understand what you meant when you said that you were having trouble getting out of bed in the morning
5321,1159,10,31,98,139,1.3669064748201438,0.052209930592511375,650,"Visualize your pain"" was more of  an mental exercise. Will  your friend with the fork lift be able to return before my 2:00"
6691,1159,8,35,96,139,1.3669064748201438,0.05017318031941199,650,"Yes Joe,I can see that you've got a ton of problems."
6300,1159,10,31,98,139,1.3669064748201438,0.052209930592511375,650,"I know you hate to ask for help, John, but sooner or later you're going to need to use the john."
5690,1159,9,33,97,139,1.3669064748201438,0.05120168393636622,650,"C'mon Oscar, get it off your chest. I have another patient in 20 minutes."
1324,1159,9,33,97,139,1.3669064748201438,0.05120168393636622,650,"Yes, I agree there's a lot holding you down right now."
560,1159,7,37,95,139,1.3669064748201438,0.049123147382969246,650,Now can we talk about how it got there
7271,1165,12,31,107,150,1.3666666666666667,0.05130656787909022,650,"No Mr. Armstrong, it's not a figment of your imagination, I'm seeing it too!"
4293,1165,12,20,88,120,1.3666666666666667,0.060267068241888586,650,Are you ready to go to my Mother's yet?
2467,1165,6,43,101,150,1.3666666666666667,0.04577609808463189,650,"Crushing feeling? How, exactly?"
2144,1168,13,33,115,161,1.3664596273291925,0.0496020193702305,650,I can tell there is something you want to get off your chest.
297,1169,10,28,93,131,1.366412213740458,0.05440772421742125,650,I'm beginning to think that your problem really isn't anxiety.
2963,1169,12,24,95,131,1.366412213740458,0.056525039395931155,650,You asked for more cowbell.
3535,1169,10,28,93,131,1.366412213740458,0.05440772421742125,650,"Before we get into the heavy stuff, let's talk about how your week has been."
6871,1169,9,30,92,131,1.366412213740458,0.053317545352563514,650,I feel there's something you'd like to get off your chest.
3302,1169,12,24,95,131,1.366412213740458,0.056525039395931155,650,For God's sake...stop blaming this on your mother!
1411,1174,13,26,103,142,1.3661971830985915,0.05426461287903617,650,"The keyword in my email was ""imagine"" your problems."
717,1174,11,30,101,142,1.3661971830985915,0.052391487564083974,650,"So, any changes since last week?"
5020,1174,9,34,99,142,1.3661971830985915,0.050448862499004606,650,"Some people recommend a weighted blanket, but you'll find my method completely eliminates restless leg syndrome."
2669,1174,13,26,103,142,1.3661971830985915,0.05426461287903617,650,"On the positive side, we're not on Jupiter."
4664,1174,13,26,103,142,1.3661971830985915,0.05426461287903617,650,Tell me more about the pressure you've been under.
916,1179,12,32,109,153,1.3660130718954249,0.05058280393488865,650,Why do YOU think it feels like a huge weight on your chest?
5712,1180,12,21,90,123,1.3658536585365855,0.05916957502759898,650,Would you prefer the room with the elephant?
2877,1180,9,27,87,123,1.3658536585365855,0.055688405839745984,650,Have you considered that this might not be a figment of your imagination?
437,1180,17,26,121,164,1.3658536585365855,0.051915565726275384,650,...anything you want to get off your chest?
2747,1183,8,33,93,134,1.3656716417910448,0.05139840532147206,650,There are better ways to stop thinking about women all the time.
6075,1183,7,35,92,134,1.3656716417910448,0.050294882631896846,650,Another option would be to buy permanent press.
2853,1185,10,33,102,145,1.3655172413793104,0.0506790981265485,650,I sense a heaviness about you today.
6193,1186,8,30,88,126,1.3650793650793651,0.05357466186597838,650,It’s definitely not a metaphor.
1932,1186,11,24,91,126,1.3650793650793651,0.057019266700005004,650,Yours is the most serious case of sexual repression I've seen.
1914,1186,9,28,89,126,1.3650793650793651,0.05474694987885668,650,"On the plus side, at least the weight of the world is evenly distributed and not resting solely on your shoulders."
3179,1186,10,26,90,126,1.3650793650793651,0.0558946567036794,650,I’m trying to think of the right metaphor for what your problem seems to be.
1693,1190,10,30,97,137,1.364963503649635,0.05270272805985026,650,"I can tell you feel weighed down by your responsibilities, but you shouldn’t just take it lying down."
716,1190,13,24,100,137,1.364963503649635,0.05567408881892773,650,So you say you have trouble getting erections.  Tell me more about that.
3794,1190,8,34,95,137,1.364963503649635,0.0506250247509962,650,"It's supposed to be on your shoulders"""
7482,1190,7,36,94,137,1.364963503649635,0.049553515759057934,650,"In a couple of minutes, you will walk out of here, feeling that a huge weight has been lifted off your chest."
1822,1194,9,36,103,148,1.364864864864865,0.04902866833668067,650,"I can't believe I get to use my ""Get it off your chest."" opener."
5417,1194,12,30,106,148,1.364864864864865,0.0517648172887719,650,Well that's about all the time we have for today
5590,1194,15,24,109,148,1.364864864864865,0.05436342795493715,650,"Let's try it again.  ""I am a smart, attractive man.  I am not a panini."""
857,1194,12,30,106,148,1.364864864864865,0.0517648172887719,650,I think a laxative would work better.
5171,1198,9,21,77,107,1.3644859813084111,0.0614187797630331,650,Can you describe the pressure?
2105,1198,11,17,79,107,1.3644859813084111,0.06422568017615914,650,"No, literally."
3973,1200,8,27,83,118,1.3644067796610169,0.056022561003069335,650,Tell me about this pressure you’re feeling”
7329,1201,7,33,89,129,1.3643410852713178,0.05154820185376119,650,I can sense that there’s something you’d like to get off your chest.
5769,1201,10,27,92,129,1.3643410852713178,0.05495988725770245,650,"So you pulled into Nazareth, feelin' 'bout half past dead.  Then what?"
5877,1201,8,31,90,129,1.3643410852713178,0.05270997197270987,650,I think it's in your best interest to lose some weight.
1476,1201,10,27,92,129,1.3643410852713178,0.05495988725770245,650,Now close your eyes and take a deep breath.
1163,1201,12,23,94,129,1.3643410852713178,0.057121250593757736,650,"Sorry, I can’t remove it. I support Freedom of the Press."
2612,1206,12,31,108,151,1.3642384105960266,0.0510234709516774,650,You shouldn't let a little thing like that hold you down.
5914,1206,14,27,110,151,1.3642384105960266,0.05272565816998183,650,I've been feeling a little bit depressed lately
1228,1206,10,35,106,151,1.3642384105960266,0.04926250243801632,650,I'd wager that weight in your chest has nothing to do with your mother.
186,1209,12,24,96,132,1.3636363636363635,0.056163823928655945,650,I charge $3.89 a pound.
4433,1209,11,26,95,132,1.3636363636363635,0.055124538068678036,650,This 'heaviness' you talk about... just remember it's all in your head.
985,1209,11,42,123,176,1.3636363636363635,0.045128702217906644,650,Let’s try expressing that in kilograms.
1690,1209,15,22,106,143,1.3636363636363635,0.055740543849581804,650,....actually I was speaking figuratively
869,1209,14,20,98,132,1.3636363636363635,0.058186733542079254,650,16 tons? What do you get? Another day older and deeper in depth.
3022,1209,9,30,93,132,1.3636363636363635,0.05298484552470894,650,The elephant is on vacation.
6036,1209,10,36,108,154,1.3636363636363635,0.04859295307498625,650,Let's talk about your weight problem.
4457,1209,11,34,109,154,1.3636363636363635,0.049458644607100075,650,"Unfortunately, I'm mostly trained to deal with metaphorical weights."
7272,1209,11,30,102,143,1.3636363636363635,0.05208681218589799,650,Have you been under any pressure lately?
250,1209,12,28,103,143,1.3636363636363635,0.05302385368801995,650,Remember that you are here to unburden yourself.
2585,1219,11,31,104,146,1.3630136986301369,0.05132181661148059,650,Would it hurt you to lighten up?
6183,1219,10,33,103,146,1.3630136986301369,0.05039301091434093,650,I’m beginning to doubt its psychosomatic
6949,1219,10,33,103,146,1.3630136986301369,0.05039301091434093,650,I can't seem to control my weight.
5887,1222,10,29,96,135,1.362962962962963,0.05320819420034499,650,Please hold your breath as we take this mannogram.
5648,1223,8,29,87,124,1.3629032258064515,0.05411796303756525,650,Would you say that you put a lot of pressure on yourself?
6889,1223,10,25,89,124,1.3629032258064515,0.05648906629125922,650,"When we’re done with this, can we move on to the chip on my shoulder?"
810,1223,6,33,85,124,1.3629032258064515,0.05163809868897458,650,Last week you had the weight of the world on your shoulders. I think you're close to a breakthrough.
1809,1226,6,29,78,113,1.3628318584070795,0.05488458598321111,650,"So, any pressing issues this week?"
241,1227,10,34,105,149,1.3624161073825503,0.049681339991210494,650,"Well, we  can up your meds...and see if that helps..."
3230,1228,9,32,97,138,1.3623188405797102,0.051366628445700904,650,Are you sure you wouldn't prefer the 'deluxe' hot stone treatment package?
2618,1228,12,26,100,138,1.3623188405797102,0.05436809805639403,650,Don’t hold back.  Tell me what’s on your chest.”
1454,1228,9,32,97,138,1.3623188405797102,0.051366628445700904,650,I know you are under a lot of pressure.
976,1228,12,26,100,138,1.3623188405797102,0.05436809805639403,650,Lie perfectly still.
3224,1232,8,30,89,127,1.3622047244094488,0.05322881976820542,650,I think you've taken too much on.
1147,1232,9,28,90,127,1.3622047244094488,0.05439017954437158,650,"So, Jim, how does that make you feel?"
2468,1232,9,28,90,127,1.3622047244094488,0.05439017954437158,650,Got anything your care to get off your chest?
6910,1232,10,26,91,127,1.3622047244094488,0.05552725463969795,650,Call me crazy but I think I know what your problem is.
6822,1232,12,22,93,127,1.3622047244094488,0.05773425986126105,650,I feel like you have something you need to get off your chest.
6223,1237,11,20,85,116,1.3620689655172413,0.06047854108404784,650,I see... And you've been carrying this for how long?
3206,1237,6,30,80,116,1.3620689655172413,0.053926141566484856,650,It seems like there is a lot you’d like to get off your chest.
7478,1239,13,29,110,152,1.361842105263158,0.051594767670752044,650,"Now, Mr. Peters, there'll be no more leaving early."
5758,1240,10,31,100,141,1.3617021276595744,0.051597180857188396,650,"All in all,I preferred the elephant."
38,1240,10,31,100,141,1.3617021276595744,0.051597180857188396,650,What happens when you stand up?
5664,1240,12,27,102,141,1.3617021276595744,0.05352479161656629,650,Looks like you need help getting something off your chest.
1734,1243,11,25,94,130,1.3615384615384616,0.0556887231704386,650,I always thought it was a silly metaphor.
3429,1243,8,31,91,130,1.3615384615384616,0.05237797376019003,650,It might be easier to do it metaphorically first.
6245,1243,12,23,95,130,1.3615384615384616,0.05674940063763325,650,Do you have something you need to get off your chest?
4611,1243,11,25,94,130,1.3615384615384616,0.0556887231704386,650,It may very well be psychosomatic.
2772,1243,7,33,90,130,1.3615384615384616,0.05122686356635834,650,Trust your gut.
1964,1243,12,23,95,130,1.3615384615384616,0.05674940063763325,650,"America: November 9, 2016"
7409,1249,11,21,87,119,1.361344537815126,0.059350196863018706,650,Try just focusing on your breath.
3776,1250,17,22,116,155,1.3612903225806452,0.054063122324315205,650,I guess you'll just have to wet your pants.
5541,1251,9,34,101,144,1.3611111111111112,0.04987465943892069,650,"Clients report this new therapy has them consistently leaving session feeling lighter, less burdened, with minimal bruising..."
5089,1252,12,24,97,133,1.3609022556390977,0.05580695523431359,650,Try to visualize the weight as a balloon filled with helium... drifting up and up into the sky as it crushes you to death.
4601,1252,8,32,93,133,1.3609022556390977,0.05156288962338804,650,"I told you last week, Gene: you don't need me. You need a crane."
5495,1254,13,31,114,158,1.360759493670886,0.050169714734853876,650,"This is progress.  When you first started seeing me, the weight of the world was on your shoulders."
7349,1255,6,32,84,122,1.360655737704918,0.05213965926836335,650,I said take a load off.
7364,1256,14,25,108,147,1.3605442176870748,0.053700608096840165,650,You needn't keep reminding me that you're under a ton of pressure.
1737,1256,9,35,103,147,1.3605442176870748,0.04917128744900473,650,"When we spoke on the phone, I thought it was just an analogy."
294,1256,10,33,104,147,1.3605442176870748,0.05010991388446206,650,I think we can both agree you are fully aware of the pressure you're under due to the gravity of the matter.
7402,1256,16,21,110,147,1.3605442176870748,0.05540876492218105,650,"If the floating continues, we’ll just add more weight"
5823,1256,11,31,105,147,1.3605442176870748,0.05103127893384367,650,"I know it’s unethical, but I have a huge crush on you."
1735,1261,11,27,98,136,1.3602941176470589,0.05390299739610028,650,Is that the only way you can keep it down?
5581,1261,12,25,99,136,1.3602941176470589,0.05490414911605162,650,You look like you've got something you want to get off your chest.
6733,1261,10,29,97,136,1.3602941176470589,0.052882895783139136,650,"Of course it’s not real, it’s a metaphor."
7377,1261,9,31,96,136,1.3602941176470589,0.0518427256665457,650,"Okay,putting aside the ""crushing weight on your chest"" for a moment,what else are you feeling?"
7246,1261,8,33,95,136,1.3602941176470589,0.050781253850836316,650,Well. At least that’s a load off your mind..
2134,1261,14,21,101,136,1.3602941176470589,0.05685358839954527,650,0h? I thought you said “wait”
3522,1261,9,31,96,136,1.3602941176470589,0.0518427256665457,650,It's usually just a metaphor.
342,1261,8,33,95,136,1.3602941176470589,0.050781253850836316,650,"Well yes, technically it is a ‘white mans’ burden."
1100,1269,8,42,111,161,1.360248447204969,0.04540432148202933,650,So you mentioned on the phone that something's been weighing on you.
1301,1270,10,25,90,125,1.36,0.05611049007782942,650,Tell me in concrete terms what exactly is bothering you
193,1270,11,32,107,150,1.36,0.05030555406289592,650,Exactly what kind of high school crush are we talking about here?
5169,1270,11,32,107,150,1.36,0.05030555406289592,650,"So the emotional weight you speak of, would you describe it as an almost trapezoidal slab of iron?"
5657,1270,10,25,90,125,1.36,0.05611049007782942,650,And this has been weighing heavily on you?
7188,1270,12,30,108,150,1.36,0.051187246733809776,650,"So, there's something you want to get off your chest."
1432,1275,12,26,101,139,1.3597122302158273,0.05403844660286396,650,"Weight weight, don't tell me.  You want to get something off of your chest."
3910,1275,11,28,100,139,1.3597122302158273,0.05306495356348922,650,Do you ever think you’re the one putting all this pressure on yourself?
4210,1275,10,30,99,139,1.3597122302158273,0.05207326456196073,650,This is not what I meant by a weighty discussion
2211,1278,9,28,91,128,1.359375,0.054037724455884326,650,And you think that's all that's holding holding you down?
56,1278,10,26,92,128,1.359375,0.05516436495087269,650,There's something I need to get off my chest.
6422,1278,10,26,92,128,1.359375,0.05516436495087269,650,"I know this diagnosis is scary, but plenty of anvil-ids live happy and fulfilling lives."
6955,1281,9,33,100,142,1.3591549295774648,0.05031272624409396,650,"Ok, great. Now that we have made the subconscious conscious, successful therapy simply hinges on finding the right heavy industrial equipment."
7233,1282,8,26,83,117,1.358974358974359,0.056237175191284336,650,"I see, and how does that make you feel ?"
3331,1282,7,28,82,117,1.358974358974359,0.054911361822190065,650,Do you need to get something off your chest?
2914,1282,7,28,82,117,1.358974358974359,0.054911361822190065,650,It was meant as a metaphor.
7150,1285,10,27,94,131,1.3587786259541985,0.05425922674020213,650,Just spitballing here.... have you tried lifting it?
5571,1285,11,25,95,131,1.3587786259541985,0.05533085485098677,650,"Your weight problem though real, is self-imposed."
3087,1285,10,27,94,131,1.3587786259541985,0.05425922674020213,650,"Sometimes I have trouble even getting up in the morning, Doc."
4156,1285,9,29,93,131,1.3587786259541985,0.05316600299390923,650,"I think your efforts to make the unconscious conscious have finally taken hold, Mr. Finley."
5019,1289,12,28,105,145,1.3586206896551725,0.05240925570196782,650,"I said, that's all the time we have for today."
5244,1289,10,32,103,145,1.3586206896551725,0.05054858259148512,650,Talking about it helps get it off your chest.
1649,1291,12,33,114,159,1.3584905660377358,0.049100676496802345,650,I sense you have something you want to get off your chest.
1595,1292,10,28,96,134,1.3582089552238805,0.05339236456384609,650,"Look, I'll be honest with you. This looks like more of a construction issue."
3441,1292,11,26,97,134,1.3582089552238805,0.05443312818819708,650,The good news is that there are other ways to address hyperactivity.
786,1292,8,32,94,134,1.3582089552238805,0.051247467180832965,650,"...and yet, I still feel it's guilt that's keeping you down."
6609,1292,10,28,96,134,1.3582089552238805,0.05339236456384609,650,I don't think your problem is psychological
6662,1292,8,32,94,134,1.3582089552238805,0.051247467180832965,650,"Now, what's this pressing issue that required an emergency session?"
4667,1297,9,35,104,148,1.3581081081081081,0.04889863962028005,650,"So, about the voices in your head..."
3083,1297,12,29,107,148,1.3581081081081081,0.051641678388543166,650,It still seems to me you’re suppressing something.
1736,1297,12,29,107,148,1.3581081081081081,0.051641678388543166,650,Be glad it's not your sinuses.
3159,1300,6,27,76,109,1.3577981651376148,0.056097664611144155,650,I meant it as a metaphor.
1434,1301,9,26,88,123,1.3577235772357723,0.05552276766351614,650,Your father carried a three-thousand-pound weight. His father carried a three-thousand-pound weight. It doesn't mean you have to.
7344,1302,6,37,94,137,1.3576642335766422,0.0483044702042182,650,You need to accept that this is not your burden to carry.
6928,1302,10,29,98,137,1.3576642335766422,0.0525613039177426,650,I just feel like you haven’t given the anti-depressants enough time to work.
388,1302,14,21,102,137,1.3576642335766422,0.05649831411074497,650,So you're feeling depressed?
1674,1302,11,27,99,137,1.3576642335766422,0.05357268778481325,650,It may be your dream of being trapped under an enormous weight was not symbolic.
1601,1302,9,31,97,137,1.3576642335766422,0.05153007338028473,650,Have you tried deep breathing?
6326,1302,9,31,97,137,1.3576642335766422,0.05153007338028473,650,What really baffles me is how you got that through the door to my office.
1111,1308,13,28,110,151,1.3576158940397351,0.05176306255967165,650,As a matter of fact there is something I'd like to get off my chest....
2521,1309,10,30,100,140,1.3571428571428572,0.0517637813708753,650,"When Dr. Shenkman asked Sal a third time to describe the weight he felt bearing down on him, he knew he’d gone to the wrong therapist."
3540,1309,9,27,90,126,1.3571428571428572,0.054585637641550847,650,I feel nothing.
4325,1309,9,32,99,140,1.3571428571428572,0.050761344927936734,650,Tell me more about your relationship with your mother
715,1309,9,32,99,140,1.3571428571428572,0.050761344927936734,650,Not until you pay me for your last visit.
6821,1309,13,19,94,126,1.3571428571428572,0.059055299039723785,650,I gather you have a lot to get off your chest.
5783,1309,7,36,97,140,1.3571428571428572,0.04869460229897512,650,"So, you say you're feeling a little more pressure these days?"
6291,1309,11,33,110,154,1.3571428571428572,0.049338697349603736,650,Tell me more about your panini fetish
6447,1309,11,28,101,140,1.3571428571428572,0.05274717039548742,650,Today we can do hourly or just the flat fee.
3865,1317,11,34,112,157,1.356687898089172,0.04867402231782082,650,"Well then, what exactly is your most pressing issue?"
6790,1318,12,27,104,143,1.3566433566433567,0.05289379743701177,650,So tell me about your weight problem.
3147,1318,11,29,103,143,1.3566433566433567,0.051954410313929056,650,Looks like you have a ton on your mind today.
2712,1318,7,37,99,143,1.3566433566433567,0.04801342027089882,650,Most people leave their metaphors with the receptionist.
4389,1318,11,29,103,143,1.3566433566433567,0.051954410313929056,650,Now I'm going to press you for details
685,1322,12,22,95,129,1.3565891472868217,0.05697311858949264,650,I think your obsession with keeping your clothes pressed is starting to weigh on you.
175,1322,7,32,90,129,1.3565891472868217,0.05138400613784052,650,"Mr Quinn, not all burdens are merely psychological."
3058,1324,9,23,83,115,1.3565217391304347,0.05818419992532185,650,"So, you feel as if there is a great weight crushing you. Let's explore this."
1951,1325,11,30,105,146,1.356164383561644,0.0511924190879219,650,I sense that you need to get something off your chest.
3099,1325,12,28,106,146,1.356164383561644,0.05210697730019456,650,So your foot itches--what do you want me to do about it?
7036,1325,10,32,104,146,1.356164383561644,0.05026122223726628,650,"So, what was so pressing that you needed to come in early?"
6028,1325,12,28,106,146,1.356164383561644,0.05210697730019456,650,"So last week, it was the Elephant in the room..."
2344,1329,9,29,94,132,1.356060606060606,0.05283165596524971,650,I can see why you're struggling to get out of bed.
280,1329,9,29,94,132,1.356060606060606,0.05283165596524971,650,"Busy day, sorry for the weight."
4445,1331,12,34,117,163,1.3558282208588956,0.04820569109267115,650,"After the 9th session, we take it off."
3189,1332,12,29,108,149,1.3557046979865772,0.05135019482845554,650,"Well, for starters, have you considered losing some weight?"
4236,1332,10,33,106,149,1.3557046979865772,0.04955252834907552,650,"So, John, tell me about your mother."
7161,1334,10,28,97,135,1.3555555555555556,0.053061774096596494,650,What's stopping you?
3583,1334,10,28,97,135,1.3555555555555556,0.053061774096596494,650,"Interesting. Tell me more about this ""Two ton"" weight that is ""crushing you."""
1204,1334,9,30,96,135,1.3555555555555556,0.052009552495332005,650,Have you tried letting go?
4752,1337,9,25,87,121,1.3553719008264462,0.05611320726204283,650,"At least it's off your shoulders now, which is good."
772,1338,11,32,109,152,1.355263157894737,0.04975357078221146,650,You’re not paranoid if you actually are carrying around a huge weight.
3431,1339,10,29,99,138,1.355072463768116,0.05224336268908296,650,"Well, at least the weight’s now off your shoulders."
5912,1339,9,31,98,138,1.355072463768116,0.05122091781944237,650,An hour a day of this and the emotional baggage won't feel so heavy.
682,1341,7,30,87,124,1.3548387096774193,0.05271733378393938,650,Chiropractic psychiatry works to straighten out all aspects of your life
2807,1341,16,23,116,155,1.3548387096774193,0.05317087210942974,650,It is $50 for the session and $450 for the couch.
4247,1341,12,20,92,124,1.3548387096774193,0.05860690231615025,650,Let me know when you want to talk about the man underneath you
3472,1341,6,32,86,124,1.3548387096774193,0.051458594400991715,650,Don't you feel that its a lot to be carrying around?
6681,1341,10,35,110,155,1.3548387096774193,0.048212224150199594,650,Think of it as all those hugs Mommy never gave you.
6403,1346,11,28,102,141,1.3546099290780143,0.052432956925393674,650,Yeah...yeah.  My day was pressure-filled too.
5377,1346,11,28,102,141,1.3546099290780143,0.052432956925393674,650,"You load sixteen tons, what do you get?"
1867,1346,13,24,104,141,1.3546099290780143,0.054330923212546504,650,I call it weight watchers.
4843,1346,11,28,102,141,1.3546099290780143,0.052432956925393674,650,That's it-nothing else is bothering you?
6331,1346,10,30,101,141,1.3546099290780143,0.051457728762028254,650,I'm still blown away as to how you walked in here.
1707,1346,12,26,103,141,1.3546099290780143,0.053390374549481354,650,"After we get the wrinkles out of your shirt, you'll also need to shave."
6913,1346,10,30,101,141,1.3546099290780143,0.051457728762028254,650,"Frank, I'm done being an enabler."
4840,1346,7,36,98,141,1.3546099290780143,0.04841432103794615,650,"It's not acupuncture, its acupressure. We'll see results within sixty days."
2359,1354,13,30,115,158,1.3544303797468353,0.05005515732730811,650,I can't help when it's not figurative.
2349,1355,11,23,93,127,1.3543307086614174,0.056484918904357195,650,"Forget the visual metaphor, just tell me what’s bothering you!"
2339,1355,9,27,91,127,1.3543307086614174,0.054227090183099874,650,"The weight of your personal insecurities doesn't feel quite so crushing now, does it."
5611,1355,12,21,94,127,1.3543307086614174,0.05758064293306119,650,"Oh, the weight’s no metaphor. You're just way past due on your bill..."
3198,1355,8,29,90,127,1.3543307086614174,0.053062161026226275,650,"After twenty years of  Freudian analysis,  the weight is revealed to be ... a weight."
2401,1355,12,21,94,127,1.3543307086614174,0.05758064293306119,650,Are you ready to apologize yet?
343,1355,11,23,93,127,1.3543307086614174,0.056484918904357195,650,"The weight of the world doesn't seem as bad anymore, does it?"
700,1361,13,25,106,144,1.3541666666666667,0.053499114066545124,650,Our time has ended. See you next week.
4289,1361,14,23,107,144,1.3541666666666667,0.054399267486155575,650,I can give you a good referral for a forklift.
7088,1361,12,27,105,144,1.3541666666666667,0.05258355359596866,650,"It hit me, as they say, like a ton of bricks."
4186,1364,8,24,81,113,1.3539823008849559,0.05749780678263882,650,Just get it off your chest. You'll feel better.
4855,1365,9,28,93,130,1.353846153846154,0.05334548735417158,650,So Mr. Stockwell I understand there is something you'd like to get off your chest.
5938,1365,9,28,93,130,1.353846153846154,0.05334548735417158,650,It doesn't seem like something the President would tell you to do...but then....
1126,1365,10,26,94,130,1.353846153846154,0.05445182830200418,650,I see you have something you’d like to get off your chest.
2103,1365,12,22,96,130,1.353846153846154,0.05659967114908593,650,Let me guess. You need to get something off your chest.
3329,1365,7,32,91,130,1.353846153846154,0.05106094253243229,650,"Only you can see it, John."
4836,1365,6,34,90,130,1.353846153846154,0.04987944734982024,650,"I think we should consider the possibility that -- at some deep, subconscious level -- you're sabotaging yourself."
624,1371,8,36,103,147,1.3537414965986394,0.048076137360922644,650,"So, I take it you haven’t been doing the breathing exercises we talked about?"
1430,1371,9,34,104,147,1.3537414965986394,0.049035731295269315,650,"Well, at least you’re no longer bearing that weight on your shoulders."
4209,1373,9,29,95,133,1.3533834586466165,0.05250122189532132,650,Looks like you put on a little weight.
7083,1373,11,25,97,133,1.3533834586466165,0.05462802059023609,650,Let's start with the elephant in the room: your mother.
1340,1375,7,34,95,136,1.3529411764705883,0.04953972434414954,650,Now you’re a mashed couch potato.
3708,1375,12,30,111,153,1.3529411764705883,0.05034332440982412,650,Move beyond “crushed” and “pain” and dig deeper - how does that make you feel?
4540,1375,8,32,96,136,1.3529411764705883,0.05062723328375709,650,Let’s start with why that’s not on your shoulders.
2102,1375,9,30,97,136,1.3529411764705883,0.051691867946917915,650,"I  can see you have a lot to get off your chest."""
4652,1379,13,29,114,156,1.3525641025641026,0.05047703552040902,650,It's NOT heavy. It's your mother.
6944,1380,11,27,101,139,1.3525179856115108,0.052923409023404124,650,I had warned you that you might put on some weight when starting this new medication.
6751,1380,10,29,100,139,1.3525179856115108,0.05192901701460582,650,"With all due respect, that's not even close to the weight of the world."
7407,1382,6,31,85,122,1.3524590163934427,0.05195295980194742,650,"Just get if off you chest, Dan. You'll feel much better when you do."
350,1382,6,31,85,122,1.3524590163934427,0.05195295980194742,650,"Usually when my patients speak about feeling the weight of the world, they're speaking metaphorically."
1725,1384,14,28,117,159,1.3522012578616351,0.050582440588665914,650,"Whatever it is that's bothering you, please don't keep it hidden, just get it off your chest."
2827,1385,9,32,101,142,1.352112676056338,0.05016921033091317,650,So now do you understand literal versus figurative language?
4227,1385,10,30,102,142,1.352112676056338,0.05115505631014838,650,"Well, it’s not the weight of the world, Mr. Sinclair."
90,1385,9,32,101,142,1.352112676056338,0.05016921033091317,650,Next week we'll tackle your issues with your weight
3142,1385,12,26,104,142,1.352112676056338,0.05307183836865408,650,It's not just another metaphor any more...Is it?
3808,1385,9,32,101,142,1.352112676056338,0.05016921033091317,650,It seems like you are under a lot of pressure
4021,1385,12,26,104,142,1.352112676056338,0.05307183836865408,650,We may get into some sensitive issues but you're welcome to leave at any time.
7426,1391,9,26,90,125,1.352,0.05477932268245371,650,"Had I known you were being literal, I would have recommended a different doctor."
3056,1391,7,30,88,125,1.352,0.052370885780358485,650,"Mr. Carlson, despite how things appear, the underlying cause of your chest pain is stress."
71,1391,6,32,87,125,1.352,0.05112413734582559,650,"When you called, you said you had something enormous to get off your chest...I’m listening."
6162,1394,11,29,105,145,1.3517241379310345,0.05135243196250271,650,I liked it better when I carried it around on the inside.
7583,1394,11,29,105,145,1.3517241379310345,0.05135243196250271,650,I know I'm not a ton of help...
3607,1394,12,27,106,145,1.3517241379310345,0.05227674156904289,650,Let's first address why this isn't on your shoulders...
3064,1394,7,37,101,145,1.3517241379310345,0.04747557799554802,650,So is the heaviness the same in the morning as it is at night?
2191,1398,9,27,92,128,1.3515625,0.05387294096719358,650,Are you still having trouble with your weight?
4400,1398,7,31,90,128,1.3515625,0.05153863382287835,650,oops - I think my cellphone is in my pocket !!
1714,1398,9,27,92,128,1.3515625,0.05387294096719358,650,So tell me--- how does that make you feel?
7392,1398,9,27,92,128,1.3515625,0.05387294096719358,650,"Enough with that weight of the world BS, tell me how you really feel."
5447,1402,8,36,104,148,1.3513513513513513,0.04780997585844713,650,Would you like to pay by the hour or by the pound?
6184,1402,10,32,106,148,1.3513513513513513,0.04969558449500083,650,"Yes, it's your mother."
1755,1404,11,24,96,131,1.3511450381679388,0.05517671830900627,650,"We've talked about the props, Stephen"
219,1404,12,22,97,131,1.3511450381679388,0.056230863904511805,650,"So, what seems to be the problem?"
2787,1404,9,28,94,131,1.3511450381679388,0.05300557158600242,650,We never go out anymore.
6602,1404,10,26,95,131,1.3511450381679388,0.054102037219083784,650,"yeah, your mother is not to blame here"
2960,1408,12,29,110,151,1.3509933774834437,0.05077646592646386,650,Who says you can't keep a good man down?
3307,1408,13,27,111,151,1.3509933774834437,0.051638645535411726,650,"How would you rate your anxiety, on a scale of one out of ton?"
1830,1408,12,29,110,151,1.3509933774834437,0.05077646592646386,650,Think of it as metaphor
6935,1408,13,27,111,151,1.3509933774834437,0.051638645535411726,650,"We divide the mind into the conscious, the subconscious, and the subconcrete."""
6666,1408,13,27,111,151,1.3509933774834437,0.051638645535411726,650,What could be more pressing than this?
2815,1413,9,29,96,134,1.3507462686567164,0.05217464036205944,650,Now about those 16 unpaid invoices...
4972,1413,8,31,95,134,1.3507462686567164,0.05108788747126068,650,"So you see, much of the pain we feel in life is external."
7038,1413,10,27,97,134,1.3507462686567164,0.05323921437760225,650,"Don""t you think that ""weight of the world"" might be a bit of an exaggeration?"
6099,1413,13,21,100,134,1.3507462686567164,0.056312312147934696,650,Sid’s delusions were the most vivid Dr. Joyce had ever seen.
2662,1413,7,33,94,134,1.3507462686567164,0.04997750889792474,650,911 thought it was a crank call.
3193,1418,14,13,90,117,1.3504273504273505,0.0634458948032085,650,Why is it that you always seem distracted when I'm trying to tell you about MY day
7487,1419,7,34,96,137,1.3503649635036497,0.049244224569891984,650,You need to lighten up.
1582,1419,9,30,98,137,1.3503649635036497,0.05137779741679769,650,SO!  What would you like to get off your chest?
7382,1419,6,36,95,137,1.3503649635036497,0.04814199254844131,650,I’ll bet that weighs heavily on you
3028,1419,10,28,99,137,1.3503649635036497,0.05241202413909692,650,I see you have a ton of problems.
2965,1419,10,28,99,137,1.3503649635036497,0.05241202413909692,650,Jerome could feel the awkward silence weighing him down.
1781,1419,6,36,95,137,1.3503649635036497,0.04814199254844131,650,"So tell me, Dave, is there anything you need to get off your chest?"
597,1419,11,26,100,137,1.3503649635036497,0.05342623401769072,650,"On the surface, yes, but it REPRESENTS a fear of commitment."
619,1419,13,22,102,137,1.3503649635036497,0.055398979189373185,650,So would you say the visualization exercises are helping?
884,1427,8,26,86,120,1.35,0.055065532642062605,650,Are you going to be communicating with me through metaphors in all of our sessions?
4870,1427,8,26,86,120,1.35,0.055065532642062605,650,So this is the reality that you have constructed. Can you not think balloons?
4201,1427,11,34,115,160,1.35,0.047912393848322056,650,"If I understand correctly, you're here to get a weight off your chest."
5190,1427,10,29,101,140,1.35,0.05161821264505477,650,"I don't know, I'm not seeing it."
2911,1427,12,25,103,140,1.35,0.05357228502227348,650,"Headache feeling a little better now?"""
923,1427,8,33,99,140,1.35,0.04958719623887276,650,"Although they started their diets together, Edith had been much more successful at keeping the weight off."
72,1427,11,20,89,120,1.35,0.05875696513930032,650,"I can help you, but you have to want to lose the weight."""
6437,1427,12,18,90,120,1.35,0.05993694165362391,650,"No, you're not having a heart attack.  You have an enormous weight resting on you."
6370,1427,7,35,98,140,1.35,0.04853983011830252,650,"Have you read ""The Unbearable Lightness of Being"" ?"
5252,1427,10,29,101,140,1.35,0.05161821264505477,650,"So tell me, what's been weighing on you lately?"
860,1437,13,24,106,143,1.3496503496503496,0.05368223959835514,650,So you say they took this load off Fanny and put it right on you?  Likely story.
1615,1437,15,20,108,143,1.3496503496503496,0.05548665570003547,650,Frank begins to realize that the Weighting Room sign wasn't a typo.
1633,1437,11,28,104,143,1.3496503496503496,0.051815024228655325,650,What is it you want to get off your chest?
4122,1437,10,30,103,143,1.3496503496503496,0.05085571432569405,650,Are you sure this will heap my restless leg syndrome?
2482,1441,10,23,90,123,1.3495934959349594,0.05653806997923605,650,When I have them come and take it off you're gonna feel better about pretty much everything else.
317,1441,7,29,87,123,1.3495934959349594,0.05288396064027904,650,I think it is keto diet not kilo diet
1589,1441,9,25,89,123,1.3495934959349594,0.05534684576064104,650,I may have found the cause of your flat affect.
1857,1444,11,29,106,146,1.3493150684931507,0.051056357159219946,650,A cold shower works better.
3444,1444,10,31,105,146,1.3493150684931507,0.05012263256334676,650,But is it more pressing than dealing with your unresolved conflict with your mother?
6819,1444,12,27,107,146,1.3493150684931507,0.05197330966620647,650,"Sorry, I don't really do weight loss."
3652,1447,9,26,91,126,1.3492063492063493,0.054414587583659246,650,I'm terrified of flying.
2007,1447,8,28,90,126,1.3492063492063493,0.05323498112064656,650,Is there anything you want to get off your chest this session?
1611,1447,7,30,89,126,1.3492063492063493,0.05202863719079589,650,No.  I don't think taking deep breaths and shaking it off will work this time.
637,1450,11,30,108,149,1.348993288590604,0.05032650018042513,650,You're an interesting case.  Most carry their weight on their shoulders.
4466,1450,12,28,109,149,1.348993288590604,0.051219638245281814,650,I couldn't help but notice that you've put on some weight
2588,1450,8,36,105,149,1.348993288590604,0.047546529376061894,650,It's time to lose the weight
4237,1453,7,31,91,129,1.3488372093023255,0.05121011729350314,650,"Now, tell me again: when did your mother in law move in?"
4234,1453,10,25,94,129,1.3488372093023255,0.05464291542585924,650,I said mind OVER matter.
4069,1453,11,23,95,129,1.3488372093023255,0.05574022100104517,650,So you're saying they took the weight off Annie but they put the weight right back on you?
2465,1456,8,22,79,109,1.348623853211009,0.05883705158292925,650,Don't try to hide it Harry. I know you have something to get off your chest.
2941,1457,6,34,92,132,1.3484848484848484,0.04926577321489342,650,When you said you put on some weight I thought you meant it metaphorically
3412,1457,6,34,92,132,1.3484848484848484,0.04926577321489342,650,"Sorry,but now do your other problems seem a little trivial?"
435,1459,9,29,97,135,1.348148148148148,0.05185185185185185,650,"If you don't want to go out tonight, just use your words."
7143,1459,9,29,97,135,1.348148148148148,0.05185185185185185,650,"I just want us to take a nice walk through the city, and all you do is lie there and make excuses."
3167,1459,15,17,103,135,1.348148148148148,0.05789615235529605,650,"So, there's nothing on your mind?"
1352,1462,5,30,80,115,1.3478260869565217,0.052465495923776174,650,“Looks like our time is up. I suggest you take an anvil and relax.”
1751,1462,11,26,101,138,1.3478260869565217,0.05309840678628378,650,I guess you can say it started when I bought myself a pair of ankle weights.
3447,1462,8,32,98,138,1.3478260869565217,0.05002080801877035,650,We’ll do the decompression therapy next.
5680,1462,14,20,104,138,1.3478260869565217,0.056007145719387044,650,"Actually, the world weighs quite a bit more."
6321,1462,10,28,100,138,1.3478260869565217,0.05209274690822775,650,I think you should try a weight loss program.
7548,1462,12,24,102,138,1.3478260869565217,0.05408537072109854,650,"Now that we have a physical manifestation of your existential despair, how do you feel?"
4761,1462,6,36,96,138,1.3478260869565217,0.047859253956332094,650,Aaaaand our time’s up.
563,1462,8,32,98,138,1.3478260869565217,0.05002080801877035,650,This is progress. It's no longer all in your head.
2623,1470,9,31,101,141,1.3475177304964538,0.05031392394294709,650,It's a new professional strategy. Once that's removed your troubles will seem lighter.
6421,1470,9,31,101,141,1.3475177304964538,0.05031392394294709,650,"I have figured out what has been weighing on you. Unfortunately,our time is up and we will have to address this during our next appointment."
1600,1470,11,27,103,141,1.3475177304964538,0.0522888629415873,650,"Mr. Wiley, is the roadrunner beeping at you now?"
731,1470,8,33,100,141,1.3475177304964538,0.04929679320141368,650,You might feel better if you lose the excess weight.
5638,1474,11,19,88,118,1.347457627118644,0.05942541849032834,650,I'm sensing you have something to get off your chest.
769,1475,11,28,105,144,1.3472222222222223,0.05151119970521326,650,I feel like it's more than emotional baggage weighing me down
6373,1475,11,28,105,144,1.3472222222222223,0.05151119970521326,650,"So tell me, why do YOU think you have this feeling of helplessness?"
4170,1475,13,24,107,144,1.3472222222222223,0.053363413396451294,650,You asked me to iron your clothes. You didn't say how.
2285,1475,12,26,106,144,1.3472222222222223,0.05244548400191822,650,Normally I ask patients to leave their troubles at the door.  But I  ask that you take yours with you as a courtesy to my next patient.
3024,1479,9,24,88,121,1.3471074380165289,0.05593032831632606,650,"Look, it’s not as if you were carrying the weight of the world."
212,1479,12,18,91,121,1.3471074380165289,0.05950987116494113,650,"Please don't make me ask you again, Mr. Johnson.  Your session is over and you have to leave."
2800,1479,7,28,86,121,1.3471074380165289,0.05341085593686093,650,"Mind over matter, Bob."
1719,1482,11,29,107,147,1.346938775510204,0.050763494427203314,650,Com'on. Get it off your chest.
7571,1482,14,23,110,147,1.346938775510204,0.053446199554387036,650,Could you hand me the remote?
4063,1484,8,27,89,124,1.346774193548387,0.053765079964523614,650,Try just concentrating on your breath.
726,1484,10,23,91,124,1.346774193548387,0.056151086460678734,650,"And you imagine that somehow, without that, you'd be free?"
6926,1484,6,31,87,124,1.346774193548387,0.051268149337269996,650,"Morris, you're putting on weight."
1307,1487,10,32,108,150,1.3466666666666667,0.04914177696321292,650,As soon as your bill's paid.
335,1487,9,34,107,150,1.3466666666666667,0.048222699888011124,650,Can you explain one more time why you see your entire existence as soul-crushing?
5857,1489,7,21,73,101,1.3465346534653466,0.06042038139561331,650,"I think you need to be a little less literal about this feeling of being weighed down"""
6365,1490,10,24,93,127,1.3464566929133859,0.05519839885887648,650,"Well, you're the one who wanted it off your shoulders."
4687,1490,6,32,89,127,1.3464566929133859,0.050467075690712376,650,You just need to let go.
6247,1490,9,26,92,127,1.3464566929133859,0.05405440647746246,650,"Yes, but heavy isn't a feeling."
5021,1493,9,35,109,153,1.34640522875817,0.047576510753365754,650,"Just warning you, I charge by the pound."
5139,1494,12,30,114,156,1.3461538461538463,0.049525328468917704,650,"You’re not alone, Howard. The pressures of daily life weigh on us all.  And it might help backing off on the iron supplement."
5569,1494,8,29,93,130,1.3461538461538463,0.05204412886215589,650,Imagine a big yellow crane. No. Not a bird.
6385,1494,9,27,94,130,1.3461538461538463,0.05317755102858302,650,My role is to help you identify and treat the underlying issue.
6555,1494,10,25,95,130,1.3461538461538463,0.05428731451982511,650,Your symptoms are very real.
6781,1494,10,25,95,130,1.3461538461538463,0.05428731451982511,650,Getting out of bed in the morning must be hard.
573,1494,11,23,96,130,1.3461538461538463,0.05537484177992094,650,You should book an appointment with my partner; he's more of a literalist.
36,1494,11,23,96,130,1.3461538461538463,0.05537484177992094,650,She was my crane.
4578,1494,7,31,92,130,1.3461538461538463,0.05088546712612378,650,Why don't you just get it off your chest?
2947,1494,14,26,116,156,1.3461538461538463,0.05116819453363364,650,"Now, let me tell you about my day."
4476,1494,10,25,95,130,1.3461538461538463,0.05428731451982511,650,Well I can see you have a lot weighing you down.
5063,1504,14,18,101,133,1.3458646616541354,0.057522631466027,650,Viagra is field testing their new and improved product.
3434,1504,10,26,97,133,1.3458646616541354,0.05341505840645854,650,Sorry for the wait. Anything bothering you lately?
7341,1506,13,21,102,136,1.3455882352941178,0.05559999184043708,650,It beats having the weight of the world on your shoulders....
6851,1506,9,29,98,136,1.3455882352941178,0.05153279776183432,650,"Oh, I see,” said the blind psychologist, “So you’re not speaking figuratively..."
4542,1506,8,31,97,136,1.3455882352941178,0.05046480737393613,650,Do you have any other pressing needs?
3333,1506,9,29,98,136,1.3455882352941178,0.05153279776183432,650,In my professional opinion this is the most effective way to treat sleep walking.
7015,1506,8,31,97,136,1.3455882352941178,0.05046480737393613,650,It seems like something is holding you down.
956,1511,14,20,105,139,1.3453237410071943,0.05565903600122712,650,"...and how does that make you FEEL, John?"
7281,1511,9,30,100,139,1.3453237410071943,0.05076028187283178,650,"I'm sorry, it usually takes 5 or 6 sessions until the crane arrives."
1807,1511,12,24,103,139,1.3453237410071943,0.053753134415355466,650,"Well, at least. it's off your mind"
3879,1511,11,26,102,139,1.3453237410071943,0.05277437867867285,650,Let's talk about this feeling you have of being stalked by a coyote.
2334,1511,9,30,100,139,1.3453237410071943,0.05076028187283178,650,"Well, it's a bit bigger than a chip on your shoulder."
4671,1516,6,27,80,113,1.345132743362832,0.05446253816412023,650,We don't do metaphors at this clinic.
76,1517,13,23,106,142,1.3450704225352113,0.053864514666470846,650,"I meant figuratively, not literally."
5467,1517,10,29,103,142,1.3450704225352113,0.051007014984738266,650,I think you're making progress - last session it was an elephant.
2874,1517,11,27,104,142,1.3450704225352113,0.051976972771799246,650,You are having a challenge distinguishing the literal from the metaphor.
4750,1520,10,30,105,145,1.3448275862068966,0.050266826679700866,650,"Sorry, I didn't think you actually meant ""literally""."
3821,1520,7,26,83,116,1.3448275862068966,0.054900002151741116,650,There appears to be something you'd like to get off of your chest.
6864,1520,10,30,105,145,1.3448275862068966,0.050266826679700866,650,It's just gotten so hard to get up out of bed in the morning.
178,1520,7,36,102,145,1.3448275862068966,0.04732227321894,650,Hmmm.....this may be more of an engineering issue than a therapy issue.
3872,1520,10,30,105,145,1.3448275862068966,0.050266826679700866,650,I can tell that something is weighing on you.
2376,1525,13,25,110,148,1.3445945945945945,0.05226338552928525,650,But it's not really 'the weight of the the world' is it?
4278,1525,8,35,105,148,1.3445945945945945,0.04766359355101678,650,I'm sorry. Your insurance only reimburses me for lifting the weight off your mind.
1453,1525,7,37,104,148,1.3445945945945945,0.046689286638792134,650,Therapy can be painful
2658,1528,7,27,85,119,1.3445378151260505,0.053952157706317456,650,"When you told me you had the weight of the world on your shoulders, I thought it was just a metaphor."
1181,1528,7,27,85,119,1.3445378151260505,0.053952157706317456,650,"Let's work on perspective... It is a weight, not THE weight of the world."
7021,1528,6,29,84,119,1.3445378151260505,0.0526156390046733,650,This feeling usually disappears after April 15th
5554,1531,8,26,88,122,1.3442622950819672,0.054309589145420556,650,Trust me you will feel better when you get it off your chest.
2511,1531,9,24,89,122,1.3442622950819672,0.05554290656806028,650,Let's talk about something besides your mother.
5470,1533,11,31,112,154,1.344155844155844,0.04908108150541256,650,"Yes, I think that with some hard work we can get to an understanding of why you feel this enormous pressure."
6998,1534,9,25,91,125,1.344,0.05460001181613957,650,...and sometimes perception is reality
1087,1535,8,38,111,157,1.3439490445859872,0.04582288417065209,650,"Doc, I need to talk to you about a pressing matter."
3693,1535,8,38,111,157,1.3439490445859872,0.04582288417065209,650,Something appears to be weighing on you.
3432,1537,12,20,96,128,1.34375,0.05703196627475993,650,Don't worry.  I had a guy with one twice as big.
1396,1537,6,32,90,128,1.34375,0.05014435362817434,650,What are your expectations from therapy?
5271,1537,9,26,93,128,1.34375,0.05369870286120865,650,So you say you're feeling a lot of pressure lately?
3812,1540,10,25,96,131,1.3435114503816794,0.05393607965870664,650,I think a metaphor next session will work equally well ....
2956,1540,7,31,93,131,1.3435114503816794,0.050564624518149505,650,'I'm sure you're just imagining it.'
2391,1540,10,25,96,131,1.3435114503816794,0.05393607965870664,650,Is that supposed to be a metaphor or a simile?  I can never remember the difference.
303,1540,10,25,96,131,1.3435114503816794,0.05393607965870664,650,Lighten up!
171,1540,10,25,96,131,1.3435114503816794,0.05393607965870664,650,Can you give me a sense of what triggers the tightness in your chest and shortness of breath..?
6468,1540,7,31,93,131,1.3435114503816794,0.050564624518149505,650,"'Weight of the World', sounds a little grandiose, don't you think?"
5121,1546,9,28,97,134,1.3432835820895523,0.05200985465949026,650,you did very we'll just getting here!
12,1546,8,30,96,134,1.3432835820895523,0.05091958494594446,650,So my paralysis isn't psychosomatic?
4222,1546,13,20,101,134,1.3432835820895523,0.05615966866210566,650,"So, you say there's something you need to get off your chest?"
1499,1546,8,30,96,134,1.3432835820895523,0.05091958494594446,650,Next time just buy permanent press pants.
7315,1546,8,30,96,134,1.3432835820895523,0.05091958494594446,650,Mother was right.  She predicted you would collapse under pressure.
781,1551,8,31,98,137,1.3430656934306568,0.050158568016949026,650,Apparently it’s not all in your head.
1046,1551,10,27,100,137,1.3430656934306568,0.052254821398818804,650,Just focus on my voice as you relax and go deeper and deeper into the couch.
5471,1551,11,25,101,137,1.3430656934306568,0.05327202423766368,650,"Now, where were we?  Oh, yes. You said you had thoughts of jumping out the window..."
2692,1551,11,25,101,137,1.3430656934306568,0.05327202423766368,650,You really are depressed.
6368,1551,11,25,101,137,1.3430656934306568,0.05327202423766368,650,"The Viagra didn't seem to be working, so I took more."
1256,1551,10,27,100,137,1.3430656934306568,0.052254821398818804,650,"You see, there's your problem.  You're supposed to have the weight of the world on your SHOULDERS."
1128,1551,11,25,101,137,1.3430656934306568,0.05327202423766368,650,Perhaps there’s something you’d like to get off of your chest?
1413,1558,10,28,102,140,1.3428571428571427,0.0514651006502089,650,"No doctor, I really am under a lot of pressure!"
5059,1558,11,26,103,140,1.3428571428571427,0.0524540895246018,650,I think a weighted blanket would be more comfortable.
5209,1558,10,28,102,140,1.3428571428571427,0.0514651006502089,650,You're the one who chose 'house arrest'.
6466,1558,9,30,101,140,1.3428571428571427,0.05045673059183804,650,You're right.  I do prefer when the soul-crushing weight on my chest is metaphorical.
6210,1558,11,26,103,140,1.3428571428571427,0.0524540895246018,650,Your insurance company  approved the crane service for only 30 minutes.
4837,1558,13,22,105,140,1.3428571428571427,0.05437813304714089,650,So you say this is still better than listening to our President speak.
245,1564,14,21,108,143,1.3426573426573427,0.054452944150447345,650,"I assure you, you're not having a heart attack."
6836,1564,11,27,105,143,1.3426573426573427,0.05166859740628859,650,"No, Advil."
6315,1564,11,27,105,143,1.3426573426573427,0.05166859740628859,650,I can only make it FEEL like the weight has been lifted.
4484,1567,4,29,75,108,1.3425925925925926,0.052888260111661915,650,At least the weight is off your mind.
2556,1568,9,32,105,146,1.3424657534246576,0.049022910364568545,650,All this pressure you complain about is something you bring upon yourself Donald.
1631,1568,11,28,107,146,1.3424657534246576,0.050913577395343614,650,It helps with the tossing and turning at night
5729,1568,13,24,109,146,1.3424657534246576,0.05273650524798515,650,Do you want to talk about your weight problem?
4120,1568,12,26,108,146,1.3424657534246576,0.051833055808829215,650,"I’ll be honest, when you said you had problems with the crushing weight of existence I didn’t think you meant this"
2227,1568,12,26,108,146,1.3424657534246576,0.051833055808829215,650,It's just a metaphor.
4243,1568,8,34,104,146,1.3424657534246576,0.04804968708871018,650,But enough about me.
4896,1574,13,25,111,149,1.342281879194631,0.05196293108741498,650,I think you just need to lighten up.
1835,1574,13,25,111,149,1.342281879194631,0.05196293108741498,650,Let's start with 25 milligram.
6877,1574,8,35,106,149,1.342281879194631,0.04739907804334821,650,I have a ton of questions Bill.
745,1574,8,35,106,149,1.342281879194631,0.04739907804334821,650,"And this weight you're been carrying around,how would you describe it?"
410,1578,7,38,107,152,1.3421052631578947,0.04583114092383595,650,Do you find yourself being overly dramatic and engaging in attention getting tactics?
1099,1578,10,32,110,152,1.3421052631578947,0.04859947124817861,650,What do you want to get off your chest today?
6017,1578,9,34,109,152,1.3421052631578947,0.04769455136450979,650,"Oh for Christ's Sake Harold, it's not the weight of t he world."
172,1578,12,28,112,152,1.3421052631578947,0.0503605535819841,650,When did you first suspect you had a weight problem?
5248,1582,11,18,88,117,1.3418803418803418,0.05967096285625305,650,"Tell me,how does that make you feel?"
7209,1583,8,25,87,120,1.3416666666666666,0.054869125335043206,650,Let’s start by getting that on your shoulders where it belongs.
7537,1583,10,21,89,120,1.3416666666666666,0.05736491052769635,650,Anything you need to get off your chest?
3200,1585,7,28,88,123,1.3414634146341464,0.05268894876754358,650,"How long have you felt compressed?"""
1767,1586,10,23,93,126,1.3412698412698412,0.05539204964177855,650,I get the feeling there's something you'd like to get off your chest.
3780,1586,8,27,91,126,1.3412698412698412,0.05305007926053462,650,"And when you feel this 'pressure', do the breathing exercises help?"
3643,1586,8,27,91,126,1.3412698412698412,0.05305007926053462,650,"Just to make sure, I got this right. Is this the amount of pressure you feel?"
5315,1589,8,28,93,129,1.3410852713178294,0.05219982015951795,650,"Yes, I understand the pressure is tremendous, but real change takes time."
6611,1589,8,28,93,129,1.3410852713178294,0.05219982015951795,650,"Other than that John, what other stressors are there in your life."
2071,1589,9,26,94,129,1.3410852713178294,0.05334740158333645,650,Maybe the baggage analogy was a better choice.
490,1592,6,33,93,132,1.3409090909090908,0.04908313352459554,650,"It's a good thing you came to see me, you can't carry that weight alone."
5241,1592,12,21,99,132,1.3409090909090908,0.0557056237970357,650,Did you ever consider that it might be all in your mind?
5452,1592,11,23,98,132,1.3409090909090908,0.05465762619811564,650,"Before we get to that, tell me about your relationship with your mother."
5632,1592,9,27,96,132,1.3409090909090908,0.05249890722296105,650,I'm sensing you want to get something off your chest.
5737,1592,10,25,97,132,1.3409090909090908,0.0535891377110045,650,So you did mean literally? I sit corrected.
1865,1592,7,31,94,132,1.3409090909090908,0.05024753145774633,650,"Is this really a weight problem, or are we talking about something deeper here?"
1419,1598,13,20,102,135,1.3407407407407408,0.055800088330641096,650,"Now, if you can, I want you to bring your awareness to the weight on your chest"
2299,1599,10,27,101,138,1.3405797101449275,0.05193431473332927,650,The burden’s on you to unload.
2726,1599,9,29,100,138,1.3405797101449275,0.05090566298579664,650,"Oh, it's so much more than a metaphor, Charlie."
533,1599,10,27,101,138,1.3405797101449275,0.05193431473332927,650,"Doctor, I keep getting unexpected erections, is there anything else I can do?"
6961,1602,12,24,105,141,1.3404255319148937,0.05310022565817011,650,"Unfortunately, my practice focuses on metaphorical weight."
540,1602,13,22,106,141,1.3404255319148937,0.05404582396024975,650,Close your eyes and imagine you're weightless.
5330,1602,5,38,98,141,1.3404255319148937,0.045939243646283066,650,"As performance art, it’s a cliché."
1283,1605,10,29,105,144,1.3402777777777777,0.050409352321959755,650,That should take care of your figiting.
5872,1605,12,25,107,144,1.3402777777777777,0.05230060225054453,650,"The ""pea"" is so annoying."
6984,1605,7,35,102,144,1.3402777777777777,0.04743129252027798,650,"Well, yes—sleeping, eating, working, even simply moving about—they can all be challenging when you're depressed."
7039,1605,10,29,105,144,1.3402777777777777,0.050409352321959755,650,Our time is up. You really have to get up and go now.
955,1605,7,35,102,144,1.3402777777777777,0.04743129252027798,650,"I specialize in treating mental blocks, I don't really ""do"" physical ones."
7554,1605,9,31,104,144,1.3402777777777777,0.049436602880804544,650,At least you stopped carrying the weight of the world on your back.
4060,1611,9,32,106,147,1.3401360544217686,0.048743984419576024,650,I'm going to switch your meds from valium to steroids
5014,1611,9,32,106,147,1.3401360544217686,0.048743984419576024,650,What do you feel seems to be the issue?
4450,1611,12,26,109,147,1.3401360544217686,0.05153193085304032,650,"Now Charles, don't you think that sometimes, we look for things to complain about?"
7135,1611,12,26,109,147,1.3401360544217686,0.05153193085304032,650,How long have you been insecure about your weight?
1121,1611,12,26,109,147,1.3401360544217686,0.05153193085304032,650,You’ll feel better if you get it off your chest.
7048,1611,11,28,108,147,1.3401360544217686,0.05061967934832239,650,Let’s move to a lighter topic.
170,1611,8,34,105,147,1.3401360544217686,0.047778531339716976,650,Have you tried focusing on your breath?
41,1618,11,29,110,150,1.34,0.04990371041514956,650,Tell me more about your weight problem...
6788,1619,10,32,111,153,1.3398692810457515,0.0483325314804936,650,"And when your wife says you need to lose weight, how does that make you feel?"""
4057,1620,7,39,110,156,1.3397435897435896,0.045013365234963826,650,It sounds like you are feeling a lot of pressure.
775,1621,9,20,83,112,1.3392857142857142,0.05888492397045019,650,"On the bright side, at least it’s off your shoulders."
4805,1622,10,19,86,115,1.3391304347826087,0.059089140693860544,650,"I know the commercial said to seek medical treatment if it lasted four hours, but maybe we shouldn't wait."
4967,1623,10,20,88,118,1.3389830508474576,0.057998310284061674,650,Way too much cowbell.
3455,1623,7,26,85,118,1.3389830508474576,0.05412217974983691,650,I think I understand why mindfulness was not working for you.
5384,1625,9,23,89,121,1.3388429752066116,0.05573663845400196,650,"Remind me, when is your Mueller deposition?"
5606,1625,10,21,90,121,1.3388429752066116,0.05695887914086869,650,I get the sense you have something you want to get off your chest.
5610,1625,11,19,91,121,1.3388429752066116,0.05815543792128163,650,Yes. But how does it feel?
3246,1625,6,29,86,121,1.3388429752066116,0.05189749247946631,650,"Can you give me a concrete example of this""crushing paralysis""?"
1640,1625,9,23,89,121,1.3388429752066116,0.05573663845400196,650,"So Mr. Finnigan, is there  anything else you would like to get off your chest?"
4537,1630,10,22,92,124,1.3387096774193548,0.055967161860208725,650,I'm glad you came in today. You seem flatter than usual.
312,1630,9,24,91,124,1.3387096774193548,0.05478314396897372,650,I thought you said that you felt like the weight of the world was on your shoulders.....
3738,1630,7,28,89,124,1.3387096774193548,0.0523348084548162,650,"So, tell me why you feel under pressure."
1255,1633,7,29,91,127,1.3385826771653544,0.051499781811938546,650,Breath in and breath out. Now what brings you here?
1786,1633,10,23,94,127,1.3385826771653544,0.05501982058800191,650,That should control your erotic fantasies every time I cross my knee.
5578,1633,10,23,94,127,1.3385826771653544,0.05501982058800191,650,"Just say to yourself, in a soft voice, 'metaphors are not real.'"
6663,1636,10,24,96,130,1.3384615384615384,0.05411382486026369,650,I’m sensing that you have something you’d like to get off your chest.
3515,1636,10,24,96,130,1.3384615384615384,0.05411382486026369,650,"On the bright side, it isn’t the weight of the world."
4799,1636,8,28,94,130,1.3384615384615384,0.05186313596624838,650,"Yes, in this case you certainly can use the expression literally."
2648,1639,6,33,94,133,1.3383458646616542,0.04878008041958116,650,"Well, what do *you* think it means?"
1475,1639,7,31,95,133,1.3383458646616542,0.04993413073533523,650,"Kinda makes all those cares and woes seem trivial, doesn't it Peter?"
4670,1639,10,25,98,133,1.3383458646616542,0.05324641689308105,650,It comes off as soon as you start talking about your relationship with your mother.
7435,1639,11,23,99,133,1.3383458646616542,0.05430563578952494,650,I believe we've uncovered the source of your erectile dysfunction.
528,1639,10,25,98,133,1.3383458646616542,0.05324641689308105,650,Something you want to get off your chest?
7476,1639,11,23,99,133,1.3383458646616542,0.05430563578952494,650,"I told you, I have a ton to discuss."
6110,1645,6,34,96,136,1.338235294117647,0.04807921504015383,650,"Well, it’s not quite ‘the weight of the world,’ but I get your point."
1241,1645,12,22,102,136,1.338235294117647,0.054453702262740454,650,IT'S NOT TOO LATE TO SWITCH PARTIES!
5913,1645,11,24,101,136,1.338235294117647,0.053444113129937396,650,"I am a therapist, Mr. Smith but I don’t think I can help you get that off your chest."
4350,1645,10,26,100,136,1.338235294117647,0.05241508147825307,650,Have you tried visualizing that you're floating?
4224,1645,11,24,101,136,1.338235294117647,0.053444113129937396,650,I’d like to get this off my chest
3106,1645,12,22,102,136,1.338235294117647,0.054453702262740454,650,So you’re worried about what would happen if you stop believing it’s papier-mache.
1370,1651,9,29,101,139,1.3381294964028776,0.05059746964393502,650,I warned you about taking the extra-strength Viagra....
2534,1651,8,31,100,139,1.3381294964028776,0.049556427633694645,650,"So, in terms of your general well being: is there anything pressing?"
5367,1651,8,31,100,139,1.3381294964028776,0.049556427633694645,650,"Me?  Nothing pressing,"
5192,1651,10,27,102,139,1.3381294964028776,0.05161751978664064,650,On the bright side; at least the weight of the world is no longer on your shoulders
4658,1651,10,27,102,139,1.3381294964028776,0.05161751978664064,650,I think I know what’s weighing you down.
4872,1656,10,28,104,142,1.3380281690140845,0.050851626499619204,650,You seem to have a problem with metaphor.
1069,1656,10,28,104,142,1.3380281690140845,0.050851626499619204,650,I see you’ve put on weight since our last visit.
5239,1656,9,30,103,142,1.3380281690140845,0.04985978135521382,650,I think this is progress.  We’ve lifted a huge weight off your shoulders.
7457,1659,15,19,111,145,1.3379310344827586,0.05468535009363346,650,Have you considered less weight and more reps?
5734,1659,9,31,105,145,1.3379310344827586,0.04915053276603517,650,Most patients just bring in a chip.
891,1659,12,25,108,145,1.3379310344827586,0.05199164541562593,650,I really need to get this off my chest
2422,1662,8,34,106,148,1.337837837837838,0.047510223838564285,650,I'm sure you'll feel better once you get it off your chest.
284,1662,5,40,103,148,1.337837837837838,0.044513316873928614,650,So you’re telling me you’re feeling pressured to stay in this relationship?
2943,1664,10,31,110,151,1.3377483443708609,0.04872540277729411,650,"So, you say you're having a hard time dealing with the pressure."
2058,1664,16,19,116,151,1.3377483443708609,0.053888460734306115,650,"Now, about your dream that you've turned into a panini..."
3160,1664,15,21,115,151,1.3377483443708609,0.05306284933512617,650,I can only help you when the crushing weight is metaphorical.
4694,1664,11,29,111,151,1.3377483443708609,0.049623231419971964,650,Last week you said that you felt like a sword of Damocles was hanging over you.  How are you feeling today?
7240,1664,12,27,112,151,1.3377483443708609,0.05050510189387449,650,I promised I could help take a weight off your shoulders. I never said it wouldn't end up somewhere else.
960,1664,9,33,109,151,1.3377483443708609,0.04781071694776171,650,"So, how long have you been carrying this burden?"
255,1664,8,35,108,151,1.3377483443708609,0.04687818719093601,650,"It's called builder's block, I know a contractor that can help."
858,1671,9,35,113,157,1.3375796178343948,0.04656600643213291,650,Is theire anything you'd like to get off your chest?
3705,1671,9,35,113,157,1.3375796178343948,0.04656600643213291,650,Sooooo.... what's your problem ??
4188,1671,14,25,118,157,1.3375796178343948,0.050761102644426265,650,"So, tell me about yourself."
4768,1674,11,32,117,160,1.3375,0.04765532367127345,650,"Ok, A weight on your chest! What else?"
582,1675,13,30,123,166,1.3373493975903614,0.04800071259318768,650,Now let me clarify: Are you complaining about the w-a-i-t or the w-e-i-g-h-t?
3182,1676,4,29,77,110,1.3363636363636364,0.05210701877594693,650,Now you begin the heavy lifting...
3108,1677,7,26,86,119,1.3361344537815125,0.053740993852186336,650,And in the blink of an eye Harry realized the magnitude of his error and deeply regretted his misuse of “literally”.
875,1677,5,30,84,119,1.3361344537815125,0.05102190425323449,650,I have something to get off my chest.
4365,1677,8,24,87,119,1.3361344537815125,0.055050197760934345,650,When you were a child did people make fun of your weight?
6619,1680,13,15,94,122,1.3360655737704918,0.06004407871214091,650,I said I'd never tie you down. And I didn't
7284,1680,10,21,91,122,1.3360655737704918,0.05655830971429486,650,Let’s start with anything that you’d like to get off your chest...
7395,1682,10,22,93,125,1.336,0.0555837061295554,650,Tell me who she is or you'll never see the block and tackle again.
2653,1682,9,24,92,125,1.336,0.05441062514833163,650,Isn't it possible this pressure is all in your head?
379,1682,9,24,92,125,1.336,0.05441062514833163,650,Then she put the load right on me.
4128,1685,8,27,93,128,1.3359375,0.05235279295197198,650,I just feel like my whole existence is one big cliché
2944,1685,8,27,93,128,1.3359375,0.05235279295197198,650,It looks like you've got a handle on this weight problem.
418,1685,8,27,93,128,1.3359375,0.05235279295197198,650,This exercise simulates and prepares you for receipt of my bill.
460,1685,8,27,93,128,1.3359375,0.05235279295197198,650,"I'll be honest, I didn't think you were being literal."
2557,1689,11,22,98,131,1.3358778625954197,0.054842631880924815,650,"As your therapist, I get the sense that there is something you would like to get off your chest."
3774,1689,13,18,100,131,1.3358778625954197,0.056943778376739564,650,I see you’re under a lot of pressure right now.
420,1689,7,30,94,131,1.3358778625954197,0.05037812048142952,650,"The real problem, though, is the emotional weight you're carrying."
2799,1692,10,25,99,134,1.335820895522388,0.052907846753499875,650,Did you say “flattened affect” or “flattened effect”?
2278,1692,11,23,100,134,1.335820895522388,0.05395795676937624,650,It appears that there is something weighing heavily on you.
3379,1692,14,17,103,134,1.335820895522388,0.056992312206367086,650,Still for the wall?
4456,1692,9,27,98,134,1.335820895522388,0.051836467833541476,650,"I said: ""That's all the time we have today!"""
446,1692,10,25,99,134,1.335820895522388,0.052907846753499875,650,Do you know how hard it was for me to get this weight on my chest in the first place?
4923,1692,6,33,95,134,1.335820895522388,0.048480479015327774,650,"They say you can't keep a good man down, so…we'll see."
3100,1698,15,16,106,137,1.3357664233576643,0.05700912172194639,650,Flatter will get you nowhere.
1151,1698,9,28,100,137,1.3357664233576643,0.05104886597930505,650,"Okay, so you're under a lot of pressure; I get that"""
5182,1698,11,24,102,137,1.3357664233576643,0.05310999088386854,650,So how did you hear about the panini weight loss diet?
1946,1698,9,28,100,137,1.3357664233576643,0.05104886597930505,650,I can tell you're under a lot of pressure.
1938,1698,9,28,100,137,1.3357664233576643,0.05104886597930505,650,"There's an obvious answer to your problem, dare I say it."
4826,1698,8,30,99,137,1.3357664233576643,0.04998644327032355,650,"Well, I think we can rule out an iron defficiency as the cause of your depression."
4880,1704,11,25,104,140,1.3357142857142856,0.052296406277379165,650,I know it’s not sparking joy but I cant move the damn thing either.
1138,1704,13,21,106,140,1.3357142857142856,0.05422604499100334,650,"..anyways, our session is over and I will have to ask you to leave."
6252,1704,9,29,102,140,1.3357142857142856,0.05029278540398302,650,Let's address your issue with literalism.
3252,1707,5,38,100,143,1.3356643356643356,0.045418543349406,650,You said you wanted to get something off your chest?
6699,1707,12,24,107,143,1.3356643356643356,0.05246232432573511,650,"So, what what did you need to get off your chest?"
3627,1707,8,32,103,143,1.3356643356643356,0.048562570449889465,650,Sometimes talking doesn’t help.
4444,1707,9,30,104,143,1.3356643356643356,0.04956628193580806,650,"Before we can understand how to lighten that weight you’re carrying around, we have to figure out how it got there."
1680,1711,11,27,108,146,1.3356164383561644,0.05076402311222854,650,I thought I needed more cowbell but maybe this is too much
1104,1711,10,29,107,146,1.3356164383561644,0.0498248204336886,650,Your time is up.
3020,1711,12,25,109,146,1.3356164383561644,0.051686162111617785,650,"Oh Walter, it ain't heavy, it's your mother."
7103,1714,6,39,107,152,1.3355263157894737,0.04471364190422792,650,What other symptoms are you feeling?
1007,1714,13,25,114,152,1.3355263157894737,0.0510810963324424,650,Have you tried to see things from your mother's point of view?
1446,1714,9,33,110,152,1.3355263157894737,0.04754708087318879,650,"No, this is not about character building, but rather about outstanding payment issues."
4702,1714,9,33,110,152,1.3355263157894737,0.04754708087318879,650,"I said depression, not compression."
7522,1714,9,33,110,152,1.3355263157894737,0.04754708087318879,650,"You know, it’s not the weight of the world."
396,1719,12,28,115,155,1.335483870967742,0.04952850110648353,650,Welcome to extreme psychoanalysis.
7338,1720,12,29,117,158,1.3354430379746836,0.048860893173330644,650,I'm trying out a new form of therapy. Now imagine this thing squeezing all the stress out of you.
4093,1721,11,32,118,161,1.3354037267080745,0.047404774914514745,650,I'll remove it when you stop whining about your childhood.
281,1722,10,33,116,159,1.3333333333333333,0.046931702716822656,650,Let's talk about the pressure your Mother is putting on you.
4774,1722,8,32,104,144,1.3333333333333333,0.04828045495852676,650,Sometimes not everything is just in your head
5329,1722,11,27,109,147,1.3333333333333333,0.05046917451763784,650,"Yes, but I'm afraid it's not that kind of weight-loss therapy..."
6426,1722,8,29,98,135,1.3333333333333333,0.05042659366655156,650,So you say you've been put under a lot of pressure lately?
4326,1722,9,26,97,132,1.3333333333333333,0.052319180330223085,650,"So, you say you've been under a lot of pressure..."
1179,1722,10,24,98,132,1.3333333333333333,0.05341307940411538,650,"Now, do I have your attention...."
4265,1722,8,30,100,138,1.3333333333333333,0.0496825140124427,650,"So, anything else you need to get off your chest?"
3944,1722,11,22,99,132,1.3333333333333333,0.054485020624335516,650,I sense some guilt.
3574,1722,11,26,107,144,1.3333333333333333,0.05120915564991892,650,"After reading “50 Ways To Flatten Your Stomach,” Donald tried the Draconian approach"
6417,1722,9,28,101,138,1.3333333333333333,0.05073597068543737,650,3 or 4 sessions and you’ll be straightened out
7362,1722,10,20,90,120,1.3333333333333333,0.05716619504750294,650,Have you tried breathing deeply?
5499,1722,7,27,89,123,1.3333333333333333,0.05248289029813371,650,"To be clear, this is what a 'literal' ton of weight dropped on you feels like...now let's proceed, you were saying, you literally felt..."
5154,1722,11,25,105,141,1.3333333333333333,0.051978745039030036,650,"On the scale of 1 to 10, how do you rate your pressure?"
7091,1722,10,28,106,144,1.3333333333333333,0.050251890762960605,650,How do you FEEL about being underweight?
6192,1722,8,28,96,132,1.3333333333333333,0.051201916071788464,650,You should have gotten it off your chest years ago.
6012,1722,10,16,82,108,1.3333333333333333,0.06170531471130044,650,"Sweetheart, metaphorically it represents Trump's relentless pathological lies. """
7053,1722,11,23,101,135,1.3333333333333333,0.0536145158268927,650,Have you got anything on your mind?
6945,1722,9,23,91,123,1.3333333333333333,0.054963750023952554,650,"Now that we’ve gotten that monkey off your back,
let’s discuss this crushing weight you’re feeling."
6881,1722,8,30,100,138,1.3333333333333333,0.0496825140124427,650,Its so nice to finally have this weight off my shoulders
6703,1722,12,26,112,150,1.3333333333333333,0.05064829526817226,650,Let's work on a better way to face your fear of an alien abduction.
6646,1722,7,29,93,129,1.3333333333333333,0.05083285677753488,650,They said all the ankle bracelets were in use.
6141,1722,10,29,108,147,1.3333333333333333,0.04953735576689809,650,How long have you had this weight problem?
6445,1722,7,28,91,126,1.3333333333333333,0.051639777949432225,650,"To be honest, I'm only board-certified in the lifting of metaphorical weight."
7169,1722,8,26,92,126,1.3333333333333333,0.05285499781147279,650,Looks like you need to get something off your chest
3319,1722,13,19,103,135,1.3333333333333333,0.05563841250772002,650,You're the second doctor to say I'm carrying too much weight.
43,1722,11,28,111,150,1.3333333333333333,0.04975705331869026,650,I know our session is almost over but there's something I really need to get off my chest.
2913,1722,7,25,85,117,1.3333333333333333,0.05428852849870469,650,I get a sense something is weighing on you.
2762,1722,9,25,95,129,1.3333333333333333,0.053162274125368995,650,"Well, at least we’ve moved it off of your shoulders."
5319,1722,13,23,111,147,1.3333333333333333,0.05228301346252807,650,"Go on, what do you need to get off your chest?"
936,1722,7,36,107,150,1.3333333333333333,0.04601980574173563,650,"Well, first off, I'd recommend losing a few pounds."
4377,1722,10,30,110,150,1.3333333333333333,0.04884955369648744,650,"If this lasts more than four hours, the box says to seek immediate medical attention."
1230,1722,5,27,79,111,1.3333333333333333,0.05328417062508188,650,I have a ton of news. But you go first.
3345,1722,10,20,90,120,1.3333333333333333,0.05716619504750294,650,But maybe The Beatles weren't talking about you specifically.
156,1722,5,35,95,135,1.3333333333333333,0.04702304105723988,650,"Do you still want me to read ""The Unbearable Lightness of Being""?"
352,1722,7,31,97,135,1.3333333333333333,0.04931818152870151,650,This crush you are feeling for me is just a transference.
373,1722,8,25,90,123,1.3333333333333333,0.053737638535487776,650,I’m going to refer you to a colleague who specializes in weight control.
151,1722,9,31,107,147,1.3333333333333333,0.04858766979657162,650,And next week we will work on your crocodile phobia.
2460,1722,9,27,99,135,1.3333333333333333,0.05151116061908372,650,And how long have you felt like you are a coyote?
702,1722,11,30,115,156,1.3333333333333333,0.04841006715135932,650,"Doc, there is soemthing I've been meaning to get off my chest."
757,1722,8,31,102,141,1.3333333333333333,0.04896772986418029,650,"All things considered, you seem to be holding up quite well"
2766,1722,6,30,90,126,1.3333333333333333,0.05039526306789696,650,Be honest. Is there something you need to get off your chest?
2751,1722,11,20,95,126,1.3333333333333333,0.05634361698190111,650,Your weight has always concerned me.
2166,1722,12,27,114,153,1.3333333333333333,0.049939764198077816,650,I like to start my sessions with some deep breathing.
3081,1765,7,39,114,160,1.33125,0.04408563974896443,650,And what do you think is causing this suffocating feeling?
6993,1766,9,34,114,157,1.3312101910828025,0.04642057470550615,650,I can't imagine the pressure you're under.
7291,1767,9,33,112,154,1.3311688311688312,0.04702795395330427,650,"No, it's actually a metaphor for the cost of these visits."
3906,1767,14,23,117,154,1.3311688311688312,0.05134238640881605,650,"Yes, we're into compression. If you want compassion, you should visit the quack next door."
1460,1767,12,27,115,154,1.3311688311688312,0.049661612604756905,650,It's call Compression Therapy.
919,1767,14,23,117,154,1.3311688311688312,0.05134238640881605,650,"You put it there, you can lift it off."
5198,1771,10,30,111,151,1.3311258278145695,0.0485751544924298,650,"Well, are you depressed now?"
4124,1771,9,32,110,151,1.3311258278145695,0.0476575850543528,650,Tell me more about your sense of feeling inexplicably trapped.
5096,1773,9,30,106,145,1.3310344827586207,0.048988985795692164,650,There is a pill I can prescribe that’s an anti- depressant
2894,1774,9,29,104,142,1.3309859154929577,0.04969372883209497,650,It looks like you have a lot going on.  Is there anything you wanna get off your chest?
5257,1774,5,37,100,142,1.3309859154929577,0.045496221840605644,650,"Ironically, 'concrete thinking' is itself a metaphor."
4636,1774,9,29,104,142,1.3309859154929577,0.04969372883209497,650,"Doc:
I think the gravity of 
my situation is killing me."
5660,1774,11,25,106,142,1.3309859154929577,0.051664755171895275,650,"Would you describe the feeling like a dark cloud, or maybe a pit in your stomach?"
5480,1774,12,23,107,142,1.3309859154929577,0.05262259066065568,650,"Now that you're comfortable, let's discuss my hourly fee."
4737,1774,8,31,103,142,1.3309859154929577,0.04867829664615167,650,It worries me when you say that this is not the worst of the medication’s side effects.
3387,1780,8,30,101,139,1.330935251798561,0.04938205275878442,650,"It's always all about you. I have things to get off MY chest, too!"
1793,1780,10,26,103,139,1.330935251798561,0.05145013084319604,650,"After this treatment, my patients often forget their crushing anxiety."
1575,1780,9,28,102,139,1.330935251798561,0.05042669480767781,650,"Your mother, was she a big woman?"
815,1780,7,32,100,139,1.330935251798561,0.048314829194731256,650,In this case size is a concern.
5403,1784,13,19,104,136,1.3308823529411764,0.05528215116422851,650,"I'd like you to try to pinpoint the source of your discomfort, John. Can you give it a name?"
3970,1784,11,23,102,136,1.3308823529411764,0.053275241093751376,650,I thought you said once I got the weight off my shoulders I would feel better.
4720,1784,10,25,101,136,1.3308823529411764,0.052242883263882905,650,This weighted blanket has 5 stars on Amazon.
6627,1784,9,27,100,136,1.3308823529411764,0.05118970980431573,650,We'll begin your treatment for bovinophobia with exposure to a cowbell.
4461,1784,11,23,102,136,1.3308823529411764,0.053275241093751376,650,You'll feel better when you get this off your chest.
4470,1784,11,23,102,136,1.3308823529411764,0.053275241093751376,650,When did you start feeling depressed?
4401,1784,7,31,98,136,1.3308823529411764,0.049015522705595845,650,Is there something you’d like to tell me?
6095,1791,8,28,97,133,1.330827067669173,0.05087724910122644,650,That's how my day went. How about you?
5413,1791,7,30,96,133,1.330827067669173,0.04974508327016351,650,Let's start with some deep breathing exercises.
5721,1791,9,26,98,133,1.330827067669173,0.05198476356261508,650,Take a minute to decompress.
2740,1791,10,24,99,133,1.330827067669173,0.05306917004451585,650,Something seems to be weighing heavily on you.
909,1791,14,16,103,133,1.330827067669173,0.05720158630164657,650,"I'm sorry, but feeling a crushing burden is a classic symptom of depression."
708,1796,10,23,97,130,1.3307692307692307,0.05393127270081415,650,Well at least you won’t need that purple pill for awhile.
2305,1796,10,23,97,130,1.3307692307692307,0.05393127270081415,650,"Psychotherapy isn't free, Mr. Thornhill. I'm going to ask just once more: when may I expect your check?"
6441,1796,9,25,96,130,1.3307692307692307,0.05281402835187558,650,I see you brought your emotional support weight.
2910,1796,8,27,95,130,1.3307692307692307,0.05167263305054093,650,What did I say about externalizing your problems?
5604,1800,9,24,94,127,1.330708661417323,0.05367988051945491,650,"Oh no, this isn't therapy.  It was your wife's request."
6629,1801,10,21,93,124,1.3306451612903225,0.05577315124581296,650,Apologizing for your Trump vote should take a ton off your chest.
5987,1801,6,29,89,124,1.3306451612903225,0.05085393815273628,650,"Now tell me, how does that make you feel?"
7075,1803,7,26,88,121,1.3305785123966942,0.052993619024457865,650,...Last week it was the streamroller blues; what’s your problem now George?
6626,1803,9,22,90,121,1.3305785123966942,0.05553202455316476,650,"...And then she said, 'Looks like you're carrying a few extra pounds.'"
3604,1803,9,22,90,121,1.3305785123966942,0.05553202455316476,650,Isn't it nice to have the weight off your shoulders?
928,1803,6,28,87,121,1.3305785123966942,0.051677680002854484,650,I need to be honest with you.  I'm having an affair with a crane operator.
4649,1807,10,19,89,118,1.3305084745762712,0.0577915609307643,650,"I see the weight too, what I want to know is how it makes you feel."
4088,1807,11,17,90,118,1.3305084745762712,0.05903159379907047,650,"I know you want to get this off your chest, but our 50 minutes are up."
3567,1809,7,24,84,115,1.3304347826086957,0.05485121562134054,650,"""We knew going in this was a weighty issue."""
6895,1809,7,24,84,115,1.3304347826086957,0.05485121562134054,650,"As you can see, I have serious issues with my weight."
1813,1811,10,33,118,161,1.329192546583851,0.04643869724849377,650,The ad on Amazon made it look a lot smaller.
1591,1812,6,39,110,155,1.3290322580645162,0.04400334890267552,650,"Now do you understand why I hate when people misuse the word ""literally""?"
3188,1813,11,28,113,152,1.3289473684210527,0.049197388568447756,650,I think it will take a while to get this off my chest.
2940,1813,12,26,114,152,1.3289473684210527,0.05007515769017118,650,You’re right. It is different than having the weight of the world on your shoulders.
7182,1813,16,18,118,152,1.3289473684210527,0.053442257817743956,650,I warned you not to double your  dose of Viagra.
6436,1813,6,38,108,152,1.3289473684210527,0.0445498727635832,650,Now that it's off your shoulders don't you feel better?
790,1817,11,27,111,149,1.3288590604026846,0.049889187036300325,650,If you really loved me that wouldn't be an excuse.
7010,1817,9,31,109,149,1.3288590604026846,0.04803687687608914,650,"So,tell me about your relationship with your mother . . ."
5327,1817,13,23,113,149,1.3288590604026846,0.0516751432148704,650,"Did you say ""wait"" like a pause, or ""weight"" like something heavy?"
5692,1817,7,35,107,149,1.3288590604026846,0.04611021683829016,650,"I'd like to help you, Brian, but I had no idea it wasn't a metaphor."
787,1821,11,26,109,146,1.3287671232876712,0.050607634250293854,650,It's my job to press you.
888,1821,8,32,106,146,1.3287671232876712,0.0477253885321307,650,This put-upon feeling--can you say more about that?
1682,1821,12,24,110,146,1.3287671232876712,0.051532571793973914,650,So what I hear you saying is that you’re feeling under a lot of pressure right now. Right?
6630,1821,12,24,110,146,1.3287671232876712,0.051532571793973914,650,I see that you've put on some weight recently.
6695,1821,10,28,108,146,1.3287671232876712,0.049665474256488824,650,Would you say your mother was a strong woman?
7555,1821,9,30,107,146,1.3287671232876712,0.04870509236037227,650,"When you say you feel a ton of stress, what exactly do you mean?"
2599,1821,10,28,108,146,1.3287671232876712,0.049665474256488824,650,Could you be a little more specific?
2994,1821,13,22,111,146,1.3287671232876712,0.05244119818416277,650,So...what is it you need to get off your chest?
1242,1829,8,31,104,143,1.3286713286713288,0.04839207523505662,650,I think your mindset is still the biggest obstacle holding you back
7399,1829,13,21,109,143,1.3286713286713288,0.05323775189424376,650,"This way, after our session, you'll feel as though a great weight has been lifted off your chest."
7166,1829,10,27,106,143,1.3286713286713288,0.05038629831645157,650,Let's begin by filing a missing crane report.
3384,1829,13,21,109,143,1.3286713286713288,0.05323775189424376,650,"I see you've finished ""The Unbearable Lightness of Being""."
1954,1829,9,29,105,143,1.3286713286713288,0.04939925102463513,650,"See, Harold, you can spend a Saturday without going to the bar."
1559,1829,8,31,104,143,1.3286713286713288,0.04839207523505662,650,"Doc, I don't think it's depression."
2699,1829,12,23,108,143,1.3286713286713288,0.05230454254186266,650,"Yes, but how does that FEEL, William?"
5274,1829,11,25,107,143,1.3286713286713288,0.0513543777517943,650,"You need to stop worrying about the national debt, Mr. Jones."
1871,1829,8,31,104,143,1.3286713286713288,0.04839207523505662,650,Tell me about the pressure your parents put on you.
2609,1829,8,31,104,143,1.3286713286713288,0.04839207523505662,650,Is there something you need to get off your chest?
6526,1839,11,24,105,140,1.3285714285714285,0.052131205670022523,650,Can we talk?  I need to get something off my chest.
6823,1839,10,26,104,140,1.3285714285714285,0.051135972482112636,650,I told you we'd straighten you out one way or the other.
5704,1839,8,30,102,140,1.3285714285714285,0.04908500622240732,650,I hope you’re not planning to leave that here.
7242,1839,9,28,103,140,1.3285714285714285,0.05012098122316215,650,Are you sure it's a heart attack?
5970,1843,10,25,102,137,1.3284671532846715,0.05191635551804841,650,"Yea, but I'm a day older and deeper in debt."
798,1843,7,31,99,137,1.3284671532846715,0.04871633554988583,650,So last week we discussed your issues with over-dramatizing basic everyday interactions...
4741,1843,9,27,101,137,1.3284671532846715,0.05087205287110615,650,Can you return it?
7299,1843,9,27,101,137,1.3284671532846715,0.05087205287110615,650,I did mention temporary weight gain is a side effect of this treatment
5908,1847,8,28,98,134,1.328358208955224,0.05055645847511103,650,Full disclosure. Talking about it doesn't always get it off your chest.
5048,1847,11,22,101,134,1.328358208955224,0.05378306467139791,650,You should try getting out more.
1618,1847,6,32,96,134,1.328358208955224,0.04828575144157467,650,So what’s been weighing you down?
2203,1847,5,34,95,134,1.328358208955224,0.047109372121091606,650,So you're saying there's absolutely nothing on your mind?
5312,1851,5,33,93,131,1.3282442748091603,0.04778443975305738,650,Ok I give up. You can buy curtains.
534,1851,13,17,101,131,1.3282442748091603,0.05677033714259565,650,It's refreshing to hear you use 'literal' correctly this time.
509,1853,13,16,99,128,1.328125,0.057752116529030145,650,Tell me more about this coyote you believe is trying to kill you.
4883,1853,11,20,97,128,1.328125,0.055580967708890185,650,It would be bad enough if it were merely a metaphor.
6158,1853,11,20,97,128,1.328125,0.055580967708890185,650,"Ok, You pulled into Nazareth, feeling about half past dead. Then what happened?"
5206,1853,6,30,92,128,1.328125,0.04974018989852906,650,I guess you really do need to get something off your chest.
4427,1857,8,25,92,125,1.328,0.053007607488104035,650,"This is our ""Hyperbole Actualization Therapy"" ."
2688,1857,10,21,94,125,1.328,0.055388364913056744,650,You do appear to be under a lot of pressure.
1269,1857,7,27,91,125,1.328,0.051776193308782234,650,Do you feel that something is weighing you down?
5834,1857,8,25,92,125,1.328,0.053007607488104035,650,"Now that it’s off your shoulders, let’s see if you can get it off your chest."
6470,1857,8,25,92,125,1.328,0.053007607488104035,650,Let’s begin with you telling me about what’s weighing on you
4198,1857,11,19,95,125,1.328,0.056541163994088865,650,"I ordered it online.  It's called, weighted blanket, marriage edition."
6879,1857,9,23,93,125,1.328,0.054211057079505645,650,"Most of my patients tell me that they feel caught under a crushing weight,but this is a first."
2527,1864,11,18,93,122,1.3278688524590163,0.05754615372968054,650,So what do YOU think might be making you feel so heavily burdened?
6804,1865,5,29,85,119,1.3277310924369747,0.05078677901930877,650,"Let’s not focus on what’s weighing you down, but explore how you carry that weight."
5124,1866,12,26,115,153,1.326797385620915,0.04979323032289373,650,"When you have a breakthrough, you’ll know it."
1074,1866,8,34,111,153,1.326797385620915,0.04621004801952416,650,Have you tried yoga?
2085,1866,9,32,112,153,1.326797385620915,0.04713138922175149,650,Lately I feel like there's a big human under me.
3941,1869,10,29,111,150,1.3266666666666667,0.048693596790356376,650,Isn't this ironic!
3094,1870,11,26,110,147,1.3265306122448979,0.050311919899315355,650,And how does this dream end?
3960,1870,8,32,107,147,1.3265306122448979,0.04745234876809013,650,"No, the world weighs a lot more than that."
805,1870,7,34,106,147,1.3265306122448979,0.04646006288731121,650,"So, what I hear you saying is that you are relieved to have that weight off your shoulders, but now for some reason you can't get an erection?"
2901,1870,7,34,106,147,1.3265306122448979,0.04646006288731121,650,How about we talk about what’s weighing on me for once Merv.
5324,1870,11,26,110,147,1.3265306122448979,0.050311919899315355,650,Sometimes a weight is just a weight.
1180,1875,6,35,103,144,1.3263888888888888,0.04604592686268838,650,"Well, we may have a little something to talk about today, don’t we."
2637,1875,10,27,107,144,1.3263888888888888,0.050087201650166446,650,It seems like you have a lot to get off your chest.
5222,1875,13,21,110,144,1.3263888888888888,0.05291600004270663,650,Forget about the weight on your chest; tell me more about your mother.
4279,1875,11,25,108,144,1.3263888888888888,0.05104755494898393,650,I'll bet you were glad to find out you didn't have angina.
180,1875,10,27,107,144,1.3263888888888888,0.050087201650166446,650,And how does this make you feel?
5292,1875,7,33,104,144,1.3263888888888888,0.04708877231112683,650,"Well, at least it's not an 800 pound gorilla."
1926,1875,8,31,105,144,1.3263888888888888,0.048109017604751,650,"I guess my first question is,how are you feeling?"
6778,1882,7,32,102,141,1.326241134751773,0.0477417634548839,650,It’s time to stop reading The Unbearable Lightness of Being.
1721,1882,10,26,105,141,1.326241134751773,0.05082545961979334,650,"Actually, Steve, there IS a giant weight on your chest."
5636,1882,8,30,103,141,1.326241134751773,0.04879132197815311,650,"My name is indeed Doctor Forklift, but I think we should discuss expectations."
5229,1882,6,34,101,141,1.326241134751773,0.04666860674145276,650,What's weighing on you?
5093,1882,10,26,105,141,1.326241134751773,0.05082545961979334,650,It’s not often that you’re hard pressed for an answer.
5067,1882,10,26,105,141,1.326241134751773,0.05082545961979334,650,I find this helps patients get right to the point
3869,1882,8,30,103,141,1.326241134751773,0.04879132197815311,650,"Yes, well ... that will take years of therapy."
1196,1882,10,26,105,141,1.326241134751773,0.05082545961979334,650,Would talking it out help you take that weight off your chest?
2964,1890,10,25,103,138,1.326086956521739,0.05159370962195718,650,I see you're fully covered by insurance.
2233,1890,9,27,102,138,1.326086956521739,0.05055812842419942,650,"First, let's talk about your punctuality."
3637,1890,8,29,101,138,1.326086956521739,0.0495008871330691,650,"You only seem a little depressed, maybe a centimeter or two."
6279,1893,9,26,100,135,1.325925925925926,0.05132800216725753,650,How does that compare to the pressure you feel at work?
4819,1893,9,26,100,135,1.325925925925926,0.05132800216725753,650,"Well, it's not exactly the weight of the world."
2440,1893,12,20,103,135,1.325925925925926,0.054463187246273276,650,All they're gonna say is that you're stressed. The construction workers downstairs will be of more help and charge much less.
6906,1893,8,28,99,135,1.325925925925926,0.05023948135648348,650,It's a new therapy.  You might notice a slight decrease in mobility.
1125,1893,10,24,101,135,1.325925925925926,0.0523939130624497,650,"I think ""Ball and Chain"" might be the wrong way to characterize your feelings about your marriage."
3303,1893,9,26,100,135,1.325925925925926,0.05132800216725753,650,"Overall, how would you describe your mood?"
3518,1899,7,29,96,132,1.3257575757575757,0.04986242015716074,650,So how long have you been feeling suffocated in our relationship?
2569,1899,10,23,99,132,1.3257575757575757,0.05322820875194869,650,I'm glad you came in for therapy today.  You obviously need to get something off your chest.
237,1899,14,15,103,132,1.3257575757575757,0.05740978915617752,650,You feel weighted down? Could you be more precise?
7254,1899,9,25,98,132,1.3257575757575757,0.05213043051747314,650,"Oh great, now even my couch is depressed."
3027,1899,7,29,96,132,1.3257575757575757,0.04986242015716074,650,Wait...Weight? Don’t tell me...
4517,1904,11,20,98,129,1.3255813953488371,0.05520705245443456,650,Yes it is quite substantial yet I wouldn’t call it the weight of the world
3292,1904,7,28,94,129,1.3255813953488371,0.05062926541710517,650,I am beginning to think that you may not be suffering from paranoia
3501,1906,6,29,91,126,1.3253968253968254,0.050179822770240114,650,"Look, we're ALL under a little pressure. Get over yourself!"
2379,1906,5,31,90,126,1.3253968253968254,0.04889816444682337,650,Now that we have the fidgeting under control  let's talk about that pressure you're feeling.
346,1906,5,31,90,126,1.3253968253968254,0.04889816444682337,650,Have you tried meditating?
4635,1906,11,19,96,126,1.3253968253968254,0.05615100398188213,650,"I know what you are thinking, but how does it make you feel?"
5919,1906,8,25,93,126,1.3253968253968254,0.052649623618986695,650,'Then it hit me like a ton of bricks.'
5852,1906,8,25,93,126,1.3253968253968254,0.052649623618986695,650,You think that's really going to get rid of the beer belly?
766,1912,8,24,91,123,1.3252032520325203,0.053525495511753104,650,At least we got the weight off your shoulders
6382,1912,10,20,93,123,1.3252032520325203,0.05596015289854298,650,"Sam, I'm happy I got that off my chest."
1949,1914,8,23,89,120,1.325,0.054442038667097056,650,Sisyphus could at least roll his burden around...
7261,1914,9,34,117,160,1.325,0.04568658611609536,650,I'm still finding it really hard to move on.
4340,1914,10,19,91,120,1.325,0.05695654149478897,650,I think we all feel the Trump Presidency is like that....
1247,1917,8,35,114,157,1.3248407643312101,0.04537804663681654,650,"Well, Neal, that's better than the elephant of last time."
2372,1918,10,18,89,117,1.3247863247863247,0.05800121423805442,650,You thought you could outsmart the ankle bracelet...well let's see you figure this  one out.
3254,1919,9,32,113,154,1.3246753246753247,0.04687240189613191,650,At least it is off your shoulders. Were making good progress.
5780,1919,8,34,112,154,1.3246753246753247,0.04595802021071944,650,I'm sorry to have kept you weighting.
1343,1919,5,40,109,154,1.3246753246753247,0.0430986346444763,650,You just take on too much.
1496,1922,13,23,115,151,1.3245033112582782,0.0510807427970181,650,We may need to increase your dosage.
2443,1922,9,31,111,151,1.3245033112582782,0.04749780417759235,650,I can see how that might weigh on you.
6231,1922,12,25,114,151,1.3245033112582782,0.05020898389675462,650,Let me explain how displacement works.
59,1922,9,31,111,151,1.3245033112582782,0.04749780417759235,650,"Doc, the truth hurts more than I expected"
525,1922,9,31,111,151,1.3245033112582782,0.04749780417759235,650,It was actually better when it was on my shoulders.
542,1922,13,23,115,151,1.3245033112582782,0.0510807427970181,650,I liked the ball and chain metaphor better.
6849,1928,11,26,111,148,1.3243243243243243,0.05001949998148977,650,Weighting for Godot
5582,1928,9,30,109,148,1.3243243243243243,0.048146578815984276,650,It's time for you to move on.
3566,1928,9,30,109,148,1.3243243243243243,0.048146578815984276,650,This looks a little heavy for our first session. Let's save it for next week.
4434,1928,8,32,108,148,1.3243243243243243,0.04718224653751187,650,"It's always the same, Hank.  You never tell me anything."
4003,1928,10,28,110,148,1.3243243243243243,0.049091972001957924,650,"Errr, something you want to get off your chest?"
339,1928,8,32,108,148,1.3243243243243243,0.04718224653751187,650,At least this weight is now off your shoulders.
3757,1928,8,20,83,111,1.3243243243243243,0.05746795163156267,650,You'll appreciate it more once you get it off your chest.
678,1935,9,29,107,145,1.3241379310344827,0.048820139268035176,650,"Now that you've got that weight off your shoulders, we need to work on your core."
4691,1935,12,23,110,145,1.3241379310344827,0.05167941872727896,650,"Accepting your guilt is a good first step, but you won't be fully free without an industrial grade engine hoist."
6053,1935,9,29,107,145,1.3241379310344827,0.048820139268035176,650,"The weight might feel figurative, but it's literal."
3123,1935,7,33,105,145,1.3241379310344827,0.0468170387457846,650,"Sorry, we're out of time. See you next week."
6584,1935,9,29,107,145,1.3241379310344827,0.048820139268035176,650,"It may or may not improve your posture, but it should at least keep you from wandering off."
7387,1940,13,20,109,142,1.323943661971831,0.05340217791063048,650,"So, you were saying last week you no longer feel the weight of the world is on your shoulders?"
3067,1940,8,30,104,142,1.323943661971831,0.04850094845735905,650,I'm going to refer you to a colleague that specializes in weighty issues.
6997,1940,8,30,104,142,1.323943661971831,0.04850094845735905,650,"After many sessions together, there still seems to be something weighing you down."
1238,1940,6,34,102,142,1.323943661971831,0.04639570841715111,650,"Now, tell me what's weighing on you today..."
6066,1940,8,30,104,142,1.323943661971831,0.04850094845735905,650,"I had to take a call, sorry for the wait."
6873,1940,9,28,105,142,1.323943661971831,0.04952001738822842,650,Well I just assumed “weighting room” was a typo.
3449,1940,6,34,102,142,1.323943661971831,0.04639570841715111,650,"So tell me, what is it you need to get off your chest?"
1614,1940,8,30,104,142,1.323943661971831,0.04850094845735905,650,"All right, what is it that you want to get off your chest?"
4724,1948,8,18,79,105,1.3238095238095238,0.059754133143233565,650,"Interesting, last week it was your mother weighing you down."
6773,1949,6,33,100,139,1.3237410071942446,0.04703249745353378,650,Great progress! You're no longer carrying the weight on your shoulders.
5639,1949,10,25,104,139,1.3237410071942446,0.051274881520466824,650,What do you fear will happen when you stop breathing?
6005,1949,6,33,100,139,1.3237410071942446,0.04703249745353378,650,"Usually I start my clients with deep breathing techniques, but in your case maybe visualization would be best?"
6375,1949,7,31,101,139,1.3237410071942446,0.04812816463643688,650,I see that you are not speaking metaphorically.
4410,1953,9,26,101,136,1.3235294117647058,0.05100552422255338,650,You say this has been going on since 2016?
6506,1953,10,24,102,136,1.3235294117647058,0.05206242371510491,650,The good news is you don’t have E.D.
5425,1953,6,32,98,136,1.3235294117647058,0.04769450823309288,650,"I see what you mean, but how do you feel about it?"
4355,1953,8,28,100,136,1.3235294117647058,0.049926256011680284,650,You really should get it off your chest
3696,1953,9,26,101,136,1.3235294117647058,0.05100552422255338,650,"Yes, I think it would help to get it off your chest."
3239,1953,6,32,98,136,1.3235294117647058,0.04769450823309288,650,"Get something off my chest"" is so cliche. I need you to strive for originality"
1866,1953,10,24,102,136,1.3235294117647058,0.05206242371510491,650,"This ""Mueller"" who calls you, does he give his first name?"
3851,1960,9,25,99,133,1.3233082706766917,0.05179493208604958,650,At least the weight is off your shoulders.
3439,1960,7,29,97,133,1.3233082706766917,0.04954667149963756,650,Our smoking cessation program has a near one hundred percent success rate.
4071,1960,8,27,98,133,1.3233082706766917,0.05068326965819927,650,Weight loss? That's down the hall.
5706,1963,10,22,98,130,1.323076923076923,0.05373956568619883,650,Have you tried the deep breathing exercises we discussed?
7473,1963,8,26,96,130,1.323076923076923,0.05147251452365186,650,I would say you have a lot to get off your chest.
4248,1963,7,28,95,130,1.323076923076923,0.05030068754013894,650,Better?
2833,1963,10,22,98,130,1.323076923076923,0.05373956568619883,650,On a positive note the fact you feel anchored in your life is a good thing
1660,1963,9,24,97,130,1.323076923076923,0.05261825097591534,650,"With some clients it can takes years to find the root cause of their problems. With you, it’s not that difficult"
5269,1963,10,22,98,130,1.323076923076923,0.05373956568619883,650,"So, you went deep-sea fishing with Mr. Soprano...how did it make you feel?"
3560,1969,12,17,98,127,1.3228346456692914,0.05687558233978031,650,I see you would like to get something off your chest.
4378,1969,11,19,97,127,1.3228346456692914,0.055766006576912504,650,You’ll feel so much better once you get it off your chest.
5911,1971,8,35,115,158,1.3227848101265822,0.045136777219089576,650,You have 45minutes to get it off your chest unless want a double session.
2846,1971,12,27,119,158,1.3227848101265822,0.04857809463183497,650,. . . and how is that working for you?
2354,1971,10,31,117,158,1.3227848101265822,0.04688901756160624,650,"So let me get this straight, you pulled into Nazareth just feelin' 'bout half past dead?"
3796,1974,7,26,91,124,1.3225806451612903,0.05190873779658581,650,How long have you been a panini?
2844,1974,5,30,89,124,1.3225806451612903,0.049317911274826876,650,Even Freud would say you overdid it with the symbolism..
4999,1974,8,34,113,155,1.3225806451612903,0.04570857566673902,650,"Yes, of course I'm paying attention! 
Tell me again about this crushing weight you feel."
1828,1977,9,31,112,152,1.3223684210526316,0.047232556596034904,650,What is the problem from your viewpoint?
6451,1977,9,31,112,152,1.3223684210526316,0.047232556596034904,650,Sometimes one feels better getting things off one's chest.
1930,1977,11,27,114,152,1.3223684210526316,0.049042748231303196,650,So you feel there’s something you need to get off your chest?
3375,1980,9,21,91,121,1.322314049586777,0.05531636539068268,650,"I don't think dieting alone will help your weight problem, Mr. Jones."
2332,1980,6,27,88,121,1.322314049586777,0.05144586610739145,650,Now that’s gravitas
1711,1982,6,36,107,149,1.3221476510067114,0.044940309864732325,650,"Yes, but as a metaphor for being depressed, it still borders on cliché."
4668,1982,16,16,117,149,1.3221476510067114,0.054097861939361384,650,Try and use your words.
5236,1982,5,38,106,149,1.3221476510067114,0.04391966221603887,650,"It's common to feel weighed down by external pressures, but how are you feeling inside?"
6124,1982,12,24,113,149,1.3221476510067114,0.05063397851385358,650,The TV commercial did mention it as one of the possible side effects of the medication.
4233,1986,7,33,106,146,1.321917808219178,0.046548242970614134,650,Any idea what's weighing on you?
6912,1986,10,27,109,146,1.321917808219178,0.0494990793603276,650,Let's talk about the pressure you've been under.
2907,1986,11,25,110,146,1.321917808219178,0.05044434724336882,650,That should keep you here for about 9 or 10 sessions.
5525,1986,10,27,109,146,1.321917808219178,0.0494990793603276,650,"I must say, that’s really heavy stuff. Is there anything else you'd like to get off your chest?"
4984,1986,13,21,112,146,1.321917808219178,0.05228363789359624,650,What about you? What do you think is causing your flat affect?
3887,1986,8,31,107,146,1.321917808219178,0.04755220536358844,650,Well at least the load is off of your shoulders.
980,1986,11,25,110,146,1.321917808219178,0.05044434724336882,650,There is something I would like to get off my chest........
7058,1986,10,27,109,146,1.321917808219178,0.0494990793603276,650,Medication alone won't fix your issue.
7389,1994,8,21,86,115,1.3217391304347825,0.05598821125637304,650,I thought we agreed you were going to stop putting yourself down.
3234,1994,4,29,82,115,1.3217391304347825,0.0502439906307349,650,Your options seem to be limited.
6214,1996,11,24,108,143,1.3216783216783217,0.05118645375973846,650,I hate how you never help with housework and act as if there's something more pressing.
4097,1996,7,32,104,143,1.3216783216783217,0.047181360975916145,650,"Obviously, I could simply lift the weight of your chest but that wouldn't be getting to the core of your problems."
1596,1996,8,30,105,143,1.3216783216783217,0.04821383494163514,650,And so you feel she is pressuring you to stay?
5426,1996,8,30,105,143,1.3216783216783217,0.04821383494163514,650,I'd say it probably isn't a heart attack.
6048,1996,10,26,107,143,1.3216783216783217,0.050215137082938524,650,"I was pondering a rather weighty problem, then ...it hit me....."
3602,1996,13,20,110,143,1.3216783216783217,0.05307578695579476,650,"Now, how about reframing with a positive perspective?"
2268,1996,9,28,106,143,1.3216783216783217,0.04922465780499416,650,"What's on your mind, Harry?"
1909,2003,6,24,82,112,1.3214285714285714,0.05413156329270251,650,I am getting the feeling something is weighing on you.
2899,2003,10,25,105,140,1.3214285714285714,0.0509598083805325,650,Why do I always have to get the door?
6030,2005,11,31,123,165,1.3212121212121213,0.04628703051057582,650,"I know it sounds difficult, but you’ll feel much better once you lose the weight"
2805,2006,9,26,102,137,1.3211678832116789,0.05068689464851234,650,Try to relax.
3269,2006,5,34,98,137,1.3211678832116789,0.046257890800233084,650,You've been my patient for 10 years and you still never learned to unburden yourself?
3883,2006,9,26,102,137,1.3211678832116789,0.05068689464851234,650,It ain't heavy...it's my mother
5101,2006,9,26,102,137,1.3211678832116789,0.05068689464851234,650,How long have you been feeling this weight?
5747,2006,6,32,99,137,1.3211678832116789,0.04740395203189354,650,You’ve got a ton of problems.
6757,2006,7,30,100,137,1.3211678832116789,0.04852295204537579,650,It’s only a metaphor.  Breathe easy.
1646,2006,10,24,103,137,1.3211678832116789,0.05173493496724591,650,"No complaints, Rocco. If you'd remembered the AA batteries, you could've done the ankle monitoring."
4531,2006,8,28,101,137,1.3211678832116789,0.04961672179974825,650,Never mind. I can guess.
1144,2006,10,24,103,137,1.3211678832116789,0.05173493496724591,650,Just relax and tell me all about it.
6166,2006,12,20,105,137,1.3211678832116789,0.05376976762063152,650,Be glad that I don't charge by the pound.
4536,2016,11,21,102,134,1.3208955223880596,0.053599790327342536,650,"Now that you have called me away from a very nice dinner, what exactly is so pressing?"
1019,2016,9,25,100,134,1.3208955223880596,0.051463538761602735,650,How does that make you feel?
4308,2016,8,27,99,134,1.3208955223880596,0.05036144329974012,650,So it's not your classic pyramid scheme. Sue me.
1818,2016,9,25,100,134,1.3208955223880596,0.051463538761602735,650,Are you staying hydrated?
7187,2020,10,31,118,159,1.320754716981132,0.046637390065655114,650,"I still say, ""If you want a flat stomach, do sit ups!"""
6377,2020,9,33,117,159,1.320754716981132,0.045775917863392517,650,I prefer the metaphor
201,2020,11,12,83,106,1.320754716981132,0.06365220217092007,650,"So, when did this panini fetish start becoming a problem?"
6753,2023,10,22,99,131,1.3206106870229009,0.05338475942949052,650,I’m prescribing an editor to reduce your cliche levels.
5005,2023,8,26,97,131,1.3206106870229009,0.051137588085008234,650,So what’s weighing on you this week Bob?
27,2023,8,26,97,131,1.3206106870229009,0.051137588085008234,650,Let's weigh the pros and cons
1760,2023,12,18,101,131,1.3206106870229009,0.05554108536513469,650,"Are you sure, you have nothing to get off your chest?"
3595,2023,5,32,94,131,1.3206106870229009,0.04756819818810751,650,I need a favor.
972,2028,9,32,115,156,1.3205128205128205,0.046362454761498015,650,"Oh, come on.  That's just a figure of speech."
7159,2029,8,25,95,128,1.3203125,0.05194730842979638,650,Do you want sympathy or help?
2178,2029,4,33,91,128,1.3203125,0.04697229895213162,650,...research indicates this is the best approach to impulse control.
2509,2029,8,25,95,128,1.3203125,0.05194730842979638,650,"If that gets much larger, you really should see someone about it."
3259,2029,8,25,95,128,1.3203125,0.05194730842979638,650,Mmm ... probably psychosomatic.
6190,2029,11,19,98,128,1.3203125,0.05538607533748325,650,"It is just your imagination, Mr Zeppelin. You will not lift off"
2832,2034,9,31,113,153,1.3202614379084967,0.04697011284630677,650,Have you thought of losing weight?
1405,2035,8,16,76,100,1.32,0.061758735529003614,650,Stop being so literal!
2861,2035,7,34,109,150,1.32,0.04568151589926264,650,I see that your past weighs heavily upon you.
3095,2035,8,24,93,125,1.32,0.052792961407687175,650,I have a crush on you.
260,2035,10,28,112,150,1.32,0.04853099288798357,650,"So which is in your imagination, the comfy couch or the oppressive weight"
5724,2035,9,22,94,125,1.32,0.05400119472991374,650,Have you considered that it's not your problems that are weighing you down?
4281,2035,8,32,110,150,1.32,0.046650684383699674,650,"I gotta tell ya', it's better than a monkey on your back."
4420,2035,6,28,91,125,1.32,0.05028948456749697,650,On a positive note-the weight seems to be off your shoulders
1040,2042,9,29,109,147,1.3197278911564625,0.04825381994708703,650,You're improving. It's smaller than last week's load.
3488,2042,10,27,110,147,1.3197278911564625,0.049209949193241884,650,"Honey, it's been over four hours.  Time to call the doctor."
4650,2042,6,35,106,147,1.3197278911564625,0.045264414932032815,650,Yes.. but tell me more about your childhood
680,2042,8,31,108,147,1.3197278911564625,0.047278358467382736,650,I believe your self-esteem would improve if you lost weight.
2731,2046,7,25,90,122,1.319672131147541,0.05239992098882017,650,"Really, Phil?  A pyramid scheme?"
4783,2046,7,25,90,122,1.319672131147541,0.05239992098882017,650,There’s something I’d like to get off my chest.
7570,2048,7,32,105,144,1.3194444444444444,0.04690579113307767,650,Do you do think you do well under pressure?
1412,2048,10,26,108,144,1.3194444444444444,0.049915213444351805,650,I think it replaced the elephant in the room.
5915,2048,10,26,108,144,1.3194444444444444,0.049915213444351805,650,So what is your personal crisis this week?
1467,2048,7,32,105,144,1.3194444444444444,0.04690579113307767,650,Maybe it's not heavy.  Maybe it's your brother.
1860,2052,10,18,91,119,1.319327731092437,0.05715165360379982,650,I am certain that with twelve more sessions we can find your problem.
93,2053,12,21,108,141,1.3191489361702127,0.05261081221500013,650,"""In a 45 minute session I can't make any promises..."
862,2053,6,33,102,141,1.3191489361702127,0.04647574449494808,650,"No, no, there IS something I have to get off of my chest."
1505,2053,9,27,105,141,1.3191489361702127,0.04963815260604339,650,Another 10 minutes and you won't even notice it's there.
2091,2053,8,29,104,141,1.3191489361702127,0.04860688296473179,650,"We all carry heavy burdens, Mr. Jones."""
4374,2053,8,29,104,141,1.3191489361702127,0.04860688296473179,650,Take a deep breath and imagine going to your happy place.
1266,2053,9,27,105,141,1.3191489361702127,0.04963815260604339,650,I'm here to get something off my chest
691,2053,8,29,104,141,1.3191489361702127,0.04860688296473179,650,Thank God I ordered that memory foam couch”
2127,2053,7,31,103,141,1.3191489361702127,0.04755325382088396,650,"So sorry, but I only deal with crushing emotional weight."
1308,2053,8,29,104,141,1.3191489361702127,0.04860688296473179,650,Think of it as an apt metaphor.
5131,2053,10,25,106,141,1.3191489361702127,0.05064842857122588,650,"Unburden yourself quickly, Mr. Johnson, our time is almost up."
5849,2053,10,25,106,141,1.3191489361702127,0.05064842857122588,650,That’s a lot of cowbell!
1054,2064,12,28,123,163,1.3190184049079754,0.04743318406847935,650,"First, tell me about your childhood."
770,2065,7,23,86,116,1.3189655172413792,0.054207024350269556,650,I need to get this off my chest.
4577,2065,5,27,84,116,1.3189655172413792,0.051366831846515484,650,At least today it's not the weight of the world
4878,2065,9,19,88,116,1.3189655172413792,0.05690563736461648,650,"To be honest Doc, I preferred when the weight of the world was on my shoulders."
2570,2068,11,22,105,138,1.318840579710145,0.052430110191666934,650,"Okay, so you had pulled into Nazareth, just a feelin' 'bout half past dead.  Then what happened ?"
5339,2068,7,30,101,138,1.318840579710145,0.04822624144096608,650,"Now, that's a concrete statement."
4678,2068,5,34,99,138,1.318840579710145,0.04598040145462372,650,I don’t think it’s the food.
7577,2068,10,24,104,138,1.318840579710145,0.0514113794009978,650,Do you want soup or baked chicken for dinner?
7343,2068,5,34,99,138,1.318840579710145,0.04598040145462372,650,"I know it's unprofessional, but I've developed a crush on you."
6954,2068,7,30,101,138,1.318840579710145,0.04822624144096608,650,I understand you've been under a lot of pressure lately. Do you have any idea why?
249,2068,9,26,103,138,1.318840579710145,0.05037204988003114,650,Let’s talk about your weight.
377,2068,9,26,103,138,1.318840579710145,0.05037204988003114,650,Let's explore the possibility that it is not just the unresolved emotional trauma that is weighing you down.
4802,2076,9,33,118,160,1.31875,0.04553307164257147,650,The cardiologist said it wasn't my heart.
384,2077,10,23,102,135,1.3185185185185184,0.05220600840552333,650,Have you tried lifting weights?
6054,2077,9,25,101,135,1.3185185185185184,0.051136180871512386,650,So you would say that it's really weighing on you...
3554,2077,8,27,100,135,1.3185185185185184,0.05004348783418763,650,"When you're ready to share your feelings, I'll take that off."
6304,2080,7,36,114,157,1.3184713375796178,0.04430512785351613,650,I could have imagined the weight of your burden without the visual aid.
3817,2081,8,26,98,132,1.3181818181818181,0.05080679388756212,650,"It's like a gravity blanket, minus the comfort."
2284,2081,7,28,97,132,1.3181818181818181,0.049655512122314144,650,"You took the weight off my shoulders, but I still need to get something off my chest."
3453,2081,7,28,97,132,1.3181818181818181,0.049655512122314144,650,"I promise, after this session you'll feel like a huge weight was lifted."
4331,2081,9,24,99,132,1.3181818181818181,0.051932559402913615,650,"But, what’s on your mind?"
7448,2081,7,35,112,154,1.3181818181818181,0.044856433269738406,650,How do you think I feel?  I’m crushed!
6362,2081,9,24,99,132,1.3181818181818181,0.051932559402913615,650,"""I hear you denying it. But from where I'm sitting, this--quote unquote-- 'weight' you're carrying is very real."""
1720,2087,8,25,96,129,1.317829457364341,0.05160281765773003,650,Would you describe it as a metric tonne or an imperial ton?
4903,2087,7,27,95,129,1.317829457364341,0.05041554085011072,650,This is analysis. Each time we meet I use a toothpick to chisel off a bit of the concrete
1020,2087,8,25,96,129,1.317829457364341,0.05160281765773003,650,We've succeeded in taking it off your mind.
3456,2087,7,27,95,129,1.317829457364341,0.05041554085011072,650,"I think the best way to get this weight off your chest is going to be a pulley system. Failing that, we'll get you some Xanax."
1763,2087,7,27,95,129,1.317829457364341,0.05041554085011072,650,Let’s not waste time here. You’re gonna need medication for that.
722,2092,13,21,114,148,1.3175675675675675,0.051665728536959984,650,...and our time is up.  How do you feel?
5398,2092,8,31,109,148,1.3175675675675675,0.047007490769755696,650,We're all under pressure
2525,2092,4,39,105,148,1.3175675675675675,0.042918405550995575,650,"I know what I said in my book, but your circumstances may require more than attitudinal change."
2753,2095,6,28,92,126,1.3174603174603174,0.04995336701656112,650,"Well, you seem better than last week."
801,2095,5,30,91,126,1.3174603174603174,0.04866574513255838,650,I think you're ready to explore the idea that this weight you feel may have an external source.
5763,2095,10,20,96,126,1.3174603174603174,0.05480214762422878,650,I don't think of it as pressure. I see it more as an opportunity.
2976,2095,11,18,97,126,1.3174603174603174,0.05594872215888305,650,I feel like there's something you need to get off your chest.
2886,2095,11,18,97,126,1.3174603174603174,0.05594872215888305,650,I understand you want to get something off your chest.
4381,2095,4,32,90,126,1.3174603174603174,0.04734311589157396,650,". . . so, what's new?"
900,2101,11,24,110,145,1.3172413793103448,0.05057471264367817,650,Weight of the world?  I've heard worse.
2538,2101,8,30,107,145,1.3172413793103448,0.047649189260170415,650,...and that must have hit you like a ten ton weight.
6163,2103,8,23,92,123,1.3170731707317074,0.05330234485252516,650,"Doc, I appreciate all you've done for me, but I've been hiding something from you and I just have to get it off my chest."
5134,2103,6,27,90,123,1.3170731707317074,0.05074031852607854,650,"I wouldn't say it's the weight of the world, but I get the point you're making."
6427,2105,9,27,106,142,1.3169014084507042,0.0493385661269934,650,Your insurance doesn’t cover this....
6131,2105,10,25,107,142,1.3169014084507042,0.05034068164352512,650,Now have you always had a weight problem?
3867,2105,11,23,108,142,1.3169014084507042,0.05132323400957692,650,"Shall we start at the beginning, Mr. Vader?"
1683,2105,9,27,106,142,1.3169014084507042,0.0493385661269934,650,Something is clearly weighing on you.
5441,2105,9,27,106,142,1.3169014084507042,0.0493385661269934,650,You are definitely not imagining this crushing feeling
5811,2110,7,24,89,120,1.3166666666666667,0.052903555467842825,650,You'll feel much better once you get that weight off your chest.
5839,2111,9,26,104,139,1.316546762589928,0.050060927556695126,650,"That's a possibility, but tell me more about your father."
1215,2111,6,32,101,139,1.316546762589928,0.04683271531921612,650,So you want me to help you get something off your chest.
2430,2111,6,32,101,139,1.316546762589928,0.04683271531921612,650,"It's a gradual therapy. 
We start small and work you up to the weight of the world."
5247,2111,5,34,100,139,1.316546762589928,0.045706004087159365,650,This is my new relativity therapy.  Now just visualize your other problems getting smaller and smaller.
2177,2111,11,22,106,139,1.316546762589928,0.05210206614854446,650,It's all in your head.
3393,2111,12,20,107,139,1.316546762589928,0.05309321718922874,650,"When you signed on with Trump, you knew this would happen."
26,2111,10,24,105,139,1.316546762589928,0.05109169093298822,650,I'm pretty sure I know where the pressure is coming from.
863,2111,12,20,107,139,1.316546762589928,0.05309321718922874,650,Is your depression related to your weight?
3214,2119,6,25,86,117,1.3162393162393162,0.052423681282471074,650,"Sorry, your time’s up."
3306,2120,7,29,100,136,1.3161764705882353,0.048621751458100125,650,Just try not to think about it.
5003,2120,5,33,98,136,1.3161764705882353,0.04632720357528593,650,I can only help you if you are willing to unburden yourself.
3936,2120,12,19,105,136,1.3161764705882353,0.053932708296741905,650,Should I look for the cat or not?
1389,2120,9,25,102,136,1.3161764705882353,0.05081279010840222,650,"Don't worry, we'll get it off as soon as our elephant comes back in the room."
4080,2120,13,17,106,136,1.3161764705882353,0.054933318542530196,650,"Let's be realistic, it's not the weight of the WORLD"
3551,2125,6,36,110,152,1.3157894736842106,0.044201064565369964,650,As Tony Soprano would say: „Better on your chest than around your feet!“
3636,2125,7,28,98,133,1.3157894736842106,0.04933878245058379,650,"Just keep up with those breathing exercises we practiced--the only thing pinning you to that couch is you, Randy"
6327,2125,9,30,113,152,1.3157894736842106,0.047065371940886995,650,You're clearly have a lot on your chest today
436,2125,7,28,98,133,1.3157894736842106,0.04933878245058379,650,Stop telling me to lighten up!
931,2129,10,27,112,149,1.3154362416107384,0.048641296477702066,650,"John, you need to unburden yourself from this ""weight of the whole world"" thing."
4175,2129,6,35,108,149,1.3154362416107384,0.044757087000416945,650,so you think that will stop your sleepwalking?
3358,2129,7,33,109,149,1.3154362416107384,0.045759059849718245,650,Your insurance only reimburses me by the pound
359,2129,9,29,111,149,1.3154362416107384,0.04769990567563531,650,You say you've been experiencing a lot of pressure lately. How does that make you feel?
5300,2133,8,25,97,130,1.3153846153846154,0.05126266777381622,650,So you say you feel like you're being crushed by your own self doubt?
136,2133,10,21,99,130,1.3153846153846154,0.05353860547345609,650,"Richard, I see your pain ... but we really must end there."
7045,2133,7,27,96,130,1.3153846153846154,0.05008593138708506,650,"Really, how is this about my mother?"
7306,2133,7,27,96,130,1.3153846153846154,0.05008593138708506,650,When you told me on the phone about a heavy burden I didn't expect this
5570,2133,7,27,96,130,1.3153846153846154,0.05008593138708506,650,A gravity blanket would have been sufficient.
6084,2138,9,17,85,111,1.3153153153153154,0.058624671303988865,650,So how long after the construction accident did you start to notice any symptoms?
3300,2138,6,23,82,111,1.3153153153153154,0.05427201483361608,650,So why do you feel like you are under so much pressure?
6562,2138,7,21,83,111,1.3153153153153154,0.05576066497003428,650,"Chuck, I feel your pain"
5095,2141,10,26,110,146,1.3150684931506849,0.049325564410794956,650,Freud would say the 2 ton weight is your mother.
5432,2141,6,34,106,146,1.3150684931506849,0.04533340996754203,650,"Yes , of course external pressures can impact us."
5644,2141,8,30,108,146,1.3150684931506849,0.04737155984200183,650,You feel that you're under a lot of pressure...
6311,2141,2,42,102,146,1.3150684931506849,0.04095393527033753,650,You say you are having chest pains?
1651,2141,10,26,110,146,1.3150684931506849,0.049325564410794956,650,"So tell me, why do you think you feel as if a two ton weight is holding you down?"
1810,2146,9,22,96,127,1.31496062992126,0.05326578423083279,650,You talk as though no one else is burdened.
1604,2146,7,26,94,127,1.31496062992126,0.050865263351523825,650,I'm in the mood for panini.
2151,2146,6,28,93,127,1.31496062992126,0.04962147356605799,650,I've reserved the crane for next Tuesday. Try not to talk.
54,2146,7,26,94,127,1.31496062992126,0.050865263351523825,650,"It's taken years of therapy, but finally I think I know why you're depressed."
5138,2150,7,20,81,108,1.3148148148148149,0.05681056213643335,650,"Dyspepsia, heartburn ... What else?"
2734,2151,12,21,110,143,1.3146853146853146,0.051967665680980796,650,They were out of elephants.
5331,2151,6,33,104,143,1.3146853146853146,0.04593125231139446,650,So you WERE being literal when you made the appointment.
7319,2151,8,29,106,143,1.3146853146853146,0.04802776333926085,650,"Well, yes, I am a certified weight-loss hypnotherapist, but I think your problem is beyond my expertise."
5080,2151,8,29,106,143,1.3146853146853146,0.04802776333926085,650,Mine is invisible.
4701,2151,10,25,108,143,1.3146853146853146,0.050036508309944244,650,"So listen, I just have to get something off my chest."
4196,2151,10,25,108,143,1.3146853146853146,0.050036508309944244,650,"Doc, give it to me straight: is it real?"
4000,2157,11,17,96,124,1.314516129032258,0.05652649486339045,650,Have you been under a lot of pressure lately?
348,2157,7,25,92,124,1.314516129032258,0.051679040696349106,650,"To be fair, it’s not the weight of the world...."
3940,2159,7,36,116,159,1.3144654088050314,0.04383709991212755,650,Sorry about the huge wait.
2418,2159,13,24,122,159,1.3144654088050314,0.048983265551674905,650,You seem fine to me.
711,2161,9,26,105,140,1.3142857142857143,0.049753466503940344,650,I think I figured out what's been weighing you down.
1210,2161,11,22,107,140,1.3142857142857143,0.051777961286596924,650,I don't think it's your wife that's weighing you down
6380,2161,8,28,104,140,1.3142857142857143,0.04870967569425921,650,Why don't we start first with what's weighing on your mind?
6456,2164,8,22,91,121,1.3140495867768596,0.05382485862969677,650,"Not to worry, we can still hold your therapy session. Just blink once for yes and twice for no."
45,2165,13,17,107,137,1.313868613138686,0.05457968599179055,650,"So, have you tried other ways to keep it down?"
3078,2165,7,29,101,137,1.313868613138686,0.04832068792171535,650,"No, literally, you need to get whatever that is off your chest."
6831,2165,9,25,103,137,1.313868613138686,0.05049329950735402,650,I thought some actual weight might put your 'weight-of-the-world' shtick into perspective.
1657,2165,7,29,101,137,1.313868613138686,0.04832068792171535,650,"You need to stop watching the news, Robert."
1031,2165,8,27,102,137,1.313868613138686,0.04941893451080853,650,Now think of feeling like that and having morning sickness.
7393,2170,6,36,111,153,1.3137254901960784,0.043959698913826346,650,"It's not the weight of the world, so quit whining."
4666,2171,4,29,85,118,1.3135593220338984,0.04918450209048743,650,"I do want you to tell me about your mother, but I see you have other burdens that weigh heavily on you."
467,2171,8,21,89,118,1.3135593220338984,0.05475923166431403,650,I think we can rule out heart attack as a cause of your symptoms.
7441,2171,9,19,90,118,1.3135593220338984,0.056066371419151294,650,So how's the new mood stabilizer working?
2262,2174,9,24,101,134,1.3134328358208955,0.05126380624299873,650,"... and I found the guillotine at our last session a far more expressive psychodrama, Mr. Boynton."
3803,2174,9,24,101,134,1.3134328358208955,0.05126380624299873,650,Every one feels under pressure. Why do you?
5617,2174,10,22,102,134,1.3134328358208955,0.05234690708297639,650,Have you considered that the large concrete block may also want to spend some time apart?
5220,2174,10,22,102,134,1.3134328358208955,0.05234690708297639,650,"Don't know why, I just feel overwhelmed."
4025,2174,7,28,99,134,1.3134328358208955,0.04902587203968554,650,This seems like an odd way to treat people with a sexual addiction.
5110,2174,9,24,101,134,1.3134328358208955,0.05126380624299873,650,It’s a true concrete concern
725,2180,9,29,112,150,1.3133333333333332,0.047427483010045526,650,You are dealing with some heavy stuff.  It is okay to cry.
3141,2180,9,29,112,150,1.3133333333333332,0.047427483010045526,650,"I’m usually not this blunt with my clients but, damn—your mother did a job on you!"
2455,2182,9,23,99,131,1.3129770992366412,0.05206704366950886,650,Can I recommend an anti-depressant?
4627,2182,7,27,97,131,1.3129770992366412,0.04976040004149827,650,The only way to lose the weight is to get off the couch.
6106,2182,9,23,99,131,1.3129770992366412,0.05206704366950886,650,You think you had a bad day.
6742,2182,10,21,100,131,1.3129770992366412,0.053182862357895364,650,"Don't worry Mr Smith, 2020 is almost here. He'll be gone soon."
1579,2186,8,30,109,147,1.3129251700680271,0.047096995906647274,650,"See?  Stress isn't really like having a giant weight on your chest, now is it?"
3948,2186,10,26,111,147,1.3129251700680271,0.04903573129526933,650,I'll give you the number of a crane operator that takes your insurance.
4430,2186,7,32,108,147,1.3129251700680271,0.04609706133057938,650,The key is to forget it even exists
4583,2186,8,30,109,147,1.3129251700680271,0.047096995906647274,650,"Actually, I have seen worse."
161,2186,6,34,107,147,1.3129251700680271,0.04507494984134362,650,What's on your mind today?
137,2186,8,30,109,147,1.3129251700680271,0.047096995906647274,650,Something got you down?
7139,2186,10,26,111,147,1.3129251700680271,0.04903573129526933,650,Tell me how you get that fucking thing past security every week.
979,2193,10,25,109,144,1.3125,0.0497358504240635,650,"Well, if you die, at least we won’t have to press your trousers."
1239,2193,11,23,110,144,1.3125,0.05070285903703966,650,I treat figurative problems.
2290,2193,9,27,108,144,1.3125,0.04874966379658141,650,"Don't be a martyr. I have a number of pressing obligations, too."
4935,2193,9,22,97,128,1.3125,0.0529052599977835,650,I told you that chandelier was too gauche.
1310,2193,7,31,106,144,1.3125,0.0467148747834084,650,"The next exercise is to squeeze your buttocks, then raise your buttocks creating a bridge with your body.  Hold and lower your body, then repeat."
3465,2193,8,24,96,128,1.3125,0.051729440740936675,650,I've been struggling to find the strength to lift myself out of bed in the morning.
2112,2193,8,19,85,112,1.3125,0.05676733714276693,650,Why don't you tell me what you want to get off your chest.
1966,2193,10,25,109,144,1.3125,0.0497358504240635,650,So are you feeling depressed?
5592,2193,12,16,100,128,1.3125,0.05628553121026795,650,Please. You have worse problems. Trump's in office.
2260,2193,7,26,95,128,1.3125,0.050526265875355234,650,I  suppose you want me to get the door... again.
1287,2193,5,30,93,128,1.3125,0.048029579960489996,650,Tell me again.Why are you feeling such pressure ?
626,2193,9,27,108,144,1.3125,0.04874966379658141,650,Is there something you want to get off your chest?
2219,2205,12,30,131,173,1.3121387283236994,0.04533059867444544,650,Your HMO doesn't cover that.
4012,2206,14,16,111,141,1.3120567375886525,0.0543309232125465,650,"Okay, Harry. What is it you wish to discuss?"
5966,2206,10,24,107,141,1.3120567375886525,0.050463657484894515,650,"Well, technically, it isn't the weight of the world."
6043,2206,7,30,104,141,1.3120567375886525,0.04735640779209921,650,Take a deep breath and tell me about it.
7316,2206,4,36,101,141,1.3120567375886525,0.04403042120160151,650,"""Today, let's try to get at the root of your claustrophobia."""
238,2206,10,24,107,141,1.3120567375886525,0.050463657484894515,650,I wouldn't make any accusations against 'Fat Tony' if I were you.
7342,2206,7,30,104,141,1.3120567375886525,0.04735640779209921,650,I see you're going for subtlety this week.
118,2206,8,28,105,141,1.3120567375886525,0.048414321037946136,650,Your condition is severe. Most of my patients are only in need of a weighted blanket.
5511,2206,5,34,102,141,1.3120567375886525,0.04516630507119393,650,That's so cliche.  Tell me how you really feel.
1757,2206,7,30,104,141,1.3120567375886525,0.04735640779209921,650,So I think this weight you’ve been carrying around is definitely real.
487,2215,9,21,95,125,1.312,0.053780917589552085,650,So when you said you needed to get something off your chest...
7197,2215,6,27,92,125,1.312,0.05005287526786693,650,What else is weighing on you?
4532,2215,9,21,95,125,1.312,0.053780917589552085,650,"Doc, there's a ton I want to get off my chest today."
5107,2215,9,21,95,125,1.312,0.053780917589552085,650,What makes you say she’s pressuring you to get married?
2439,2215,8,23,94,125,1.312,0.05256762158125168,650,Hmmm....your symptom is more consistent with a heart attack.
1628,2215,10,19,96,125,1.312,0.05496743904202477,650,Hand me the remote.
3979,2215,10,19,96,125,1.312,0.05496743904202477,650,Do you think it’s climate change or the 2020 elections?
4559,2215,7,25,93,125,1.312,0.051325652267118445,650,"Well, emotional weight can manifest itself in many ways."
3672,2223,6,31,101,138,1.3115942028985508,0.04690880867255197,650,You’ve got to lighten up.
4487,2223,10,23,105,138,1.3115942028985508,0.05122091781944237,650,And how does the Road Runner make you feel?
712,2223,6,31,101,138,1.3115942028985508,0.04690880867255197,650,"That is the equivalent of three ex-wives, seven mortgages and eight kids who barely acknowledge your existence."
5963,2223,8,27,103,138,1.3115942028985508,0.049112212093043395,650,Just be thankful you didn't say you have a monkey on your back.
6001,2223,7,29,102,138,1.3115942028985508,0.04802314914575139,650,"I'm afraid our hour is up.   I'm going out to lunch, but feel free to take your time leaving."
6189,2223,8,27,103,138,1.3115942028985508,0.049112212093043395,650,"Although you are not having a
heart attack, I can assure you
that you are not a hypochondriac,
Mr. Floyd."
6794,2223,9,25,104,138,1.3115942028985508,0.05017764342283398,650,"""We all feel like we have a weight on us, honey.                               
 It's probably just a metaphor."""
7466,2223,10,23,105,138,1.3115942028985508,0.05122091781944237,650,"Phil, did you hear me? Today was the worst day of my life."
2101,2223,8,27,103,138,1.3115942028985508,0.049112212093043395,650,Why do “you” think you feel under such pressure?
1747,2223,9,25,104,138,1.3115942028985508,0.05017764342283398,650,"Thank God I work on retainer, you have a ton to get off your chest."
4677,2223,5,33,100,138,1.3115942028985508,0.04576734434376864,650,Can you see it from her side now?
2814,2223,12,19,107,138,1.3115942028985508,0.05324617796480852,650,"You know, I have a real visual sense of the crushing weight you describe."
310,2235,6,26,90,122,1.3114754098360655,0.05084566947610128,650,At least we've finally identified what's been weighing on you.
173,2235,7,24,91,122,1.3114754098360655,0.05216095380029806,650,Would you feel different sitting up?
3532,2235,7,24,91,122,1.3114754098360655,0.05216095380029806,650,I think we should talk about the anvil in the room
5406,2238,12,23,116,151,1.3112582781456954,0.049887671141105636,650,Would it kill you to listen for a minute?
7005,2238,8,31,112,151,1.3112582781456954,0.04621232356072238,650,And that’s not the worst part.  I can’t even tie my own shoelaces.
5264,2240,8,26,101,135,1.3111111111111111,0.04983850832175466,650,At least you can’t complain about having the weight of the world on your shoulders.
2036,2240,5,32,98,135,1.3111111111111111,0.04639183067305038,650,"And how's that working for you?"""
7308,2240,6,30,99,135,1.3111111111111111,0.04756847982341376,650,Now think of all the needless pressure you bring upon yourself.
2469,2240,12,18,105,135,1.3111111111111111,0.05409353186649751,650,"Eventually, not winning the New Yorker caption competition starts to weigh a person down. That's all I'm saying."
3251,2240,5,32,98,135,1.3111111111111111,0.04639183067305038,650,Perhaps you should stop fiddling with it for a while
6117,2240,7,28,100,135,1.3111111111111111,0.04871671778993393,650,Have you tried talking about it?
493,2246,9,19,91,119,1.3109243697478992,0.05565563841008685,650,I see you've put on some weight.
1712,2246,7,23,89,119,1.3109243697478992,0.0530348034807317,650,And how do you FEEL about it?
7270,2248,9,28,111,148,1.3108108108108107,0.04779698225150559,650,Burdened you say?
5980,2248,7,32,109,148,1.3108108108108107,0.045833330509971355,650,Have you considered it’s you that’s the problem?
4849,2248,10,26,112,148,1.3108108108108107,0.0487491556409747,650,How did you manage that with our broken elevator?
2667,2248,8,30,110,148,1.3108108108108107,0.04682545086802161,650,"There’s nothing on earth preventing your leaving my care, Mr. Shigo."
1545,2248,10,26,112,148,1.3108108108108107,0.0487491556409747,650,I think you're underweight.
7414,2253,6,29,97,132,1.3106060606060606,0.04825497060422663,650,"Karen, I told you, I’ve been under a lot of pressure lately."
3946,2253,6,29,97,132,1.3106060606060606,0.04825497060422663,650,"So, is there anything else you want to tell me?"
1459,2253,9,23,100,132,1.3106060606060606,0.05172546230848569,650,"So, why do you feel that I am keeping your here against your will?"
1302,2253,10,21,101,132,1.3106060606060606,0.05283165596524971,650,I don't think so; COPD is when an elephant is sitting on you.
1220,2253,6,29,97,132,1.3106060606060606,0.04825497060422663,650,"Gee, that’s really heavy but your time’s up."
7173,2253,6,29,97,132,1.3106060606060606,0.04825497060422663,650,Unfortunately your insurance doesn’t cover this modality
6448,2259,6,33,106,145,1.3103448275862069,0.04539866128306092,650,Good. You're starting to understand 'privilege'.
4817,2259,4,37,104,145,1.3103448275862069,0.04323733993977938,650,Your biggest problem is you overdramatize everything.
3785,2259,8,29,108,145,1.3103448275862069,0.04746166165991397,650,I feel so much better having gotten that off my chest.
6088,2259,9,27,109,145,1.3103448275862069,0.04846023904329379,650,"I know you are depressed, but if we cannot go beyond tired cliches I cannot help you."
1699,2259,10,25,110,145,1.3103448275862069,0.0494386509600151,650,You weren't exaggerating your struggles with weight.
5559,2259,7,22,87,116,1.3103448275862069,0.05395010341684153,650,I carried it in. I can carry it out.
3511,2265,5,30,94,129,1.310077519379845,0.04771733431102764,650,"Unfortunately, the anvil on your chest is not covered by your co-pay."
623,2265,9,22,98,129,1.310077519379845,0.052549406445566854,650,"If you’re really that unhappy, just leave."
656,2265,9,22,98,129,1.310077519379845,0.052549406445566854,650,You never want to go out.
4494,2265,8,24,97,129,1.310077519379845,0.05138400613784052,650,"Don't worry, it's figurative."
6145,2265,7,26,96,129,1.310077519379845,0.05019155362972818,650,"So tell me Bob, just how long have you been feeling this pier pressure ?"
2183,2270,12,20,110,142,1.3098591549295775,0.05210876129645277,650,"Is there something you’d like to get off your chest, dear?"
3512,2270,7,30,105,142,1.3098591549295775,0.04707305385797126,650,"Well Harold, I think we've made some real progress now that you don't feel the weight of the world is on your shoulders"
1673,2270,8,28,106,142,1.3098591549295775,0.0481223702697873,650,"It’s a cartoon universe, so yes, it’s literal here."
4139,2270,9,26,107,142,1.3098591549295775,0.04914928932598675,650,This was not the birth control I had in mind.
3953,2270,9,26,107,142,1.3098591549295775,0.04914928932598675,650,How long has that been weighing on you?
7046,2275,11,26,118,155,1.3096774193548386,0.04806062183552926,650,Now let's hear one long deep breath out.
4595,2276,9,21,96,126,1.3095238095238095,0.05340980911546648,650,I see you've putting on more weight lately.
4507,2276,10,32,126,168,1.3095238095238095,0.044638698599203386,650,"And when you say, “crushing weight on your chest,” how exactly do you mean that?"
903,2276,9,21,96,126,1.3095238095238095,0.05340980911546648,650,Now take a deep breath . . .
2270,2276,9,21,96,126,1.3095238095238095,0.05340980911546648,650,My license limits me to getting the load off your mind
2358,2276,7,25,94,126,1.3095238095238095,0.050976852156467176,650,"So, do you think you maybe take things too literally?"
6550,2276,8,23,95,126,1.3095238095238095,0.05220750504253616,650,I learned this therapy when I was stationed in Guantanamo.
7385,2276,5,29,92,126,1.3095238095238095,0.048421805024328225,650,No more excuses Fred. The only thing holding you back is yourself.
3557,2283,9,25,105,139,1.3093525179856116,0.04986575750541569,650,"Mr Grobner, it IS a weight!"
1961,2283,7,29,103,139,1.3093525179856116,0.0477290785840068,650,Are you more relaxed now that the weight was lifted from your shoulders?
3611,2283,11,21,107,139,1.3093525179856116,0.051914570215880106,650,"Something you want to get off your chest, Bob?"
6191,2283,11,21,107,139,1.3093525179856116,0.051914570215880106,650,My approach combines theories from psychoanalysis and Temple Grandin.
2347,2283,8,27,104,139,1.3093525179856116,0.04880911141409572,650,Look on the bright side.  It could have been the world.
5081,2283,10,23,106,139,1.3093525179856116,0.05090047333909807,650,You mean ‘figuratively’.
1549,2283,7,29,103,139,1.3093525179856116,0.0477290785840068,650,You say you've been feeling a lot of pressure lately?
1609,2283,6,31,102,139,1.3093525179856116,0.046624033801495386,650,"You said something about ""getting something off your chest""?"
4502,2291,14,19,119,152,1.3092105263157894,0.051327406608809266,650,"I'm sorry, but you exceed the emotional weight limit that your HMO will cover."
3823,2291,10,27,115,152,1.3092105263157894,0.047811600749434566,650,"Next week, let's reenact your dream about being naked at work."
5369,2293,6,26,91,123,1.3089430894308942,0.05049413474570665,650,Visualize a metaphor.
3928,2293,8,22,93,123,1.3089430894308942,0.05306804769696344,650,"We don’t want you blowing away again, now do we?"
1511,2293,9,20,94,123,1.3089430894308942,0.054309278283659695,650,So is there anything new concerning you this week?
7532,2293,7,24,92,123,1.3089430894308942,0.05179708162669383,650,I've devised a new technique to help us get through your exaggerated feelings of self-importance.
5225,2293,8,22,93,123,1.3089430894308942,0.05306804769696344,650,"Dear, I know you don't like me giving you advice, but it really is a lot easier to press your shirt when you're not wearing it."
3603,2298,4,34,98,136,1.3088235294117647,0.04490938089788189,650,"Getting a bit literal with your metaphors, aren’t you?"
6026,2298,6,30,100,136,1.3088235294117647,0.047272797848004686,650,I promise you'll feel lighter afterwards.
2434,2298,10,22,104,136,1.3088235294117647,0.051676370459552104,650,What else besides getting another day older and deeper in debt is weighing on you?
7432,2298,9,24,103,136,1.3088235294117647,0.050611409800550226,650,"Now Mr. Smith, tell me about your mother."
5992,2298,9,24,103,136,1.3088235294117647,0.050611409800550226,650,Feel free to unburden yourself.
3077,2298,7,28,101,136,1.3088235294117647,0.04841125776358175,650,I can't help but notice you've put some weight on.
5040,2304,8,30,111,149,1.308724832214765,0.04655687893872983,650,I have no control over the Mueller investigation.
7503,2305,15,20,127,162,1.308641975308642,0.0497551327962649,650,"Your insurance covers ""monkey on your back"", so lets discuss that."
6590,2306,9,19,92,120,1.3083333333333333,0.05525068073567392,650,You have to let go. It's just you holding yourself down.
4841,2306,6,25,89,120,1.3083333333333333,0.05130759840928513,650,OK . Tell me all.  Imagine how good it will feel to get this off your chest
557,2306,6,25,89,120,1.3083333333333333,0.05130759840928513,650,So what’s weighing you down that you had to see me immediately?
5099,2306,10,17,93,120,1.3083333333333333,0.056503926803049116,650,Now about that bill.
2885,2306,7,23,90,120,1.3083333333333333,0.052654778291598966,650,"In pyramid years, how long since your divorce?"
2683,2311,9,23,101,133,1.3082706766917294,0.05138817017271687,650,"Well, at least you got that elephant off your chest."
630,2311,6,29,98,133,1.3082706766917294,0.047947685387741835,650,..and how did that make you feel?
239,2311,4,33,96,133,1.3082706766917294,0.04550975940319154,650,"It's great that you're seeking help, but I think you've come to the wrong place."
3841,2311,11,19,103,133,1.3082706766917294,0.05355918564359992,650,I'll have that removed after you pay for your last three visits.
2693,2311,7,27,99,133,1.3082706766917294,0.04912129579514996,650,I don't like it when men leave me.
5219,2311,8,25,100,133,1.3082706766917294,0.05026751303921214,650,"Sure, you can leave anytime. I charge by the hour."
2117,2317,8,29,109,146,1.3082191780821917,0.047183366256693095,650,Why do you never go anywhere with me?
5529,2317,12,21,113,146,1.3082191780821917,0.0510310032869381,650,How long have you been trying to lose weight?
5642,2317,8,29,109,146,1.3082191780821917,0.047183366256693095,650,"I'm just saying,if you had started doing sit-ups three months before our cruise you wouldn't have to do this now."
6159,2317,8,29,109,146,1.3082191780821917,0.047183366256693095,650,so you like heavy metal
4653,2317,11,23,112,146,1.3082191780821917,0.050096806137536615,650,"Our time is up, so you're going to have to carry this around
 until at least next Thursday."
5508,2317,10,25,111,146,1.3082191780821917,0.049144853991973214,650,"Well, at least you're not behind the eight ball."
5390,2317,14,17,115,146,1.3082191780821917,0.05284988097480077,650,It's the weight of anxiety.  Just let it go . . .
3767,2317,10,25,111,146,1.3082191780821917,0.049144853991973214,650,Let's revisit your feelings about my fee.
428,2325,11,18,101,130,1.3076923076923077,0.05443497797565238,650,...and you call this by your wife's name?
1465,2325,7,26,97,130,1.3076923076923077,0.04986105183108662,650,"Well, it's been five hours.  Any change, or should we call the doctor?"
1619,2325,9,26,108,143,1.3076923076923077,0.04885245660735344,650,I need to get something off my chest.
6721,2325,8,28,107,143,1.3076923076923077,0.04783376903750963,650,How many Flat Stanley books have you read?
6730,2325,10,24,109,143,1.3076923076923077,0.049850331722195045,650,"Now, how does that make you feel?"
2427,2325,6,32,105,143,1.3076923076923077,0.04572836480626379,650,"My advice,  don't exhale."""
4155,2325,3,34,93,130,1.3076923076923077,0.04482278608246985,650,I have to admit when you said you were carrying around the weight of the world I had a different image.
1400,2325,6,28,96,130,1.3076923076923077,0.04865042554105198,650,With some work we can get you down to keys and a smartphone.
287,2333,12,23,118,153,1.3071895424836601,0.04931683766662968,650,Just breathe.
1278,2333,6,35,112,153,1.3071895424836601,0.04377390324615433,650,Whatever happened to that elephant in the room?
6305,2333,11,25,117,153,1.3071895424836601,0.04843708460912156,650,You've turned passive-aggressive behavior into an art form.
6531,2333,8,31,114,153,1.3071895424836601,0.045696315271744704,650,"As your psychiatrist, I can promise you that the weight is NOT on your mind."
7257,2333,10,27,116,153,1.3071895424836601,0.04754105439959968,650,"First of all, I think you should lose weight."
5053,2333,13,21,119,153,1.3071895424836601,0.05018116966992906,650,How's your pain on a scale of 1 to 10?
1161,2339,10,23,107,140,1.3071428571428572,0.05058387616011822,650,But you'd previously described feeling like you'd been hit by a ton of bricks
5517,2339,7,29,104,140,1.3071428571428572,0.047438420701218044,650,"I feel as though something is weighing you down. Let's talk about your childhood. You had mentioned your father was an executive at the ACME Corporation"""
3961,2339,8,27,105,140,1.3071428571428572,0.04850957309175747,650,"So you are feeling weighed down, how so?"
4749,2342,7,25,95,127,1.3070866141732282,0.050632557914474706,650,I see that you’re still having trouble with weight loss
3091,2342,12,15,100,127,1.3070866141732282,0.056467493354380796,650,And your complaint about Viagra is what?
2745,2342,8,23,96,127,1.3070866141732282,0.051852100226659245,650,"I said that you should show more compassion, not compression!"
3713,2342,6,27,94,127,1.3070866141732282,0.049382907407419366,650,Seems to me you need to get something off your chest.
2382,2342,4,31,92,127,1.3070866141732282,0.04678357393470482,650,"Well, I see your time is up."
1037,2342,11,17,99,127,1.3070866141732282,0.05534973738667744,650,"Yes Fred, I’ve NEVER felt more certain about a diagnosis."
1303,2342,8,23,96,127,1.3070866141732282,0.051852100226659245,650,You always want to talk about your problems first.
2632,2349,5,25,84,114,1.3070175438596492,0.051566356414556015,650,Enough about what's weighing on you.  Let's get back to your feelings.
2139,2349,6,23,85,114,1.3070175438596492,0.053050395936298185,650,I'll take it off if you promise to stop changing the channels.
6880,2351,8,30,112,150,1.3066666666666666,0.04629123511982281,650,"Do you feel better, now that it's off your mind?"
5893,2351,10,26,114,150,1.3066666666666666,0.04818557217824302,650,"When you said that you were caught between a rock and a hard place, I didn’t think you meant literally."
6589,2351,8,30,112,150,1.3066666666666666,0.04629123511982281,650,I think we’d better start by defining the word ‘shrink’.
1330,2351,10,26,114,150,1.3066666666666666,0.04818557217824302,650,"Whatever it is, just speak up and get it off your chest!"
1785,2355,6,30,101,137,1.3065693430656935,0.04698058280335823,650,"Okay, it may be our song, but I still say The Band meant it in more of an allegorical sense."
6085,2355,8,26,103,137,1.3065693430656935,0.049212392488627785,650,Easily the worst case of erectile dysfunction I've seen.
3498,2355,7,28,102,137,1.3065693430656935,0.04810943116997928,650,This is the first treatment for your fear of flying
4550,2355,9,24,104,137,1.3065693430656935,0.050291170014332774,650,"So, Mr. Johnson, what do you want to get off your chest this session?"
321,2355,11,20,106,137,1.3065693430656935,0.05238211713287345,650,Have you considered healthier ways to iron your slacks?
671,2355,6,30,101,137,1.3065693430656935,0.04698058280335823,650,"Would you call yourself overdramatic? Moan in anguish once for yes, twice for no."
6725,2355,7,28,102,137,1.3065693430656935,0.04810943116997928,650,What's important now is to reset your narrative.
7229,2355,10,22,105,137,1.3065693430656935,0.051347288033218454,650,I get a sense that you're concerned about your weight.
2999,2355,7,28,102,137,1.3065693430656935,0.04810943116997928,650,"Well, that's how clichés get to be clichés."
2175,2364,7,24,93,124,1.3064516129032258,0.051438039738937,650,I have this crushing feeling psychiatry isn't working for me.
6459,2364,9,20,95,124,1.3064516129032258,0.053927104681296044,650,"Unfortunately, you've come to the wrong place.  I specialize in albatrosses."
4933,2364,5,28,91,124,1.3064516129032258,0.0488222412949412,650,"So, can you describe these feelings of oppression?"
4114,2364,7,24,93,124,1.3064516129032258,0.051438039738937,650,I’d like to start by talking about what you think of my new haircut.
4205,2368,8,33,119,160,1.30625,0.04433016048843966,650,"Mr. Williams, let the weight do the work."
1461,2369,12,21,114,147,1.3061224489795917,0.05072601675917304,650,It’s your obsession with weight that’s holding you down.
1078,2369,10,25,112,147,1.3061224489795917,0.048854404673691385,650,Weighted down how?
3963,2371,9,23,102,134,1.3059701492537314,0.05105509152021827,650,"My cardiologist calls this the ""widow maker."""
4008,2371,8,25,101,134,1.3059701492537314,0.049943983816910474,650,It’s a new technique: the load on your chest distracts you from whatever’s weighing on your mind.
521,2371,9,23,102,134,1.3059701492537314,0.05105509152021827,650,"Therapists use the phrase ""to get something off your chest"" metaphorically. I'll refer you to a crane operator."
889,2371,7,27,100,134,1.3059701492537314,0.048807588230415234,650,"So, what's weighing you down?"
508,2371,10,21,103,134,1.3059701492537314,0.05214252794765432,650,"My apologies, ordinarily this is a safe space."
5309,2371,8,25,101,134,1.3059701492537314,0.049943983816910474,650,"I'm sorry, but you're doing it wrong. It's supposed to be on your shoulders."
2100,2371,11,19,104,134,1.3059701492537314,0.05320774446831927,650,"Times's up, Mr. Jones. I'm referring you to a weight loss counselor. I really need that couch back."
5546,2378,8,21,92,121,1.3057851239669422,0.05358109017229101,650,How would you describe your mood overall?
5461,2378,8,21,92,121,1.3057851239669422,0.05358109017229101,650,"Getting the weight of the world off your shoulders was a good start, but I believe there's still something you need to get off your chest."
6173,2378,9,19,93,121,1.3057851239669422,0.05485138349105824,650,Can't you see the pressure I'm under?
1560,2378,6,25,90,121,1.3057851239669422,0.05094557027247088,650,I meant it a bit more metaphorically...
2464,2382,7,34,116,157,1.305732484076433,0.043957446408297324,650,I thought this might offer you some perspective.
697,2383,9,26,109,144,1.3055555555555556,0.04855905193316886,650,There’s something I’m still not quite ready to get off my chest.
1445,2383,5,34,105,144,1.3055555555555556,0.044378836579475604,650,I think your depression may be caused by a weight issue.
1853,2383,8,28,108,144,1.3055555555555556,0.047548463987000605,650,"Nonsense, Samson! You DO have a handle on your weight problem, but the real issue is you’re bald."
2543,2383,13,18,113,144,1.3055555555555556,0.05240688803152291,650,"Anything you want to get off your chest, Carl?"
5726,2383,8,28,108,144,1.3055555555555556,0.047548463987000605,650,"Doctor, my wife says that I don't handle pressure well."
6208,2388,14,23,130,167,1.3053892215568863,0.04783199234194922,650,You can go when I say you can go.
5595,2389,8,24,99,131,1.3053435114503817,0.05070626239928623,650,I only wish you could also support a family.
7142,2389,6,28,97,131,1.3053435114503817,0.04833472273958615,650,We usually see this on shoulders.
6343,2389,7,26,98,131,1.3053435114503817,0.04953468718392161,650,"Honey, I have something that I want to get off my chest!"
2176,2389,4,32,95,131,1.3053435114503817,0.04584065660655468,650,"Yes, that's 2000 pounds...but doesn't it feel lighter knowing that it's also 907.18 kilograms?"
1363,2389,7,26,98,131,1.3053435114503817,0.04953468718392161,650,How was your day?
4659,2389,5,30,96,131,1.3053435114503817,0.04710419949660929,650,Repeat after me - the only thing holding you back is yourself
6834,2389,7,26,98,131,1.3053435114503817,0.04953468718392161,650,Why not just try cutting carbs?
4142,2396,6,35,113,154,1.3051948051948052,0.043534451386341426,650,"So, Ed, would you say I've got your attention, now?"
7352,2397,8,20,90,118,1.305084745762712,0.05450643057840294,650,Seems like you have a lot on your chest
6105,2397,5,26,87,118,1.305084745762712,0.05036226086531086,650,"I wasn’t planning to pressure you to marry me, but..."
3706,2397,5,26,87,118,1.305084745762712,0.05036226086531086,650,"Honestly Jerry, it's like you hardly lift a finger anymore."
2643,2397,5,26,87,118,1.305084745762712,0.05036226086531086,650,How long have you been feeling a little flat and experiencing a shortness of breath?
667,2397,7,22,89,118,1.305084745762712,0.05316094828682091,650,"Today, let's go back a few generations and talk about your great-great grandfather Sisyphus."
1587,2402,10,23,108,141,1.3049645390070923,0.050271061015436935,650,"You say you've been under a lot of pressure lately, care to elaborate on that?"
4597,2402,7,29,105,141,1.3049645390070923,0.04715112096055223,650,"If this won't counteract the blue pill, nothing will."
3827,2402,8,27,106,141,1.3049645390070923,0.04821353887063618,650,"Let’s work on some relaxation techniques … first, take a deep breath, and hold it … ."
3598,2402,9,25,107,141,1.3049645390070923,0.049253045114226846,650,Me helping you take a load off your chest is just an expression.
2073,2406,8,23,97,128,1.3046875,0.051501320779925364,650,"Well, it's still better than having the weight of the world on your shoulders isn't it?"
7345,2406,8,23,97,128,1.3046875,0.051501320779925364,650,"I’m sorry, our ton is up. I mean we have to weight until next week. Talk about a Freudian slip."
6967,2406,5,29,94,128,1.3046875,0.04778380011978741,650,"And, by now, the pressures of everyday life should seem miniscule by comparison."
1469,2406,10,19,99,128,1.3046875,0.053837245789534555,650,"Accept that your mother will never provide the nurturing you crave, Tony, and the weight will lift."
6698,2406,8,23,97,128,1.3046875,0.051501320779925364,650,Better. Definitely better. I used to feel like I had the weight of the world on me.
5673,2406,11,17,100,128,1.3046875,0.054967995508893606,650,"And how long have you been under this, Mr. Hoffa?"
3469,2406,5,29,94,128,1.3046875,0.04778380011978741,650,We call this the Mueller experience. Anything you would like to confess?
3744,2406,6,27,95,128,1.3046875,0.04905428676426544,650,"You, you, you. It's always about you!"
541,2406,6,27,95,128,1.3046875,0.04905428676426544,650,"Relax and breathe deeply."""
2735,2406,5,29,94,128,1.3046875,0.04778380011978741,650,Big. Yes. But not the weight of the world.
1784,2416,6,34,111,151,1.304635761589404,0.04406835697911027,650,"Whatever it is that's weighing you down, get it off your chest."
4753,2416,8,30,113,151,1.304635761589404,0.04602847519024936,650,Now that it's off your back do you feel better?
3855,2418,6,23,86,115,1.3043478260869565,0.05265478876691291,650,"Stop complaining, you still have your health"
6534,2418,5,25,85,115,1.3043478260869565,0.05118565696356253,650,Feeling depressed?
5317,2418,7,28,103,138,1.3043478260869565,0.04781117835006826,650,"I can see you have a lot on your chest, that’s why we’re here!"
4688,2418,10,22,106,138,1.3043478260869565,0.051022233816376786,650,You said you prefer to be underweight. But this is ridiculous.
4375,2418,11,20,107,138,1.3043478260869565,0.05204858179057349,650,Nothing on your mind?
4075,2418,6,23,86,115,1.3043478260869565,0.05265478876691291,650,Your message said some things were weighing on you.
3257,2418,10,22,106,138,1.3043478260869565,0.051022233816376786,650,You really need to put down Wile E. Coyote as your emergency contact from now on.
2153,2418,8,19,88,115,1.3043478260869565,0.05547645791398057,650,"Ok. But wouldn't you agree that ""The weight of the world.."" is really just you being overdramatic again?"
1185,2418,10,22,106,138,1.3043478260869565,0.051022233816376786,650,...and how do you feel now that it's off your shoulders?
740,2418,12,25,124,161,1.3043478260869565,0.04748608676657739,650,I appreciate the effort. But in talk therapy we need to use words.
547,2418,7,28,103,138,1.3043478260869565,0.04781117835006826,650,Is it really weighing on you?
3902,2418,6,37,118,161,1.3043478260869565,0.04229763500582682,650,I see ... have you tried a forklift?
1958,2418,6,30,102,138,1.3043478260869565,0.046691779280993786,650,"I’m afraid your insurance doesn’t cover therapy for ‘materialized existential dread,’ Paul."
6272,2418,4,34,100,138,1.3043478260869565,0.044368335632870536,650,The pressure you feel- do you think that came from your parents?
4654,2432,7,31,110,148,1.304054054054054,0.0456398039713563,650,Let’s try again... Tell me about your mother.
4907,2432,9,27,112,148,1.304054054054054,0.0476114380507279,650,I would agree.  It's NOT just your thoughts weighing you down.
742,2432,9,27,112,148,1.304054054054054,0.0476114380507279,650,So I guess we have to talk about the elephant in the room.
1541,2432,8,29,111,148,1.304054054054054,0.04663604153335771,650,"Let’s address the elephant in the room.”
“No, no, it only feels like an elephant."
1924,2432,9,27,112,148,1.304054054054054,0.0476114380507279,650,"If it makes you feel any better, only good people feel guilt."
1281,2437,7,24,94,125,1.304,0.05108373896942915,650,I think we've made some real progress; it's no longer on your shoulders.
1801,2437,10,18,97,125,1.304,0.05474162183649954,650,Hyperbole is not helpful in discussing how you see our relationship.
5186,2437,6,26,93,125,1.304,0.04980478018255134,650,"You're not having a heart attack, Harry."
5325,2437,9,20,96,125,1.304,0.053550097135540355,650,I warned you one Cialis was enough.
7132,2437,7,24,94,125,1.304,0.05108373896942915,650,"Well, the two of you clearly have some issues to resolve..."
6469,2437,7,24,94,125,1.304,0.05108373896942915,650,I would have come sooner but I thought you said wait.
2997,2443,10,21,104,135,1.3037037037037038,0.05180444804625277,650,"Needs more cowbell."""
2605,2443,12,17,106,135,1.3037037037037038,0.05389635865625793,650,"Please, try to focus on your emotional, rather than physical, issues?"
7472,2443,6,29,100,135,1.3037037037037038,0.04734413965130984,650,Can you please just lighten up for a change?
5082,2443,7,27,101,135,1.3037037037037038,0.048497689417499795,650,"Yes, you definitely are dealing with some weighty issues."
1005,2447,8,18,86,112,1.3035714285714286,0.056494674801559785,650,"The good news is, we've gotten the weight off your shoulders."
5211,2448,12,20,113,145,1.303448275862069,0.05115911053854687,650,That's correct. For two hundred fifty dollars I remove the weight.
4979,2448,8,28,109,145,1.303448275862069,0.0472664027470163,650,"Well, we did manage to take the weight off of your shoulders."
4467,2448,9,26,110,145,1.303448275862069,0.04826901976688751,650,College debt can't be that bad.
4643,2448,7,30,108,145,1.303448275862069,0.046242052160669976,650,I think I understand why you may be feeling depressed lately.
2519,2448,10,24,111,145,1.303448275862069,0.04925123054167483,650,Honey... anything you'd like to get off your chest?
2024,2453,7,23,92,122,1.3032786885245902,0.051910191356911425,650,"No, but it will get you to confess to witchcraft."
7096,2453,8,21,93,122,1.3032786885245902,0.05319916318510144,650,I think I may have a weight problem...
6224,2453,4,29,89,122,1.3032786885245902,0.0478353318798928,650,So why do you think you're experiencing this crushing sensation in your chest?
7223,2456,11,25,119,155,1.303225806451613,0.04789161197496605,650,I’d like you to take a moment and try to sense what it feels like when your mother-in-law drops in for a visit
4842,2456,7,33,115,155,1.303225806451613,0.04425446616235717,650,"No, it's not all in my head."
2028,2458,7,26,99,132,1.303030303030303,0.049212387857098486,650,"You're feeling hard pressed to talk about it?"""
17,2458,9,22,101,132,1.303030303030303,0.05150902795244111,650,Would you be happier if it were a ton of feathers?
6346,2458,11,18,103,132,1.303030303030303,0.05370754884197588,650,"You know, this is going to be a first for me, but I think we're gonna go with Steroids instead of Prozac for this one."
64,2458,9,22,101,132,1.303030303030303,0.05150902795244111,650,Better or worse?
2171,2458,5,30,97,132,1.303030303030303,0.04680318660721329,650,I think we are making process. You used to have the weight of the world on your shoulders.
2182,2458,8,24,100,132,1.303030303030303,0.05037379814547864,650,I'm glad you finally got that weight off your shoulders.
2915,2458,7,26,99,132,1.303030303030303,0.049212387857098486,650,Good news Mr. Atlas you are not imagining it you DO have the weight of the world on you.
5042,2458,5,30,97,132,1.303030303030303,0.04680318660721329,650,Mr. Brown I want you to take a deep breath and let all the heaviness out
2572,2466,8,27,107,142,1.3028169014084507,0.047920951603750116,650,"Well, we managed to take the weight off your shoulders, at least."
486,2466,7,29,106,142,1.3028169014084507,0.04686712581054992,650,Thank you - that's a real weight off my mind...
6754,2466,6,31,105,142,1.3028169014084507,0.04578905284972455,650,"Sorry, my fee only covers taking a weight off your shoulders."
7016,2466,10,23,109,142,1.3028169014084507,0.049961963976039345,650,"No need to be such a literalist,  Mr. Dobson."
1892,2466,11,21,110,142,1.3028169014084507,0.05095182003824887,650,"I DO understand that you are under a lot of  pressure right now, but you really must get out of bed."
5800,2466,7,29,106,142,1.3028169014084507,0.04686712581054992,650,Because a ball and chain is just so 20th Century
1178,2466,9,25,108,142,1.3028169014084507,0.048952096211255416,650,About your last bill...
5286,2473,10,26,116,152,1.3026315789473684,0.047634414470886344,650,"It's called ""privilege therapy."" This one equalizes your experience as a cis-gendered heterosexual White male with that of gay Black woman."
5585,2473,9,28,115,152,1.3026315789473684,0.046710802457713245,650,"Honey, there's a little something I need to get off my chest."
734,2473,8,30,114,152,1.3026315789473684,0.045768555696054404,650,Tell me more about feeling trapped.
4505,2473,8,30,114,152,1.3026315789473684,0.045768555696054404,650,"Yes, I have experience treating depression, anxiety, insomnia, and falling anvils."
6820,2477,5,26,88,119,1.3025210084033614,0.05000302205471872,650,Don't tell me. There's something you want to get off your chest.
5681,2477,7,22,90,119,1.3025210084033614,0.05277463331184015,650,Doris awaits patiently for Herb's shirt and trousers to be pressed.
4867,2479,5,29,95,129,1.302325581395349,0.0474707314492864,650,"We're only 15 minutes into our first session, but I think what you're feeling is that big weight on your chest."
4830,2479,5,29,95,129,1.302325581395349,0.0474707314492864,650,Let's talk through it.
6722,2479,7,25,97,129,1.302325581395349,0.049957165715698616,650,"Honey, I wish you’d lighten up.”"
1972,2479,7,25,97,129,1.302325581395349,0.049957165715698616,650,We're staying here until you tell me you love me.
6908,2479,5,29,95,129,1.302325581395349,0.0474707314492864,650,"Now,  can you please tell me what was so important that I had to drop everything to listen to you?"
185,2479,10,19,100,129,1.302325581395349,0.0534704638035713,650,Let’s explore why a skinny guy like you would think you have a weight problem.
3155,2479,5,29,95,129,1.302325581395349,0.0474707314492864,650,Now we're going to address your Sisyphus complex.
2700,2479,5,29,95,129,1.302325581395349,0.0474707314492864,650,"I have a ton of issues this week, Doc!"
764,2479,11,17,101,129,1.302325581395349,0.05459134116667936,650,I've been meaning to get that chandelier fixed.
5560,2479,7,25,97,129,1.302325581395349,0.049957165715698616,650,Trust the Process
6577,2479,5,29,95,129,1.302325581395349,0.0474707314492864,650,Ever feel like you just have to get something off your chest?
1393,2490,11,20,108,139,1.3021582733812949,0.051719143464968115,650,"I appreciate the visual Bob, but your friend with the crane just drove off and we have a hard stop in an hour."
1572,2490,7,28,104,139,1.3021582733812949,0.04751644076031689,650,We got rid of the baggage from your childhood. That's progress.
4943,2490,5,32,102,139,1.3021582733812949,0.045269010519538425,650,"On a lighter note, your clothes are well pressed."
6473,2490,7,28,104,139,1.3021582733812949,0.04751644076031689,650,"This is therapy, not theater, now please take that off."
5766,2494,9,27,113,149,1.3020134228187918,0.04733482550189134,650,When did you start to feel like you were under a lot of pressure?
7123,2494,8,29,112,149,1.3020134228187918,0.04636691690987549,650,Do you think you might be taking things a bit too literally?
1859,2494,8,29,112,149,1.3020134228187918,0.04636691690987549,650,"So how, exactly, did you get here?"
5481,2497,7,18,81,106,1.3018867924528301,0.05714031423930504,650,"I've told you before, I am not a mind reader.  You're going to have to tell me what's weighing you down."
1841,2498,5,25,86,116,1.3017241379310345,0.05081026762656237,650,I’m fully aware of the irony in this situation arising during our session.
482,2499,7,24,95,126,1.3015873015873016,0.05073409206596311,650,I wish I could come up with a metaphor for what I'm feeling right now...
7314,2499,6,26,94,126,1.3015873015873016,0.04946679664960623,650,I assume you are relieved to no longer have the weight on your shoulders.
6996,2499,8,22,96,126,1.3015873015873016,0.051970493789666346,650,So tell me again about your relationship with your mother.
2946,2499,8,22,96,126,1.3015873015873016,0.051970493789666346,650,Now do you understand how I'm feeling?
5150,2499,9,20,97,126,1.3015873015873016,0.05317815671613557,650,Tell me what's weighing on you?
5448,2504,8,25,103,136,1.3014705882352942,0.04930878754887327,650,"Well, ever think of ME?  I'm under a great deal of pressure, too."
7549,2504,8,25,103,136,1.3014705882352942,0.04930878754887327,650,Some patients feel like a great weight has been lifted - Some don't.
6361,2504,8,25,103,136,1.3014705882352942,0.04930878754887327,650,You seem to be under a lot of pressure; let's talk about that.
5631,2504,5,31,100,136,1.3014705882352942,0.045875474318191035,650,I get this sense something's weighing you down today.
3021,2504,8,25,103,136,1.3014705882352942,0.04930878754887327,650,What do you associate with feeling 'under pressure'
2716,2504,6,29,101,136,1.3014705882352942,0.047047758775446924,650,"Mr. Trump, as your psychiatrist, now you might understand how I feel..."
2030,2504,8,25,103,136,1.3014705882352942,0.04930878754887327,650,"If that's ""the weight of the world"", Sam, you've tragically underestimated the size of your problem."
1790,2504,7,27,102,136,1.3014705882352942,0.04819153522836019,650,"Tell me if I got it wrong, but from how I understand it, you’re feeling crushed."
5629,2512,9,26,111,146,1.3013698630136987,0.047982305640486916,650,I hear it is the not the weight that kills you.  It's the density.
1671,2512,9,26,111,146,1.3013698630136987,0.047982305640486916,650,Are you confident that's not just a lampshade?
3943,2514,5,24,84,113,1.3008849557522124,0.051655518856673466,650,Your mental block appears to be the result of  an external condition.
3553,2514,5,24,84,113,1.3008849557522124,0.051655518856673466,650,"Maybe, John, you should consider getting a smaller key chain."
3217,2516,5,27,91,123,1.3008130081300813,0.04889142833435431,650,I hope through our work together you will be able to rid yourself of whatever is burdening you.
2495,2516,10,17,96,123,1.3008130081300813,0.05528808073352991,650,You look uncomfortable.  Is it something I said?
2228,2516,11,15,97,123,1.3008130081300813,0.056480544371687175,650,Sooooo. You're a Trumpie. How's that going?
2562,2516,7,23,93,123,1.3008130081300813,0.05154543439746056,650,You say you feel like you have a 2-ton weight on you. What do you mean by that?
1677,2520,7,26,100,133,1.300751879699248,0.04889408345964512,650,But WHY do you want to get this weight lifted off your chest?
7449,2520,7,26,100,133,1.300751879699248,0.04889408345964512,650,And your dad said this to you when?
5619,2520,10,20,103,133,1.300751879699248,0.05227231482359452,650,You really think my childhood traumas  are causing my chest pains?
3477,2520,8,24,101,133,1.300751879699248,0.0500455049321264,650,"I dunno. Sometimes I think, maybe I should grow it longer again. A pageboy, instead of a bob.  But then I think, what am I thinking. I would look ridiculous with a pageboy. I'm a bob sort of a girl. Always have been. Always will be. Bob, bob, bob."
1183,2520,9,22,102,133,1.300751879699248,0.051171024324946184,650,Certainly I can help you... but I charge by the pound”
3660,2520,7,26,100,133,1.300751879699248,0.04889408345964512,650,You say your mother is inside?
1487,2520,4,32,97,133,1.300751879699248,0.04526442198571087,650,"I get that it's heavy, but how do you ""feel"" about it?"
2979,2520,6,28,99,133,1.300751879699248,0.04771488479296578,650,I can see something's weighing on you.
5416,2520,11,18,104,133,1.300751879699248,0.05335087687723347,650,"What's weighing on you figuratively, I mean."
553,2529,10,23,110,143,1.3006993006993006,0.04965652242297689,650,"So tell me, what’s weighing on you?"
3026,2529,7,29,107,143,1.3006993006993006,0.04658638267160267,650,"It's all in your mind you know""."
3494,2529,4,35,104,143,1.3006993006993006,0.04329909793178602,650,"You see, I deal more with emotional weight."
7047,2529,11,21,111,143,1.3006993006993006,0.05063855522606408,650,I used to help my patients get things off their chest. But I’ve found this technique to be more effective.
5388,2533,9,28,116,153,1.3006535947712419,0.04644663530572514,650,Just try to relax and get things off  your chest.
3422,2534,7,25,98,130,1.3,0.04962591124989274,650,I said you needed to DEcompress.
922,2534,8,17,85,110,1.3,0.05710561159579481,650,This wasn’t quite what I meant when I asked you to bring in what’s been weighing you down.
3059,2534,9,27,114,150,1.3,0.047061290894652906,650,"Try using ""I"" statements when speaking about the mass."
2682,2534,9,24,107,140,1.3,0.04935347680939759,650,"Once we lower your anxiety level, you'll feel a ton better."
1265,2534,7,31,112,150,1.3,0.04511977596847296,650,Taking the weight of your shoulder was free. The next session costs $250.
496,2534,12,18,110,140,1.3,0.05238406667997597,650,Wait how the fuck did you get in the door
684,2534,8,23,99,130,1.3,0.05081330191750084,650,"It's  just another example of how you react to a situation...you can focus on the immense weight bearing down, or the joy from your clothes being pressed and wrinkle free!"
1076,2534,11,23,116,150,1.3,0.048925821586326905,650,Barney had many years of therapy ahead.
6491,2534,8,26,106,140,1.3,0.048301042952061994,650,"Before I can help you, you’ll need to see a doctor to make sure your chest pain isn’t from a heart attack."
904,2534,8,23,99,130,1.3,0.05081330191750084,650,When I said I can help lift the weight off your chest it was a metaphor”
6021,2534,7,25,98,130,1.3,0.04962591124989274,650,"If you will recall, at our last session it was revealed that you had a crush on ME."
5473,2534,6,30,104,140,1.3,0.0461241900136937,650,I see your mother-in-law has arrived.
3163,2534,8,20,92,120,1.3,0.05371363012890349,650,This is a traditional therapeutic technique from colonial Massachusetts.
5561,2534,8,29,113,150,1.3,0.04610075533066856,650,I feel that you're under a great deal of stress.
1075,2534,11,20,109,140,1.3,0.05139373034732311,650,Ah. Perhaps a little TOO good at the visualization.
7563,2534,7,31,112,150,1.3,0.04511977596847296,650,Is something weighing on you?
5213,2534,7,31,112,150,1.3,0.04511977596847296,650,"No, Mr. Johnson, I don't know exactly how that feels. Can you try describing it a little less melodramatically?"
2311,2551,5,37,115,157,1.2993630573248407,0.0418666292628463,650,Don't let it get you down.
4232,2551,9,29,119,157,1.2993630573248407,0.04560100783036541,650,And just how do you feel trapped?
5185,2553,6,32,109,147,1.2993197278911566,0.0446723292007039,650,Something seems to be weighing you down.  Do you want to talk about it?
2407,2553,9,26,112,147,1.2993197278911566,0.04769885613474102,650,"This “weight of the world” you feel, can you visualize it?"
474,2555,6,29,102,137,1.2992700729927007,0.046754894150832636,650,Do you want to talk about what’s weighing you down?
751,2555,7,27,103,137,1.2992700729927007,0.04788906278067403,650,"This is a new therapy, let me know if you're uncomfortable"
743,2555,7,27,103,137,1.2992700729927007,0.04788906278067403,650,Now isn't that much better than having it on your shoulders?
2174,2555,10,21,106,137,1.2992700729927007,0.051140873622560104,650,Why do you suppose losing weight is important to you?
2463,2555,5,31,101,137,1.2992700729927007,0.045592520440306754,650,I’m a psychiatrist. I can’t help you with your crushing chest pain.
2951,2555,11,19,107,137,1.2992700729927007,0.05217979649092586,650,are you sure there’s nothing you’d like to get off your chest?
5305,2555,8,25,104,137,1.2992700729927007,0.04899698501915311,650,"If you’d like to book a longer session, just ask."
7119,2562,9,20,98,127,1.2992125984251968,0.05281118679843102,650,We have to get whatever is weighing you down off your chest.
3799,2562,5,28,94,127,1.2992125984251968,0.04784437211676261,650,"Well sure,but it’s no ball and chain"
1169,2562,11,16,100,127,1.2992125984251968,0.05512703696884621,650,"Is it really the thousand pound weight, or is this about your father?"
2168,2565,6,34,114,154,1.2987012987012987,0.04334094282942356,650,That should take care of your fear of floating off into the air
1553,2565,8,30,116,154,1.2987012987012987,0.04525706796723126,650,"So, what I hear you saying is that you feel a heavy weight on your chest. Is that right?"
390,2565,10,26,118,154,1.2987012987012987,0.047095297818761254,650,"I don't care what they say, I'd still rather it was feathers."
4918,2568,7,29,108,144,1.2986111111111112,0.046308839922042114,650,"Three . . two . . .one . . okay, now open your eyes."
6414,2568,10,23,111,144,1.2986111111111112,0.0493546750197042,650,I guess I misunderstood When you said you wish you could put on a little weight
843,2568,5,33,106,144,1.2986111111111112,0.04416173072554027,650,What you are experiencing is a severe case of Panettone.
3915,2568,7,29,108,144,1.2986111111111112,0.046308839922042114,650,At what age did you really feel it was a burden?
6392,2572,6,28,100,134,1.2985074626865671,0.0474106200003679,650,"The weight of the world is a bit of an exaggeration, don’t you think?"
5930,2572,3,34,97,134,1.2985074626865671,0.043716179349494184,650,We may want to stop before 50 minutes today.
7057,2572,9,22,103,134,1.2985074626865671,0.0508372839628695,650,I  can tell. There’s something you’d like to get off your chest.
3366,2572,5,30,99,134,1.2985074626865671,0.04621196855994383,650,I only promised that I could get the weight off your shoulders.
887,2572,7,26,101,134,1.2985074626865671,0.04857970501612101,650,So the gravity blanket didn't work?
1520,2572,4,32,98,134,1.2985074626865671,0.04498138712346685,650,Tell me more about this weight you’ve been carrying around.
4133,2572,8,24,102,134,1.2985074626865671,0.04972130921533926,650,"Your condition is not unusual, though typically I see patients carrying the weight of the world on their shoulders."
5948,2572,6,28,100,134,1.2985074626865671,0.0474106200003679,650,"I know you say that you have a broken heart, but I think it's time for you start worrying about your ribs."
6737,2572,8,24,102,134,1.2985074626865671,0.04972130921533926,650,"So, you want to get something off your chest? 
My last patient had a monkey on his back."
5742,2572,4,32,98,134,1.2985074626865671,0.04498138712346685,650,Visualize yourself not having the life crushed out of you and then be that reality.
7322,2582,7,23,94,124,1.2983870967741935,0.05118557525615357,650,Is there anything in particular weighing on you today?
3131,2583,9,16,89,114,1.2982456140350878,0.05700410671326431,650,"Well, it looks like you have a lot to get off your chest."
3969,2584,6,33,112,151,1.2980132450331126,0.04386886135544158,650,At least we got it off your shoulders.
5940,2584,11,23,117,151,1.2980132450331126,0.048641320915202485,650,"Yes, but in the last 10 years of therapy we’ve gotten that unbearable weight off your back."
4594,2586,9,24,108,141,1.297872340425532,0.04904837143816246,650,"There is so much weighing on me, I don't know where to start."
4454,2586,7,28,106,141,1.297872340425532,0.046937282575246236,650,There must be a better way to get a flat stomach.
3318,2586,6,30,105,141,1.297872340425532,0.0458452982644327,650,"Use the Force, Luke."
4927,2586,8,26,107,141,1.297872340425532,0.04800443331758258,650,I just need to get this off my chest.
7285,2586,7,28,106,141,1.297872340425532,0.046937282575246236,650,"You know, I think the problem is that you're not admitting to YOURSELF that you're being crushed by a literal two ton weight."
3930,2591,4,31,96,131,1.297709923664122,0.04558571194051765,650,"Ok, now count back slowly from ten and let's see if we can have you come back feeling light and refreshed."
1903,2591,8,23,100,131,1.297709923664122,0.0504758990163529,650,"I'm sorry, but this isn't the type of depression that I'm qualified to help you with."
1996,2591,10,19,102,131,1.297709923664122,0.05275126544170914,650,"You're exaggerating, that is NOT the weight of the world."
6498,2591,8,23,100,131,1.297709923664122,0.0504758990163529,650,This isn't exactly what I meant when I suggested to ground yourself
2545,2591,7,25,99,131,1.297709923664122,0.04929884957494196,650,You’re case is difficult. Usually the weight is on the shoulders.
3729,2591,8,23,100,131,1.297709923664122,0.0504758990163529,650,"I believe we can do something about your crushing guilt, but it will require some heavy lifting on your part."
4613,2591,8,23,100,131,1.297709923664122,0.0504758990163529,650,This is Step One of your gender sensitivity training. You're doing great! Only nine more steps to go.
2528,2598,6,24,91,121,1.2975206611570247,0.05067672633638312,650,I suppose your cousin Sisyphus put you up to this.
6266,2598,7,22,92,121,1.2975206611570247,0.05201799341578472,650,It's better than the dumbbells you used to hang out with.
406,2598,8,20,93,121,1.2975206611570247,0.05332553502625715,650,"So, have we calmed down, yet?"
431,2598,12,12,97,121,1.2975206611570247,0.05826299746120519,650,It's an exciting new take on psychoanalysis; just try and get it off your chest.
3857,2602,8,31,119,158,1.2974683544303798,0.04445327865274734,650,It's a restrainer for patients who don't pay a retainer...now tell me about your mother.
3324,2603,8,28,112,148,1.2972972972972974,0.04643917259374186,650,You know this has shrunk quite a bit since I started therapy
5338,2603,10,24,114,148,1.2972972972972974,0.04837823971483269,650,"No, this procedure in not covered by your insurance. I’m sorry to say that very few alternatives to traditional Viagra overdose therapies have passed FDA approval."
3548,2603,8,28,112,148,1.2972972972972974,0.04643917259374186,650,"Well, speaking metaphorically..."
4858,2603,6,32,110,148,1.2972972972972974,0.044415531342953396,650,"Dear, it just seems to me there must be an easier way for you to lose that pot belly!"
2729,2603,7,30,111,148,1.2972972972972974,0.045438618903242536,650,"If you annoy me again, I'll use the big one."
1776,2603,6,32,110,148,1.2972972972972974,0.044415531342953396,650,I guess you did mean you “literally” needed to get a load off your chest.
6937,2603,8,28,112,148,1.2972972972972974,0.04643917259374186,650,"Okay, NOW, tell me about the crushing weight that you feel every day."
3088,2610,9,23,106,138,1.2971014492753623,0.0497634521828742,650,This is a safe place to unload.
6622,2610,3,35,100,138,1.2971014492753623,0.04291482303791119,650,You can't take it home with you but you can't leave it here.
5687,2610,6,29,103,138,1.2971014492753623,0.046465488319463726,650,I thought I only had to visualize the weight.
5786,2610,10,21,107,138,1.2971014492753623,0.0508152309446115,650,"Have you ever considered that it wasn't me that has burdened you with that weight, but you that chooses to remain under it?"
6216,2610,9,23,106,138,1.2971014492753623,0.0497634521828742,650,I'm the wrong kind of doctor for that
7446,2610,5,31,102,138,1.2971014492753623,0.04531285779962708,650,So few patients are willing to actually do the work.
6613,2610,10,21,107,138,1.2971014492753623,0.0508152309446115,650,Let me guess.  You'd like to get something off your chest.
2108,2610,6,29,103,138,1.2971014492753623,0.046465488319463726,650,Look on the bright side: it weighs less than the world and it's off your shoulders.
495,2618,9,20,99,128,1.296875,0.052449093007252895,650,"Explain a bit more clearly , what is preventing you from taking dance lessons?"
1010,2618,9,20,99,128,1.296875,0.052449093007252895,650,I find it helps clients articulate their problem.
4917,2618,4,30,94,128,1.296875,0.046214173983405826,650,"Well, because there actually is a heavy weight on your chest."
6338,2618,11,16,101,128,1.296875,0.054744591964955305,650,The pain you feel is the toxic masculinity leaving your body.
6870,2618,6,26,96,128,1.296875,0.04880382023053614,650,"Well, I wouldn't quite describe it as the weight of the world, but there is certainly something there."
4392,2618,5,28,95,128,1.296875,0.047526638562299946,650,It’ll pass.
7384,2618,5,28,95,128,1.296875,0.047526638562299946,650,At least it's off your shoulders now.
4959,2625,12,22,121,155,1.2967741935483872,0.048586379181925175,650,You said it was in my head.
182,2626,8,19,91,118,1.2966101694915255,0.05424113596375548,650,That's some heavy stuff
7127,2627,9,25,111,145,1.296551724137931,0.04807016934787697,650,No Pressure
1090,2627,10,23,112,145,1.296551724137931,0.0490563616847662,650,Would you see who’s at the door?
7298,2627,9,25,111,145,1.296551724137931,0.04807016934787697,650,"Honestly honey, I think you should just buy permanent press shirts."
2380,2627,6,31,108,145,1.296551724137931,0.04498205041229769,650,It’s the weight of the world. Try carrying it on your shoulders.
6089,2627,8,27,110,145,1.296551724137931,0.04706331629327182,650,"Doctor, I need to get this off my chest."
3605,2632,6,20,82,108,1.2962962962962963,0.05465404468179352,650,At the end of today's session I'm hoping that you'll feel like there has been a huge weight lifted off of you.
7059,2632,7,34,121,162,1.2962962962962963,0.04279987767613371,650,I think I understand what's weighing on you.
7334,2632,8,24,103,135,1.2962962962962963,0.049401138999491764,650,Clearly this is weighing heavily on you.
7413,2632,8,24,103,135,1.2962962962962963,0.049401138999491764,650,"Hmmmm, I assume you have something you want to get off your chest??"
2132,2632,11,26,125,162,1.2962962962962963,0.04624450749546494,650,Combining this with acupuncture is contraindicated.
3284,2632,9,22,104,135,1.2962962962962963,0.050507730635623,650,"Really?  Tell me again, how is it I'm smothering you?"
707,2638,7,31,114,152,1.2960526315789473,0.04461095506414591,650,I'm happy to see that the weight of the world is off your shoulders.
1562,2638,8,29,115,152,1.2960526315789473,0.04557713996595138,650,The issues with your mother will ooze out eventually.
7425,2638,6,33,113,152,1.2960526315789473,0.04362337602701755,650,9... Your breathing is heavy and slow... 8...
4337,2638,6,33,113,152,1.2960526315789473,0.04362337602701755,650,"I dunno Doc, I’m really feeling the pressure in this new position..."
7469,2642,5,27,93,125,1.296,0.04822527780484877,650,"Actually, it's non-cognitive therapy."
314,2642,8,21,96,125,1.296,0.052084298915780626,650,What men will do for flat abs.
5646,2642,12,13,100,125,1.296,0.05682343905296873,650,You are only imagining your mother's influence.
4351,2642,6,25,94,125,1.296,0.049545026767773115,650,At least we've gotten it off of your shoulders.
1764,2646,8,26,108,142,1.295774647887324,0.04771131137665376,650,"So tell me again, how long did you say you’ve been married?"
584,2646,4,34,104,142,1.295774647887324,0.043322150798544456,650,"We’ve spent an hour on your divorce, is there anything else you want to get off your chest?"
4328,2646,9,24,109,142,1.295774647887324,0.048746890712609126,650,Glad to see that weight is off your shoulders.
4582,2646,8,26,108,142,1.295774647887324,0.04771131137665376,650,Why do you think I don't feel your pain?
4990,2646,8,26,108,142,1.295774647887324,0.04771131137665376,650,It's not your fault.
5156,2646,4,34,104,142,1.295774647887324,0.043322150798544456,650,"I can see you're feeling better, Mr. Johnson.  You're finally putting on some weight."
3824,2646,7,28,107,142,1.295774647887324,0.04665275031992182,650,"Doctor, I know I'm supposed to do things for myself, but can't you offer just a little support."
6226,2646,5,32,105,142,1.295774647887324,0.044460081766443844,650,"Next time, try being less literal with your metaphors."
5009,2654,9,29,121,159,1.2955974842767295,0.0451037593324863,650,I’ve just gotta get this off my chest
2256,2654,6,35,118,159,1.2955974842767295,0.04237351316828499,650,Tell me more about your Road Runner Cartoon fixation.
2140,2656,7,25,100,132,1.2954545454545454,0.04897590645272065,650,Taking weight off is never easy.
434,2656,5,29,98,132,1.2954545454545454,0.04655446886022629,650,So you say your weight is holding you down. How so?
1974,2656,9,21,102,132,1.2954545454545454,0.05128313811452561,650,"That reminds me, did you remember to take
 your iron supplement this morning?"
6649,2656,7,25,100,132,1.2954545454545454,0.04897590645272065,650,You are free to leave therapy at any time.
6364,2656,7,25,100,132,1.2954545454545454,0.04897590645272065,650,No one ever said psychotherapy was a walk in the park.
3814,2656,8,23,101,132,1.2954545454545454,0.05014279443618571,650,"Your insurance covers this treatment, most likely because they thought of it."
5462,2656,10,19,103,132,1.2954545454545454,0.05239867055448489,650,"You said on the phone that you have ""a lot of baggage"" that you want to deal with. Could you be a little more specific?"
3175,2656,10,19,103,132,1.2954545454545454,0.05239867055448489,650,"Harry, you need to stop ordering these TV weight loss fads!"
4471,2656,8,23,101,132,1.2954545454545454,0.05014279443618571,650,"You say a great weight is off your shoulders, yet you don't feel any better. Let's explore why."
3798,2656,5,29,98,132,1.2954545454545454,0.04655446886022629,650,I wish you had more get up and go.
30,2666,9,26,114,149,1.2953020134228188,0.047141542434457555,650,You suffer from affective flattening.
2932,2666,9,26,114,149,1.2953020134228188,0.047141542434457555,650,"Clearly, it's time to discuss your baggage."
1296,2666,8,28,113,149,1.2953020134228188,0.04616958199434513,650,"Oh, God.  Not the ""weight of the world"" story again!"
2590,2669,9,18,95,122,1.2950819672131149,0.0542072532920215,650,"So, you say you feel like you're under a lot of pressure right now. Say more about that."
6011,2670,9,23,107,139,1.2949640287769784,0.04945035963456586,650,You shouldn’t have complained so much when it was just on your shoulders.
5630,2670,3,35,101,139,1.2949640287769784,0.04265854639642596,650,"You seem a bit pressed for time today, Mr. Jones."
5232,2670,7,27,105,139,1.2949640287769784,0.047294917685490004,650,Look on the bright side: it's a weight off your shoulders.
7582,2670,10,21,108,139,1.2949640287769784,0.050493588529071806,650,Has it been like this more than four hours?
5429,2670,6,29,104,139,1.2949640287769784,0.046179484885844745,650,At least it's not weighing on your mind.
4973,2670,10,21,108,139,1.2949640287769784,0.050493588529071806,650,"Well, at least it's a load off your mind."
6388,2670,7,27,105,139,1.2949640287769784,0.047294917685490004,650,"If I've got this right, you're another day older and deeper in debt?"
1775,2677,8,30,118,156,1.294871794871795,0.04475643922134656,650,"Nevertheless, I’m going to have to charge you for another 50 minutes session."
3667,2677,9,28,119,156,1.294871794871795,0.04567112695908522,650,Did they tell you they were replacing the elephant?
1008,2677,10,26,120,156,1.294871794871795,0.046567851825606826,650,I still think you'd have better results going paleo.
327,2680,9,25,112,146,1.2945205479452055,0.0477829767707791,650,"Mr. Jones, stop being so dramatic! You act as if you have a two-ton weight on you."
7174,2681,11,23,119,153,1.2941176470588236,0.04808184540999141,650,I told you not to take Viagra!
7040,2681,8,24,104,136,1.2941176470588236,0.04908492380527736,650,Looks like you've put on some weight since our last session.
6344,2681,10,25,118,153,1.2941176470588236,0.04717906893978311,650,Tell me more about why you feel the need to put so much pressure on yourself?
1160,2681,4,27,88,119,1.2941176470588236,0.048261237165485964,650,I have something I want to get off my chest.
1552,2681,7,31,115,153,1.2941176470588236,0.044360642578847934,650,It might be helpful for you to unload.
2383,2681,10,20,106,136,1.2941176470588236,0.05125616712862132,650,What brings on these dreams of flying?
2916,2681,7,26,103,136,1.2941176470588236,0.04796245701688192,650,"Despite what you say, I don't see your mother's name on it."
3275,2681,8,24,104,136,1.2941176470588236,0.04908492380527736,650,Think of it more as a lampshade rather than the weight of the world.
3346,2681,8,24,104,136,1.2941176470588236,0.04908492380527736,650,I think I have figured out what has been weighing you down.
4762,2681,7,26,103,136,1.2941176470588236,0.04796245701688192,650,Take a load off  Mary
5886,2681,12,26,132,170,1.2941176470588236,0.04542950370320773,650,"George, relax, take a load off."
2064,2681,6,23,90,119,1.2941176470588236,0.0511273578364635,650,"Sorry, typically, we don’t measure dread in Kilos."
5825,2681,8,24,104,136,1.2941176470588236,0.04908492380527736,650,Well I see that you’ve gotten that weight off your shoulders so now what would you like to get off your chest today?
5746,2681,8,24,104,136,1.2941176470588236,0.04908492380527736,650,"Strange, usually the weight of the world is on your shoulders."
5927,2681,4,37,112,153,1.2941176470588236,0.04135055832744927,650,"Please, Mr. Scheinblum, stop groaning about the mass. We all know it's the gravity that's crushing you."
1431,2696,9,29,122,160,1.29375,0.04485903409851324,650,Of course your feet are still cold!
1049,2697,11,20,112,143,1.2937062937062938,0.050440947246089815,650,"Doc, I don't know why I am here. I am not under any stress."
5157,2697,7,28,108,143,1.2937062937062938,0.046371509940098726,650,"So, you want to get something off your chest."
961,2697,8,26,109,143,1.2937062937062938,0.04742161944054853,650,Can you describe what is weighting you down?
3745,2697,8,26,109,143,1.2937062937062938,0.04742161944054853,650,If you pick it up -it's actually a cow bell.
524,2697,5,32,106,143,1.2937062937062938,0.044196502368916084,650,I sense that you're trying to tell me something.
4402,2697,5,32,106,143,1.2937062937062938,0.044196502368916084,650,"Remember, you can bare your soul here without having to feel any pressure."
2698,2703,6,25,95,126,1.2936507936507937,0.049206349206349205,650,I see you have a pressing problem.
3136,2703,8,21,97,126,1.2936507936507937,0.0517226551540564,650,Is this about not paying you for last week’s session?
5641,2705,8,28,114,150,1.2933333333333332,0.04590298754409703,650,I don't think it's your spouse that's weighing you down.
4606,2705,6,32,112,150,1.2933333333333332,0.043910287499031204,650,Did your mother-in-law visit you again this weekend?
4512,2705,7,30,113,150,1.2933333333333332,0.04491768924221895,650,Perhaps you misunderstood... I mentioned a weighted BLANKET could be helpful.
2487,2705,7,30,113,150,1.2933333333333332,0.04491768924221895,650,You can't continue to carry the weight of the world.
5152,2709,6,27,100,133,1.2932330827067668,0.04747192199022139,650,"No, no, no - What's weighing on your MIND?"
3743,2709,7,25,101,133,1.2932330827067668,0.048657009197015086,650,You seem overwrought.
3476,2709,6,27,100,133,1.2932330827067668,0.04747192199022139,650,'Visualization' is the first step.
5291,2709,10,19,104,133,1.2932330827067668,0.05205062961825387,650,The original Weight Watchers program
3722,2709,6,27,100,133,1.2932330827067668,0.04747192199022139,650,"Well, it's not the weight of the world, but it's close."
1481,2709,4,31,98,133,1.2932330827067668,0.04500823307285206,650,"Well, now that we've taken the weight off your mind, maybe we should find another place for it."
5994,2709,9,21,103,133,1.2932330827067668,0.05094454707919094,650,"I know you want to be seen as a Fun Guy, but I wonder if you need to create some boundaries for your cowbell."
5494,2709,8,23,102,133,1.2932330827067668,0.04981391081365883,650,"It could be worse, Dale. Some people are carrying the weight of the world."
6494,2709,8,23,102,133,1.2932330827067668,0.04981391081365883,650,"No, not figuratively."
1696,2709,10,19,104,133,1.2932330827067668,0.05205062961825387,650,I see you are under a lot of pressure. Do you have any idea why?
4914,2719,9,28,120,157,1.2929936305732483,0.045418145909484696,650,"So, you had the blues and decided to try out heavy metal to feel better, but now it's weighing heavily on you?"
7433,2720,7,27,106,140,1.292857142857143,0.04700312531585776,650,As if you're my first hypochondriac method actor complaining of chest pain.
5243,2720,9,23,108,140,1.292857142857143,0.049141058548792416,650,"Part of me wants me to help you, the other part wants me to get my nails done."""
4771,2720,6,29,105,140,1.292857142857143,0.04589682850197191,650,"So, Mr. Smith, just what is it you need to get off your chest?"
4098,2720,8,25,107,140,1.292857142857143,0.048083975629902284,650,"Yes, this might be a weighty issue"
1787,2720,7,27,106,140,1.292857142857143,0.04700312531585776,650,The weighted blanket does take some getting used to
1512,2720,11,19,110,140,1.292857142857143,0.051189779069004196,650,"You think YOU'RE under pressure, Henry?"
1456,2720,5,31,104,140,1.292857142857143,0.04476319854099585,650,"Remind me, how did you get that thing in here?"
1021,2727,8,20,95,123,1.2926829268292683,0.05256541061685997,650,The ad said it makes that stubborn belly fat disappear.
7427,2727,8,20,95,123,1.2926829268292683,0.05256541061685997,650,And does that weigh heavily on you?
7097,2727,6,24,93,123,1.2926829268292683,0.04996561168113014,650,You will stay and listen.
7087,2727,5,26,92,123,1.2926829268292683,0.048613602307838545,650,I do better with metaphorical weight.
6016,2727,7,22,94,123,1.2926829268292683,0.051281988767931885,650,Close your eyes and try to envision a gigantic crane swiftly rumbling this way...
4629,2727,6,24,93,123,1.2926829268292683,0.04996561168113014,650,I'm glad you want to stop running away from your problems but this is a bit extreme.
2149,2733,5,33,109,147,1.2925170068027212,0.043398284356141514,650,"No, your childhood isn't the problem."
940,2733,10,23,114,147,1.2925170068027212,0.04847010300829041,650,I told you to SIT down and take the weight off.
1672,2735,6,19,81,106,1.2924528301886793,0.05521660546241176,650,I'm wondering if we should have gone with the drum therapy instead.
84,2736,7,24,99,130,1.2923076923076924,0.04938036306014327,650,"No matter what your crane operator says, you can't bring your work home with you."
1641,2736,7,24,99,130,1.2923076923076924,0.04938036306014327,650,I’m glad I came to talk to you. It will be a relief to finally get this off my chest.
6479,2736,7,24,99,130,1.2923076923076924,0.04938036306014327,650,Could you just lighten up?
6107,2736,3,32,95,130,1.2923076923076924,0.04428744651076768,650,"Yes,yes, yes,... There is a weight hanging over you.  But if we could start again with your childhood...?"
1097,2736,6,26,98,130,1.2923076923076924,0.04815765434045453,650,Tell me about the pressure you feel.
3992,2736,8,22,100,130,1.2923076923076924,0.05057351916100387,650,I really don’t think hypnosis is going to help you lose the weight
639,2736,11,16,103,130,1.2923076923076924,0.05399502378422493,650,"It's a nice belt buckle, Mr. Brown - but do you see how it might be making you depressed?"
4898,2743,9,27,118,154,1.2922077922077921,0.04599698166169869,650,"Puts those feelings about your mother into perspective, doesn't it?"
6939,2744,7,26,104,137,1.2919708029197081,0.04765945636245658,650,Let’s explore what you were saying earlier about a tightness in your chest.
6185,2744,5,30,102,137,1.2919708029197081,0.045351288480630324,650,Let's try to refocus on something less heavy.
5227,2744,4,32,101,137,1.2919708029197081,0.04415197798397687,650,When you said you had something to get off your chest . . .
2971,2744,5,30,102,137,1.2919708029197081,0.045351288480630324,650,"Please, just get it all off your chest!"
473,2744,6,28,103,137,1.2919708029197081,0.04651969017318503,650,Are you sure it's not just a metaphorical weight?
1855,2744,9,22,106,137,1.2919708029197081,0.04986088842646562,650,"Bernie, what would you like to get off your chest this week?"
503,2744,10,20,107,137,1.2919708029197081,0.05092593054262463,650,I don't normally say this: it's your mother's fault.
5036,2744,9,22,106,137,1.2919708029197081,0.04986088842646562,650,Looks like you’ve been under a lot more pressure since our last session.
7505,2752,8,26,110,144,1.2916666666666667,0.04713530096155743,650,"After an hour long assessment and diagnostic testing, I can safely conclude you are under a great deal of pressure."
7275,2752,12,18,114,144,1.2916666666666667,0.051090478420513785,650,"I’m sorry, but this is the only treatment if it lasts longer than four hours."
5814,2752,9,24,111,144,1.2916666666666667,0.0481545604679525,650,"No, you don't have the weight of the world on you.  It's only about 3 tons."
5628,2752,8,26,110,144,1.2916666666666667,0.04713530096155743,650,"First, can I get you anything? Coffee? Tea? Some helium?"""
4251,2752,6,23,91,120,1.2916666666666667,0.05075871595662061,650,"So tell me, what’s weighing on you this week?"
3360,2752,10,22,112,144,1.2916666666666667,0.04915268854281311,650,I understand; but when you said the weight of the world I just didn’t take it literally.
2760,2752,9,24,111,144,1.2916666666666667,0.0481545604679525,650,It’s not like you’re carrying the weight of the entire world .
1941,2752,10,15,95,120,1.2916666666666667,0.056005993743533794,650,The label said if my erection lasted longer than 5 hours I should see a doctor.
1500,2752,5,25,90,120,1.2916666666666667,0.04935981384847322,650,"I kinda fell for her. Hook, line and sinker."
1221,2752,5,32,107,144,1.2916666666666667,0.04393587720031666,650,I think we should increase our sessions to 3 times a week.
984,2752,7,28,109,144,1.2916666666666667,0.0460935082154906,650,"You can choose to see it as real, or a manifestation of your self-aggrandizing ideation."
132,2752,8,26,110,144,1.2916666666666667,0.04713530096155743,650,"Yes, that’s very interesting, but maybe the real weight is your relationship with your mother."
2852,2752,9,24,111,144,1.2916666666666667,0.0481545604679525,650,They say it’s less invasive than a tummy tuck.
6363,2752,7,28,109,144,1.2916666666666667,0.0460935082154906,650,At least now we've gotten to the point where it's off your shoulders.
3773,2766,7,30,114,151,1.2913907284768211,0.044661497483675136,650,That's just my fee.
3726,2766,10,24,117,151,1.2913907284768211,0.04753472435742082,650,"Apparently, you have a lot weighing on you."
1298,2766,5,34,112,151,1.2913907284768211,0.04263858482622537,650,"For your anxiety, a weighted blanket just wouldn’t help you."
1189,2766,7,30,114,151,1.2913907284768211,0.044661497483675136,650,The shape is not the problem.
6045,2770,9,19,99,127,1.2913385826771653,0.052568375458033396,650,When did you start to feel this sense of impending doom?
1468,2770,3,31,93,127,1.2913385826771653,0.044872350468629155,650,Did you prefer the ball and chain?
4656,2770,7,23,97,127,1.2913385826771653,0.05013447261506803,650,"It's Winter, dear, we all feel a little flat."
24,2773,11,24,123,158,1.2911392405063291,0.04691893601896628,650,"Im so glad I was finally able to get an appointment, there is something I really would like to get off my chest..."
5869,2773,9,28,121,158,1.2911392405063291,0.045167856347019135,650,Let's start today's session by discussing your feelings of anger and jealousy toward your brother Damocles.
5965,2775,7,25,102,134,1.291044776119403,0.04834208664303101,650,"I usually tell my patients intense pressure is all in your mind. However, in your case..."
6263,2775,8,23,103,134,1.291044776119403,0.049489172468696274,650,Do you have something to get off your chest?
4406,2775,9,21,104,134,1.291044776119403,0.05061026617466473,650,Why do YOU think that your pregnant wife asked you to undergo this therapy?
4948,2775,5,29,100,134,1.291044776119403,0.04596211091468952,650,"No, this isn't hypnosis. There actually is a ton of weight on your chest."
4465,2775,8,23,103,134,1.291044776119403,0.049489172468696274,650,"Mind you, some things are all in the mind."
7528,2775,7,25,102,134,1.291044776119403,0.04834208664303101,650,And you still maintain that you don't bring this on yourself?
7397,2775,6,27,101,134,1.291044776119403,0.047167112381067695,650,"Your insurance covers the appointment, but the thousand dollars for the crane to lift the weight is out-of-pocket."
3036,2775,5,29,100,134,1.291044776119403,0.04596211091468952,650,Just five more minutes and your clothes will be perfectly pressed.
1728,2775,9,21,104,134,1.291044776119403,0.05061026617466473,650,That should straighten you out.
3245,2775,8,23,103,134,1.291044776119403,0.049489172468696274,650,Thank you for listening. I just need to get something off my chest.
169,2785,8,25,108,141,1.2907801418439717,0.04778689511467523,650,I'd be happy to resume treatment as soon as you pay your outstanding balance.
657,2785,5,31,105,141,1.2907801418439717,0.04449310032937485,650,And how long have you had this feeling?
1659,2785,8,25,108,141,1.2907801418439717,0.04778689511467523,650,Now isn’t that a weight off your shoulders?
3866,2785,6,29,106,141,1.2907801418439717,0.04561746485189126,650,Have you considered diet and exercise?
447,2785,8,25,108,141,1.2907801418439717,0.04778689511467523,650,Now...take a deep breath!
4028,2785,9,23,109,141,1.2907801418439717,0.04883548369059827,650,Good things come to those who weight.
5674,2785,9,23,109,141,1.2907801418439717,0.04883548369059827,650,Tell me again how you can't get up some mornings.
5603,2792,4,26,87,117,1.2905982905982907,0.04864783658191751,650,Therapy will force you to confront the burdens you've carried since childhood
4,2793,5,33,110,148,1.2905405405405406,0.04314934533446183,650,No one said marriage was easy.
3351,2793,11,21,116,148,1.2905405405405406,0.049126754247925356,650,Marie Kondo says only keep soul-crushing weights that bring us joy.
1267,2793,6,31,111,148,1.2905405405405406,0.04420174958245293,650,You seem to be dealing with some rather weighty issues.
1518,2793,8,27,113,148,1.2905405405405406,0.046234748759610964,650,"Perhaps you should have started with a smaller cowbell."""
2351,2793,9,25,114,148,1.2905405405405406,0.04721843555457532,650,"""It's clear, Mr. Jones, that you can't run away from your problems."
6680,2793,6,31,111,148,1.2905405405405406,0.04420174958245293,650,"Well, at least it's off my shoulders."
1479,2799,8,20,96,124,1.2903225806451613,0.05219317136573615,650,Many people find the weighted blanket comforting.
1384,2799,9,18,97,124,1.2903225806451613,0.05343460939105479,650,"For next week, think about what you could have done better, putting the handle on the side or using styrofoam perhaps."
5183,2799,7,31,117,155,1.2903225806451613,0.04386801044765344,650,"It's not there Mister Collins. It's just your imagination.
But I'd be happy to call an imaginary crane to come and remove it!"
4495,2799,6,24,94,124,1.2903225806451613,0.04961719913588533,650,You never have anything on your mind.
3171,2799,3,30,91,124,1.2903225806451613,0.045480494933604225,650,"I've called it ""Mother"""
3072,2799,5,35,115,155,1.2903225806451613,0.04191453184174533,650,It sparks joy for me. Does it spark joy for you?
3634,2799,4,28,92,124,1.2903225806451613,0.04689995482905181,650,"Honestly Honey, I don't think this is the best way to deal with my reaction to Viagra..."
6802,2806,6,35,121,162,1.2901234567901234,0.04170481232076497,650,"So, you said you had something to get off your chest?"
3296,2807,9,20,102,131,1.2900763358778626,0.05139115723053826,650,"Now carry that around, with a smile, to understand how your wife feels."
6986,2807,9,20,102,131,1.2900763358778626,0.05139115723053826,650,"So, how long have you had issues with bed-weighting?"
4879,2807,5,28,98,131,1.2900763358778626,0.04659712215479302,650,"I'm sorry, but that's not the kind of heavy baggage I'm qualified to help you with."
4065,2807,5,28,98,131,1.2900763358778626,0.04659712215479302,650,Yes but we agreed the weighted blanket wasn't helping your anxiety.
1652,2807,5,28,98,131,1.2900763358778626,0.04659712215479302,650,"Doesn't it feel better, now that the weight is off of your shoulders?"
409,2807,7,24,100,131,1.2900763358778626,0.04905274118029801,650,I recommend a course of crane-based therapy.
3995,2807,7,24,100,131,1.2900763358778626,0.04905274118029801,650,"Mr Weaver, it looks like you need to get something off your chest."
5968,2807,6,26,99,131,1.2900763358778626,0.04784068984875744,650,I should have believed you when you said you'd put on weight.
4086,2807,6,26,99,131,1.2900763358778626,0.04784068984875744,650,Have you thought about losing some weight?
5658,2807,8,22,101,131,1.2900763358778626,0.050235557420990215,650,Some things I can’t shrink.
7042,2817,10,20,108,138,1.289855072463768,0.05059980710723713,650,I'm weary of the Monty Python sight gags.
6284,2817,10,20,108,138,1.289855072463768,0.05059980710723713,650,Think positive. It's not the weight of the world.
5457,2817,5,30,103,138,1.289855072463768,0.04507114226758212,650,It's not that I don't support you. I think that there must be simpler ways to quit smoking.
4369,2817,8,24,106,138,1.289855072463768,0.04846408395601442,650,"No don't get up, I'll see who's at the door"
3117,2817,8,24,106,138,1.289855072463768,0.04846408395601442,650,"Well, I could say the pressure you're feeling is all in your mind...but fuck that."
2918,2817,6,28,104,138,1.289855072463768,0.04622979978435579,650,"It's always Me, Me, Me... you gotta get over that, Bud."
2582,2817,10,20,108,138,1.289855072463768,0.05059980710723713,650,And so tell me for how long you believed Trump?
803,2817,10,20,108,138,1.289855072463768,0.05059980710723713,650,"Lighten up, Mr Smith."
149,2817,8,24,106,138,1.289855072463768,0.04846408395601442,650,"Don't make me get the puppets, too!"
3402,2817,8,24,106,138,1.289855072463768,0.04846408395601442,650,"So when you say that you have a tons of things pressuring you, are you speaking literally or metaphorically?"
7234,2817,3,34,101,138,1.289855072463768,0.04265952202862376,650,"So, what I'm hearing is you have a lot on your mind."
5474,2817,6,28,104,138,1.289855072463768,0.04622979978435579,650,What happened to the elephant?
276,2817,10,20,108,138,1.289855072463768,0.05059980710723713,650,"Doctor, your ad specifically said clients would leave your office feeling like the weight had been lifted."
2346,2830,5,21,81,107,1.2897196261682242,0.05313209848747781,650,"You say, 'It's the weight of the world' -- but it's not really that bad, is it?"
5699,2831,9,24,112,145,1.289655172413793,0.04786359267507359,650,It's in your head.
628,2831,8,26,111,145,1.289655172413793,0.046852300510778884,650,Maybe you're just imagining the pressure.
3291,2831,9,24,112,145,1.289655172413793,0.04786359267507359,650,"If it lasts more than six hours, you should see the doctor."
4490,2831,8,26,111,145,1.289655172413793,0.046852300510778884,650,"Our time is up for today, but please remember for next week, it’s not necessary to bring props to communicate how you’re feeling."
4189,2831,6,30,109,145,1.289655172413793,0.04476122408878334,650,"OK, so that explains part of your problem."
5815,2831,7,28,110,145,1.289655172413793,0.04581869293791896,650,Why do you think you feel that way?
1626,2837,8,17,89,114,1.2894736842105263,0.055337224229496766,650,"If this works, I’m selling the elliptical."
282,2837,8,17,89,114,1.2894736842105263,0.055337224229496766,650,"...so let's explore this fear you have of the ACME company."""
5999,2837,6,21,87,114,1.2894736842105263,0.05245662584627077,650,I think you have always had a weight problem
6064,2837,9,26,117,152,1.2894736842105263,0.046328779191793075,650,I have serious doubts about this latest Weight Watchers fad.
3772,2837,8,28,116,152,1.2894736842105263,0.04537860074596002,650,Let's call Dr. Crane to lift the weight off your chest.
1676,2842,8,30,121,159,1.2893081761006289,0.0440251572327044,650,I think you just need a firmer mattress.
2622,2842,8,30,121,159,1.2893081761006289,0.0440251572327044,650,",,,and this weighty feeling...what do think that might be?"
4291,2844,6,23,92,121,1.2892561983471074,0.05039515550327353,650,"Tell me John, what's weighing you down?"
3280,2845,5,38,123,166,1.2891566265060241,0.04013507766085721,650,"There may be a reason that you feel like there is a 1,000 pound weight on your chest."
6938,2846,9,19,100,128,1.2890625,0.05220570843178142,650,I’m beginning to think that buying this giant panatonne on sale might not have been such a great deal.
7258,2846,5,27,96,128,1.2890625,0.047257909482034906,650,I can see you're feeling weighed down.
7065,2846,8,21,99,128,1.2890625,0.051013767718148216,650,Have you been diagnosed for clinical compression?
444,2846,8,21,99,128,1.2890625,0.051013767718148216,650,You need to unburden yourself.
7420,2850,6,27,102,135,1.288888888888889,0.0468660354734897,650,Do you always feel this way around Passover?
5749,2850,10,19,106,135,1.288888888888889,0.0513678747765232,650,You seem immobilized by the weight of  your subconscious guilt
3945,2850,6,27,102,135,1.288888888888889,0.0468660354734897,650,"So, Mr. Slimowitz, why do you feel that you are depressed?"
2593,2850,10,19,106,135,1.288888888888889,0.0513678747765232,650,Dr I really need to get something off my chest.
2674,2850,5,29,101,135,1.288888888888889,0.04567129253140151,650,Now...just breath.
5187,2850,5,29,101,135,1.288888888888889,0.04567129253140151,650,EVERYTHING is literal with you millennials!
2051,2850,3,33,99,135,1.288888888888889,0.04318275491977978,650,I call it 'something to really complain about' therapy.
666,2850,9,21,105,135,1.288888888888889,0.05028021717875754,650,I get it. You do crossfit.
5775,2858,9,23,110,142,1.2887323943661972,0.048533571198323196,650,"Well, it isn't exactly the weight of the world."
128,2858,5,31,106,142,1.2887323943661972,0.044226090148175225,650,"It replicates the smothering weight of a domineering mother. By the way, it'd be nice if you'd phone your father and me every once in a while."""
4556,2858,9,23,110,142,1.2887323943661972,0.048533571198323196,650,It's a process.
7244,2858,7,27,108,142,1.2887323943661972,0.04642981037575552,650,The fakir did it on a bed of nails.  Stop complaining.
3707,2858,3,35,104,142,1.2887323943661972,0.041906643960837875,650,"Like the weight of the world? No, not that bad...but I think you’re on to something."
631,2863,11,21,117,149,1.2885906040268456,0.04883487580237039,650,"OK, that's very impressive. We can rule out E.D. as your problem."
5113,2863,8,27,114,149,1.2885906040268456,0.045964779232922755,650,I don’t feel your pain.
5262,2863,9,25,115,149,1.2885906040268456,0.04694098051275167,650,"Didn't I say, ""Too much cowbell!""?"
4184,2863,6,31,112,149,1.2885906040268456,0.043947371784862375,650,"Doctor, I am afraid of flying."
7545,2863,10,23,116,149,1.2885906040268456,0.0478972898300701,650,Patience.  It's the latest cure for hiccups.
5842,2868,12,21,123,156,1.2884615384615385,0.04813272196186993,650,How’s that Viagara working?
3777,2869,7,33,123,163,1.2883435582822085,0.0423893709912522,650,Unfortunately just talking about it won't get the weight off your chest.
4608,2870,10,14,94,118,1.2881355932203389,0.05658402711433219,650,You need to lose some weight.
1910,2871,3,30,92,125,1.288,0.04517492881619613,650,"While you may consider that the weight of the world, let me assure you, you have no idea."
7151,2871,9,18,98,125,1.288,0.05305626958178915,650,"Finally, something that calms Carl during a thunderstorm."
845,2871,5,26,94,125,1.288,0.047946206415913864,650,You seem to have a lot weighing on you today.
2696,2874,9,20,103,132,1.2878787878787878,0.051047667271198825,650,So you’re another day older and deeper in debt?
713,2874,8,22,102,132,1.2878787878787878,0.04990194297647228,650,You said that you have a 2000 pound weight absolutely jackknifing straight into your nuts. Can we explore that?
4130,2874,7,24,101,132,1.2878787878787878,0.04872928782388635,650,"I can't promise,but most people feel much better when they get these things off their chest."
3521,2874,9,20,103,132,1.2878787878787878,0.051047667271198825,650,"Today, let's see if you can express yourself without blocking."
6176,2874,6,26,100,132,1.2878787878787878,0.04752770845327204,650,Could you move a little to the left?....You're blocking the TV!
464,2879,9,22,108,139,1.2877697841726619,0.049229920380137036,650,"Yes-yes, I understand that you've been dying to get this off your chest for a long time, but we are about to have a breakthrough."""
1068,2879,9,22,108,139,1.2877697841726619,0.049229920380137036,650,"Let's be positive, we got the load off your shoulders."
4020,2879,9,22,108,139,1.2877697841726619,0.049229920380137036,650,Is there anything in particular weighing heavily on you today?
4609,2879,11,18,110,139,1.2877697841726619,0.051304131312646314,650,I’m not sure this is the best way to work on your core issues.
448,2879,7,26,106,139,1.2877697841726619,0.04706438389614813,650,"When I said I can help get that weight off your chest, I meant figuratively."
3008,2879,7,26,106,139,1.2877697841726619,0.04706438389614813,650,"Well, that sure is a weight off My chest!"
25,2879,7,26,106,139,1.2877697841726619,0.04706438389614813,650,"So once you clarify for me whether or not you ARE the inventor of the mammogram, I think we can help you."
1195,2879,6,28,105,139,1.2877697841726619,0.04594335443748851,650,I sense that you’re under a lot of pressure right now...
1148,2887,4,34,108,146,1.2876712328767124,0.042321512846945075,650,I think now that we've finally identified the source of the crushing weight you've been experiencing we can move ahead towards finding a solution.
4107,2887,5,32,109,146,1.2876712328767124,0.0434233089589416,650,Have you considered not taking this lying down?
4511,2887,9,24,113,146,1.2876712328767124,0.04757601292775532,650,I don't know about the weight of the world but you do have a pyramid of cement on your chest.
6607,2887,7,28,111,146,1.2876712328767124,0.04554701289352375,650,Can’t you see I’m pressed for time.”
7430,2887,10,22,114,146,1.2876712328767124,0.04855873059905398,650,Sometimes our problems actually ARE self imposed
3993,2887,7,28,111,146,1.2876712328767124,0.04554701289352375,650,That weight is about a foot too short for you.
6741,2887,7,28,111,146,1.2876712328767124,0.04554701289352375,650,Don't you want to get that off your chest?
46,2887,8,26,112,146,1.2876712328767124,0.04657256375606114,650,Most people who want to exercise begin with smaller weights.
2032,2887,7,28,111,146,1.2876712328767124,0.04554701289352375,650,Let’s talk about feelings.
3281,2896,7,32,121,160,1.2875,0.04287936493357752,650,"Yes, I know. But how much do you think it weighs?"
7124,2897,10,28,129,167,1.2874251497005988,0.044218271046593614,650,"So you pulled into Nazareth with Fanny, Miss Moses, ol’ Luke, Anna Lee and Crazy Chester. Then you saw Carmen and the Devil walking side by side. What happened next?"
1166,2898,6,21,88,115,1.2869565217391303,0.05205937083496271,650,At least you stopped sleeping on your stomach.
5164,2898,9,15,91,115,1.2869565217391303,0.056283603257274904,650,"You couldn't carry that weight up 30 flights of stairs, or get it through the door, and there isn't a crane in the city that can reach this floor.This cartoon is ridiculous - and where is the rest of my face."
1385,2898,7,19,89,115,1.2869565217391303,0.05350451750113149,650,Do you still think you have a super powered penis?
4567,2898,5,23,87,115,1.2869565217391303,0.05057294524185284,650,"I assure you, the weight of the world would be much greater..."
3218,2902,6,23,93,122,1.2868852459016393,0.05003657813472293,650,Let's first see how psychoanalysis could help you lose weight before we consider your fear of cranes.
3665,2902,10,15,97,122,1.2868852459016393,0.055186874698317505,650,Why don’t you get off your chest what’s bothering you?
7220,2904,9,19,101,129,1.2868217054263567,0.051847876828185056,650,You got on the wrong line.  This is express-lane therapy; only fifteen pounds of mommy issues or less.
6376,2904,5,27,97,129,1.2868217054263567,0.046943649278253195,650,Your problem is that you never look at the lighter side of life.
1935,2904,8,21,100,129,1.2868217054263567,0.050666342877524695,650,"Happiness is a choice, we have talked about that before."
440,2904,10,17,102,129,1.2868217054263567,0.05300307880301296,650,It's required until you meet your deductible.
209,2904,8,21,100,129,1.2868217054263567,0.050666342877524695,650,You seem to be going through some pretty heavy stuff these days.
4018,2904,8,21,100,129,1.2868217054263567,0.050666342877524695,650,"You lack subtlety, George."
2,2904,11,15,103,129,1.2868217054263567,0.05413363458706752,650,Tell me about the kind of pressure you feel.
634,2904,11,15,103,129,1.2868217054263567,0.05413363458706752,650,"So, to re-cap, the weight of the world is no longer on your shoulders."
262,2912,5,29,102,136,1.286764705882353,0.04538396854390949,650,I just cannot lose the weight.
6504,2912,4,31,101,136,1.286764705882353,0.044167546218019944,650,Shall we discuss what's weighing on you...?
5950,2912,11,17,108,136,1.286764705882353,0.05208934029181399,650,"This is is just the 1st week of simulated pregnancy, darling. The magnet guy will take the weight off your shoulders in 39 weeks."
2209,2915,7,27,109,143,1.2867132867132867,0.046148174993094856,650,My wife told me that going to a therapist would lift the weight off my chest.
2875,2915,9,23,111,143,1.2867132867132867,0.04823525855297528,650,"Weight, Weight - - don't tell me."
3037,2915,5,31,107,143,1.2867132867132867,0.043962119406532656,650,You’ve put on some serious weight.
5974,2915,5,31,107,143,1.2867132867132867,0.043962119406532656,650,"Okay, so it’s not about your mother. Let’s move on."
7094,2915,8,25,110,143,1.2867132867132867,0.047203253186966256,650,"So, what were you doing before this happened?"
7264,2915,8,25,110,143,1.2867132867132867,0.047203253186966256,650,I see what you mean...
2303,2915,9,23,111,143,1.2867132867132867,0.04823525855297528,650,What do you gain by pretending to be grossly under weight?
1654,2915,7,27,109,143,1.2867132867132867,0.046148174993094856,650,Quit acting like the weight of the world is upon you.
1919,2915,8,25,110,143,1.2867132867132867,0.047203253186966256,650,"When you finally pay your therapist bill, it will literally feel like a great weight has been lifted from you."""
6610,2924,12,19,119,150,1.2866666666666666,0.04945941926081123,650,Wait weight don’t tell
6536,2924,7,29,114,150,1.2866666666666666,0.04470801785532241,650,"Well, let's see if we can get that troubled childhood off your chest."
6396,2924,5,33,112,150,1.2866666666666666,0.042659535198193106,650,I just feel like there is something you have to get off your chest
3795,2924,9,25,116,150,1.2866666666666666,0.046666666666666676,650,I sense there is something weighing on you this week.
454,2924,7,29,114,150,1.2866666666666666,0.04470801785532241,650,"Honey, I have something I need to get off my chest."
6068,2929,6,33,118,157,1.286624203821656,0.042434254624546065,650,"You don't have the weight of the world on you, Ervin. It's only a couple of tons."
6423,2929,7,31,119,157,1.286624203821656,0.04338577281631521,650,"If I may paraphrase: If the only tool you have is a crane, then everything looks like a load."
6430,2929,7,31,119,157,1.286624203821656,0.04338577281631521,650,This is better than planking and releases more endorphins which will help with our talk therapy.
168,2929,6,33,118,157,1.286624203821656,0.042434254624546065,650,"I charge by lbs. not minutes, just to let you know upfront!"
4623,2929,7,31,119,157,1.286624203821656,0.04338577281631521,650,"Yes, it’s heavy stuff"
3724,2934,8,20,98,126,1.2857142857142858,0.05146383270897637,650,"A simple ""I finally understand how you feel"" will suffice."
3654,2934,11,18,111,140,1.2857142857142858,0.050977812199635285,650,"You seem to have made some real progress with your albatross, wouldn't you agree?"
3414,2934,7,22,97,126,1.2857142857142858,0.05021495743414883,650,"We'll have to cut this session short, Herald. I've got another client with something really weighing on him."
3212,2934,5,30,105,140,1.2857142857142858,0.0445206446398571,650,Feel secure yet?
3208,2934,5,30,105,140,1.2857142857142858,0.0445206446398571,650,When you said you have problems by the ton I thought I knew what you meant.
3173,2934,7,24,102,133,1.2857142857142858,0.04840992811927757,650,I had my doubts when you said you were under weight.
4481,2934,8,22,103,133,1.2857142857142858,0.049572596331706964,650,"so, what's your problem?"
2925,2934,8,18,93,119,1.2857142857142858,0.05356252596587122,650,I guess the salesman wasn't kidding; the mattress can hold a ton.
7193,2934,8,24,108,140,1.2857142857142858,0.04785825496092456,650,"So tell me, what is this great weight you say you’re carrying around?"
4605,2934,6,30,111,147,1.2857142857142858,0.04423739552038088,650,"I'm probably overthinking this, but . . ."
4795,2934,7,24,102,133,1.2857142857142858,0.04840992811927757,650,"Not to be Freudian, but what exactly are you covering up?"
5165,2934,7,20,92,119,1.2857142857142858,0.05221603522431953,650,It’s complicated.
5207,2934,5,22,85,112,1.2857142857142858,0.05140962041797722,650,So you're saying it's not as bad as a ton of bricks?
2297,2934,9,18,99,126,1.2857142857142858,0.05268311118453079,650,Let's recap: I hear you saying that you feel like you are under a lot of pressure.
7145,2934,10,24,120,154,1.2857142857142858,0.04671928144055204,650,"Um, I recommended Advil."
5895,2934,4,30,99,133,1.2857142857142858,0.04474100625662531,650,Have you tried to just...lighten up?
4047,2934,6,26,101,133,1.2857142857142858,0.047218640111304305,650,it's a change from baggage
2721,2934,5,28,100,133,1.2857142857142858,0.04599650864368002,650,Why don't you bring me up to date.
780,2934,7,24,102,133,1.2857142857142858,0.04840992811927757,650,"Before we start, I want to compliment you on how well you wear your weight."
7497,2934,6,28,106,140,1.2857142857142858,0.04566029699933242,650,Have you thought about how the weight feels?
2470,2934,10,20,110,140,1.2857142857142858,0.04995960782214444,650,You can get it off your chest when I've had my say.
5864,2934,9,22,109,140,1.2857142857142858,0.0489202155639534,650,This weight your feeling is clearly just a metaphor for your relationship with your mother. Same time next week?
2575,2934,9,18,99,126,1.2857142857142858,0.05268311118453079,650,"Yes, we've established that. But let's slow down and unpack it. How does the crushing thousand-pound weight make you feel?"
302,2934,10,22,115,147,1.2857142857142858,0.04826695559996328,650,"In my profession, I often deal with clients who are weighed down by a variety issues - responsibilities at work, financial stress, a troubled marriage.  But you Tim, you're weighed down by a BIG, DAMN WEIGHT."
438,2934,6,24,96,126,1.2857142857142858,0.048934219347295735,650,"By the end of this session, you should feel as if a great weight has been lifted."
3656,2934,10,18,105,133,1.2857142857142858,0.051819732150715114,650,"Frankly, I think your obsession with cartoon violence has gotten worse."
6065,2934,6,28,106,140,1.2857142857142858,0.04566029699933242,650,Why don’t you sit down and take a load off?
939,2934,8,24,108,140,1.2857142857142858,0.04785825496092456,650,Take a load off...
1273,2934,10,14,95,119,1.2857142857142858,0.05615873836224538,650,So when did you switch from being a Republican to being a Democrat?
1905,2934,5,28,100,133,1.2857142857142858,0.04599650864368002,650,I am really grateful Doc that you could see me on such short notice because I really need to get the load off my chest!
642,2934,9,24,114,147,1.2857142857142858,0.04729176506299245,650,"Just so you know, most of my patients have been feeling this way the past two years."
7118,2934,11,22,121,154,1.2857142857142858,0.047619047619047616,650,Stop complaining! It's only a metaphor!
2560,2966,9,27,122,158,1.2848101265822784,0.044978223252496785,650,The time Mom decided to do something about Dad's beer gut once and for all.
2675,2966,9,27,122,158,1.2848101265822784,0.044978223252496785,650,You need to get it off your chest.
1152,2968,8,27,116,151,1.2847682119205297,0.04543387446247395,650,"So, you do feel now like a great weight has been taken off your shoulders?"
2162,2969,7,27,110,144,1.2847222222222223,0.04586981430588673,650,"‘Maybe you should take this to a therapist, Doug.’"
7020,2969,7,27,110,144,1.2847222222222223,0.04586981430588673,650,You have to lighten up!
7386,2969,9,23,112,144,1.2847222222222223,0.04794048454810115,650,"And when we lift it off, you will float right up to the ceiling!"
6929,2969,9,23,112,144,1.2847222222222223,0.04794048454810115,650,"I'm not sure that you get the ""Flat Earthers"" concept, Mr. Smith"
4332,2973,7,25,105,137,1.2846715328467153,0.047420477725974734,650,"I don't know why, but I'm having trouble getting this thing off my chest."
3904,2973,8,23,106,137,1.2846715328467153,0.04853909676452005,650,I can see you're struggling with some burden today. Why don't you tell me about your mother?
1320,2973,4,31,102,137,1.2846715328467153,0.04389390717277673,650,"Well, the good news is we’ve at least finally gotten the huge weight off your shoulders."
6301,2973,11,17,109,137,1.2846715328467153,0.05175007763842259,650,So you've not had much success with Weight Watchers?
5498,2977,6,25,99,130,1.2846153846153847,0.04789500465636723,650,Sisyphus at home.
7589,2977,8,21,101,130,1.2846153846153847,0.050323480004737006,650,"Ok, ‘crushed by my problems’ was melodramatic. Can you take it off now?"
4625,2977,4,29,97,130,1.2846153846153847,0.045336633115833726,650,I agree.  It does take the weight off your shoulders.
5340,2977,6,25,99,130,1.2846153846153847,0.04789500465636723,650,Nothing a little meditation can't fix.
34,2977,6,25,99,130,1.2846153846153847,0.04789500465636723,650,This will be your last appointment.
6398,2982,9,17,97,123,1.2845528455284554,0.05355585310688398,650,"Enough about the ""elephant"" in the room. Let's call it what it is."
5614,2982,6,23,94,123,1.2845528455284554,0.049682887778708315,650,"I get the message, but papier mache would have worked just as well."
13,2982,9,17,97,123,1.2845528455284554,0.05355585310688398,650,"I didn't want to say anything, but you've put on a little weight since the last time I saw you, haven't you?"
6995,2982,5,25,93,123,1.2845528455284554,0.048322968831673835,650,I don't think talking about it will get that weight off your chest.
6514,2982,4,27,92,123,1.2845528455284554,0.04692365390058747,650,"Mr. Smith, I can see where your sense of burden is coming from."
248,2982,5,25,93,123,1.2845528455284554,0.048322968831673835,650,"Well, at least it's not on your shoulders anymore."
2232,2988,8,26,114,148,1.2837837837837838,0.04602266935891564,650,"Yes, I did say that the pressure is getting to me, but I am really not sure how “talking” will help."
2454,2988,8,26,114,148,1.2837837837837838,0.04602266935891564,650,"Doug, we ""literally""  all have problems..."
3361,2988,8,26,114,148,1.2837837837837838,0.04602266935891564,650,You're right. Feeling always trapped in a Monty Python skit IS unusual.
1872,2988,5,32,111,148,1.2837837837837838,0.04292202354093255,650,...and the doctor says I have high blood pressure.
3185,2988,9,24,115,148,1.2837837837837838,0.047010794061335605,650,"Clinical trials for the new 'Extra Strength Viagra' pill had started. Sadly, their assessment methods were still quite archaic."
382,2993,7,26,108,141,1.2836879432624113,0.046483474348555785,650,"You say you pulled into ‘Nazareth’, and you were feeling ‘about half past dead’?"
822,2993,9,22,110,141,1.2836879432624113,0.048614273960435536,650,"I'll bet your problems don't seem so bad anymore, do they?"
114,2993,8,24,109,141,1.2836879432624113,0.04756080855185876,650,"Yes, but other than that . . ."
3391,2993,7,26,108,141,1.2836879432624113,0.046483474348555785,650,I’ve been watching the news
50,2993,8,24,109,141,1.2836879432624113,0.04756080855185876,650,I don’t care what you say.  This brings me joy.
105,2993,8,24,109,141,1.2836879432624113,0.04756080855185876,650,"You may not be aware of it, but..."
6002,2993,8,24,109,141,1.2836879432624113,0.04756080855185876,650,You’re wrong. You don’t have the weight of the world on your shoulders.
5459,3000,4,30,100,134,1.2835820895522387,0.04445702331032267,650,"This is drama therapy, Tom.  Props are often used."""
1348,3000,10,18,106,134,1.2835820895522387,0.0514757421065385,650,"Honey, I really don't think the Viagra is that strong."
820,3000,7,24,103,134,1.2835820895522387,0.04809458881742017,650,At least it’s not on your shoulders anymore.
4765,3000,6,26,102,134,1.2835820895522387,0.046913416235472225,650,You would do anything to avoid having sex.
7008,3000,5,28,101,134,1.2835820895522387,0.045701726140799336,650,'I usually only deal with metaphorical weights on your chest.'
5867,3005,10,16,101,127,1.2834645669291338,0.05349623345185393,650,So tell me about this load you want to get off your chest.
1250,3005,5,26,96,127,1.2834645669291338,0.04729614264156065,650,How do you deal with pressure?
2375,3005,6,24,97,127,1.2834645669291338,0.04859948030302107,650,I know that you're feeling plenty of pressure from work but right now that's the least of our problems
4073,3005,4,28,95,127,1.2834645669291338,0.04595585633864275,650,I can prescribe a pill for that.
7211,3009,6,22,92,120,1.2833333333333334,0.05046469400286688,650,"You've much weighing on you, alas, yours is not a psychiatric problem."
4339,3009,6,22,92,120,1.2833333333333334,0.05046469400286688,650,And you think it's keeping me from reaching my full potential?
2097,3011,7,35,131,173,1.283236994219653,0.040630113618515526,650,"Just try to relax, Bob."
3833,3012,8,31,127,166,1.283132530120482,0.04259421234526494,650,Myron claimed he continues to feel the crushing weight of his insecurities. Dr. Vaughan has a different theory.
3699,3013,7,29,116,152,1.2828947368421053,0.04419782199744824,650,Weight time is approximately 15 minutes.
5177,3014,3,35,107,145,1.282758620689655,0.04117927383373071,650,NOW do you believe that I have a TON of problems?
5374,3014,6,29,110,145,1.282758620689655,0.04453188650071384,650,Seems like you gained some weight.
6560,3014,7,27,111,145,1.282758620689655,0.045594674644364834,650,Actually what you’re feeling is COMpressed.
6888,3017,8,23,107,138,1.2826086956521738,0.04823021509412167,650,"Sorry, you're just going to have to hold it. The crane doesn't return for another 30 minutes."
6204,3017,5,29,104,138,1.2826086956521738,0.04481957250615243,650,Or we could call a therapist.
243,3017,9,21,108,138,1.2826086956521738,0.04931470542163095,650,"when I told you it was okay to put on a few pounds, i didn't mean it like this.."
6981,3017,2,35,101,138,1.2826086956521738,0.04112705327692792,650,Cement shoes would have been sufficient.
5137,3017,9,21,108,138,1.2826086956521738,0.04931470542163095,650,I think your problem is too literal for me to help you with.
3645,3017,11,17,110,138,1.2826086956521738,0.051415106889086876,650,"If you think that's heavy, wait till parenting comes up"
1392,3017,9,21,108,138,1.2826086956521738,0.04931470542163095,650,"No seriously, I *have* to get it off of my chest!"
4019,3017,7,25,106,138,1.2826086956521738,0.04712077169601795,650,Do I really have to state the obvious?
1272,3017,9,21,108,138,1.2826086956521738,0.04931470542163095,650,I sense that something is weighing on you.
622,3026,7,23,101,131,1.282442748091603,0.04879620659513006,650,I don't mean to pressure you
1314,3026,6,25,100,131,1.282442748091603,0.04757762043207198,650,"Yes, your abs do look flat."
4637,3026,5,27,99,131,1.282442748091603,0.04632699163427313,650,I still love you even if you've put on some weight.
2023,3026,7,23,101,131,1.282442748091603,0.04879620659513006,650,"Really, I think there's still something very important you need to get off your chest."
7095,3026,7,23,101,131,1.282442748091603,0.04879620659513006,650,Ron! You're really letting your frustrations weigh you down again.
879,3031,7,21,96,124,1.282258064516129,0.050645562196792546,650,I'm listening. So get everything off your chest.
2958,3031,7,21,96,124,1.282258064516129,0.050645562196792546,650,The weight prevents any awkward erections.
1934,3033,12,22,129,163,1.2822085889570551,0.04646823985590802,650,Well at least it’s not the weight of the world.
4674,3034,9,26,121,156,1.2820512820512822,0.045286398422963496,650,"OK, that didn't work, let's try this.  Picture the biggest feather in the world, and it's......"
987,3034,8,28,120,156,1.2820512820512822,0.04436377910170186,650,That's nothing compared to what is weighing you down emotionally.
397,3034,3,27,87,117,1.2820512820512822,0.046773519588670424,650,There's no need to always be so pessimistic. At least it has a small handle.
2397,3037,8,26,115,149,1.2818791946308725,0.045752408340147585,650,"I know it's not nice to say, but you really should lose some weight."
5599,3038,4,32,106,142,1.2816901408450705,0.04283225019173897,650,It's been an interesting day. The patient before you had the weight of the world on his face.
3140,3038,9,22,111,142,1.2816901408450705,0.0483120301873452,650,"You'll have to speak louder, please."
1888,3038,9,22,111,142,1.2816901408450705,0.0483120301873452,650,Is there something you'd like to get off your chest...and legs?
605,3038,8,24,110,142,1.2816901408450705,0.04726692437588792,650,Is anything weighing you down?
6330,3042,7,24,104,135,1.2814814814814814,0.04778319825611717,650,"Normally, the weight of the world is on one's shoulders."
5961,3042,8,22,105,135,1.2814814814814814,0.04892639732390831,650,Most of my patients just want to take a weight off their shoulders.
5858,3042,5,28,102,135,1.2814814814814814,0.04541054279081359,650,It’s for my restless leg syndrome...why?
5084,3042,8,22,105,135,1.2814814814814814,0.04892639732390831,650,"You'd be surprised, Doug, many people often have the feeling that something's weighing them down..."
3392,3042,9,20,106,135,1.2814814814814814,0.05004348783418763,650,"Yeah, yeah, and I'm menopausal."
1686,3042,8,22,105,135,1.2814814814814814,0.04892639732390831,650,Great. We got the weight off your shoulders.
6358,3042,7,24,104,135,1.2814814814814814,0.04778319825611717,650,The trick is to take the weight of the world off your shoulders and distribute it more evenly.
776,3049,7,22,99,128,1.28125,0.04952716883444788,650,"Doc, I need to get something off my chest."
2136,3049,6,24,98,128,1.28125,0.04826913047376049,650,Why would you ever bet against the Patriots?
5772,3049,10,25,125,160,1.28125,0.04536008534788372,650,I’m sorry to inform you that your insurance can only lift a figurative weight off your chest.
5111,3049,7,22,99,128,1.28125,0.04952716883444788,650,I’d just like to get something off my chest.
5435,3049,10,16,102,128,1.28125,0.05312282881158421,650,Tell me more
7490,3049,7,22,99,128,1.28125,0.04952716883444788,650,Your choice--quick fix or lasting solution?
3837,3049,4,28,96,128,1.28125,0.04564916170716533,650,This is a new a therapy that squeezes out negativity. Brace yourself.
15,3049,9,18,101,128,1.28125,0.05195193398596331,650,Coming to terms with his helium addiction.
3066,3057,7,29,117,153,1.2810457516339868,0.043946910637508094,650,OK. Stop. You say you're related to Sisyphus but you don't know why?
3011,3058,8,25,113,146,1.2808219178082192,0.04635321730325652,650,Viagra takes a while to clear your system!
3023,3058,6,29,111,146,1.2808219178082192,0.04426820678301526,650,They say it’ll help to talk about it...
6772,3058,11,19,116,146,1.2808219178082192,0.04931572455344849,650,"Although she knew it was only her meds, Marge thoroughly enjoyed the experience."
1470,3061,6,20,88,114,1.280701754385965,0.0521376188957463,650,That's all the time we have for now.  Same time next week and maybe we can begin to get at what's really  weighing you down.
2717,3061,4,24,86,114,1.280701754385965,0.04906954772430779,650,I do like men that are underweight but you are being ridiculous
7588,3063,7,25,107,139,1.2805755395683454,0.046824706304139325,650,I don't think there's a pill for that.
6067,3063,7,25,107,139,1.2805755395683454,0.046824706304139325,650,"Can you tell me why you feel you've been under a lot of 
pressure lately?"
2096,3063,7,25,107,139,1.2805755395683454,0.046824706304139325,650,No matter what I do I just can't seem to lose this weight.
2942,3063,4,31,104,139,1.2805755395683454,0.04335619767464587,650,"The good news is, that it isn't your imagination. You really do have a weight on your chest. The bad news is, that I don't have a clue how to get it off of you."
5779,3063,8,23,108,139,1.2805755395683454,0.04792512425674259,650,Get it off the same way you got it on.
2368,3063,5,29,105,139,1.2805755395683454,0.04454238758035183,650,Cheer up.  At least you got that weight off your mind.
695,3069,6,25,101,132,1.2803030303030303,0.04726426699385176,650,Now whenever you are 'feeling a crushing weight' I want you to remember what a crushing weight actualy feels like. Then get over it.
6050,3069,6,25,101,132,1.2803030303030303,0.04726426699385176,650,So this is the weight watchers program.
5140,3069,6,25,101,132,1.2803030303030303,0.04726426699385176,650,Well done.  You've settled your stomach without using drugs.
3194,3072,9,26,122,157,1.2802547770700636,0.04503287392732904,650,The weight symbolizes man's inability to quit analysis.
1474,3073,6,23,96,125,1.28,0.04898979485566356,650,So let me guess: trouble breathing?
5981,3073,7,28,115,150,1.28,0.044490654575079204,650,"It could be worse, it's not like the weight of the world."
5700,3073,9,17,99,125,1.28,0.052792961407687175,650,Would you like me to look for the instructions again?
4526,3073,6,23,96,125,1.28,0.04898979485566356,650,When you say a heavy weight...
1983,3073,10,22,118,150,1.28,0.047411757195425085,650,I apologize for the weight.
228,3073,8,26,116,150,1.28,0.04548520422216428,650,"So, you want to lose weight?"
3999,3079,7,26,110,143,1.2797202797202798,0.045916254351056195,650,I know you're under pressure but there's no need to bring props.
4029,3079,6,28,109,143,1.2797202797202798,0.044830897352064594,650,You appear to be a very literal thinker.
4788,3079,6,28,109,143,1.2797202797202798,0.044830897352064594,650,"Yes, I can see now that you are under a lot of pressure."
7262,3079,11,18,114,143,1.2797202797202798,0.05002274121426201,650,And you're sure liposuction wouldn't work better?
1258,3079,8,24,111,143,1.2797202797202798,0.04697654169764333,650,Our time is up today.
3271,3079,9,22,112,143,1.2797202797202798,0.04801342027089882,650,"Call me crazy, but I really think you've got something big to get off your chest."
2065,3085,6,21,91,118,1.2796610169491525,0.050901752845606184,650,I'm going to refer you to a crane operator for the pier pressure.
7489,3085,6,21,91,118,1.2796610169491525,0.050901752845606184,650,There has to be an easier way to press pants.
1931,3087,6,26,104,136,1.2794117647058822,0.04631423463827765,650,I see you finally got that weight off your shoulders.
5363,3087,9,20,107,136,1.2794117647058822,0.049717257725566,650,"I have ""writer's block"""
7307,3087,8,22,106,136,1.2794117647058822,0.048609394707985344,650,But on the moon it would only weigh 6 pounds.
6738,3087,8,22,106,136,1.2794117647058822,0.048609394707985344,650,What makes you say the guilt is crushing you?
3830,3087,5,28,103,136,1.2794117647058822,0.0451228973832111,650,At our last session you felt the weight of the world on your shoulders hows that  going?
3468,3087,7,24,105,136,1.2794117647058822,0.04747568632471863,650,"Whoa, that's heavy!"
1798,3087,6,26,104,136,1.2794117647058822,0.04631423463827765,650,"You’ve taken a weight off your shoulders, which is progress."
5929,3087,4,30,102,136,1.2794117647058822,0.043899241523996296,650,"So, you say you feel weighed down...lets talk about that."
7080,3095,6,19,86,111,1.2792792792792793,0.05303433463784087,650,Do you still think the mattress isn’t firm enough ?
5176,3096,4,28,97,129,1.2790697674418605,0.0453463525457271,650,What pressing complaints do you have to share with me today?
4296,3096,8,20,101,129,1.2790697674418605,0.050406227921085095,650,Imagine there's nothing weighing you down.
3418,3096,8,20,101,129,1.2790697674418605,0.050406227921085095,650,"I sense some resistance to getting it off your chest, Howard."
18,3096,7,22,100,129,1.2790697674418605,0.04919007808719789,650,Tell me about your smother.
3274,3096,7,22,100,129,1.2790697674418605,0.04919007808719789,650,Tell me what you’d like to get off your chest.
4440,3101,6,29,112,147,1.2789115646258504,0.04400751467624242,650,Oh my Randy! It seems that you have put on some weight since I last saw you
3673,3101,9,23,115,147,1.2789115646258504,0.04707680138163968,650,"I can't promise that getting this off your chest will help, but it's worth a try."
4964,3103,11,24,130,165,1.2787878787878788,0.04515545849038219,650,"Make me a pressed sandwich for lunch, you said.
Wish granted, I said."
5676,3104,7,20,95,122,1.278688524590164,0.051085354697474245,650,"I was thinking about my father, and then it just hit me..."
7304,3104,7,20,95,122,1.278688524590164,0.051085354697474245,650,I did warn you that side effects include weight gain.
3060,3104,4,26,92,122,1.278688524590164,0.04693894410737294,650,Let’s pick this up where we left off next time
254,3104,7,20,95,122,1.278688524590164,0.051085354697474245,650,I see you have a problem with your weight. Tell me about it. I’m listening.
5739,3108,10,19,111,140,1.2785714285714285,0.049735019480020515,650,"Six years since the accident, Doc, and I still feel like he’s under me."
6608,3108,9,21,110,140,1.2785714285714285,0.04869083322104082,650,Enough with the Freud. This thing's killing me.
3438,3108,8,23,109,140,1.2785714285714285,0.04762375790338688,650,Deep breath!
3923,3108,6,27,107,140,1.2785714285714285,0.04541445222616682,650,"No, spotting you is not included in your therapy sessions."
6783,3108,8,23,109,140,1.2785714285714285,0.04762375790338688,650,"After this session, you'll feel like a huge weight has been lifted."
3791,3108,10,19,111,140,1.2785714285714285,0.049735019480020515,650,Is talking therapy really going to help me get this weight off my chest?
5214,3108,6,27,107,140,1.2785714285714285,0.04541445222616682,650,"Well, yes, that certainly would be a load off your chest."
3233,3108,7,25,108,140,1.2785714285714285,0.046532218880272584,650,"I usually offer my clients support, but the best I can do for you is encouragement."
5701,3116,8,28,122,158,1.2784810126582278,0.04387265598158213,650,"No pressure, darling.. just a simple yes or no."
5901,3117,7,23,103,133,1.2781954887218046,0.04815268618576098,650,Quit wasting money on those late-night TV commercials...your beer gut is not going to get any flatter.
3190,3117,6,25,102,133,1.2781954887218046,0.04695487216840901,650,But what if the weight of the world is really on me??
3783,3117,4,29,100,133,1.2781954887218046,0.04446254251891293,650,That's not as bad as the load that was on your mind.
767,3117,7,23,103,133,1.2781954887218046,0.04815268618576098,650,"I can tell this has been weighing on you for a while now, Stanley."
4618,3117,4,29,100,133,1.2781954887218046,0.04446254251891293,650,"And, anyway, enormous weight removal is on the twelfth floor."
768,3117,3,31,99,133,1.2781954887218046,0.043162443405041315,650,"Even though it’s only in your imagination, I’m still billing you extra for crushing my couch."
3763,3117,4,29,100,133,1.2781954887218046,0.04446254251891293,650,is it weighing on you ?
5720,3117,8,21,104,133,1.2781954887218046,0.04932141881026054,650,"You're right doc, I'm no longer concerned about my marriage."
5949,3117,10,17,106,133,1.2781954887218046,0.05157949870406471,650,"You were right, this mattress is amazing."
3618,3126,8,26,117,151,1.2781456953642385,0.045221007833030055,650,"The 'weight of the world' seems like a bit of an overstatement, Marty."
4897,3126,4,34,113,151,1.2781456953642385,0.04113075086152401,650,It did say weighting room.
4924,3128,10,20,114,144,1.2777777777777777,0.04872544551705718,650,I thought it looked a little heavy for a lampshade
7480,3128,5,25,96,126,1.2777777777777777,0.04732714766944626,650,Say what comes to mind.  It'll take the weight off.
4431,3128,9,22,113,144,1.2777777777777777,0.047718381612441664,650,"Dr. Panini, when you asked if I wanted to try your new Panini press therapy, I imagined it involved sandwiches."
2445,3128,6,23,97,126,1.2777777777777777,0.04865021103252996,650,"You haven’t been yourself lately. 
Is something weighing on you?"
1139,3128,6,28,110,144,1.2777777777777777,0.04456084214122663,650,I meant that figuratively
795,3128,7,21,98,126,1.2777777777777777,0.04993823345387607,650,Totally crushed it.
6261,3128,3,29,94,126,1.2777777777777777,0.04456333305036012,650,Talk about irony... sheesh!.
2076,3135,9,25,121,155,1.2774193548387096,0.045340478793870896,650,I see you are having trouble loosing weight.
2812,3136,6,26,105,137,1.2773722627737227,0.04602014676247625,650,Come on!  Just get it off our your chest!
4863,3136,9,20,108,137,1.2773722627737227,0.049395146815321624,650,I’m inclined to think it’s all in your head.
4954,3136,2,34,101,137,1.2773722627737227,0.04109118007817192,650,"Exactly what do you mean by ""weighed down""?"
6009,3136,6,26,105,137,1.2773722627737227,0.04602014676247625,650,You say it reminds you of your mother. Go on . . . .
2752,3136,4,30,103,137,1.2773722627737227,0.04362533087700657,650,That issue is a little weighty. Let’s tackle it next time.
6816,3136,8,22,107,137,1.2773722627737227,0.048296359303278774,650,"Before we get started, I'd like to go over our new fee structure."
2337,3136,8,22,107,137,1.2773722627737227,0.048296359303278774,650,Do you want to talk about it?
4633,3136,5,28,104,137,1.2773722627737227,0.04483872992273619,650,I see. And is that all that's weighing you down today?
5200,3136,4,30,103,137,1.2773722627737227,0.04362533087700657,650,Exercise and portion management might be a safer way to a flatter stomach.
2537,3136,7,24,106,137,1.2773722627737227,0.04717198442927356,650,At least it's a weight off your shoulders.
1483,3146,7,19,93,119,1.2773109243697478,0.0519171956767333,650,I'm not actually a heavyweight therapist.
7519,3146,7,19,93,119,1.2773109243697478,0.0519171956767333,650,I guess you won't be going out tonight.
6174,3146,4,25,90,119,1.2773109243697478,0.047624632775953885,650,I built up a tolerance to my anxiety blanket
6739,3149,7,27,114,148,1.277027027027027,0.044788060842162865,650,I gotta get this load off my chest doc.
5831,3149,8,25,115,148,1.277027027027027,0.045802828049788774,650,"Yes, your issues DOES seem to be self-explanatory."
305,3149,4,33,111,148,1.277027027027027,0.041595485379180015,650,"From your viewpoint, what is the problem, Ted?"
5204,3149,9,23,116,148,1.277027027027027,0.046795595099493624,650,"Since the weighted blanket didn’t reduce your anxiety, maybe this will help you feel more secure..."
6780,3153,8,20,102,130,1.2769230769230768,0.050063030772570245,650,"Now its great you got that monkey off your back, but you still have something to get off your chest."
4459,3153,7,22,101,130,1.2769230769230768,0.04885740952771086,650,"Lately, it just feels like there’s a big weight on my chest."
2738,3153,7,22,101,130,1.2769230769230768,0.04885740952771086,650,Just want to get this off my chest
1251,3153,5,26,99,130,1.2769230769230768,0.04635218761832849,650,You may feel the weight of the world is on your shoulders but it’s actually evenly distributed.
839,3153,6,24,100,130,1.2769230769230768,0.04762127551191367,650,"Man (wheezing): ""I have a 300 pound weight on my chest.""
Therapist: ""Uh huh, and how do you feel about that?"""
439,3153,8,20,102,130,1.2769230769230768,0.050063030772570245,650,"Well, « the weight of the world » seems like a bit of an exaggeration, now, doesn’t it?"
660,3153,5,26,99,130,1.2769230769230768,0.04635218761832849,650,I'm better with helping people lift figurative weights off their shoulders.
1067,3153,10,16,104,130,1.2769230769230768,0.05239110820443715,650,"Three times the Cialis is not three times the fun, Ed!"
1622,3153,4,28,98,130,1.2769230769230768,0.04504736077316696,650,But I feel like you’re still avoiding addressing those internal pressures
2484,3162,8,23,110,141,1.2765957446808511,0.047326051117318114,650,"To be fair, it's no longer on your shoulders."
2680,3162,5,29,107,141,1.2765957446808511,0.04399776979095477,650,"Well, at least that's a big weight off your shoulders."
4294,3162,9,21,111,141,1.2765957446808511,0.048384628105966936,650,"So Howard, is that your mother in the waiting room?"
668,3162,7,25,109,141,1.2765957446808511,0.046243248066774996,650,"Well, at least you got rid of that huge weight on your shoulders."
4492,3162,8,23,110,141,1.2765957446808511,0.047326051117318114,650,Now that it's off your shoulders...
4740,3162,5,29,107,141,1.2765957446808511,0.04399776979095477,650,It all started when I put on weight...
7102,3162,6,27,108,141,1.2765957446808511,0.045134475394886006,650,"What did you think I meant when I said ""weight therapy""."
4845,3162,8,23,110,141,1.2765957446808511,0.047326051117318114,650,What makes you think your burden is heavier?
3365,3162,7,25,109,141,1.2765957446808511,0.046243248066774996,650,I generally work with people who have much on their minds.
328,3162,8,23,110,141,1.2765957446808511,0.047326051117318114,650,I asked you not to mess with the counterweight for the blinds.
3846,3162,7,25,109,141,1.2765957446808511,0.046243248066774996,650,It's my new put-things-in-perspective therapy.
6222,3162,7,25,109,141,1.2765957446808511,0.046243248066774996,650,"Before we begin, there's something I have to get off your chest."
1647,3174,8,18,97,123,1.2764227642276422,0.05201627428636564,650,"At our next session, we'll delve into why you feel oppressed."""
3506,3174,7,20,96,123,1.2764227642276422,0.05071895867729956,650,Thanks for coming to my place. I know you usually don't take house calls.
6150,3174,6,22,95,123,1.2764227642276422,0.04938757685880951,650,Bad news- the crane operators are striking again.
2408,3174,6,22,95,123,1.2764227642276422,0.04938757685880951,650,"I suppose those mommy problems don't seem so pressing anymore now, do they?"
2765,3178,6,30,116,152,1.2763157894736843,0.042977950790925666,650,"The good news is, you have a decent relationship with your parents."
5964,3178,7,28,117,152,1.2763157894736843,0.04398002535160598,650,"So, you said you had a heavy heart?"
7117,3178,8,26,118,152,1.2763157894736843,0.04495977096993022,650,So...why do you feel under pressure?
4168,3178,6,30,116,152,1.2763157894736843,0.042977950790925666,650,It's called weight. Get over it.
1323,3178,6,30,116,152,1.2763157894736843,0.042977950790925666,650,"Tell me why you continually feel ""flat""?"
2343,3178,6,30,116,152,1.2763157894736843,0.042977950790925666,650,Go ahead.  Call me a “headshrinker” again.
6523,3184,8,21,105,134,1.2761194029850746,0.0489959690957387,650,See? You’re getting better. Last week you had the weight of the world on your shoulders.
6335,3184,4,29,101,134,1.2761194029850746,0.04417829314374187,650,You're not having a heart attack!
2291,3184,7,23,104,134,1.2761194029850746,0.04783705819755782,650,You know what? Let’s go ahead and put it back on my shoulders.
1902,3184,7,23,104,134,1.2761194029850746,0.04783705819755782,650,"Now think about hugging your wife.
How does it feel?"
83,3184,6,25,103,134,1.2761194029850746,0.04664936533718852,650,Now YOU know what it feels like!
6325,3184,6,25,103,134,1.2761194029850746,0.04664936533718852,650,I see that our previous sessions have lifted the weight off your shoulders.
3164,3184,8,21,105,134,1.2761194029850746,0.0489959690957387,650,I've been meaning to get that fixed.
1824,3184,7,23,104,134,1.2761194029850746,0.04783705819755782,650,I can see how that can weigh you down.
6119,3184,10,17,107,134,1.2761194029850746,0.05123520946476824,650,"I agree, Trump is still your biggest problem"
7041,3184,9,19,106,134,1.2761194029850746,0.05012809430114643,650,Please  tell me what is your pain level on a scale of 1 to 10?
5287,3194,9,22,114,145,1.2758620689655173,0.04742685295581093,650,I still think that fez is too big for you
5545,3194,9,22,114,145,1.2758620689655173,0.04742685295581093,650,"Yes, doctor.  I do feel like an enormous weight has been lifted from my shoulder.  But I’m still not feeling any better."
5488,3194,7,26,112,145,1.2758620689655173,0.04536226956476118,650,Why must you always bring your work home with you?
4598,3194,12,16,117,145,1.2758620689655173,0.0503652926441532,650,Have you considered yoga?
2968,3194,10,20,115,145,1.2758620689655173,0.048426148121703205,650,"Yes that’s very impressive, but it’s not exactly the weight of  the world."
2254,3194,6,20,90,116,1.2758620689655173,0.051347957389936166,650,"I charge by the pound."""
2110,3194,3,26,87,116,1.2758620689655173,0.046763635612245995,650,You've gained weight.
4099,3194,8,24,113,145,1.2758620689655173,0.04640604422571574,650,Paul Bunyan called. Now he wants you to find the tassel that goes on his fez.
7543,3194,11,18,116,145,1.2758620689655173,0.04940523517318955,650,It’s a truncated square pyramid you idiot.
3829,3203,9,25,122,156,1.2756410256410255,0.04508398370991806,650,"Sure, you can change channels. The remote is by the TV."
6894,3204,5,25,97,127,1.2755905511811023,0.04700393066653124,650,"That's my interpretation.  
During future sessions, we'll discuss what you intend to do about it."
163,3204,5,25,97,127,1.2755905511811023,0.04700393066653124,650,Well those are certainly some heavy issues.
6512,3204,4,27,96,127,1.2755905511811023,0.04565506676318845,650,I'm getting the impression that this is your first time.
4700,3207,7,32,128,167,1.2754491017964071,0.041319299543079495,650,"During our last session, you mentioned feeling ""another day older and deeper in debt"".  Let's talk more about that."
6766,3208,6,26,106,138,1.2753623188405796,0.04572964298740044,650,So how how long has this been weighing on you?
6069,3208,5,28,105,138,1.2753623188405796,0.044557981607767055,650,"Mm hm, mm hm. And, how does that make you feel?"
1060,3208,9,20,109,138,1.2753623188405796,0.04907708035474492,650,I blame my parents.
1295,3208,7,24,107,138,1.2753623188405796,0.046872025458178125,650,"Our money-back guarantee plainly states, 
""You will feel less pressure after the session is over."""
1422,3208,9,20,109,138,1.2753623188405796,0.04907708035474492,650,May I get you a pillow?
5799,3208,7,24,107,138,1.2753623188405796,0.046872025458178125,650,"Look at it this way, you don’t have the weight of the world on your mind!"
7520,3208,3,32,103,138,1.2753623188405796,0.04211698801391329,650,"Oh yes, a lot of people come to therapy to unburden themselves."
324,3208,7,24,107,138,1.2753623188405796,0.046872025458178125,650,So what else is bothering you besides the weight on your chest?
7217,3208,5,28,105,138,1.2753623188405796,0.044557981607767055,650,Why don't you take a load off?
3546,3208,6,26,106,138,1.2753623188405796,0.04572964298740044,650,Have you tried taking up jogging?
681,3218,10,21,118,149,1.2751677852348993,0.0474824763638524,650,How do you feel now that its off your shoulders?
6678,3218,7,27,115,149,1.2751677852348993,0.044525289408853794,650,You will feel the relief in about 3 weeks as we decrease the dosage..
5108,3218,8,25,116,149,1.2751677852348993,0.04553236341888473,650,I don’t care if you’ve patterned your life after Christopher Walken... “more cowbell” isn’t the answer to anything
1708,3218,8,25,116,149,1.2751677852348993,0.04553236341888473,650,You've come a long way from feeling the weight of the world.
4829,3218,10,21,118,149,1.2751677852348993,0.0474824763638524,650,I think it's more important to talk about the symbolic weight you're feeling...
1537,3218,6,29,114,149,1.2751677852348993,0.04349490401616014,650,"Next time, we should discuss how it makes others feel"
4857,3218,10,21,118,149,1.2751677852348993,0.0474824763638524,650,It's just that we never go out anymore.
2851,3225,8,17,95,120,1.275,0.05287597136071295,650,Harold the good news is that we have moved that weight off of your shoulders... and onto your crotch where it belongs.
5805,3225,6,21,93,120,1.275,0.05015731554340811,650,I'm feeling like you have something very big that you'd like to get off of your chest.
2629,3225,5,34,121,160,1.275,0.04058340274812292,650,Let's work on the positive side of your situation.
4081,3225,8,17,95,120,1.275,0.05287597136071295,650,And it would be nice if you helped around the house occasionally
58,3229,6,24,101,131,1.2748091603053435,0.047303613388792874,650,I’ve been under a lot of pressure lately.
3044,3229,5,26,100,131,1.2748091603053435,0.04604554297149816,650,"At least, it's not the weight of the world you're carrying."
3775,3229,5,26,100,131,1.2748091603053435,0.04604554297149816,650,"So, I put on a little weight over the holidays..."
6808,3229,6,24,101,131,1.2748091603053435,0.047303613388792874,650,"But remember, the key to happiness lies on focusing on INTERNAL  conditions, not EXTERNAL ones…"
4478,3229,5,26,100,131,1.2748091603053435,0.04604554297149816,650,"Yes, I know how you're feeling but you are just depressed."
6572,3229,9,18,104,131,1.2748091603053435,0.05089156389742101,650,"Sorry about your wait....now, where were we?"
6333,3229,8,20,103,131,1.2748091603053435,0.04972435483572397,650,You're giving new meaning to Weight Watcher!
1026,3229,11,14,106,131,1.2748091603053435,0.05314913828198805,650,"Margaret, I’m pretty sure we’re going to have to adopt"
5955,3237,8,23,111,142,1.2746478873239437,0.04703194038056216,650,"Well, Mr Hoffa, I think we’re making some progress here."
4586,3237,5,29,108,142,1.2746478873239437,0.04373023042884195,650,Would you say you're feeling weighed down?
7288,3237,8,23,111,142,1.2746478873239437,0.04703194038056216,650,Usually I just deal with patients who have a figurative weight on their chest.
5383,3237,6,27,109,142,1.2746478873239437,0.044857810626764444,650,"Shifting the weight off your back to your chest is not progress, Norman."
5149,3237,7,25,110,142,1.2746478873239437,0.04595773378979546,650,Guessing you got the kids tuition bill...
3176,3237,7,25,110,142,1.2746478873239437,0.04595773378979546,650,Did you ever try getting it off your chest?
433,3237,6,27,109,142,1.2746478873239437,0.044857810626764444,650,"The commercial said ""Better Abs in 30 Days"""
455,3237,7,25,110,142,1.2746478873239437,0.04595773378979546,650,We've come along way. At least the weight is off your shoulders now.
492,3237,5,29,108,142,1.2746478873239437,0.04373023042884195,650,Eventually you’ll open up.
3994,3246,11,20,122,153,1.2745098039215685,0.047499655202745336,650,"I think you may, finally, have too much cowbell."
2236,3246,8,26,119,153,1.2745098039215685,0.04470144637887213,650,Perhaps you would find relief sooner if you focused more on the physical than the psychological.
870,3246,6,16,80,102,1.2745098039215685,0.05600576617202239,650,"The weight is now off your shoulders, and yet you're still not happy?"
571,3246,5,32,116,153,1.2745098039215685,0.04171596064274043,650,Might your problems be of your own construction?
3682,3250,9,27,128,164,1.274390243902439,0.043529577809360766,650,"It's not your father, it's a weight."""
4566,3250,5,35,124,164,1.274390243902439,0.03994442824615528,650,I'm not so sure prescribing Xanax will help.
2793,3252,7,17,89,113,1.2743362831858407,0.05369970173362178,650,"Actually, that weight should be on your shoulders."
1289,3253,4,26,94,124,1.2741935483870968,0.046287153869638685,650,At least it's not on your shoulders anymore.  I call that progress.
6915,3253,6,22,96,124,1.2741935483870968,0.04903836559750547,650,Now you get to name it.
3183,3253,11,12,101,124,1.2741935483870968,0.05532099979467208,650,"You've taken a great weight off my mind, Doc. How about tackling the rest of my body?"
2479,3253,6,22,96,124,1.2741935483870968,0.04903836559750547,650,"Actually, it’s quite common to feel weighed down."
2927,3257,10,17,108,135,1.2740740740740741,0.050895387597272274,650,"OK, you've convinced me.  
Those ""outside forces""  ARE real."
5572,3257,7,23,105,135,1.2740740740740741,0.04752541972603657,650,"That's enough about your parents. Let's talk about your job"""
2087,3257,5,27,103,135,1.2740740740740741,0.04513921666476789,650,We can't make any progress on your therapy if you continue to let your neuroses weigh you down
2041,3257,6,25,104,135,1.2740740740740741,0.046347677402674696,650,You think you're under a lot of pressure....?
1875,3257,6,25,104,135,1.2740740740740741,0.046347677402674696,650,Now those problems you blabber on about week after week don't seem to matter. Correct?
5531,3257,5,27,103,135,1.2740740740740741,0.04513921666476789,650,Maybe this alternative therapy isn't for everyone.
6533,3257,7,23,105,135,1.2740740740740741,0.04752541972603657,650,let's resume from last weeks session. it appears you haven't gotten it off your chest yet.
353,3257,4,29,102,135,1.2740740740740741,0.043897500630392564,650,I'll have to spend some time in the gym before I can help you with this.
1895,3257,7,23,105,135,1.2740740740740741,0.04752541972603657,650,I think we can say that negatives outweigh the positives.
2708,3257,10,17,108,135,1.2740740740740741,0.050895387597272274,650,At least it's not all on your shoulders.
2983,3257,6,25,104,135,1.2740740740740741,0.046347677402674696,650,"Now, that should keep you from getting erect!"
3996,3257,5,27,103,135,1.2740740740740741,0.04513921666476789,650,It is a common condition after going to IHOP.
4787,3269,7,26,113,146,1.273972602739726,0.04509010340583965,650,"So, you blame your father?"
7210,3269,7,26,113,146,1.273972602739726,0.04509010340583965,650,So let's talk about your relationship with your father
3917,3269,8,24,114,146,1.273972602739726,0.04612581420895325,650,"You should be starting to feel thinner (and perhaps a bit taller)."""
6542,3269,8,24,114,146,1.273972602739726,0.04612581420895325,650,It stays until you pay your bill in full.
968,3273,5,22,90,117,1.2735042735042734,0.04949484223818946,650,"Now when you say it's ""a weight on your mind"" do you mean an actual weight, or are you speaking metaphorically."
2842,3274,6,23,99,128,1.2734375,0.047984531102717234,650,And how does the weight make you feel?
3663,3274,8,19,101,128,1.2734375,0.05048344498222781,650,I told you i hated ironing before we got married.
5234,3274,6,23,99,128,1.2734375,0.047984531102717234,650,Since this is our first session
5381,3274,6,23,99,128,1.2734375,0.047984531102717234,650,The doctor said more than four hours isnt that unusual.
5784,3274,6,23,99,128,1.2734375,0.047984531102717234,650,"If something is bothering you, get it off your chest."
2909,3279,9,20,110,139,1.2733812949640289,0.04876298529440736,650,"I said ""wait"""
3228,3279,4,30,105,139,1.2733812949640289,0.043087198354569624,650,I feel some sort of pain on my chest. Do you think it is psychological?
6690,3279,6,26,107,139,1.2733812949640289,0.04544266157650377,650,"As I said on the phone, I'm only qualified to counsel you with regard to metaphorical weights."
6639,3279,6,26,107,139,1.2733812949640289,0.04544266157650377,650,"For today's therapy session, we're going to try something different. Physical therapy."
5033,3279,5,28,106,139,1.2733812949640289,0.04428059480857658,650,Come now. It can't be as bad as all that.
3461,3279,6,26,107,139,1.2733812949640289,0.04544266157650377,650,"And at the end of the session we'll remove it, demonstrating how it will feel when you finally open up about your childhood."
3080,3279,4,30,105,139,1.2733812949640289,0.043087198354569624,650,"When you called and said you wanted to get a load off your chest, I never expected this!"
3054,3279,7,24,108,139,1.2733812949640289,0.04657574374835,650,"Psychology 101:  Never directly state the obvious.  ""OK,  I think that we should talk about the tremendous weight that you feel that you are under""."
4766,3287,7,27,116,150,1.2733333333333334,0.04426548608975301,650,What’s bugging me? Not much. Just a ton.
3578,3287,8,25,117,150,1.2733333333333334,0.04526498334667862,650,"Well, there won't be any new #MeToo complaints."""
2583,3287,9,23,118,150,1.2733333333333334,0.04624288243598217,650,"Rock was a passion but heavy metal is my addiction."""
2210,3287,8,25,117,150,1.2733333333333334,0.04526498334667862,650,Is it better now that it's off your shoulders?
2258,3291,4,25,92,121,1.2727272727272727,0.04694525268130202,650,At least you finally got that weight off your shoulders
2361,3291,5,29,109,143,1.2727272727272727,0.04346580146458082,650,Is there anything you’ve left unsaid?
3903,3291,6,18,86,110,1.2727272727272727,0.053108683487102765,650,I feel like there's something you're not telling me.
1756,3291,6,21,94,121,1.2727272727272727,0.04979295977319692,650,You have a lot to get off your chest today.
586,3291,6,21,94,121,1.2727272727272727,0.04979295977319692,650,"To be precise, you do not have the weight of the world on your shoulders."
278,3291,8,20,104,132,1.2727272727272727,0.04939011464665993,650,I'm afraid I can't help you. You may want to hire a personal trainer instead.
130,3291,7,25,111,143,1.2727272727272727,0.04567561723105038,650,"I wouldn't call this an ""elephant"" in the room."
4464,3291,5,26,101,132,1.2727272727272727,0.04574278261975778,650,"If it makes you feel any better, some of my clients have the weight of the world on their shoulders."
5536,3291,7,22,103,132,1.2727272727272727,0.04820501015253788,650,I understand you're under a lot of pressure
2881,3291,5,26,101,132,1.2727272727272727,0.04574278261975778,650,I’ve found crane therapy can help with your condition.
3502,3291,7,25,111,143,1.2727272727272727,0.04567561723105038,650,Four more sessions and you'll be as thin as you were on your wedding day.
710,3291,6,30,118,154,1.2727272727272727,0.04249330476752751,650,"Trust me, just get it off your chest."
741,3291,8,23,112,143,1.2727272727272727,0.04674136354105388,650,at least you got the weight off  your shoulders
4078,3291,9,18,105,132,1.2727272727272727,0.050547441535790355,650,"If this is too heavy, we can do straight therapy without the Freud."
4690,3305,6,31,121,158,1.2721518987341771,0.041778503740146015,650,Let's tackle one of your weightier issues today.
7034,3306,7,26,114,147,1.272108843537415,0.044821083899732446,650,When did you start to notice this so called “weightiness”?
3968,3306,5,30,112,147,1.272108843537415,0.042691376666907206,650,Last session you had the weight of the world on your shoulders. I’d say things are improving.
5806,3306,6,28,113,147,1.272108843537415,0.04376918552853482,650,No problem. All my patients want my help to unload a ton of troubles.
4024,3309,2,33,101,136,1.2720588235294117,0.04104690945871262,650,"So, you think this weight is your only problem?"
4953,3309,10,17,109,136,1.2720588235294117,0.05055994927905742,650,Why don't you tell me about your brother?
6317,3309,8,21,107,136,1.2720588235294117,0.04835745596444856,650,I've been feeling pretty weighed down recently
148,3309,7,23,106,136,1.2720588235294117,0.04721769885837242,650,You wanted flatter abs
2369,3309,6,25,105,136,1.2720588235294117,0.046049740755039065,650,"The weight of the world on your shoulders, Mr. Smith? Don’t you think that’s a bit dramatic if not anatomically inaccurate?"
1059,3309,5,27,104,136,1.2720588235294117,0.044851378593446456,650,I feel like the end of a Monty Python sketch.
1084,3309,4,29,103,136,1.2720588235294117,0.04362010660072977,650,It's off your shoulders; we're making progress.
6824,3309,6,25,105,136,1.2720588235294117,0.046049740755039065,650,I feel perhaps you're using this crushing weight as an excuse to keep you from doing the things you love.
6442,3309,4,29,103,136,1.2720588235294117,0.04362010660072977,650,So what's on your chest today?
123,3309,4,29,103,136,1.2720588235294117,0.04362010660072977,650,So this divorce is really weighing down on you?
1583,3309,6,25,105,136,1.2720588235294117,0.046049740755039065,650,Now that we've gotten weight off your mind we can work on the rest of your body.
1837,3309,9,19,108,136,1.2720588235294117,0.04947096127252047,650,"Thanks for squeezing me in, Doc.  I need to get this weight off my chest."
7181,3309,8,21,107,136,1.2720588235294117,0.04835745596444856,650,Think of it as progress.  Your big hidden burden is finally out in the open.
7569,3309,7,23,106,136,1.2720588235294117,0.04721769885837242,650,"But, how do you really feel?"
341,3323,3,28,94,125,1.272,0.04454211490264018,650,ARE YOU UNDER A GREAT DEAL OF PRESSURE LATELY?
959,3323,5,24,96,125,1.272,0.04735044367404632,650,"Normally, my patients have a load on their back."
2763,3323,5,24,96,125,1.272,0.04735044367404632,650,Have you tried a weighted blanket?
5407,3323,4,26,95,125,1.272,0.04596773061686336,650,"I can't take that kind of weight off, but maybe you can tell me how it feels"
5633,3323,8,18,99,125,1.272,0.05127534778353611,650,"Now that your ADHD is under control,let's discuss your persecution complex."
5954,3323,7,20,98,125,1.272,0.050001290305931756,650,You’re depressed.
7508,3323,7,20,98,125,1.272,0.050001290305931756,650,Let me guess. You feel this great weight pressing down on you.
6519,3323,7,20,98,125,1.272,0.050001290305931756,650,Getting the weight off of your shoulders is a good start.
4968,3331,7,27,117,151,1.271523178807947,0.04400860324724808,650,Thank goodness the weight is off your mind.
853,3331,5,31,115,151,1.271523178807947,0.04195422169785289,650,"Looks like she left you a ton of baggage."""
3681,3331,7,27,117,151,1.271523178807947,0.04400860324724808,650,I apologize for the enormous wait.
5166,3331,7,27,117,151,1.271523178807947,0.04400860324724808,650,I see you have some weight you need to get off your chest...
3818,3331,11,19,121,151,1.271523178807947,0.04785350606565732,650,"I made this therapy tool just for you, now keep repeating to yourself,  its only paper mache"""
7286,3336,7,24,109,140,1.2714285714285714,0.046283075051954635,650,Are you doing your breathing exercises?
6983,3336,8,22,110,140,1.2714285714285714,0.04738035414793428,650,I think a reduction in your consumption of beer would be an easier approach.
6455,3336,8,22,110,140,1.2714285714285714,0.04738035414793428,650,"So how has
moving the weight of the world from your shoulders to your chest been for you?"
157,3336,4,30,106,140,1.2714285714285714,0.042822870846178,650,You said the new prescription would alleviate some of this pressure.
5616,3336,6,26,108,140,1.2714285714285714,0.04515914207938474,650,I'm afraid this session will be a little compressed.
5251,3336,6,26,108,140,1.2714285714285714,0.04515914207938474,650,"Well, it's not really the weight of the world...and its not on your shoulders..."
633,3336,4,30,106,140,1.2714285714285714,0.042822870846178,650,I find this helps with resistance.
2414,3343,9,17,103,129,1.2713178294573644,0.051329157512205535,650,The issue is you're putting too much pressure on yourself.
3639,3343,5,25,99,129,1.2713178294573644,0.04637010121707519,650,And how long have you had this sensation of a person beneath you?
3984,3343,8,19,102,129,1.2713178294573644,0.0501354004661881,650,"We should have that taken care of in, say, 500 sessions..."
4419,3343,6,23,100,129,1.2713178294573644,0.047658265997511384,650,It would be really simple if you just agreed to get a dog.
6149,3343,8,19,102,129,1.2713178294573644,0.0501354004661881,650,Thanks for waiting
6636,3343,6,23,100,129,1.2713178294573644,0.047658265997511384,650,"Over the coming weeks, we will work together to lighten this burden"
2967,3343,10,15,104,129,1.2713178294573644,0.0524957754673703,650,Once you own up to your misogyny the weight will be lifted.
3285,3343,6,23,100,129,1.2713178294573644,0.047658265997511384,650,Many people who are stuck find daily exercise quite helpful.
2486,3343,4,27,98,129,1.2713178294573644,0.04504511356267232,650,It's fine to get it off your chest.  Just don't put it on me.
3413,3343,4,27,98,129,1.2713178294573644,0.04504511356267232,650,Now I understand what my pregnant wife is going through.
5797,3343,6,23,100,129,1.2713178294573644,0.047658265997511384,650,Why don't you just do your Kegels?
2385,3354,6,20,92,118,1.271186440677966,0.05058117537107875,650,"When you said you  ""literally had a weight on your chest"" I thought you were just being a millennial"
2878,3355,5,32,118,155,1.270967741935484,0.04125155280809132,650,It was less maintenance than an elephant.
2378,3355,7,28,120,155,1.270967741935484,0.043234997053330476,650,It could be worse
1141,3357,7,25,112,144,1.2708333333333333,0.045396840800028745,650,Sometimes a ton is just a ton.
5821,3357,9,21,114,144,1.2708333333333333,0.04748813903358763,650,"And then she said, “I preferred you when you were thinner.”"
6867,3357,9,21,114,144,1.2708333333333333,0.04748813903358763,650,A lot is going to have to change before your sex life gets better.
7201,3357,8,23,113,144,1.2708333333333333,0.04645425978043619,650,"It’s my view, Mr. Wilson, that this weight is more responsible for your alienation than your rejection of  Kale as anything other than a garnish."
140,3361,9,18,106,133,1.2706766917293233,0.050207838195606126,650,"First, let's try confronting this feeling of 'heaviness' you've described so vividly."
723,3361,9,18,106,133,1.2706766917293233,0.050207838195606126,650,"Ok, Mr. O'Shea. Let's just start out with what you what to get off your chest."
848,3361,7,22,104,133,1.2706766917293233,0.047885119642438766,650,"Well, it must feel good to get that weight off your shoulders."
1858,3361,8,20,105,133,1.2706766917293233,0.04906022675980432,650,What's not on your mind today?
2205,3361,11,14,108,133,1.2706766917293233,0.0524277536175417,650,"Well, you either help me get that 16 tons off you, John. Or, you get another day older and deeper in debt."
6956,3361,9,18,106,133,1.2706766917293233,0.050207838195606126,650,Your crane guy called in sick.
6219,3361,5,26,102,133,1.2706766917293233,0.04544383731668337,650,It's clear you have a pressing problem.
3894,3368,10,26,134,170,1.2705882352941176,0.04317415544570702,650,"You’ve put a great weight on yourself, Henry."
4900,3369,3,27,92,122,1.2704918032786885,0.04513582033057469,650,I'm afraid this new wrinkle will require a few more sessions
5253,3369,6,21,95,122,1.2704918032786885,0.04943370578426822,650,That was a good session. Do you still feel that heavy weight on your chest?
1570,3371,7,29,123,159,1.270440251572327,0.04249740396890623,650,I sense something is weighing on you.
6598,3371,11,21,127,159,1.270440251572327,0.04609203106499472,650,I'm guessing that you're no longer feeling anxious.
3063,3373,6,18,87,111,1.2702702702702702,0.05268537483680522,650,Do you have something you would like to get off your chest.
484,3373,8,14,89,111,1.2702702702702702,0.05570771086030188,650,Surely my receptionist told you I have a weighting list.
7412,3373,8,24,116,148,1.2702702702702702,0.04557511250868925,650,Does your compulsion to carry magnets cause you any difficulties?
7533,3373,8,24,116,148,1.2702702702702702,0.04557511250868925,650,So you are depressed and want to get a load off you chest.
2198,3373,5,30,113,148,1.2702702702702702,0.042441782362525486,650,Your self esteem issues might have something to do with your weight.
6507,3373,8,24,116,148,1.2702702702702702,0.04557511250868925,650,Are you sure you're not ignoring the anvil in the room?
3739,3373,5,30,113,148,1.2702702702702702,0.042441782362525486,650,"I can help take a weight off your mind, but your body is another story."
2613,3380,8,31,135,174,1.2701149425287357,0.04087955545242741,650,I suggest trying a dog or a cat as an emotional support alternative.
6225,3381,8,21,108,137,1.27007299270073,0.048044242208911604,650,Studies have shown a link between compressed feelings and a narrow view of ourselves.
2843,3381,7,23,107,137,1.27007299270073,0.04691382528075054,650,I suppose you want me [add emphasis] to answer the phone.
930,3381,6,25,106,137,1.27007299270073,0.04575548923918324,650,OK...breathe through it...it just feels heavy...
3046,3381,9,19,109,137,1.27007299270073,0.049148666476155164,650,"Until you stop feeling so persecuted, that's how long."
3754,3381,6,25,106,137,1.27007299270073,0.04575548923918324,650,I know dear - the Man is always working to keep you down.
5119,3381,5,27,105,137,1.27007299270073,0.04456705721226428,650,...What now?
6379,3381,8,21,108,137,1.27007299270073,0.048044242208911604,650,"Since you are only the ""Acting Attorney General"" I would counsel you to leave the weightier issues to your successor!"
5168,3381,8,21,108,137,1.27007299270073,0.048044242208911604,650,"You just said, “sometimes I feel as if there’s a two ton weight pressing down on my chest”. Tell me, are you feeling that way at this very moment?"
4031,3381,4,29,104,137,1.27007299270073,0.04334605381814431,650,"Overall, how big are your problems?"
5002,3381,7,23,107,137,1.27007299270073,0.04691382528075054,650,I'm not your therapist.
1383,3381,5,27,105,137,1.27007299270073,0.04456705721226428,650,How long have you been feeling flat?
932,3392,5,24,97,126,1.2698412698412698,0.047022721171518796,650,I remember when it used to be just on your shoulders.
86,3392,6,22,98,126,1.2698412698412698,0.04835411495786609,650,Let's try to redefine your problem in terms of the Planck constant.
558,3392,7,20,99,126,1.2698412698412698,0.049649819338469466,650,Have you considered dropping the “white man’s burden” shtick?
7236,3392,7,20,99,126,1.2698412698412698,0.049649819338469466,650,I hope you're okay that I've invited your mother to join today's session.
5514,3392,4,26,96,126,1.2698412698412698,0.04565251558666045,650,"We should discuss the 10,000 pound weight in the room"
4016,3392,6,22,98,126,1.2698412698412698,0.04835411495786609,650,I love these  home MRI's
1724,3392,4,26,96,126,1.2698412698412698,0.04565251558666045,650,A little high. Guess again.
1023,3392,7,20,99,126,1.2698412698412698,0.049649819338469466,650,We are making progress even if it doesn't feel like it. You said you wanted to weight lifted from your shoulders and you managed that.
6280,3392,7,20,99,126,1.2698412698412698,0.049649819338469466,650,"I understand you're going through a lot, Mr. Bezos"
1748,3401,3,35,114,152,1.269736842105263,0.039571593457772426,650,"Okay, for starters, know that I'm not going to press you about anything."
3544,3401,10,21,121,152,1.269736842105263,0.04664632503179592,650,Have you been thinking of ways to get it off you chest?
5304,3401,9,23,120,152,1.269736842105263,0.04570274896799179,650,After 30 years as a zookeeper I think I know how much an elephant weighs.
6450,3404,4,23,88,115,1.2695652173913043,0.048346794407005136,650,"I'm not speaking metaphorically, you have a weight on your chest."
4921,3405,8,22,111,141,1.2695035460992907,0.04708249311005425,650,I hear you saying it's a huge weight on your chest; can you describe to me how that makes you feel?
4314,3405,9,20,112,141,1.2695035460992907,0.04814642541302546,650,I have  this sense that something is weighing quite heavily on you today
3832,3405,11,16,114,141,1.2695035460992907,0.05020669801171414,650,So what DO you think will convince you to stop chasing roadrunners?
3626,3405,6,26,109,141,1.2695035460992907,0.04487902530437653,650,Isn’t it your job to help me get this weight off my chest?
3116,3405,8,22,111,141,1.2695035460992907,0.04708249311005425,650,"...and as your muscles relax, you're starting to feel heavy like there's a weight on your chest."
20,3405,8,22,111,141,1.2695035460992907,0.04708249311005425,650,I'm not really that kind of doctor
6240,3411,8,29,130,167,1.2694610778443114,0.04198825055139145,650,It appears something is weighing you down...
6409,3412,8,19,103,130,1.2692307692307692,0.04979200810745508,650,You’re sure there is nothing weighing on you?
208,3412,6,30,120,156,1.2692307692307692,0.04201909236197543,650,Sorry for the weighting time.
3719,3412,8,19,103,130,1.2692307692307692,0.04979200810745508,650,"Sorry, I couldn't quite hear you. Did you say, ""This is NOT a metaphor?"""
1948,3412,8,19,103,130,1.2692307692307692,0.04979200810745508,650,"I hope you can help me, Doc; something’s really weighing on me."
1159,3412,8,19,103,130,1.2692307692307692,0.04979200810745508,650,"Mindfulness meditation is all about just sitting with it, not fighting it Peter"
1309,3417,6,27,112,145,1.2689655172413794,0.04404714081921775,650,"When you said you felt a terrible weight from the past, I assumed you were speaking metaphorically."
2275,3417,8,23,114,145,1.2689655172413794,0.04617056958251709,650,Perhaps you should give acupuncture another try.
189,3417,6,27,112,145,1.2689655172413794,0.04404714081921775,650,How long have you been a Saints fan?
2849,3417,6,27,112,145,1.2689655172413794,0.04404714081921775,650,"Wait on me?""  I heard, ""weight on me."
5392,3417,9,21,115,145,1.2689655172413794,0.04719647164976508,650,"That reminds me, my weight loss class is tonight."
14,3422,7,18,94,119,1.26890756302521,0.05160503066370123,650,That sounds heavy.
2240,3422,5,22,92,119,1.26890756302521,0.04876699173833713,650,Let’s talk about how the weight got ON your chest.
7317,3422,5,22,92,119,1.26890756302521,0.04876699173833713,650,This pressure you've been feeling under--how much would you say is something concrete?
6501,3422,7,18,94,119,1.26890756302521,0.05160503066370123,650,"You get used to crushing depression, but it's becoming really difficult to pee."
2744,3426,6,31,123,160,1.26875,0.041324261342118376,650,"So, what’s weighing on you now?"
3371,3426,5,33,122,160,1.26875,0.040361841177905165,650,"That's hard on both of us, Murray."
6633,3428,7,22,105,134,1.2686567164179106,0.04756933183724331,650,That should take a load off your mind.
2367,3428,6,24,104,134,1.2686567164179106,0.04637478281143451,650,Does this oppressive weight you feel come on suddenly or gradually ?
938,3428,6,24,104,134,1.2686567164179106,0.04637478281143451,650,Wow that's a lot of baggage!
2642,3428,7,22,105,134,1.2686567164179106,0.04756933183724331,650,It sounds like you have some weight on your chest.
3115,3428,7,22,105,134,1.2686567164179106,0.04756933183724331,650,"So, I take it that things are weighing heavily on you today."
3528,3428,5,26,103,134,1.2686567164179106,0.045148639294819,650,Do you feel better since you got this weight off your shoulders?
274,3428,7,22,105,134,1.2686567164179106,0.04756933183724331,650,Time’s up. Would you mind taking that thing with you?
5683,3428,5,26,103,134,1.2686567164179106,0.045148639294819,650,"As I see it, you either have an inferiority complex or a two-ton weight sitting on your chest."
119,3436,2,25,81,108,1.2685185185185186,0.046709818132625494,650,We're going to start by weaning you off social media.
6255,3437,3,34,112,149,1.2684563758389262,0.03998783653628519,650,Talking about it just hasn't seemed to help yet.
2323,3438,4,25,94,123,1.2682926829268293,0.04628425799209876,650,"No Margaret, 
I'm not having a heart attack and I'm pretty sure it's not indigestion"
1947,3438,1,31,91,123,1.2682926829268293,0.04174197496411433,650,"When you're ready Sir, I've got all hour."
5634,3438,7,19,97,123,1.2682926829268293,0.05041897065444284,650,At least TRY the pants presser from Hammacher Schlemmer.
4889,3441,7,34,138,179,1.2681564245810055,0.03926722387704179,650,"This weight you say you feel, would it happen to look like a pyramid with a handle where the peak should be?"
872,3442,7,23,108,138,1.2681159420289856,0.04661373023981427,650,"Since starting work in the White House, I'm feeling a lot of pressure."
1050,3442,5,27,106,138,1.2681159420289856,0.044286191993398845,650,"In this case, I think you just need to lighten up."
1433,3442,5,27,106,138,1.2681159420289856,0.044286191993398845,650,Obviously you have a lot weighing on you Mr. Coyle; but it’s hard to tell just how much from my perspective.
1918,3442,5,27,106,138,1.2681159420289856,0.044286191993398845,650,You will feel lighter after this session ends.
2969,3442,6,25,107,138,1.2681159420289856,0.04546485812221544,650,"OK, it’s a great weight, but at least it’s not on your shoulders."
2996,3442,5,27,106,138,1.2681159420289856,0.044286191993398845,650,Now that the weight is off your shoulders we can commence Step Two
4195,3442,10,17,111,138,1.2681159420289856,0.049901897912415734,650,Wait Weight...don't tell me!
4822,3442,8,21,109,138,1.2681159420289856,0.047734959617319994,650,You’ll make any excuse not to take out the trash.
4200,3442,4,29,105,138,1.2681159420289856,0.04307528616827969,650,You'll have to learn how to get it off your chest if you want anything to improve
6500,3442,7,23,108,138,1.2681159420289856,0.04661373023981427,650,"So, at this stage in assertiveness training, I invite you to request that I remove the weight."
7494,3442,7,23,108,138,1.2681159420289856,0.04661373023981427,650,This way we can measure your progress at the end of each session.
5990,3442,8,21,109,138,1.2681159420289856,0.047734959617319994,650,This is a male chastity belt. Now try to cheat on me.
0,3442,6,25,107,138,1.2681159420289856,0.04546485812221544,650,How long have you been feeling this way?
5533,3455,8,25,120,153,1.2679738562091503,0.04448085276985102,650,"No, the world is heaver than that."
4439,3455,8,25,120,153,1.2679738562091503,0.04448085276985102,650,"Yeah, but have you seen how much those blankets cost?"
690,3455,7,27,119,153,1.2679738562091503,0.04350341309745316,650,Looks like you got some heavy baggage.
2077,3455,12,17,124,153,1.2679738562091503,0.04819277447040354,650,It seems we’ll be watching The Bachelor tonight after all.
468,3455,7,27,119,153,1.2679738562091503,0.04350341309745316,650,Can we talk about your weight now?
6980,3455,3,35,115,153,1.2679738562091503,0.03935161627056306,650,"Well, I have to admit that when people say life is weighing them down, they don't mean it literally."
1353,3461,7,16,89,112,1.2678571428571428,0.05378550106695096,650,I've got to get something off my chest.
1956,3461,6,33,129,168,1.2678571428571428,0.04002531125119733,650,What is weighing on you today?
5158,3463,6,22,99,127,1.2677165354330708,0.04801889352575499,650,Are you repeating a pattern of behavior after you just left your old ball and chain?
7576,3463,7,20,100,127,1.2677165354330708,0.049303128829625766,650,I don't remember asking for more cowbell but perhaps id did.
3129,3463,5,24,98,127,1.2677165354330708,0.04669935501144436,650,And you're saying you'll reach your goal with one sit-up  a year?
4848,3463,6,22,99,127,1.2677165354330708,0.04801889352575499,650,I think this goes back to your mother.
497,3467,9,20,113,142,1.267605633802817,0.047843822603103554,650,"Now tell me again, what problems are weighing you down?"
4113,3467,6,26,110,142,1.267605633802817,0.044602253291466165,650,"Earl? 
Something you wanna get off your chest?"
4962,3467,8,22,112,142,1.267605633802817,0.046788259642886874,650,Is there an issue that weighing on you?
6355,3467,6,26,110,142,1.267605633802817,0.044602253291466165,650,Looks like you've taken on a lot of weight since I saw you last!
1834,3467,4,30,108,142,1.267605633802817,0.04230343670367706,650,How are you holding up?
856,3467,7,24,111,142,1.267605633802817,0.04570832658874256,650,I'm glad I finally managed to make an appointment with you. Bob and Jeanine said it would be worth the weight.
7524,3473,3,29,99,131,1.2671755725190839,0.04310937009387071,650,"No, this was not part of my formal training, its a tip I picked up watching the 'Sopranos'"
3227,3473,6,23,102,131,1.2671755725190839,0.04701847749746068,650,"You're not going anywhere tonight, mister."
2055,3473,4,27,100,131,1.2671755725190839,0.04445061981555055,650,And what do you think the weight ACTUALLY represents to you?
4062,3476,6,27,113,146,1.2671232876712328,0.04378318191339136,650,Talking about your problems should take that weight off your chest.
3740,3476,6,27,113,146,1.2671232876712328,0.04378318191339136,650,"Yeah man, that's heavy shit."
4469,3476,11,17,118,146,1.2671232876712328,0.048880809883930156,650,How does it feel to have gotten the weight off your shoulders now ?
4682,3476,8,23,115,146,1.2671232876712328,0.045890234702387844,650,Come back when you have the weight of the world on your shoulders.
5318,3476,6,27,113,146,1.2671232876712328,0.04378318191339136,650,"Overcompensating?!!  Nonsense, Mr. Little, all kinds of my patients wear lampshades on their crotch..."
7320,3476,8,23,115,146,1.2671232876712328,0.045890234702387844,650,"Patience, grasshopper."
4221,3476,6,27,113,146,1.2671232876712328,0.04378318191339136,650,Tell me more about this weight you feel
5039,3483,8,27,126,161,1.2670807453416149,0.0429481884656501,650,Who said that you can't keep a good man down.
677,3484,6,24,105,135,1.2666666666666666,0.04607298269767254,650,"Deflect all you want, but your relationship with your father is still the most pressing issue you have."
782,3484,6,20,94,120,1.2666666666666666,0.049836333439760135,650,I know you've got a lot to get off your chest
1206,3484,8,20,107,135,1.2666666666666666,0.04841318388297882,650,"Yes, I do feel as if a giant weight is pushing down on me. Why do you ask?"
3089,3484,3,34,113,150,1.2666666666666666,0.039760656041232925,650,OK. Now I believe you. Who's your trainer?
5497,3484,8,20,107,135,1.2666666666666666,0.04841318388297882,650,I recommend that we schedule more regular sessions.
1777,3484,7,22,106,135,1.2666666666666666,0.04725757139521219,650,I notice that there are no diplomas on the wall.
1190,3484,5,30,115,150,1.2666666666666666,0.041950931885420414,650,Just tell me in a few words
1032,3484,9,26,130,165,1.2666666666666666,0.043099888563495836,650,You were wrong when you said I couldn't press your shirts worth s**t.
5455,3492,5,31,118,154,1.2662337662337662,0.04124598715960179,650,There's something pretty heavy that I need to get off my chest. You sure you want to hear it?
3264,3492,7,27,120,154,1.2662337662337662,0.043255015112900655,650,Why can't you just work out at the gym like everyone else.
1091,3492,7,27,120,154,1.2662337662337662,0.043255015112900655,650,"So tell me, Mr. Long, what exactly do you want to get off your chest."
614,3495,4,29,106,139,1.2661870503597121,0.04280774863955415,650,"I'm hearing 'fatal' and 'broken', but how does this really make you feel?"
1831,3495,9,19,111,139,1.2661870503597121,0.04851623868730769,650,How does having the weight off your shoulders make you feel?
2250,3495,7,23,109,139,1.2661870503597121,0.04631734650488074,650,Look on the bright side: At least it's no longer on your shoulders
4965,3495,6,25,108,139,1.2661870503597121,0.045177784061393216,650,Heavyhearted is an understatement.
4874,3495,6,25,108,139,1.2661870503597121,0.045177784061393216,650,Turns out my thoughts weren’t irrational.
3938,3495,8,21,110,139,1.2661870503597121,0.047429537229541886,650,Might that frustrum be the actual source of your frustration?
3191,3495,6,25,108,139,1.2661870503597121,0.045177784061393216,650,My methods are a little unconventional
1504,3495,11,15,113,139,1.2661870503597121,0.050619702147231535,650,Do you feel any pain going down your left arm ?
5789,3495,5,27,107,139,1.2661870503597121,0.04400872365954917,650,"Feel the lightness, Nick.  Remember, you're a feather."
4491,3495,7,23,109,139,1.2661870503597121,0.04631734650488074,650,So what do you think is weighing you down?
7070,3495,7,23,109,139,1.2661870503597121,0.04631734650488074,650,I’ll lift it off if you promise to quit chewing ice.
4541,3506,8,17,99,124,1.2661290322580645,0.051350590635686706,650,"Tell me Mr. Hamilton, how would you rate your depression on a scale?"
7498,3506,6,21,97,124,1.2661290322580645,0.04873009820953448,650,Try to imagine that this heavy weight you feel is really a measure of your importance.
898,3506,8,17,99,124,1.2661290322580645,0.051350590635686706,650,"And, so what makes you feel as if there’s a heavy weight pressing down on you?"
5135,3506,3,27,94,124,1.2661290322580645,0.044511026059015704,650,"I admire your committment, but you do know that 'permanent press' clothing is widely available?"
4902,3506,3,27,94,124,1.2661290322580645,0.044511026059015704,650,"Take a load off Fanny.""  Right!  So now you got your wish"
7390,3506,8,17,99,124,1.2661290322580645,0.051350590635686706,650,Have you tried Weight Watchers?
1395,3512,9,11,89,109,1.2660550458715596,0.057767683930000965,650,I’ve got a lot to get off my chest
2684,3512,5,19,85,109,1.2660550458715596,0.05155120411209087,650,The weight on your chest is supposed to be a metaphor...
1929,3512,3,23,83,109,1.2660550458715596,0.048142884363023324,650,"No, I can assure you, these pressures are always rooted in childhood experiences. Let's start with your mother..."
1532,3515,6,30,122,158,1.2658227848101267,0.04155499762800144,650,Can you tell me what has you down?
2287,3515,6,30,122,158,1.2658227848101267,0.04155499762800144,650,Stop kvetching. At least it's off your shoulders.
322,3515,8,26,124,158,1.2658227848101267,0.043451917541463006,650,"It's not the weight of the world, after all - it's just a two-ton block of concrete."
908,3518,4,30,109,143,1.2657342657342658,0.042048230330113914,650,So now you have a MAN'S excuse for erectile dysfunction!
2130,3518,8,22,113,143,1.2657342657342658,0.046497590247801576,650,"Well, at least it's off your shoulders."
3102,3518,7,24,112,143,1.2657342657342658,0.0454261251111397,650,So let's talk about this feeling that you're under pressure.
5548,3518,7,24,112,143,1.2657342657342658,0.0454261251111397,650,Mr. Jones are you entirely certain that its President Trump holding you down?
6429,3518,5,28,110,143,1.2657342657342658,0.04320354997142997,650,That's the weight I normally carry on my shoulders!
6657,3518,7,24,112,143,1.2657342657342658,0.0454261251111397,650,"Actually, the crush you're experiencing is called transference."
2920,3518,7,24,112,143,1.2657342657342658,0.0454261251111397,650,My last therapist called it a Flat-Stanley complex.
4171,3518,5,28,110,143,1.2657342657342658,0.04320354997142997,650,Have you considered seeing another type of doctor?
1036,3518,6,26,111,143,1.2657342657342658,0.04432876928557099,650,"Finally, a weight-watchers diet that could really work."
7176,3527,4,26,98,128,1.265625,0.04503440149389559,650,I sense youou need to get something off your chest
4488,3527,7,20,101,128,1.265625,0.04896112545788099,650,Clearly you brought this on yourself.
3416,3527,7,20,101,128,1.265625,0.04896112545788099,650,Usually my patients have a weight on their shoulders.
3354,3527,3,28,97,128,1.265625,0.0436470597159808,650,"OK, now breathe out very, very slowly."
2431,3527,6,22,100,128,1.265625,0.04768815691594056,650,"Well this has been a load off my mind, but my heart is still heavy."
2060,3527,7,20,101,128,1.265625,0.04896112545788099,650,Our session will culminate in a literal weight being lifted.
2090,3533,7,16,90,113,1.2654867256637168,0.053360074817712475,650,"And to think, my mother thought I would not be able to control your wild side."
4888,3534,6,31,125,162,1.2654320987654322,0.040879460269838665,650,This weighted blanket craze is getting ridiculous.
4204,3535,7,25,115,147,1.2653061224489797,0.044579994213738955,650,"Y’know, I hadn’t noticed it until you brought it up, Doc."
7154,3535,6,27,114,147,1.2653061224489797,0.04352226928804891,650,You’re problem is that you’ve been waiting to exhale.
3047,3535,6,27,114,147,1.2653061224489797,0.04352226928804891,650,Have you considered losing some weight?
1381,3535,7,25,115,147,1.2653061224489797,0.044579994213738955,650,"Children can be mean , when did they start calling you dumbbell?"
4602,3539,5,25,102,132,1.2651515151515151,0.045449726014839965,650,Stop complaining. Atlas had the world on his shoulders. At least you get to lie down.
4713,3539,6,23,103,132,1.2651515151515151,0.04670479649701895,650,You should see me when I’m depressed.
4910,3539,6,23,103,132,1.2651515151515151,0.04670479649701895,650,"Sometimes, Mr. Jerome, I wish you would just stop complaining."
6374,3539,6,23,103,132,1.2651515151515151,0.04670479649701895,650,"Despite the bariatric surgery, I still feel like I weigh a ton"
6203,3539,7,21,104,132,1.2651515151515151,0.04792701155749111,650,"Mr. Mason, the pressures weighing on you are only in your mind."
5686,3539,7,21,104,132,1.2651515151515151,0.04792701155749111,650,"Since my couch is not destroyed, the weight you carry must be metaphorical."
3854,3539,4,27,101,132,1.2651515151515151,0.044158998786431834,650,It's the only weighted blanket that helps me cope with the news nowadays.
1373,3539,3,29,100,132,1.2651515151515151,0.042829391226308085,650,Why can't I just have extra baggage like my friends?
3658,3539,10,15,107,132,1.2651515151515151,0.051419643132208565,650,Have you considered if it’s all just psychosomatic?
3045,3548,7,30,129,166,1.2650602409638554,0.04113102928238062,650,I can see that something's been weighing heavily on you
62,3549,7,17,93,117,1.264957264957265,0.05206205120365823,650,I feel a bit lightheaded.
3997,3550,4,32,115,151,1.2649006622516556,0.040637292711713374,650,Mr. Adler if you continue to believe it only hurts when you laugh you are not going to make any progress.
4721,3550,4,32,115,151,1.2649006622516556,0.040637292711713374,650,"Yes, but it's important for YOU to know how you feel."
4727,3550,8,24,119,151,1.2649006622516556,0.04477265283562814,650,Have you considered that your obsession with fixing your hunched posture may be... unhealthy?
5952,3550,9,22,120,151,1.2649006622516556,0.04574812195806766,650,"I think you need to lose weight."""
6405,3550,10,20,121,151,1.2649006622516556,0.04670322133901241,650,You told me last week NOT to carry the weight on my shoulders so....
1891,3555,6,24,106,136,1.2647058823529411,0.04577497070560295,650,You say that you feel the weight of the world is on you. How much does it weigh?
3723,3555,5,26,105,136,1.2647058823529411,0.04456922123197992,650,"I can also refer you to a great chiropractor if you need."""
2234,3555,3,30,103,136,1.2647058823529411,0.04205413841083768,650,"So , tell me about this weight you've been carrying around."
2531,3555,6,24,106,136,1.2647058823529411,0.04577497070560295,650,I think we'll need more time get that thing off your chest.
5944,3555,6,24,106,136,1.2647058823529411,0.04577497070560295,650,It sounds like you have a ton of troubles.
4033,3555,5,26,105,136,1.2647058823529411,0.04456922123197992,650,I find that prop comics are the easiest patients to diagnose.
5103,3555,5,26,105,136,1.2647058823529411,0.04456922123197992,650,So it's not really 'a ton of bricks' you're feeling.
1489,3555,4,28,104,136,1.2647058823529411,0.04332993214109077,650,"We all have to bear our weight, Herman."
2501,3555,6,24,106,136,1.2647058823529411,0.04577497070560295,650,"You keep talking about the weight of the world, but all I see is your narcissism."
400,3564,8,25,122,155,1.264516129032258,0.043972626739534455,650,"Now that you got the weight of the world off of your shoulders, let's get something off your chest."
7207,3565,7,18,96,121,1.2644628099173554,0.05084492038106454,650,"For the last time, you're not in the sunken place, you just have a two-ton weight on top of you."
4322,3565,6,20,95,121,1.2644628099173554,0.04947185949330019,650,Most of my clients bear the weight of the world; you got off lucky.
1047,3565,3,26,92,121,1.2644628099173554,0.045102569120050895,650,"So, is there anything you'd like to get off your chest? And, er, um, legs?"
2396,3568,4,29,107,140,1.2642857142857142,0.04254338730354498,650,"When your hour is up, you will find that feeling of lightness was worth the wait."
5018,3568,7,23,110,140,1.2642857142857142,0.04602460833093375,650,I don't see why you feel oppressed.
2598,3568,8,21,111,140,1.2642857142857142,0.047127905692218745,650,I can see you're weighed down with a lot of stuff. Let's talk.
2584,3568,7,23,110,140,1.2642857142857142,0.04602460833093375,650,If you would just tell me what's weighing on you I might be able to help
3792,3568,7,23,110,140,1.2642857142857142,0.04602460833093375,650,I just need to get something off my chest.
1259,3573,5,32,122,159,1.2641509433962264,0.04035195666519279,650,You have to learn to unburden yourself Mr.  Jones.
5191,3574,5,23,97,125,1.264,0.04703327579765272,650,I see you have a pressing engagement today.
6547,3574,7,19,99,125,1.264,0.049701041723359256,650,C'mon now. Tell me about something that's REALLY bothering you.
6596,3574,6,21,98,125,1.264,0.0483855483623218,650,Let me get this off my chest!
3957,3574,7,19,99,125,1.264,0.049701041723359256,650,Now. Let's get back to your mother.
6340,3574,4,25,96,125,1.264,0.04564095500965716,650,"No, seriously...a little help?"
3728,3574,6,21,98,125,1.264,0.0483855483623218,650,On a scale of one to ten: How relieved do you feel now?
835,3574,6,21,98,125,1.264,0.0483855483623218,650,It’s a CBD Stone. You should start feeling relaxed any minute now.
1261,3581,4,30,110,144,1.2638888888888888,0.04179596617581002,650,Talking about it  will get that weight off your chest
844,3581,6,26,112,144,1.2638888888888888,0.04405851771019594,650,Unfortunately my area of expertise is in lifting metaphorical weights from my patients.
3628,3581,9,20,115,144,1.2638888888888888,0.04724963782078061,650,What is weighing you down more? This or your mother’s guilt?
177,3581,5,28,111,144,1.2638888888888888,0.04294214579750938,650,"So, what's been going well?"
3590,3585,6,17,87,110,1.2636363636363637,0.05274337564352528,650,It could be heavier you know
3421,3586,3,28,98,129,1.2635658914728682,0.04335631263797886,650,"Blah, blah, blah...how about hiring...oh, I don't know...a crane?"""
5024,3586,6,22,101,129,1.2635658914728682,0.047361819418023005,650,"Sorry, it’s not a good time for a bathroom break."
6904,3586,9,16,104,129,1.2635658914728682,0.051054030512866236,650,It’s something new we’re trying called the ‘Panini Protocol.’
807,3586,6,22,101,129,1.2635658914728682,0.047361819418023005,650,This sibling rivalry with Sisyphus is the key to your angst.
4949,3586,6,22,101,129,1.2635658914728682,0.047361819418023005,650,You seem really depressed.
2180,3586,5,24,100,129,1.2635658914728682,0.046065365596917485,650,"Listen doc, I've been meaning to get this off my chest..."
2494,3592,7,25,116,148,1.2635135135135136,0.044314025996588666,650,"Im sorry Mr. Smith, but I only deal with psychological weight."
3397,3592,8,23,117,148,1.2635135135135136,0.045339404091624,650,"So, Fred, you googled how to remove a great weight and my website was listed first?"
5444,3592,11,17,120,148,1.2635135135135136,0.048285065532266545,650,Next you'll be telling me you're having a heart attack
7295,3592,5,29,114,148,1.2635135135135136,0.04218857159601243,650,I’m afraid I’m more of a weight-on-your-shoulders specialist.
6749,3592,6,27,115,148,1.2635135135135136,0.043264352955627354,650,Look at it this way: at least you have all that pressure off your back.
5620,3592,7,25,116,148,1.2635135135135136,0.044314025996588666,650,I would suggest wearing it like a badge of honor.
3327,3592,5,29,114,148,1.2635135135135136,0.04218857159601243,650,"Well, it's good that your head is clear"
2115,3599,7,21,105,133,1.263157894736842,0.047607054407015306,650,It probably all in you head.
2075,3599,9,17,107,133,1.263157894736842,0.04994270679907134,650,It's as if I have a weight on my chest.
2226,3599,3,34,115,152,1.263157894736842,0.03931360593765812,650,I think this session will get a ton off your chest.
1740,3599,3,29,101,133,1.263157894736842,0.042552872559928706,650,You seem unresponsive! Would you like to weigh in?
2394,3599,9,17,107,133,1.263157894736842,0.04994270679907134,650,"Oppression or depression, either way I'd say about five hundred pounds."
4223,3599,8,29,134,171,1.263157894736842,0.041121989869204546,650,I thought we’d role play with you carrying the weight of the world.
4486,3599,8,19,106,133,1.263157894736842,0.048788859341711004,650,Sorry for the weight.
5344,3599,8,19,106,133,1.263157894736842,0.048788859341711004,650,I've just been under a lot of pressure at work lately.
6334,3599,5,30,117,152,1.263157894736842,0.0414709098441645,650,"Bob, everyone feels the weight of their problems. Get over it."
1414,3599,7,21,105,133,1.263157894736842,0.047607054407015306,650,Go on... how long have you had this compulsion to act out every metaphor as a literal reality?
3586,3599,7,21,105,133,1.263157894736842,0.047607054407015306,650,My problems are really weighing me down.
127,3599,4,27,102,133,1.263157894736842,0.043871039760350776,650,I suppose this is preferable to being weighed down by life's problems.
3758,3599,6,23,104,133,1.263157894736842,0.046395155595813774,650,I see you've had some unfortunate regression since our last meeting
7368,3599,5,25,103,133,1.263157894736842,0.045150739708304057,650,You may be laboring under more than just a black cloud
7282,3613,7,22,108,137,1.2627737226277371,0.04664583979511086,650,"If the floating continues, we’ll add more weight"
6809,3613,7,22,108,137,1.2627737226277371,0.04664583979511086,650,"So,can you describe this weight on your chest?"
6460,3613,5,26,106,137,1.2627737226277371,0.044284872770276734,650,"I'm sorry, Mr. Stephens, but it will take several more sessions before we can even begin to remove this so-called ""weight of the world."""
6109,3613,5,26,106,137,1.2627737226277371,0.044284872770276734,650,"So, what's this weight that you're concerned about?"
5334,3613,4,28,105,137,1.2627737226277371,0.0430558677687934,650,“Permanent press”
4733,3613,8,20,109,137,1.2627737226277371,0.04778259701132749,650,"Sorry, I didn't quite get that.  Take a deep breath and try again."
1746,3613,6,24,107,137,1.2627737226277371,0.045480679010271745,650,"Yes, it is off of your shoulders."
6679,3613,10,16,111,137,1.2627737226277371,0.04997860533326708,650,When you started therapy you felt the weight of the world on your shoulders.  So this is great progress.
1357,3613,6,24,107,137,1.2627737226277371,0.045480679010271745,650,Is it more like “of the world” or just heavy?
1650,3613,7,22,108,137,1.2627737226277371,0.04664583979511086,650,"Wow, that's heavy stuff."
308,3623,5,21,92,118,1.2627118644067796,0.04878350073281292,650,Try using your words this time.
6892,3623,4,23,91,118,1.2627118644067796,0.04727542059150977,650,"Stop whining, it could have been tied around your neck."
4596,3625,6,25,110,141,1.2624113475177305,0.04461406049909625,650,When did you first begin to feel  congested?
1365,3625,6,25,110,141,1.2624113475177305,0.04461406049909625,650,"Let’s look at the positive side, you can legitimately say you no longer feel that you are carrying the weight of the world on your shoulders."
7547,3625,7,23,111,141,1.2624113475177305,0.04573545142240031,650,"Ah, I see you need to get something off your chest."
7566,3625,9,19,113,141,1.2624113475177305,0.04789953822322482,650,Then she said how could you wear that....are you listening to me?
2014,3625,6,25,110,141,1.2624113475177305,0.04461406049909625,650,There's usually a wait before the anti-depressant kicks in.
102,3625,6,25,110,141,1.2624113475177305,0.04461406049909625,650,"No, it's not a metaphor."
3911,3625,4,29,108,141,1.2624113475177305,0.04228214929529463,650,"I could be wrong, but it appears that you have a lot to get off your chest."
3727,3625,5,27,109,141,1.2624113475177305,0.0434637466358263,650,This is only way to truly mitigate your toxic masculinity.
7580,3633,5,22,95,122,1.2622950819672132,0.04771329536090051,650,"I’d love to get this off my chest, but that’s too cliche."
6249,3633,6,20,96,122,1.2622950819672132,0.0491125396521135,650,"Well, it's better than having a monkey on your back."
1729,3633,4,24,94,122,1.2622950819672132,0.0462717576639643,650,I am a psychologist. You need a psychiatrist.
738,3633,3,26,93,122,1.2622950819672132,0.044783842626875466,650,This is not what I had in mind when I said you should try out one of those weighted blankets
6543,3633,4,24,94,122,1.2622950819672132,0.0462717576639643,650,"So, do you feel you have better control of your sex addiction now?"
7305,3638,2,34,109,145,1.2620689655172415,0.03917331767345282,650,Well  don’t just lay there.  Do something
3491,3638,5,28,112,145,1.2620689655172415,0.04268378075316585,650,"Hey, do you have the remote?"
4477,3638,8,22,115,145,1.2620689655172415,0.04592669660691276,650,"Mr. Jones, you know you're supposed to leave that in the weighting room."
2356,3641,8,17,101,126,1.2619047619047619,0.050619741965403094,650,Look at this way: at least the weight of the world isn't on your shoulders...
6727,3641,6,21,99,126,1.2619047619047619,0.0480457076404931,650,Looks like you’re making progress. I see you’re no longer carrying the weight of the world on your shoulders.
1970,3641,7,19,100,126,1.2619047619047619,0.049349510125834724,650,Do you have anything else i can use as a blanket
3524,3641,8,28,132,168,1.2619047619047619,0.0415672568654724,650,"As a matter of fact, I have had trouble sleeping lately."
2665,3641,4,25,97,126,1.2619047619047619,0.04532572965444112,650,"Marv, what are you thinking about?"
5077,3646,6,27,116,149,1.261744966442953,0.04300938393335905,650,I think the real problem is your relationship with your mother.
7513,3646,7,25,117,149,1.261744966442953,0.04405112743045617,650,I'd like to get something of my chest.
7214,3648,5,24,101,130,1.2615384615384615,0.04575458392739736,650,I  usually assist with existential weight
6957,3648,6,22,102,130,1.2615384615384615,0.04703979735018118,650,"First,you have to choose to lighten up."
7419,3648,4,26,100,130,1.2615384615384615,0.04443221090596759,650,"I know, but I can only solve figurative problems."
7406,3648,5,24,101,130,1.2615384615384615,0.04575458392739736,650,"I saw on QVC, it's now available in a blanket for $29.95."
4615,3648,5,24,101,130,1.2615384615384615,0.04575458392739736,650,"I assure you, you're not the only one."
3859,3648,7,20,103,130,1.2615384615384615,0.04829081816580638,650,"Evidently Carl, you don't feel as if the weight is entirely metaphorical."
1594,3648,4,26,100,130,1.2615384615384615,0.04443221090596759,650,"No seriously, you do have a 500 lb weight on you."
5798,3648,4,26,100,130,1.2615384615384615,0.04443221090596759,650,"I hate to press you on this issue, but..."
2859,3648,4,26,100,130,1.2615384615384615,0.04443221090596759,650,"So, have you thought of Weight Watchers?"
2296,3657,12,16,125,153,1.261437908496732,0.04798237571149005,650,"Typically, individuals come here with figurative weight on their chest, but I may be able to get you in with an engineer this week."
6509,3657,8,24,121,153,1.261437908496732,0.044252809299484865,650,Why do you think YOU carry the weight of the world?
4552,3657,8,24,121,153,1.261437908496732,0.044252809299484865,650,"I'm learning that you are a very literal person, George."
344,3660,6,23,105,134,1.2611940298507462,0.04608948042903473,650,"I get it, but what is weighing on your mind today?"
3677,3660,6,23,105,134,1.2611940298507462,0.04608948042903473,650,"When ""How does that make you feel?"" is a rhetorical question."
1899,3660,5,25,104,134,1.2611940298507462,0.04485553873920508,650,Now I understand the weight of the situation
2676,3660,6,23,105,134,1.2611940298507462,0.04608948042903473,650,Did you even consider Pilates?
2703,3660,7,21,106,134,1.2611940298507462,0.04729123657563231,650,"I would like to note that I had something very different in mind when you described your ""crippling depression"" over the phone."
1868,3660,4,27,103,134,1.2611940298507462,0.043586678067389806,650,Why do I feel like I'm carrying a 2-ton weight around with me all the time?
2949,3660,5,25,104,134,1.2611940298507462,0.04485553873920508,650,"Of course,I'll tie your shoes,dear !"
736,3660,6,23,105,134,1.2611940298507462,0.04608948042903473,650,Mind if we wrap up early? I'm a little pressed for time...
4343,3660,5,25,104,134,1.2611940298507462,0.04485553873920508,650,You must understand; it's not about the weight.
5343,3660,4,27,103,134,1.2611940298507462,0.043586678067389806,650,I don't think I can help you......it IS a heavy weight on your chest.
7199,3660,8,19,107,134,1.2611940298507462,0.04846320158106015,650,I can't explain it Doc...but something is weighing on me!
7398,3660,7,21,106,134,1.2611940298507462,0.04729123657563231,650,You appear to be in a deep compression.
4202,3660,6,23,105,134,1.2611940298507462,0.04608948042903473,650,Feel free to get up and grab yourself a cup of coffee.
3874,3673,6,24,108,138,1.2608695652173914,0.04519004128550317,650,All pressing issues are relative!
1092,3673,6,24,108,138,1.2608695652173914,0.04519004128550317,650,"Well, at least we got the weight off your shoulders."
3849,3673,3,24,88,115,1.2608695652173914,0.04635773825940722,650,"For the last time, I’m a physiatrist, not a Jedi!"
4834,3673,3,24,88,115,1.2608695652173914,0.04635773825940722,650,"Yeah, that is depressing."
5027,3673,8,20,110,138,1.2608695652173914,0.04747328592987294,650,If I could find an appropriate metaphor
3440,3673,7,22,109,138,1.2608695652173914,0.046345726385314936,650,You're sure this is a common exercise in sex therapy?
1372,3673,6,24,108,138,1.2608695652173914,0.04519004128550317,650,"So, what's been stressing you out lately?"
4370,3673,6,24,108,138,1.2608695652173914,0.04519004128550317,650,Now do you believe the warranty that the mattress is sag proof!
4946,3673,6,18,91,115,1.2608695652173914,0.05105590857499128,650,"All RIGHT already!  I’ll SAY it: Pilates strengthens your CORE!      Now, can we go EAT?"
394,3673,8,20,110,138,1.2608695652173914,0.04747328592987294,650,Why is it whenever I ask you to do one little thing for me around the house you play the 'I've got a ton of work' card?
1738,3683,7,23,112,142,1.2605633802816902,0.04544981289771381,650,"Yes, it is necessary to make the matress conform to your body."
3169,3683,8,21,113,142,1.2605633802816902,0.04653574554365965,650,Your difficulty with achieving erection might or might not be a side effect of the anti-depressants.”
4663,3683,6,25,111,142,1.2605633802816902,0.044337290981409164,650,Do you see any reason to have hope?
7044,3683,7,23,112,142,1.2605633802816902,0.04544981289771381,650,These feelings of 'crushing weight' could be due to an actual crushing weight... but let's return to your relationship with your father.
4522,3683,7,23,112,142,1.2605633802816902,0.04544981289771381,650,If you were to use the true scientific method you would see that I am under a lot of pressure.
4380,3683,8,21,113,142,1.2605633802816902,0.04653574554365965,650,"After ten years of therapy, I finally felt ready to unburden myself."
5246,3683,9,19,114,142,1.2605633802816902,0.04759690887201905,650,"My hope is that by the end of our time together today, you will feel as though a weight has been lifted off your chest."
2934,3690,4,23,92,119,1.2605042016806722,0.046928421273803936,650,How long have you had this fear of losing your wallet?
4785,3690,6,19,94,119,1.2605042016806722,0.04987119839993938,650,"So, Kevin, in our last session you were explaining that you believed your mother had replaced your anvil. How did that make you feel?"
1718,3692,4,30,112,146,1.2602739726027397,0.04130007533902064,650,"Its your imagination Steve, not the weight of the world, let's move on"
2488,3692,6,26,114,146,1.2602739726027397,0.04352749528272793,650,Cheer up. It’s not the weight of the world.
5072,3692,9,20,117,146,1.2602739726027397,0.04666972015618461,650,I'm glad you came to see me to get this off your chest.
2088,3692,6,26,114,146,1.2602739726027397,0.04352749528272793,650,"Well, conceptually I get the Weighting For Godot allusion"
70,3692,4,30,112,146,1.2602739726027397,0.04130007533902064,650,"Your time is up this week. Also, I'm going to have to bill you for a new couch."
285,3697,5,22,96,123,1.2601626016260163,0.04737181455611305,650,"...and as you surrender the need to rudely answer your texts during our sessions, the weight will be lifted from you."
6156,3697,6,20,97,123,1.2601626016260163,0.048758269408004706,650,"Before we get started, there's something I want to get off my chest."
2601,3697,5,22,96,123,1.2601626016260163,0.04737181455611305,650,So you feel literally paralyzed?
4906,3697,6,20,97,123,1.2601626016260163,0.048758269408004706,650,You're imagining things.
2208,3701,9,21,120,150,1.26,0.045789128571114064,650,"So, exactly how well did you know Roger Stone?"
1971,3701,7,25,118,150,1.26,0.0437912477337203,650,My first recommendation would be to give CrossFit a rest until our next session.
1172,3701,6,27,117,150,1.26,0.04275731422181576,650,"No, I cannot get the remote, Harold; my cankles are swollen.  What's wrong, is your leg broken?"
5129,3701,4,31,115,150,1.26,0.04061055284328369,650,So you say you feel a lot of pressure...
3649,3705,5,23,99,127,1.2598425196850394,0.04638217211292898,650,You say your mother is moving in when?
895,3705,3,27,97,127,1.2598425196850394,0.04360432473972742,650,Classical case of compression leading to depression.
2596,3705,3,27,97,127,1.2598425196850394,0.04360432473972742,650,Atlas shrugged his problems off and you can too.
2972,3708,6,28,120,154,1.2597402597402598,0.04202375107555406,650,"I understand that your wife dropped it on you, but the issue is the weight, not her."
3005,3708,9,22,123,154,1.2597402597402598,0.044951562463733934,650,"So, you say your suffering from crushing defeat?"
3048,3708,7,26,121,154,1.2597402597402598,0.04302183273971188,650,"Well, at least it takes the weight off your shoulders."
2650,3708,5,30,119,154,1.2597402597402598,0.04100138066744237,650,Reframing may not be the best strategy here.
6835,3708,8,24,122,154,1.2597402597402598,0.04399727866706485,650,It all started when my wife bought me the Gravity Blanket.
3097,3713,6,22,103,131,1.2595419847328244,0.046722009006535774,650,Our promise to our clients is to take a load off their chest after every consultation.
5827,3713,4,26,101,131,1.2595419847328244,0.04413690634167973,650,"I’m listening, Marvin. I sense you have sometjing to get off your chest."
6763,3713,5,24,102,131,1.2595419847328244,0.045447841681542034,650,Don’t worry.  It will only take a few days to straighten you out.
7507,3713,5,24,102,131,1.2595419847328244,0.045447841681542034,650,Take deep breaths.
1286,3713,6,22,103,131,1.2595419847328244,0.046722009006535774,650,"Don’t worry, it’s hollow"
1135,3713,6,22,103,131,1.2595419847328244,0.046722009006535774,650,Next time use your legs when lifting.
1290,3713,9,16,106,131,1.2595419847328244,0.05035142065419517,650,"Perhaps if you switched to a high fiber, reduced gluten diet you'd feel differently."
5197,3720,6,29,123,158,1.259493670886076,0.04132410908906316,650,I don’t care. It’s still your turn to cook.
6094,3721,7,14,87,108,1.2592592592592593,0.054829687484917594,650,It’s time for you to get over the idea that it’s the weight of the world that’s holding you down.
138,3721,4,27,104,135,1.2592592592592593,0.04330585040333075,650,Since you recognize your problem we can move to the next step
4089,3721,3,29,103,135,1.2592592592592593,0.0420099792863805,650,So where do you think this feeling that you're 'weighted down' comes from?
7568,3721,6,23,106,135,1.2592592592592593,0.04578769832807442,650,"Let's go over your hatred for this ""Bugs Bunny"" person."
6104,3721,10,22,130,162,1.2592592592592593,0.044267726271644194,650,"Doctor, I don't know why, but I feel like the weight of the world is on me."
4714,3721,8,19,108,135,1.2592592592592593,0.04814176936102199,650,"So, what's weighing on you this week?"
7268,3727,5,33,128,166,1.2590361445783131,0.03909408885300817,650,Perhaps you've been underestimating the weight of your problems.
5259,3728,5,26,108,139,1.2589928057553956,0.043726586145981586,650,You need to be completely honest with me if you want to get that off your chest.
3483,3728,8,20,111,139,1.2589928057553956,0.047167865964530195,650,Sorry Marvin...you don't get up until you promise to shave..
4344,3728,8,20,111,139,1.2589928057553956,0.047167865964530195,650,So are you going to offer tea or do I have to get it myself.
1428,3728,3,30,106,139,1.2589928057553956,0.04127330259224871,650,"Carrying it all on your shoulders isn’t that bad after all, huh?"
5865,3728,10,16,113,139,1.2589928057553956,0.04932885979584882,650,And your mother was a weight lifter?
5727,3728,5,26,108,139,1.2589928057553956,0.043726586145981586,650,You don't like that? That's how it feels when your parents come to visit.
3076,3734,2,25,85,112,1.2589285714285714,0.045281785614922715,650,There may be a better way to flatter abs.
7356,3734,1,27,84,112,1.2589285714285714,0.04346912637264132,650,Most of my patients say it's highly effective in alleviating anxiety ... and it won't cause dry mouth.
7086,3736,9,19,115,143,1.2587412587412588,0.04729800234297885,650,I think your SlimFast program is harder than mine.
5816,3736,4,29,110,143,1.2587412587412588,0.041768837001271146,650,"Well, the weight’s off my shoulders..."
6872,3736,3,31,109,143,1.2587412587412588,0.04057268401522412,650,"Once you get everything off your chest, you'll feel like a new man!"
5476,3739,9,12,95,116,1.2586206896551724,0.054923539131236904,650,I really think you need to see a doctor if your erection has lasted more than four hours.
3104,3739,6,18,92,116,1.2586206896551724,0.05066379415575519,650,I believe you made the point about being under pressure well enough in last week's session.  Which makes this what we call a 'micro-aggression.'
7550,3741,6,26,115,147,1.2585034013605443,0.04326661893920212,650,"In pressure therapy, the weighting is the hardest part."
6267,3741,8,22,117,147,1.2585034013605443,0.04536933143282177,650,Ever since voting for Trump I've felt this weight on my shoulders.
2746,3741,9,20,118,147,1.2585034013605443,0.04638495655680603,650,We need to talk about this focus on your weight
2066,3741,10,18,119,147,1.2585034013605443,0.0473788154652724,650,"""Think positively, John; if  you still had that monkey on your back, this could have been devastating."""
5918,3741,4,30,113,147,1.2585034013605443,0.041056356319077045,650,And now let your imagination fly
2062,3746,5,29,117,151,1.2582781456953642,0.04145645994811443,650,Aren't you ready to sign our divorce paper yet?
1769,3746,4,31,116,151,1.2582781456953642,0.040377442349399294,650,"Despite your precautions and denial, gravity is real, John."
7560,3746,5,29,117,151,1.2582781456953642,0.04145645994811443,650,My Crossfit instructor says it's great for strengthening my core.
6684,3749,9,22,124,155,1.2580645161290323,0.04469203812864336,650,"So, how does it feel to have that big weight off your shoulders?"
6341,3749,5,22,97,124,1.2580645161290323,0.047035048593734724,650,"The weight of the world, tell me more."
1893,3749,4,24,96,124,1.2580645161290323,0.04561979233461597,650,"Well, in fact, I might not be able to eleviate the weight you are bearing....and your session has ended."
3113,3749,11,18,126,155,1.2580645161290323,0.04652905149704709,650,This isn't what I meant when I said I was depressed.
1213,3753,6,29,124,159,1.2578616352201257,0.041095805817513,650,How long has your mother-in-law been living with you?
2188,3754,3,27,98,128,1.2578125,0.043309926381594484,650,You said you were feeling light headed?
3641,3754,7,19,102,128,1.2578125,0.048660823127348575,650,I see a weight has been lifted off your shoulders.
1513,3754,4,25,99,128,1.2578125,0.04470773109029495,650,"Now, remember this feeling next time you feel like hyperbolizing..."
4160,3754,5,23,100,128,1.2578125,0.04606313835709762,650,Just get used to it.
364,3754,6,21,101,128,1.2578125,0.04737978694937442,650,Maybe you could try intermittent fasting.
4190,3754,5,23,100,128,1.2578125,0.04606313835709762,650,"I understand the weight you're feeling, but let's bring it back into the room."
5550,3754,6,21,101,128,1.2578125,0.04737978694937442,650,"Just relax - it's ""Tom Petty Therapy.""  The weighting is the hardest part."
3396,3754,5,23,100,128,1.2578125,0.04606313835709762,650,I don't think you should take any of this lightly
6024,3754,4,25,99,128,1.2578125,0.04470773109029495,650,"Unfortunately, we’re out of time. Next week we’ll try to get down to 50 tons."
5897,3754,6,21,101,128,1.2578125,0.04737978694937442,650,I think there has to be a better way of getting rid of your beer belly....
1989,3754,8,17,103,128,1.2578125,0.049908989205293415,650,"George, I think you just don't understand the pressures I face."
957,3765,5,24,103,132,1.2575757575757576,0.04514506409940063,650,"Okay, lets see if we can get past what is weighing you down..."
1759,3765,5,24,103,132,1.2575757575757576,0.04514506409940063,650,I have a sense that something is weighing on you.
2985,3765,4,26,102,132,1.2575757575757576,0.04384536910022607,650,So you think the weight of the world is on you? Let's explore that.
3204,3765,6,22,104,132,1.2575757575757576,0.046408374605699396,650,Why so flat today?
4006,3765,8,18,106,132,1.2575757575757576,0.04883705637680049,650,Even though my specialty is sex addiction -- your case is unique.
4657,3765,7,20,105,132,1.2575757575757576,0.047638195332599,650,I really shouldn't have taken that Viagra.
5199,3765,5,24,103,132,1.2575757575757576,0.04514506409940063,650,"When I said 'Waiting to Exhale' was sexy, I meant the movie."
5375,3765,4,26,102,132,1.2575757575757576,0.04384536910022607,650,It’s good to see that gorilla’s off your back.
5846,3765,7,20,105,132,1.2575757575757576,0.047638195332599,650,Tell me about this coyote.
6367,3765,6,22,104,132,1.2575757575757576,0.046408374605699396,650,"Tell me where it hurts"""
6390,3765,8,18,106,132,1.2575757575757576,0.04883705637680049,650,What does that heavy weight signify to you?
5195,3765,6,22,104,132,1.2575757575757576,0.046408374605699396,650,Talking about it can help.
3858,3765,6,22,104,132,1.2575757575757576,0.046408374605699396,650,This should rein in your fantasy life.
7198,3778,9,25,133,167,1.2574850299401197,0.04243853957397885,650,You're always worrying about the warning signs for heart attack.
6289,3779,8,19,109,136,1.2573529411764706,0.047824483398717685,650,I think we should call 911
6221,3779,4,27,105,136,1.2573529411764706,0.043028494801232234,650,"I'm sorry, Mr. Rogers.  I can't see a thing."
6665,3779,4,27,105,136,1.2573529411764706,0.043028494801232234,650,"I can see you're carrying a lot of weight, but how do you feel about that?"
3427,3779,5,25,106,136,1.2573529411764706,0.04427622191123931,650,On the bright side it is only one trillionth the weight of the world.
4662,3779,6,23,107,136,1.2573529411764706,0.04548973827806604,650,So what's been weighing you down lately?
1367,3779,6,23,107,136,1.2573529411764706,0.04548973827806604,650,My suggestion was W-A-I-T-I-N-G!
6444,3779,5,25,106,136,1.2573529411764706,0.04427622191123931,650,I promised to help you with your core issues.
5728,3779,5,25,106,136,1.2573529411764706,0.04427622191123931,650,Unfortunately we're no closer to figuring out what's weighing you down.
6714,3779,8,19,109,136,1.2573529411764706,0.047824483398717685,650,"Well, the weight is no longer on your shoulder."
2902,3779,5,25,106,136,1.2573529411764706,0.04427622191123931,650,Since when have you had these thoughts weighing you down?
5765,3789,5,26,109,140,1.2571428571428571,0.043452527605847675,650,"Apart from that, you need a shave, too."
330,3789,6,24,110,140,1.2571428571428571,0.04461946972181272,650,Some cases require more than just talk therapy.
3868,3789,7,22,111,140,1.2571428571428571,0.04575666073015567,650,"I think the more useful question might be, why do ""you"" think you feel as if you have a giant weight on your chest?"
6570,3789,7,22,111,140,1.2571428571428571,0.04575666073015567,650,Do you think that others have noticed the burden that you're carrying?
5833,3789,6,24,110,140,1.2571428571428571,0.04461946972181272,650,"Just begin at the beginning, and we'll see if we can't get that weight off your chest."
4920,3789,8,20,112,140,1.2571428571428571,0.04686626637671682,650,Sorry.  That's my new session timer.
4919,3789,6,24,110,140,1.2571428571428571,0.04461946972181272,650,Is there anything you would like to discuss or continue from last week
4519,3789,7,22,111,140,1.2571428571428571,0.04575666073015567,650,"I appreciate the visual, but next appointment, no need to bring in your weight of the world."
6328,3797,7,23,114,144,1.2569444444444444,0.04488884633653656,650,I think you would be happier if you lost some weight.
5336,3797,4,29,111,144,1.2569444444444444,0.04151666212558399,650,Has anything in particular been weighing on you recently?
5284,3797,6,25,113,144,1.2569444444444444,0.04379364598089652,650,Your 10 minutes is up.
3519,3797,11,15,118,144,1.2569444444444444,0.04902559447804361,650,"Ok Doc, “the weight is off my shoulders but my groin is in  agony."
3698,3801,4,30,114,148,1.2567567567567568,0.04081539481055208,650,I think we've found the cornerstone of your problems.
7133,3801,8,22,118,148,1.2567567567567568,0.045095577465758,650,"My expertise is more in the metaphorical version of this, but let’s
talk about your father anway."
2480,3803,7,15,91,113,1.2566371681415929,0.053005082082791775,650,Cymbalta can help.
5,3804,9,22,125,156,1.2564102564102564,0.04443542993563251,650,"Why yes, I studied at Monty Python University!"
3559,3804,5,20,92,117,1.2564102564102564,0.04879002532739663,650,It’s totally normal for someone in your condition to feel like you have the weight of the world on your shoulders.
82,3804,2,26,89,117,1.2564102564102564,0.04402703626710301,650,What seems to be weighing on you?
6682,3804,7,16,94,117,1.2564102564102564,0.051722248637346306,650,"Well, Saltpeter didn’t seem to work."
517,3808,5,21,95,121,1.256198347107438,0.04771489828013436,650,Have you ben feeling weighed down recently?
478,3809,3,26,96,125,1.256,0.04385312730232073,650,"It's not the weight of the world, you're being a little dramatic."
593,3809,6,20,99,125,1.256,0.04806447282959729,650,"John, you mentioned you were feeling weighed down?"
4256,3809,5,22,98,125,1.256,0.0467029045169846,650,Does that help you feel that all the weight no longer falls solely on your shoulders?
4997,3809,6,20,99,125,1.256,0.04806447282959729,650,"Now, what seems to be weighing on you?"
6077,3809,5,22,98,125,1.256,0.0467029045169846,650,"Stan, It's not the weight of the world, it's not even the weight of  the weight. You have a paper mache sculpture of a weight on top of you."
1959,3809,7,18,100,125,1.256,0.04938851897406534,650,'It's not exactly the weight of the world Mr. Thompson. That's much heavier. However there is a few thousand dollars worth here. So let's begin with this and work are way up.'
1167,3815,5,23,101,129,1.255813953488372,0.04574833966710416,650,"You say the weight still gives you anxiety, but you haven't even tried the breathing exercises I gave you last week."
1845,3815,9,15,105,129,1.255813953488372,0.0507681662691075,650,Sorry about the weight.
2086,3815,4,25,100,129,1.255813953488372,0.044404803245696116,650,What's your job in the government?
2619,3815,5,23,101,129,1.255813953488372,0.04574833966710416,650,"I'm glad you made this appointment, Mr. Jenkins. You clearly do need to get something off your chest."
3240,3815,7,19,103,129,1.255813953488372,0.048323479223998766,650,"I’m only telling you one more time . . . Lighten up, or this marriage is over."
3388,3820,6,22,105,133,1.255639097744361,0.04609881624051918,650,And why do you blame your mother?
3815,3820,6,22,105,133,1.255639097744361,0.04609881624051918,650,How's that pyramid scheme working out for you Fred?
5354,3820,4,26,103,133,1.255639097744361,0.043557531216445955,650,So when did you start having this feeling that you carry the weight of the world?
6449,3820,5,24,104,133,1.255639097744361,0.044846178122827915,650,"Do what you're always telling me to do--shrug it off."""
6524,3820,5,24,104,133,1.255639097744361,0.044846178122827915,650,"Well, its a weighty problem, all right."
6748,3820,6,22,105,133,1.255639097744361,0.04609881624051918,650,Sometimes I just feel weighed down.
3510,3820,8,18,107,133,1.255639097744361,0.04850714578165413,650,And how does your partner feel about the weight you've gained?
5349,3820,4,26,103,133,1.255639097744361,0.043557531216445955,650,"Well, there's always the possibility of a 'presidential pardon'."
4523,3820,6,22,105,133,1.255639097744361,0.04609881624051918,650,I understand.  But the session's over and there's someone waiting for your place.
1004,3829,8,19,110,137,1.2554744525547445,0.04751126629660043,650,"First let’s work on your anger management, then we’ll get to getting the weight off your chest"
3105,3829,8,19,110,137,1.2554744525547445,0.04751126629660043,650,"You think that’s a heavy burden??? Just wait until you get my bill!”

Vince Creo, Madison , N.J."
3229,3829,7,21,109,137,1.2554744525547445,0.04636785759716212,650,"It may not be the weight of the world, but it sure as hell feels like it."
6832,3829,4,27,106,137,1.2554744525547445,0.042754550603220934,650,"Moved on from the weight of the world, have we?"
7101,3829,6,23,108,137,1.2554744525547445,0.04519553087634805,650,"I may not have helped you completely, but at least now the weight is off your shoulders."
2146,3829,6,23,108,137,1.2554744525547445,0.04519553087634805,650,Too much weight on the shoulders I can treat.  Too much pressure on the chest I refer to the ER.  But this has me stumped.
6218,3829,8,19,110,137,1.2554744525547445,0.04751126629660043,650,I thought you meant “ WAIT
2308,3836,8,20,113,141,1.2553191489361701,0.04656841805556057,650,So how's your relationship with your mother?
2093,3836,10,16,115,141,1.2553191489361701,0.04869550087415568,650,Your mother is in there somewhere...
604,3836,9,18,114,141,1.2553191489361701,0.047643831529288014,650,I don’t want to pressure you to tell me the truth.
4588,3836,6,24,111,141,1.2553191489361701,0.04433941040440235,650,I came here to get a load off my chest.
5979,3836,6,24,111,141,1.2553191489361701,0.04433941040440235,650,"No worry, I see a lot of this. It's just the weight of  current reality."
6974,3836,6,24,111,141,1.2553191489361701,0.04433941040440235,650,They call it “The pilates of psychoanalysis.”
3800,3842,8,21,116,145,1.2551724137931035,0.04567429077311616,650,"Yes, I understand that you feel you’re  carrying the weight of the world. I don’t need a real life demonstration."
6511,3842,6,25,114,145,1.2551724137931035,0.04352665799715286,650,I'm not here to help you. I'm here to help you help yourself.
6708,3842,8,21,116,145,1.2551724137931035,0.04567429077311616,650,Let's pick a metaphor that's appropriate for your fitness level.
6079,3842,5,27,113,145,1.2551724137931035,0.042412079833322056,650,Have you come to take a load off?
2615,3842,9,19,117,145,1.2551724137931035,0.04671109373842782,650,It's just your imagination.
1771,3842,8,21,116,145,1.2551724137931035,0.04567429077311616,650,"I have a ton of stuff weighing on me too,"
5415,3848,8,22,119,149,1.25503355704698,0.04482503464391083,650,Sorry for all the jokes earlier - just trying to keep things light.
1842,3848,8,22,119,149,1.25503355704698,0.04482503464391083,650,But is it really the weight of the world?
6378,3848,8,22,119,149,1.25503355704698,0.04482503464391083,650,That extra weight is unattractive
1473,3848,7,24,118,149,1.25503355704698,0.04380170098592749,650,"Yes Honey, you do have a weight to bear.  But you still need to take out the trash."
1086,3848,8,22,119,149,1.25503355704698,0.04482503464391083,650,Now close your eyes and imagine you can take three...long...deep... breaths.
7558,3848,10,18,121,149,1.25503355704698,0.04680462769814771,650,It represents the guilt you will feel if you are late again in paying my bill.
3661,3848,5,28,116,149,1.25503355704698,0.04167972608026823,650,I need to lose weight.
1937,3848,6,26,117,149,1.25503355704698,0.04275388038170801,650,I told you to put more than one x on her Mother’s Day card.
6561,3856,4,31,118,153,1.2549019607843137,0.03991887603166448,650,"You know, Brian, you’re not the only one who has a ton of work pressing down on him."
651,3857,4,21,89,114,1.2543859649122806,0.047953626600184374,650,"For heavier burdens, I charge by the pound."
5879,3857,5,19,90,114,1.2543859649122806,0.049545995794159706,650,Perhaps that sensation of a big weight pressing you down isn't just a metaphor.
4079,3857,9,11,94,114,1.2543859649122806,0.05546014136057366,650,She ain’t heavy. She’s my mother.
3294,3857,3,23,88,114,1.2543859649122806,0.046306532033665936,650,Let's try doubling your dose of Viagra.
3258,3857,6,17,91,114,1.2543859649122806,0.05108875702500376,650,I can see you have quite a load to stomach... How long have you been carrying this extra weight around?
2485,3857,8,13,93,114,1.2543859649122806,0.05404231568511691,650,You came to me to lift a weight off your shoulders.  Mission accomplished.
5283,3863,5,20,93,118,1.2542372881355932,0.04842356318497437,650,"Usually, I recommend exercise."
2626,3863,6,18,94,118,1.2542372881355932,0.04989695404704999,650,It’s like I woke up and a weight had not been lifted off me.
5087,3863,5,20,93,118,1.2542372881355932,0.04842356318497437,650,I am pleased to see that the weight has been lifted off of your shoulders.
6862,3866,5,21,96,122,1.2540983606557377,0.04736874836158813,650,It's not going to work. You need to cut back on the pasta and beer.
5436,3867,6,20,100,126,1.253968253968254,0.04772475040753304,650,I suggest that the first thing you should do is join a Weight Watchers .
1117,3867,8,16,102,126,1.253968253968254,0.05031520699976876,650,I want to get something off my chest
234,3867,7,18,101,126,1.253968253968254,0.04903708727530064,650,Let’s be clear. It’s not literally the weight of the world on your shoulders.
1490,3867,8,16,102,126,1.253968253968254,0.05031520699976876,650,So was this what you meant when you said you had some weighty matters to discuss?
1338,3867,4,24,98,126,1.253968253968254,0.04498537037185613,650,You're going to need more help than just mine to get that weight off your chest.
3424,3867,4,24,98,126,1.253968253968254,0.04498537037185613,650,Remember to try to breathe.
2157,3873,6,21,103,130,1.2538461538461538,0.046731625028052344,650,Focus on the positive - we've cleared your mind.
3863,3873,8,17,105,130,1.2538461538461538,0.0492175369814075,650,And how do you feel now it's off your shoulders?
7287,3873,5,23,102,130,1.2538461538461538,0.04543769573146975,650,Let’s dig deeper — I’m sure this is about dreams somehow.
5132,3873,5,23,102,130,1.2538461538461538,0.04543769573146975,650,And you say it was your mother who put you under all the pressure?
2860,3873,5,23,102,130,1.2538461538461538,0.04543769573146975,650,It's Gestalt therapy with props.
5759,3873,6,21,103,130,1.2538461538461538,0.046731625028052344,650,You really need to take responsibility and stop blaming your parents.
1334,3873,4,25,101,130,1.2538461538461538,0.044105822846975215,650,Could be worse...it could be on your shoulders.
773,3873,5,23,102,130,1.2538461538461538,0.04543769573146975,650,You're  clearly carrying a tremendous weight.
1407,3873,7,19,104,130,1.2538461538461538,0.04799067995079202,650,Please don't press me on the matter.
4312,3873,4,25,101,130,1.2538461538461538,0.044105822846975215,650,"So, you said that you see the ho but not the heave?"
3016,3883,6,22,106,134,1.2537313432835822,0.04579325782901285,650,Why do you always want to talk about heavy pressing issues?
5404,3883,4,26,104,134,1.2537313432835822,0.043273326210569375,650,I’m pretty sure that I mentioned only helping to get a load off your mind.
4711,3883,7,20,107,134,1.2537313432835822,0.04700258836732817,650,"So,I understand that you want to get some weight off your chest."
2816,3883,2,30,102,134,1.2537313432835822,0.040597278973574756,650,No. your pressure tactic feels very real.
2330,3883,8,18,108,134,1.2537313432835822,0.04818157494169884,650,"You said you've tried Viagra, yes?"
405,3883,7,20,107,134,1.2537313432835822,0.04700258836732817,650,Have you considered religion?
5136,3883,5,24,105,134,1.2537313432835822,0.04455111235379425,650,"Enough already, get it off your chest!"
1792,3883,4,26,104,134,1.2537313432835822,0.043273326210569375,650,"Now, about last month's past due invoice."
6118,3891,5,25,108,138,1.2536231884057971,0.04371124851677211,650,I think with a bit more positive thinking you'll be able to get this weight off your chest
6000,3891,5,25,108,138,1.2536231884057971,0.04371124851677211,650,Our sessions have really succceeded in getting that weight off your shoulders.
5402,3891,7,21,110,138,1.2536231884057971,0.046067844452383516,650,For some reason I’ve been feeling depressed.
3689,3891,4,27,107,138,1.2536231884057971,0.042483958432542705,650,Your turn to stare at the glass ceiling.
1387,3891,6,23,109,138,1.2536231884057971,0.044905008291859914,650,I didn't say you'll have to wait.  I said you'll have a weight.
1264,3891,2,31,105,138,1.2536231884057971,0.039916333480218655,650,"No, no. They say the feeling of the weight of an elephant is a heart attack. This is more rhino-like, I should be fine."
718,3891,5,25,108,138,1.2536231884057971,0.04371124851677211,650,You could have just said I talk too much.
3668,3891,3,29,106,138,1.2536231884057971,0.041220143149933636,650,"yes, we can get that weight off your chest."
3328,3891,11,13,114,138,1.2536231884057971,0.05045188186457454,650,Sorry.  I'm here to take the weight off your mind.
53,3891,7,21,110,138,1.2536231884057971,0.046067844452383516,650,Sorry about the weight time.
1554,3891,3,29,106,138,1.2536231884057971,0.041220143149933636,650,Sounds like you’re making excuses again.
1391,3891,6,23,109,138,1.2536231884057971,0.044905008291859914,650,"Yes, yes.  Everyone is always complaining to me about the weight they carry for their family. What makes you so special?"
4436,3903,5,26,111,142,1.2535211267605635,0.042914288669879404,650,At least it’s not just on your shoulders.
5029,3903,7,22,113,142,1.2535211267605635,0.045182036405808805,650,"I'm sorry, are you really depressed? Or just pressed?"
4376,3903,7,22,113,142,1.2535211267605635,0.045182036405808805,650,"Mr. Smith, tell me more about your wife."
1632,3903,9,18,115,142,1.2535211267605635,0.04734127855803986,650,I can only help with the psychological weight you carry!
643,3903,10,16,116,142,1.2535211267605635,0.0483847783541164,650,"Yes, yes, I get the metaphor."
3914,3903,7,22,113,142,1.2535211267605635,0.045182036405808805,650,Are you sure that's what your doctor meant about watching your weight?
7562,3903,8,20,114,142,1.2535211267605635,0.046274253474722624,650,That statement - the weight of the world - was intended to be metaphorical.
6060,3903,4,28,110,142,1.2535211267605635,0.041734231167887756,650,"Und so,  ve begin, ja?"
498,3911,5,27,114,146,1.2534246575342465,0.04215682962404238,650,What is the most important thing weighing on your mind today?
7106,3911,8,21,117,146,1.2534246575342465,0.04539403284374742,650,What feels pressing?
6207,3911,4,29,113,146,1.2534246575342465,0.04102103085809737,650,You are supposed to carry it on your shoulders.
5486,3911,8,21,117,146,1.2534246575342465,0.04539403284374742,650,If you just admit you are a witch they will remove the weight.
290,3911,6,25,115,146,1.2534246575342465,0.04326282001025936,650,Now and then there comes an occasion we can't rise to.
899,3911,7,23,116,146,1.2534246575342465,0.04434123257792524,650,I'd like you to explore this feeling of oppression.
6890,3911,3,31,112,146,1.2534246575342465,0.03985287519579254,650,"You will tell all your friends: ""My awesome therapist just helped me lose a ton of weight."""
7027,3918,5,28,117,150,1.2533333333333334,0.041435825874730124,650,"Well, for starters, you will need to explain to, me how you got yourself into this situation in the first place."
1814,3919,6,27,121,154,1.2532467532467533,0.041777101738457396,650,We all have issues. The trick is not letting them weigh you down.”
3579,3919,5,29,120,154,1.2532467532467533,0.04074854343214989,650,You seem blocked today.
5380,3919,5,29,120,154,1.2532467532467533,0.04074854343214989,650,It’s called SBT-Sisyphean Behavioral Therapy.
5754,3919,3,33,118,154,1.2532467532467533,0.038609311262888094,650,THere!. That should keep you from drifting off again during our session.
4036,3923,4,32,122,158,1.2531645569620253,0.03907409061031696,650,I get that way too.
2261,3923,9,22,127,158,1.2531645569620253,0.043930773182821375,650,I thought the weight was supposed to be on your shoulders
3119,3923,5,30,123,158,1.2531645569620253,0.040092520650449354,650,I think we should discuss my extended payment plan first.
2554,3926,6,15,86,107,1.2523364485981308,0.05327149207679169,650,"In your case, it seems to be a little more than the proverbial ""weight on your shoulders"""
4176,3927,5,20,94,119,1.2521008403361344,0.0480624258685221,650,"In a few minutes, I might just be dead weight."
2813,3927,7,16,96,119,1.2521008403361344,0.05093973387211289,650,I told you I wouldn't be ironing your shirts before we got married.
4572,3929,4,23,96,123,1.2520325203252032,0.04558839184199874,650,It’s much more effective than those weighted blankets.
6825,3929,4,23,96,123,1.2520325203252032,0.04558839184199874,650,"There really isn’t anything weighing on my “mind,” however...”"
216,3931,7,18,102,127,1.2519685039370079,0.048690519059619776,650,It's time you learnt to carry your own weight around here!
1998,3931,4,24,99,127,1.2519685039370079,0.04467452870973071,650,I'm sorry to hear about the anxiety attack but I think the kleptomania should be our priority today.
5820,3931,6,20,101,127,1.2519685039370079,0.047389685263170035,650,"I’m sure it’s heavy but it’s hardly, ‘The  weight of the world.’"
3933,3931,7,18,102,127,1.2519685039370079,0.048690519059619776,650,Let's talk about your feelings today and discuss the steps we can take to alleviate that load on your shoulders. Or I can call 911.
5841,3931,3,26,98,127,1.2519685039370079,0.043253082415981324,650,"I'm sorry, unburdening usually occurs with much less ballast."
6093,3931,7,18,102,127,1.2519685039370079,0.048690519059619776,650,This may be even more problematic than when it was on your shoulders...
4311,3931,5,22,100,127,1.2519685039370079,0.046052121475448175,650,"Well, I’m glad you got that weight off your shoulders"
6332,3938,5,23,103,131,1.251908396946565,0.0451311281248637,650,Let's get the weight off your mind first.
1390,3938,6,21,104,131,1.251908396946565,0.046413990756227416,650,Well that’s a weight off my shoulders
7531,3938,4,25,102,131,1.251908396946565,0.043810716882134705,650,"I've got a lot weighing me down, too, and you don't hear me complaining."
4429,3938,3,27,101,131,1.251908396946565,0.042449253251738865,650,I can see this is weighing on you.
1916,3938,6,21,104,131,1.251908396946565,0.046413990756227416,650,My gym instructor says the weight's just gonna fall off me.
1522,3938,6,21,104,131,1.251908396946565,0.046413990756227416,650,"Oh come on ,take a deep breath and you'll feel better."""
3039,3944,6,22,107,135,1.2518518518518518,0.04549162506649493,650,It's like a weight has been lifted off my shoulders.
4754,3944,6,22,107,135,1.2518518518518518,0.04549162506649493,650,"Lifting that weight of your chest, will literally make you feel better."
244,3944,5,24,106,135,1.2518518518518518,0.04425979701350884,650,That might be your burden. Mine is having to hear you complain.
4524,3944,8,18,109,135,1.2518518518518518,0.04786026107552733,650,You don't have to be so literal
5939,3948,5,25,109,139,1.2517985611510791,0.043433982204254526,650,It's not the weight of the world... and it's not on your shoulders.
5600,3948,5,25,109,139,1.2517985611510791,0.043433982204254526,650,"Think of it this way, at least it's not the weight of the world."
315,3948,4,27,108,139,1.2517985611510791,0.042216660165913016,650,"I'm hearing..., you feel like your under a lot of pressure."
336,3948,7,21,111,139,1.2517985611510791,0.045771602978594964,650,I guess that's the prison of masculinity.
1878,3948,4,27,108,139,1.2517985611510791,0.042216660165913016,650,This is metaphor therapy.
2778,3948,6,23,110,139,1.2517985611510791,0.04461810422546896,650,Tell me what the pressure feels like.
283,3948,5,25,109,139,1.2517985611510791,0.043433982204254526,650,"You're not alone, depression is common among prop comics."
7280,3955,8,20,115,143,1.2517482517482517,0.04598370665040281,650,"So, the weighting is over?"
1577,3955,3,30,110,143,1.2517482517482517,0.0402745080182567,650,Just wait & see how great you feel when it's lifted off.
3174,3955,7,22,114,143,1.2517482517482517,0.044899980190093225,650,I asked the genie to take the weight of the world off your shoulders.
5357,3955,6,24,113,143,1.2517482517482517,0.04378944124821906,650,My family says I'm lethargic. But who wouldn't be?
5146,3955,2,32,109,143,1.2517482517482517,0.03903258817799671,650,So when did you first begin feeling like this?
3401,3955,10,16,117,143,1.2517482517482517,0.04807793038171848,650,Umm...that's my lamp. The couch is over there.
7439,3955,8,20,115,143,1.2517482517482517,0.04598370665040281,650,"Honey, I’m depressed.  What do you think?"
6135,3955,7,22,114,143,1.2517482517482517,0.044899980190093225,650,9-1-1 must have thought you were misusing the word 'literally.'
3378,3963,9,19,119,147,1.251700680272109,0.046138299204933786,650,Your mother gained a little weight since our last appointment.
4225,3963,8,21,118,147,1.251700680272109,0.04511712195395935,650,At first it felt as if a weight was lifted off my shoulders but then...
7586,3963,7,23,117,147,1.251700680272109,0.044072289857606535,650,"Welcome to “Weight, weight, don’t tell me.”"
7269,3963,8,21,118,147,1.251700680272109,0.04511712195395935,650,"Oh I see, something's weighing on you."
4784,3963,5,27,115,147,1.251700680272109,0.04190454406221098,650,Mmmm a weight on your chest ... could you be more specific
4574,3963,7,23,117,147,1.251700680272109,0.044072289857606535,650,This conversation is getting way too heavy for me.
3939,3963,7,23,117,147,1.251700680272109,0.044072289857606535,650,So you say you’re feeling under a great deal of pressure...
2035,3963,6,25,116,147,1.251700680272109,0.0430020787076315,650,deep breath.....just an hour to go.
997,3971,7,24,120,151,1.2516556291390728,0.043285124869849506,650,I think youbneed to get something off your chest.
945,3971,6,26,119,151,1.2516556291390728,0.04225283202636141,650,"No, I don't know what avoirdupois means."
6876,3971,8,22,121,151,1.2516556291390728,0.04429336582095581,650,Is  there anything weighing on you today?
1669,3974,5,30,124,159,1.251572327044025,0.03987137333776931,650,That kind of guilt occurs when you don’t pay your therapist on time.
873,3974,5,30,124,159,1.251572327044025,0.03987137333776931,650,Apparently you have a weight on your chest.
5947,3976,5,27,116,148,1.25,0.04165517399877003,650,Can we have a male marriage counselor next time I cheat on you?
5882,3976,5,26,113,144,1.25,0.04238884637277,650,It’s method therapy.
5795,3976,7,20,109,136,1.25,0.04638336040008698,650,"Had it been your tongue stuck to a frozen flagpole,the Judge wouldn't have required these sessions."
5386,3976,6,24,114,144,1.25,0.04351941398892446,650,"Last week it was it was the weight of the world on your shoulders, what’s wrong this week?"
4915,3976,10,16,118,144,1.25,0.047774886524614396,650,Tell me about any unusual experiences you have had.
4313,3976,4,22,94,120,1.25,0.04621530419392146,650,"Actually,there IS a heavy weight on you!"
4123,3976,7,20,109,136,1.25,0.04638336040008698,650,Why don't you get a load off your chest while your at it.
4085,3976,4,27,109,140,1.25,0.04195259890620108,650,"I tend to work in a more metaphorical relm, but tell me about your mother anyway."
6712,3976,3,23,90,116,1.25,0.04560931807265346,650,I get the sense that something is weighing on you this session.
3746,3976,4,27,109,140,1.25,0.04195259890620108,650,Weighted blankets can only do so much in this news cycle.
3312,3976,9,19,120,148,1.25,0.045857040618608895,650,How is the hyperactivity therapy working.
3126,3976,9,19,120,148,1.25,0.045857040618608895,650,Heavy metal never made me feel good.
3098,3976,3,22,87,112,1.25,0.04660273245009,650,It’s a new technology I’ve developed to remind you how bad it COULD be.
2497,3976,5,23,104,132,1.25,0.04482856025954131,650,Is it better with the weight off your shoulders?
2606,3976,7,22,115,144,1.25,0.044621345688633046,650,I told you lifting weights at your age was ridiculous.
2402,3976,3,27,102,132,1.25,0.04216964516017963,650,"Okay, let's start with your most recent job."
3748,3976,9,18,117,144,1.25,0.04674734950042286,650,It's a heavy lift. This is going to cost you a ton.
6018,3976,3,23,90,116,1.25,0.04560931807265346,650,"Instead of “crushing sadness,” let’s call it “Weighty.”"
6098,3976,5,22,101,128,1.25,0.045733307698775365,650,I just can’t figure out what is keeping you down.
6147,3976,7,22,115,144,1.25,0.044621345688633046,650,I'd like to prescribe something to alleviate the bulk of your symptoms.
5853,3976,4,24,100,128,1.25,0.044367825470805686,650,"Just relax, breathe, and let the weight of the world flatten you into an eternal slumber."
5170,3976,5,23,104,132,1.25,0.04482856025954131,650,"Mr. Jones, tell me what is holding you down?"
6416,3976,5,24,107,136,1.25,0.04397216390237215,650,you'd feel better if you stop  bringing  your office problems home at night
6410,3976,5,25,110,140,1.25,0.04316011443339083,650,"Well, for starters, you could definitely lose some weight !"
3009,3976,3,29,108,140,1.25,0.040709281890814235,650,How long have your carried this burden?
2444,3976,6,24,114,144,1.25,0.04351941398892446,650,I get it.  You feel like you are carrying the weight of the world.
2711,3976,8,15,101,124,1.25,0.050729015290999296,650,"Roger, here’s just another example of you using melodrama to gain sympathy.  It’s clearly NOT the weight of the world."
2392,3976,8,19,113,140,1.25,0.046595281377622505,650,"Sorry, our weighted blanket is in the wash and this is all we could find."
7559,3976,7,17,100,124,1.25,0.04941965852606572,650,"16 tons, another day older, and deeper in debt to my shrink."
6975,3976,2,26,92,120,1.25,0.043078327461947355,650,It sounds as if the weight of the world has at least shifted off your shoulders.
6878,3976,5,24,107,136,1.25,0.04397216390237215,650,"Now Ted, you can't blame your mother for all of your problems."
6803,3976,3,28,105,136,1.25,0.0414208434789757,650,You gained a lot of weight in the past five days.
6566,3976,6,22,108,136,1.25,0.0451938453788867,650,Do you have a support group that can help take the weight off?
6275,3976,5,21,98,124,1.25,0.04669091947809488,650,"I know, I know. Our finances are tanking, your work is draining, and you have long term parenting regrets. But what about me? I can't do anything with this hair!"
6213,3976,5,25,110,140,1.25,0.04316011443339083,650,"So, that 150 lb weight represents your mother in your teen years."
6200,3976,3,32,117,152,1.25,0.03877031056783869,650,"Sorry Alfred, but your insurance doesn’t cover that."
7078,3976,6,22,108,136,1.25,0.0451938453788867,650,"So, what do you feel is weighing you down from moving forward with your life?"
2325,3976,7,18,103,128,1.25,0.04834871689297298,650,Have you ever wondered why you always feel like there’s a 1000.-lb. weight on your chest?
6061,3976,5,28,119,152,1.25,0.040956241685584586,650,Are you here to get a load off your chest or are you just happy to see me?
727,3976,8,21,119,148,1.25,0.044843500208385956,650,Now you know what misogyny feels like.
31,3976,2,27,95,124,1.25,0.042268793820328485,650,You're right; it's a lot to take on for one man.
131,3976,3,33,120,156,1.25,0.038181361646374215,650,I really think you’ll lighten up when we’re done here.”
183,3976,5,22,101,128,1.25,0.045733307698775365,650,I'm  glad we talked--that's certainly a weight off my shoulders!
220,3976,6,25,117,148,1.25,0.04274438190247978,650,I don't care what you do. You'll never get a six pack.
2263,3976,7,14,91,112,1.25,0.05305954499725111,650,Stop complaining! It could be worse. It could be the weight of the world. Count yourself lucky!
469,3976,6,22,108,136,1.25,0.0451938453788867,650,Let me try to paraphrase and summarize what you say you're feeling…
5863,3976,6,23,111,140,1.25,0.044334753871226124,650,"Okay Mr. Always Hard, rise up."
732,3976,6,21,105,132,1.25,0.046100544855210326,650,Do you still feel trapped in this relationship?
851,3976,7,24,121,152,1.25,0.043031273331024834,650,"Sorry Phil, your problems can't be lifted."
6298,3976,4,27,109,140,1.25,0.04195259890620108,650,I thought we agreed that you were going to lose some weight
994,3976,7,20,109,136,1.25,0.04638336040008698,650,Dr. Branson's revolutionary method drastically shortened therapy sessions as patients were eager to get the load off their chest.
1033,3976,5,24,107,136,1.25,0.04397216390237215,650,I preferred it on my shoulders.
1274,3976,8,22,122,152,1.25,0.04403213440466003,650,"Alright, I’ll iron your clothes!"
1322,3976,7,22,115,144,1.25,0.044621345688633046,650,"Oh come on an lighten up, will you."
1349,3976,4,26,106,136,1.25,0.042715556140397404,650,"I'd like you to stay a little longer, but no pressure ..."
5733,3976,5,25,110,140,1.25,0.04316011443339083,650,"I know what you're thinking, Dave, but I really feel that the problem with your mother-in-law is the more pressing issue here."
1427,3976,4,27,109,140,1.25,0.04195259890620108,650,That’s not what your doctor meant when he said you need to gain a little weight.
4782,3976,3,27,102,132,1.25,0.04216964516017963,650,I’m feeling a ton of stress.
1846,3976,7,25,124,156,1.25,0.04229265090918735,650,"You obviously want to get something off your chest, but it's going to cost you."
868,3976,9,13,102,124,1.25,0.05200541640979274,650,"I love you, Walter, but sooner or later you're gonna have to face the fact that you're a goddamn moron."
6350,4036,5,30,126,161,1.2484472049689441,0.039436102792547494,650,"Before I could give you any advice, you need to get this off your chest first."
6817,4036,8,24,129,161,1.2484472049689441,0.042286232489106394,650,Your existential angst may decrease if you lose a little weight
7495,4038,2,35,120,157,1.2484076433121019,0.036879828502872344,650,"Take a load off, Danny."
1599,4039,6,26,121,153,1.2483660130718954,0.04176309353236026,650,I come here with a very heavy heart...
6259,4039,7,24,122,153,1.2483660130718954,0.042780314320937096,650,"Now, tell me what's weighing on you."
261,4041,3,31,115,149,1.2483221476510067,0.03915722940852179,650,I am afraid that is not a good way to become thinner.
3834,4041,7,23,119,149,1.2483221476510067,0.04354385721569028,650,Just let me know if you have to use the washroom.
426,4041,5,27,117,149,1.2483221476510067,0.0414086712909991,650,"After what you’ve said, do you feel lighter or heavier?"
3238,4041,8,21,120,149,1.2483221476510067,0.044573110983951156,650,The weight off the world wasn’t enough?
106,4045,6,24,115,145,1.2482758620689656,0.043252615453394906,650,"I think I see a quick and easy weight-loss solution."""
1271,4045,5,26,114,145,1.2482758620689656,0.04213078806462358,650,"Yes, well, the point was to free you of delusion."
3073,4045,8,20,117,145,1.2482758620689656,0.045413209804915894,650,"If you're not seeing results with the gravity blanket, I recommend that we move on to a heftier treatment plan."
4468,4045,8,20,117,145,1.2482758620689656,0.045413209804915894,650,Feeling better now that  the weight is of your shoulders?
1884,4045,4,28,113,145,1.2482758620689656,0.04097826085051929,650,I can't get it off your chest. You have to participate in your own therapy.
6082,4045,7,22,116,145,1.2482758620689656,0.04434607292841478,650,I told you not to have the matzo ball soup.
7221,4045,8,20,117,145,1.2482758620689656,0.045413209804915894,650,This should help you gain perspective about your issues.
6070,4045,4,28,113,145,1.2482758620689656,0.04097826085051929,650,"If I hear, ""I feel like I'm going through life with a huge weight on my chest"" one more time I'm going to scream!"
5502,4053,5,25,111,141,1.24822695035461,0.04288958558969954,650,"Doc, I’ve got something I really have to get off my chest."
3326,4053,4,27,110,141,1.24822695035461,0.04169171895547657,650,I'd like to try some uplifting block and tackle therapy.
1436,4053,2,31,108,141,1.24822695035461,0.03918628821762796,650,"Is that mattress firm enough for you? Also, tell me about your mother."
1478,4053,6,23,112,141,1.24822695035461,0.044054893878545213,650,You're such an interesting subject. Most people just need the couch!
3900,4053,6,23,112,141,1.24822695035461,0.044054893878545213,650,and is the weight on your chest that you feel in the room with you right now?
7085,4053,7,21,113,141,1.24822695035461,0.04519016261581274,650,"Other than the economy, is there anything else pressing on you at this time"""
4125,4053,7,21,113,141,1.24822695035461,0.04519016261581274,650,How much time do I have to get this off my chest?
5750,4053,6,23,112,141,1.24822695035461,0.044054893878545213,650,It's better than the weight of the world on your shoulders.
5848,4053,7,21,113,141,1.24822695035461,0.04519016261581274,650,"'""You wanted to get something off your chest."""
6299,4053,9,17,115,141,1.24822695035461,0.0473791625340828,650,I wouldn't call it - The Weight of the World.
3601,4053,10,15,116,141,1.24822695035461,0.04843657879149553,650,"Well, if I put MY finger on your problem, it would crush you."
4712,4064,3,28,106,137,1.2481751824817517,0.041157863386336785,650,Don't be so sensitive--the extra weight looks good on you.
1538,4064,3,28,106,137,1.2481751824817517,0.041157863386336785,650,"So, tell me about your pressure."
6354,4064,6,22,109,137,1.2481751824817517,0.04489984787719984,650,"So I hear you saying you're under pressure--how does that feel?"""
6103,4064,2,30,105,137,1.2481751824817517,0.039832493162901404,650,I think that you should stop thinking about your problems so literally.
5477,4064,7,20,110,137,1.2481751824817517,0.0460796977675794,650,"So, how do you like it on the bottom?"
1079,4064,8,18,111,137,1.2481751824817517,0.04723008313889821,650,I told you that your pyramid scheme would get on top of you...
5418,4064,8,18,111,137,1.2481751824817517,0.04723008313889821,650,Will you hand me my purse please.
5405,4064,6,22,109,137,1.2481751824817517,0.04489984787719984,650,Well that’s a huge weight off my shoulders.
5942,4064,5,24,108,137,1.2481751824817517,0.043688146360768294,650,Can you tell my insurance I’m here for weight loss?
512,4064,8,18,111,137,1.2481751824817517,0.04723008313889821,650,"Practicing self-love IS a ton of work, but you must also practice not taking everything I say literally."
4685,4064,7,20,110,137,1.2481751824817517,0.0460796977675794,650,Can I face my fear of puppies instead?
1994,4064,3,28,106,137,1.2481751824817517,0.041157863386336785,650,I understand you need help shedding a few extra pounds?
4053,4064,8,18,111,137,1.2481751824817517,0.04723008313889821,650,I'm sorry.  You misunderstood.  This is the WEIGHTING room.
5986,4064,5,24,108,137,1.2481751824817517,0.043688146360768294,650,"Remember that song by the band, ""Take a load off Annie,
take a load off me.""  Something like that anyway."
5147,4064,6,22,109,137,1.2481751824817517,0.04489984787719984,650,"Honey, forgive me, I'll never criticize your meatloaf again."
372,4064,6,22,109,137,1.2481751824817517,0.04489984787719984,650,"Am I really such a crushing presence in your life, Frank? Or could you be feeling the weight of not having fully committed to our relationship?"
1969,4080,8,17,108,133,1.2481203007518797,0.048214904726397355,650,About your bill......
5397,4080,6,21,106,133,1.2481203007518797,0.045791207722335546,650,It's been four hours. Can we call the doctor now?
5596,4080,4,25,104,133,1.2481203007518797,0.04323184441548373,650,"As you can see, I have a ton of issues to get off my chest this week."
6664,4080,6,21,106,133,1.2481203007518797,0.045791207722335546,650,"I keep telling you, you need to get that load off your chest."
7037,4080,3,27,103,133,1.2481203007518797,0.041893569972154994,650,You just try to relax and unburden yourself.
3394,4080,4,25,104,133,1.2481203007518797,0.04323184441548373,650,Try to take off your shoes when you’re on my furniture.
2645,4080,3,27,103,133,1.2481203007518797,0.041893569972154994,650,"Have a seat in our weighting room, and someone will be right with you."
4723,4080,5,23,105,133,1.2481203007518797,0.04452991733786778,650,"So, you say it feels like a constant burden?"
1105,4080,4,25,104,133,1.2481203007518797,0.04323184441548373,650,You'll find that the weight will diminish with each therapy session.
1237,4080,3,27,103,133,1.2481203007518797,0.041893569972154994,650,I think you need to focus on your fiscal strength as well.
6007,4090,6,20,103,129,1.248062015503876,0.046733161053439894,650,"If this doesn't work, I know a good corset maker."
4937,4091,4,23,98,125,1.248,0.04494584555059639,650,"Sixteen tons, and what do you get?
Squished."
7421,4091,5,21,99,125,1.248,0.04635904755624927,650,Are you under a lot of pressure at work?
1745,4091,5,21,99,125,1.248,0.04635904755624927,650,"I don't know Doc, I just really want to get this weight off my chest."
6517,4091,8,15,102,125,1.248,0.05036127544568475,650,Diet and exercise. That's the only way.
4960,4091,5,21,99,125,1.248,0.04635904755624927,650,I understand that giving your neurosis physical form is an uncommon super power.  But it’s the super power I’ve got.
644,4091,3,25,97,125,1.248,0.043486742510718705,650,"Now, imagine yourself lying there with the weight of just that one simple responsibility."
2481,4097,5,20,96,121,1.2479338842975207,0.04735568440129775,650,My problems feel cartoonish.
3898,4097,4,22,95,121,1.2479338842975207,0.04587831512036333,650,This is excellent progress! Last week you said the twenty-ton weight was on your shoulders.
1666,4097,6,18,97,121,1.2479338842975207,0.04878833766329071,650,I think I know the source of your heaviness.
2895,4097,4,22,95,121,1.2479338842975207,0.04587831512036333,650,Try ringing for dinner now!
2924,4097,5,20,96,121,1.2479338842975207,0.04735568440129775,650,Well I did take the weight off your shoulders
6574,4097,6,18,97,121,1.2479338842975207,0.04878833766329071,650,"I appreciate the gesture, but you'll never understand the weight of patriarchy."
5740,4103,3,23,91,117,1.2478632478632479,0.04526827212564247,650,Und now we explore zee relationship between pressure und stress. Thoughts?!
735,4103,7,15,95,117,1.2478632478632479,0.05136794064932088,650,"Try getting THAT off your chest!"""
2128,4105,6,16,91,113,1.247787610619469,0.05111118839882061,650,"Just tell me how you did it, THEN I'll call for help."
488,4106,5,17,87,109,1.2477064220183487,0.050743643077079084,650,Your Brother-In-Law is a crane operator and you feel that he resents you in some way.  Can you give me some specifics?
1862,4107,6,14,85,105,1.2476190476190476,0.053761364555373295,650,we will wait two hours to see if the mattress has a dent in it or not.
5490,4108,7,26,129,162,1.2469135802469136,0.041130531286010255,650,"Oh please, I've seen people who are bearing the weight of the world."
1797,4109,3,32,119,154,1.2467532467532467,0.038333514145440326,650,They say it’s therapeutic.
3053,4109,6,26,122,154,1.2467532467532467,0.04152235085119238,650,Tell me who she is and where you met her
5034,4109,8,22,124,154,1.2467532467532467,0.043518622403021276,650,Not exactly what I meant by trying out a weighted blanket
5689,4109,5,28,121,154,1.2467532467532467,0.040487321254757055,650,"You got it on
You get it off"
7063,4113,5,27,118,150,1.2466666666666666,0.04116498878012371,650,"Breathe in, breathe out...soon you will feel a lightness of being.
Drew Bridges  Wake Forest, NC"
827,4113,9,19,122,150,1.2466666666666666,0.04530450458530159,650,"For the last time, get out of my office."
3966,4113,7,23,120,150,1.2466666666666666,0.04328426063240149,650,"So, if I understand you correctly, your current life-goal is to lose some of the extra weight you carry around?"
6139,4116,8,20,118,146,1.2465753424657535,0.04513313516693505,650,Say more about the oppression you feel.
5128,4116,8,20,118,146,1.2465753424657535,0.04513313516693505,650,it's just dead weight
4944,4116,5,26,115,146,1.2465753424657535,0.04187576812582842,650,Feeling the pressure?
4893,4116,5,26,115,146,1.2465753424657535,0.04187576812582842,650,It was apparent that he had a ton to talk about during this week's session.
6740,4116,5,26,115,146,1.2465753424657535,0.04187576812582842,650,"What do you mean when you say you've ""got a chip"" on your shoulder?"
101,4116,6,24,116,146,1.2465753424657535,0.04298899007208366,650,Please tell me again about what has been weighing you down.
3674,4116,4,28,114,146,1.2465753424657535,0.04073213282948226,650,I feel like I’ve put on a few pounds.
2031,4123,5,25,112,142,1.2464788732394365,0.04262233735759899,650,Now... Tell me how you're feeling today
3927,4123,5,25,112,142,1.2464788732394365,0.04262233735759899,650,I'm really only qualified to help with a figurative weight on your shoulders.
516,4123,8,19,115,142,1.2464788732394365,0.0460036303396386,650,"For some reason, Pyramidology has actually made my depression worse."
345,4123,3,29,110,142,1.2464788732394365,0.040210488682567457,650,"When you said you were struggling with weight gain, this wasn't what I had in mind."
5313,4123,7,21,114,142,1.2464788732394365,0.04490483140552997,650,"Thirty more seconds, then we will flatten your backside."
1688,4123,4,27,111,142,1.2464788732394365,0.041433965788443806,650,"Yes, I feel getting that weight off your back is a positive sign that therapy is working for you."
5356,4123,6,23,113,142,1.2464788732394365,0.04377846231529865,650,"We'll have that off your chest in - let's see, three sessions a week - next August."
230,4130,8,18,112,138,1.2463768115942029,0.04692106333606209,650,You can't keep blaming all your problems on the massive weight crushing your body.
4027,4130,6,22,110,138,1.2463768115942029,0.04460956331318161,650,I'd  like to start the session by putting your piddly issues into perspective.
466,4130,5,24,109,138,1.2463768115942029,0.04340767923070482,650,I'm sensing that's a real weight for you
2462,4130,5,24,109,138,1.2463768115942029,0.04340767923070482,650,I've just felt like something's been missing after the 800-lb gorilla left.
3589,4130,5,24,109,138,1.2463768115942029,0.04340767923070482,650,I say this with a heavy heart ...
5355,4130,6,22,110,138,1.2463768115942029,0.04460956331318161,650,"So, what's this weight you speak of?"
301,4130,4,26,108,138,1.2463768115942029,0.04217155550129456,650,You think you've got problems! How are ever going to reach your checkbook?
950,4130,3,28,107,138,1.2463768115942029,0.040898087615459135,650,It doesn't look like the weight of the world to me.
6734,4130,6,22,110,138,1.2463768115942029,0.04460956331318161,650,"It's a metaphor for our marriage, Stanley. Tell me when it starts to hurt."
7477,4130,5,24,109,138,1.2463768115942029,0.04340767923070482,650,There's got to be an easier way to get a form fitting mattress.
7137,4130,6,22,110,138,1.2463768115942029,0.04460956331318161,650,Seeing Fanny again?
5953,4141,4,25,105,134,1.2462686567164178,0.042947939981654984,650,"When you say you feel the weight of the world, you may be more aware of your feelings than I’d expect."
3342,4141,7,19,108,134,1.2462686567164178,0.04670319154586742,650,I feel like I've brought this all on myself.
3149,4141,8,17,109,134,1.2462686567164178,0.047889549498862795,650,Help you? In your dreams.
1140,4141,7,19,108,134,1.2462686567164178,0.04670319154586742,650,That’s not so bad.     My last patient had the weight of the world on his shoulders.
989,4141,4,25,105,134,1.2462686567164178,0.042947939981654984,650,"Now, on a scale of 1-10, is this really the weight of the world?"
6807,4141,5,23,106,134,1.2462686567164178,0.04423512630593346,650,I'm a literalist by training.
6859,4141,6,21,107,134,1.2462686567164178,0.04548590166123932,650,You really put on a ton in the past year.
5161,4141,7,19,108,134,1.2462686567164178,0.04670319154586742,650,You appear to be suffering from a chronic case of concrete pyramidal complex.
6283,4141,4,25,105,134,1.2462686567164178,0.042947939981654984,650,Have you tried  changing your diet?
5900,4141,2,29,103,134,1.2462686567164178,0.0402502651842164,650,We need to understand why you're feeling this sudden pressure...
2266,4141,8,17,109,134,1.2462686567164178,0.047889549498862795,650,"Hmmm, in my considered opinion, there may be something weighing on you. We'll set up a schedule of  regular appointments to talk about it and perhaps, after several years, we'll see what it is."
3040,4152,5,22,103,130,1.2461538461538462,0.0451084143735003,650,That's not exactly the weight of the world.
6594,4152,8,16,106,130,1.2461538461538462,0.04891370769448988,650,Flat Stanley (and wife)
1495,4152,7,18,105,130,1.2461538461538462,0.04767903329604257,650,This should take the weight of the world off your shoulders.
7183,4152,5,22,103,130,1.2461538461538462,0.0451084143735003,650,"Repeat after me, this weight problem is a figment of my imagination."
7184,4152,4,24,102,130,1.2461538461538462,0.043766522170656255,650,You're sure the problem is your relationship with your father? You're sure?
828,4152,9,14,107,130,1.2461538461538462,0.05011797466776628,650,"Really, Harold, you've got to lose this weight!"
1883,4152,6,20,104,130,1.2461538461538462,0.0464115247720679,650,"So, are you going to eat that piece of chocolate all by yourself ?"
2072,4152,4,24,102,130,1.2461538461538462,0.043766522170656255,650,It’s too bad that the “beat-your-head-against-the-wall” therapy didn’t work last week.
609,4152,4,24,102,130,1.2461538461538462,0.043766522170656255,650,Most people find this visualization exercise liberating.
2189,4152,5,22,103,130,1.2461538461538462,0.0451084143735003,650,"We’re out of time for today. I believe with 4 more sessions, we will begin to address the weight that’s holding you down. We do accept checks."
6044,4162,7,17,102,126,1.246031746031746,0.04871231771019955,650,We're making progress but we'll need some more time - and a few strong friends - to help you fully unburden yourself.
6696,4162,3,25,98,126,1.246031746031746,0.04318510609878031,650,I have deduced that you may have something to get off your chest.
6946,4162,6,19,101,126,1.246031746031746,0.047390988275359834,650,I think we'll need to meet more than one day a week before the pressure on you starts easing up.
7493,4165,5,20,97,122,1.2459016393442623,0.04700986675286886,650,Do you imagine that Sisyphus is happy?
2768,4165,3,24,95,122,1.2459016393442623,0.04403364143873072,650,"I see, Mr. Johnson. And how do you feel about that?"
4590,4165,5,20,97,122,1.2459016393442623,0.04700986675286886,650,"We find that having to grapple with physical challenges distracts from emotional ones."""
4361,4165,5,20,97,122,1.2459016393442623,0.04700986675286886,650,It's supposed to turn you  into a human Panini.
4317,4165,4,22,96,122,1.2459016393442623,0.04554607090890052,650,I must caution that The Transference is entirely metaphorical.
3790,4165,5,20,97,122,1.2459016393442623,0.04700986675286886,650,I’m not sure why you’re complaining – I warned you this would be a heavy conversation.
2539,4165,3,24,95,122,1.2459016393442623,0.04403364143873072,650,Progress! It’s not on your shoulders any longer
1523,4165,3,24,95,122,1.2459016393442623,0.04403364143873072,650,So you are feeling like you are carrying the weight of the world
2437,4173,5,19,94,118,1.2457627118644068,0.048048156401865744,650,I'll let you up when you apologize for questioning my methodology.
771,4174,5,18,91,114,1.2456140350877194,0.04915274000962353,650,And how does this 'crushing weight' affect your daily life?
4716,4175,6,15,89,110,1.2454545454545454,0.05196130535092515,650,I see you've gained a weight.
6434,4175,4,19,87,110,1.2454545454545454,0.04864530718359612,650,"When you say, 'I feel a great weight on my chest,' are you speaking literally or metaphorically?"
1901,4177,8,22,125,155,1.2451612903225806,0.043266242990091804,650,Well  you wanted a one step flat stomach plan
2551,4177,8,22,125,155,1.2451612903225806,0.043266242990091804,650,Now this is  pressing matter.
181,4179,8,21,122,151,1.2450331125827814,0.0440418097737016,650,"Well, it's good to know nothing is weighing heavily on your mind."
7379,4179,4,29,118,151,1.2450331125827814,0.03983064304201867,650,I've taken it off your mind but you need to get it off you yourself.
6086,4181,6,24,117,147,1.2448979591836735,0.04272848347675213,650,Don't let it weigh you down.
6239,4181,8,20,119,147,1.2448979591836735,0.04485642897572416,650,It was too messy with the elephant in the room.
3734,4181,5,26,116,147,1.2448979591836735,0.04162373529739404,650,I understand you have a pressing matter on your mind.
7185,4181,6,24,117,147,1.2448979591836735,0.04272848347675213,650,"Well, seeing as there’s nothing pressing, I think I’ll go shopping."
2749,4185,2,31,110,143,1.2447552447552448,0.03871366018804529,650,What do you think it will take to lighten your load?
3886,4185,5,25,113,143,1.2447552447552448,0.04235831268917647,650,Let me inform you before we start that I charge by the hour.
4854,4185,5,25,113,143,1.2447552447552448,0.04235831268917647,650,You started out by saying you had a weight on your shoulders
5389,4185,7,21,115,143,1.2447552447552448,0.04462300714153091,650,Did you say your mother-in-law is moving in?
514,4185,3,29,111,143,1.2447552447552448,0.0399654918823099,650,You're totally fine with this?
4373,4185,6,23,114,143,1.2447552447552448,0.04350539863182021,650,i just can't seem to loose this weight.
1457,4185,6,23,114,143,1.2447552447552448,0.04350539863182021,650,I think we're making progress on the Anger Management issues...
838,4185,6,23,114,143,1.2447552447552448,0.04350539863182021,650,The weight of the world? I think you're catastrophizing again. That can't be more than a couple tons.
4319,4193,3,28,108,139,1.2446043165467626,0.040641460990527734,650,I think your reading of Kundera might be a tad too literal.
7289,4193,5,24,110,139,1.2446043165467626,0.04313069881830356,650,"Well, therapy works in mysterious ways..."
1002,4193,2,30,107,139,1.2446043165467626,0.039337818151103335,650,"I'm sorry. If our sessions are to continue, you'll have to come up with something more original than that."
6785,4193,7,20,112,139,1.2446043165467626,0.04548390934897567,650,I completely see the weight of your problem now.
463,4197,2,29,104,135,1.2444444444444445,0.039992628766177166,650,Well at least it's off your shoulders now.
5070,4197,5,23,107,135,1.2444444444444445,0.04394411580826142,650,I'm sensing that you have some reservations about this form of therapy.
1917,4197,4,25,106,135,1.2444444444444445,0.04266763404099585,650,"Sometimes we need a little help getting in touch
with our feelings of guilt."
4543,4197,8,17,110,135,1.2444444444444445,0.04756847982341376,650,"I should lose some weight, huh?"
2884,4197,6,21,108,135,1.2444444444444445,0.04518455082971872,650,I must press you for an answer.
1429,4202,4,24,103,131,1.2442748091603053,0.043471770597983204,650,I know it seems like the weight of the world. It’s not!
4276,4202,3,26,102,131,1.2442748091603053,0.042099347106901504,650,"Don't worry, it's just a side effect of your new medication."
6719,4202,4,24,103,131,1.2442748091603053,0.043471770597983204,650,"After a few of these sessions, Albert, nothing will weigh you down."
5428,4202,4,24,103,131,1.2442748091603053,0.043471770597983204,650,I’d say you’re making progress! This is a lot better than that huge round thing with continents and oceans.
3423,4202,5,22,104,131,1.2442748091603053,0.044802172391748794,650,That is hardly the weight of the world.
5526,4207,3,25,99,127,1.2440944881889764,0.04288749248915535,650,"Adam, how can you possibly feel you are bearing the great weight of mankind?"
407,4207,5,21,101,127,1.2440944881889764,0.045708924357428474,650,You say you feel like the world is weighing you down.  Why do you think that is?
35,4207,4,23,100,127,1.2440944881889764,0.04432066548417608,650,"Yes I can see it too, but unlike you it doesn't make me anxious."
11,4207,5,21,101,127,1.2440944881889764,0.045708924357428474,650,I'm glad that your wife has finally got you to come to therapy.
6003,4207,3,25,99,127,1.2440944881889764,0.04288749248915535,650,"Takes your mind off your troubles, right!"
7542,4207,8,15,104,127,1.2440944881889764,0.04964130232751515,650,"So, when was the last time you felt like floating away?"
6632,4213,3,24,96,123,1.2439024390243902,0.043719910220988874,650,It's hardly the weight of the world!.
2267,4213,7,16,100,123,1.2439024390243902,0.04944239714081975,650,I know the man seems very real to you...
456,4213,2,26,95,123,1.2439024390243902,0.04216812218259812,650,"You have a lot on you, Jerry. Anything you'd like to get off your chest?"
6692,4216,7,25,128,160,1.24375,0.04134803482968362,650,"Henry, you hardly need a new excuse to stay glued to the couch!"
5527,4217,7,15,97,119,1.2436974789915967,0.05058606331052551,650,I can’t wait until your temp job as a tester for Acme ends
4446,4217,4,21,94,119,1.2436974789915967,0.04616990623084198,650,What can I say? This is the recommended treatment when a weighted blanket doesn't help.
5838,4219,6,26,124,156,1.2435897435897436,0.0410488974611832,650,What a day I'm having...my last patient had the weight of the WORLD on his shoulders.
5265,4219,7,24,125,156,1.2435897435897436,0.042044321480046803,650,"Metaphors aside, have you tried meditation?"
3496,4219,5,28,123,156,1.2435897435897436,0.04002872714488858,650,"I have a lot weighing on me, doc"
762,4219,6,26,124,156,1.2435897435897436,0.0410488974611832,650,Well the good news is that the huge weight is off your shoulders.
1164,4223,7,14,94,115,1.2434782608695651,0.051803925864599386,650,Thanks so much! You took a huge weight off my mind.
6941,4224,7,23,122,152,1.243421052631579,0.04277404880485733,650,We need to address your flat affect.
7125,4224,4,29,119,152,1.243421052631579,0.03960055711651401,650,What do you mean << last week our session put a burden on you >> ?
3550,4224,4,29,119,152,1.243421052631579,0.03960055711651401,650,Still comfortable?  Just tell me when you want that thing reheated.
2089,4227,9,18,121,148,1.2432432432432432,0.04560236220470162,650,Freud wrote that believing you're a panini comes from a repressed childhood sandwich.
2574,4227,8,20,120,148,1.2432432432432432,0.04458303236985528,650,Pretty good.  Why?
4385,4227,7,22,119,148,1.2432432432432432,0.04353984510691705,650,"Yes, doctor, I DO feel much freer than last month, but I still have some things to get off my chest."
411,4227,10,16,122,148,1.2432432432432432,0.04659940023225657,650,"So, how's that new sedative working for you?"
1435,4227,4,28,116,148,1.2432432432432432,0.040248380363222376,650,"I think I can help, but I'm going to have to charge you double."
3543,4227,6,24,118,148,1.2432432432432432,0.042471042471042476,650,"I know you wanted to get some things off your chest, but this is ridiculous."
4217,4227,6,24,118,148,1.2432432432432432,0.042471042471042476,650,At least you're not carrying it on your shoulders.
4994,4227,6,24,118,148,1.2432432432432432,0.042471042471042476,650,"I love you Greta, but this is getting weird..."
2975,4235,4,27,113,144,1.2430555555555556,0.04092762741092319,650,Zooooo ... Zees methaphorical veight of vich you speak ....
1232,4235,7,21,116,144,1.2430555555555556,0.044344627373140065,650,"I think you had better seen a forklift driver, not a psychologist."
1494,4235,3,29,112,144,1.2430555555555556,0.039723363255926035,650,I don't think your insurance will cover this sir.
832,4235,7,21,116,144,1.2430555555555556,0.044344627373140065,650,I cost a ton for a reason.
6787,4239,4,26,110,140,1.2428571428571429,0.041640842582238206,650,I think its all in your head.
4651,4239,3,28,109,140,1.2428571428571429,0.04038792948443798,650,You may need a contractor
5041,4239,4,26,110,140,1.2428571428571429,0.041640842582238206,650,Two tons metaphorically or literally?
761,4239,9,16,115,140,1.2428571428571429,0.0474113318263976,650,"The mindfulness anvil is not a restraint, it's a tool that keeps us anchored and fully present."
4037,4239,5,24,111,140,1.2428571428571429,0.04285714285714285,650,You’ll feel much better when you lose all that weight.
2514,4239,7,20,113,140,1.2428571428571429,0.04519164236576456,650,"Before I respond, why do you think I think you have a weight problem?"""
5894,4239,6,22,112,140,1.2428571428571429,0.04403986395070219,650,Last week I felt like the weight of the world was on my shoulders.
3770,4239,6,22,112,140,1.2428571428571429,0.04403986395070219,650,"No Mr. Perkins, this time it isn't a dream"
2106,4247,7,19,110,136,1.2426470588235294,0.04608451496483136,650,I mean I'm ok talking about it but don't you think we should just try to get me out from under this?
2617,4247,6,21,109,136,1.2426470588235294,0.044887081189025055,650,"Lighten up! If it were that heavy, you'd be dead by now."
3390,4247,6,21,109,136,1.2426470588235294,0.044887081189025055,650,"Oh, you wanted a pet python? I heard pylon."
4246,4247,3,27,106,136,1.2426470588235294,0.041085918172157385,650,Are you comfy now?
4892,4247,6,21,109,136,1.2426470588235294,0.044887081189025055,650,You've come to the right therapist... I deal only with heavy weight problems
5850,4247,4,25,107,136,1.2426470588235294,0.042390861443509856,650,Tell me more about your feeling oppressed.
6121,4247,4,25,107,136,1.2426470588235294,0.042390861443509856,650,I guess it’s better than the weight of the world.
6092,4247,5,23,108,136,1.2426470588235294,0.04365681614360453,650,"On the hand, sometimes a cigar is just a cigar."
5880,4247,3,27,106,136,1.2426470588235294,0.041085918172157385,650,Last week you complained about a weight on your shoulders.
3286,4256,5,31,133,169,1.242603550295858,0.03802557608223639,650,"So, does your mother still make the best matzoh ball soup?"
3338,4257,5,22,105,132,1.2424242424242424,0.044499961820624365,650,Looks like you got all that weight off your mind.
4912,4257,4,24,104,132,1.2424242424242424,0.04318085433421962,650,And has that been weighing heavy on you?
4756,4257,4,24,104,132,1.2424242424242424,0.04318085433421962,650,Oh quit complaining.  It’s not the weight of the world on your shoulders.
4521,4257,7,18,107,132,1.2424242424242424,0.04702730530282264,650,You do realize that therapy can't get this off your chest....
6958,4257,6,20,106,132,1.2424242424242424,0.04578107712844859,650,Have you tried excercise?
3120,4257,3,26,103,132,1.2424242424242424,0.041820159732229155,650,I’d say we’ve made some progress since the ‘weight-of-the-world’ days.
2398,4257,5,30,130,165,1.2424242424242424,0.038592681420702664,650,I thought you were exaggerating when you said you felt a weight on y our chest.
1565,4257,5,22,105,132,1.2424242424242424,0.044499961820624365,650,Progress! It’s no longer on your shoulders.
1543,4257,6,20,106,132,1.2424242424242424,0.04578107712844859,650,That's not the kind of weight issue I deal with.
6638,4257,7,18,107,132,1.2424242424242424,0.04702730530282264,650,No issues
4804,4257,4,24,104,132,1.2424242424242424,0.04318085433421962,650,"It is a sub principle of Gestalt, compress, compress compress."
1879,4268,7,17,104,128,1.2421875,0.04802457661863982,650,"Maybe if you got up off the couch once in a while, Eli, some of the pain you think you have might go away."""
383,4268,6,19,103,128,1.2421875,0.04672610045078247,650,Why do you think your affect is flat?
2083,4268,5,21,102,128,1.2421875,0.04539049423914243,650,I suppose you're in need of help.
2981,4268,4,23,101,128,1.2421875,0.04401437800549532,650,When I said I could help lift the weight off your shoulders I was speaking figuratively.
3409,4268,5,21,102,128,1.2421875,0.04539049423914243,650,"LET'S NOT BLOW THIS OUT OF PROPORTION, MISTER ATLAS. THE WORLD WEIGHS MORE THAN THAT."
6503,4268,5,21,102,128,1.2421875,0.04539049423914243,650,I've been wanting to get something off your chest.
4309,4268,3,25,100,128,1.2421875,0.04259382555192287,650,Have you had any recent lifestyle changes that have contributed to this weight gain?
6924,4268,6,19,103,128,1.2421875,0.04672610045078247,650,"I take Visa, Mastercard or American Express"
1588,4268,4,23,101,128,1.2421875,0.04401437800549532,650,You seem as if something is weighing on you this week. You might feel better if you get it off your chest.
1113,4268,4,23,101,128,1.2421875,0.04401437800549532,650,"""Just give it a minute Fred. It will put you in a deep sleep"""
1227,4278,6,26,125,157,1.2420382165605095,0.04081610096642558,650,"Doc, I have something heavy to get off my chest."
2737,4279,4,22,98,124,1.2419354838709677,0.04489543719436014,650,"So you feel like you have the weight of the world on you, tell me more about that."
3541,4279,6,18,100,124,1.2419354838709677,0.047726941741491634,650,Do you feel pressed?
4809,4279,2,26,96,124,1.2419354838709677,0.04187289808157224,650,Agree.  Adjusting your meds probably isn't a good next step.
5261,4279,8,14,102,124,1.2419354838709677,0.050399619592996305,650,Just weight until Trump wins in 2020...
4101,4283,8,21,124,153,1.2418300653594772,0.04352278957221578,650,Would you like something to drink while we wait for the police?
5647,4283,5,27,121,153,1.2418300653594772,0.04045040514173947,650,"So, how long have you had the feeling that you are carrying around the weight of the world?"
2705,4283,6,25,122,153,1.2418300653594772,0.041499814314480576,650,I don't care what you say. That's not a full-body workout with weights.
1990,4283,9,19,125,153,1.2418300653594772,0.044499803641733955,650,"So, have you given any more thought to my concerns about our relationship?"
1815,4283,6,25,122,153,1.2418300653594772,0.041499814314480576,650,I'm sure you feel a lot better now that you've gotten that weight off your shoulders.
596,4288,2,32,115,149,1.2416107382550337,0.037675770674768266,650,"Well your right, strongest sofa I ever saw, put me down for 6 of them."
7113,4288,7,22,120,149,1.2416107382550337,0.04327744567062331,650,"Well, at least the weight of the world's no longer on your shoulders."
4770,4288,6,24,119,149,1.2416107382550337,0.042216615001756684,650,What makes you believe that you have the weight of the world on you?
4013,4288,3,30,116,149,1.2416107382550337,0.038860756779879276,650,This is going to be a heavy discussion.
2788,4288,8,20,121,149,1.2416107382550337,0.04431288780186817,650,Last week you seemed rather resistant to therapy. I believe this will solve the problem nicely.
5715,4288,6,24,119,149,1.2416107382550337,0.042216615001756684,650,"Wah, wah, wah, no wonder you're here three times a week."
797,4288,2,32,115,149,1.2416107382550337,0.037675770674768266,650,I know that it’s all in my head but it hurts like hell.
6160,4295,4,27,114,145,1.2413793103448276,0.040678938779738834,650,"It feels like... oh, I don't know how to describe it."
3571,4295,5,25,115,145,1.2413793103448276,0.04183971200735931,650,"Doc, don't patronize me. Yes, I'm carrying around a lot of weight these days."
4412,4295,2,31,112,145,1.2413793103448276,0.03825186503975572,650,I'm sure it's very heavy but it's hardly the weight of the world!
1573,4295,2,31,112,145,1.2413793103448276,0.03825186503975572,650,Let’s begin by getting that up on your shoulders where it belongs.
6080,4299,6,29,135,170,1.2411764705882353,0.038737366019591844,650,"You’ve made immense progress here, Stanley."
3364,4300,4,26,111,141,1.2411347517730495,0.0413803241643798,650,Imagine the weight slowly shifting from your shoulders to to your whole body
4853,4300,5,24,112,141,1.2411347517730495,0.04258695047244958,650,"I realize that it's distressing, but it's better than being overweight."
5802,4300,7,20,114,141,1.2411347517730495,0.044903035484589564,650,"Normally I’d say, ‘Just get if off your chest’ but in this instance I’ll just ask, ‘What’s bothering you?’’"
6229,4300,5,24,112,141,1.2411347517730495,0.04258695047244958,650,For God’s Sake just say it!
6656,4300,7,20,114,141,1.2411347517730495,0.044903035484589564,650,"I asked for a weighted blanket, Barb. A weighted blanket!"
6828,4300,5,24,112,141,1.2411347517730495,0.04258695047244958,650,"I find it helps to get things onto your chest, first."
7219,4300,8,18,115,141,1.2411347517730495,0.04601738495747046,650,I see your mother has improved her lifting capacity.
7514,4300,6,22,113,141,1.2411347517730495,0.04376031847617875,650,Since we moved in together it feels like a giant weight’s been lifted off my shoulders. You know what I mean?
3753,4308,4,19,89,112,1.2410714285714286,0.04787225553270457,650,Exposure therapy for the patient with phobias of being crushed by heavy objects
5163,4308,2,23,87,112,1.2410714285714286,0.044384710521059405,650,It's called last chance therapy. Do you want to talk about that?
600,4310,7,19,111,137,1.2408759124087592,0.04578116812395045,650,How did you get that damn thing in here?
608,4310,5,23,109,137,1.2408759124087592,0.04337315922182596,650,"Sorry, but your wife said it was the only way to get you to come here"
5512,4310,6,21,110,137,1.2408759124087592,0.04459342045456528,650,"Everyone is going to say you need a weight to be lifted, but I'll will try to provide a more unique perspective."
2604,4310,4,25,108,137,1.2408759124087592,0.04211755849911165,650,I'm glad you got that off your shoulders.  I feel that you still have some hard work in front of you.
6747,4310,6,21,110,137,1.2408759124087592,0.04459342045456528,650,You’ll never get that off your chest.
6848,4310,6,21,110,137,1.2408759124087592,0.04459342045456528,650,"Sorry, I just had to get that off my chest"
5501,4310,6,21,110,137,1.2408759124087592,0.04459342045456528,650,Aren’t there better ways to prove to you I’m not a witch?
2491,4310,3,27,107,137,1.2408759124087592,0.04082335761509968,650,"When I said to 'sit down and take a load off', I had no idea..."
3897,4310,10,13,114,137,1.2408759124087592,0.04917257340897201,650,"Other than that, what weighs heavy on you?"
5921,4319,2,22,84,108,1.2407407407407407,0.0453255795747674,650,Did you come here with some weighty points to discuss?
920,4319,5,16,87,108,1.2407407407407407,0.05073084824220075,650,Want to watch 'The Incredible Lightness of Being' ?
2586,4321,4,24,105,133,1.2406015037593985,0.042893701954168785,650,The classical scholar in me always preferred your Sword of Damocles delusion.
5143,4321,1,30,102,133,1.2406015037593985,0.03870537646987594,650,Something's just getting me down these days.
192,4321,5,22,106,133,1.2406015037593985,0.044201706232744095,650,"I take it you have something you want to get off  your chest. After your done, we can start working on your melodramatic passive agressive tendancies."
6215,4321,5,22,106,133,1.2406015037593985,0.044201706232744095,650,Ben often felt that carrying the weight of the world was more than just an idiom.
5297,4321,7,18,108,133,1.2406015037593985,0.04670795614230299,650,"Personally, I find my low-carb diet just as effective"
6108,4321,6,20,107,133,1.2406015037593985,0.04547210134179587,650,"No kidding Harold, you do sound depressed"
2312,4321,6,20,107,133,1.2406015037593985,0.04547210134179587,650,I've been under a lot of pressure lately too!
1127,4321,5,22,106,133,1.2406015037593985,0.044201706232744095,650,The weighty nature of your burden will require an additional $200 per session.
4115,4321,5,22,106,133,1.2406015037593985,0.044201706232744095,650,"Can you see it, because I can feel it."
316,4321,9,14,110,133,1.2406015037593985,0.04908640850680349,650,I'm not sure I still want to be a sex therapist.
222,4321,5,22,106,133,1.2406015037593985,0.044201706232744095,650,Well I think we've found the way to keep your 'hankering' under control!
4876,4332,7,17,105,129,1.2403100775193798,0.04768780929986155,650,You just have to lighten up and have a positive attitude.
442,4332,6,19,104,129,1.2403100775193798,0.04640046470470108,650,So tell me about that mother.
6446,4332,4,23,102,129,1.2403100775193798,0.043712184374573484,650,Please remember that my job is to help you with your psychological burdens.
7026,4332,2,27,100,129,1.2403100775193798,0.04084736222549998,650,You maybe be manifesting your fear of weightlessness
7383,4332,4,23,102,129,1.2403100775193798,0.043712184374573484,650,"As I recall from freshman physics, the pressure is equal on both sides."
6347,4332,6,19,104,129,1.2403100775193798,0.04640046470470108,650,Maslow would say you need to self-actualize.
5249,4332,6,19,104,129,1.2403100775193798,0.04640046470470108,650,"Well Glenn, have you tried diet and exercise?"
3893,4332,2,27,100,129,1.2403100775193798,0.04084736222549998,650,"So tell me, what's weighing you down?"
4807,4340,6,25,123,154,1.2402597402597402,0.04125934834788863,650,Our consultations are more productive when you are not smashed.
2790,4340,9,19,126,154,1.2402597402597402,0.044237779550552296,650,"I knew what you meant Mr.Smartypants, you didn’t actually have to bring the “weight of the world” in with you today."
2998,4340,7,23,124,154,1.2402597402597402,0.04227548064677721,650,Sometimes things just weigh me down.
3555,4340,6,25,123,154,1.2402597402597402,0.04125934834788863,650,See?  I told you it would make you forget your other weighty problems.
3735,4340,7,23,124,154,1.2402597402597402,0.04227548064677721,650,You seem to have some weighty matters to discuss. How can we get them off your chest?
1029,4340,5,27,122,154,1.2402597402597402,0.04021755074925381,650,"Well our time is up.
Same time next week?"
166,4346,4,22,99,125,1.24,0.04457686366483794,650,"Okay, bad idea. Maybe I'm not the world's greatest escape artist after all."
291,4346,12,12,126,150,1.24,0.047937319253179025,650,"You’ve got a disease and the only prescription is more
Cow bell"
5577,4346,5,26,119,150,1.24,0.04088506288230924,650,You tell me you're not carrying your weight in your marriage . . . and yet . . .
5956,4346,4,28,118,150,1.24,0.039775657232500955,650,Get over it. It’s notthe weight of the world.
7538,4346,5,20,100,125,1.24,0.046001402503163584,650,Imagine the weight of the world is making it difficult for you to breathe.
4090,4346,3,24,98,125,1.24,0.04310527248642598,650,Is there something you resent about my treatment?
5564,4346,5,26,119,150,1.24,0.04088506288230924,650,You said you were willing to try anything...
1345,4353,5,25,116,146,1.2397260273972603,0.041585027964775624,650,Part of toxic masculinity is putting too much pressure on yourself.
1694,4353,8,19,119,146,1.2397260273972603,0.04486350950048216,650,Now that we gotten that weight off your shoulders...
2148,4353,4,27,115,146,1.2397260273972603,0.04043317004071793,650,It's not what you think.
4352,4353,8,19,119,146,1.2397260273972603,0.04486350950048216,650,Your insurance only covers up to 50 pounds. Maybe you should start a GoFundMe for the rest.
7518,4353,6,23,117,146,1.2397260273972603,0.0427058293693113,650,I dreamt that a giant lampshade fell on me last night.
2300,4353,7,21,118,146,1.2397260273972603,0.043797958552999845,650,I’m sure you do. Would you say it’s metric or pounds? It makes a difference as to how many sessions we need to schedule each week.
3926,4359,5,19,97,121,1.2396694214876034,0.04698161147287437,650,I’m not feelin’ it.
5379,4359,5,19,97,121,1.2396694214876034,0.04698161147287437,650,When life deals you anvils...make anvilade.
7031,4359,2,25,94,121,1.2396694214876034,0.042356211776931295,650,Have you been doing the deep breathing exercises I recommended?
7129,4359,4,21,96,121,1.2396694214876034,0.04549209568437318,650,At lease the weight of the world is no longer just on your shoulders.
319,4363,6,22,114,142,1.2394366197183098,0.04348422450636393,650,Let's agree on one thing. Going to the bathroom could be an issue.
6735,4363,5,24,113,142,1.2394366197183098,0.042320062146136025,650,"Lately, I've been feeling so weighed down."
6348,4363,5,24,113,142,1.2394366197183098,0.042320062146136025,650,So why do you think the weight of the world is on your shoulders?
5837,4363,2,30,110,142,1.2394366197183098,0.0386175775709932,650,I wish you'd quit talking in metaphors . . .
4978,4363,5,24,113,142,1.2394366197183098,0.042320062146136025,650,"I think you""re making a mountain out of a molehill."
3989,4363,4,26,112,142,1.2394366197183098,0.04112295635269635,650,Do you still think the weight I feel on me is still phsychological?
3209,4363,6,22,114,142,1.2394366197183098,0.04348422450636393,650,What do you mean by weight?
7064,4363,5,24,113,142,1.2394366197183098,0.042320062146136025,650,Well I think a firmer mattress would help with the back pain.
5925,4371,7,14,96,117,1.2393162393162394,0.050998824916642684,650,Just how am I weighing you down Herb?
953,4371,4,20,93,117,1.2393162393162394,0.046462818402408325,650,Did you say you wanted to get something off your chest?
3139,4371,7,14,96,117,1.2393162393162394,0.050998824916642684,650,Let me know if you need me to spot you!
2678,4371,5,18,94,117,1.2393162393162394,0.04802245006476562,650,"Ok,one more story and I will let you go."
1802,4375,10,19,134,163,1.2392638036809815,0.04337007149444272,650,I really can't help. It's up to you to watch your weight.
2513,4376,5,23,110,138,1.2391304347826086,0.04309307852185475,650,Just weight a minute.
2163,4376,9,15,114,138,1.2391304347826086,0.047751015776407536,650,So. It all started with your mother.
1982,4376,5,23,110,138,1.2391304347826086,0.04309307852185475,650,Perhaps..try lifting with your knees...?
1201,4376,7,19,112,138,1.2391304347826086,0.04548171568976626,650,"I guess I understand, but pain is so personal."
821,4376,6,21,111,138,1.2391304347826086,0.044303498047984134,650,And what happens when you visualize Trump losing re-election?
6180,4376,8,17,113,138,1.2391304347826086,0.04663017247321444,650,"Im standing in for Dr Crane this week"""
7267,4376,6,21,111,138,1.2391304347826086,0.044303498047984134,650,My wife keeps complaining I don't have that old spring in my step anymore
6096,4376,10,13,115,138,1.2391304347826086,0.04884614652637111,650,"...so, after years of self-sabotage, impostor syndrome, and neglect, I decided to seek help.""
""Once again, Mr. Dupont, what I meant was, how did you get into my office?"
3154,4376,6,21,111,138,1.2391304347826086,0.044303498047984134,650,After we're done here you'll feel like a huge weight has been lifted off your chest.
5522,4376,7,19,112,138,1.2391304347826086,0.04548171568976626,650,I think you're under a lot of stress.
3172,4376,8,17,113,138,1.2391304347826086,0.04663017247321444,650,"As a long-time Weight Watcher, I think I understand your problem..."
2389,4376,3,27,108,138,1.2391304347826086,0.0405640280408239,650,And that's what childbirth did to your wife's body.
6580,4376,4,25,109,138,1.2391304347826086,0.04184766294183874,650,So you can press your suit while wearing it. Is there anything else it can do?
7,4376,5,23,110,138,1.2391304347826086,0.04309307852185475,650,"When you feel the breakthrough, that’s when you know it’s working."
4638,4390,5,22,107,134,1.2388059701492538,0.04390733102351806,650,Let's chat about how you can procrastinate less.
4619,4390,4,24,106,134,1.2388059701492538,0.042610243685934766,650,"It’s going to be alright, Gerald. After only six years of sessions, I think we are finally getting a sense of what has been hindering your physical relationships."
2611,4390,8,16,110,134,1.2388059701492538,0.04758693381077347,650,And how does this crushing weight make you feel?
6112,4390,7,18,109,134,1.2388059701492538,0.04639283801274597,650,"I hope you feel better now that you've lifted 
the weight off your shoulders; but our time is up.  
Next session we'll work on your heavy heart"
2170,4390,3,26,105,134,1.2388059701492538,0.04127241229127147,650,That weight off my mind seems to have shifted
2798,4390,4,24,106,134,1.2388059701492538,0.042610243685934766,650,Perhaps you are taking your weight training to an extreme.
5178,4390,5,22,107,134,1.2388059701492538,0.04390733102351806,650,Just tell yourself it's not real.
1212,4397,9,19,127,155,1.238709677419355,0.043978772889084285,650,Why do you fear rolling off the couch?
1695,4397,6,25,124,155,1.238709677419355,0.04102159093874264,650,"Now , do you see what I mean between imagined and real problems?
Jim Finegan Rye, NY"
1861,4399,5,21,104,130,1.2384615384615385,0.044766466379273236,650,I'm not sure psychiatry can lift a burden this heavy.
4553,4399,7,17,106,130,1.2384615384615385,0.04735565099162219,650,"So that's the only thing that's able to hold down your massive, engorged erection? Impressive."
5896,4399,3,25,102,130,1.2384615384615385,0.042018035929025456,650,See? It feels lighter if you distribute the weight more evenly.
5760,4399,4,23,103,130,1.2384615384615385,0.0434140061237124,650,"It's best to be honest with me, otherwise this session could go longer than your insurance is willing to cover."
1753,4399,4,23,103,130,1.2384615384615385,0.0434140061237124,650,At the end of this session you'll feel like a great weight has been lifted off of you. Assuming Jim can find a new rope for the pulley.
5547,4399,4,23,103,130,1.2384615384615385,0.0434140061237124,650,How long have you experienced this feeling of bearing a tremendous weight?
5711,4405,3,30,118,151,1.2384105960264902,0.03841059602649006,650,We need to talk about your approach to body dysmorphia
1854,4405,6,24,121,151,1.2384105960264902,0.04171659800800959,650,"Now, how does that huge weight really make you feel?"
6919,4405,7,22,122,151,1.2384105960264902,0.042761837777537365,650,"Bernie, I know about Delores. Is there something else?"
3068,4405,6,24,121,151,1.2384105960264902,0.04171659800800959,650,What makes you think you have the weight of the world on your shoulders?
1697,4405,7,22,122,151,1.2384105960264902,0.042761837777537365,650,"Look, I understand it's a weighty issue"
4779,4410,6,23,118,147,1.2380952380952381,0.042445658147416666,650,Your urologist sent you to me because you keep taking too much damn Viagra
5451,4410,4,27,116,147,1.2380952380952381,0.040190272148074004,650,And how long have you been feeling this 'weight'?
4554,4410,3,24,99,126,1.2380952380952381,0.04280420010332235,650,At a minimum we can correct your problem with your slipped disc.
3882,4410,6,23,118,147,1.2380952380952381,0.042445658147416666,650,Giant Toblerone? What are you thinking?
2314,4410,4,22,100,126,1.2380952380952381,0.044262666813799055,650,"So,after we flatten your stomach,we'll try the blowtorch on your five o'clock shadow."
591,4410,5,25,117,147,1.2380952380952381,0.04133335136970877,650,"I am sorry, don’t think I can help you. What you are carrying with you is literally a weight I can’t lift."
120,4410,9,17,121,147,1.2380952380952381,0.04562014660118946,650,Have you lost some weight since our last session?
6571,4410,5,20,101,126,1.2380952380952381,0.045674585936311615,650,You can have that in the divorce.
7416,4410,4,22,100,126,1.2380952380952381,0.044262666813799055,650,"No, Bob. There’s not an elephant sitting on your chest. Have you been doing those mindfulness exercises we talked about?"
5597,4410,6,18,102,126,1.2380952380952381,0.04704414870563226,650,"It's not ""a ton"",it's two tons.....and it's not on your shoulder."
6600,4410,5,20,101,126,1.2380952380952381,0.045674585936311615,650,But it is a success. A great weight has been lifted off your shoulders.
4286,4410,5,20,101,126,1.2380952380952381,0.045674585936311615,650,Well I guess this pressure sensation may be all due to anxiety
1129,4422,4,31,129,164,1.2378048780487805,0.03756664473309039,650,"If you can't tell me every little detail, you'll never get it off your chest!"
5037,4423,2,30,111,143,1.2377622377622377,0.03838311175252409,650,"This relationship isn't going anywhere, Jimmy."
7168,4423,9,16,118,143,1.2377622377622377,0.04650499609164051,650,"No hurry, it's a flat rate."
61,4423,9,16,118,143,1.2377622377622377,0.04650499609164051,650,"If you break my couch, I'll break your face."
5785,4423,6,22,115,143,1.2377622377622377,0.043211520370902166,650,You have to move forward even though you have a lot weighing on you.
4213,4423,5,24,114,143,1.2377622377622377,0.04205641968267577,650,I long for the days of oblivious repression.
1533,4428,2,25,95,122,1.2377049180327868,0.04205350539350956,650,I know you have the weight of the world on your shoulders.  You don't have to demonstrate.
6972,4428,4,21,97,122,1.2377049180327868,0.045160417509692276,650,"To be blunt, I think it's all in your head."
340,4428,4,21,97,122,1.2377049180327868,0.045160417509692276,650,"I  know your stressed,but the weight of the world?"
6760,4428,5,19,98,122,1.2377049180327868,0.04663631960750775,650,It seems to me that you have something big to get off of your chest.
3495,4428,4,21,97,122,1.2377049180327868,0.045160417509692276,650,With a more positive attitude you could make this therapy session a truly uplifting experience.
4413,4433,5,23,111,139,1.2374100719424461,0.042816509050704825,650,What seems to be weighing on your mind?
7276,4433,5,23,111,139,1.2374100719424461,0.042816509050704825,650,"My colleagues said, 'It's a dry weight, not a humid weight,' so everything should be okay."
6805,4433,4,25,110,139,1.2374100719424461,0.04158111389481739,650,"Well Garry, if this won’t straighten you up nothing will"
2508,4433,2,29,108,139,1.2374100719424461,0.038993078919510205,650,One must struggle against that which weighs you down.
3261,4433,5,23,111,139,1.2374100719424461,0.042816509050704825,650,"Yes, it's the shape of a pyramid but it won't help your problem."
7000,4438,2,24,92,118,1.2372881355932204,0.042855429936970196,650,"Though we may have a bit further to go,I do think therapy has removed a huge weight from your shoulders."
2767,4438,4,20,94,118,1.2372881355932204,0.04611200470995581,650,"I know, dear, I heard you the first time. You have a ton of things to talk about."
6022,4438,5,18,95,118,1.2372881355932204,0.04765691481847308,650,Ms. Wintour... Can you stop staring and FUCKING HELP ME?!?
1566,4438,5,18,95,118,1.2372881355932204,0.04765691481847308,650,Tell me how felt when your mother would say “meep meep”..
588,4438,3,22,93,118,1.2372881355932204,0.04451350836236989,650,"I wouldn't call your situation an existentialist dilemma, but it's certainly heavy."
7089,4443,7,23,126,156,1.2371794871794872,0.041788173028505786,650,This is therapy to make your other issues seem insignificant. Is it working?
6700,4443,5,27,124,156,1.2371794871794872,0.039759595485652936,650,"No, it's not on your shoulders."
5450,4443,7,23,126,156,1.2371794871794872,0.041788173028505786,650,I hope talking with you will take this huge weight off me!!
3718,4443,4,29,123,156,1.2371794871794872,0.038705457589905345,650,So I hear you saying you're feeling very depressed because you have to lose a lot of weight.
962,4447,8,16,111,135,1.237037037037037,0.04726623535557376,650,I have a frog in my throat Doc
2855,4447,5,22,108,135,1.237037037037037,0.04361676336166934,650,So you are here to get this off your chest.
5065,4447,2,28,105,135,1.237037037037037,0.03963265178621323,650,"My patients all say they're under a lot of pressure, but my fees are still $350 an hour."
2518,4447,4,24,107,135,1.237037037037037,0.04233041136859312,650,Most of my patients complain about life landing on them like a ton of bricks...
6732,4447,6,20,109,135,1.237037037037037,0.04486624973921271,650,"Oh please, that's not even a fraction of the weight of the world on your chest!"
607,4447,6,20,109,135,1.237037037037037,0.04486624973921271,650,I think I see what’s weighing you down.
4303,4447,3,26,106,135,1.237037037037037,0.04100372430793054,650,"Oh, just a sciatica flare-up. You?"
4323,4447,4,24,107,135,1.237037037037037,0.04233041136859312,650,"Trust me, the emotional burden I carry watching you go through this hurts worse."
2819,4447,5,22,108,135,1.237037037037037,0.04361676336166934,650,It’s time you acknowledged the elephant in the room
6477,4456,4,19,91,114,1.236842105263158,0.047122825860897805,650,"When I said,""to weigh your position,"" I was speaking metaphorically!"
3301,4456,4,19,91,114,1.236842105263158,0.047122825860897805,650,"Or, I could just write you a prescription for sildenafil."
2906,4458,6,19,106,131,1.2366412213740459,0.045762363369893325,650,"So I said to Uncle Vito, in confidence, that I had detected, in you, a wandering eye."
2499,4458,3,25,103,131,1.2366412213740459,0.04173576960964363,650,"Yeah, I know what you mean."
6257,4458,4,23,104,131,1.2366412213740459,0.04311976666223454,650,It was only last week you felt you had the weight of the world on your shoulders.
2201,4458,4,23,104,131,1.2366412213740459,0.04311976666223454,650,Cheer up. You've taken a great weight off your shoulders.
2017,4458,5,21,105,131,1.2366412213740459,0.04446070275087714,650,"You're not thinking about your loss now, are you?"
5115,4458,3,25,103,131,1.2366412213740459,0.04173576960964363,650,I think you’ve been putting on a little weight lately
5038,4458,5,21,105,131,1.2366412213740459,0.04446070275087714,650,"In your online review, if you could just mention that we got a huge weight off your shoulders?"
4015,4458,6,19,106,131,1.2366412213740459,0.045762363369893325,650,I do not need therapy. Just get this just this masive weight off my chest.
3344,4458,5,21,105,131,1.2366412213740459,0.04446070275087714,650,Let's talk about ending treatment.
2904,4458,2,27,102,131,1.2366412213740459,0.040304275862654476,650,"The positive perspective here, Bernard, is your mindfulness work has really lifted that weight off just your shoulders."
934,4458,5,21,105,131,1.2366412213740459,0.04446070275087714,650,You've got to have something on your mind.
7170,4458,7,17,107,131,1.2366412213740459,0.0470280098802241,650,"Today, let's talk about your expectations when your hear the word ""shrink""."
4423,4470,7,21,120,148,1.2364864864864864,0.043264352955627354,650,Tell me more about this weight pressing down on you.....
5988,4470,6,23,119,148,1.2364864864864864,0.04218857159601243,650,Maybe you feel that way because you actually DO have a heavy weight on your chest!
7396,4470,7,21,120,148,1.2364864864864864,0.043264352955627354,650,"Oh, that was literally cry for help."
5442,4470,7,21,120,148,1.2364864864864864,0.043264352955627354,650,I said weighted *blanket*.  You don’t alwys need to be the Tough Guy.
6196,4470,8,19,121,148,1.2364864864864864,0.044314025996588666,650,You said you wanted the weight off  your shoulders
4628,4470,8,19,121,148,1.2364864864864864,0.044314025996588666,650,It's against professional ethics for me to discuss Mr. Soprano's deep sea fishing plans with you
2841,4476,6,14,90,110,1.2363636363636363,0.05154376219029219,650,Maybe we should focus on getting that weight off your chest.
2459,4477,6,18,103,127,1.236220472440945,0.046709890681067734,650,I see you have a heavy burden.
1536,4477,4,22,101,127,1.236220472440945,0.04395276024928965,650,"Honestly Max, we can afford a panini press."
1317,4477,6,18,103,127,1.236220472440945,0.046709890681067734,650,"So how long have you felt yourself under this ""weight"" as you describe it?"
1246,4477,6,18,103,127,1.236220472440945,0.046709890681067734,650,"I understand it is conditioning, but I really don't think the weight of the world will feel less oppressive tomorrow."
4514,4477,3,24,100,127,1.236220472440945,0.04250718476420963,650,Your mom put this weight on you?
6784,4477,6,18,103,127,1.236220472440945,0.046709890681067734,650,"Honey, is there something you need to get off your chest?"
2659,4477,6,18,103,127,1.236220472440945,0.046709890681067734,650,Just practice gratitude. It only feels like the weight of the world
4215,4477,6,18,103,127,1.236220472440945,0.046709890681067734,650,Because it was the one thing that sparked joy.
7535,4477,7,16,104,127,1.236220472440945,0.048029139742349944,650,It's not healthy to keep putting yourself down like that.
4298,4477,4,22,101,127,1.236220472440945,0.04395276024928965,650,"Honestly, there is a heart of gold beating under this weight of guilt."
2725,4487,5,24,115,144,1.2361111111111112,0.04179596617581002,650,Tell me about it.
6882,4487,6,22,116,144,1.2361111111111112,0.04294214579750938,650,I take it you want panini for lunch again?
2441,4487,4,26,114,144,1.2361111111111112,0.040617455501845,650,I received my training from ACME Corporation University. Why do you ask?
2280,4487,9,16,119,144,1.2361111111111112,0.046210422818557334,650,"Weight, what?"
5078,4487,5,24,115,144,1.2361111111111112,0.04179596617581002,650,Looks like you got the weight off your back.
6264,4492,4,17,85,106,1.2358490566037736,0.049347743443954886,650,You're still here?
1663,4493,4,21,98,123,1.2357723577235773,0.04483342607880306,650,"I’m so pleased by your progress over the past few weeks, Ralph: we’ve managed to remove an enormous weight from your shoulders."
6950,4493,6,17,100,123,1.2357723577235773,0.04771368919516814,650,I know you've been under a lot of pressure but you can't let things weigh you down.
7534,4493,5,19,99,123,1.2357723577235773,0.04629596219205625,650,How does it make you feel now that all the weight's been lifted from your shoulders?
7339,4493,4,21,98,123,1.2357723577235773,0.04483342607880306,650,"If it feels that real to you, perhaps you should be seeing an orthopedic surgeon rather than a psychiatrist."
2507,4497,6,21,113,140,1.2357142857142858,0.04373459415815174,650,Well you might need a more rigorous weight-loss routine.
3646,4497,5,23,112,140,1.2357142857142858,0.04254338730354498,650,At least now the weight is off your shoulders.
7149,4497,9,15,116,140,1.2357142857142858,0.047127905692218745,650,"I'm hearing thanks for helping get it off your back,but still."
983,4497,4,25,111,140,1.2357142857142858,0.041317851835987615,650,You're hour is up and my back hurts. Can you get that thing off by yourself?
6653,4501,9,19,129,157,1.2356687898089171,0.043469610136659904,650,"Sometimes Doc, I feel the weight of the world on me."
115,4501,8,21,128,157,1.2356687898089171,0.04251996811034903,650,"I apologize for the wait, hope it wasn’t too inconvenient for you"
6704,4503,3,22,94,119,1.2352941176470589,0.04418287918231217,650,"We can rule out anxiety, Mr Johnson.  Your symptoms all point to guilt."
5022,4503,3,22,94,119,1.2352941176470589,0.04418287918231217,650,"This ""Take a load off Fanny"" thing is getting old."
2714,4503,4,24,108,136,1.2352941176470589,0.04205413841083768,650,The good news is that the weight is off your shoulders.
1643,4503,4,24,108,136,1.2352941176470589,0.04205413841083768,650,"OK , you can get it off your chest, I’m listening!!"
6799,4503,6,20,110,136,1.2352941176470589,0.04456922123197992,650,"Yes I realise it may seem to you that  your burden is heavier than others, but..."
6930,4503,4,20,95,119,1.2352941176470589,0.04576632677128508,650,Now that the weight is off your shoulders...
6943,4503,8,16,112,136,1.2352941176470589,0.04694976469560254,650,Tell me about your mother lode.
7100,4503,8,20,125,153,1.2352941176470589,0.04326372304696509,650,This was the only way I could pin you down to set a wedding date.
7114,4503,2,32,119,153,1.2352941176470589,0.036820563002912844,650,"No, it needs to hit you like a ton of bricks."
3575,4503,4,24,108,136,1.2352941176470589,0.04205413841083768,650,"So this is what ""house arrest"" means."
7202,4503,5,18,96,119,1.2352941176470589,0.04729679185138561,650,Sex is a weighty issue for everyone
1603,4503,7,22,124,153,1.2352941176470589,0.04225814027946561,650,"Will you shut up, Fred?  This was the only time I've ever seen them go on sale."
1240,4503,6,20,110,136,1.2352941176470589,0.04456922123197992,650,I suggest you do more sit-ups
1477,4503,5,18,96,119,1.2352941176470589,0.04729679185138561,650,This will help take a great weight off your mind.
6920,4503,4,20,95,119,1.2352941176470589,0.04576632677128508,650,"The good news: It’s a load of f your shoulders,"
4011,4518,4,27,118,149,1.2348993288590604,0.03971289780687098,650,"I know it's hard, but I think you still need to lose more weight."
4815,4518,7,21,121,149,1.2348993288590604,0.043002307111602654,650,"You feel as if you have the weight of the world on your shoulders, Charlie. Next week we can discuss why. Times is up."
3130,4518,1,33,115,149,1.2348993288590604,0.03612520017269611,650,Why do you say you feel so flat emotionally?
5782,4521,4,23,105,132,1.2348484848484849,0.042829391226308085,650,There’s no way around it—you’re going to feel like this until you call Sean Payton and tell him you blew the call!
550,4521,3,25,104,132,1.2348484848484849,0.041457162611691405,650,This is literally a first for me.
2828,4521,5,21,106,132,1.2348484848484849,0.044158998786431834,650,Have you tried losing weight?
6260,4521,5,21,106,132,1.2348484848484849,0.044158998786431834,650,"Figuratively, you came to the right place."
4050,4521,6,19,107,132,1.2348484848484849,0.045449726014839965,650,"Well, at least it’s now off your shoulders."
744,4521,6,19,107,132,1.2348484848484849,0.045449726014839965,650,Still focused on your trivial feelings of inadequacy?
5443,4521,5,21,106,132,1.2348484848484849,0.044158998786431834,650,Heavier than my wife but lighter than my boss.
1133,4528,6,15,94,115,1.2347826086956522,0.04991286806593372,650,Isn't the real weight your masculinity?
4173,4529,5,28,129,162,1.2345679012345678,0.038711722910830054,650,I've got to get something off my chest; I don't like this exercise.
7110,4530,4,26,115,145,1.2344827586206897,0.04036921684789872,650,"Do what you want, but I still think you need to call a cardiologist."
5505,4530,5,24,116,145,1.2344827586206897,0.04153864597607507,650,It's a cutting edge therapy allowing you to externalize the exact weight of your mother and father.
834,4530,5,24,116,145,1.2344827586206897,0.04153864597607507,650,My name isn't 'Fanny' and I couldn't life that load anyway.
4497,4530,4,26,115,145,1.2344827586206897,0.04036921684789872,650,Use your legs!
1992,4530,6,22,117,145,1.2344827586206897,0.04267604187525741,650,"It's a new form of therapy called ""Paying up front from now on""."
1137,4530,6,22,117,145,1.2344827586206897,0.04267604187525741,650,I get it Frank. You think living with you is such a dream?
991,4530,3,28,114,145,1.2344827586206897,0.039164885143450165,650,You must feel better with the weight off your shoulders
5991,4537,2,26,100,128,1.234375,0.04073085844570931,650,"Yes, yes, I know I have to get it resized. Now tell me how you feel."
4131,4537,4,22,102,128,1.234375,0.0436470597159808,650,"So, you pulled into Nazareth..."
3751,4537,6,18,104,128,1.234375,0.04638026319434138,650,"Sorry, I don't do drop-ins."
893,4537,1,28,99,128,1.234375,0.03919147016458323,650,"So Doc, the stress manifests as a weight on my chest."
100,4537,7,16,105,128,1.234375,0.04768815691594056,650,The world was too heavy so I downsized.
4726,4537,4,22,102,128,1.234375,0.0436470597159808,650,I'm under a lot of stress
1217,4537,5,20,103,128,1.234375,0.04503440149389559,650,"Then my mother said, I carried you for 12 months and did I complain?!"""
3489,4537,6,18,104,128,1.234375,0.04638026319434138,650,I think I’m going to need a bigger couch.
4587,4545,4,18,89,111,1.2342342342342343,0.0478102908111374,650,It's a load off your head
4475,4546,4,25,112,141,1.2340425531914894,0.041057818564589114,650,I am not sure I can help you get that off your chest today.
4798,4546,8,17,116,141,1.2340425531914894,0.045727595122175314,650,"No, it's not repression"
4882,4546,6,21,114,141,1.2340425531914894,0.04345547963686692,650,Let's go for a nice little boat ride.
5438,4546,8,17,116,141,1.2340425531914894,0.045727595122175314,650,crushing the patriarchy has become a requirement in this office
831,4546,7,19,115,141,1.2340425531914894,0.044606006692640324,650,Do you see the coyote now?
6897,4546,3,27,111,141,1.2340425531914894,0.03980486581674406,650,I have a few weighty issues I'd like to discuss with you.
7206,4546,6,21,114,141,1.2340425531914894,0.04345547963686692,650,I feel like we’re making great progress here.
95,4546,7,19,115,141,1.2340425531914894,0.044606006692640324,650,It seems like you carry a lot of weight with  you.
752,4546,3,27,111,141,1.2340425531914894,0.03980486581674406,650,"I can only help you lift a weight off your mind, I'm afraid."
7099,4546,5,23,113,141,1.2340425531914894,0.042273651224804754,650,"I went to the ER first, turns out I’m not having a heart attack."
1870,4546,9,15,117,141,1.2340425531914894,0.046822324571205456,650,"So, tell me about that domineering mother who still haunts you?"""
590,4557,5,19,100,124,1.2338709677419355,0.045960437164890795,650,"Now, I'm serious, Mr. Richards. You're not leaving until we can find away to get that weight off your chest."
538,4557,3,23,98,124,1.2338709677419355,0.04301280155099031,650,I don’t know but I’m thinking it might not be just the metaphorical weight I need to get off my chest.
2656,4557,6,17,101,124,1.2338709677419355,0.047365516232269395,650,What other weighty problems are concerning you today?
4179,4557,5,19,100,124,1.2338709677419355,0.045960437164890795,650,Can we talk now?
6157,4557,2,25,97,124,1.2338709677419355,0.041460472183796636,650,If you just open up a bit you can get a great weight off your chest
7318,4562,1,34,119,154,1.2337662337662338,0.03543442758386342,650,Look on the bright side. It's not on your shoulders.
5859,4563,4,24,109,137,1.2335766423357664,0.04178135975060226,650,"For our next session , I will have you hang upside down."
2039,4563,5,22,110,137,1.2335766423357664,0.04304676793401593,650,"I just have one tiny thing to get of my chest, doctor."
1670,4563,7,18,112,137,1.2335766423357664,0.045472064429455714,650,Why do you think you missed our last appointment.
6073,4563,6,20,111,137,1.2335766423357664,0.044276025527601244,650,"So you feel like a great weight has been lifted from you, only to be replaced with an even greater weight?"
6647,4563,2,28,107,137,1.2335766423357664,0.03912796453558116,650,Tell me more about the sensation of unbearable weight.
3573,4563,5,22,110,137,1.2335766423357664,0.04304676793401593,650,There's just a heaviness to my life that I can't quite explain.
5605,4563,5,22,110,137,1.2335766423357664,0.04304676793401593,650,"On the bright side, it sounds like a lot of weight has been taken off your shoulders."
198,4570,7,21,122,150,1.2333333333333334,0.04274335948442652,650,I think you just need to figure out what's weighing you down.
4546,4570,3,22,95,120,1.2333333333333334,0.0438569953494662,650,"While I agree that it's substantial, I think calling it the weight of the world will interfere with your progress."
1995,4570,1,33,116,150,1.2333333333333334,0.03591771190286294,650,"So you think you have the ""weight of the world"" on you."
3466,4570,5,25,120,150,1.2333333333333334,0.04059586016811276,650,You really have nothing to get off your chest?
2202,4570,2,24,94,120,1.2333333333333334,0.04223008428447825,650,"I don’t know doctor, I’ve been feeling like I have been carrying the weight of the world on my shoulders, but now it seems to be spreading."
2366,4570,6,23,121,150,1.2333333333333334,0.041683441813290076,650,"I'm sorry sir, I can only help with metaphysical weights."
6297,4570,6,23,121,150,1.2333333333333334,0.041683441813290076,650,And the next time you do it I'll also tickle your feet.
2122,4570,3,29,118,150,1.2333333333333334,0.03832822648601176,650,You could try exercising to flatten your stomach.
2474,4570,5,18,97,120,1.2333333333333334,0.04694196508350526,650,"But, at this point, who would I even be without it?"
1507,4570,7,14,99,120,1.2333333333333334,0.049836333439760135,650,Shouldn't that be on your shoulders?
3549,4580,4,30,129,163,1.2331288343558282,0.037503871038797335,650,This is how it must feel like to carry the world.
2253,4580,9,20,134,163,1.2331288343558282,0.04225212601857324,650,Try to be less defensive and consider things from the weight's perspective.
4538,4582,6,19,108,133,1.2330827067669172,0.045141253262205396,650,I’ll be blunt—you need to lose some weight.
6111,4582,6,19,108,133,1.2330827067669172,0.045141253262205396,650,"""David Blaine's people called back and said you're on your own."""
5669,4582,4,23,106,133,1.2330827067669172,0.04254280683002801,650,And you feel all this weight on you because?
2477,4582,5,21,107,133,1.2330827067669172,0.043861276537850824,650,How long have you felt this heavy weight on you?
6556,4582,5,21,107,133,1.2330827067669172,0.043861276537850824,650,What weighty matter?
7428,4582,6,19,108,133,1.2330827067669172,0.045141253262205396,650,Relax. Tell all the heaviness pressing down on you to fly away like a bird.
2054,4582,5,21,107,133,1.2330827067669172,0.043861276537850824,650,My goal in therapy? Well...
2010,4582,5,21,107,133,1.2330827067669172,0.043861276537850824,650,Let's work on your emotional burdens first.
3340,4582,5,21,107,133,1.2330827067669172,0.043861276537850824,650,"Now that you've unburdened yourself, don't you feel freer?"
4911,4582,5,21,107,133,1.2330827067669172,0.043861276537850824,650,"We all have loads to bear, sir."
3975,4582,4,23,106,133,1.2330827067669172,0.04254280683002801,650,"So, what makes you think your life is a burden?"
4506,4582,6,19,108,133,1.2330827067669172,0.045141253262205396,650,So you say it feels like a two ton weight on your chest? Looks like one to me.
2419,4594,4,26,116,146,1.2328767123287672,0.0401239175152433,650,I warned you about my overtime policy.
6413,4594,5,24,117,146,1.2328767123287672,0.04128440465913986,650,So that’s your way of making a lasting impression?
617,4594,8,18,120,146,1.2328767123287672,0.04458499749835465,650,I get the trend but don't think I like this version of  weighted blanket.
5899,4594,4,26,116,146,1.2328767123287672,0.0401239175152433,650,"You could just try crunches, Bill."
649,4594,6,22,118,146,1.2328767123287672,0.04241315101886642,650,So you want to go on a weight loss program ?
5903,4599,6,15,95,116,1.2327586206896552,0.04952209178050024,650,just get it off your chest if it will make you feel beter
5071,4599,2,23,91,116,1.2327586206896552,0.04304343648445431,650,I'm concerned because the last time I felt like this I needed coronary artery bypass surgery.
1243,4599,4,19,93,116,1.2327586206896552,0.04639598581077646,650,I know this has been weighing on you for a long time.
924,4602,4,29,126,159,1.2327044025157232,0.0380595410428776,650,Your affect is a bit flat.
1804,4603,6,18,105,129,1.2325581395348837,0.04605517301672924,650,I feel like there’s a 500 pound weight on my chest.
1394,4603,6,18,105,129,1.2325581395348837,0.04605517301672924,650,I tried a weighted blanket but this works so much better
1360,4603,5,20,104,129,1.2325581395348837,0.044720855655869474,650,Looks like you've moved the weight of the world down a bit from your shoulders.
1965,4603,5,20,104,129,1.2325581395348837,0.044720855655869474,650,"we call it ""roadrunner syndrome"""
3676,4607,5,23,114,142,1.232394366197183,0.04200724017029981,650,"There are weights a shrink can lift, but your situation is different."
3577,4607,3,27,112,142,1.232394366197183,0.03955790673166564,650,Well... did I or did I not get that weight off your back?
2207,4607,7,19,116,142,1.232394366197183,0.04432142222965484,650,That really got the weight off my shoulders
52,4607,4,25,113,142,1.232394366197183,0.04080095716840726,650,You just have to relax and get it off your chest.
5172,4607,5,23,114,142,1.232394366197183,0.04200724017029981,650,"I told you, your check bounced. The weight comes off when you pay me what you owe me."
6042,4607,7,19,116,142,1.232394366197183,0.04432142222965484,650,I can't seem to get this weight off my chest.
5635,4607,2,29,111,142,1.232394366197183,0.03827450671300822,650,I think you're searching for balance.
2664,4614,5,26,124,155,1.232258064516129,0.03970920147673001,650,"The directions said , ten minutes on daily should take care of your flatulence."
7391,4614,6,24,125,155,1.232258064516129,0.040750556591056655,650,"After I told you denial is not a river in Egypt,why do you have this pyramid fixation?"
5083,4616,4,21,100,125,1.232,0.04419312455647955,650,"The Free Mason's called, they need their Corner Stone back!"
4789,4616,6,17,102,125,1.232,0.047022300817734855,650,Being a bit melodramatic aren't you Frank?
1399,4616,5,19,101,125,1.232,0.04562964514577153,650,Well yes it's true that's why your here!
1397,4619,5,22,111,138,1.2318840579710144,0.042767202945480774,650,"I think you’re letting it get the best of you, Todd"
7115,4619,4,24,110,138,1.2318840579710144,0.04151201181565335,650,"Have you considered switching to the metric system, Steven?"
6492,4619,7,18,113,138,1.2318840579710144,0.04517307487180755,650,You are watching the end of ‘Roma’’ and thats final!
6775,4619,8,16,114,138,1.2318840579710144,0.04632918320206958,650,Thanks. That's a load on my chest!
29,4619,7,18,113,138,1.2318840579710144,0.04517307487180755,650,I'm trying not to sweat the small stuff.
4699,4619,2,28,108,138,1.2318840579710144,0.03888025307773796,650,"I think it's the relationship with your father, not the 2 tons of iron, that's weighing you down."
3732,4619,5,22,111,138,1.2318840579710144,0.042767202945480774,650,I know it feels like you have the weight of the world on you but it's only a two ton anvil.
2406,4619,3,26,109,138,1.2318840579710144,0.040217665300038834,650,So what did you pray for?
4961,4619,6,20,112,138,1.2318840579710144,0.04398659080420913,650,Let me get this right. You were complaining about the weight on your shoulders...
2365,4619,6,20,112,138,1.2318840579710144,0.04398659080420913,650,that's heavy
191,4619,4,24,110,138,1.2318840579710144,0.04151201181565335,650,How do you see yourself lightening up?
5985,4619,5,22,111,138,1.2318840579710144,0.042767202945480774,650,"Two more pounds, 
and you’ll be ready."
6474,4619,8,16,114,138,1.2318840579710144,0.04632918320206958,650,Have you explored why this isn’t on your shoulders?
6161,4632,4,27,120,151,1.2317880794701987,0.03924644341729551,650,"That’s a delusion, Walter.  It’s not the upcoming election that’s weighing on you—it’s the trapezoidal block on your chest."
6349,4632,3,29,119,151,1.2317880794701987,0.038104896012932855,650,"And finally, I don't want to be a woman anymore. So, what's on your mind, Ralph?"
1,4632,4,27,120,151,1.2317880794701987,0.03924644341729551,650,You've got to get over the fact you failed the Monty Python audition.
2446,4632,6,23,122,151,1.2317880794701987,0.04143529609412827,650,Are you starting to see things from my perspective?
1617,4632,3,29,119,151,1.2317880794701987,0.038104896012932855,650,It's a pretty simple diet!
1772,4632,5,25,121,151,1.2317880794701987,0.04035571262730383,650,"No, this is CrossFit. The therapist is down the hall."
6548,4638,3,32,129,164,1.2317073170731707,0.03628486494644133,650,That's the weight of responsibility. How does it feel?
2670,4638,4,30,130,164,1.2317073170731707,0.037301583388225264,650,"I hear what you're saying Mr. Smith, but if you take a step back and look at things you don't really have the weight of the world on your shoulders."
1316,4640,5,18,98,121,1.2314049586776858,0.046592321602405506,650,Heavy regrets for one's vote are not that uncommon.
5162,4640,3,22,96,121,1.2314049586776858,0.043535759309308836,650,"Try to visualise this ""pressing weight"" for me"
2817,4640,4,20,97,121,1.2314049586776858,0.04508994772086154,650,Interesting. You say it it feels like you have a two-ton weight to get off your chest. Why don’t we start there? Tell me more.
5179,4643,7,17,110,134,1.2313432835820894,0.04607130634298544,650,"After this, if you don't tell me her name, you'll have to sit through 24 hours of  Trump rally speeches."
3642,4643,5,21,108,134,1.2313432835820894,0.043567459954432904,650,I see you that you have a very heavy burden to carry.
3368,4643,6,19,109,134,1.2313432835820894,0.044836864492459355,650,So what seems to be weighing you down?
1863,4643,3,25,106,134,1.2313432835820894,0.0409106571153901,650,It's all in how you frame it. Think 'panini press'.
897,4643,2,27,105,134,1.2313432835820894,0.039515326330159174,650,So you feel a heavy weight on your chest. What do you think it's about?
830,4643,7,17,110,134,1.2313432835820894,0.04607130634298544,650,I guess not all that brings you joy can be thrown out.
69,4643,5,21,108,134,1.2313432835820894,0.043567459954432904,650,Susan was not impressed by David's gravitas.
970,4643,6,19,109,134,1.2313432835820894,0.044836864492459355,650,"At least it's not the weight of the world."""
2313,4651,8,18,121,147,1.2312925170068028,0.044308988698020156,650,You’re not leaving until you give me your copay.
7297,4651,6,22,119,147,1.2312925170068028,0.042153416933982606,650,A ton of thimgs have been weighing on me this week Doc.
6142,4651,8,18,121,147,1.2312925170068028,0.044308988698020156,650,"Sure, you can watch your weight. But I think you're missing the point"
6074,4651,4,26,117,147,1.2312925170068028,0.0398815074812759,650,"Honey, I'm really feeling a lot of pressure right now in our marriage."
1351,4651,5,24,118,147,1.2312925170068028,0.04103318899494187,650,"After a few more sessions, you should find it much easier to get things off your chest."
4941,4656,5,27,128,160,1.23125,0.038873560358790825,650,Your chiropractor sucks.
502,4657,3,24,103,130,1.2307692307692308,0.04163970964136848,650,I feel as if a great weight has been lifted from my shoulders-
1713,4657,5,23,115,143,1.2307692307692308,0.041744094870360064,650,I see you’re no longer feeling that weight on your shoulders.
3562,4657,5,20,105,130,1.2307692307692308,0.04441155916843274,650,This weighted blanket phase of yours has gone too far!
4498,4657,3,27,113,143,1.2307692307692308,0.03931390776896328,650,"Well, I did manage to get this weight off my shoulders."
4767,4657,5,23,115,143,1.2307692307692308,0.041744094870360064,650,Weighted Blanket for Extremists
5086,4657,5,23,115,143,1.2307692307692308,0.041744094870360064,650,What ever happened to the problem of having an ALBATROSS around you neck
7553,4657,4,25,114,143,1.2307692307692308,0.04054721199177677,650,Tell me more about what's been weighing on you.
6268,4657,5,20,105,130,1.2307692307692308,0.04441155916843274,650,Let's review this obsession with hair loss once more.
5500,4657,6,18,106,130,1.2307692307692308,0.045734529320285634,650,"Can you be more specific when you say you feel
“weighted down”?"
6842,4657,3,24,103,130,1.2307692307692308,0.04163970964136848,650,"Karen, how are we ever going to make this relationship work if you refuse to carry your own weight?"
2879,4657,2,26,102,130,1.2307692307692308,0.04018214571971751,650,No wonder why everyone said that I’d feel a weight lifted after my first visit.
7136,4657,5,17,95,117,1.2307692307692308,0.04761418927616715,650,I thought I told you not to bring your mother this week.
7144,4657,4,28,124,156,1.2307692307692308,0.038420159709954986,650,How often do you feel you have the weight of the world on you?
2748,4657,5,23,115,143,1.2307692307692308,0.041744094870360064,650,Just pretend it’s one of those new fangled blankets.
7225,4657,8,17,118,143,1.2307692307692308,0.04514475191275534,650,"Mr. Snodgrass, I’m afraid I can be of no help to you unless you’re honest with me. You clearly said you have a heavy weight on your SHOULDERS."
7336,4657,11,8,111,130,1.2307692307692308,0.05184544429390477,650,"Let me guess, ‘Sixteen Tons.’ Earworms can be annoying."
2321,4657,3,27,113,143,1.2307692307692308,0.03931390776896328,650,"Yes, Mr. Jones you do indeed have a lot of pressure on you. but leave it at work!"
7363,4657,6,15,96,117,1.2307692307692308,0.04913728967652168,650,"Once it's lifted, you're ready for the weight of your guilt."
809,4657,6,21,116,143,1.2307692307692308,0.04290760437014815,650,"Sorry, but I'm not the 'get it off your chest'  analyst. I'm the 'Mommy hated me' with just a bit of  'my penis is too small' analyst."
2883,4657,4,25,114,143,1.2307692307692308,0.04054721199177677,650,Looks like you gained some weight since you were here last.
2603,4677,5,25,122,152,1.230263157894737,0.04011832744092849,650,It’s a concrete metaphor for your ever lovin’ state of denial.
4109,4677,5,25,122,152,1.230263157894737,0.04011832744092849,650,Well actually it’s not just a feeling of a weight being on you.
2657,4677,5,25,122,152,1.230263157894737,0.04011832744092849,650,Are you under a lot of stress?
1356,4677,10,15,127,152,1.230263157894737,0.045223578754461,650,Being underweight isn't healthy.
4859,4681,5,22,112,139,1.2302158273381294,0.04249117096905104,650,"I""m sure this session will take a huge weight off your chest!"
5035,4681,7,18,114,139,1.2302158273381294,0.04487792819896826,650,You seem to be carrying some weight
2517,4681,5,22,112,139,1.2302158273381294,0.04249117096905104,650,"Doctor, sometimes I feel like the weight of the world is on me..."
5293,4684,5,19,102,126,1.2301587301587302,0.045303489353958636,650,Got a match?
1194,4684,7,15,104,126,1.2301587301587302,0.04802472698113439,650,I told you that your sins would weigh heavily upon you.
2390,4684,6,17,103,126,1.2301587301587302,0.04668394022175475,650,"Before we start, can I get you anything to make you feel more comfy? A blanket perhaps?"
4928,4684,5,19,102,126,1.2301587301587302,0.045303489353958636,650,"Doc; It was great to get the weight off my shoulders, but this is not what I had in mind."
3954,4684,2,25,99,126,1.2301587301587302,0.04088341676880569,650,That’s not what I meant by putting some weight on.
6655,4684,3,23,100,126,1.2301587301587302,0.042407993275749206,650,And how long have you had this illusion of carrying the weight of the world on yourself?
5996,4690,7,20,121,148,1.2297297297297298,0.042979869960094064,650,"Well, at least the weight isn't on your shoulders any more."
1827,4690,3,28,117,148,1.2297297297297298,0.03846497846558161,650,It may be time to give the weight of the world to your own kids. It was only on temporary loan from your parents.
5549,4690,5,24,119,148,1.2297297297297298,0.040784946917608304,650,I see no reason not to go to twice a week.
3266,4693,3,25,107,135,1.2296296296296296,0.040642627727348404,650,Does it feel like the weight of the world is on your shoulders NOW?
3610,4693,6,19,110,135,1.2296296296296296,0.044536481081518545,650,So you feel like you have a weight on your chest?
4759,4693,3,25,107,135,1.2296296296296296,0.040642627727348404,650,Can I give you a lift?
5801,4693,4,23,108,135,1.2296296296296296,0.041980727817623326,650,"You are right dear, we should have gone with the Bariatric surgery."
412,4693,6,19,110,135,1.2296296296296296,0.044536481081518545,650,"So, I understand your under a lot of pressure.
Forgive me, but is seems so obvious."
7250,4693,5,21,109,135,1.2296296296296296,0.043277474829418086,650,Dr. Howard did say you were a little underweight.
4061,4693,5,21,109,135,1.2296296296296296,0.043277474829418086,650,"Usually I address taking a load off my patient’s mind, but in your case I think we should take a different approach"
4165,4693,5,21,109,135,1.2296296296296296,0.043277474829418086,650,"Well, so much for that chandelier."
1620,4701,5,18,99,122,1.2295081967213115,0.046247751562393156,650,At least we've moved the weight from your shoulders.
6810,4701,2,24,96,122,1.2295081967213115,0.04162217598738881,650,"Relax Fred, its just a monday, dont be so dramatic."
2212,4701,5,18,99,122,1.2295081967213115,0.046247751562393156,650,All you need to do is take a deep breath and imagine your cares and worries just floating away
3270,4701,5,18,99,122,1.2295081967213115,0.046247751562393156,650,You'll thank me later.
1012,4701,7,14,101,122,1.2295081967213115,0.049089922777945175,650,"It used to be called chronic anxiety disorder.
Now we call it a 2-ton block of solid concretosis."
935,4701,6,16,100,122,1.2295081967213115,0.047690014903129664,650,I think I need some help getting this off my chest...
5469,4707,7,22,128,157,1.2292993630573248,0.04128490284697449,650,You manifested what looks like a physical manifestation.
5365,4707,5,26,126,157,1.2292993630573248,0.039257159454396444,650,Sexahloic Therapy
4164,4709,7,19,118,144,1.2291666666666667,0.04376283250585489,650,It seems like there's something weighing on you.
1637,4709,5,23,116,144,1.2291666666666667,0.04148415739394154,650,"Enough already with your mother's overwhelming oppression, your suffocating guilt, your emotional paralysis - Get it off your chest!"
5276,4709,4,25,115,144,1.2291666666666667,0.040296528604337835,650,"Just 10 more minutes, Mat. This exercise helps you understand what “carrying all this weight” means."
6130,4709,7,19,118,144,1.2291666666666667,0.04376283250585489,650,I think we need more than one man to change this light bulb.
2727,4709,7,19,118,144,1.2291666666666667,0.04376283250585489,650,You say you feel depressed?
6513,4714,5,20,106,131,1.2290076335877862,0.04410642855716718,650,"Be strong, sweetie, I just have to put the top on the pyramid"
4416,4714,6,18,107,131,1.2290076335877862,0.04541824360501837,650,I wanted to feel the weight of my emotions.
3695,4714,5,20,106,131,1.2290076335877862,0.04410642855716718,650,"If the cliche is correct, you're carrying it with the wrong part of your body."
1896,4714,9,12,110,131,1.2290076335877862,0.049144036143297126,650,"You said sleeping next to me didn’t do anything for your serotonin, so you wanted a gravity blanket. Well here you go!"
10,4714,7,16,108,131,1.2290076335877862,0.04669321861106914,650,"Honestly, I think you need to see someone else about getting this weight off your chest."""
5651,4714,5,20,106,131,1.2290076335877862,0.04410642855716718,650,"Between Sartre, Nietzsche, Schopenhauer and the imminent climate disaster I'm starting to think you may have a point with your bouts of despair. Does that make you feel validated?"
1890,4720,8,11,99,118,1.228813559322034,0.05164400948467288,650,"Don't worry, you'll be fine, it's really just thirteen tons and deeper in debt!"
2512,4720,6,15,97,118,1.228813559322034,0.048758328646135496,650,"I'm pretty sure this is what they meant by bench pressing, but I don't feel stronger."
3916,4720,2,23,93,118,1.228813559322034,0.0424018443677596,650,Depression can feel like that.
361,4720,5,17,96,118,1.228813559322034,0.04724944508372923,650,I think we're making progress.
1030,4724,7,21,125,153,1.2287581699346406,0.041984578747553784,650,"So, another day older and deeper in debt.  How does that make you feel?"
462,4725,3,26,111,140,1.2285714285714286,0.03970970863921596,650,I don't think this is a symptom of your hypochondria.
3408,4725,5,22,113,140,1.2285714285714286,0.042218607343789044,650,It’s just a feeling.
5196,4725,7,18,115,140,1.2285714285714286,0.04458655236600666,650,"Of course you have problems, with a dumbbell like that in your life."
1915,4725,4,24,112,140,1.2285714285714286,0.04098336105214201,650,I'm under a lot of pressure at work and at home.
4781,4725,1,30,109,140,1.2285714285714286,0.037031218105455385,650,I t used to be on my shoulders.
4589,4730,3,23,101,127,1.2283464566929134,0.04211176049748538,650,"I'm sorry, Mr. Smith, but my work is more about alleviating emotional weight, not actual weight."
6813,4730,6,17,104,127,1.2283464566929134,0.046350334443844225,650,"John, I don't care what Gwyneth Paltrow says. This does not qualify as self-care.'"
2928,4730,5,19,103,127,1.2283464566929134,0.04498187552896535,650,You're supposed to carry that on your shoulders.
1329,4730,3,23,101,127,1.2283464566929134,0.04211176049748538,650,"Most people can't wait to get off the couch, but you?"
1869,4730,6,17,104,127,1.2283464566929134,0.046350334443844225,650,"Yes, I'm having sex with the weight. Is that so wrong?"
2302,4735,10,22,152,184,1.2282608695652173,0.03945347243573743,650,Do you regret cementing the relationship?
1510,4736,6,22,121,149,1.2281879194630871,0.041643200154331726,650,Well the upside is that I can finally find stillness.
424,4736,5,24,120,149,1.2281879194630871,0.04053962749614911,650,"Actually, your condition is quite common."
3442,4738,7,17,112,136,1.2279411764705883,0.045454509046622495,650,It will feel so good once it's over. Promise.
1379,4738,6,19,111,136,1.2279411764705883,0.04424002634262154,650,"It's not your fault, Bruce. I'll call maintenance."
1885,4738,1,29,106,136,1.2279411764705883,0.03758347537718746,650,You’re right.  It’s not like you can’t get up because you’ve got the cat on your lap.
6458,4738,7,17,112,136,1.2279411764705883,0.045454509046622495,650,"So, you feel like you’re being smothered by a ton of weight."
859,4738,6,19,111,136,1.2279411764705883,0.04424002634262154,650,But how are your internal organs being crushed affecting those around you?
6384,4738,6,19,111,136,1.2279411764705883,0.04424002634262154,650,I still can't believe this one minute diet method will give you six pack abs for the rest of your life.
6201,4738,5,21,110,136,1.2279411764705883,0.042991248748113955,650,I put that weight on all my patients so they realize the psychological weight they feel on their shoulders is nothing to really worry about.
389,4738,6,19,111,136,1.2279411764705883,0.04424002634262154,650,Tell me about all this weight you're under at work.
4697,4738,4,23,109,136,1.2279411764705883,0.04170509569643224,650,It's clear that you've externalized your obesity problem.
4975,4738,7,17,112,136,1.2279411764705883,0.045454509046622495,650,"Okay, okay, it's not THAT pressing a problem."
990,4738,4,23,109,136,1.2279411764705883,0.04170509569643224,650,"I dont have a weighted blanket for you, but my last client left this behind."
6713,4749,7,22,129,158,1.2278481012658229,0.04104843643127968,650,The book did say this is the best way to treat an umbilical hernia.
1925,4749,4,28,126,158,1.2278481012658229,0.03798811877682898,650,"Don't exaggerate it. Clearly, you are unable to sympathize with what I am feeling."
266,4749,9,18,131,158,1.2278481012658229,0.04296772560445461,650,"I’m trying to remember that David Bowie song, and it’s driving me crazy!"
1364,4752,4,20,99,123,1.2276422764227641,0.04443284865346495,650,Take a load off your chest why don't ya.
6034,4752,2,24,97,123,1.2276422764227641,0.04132454472601138,650,When did you start having the feeling that the weight of the world was on you?
286,4752,5,18,100,123,1.2276422764227641,0.0459081480870937,650,"Remember Mr. Smith, it’s all in your head."
1616,4755,7,19,119,145,1.2275862068965517,0.04348869979860371,650,You should have left it at the penitentiary when they released you.
2333,4755,4,25,116,145,1.2275862068965517,0.040048853770538725,650,"We're making progress, but only you can know when the weight is lifted."
6138,4755,3,27,115,145,1.2275862068965517,0.03883458829086472,650,"If you feel like you're having a heat attack, we should call 911."
6428,4755,9,15,121,145,1.2275862068965517,0.04563811884159039,650,"Leonard, I'm not sure how much that will help if the tractor beam can pull an entire city into their ship."
7401,4755,3,27,115,145,1.2275862068965517,0.03883458829086472,650,Nobody has flatter abs.
1253,4755,4,25,116,145,1.2275862068965517,0.040048853770538725,650,This should bring you back down to earth
5506,4755,5,23,117,145,1.2275862068965517,0.041227371113703344,650,"I have to do the housework, and YOU think You have burdens?"
2082,4755,5,23,117,145,1.2275862068965517,0.041227371113703344,650,"Heavy, yes. But, it's not the weight of the world!"
2399,4755,4,25,116,145,1.2275862068965517,0.040048853770538725,650,"Boy, you've got to carry that weight,
carry that weight a long time...
...sing it with me!
...boy..."
5174,4764,7,21,126,154,1.2272727272727273,0.04173750258099142,650,Once we finish this session you will be able to feel the weight lifted off of you
7440,4764,5,25,124,154,1.2272727272727273,0.0396516613277557,650,Let’s start with something less weighty.
5931,4764,6,18,108,132,1.2272727272727273,0.045106229628472036,650,This is what sex with Margret feels like.
3034,4764,5,20,107,132,1.2272727272727273,0.04380538243518159,650,"A weighty issue, sir?"
2792,4764,8,19,127,154,1.2272727272727273,0.04274226900296567,650,"Yes, repression may adversely affect your love life...  Why do you ask?"
2415,4764,3,24,105,132,1.2272727272727273,0.04108029562070666,650,And you still think that 'smothering' is the best way to describe your mother?
3001,4764,3,29,122,154,1.2272727272727273,0.037449824704580505,650,Trust me...it’s far more successful than the Keto diet!
449,4764,5,20,107,132,1.2272727272727273,0.04380538243518159,650,"Thanks, it felt really good to get all that off my chest"
5240,4772,6,20,115,141,1.2269503546099292,0.04314015978934907,650,"I don't see why you're so upset. After all, you asked to be put on the weight list."
5230,4772,7,18,116,141,1.2269503546099292,0.044298877065274335,650,My practice is Elizabethan therapy.
5050,4772,7,18,116,141,1.2269503546099292,0.044298877065274335,650,Turning inward allows you to mindfully accept any minor discomfort
4544,4772,5,22,114,141,1.2269503546099292,0.04194944891243331,650,"Before we talk about this weight that you feel, can we go back to the skeletons in the closet that you were talking about last week?"
2498,4772,7,18,116,141,1.2269503546099292,0.044298877065274335,650,Don't just say that you have the weight of the world on you!  That's obvious.  I want to know what's in your unconscious.
1202,4772,5,22,114,141,1.2269503546099292,0.04194944891243331,650,You are carrying a lot of weight around with you; let's get to the cause.
2719,4772,8,16,117,141,1.2269503546099292,0.04542804895478131,650,Just think abs
774,4779,6,15,98,119,1.226890756302521,0.048385079394151514,650,I don't know what it is but lately I've been feeling pretty depressed
5047,4779,6,15,98,119,1.226890756302521,0.048385079394151514,650,Fred couldn't quite put his finger on it but as the months passed by in monotony he gradually came to realize that something significant was weighing  upon his soul.
2005,4781,6,22,122,150,1.2266666666666666,0.0413926110263225,650,That generic Viagra sure does work funny.
1557,4781,7,20,123,150,1.2266666666666666,0.04245978928573964,650,Didn't you mention last session that your mother's name was Anvil?
4686,4781,6,22,122,150,1.2266666666666666,0.0413926110263225,650,Are you sure it's the additional weight that is keeping you from moving forward with your life?
150,4781,4,26,120,150,1.2266666666666666,0.039171128785758576,650,What exactly do you mean by ‘the weight of public opinion’?
3860,4785,6,17,105,128,1.2265625,0.046021386127029565,650,All things come to those who wait.
2987,4785,4,21,103,128,1.2265625,0.04326551731953711,650,I  got tired of the weight always being on my shoulders.
793,4785,3,23,102,128,1.2265625,0.04181953482362248,650,Please describe the way you are feeling.
3220,4785,5,19,104,128,1.2265625,0.04466471185388032,650,So I hear you have some heavy baggage...
4958,4789,3,30,126,159,1.2264150943396226,0.036706770703989054,650,Let me begin this session with an observation. You seem to be dealing with a heavy heart.
4947,4789,7,22,130,159,1.2264150943396226,0.040814617468687135,650,"Well, at least it's not on your shoulders."
4518,4791,4,23,110,137,1.2262773722627738,0.0414329795155212,650,I don't think that's quite equal to the weight of the world.
5013,4791,5,21,111,137,1.2262773722627738,0.042708711037555025,650,Now then. That should end the heavy breathing going forward today!
5995,4791,6,19,112,137,1.2262773722627738,0.043947425470044876,650,"Your wife seemed very insistent on you talking with me today, didn't she?"
6907,4791,4,23,110,137,1.2262773722627738,0.0414329795155212,650,"Relax, take a deep breath and hold for a count of 10"
6295,4791,3,25,109,137,1.2262773722627738,0.04011669957234548,650,So tell me more about what you feel is “weighing you down?”
7366,4791,6,19,112,137,1.2262773722627738,0.043947425470044876,650,Some days I feel a slight pressure weighing on me.
5675,4791,7,17,113,137,1.2262773722627738,0.04515216952042198,650,I hope you're going to be able to take that with you.  My next appointment is at 3:20.
6522,4791,2,27,108,137,1.2262773722627738,0.03875573993129339,650,"I think I'll call 911,"
7474,4791,5,21,111,137,1.2262773722627738,0.042708711037555025,650,Can I press you on that?
7194,4791,3,25,109,137,1.2262773722627738,0.04011669957234548,650,We need to talk.
7131,4791,4,23,110,137,1.2262773722627738,0.0414329795155212,650,Don’t be so dramatic. It only feels like a heart attack.
1723,4791,4,23,110,137,1.2262773722627738,0.0414329795155212,650,"Your depression, it would seem to me, is the direct result of feeling so heavily burdened"
4382,4803,5,16,94,115,1.2260869565217392,0.04793344859607266,650,Think about something else besides yourself for once!
1492,4803,2,22,91,115,1.2260869565217392,0.042894633585358666,650,Firm enough?
4399,4803,3,20,92,115,1.2260869565217392,0.04463748303521268,650,Looks like our time is up. Next week we'll try the 'Guilt Ball and Chain'.
1592,4806,7,19,120,146,1.226027397260274,0.043217926030671365,650,I'll work it off after the holidays
1335,4806,5,23,118,146,1.226027397260274,0.0409736806720297,650,"You have managed to get it off your shoulders, haven't you?"
6395,4806,5,23,118,146,1.226027397260274,0.0409736806720297,650,Well...at least the weight is off my shoulders!?
3288,4806,3,27,116,146,1.226027397260274,0.03859916948891957,650,I'm feeling like that Big Mac was a bad idea.
4359,4806,6,21,119,146,1.226027397260274,0.04211075657243671,650,Maybe if you change your attitude...
1521,4811,6,23,126,155,1.2258064516129032,0.040471029630601875,650,"Until you buy me a new iron, it'll have to do"
2070,4811,4,20,100,124,1.2258064516129032,0.04411128084752649,650,Feel any better with that weight off your shoulders?
3922,4811,5,18,101,124,1.2258064516129032,0.04557340717535674,650,I can see now how much your problems are weighing on you.
2098,4811,7,14,103,124,1.2258064516129032,0.04836523677905297,650,And just what makes you think you have the weight of the world on you Mr. Smith?
6462,4811,7,21,127,155,1.2258064516129032,0.041493269573780626,650,Do you feel that you can talk about anything else but your Mother
5594,4811,3,22,99,124,1.2258064516129032,0.04259899945360052,650,Looks like the new medication is causing a little weight gain.
5364,4811,2,24,98,124,1.2258064516129032,0.041031017668178266,650,So you say you feel as light as a feather...
5281,4811,7,21,127,155,1.2258064516129032,0.041493269573780626,650,"As your therapist, I'm here to help, but excess baggage fees will apply."
4157,4811,5,18,101,124,1.2258064516129032,0.04557340717535674,650,"Sorry, but I'm not familiar with Monty Python."
1315,4811,2,31,122,155,1.2258064516129032,0.03609370467429963,650,Under pressure much today?
129,4811,3,22,99,124,1.2258064516129032,0.04259899945360052,650,Makes that weight on your chest seem kind of small doesn’t it?
3679,4822,5,20,108,133,1.2255639097744362,0.043508341442180715,650,And did squishing him make you feel better?
1284,4822,5,20,108,133,1.2255639097744362,0.043508341442180715,650,"Come on, Harold. You are making too big a deal about your ""weighty"" problems!"
4908,4822,5,20,108,133,1.2255639097744362,0.043508341442180715,650,"Well, Mr. Robertson, I do hope we have gotten that monkey off your back."
4364,4822,5,20,108,133,1.2255639097744362,0.043508341442180715,650,"As a psychotherapist I hear that cliche all the time, but remember the weight on your chest is imaginary, it's all in your head."
701,4822,7,16,110,133,1.2255639097744362,0.04605234096280959,650,"Can you tell me a bit more about the feeling that you are ""pinned down by a half ton weight""?"
1211,4822,1,28,104,133,1.2255639097744362,0.03791162234511203,650,nom visualize all your problem being lifted away.
6899,4822,4,22,107,133,1.2255639097744362,0.04217884076757722,650,I can't know what's bothering you unless you tell me.  Trust me; it will be a weight off your chest.
5433,4822,6,18,109,133,1.2255639097744362,0.044798403337642796,650,"This wasn't what I expected when I said: ""I need more cowbell"""
1635,4822,6,18,109,133,1.2255639097744362,0.044798403337642796,650,Ayn is right.  Atlas Shrugged.
5370,4822,2,26,105,133,1.2255639097744362,0.03938543227376263,650,"Now we'll see if you can say ""I feel like a weight has been lifted off me."""
4421,4822,5,20,108,133,1.2255639097744362,0.043508341442180715,650,How long have you felt like the weight of the world is upon you?
7408,4822,5,20,108,133,1.2255639097744362,0.043508341442180715,650,"If you can't get it up, your magnetism is probably not going to help you."
3014,4834,4,24,114,142,1.2253521126760563,0.040467705902055257,650,"Let me guess, there is a weight on you"
5725,4834,4,24,114,142,1.2253521126760563,0.040467705902055257,650,You'll feel a lot lighter if you just let yourself free associate to whatever is weighing you down.
2647,4834,5,22,115,142,1.2253521126760563,0.041683633980763767,650,I get that it is weighing on you.
5878,4834,5,22,115,142,1.2253521126760563,0.041683633980763767,650,I didn’t say breath out yet
654,4834,4,24,114,142,1.2253521126760563,0.040467705902055257,650,I guarantee you will feel so much lighter after this session
5808,4834,5,22,115,142,1.2253521126760563,0.041683633980763767,650,Now whose the dumb bell ?
943,4834,3,26,113,142,1.2253521126760563,0.0392140931312735,650,"Even if they are successful weightlifters, you have to stop letting your brothers keep you down like this."
6314,4841,3,28,120,151,1.2251655629139073,0.037788987066720806,650,"No, I don't notice anything strange."
2395,4841,6,22,123,151,1.2251655629139073,0.04114496574042136,650,"Now that the weight is off your shoulders, what do you want to discuss now?"
1530,4841,3,28,120,151,1.2251655629139073,0.037788987066720806,650,"Doc, when I called and said I literally have this huge weight on me, I really meant literally."
5539,4844,4,28,128,160,1.225,0.03756545649945677,650,"What's weighing on you, Todd."
5218,4845,2,25,102,129,1.2248062015503876,0.0400464696119609,650,I guess your dating profile did say that you like to make an impression.
3124,4845,7,15,107,129,1.2248062015503876,0.047003615641995754,650,My apologies for the weight.
7371,4845,4,21,104,129,1.2248062015503876,0.042964727281773966,650,You definitely have a weighty problem!
6294,4845,2,25,102,129,1.2248062015503876,0.0400464696119609,650,It’s the latest doormat therapy
5910,4845,8,13,108,129,1.2248062015503876,0.048274878709616866,650,I can promise you’ll feel better in 50 minutes.
3223,4845,1,27,101,129,1.2248062015503876,0.038504489314545594,650,"I think you meant figuratively, my dear."
1333,4845,3,23,103,129,1.2248062015503876,0.04153123835607915,650,This tremendous weight may be lifted from you during our next session.
842,4845,3,23,103,129,1.2248062015503876,0.04153123835607915,650,"So you just kept saying ""Take a load off Annie, Take a load off""  So there you are............"
4926,4853,5,21,112,138,1.2246376811594204,0.0424297927176573,650,You say this began as a weight on your chest?
4032,4853,4,23,111,138,1.2246376811594204,0.04116431448799274,650,"Dr to Patient: ""It looks like you have a lot weighing on you today."""
2710,4853,5,21,112,138,1.2246376811594204,0.0424297927176573,650,"Although It may feel like the weight of the world is on your shoulders, 800,000 federal employees would beg to differ and  beg for food"
6953,4853,5,21,112,138,1.2246376811594204,0.0424297927176573,650,"Sorry, honey, I couldn’t find a blanket."
1359,4853,5,21,112,138,1.2246376811594204,0.0424297927176573,650,Let’s just sit here for 50 minutes and remember how your mother pressured you.
933,4853,3,25,110,138,1.2246376811594204,0.03985867865935063,650,I still feel like I weigh a ton.
4952,4853,0,31,107,138,1.2246376811594204,0.0356560611408269,650,It will help control your displacement issues.
5624,4860,6,21,120,147,1.2244897959183674,0.04185156258912585,650,"Of course, it's up to you if you want to discontinue therapy, but I think you'll agree you were a real mess a couple of years ago."
7536,4860,5,23,119,147,1.2244897959183674,0.04072303194797712,650,"We're going to have to leave it here for today, but let's start next session with some more heavy lifting."
4269,4862,4,27,125,156,1.2243589743589745,0.03812577455717602,650,"Okay, who can I blame for my weight problem?"
4722,4862,1,33,122,156,1.2243589743589745,0.03471938547509494,650,"This wasn't what I had in mind when I said, ""Don't run away from your depression."""
195,4864,6,14,96,116,1.2241379310344827,0.049109318585140345,650,"Why did you bring the weight with you again, the whole point of you being here is to leave it at home."
1209,4865,3,22,100,125,1.224,0.04229542795393436,650,I used to be just a metaphor.
4272,4865,5,18,102,125,1.224,0.045243427610377675,650,I admit it I do have a crush on you
2640,4865,3,22,100,125,1.224,0.04229542795393436,650,I'm sorry about that. The Trump Mega Condo construction workers didn't get paid again.
4135,4865,4,20,101,125,1.224,0.04379424030475889,650,"Or, have you thought of it as the chance to become panini?"
2044,4865,3,22,100,125,1.224,0.04229542795393436,650,Stop complaining. I carry the weight of the world on my shoulders every day.
122,4865,4,20,101,125,1.224,0.04379424030475889,650,I'm glad you no longer feel that the weight of the world is on your shoulders.
507,4865,4,20,101,125,1.224,0.04379424030475889,650,The chiropractor is out today. Let's see if this helps.
2756,4865,5,18,102,125,1.224,0.045243427610377675,650,Have you ever considered maybe taking the weight of your chest?
2000,4865,2,24,99,125,1.224,0.04074151405804571,650,"Therapy takes time, but it’s worth the weight."
729,4874,4,22,108,134,1.2238805970149254,0.04189671940002948,650,"I charge hourly to lift metaphorical weights, for this it'll be by the pound."
6128,4874,6,18,110,134,1.2238805970149254,0.044494682803149666,650,"So, carrying your own weight is not enough?"
878,4874,3,24,107,134,1.2238805970149254,0.040535345636256256,650,your mother issues seem to carry a lot of weight today
3143,4874,5,20,109,134,1.2238805970149254,0.043215228185430825,650,Weighted down?  Tell me more
3710,4878,7,18,118,143,1.2237762237762237,0.04373435521891124,650,Can you give me 5 minutes to go to the bathroom before you start unloading?
4641,4878,7,18,118,143,1.2237762237762237,0.04373435521891124,650,"God, I hate weighting rooms."
4695,4878,7,18,118,143,1.2237762237762237,0.04373435521891124,650,Now don't you feel better with that weight off your shoulders?
2403,4878,8,16,119,143,1.2237762237762237,0.04484625829044653,650,That’s not what I meant when I said ‘weighted blanket.’
5434,4878,4,24,115,143,1.2237762237762237,0.04021460751636528,650,There are things in life that are hard to shake.
5465,4878,3,26,114,143,1.2237762237762237,0.03897077881510412,650,"Sidney, I think you took a ton of back therapy too literally."
5593,4878,6,20,117,143,1.2237762237762237,0.04259343576391054,650,"The Viagra box says call a doctor, I'm not that kind of doctor."
5688,4878,6,20,117,143,1.2237762237762237,0.04259343576391054,650,"Honey, when you said you were going to flatten your abs, that's NOT what I had in mind!"
6779,4878,5,22,116,143,1.2237762237762237,0.04142110227812435,650,I  don’t care about the weight of the World.  Just get this damn thing off me!
7321,4878,4,24,115,143,1.2237762237762237,0.04021460751636528,650,You’re no fun anymore.
3493,4878,4,24,115,143,1.2237762237762237,0.04021460751636528,650,"'Relax and keep your eyes closed. Once the crane arrives, we should be able to remove the overbearing pressure from your chest."""
515,4878,5,22,116,143,1.2237762237762237,0.04142110227812435,650,I feel your accessorizing choice is a bit heavy.
1234,4878,4,24,115,143,1.2237762237762237,0.04021460751636528,650,"Your description sounds worryingly like a heart attack, dear."
4338,4878,8,16,119,143,1.2237762237762237,0.04484625829044653,650,"I want you to imagine the feeling of weightlessness. Then, I want you to bring that vision into reality."
1423,4892,1,32,119,152,1.2236842105263157,0.03517293880247277,650,That's my job -- to take the weight off your shoulders.
1438,4892,6,22,124,152,1.2236842105263157,0.04090021396894979,650,I sometimes feel so put upon.
4707,4894,6,24,131,161,1.2236024844720497,0.039381037227695294,650,"So, you feel that the weight of the world is on you?"
4283,4895,6,26,138,170,1.223529411764706,0.03800904977375565,650,"Don’t worry, we have meds for that."
3591,4895,8,22,140,170,1.223529411764706,0.03979843154261723,650,"Stop complaining, at least it isn't on your shoulders!"
1374,4897,4,19,98,121,1.2231404958677685,0.04467144104934325,650,Might an attitude adjustment help?
543,4897,6,15,100,121,1.2231404958677685,0.0476552173333504,650,"And when you opened the door to their room and saw your parents using metaphors, how did that make you feel?"
5004,4899,5,19,106,130,1.2230769230769232,0.0440433794609952,650,"When you said you had some weighty matters to deal with, I did not realize you meant literally."
4262,4899,5,19,106,130,1.2230769230769232,0.0440433794609952,650,My time is up already? You’ll have to get this off my chest first.
3985,4899,2,25,103,130,1.2230769230769232,0.039774835275769825,650,Only *you* can lose weight.
3513,4899,5,19,106,130,1.2230769230769232,0.0440433794609952,650,Weight for it...
6489,4899,3,23,104,130,1.2230769230769232,0.04124679509478872,650,I really don't know why you told the psychiatrist you feel weighed down.
5534,4899,3,23,104,130,1.2230769230769232,0.04124679509478872,650,I just don't have a ton of stuff to talk about doc.
3509,4899,3,23,104,130,1.2230769230769232,0.04124679509478872,650,So much for your 'not taking this lying down.'
1519,4899,5,19,106,130,1.2230769230769232,0.0440433794609952,650,So you've managed to get the weight off your shoulder.
7012,4907,2,27,110,139,1.223021582733813,0.03826489809192483,650,Is there any chance the crushing weight you feel is all in your head?
5537,4907,4,23,112,139,1.223021582733813,0.04089903733703297,650,"You don't ""have"" to carry that around with you."
1486,4907,4,23,112,139,1.223021582733813,0.04089903733703297,650,"So you no longer feel the weight of the world on your shoulders, right?"
5580,4907,5,21,113,139,1.223021582733813,0.04215442645382961,650,"Okay, get a load off your chest."
3762,4911,7,19,122,148,1.222972972972973,0.042686216361804814,650,I can see it's weighing on you.
1285,4911,5,23,120,148,1.222972972972973,0.04047537202512589,650,Why don't you give sit-ups another chance?
6038,4911,2,29,117,148,1.222972972972973,0.036911647897386525,650,At least your shoulders are better.
5122,4911,6,21,121,148,1.222972972972973,0.041595485379180015,650,When said a great weight would be lifted I employed a bit of literalism because I'm not quite as Jung as I look.
5238,4911,2,29,117,148,1.222972972972973,0.036911647897386525,650,"Well, I am Dr. Crane so I suppose if anyone can lift your obvious burdens..."""
1563,4911,6,21,121,148,1.222972972972973,0.041595485379180015,650,"No, that’s not your mother sitting on your chest"
7526,4911,7,19,122,148,1.222972972972973,0.042686216361804814,650,I’m afraid you have the weighted blanket concept all wrong.
2970,4911,6,21,121,148,1.222972972972973,0.041595485379180015,650,"If you want my recommendation, either invest in a crane or a gym membership."
3983,4919,7,21,129,157,1.2229299363057324,0.04101314316595286,650,"So, what do you want to get off your chest?"
4383,4920,2,22,93,117,1.2222222222222223,0.04224594862853447,650,I told you when we first started dating to get that off your chest.
2190,4920,3,24,108,135,1.2222222222222223,0.04026812659575772,650,That's our time for today. Do you feel the weight on your chest has been lifted?
4366,4920,4,24,116,144,1.2222222222222223,0.03996458762248061,650,"Use your words, Lincoln. For this to work you need to use your words!"
5066,4920,1,28,106,135,1.2222222222222223,0.037421990600513,650,Let's talk about that weight you feel on your chest sometimes.
883,4920,3,24,108,135,1.2222222222222223,0.04026812659575772,650,"Well, I told ya I had a ton of issues to lay on ya."
6155,4920,3,20,94,117,1.2222222222222223,0.04395545918145444,650,This weight you say you feel on your chest...I think it will take many sessions to get to the root cause.
4793,4920,6,24,132,162,1.2222222222222223,0.039161520936124516,650,"I'm sorry, that's all the ton we have for today."
3623,4920,7,20,126,153,1.2222222222222223,0.04170248431848545,650,How long have you been in the weighting room?
1443,4920,5,22,117,144,1.2222222222222223,0.04116179491907547,650,"Well, at least it's not the weight of the world on your shoulders."
2295,4920,5,16,96,117,1.2222222222222223,0.04718905407515576,650,What are you 'weighting' for? Get it? It's like a pun.
2269,4920,6,16,104,126,1.2222222222222223,0.04631005086682023,650,So it all started yesterday when I noticed the cute desk receptionist at the gym
1540,4920,4,26,123,153,1.2222222222222223,0.03848505245308902,650,"Weight, don't tell me!"
1208,4920,4,22,109,135,1.2222222222222223,0.04161826929421157,650,Use your words to tell me how it makes you feel.
4751,4920,3,26,115,144,1.2222222222222223,0.03873039073789255,650,So you're feeling weighted down?
1398,4920,6,20,118,144,1.2222222222222223,0.0423251516014429,650,How does that make your wang-doodle feel?
4801,4920,5,22,117,144,1.2222222222222223,0.04116179491907547,650,"No, I mean literally-- it's your anchor."
1150,4920,3,24,108,135,1.2222222222222223,0.04026812659575772,650,That's not what I meant when I said we needed to get that weight off of your shoulders.
2500,4920,5,18,103,126,1.2222222222222223,0.044918110871933946,650,"No, you can’t leave it here till your next session."
2099,4920,4,20,102,126,1.2222222222222223,0.04348163471305125,650,"Next session, we'll try to lift it off the left shoulder."
1346,4920,4,20,102,126,1.2222222222222223,0.04348163471305125,650,Now that I have your attention... .
2288,4940,6,23,129,158,1.2215189873417722,0.03977626061828339,650,Hopefully Mueller will conclude his investigation soon.
1451,4941,7,19,123,149,1.221476510067114,0.04242516440739853,650,"In this case, I say ""real""."
311,4941,5,23,121,149,1.221476510067114,0.04023064916031539,650,"The whole thing is really weighing on me, doc."
3547,4943,5,21,114,140,1.2214285714285715,0.04188254651100343,650,When you said you felt the weight of the world on your shoulders I thought you were speaking figuratively.
3186,4943,6,19,115,140,1.2214285714285715,0.043092025076168945,650,"So, 15 sessions, $500 a pop, we'll  get that guilt off you.  Cheaper than hiring  a crane to come in here...."
4386,4943,5,21,114,140,1.2214285714285715,0.04188254651100343,650,Have you tried the power of positive thinking?
5755,4943,4,23,113,140,1.2214285714285715,0.04063708625538447,650,What weight?
5267,4943,7,17,116,140,1.2214285714285715,0.04426847126436581,650,That must be a great weight off your shoulders.
6408,4943,5,21,114,140,1.2214285714285715,0.04188254651100343,650,"Doc, I dunno why I can't get it up."
2340,4949,4,21,106,131,1.2213740458015268,0.042375272174035514,650,"The good news. The ton of weight on my shoulders has lessened, relatively speaking of course."
5745,4949,6,17,108,131,1.2213740458015268,0.04506155030639969,650,The guilt is crushing me...
6148,4949,6,17,108,131,1.2213740458015268,0.04506155030639969,650,The doctor said this should work...just go to your happy place.
7122,4949,4,21,106,131,1.2213740458015268,0.042375272174035514,650,"Is there a cure when the weight of the world is literally on your shoulders? In a word, 'no.'"
3298,4949,6,17,108,131,1.2213740458015268,0.04506155030639969,650,You say you have the feeling of an oppressive weight bearing down on you. Where do you think that comes from?
5217,4949,6,17,108,131,1.2213740458015268,0.04506155030639969,650,"You don’t bear the weight of the world.  For Gid’s sake, it’s only 4,800 pounds."
6702,4955,3,21,98,122,1.221311475409836,0.042786519284517405,650,"So, you designed airline seating before becoming a therapist?"
4214,4955,6,15,101,122,1.221311475409836,0.04729836385263293,650,Now can we watch Netflix together?
1282,4957,3,19,91,113,1.2212389380530972,0.044859862695137545,650,Try not to worry about how you are feeling right now - just be one with the moment...
4435,4958,4,28,131,163,1.2208588957055215,0.036948412359557335,650,Shall we continue last week’s discussion about your sit-ups compulsion?
6658,4959,7,20,127,154,1.2207792207792207,0.04145592567531924,650,"Good thoughts in, bad thoughts out."
6217,4959,3,28,123,154,1.2207792207792207,0.037135751268866715,650,"When the Doctor suggested you place a compress on your abdominal area, I doubt this is what he meant."
4828,4961,8,16,121,145,1.2206896551724138,0.0442789891592143,650,He had a feeling that therapy would not help him lose the weight.
7011,4961,4,24,117,145,1.2206896551724138,0.039717592053266644,650,Your time’s up...I think you’re making great progress. Don't you feel lighter already?
2679,4961,6,20,119,145,1.2206896551724138,0.0420601711805333,650,I prefered it when the wieght was on my sholders.
4539,4961,9,14,122,145,1.2206896551724138,0.045347704700181284,650,"Yes, it’s painful but we agreed that this will help you with your goal to transition to a pancake."
6601,4961,5,22,118,145,1.2206896551724138,0.04090565436614768,650,"As Sigmund Freud once wrote, tighten the core, exhale and then push."
7488,4961,3,26,116,145,1.2206896551724138,0.03849287827503528,650,I promise this weight will lift at the end of our hour together.
1689,4967,3,24,109,136,1.2205882352941178,0.040004325025692476,650,Pressed Depressed. Is there really a difference?
1943,4967,4,22,110,136,1.2205882352941178,0.04134342127394495,650,I guess using it as a belt buckle is an improvement over the pinky ring idea.
4581,4967,6,18,112,136,1.2205882352941178,0.043899241523996296,650,"Warren, we've been speaking for a while about a growing weight you've been feeling.  Is there something you'd like to get off your chest?"
5109,4967,6,18,112,136,1.2205882352941178,0.043899241523996296,650,"This is not what I meant when I said ""Show me how you feel"""
5694,4967,5,20,111,136,1.2205882352941178,0.04264048480620878,650,It's the only way for you to understand the weight of your bad decisions.
6593,4967,7,16,113,136,1.2205882352941178,0.0451228973832111,650,"Don't think of it as a weight on your chest, think of it as a barrier or a wall."
3114,4973,4,20,103,127,1.220472440944882,0.043173374153718636,650,You feel it’s become unbearable.
1957,4973,4,20,103,127,1.220472440944882,0.043173374153718636,650,Well it’s a weight off my mind
7450,4973,4,20,103,127,1.220472440944882,0.043173374153718636,650,"It just feels like the weight of the world is on me, ya know?"
4992,4973,5,18,104,127,1.220472440944882,0.04459736105163467,650,So you’ve been told you have a flat affect?
7540,4973,4,20,103,127,1.220472440944882,0.043173374153718636,650,You want to talk about burdens on our relationship?
1404,4973,3,22,102,127,1.220472440944882,0.04170078966715258,650,Let's try two Xanax and a trauma surgeon.
4453,4973,4,20,103,127,1.220472440944882,0.043173374153718636,650,Yes doctor. Life has placed an enormous weight on me
1675,4973,6,16,105,127,1.220472440944882,0.04597726600965679,650,"I haven’t seen you this depressed since just before the holidays, Mr Williams."
1014,4981,3,20,95,118,1.2203389830508475,0.043622033680757795,650,You say you have a weight you want lifted from your chest?
3542,4981,2,22,94,118,1.2203389830508475,0.04192871654130322,650,"Now we’re making headway!  Soon you should realize you’re problems aren’t heavy, just bulky"
6008,4983,4,27,128,159,1.220125786163522,0.03748289819642971,650,Just a reminder that payment is due at time of service.
6046,4983,3,29,127,159,1.220125786163522,0.03640544136944237,650,You don’t want to talk about it...do you.
3657,4985,4,25,121,150,1.22,0.038853824609694415,650,Now you know how I felt.
3653,4985,3,27,120,150,1.22,0.03768466834387587,650,It is my view that you do not have a weight on your shoulders.
3977,4985,3,27,120,150,1.22,0.03768466834387587,650,It's designed to reduce hyperbole when describing your emotions.  Now what was the other thing you were saying--something about 'feeling emasculated'?
1350,4985,3,27,120,150,1.22,0.03768466834387587,650,I could put nails in it if you prefer.
5556,4985,4,25,121,150,1.22,0.038853824609694415,650,Take as long as you need to get it off. I’m paid by the hour.
4655,4985,5,23,122,150,1.22,0.03998881275324226,650,"It's like I'm suffocating, but metaphorically."
5342,4985,6,21,123,150,1.22,0.041092464078305725,650,Is she still angry ?
4940,4985,6,21,123,150,1.22,0.041092464078305725,650,"You've made yourself perfectly clear, Jerry."
2567,4985,5,23,122,150,1.22,0.03998881275324226,650,Tell me more about the pressure you are feeling because of the cost of therapy.
1796,4985,5,23,122,150,1.22,0.03998881275324226,650,"OK, one more time, after me, ‘Nothing can stop me now.’"
6228,4995,5,21,115,141,1.2198581560283688,0.04161408870904326,650,You think the house cleans itself?  It’s about time you started carrying your own weight around here.
6052,4995,7,17,117,141,1.2198581560283688,0.04398143499559284,650,"I normally charge by the hour, but in your case you may want to opt for the lifetime rate."
5967,4995,2,27,112,141,1.2198581560283688,0.03778598961656247,650,I’m always the heavy.
5091,4995,6,19,116,141,1.2198581560283688,0.04281412736092889,650,Why not just take a fluid pill?
7376,4995,4,23,114,141,1.2198581560283688,0.04037840086593826,650,Is that a METRIC ton?
4231,4995,4,23,114,141,1.2198581560283688,0.04037840086593826,650,You sure it's filled with helium?
4014,4995,2,27,112,141,1.2198581560283688,0.03778598961656247,650,“I bet that took a load off your mind.”
6625,4995,6,19,116,141,1.2198581560283688,0.04281412736092889,650,"Oh, I´m not going anywhere, Doc."
5601,4995,3,25,113,141,1.2198581560283688,0.03910368440309283,650,Let's talk about your need to make a big impression.
971,4995,5,21,115,141,1.2198581560283688,0.04161408870904326,650,"I know, I know, it's more than 239 pounds."
3101,4995,4,23,114,141,1.2198581560283688,0.04037840086593826,650,"Well, what I mean by sliding scale is that I charge by the weight, not the hour."""
7147,4995,4,23,114,141,1.2198581560283688,0.04037840086593826,650,It’s either this or castration.
552,5007,5,19,108,132,1.2196969696969697,0.0434388037525702,650,This anxiety blanket isn't working like it used to.
4617,5007,3,23,106,132,1.2196969696969697,0.04068917336892508,650,Where do you feel it in your body?
4212,5007,5,19,108,132,1.2196969696969697,0.0434388037525702,650,Full transparency: 'plus expenses'  is gonna apply here.
6569,5007,4,21,107,132,1.2196969696969697,0.04208644972494561,650,You need to consider divorce!
7539,5007,1,27,104,132,1.2196969696969697,0.03773974016124882,650,"Fascinating! I've always loved pyramids, but you can't let them weigh you down."
549,5007,3,23,106,132,1.2196969696969697,0.04068917336892508,650,So you have been feeling pinned down?
3192,5013,5,26,133,164,1.2195121951219512,0.037751382461241274,650,Now does it ring a bell?
3620,5013,1,25,97,123,1.2195121951219512,0.039212196362565434,650,"Now that it is off your shoulders, let's work on the rest of you."
4547,5015,1,23,90,114,1.219298245614035,0.040870005958214176,650,"Once you can cope with the smaller weights, the higger ones won't seem so heavy."
6125,5015,4,17,93,114,1.219298245614035,0.046218216889008214,650,I like it when my patients feel like a huge weight has lifted when they leave here.
4353,5015,1,23,90,114,1.219298245614035,0.040870005958214176,650,So when you said your job is weighing you down
2095,5018,6,20,120,146,1.2191780821917808,0.04179843515470749,650,"For no apparent reason,
 Thomas found himself depressed"
3782,5018,3,26,117,146,1.2191780821917808,0.03825819190073683,650,When did you first start feeling repressed by your job?
4530,5018,7,18,121,146,1.2191780821917808,0.042913663239950134,650,"It used to be on my shoulder but my chiropractor took care of it, my nutritionist recommend I start seeing you for the rest"
5472,5018,4,24,118,146,1.2191780821917808,0.03947356784993175,650,"I don’t know why, but I keep feeling stuck."
5757,5018,3,26,117,146,1.2191780821917808,0.03825819190073683,650,You should feel better in about fifteen minutes when we remove that.
6238,5018,4,24,118,146,1.2191780821917808,0.03947356784993175,650,"Rob,  aging does not mean quitting life but you need to ask for help more often than your use to."
370,5018,6,20,120,146,1.2191780821917808,0.04179843515470749,650,"I'll remove it afterwards as long as your yelp review will say: ""She really took a load off me."""
7146,5018,4,24,118,146,1.2191780821917808,0.03947356784993175,650,"This may seem too on the nose, but have you tried lifting it?"
2961,5018,2,28,116,146,1.2191780821917808,0.03700291794202241,650,Now tell me about how much pressure you’ve been under for the past eighteen years.
799,5027,2,26,109,137,1.218978102189781,0.03836969672524922,650,"You know, when I said you needed to take the “huge weight off your back”, I didn’t mean this!"
1953,5027,3,24,110,137,1.218978102189781,0.03974387794042468,650,Magnetic personality?  I don't see it.
7218,5027,4,22,111,137,1.218978102189781,0.0410721078190437,650,It was wonderful.  I felt like a great weight was lifted off my shoulders.
6573,5030,5,18,105,128,1.21875,0.04428108477108411,650,My fee is cash only
635,5030,5,18,105,128,1.21875,0.04428108477108411,650,You really need to lose weight.
866,5030,3,22,103,128,1.21875,0.04140955779017633,650,That was a fantastic session.  Next week please bring your mother.
1744,5030,2,31,127,160,1.21875,0.03510079264994009,650,You really do have something weighing you down
7009,5030,4,27,129,160,1.21875,0.037273292704785334,650,"Regardless, I still think that we need to talk a tiny bit more about your need to be the center of attention in today's session."
5133,5030,5,18,105,128,1.21875,0.04428108477108411,650,Do you take your mortgage everywhere with you?
7002,5030,3,22,103,128,1.21875,0.04140955779017633,650,Let's have no further negative answers.
665,5037,5,23,123,151,1.218543046357616,0.03974981331690023,650,Take two thousand pounds and call me in the morning.”
6322,5038,3,20,96,119,1.218487394957983,0.04329352138381544,650,"Sorry about the weight, I was stuck in traffic."
1224,5039,4,23,115,142,1.2183098591549295,0.040122922183421145,650,To think they used to call chiropractors quacks.
705,5039,6,19,117,142,1.2183098591549295,0.04253973585097774,650,No two weighting rooms are exactly alike.
7525,5039,3,25,114,142,1.2183098591549295,0.038858187858800394,650,Stoney silence is not progress.
4273,5039,2,27,113,142,1.2183098591549295,0.037550880719402255,650,That holiday fruitcake still sitting a little heavy?
1610,5039,5,21,116,142,1.2183098591549295,0.04134899037949917,650,I am afraid acting out your sense of helplessness is not helping Mr. Wimple.
7208,5044,5,19,109,133,1.218045112781955,0.043142594039353735,650,Now I see what you mean.
4206,5044,4,21,108,133,1.218045112781955,0.04180146234154655,650,"I presume you put that weight on as a way to protect yourself, don't you think?"
1706,5044,3,23,107,133,1.218045112781955,0.04041585193137699,650,"Hmmm, that seems overweighted."
6886,5044,4,21,108,133,1.218045112781955,0.04180146234154655,650,"I'm sorry, my wife switched my mints and viagra"
5835,5044,4,21,108,133,1.218045112781955,0.04180146234154655,650,It's like I have the weight of the world on me
2802,5044,6,17,110,133,1.218045112781955,0.044443273810524195,650,The irony is that I ate a full stack of pancakes this morning.
5006,5050,3,28,125,156,1.2179487179487178,0.0367123617007086,650,"I know it weighs a ton, but maybe it'll help you open up."
1598,5051,3,21,100,124,1.217741935483871,0.042168600982961026,650,I feel as though the weight of the world is upon me.
2896,5051,3,21,100,124,1.217741935483871,0.042168600982961026,650,I don't think it's a substitute for going to the gym.
2154,5051,5,17,102,124,1.217741935483871,0.045171358137465624,650,"You know, things have been weighing down on me lately."
6415,5051,4,19,101,124,1.217741935483871,0.043695780716468284,650,Talk and get a weight off your chest.
2315,5055,4,24,119,147,1.217687074829932,0.03923246323085375,650,The doctor said you'll be bed-ridden until you get rid of that weight.
1985,5055,5,22,120,147,1.217687074829932,0.04040265005263695,650,Do you sometimes feel like there's a great weight on your chest?
1770,5055,5,22,120,147,1.217687074829932,0.04040265005263695,650,So you'd like to feel the weight of the world on your shoulders?
6588,5055,6,20,121,147,1.217687074829932,0.041539885548607346,650,I see you're still dealing with the weight of your emotions.
1750,5055,6,20,121,147,1.217687074829932,0.041539885548607346,650,"Just relax, take a nice deep breath, and we'll get going."
2388,5060,5,25,131,161,1.2173913043478262,0.03809889486455061,650,"Mr. Jones, don't think of your guilt at a harbor anchor, think of it as a lamp shade."
79,5060,6,23,132,161,1.2173913043478262,0.03910454630158591,650,so do you want to explore your inner feeling about being the NFL Referee that blew the call in New Orleans
5328,5060,5,25,131,161,1.2173913043478262,0.03809889486455061,650,My colleague with more weight-lifting experience might be able to help.
3647,5060,4,17,94,115,1.2173913043478262,0.045854225783672445,650,First the billboard. Now this. Typical Stanley
850,5060,4,22,112,138,1.2173913043478262,0.040804263019248596,650,Now doesn't that feel better off your shoulders?
6241,5060,4,17,94,115,1.2173913043478262,0.045854225783672445,650,I see you are continuing to watch your weight . . . .  but it hasn't helped your lethargy issues?
6025,5060,6,18,114,138,1.2173913043478262,0.043319290462079475,650,I can’t explain it. I just have this enormous pressure to moo.
4245,5060,7,16,115,138,1.2173913043478262,0.04452356060486409,650,"I'm just feeling a lot of pressure right now, doc"
73,5060,5,20,113,138,1.2173913043478262,0.042080570378038064,650,"Well, you did get it off your shoulders. Now the next step..."
3341,5069,7,19,126,152,1.2171052631578947,0.041660551244149774,650,"Can you feel it now, Mr. Krabs?"
7215,5069,8,17,127,152,1.2171052631578947,0.04269355812891572,650,I can take the weight but not the worry.
1571,5069,7,19,126,152,1.2171052631578947,0.041660551244149774,650,"OK, if you get this off, I promise to stop channel surfing with the remote."
5482,5072,6,16,107,129,1.2170542635658914,0.04532564171909496,650,What is it that you think is weighing you down?
491,5073,3,17,86,106,1.2169811320754718,0.04644547176488884,650,Problems are just as big as you think they are.
3659,5073,3,17,86,106,1.2169811320754718,0.04644547176488884,650,Now just relax.... So is this your first time seeing a chiropractor?
7290,5075,5,21,117,143,1.2167832167832169,0.041087190323664265,650,"Since the weighted blanket didn't work, let's try something else."
3256,5075,4,23,116,143,1.2167832167832169,0.03987059257715485,650,It's the latest technique to suppress excessive masturbation.
7164,5077,3,20,97,120,1.2166666666666666,0.042969817648649274,650,Now do you understand the underpinnings of repression?
7067,5077,3,20,97,120,1.2166666666666666,0.042969817648649274,650,Seeking balance carries more than just existential weight.
206,5077,2,22,96,120,1.2166666666666666,0.041307979935470175,650,I though that having the weight of the world on your shoulders was just a figure of speech.
2243,5080,4,26,127,157,1.21656050955414,0.03760604401679526,650,Don't worry it will be lifted...Now what's your problem?
404,5080,4,26,127,157,1.21656050955414,0.03760604401679526,650,You wanted to stay home and not go out for dinner.
2214,5082,6,17,111,134,1.2164179104477613,0.04414036371572012,650,Why do you have to be so dramatic about my meatloaf?
2472,5082,3,23,108,134,1.2164179104477613,0.04014609765660815,650,I understand it’s a heavy load but you have to take it with you
5421,5082,3,23,108,134,1.2164179104477613,0.04014609765660815,650,"The whole point of my relief therapy session, John, is that you feel so much lighter once the weight comes off your shoulders..."
5454,5082,5,19,110,134,1.2164179104477613,0.04285033090096287,650,Point taken.  Our swinging days are over.
4732,5086,3,18,90,111,1.2162162162162162,0.045077793173721833,650,Do you have any baby aspirin?
5322,5086,3,26,119,148,1.2162162162162162,0.03779710464758923,650,"We'll take it off in a minute.  But before we do, tell me how you feel right now."
3976,5086,3,26,119,148,1.2162162162162162,0.03779710464758923,650,"Now that we've got the weight off your mind, lets work on getting it off your belly."
3697,5086,3,26,119,148,1.2162162162162162,0.03779710464758923,650,"Once we remove it, you'll forget all your other worries."
5256,5086,5,22,121,148,1.2162162162162162,0.04015567763660926,650,"Well, at least I took the load off your back.”"
103,5091,3,21,101,125,1.216,0.04186614615113729,650,"Their is an obvious weight on your conscience,
does it feel real to you?"
1933,5091,4,19,102,125,1.216,0.0433797931255199,650,and now let’s talk about after you were born
4418,5091,3,21,101,125,1.216,0.04186614615113729,650,It's a new App. It squeezes out your other personality.
6244,5091,2,23,100,125,1.216,0.04029568135028705,650,My partner told me to shrug it off.
6932,5091,2,23,100,125,1.216,0.04029568135028705,650,I just got rid of that monkey on my back.
6969,5091,4,19,102,125,1.216,0.0433797931255199,650,"You know, I get really tired of hearing of how you could have bought Amazon at six dollars a share."
1526,5091,2,23,100,125,1.216,0.04029568135028705,650,"Well, I know therapy is stressful, but at least you will never miss another appointment."
7029,5091,5,17,103,125,1.216,0.044842376271529365,650,I thought you were trying to find an excuse when you said “things holding me down”.
4983,5091,2,23,100,125,1.216,0.04029568135028705,650,"When you say, ""I weigh you down,"" what are you referring to?"
3538,5091,2,23,100,125,1.216,0.04029568135028705,650,This should help make your problems feel less of a weight on you.
5771,5101,5,20,114,139,1.2158273381294964,0.041805999871785085,650,So much for those who say that you are irrepressible
4479,5101,3,24,112,139,1.2158273381294964,0.0392328025530814,650,"Honey, I still think a diet would be the best way to lose weight."
4718,5101,3,24,112,139,1.2158273381294964,0.0392328025530814,650,I’ll never get this weight off my chest.
5277,5101,4,22,113,139,1.2158273381294964,0.04053982252951266,650,"Doc, sometimes I just feel like the weight of the world is on my stomach"
4005,5101,7,16,116,139,1.2158273381294964,0.04422974626188035,650,"As your psychiatrist, I just want you to get it off your chest."
5884,5101,7,16,116,139,1.2158273381294964,0.04422974626188035,650,"You need to imagine yourself released from the demands of your narcissistic boss and your untenable and burdensome work environment, even if it means leaving the administration."
3386,5101,6,18,115,139,1.2158273381294964,0.04303493975637711,650,Obviously you're exaggerating about having the weight of the world on you.
3847,5101,8,14,117,139,1.2158273381294964,0.04539311477466193,650,"That is not going to help your priaprism, you need to stop taking Viagra and see a Dr."
2018,5101,2,26,111,139,1.2158273381294964,0.03788071252779913,650,Seems like a persecution complex to me.
3359,5101,4,22,113,139,1.2158273381294964,0.04053982252951266,650,you can now really feel how guilt is holding you down..
522,5111,5,23,125,153,1.2156862745098038,0.03928013280323685,650,I don’t think the Beatles meant for you to carry that for fifty years.
969,5111,6,21,126,153,1.2156862745098038,0.04035998197528621,650,"Well, that should take a weight off your shoulders."
1597,5111,1,31,121,153,1.2156862745098038,0.03462559147535112,650,I’m trying to get a load off.
2046,5111,3,16,83,102,1.2156862745098038,0.04751125295676055,650,You are definitely older . . . are you deeper in debt?
3478,5111,6,21,126,153,1.2156862745098038,0.04035998197528621,650,"And, how exactly did your father put too much on you?"
6199,5111,6,21,126,153,1.2156862745098038,0.04035998197528621,650,You seem to be having a problem with what we in the business call 'Metaphorical Actualization Syndrome.'
5266,5111,7,19,127,153,1.2156862745098038,0.04141168261554862,650,Just give one good reason why we can't go out tonight.
2691,5118,2,32,133,167,1.215568862275449,0.034102169639232884,650,I took your advice and stopped carrying my stress in my neck and shoulders... but this hardly seems better.
755,5119,5,15,96,116,1.2155172413793103,0.047114703382027195,650,"Oh, it's definitely childhood trauma."
1482,5119,4,17,95,116,1.2155172413793103,0.045495826592063866,650,In Comparative Therapy we show you how trivial your worries truly are.
6510,5119,4,17,95,116,1.2155172413793103,0.045495826592063866,650,"Not sure about curing your psychosis, but I have a money-back guarantee you'll keep your flat stomach"
948,5119,3,19,94,116,1.2155172413793103,0.04381717927724109,650,I think we’re getting somewhere....the weight is clearly off your shoulders
4044,5123,6,16,108,130,1.2153846153846153,0.04500661236069091,650,"Yes, yes. We’ll get to the ‘is lifted’ phase. But first, when did you first feel it?"
5223,5123,7,14,109,130,1.2153846153846153,0.046312587279943224,650,"This new kilo diet is all the rage."""
6893,5123,6,16,108,130,1.2153846153846153,0.04500661236069091,650,"There. Now you know what a real weight on your chest feels like. 
No Zoloft required."
7463,5123,6,16,108,130,1.2153846153846153,0.04500661236069091,650,"Thet didn,t have weighted blankets"
5382,5127,9,13,122,144,1.2152777777777777,0.04533737217675923,650,"YOU'RE the one who said, ""I want to join Weight Watchers""!"
3074,5127,7,17,120,144,1.2152777777777777,0.04314194156089626,650,"So, when did you meet this 'Fanny'?"
1048,5127,4,23,117,144,1.2152777777777777,0.03962135573486219,650,"OK, OK. Enough with the nation debt illustrations."
415,5127,5,21,118,144,1.2152777777777777,0.040828628771899675,650,Tell me more about the coyote your mother is dating.
1061,5127,4,23,117,144,1.2152777777777777,0.03962135573486219,650,This time you stay for the full 30 minutes.
3283,5127,4,23,117,144,1.2152777777777777,0.03962135573486219,650,"Nevertheless, don't you feel that a great weight has been lifted from your shoulders?"
1257,5133,3,28,127,158,1.2151898734177216,0.03629829314129352,650,"I use visuals instead of metaphors. Now is the weight of the world really on your shoulders, Mr. Bart?"
416,5134,3,20,98,121,1.2148760330578512,0.0426508206578604,650,"Trust me, you’ll  feel happy when it comes off!"
5936,5134,4,18,99,121,1.2148760330578512,0.04423611137544672,650,It’s still smaller than your deductible.
6796,5134,3,20,98,121,1.2148760330578512,0.0426508206578604,650,"So, you say you've been having trouble getting out of bed in the morning? Well, I think I've figured out what's been weighing on you..."
6471,5137,5,19,111,135,1.2148148148148148,0.04256193767901411,650,"You  have a literal 16 ton weight on your chest, my therapeutic skills only work with FIGURATIVE weights"
3959,5137,3,23,109,135,1.2148148148148148,0.03987984327909519,650,"It's part of the therapy so you can experience the weight 
lifting off of you at the end of the session."
3467,5137,5,19,111,135,1.2148148148148148,0.04256193767901411,650,I feel the same way about The New Yorker not keeping me logged-in.
2938,5137,4,21,110,135,1.2148148148148148,0.04124269898392608,650,I don’t know Doc. I ‘be been coming here hoping to unburden myself. How do YOU think it’s going?
2329,5137,3,23,109,135,1.2148148148148148,0.03987984327909519,650,I'm glad you no longer have that weight on your shoulders.
2133,5137,5,19,111,135,1.2148148148148148,0.04256193767901411,650,You're supposed to bear the weight on your shoulders.
954,5137,5,19,111,135,1.2148148148148148,0.04256193767901411,650,"I'm afraid that's all the time we have,
you'll have to weight till next time."
1042,5137,3,23,109,135,1.2148148148148148,0.03987984327909519,650,It's really lighter than you'd think.
5385,5137,5,19,111,135,1.2148148148148148,0.04256193767901411,650,Mr. Copperfield recommended you.
6212,5137,6,17,112,135,1.2148148148148148,0.04384149699207161,650,I told you it was the weighting room.
5625,5137,5,19,111,135,1.2148148148148148,0.04256193767901411,650,I really think the couples therapy is working.
4579,5137,2,25,108,135,1.2148148148148148,0.038468735103349194,650,"Sorry, but its the only way I can get you to lie there."
5341,5137,3,23,109,135,1.2148148148148148,0.03987984327909519,650,"You're preoccupied and your breathing seems a little short, so please, tell me about your most recent crush."
5064,5150,7,18,124,149,1.2147651006711409,0.04212279216673749,650,"Annie, I was only singing along to The Band. I didn't mean for you to literally put it right on me."
4417,5150,6,20,123,149,1.2147651006711409,0.04103212032487422,650,I promise after a few sessions you´ll feel much lighter
1045,5150,4,24,121,149,1.2147651006711409,0.03875881132362739,650,So you blamed yourself for your parents' divorce--continue with that.
3420,5153,7,16,117,140,1.2142857142857142,0.043939735293797945,650,Well with your back it would be far worse on your shoulders.
3162,5153,3,24,113,140,1.2142857142857142,0.038982055435979795,650,"No, I cannot lift the weight on your chest for you. But I can help you to help yourself."
4852,5153,5,17,104,126,1.2142857142857142,0.04451807959055331,650,I really don't think this will cure your constipation.
4851,5153,3,27,124,154,1.2142857142857142,0.03681151300260926,650,"Advice from the oblivious therapist: ""The best cure for your anxiety will be to breathe in deeply for four seconds and then exhale slowly."""
257,5153,7,19,128,154,1.2142857142857142,0.04116572896033456,650,Calling it a pyramid didn't help.
5058,5153,5,17,104,126,1.2142857142857142,0.04451807959055331,650,Thanks doc. You’ve taken a weight off my mind.
967,5153,3,18,91,112,1.2142857142857142,0.04471519236255008,650,"I already told you, Doctor - I feel the weight of the world on me."
4177,5153,6,18,116,140,1.2142857142857142,0.04275424440649402,650,Did you happen to try on that belt buckel before you bought it?
6035,5153,5,23,126,154,1.2142857142857142,0.03904935806371853,650,Well it seems you got that weight off your mind. Now if we can get it off your chest we will have made real progress in your anger management.
6129,5153,6,18,116,140,1.2142857142857142,0.04275424440649402,650,The stress is starting to weigh me down.
6265,5153,3,24,113,140,1.2142857142857142,0.038982055435979795,650,"While we've had good therapeutic outcomes lifting weights off of shoulders, your case is more complicated."
7017,5153,4,22,114,140,1.2142857142857142,0.04027872352660409,650,Normally being underweight does not cause erectile dysfunction...
3470,5153,4,22,114,140,1.2142857142857142,0.04027872352660409,650,Are you not close enough to anyone who might have spotted this earlier?
3714,5153,6,15,105,126,1.2142857142857142,0.04592214648091884,650,It is the only way Fred we can calm your mornings boner down. It's that or me trying harder not to be the sexy goddess that I am....
5010,5167,6,19,120,145,1.2137931034482758,0.04173696012727657,650,"Do you think you may be overreacting?
Ask yourself if you really feel the heavy weight of reality."
4520,5167,4,23,118,145,1.2137931034482758,0.039375156627495723,650,Really Myron?  Just how stubborn can that stubborn belly fat possibly be?
6951,5167,2,27,116,145,1.2137931034482758,0.036862339565113963,650,I don't think it's stress related. It's more likely that your breathing problem is related to the 500 lb. weight on your chest.
2184,5167,4,23,118,145,1.2137931034482758,0.039375156627495723,650,Don't you think it's about time you lose some weight?
7195,5167,5,21,119,145,1.2137931034482758,0.04057324734419032,650,"I seem to recall you made mention of this last week just as our time came to an end .  So please, tell me now---how does it feel?"
334,5172,7,14,110,131,1.213740458015267,0.045987097156144255,650,I feel like there is a huge weight on me.
867,5172,5,18,108,131,1.213740458015267,0.04335819969343802,650,"Well, at least that’s a weight off my mind!"
2216,5172,4,20,107,131,1.213740458015267,0.04198206365294289,650,"When Seeking Help, Always Weigh Your Options."
4148,5172,3,22,106,131,1.213740458015267,0.040559263509874634,650,I think your problem is taking everything too seriously
3134,5172,5,18,108,131,1.213740458015267,0.04335819969343802,650,We all have weighty issues ... You just have to work harder to get out from under.
2921,5172,6,16,109,131,1.213740458015267,0.044691982421373413,650,And are there other days when you feel as if a great weight has not been lifted from your chest
2755,5172,5,18,108,131,1.213740458015267,0.04335819969343802,650,"Well, you could have the weight of the world on your shoulders."
476,5172,5,18,108,131,1.213740458015267,0.04335819969343802,650,"Mr. Romano we've talked about this, I'm not a sex therapist, and I'd appreciate it if you left your fetish gear at home."
1143,5172,2,24,105,131,1.213740458015267,0.03908470345758232,650,"I know it sounds cliché, but, I do feel the weight of the world on me."
2520,5181,4,17,96,117,1.2136752136752136,0.04514289430396643,650,I sense there's something you need to get off your chest.  Am I close?
1586,5181,4,17,96,117,1.2136752136752136,0.04514289430396643,650,What are you weighting for?
4391,5181,4,17,96,117,1.2136752136752136,0.04514289430396643,650,"First things first. I've got to pick up my mother at the airport and
and then I'll be right back.You'll be fine."
5573,5184,4,24,122,150,1.2133333333333334,0.03852616608912985,650,It sounds as though you've been carrying this weight around for a very long time.
6357,5185,4,21,111,136,1.213235294117647,0.040968780604709626,650,Weight Watchers is even more boring than is sounds.
1057,5185,4,21,111,136,1.213235294117647,0.040968780604709626,650,I sense you have some confusion on the upcoming Iron Man competition.
2973,5185,5,19,112,136,1.213235294117647,0.04227733962905507,650,It’s my past catching up with me!
7523,5185,3,23,110,136,1.213235294117647,0.03961702313858518,650,Now I can understand why your exercise program doesn't make you feel more energetic.
5904,5185,3,23,110,136,1.213235294117647,0.03961702313858518,650,"I can’t promise to remove the weight, but I can promise it will take years and will cost a fortune!"
1108,5190,5,16,101,122,1.2131147540983607,0.045423995988459524,650,"Your ""the old ball and chain"" jokes got me thinking."
5372,5190,5,16,101,122,1.2131147540983607,0.045423995988459524,650,Isn’t the weight of world events enough?
2457,5190,3,20,99,122,1.2131147540983607,0.04233643133037792,650,Sometimes we all feel burdened down by life's responsibilities.
144,5190,4,18,100,122,1.2131147540983607,0.043907361736680285,650,"Ah, yes, you’ve told me about your mother before. How did you describe her, again?"
7331,5194,6,21,128,155,1.2129032258064516,0.0398857782393128,650,"Don’t worry, I see a lot of these on Man Crush Mondays."
5698,5195,2,26,113,141,1.2127659574468086,0.03740372394798531,650,"Tell me if I’m crazy, but I really feel like there’s a lot of weight that’s been put on me."
4884,5195,5,20,116,141,1.2127659574468086,0.041267298590509226,650,Are you sure you aren't overplaying this trauma just to get attention?
675,5195,2,26,113,141,1.2127659574468086,0.03740372394798531,650,Perhaps we should set aside the mental weight of what you're going through for now.
3572,5195,5,20,116,141,1.2127659574468086,0.041267298590509226,650,"So tell me Harold, what makes you feel you’ve got the weight of the world on you?"
3276,5195,5,20,116,141,1.2127659574468086,0.041267298590509226,650,I'm probably not the best person to help you get this issue off your chest.
5866,5195,6,18,117,141,1.2127659574468086,0.04247713567970377,650,I come to you with a deep and heavy hearth.
1022,5201,5,27,142,174,1.2126436781609196,0.03605532106729181,650,And why do you feel as if you have a great weight on your chest?
1254,5202,5,17,105,127,1.2125984251968505,0.04419837067680215,650,Well that's what you get when you load sixteens tons: deeper in debt.
1187,5202,6,15,106,127,1.2125984251968505,0.04559035366650368,650,"We're only supposed to carry the weight of the Trump administration and no the Trump tower, Mr. Muller."
1162,5204,4,26,130,160,1.2125,0.036972176347888575,650,Is there a reason you detest your physical therapist?
6847,5205,6,12,95,113,1.2123893805309736,0.04941396038228338,650,Do you think your OCD might have impacted your weighted blanket redesign?
5516,5206,3,25,118,146,1.2123287671232876,0.0379056134671144,650,"The weight of the world has shifted from being carried on your shoulders to, well, somewhere else. So let's work on that."
5989,5206,4,23,119,146,1.2123287671232876,0.039131941475064144,650,And how do you feel this ‘chest heaviness’ is relevant to our process?
2197,5206,8,15,123,146,1.2123287671232876,0.043694417134985196,650,"Well, we've managed to get the weight off your shoulders."
2579,5209,5,18,109,132,1.2121212121212122,0.04305893167863623,650,You're not pulling your weight in our relationship.
6685,5209,6,23,136,165,1.2121212121212122,0.038242891593327236,650,I really don't think a weighted blanket will fix your anxiety.
7405,5209,3,22,107,132,1.2121212121212122,0.040283380633923935,650,"It's our most realistic anxiety simulation, and your insurance doesn't cover it."
1441,5209,5,18,109,132,1.2121212121212122,0.04305893167863623,650,At least you don't have the weight of the world on your shoulders.
5440,5209,2,24,106,132,1.2121212121212122,0.03882126136917328,650,"When I'm here,the pressure seems so much lighter."
1606,5209,6,16,110,132,1.2121212121212122,0.044381663086340006,650,"If I understand you correctly, you say you feel like you're living under a tremendous weight."
2013,5209,5,18,109,132,1.2121212121212122,0.04305893167863623,650,"I know it's a gift from your mom. Did you know Goodwill has pickup service?"""
4621,5209,4,20,108,132,1.2121212121212122,0.04169425831336409,650,"Have you learned your lesson--never, never contradict me again."
3051,5217,4,24,123,151,1.2119205298013245,0.038296244489538965,650,Lets work on getting the weight onto your back where it belongs.
2931,5217,4,24,123,151,1.2119205298013245,0.038296244489538965,650,"I’ve heard of exercises to overcome erectile disfunction, but this is ridiculous.”"
2453,5217,4,24,123,151,1.2119205298013245,0.038296244489538965,650,"So, your father was a grocer, yes?
And he charged by the pound, yes?"
3819,5217,4,24,123,151,1.2119205298013245,0.038296244489538965,650,Now that you got that weight off your shoulders...
2283,5217,3,26,122,151,1.2119205298013245,0.03712549152875948,650,It's not how big your problems are... it's how dense they are!
1962,5217,4,24,123,151,1.2119205298013245,0.038296244489538965,650,There's no quick fix here. Emotional problems can take a long time to work out.
1556,5223,3,23,111,137,1.2116788321167884,0.03935757313593059,650,I understand the weight of your problems.
465,5223,5,19,113,137,1.2116788321167884,0.04199646386377876,650,Harold tests his new panini method.
1585,5223,3,23,111,137,1.2116788321167884,0.03935757313593059,650,You only imagine it’s the weight of the world on you. It’s actually only the weight of Secaucus.
1602,5223,3,23,111,137,1.2116788321167884,0.03935757313593059,650,Well that's one way to get rid of your beer belly.
3133,5223,5,19,113,137,1.2116788321167884,0.04199646386377876,650,"Yes, your father is an unfeeling bastard. And a very strong one too."
3357,5223,8,13,116,137,1.2116788321167884,0.045669788678392206,650,"This is how toxic Taliban dudebros kill adulterous women in Afghanistan. Next time you think about coming in here to whine about your wife cheating on you or whatever, picture this instead, you drydick trashboi."
5579,5223,5,19,113,137,1.2116788321167884,0.04199646386377876,650,Well you did say you wanted the weight off your shoulders...
7381,5223,5,19,113,137,1.2116788321167884,0.04199646386377876,650,"...and do you believe this to be a weighty issue, or possibly an issue of weight?"
1950,5223,4,21,112,137,1.2116788321167884,0.0406984123781985,650,The pressure Jake felt on his chest was not a heart attack.
362,5223,6,17,114,137,1.2116788321167884,0.0432555798021186,650,You're making progress - you no longer have to contend with the weight of the world.
142,5233,5,23,128,156,1.2115384615384615,0.03859571302710641,650,Can you describe for me this weight you feel on your on your chest?”
1071,5234,2,22,99,123,1.2113821138211383,0.04040979034319688,650,You think you're the only one who feels this way?
2081,5234,3,20,100,123,1.2113821138211383,0.04202655323609029,650,Your perception may be objectively real but try to assume your part on it responsibly
3990,5234,4,18,101,123,1.2113821138211383,0.043583382133913544,650,Forget your New Year’s resolution to lose the weight.
5504,5234,2,22,99,123,1.2113821138211383,0.04040979034319688,650,Just relax. You'll be proud of your flat stomach ...
2029,5234,3,20,100,123,1.2113821138211383,0.04202655323609029,650,You're becoming quite two dimensional.
1715,5234,4,18,101,123,1.2113821138211383,0.043583382133913544,650,Do you see any connection between the panini press in your nightmare and your anxiety today?
7004,5234,6,14,103,123,1.2113821138211383,0.04654107047415585,650,Try that diet where you lose the weight fast.”
1263,5241,6,18,118,142,1.2112676056338028,0.0422035465130265,650,Tell me about your relationship with your parents.
5360,5241,3,24,115,142,1.2112676056338028,0.038489855490454264,650,The couch is so you will feel more comfortable.
3678,5241,7,16,119,142,1.2112676056338028,0.04337083650500918,650,"As your therapist,  I can't help lift that big weight off you. But only after your check clears."
1791,5241,5,20,117,142,1.2112676056338028,0.041003039124071584,650,"I feel we're making real progress, Mr. Sandoval."""
1197,5241,2,26,114,142,1.2112676056338028,0.03716959583865563,650,I think you've taken your CrossFit obsession a little too far.
854,5241,4,22,116,142,1.2112676056338028,0.03976630604598696,650,My last therapist said that sometimes the weight we carry isn’t physical.
638,5241,1,28,113,142,1.2112676056338028,0.03580068063517731,650,There comes a point when carrying a burden around like that becomes a little unhealthy.
598,5241,4,22,116,142,1.2112676056338028,0.03976630604598696,650,"Your real problem is taking the load off your chest, not taking a load off your mind."
6795,5241,5,20,117,142,1.2112676056338028,0.041003039124071584,650,For most men their Ego is bigger than their Cow Bell
4813,5241,1,28,113,142,1.2112676056338028,0.03580068063517731,650,Im only a Psychiatrist but I'm pretty sure it's not a heart attack. It's not an Elephant sitting on your chest.
2681,5241,7,16,119,142,1.2112676056338028,0.04337083650500918,650,"Another day older and deeper in debt, eh?"
6127,5252,2,19,88,109,1.2110091743119267,0.04337407810681607,650,You wear your childhood well.
2252,5253,6,15,107,128,1.2109375,0.045263260648319585,650,"Sorry about the weight, it's been a madhouse here today."
6923,5253,4,19,105,128,1.2109375,0.04245821207248054,650,Good.  Now you don’t feel that tight band around your head.
4648,5253,5,17,106,128,1.2109375,0.04388315472313635,650,Tell me about your relationship with your mother.
3367,5253,7,13,108,128,1.2109375,0.04660251345776007,650,I can't wait to see the idiot caption that will win this one...
6454,5257,4,23,120,147,1.2108843537414966,0.038891657713431366,650,"It's a process, Joe.  First we get the weight off your shoulders..."
4277,5257,8,15,124,147,1.2108843537414966,0.04342018977573587,650,"Babe, this is how exciting it is having sex with you"
1984,5257,2,27,118,147,1.2108843537414966,0.0364168246757951,650,Any sense that the weight has finally started to move off your shoulders?
1403,5257,6,19,122,147,1.2108843537414966,0.041218162985870825,650,Is my depression noticeable to you?
728,5257,5,21,121,147,1.2108843537414966,0.0400717980606593,650,"Get over it, it’s hardly the weight of the world."
2265,5257,5,21,121,147,1.2108843537414966,0.0400717980606593,650,Now you don't have to iron your pants!
5100,5263,5,25,136,166,1.2108433734939759,0.0370609170276147,650,"My professional guess is that you'll agree my failsafe ""what-doesn't-kill-you-makes-you-stronger"" method."
880,5264,3,22,108,133,1.2105263157894737,0.04001115072838613,650,"When I asked you to bring your problems to me, I didn't mean literally..."
1339,5264,4,20,109,133,1.2105263157894737,0.0414103048668128,650,"It is beyond the weighted blanket.
Said to reduce stress. Increase sleep.
Some survive."
5069,5264,7,18,127,152,1.2105263157894737,0.041360172904601575,650,"The #metoo cure for masculinity."""
1122,5264,1,26,106,133,1.2105263157894737,0.037054687281154366,650,My patients always feel better after the very first session.
5348,5264,7,14,112,133,1.2105263157894737,0.045349496676596275,650,I feel this heavy weight on my chest all the time.
6549,5264,5,22,125,152,1.2105263157894737,0.039196774755293144,650,"I understand that you have a lot weighing on you right now, but let's leave my blindness out of this."
5860,5264,6,20,126,152,1.2105263157894737,0.04029299600374564,650,"Yup, you're dying."
7461,5264,3,22,108,133,1.2105263157894737,0.04001115072838613,650,"So, I’m your therapist. Anything you want to get off your chest before we get started?"
5885,5264,4,20,109,133,1.2105263157894737,0.0414103048668128,650,Of course I'm positive
1472,5264,2,24,107,133,1.2105263157894737,0.03856126315432223,650,So have you thought about losing the weight?” “I want to but it keeps me grounded
2510,5264,4,20,109,133,1.2105263157894737,0.0414103048668128,650,They said the crane operator doesn't come back to work until Monday morning.
683,5275,5,23,129,157,1.2101910828025477,0.03837275501065125,650,It has a hook that could come in useful at Christmas.
3756,5276,5,19,114,138,1.210144927536232,0.04171923929810908,650,"Mr. Bronk, this is not what I intended when I said of our delayed session, ""The wait will do you good""."
3531,5276,5,19,114,138,1.210144927536232,0.04171923929810908,650,Feeling the weight of the world on your chest is  not something you are just imagining.
632,5276,5,19,114,138,1.210144927536232,0.04171923929810908,650,You can't just get up and leave... That's the lesson for today.
5928,5276,4,21,113,138,1.210144927536232,0.04043152736189783,650,Who told you to straighten out?
2004,5276,9,11,118,138,1.210144927536232,0.04651495478661537,650,my wife's a bitch
2244,5276,4,21,113,138,1.210144927536232,0.04043152736189783,650,YOU said you wanted this to be a ton of fun...are you having fun?
5976,5276,4,21,113,138,1.210144927536232,0.04043152736189783,650,Your choices are to leave it there or put it back on your shoulders and live with it.
4432,5283,3,19,97,119,1.2100840336134453,0.0428209615727119,650,So unless you can get the weight off your chest I'm guessing we're through!
3370,5283,6,13,100,119,1.2100840336134453,0.047549177804704704,650,"Oh look, 'The Bachelor' is on!"
3974,5283,4,17,98,119,1.2100840336134453,0.04445294819591745,650,<Insert Viagra Joke Here.>
4885,5286,4,22,117,143,1.2097902097902098,0.03951486915808532,650,"After this session, you're going to feel like a giant load was lifted from your shoulders."
3336,5286,6,18,119,143,1.2097902097902098,0.04193341146460269,650,You came here to lose weight?
1542,5286,3,24,116,143,1.2097902097902098,0.03824829183559793,650,"If you can’t pay the co-pay, you can’t get the weight off your chest."
347,5286,6,18,119,143,1.2097902097902098,0.04193341146460269,650,"Actually, I thought we might try dialog  to suppress your inappropriate urges."
3878,5286,5,20,118,143,1.2097902097902098,0.040742090530802876,650,Thank goodness for Lyft.
3411,5286,3,24,116,143,1.2097902097902098,0.03824829183559793,650,This is a weight you will have to lift by yourself.
7486,5286,1,28,114,143,1.2097902097902098,0.0355801309140649,650,"Samson, I thought the overcompensation issue was behind us."
6453,5286,4,22,117,143,1.2097902097902098,0.03951486915808532,650,You should have specified on the phone how literal the weight was.
1168,5294,4,18,102,124,1.2096774193548387,0.04326407174623477,650,"Orrrr, you could have just told me why things aren’t going so well at home."
3343,5294,3,20,101,124,1.2096774193548387,0.04172109251328217,650,We will never solve your procrastination problem as long as you  just keep shouting wait wait.
6476,5294,5,16,103,124,1.2096774193548387,0.04475388527965868,650,"I’m afraid our ton is up. 

— Rob Hathaway. Chalfont, PA"
7403,5294,3,20,101,124,1.2096774193548387,0.04172109251328217,650,If I tell you about my mother will you take the weight off me?
1094,5294,3,20,101,124,1.2096774193548387,0.04172109251328217,650,"Atlas, face reality the Earth is neither flat nor pyramidal."
650,5294,5,16,103,124,1.2096774193548387,0.04475388527965868,650,Spot you.What does that mean?
616,5300,8,19,140,167,1.2095808383233533,0.039687415213044176,650,Luckily for you I charge by the pound and not the hour.
4738,5301,5,21,122,148,1.2094594594594594,0.03982562005444409,650,I haven’t gotten out of bed in weeks.
6211,5301,5,21,122,148,1.2094594594594594,0.03982562005444409,650,I thought you'd like the double mattress
5562,5301,3,25,120,148,1.2094594594594594,0.0374462639792873,650,"There’s a ton weighing on me.”
“It’s actually only 500 pounds.”"
896,5301,3,25,120,148,1.2094594594594594,0.0374462639792873,650,Isn't this where we started?
1851,5301,3,25,120,148,1.2094594594594594,0.0374462639792873,650,"I agree it's disappointing, but we're just not in a piano-on-the-head kind of neighborhood."
4703,5301,5,21,122,148,1.2094594594594594,0.03982562005444409,650,Your wish came true—I dropped some weight.
7567,5307,4,19,106,129,1.2093023255813953,0.04215951534458739,650,"""Weight,Weight, Don't Crush Him."""
7155,5307,5,17,107,129,1.2093023255813953,0.043572339449451776,650,The bearable heaviness of NOT being. Love this book!
7023,5307,5,17,107,129,1.2093023255813953,0.043572339449451776,650,"I’m guessing it weighs twice that, and I’ve got news for you—it’s not a gorilla."
4249,5307,7,13,109,129,1.2093023255813953,0.046268745683384974,650,"Just take a deep breath, you'll get through this."
1337,5307,2,23,104,129,1.2093023255813953,0.039181330657278544,650,It stops that twitch!
504,5307,3,21,105,129,1.2093023255813953,0.040697674418604654,650,Tell me about this weight you are feeling.
1889,5307,5,17,107,129,1.2093023255813953,0.043572339449451776,650,My New Year’s Resolution is to lose all this weight.
7001,5314,5,18,111,134,1.208955223880597,0.04247244165915812,650,"If that doesn't ring a bell, nothing will."
5623,5314,5,18,111,134,1.208955223880597,0.04247244165915812,650,"Honey, do I look like I'm gaining weight?"
6055,5314,6,16,112,134,1.208955223880597,0.043773612497995155,650,I think in this case the metaphor is too heavy.
6389,5314,1,26,107,134,1.208955223880597,0.03681066282959869,650,"Now, that's what it feels like to have a weight on your chest."
3621,5314,4,20,110,134,1.208955223880597,0.04113012824994036,650,"Well, you tell the rest of this ""Anvil Skydiving Team"" that I'm here if they need me."
3533,5314,5,18,111,134,1.208955223880597,0.04247244165915812,650,"Now that we've got it off your shoulders, we can solve the problem."
7069,5320,5,14,96,115,1.208695652173913,0.04702540361213032,650,I see you have a ton weighing on you today.
7178,5320,3,18,94,115,1.208695652173913,0.043660943442513006,650,Aren't you glad that weight is now off your shoulders?
6768,5320,4,16,95,115,1.208695652173913,0.045374368134300666,650,That’ll be $100 per pound.
2858,5323,3,23,113,139,1.20863309352518,0.03884853469689172,650,Take a load off your chest. Tell me about it.
2707,5323,6,17,116,139,1.20863309352518,0.04268491410043526,650,Is this the right amount of pressure you have at work ?
2591,5323,5,19,115,139,1.20863309352518,0.04144559659609479,650,Have you been able to identify one small action that can help you start to let it go?
3771,5323,6,17,116,139,1.20863309352518,0.04268491410043526,650,You said things tend to weight you down. Is there something you need to get off your chest?
2001,5323,6,17,116,139,1.20863309352518,0.04268491410043526,650,I told you so.
3909,5323,1,27,111,139,1.20863309352518,0.036064938915586355,650,You can get up! That heaviness you feel is NOT clinical depression.
2536,5323,3,23,113,139,1.20863309352518,0.03884853469689172,650,"Sorry, my form of therapy may only lift a weight from your shoulders."
5622,5323,4,21,114,139,1.20863309352518,0.04016806023012453,650,"Come unto me, all you that labour and are heavy laden..."
5889,5323,4,21,114,139,1.20863309352518,0.04016806023012453,650,"Just roll over and slide out, but watch your head."
6181,5323,3,23,113,139,1.20863309352518,0.03884853469689172,650,I'm finding this new technique really grounding
4706,5323,4,21,114,139,1.20863309352518,0.04016806023012453,650,"You say you're feeling the weight of the world on you, well let's start here."""
7162,5323,6,17,116,139,1.20863309352518,0.04268491410043526,650,You have Christopher Walken Syndrome
5591,5323,6,17,116,139,1.20863309352518,0.04268491410043526,650,"The ad said,'will stop infernal itching in less than 24 hours.'"
5226,5323,2,25,112,139,1.20863309352518,0.03748258573711648,650,"Yes, but consider this less a ""what doesn't kill you""  situation and more a  ""weighty problem"" adventure."
3561,5323,8,13,118,139,1.20863309352518,0.045061410551292785,650,"Well dear, I guess we are staying home tonight."
2079,5323,4,21,114,139,1.20863309352518,0.04016806023012453,650,"They did a lousy job pressing your suit, but you should have known no one wins an argument with the dry cleaners."
1655,5323,7,15,117,139,1.20863309352518,0.043889250464286225,650,"Now that we're done with the styrofoam toy, are we ready to start fessing up?"
37,5323,2,25,112,139,1.20863309352518,0.03748258573711648,650,"I said to try the weighted blanket, but you always overdo things."
32,5323,5,19,115,139,1.20863309352518,0.04144559659609479,650,Still think it’s the weight of the world?
3768,5323,4,21,114,139,1.20863309352518,0.04016806023012453,650,"Oh, Myron, it's not like you have the weight of the world on your shoulders."
2164,5323,0,29,110,139,1.20863309352518,0.034589238274782275,650,I’m always so worried I’ll leave the wrong impression...
6717,5344,5,24,134,163,1.2085889570552146,0.0373859828242729,650,Your choice: heavy heart or quit taking Viagra.
5458,5345,6,13,101,120,1.2083333333333333,0.04718375980718878,650,So you feel like you have a two ton weight on your chest. Tell me how you feel about that.
5353,5345,5,20,119,144,1.2083333333333333,0.04048439222695598,650,Sir... I can't tell you what you should do... you're going to have do that heavy lifting!
4480,5345,2,26,116,144,1.2083333333333333,0.03670981779593468,650,You said Xanax didn't work for you? Have you heard of Crane-x?
4241,5345,4,22,118,144,1.2083333333333333,0.039266536858512446,650,I know it’s a bit Freudian but how do you like the new pillow?
3942,5345,4,22,118,144,1.2083333333333333,0.039266536858512446,650,So what would you compare the heaviness to?
2589,5345,3,19,98,120,1.2083333333333333,0.04249869553663491,650,"OK, so you took a load off my mind. Now look what you’ve done!"
2578,5345,2,26,116,144,1.2083333333333333,0.03670981779593468,650,I thought psychiatry was supposed to lift the weight of guilt?
1727,5345,2,21,97,120,1.2083333333333333,0.04081768121668144,650,Glad you are staying home tonight
2783,5345,5,15,100,120,1.2083333333333333,0.04567549854280213,650,"Burdened by a heavy weight"" is, of course, only a figure of speech"
3871,5345,6,18,120,144,1.2083333333333333,0.041666666666666664,650,Do you need help?
4689,5355,5,21,123,149,1.2080536912751678,0.03958240180065663,650,"When you called and said there was something you’d like to get off you chest, I didn’t imagine it was so literal."
7501,5355,4,23,122,149,1.2080536912751678,0.03841967999269932,650,It helps me focus on your problems.
1515,5355,5,21,123,149,1.2080536912751678,0.03958240180065663,650,I can only imagine what you feel like.
5714,5355,5,21,123,149,1.2080536912751678,0.03958240180065663,650,And  did your mother say when she might be back to getit?
1336,5359,4,18,103,125,1.208,0.04294933248946162,650,If it were on your shoulders I could probably help.
5446,5360,2,23,105,130,1.2076923076923076,0.03891208972839766,650,I'm still paying off my crushing debt... but let's get back to you.
6383,5360,4,19,107,130,1.2076923076923076,0.041864924409159,650,"Yes, but on the other hand, I’m glad you admit that our sessions have taken a great weight off your shoulders"
3350,5360,3,21,106,130,1.2076923076923076,0.04041548356023634,650,"I'm sorry Mr. Prendick but I'm a psychotherapist, not a physiotherapist."
2732,5360,2,23,105,130,1.2076923076923076,0.03891208972839766,650,"The greater the anxiety, the heavier blanket."
7140,5360,3,21,106,130,1.2076923076923076,0.04041548356023634,650,I'm not sure that moving the weight of the world from your shoulders to the rest of you is progress.
1687,5360,3,21,106,130,1.2076923076923076,0.04041548356023634,650,It's a new technique that converts baggage into pounds.
6029,5360,4,19,107,130,1.2076923076923076,0.041864924409159,650,And you say you think the Illuminati followed you here?
6290,5360,1,25,104,130,1.2076923076923076,0.03734822810594911,650,"As your therapist, I’m beginning to understand why it’s hard to get something off your chest."
160,5360,3,21,106,130,1.2076923076923076,0.04041548356023634,650,"Well, doc, for starters..."
5762,5360,4,19,107,130,1.2076923076923076,0.041864924409159,650,No. I told you I don’t mind the wait.
6172,5370,3,27,129,159,1.2075471698113207,0.035774185513929364,650,"Besides my regular fee, theres a surcharge to cover damage to the couch springs."
3508,5370,4,14,88,106,1.2075471698113207,0.04780347070761396,650,This ought to take the load off your mind.
6032,5372,3,22,110,135,1.2074074074074075,0.03947737111160652,650,"There are easier ways to prepare for your ""Crucible"" audition."
5671,5372,5,18,112,135,1.2074074074074075,0.042185062153688856,650,"In my professional opinion, you really need to build a good support system to deal with the pressure you’re experiencing."
4569,5372,2,24,109,135,1.2074074074074075,0.03805134045431201,650,"""So what's your excuse for lying on your back all day doing nothing this time?"
3624,5372,2,24,109,135,1.2074074074074075,0.03805134045431201,650,You'd rather be it on your shoulders?
3273,5372,5,18,112,135,1.2074074074074075,0.042185062153688856,650,Seems that you're fishing for something.
2435,5372,1,26,108,135,1.2074074074074075,0.036569744200040805,650,I feel as if I have a heavy weight on my chest.
4345,5372,4,20,111,135,1.2074074074074075,0.040853655275838514,650,"We no longer charge by the hour....We charge according to the weight that we'll take off your chest.   And in your case, I hope there's some equity in your house, because it looks like you'll need to take out a  ""line of credit""."
592,5379,5,13,93,111,1.2072072072072073,0.048087275823962834,650,They'll fix the elevator. You probably could have just told me the metaphor.
6891,5380,1,27,112,140,1.207142857142857,0.03583740341024944,650,"Markell West: """"I see you'd like to get something off your chest."""
2107,5380,4,21,115,140,1.207142857142857,0.03990794722790665,650,I'm not sure I can help with that type of heavy.
6634,5380,5,19,116,140,1.207142857142857,0.041175468119551355,650,It's a good thing you charge by the hour and not the kilogram.
4425,5380,5,19,116,140,1.207142857142857,0.041175468119551355,650,"Instead,Hank,think of it as an extra-large Valencay, the lovely goat's milk cheese from France's Loire Valley."
6736,5380,4,21,115,140,1.207142857142857,0.03990794722790665,650,"It's called the ""weight-of-your-problems"" method..."
1973,5380,7,15,118,140,1.207142857142857,0.043600103448292474,650,I think the real problem is that you're ugly.
202,5380,3,23,114,140,1.207142857142857,0.03859882548765667,650,"Ma'am, I just need to get this off my chest."
3889,5387,2,20,94,116,1.206896551724138,0.041553854760705604,650,If you didn’t lie around all day maybeyou wouldn’t feel like there was anything weighing you down
4230,5387,4,22,119,145,1.206896551724138,0.03902125332590335,650,"Henry, you're just imagining a 5 ton bell is crushing you again."
2966,5387,5,14,97,116,1.206896551724138,0.04665295229583647,650,"It's important to realize at the outset that weighty concerns, felt as restrictive, can become enabling gates to new heights . . ."
3407,5387,5,20,120,145,1.206896551724138,0.04022988505747127,650,You have to stop agreeing to lighten everyone's load.
1089,5387,3,24,118,145,1.206896551724138,0.03777396948311491,650,Ted's weighted blanket was ruining their relationship.
1082,5392,4,23,123,150,1.2066666666666668,0.038187886698918753,650,Do not make it heavier by bemoaning it.
1439,5392,8,15,127,150,1.2066666666666668,0.04261756122751931,650,Now how do you feel?
2155,5392,4,23,123,150,1.2066666666666668,0.038187886698918753,650,"I'm glad to see our chats have helped to get 
that weight off your shoulders."
2773,5392,5,21,124,150,1.2066666666666668,0.03934209131632978,650,This is literally outside of my area of expertise.
3752,5392,9,13,128,150,1.2066666666666668,0.043654804816816356,650,"But if you think of something less provocative, it will probably go down by itself."
613,5392,5,21,124,150,1.2066666666666668,0.03934209131632978,650,There must be a very good reason you are feeling resistance right now.
1700,5392,5,21,124,150,1.2066666666666668,0.03934209131632978,650,I feel like there is a huge weight on my chest.  Do you think I am having a heart attack?
236,5399,2,21,98,121,1.2066115702479339,0.04051554028263788,650,"Um, this wasn't what I had in mind when I said I wanted to take up weight-lifting."
5456,5399,3,19,99,121,1.2066115702479339,0.04218115753776808,650,They said it was better than liposuction!
3630,5399,3,19,99,121,1.2066115702479339,0.04218115753776808,650,I have a terrible pit in my stomach about living the Marie Kondo Way
4040,5399,3,19,99,121,1.2066115702479339,0.04218115753776808,650,"You'll try any shortcut for a flat stomach, won't you?"
5351,5403,5,22,128,155,1.206451612903226,0.03850665935534664,650,"When the robo-call said, “don’t hang up,” what did you do?"
2597,5403,3,26,126,155,1.206451612903226,0.036265527068911556,650,I guess it's sort of weighing on me.
309,5403,7,18,130,155,1.206451612903226,0.040624342158753206,650,Have you been weighting long?
2654,5406,2,22,102,126,1.2063492063492063,0.03954898159339031,650,Only when I need the washroom.
3093,5406,6,14,106,126,1.2063492063492063,0.04551986877189821,650,I understand that you are feeling weighed down but what do you think is the root cause?
2524,5406,4,18,104,126,1.2063492063492063,0.042639068927951274,650,"When did you start to imagine there was someone underneath you, whom you were crushing?"
4219,5406,4,18,104,126,1.2063492063492063,0.042639068927951274,650,And both of your parents were powerlifters?
4806,5406,2,22,102,126,1.2063492063492063,0.03954898159339031,650,"No, No; the world weighs much more than that."
5306,5406,2,22,102,126,1.2063492063492063,0.03954898159339031,650,I think I misunderstood what you meant by “psycho dynamic.”
5670,5406,5,16,105,126,1.2063492063492063,0.04410299679190414,650,You know what Doc? Having balls of steel really has it's disadvantages .
6706,5406,4,18,104,126,1.2063492063492063,0.042639068927951274,650,Your a pessimist aren't you!
4797,5406,5,16,105,126,1.2063492063492063,0.04410299679190414,650,Your Yelp review said there was a big wait to see you. Now I understand.
2186,5406,5,16,105,126,1.2063492063492063,0.04410299679190414,650,"Well, on the bright side, not many can say they've been married for so many years."
6407,5406,7,12,107,126,1.2063492063492063,0.04689395035604231,650,I think there was a miscommunication when you told me these sessions would help me to get all the weight off my shoulders.
6435,5417,6,15,110,131,1.2061068702290076,0.04430921780367231,650,"Honey, I think you've taken this mindfulness thing just a bit too far."
3982,5417,7,13,111,131,1.2061068702290076,0.045615201352943426,650,Opinions are still mixed on the local clinics’ new constipation treatment.
3755,5417,4,19,108,131,1.2061068702290076,0.04157435697855915,650,Martha meant it when she demanded complete commitment to couples counseling.
2473,5417,3,21,107,131,1.2061068702290076,0.04013710684745936,650,I thought it was the weight of the world that was on your shoulders.
1305,5417,4,19,108,131,1.2061068702290076,0.04157435697855915,650,Your really need to lighten up a bit
67,5417,2,23,106,131,1.2061068702290076,0.03864644270806911,650,Now doesn’t it feel better to get that weight off your shoulders?
5173,5417,4,19,108,131,1.2061068702290076,0.04157435697855915,650,"yep, I would be out of business if the patients knew how to spell ""waiting room."""
4814,5417,2,23,106,131,1.2061068702290076,0.03864644270806911,650,Why do you think you feel weighted down?
2009,5417,5,17,109,131,1.2061068702290076,0.04296355397632941,650,You are not paranoid; however you have great abs.
1219,5417,2,23,106,131,1.2061068702290076,0.03864644270806911,650,"I know you said you had the weight of the world on your shoulders, but to prove that things could be worse, this exercise shows you what that weight would be like on your penis."
4158,5427,6,16,114,136,1.2058823529411764,0.043181795187343615,650,"All you need to do is repent, Mr. Corey..."
5194,5427,3,22,111,136,1.2058823529411764,0.03921568627450981,650,I refuse to accept that you burden all the weight in this relationship.
5368,5427,5,18,113,136,1.2058823529411764,0.04190149130673101,650,"Positive thinking, my dear. It's all in your head."
155,5427,6,16,114,136,1.2058823529411764,0.043181795187343615,650,"So, that's how it feels when your resting, now walk around with it for another trimester."
3592,5427,5,18,113,136,1.2058823529411764,0.04190149130673101,650,"Well, you see, I would get up if it weren't for my chronic knee pain, and my crippling depression"
5307,5427,4,20,112,136,1.2058823529411764,0.040580814578497756,650,Time's up! Get it off your chest next week.
6583,5427,5,18,113,136,1.2058823529411764,0.04190149130673101,650,It’s a new technique to get you to open up—I call it tenderizing.
5871,5434,6,17,118,141,1.2056737588652482,0.042128921755403836,650,So how did your boss at Acme take it when you demanded a raise?
5090,5434,6,17,118,141,1.2056737588652482,0.042128921755403836,650,Why do you think you have this feeling of being weighed down?
3690,5434,5,19,117,141,1.2056737588652482,0.04090878787839137,650,You have a lot of weight issues to discuss.
2882,5434,3,23,115,141,1.2056737588652482,0.03835224479077833,650,"I'm sorry, Al, but you're just going to have to carry that weight."
2573,5434,3,23,115,141,1.2056737588652482,0.03835224479077833,650,"You can't fool me, its full of hot air!"
1066,5434,2,25,114,141,1.2056737588652482,0.03700780401345189,650,You can't let everything weigh on you.
2503,5434,5,19,117,141,1.2056737588652482,0.04090878787839137,650,"Yes, the shoulder is the body part most typically affected, but that is only anecdotal."
5068,5434,4,21,116,141,1.2056737588652482,0.03965112612632209,650,You have to come to me willingly.  Exactly who is pressuring you to have therapy?
108,5442,4,22,120,146,1.2054794520547945,0.038778964026104916,650,"Doctor, is the pressure I'm feeling really all in my head?"
5667,5442,3,24,119,146,1.2054794520547945,0.03754110733114273,650,Why are you ignoring the ton's feelings?
5361,5444,2,19,91,112,1.2053571428571428,0.04233073047779356,650,"Because Kyle, I have heard one too may patients tell me they are ‘carrying the weight of the world’."
1149,5444,5,13,94,112,1.2053571428571428,0.047691888465535556,650,Weighting for a breakthrough...
4719,5446,3,25,123,151,1.205298013245033,0.03677733344878099,650,This is just how I stay still or else I’m a complete maniac
901,5446,2,27,122,151,1.205298013245033,0.0355566032524519,650,"They said on the internet that if you eat a super-burrito, you can generate heat for an entire room, so please don't move."
730,5448,4,16,97,117,1.205128205128205,0.044666068754430015,650,It's apparent that this weighs on you
4875,5449,3,27,131,161,1.204968944099379,0.03537511102451714,650,Id always heard it felt like an elephant on your chest....
94,5450,3,19,100,122,1.2049180327868851,0.041868246759702375,650,When are you going to start carrying your weight around here?
479,5450,4,17,101,122,1.2049180327868851,0.043456105251336315,650,"Well, sometimes our feelings can make it feel like we are being crushed under a large weight."
1024,5450,4,17,101,122,1.2049180327868851,0.043456105251336315,650,The wait is worse than the weight.
1799,5450,6,13,103,122,1.2049180327868851,0.04646933480676264,650,"Just 'weight' a minute, I'll be right with you."
3474,5450,3,19,100,122,1.2049180327868851,0.041868246759702375,650,Everyone feels the weight of the world on them.
81,5450,4,17,101,122,1.2049180327868851,0.043456105251336315,650,"Don't worry, sir, I'm a professional. The floor is reinforced."
4052,5450,4,17,101,122,1.2049180327868851,0.043456105251336315,650,Whatever
6482,5457,4,18,105,127,1.204724409448819,0.042333188189562124,650,"My doctor thinks its COPD, but you just know he's on the hook with Big Pharma. My gut tells me it's the giant weight on my chest"
5744,5457,3,20,104,127,1.204724409448819,0.04083031282442006,650,That should put an end to your unwanted advances.
4357,5457,3,20,104,127,1.204724409448819,0.04083031282442006,650,"Our session ends here, $500 more to remove the real pressure."
673,5457,3,20,104,127,1.204724409448819,0.04083031282442006,650,I feel  like there's a big weight on my chest.
5359,5457,4,18,105,127,1.204724409448819,0.042333188189562124,650,NOW? You want to get a Russian conspiracy off your chest?
6143,5457,4,18,105,127,1.204724409448819,0.042333188189562124,650,"So, this is what you meant when you said you dropped 100lbs."
1991,5457,4,18,105,127,1.204724409448819,0.042333188189562124,650,"It's important to avoid playing the ""blame game""."
6256,5464,3,21,108,132,1.2045454545454546,0.03986246938961656,650,This is NOT the worst play part! Wait till you see my bill.
5718,5464,4,19,109,132,1.2045454545454546,0.04128773288571376,650,"On second thought, DON'T tell me about your mother."
3443,5464,4,19,109,132,1.2045454545454546,0.04128773288571376,650,The effect of the weight upon you is obvious.
4563,5464,9,9,114,132,1.2045454545454546,0.04778052942215806,650,"I can see that lately, you are under a lot of stress."
5373,5464,5,17,110,132,1.2045454545454546,0.04266541114118065,650,Sorry to keep you weight-ing.
6917,5464,0,27,105,132,1.2045454545454546,0.03524251981380332,650,"No, I don’t hace a license...but I guarantee that when you leave you here you will feel that a weight has been lifted off your chest."
3929,5464,4,19,109,132,1.2045454545454546,0.04128773288571376,650,I can see that you're very in touch with what burdens you.
1921,5464,6,15,111,132,1.2045454545454546,0.04399997419146873,650,It’s heavier than it looks.
7301,5472,4,20,113,137,1.2043795620437956,0.0403115365590776,650,"I know you wanted that weight off your shoulders, but this is the best I could do."""
6677,5472,4,20,113,137,1.2043795620437956,0.0403115365590776,650,I just feel like there is this weight I can't get rid of...
4002,5472,2,24,111,137,1.2043795620437956,0.03755443470273916,650,"I believe the court-ordered therapy is going  quite well, Mister Stone"
5507,5475,4,21,117,142,1.204225352112676,0.039397536179232404,650,Let's solve this before we move onto the weight of the world.
3084,5475,2,25,115,142,1.204225352112676,0.03677479592410859,650,"Since our last session, have you searched for the reason you feel a little bit older and deeper in debt?"
2803,5475,5,19,118,142,1.204225352112676,0.04064549148258601,650,Not what I meant when I asked you take the weight off your shoulders
1704,5475,4,21,117,142,1.204225352112676,0.039397536179232404,650,"Now you know that when your analyst tells you to lie down so we can begin, you lie down!"
6369,5479,3,24,120,147,1.2040816326530612,0.03731104416148252,650,You should be fine as long as you don’t carry it on your shoulders.
2193,5479,2,26,119,147,1.2040816326530612,0.036040616758104264,650,I know I'm your therapist but you're loading some heavy stuff on me.
5972,5479,3,24,120,147,1.2040816326530612,0.03731104416148252,650,Have you considered outer space?
6559,5482,4,23,125,152,1.2039473684210527,0.03773245114514628,650,How long before you think you'll see results from abs exercises?
5832,5482,8,15,129,152,1.2039473684210527,0.04209859109736994,650,I want to hear more about what YOU think you're feeling. Get detailed.
2020,5482,5,21,126,152,1.2039473684210527,0.03886999157655591,650,I know one thing that will lift it.
564,5482,3,25,124,152,1.2039473684210527,0.036559533553919624,650,Looks like you've got a lot on your chest today.
5945,5482,4,23,125,152,1.2039473684210527,0.03773245114514628,650,"finally, the weight of the world is off my shoulders."
6499,5487,5,23,134,162,1.2037037037037037,0.03729493828267094,650,Last week you said it felt like you were being weighed down by 1000 pounds. Do you see now why that was wrong?
6179,5488,3,28,136,167,1.2035928143712575,0.03454270310023845,650,"My phone's ringing,be a dear and get it for me would you?"
4127,5489,4,16,98,118,1.2033898305084745,0.04432003053970261,650,So you have it on your chest
1590,5490,4,17,102,123,1.2032520325203253,0.04313354160628968,650,"I’m happy to be out of that abusive relationship, but still feel like I’m under a crushing weight."
3523,5490,3,19,101,123,1.2032520325203253,0.04155986513665221,650,Wow! I am glad to get that off my chest
4647,5490,4,17,102,123,1.2032520325203253,0.04313354160628968,650,A new approach...cogweightive therapy
5898,5490,4,17,102,123,1.2032520325203253,0.04313354160628968,650,Well I think you're just going to give yourself a pre-existing condition.
6793,5490,4,17,102,123,1.2032520325203253,0.04313354160628968,650,How are you liking your new weighted blanket?
6187,5490,5,15,103,123,1.2032520325203253,0.04465179092518381,650,"Yes, yes, Arthur, you keep saying you can't move, but just believe in yourself and breathe. Come on, that's not deep enough; I can't see your chest moving."
5493,5496,4,18,106,128,1.203125,0.04203159988365334,650,But that's a ton of iron. I thought you said your life was weighed down by a ton of bricks.
5770,5496,3,20,105,128,1.203125,0.0405416315990925,650,Would you describe just how you're feeling weighed down?
4527,5496,6,14,108,128,1.203125,0.04486333002470405,650,"It's normal, John, to feel the crushing weight of your parents' expectations. Now, will you let them know I'm sending them the bill?"
1762,5496,3,20,105,128,1.203125,0.0405416315990925,650,Did you just scream something about your mother?
5975,5500,3,21,109,133,1.2030075187969924,0.03959149817518683,650,"So, when are you going to tell me about this weighty matter you’ve been concerned about?"
126,5500,3,21,109,133,1.2030075187969924,0.03959149817518683,650,"Well, if that's the case, maybe it's time to apologize to your mom for lying about brushing your teeth that night."
4777,5500,7,13,113,133,1.2030075187969924,0.044979677566283245,650,You have got to get rid of your imagined guilt.
3103,5500,2,23,108,133,1.2030075187969924,0.038125654895399194,650,"When I take it off, you'll regain your joie de vivre."
5941,5500,4,19,110,133,1.2030075187969924,0.04100497401911831,650,"Yeah, I know.  Heavy burden and all.  Fine, I have a pulley in the ceiling and some rope that ought to solve the problem."
3237,5500,4,19,110,133,1.2030075187969924,0.04100497401911831,650,You should feel better because the weight on your shoulders is now equally distributed.
2600,5500,0,27,106,133,1.2030075187969924,0.035010330305462495,650,Your problem is catastrophic thinking. You told me you felt like “ the weight of the world was on your shoulders”.  That’s clearly not the case.
4407,5507,5,18,115,138,1.2028985507246377,0.04134548201289941,650,I feel  like our sessions are taking a load off my shoulders.
5043,5507,4,20,114,138,1.2028985507246377,0.04004575333393034,650,"Might I suggest we try to identify the heavy feeling of dread, then we can figure out how to alleviate it and reduce the pressures."
7192,5507,5,18,115,138,1.2028985507246377,0.04134548201289941,650,"Your case is somewhat related to baryphobia, an unfounded fear of heavy weights."
3486,5507,7,14,117,138,1.2028985507246377,0.04382946415909028,650,By the end of this session we will decrease the burden you feel from 400lb. to only 181kg.
401,5507,3,22,113,138,1.2028985507246377,0.038702400924038254,650,I found this works better with introverts
2532,5507,3,22,113,138,1.2028985507246377,0.038702400924038254,650,"So, are the self help books I recommended helping?"
511,5513,3,23,117,143,1.2027972027972027,0.03786824260296677,650,It’s designed to counteract the weight on your shoulders.
2196,5513,3,23,117,143,1.2027972027972027,0.03786824260296677,650,Have no fear--it's just an old technique for overcoming a patient's silence.
1783,5513,7,15,121,143,1.2027972027972027,0.04275483625036223,650,Trust goes both ways . . . Just pay my bill!
5254,5513,3,23,117,143,1.2027972027972027,0.03786824260296677,650,"I think ""weight of  the world"" is a bit exaggerated."
6137,5513,3,23,117,143,1.2027972027972027,0.03786824260296677,650,Tell me about this weight on your chest.
1765,5513,5,19,119,143,1.2027972027972027,0.04038551609570216,650,"See you next week, Albert. Remember to leave the pyramid by the door."
3065,5513,3,23,117,143,1.2027972027972027,0.03786824260296677,650,"Actually Mr. Overburden, you do have the weight of the world on your chest."
2362,5513,4,21,118,143,1.2027972027972027,0.03914711808136945,650,It's important that you didn't wait any longer to get some help.
1516,5513,3,23,117,143,1.2027972027972027,0.03786824260296677,650,Is that close to the heaviness you feel when thinking about your boss?
1027,5522,6,18,124,148,1.2027027027027026,0.040632365212064064,650,"We had a perfectly nice elephant in the room, but then you had to go and . . . Oh, let's just not talk about it."
7082,5522,4,22,122,148,1.2027027027027026,0.038303156214757085,650,"In eight sessions, we’ll be able to flatten this feeling out."
3629,5524,5,21,127,153,1.2026143790849673,0.03863810411310346,650,You seem to have put on a few pounds. Let's discuss.
544,5524,4,23,126,153,1.2026143790849673,0.03750871601974025,650,Have you tried tapping?
2409,5524,4,23,126,153,1.2026143790849673,0.03750871601974025,650,I won't stop you from going out with the boys.
3450,5527,4,24,130,158,1.2025316455696202,0.036759286664489056,650,"Look on the bright side, at least it’s not on your shoulders."
6616,5527,3,26,129,158,1.2025316455696202,0.03564575011131952,650,"After weighing the pros and cons, I’ve decided to stay."
2015,5529,7,19,137,163,1.2024539877300613,0.03907542098968375,650,"Now that your relaxed and gotten the weight of your shoulders, tell me how your week has gone."
1444,5530,4,13,87,104,1.2019230769230769,0.04807692307692308,650,But WHY do you feel there’s a ton you need to get off your chest?
6058,5531,3,17,94,114,1.2017543859649122,0.04348543980269309,650,Blaming Acme doesn’t help.
2490,5532,4,16,99,119,1.2016806722689075,0.04397923907920871,650,Tell me again why you didn't like the brussels sprouts.
2493,5532,3,18,98,119,1.2016806722689075,0.042328992625491904,650,"Harold, I need you to weigh in if we're going to make any progress on your anxiety."
5576,5532,0,24,95,119,1.2016806722689075,0.03693851725228281,650,Let's see if talking about takes a weig--is a relief.
6243,5532,4,16,99,119,1.2016806722689075,0.04397923907920871,650,Maybe you should look forward to retirement.
3615,5532,4,16,99,119,1.2016806722689075,0.04397923907920871,650,"Sometimes, we just think the old ways are best."
2568,5532,2,20,97,119,1.2016806722689075,0.04061174415599134,650,At least you don’t feel the weight of the world on you.
882,5538,4,17,103,124,1.2016129032258065,0.042815663640008654,650,I hope this mattress is firm enough.
6481,5538,4,17,103,124,1.2016129032258065,0.042815663640008654,650,"How long have you been considering an ""exit strategy?"""
253,5538,1,23,100,124,1.2016129032258065,0.03794456512136961,650,There might have been a misunderstanding when I told you that weighted blankets help reduce anxiety and insomnia.
7471,5541,7,12,110,129,1.2015503875968991,0.04588155271996788,650,My mother couldn't make it to today's appointment.
3369,5541,7,12,110,129,1.2015503875968991,0.04588155271996788,650,I prefer the shade
3158,5541,3,20,106,129,1.2015503875968991,0.04025693425938176,650,"Much better than having the weight of the world on your shoulders, eh, Ralph?"
1833,5541,3,20,106,129,1.2015503875968991,0.04025693425938176,650,We are out of weighted blankets.
485,5541,4,18,107,129,1.2015503875968991,0.04173421602201168,650,What I'm hearing is that you struggle with motivation.
6307,5541,4,18,107,129,1.2015503875968991,0.04173421602201168,650,"So, tell me about the weight you carry around."
3737,5541,3,20,106,129,1.2015503875968991,0.04025693425938176,650,"Harriet , there has got to be a better way of keeping my clothes wrinkle free!"
6019,5548,3,21,110,134,1.2014925373134329,0.03932412201634623,650,I don't know why you always think the weight of the world is upon you.
4287,5548,5,17,112,134,1.2014925373134329,0.042081210458167456,650,"Glad I got it off my back, FINALLY!"
3971,5548,3,21,110,134,1.2014925373134329,0.03932412201634623,650,At least you know why you feel this way.
3475,5548,4,19,111,134,1.2014925373134329,0.04072600426006134,650,It's part of my fee.
1502,5548,3,21,110,134,1.2014925373134329,0.03932412201634623,650,Last time you said there is nothing you want to get off your chest...
568,5548,3,21,110,134,1.2014925373134329,0.03932412201634623,650,"Not to be cliche, but I sense that you're carrying a huge weight on your chest."
7485,5548,1,25,108,134,1.2014925373134329,0.03635855980492614,650,You put the load right on me.
4316,5548,6,15,113,134,1.2014925373134329,0.043394113935632216,650,This is beyond my pay grade
2225,5556,4,20,115,139,1.2014388489208634,0.03978339868432061,650,I guess you won’t be going out with the boys tonight.
5301,5556,3,22,114,139,1.2014388489208634,0.03845067484869792,650,"Susan: ""What is on your mind Gerry?""

Gerry: ""A Ton."""
4861,5556,2,24,113,139,1.2014388489208634,0.03707006854276073,650,I told you to start with lighter ones.
5285,5559,2,25,117,144,1.2013888888888888,0.03631728692182273,650,I feel as if the entire Democratic Party is on top of me.
6528,5559,3,23,118,144,1.2013888888888888,0.03763071121420765,650,"Metaphorically speaking, explain how you are felling right now."
2078,5559,3,23,118,144,1.2013888888888888,0.03763071121420765,650,It's a common problem.
2715,5559,3,23,118,144,1.2013888888888888,0.03763071121420765,650,"Now that the pressure is applied elsewhere, tell me what is really on your mind."
6485,5559,4,21,119,144,1.2013888888888888,0.03889981392773224,650,Heavyweight problems require heavyweight answers.
3145,5564,5,20,124,149,1.2013422818791946,0.03924263240944736,650,"Yes, depression can feel like a heavy weight on your body."
5460,5564,3,24,122,149,1.2013422818791946,0.036859120381373706,650,So what makes you think you have Egyptian ancestry?
3806,5564,6,18,125,149,1.2013422818791946,0.04038166564160291,650,What can I say? I'm a heavy sleeper.
4612,5567,6,17,122,145,1.2,0.041058784136762644,650,Your somatic response to the news is not as uncommon as you might think.
4504,5567,7,14,119,140,1.2,0.04324931903651551,650,"Low carb, no carb, sugar free. Nothing works"
6404,5567,2,20,98,120,1.2,0.040306945554630866,650,Well of course ....we must fix this right away ! That couch cost a fortune !
4358,5567,4,21,120,145,1.2,0.03865556717425341,650,I never understood what the weight of the world really meant.
4327,5567,3,18,99,120,1.2,0.04200840252084029,650,I’ve got 99 problems and this weighs a ton.
4302,5567,5,15,105,125,1.2,0.043994134506405984,650,"Yes, I know I told you talking about your problems would feel like a great weight had been lifted, but you still have to wait til we get the crane in."
4271,5567,6,15,114,135,1.2,0.04309732901036361,650,I can only help you take the weight off your shoulders.
4077,5567,4,19,112,135,1.2,0.040450749421987744,650,How do you feel about that?
3839,5567,3,24,123,150,1.2,0.03663716527236559,650,And how does that compare to the weight of the world?
3759,5567,4,19,112,135,1.2,0.040450749421987744,650,The weight of the world has certainly grown heavier since we last met.
3309,5567,5,15,105,125,1.2,0.043994134506405984,650,I’m weighting.
4460,5567,4,22,124,150,1.2,0.03783870158723217,650,Lately I've been feeling like the weight of the world is on my shoulders.
4363,5567,5,18,117,140,1.2,0.04080384481007503,650,"The idea is that you can’t be compressed and depressed. I’ll see next week, right there."
4847,5567,2,22,106,130,1.2,0.03845557496999762,650,"Yes, of course I believe that with Cognitive Behavioral Therapy, we can end your feelings of dependence on gravity blankets, but let's agree not to expect instant, dramatic results."
4812,5567,5,18,117,140,1.2,0.04080384481007503,650,"Look, maybe the weight wasn't on here when you arrived, but that's not what is important."
6031,5567,1,23,101,125,1.2,0.037674325988790794,650,"Troy, you need to be honest, this is about more than your chest..."
2272,5567,6,13,106,125,1.2,0.045436946739765185,650,TO DO LIST.. TO DO LIST.. TO DO LIST
153,5567,3,19,103,125,1.2,0.04095631031768743,650,The problem's not the weight but the location of your mind.
7279,5567,5,16,109,130,1.2,0.04285572306476345,650,"Sam, I'm glad to see you got that weight off your shoulders ."
2456,5567,5,17,113,135,1.2,0.04179499310101612,650,How long have you had this heavy feeling in your chest?
4096,5567,2,24,114,140,1.2,0.03683244469931725,650,Can you say more about this weighted down feeling?
7544,5567,3,23,119,145,1.2,0.03739608847125848,650,It's the newest belly fat reduction method.
6432,5567,5,18,117,140,1.2,0.04080384481007503,650,It happened at the Highland Games. Do you think I should have competed in the Haggis Toss instead?
6276,5567,4,17,104,125,1.2,0.04250237185032414,650,"You’re experiencing an aweful lot of pressure, aren’t you, chum?"
5804,5567,2,27,126,155,1.2,0.03473521844013346,650,So you say you can’t sit still
5663,5567,3,16,91,110,1.2,0.0443656051737758,650,"No, I said therapy would help take it off your shoulders."
5650,5567,8,14,128,150,1.2,0.04230495446469016,650,That's not how I thought you would take a load off.
5478,5567,3,19,103,125,1.2,0.04095631031768743,650,And you thought you'd never be in a Monty Python sketch...
3032,5567,5,16,109,130,1.2,0.04285572306476345,650,Will you charge extra if I can't get up?
4823,5567,4,18,108,130,1.2,0.04144095094259825,650,...But is it fair that we should both have to live with whatever it is you're carrying around with you?
4763,5567,4,19,112,135,1.2,0.040450749421987744,650,So the unbearable wait is not on your shoulders then?
5828,5567,4,14,92,110,1.2,0.046207278580632616,650,Blah! Blah! Can we please talk about something other than you feel there is so much weight on you?
117,5567,4,14,92,110,1.2,0.046207278580632616,650,How long have you been feeling that people want to hurt you?
2759,5567,3,23,119,145,1.2,0.03739608847125848,650,I certainly see how your problems are weighing on you..
5684,5567,2,23,110,135,1.2,0.0376184328457919,650,That's not what I mean by Superego
2247,5567,3,24,123,150,1.2,0.03663716527236559,650,"So, this isn't stress and anxiety"
112,5567,4,19,112,135,1.2,0.040450749421987744,650,"George, your shirt will look nice, but what about the crease in your trousers?"
814,5567,4,19,112,135,1.2,0.040450749421987744,650,"We need to go to the root here, what was it like under your fathers thumb?"
1038,5567,2,21,102,125,1.2,0.03934955014703718,650,At what point did this weight come upon you?
1044,5567,1,26,113,140,1.2,0.035409801744848216,650,How does it make you feel when the bully throws his weight around?
1130,5567,6,18,126,150,1.2,0.04013400372543907,650,"With your help, I got that weight off of my shoulders."
1016,5567,2,23,110,135,1.2,0.0376184328457919,650,"Again with the moaning... I have burdens, too!"
1945,5567,4,16,100,120,1.2,0.04364357804719847,650,"Really, Mr. Hardcastle, when I promised that at the end of therapy you would feel relieved of a great weight you shouldn't have taken it figuratively."
2831,5567,3,21,111,135,1.2,0.03906027149530451,650,"That's how it felt when you were having your heart attack. OK, now I get it."
1997,5567,2,23,110,135,1.2,0.0376184328457919,650,The time when you know you need help!
2016,5567,5,18,117,140,1.2,0.04080384481007503,650,So how do you really feel about coming in second on American Ninja?
1580,5567,2,21,102,125,1.2,0.03934955014703718,650,Dr. Loren Fishman says number one reason for sports injuries is EGO
7180,5567,4,17,104,125,1.2,0.04250237185032414,650,I think you're getting a bit carried away with the heavy blanket fad.
1118,5615,7,18,136,161,1.1987577639751552,0.039227671752052315,650,"Perhaps I should have known, … it tolled for thee."
6538,5615,4,24,133,161,1.1987577639751552,0.03613711355972386,650,"Wait, I feel like there's a punchline here. Wait. It's on the tip of my tongue."
4561,5615,10,12,139,161,1.1987577639751552,0.04209191710703075,650,You don’t have a wight on your chest; you have an Italian cake box on your chest.
2937,5618,3,23,120,146,1.1986301369863013,0.03716432253524724,650,"I know our marriage is a burden, but we can make it work if we try."
2701,5618,3,23,120,146,1.1986301369863013,0.03716432253524724,650,you could be sending a message that the weight is more important than she is
2067,5618,6,17,123,146,1.1986301369863013,0.040799593176557146,650,Weighting  for you to straighten out
737,5618,4,21,121,146,1.1986301369863013,0.038414322599695114,650,Mr. Musk says it's the future of walking.
3876,5618,7,15,124,146,1.1986301369863013,0.041941389040685444,650,"When you told me on the phone you are living with a crushing weight, I thought you meant figuratively."
2834,5618,4,21,121,146,1.1986301369863013,0.038414322599695114,650,"My problems weigh me down on my INSIDE... so, you know, they’re WORSE..."
826,5624,4,20,117,141,1.198581560283688,0.03926871827107844,650,"Look... wanting to sympathize with others oppression is admirable, but no one asked for your participation."
5902,5624,6,16,119,141,1.198581560283688,0.04176920492229612,650,Did you mean that to be a heavy W-A-I-T or W-E-I-G-H-T
5159,5624,3,22,116,141,1.198581560283688,0.037956753181214165,650,"So, you're saying you feel like there's a giant weight on you?"""
4395,5624,2,24,115,141,1.198581560283688,0.0365977866744137,650,Is it possible you're exaggerating just a bit?
2274,5624,3,22,116,141,1.198581560283688,0.037956753181214165,650,"Alfred, you're just going to have to lose a little weight."
2259,5624,5,18,118,141,1.198581560283688,0.04053824561136123,650,I just feel like there's a giant weight on me all the time.
2363,5630,4,19,113,136,1.1985294117647058,0.04017913719192626,650,Are you as depressed as me?
2810,5630,3,21,112,136,1.1985294117647058,0.03879987891236252,650,"And besides Crossfit, your interests include...?"
2646,5630,4,19,113,136,1.1985294117647058,0.04017913719192626,650,Have you tried positive self-talk?
4117,5630,4,19,113,136,1.1985294117647058,0.04017913719192626,650,Have you ever heard of Zen?
4642,5630,3,21,112,136,1.1985294117647058,0.03879987891236252,650,I think one hour three times a week for about five years ought to do it.
1313,5630,4,19,113,136,1.1985294117647058,0.04017913719192626,650,It's a weight off my shoulders I can tell you.
937,5630,4,19,113,136,1.1985294117647058,0.04017913719192626,650,How long has the weight of the world been with you?
636,5630,5,17,114,136,1.1985294117647058,0.041512594804002205,650,They say the weighting is the hardest part.
4644,5630,2,23,111,136,1.1985294117647058,0.03736974901896393,650,Enjoying your free thirty-day trial dear?
6037,5630,5,17,114,136,1.1985294117647058,0.041512594804002205,650,"JUST THINK, IN A WEEK AFTER WE REMOVE IT, YOU'LL FEEL LIKE YOU'VE LOST A LOT OF WEIGHT!!"
6672,5630,1,25,110,136,1.1985294117647058,0.0358826654509767,650,It's not as if I don't appreciate your lighter moments.
3680,5630,6,15,115,136,1.1985294117647058,0.04280453234454161,650,Most of my patients usually feel it on their shoulders...
2811,5630,3,21,112,136,1.1985294117647058,0.03879987891236252,650,"Doctor, I feel as if something holding me back. Can you help me?"
4009,5630,2,23,111,136,1.1985294117647058,0.03736974901896393,650,Sorry dear!  You bought the wrong shade.
1466,5644,4,18,109,131,1.1984732824427482,0.0411517212360109,650,"You know, you're going to have to ease up on the whole Trump/Atlas complex. Things will work out in 2020."
6605,5644,4,18,109,131,1.1984732824427482,0.0411517212360109,650,"Unfortunately your so far in the dumps ,even my couch is depressed"
2426,5644,3,20,108,131,1.1984732824427482,0.039699173147435325,650,It seems you've got a ton weighing on you.
3516,5644,4,18,109,131,1.1984732824427482,0.0411517212360109,650,I'm glad we took the weight off your shoulders.
6829,5644,4,18,109,131,1.1984732824427482,0.0411517212360109,650,The weight is meant to simulate the pressure you will feel when I hand you my bill.
7061,5644,4,18,109,131,1.1984732824427482,0.0411517212360109,650,"I told you crossfit wouldn’t improve your sex life, but you had to show me, didn’t you?"
214,5644,4,18,109,131,1.1984732824427482,0.0411517212360109,650,I thought you realized that Flat Stanely was a fictional character last year
5231,5651,3,19,104,126,1.1984126984126984,0.040660953962280574,650,"I’ve heard of acupressure, but isn’t this a bit much?"
6798,5651,3,19,104,126,1.1984126984126984,0.040660953962280574,650,Our time is up now.  See you next week?
6962,5651,3,19,104,126,1.1984126984126984,0.040660953962280574,650,I see your guilt is weighing you down
378,5651,6,13,107,126,1.1984126984126984,0.04510283314909476,650,Perhaps I should refer you to a colleague of mine who runs a Weight Watchers program.
3287,5651,3,19,104,126,1.1984126984126984,0.040660953962280574,650,"So Steve, would you tell me a little more about this, uh, weight you've been dealing with recently?"
1114,5656,3,18,100,121,1.1983471074380165,0.04169255621695682,650,It's called visual metaphor therapy - this one's really a catch all for whatever's making you depressed.
5144,5656,2,20,99,121,1.1983471074380165,0.04000660191858525,650,There is no cure for your condition.
3242,5656,5,14,102,121,1.1983471074380165,0.044874840808274925,650,When will you hear back about the COPD commercial?
7098,5656,3,18,100,121,1.1983471074380165,0.04169255621695682,650,"Would you say that though it lies heavy on your chest, nevertheless your mind remains unperturbed?"
6484,5660,2,19,95,116,1.1982758620689655,0.04101381561614739,650,That will keep your eyes from roving.
5672,5661,3,26,133,162,1.1975308641975309,0.03485101020875986,650,You'll never achieve true personal grown carrying all that baggage around.
7167,5661,8,16,138,162,1.1975308641975309,0.03997498083900371,650,Why do you feel you have to carry the weight of the world on your shoulders?
7160,5663,3,24,125,152,1.1973684210526316,0.036201040162359255,650,You've found your anchor in life.   Now let's talk about mine.
7253,5663,4,22,126,152,1.1973684210526316,0.03738520676119666,650,"No, Alan, it’s not just a case of the yips."
6170,5663,4,22,126,152,1.1973684210526316,0.03738520676119666,650,Not sure why people are keep telling me to lose weight
5612,5666,3,23,121,147,1.1972789115646258,0.036935362751103165,650,They said you'd get this weight off my chest.
4938,5666,2,25,120,147,1.1972789115646258,0.03565155061761026,650,So is the weight on your shoulders heavier or lighter than this one?
1207,5666,2,25,120,147,1.1972789115646258,0.03565155061761026,650,You seem to be weighing everything you say.
4422,5666,7,15,125,147,1.1972789115646258,0.04167700639462714,650,It’s been four hours.  Call the doctor.
6918,5666,2,25,120,147,1.1972789115646258,0.03565155061761026,650,Exercise is great for depression. Have you considered weight-lifting?
1223,5666,6,17,124,147,1.1972789115646258,0.04054361727698009,650,"Well, why don’t you take your super ego and get off that couch?"
1095,5666,4,21,122,147,1.1972789115646258,0.03817602626873484,650,I’ts an old fashioned remedy to iron out your problens
6329,5666,4,21,122,147,1.1972789115646258,0.03817602626873484,650,Jeff Panini contemplates his next invention.
2936,5666,6,17,124,147,1.1972789115646258,0.04054361727698009,650,An enormous weight has been lifted from your shoulders? That sounds like great news!
7353,5675,5,18,119,142,1.1971830985915493,0.040276038617972326,650,"Happy Wife , Happy Life"
5094,5675,5,18,119,142,1.1971830985915493,0.040276038617972326,650,"I don't want you to feel under an obligation to be nice to my parents, but on the other hand..."
4696,5675,6,16,120,142,1.1971830985915493,0.04149758315400362,650,OK and I literally think talking about it might help.
3741,5675,3,22,117,142,1.1971830985915493,0.037714440802195465,650,"It's easier on the back if you raise your knees."""
494,5675,3,22,117,142,1.1971830985915493,0.037714440802195465,650,It's how I guarantee results when you walk out of here.
145,5675,4,20,118,142,1.1971830985915493,0.03901626796464972,650,"Can you elaborate on being ""squished like a bug?"""
4458,5675,4,20,118,142,1.1971830985915493,0.03901626796464972,650,So what did you do?
892,5675,2,24,116,142,1.1971830985915493,0.03636604080945931,650,"I thought we were making progress, but maybe it was better when it was on your shoulders"
453,5683,5,17,115,137,1.197080291970803,0.04123394083275054,650,How long have you believed your were a cow?
3725,5683,6,15,116,137,1.197080291970803,0.042515645162158215,650,"Tell me, Bob. Were you circumcised?"""
4239,5683,4,19,114,137,1.197080291970803,0.03991109707390912,650,Do you really want me to find a job?
5661,5683,5,17,115,137,1.197080291970803,0.04123394083275054,650,"And, how did that make you feel?""
""Can I be honest?  I was a little crushed."
7232,5683,3,21,113,137,1.197080291970803,0.03854287823563807,650,So you're a prop comic.
7585,5683,4,19,114,137,1.197080291970803,0.03991109707390912,650,And then she said how could you wear that....are you listening to me?
1716,5683,3,21,113,137,1.197080291970803,0.03854287823563807,650,Not sure if I have it in me to take all of the pressure off your chest.
3612,5683,4,19,114,137,1.197080291970803,0.03991109707390912,650,I'm not sure that strikes the right note of middle aged whimsy.
1177,5683,5,17,115,137,1.197080291970803,0.04123394083275054,650,"No, I can't help you. It's just a figure of speech. Now, if you'll excuse me, I have some heads to shrink."
6558,5683,4,19,114,137,1.197080291970803,0.03991109707390912,650,"I  told you your ego was going to be the death of you, Donald."
1442,5693,4,18,110,132,1.196969696969697,0.04086644567456208,650,"''I had no idea she would throw some shade literally."""
65,5693,3,20,109,132,1.196969696969697,0.03942595542365462,650,Well dieting isn't going to help you this time!
1645,5693,1,24,107,132,1.196969696969697,0.03637423702375262,650,"Listen, these strongmen competitions only reproduce your unrealistic comparisons to others."
2876,5693,4,18,110,132,1.196969696969697,0.04086644567456208,650,Somatic Experiencing is a lot like trauma itself.
4894,5693,3,20,109,132,1.196969696969697,0.03942595542365462,650,Weight loss is easier this way than by diet or exercise.
5279,5693,5,16,111,132,1.196969696969697,0.04225786084358585,650,Enough with talking about your childhood.This will help straighten you out instead.
7189,5693,4,18,110,132,1.196969696969697,0.04086644567456208,650,Your nuts!
825,5693,3,20,109,132,1.196969696969697,0.03942595542365462,650,It seems like you have a lot weighing on you...
664,5701,5,15,107,127,1.1968503937007875,0.04335534914004428,650,That sort of baggage isn't carry on
3156,5701,4,17,106,127,1.1968503937007875,0.0418891623466292,650,"So, you're feeling like the weight of the world is keeping you depressed, is that an accurate statement?"
4818,5701,4,17,106,127,1.1968503937007875,0.0418891623466292,650,Ok! So now let's go back to the beginning of  our conversation to where we had begun talking about our relationship and you just started drifting off.
7121,5701,3,19,105,127,1.1968503937007875,0.04036976028104919,650,"I may nag, but you always make a mountain out of a molehill."
1382,5701,5,15,107,127,1.1968503937007875,0.04335534914004428,650,"In this type of therapy, the weighting is the hardest part . . ."
3694,5706,5,14,103,122,1.1967213114754098,0.04453517972424422,650,This is like you're  'the check is in the mail' routine:  the weight on your chest is equally non-existent .
39,5706,6,12,104,122,1.1967213114754098,0.046031133268198215,650,"Woah there Doc, this is getting a little heavy."
4103,5706,3,18,101,122,1.1967213114754098,0.04138135134698903,650,You appear to be weighed down by your problems
1880,5709,7,9,101,117,1.1965811965811965,0.04891892918567,650,"Sorry, I only deal with the weight of conscious, not conscious weight."
3460,5709,2,19,96,117,1.1965811965811965,0.04069705826019773,650,Last week you said that coffee with your ex had lifted this huge weight off of you. I see this is no longer the case.
1402,5711,3,27,138,168,1.1964285714285714,0.03404458801146792,650,You always complain about weighty problems
800,5712,3,15,89,107,1.1962616822429906,0.044912682652352945,650,I've never felt this way about anyone before.
4070,5713,5,21,132,158,1.1962025316455696,0.03751842328436623,650,'You'll have to join my weight list first.'
6431,5713,4,23,131,158,1.1962025316455696,0.03642809946540482,650,Well you said you wanted to get all that weight off your shoulders.
489,5715,8,14,131,153,1.196078431372549,0.04153366132631731,650,If you don't leave I'm going to continue to charge you
4039,5715,4,22,127,153,1.196078431372549,0.03716245114557449,650,"Perseverance, fortitude, and tolerance. These are the inner strengths of which you must give more attention."
7346,5715,6,18,129,153,1.196078431372549,0.039408709686542885,650,"Doctor, recently I've felt like there's been a great weight on me"
3313,5715,4,22,127,153,1.196078431372549,0.03716245114557449,650,I decided it was time to shift all that weight you complain about off your shoulders.
951,5719,3,22,118,143,1.1958041958041958,0.03747515183027524,650,I find it hard to believe you've gotten everything off your chest.
6508,5719,5,18,120,143,1.1958041958041958,0.04001716028382389,650,This seems counter-productive.
583,5719,4,20,119,143,1.1958041958041958,0.03876699705860279,650,So the Kojak jokes started at age four. Go on.
2782,5719,4,20,119,143,1.1958041958041958,0.03876699705860279,650,Do you really think this will flatten my beer belly?
2194,5719,3,22,118,143,1.1958041958041958,0.03747515183027524,650,I see you've been working on getting rid of the weight on your shoulders!
4178,5719,4,20,119,143,1.1958041958041958,0.03876699705860279,650,So let's talk about those feelings of depression.....
1420,5725,4,19,115,138,1.1956521739130435,0.03964656033431293,650,And how long have you felt burdened by this one-ton weight?
2135,5725,4,19,115,138,1.1956521739130435,0.03964656033431293,650,"First, stop making such weighty decisions."
5055,5725,8,11,119,138,1.1956521739130435,0.04466537627212266,650,It used to be so easy living here with you. You were light and breezy and I knew just what to do.
6968,5725,3,21,114,138,1.1956521739130435,0.038289205052407654,650,Heavy-Weight Champion of the World
601,5725,6,15,117,138,1.1956521739130435,0.04223059071261384,650,You are my second husband that was dead weight.
4438,5725,2,23,113,138,1.1956521739130435,0.036881929189622444,650,"Deeeeep breaths, Jim!  Those steel tariffs will work soon."
6898,5725,3,21,114,138,1.1956521739130435,0.038289205052407654,650,"It's finally time, Frank, to share in this household's financial burden."
3322,5732,6,14,113,133,1.1954887218045114,0.04330113419341102,650,The weight room is down the hall.
2694,5732,3,20,110,133,1.1954887218045114,0.03915641355866945,650,"Our first step is to lay down and take the weight off."""
3148,5732,1,24,108,133,1.1954887218045114,0.03613007597102533,650,"I’m sorry, I just can’t seem to pick you up."
526,5732,7,12,114,133,1.1954887218045114,0.04459719037101479,650,Now now. sir. You did say you wanted to treat all your pressure points.
7006,5732,5,16,112,133,1.1954887218045114,0.04196506947311113,650,"I understand  you’re weighed down by the problems of the world, but what’s really your problem?"
5509,5732,4,18,111,133,1.1954887218045114,0.04058504514387409,650,Well that takes a load off me
3880,5732,7,12,114,133,1.1954887218045114,0.04459719037101479,650,Nigel's obsession with Monty Python left him flat and listless.
1826,5732,2,22,109,133,1.1954887218045114,0.03767364538009041,650,"I know I suggested getting a weighted blanket, but this isn’t what I had in mind."
5181,5732,5,16,112,133,1.1954887218045114,0.04196506947311113,650,It's only two more years.....
7035,5732,3,20,110,133,1.1954887218045114,0.03915641355866945,650,"So, you feel the wait for the 2020 election is the root of your depression?"
1275,5732,3,20,110,133,1.1954887218045114,0.03915641355866945,650,.. And does the carbon footprint add to your burden of guilt?
218,5743,5,15,108,128,1.1953125,0.043042784734114534,650,Seems like your underweight.
5151,5743,5,15,108,128,1.1953125,0.043042784734114534,650,Have you asked yourself “what if it was the weight of the world?”
5391,5745,5,14,104,123,1.1951219512195121,0.044200566384244126,650,Of course you can bear the wait.
2926,5745,4,16,103,123,1.1951219512195121,0.042666263573966356,650,Imagine you are a mummy under Cheops pyramide
6027,5745,2,20,101,123,1.1951219512195121,0.039418904154143626,650,So you say you’re feeling a lot of pressure?
1608,5745,4,16,103,123,1.1951219512195121,0.042666263573966356,650,So tell me more about the weight you say you can’t get off your chest
6047,5749,5,21,133,159,1.1949685534591195,0.03730212760604782,650,"So, Sisyphus, the new therapy approach hasn't seemed to improve the situation, if I understand what you're saying?"
4746,5749,4,23,132,159,1.1949685534591195,0.03621929358833309,650,Take a deep breath in - if you can.
3840,5749,3,25,131,159,1.1949685534591195,0.035103072972858924,650,sometimes I feel like I have the weight of the world on my shoulders.
1702,5749,6,19,134,159,1.1949685534591195,0.03835440287421879,650,Would you prefer if I took the weight off your shoulders?
4576,5753,6,11,101,118,1.194915254237288,0.04701501970930293,650,"No, Harold, I said wait on your impulses"
2116,5754,2,26,126,154,1.1948051948051948,0.03456831418314911,650,So...your solution is to carry the weight on your shoulders?
272,5754,4,22,128,154,1.1948051948051948,0.03694229582892943,650,"Explain to me again what inspired you to get a bellybutton ring on your Egypt trip.”

Drew Arrison, Detroit, M.I"
1386,5754,5,20,129,154,1.1948051948051948,0.03807381854944091,650,"The Band, the Beatles—they’re just songs, Larry."
7351,5754,6,18,130,154,1.1948051948051948,0.03917267027864408,650,Trust me.  You don't want to see my fishing pole.
6286,5758,4,14,95,113,1.1946902654867257,0.045077554815128755,650,"Now, Mr. Cohen, tell me about this job you used to have....."
265,5758,0,22,91,113,1.1946902654867257,0.037414899392229556,650,Just breathe and think positive
7394,5760,3,23,123,149,1.1946308724832215,0.036485664746534203,650,You say your work is weighing you down? Let’s work on some concrete skills to get out from under it.
4010,5760,4,21,124,149,1.1946308724832215,0.03770806881243978,650,Let’s focus on the weight off your shoulders
4110,5762,3,22,119,144,1.1944444444444444,0.03723883125713291,650,I suggest you lose a weight.
3684,5762,4,20,120,144,1.1944444444444444,0.03852084696008535,650,Unfortunately I still have to charge you for laying on the couch until we sort this out.
1678,5762,4,20,120,144,1.1944444444444444,0.03852084696008535,650,It was less expensive than a weighted blanket.
1199,5762,2,24,118,144,1.1944444444444444,0.03591107706922925,650,Now...about my fee!
620,5762,6,16,122,144,1.1944444444444444,0.040964690219413485,650,Now let out a deep breath and your worries soon will be over.
5652,5762,4,20,120,144,1.1944444444444444,0.03852084696008535,650,"The weight isn't the problem, it's the lengths you went to putting it there."
5411,5762,5,18,121,144,1.1944444444444444,0.03976154860725892,650,"please explain again, how does this weigh you down?"
5142,5762,3,22,119,144,1.1944444444444444,0.03723883125713291,650,I told you that couch didn't look comfortable.
4493,5762,5,18,121,144,1.1944444444444444,0.03976154860725892,650,I've got a lot of pressure in my life Doc.
3836,5762,3,15,90,108,1.1944444444444444,0.04453197507374984,650,Well this is an interesting way to honor your new year's resolution to get underweight.
3905,5762,3,22,119,144,1.1944444444444444,0.03723883125713291,650,"Do you feel like the weight of the world is on you? That there is something you need to get off your chest? That you have been under a lot of pressure lately? Well, maybe you should talk to a therapist."
674,5773,0,27,112,139,1.1942446043165467,0.03367724450095657,650,Maybe now that you know what it actually feels like to have a 1000lb weight on your chest you won't be so quick to complain.
2461,5773,4,19,116,139,1.1942446043165467,0.03938545994905301,650,"Mr Smith, think creatively, you’re too concrete."
354,5773,4,19,116,139,1.1942446043165467,0.03938545994905301,650,It used to feel like I was married to the old ball and chain.
3787,5773,3,21,115,139,1.1942446043165467,0.038038796522013495,650,Will you please just get the liposuction
4734,5773,3,21,115,139,1.1942446043165467,0.038038796522013495,650,Tell me more about this heavy weight you are feeling?
5496,5773,5,17,117,139,1.1942446043165467,0.04068757635880725,650,"Now, isn't that a weight off your mind?"
6644,5773,2,23,114,139,1.1942446043165467,0.03664267493357757,650,They told you the treatment would last twenty minutes.  You'll just have to weight it out.
6863,5773,2,23,114,139,1.1942446043165467,0.03664267493357757,650,"To improve your self-image , you might try losing a few pounds."
3260,5773,2,23,114,139,1.1942446043165467,0.03664267493357757,650,"I suggested 
That 
You stop reading the news!"
2257,5773,3,21,115,139,1.1942446043165467,0.038038796522013495,650,"If you want a huge weight lifted off your shoulders, you've come to the wrong place."
1488,5773,6,15,118,139,1.1942446043165467,0.041949294207520145,650,"Our couples therapy is going well, don't you think?"
1668,5773,3,21,115,139,1.1942446043165467,0.038038796522013495,650,On a scale of 1-5000 how much weight would you put on your mother’s inadequate nurturing?
537,5773,3,21,115,139,1.1942446043165467,0.038038796522013495,650,How does that make you feel when your mother says that?
3310,5773,5,17,117,139,1.1942446043165467,0.04068757635880725,650,I told my psychiatrist I needed a weight off my shoulders.
4116,5773,3,21,115,139,1.1942446043165467,0.038038796522013495,650,"That’s what happens when you disagree with your wife.  A massive stone falls on top of you and renders you immobile. 

I don’t know what else to tell you? You’ll have to work this out with her I think."
5491,5788,5,16,113,134,1.1940298507462686,0.04167626156127722,650,I agree we're making progress.  This is much less than the weight of the world.
1325,5788,3,20,111,134,1.1940298507462686,0.03889047539508739,650,"Remember to ""Breathe"" ever so slowly..."
1028,5788,5,16,113,134,1.1940298507462686,0.04167626156127722,650,"Well, that's a weight off my mind."
3702,5791,1,23,105,129,1.193798449612403,0.036629957696581,650,"Next week we'll work on your overusage of the verb ""slay."""
2634,5791,3,19,107,129,1.193798449612403,0.039799520887428,650,"You're not obligated to be analyzed, but the judge said it might lighten your sentence."
2242,5791,4,17,108,129,1.193798449612403,0.041293170063299446,650,"My trainer said I shouldn't go any higher than a 12lb kettlebell.
Just saying........"
1280,5791,3,19,107,129,1.193798449612403,0.039799520887428,650,"So, other than Trump. Derangment Symdrone, anything else weighing you down?"
4049,5791,2,21,106,129,1.193798449612403,0.03824758596122199,650,"Trust me. If you take yor meds as I have prescribed them, you will feel as though a heavy weight has been lifted  from you."
7506,5791,4,17,108,129,1.193798449612403,0.041293170063299446,650,"You say you feel like the weight of the whole world is on you. Oh, you always exaggerate."
7483,5791,4,17,108,129,1.193798449612403,0.041293170063299446,650,Now I suppose you are going to say you are too tired  to get up.
3688,5798,2,26,127,155,1.1935483870967742,0.03436755686236305,650,"Now, with two hands."
4263,5798,4,22,129,155,1.1935483870967742,0.036724696401883375,650,What Have You Done With Dr. Millmoss?
4208,5798,3,24,128,155,1.1935483870967742,0.03556565963466911,650,"You think our problems are weighing you down, but it's all in your mind."
5120,5801,4,21,125,150,1.1933333333333334,0.037478305929719805,650,Next time use a dumbbell
4356,5801,4,21,125,150,1.1933333333333334,0.037478305929719805,650,"Sorry honey, but I've been flat out all day."
5245,5801,3,23,124,150,1.1933333333333334,0.03626483085233813,650,I said the session is over. Please get up and leave my office. I have another client waiting.
2552,5804,7,9,103,119,1.1932773109243697,0.04814950682023363,650,"I TOLD YOU, HENRY, YOU ARE SUPPOSED TO CARRY THE WEIGHT OF THE WORLD'S TROUBLES ON YOUR SHOULDERS!"
3031,5804,3,17,99,119,1.1932773109243697,0.04181692951237239,650,It feels like a huge weight has been lifted off my shoulders.
5475,5804,5,13,101,119,1.1932773109243697,0.04509451519239588,650,$150 an hour feels better after a weighty discussion.
4147,5804,3,17,99,119,1.1932773109243697,0.04181692951237239,650,Why you start by taking a load off
116,5804,3,17,99,119,1.1932773109243697,0.04181692951237239,650,So you feel theses things weigh you down
3180,5809,4,20,121,145,1.193103448275862,0.038277760472061405,650,And when did this obsession with Miley Cyrus begin?
6826,5809,7,14,124,145,1.193103448275862,0.04186338816430876,650,Maybe because you do have a heavy weight pressing down on you.
3675,5811,4,14,96,114,1.1929824561403508,0.04471301471151162,650,Doctor I really appreciate you got “the” weight off my shoulders... but could you get it off my chest quicker.
4055,5812,7,13,120,140,1.1928571428571428,0.04288710840043335,650,I think I'm ready to go back to the Senate now.
47,5812,4,19,117,140,1.1928571428571428,0.03912773055256461,650,Weight it out.
1043,5812,5,17,118,140,1.1928571428571428,0.040419725643711456,650,Any issues beside weight loss?
2417,5812,5,17,118,140,1.1928571428571428,0.040419725643711456,650,So how does it make you not feel?
6146,5812,5,17,118,140,1.1928571428571428,0.040419725643711456,650,I think you’ve been putting on some weight.
5316,5812,2,23,115,140,1.1928571428571428,0.03640644795028049,650,Are you ready to weigh in on your relationship?.
3742,5812,4,19,117,140,1.1928571428571428,0.03912773055256461,650,"Tut tut Mister Jones, it's all in your head!"
3335,5812,1,25,114,140,1.1928571428571428,0.03496647722373065,650,"Well, Larry, you don’t seem to be succeeding in losing the extra weight."
1173,5820,1,19,89,109,1.1926605504587156,0.0401260844561969,650,I din’t Know why but I feel like I’ve got the weight of the world on my shoulders.
7325,5821,2,22,111,135,1.1925925925925926,0.03716947024994888,650,"It's called ""prop drama."" And it doesn't work with me."
1625,5821,6,14,115,135,1.1925925925925926,0.042706004223247204,650,"I really can't say."""
3564,5821,3,20,112,135,1.1925925925925926,0.0386280705986641,650,Now that you can feel the weight of your problems they shouldn't seem so bad.
461,5821,2,22,111,135,1.1925925925925926,0.03716947024994888,650,We're going to be working together for a few years!
6654,5825,4,23,134,161,1.1925465838509317,0.0358086789315852,650,Is there something weighing on you honey?
4977,5826,5,15,110,130,1.1923076923076923,0.04243083936873441,650,Do you feel better with that weight off your shoulders?
6715,5826,3,19,108,130,1.1923076923076923,0.039520310737412155,650,"In my experience, levitation can be successfully managed."
5855,5826,4,17,109,130,1.1923076923076923,0.0410014090630856,650,I think you’re being a bit two- dimensional about things.
6875,5826,4,22,130,156,1.1923076923076923,0.03650960943492191,650,It provides a psychological uplift
2224,5830,5,19,127,151,1.1920529801324504,0.03841820736036572,650,Everyone in the room could tell that something big was weighing on Harold today.
5453,5830,3,23,125,151,1.1920529801324504,0.0360466117032233,650,"I dunno about you, but I feel our work is done here."
263,5830,3,23,125,151,1.1920529801324504,0.0360466117032233,650,"I'm sorry, Mr. Cooke, I am not equipped to help you with weight loss."
1988,5833,2,20,103,125,1.192,0.03884792517397268,650,"Yes Doc, It really is a weight off my shoulders.”"
7484,5833,2,20,103,125,1.192,0.03884792517397268,650,Wait?  For what?
1976,5833,5,14,106,125,1.192,0.043546045337276365,650,Put the weight right on me.
2502,5836,5,23,144,172,1.191860465116279,0.0353089589815228,650,I thought this was a safe zone.
1101,5837,1,26,119,146,1.1917808219178083,0.03410931396709242,650,Something’s weighing heavily on me.
4987,5837,6,16,124,146,1.1917808219178083,0.040445170981879774,650,Hmm de hmm...Take load off Fanny...hmm de hmm...
1424,5837,4,20,122,146,1.1917808219178083,0.03803768175341878,650,The good news is you no longer have the weight of the world on your shoulders
5984,5837,5,18,123,146,1.1917808219178083,0.03925988467206608,650,"It's your own dam fault for being a repeat sex offender, Deter."
2167,5837,4,20,122,146,1.1917808219178083,0.03803768175341878,650,I don't think you can blame your parents for your failure to accomplish anything.
2564,5837,3,22,121,146,1.1917808219178083,0.0367748816705752,650,"Yeah, I see the problem now, what you have is a literal weight..."
1182,5843,4,15,101,120,1.1916666666666667,0.04315276968259602,650,"It's like there's something weighing down on me, but I can't figure out what."
3720,5844,4,24,139,167,1.1916167664670658,0.034952978128845215,650,"No, the weight of the world is NOT on your shoulders. That looks like your stomach from here."
2304,5845,4,19,118,141,1.1914893617021276,0.038873308388507555,650,"That's not what I meant when I said, ""lie in wait ""."
2661,5845,6,15,120,141,1.1914893617021276,0.04139768532485178,650,You need to literally this get weight off your chest before we can proceed further.
3632,5845,5,17,119,141,1.1914893617021276,0.0401553387193002,650,Welcome to Klegon/Smythson Intervention  RealityTherapy...Within six sessions you will feel the weight of the world lifted. I guarantee it.
3372,5848,5,12,98,115,1.191304347826087,0.04604188749503791,650,My wife says I’ve been moody lately...I don’t see it.
7370,5849,2,22,112,136,1.1911764705882353,0.03692232009759421,650,"I know you have a ""ton"" on your chest but I have problems too. Maybe you should listen to me for once instead of only thinking of yourself for once."
6312,5849,3,20,113,136,1.1911764705882353,0.03836913060342712,650,Spending today complaining about yesterday won't make tomorrow any better.
5738,5849,7,12,117,136,1.1911764705882353,0.04367974394106954,650,Dr.  I feel like I have a large weight on me.
1911,5849,4,18,114,136,1.1911764705882353,0.03976333292288872,650,"That's heavy, Doc."
4603,5849,2,22,112,136,1.1911764705882353,0.03692232009759421,650,Learn to code.
3625,5849,3,20,113,136,1.1911764705882353,0.03836913060342712,650,"You're in great shape,
some people have the weight of the world on their chest"
3457,5849,4,18,114,136,1.1911764705882353,0.03976333292288872,650,"Actually, our mailer guaranteed that when you LEAVE here you'll feel as if a great weight has been lifted off of your chest."
2565,5849,4,18,114,136,1.1911764705882353,0.03976333292288872,650,I’m afraid literal weight won’t just replace the figurative weight.
5303,5849,1,24,111,136,1.1911764705882353,0.035416454643506755,650,Every problem seems more weighty if you use short tons.
6277,5858,4,22,131,157,1.1910828025477707,0.03629699245249046,650,dunno if I’m oppressed or impressed
2204,5858,6,18,133,157,1.1910828025477707,0.0384810381324668,650,"I am so fed up, day in and day out, having to listen to everyone whine about having the weight of the world on them!"
4736,5858,6,18,133,157,1.1910828025477707,0.0384810381324668,650,"This is what I call ""literal"" therapy."
2770,5858,3,24,130,157,1.1910828025477707,0.03515412271367389,650,I feel so pressed to marry her.....
4985,5858,4,22,131,157,1.1910828025477707,0.03629699245249046,650,"That's really heavy, Doc."
1920,5863,4,17,110,131,1.1908396946564885,0.04071369150638141,650,"Once you resolve your childhood issues, you’ll feel a whole weight lift off you."
1070,5863,4,17,110,131,1.1908396946564885,0.04071369150638141,650,"I'm suppose to believe that?"""
4607,5863,4,17,110,131,1.1908396946564885,0.04071369150638141,650,"Don't complain.  It only cost $10.00 from Amazon.  Shipping was free!"""
2449,5863,2,21,108,131,1.1908396946564885,0.037719027716580825,650,"It's going to stay there until you tell me what you did with my credit card !"""
4513,5863,3,19,109,131,1.1908396946564885,0.03924493424609721,650,I thought we agreed to compartmentalize.
7108,5863,2,21,108,131,1.1908396946564885,0.037719027716580825,650,I still think this pressure in my chest is more than just my imagination.
6866,5863,4,17,110,131,1.1908396946564885,0.04071369150638141,650,At least I got it off my shoulders.
2279,5863,2,21,108,131,1.1908396946564885,0.037719027716580825,650,This isn't exactly the kind of weighted blanket I had in mind.
2633,5871,3,23,126,152,1.1907894736842106,0.03583096210270602,650,"...and if you ever call me that again, next time we'll try it vertically."
5937,5871,7,15,130,152,1.1907894736842106,0.040403110624904356,650,I just think it's an old-fashioned way to get rid of a cyst.
2624,5873,1,22,103,126,1.1904761904761905,0.036885555678165864,650,It appears that the weight of your existence has become real!
3490,5873,5,14,107,126,1.1904761904761905,0.04322592654441987,650,Tell me what you really think of my haircut and get it off your chest.
7054,5873,4,16,106,126,1.1904761904761905,0.04173124247658407,650,You look like you have the weight of the world on your shoulders.
7231,5873,2,24,121,147,1.1904761904761905,0.03524920048560024,650,"My holistic practice treats acute depression as a ""brain sprain"" --with this Compression Therapy"
5883,5873,4,20,123,147,1.1904761904761905,0.03780055628036639,650,"First of all, do not pay attention to the number on the scale.  Iron weighs more than fat."
4728,5873,6,16,125,147,1.1904761904761905,0.040190272148074004,650,This will keep you from chasing other women!!
2561,5873,1,26,120,147,1.1904761904761905,0.03390159546036864,650,"The counter-part of this must be, ‘Heavy is the head that wears the crown.’"
3584,5873,3,18,105,126,1.1904761904761905,0.040180996399483776,650,Don't look at me...I told you to go with the Keto diet.
4270,5881,3,21,118,142,1.1901408450704225,0.03730655307532889,650,Any chance your emotional baggage could come in the form of dumbbells? It's my New Year's Resolution to work out more.
3749,5881,3,21,118,142,1.1901408450704225,0.03730655307532889,650,"Yes, you were adopted, but we never wanted you to feel like a burden."
3122,5881,5,17,120,142,1.1901408450704225,0.039894349776583946,650,"As you weigh your options, think about what kind of impression you’re making."
599,5881,5,17,120,142,1.1901408450704225,0.039894349776583946,650,"I'm gonna need you to pay me, Frank."
3241,5885,0,23,98,121,1.1900826446280992,0.03581796951709283,650,This is a great way to get some weight of your chest
6963,5886,5,16,116,137,1.1897810218978102,0.04083295295137394,650,"Mr Smith,  You must find another approach to removing your belly fat."
4800,5886,4,18,115,137,1.1897810218978102,0.0394966813767099,650,I guess my marriage is not that oppressive.
4390,5886,3,20,114,137,1.1897810218978102,0.038113588558643594,650,I just want to rule out the witch diagnosis now.
1279,5886,4,18,115,137,1.1897810218978102,0.0394966813767099,650,I see you have a giant weight on your chest.
506,5890,2,18,96,116,1.1896551724137931,0.0404505975246002,650,"If you want to get this weight off your chest, you must be the first to speak."
3842,5891,4,21,128,153,1.1895424836601307,0.03680529426371062,650,"When you *actually* have the world pressing on you, the anxiety is barely noticeable!  You can pay my receptionist on the way out."
2411,5892,0,25,107,132,1.1893939393939394,0.034233579683922204,650,I  see that the weight of the world is all over you now.
4064,5892,1,23,108,132,1.1893939393939394,0.03588312136617136,650,"Jerry, the weightiness of your discussions is directly proportional to the load you always carry."
1658,5892,3,19,110,132,1.1893939393939394,0.03897331447269078,650,I feel like it really weighs me down
2695,5892,3,19,110,132,1.1893939393939394,0.03897331447269078,650,Where exactly did you see that ad for a weight loss program?
7141,5892,5,15,112,132,1.1893939393939394,0.041835870768935995,650,I am glad you are seeing the positive that  at least it's not on my shoulders.
1051,5892,4,17,111,132,1.1893939393939394,0.04042993522120931,650,Maybe it’s time to prescribe steroids with the Prozac.
4692,5892,6,13,113,132,1.1893939393939394,0.04319607046941939,650,Your weekly whining about the weight of the world wreaking havoc on your psyche is getting old. Let's try something new.
269,5892,3,19,110,132,1.1893939393939394,0.03897331447269078,650,Have you ever felt like you’re bearing the weight of the world?
5618,5892,3,19,110,132,1.1893939393939394,0.03897331447269078,650,"Jesus Christ Garry, when i said we were going to talk about the burden of your past I wasn't being that litteral..."
779,5892,3,19,110,132,1.1893939393939394,0.03897331447269078,650,"When I asked you to try to take the weight of the world off your shoulders, I didn't mean for you to place it elsewhere...."
3389,5902,3,22,123,148,1.1891891891891893,0.036322177069935874,650,I assure you we're all under a lot of pressure. Now let's get down to what's REALLY bothering you.
5722,5902,6,16,126,148,1.1891891891891893,0.03993853448953128,650,"It's called an open MRI.
Done at home.
For claustrophobics.
Stop complaining."
2893,5902,4,20,124,148,1.1891891891891893,0.03756633080907703,650,You were telling me about how your father was in construction...
7126,5905,3,18,106,127,1.188976377952756,0.03989155945819073,650,And what aspect of getting the weight off your mind is it that you find unsatisfactory?
7437,5905,3,18,106,127,1.188976377952756,0.03989155945819073,650,At least it's a load off my feet
6971,5905,5,14,108,127,1.188976377952756,0.04291043311261409,650,I don’t know what you’re weighting for.
2381,5905,2,20,105,127,1.188976377952756,0.03829297767285126,650,We need to explore what you feel is weighing on you.
4007,5905,3,18,106,127,1.188976377952756,0.03989155945819073,650,Learning to handle stress without swearing is key to so much in life.
2276,5910,7,13,123,143,1.1888111888111887,0.042048230330113914,650,Only 10 more direct-to-consume memory foam mattresses to go.
3090,5910,4,19,120,143,1.1888111888111887,0.03837413849424774,650,Increasing your sleep number will improve your attitude.
6641,5912,5,10,91,106,1.1886792452830188,0.048542471371932065,650,"I know I""m only a psychiatrist, but I'm sure there are easier ways to treat an enlarged prostate."
3033,5912,5,20,134,159,1.1886792452830188,0.036971804981176866,650,Do you have a family history of mental illness?
3112,5914,3,17,102,122,1.1885245901639345,0.04087507645872571,650,"I encourage my clients to breathe deeply into the body, 
using the breath to become present with their feelings."
4545,5914,3,17,102,122,1.1885245901639345,0.04087507645872571,650,Now you can see why your appointment was marker urgent
371,5916,2,22,114,138,1.1884057971014492,0.036437583866152166,650,You're crazy if you think you're leaving that here.
1576,5916,4,18,116,138,1.1884057971014492,0.03923353875954684,650,"Sorry, that's one weight I can't help you get off your chest."
2271,5916,3,20,115,138,1.1884057971014492,0.03786137927756817,650,"Original, but I’m not impressed."
5691,5916,3,20,115,138,1.1884057971014492,0.03786137927756817,650,You'd previously mentioned a weight lifted off your shoulders--so what's changed?
6925,5916,5,16,117,138,1.1884057971014492,0.0405593033272745,650,I can guarantee you'll feel less depressed when our session is over.
6985,5916,3,20,115,138,1.1884057971014492,0.03786137927756817,650,Don't worry I will help you to take that load off your chest
7222,5916,3,20,115,138,1.1884057971014492,0.03786137927756817,650,You’re not the only one of my patients to describe a weight on their chest
6254,5916,4,18,116,138,1.1884057971014492,0.03923353875954684,650,Let's talk about your weight gain.
2742,5924,5,19,130,154,1.1883116883116882,0.03772842943363952,650,"Much better today, Doc, like a great weight has been lifted off my shoulders."
7255,5924,1,27,126,154,1.1883116883116882,0.03292270700040717,650,In our last session I did say a great weight would be off you shoulders.
7138,5924,4,21,129,154,1.1883116883116882,0.03658622622935444,650,Now how often are you a victim of this kind of... oppression?
6465,5927,2,18,97,117,1.188034188034188,0.04013612251607516,650,I can understand why you might find this to be a weighty subject......
2794,5927,3,16,98,117,1.188034188034188,0.04193173675097573,650,Your hour isn't up for another 30 seconds
6049,5929,4,17,112,133,1.1879699248120301,0.04015006020204168,650,"Trust me, you’re not carrying the weight of the world."
2125,5929,3,19,111,133,1.1879699248120301,0.03870537646987594,650,"Good morning Marvin, is there anything we can do today to lighten your load?"
1437,5929,6,13,114,133,1.1879699248120301,0.042893701954168785,650,"Harold, you’ve got to stop being penny wise pound foolish."
5097,5929,3,19,111,133,1.1879699248120301,0.03870537646987594,650,"Thats a huge weight off my chest, doc."
2448,5929,6,13,114,133,1.1879699248120301,0.042893701954168785,650,"I've got a major crush on you, valentine."
4510,5929,4,17,112,133,1.1879699248120301,0.04015006020204168,650,I apologize for the interruption Mr. Smith but please continue...You were saying that you had eaten a large bowl of baked beans for lunch?
5479,5929,2,21,110,133,1.1879699248120301,0.03720463682287573,650,Does the pressure you feel come from your work or your personal life?
6521,5936,6,16,127,149,1.1879194630872483,0.039689900277016354,650,"So, from whom did you receive this gift?"
89,5936,6,16,127,149,1.1879194630872483,0.039689900277016354,650,"But the world is round, Robert."
368,5938,4,19,121,144,1.1875,0.03812927087673324,650,It’s really sad when a weightlifter can no longer lift weight.
3417,5938,4,16,108,128,1.1875,0.041130075016539196,650,All you have to do is keep your fly shut.
5057,5938,3,21,120,144,1.1875,0.03683362866276143,650,Bitch. Bitch. Bitch.
5695,5938,5,14,109,128,1.1875,0.04259946674465696,650,I'm sensing you have a weighty issue to get off your chest.
5743,5938,5,14,109,128,1.1875,0.04259946674465696,650,It seems the weight of the world is crashing down on you
6083,5938,2,20,106,128,1.1875,0.03802131084983996,650,'We need to start downsizing.
6126,5938,5,17,122,144,1.1875,0.03938231068279761,650,I'm sorry a ton. Believe me.
5524,5938,4,19,121,144,1.1875,0.03812927087673324,650,"Well, maybe we should switch to speaking about your relationship with your mother, instead?"
7191,5938,2,23,119,144,1.1875,0.03549071855205391,650,"Just feel the weigh, experience the weight, become one with the weigh"
963,5938,3,18,107,128,1.1875,0.03960620626622991,650,Who told you to see a therapist? That's the lightest load I've seen this year.
2775,5938,2,23,119,144,1.1875,0.03549071855205391,650,"You said your anxieties weigh you down like a ton of bricks, but that's only a half-ton at most."
1297,5949,6,17,132,155,1.1870967741935483,0.03860480137343009,650,I'd like to add you to my LinkedIn network
227,5949,3,23,129,155,1.1870967741935483,0.03519899355660425,650,I'm not here to talk about my wife again but she still gives me a ton of problems...
4462,5949,5,19,131,155,1.1870967741935483,0.03750391324276195,650,"Can we up the dosage, I'm getting that painful feeling?"
7369,5949,2,25,128,155,1.1870967741935483,0.03398796797157037,650,To reveal the problem is the first step to recovery
4993,5953,3,20,116,139,1.1870503597122302,0.03761243918790917,650,Now tell me about these weighty decisions on your chest?
5188,5953,4,18,117,139,1.1870503597122302,0.03897383732992529,650,In 1963 the weight of the world was merely confined to my shoulders
4321,5953,2,22,115,139,1.1870503597122302,0.03619987799853548,650,My wife tells me I take things too literally.
3075,5953,4,18,117,139,1.1870503597122302,0.03897383732992529,650,Talk about a ball and chain.
7530,5953,2,22,115,139,1.1870503597122302,0.03619987799853548,650,Sorry. I was just remembering -- my grandmother's pierogi.
2113,5953,4,18,117,139,1.1870503597122302,0.03897383732992529,650,Really? More weight?
5909,5953,2,22,115,139,1.1870503597122302,0.03619987799853548,650,"You feel the crushing psychological weight of being alive, correct?"
2238,5960,4,15,104,123,1.1869918699186992,0.04218096852628763,650,"No, not the weight of the world, just two tons."
5076,5960,4,15,104,123,1.1869918699186992,0.04218096852628763,650,"When you said you needed help with having weight lifted, I thought you were speaking metaphorically."
1116,5960,2,19,102,123,1.1869918699186992,0.03889311074169898,650,Tell me more about feeling you have a weight that needs lifting.
1200,5960,3,17,103,123,1.1869918699186992,0.04057035967909163,650,"Sorry Sir, this sort of weight gain cannot be attributed to your mental health"
6078,5964,3,22,125,150,1.1866666666666668,0.03588032141130668,650,"I'm really sorry about your depression, George. I just don't know what to do about it."
6567,5964,5,18,127,150,1.1866666666666668,0.038293189757509415,650,You’re Problem is paying too much attention to the side effects.
7444,5964,1,26,123,150,1.1866666666666668,0.033293040524300606,650,Finally telling you the truth feels like a huge weight has been lifted off my shoulders.
3907,5964,2,24,124,150,1.1866666666666668,0.0346108654321977,650,My trainer thought this would help straighten me out!
1034,5964,5,18,127,150,1.1866666666666668,0.038293189757509415,650,So you feel your gravity blanket started this coping cycle of dealing with increasing anxiety?
5345,5969,3,19,112,134,1.1865671641791045,0.03844104722195697,650,You have a very vivid imagination.
3793,5969,4,17,113,134,1.1865671641791045,0.03987398854083666,650,Hoe does it make you feel?
2048,5969,4,17,113,134,1.1865671641791045,0.03987398854083666,650,"Yes, but does it make you feel wrinkle free ?"
2991,5969,4,17,113,134,1.1865671641791045,0.03987398854083666,650,You feel crushed! How do think I feel?
7303,5969,2,21,111,134,1.1865671641791045,0.03695258124795449,650,Huh. So this is what physical therapy is.
4672,5969,2,21,111,134,1.1865671641791045,0.03695258124795449,650,"Yes, I do see you are bearing a heavy weight today."
6914,5969,4,17,113,134,1.1865671641791045,0.03987398854083666,650,"Well, that's a huge weight off your shoulders."
5056,5969,3,19,112,134,1.1865671641791045,0.03844104722195697,650,The weight of the world is actually 2000 kilos more.
279,5977,1,17,84,102,1.1862745098039216,0.04116907422639316,650,Dave Osborne you're not.
2857,5978,5,17,123,145,1.186206896551724,0.039131136851837243,650,"So, how long have you felt the weight of the whole world on your stomach?"
3272,5978,5,17,123,145,1.186206896551724,0.039131136851837243,650,Your heavy sessions make me grateful to my easy life.
3426,5978,6,15,124,145,1.186206896551724,0.04033647619624502,650,"So you describe your mother as 'overwhelming' throughout your life"".  ""Can you elaborate?"
3843,5978,5,17,123,145,1.186206896551724,0.039131136851837243,650,My early patients appreciated how it helped getting that weight off their backs but it became more popular with restless leg syndrome.
6020,5978,4,19,122,145,1.186206896551724,0.0378874706295391,650,You seem a little depressed this week.” And
7237,5978,3,21,121,145,1.186206896551724,0.03660157086917392,650,Keep Talking.  You need to get more than the weight off your shoulders.
3568,5978,4,19,122,145,1.186206896551724,0.0378874706295391,650,Turn yourself over!
2293,5985,1,22,106,129,1.186046511627907,0.03611365339841903,650,I can't say I have a ton of evidence as to what may be troubling you.
661,5985,3,18,108,129,1.186046511627907,0.03932485249554849,650,You're lucky. My patients usually have a long weight!
1821,5985,2,20,107,129,1.186046511627907,0.03775341034646929,650,"You see, Doctor, it is not only in my head."
3376,5985,5,14,110,129,1.186046511627907,0.042292931865882157,650,"So, telling the truth has taken a great weight off your shoulders?"
1800,5989,2,17,94,113,1.1858407079646018,0.040828711155385944,650,Apparently they're going to build it out of steel now but it still weighs on me the same.
1752,5990,5,16,119,140,1.1857142857142857,0.0400227508343548,650,"Yes Mr. Weinstein, it is a key element of your Court ordered psychiatric assessment and treatment protocol."
5751,5990,3,20,117,140,1.1857142857142857,0.03736670628395326,650,"So, this is what you do at home?"
2377,5990,3,20,117,140,1.1857142857142857,0.03736670628395326,650,"What do you think, I'm some kind of a magician!"
1528,5990,3,20,117,140,1.1857142857142857,0.03736670628395326,650,Stay!
7245,5990,5,16,119,140,1.1857142857142857,0.0400227508343548,650,"So, tell me the reason that you feel that the weight of the world is resting on your shoulders."
4717,5990,6,14,120,140,1.1857142857142857,0.04128674735635705,650,I can't seem to lose any weight
3582,5996,2,14,81,97,1.1855670103092784,0.04476431433028531,650,"Oh, I see you are trying out the latest thing in compression therapy."
1621,5997,2,19,103,124,1.185483870967742,0.03860764374112212,650,"Oh, the iron-----y, of it all..."
7590,5997,3,17,104,124,1.185483870967742,0.04027009434807555,650,Some stress problems aren't so obvious.  Do you think  your mother loved you?
375,5997,2,19,103,124,1.185483870967742,0.03860764374112212,650,tell me more about your carrying the weight of the world fixation
1942,6000,5,18,128,151,1.185430463576159,0.038058829226782026,650,And you thought you felt the pressures of the world on you? Well now you know how I feel!
2935,6000,3,22,126,151,1.185430463576159,0.03566334309360599,650,It looks like you’ve got a lot of weight on you right now.
4786,6000,4,20,127,151,1.185430463576159,0.036880540415818286,650,Your King Tut depression may be justified.
574,6003,4,17,114,135,1.1851851851851851,0.03960164436058794,650,Your wife told me therapy should straighten you out!
2559,6003,1,23,111,135,1.1851851851851851,0.035165541052596595,650,"Honey, I think your abs are fine just the way they are."
2416,6003,2,21,112,135,1.1851851851851851,0.03670386351646649,650,If this keeps you here you're paying for the second session.
1011,6003,3,19,113,135,1.1851851851851851,0.0381802555851705,650,Would you mind pulling down the shade?
7447,6007,6,15,125,146,1.1849315068493151,0.04007954379306014,650,Maybe we should try a different interior decorator?
5649,6007,4,19,123,146,1.1849315068493151,0.037648681359122055,650,It was the size of the box Amazon delivered it in that really got me down.
7030,6007,5,17,124,146,1.1849315068493151,0.03888311355036097,650,"So,from this point foward you are going to cough into your elbow"
5932,6007,1,25,120,146,1.1849315068493151,0.03367496509592879,650,"Thank you, doctor, I feel like a huge weight has been lifted from my shoulders."
1886,6007,4,19,123,146,1.1849315068493151,0.037648681359122055,650,We express missing our exes in a variety of ways.
233,6007,5,17,124,146,1.1849315068493151,0.03888311355036097,650,My suggestion is to stop listening to the Beatles 'Abbey Road' album.
7148,6007,3,21,122,146,1.1849315068493151,0.03637237821192262,650,"Look, if you really expect this relationship to work, you both have to learn to give each other a bit more space."
3325,6014,4,14,101,119,1.184873949579832,0.04297441721268875,650,OK - OK - You can get a new steam iron.
5409,6014,2,18,99,119,1.184873949579832,0.039521397092913316,650,You feel like there's an immense weight on you?
6884,6016,7,10,113,130,1.1846153846153846,0.0447408430777754,650,"Last week, we talked about your penis. Should we pick up where we left off?"
1493,6016,3,18,109,130,1.1846153846153846,0.03904741607075517,650,"Everyone knows only the good die Jung."""
146,6016,3,18,109,130,1.1846153846153846,0.03904741607075517,650,It sounds like you need to get a great weight off your chest.
981,6019,2,22,117,141,1.1843971631205674,0.03573350205538369,650,"This is really no time for cliches, Mister Soprano."
7411,6019,6,14,121,141,1.1843971631205674,0.04101404222357245,650,I told you not to move.
2706,6019,4,18,119,141,1.1843971631205674,0.03846449550338009,650,My mother raised me as if I were a dumbbell
4808,6022,4,13,97,114,1.1842105263157894,0.04416906847324452,650,Why?  It worked for the last client.
4976,6022,4,20,128,152,1.1842105263157894,0.03665740687128959,650,"Yes, every new patient must use it."" It makes the weight of the world less onerous"""
6505,6022,4,20,128,152,1.1842105263157894,0.03665740687128959,650,"Notwithstanding, Mr. Jones, I can’t give you any more time."
365,6025,2,19,104,125,1.184,0.038326273309656024,650,How do you think it would feel to just ignore the crushing weight?
203,6025,0,23,102,125,1.184,0.03479710777747799,650,It feels like I have the weight of the world on my chest. Can someone please help me out here!!??
3517,6025,3,17,105,125,1.184,0.0399741852183502,650,"Mr. Allen, it's too early to tell if I can help you, but boy, are you the perfect metaphor for why we charge our patients $350 an hour!"
2977,6025,4,15,106,125,1.184,0.04155680139201625,650,No George you’re not dying. It’s not really steel. We’re making real progress. We’ve gotten the weight of political controversy off your shoulders and onto your chest where it will be much more manageable.
1692,6025,3,17,105,125,1.184,0.0399741852183502,650,I think somebody else is gonna have to get that weight off your chest
789,6025,2,19,104,125,1.184,0.038326273309656024,650,I am afraid I have to refer you to another specialist to lift this weight off your shoulders.
4529,6031,2,21,113,136,1.1838235294117647,0.03645841915187351,650,A masochist talks to his therapist
2515,6031,3,19,114,136,1.1838235294117647,0.03792293223008126,650,Herbert's worries about ED were over.
777,6031,3,19,114,136,1.1838235294117647,0.03792293223008126,650,Everyone thinks they have a weight on their chest. What makes you think you’re so different?
4455,6031,6,13,117,136,1.1838235294117647,0.04201126247267809,650,Why you bought a home gym I'll never understand.
1106,6035,2,23,122,147,1.183673469387755,0.03483310604305319,650,"Well, instead of a one thousand pound weight it could be a two thousand pound weight, Rodney, so you've got that going for you."
2655,6035,5,17,125,147,1.183673469387755,0.03863818263005194,650,You’re building your own private jail with yourself as both warden and prisoner.
3644,6035,5,17,125,147,1.183673469387755,0.03863818263005194,650,"I know you don't like meds, but weight lifting?  To cure erectile dysfunction?"
4634,6035,5,17,125,147,1.183673469387755,0.03863818263005194,650,How can you be so sure that this huge weight is not fruit of your imagination?
5666,6035,1,25,121,147,1.183673469387755,0.03346875134347016,650,"I know you're against medication, but would you be open to trying anabolic steroids?"
1440,6035,6,15,126,147,1.183673469387755,0.039825834794374376,650,Describe what weighs you down.
3651,6041,3,14,92,109,1.18348623853211,0.0435533846923308,650,"To work on your completion issues, we’re at least going to finish this session."
2322,6042,5,12,103,120,1.1833333333333333,0.04425437884193316,650,I understand certain federal indictments have aggravated your premature baldness.
1198,6042,1,20,99,120,1.1833333333333333,0.037392859706760685,650,I can think of a few other ways to lose the belly fat!
87,6042,5,12,103,120,1.1833333333333333,0.04425437884193316,650,So that's what's weighing on you--that the Egyptian pyramids don't have triangles for bases?
5278,6042,3,16,101,120,1.1833333333333333,0.04096752374585769,650,"I don't know, doc. I just feel like people are beneath me."
7216,6046,5,14,112,131,1.183206106870229,0.04169278734323597,650,You carried it up here.  What the hell is the problem?
331,6046,3,18,110,131,1.183206106870229,0.03877381709679479,650,Allow this weight to help your mind come up with a funny caption.
2319,6046,3,18,110,131,1.183206106870229,0.03877381709679479,650,that ambulance should be here any second.
4315,6046,3,18,110,131,1.183206106870229,0.03877381709679479,650,Have you thought about Jenny Craig?
5679,6046,0,24,107,131,1.183206106870229,0.03392770926494735,650,Don't worry. The mortgage will be paid off next year.
7502,6046,2,20,109,131,1.183206106870229,0.03722860567036315,650,The lite box has been found to be the most effective treatment for depression.
566,6052,4,18,120,142,1.1830985915492958,0.03821472790710408,650,"Now that you’ve told me your problem, do you feel the weight lifting off of you?"
85,6052,1,24,117,142,1.1830985915492958,0.03406897513006314,650,I'm afraid that's all the weight we have.
4463,6052,6,14,122,142,1.1830985915492958,0.04074488520965659,650,Do these pants make me look fat?
1408,6052,3,20,119,142,1.1830985915492958,0.036884621567083394,650,"It's simple, just let is go and get that weight off your chest."
7359,6056,6,16,131,153,1.1830065359477124,0.03872529061910169,650,"What are you looking at, help  me"""
3144,6056,5,18,130,153,1.1830065359477124,0.037598521533810096,650,"So, when did you first notice you had the weight of the world on your shoulders?"
6133,6056,1,26,126,153,1.1830065359477124,0.03270552817959627,650,"Well, there’s always the surgical option."
6386,6059,6,18,140,164,1.1829268292682926,0.03695755616550883,650,"Do you even lift, bro?"
2836,6060,3,17,106,126,1.1825396825396826,0.03968253968253967,650,"I'm sure the ""weight"" puns have been driving you crazy, but you sort of brought it on yourself. This is your load to bear."
3249,6060,2,19,105,126,1.1825396825396826,0.03804891363327222,650,I think it might be helpful if we begin exploring your issues around shame and guilt.
4181,6060,4,15,107,126,1.1825396825396826,0.04125152218573835,650,"Trust the process. In the meanwhile, I'll write you a script and  in a month or two, that weight will  be lifted."
4268,6060,4,15,107,126,1.1825396825396826,0.04125152218573835,650,You can either lay there like and face the truth or you can lay there.
200,6060,3,17,106,126,1.1825396825396826,0.03968253968253967,650,"I advised you to come months ago, now look at all this weight on your chest."
6614,6065,6,13,118,137,1.1824817518248176,0.04172506326006515,650,"Doc:  I don't believe there's anything more I can do to help you Sam.
Sam: Does this mean I'm cured?"
6687,6065,3,19,115,137,1.1824817518248176,0.03766900958598611,650,"It""s like a dead weight has been lifted from me."
6581,6065,5,15,117,137,1.1824817518248176,0.040418296563569614,650,Well it's not going to life itself.
6309,6065,4,17,116,137,1.1824817518248176,0.03906784470821097,650,Try to look on the bright side.
6013,6065,5,15,117,137,1.1824817518248176,0.040418296563569614,650,Hmmm.. so you feel a hard pressing force you just cant see to get it out from under ?
5011,6065,5,15,117,137,1.1824817518248176,0.040418296563569614,650,"First, help me get this fucking panettone off my chest, then I'll tell you how I feel."
3263,6065,2,21,114,137,1.1824817518248176,0.03621618527997308,650,My mother's mother was heavy too.
2141,6065,3,19,115,137,1.1824817518248176,0.03766900958598611,650,You say it feels like the weight of the world is resting on your shoulders while it appears the issue is on your front - let's explore this by starting with your childhood
1311,6065,3,19,115,137,1.1824817518248176,0.03766900958598611,650,"Doc, I feel like the weight of the whole world is on my shoulders."
2610,6065,4,17,116,137,1.1824817518248176,0.03906784470821097,650,Is it a wait or a weight that is troubling you?
6178,6065,1,23,113,137,1.1824817518248176,0.034702591679549866,650,I don’t know why you thought this would help me to explore my repressed feelings.
1053,6065,3,19,115,137,1.1824817518248176,0.03766900958598611,650,I routinely use some compression to treat severe depressions.
4004,6077,3,21,124,148,1.1824324324324325,0.03592238236665713,650,Let's wrap it up. My next patient is due in three weeks.
1811,6077,3,21,124,148,1.1824324324324325,0.03592238236665713,650,"I don't know about you, but I feel like a huge weight has been lifted off my chest."
306,6077,2,23,123,148,1.1824324324324325,0.034619198308728706,650,I use this prop when to help segue to weightier subjects
1581,6077,3,21,124,148,1.1824324324324325,0.03592238236665713,650,"Funny, my physical therapist has the oposite affect"
4966,6081,5,19,135,159,1.1823899371069182,0.03663167075035478,650,The silence was deafening.
333,6081,3,23,133,159,1.1823899371069182,0.03438977042904448,650,It saves time on going to the gym
1894,6083,5,16,122,143,1.1818181818181819,0.03924376693206433,650,Sit-ups would be more effective.
2992,6083,2,18,101,121,1.1818181818181819,0.03892494720807615,650,"Well, it may be the weight of the world, but at least it's organically-sourced."
4192,6083,4,18,121,143,1.1818181818181819,0.03796814700217342,650,This is cheaper than a gravity blanket and produces a similar effect for short periods.
2074,6083,5,12,104,121,1.1818181818181819,0.043913262867240725,650,"Sir - if you're not going to buy that, I'm going to have to ask you to leave."
7157,6083,2,22,119,143,1.1818181818181819,0.03527880488763162,650,You remind me so much of Father.
7467,6083,4,18,121,143,1.1818181818181819,0.03796814700217342,650,Just accept the norm and carry the wight on your shoulders.
7517,6083,5,16,122,143,1.1818181818181819,0.03924376693206433,650,"In order to cure his chronic diarrhea, George tried the latest self-help fad."
4620,6083,5,18,131,154,1.1818181818181819,0.03737247558646991,650,"Yes bob, but I would like to go a bit deeper today."
699,6091,6,15,128,149,1.1812080536912752,0.03932784995260243,650,I'll take it off when the Knicks win a championship.
1205,6091,4,19,126,149,1.1812080536912752,0.03694983543616943,650,Just breathe deep and focus on your chakras...
6999,6091,3,21,125,149,1.1812080536912752,0.03570147920174733,650,"It's the new approach to keeping your weight down, to have your weight keeping YOU down."
720,6094,2,21,115,138,1.181159420289855,0.03597710058150387,650,The new kilogram expressed in psychoanalytic terms.
1006,6094,1,23,114,138,1.181159420289855,0.034475574592088394,650,Frank.  Stop calling it the weight of the world.
1214,6094,4,17,117,138,1.181159420289855,0.03880624707241912,650,I think you misunderstood me when I told you you could drop a few pounds.
2370,6094,7,11,120,138,1.181159420289855,0.042699934194757545,650,My mom just sent me this in an email.
211,6094,5,15,118,138,1.181159420289855,0.04014612477740079,650,"I just have so much going on, it feels like theres this huge weight on my chest all the time."" 
""And how does that make you feel?"
6233,6094,2,21,115,138,1.181159420289855,0.03597710058150387,650,"Well, I'd just pulled in to Nazereth, and I was feeling half dead, to begin with...."
3363,6100,2,19,106,127,1.1811023622047243,0.03777548121411677,650,"Thanks a million for listening - that's such a load off  my chest."""
4394,6100,2,19,106,127,1.1811023622047243,0.03777548121411677,650,"Honey, is something holding you back?"
4396,6100,4,15,108,127,1.1811023622047243,0.040950649993179,650,We need to shed some light on your hostility
7052,6100,4,15,108,127,1.1811023622047243,0.040950649993179,650,Your depression stems from the fact you feel the weight of the world rests upon you.
2483,6104,2,17,97,116,1.1810344827586208,0.03986321802839532,650,"First off, how do you ever carry that around with you?"
6535,6104,2,17,97,116,1.1810344827586208,0.03986321802839532,650,"So last week I believe I recall you saying,”I feel a great weight pressing down on me..”Ring a bell?"
4129,6106,2,24,129,155,1.1806451612903226,0.03359604748374419,650,I'm telling your problems are not as big as you think.
5907,6106,2,24,129,155,1.1806451612903226,0.03359604748374419,650,I hear you saying you feel that the onus is on you.
6463,6108,3,20,121,144,1.1805555555555556,0.036414658692538,650,So your parents owned a construction company.
6097,6108,4,18,122,144,1.1805555555555556,0.03772469303810345,650,Its clearly not the weight of the world
5817,6108,1,24,119,144,1.1805555555555556,0.033641896103576555,650,I think you’re a good candidate for my weight reduction therapy program.
4482,6108,1,24,119,144,1.1805555555555556,0.033641896103576555,650,Some people fight this kind of malaise through heavy metal.
4143,6108,4,18,122,144,1.1805555555555556,0.03772469303810345,650,"Now Marvin, tell me why you feel that your family’s expectations are crushing you."
2037,6108,6,14,124,144,1.1805555555555556,0.04021694492461263,650,Your weight problem is merely symptomatic...
1999,6108,6,14,124,144,1.1805555555555556,0.04021694492461263,650,Okay... Perhaps the lampshade is a little big for the room... but you put it up!
3503,6108,2,22,120,144,1.1805555555555556,0.035055702397312434,650,"Sorry, Jim, you just don't ring my bell."
3282,6108,3,20,121,144,1.1805555555555556,0.036414658692538,650,"Thanks for sharing your fear of clowns, but do you have any other weights to get off your chest?"
6167,6108,5,16,123,144,1.1805555555555556,0.03899073687357329,650,Thanks for taking the weight off my shoulders!!!
746,6108,1,24,119,144,1.1805555555555556,0.033641896103576555,650,"Thank God that weight was lifted off your shoulders. But, I feel we have more to discuss."
625,6108,5,16,123,144,1.1805555555555556,0.03899073687357329,650,"I'm sorry if it's uncomfortable, but you asked for a ton of honesty."
6720,6120,5,14,114,133,1.1804511278195489,0.041109286001500135,650,"I know I told you that I could take the weight off your shoulders, but this is ridiculous."
1613,6120,3,18,112,133,1.1804511278195489,0.038237822407240246,650,"Daniel Day-Lewis narrowly survives initial casting as Giles Corey in ""The Crucible."""
4023,6120,3,18,112,133,1.1804511278195489,0.038237822407240246,650,"Well, you certainly have taken the weight off my back ...however there seems to be ANOTHER problem ........"
6988,6120,5,14,114,133,1.1804511278195489,0.041109286001500135,650,"Now, what were you saying about your sadistic mother?"
5046,6120,4,16,113,133,1.1804511278195489,0.03969952429186513,650,"As your therapist, I can only help alleviate your emotional weight."
1380,6120,1,22,110,133,1.1804511278195489,0.03513244553603055,650,"After these visits, people tell me it feels like a weight has lifted off of their shoulders. What do you think?"
1425,6126,5,17,128,150,1.18,0.03792138341240353,650,What is weighing you down?
1780,6126,3,21,126,150,1.18,0.03548324115247314,650,"Now, are we ready to explore our inner child?"
1171,6126,2,23,125,150,1.18,0.034199048876709826,650,"Before we move on, could we lift up my consciousness for just a minute, please?"
865,6126,1,25,124,150,1.18,0.032864714900005025,650,Something has been weighing on my conscience
458,6126,3,21,126,150,1.18,0.03548324115247314,650,"You look like you've gained weight, how is everything?"
3079,6126,5,17,128,150,1.18,0.03792138341240353,650,"So how's that New Year's resolution working out for you, Larry?"
4264,6132,2,21,116,139,1.1798561151079137,0.03574110524631316,650,No more sleepwalking.
4342,6132,1,23,115,139,1.1798561151079137,0.03425145529277146,650,It's the latest technique for flattening your belly and pulling your shoulders back.
3178,6132,2,21,116,139,1.1798561151079137,0.03574110524631316,650,"Now, try to unload it along with your feelings."
4551,6132,4,17,118,139,1.1798561151079137,0.03854809247341117,650,There are better ways to reduce belly fat.
4901,6132,6,13,120,139,1.1798561151079137,0.041164113769754394,650,I'm starting to doubt that the weight-and-watch approach is the best one for you.
6606,6132,2,21,116,139,1.1798561151079137,0.03574110524631316,650,"So, do you feel like the weight of the world is off your shoulders?"
6615,6132,4,17,118,139,1.1798561151079137,0.03854809247341117,650,"What makes you think, that you feel you're caring the weight of the world?"
4091,6132,1,23,115,139,1.1798561151079137,0.03425145529277146,650,"That's not heavy, that's my brother."
1679,6132,3,19,117,139,1.1798561151079137,0.03717110462151141,650,You keep complaining about chest pain and I’m telling you I have a broken heart! You’re so insensitive!
6676,6132,4,17,118,139,1.1798561151079137,0.03854809247341117,650,"I'm a shrink, not a shrinker."
1085,6132,5,15,119,139,1.1798561151079137,0.03987756070641697,650,"Your hour's up, but I feel like we're making progress. Can I block you in for next week?"
926,6143,5,13,110,128,1.1796875,0.042140083443533344,650,"No, you can’t put the weight back on me"
2433,6144,3,15,99,117,1.1794871794871795,0.041372319495311546,650,I feel like you've got this great weight on your chest.
6262,6144,2,24,130,156,1.1794871794871795,0.0334000731627499,650,Sweetheart. This way we lift that giant weight on your shoulders and redistribute it evenly.
4790,6144,7,14,135,156,1.1794871794871795,0.03910408951722324,650,my patients often have a lot of dead weight to carry around
4211,6147,4,18,123,145,1.1793103448275861,0.03748430772211569,650,"You say you're feeling weighed down, but that could be just a figure of speech."
3202,6147,3,20,122,145,1.1793103448275861,0.03618408330734987,650,"Mark, how does it make you feel when Tom says you're weighing him down?"
4622,6147,4,18,123,145,1.1793103448275861,0.03748430772211569,650,I flat out and out disagree
6837,6147,6,14,125,145,1.1793103448275861,0.0399580305649855,650,"You know, women carry the weight of the world"
5510,6151,3,18,113,134,1.1791044776119404,0.037975277188599596,650,"Yes, you need to lose weight, but cutting out carbs is not the answer."
6352,6151,5,14,115,134,1.1791044776119404,0.0408235640141704,650,"It's okay, Mr. Stone, everything you say here is privileged unless you've committed a crime."
1155,6151,1,22,111,134,1.1791044776119404,0.03489527154619774,650,The pressure of an overdue bill weighs on all of us.
358,6151,2,20,112,134,1.1791044776119404,0.036467805348237306,650,"I’m sorry, but lifting things is not in my job description."
2049,6151,4,16,114,134,1.1791044776119404,0.03942515095957175,650,"I feel as if I have a great weight on my chest."""
3210,6151,2,20,112,134,1.1791044776119404,0.036467805348237306,650,"I can’t help feeling stuck, as if there’s always something underneath that keeps me from moving."
2249,6151,1,22,111,134,1.1791044776119404,0.03489527154619774,650,"'No more facetious comments about always having to wait for me, thank-you.'"
7302,6151,2,20,112,134,1.1791044776119404,0.036467805348237306,650,Yes.I understand. I can see you feel as the weight of the world is overpowering.
4986,6159,5,19,138,162,1.1790123456790123,0.03600339190673985,650,Stay mindful and the weight of it all will dissipate through time.
457,6159,6,17,139,162,1.1790123456790123,0.03705300885072394,650,It's obvious to me that your pain is all psychosomatic.
693,6161,4,14,105,123,1.1788617886178863,0.04167702708758175,650,I hope this serves as a weighty reminder to take the garbage out next week.
7153,6161,5,12,106,123,1.1788617886178863,0.04324644041055664,650,"So, how much does your mother weigh?"
7277,6161,1,20,102,123,1.1788617886178863,0.03656685005417629,650,So what makes you think I have the weight of the world on my shoulders?
2631,6161,3,16,104,123,1.1788617886178863,0.040046155440119593,650,"Yes, ""Iron Masseuse"" sounds like a hit show, but it needs some  revisioning, I think."
3870,6161,4,14,105,123,1.1788617886178863,0.04167702708758175,650,"I keep visualizing that my client is immobilized beneath a huge weight, and neither of us has the faintest idea what to do about it.
Hilary A. Kaplan, Silver Spring, MD"
4632,6161,2,18,103,123,1.1788617886178863,0.03834598472082072,650,Maybe  a load on your chest is worse than a weight on your shoulders
6845,6167,2,23,126,151,1.1788079470198676,0.033992717977783936,650,"Doctor, I really have something weighing down on me. Can you help?"
147,6167,3,21,127,151,1.1788079470198676,0.03526762107468701,650,Is this your repentance for too much tumescence?
2822,6167,4,19,128,151,1.1788079470198676,0.03649801798753268,650,I hope you realize that it will require a whole lot of sessions to relieve your enormous burden.
2953,6167,5,17,129,151,1.1788079470198676,0.037688267906190794,650,"Wow, you ARE literally  weighed down!"
2974,6167,4,19,128,151,1.1788079470198676,0.03649801798753268,650,"The thing is,you're drawing more attention to it this way.  And I can't imagine it's terribly comfortable, let alone healthy.  And don't you want to have children one day?"
4048,6167,3,21,127,151,1.1788079470198676,0.03526762107468701,650,The gift from your exwife is not  helpful.
2776,6173,5,15,120,140,1.1785714285714286,0.03961253388755271,650,I need to press you for the truth
6952,6173,3,19,118,140,1.1785714285714286,0.03692699547966089,650,"My list of grievances is long, so I'll really need your undivided attention."
6637,6173,2,21,117,140,1.1785714285714286,0.03550814092903328,650,Now that I've helped you lift that off your shoulders I don't think you need to see me anymore
6293,6173,3,19,118,140,1.1785714285714286,0.03692699547966089,650,"Nigel, we need to talk... you have no idea how much our failing marriage has been weighing on my mind."
4821,6173,5,15,120,140,1.1785714285714286,0.03961253388755271,650,This is not working. We can not multitask therapy with your stomach flattening
1109,6173,3,19,118,140,1.1785714285714286,0.03692699547966089,650,"No one irons clothes anymore, Joe--why do you still do it?"
3085,6173,4,17,119,140,1.1785714285714286,0.03829331427382206,650,"Now” roll over and try it on your 
Shoulders"
121,6173,5,20,143,168,1.1785714285714286,0.03513937033107813,650,"I read that when she's stressed, Oprah uses a weighted blanket."
986,6173,2,21,117,140,1.1785714285714286,0.03550814092903328,650,"I don't know, I guess I feel that one day I'll pay for all those bills I passed for lobbyists."
332,6182,4,20,133,157,1.178343949044586,0.035580605392626675,650,Don't worry. Our doctor has told me your condition has improved to stable.
5288,6182,5,18,134,157,1.178343949044586,0.036710200182427793,650,You look more relaxed now that weight of the world has been lifted from your shoulders
4026,6184,3,17,109,129,1.178294573643411,0.038832296336267204,650,After this treatment you will no longer feel the load on your shoulders
7579,6184,5,13,111,129,1.178294573643411,0.04183533555217617,650,I'm afraid our tonnage is up for today.
1013,6184,5,13,111,129,1.178294573643411,0.04183533555217617,650,"“Life is never made unbearable by circumstances, but only by lack of meaning and purpose.”      (Apologies to Victor Frankl)"
2218,6184,3,17,109,129,1.178294573643411,0.038832296336267204,650,"Honey can you weight a minute while I get up and make dinner"""
2548,6184,3,17,109,129,1.178294573643411,0.038832296336267204,650,"Well, anecdotally, you may have heard that talk therapy actually doesn't work well for mobsters."
4038,6184,4,15,110,129,1.178294573643411,0.04036175503809792,650,"Doc, I feel like something's weighing me down."
965,6190,2,22,122,146,1.178082191780822,0.03461773364813663,650,"I said I don't want to snuggle, and this is your coping device?"
1361,6190,2,22,122,146,1.178082191780822,0.03461773364813663,650,I'm sure my assistant told you that I can take a weight off your shoulders.
505,6190,4,18,124,146,1.178082191780822,0.03724693417601578,650,You absolutely will feel better when you leave our sessions.
349,6190,5,16,125,146,1.178082191780822,0.0384942517371362,650,"I carry the weight of the world in this house, so stop."
3838,6194,4,13,101,118,1.1779661016949152,0.042776579033124075,650,"When you told me on the phone you needed to lighten your load, this wasn't what I had in mind."
4452,6195,4,16,115,135,1.1777777777777778,0.039154506304142495,650,"It's my wait weight, don't tell me."
1484,6195,3,18,114,135,1.1777777777777778,0.037716270287603874,650,"In fairness to me, I did help you get rid of that weight on your shoulders."
3111,6195,1,22,112,135,1.1777777777777778,0.03466122336820361,650,"Take your meds, and I won’t have to use four point restraints."
6701,6195,4,16,115,135,1.1777777777777778,0.039154506304142495,650,"It's an unusual way to lose weight, but it seems to be working!"""
500,6199,4,19,129,152,1.1776315789473684,0.03627618305886853,650,I think I liked you better in a tether.
4661,6199,2,23,127,152,1.1776315789473684,0.033788825162162535,650,"I can see that this problem is weighing you down..Tell your mother hello for me""."
2338,6201,4,14,106,124,1.1774193548387097,0.04136471301633127,650,They say Supermodels apply this one simple trick to look young again.
441,6201,1,20,103,124,1.1774193548387097,0.03629942771227867,650,I think you're flat enough to get into those new jeans now.
7436,6203,4,17,120,141,1.177304964539007,0.038041847516096454,650,I got the idea when you suggested a weight-and-see approach with your balance.
4228,6203,4,17,120,141,1.177304964539007,0.038041847516096454,650,My secretary said you have something you wanted to unload.
4693,6203,4,17,120,141,1.177304964539007,0.038041847516096454,650,Don't live in the moment
5917,6203,3,19,119,141,1.177304964539007,0.03668603330757109,650,"So, you are depressed because you can't understand why you repeatedly fail the program at Weight Watchers."
7573,6207,7,14,137,158,1.1772151898734178,0.03864072315462603,650,So your heavy burden manifests as a giant weight.  Creative much?
6865,6207,3,22,133,158,1.1772151898734178,0.03421407408623916,650,"That may make your stomach flat, but that’s not bench press."
6850,6207,2,24,132,158,1.1772151898734178,0.03301480289953606,650,I told you my body felt heavy after the divorce
2677,6210,5,10,98,113,1.176991150442478,0.04572441305652782,650,That crushing weight you feel is a psychosomatic figment of your imagination.
5851,6211,2,19,109,130,1.176923076923077,0.03697794571547032,650,George was tired of bearing the brunt of the relationship
569,6211,3,17,110,130,1.176923076923077,0.03855682888559604,650,"This week it's the cowbell ~ next week, the kettlebell."
2011,6211,5,13,112,130,1.176923076923077,0.04153492774120186,650,And you find this less heavy then the divorce
2922,6211,4,15,111,130,1.176923076923077,0.0400735528508516,650,Why exactly do you feel that you carry the weight of the world around with you?
318,6211,2,19,109,130,1.176923076923077,0.03697794571547032,650,Glad to see we made progress last week. We were able to remove it from your shoulders.
7177,6211,2,19,109,130,1.176923076923077,0.03697794571547032,650,"If this is going to be that heavy today, let me get the Kleenex"
6040,6217,4,18,125,147,1.1768707482993197,0.03701251689454226,650,"Harold was tired of the guilt, and needed to get it off his chest."
2019,6217,4,18,125,147,1.1768707482993197,0.03701251689454226,650,It’s not often I get to be litera in this field.
3395,6217,2,22,123,147,1.1768707482993197,0.034402768589717754,650,You will be able to get it off your chest before our time is up
5294,6217,3,20,124,147,1.1768707482993197,0.03573147697413617,650,"I guess you're ready to talk about some weightier matters, huh?"
356,6217,3,20,124,147,1.1768707482993197,0.03573147697413617,650,"I have to admit, I’m not the biggest fan of the new waiting room."
6635,6222,2,23,128,153,1.1764705882352942,0.033587328297884106,650,"And don't give me any of your ""weight of the world""  poppycock."
4555,6222,4,16,116,136,1.1764705882352942,0.03888751576638827,650,Have you considered Prozac?
5302,6222,1,22,113,136,1.1764705882352942,0.03443024102239456,650,"Therapist: ""So, you seem to be feeling a little weighed down at the moment?"""
823,6222,1,22,113,136,1.1764705882352942,0.03443024102239456,650,It’s troubling and I wish someone could lift this weight off my shoulders.
7212,6222,3,18,115,136,1.1764705882352942,0.037460731714789794,650,This way I no longer see you as just a couch potato.
7417,6222,2,20,114,136,1.1764705882352942,0.03597740900528858,650,And you think you have a big burden.
2147,6222,6,12,118,136,1.1764705882352942,0.04159451654038514,650,"So your stomach feels ""weighted down.""  Is that from eating too much?"
7337,6222,4,16,116,136,1.1764705882352942,0.03888751576638827,650,"- Every time I bathe I feel like drowning, lately..."
914,6222,5,11,103,119,1.1764705882352942,0.04408796418722744,650,All my patients have weighty problems.  What's yours?
3514,6222,4,16,116,136,1.1764705882352942,0.03888751576638827,650,I find being able to visualize the weight on your mind keeps the session focused.
2246,6232,3,19,120,142,1.176056338028169,0.03644815855946875,650,"So I hate to interrupt you sir, but I'm having a difficult time listening without addressing this first."
749,6232,1,23,118,142,1.176056338028169,0.03359595244433595,650,"You've let the world weigh in on your problems again, haven't you?"
1063,6232,5,15,122,142,1.176056338028169,0.03909281908624994,650,I don't think exercise is going to help John.
2873,6232,6,13,123,142,1.176056338028169,0.040350199813350536,650,Worst...iron...ever.
5126,6232,4,17,121,142,1.176056338028169,0.03779362887105737,650,"Unable to enter Hades for Dante’s beatification, Beatrice tries plan B."
6812,6232,6,13,123,142,1.176056338028169,0.040350199813350536,650,"So, that's what's been on your mind."
5074,6238,3,16,106,125,1.176,0.03945434274310398,650,"So now that you are feeling exactly how your wife describes feeling  every day in your marriage, how about listing all your complaints?"
6767,6238,2,18,105,125,1.176,0.037783765074775245,650,I just feel like there’s a weight on my chest that I can’t get rid of.
6597,6238,2,18,105,125,1.176,0.037783765074775245,650,"Now really, come along.  For full therapeutic impact  you must exhale."
3487,6238,1,20,104,125,1.176,0.03603582446900985,650,She weighs me down doc.
6922,6238,3,16,106,125,1.176,0.03945434274310398,650,We charge by the pound of weight removed.  Do you have any on your shoulders we are going to need to address?
5352,6238,3,16,106,125,1.176,0.03945434274310398,650,"I see you brought you memoirs with you, it's a good starting point."
6,6238,2,18,105,125,1.176,0.037783765074775245,650,I see you still insist your purse blanket idea is a great hit
6576,6245,3,13,92,108,1.1759259259259258,0.04329118427757574,650,Would my copay cover an itch?
6551,6246,5,16,127,148,1.1756756756756757,0.038010140091692034,650,"No, I’m sure I don’t feel any guilt."
4930,6247,1,21,109,131,1.1755725190839694,0.03508385396764527,650,"No, this is ""Primal Scream Suppression Therapy."""
7415,6247,5,13,113,131,1.1755725190839694,0.04123876886630178,650,"Listen Jon, you’ve come to the best- I can already tell something has been weighing you down recently and you’re under loads of pressure"
4971,6247,0,23,108,131,1.1755725190839694,0.03336820338476074,650,Do you ever feel there’s a great weight on your chest?
4384,6247,0,23,108,131,1.1755725190839694,0.03336820338476074,650,I understand all those heavy rock songs now
2355,6247,1,21,109,131,1.1755725190839694,0.03508385396764527,650,"Well, it wasn't my idea!"
5793,6247,1,21,109,131,1.1755725190839694,0.03508385396764527,650,"That's all the time we have for today.""
Styrofoam Props for Shrinks"
2050,6253,3,14,97,114,1.1754385964912282,0.041784473796382456,650,"If you want calves like mine, you've gotta lift bro."
3500,6253,3,14,97,114,1.1754385964912282,0.041784473796382456,650,Great! I told them to attach it to your feet and take you to the river!
2156,6255,2,23,129,154,1.1753246753246753,0.03338818619304481,650,Gaining 21 grams won't change the ending.
3899,6256,4,16,117,137,1.1751824817518248,0.038624106730869946,650,"No, I didn't gain a ""little"" weight"
4969,6256,2,20,115,137,1.1751824817518248,0.03573705649387038,650,NYPD. Meet COPD.
4305,6256,2,20,115,137,1.1751824817518248,0.03573705649387038,650,"They're a little old fashioned, but our security methods get the job done. Stay there while I call the police."
6874,6256,4,16,117,137,1.1751824817518248,0.038624106730869946,650,"You seem to have something weighing on your mind? Are you aware of it, or in denial?"
3717,6256,2,20,115,137,1.1751824817518248,0.03573705649387038,650,I got it.  Your burden in life is heavy.
2248,6256,2,20,115,137,1.1751824817518248,0.03573705649387038,650,I feel like my life would be so much easier if I used everyone else's metric instead.
2820,6262,0,21,99,120,1.175,0.034831527300961784,650,I have this crushing chest pain.  Call the cardiologist!
1235,6262,3,15,102,120,1.175,0.04041538520594029,650,"Boy, you gotta carry that weight
Carry that weight a long time."
6496,6264,3,19,121,143,1.1748251748251748,0.03621331315291399,650,Your insurer is now paying me based on your wait times
5485,6264,5,15,123,143,1.1748251748251748,0.03883799894420519,650,We've made great progress getting this weight off your back.
3913,6264,3,19,121,143,1.1748251748251748,0.03621331315291399,650,"Actually, I asked about the metaphorical weight you felt..."
3828,6264,3,19,121,143,1.1748251748251748,0.03621331315291399,650,"Go with that.... no, really, I mean ""GO"" with that!"
1839,6264,4,17,122,143,1.1748251748251748,0.037548596588295395,650,"No, no, no! You MUST use the metric system Mr. Bevins!"
3289,6264,1,23,119,143,1.1748251748251748,0.03338289887100794,650,"I’m sorry, Neal, but I don’t think this relationship is going anywhere."
174,6264,2,21,120,143,1.1748251748251748,0.03482687171239298,650,Our non invasive belly tuck is a flat fee.
5449,6271,3,16,107,126,1.1746031746031746,0.03916487749407272,650,This weight is a good visual how I feel everyday
3446,6271,3,16,107,126,1.1746031746031746,0.03916487749407272,650,"It does seem to get bigger every year. 
I suggest we start all over. When you were six years old, what happened?"
6464,6271,3,16,107,126,1.1746031746031746,0.03916487749407272,650,Your problems aren't that heavy.  Just walk it off.
958,6271,2,18,106,126,1.1746031746031746,0.03750871234982077,650,He said he prefers The ol’ Ball & Chain!
351,6271,5,12,109,126,1.1746031746031746,0.042283044865453784,650,You’ve got to let the weight of the world loose.
164,6271,5,12,109,126,1.1746031746031746,0.042283044865453784,650,You might not be in this fix if you had listened to your mother and eaten your vegetables.
40,6271,4,14,108,126,1.1746031746031746,0.04075379437684117,650,"On the bright side, the cowbell prescription did wonders for my fever!"
5062,6278,2,22,125,149,1.174496644295302,0.033980638665481414,650,No golf for you today George.
5888,6278,5,16,128,149,1.174496644295302,0.03777258223653269,650,We’ll do whatever you decide!
4955,6278,3,20,126,149,1.174496644295302,0.035289921021181316,650,There might be better ways of strengthening your breathing.
7350,6278,3,20,126,149,1.174496644295302,0.035289921021181316,650,So you feel some kind of depression. Like a broken heart. But you just don't know why.
6443,6282,2,19,111,132,1.1742424242424243,0.03646445850262836,650,Weight watcher.
4881,6282,0,23,109,132,1.1742424242424243,0.03314115103435668,650,You've got to stop living your life at the end of Abbey Road.
2897,6282,3,17,112,132,1.1742424242424243,0.038017327035101224,650,I feel like a weight hasn't been lifted off me.
7093,6282,4,15,113,132,1.1742424242424243,0.03950920874805987,650,"Need more help with impulse control issues, just holler."
1908,6282,1,21,110,132,1.1742424242424243,0.034842449869175,650,"You won't believe the results! 
I feels so good when it's gone. No more angst!"
518,6282,3,17,112,132,1.1742424242424243,0.038017327035101224,650,"SORRY DARLING, BUT THIS WILL KEEP YOU HOME NIGHTS"
4229,6282,0,23,109,132,1.1742424242424243,0.03314115103435668,650,What did I do to deserve this?
5697,6282,4,15,113,132,1.1742424242424243,0.03950920874805987,650,"Even in this data driven world, a precise calculation of the wight of the world is unnecessary in this office."
4348,6282,3,17,112,132,1.1742424242424243,0.038017327035101224,650,"Well, take a deep breath an try to describe the physical ailments, you imagine you are being plagued of."
3539,6291,3,22,136,161,1.173913043478261,0.033627962465384645,650,Feeling yourself Tony Soprano
1564,6291,4,16,118,138,1.173913043478261,0.03836420846425266,650,"Huh, you're the seventeenth client I've seen this week with that exact same thing weighing them down."
6916,6291,1,22,115,138,1.173913043478261,0.033977241246128984,650,I told you not to go weightlifting.
5946,6291,1,22,115,138,1.173913043478261,0.033977241246128984,650,Still think I never lift a finger around here?
3934,6291,1,18,96,115,1.173913043478261,0.037587161994374674,650,"You always were a ball buster, Gladys."
2429,6291,4,16,118,138,1.173913043478261,0.03836420846425266,650,I'm having a litouble keeping the weight off.
217,6291,0,24,114,138,1.173913043478261,0.032383119057630215,650,I wish I was worth this weight in gold.
988,6298,0,29,138,167,1.1736526946107784,0.029401401108445906,650,The weight just got too much for me!
6541,6299,4,17,123,144,1.1736111111111112,0.03730669044830725,650,"That’s the problem with our generation, we keep everything in."
4710,6299,4,17,123,144,1.1736111111111112,0.03730669044830725,650,What?!? I have to pay extra to have the weight lifted?!?
3250,6299,1,23,120,144,1.1736111111111112,0.03317248650358499,650,Okay now you say the man is weighing  you down on the job?
2504,6299,3,19,122,144,1.1736111111111112,0.035981440425318194,650,"Ok honey, I get it. You are worth your weight in gold."
535,6299,5,15,124,144,1.1736111111111112,0.038586451629178294,650,I thought you would be pleased that we've finally removed the weight from your mind.
2523,6304,4,13,104,121,1.1735537190082646,0.04178800945506614,650,"Just relax... this method has been effective in curing most mental health issues."""
606,6304,2,17,102,121,1.1735537190082646,0.038350432077784796,650,"Next Sunday, remember to call your mother. Five cents, please."
3235,6304,0,21,100,121,1.1735537190082646,0.03457272836917667,650,"That ""weight off your chest"" thing just doesn't cut it anymore."
5923,6304,3,15,103,121,1.1735537190082646,0.040106067962151826,650,'An interesting Freudian-Jungian dilemma'? I told her this wouldn't help.
1410,6304,2,17,102,121,1.1735537190082646,0.038350432077784796,650,I understand you feel the weight of the world.  But how heavy is it?
3596,6304,1,19,101,121,1.1735537190082646,0.03651047238424654,650,"Hold on...did you mean wait, or weight?"
1371,6310,4,22,147,173,1.1734104046242775,0.033199713745508355,650,This online dating is absurd.
7310,6311,3,20,127,150,1.1733333333333333,0.03507316311749439,650,It really brings home the notion that being present can involve some heavy lifting.
3374,6311,6,14,130,150,1.1733333333333333,0.038711537645840094,650,"I told you, i can't fix your magnetic penis..."
676,6311,4,18,128,150,1.1733333333333333,0.03632646734378866,650,"Thanks Doc, this weight therapy really does take a load off."
7456,6314,1,20,106,127,1.1732283464566928,0.035519759528429076,650,So which witch are you blaming now?
3330,6314,1,20,106,127,1.1732283464566928,0.035519759528429076,650,To what do you attribute that feeling?
6659,6314,3,16,108,127,1.1732283464566928,0.038879584242416866,650,"As Mike let go of the burdens in his life, he now knew the power the weight of the dinner bell possessed- he just couldn’t resist the call to meal times. He decided to seek therapy when the weight was over 500 lbs and he could no longer move."
7050,6317,1,25,130,156,1.1730769230769231,0.03171870462673106,650,I want to test their ninety-day return.
6316,6318,2,19,112,133,1.1729323308270676,0.03621295680475787,650,"Luckily for you, your paperweight is made of paper!"
2571,6318,2,19,112,133,1.1729323308270676,0.03621295680475787,650,Seriously. I will pay for the whole hour.
2652,6318,4,15,114,133,1.1729323308270676,0.039232901672559856,650,"You say it feels like the weight of the world is on you, but--let me tell you--the world is way heavier than that."
23,6318,3,17,113,133,1.1729323308270676,0.03775313771193071,650,"Soul searching has its perks, mind you."
6745,6318,5,13,115,133,1.1729323308270676,0.04065884578048786,650,Tell me when you feel pressure on your chest.
4218,6318,6,11,116,133,1.1729323308270676,0.042036447361239286,650,I'd say you took too much Viagra again
5732,6318,2,19,112,133,1.1729323308270676,0.03621295680475787,650,"Now that the weight of the world is successfully off your shoulders, let’s work on other things."
7248,6325,5,14,120,139,1.1726618705035972,0.039452061813184315,650,Let's get back to this great weight that you feel is pressing down on you.
288,6325,4,16,119,139,1.1726618705035972,0.03810775205592694,650,You've got a lot on your plexus.
6833,6325,3,18,118,139,1.1726618705035972,0.03671425271200126,650,And would you say you feel this weight on your shoulders?
1820,6325,3,18,118,139,1.1726618705035972,0.03671425271200126,650,Let's see how we can resolve your Oedipus complex.
205,6325,4,16,119,139,1.1726618705035972,0.03810775205592694,650,"There's something I have to get off my chest.""
""Feel free to share.""
""No there is a weight on my chest."
7007,6325,4,16,119,139,1.1726618705035972,0.03810775205592694,650,It's a new treatment for a-ten-ton defecit disorder.
4626,6325,2,20,117,139,1.1726618705035972,0.03526573319307823,650,Tell me again why you took this upon yourself?
1319,6332,4,17,124,145,1.1724137931034482,0.03706785171631516,650,It's not in your head. You're having a heart attack.
2336,6332,5,15,125,145,1.1724137931034482,0.0383381151267998,650,You're supposed to take your clothes off before you press them!
2413,6332,3,19,123,145,1.1724137931034482,0.035752485091944335,650,It seems like you have a lot of weight to get off your chest.
6433,6332,2,21,122,145,1.1724137931034482,0.034386839773911694,650,That’s quite an interesting story you have must be a huge weight  to carry around
134,6332,3,19,123,145,1.1724137931034482,0.035752485091944335,650,"Now, I want to try and relax . . ."
1874,6332,2,16,98,116,1.1724137931034482,0.03925059242663616,650,I’ll let you know when he declares the national emergency.
5358,6338,4,18,129,151,1.1721854304635762,0.03610334614685831,650,The problem is with your sarcophagus.
2159,6338,2,22,127,151,1.1721854304635762,0.033568603806216984,650,"I understood the concept of a ""figurative"" weight."
4347,6338,5,16,130,151,1.1721854304635762,0.037306190153249645,650,"Jim, I think your addiction with hydraulic presses has gone too far."
2917,6338,1,24,126,151,1.1721854304635762,0.03222655645191111,650,I am pleased with your progress this past week.
796,6342,3,15,104,122,1.1721311475409837,0.039801401970413236,650,"Based on the weigh-in, I'd say we're making some real progress."
225,6342,3,15,104,122,1.1721311475409837,0.039801401970413236,650,You said your father was in construction?
6246,6344,3,21,133,157,1.1719745222929936,0.03402637047529577,650,"Honestly, I do feel like I got a weight off my chest.  You were really insightful, really. Now can you help me get damn weight off my chest?"
6152,6344,5,17,135,157,1.1719745222929936,0.03634711160984176,650,"Giles Corey also asked for ""more weight"" and we all know how that turned out."
3891,6344,6,15,136,157,1.1719745222929936,0.037453595818110724,650,Thank God. No spikes.
4562,6347,3,16,109,128,1.171875,0.038598374611345944,650,Tell me about that first day on the playground.
4448,6347,1,20,107,128,1.171875,0.03526714519934682,650,I feel as if a weight has been shifted.
5752,6349,3,22,138,163,1.1717791411042944,0.03324812105864267,650,Must have been some rodeo...
4509,6349,3,22,138,163,1.1717791411042944,0.03324812105864267,650,"Don’t expect me to answer the door, until you apologize!"
179,6351,3,17,114,134,1.171641791044776,0.037492556255163983,650,So how does this help?
1667,6351,5,13,116,134,1.171641791044776,0.040374911465100846,650,It was my mom's parting gift.
268,6351,2,19,113,134,1.171641791044776,0.03596485678982454,650,Can you describe how that feels in your body?
6563,6351,3,17,114,134,1.171641791044776,0.037492556255163983,650,Your weighing in on my problems doesn't seem to be the solution here...
1897,6351,2,19,113,134,1.171641791044776,0.03596485678982454,650,Next time you get a priapism we'll try conventional treatment first.
5296,6351,2,19,113,134,1.171641791044776,0.03596485678982454,650,"So when you said ""weight for me"", I just stayed put."
6056,6351,4,15,115,134,1.171641791044776,0.03896039816506864,650,I am afraid this is not that kind of weight loss psychotherapy.
6726,6351,3,17,114,134,1.171641791044776,0.037492556255163983,650,You feel like the weights and measures of the world are upon you?
7438,6351,6,11,117,134,1.171641791044776,0.04174151801802109,650,I could have put up with a bell shape
3012,6351,3,17,114,134,1.171641791044776,0.037492556255163983,650,"Now tell me, what’s weighing on you?”
Zachary J. Zeller, Brooklyn, N.Y"
2621,6351,2,19,113,134,1.171641791044776,0.03596485678982454,650,I’be reconsidered changing therapists.
1741,6362,4,16,120,140,1.1714285714285715,0.03785467036080345,650,"Yeah, you might think it's as simple as getting this weight off your chest, but it will actually take months, if not years, of intensive therapy. Let's take a look at your EOB."
3265,6362,1,22,117,140,1.1714285714285715,0.03353582113753393,650,Now does it feel like you have the world on your shoulders?
4285,6362,5,14,121,140,1.1714285714285715,0.03918865895949872,650,"Now, just because everyone at the office has a weighted blanket, do we need to go out and one up them?"
4660,6362,1,22,117,140,1.1714285714285715,0.03353582113753393,650,You literally need to feel the weight of my words here
6839,6362,3,18,119,140,1.1714285714285715,0.03647192269686756,650,I'm sure glad to get that off my back
2452,6362,3,18,119,140,1.1714285714285715,0.03647192269686756,650,"For 3 years you've started every session telling me you feel as though you are carrying the weight of the world, now I see why."
5685,6362,3,18,119,140,1.1714285714285715,0.03647192269686756,650,"If you would just TRY the Keto diet, I know you could lose some of that weight!"
159,6369,3,19,124,146,1.1712328767123288,0.03552639320533475,650,"I charge $250 an hour. And another $500 for every minute you go over."""
4871,6369,4,17,125,146,1.1712328767123288,0.03683202309770149,650,"As I said, this is my own experimental treatment for people who feel they are carrying around the weight of the world."
4939,6369,4,17,125,146,1.1712328767123288,0.03683202309770149,650,"So Henry, why do you think that it's taken so long for you to wonder  if you still have to continue to be obligated to ""carry that weight"" because the Beatles told you to?"
6475,6369,5,15,126,146,1.1712328767123288,0.038092928960099366,650,"Yes, I see. Tell me more about why you thought being unattached would come with a feeling of weightlessness."
7499,6373,1,17,93,111,1.1711711711711712,0.03812534582246481,650,"Frank,  you have a ton of
problems weighing on your
shoulder"
6287,6373,1,17,93,111,1.1711711711711712,0.03812534582246481,650,"Having read your misdirected email, I'll unburden myself first."
6412,6375,5,16,131,152,1.1710526315789473,0.03707725088334787,650,I would prefer the weight of the world on my shoulders and not my groin.
3972,6375,4,18,130,152,1.1710526315789473,0.03588292292060451,650,"Have you thought of pressing your clothes BEFORE you put them on?  
or
We only have an hour, so you might as well get it off your chest now."
5962,6375,4,18,130,152,1.1710526315789473,0.03588292292060451,650,Your sleazy gym called again about the past-due balance.
3015,6375,1,24,127,152,1.1710526315789473,0.03203387316738355,650,"Just hold your water, Lennie --it comes off after the Super Bowl."
4639,6375,2,22,128,152,1.1710526315789473,0.033366261490384144,650,Let's try to displace things off your chest today...
2025,6375,2,22,128,152,1.1710526315789473,0.033366261490384144,650,"Thank you, but I see no reason for you to iron the couch."
808,6375,4,18,130,152,1.1710526315789473,0.03588292292060451,650,"If you could say anything at all to your high school gym teacher, what would it be?"
5874,6382,2,16,99,117,1.170940170940171,0.038941563546433924,650,It's the newest alternative to electroshock therapy
7556,6383,1,25,132,158,1.1708860759493671,0.03135397381778287,650,My radica ADHD therapy has now begun.
5205,6383,3,21,134,158,1.1708860759493671,0.033827843329616934,650,This is how carrying around a ton of weight actually feels.
6648,6383,4,19,135,158,1.1708860759493671,0.034999266269688516,650,"Now, let's take some of that weight off."
1450,6386,3,15,105,123,1.170731707317073,0.039501284398971506,650,Breathe. Now tell me why you feel stuck.
4121,6386,2,17,104,123,1.170731707317073,0.03777659920961158,650,You seem very grounded. We have a good foundation to start treatment!
562,6388,6,10,113,129,1.1705426356589148,0.042800509351468556,650,Fuck shit bitch
1665,6388,1,20,108,129,1.1705426356589148,0.03501804457285398,650,"The weight of man is heavy but, cannot be noticed."
4134,6390,3,17,115,135,1.1703703703703703,0.03723551022547329,650,I’m sure the heavy feeling in your chest is nothing serious.
3255,6390,5,13,117,135,1.1703703703703703,0.040094885718485504,650,Oh you meant you wanted someone who would WAIT for you...
5203,6390,2,19,114,135,1.1703703703703703,0.035720091016650315,650,The new lounge chair came in yesterday. Does it feel a little firm to you?
5224,6390,2,19,114,135,1.1703703703703703,0.035720091016650315,650,It's better than the two ton gorilla you used to have
7163,6390,2,19,114,135,1.1703703703703703,0.035720091016650315,650,You're making this a heavy lift.
8,6390,2,19,114,135,1.1703703703703703,0.035720091016650315,650,The key is to bring awareness to your inner temple
6248,6390,3,17,115,135,1.1703703703703703,0.03723551022547329,650,"Peter Sagal, and if this is the best you can do, we are over."
5788,6397,2,20,119,141,1.1702127659574468,0.03480652387420695,650,I am a therapist.  I am not here to get something off your chest.
5414,6397,4,16,121,141,1.1702127659574468,0.037604897944193055,650,"Good thing Home Depot has longer hours, since the pharmacy was all out of Ritalin."
2387,6397,4,16,121,141,1.1702127659574468,0.037604897944193055,650,"I understand that life feels awfully heavy for you right now, but if you'll just give it some time..."
2801,6397,2,20,119,141,1.1702127659574468,0.03480652387420695,650,Something about managing my father-in-law's construction company is just weighing on me.
3451,6397,3,18,120,141,1.1702127659574468,0.03623273694877958,650,And your father was a ziggurat?
3764,6397,3,18,120,141,1.1702127659574468,0.03623273694877958,650,I hear you saying that you are hostile to the Egyptians who came up with this idea.
6709,6397,3,18,120,141,1.1702127659574468,0.03623273694877958,650,You’ve got to rise above your problems...
4739,6404,1,23,123,147,1.1700680272108843,0.03255662459241948,650,"Now that you mention it, I have something weighting on my mind that I want to get off also!"
5127,6404,0,25,122,147,1.1700680272108843,0.031092536801235436,650,"No, it's not quite the weight of the world weighing me down... it feels more like 2 tons of solid steel."
5854,6404,4,17,126,147,1.1700680272108843,0.03659914869499552,650,You feel our sessions are too weighty?
2348,6404,6,13,128,147,1.1700680272108843,0.03906243214943865,650,#you2 - tons
6090,6404,1,23,123,147,1.1700680272108843,0.03255662459241948,650,There are easier ways to look thinner.
3464,6404,2,21,124,147,1.1700680272108843,0.033957646634701966,650,"I specialize in weight loss of a different kind.

I was expecting to talk about a somewhat less literal burden..."
104,6404,0,25,122,147,1.1700680272108843,0.031092536801235436,650,At least it's not on your shoulder's!
2114,6411,3,20,130,153,1.1699346405228759,0.03443840274848347,650,"So, you thought it was the Liberty Bell? And now you are squaring up to the fact that you're just a flotation device for Trump's ""National Emergency"" diving bell?"
4936,6412,4,19,136,159,1.169811320754717,0.03479505107279786,650,"So tell me,why do you feel there’s a huge weight on your chest?"
6258,6413,0,28,137,165,1.1696969696969697,0.029311188674983144,650,Bear up! You don't get a second chance to make a good first impression.
4791,6414,5,10,103,118,1.1694915254237288,0.04390256411968632,650,So what you are trying to tell me is that you feel you are carrying a great weight?
4922,6415,3,15,106,124,1.1693548387096775,0.0392056153777788,650,"I learnt it from the free download, 'How to be a Life Coach.'"
1112,6415,1,19,104,124,1.1693548387096775,0.03570461580842631,650,Your symptoms suggest you should see a cardiologist. I can offer a referral if you'd like.
947,6417,3,16,111,130,1.1692307692307693,0.03804786480885628,650,You better like it. We're not paying to return a three thousand dollar mattress.
1421,6417,5,12,113,130,1.1692307692307693,0.04106289304550681,650,What? You asked me to help you get a huge weight off your shoulder.
2057,6417,3,16,111,130,1.1692307692307693,0.03804786480885628,650,You will feel a heavy load off your chest at the end of our session.
2160,6417,2,18,110,130,1.1692307692307693,0.036446939955723866,650,"Considering this new revelation, I will call the crane back in."
399,6417,3,16,111,130,1.1692307692307693,0.03804786480885628,650,"Yes I learned negotiating with the inner child from the NY construction business, why do you ask?"
451,6417,1,20,109,130,1.1692307692307693,0.034772386282210736,650,'So you're not having problems settling down?'
6091,6417,3,16,111,130,1.1692307692307693,0.03804786480885628,650,"I see you're making progress on your nervous fidgeting."" 
Dave Stravers, Fountain Hills, A"
6843,6417,3,16,111,130,1.1692307692307693,0.03804786480885628,650,"So when you say, you feel the weight of the world, you mean?..."
2779,6417,2,18,110,130,1.1692307692307693,0.036446939955723866,650,I hope you don’t feel too much pressure to speak the truth today!
2912,6426,2,19,115,136,1.1691176470588236,0.03547859377751011,650,I DO like the role reveral exercises.
579,6426,3,17,116,136,1.1691176470588236,0.036981929077634895,650,"I've told you mr. Smith, it is a figurative speech... ."
1517,6426,4,15,117,136,1.1691176470588236,0.03842649528875689,650,Tell me why you feel as though you have the weight of the world on your body?
402,6426,5,13,118,136,1.1691176470588236,0.039818689105123664,650,I knew you were exaggerating when you said you had the weight of the world on your shoulders.
1986,6426,3,17,116,136,1.1691176470588236,0.036981929077634895,650,Joanne suddenly realized that they would do almost anything to get her to leave her rent-controlled office.
2908,6426,4,15,117,136,1.1691176470588236,0.03842649528875689,650,Wow Honey! That's a weight of your mind.
4743,6426,3,17,116,136,1.1691176470588236,0.036981929077634895,650,You can probably just weight it out.
2222,6426,3,17,116,136,1.1691176470588236,0.036981929077634895,650,And why is that so crushing to you?
5141,6434,4,16,122,142,1.1690140845070423,0.037358371028687,650,Could you help me with this great weight I've been carrying around?
6527,6434,4,16,122,142,1.1690140845070423,0.037358371028687,650,I just have this terrible weight on me and I can’t get it off!
2405,6436,2,21,125,148,1.1689189189189189,0.03374699228494797,650,George and Doris discuss weighty matters.
4001,6436,1,23,124,148,1.1689189189189189,0.032356310434335726,650,Your problems are always so weighty. Lighten up!
6786,6436,1,23,124,148,1.1689189189189189,0.032356310434335726,650,What's weighing you down now?
5221,6436,2,21,125,148,1.1689189189189189,0.03374699228494797,650,You’re right! It is a lovely waiting room.
2109,6436,2,21,125,148,1.1689189189189189,0.03374699228494797,650,I put it there so you could get something off your chest.
1368,6441,4,18,132,154,1.1688311688311688,0.03544997923156578,650,"It should be on your shoulders, not your stomach."
1816,6442,1,25,134,160,1.16875,0.03099740681992202,650,"My father did leave us, how'd you know?"
3382,6443,5,18,143,166,1.1686746987951808,0.03485593803043552,650,"I know talking to me will get a weight off  your shoulders, but you are carrying a really heavy burden now."
2636,6443,2,24,140,166,1.1686746987951808,0.03155754055052784,650,"Now, tell me again why it feels like you have a thousand pound weight on your chest during your appointment with me."
6402,6445,2,16,101,119,1.1680672268907564,0.03833771426240422,650,Doctor- the weight of the world is on me!
3278,6445,3,14,102,119,1.1680672268907564,0.04015233726899348,650,Do your shoulders feel less heavy now?
4592,6447,2,17,106,125,1.168,0.037219488478223955,650,Emotional weightlessness should be your focus.
3199,6447,3,15,107,125,1.168,0.03891429789479905,650,"I did say I would help you lift the weight on your mind and I didn't mind doing all the heavy liftings, but I didn't mean it literally."
6237,6447,3,15,107,125,1.168,0.03891429789479905,650,"So, tell me how you FEEL about this burden."
5233,6447,3,15,107,125,1.168,0.03891429789479905,650,That's a heavy confession.
6762,6451,1,20,110,131,1.16793893129771,0.03453010082909961,650,You sound like this situation is sitting pretty heavy on you right now.
5723,6451,1,20,110,131,1.16793893129771,0.03453010082909961,650,"Yes, that and the Monty Python theme constantly running through your head indicates you're suffering from BBCD..."
2040,6451,3,16,112,131,1.16793893129771,0.03777839974721517,650,So when did you start feeling this way?
532,6451,7,8,116,131,1.16793893129771,0.04355418161147778,650,Trust me: you’ll feel light as a feather.
273,6451,4,14,113,131,1.16793893129771,0.03930200121567205,650,"Well, for years you've been telling me about how much you wanted to be  like Gumby."
1080,6451,2,18,111,131,1.16793893129771,0.0361907125567332,650,"Now I've had that placed there until such a time as you can explain just HOW you're going to pay your counseling bill"""
92,6451,3,16,112,131,1.16793893129771,0.03777839974721517,650,"To be concrete, or not to be concrete, that is your question."
6587,6458,4,15,118,137,1.167883211678832,0.03816494768254733,650,"Yeah, well, that burrito I had at lunch is not doing a whole heck of lot for me either."
2230,6458,3,17,117,137,1.167883211678832,0.036731744100379986,650,It's not like you have a lot going on...
4516,6458,4,15,118,137,1.167883211678832,0.03816494768254733,650,"We need to talk about the new habits you've developed since I lost weight."""
3168,6458,1,21,115,137,1.167883211678832,0.0336828830527354,650,Have you tried taking the weight off your chest?
3505,6458,4,15,118,137,1.167883211678832,0.03816494768254733,650,"I said , “You are a dead weight.” Not that we need a dead weight."
6202,6458,2,19,116,137,1.167883211678832,0.03524030104440121,650,You seem to have a lot on your body.
4604,6458,1,21,115,137,1.167883211678832,0.0336828830527354,650,I recommend some Crossfit Weightlifting classes.
3935,6458,3,17,117,137,1.167883211678832,0.036731744100379986,650,"You did not want the prisoner home monitor system, so they weighed the options and pressed you into immobility."
6313,6466,0,24,119,143,1.167832167832168,0.03136164914562466,650,"I like pressure on me when I sleep, is this too much?"
2550,6466,3,18,122,143,1.167832167832168,0.03576355974804333,650,"So tell me, Jared, how long have you felt this way -- crushed by the weight of the world?"
107,6466,6,12,125,143,1.167832167832168,0.03968011308666434,650,"Jerry, I think a gym would better help you get that weight off your chest."
1248,6466,3,18,122,143,1.167832167832168,0.03576355974804333,650,'Getting something off your chest' generally refers to gaseous rather than solid matter.
4126,6466,3,18,122,143,1.167832167832168,0.03576355974804333,650,So... you say you feel a weight. Tell me about it.
6115,6466,4,16,123,143,1.167832167832168,0.03711502744295631,650,I'm not sure...but I just feel this heavy weight on me...
6911,6466,1,22,120,143,1.167832167832168,0.032894469039229,650,"Yeah, Doc. So far therapy is not working."
4675,6473,4,17,128,149,1.167785234899329,0.036142045685466466,650,"Metric ton or British ton, minister, how do you really feel about Brexit?"
4850,6473,3,19,127,149,1.167785234899329,0.03486477799675684,650,Try thinking pleasant thoughts.  It’s not like it’s a pressing issue.
6868,6473,4,17,128,149,1.167785234899329,0.036142045685466466,650,Can’t you shrink this for me?
1001,6473,2,21,126,149,1.167785234899329,0.033538903130483196,650,Are you comfortable Mr. Smith ... Mr. Smith ... Mr. Smith!!!!!
2535,6477,1,24,130,155,1.167741935483871,0.03146919792415939,650,What makes you think I can lift that!
1634,6477,3,20,132,155,1.167741935483871,0.03402770605128512,650,"No, I feel guiltier..."
2316,6479,0,27,134,161,1.1677018633540373,0.029535777920771486,650,You have only 30 days to return it for a full refund. That’s the problem.
213,6480,1,19,106,126,1.1666666666666667,0.03518657752744984,650,"Yes, we may discuss your heavy burdens. But first you take that silly thing off."
3207,6480,3,16,113,132,1.1666666666666667,0.03751268837181866,650,"We should probably send you to the ""weighting'' room"
4330,6480,2,18,112,132,1.1666666666666667,0.035938021201469154,650,So dock the pain in my head will go away if I keep this with me at all times right?
3692,6480,0,23,115,138,1.1666666666666667,0.03184002999586958,650,You must have had a ton of work to get off your chest today!
6234,6480,4,14,114,132,1.1666666666666667,0.039023867182598794,650,"In the new “CrossFit counseling,” patients are required to literally get the weight off their chest."
5298,6480,3,18,123,144,1.1666666666666667,0.035533452725935076,650,"You could always go back to ""Don't Eat Unless You're Hungry""..."
5935,6480,3,17,118,138,1.1666666666666667,0.03648488835845413,650,Could you be imagining that the pressure of reality immobilizes you ?
2374,6480,3,15,108,126,1.1666666666666667,0.03862723769652047,650,"So, how exactly did you get that weight on top of you?"
6281,6480,5,14,125,144,1.1666666666666667,0.03816905103452871,650,I get this a lot.
6486,6480,4,14,114,132,1.1666666666666667,0.039023867182598794,650,I thought you get paid by the hour.
7109,6480,3,19,128,150,1.1666666666666667,0.034649625823724085,650,"Freudian slip? No, no...the term is Freudian grip. I'm afraid you don't have quite enough strength to take hold of the burden you've been bearing..."
1369,6480,4,16,124,144,1.1666666666666667,0.036874806572392484,650,"Can you feel the weight of the world on you, Mr Wilson? Now, ""own"" your hostility, and tell me how grateful you feel for being alive."""
4877,6480,2,19,117,138,1.1666666666666667,0.03500515041721526,650,"When you lifted that weight off your shoulders,you were doing crunches,weren't you?"
4729,6480,2,20,122,144,1.1666666666666667,0.03413943709994594,650,Can you name the things that feel heavy?
2327,6480,0,20,100,120,1.1666666666666667,0.034163335903782815,650,That Keto Diet isn't all it's cracked up to be.
229,6480,5,15,130,150,1.1666666666666667,0.0371425293558481,650,It looks like you're having a ton of fun.
2043,6480,1,18,101,120,1.1666666666666667,0.03615507630310935,650,Cognitive therapy is a good way to lose the weight.
1605,6480,1,17,96,114,1.1666666666666667,0.0372069967416221,650,Tell me more about your wife is weighing you down...
1449,6480,2,20,122,144,1.1666666666666667,0.03413943709994594,650,"Now, Mr. Davenport, don't you think it's wrong to blame external forces for your internal bleeding?"
1157,6480,2,17,107,126,1.1666666666666667,0.036946980459563475,650,There goes my afternoon
679,6480,3,14,103,120,1.1666666666666667,0.03984095364447978,650,Let me put you in touch with a percussion specialist.
539,6480,3,18,123,144,1.1666666666666667,0.035533452725935076,650,I'm sorry to say but you still have unpaid bill from last session
2026,6480,4,14,114,132,1.1666666666666667,0.039023867182598794,650,"If we can move that away from your shoulders, we'll call it a success."
3716,6480,4,15,119,138,1.1666666666666667,0.03790690703982399,650,"Spa comfort blankets come in different weights, Mr. McConnell. We will try another if this isn't sufficiently enwrapping, given current circumstances."
1555,6480,1,21,116,138,1.1666666666666667,0.03346003635585099,650,I find that my patients are much better able to get the monkey off their back by focusing on the burden of guilt on their chest
2277,6480,3,14,103,120,1.1666666666666667,0.03984095364447978,650,And as you open up a great weight will be lifted from you...metaphorically.
4989,6506,0,26,131,157,1.1656050955414012,0.02976188061332524,650,Feel fortunate...at least the weights not on you shoulders.
655,6507,4,17,130,151,1.1655629139072847,0.03569612190851596,650,I take my practice very literally
2686,6508,1,22,122,145,1.1655172413793105,0.03248016356539033,650,I see you recently stacked on the pounds
3619,6508,5,14,126,145,1.1655172413793105,0.03792232571568649,650,Tell me more about this person who haws a crush on you.
3671,6508,5,14,126,145,1.1655172413793105,0.03792232571568649,650,Tell me more about the dream you had with St. Peter shopping at the company store.
7175,6511,5,13,121,139,1.1654676258992807,0.03901231101879026,650,Now we're talking...
1568,6511,2,19,118,139,1.1654676258992807,0.03477308107373989,650,Maybe you shouldn’t weight so long between appointments.
4980,6511,3,17,119,139,1.1654676258992807,0.03624129663679543,650,Tell me again what that weight loss ad promised.
754,6511,1,21,117,139,1.1654676258992807,0.03324007750901876,650,I'm sensing an unmovable weight on your chest
4725,6511,2,19,118,139,1.1654676258992807,0.03477308107373989,650,"""I didn't mean the whole load."""
188,6516,3,16,114,133,1.1654135338345866,0.03725065370728289,650,"Weight, weight, don’t tell me!” Ha! Thanks, I’m here all sessio"
5978,6516,1,20,112,133,1.1654135338345866,0.034055379435772214,650,"Obviously, you have a lot of weight to get off your chest!"
5973,6516,2,18,113,133,1.1654135338345866,0.03568879425067709,650,I'm sorry the weight of our marriage is crushing me
5167,6516,4,14,115,133,1.1654135338345866,0.03874961120027727,650,As your therapist. My diagnosis is that you act like you are carrying the weight of the world .
4132,6516,3,16,114,133,1.1654135338345866,0.03725065370728289,650,"When I talked to you on the phone I thought you meant a metaphorical weight was on you."" Jeff Roth, Hermann, M"
818,6516,1,20,112,133,1.1654135338345866,0.034055379435772214,650,"Oh, something's weighing on you and need a hand from a loved one? That's how I feel all the time."
2743,6516,3,16,114,133,1.1654135338345866,0.03725065370728289,650,I feel like you're making fun of me.
44,6523,3,15,109,127,1.1653543307086613,0.038344343192484386,650,And how do you feel about this heavy weight placed upon you?
760,6523,3,15,109,127,1.1653543307086613,0.038344343192484386,650,It’ll get your mind off the metaphorical weight on your chest.
3435,6525,2,15,98,115,1.1652173913043478,0.038922236193059345,650,Serves you right for not coming to the yoga class.
6324,6525,2,15,98,115,1.1652173913043478,0.038922236193059345,650,'I'm beginning to suspect you have much to get off of your chest'
3311,6527,4,19,141,164,1.1646341463414633,0.03380839479051624,650,I understand you have a very weighty problem...
5310,6528,1,23,128,152,1.1644736842105263,0.031578765829616454,650,I’m just being dramatic about not caring about it.
4778,6529,2,20,124,146,1.1643835616438356,0.033708575249824374,650,Let's discuss getting that weight off your chess.
1939,6529,3,18,125,146,1.1643835616438356,0.035081923502890106,650,"So you see doctor, I am carrying around the weight of the world."
1547,6529,4,16,126,146,1.1643835616438356,0.036403498018077796,650,The gym was stressful.
1015,6529,3,18,125,146,1.1643835616438356,0.035081923502890106,650,"I don't know that I'd describe it was weight-loss, per se."
3925,6529,2,20,124,146,1.1643835616438356,0.033708575249824374,650,"What it means to be standard, poor, average and weighted."
7077,6534,4,15,121,140,1.1642857142857144,0.03740107099514934,650,"I don't know, Donald, it's like this heavy burden has been lifted from my shoulders. Where's the remote?"
5026,6534,3,17,120,140,1.1642857142857144,0.0360009053867454,650,guaranteed to loose 30 pounds in 30 seconds
1978,6534,5,13,122,140,1.1642857142857144,0.03875067785862603,650,Last time you mentioned that you have a ton you want to get off your chest.
2774,6534,4,15,121,140,1.1642857142857144,0.03740107099514934,650,"Should I cut fats, carbs, do gluten free?  I give up."
4022,6534,3,17,120,140,1.1642857142857144,0.0360009053867454,650,At least we got weight off your shoulders.
1093,6539,2,18,114,134,1.164179104477612,0.03544296195119237,650,I think we're ready to touch on some of your deepest most fearful issues John.
2627,6539,3,16,115,134,1.164179104477612,0.03699222083773449,650,I used to use a gorilla.
2955,6539,2,18,114,134,1.164179104477612,0.03544296195119237,650,It's gas...or Trump...your pick.
5682,6539,4,14,116,134,1.164179104477612,0.03847915348785321,650,So you're promoting an international weight-of-the-world standard?
2152,6543,3,15,110,128,1.1640625,0.03806552536364932,650,I just feel like I have this weight on my chest.
2952,6543,0,21,107,128,1.1640625,0.032861675748836264,650,So were you saying you wanted to loose weight or pressure?
3430,6543,3,15,110,128,1.1640625,0.03806552536364932,650,That’s just another common misconception about shrinks.
1418,6543,7,7,114,128,1.1640625,0.04405803224682871,650,"So, what does it feel like?"
6669,6547,6,8,108,122,1.1639344262295082,0.04410923572861026,650,I hope that blanket is heavy enough Fred
4868,6547,4,12,106,122,1.1639344262295082,0.040922593793579674,650,What exactly do you mean by saying it’s simply mind over matter ?
4534,6547,4,12,106,122,1.1639344262295082,0.040922593793579674,650,This is the quickest way I know to get rid of your beer belly.
3686,6547,1,18,103,122,1.1639344262295082,0.035611931878833145,650,My job is to take the weight off your chest
3216,6547,2,16,104,122,1.1639344262295082,0.037465887004401,650,"All my soul-searching hasn’t really done much, I still feel like I’m living under a weight all the time."
2084,6552,2,15,99,116,1.1637931034482758,0.038611519043994694,650,I think you've over reacted to my suggestion that we put a wait on our relationship.
3166,6553,4,10,96,110,1.1636363636363636,0.043849908399003025,650,Crushing weight? Or portable pyramid?
2199,6554,2,22,135,159,1.1635220125786163,0.0320146126332741,650,"Yes, obviously we have nothing left to talk about."
7424,6555,4,17,132,153,1.1633986928104576,0.03526097642631427,650,I warned you an appointment with me involves a big weight.
338,6555,2,21,130,153,1.1633986928104576,0.032731297476972745,650,"So, using the couch doesn't help?"
1681,6557,4,16,127,147,1.163265306122449,0.036172296468796966,650,"Quit yer whining. When the cops get here, they can take it off of ya'."
2724,6557,4,16,127,147,1.163265306122449,0.036172296468796966,650,Why do you think there's a giant weight on you?
6271,6559,3,17,121,141,1.1631205673758864,0.03576365267421032,650,"Like I said, just pretend that burden is in your head. I know you wish you'd lifted the first one - don't make me ramp it up again."
5530,6559,4,15,122,141,1.1631205673758864,0.03715314219814079,650,"Now that little Jimmy takes a break, let's talk about big Jimmy."
5216,6559,2,19,120,141,1.1631205673758864,0.03431795055080989,650,"Now I see this as your guilt, ​and you need to be strong and take responsibility."
3912,6559,3,17,121,141,1.1631205673758864,0.03576365267421032,650,what makes you feel weighed down lately?
942,6559,5,13,123,141,1.1631205673758864,0.03849250703434355,650,I can’t see any difference. And you call yourself a SHRINK?
1123,6564,3,16,116,135,1.162962962962963,0.03673731683969508,650,That must be really  hard.  Can you show me where you feel it inside your body?
6182,6564,1,20,114,135,1.162962962962963,0.033593359605032916,650,It's like a weight's been lifted from my shoulders and dropped on my chest?
4266,6564,3,16,116,135,1.162962962962963,0.03673731683969508,650,I hope this pyramid diet helps him.
3919,6564,2,18,115,135,1.162962962962963,0.035200456375828436,650,"A number of my clients have weight issues-  so yes, I can lighten your burden."
5553,6564,3,16,116,135,1.162962962962963,0.03673731683969508,650,It's a new form of resistance training; you'll have to work up to carrying the weight of the world.
1944,6564,6,10,119,135,1.162962962962963,0.04100372430793054,650,I feel a lot of weight on me and I think I’m starting to get an erection.
551,6570,3,15,111,129,1.1627906976744187,0.037790697674418616,650,"Doctor, I think I'm not prepared for a  heavier discussion"
5280,6570,3,15,111,129,1.1627906976744187,0.037790697674418616,650,"obviously you feel as if you have this great weight weighing you down,we all do..."
7235,6570,2,17,110,129,1.1627906976744187,0.03615263198871635,650,Just to avoid going out to dinner!
589,6570,1,19,109,129,1.1627906976744187,0.034436735744024935,650,"No, Daryl, oppression is not actually measured in weight."
1244,6574,2,16,105,123,1.1626016260162602,0.03718393166501752,650,"Now, about this heavy metal band you keep hallucinating about?"".."
2954,6574,2,16,105,123,1.1626016260162602,0.03718393166501752,650,"Recently, all my problems have been weighing me down"
3987,6576,2,15,100,117,1.1623931623931625,0.03830567363544256,650,Get used to it....
4913,6576,2,15,100,117,1.1623931623931625,0.03830567363544256,650,Let’s talk about your compression.
5503,6576,4,11,102,117,1.1623931623931625,0.04197676816193102,650,"Well, this is a first. 
I can see your illusion. 
Scoot over."
6015,6579,0,25,129,154,1.1623376623376624,0.029812501843565306,650,"No, go on. It's only just hitting me."
2689,6580,2,20,126,148,1.162162162162162,0.03328833244884829,650,"I know you stay 'cause you love me. I just want to support you in that, honeybunny."
1417,6581,2,19,121,142,1.1619718309859155,0.0340947751906559,650,I... I'm not sure how to describe it.
6769,6581,1,21,120,142,1.1619718309859155,0.03259698719873232,650,"Honey, don't you think it's time to lighten our load?"
5875,6581,4,15,123,142,1.1619718309859155,0.03690845346306802,650,"And why do you think ""Mary Poppins"" is the best movie ever made?"
6683,6581,2,19,121,142,1.1619718309859155,0.0340947751906559,650,Phew !...that takes a big load off my back !
1331,6585,3,16,117,136,1.161764705882353,0.036485870717506655,650,"That's it, you relax and take the weight off your feet"
4194,6585,3,16,117,136,1.161764705882353,0.036485870717506655,650,It's more like your whole body.
811,6585,3,16,117,136,1.161764705882353,0.036485870717506655,650,Handling past-due notices this way saves us a stamp.
4533,6585,3,16,117,136,1.161764705882353,0.036485870717506655,650,In the future try leaving your problems at the door.
7587,6585,5,12,119,136,1.161764705882353,0.03935840044719661,650,"Honey, this isn't what I had in mind when I suggested role playing."
4290,6585,4,14,118,136,1.161764705882353,0.03794932441939181,650,I think we're agreed regarding who's at fault here.
6487,6585,5,12,119,136,1.161764705882353,0.03935840044719661,650,I just feel like I'm carrying such a huge burden on my shoul......chest
6532,6592,1,14,84,99,1.1616161616161615,0.03985924189591093,650,"If you're feeling better in an hour or so, let's go for a walk."
753,6593,4,13,113,130,1.1615384615384616,0.039076772827079095,650,"Present weighing issues we will tackle next week. Earlier you mentioned insomnia. Frank Buckley Andover, MA"
4835,6593,2,17,111,130,1.1615384615384616,0.035895306180967736,650,"Doc, I’m pretty sure King Tut is buried in this pyramid"
5708,6593,2,17,111,130,1.1615384615384616,0.035895306180967736,650,I feel like a weight has been lifted from my shoulders.
941,6593,1,19,110,130,1.1615384615384616,0.034193748280183574,650,"I may be a couch potato, but I ain't mashed!"
1226,6593,2,17,111,130,1.1615384615384616,0.035895306180967736,650,"""OK, I get it, Carl. You want pancakes for breakfast again."
3002,6593,1,19,110,130,1.1615384615384616,0.034193748280183574,650,Your life under the weight of the world provides a challenge for both of us.
6670,6593,4,13,113,130,1.1615384615384616,0.039076772827079095,650,If those asthma symptoms get worse you might want to get a checkup.
998,6600,3,20,138,161,1.1614906832298137,0.03285180010337364,650,So tired of doing pushups.
5790,6601,2,16,106,124,1.1612903225806452,0.036906145404343574,650,"Now, as an Egyptologist, I want you to feel your inner mummy."
5235,6601,3,14,107,124,1.1612903225806452,0.03864186734835741,650,Those shoes have got to go!
475,6601,1,18,105,124,1.1612903225806452,0.03508465797246783,650,"Relax...it's supposed to help you visualize the weight of your troubles, not suffocate you."
2660,6601,3,14,107,124,1.1612903225806452,0.03864186734835741,650,Well at least the weight is off your shoulders”
5201,6605,3,18,128,149,1.1610738255033557,0.034425546828461204,650,Would you say your feelings are heavy?
48,6605,3,18,128,149,1.1610738255033557,0.034425546828461204,650,"It’s weird, Doc, I’ve just felt this heavy weight on me for awhile."
2421,6605,7,10,132,149,1.1610738255033557,0.039343324220347656,650,"I know, it feels like you have the weight of  the whole world on your chest but, actually it's only a 10 ton paper weight I keep in my office."
694,6608,5,9,104,118,1.1610169491525424,0.04334676852376789,650,"I'm sorry Mr Clutterbuck, but for me to help you we must keep this relationship purely professional."
906,6608,1,17,100,118,1.1610169491525424,0.03604835828267723,650,"i am so glad you decided to come
in, i see you have something that’s bothering you. and you
cant get
out from under that weight 
literally"
3484,6608,4,11,103,118,1.1610169491525424,0.041642259662618,650,And that's when my boyfriend's grandmother handed me the dishwasher manual.
3526,6611,5,13,125,143,1.1608391608391608,0.037986283209084065,650,I can't move.
5934,6611,6,11,126,143,1.1608391608391608,0.039261313888868735,650,I saw old Carmen and the Devil walkin' side by side
6755,6611,4,15,124,143,1.1608391608391608,0.03666694227504125,650,"I don't think you're fit to do this, Joe."
3226,6614,2,18,117,137,1.1605839416058394,0.0347251624732724,650,"It may look like him, but it's not your brother."
3701,6614,2,18,117,137,1.1605839416058394,0.0347251624732724,650,It keeps the earth from moving
3691,6614,2,18,117,137,1.1605839416058394,0.0347251624732724,650,I agree your problems are weighing on you.
3062,6614,4,14,119,137,1.1605839416058394,0.03768980396216881,650,Have you tried going on a diet?
4068,6614,5,12,120,137,1.1605839416058394,0.03908789492493157,650,It was on sale--how could I resist.
4934,6614,3,16,118,137,1.1605839416058394,0.036237813341190174,650,Sorry about that. Your shoulders just aren't broad enough.
3061,6614,2,18,117,137,1.1605839416058394,0.0347251624732724,650,"You say I have no sense of gravitas. Try this for gravitas, mister."
124,6614,3,16,118,137,1.1605839416058394,0.036237813341190174,650,"Mr. Smith, this should help to lend some light on your problems."
714,6614,3,16,118,137,1.1605839416058394,0.036237813341190174,650,"Now, can you see your priorities surface?"
855,6614,2,18,117,137,1.1605839416058394,0.0347251624732724,650,I'm sending you straight to the nearest dispensary.
1794,6624,2,22,138,162,1.1604938271604939,0.03146790898406791,650,"Your'e lucky it's a extra-firm mattress, but now what?"
3436,6625,4,13,114,131,1.1603053435114503,0.03879693114778763,650,"You're lucky, most people have the world on THEIR shoulders."
5803,6625,6,9,116,131,1.1603053435114503,0.0417142840125391,650,Thinking you are a scale will not make you a scale.
4066,6625,4,13,114,131,1.1603053435114503,0.03879693114778763,650,It's thrilling to have control of our viewing options.
432,6625,4,13,114,131,1.1603053435114503,0.03879693114778763,650,Not what I had in mind when you suggested weights for my physical therapy.
5544,6625,4,13,114,131,1.1603053435114503,0.03879693114778763,650,Today's session is about feeling warm and mushy
256,6630,3,19,134,156,1.1602564102564104,0.03341197696110685,650,"your right, thats a bad one. luckily for you i am a specialist in treating entremley large and fucked-up looking penises."
1529,6631,1,18,106,125,1.16,0.034826760196814924,650,Have you tried not paying the crane bill.
5809,6631,0,20,105,125,1.16,0.032922195670124076,650,Not really understanding metaphors - it's a burden I bare every day.
307,6631,3,14,108,125,1.16,0.03835319728439188,650,The new Amazon Prime is just amazing.
3570,6631,1,18,106,125,1.16,0.034826760196814924,650,I never knew therapy could be so literal.
5856,6631,6,12,132,150,1.16,0.03793318038995207,650,And you're still calling this weight 'Ronan Farrow'?
6102,6631,2,16,107,125,1.16,0.03663243759117005,650,You will  feel lighter when we lift it; it’s the best way to keep eating all you want  and feel light.
5202,6637,1,21,122,144,1.1597222222222223,0.032181730781306074,650,"No, you areNOT having a heart attack !"
3213,6637,3,17,124,144,1.1597222222222223,0.03507012960242173,650,"Personally, I would have started lengthwise but, hey, you’re the shrink."
3811,6637,2,19,123,144,1.1597222222222223,0.033656929349029446,650,I'm only able to help you get the weight of the world off of your shoulders.
3025,6637,1,21,122,144,1.1597222222222223,0.032181730781306074,650,This helps you relieve the extra weight on your shoulders.
2342,6637,4,15,125,144,1.1597222222222223,0.0364285476989648,650,Stop torturing yourself.  You're not the only one who didn't realize Trump was corrupt.
1503,6637,2,19,123,144,1.1597222222222223,0.033656929349029446,650,No worries. You seem to have a pretty good weight distribution.
6353,6643,2,18,118,138,1.1594202898550725,0.034492246910911926,650,"Sorry, my practice is limited to light weights."
6591,6643,4,14,120,138,1.1594202898550725,0.037433783438991376,650,"Now Mr Jones, don't you feel like the weight has been lifted off your back?"
6101,6643,3,16,119,138,1.1594202898550725,0.03599307738663519,650,Have you tried lifting weights? Exercise really helps to improve your mood.
5333,6643,1,20,117,138,1.1594202898550725,0.0329230705458394,650,"Ms. Smith, I Feel Something Is Holding Me Down, I just Can't Figure Out What?"
1154,6643,2,18,118,138,1.1594202898550725,0.034492246910911926,650,It's no wonder that you feel the weight of the world on you.
1544,6643,4,14,120,138,1.1594202898550725,0.037433783438991376,650,Now he will talk!
2124,6643,2,18,118,138,1.1594202898550725,0.034492246910911926,650,There are other ways to get a flat stomach.
2796,6643,3,16,119,138,1.1594202898550725,0.03599307738663519,650,Are you saying life is a literal or a metaphoric burden? The difference is important.
3497,6643,4,14,120,138,1.1594202898550725,0.037433783438991376,650,"Wow, are you emotionally distraught or what?
Larry Findley, Hazelton, WV"
7575,6652,5,11,116,132,1.1590909090909092,0.03999413768998836,650,I've been working on some new techniques to achieve ego death.
3445,6652,1,19,112,132,1.1590909090909092,0.033717790045464394,650,"So, tell me about how the bell curve has affected your earnings."
7230,6652,2,17,113,132,1.1590909090909092,0.03539138011654745,650,"I really think that if you tell me about your childhood, it'll take the weight off your chest."
6175,6652,2,17,113,132,1.1590909090909092,0.03539138011654745,650,Now to get this  weight  off my chest!!
6693,6652,4,13,115,132,1.1590909090909092,0.038521041374316646,650,"Yes, I've heard of the ""Heavy Blanket"" for security. But I think you are taking it too far."
2929,6657,3,18,130,151,1.1589403973509933,0.034001318286075326,650,Sounds like a case of mass delusion.
111,6657,3,18,130,151,1.1589403973509933,0.034001318286075326,650,Are you saying you didn’t like my casserole?
3622,6657,2,20,129,151,1.1589403973509933,0.03267704736417365,650,This is a different approach to squeeze it out of you.  Just think of yourself as a large grape.
2864,6657,3,18,130,151,1.1589403973509933,0.034001318286075326,650,So this is your idea of quality time?
1979,6661,0,20,106,126,1.1587301587301588,0.03268454013011747,650,"Maybe you should simply get rid of this two ton weight. The mind follows the body, you know!"
3704,6661,2,16,108,126,1.1587301587301588,0.03636272016070186,650,Your issues are weighty.
4094,6661,1,18,107,126,1.1587301587301588,0.034572580038252664,650,"So, how long have you been weighting?"
5640,6661,1,18,107,126,1.1587301587301588,0.034572580038252664,650,"My shoulders do feel better,but..."
6014,6661,3,14,109,126,1.1587301587301588,0.03806877387662545,650,"Princess, can I at least read a New Yorker Magazine while we wait for your mother's visit?"
7072,6661,4,12,110,126,1.1587301587301588,0.039701582732351706,650,"Its reverse psychology, get that monkey off your back"
5951,6661,4,12,110,126,1.1587301587301588,0.039701582732351706,650,"Honey, you need to lose some weight."
5263,6668,3,17,125,145,1.1586206896551725,0.03484484227867613,650,In that case you may want to consider our unlimited plan
7561,6668,4,15,126,145,1.1586206896551725,0.036193210330652384,650,...Wouldn't you rather just discuss the inappropriate feelings you have for your mother Congressman?
1607,6668,2,19,124,145,1.1586206896551725,0.03344215293327851,650,"Why do you think you are resistant to ""literalism"" therapy?"
6612,6671,6,14,144,164,1.1585365853658536,0.03559946475210314,650,"Do you have to lay there like you have a 2000 lb. weight on your chest?
Lighten up!"
6966,6672,2,15,103,120,1.1583333333333334,0.03741626193688513,650,I told you this was going to be a weighty discussion.
2900,6672,1,17,102,120,1.1583333333333334,0.03549536075208471,650,I suggested you try waiting not weighting.
6806,6674,3,16,120,139,1.158273381294964,0.03575159727802202,650,The weight should help you focus on breathing.
6789,6674,3,16,120,139,1.158273381294964,0.03575159727802202,650,That is a flat out lie if I ever heard one.
6136,6674,4,14,121,139,1.158273381294964,0.03718119312885459,650,Working at the circus appears to be weighing on you.
5957,6674,2,18,119,139,1.158273381294964,0.034262403496756605,650,"As a therapist my answer has to be only you can move it.  However, in this case I can suggest a good Chiropractor."
4185,6674,2,18,119,139,1.158273381294964,0.034262403496756605,650,So you said you feel like the weight of the world is on you?
4100,6674,1,20,118,139,1.158273381294964,0.03270547169540973,650,I thought you had COPD; you're being literal!
2982,6674,4,14,121,139,1.158273381294964,0.03718119312885459,650,Weight! I wasn't finished telling my story.
6537,6674,1,20,118,139,1.158273381294964,0.03270547169540973,650,My Pilates instructor is a sadist.
5463,6674,2,18,119,139,1.158273381294964,0.034262403496756605,650,"We get it, you lift."
167,6674,2,18,119,139,1.158273381294964,0.034262403496756605,650,You feel like you have the weight of the world on you?
6394,6684,2,21,135,158,1.1582278481012658,0.03177430880270852,650,"Look Mr. Brown, I know you have a lot to get off your chest. But first you must relax"
2781,6684,3,19,136,158,1.1582278481012658,0.03301866676553321,650,I really don’t prefer the weight and see type of drs.
5741,6686,2,17,114,133,1.1578947368421053,0.03514463372218593,650,"I gotta say, your waiting room sure beats your weighting room."
3721,6686,3,18,131,152,1.1578947368421053,0.03379306652603567,650,YOU LOOK LIKE YOU ARE CARRYING THE WEIGHT OF THE WORLD ON YOU
2863,6686,2,14,98,114,1.1578947368421053,0.0385640150731949,650,"So, you feel relieved that a big weight has been lifted off your shoulders?"
2451,6686,2,20,130,152,1.1578947368421053,0.03247819221404412,650,"It's o.k., many think that they carry too much weight on their shoulders,  you can handles this"""
927,6686,2,17,114,133,1.1578947368421053,0.03514463372218593,650,"OK . . . Not really what I meant by ""just wait there on the settee""."
662,6691,3,17,126,146,1.1575342465753424,0.03462240635297646,650,Why do ask?
7348,6691,3,17,126,146,1.1575342465753424,0.03462240635297646,650,The news has been weighing me down lately
3092,6691,5,13,128,146,1.1575342465753424,0.03725127708213164,650,Take the weight off
2220,6691,4,15,127,146,1.1575342465753424,0.035960872249713095,650,"I just don't understand, I've tried every diet I could find but I can't seem to shed any weight"
2161,6695,4,12,111,127,1.1574803149606299,0.039407556215316816,650,OK. You can sleep in the bedroom.
3410,6695,3,14,110,127,1.1574803149606299,0.03778850499702885,650,I'm afraid there isn't enough time in the world to get your load off.
2341,6695,2,16,109,127,1.1574803149606299,0.03609690752623545,650,It helps you visualize your sense of guilt. And my parcel.
2320,6695,1,18,108,127,1.1574803149606299,0.03432203892551712,650,"Yes, but how do you feel about a 10,000 lb weight crushing"
1304,6695,4,12,111,127,1.1574803149606299,0.039407556215316816,650,"It was right then and there that the lamp
decided to excuse himself from the meeting."
6978,6700,0,17,91,108,1.1574074074074074,0.035207039905179684,650,And do you still feel it's accurate to say that it *literally* hit you like a ton of bricks?
374,6701,3,16,121,140,1.1571428571428573,0.03551330913238342,650,"For the last time, you need a literal weight-lifter."
527,6701,2,18,120,140,1.1571428571428573,0.03403557260592834,650,Will you take a check?
2476,6701,3,16,121,140,1.1571428571428573,0.03551330913238342,650,Well...You wanted me to have a flatter stomach.
3132,6701,2,18,120,140,1.1571428571428573,0.03403557260592834,650,How long have you had this weighted-down feeling?
3931,6701,0,22,118,140,1.1571428571428573,0.030868598231468238,650,That's a weighty argument in your favor.
5586,6701,3,16,121,140,1.1571428571428573,0.03551330913238342,650,No; how was your day?
3820,6701,0,22,118,140,1.1571428571428573,0.030868598231468238,650,When the concrete turns to dust you'll be done.  It will be as if a great weight has been lifted.
4054,6708,2,15,104,121,1.1570247933884297,0.037128813933096506,650,"I can't live with ""She ain't heavy, she's my mother."""
5515,6708,1,17,103,121,1.1570247933884297,0.03522510152216095,650,"Even if I could see the handle, there’s nothing I can do. Cash or card?"
5208,6708,1,17,103,121,1.1570247933884297,0.03522510152216095,650,"I have that so when we get to the deep part,you can't run away."
4220,6708,3,13,105,121,1.1570247933884297,0.03893956690707354,650,Sixteen tons and whaddya get? Another day older and deeper in debt! Republicans don't call me I'm telling you - you can @#$%^&*( if you do!
2644,6712,2,20,131,153,1.1568627450980393,0.03228171789394645,650,"Well, Doctor, since the election time I have this strange sensation that a eavy burden have been sitting on my chest"
2142,6712,2,20,131,153,1.1568627450980393,0.03228171789394645,650,"If you keep having all those negative thoughts, you will never be able to climb out from under the weight of all your problems..... Think of something positive - the impeachment of Tantrum Trump."
2784,6712,3,18,132,153,1.1568627450980393,0.033587328297884106,650,Marie Kondo is coming in an hour. Your 45 boxes of old baseball cards top the list.
3779,6715,1,19,114,134,1.1567164179104477,0.033254741920004736,650,"When we psychologists offer to ""help take the weight off,"" we are referring to your mind."
2306,6715,4,13,117,134,1.1567164179104477,0.03798079004007504,650,"And when you leave this office, you'll feel like the weight of the world has been lifted from your chest."
3631,6715,4,13,117,134,1.1567164179104477,0.03798079004007504,650,"you look weighted down, i’m listening,
tell you your woes."
3293,6715,3,15,116,134,1.1567164179104477,0.036473546049626375,650,"Sorry, but I don't have a weighted blanket to offer you instead."
3458,6715,3,15,116,134,1.1567164179104477,0.036473546049626375,650,Thinking you're stoned isn't the issue.  You just need new friends.
4362,6715,3,15,116,134,1.1567164179104477,0.036473546049626375,650,You sold all our stocks for this?
4616,6715,4,13,117,134,1.1567164179104477,0.03798079004007504,650,You seem to have a load on your chest.
6744,6715,1,19,114,134,1.1567164179104477,0.033254741920004736,650,Not sure your urologist can help with that.
791,6723,4,15,128,147,1.1564625850340136,0.03573147697413617,650,"I tried to hide, but there they were; Carmen and the Devil walking side by side."
837,6723,4,15,128,147,1.1564625850340136,0.03573147697413617,650,I know you carry a heavy burden.  But continued therapy will help lighten the load!
4182,6723,4,15,128,147,1.1564625850340136,0.03573147697413617,650,"You're not a body builder anymore, John."
1415,6723,3,17,127,147,1.1564625850340136,0.034402768589717754,650,"You've put on a ton of weight, because you can't get off the couch."
1749,6727,1,18,109,128,1.15625,0.034075060441538296,650,"I'm sory, Fred. I'm just not strong enough to lift that weight. Would yo like some chucken soup?"
925,6727,3,19,138,160,1.15625,0.032634428081803654,650,I see my therapy help shift the weight from your shoulders...
763,6727,2,16,110,128,1.15625,0.035834916494356175,650,"Well ,you did say that you needed to take the weight of the world off your shoulders."
49,6727,5,10,113,128,1.15625,0.04066000157828891,650,Congrats! The weight of your stress is much lesser than what Trump is experiencing now...
2150,6727,1,18,109,128,1.15625,0.034075060441538296,650,You now can't feel the weight of the world on your shoulders
3600,6727,3,14,111,128,1.15625,0.03751230113203498,650,This diet thing is really weighing heavy on me lately...
5873,6727,3,14,111,128,1.15625,0.03751230113203498,650,"If you make the balloon bigger, it will be more impressive."
6901,6727,0,20,108,128,1.15625,0.03221922171672519,650,Neither the diet nor the gym worked.You think this is going to work ?
2639,6735,2,18,121,141,1.1560283687943262,0.03381169612215245,650,This weight I carry around with me is now literally bearing down on me....I can't take it anymore....
6652,6735,3,16,122,141,1.1560283687943262,0.03527815070621612,650,I'll let you out when you stop pressuring me.
876,6735,2,18,121,141,1.1560283687943262,0.03381169612215245,650,I suppose you're here to have me lift a weight off your shoulders?
380,6735,5,12,124,141,1.1560283687943262,0.038041847516096454,650,Your quality of life has gone up a ton since we started
5881,6739,0,17,92,109,1.1559633027522935,0.03491242362801977,650,I told you to put on weight but not like this.
4744,6740,2,15,105,122,1.1557377049180328,0.03684570883778276,650,Don't take this the wrong way doc but your weight times have never been bigger
3452,6740,1,17,104,122,1.1557377049180328,0.034958879599820865,650,"Doctor,are you resisting my wish to discuss countertransference?"
2988,6742,5,11,119,135,1.1555555555555554,0.039154506304142495,650,"Doc, I need this weight off my shoulders...and everywhere else."
3805,6742,2,17,116,135,1.1555555555555554,0.03466122336820361,650,"OK, it's big, it's heavy... I GET IT. You ARE manly."
2592,6742,2,17,116,135,1.1555555555555554,0.03466122336820361,650,"What do you think ""mustn't grumble"" means?"
1072,6742,4,13,118,135,1.1555555555555554,0.037716270287603874,650,I feel like there is this heavy weight holding me down.
2530,6746,4,15,129,148,1.1554054054054055,0.03550496941650487,650,Psychotherapy is not helping this load on my chest!
6982,6746,2,19,127,148,1.1554054054054055,0.03281380085501337,650,"Frankly, I thought your heart attack was more dramatic."
4820,6746,3,17,128,148,1.1554054054054055,0.034185877053393134,650,We must lift the great weight you feel pressing down on you
7259,6746,3,17,128,148,1.1554054054054055,0.034185877053393134,650,Come on you big baby. Chest pain Snest pain.
2384,6750,1,18,110,129,1.1550387596899225,0.0338315702521242,650,We needed to shift that stress you were carrying in your shoulders.
3978,6750,3,14,112,129,1.1550387596899225,0.037240075291813245,650,"You're another day older, and deeper in debt."
1850,6750,2,16,111,129,1.1550387596899225,0.035576666183499646,650,The weight of *this* world was heavy enough—now she’s got me into parallel universes.
5753,6753,2,18,122,142,1.1549295774647887,0.033590717391332715,650,"You know, I normally do this for shoulders, but let's go ahead anyway."
5621,6753,3,16,123,142,1.1549295774647887,0.035046061344057314,650,Mmhmm that reminds me of how I do CrossFit.
4535,6753,2,18,122,142,1.1549295774647887,0.033590717391332715,650,Not quite the weight of the world on your chest. I'd say closer to a ton.
3965,6753,2,18,122,142,1.1549295774647887,0.033590717391332715,650,I am going to rule out the Paleo diet...
1852,6753,2,18,122,142,1.1549295774647887,0.033590717391332715,650,"No, I don't think you have A.D.H.D."
187,6753,2,18,122,142,1.1549295774647887,0.033590717391332715,650,Does is still feel like you have the weight of the world on your shoulders or have we moved past that?
296,6753,2,18,122,142,1.1549295774647887,0.033590717391332715,650,"Trust me, your psychic pain will disappear in no time."
1551,6760,3,18,134,155,1.1548387096774193,0.03318321445118037,650,Think of it as a heavy weight
6860,6760,4,16,135,155,1.1548387096774193,0.034422563848069195,650,My couch isn't rated this.
1717,6760,3,18,134,155,1.1548387096774193,0.03318321445118037,650,Doctor please let me go.
2145,6763,4,11,108,123,1.1544715447154472,0.040046155440119593,650,"When life pins you down, you resort to exercise. When life pins me down, I resort to watching your feeble attempts."
2892,6763,2,15,106,123,1.1544715447154472,0.03656685005417629,650,I told you to take the weight OFF...
3267,6763,2,15,106,123,1.1544715447154472,0.03656685005417629,650,"I feel like there is a heavy weight pressing on my life, Sharon"
1907,6763,2,15,106,123,1.1544715447154472,0.03656685005417629,650,Now are you able to get in touch with how heavily your father's leaving weighed on you?
3403,6763,4,11,108,123,1.1544715447154472,0.040046155440119593,650,The results have been very encouraging.
3433,6763,1,17,105,123,1.1544715447154472,0.0346966064847819,650,So much for the 10 pound weight being lifted off your shoulders.
3885,6769,4,13,119,136,1.1544117647058822,0.03745538590930917,650,Tell me about your panettone.
5836,6769,3,15,118,136,1.1544117647058822,0.03597184276266143,650,Try to center yourself.
481,6769,2,17,117,136,1.1544117647058822,0.03442442461201057,650,Look I think if you just push a bit harder you can get this weight off your chest.
4824,6769,2,17,117,136,1.1544117647058822,0.03442442461201057,650,I believe you can free yourself from this tremendous weight you believe is upon you.
7332,6769,6,9,121,136,1.1544117647058822,0.040258798508680714,650,My approach is Temple Grandin.
5843,6774,4,15,130,149,1.1543624161073827,0.03528129584177321,650,"No, I said you'll have to wait."
4614,6774,4,15,130,149,1.1543624161073827,0.03528129584177321,650,And where were you when you learned of Dumbo's tragic death?
4235,6774,4,15,130,149,1.1543624161073827,0.03528129584177321,650,You seem cowed.
2185,6774,3,17,129,149,1.1543624161073827,0.03397168106978986,650,So tell me about this lead weight you imagine you're carrying on your shoulders.
3784,6778,2,18,123,143,1.1538461538461537,0.033372581176781886,650,You're here to get a huge weight off your chest???
5031,6778,2,20,134,156,1.1538461538461537,0.031706165110674034,650,Breath in and out and think calm and when the fire department gets her a huge weight will be lifted from your shoulders
5228,6778,3,16,124,143,1.1538461538461537,0.03481698192894427,650,Think of it as just the brother you never knew”
5584,6778,0,18,99,117,1.1538461538461537,0.03349955156582251,650,"If you want strength to lift this emotional weight, why not trust me as your spotter?"
703,6778,1,22,133,156,1.1538461538461537,0.030373803187722988,650,Now aren’t you glad you got that off your chest?
6282,6778,3,16,124,143,1.1538461538461537,0.03481698192894427,650,"So tell me, when did you first start huffing balloons?"
443,6778,3,12,102,117,1.1538461538461537,0.039551316085490784,650,"Ehhh john, i told you last time leave your fetich at home."
2628,6778,0,20,110,130,1.1538461538461537,0.0317667754367733,650,Can you alleviate my feelings of being weighed down?
3219,6778,2,18,123,143,1.1538461538461537,0.033372581176781886,650,"Osmosis, Mr. Stark, is not a fad."
5716,6778,1,18,111,130,1.1538461538461537,0.033591496037349206,650,Next time use the shoulders.
1904,6788,2,19,129,150,1.1533333333333333,0.03240773054773024,650,Do you often dream about being a crane operator?
4397,6789,0,21,116,137,1.1532846715328466,0.030892184549169636,650,How you feel about having 4 thousand pounds crushing the life out of you
5717,6789,3,15,119,137,1.1532846715328466,0.035726092524753957,650,"OK then, you need to get all these problems of your chest."
1158,6789,1,19,117,137,1.1532846715328466,0.032583266766481996,650,This is aversion therapy. You can give your problems a lot of weight.
7014,6792,2,15,107,124,1.153225806451613,0.036292143789718685,650,"Well, you no longer have the weight of the world on your ""shoulders,"" and you will have those flat abs you constantly talk about."
4334,6792,1,17,106,124,1.153225806451613,0.034438196196841034,650,"Steve, I think we may need to increase your dosage of Prozac."
4483,6792,2,15,107,124,1.153225806451613,0.036292143789718685,650,All of a sodden I feel light-headed.
3349,6795,2,13,96,111,1.1531531531531531,0.03881580053961578,650,Mandatory is mandatory
5982,6796,2,18,124,144,1.1527777777777777,0.03315723361604233,650,"I'm thinking of a song by David Bowie. If you guess it, this will conclude our session and consider yourself cured."
1981,6796,1,20,123,144,1.1527777777777777,0.03165875935572508,650,"When I told you to take a weight off your shoulders, I didn't say I wanted to share it."
4593,6796,3,16,125,144,1.1527777777777777,0.034590854834679996,650,"You know Bob, it just struck me that it seems like you might feel the weight of the world bearing down on your chest.  I really think that we are making great progress here!"
4261,6796,4,14,126,144,1.1527777777777777,0.035967378766307144,650,This is my new technique for calming the wild child within.
559,6796,2,18,124,144,1.1527777777777777,0.03315723361604233,650,One hundred for the analysis. Twenty more for the tanning couch.
2123,6801,1,18,112,131,1.1526717557251909,0.03335476742553483,650,I suggest you lay off shellfish and spinach foe a while.
3137,6801,1,18,112,131,1.1526717557251909,0.03335476742553483,650,"Just be patient Marge, this Bake-O-Lite process is going to make us famous."
5818,6801,1,18,112,131,1.1526717557251909,0.03335476742553483,650,I've got weighty problems of my own - quit moaning
3650,6801,1,18,112,131,1.1526717557251909,0.03335476742553483,650,"Yeah, I know: ""It feels like a leftover piece of Trump's 30' concrete wall""  - fuhgeddaboudit!"
4860,6801,3,14,114,131,1.1526717557251909,0.036707221826285365,650,No!  First promise me that you’ll never say that name again!
5730,6801,2,16,113,131,1.1526717557251909,0.03507107529158209,650,Strange...Most patients prefer to use the 'planet/shoulders' metaphor.
19,6801,2,16,113,131,1.1526717557251909,0.03507107529158209,650,Can you wait?
7165,6808,3,17,131,151,1.1523178807947019,0.0335511791469551,650,"Fine then, I'll take the second hour."
1003,6808,4,15,132,151,1.1523178807947019,0.03484224221977723,650,I now see the weight is off your shoulders
2221,6810,5,11,122,138,1.1521739130434783,0.0383492195172206,650,"Look, I know losing a pet can be quite crushing, but you need to talk about it to get it off your chest."
2165,6810,3,15,120,138,1.1521739130434783,0.035483652461182486,650,"Pulled into Nazareth, was feeling 'bout half past dead . . ."
5272,6810,1,19,118,138,1.1521739130434783,0.032365360285218366,650,"Now that you know what I mean, give me the top 3 things that is weighing down your chances of being successful in life."
158,6813,2,15,108,125,1.152,0.036021498956828185,650,It's called urge relief therapy.
3862,6813,2,15,108,125,1.152,0.036021498956828185,650,"Yes, I can help. I use to have the weight of the world on my shoulders at one time."
6854,6815,2,18,125,145,1.1517241379310346,0.03294462217923337,650,Have you tried the Keto diet?
2630,6815,4,14,127,145,1.1517241379310346,0.03573400357864326,650,Time's up. I can't help you getting the weight of world off you.
4274,6815,1,20,124,145,1.1517241379310346,0.031457315364147156,650,"When your girlfriend said ""wait for me,""  I don't think she  meant ""weight."""
6694,6815,4,14,127,145,1.1517241379310346,0.03573400357864326,650,Your weight is certainly keeping you down. How can I help?
6604,6815,0,22,123,145,1.1517241379310346,0.02989610759457461,650,I dislike men who are controlling.
7228,6820,2,16,114,132,1.1515151515151516,0.034823583817867154,650,I'd suggest a little more me-time to relieve the burden of your responsibilities.
2687,6820,2,16,114,132,1.1515151515151516,0.034823583817867154,650,What is your unconscious telling you when you feel like there's a weight on you?
2547,6820,0,20,112,132,1.1515151515151516,0.03132668427893629,650,"I just feel like there's a big weight on my chest all the time, doc."
5535,6820,2,16,114,132,1.1515151515151516,0.034823583817867154,650,I've been under a lot of weight with work lately.
1569,6824,2,19,131,152,1.1513157894736843,0.03201149532800048,650,He's pressing his shirt.
6483,6825,1,16,102,119,1.1512605042016806,0.0350770926697822,650,"No, no, Mr Jones, I said “Wait for things to get better”"
7375,6826,3,15,121,139,1.1510791366906474,0.035244456730693215,650,"Nnext 

Next week your weight therapy will be over and you will fill much better"
7022,6826,2,17,120,139,1.1510791366906474,0.03373288181709938,650,I read about this in a Michael Pollan book.
6885,6826,3,15,121,139,1.1510791366906474,0.035244456730693215,650,"When I say ""Keep Quiet"" I mean it."
3576,6826,2,17,120,139,1.1510791366906474,0.03373288181709938,650,meanwhile in the weighting room...
1409,6830,1,17,108,126,1.1507936507936507,0.0339326322641777,650,Beats dieting.
3184,6830,3,13,110,126,1.1507936507936507,0.03748855540487213,650,I only believed the weight had been lifted
6989,6830,1,17,108,126,1.1507936507936507,0.0339326322641777,650,"Beleieve me, you’ll feel decompressed after this"
6440,6830,2,15,109,126,1.1507936507936507,0.03575482707775329,650,I'm not sure if it's the burden of my marriage or the burden of your monthly bill.
2880,6830,2,15,109,126,1.1507936507936507,0.03575482707775329,650,"George, you're taking our divorce much too seriously."
7460,6835,3,16,127,146,1.1506849315068493,0.034147234283379825,650,"Although appointments are hard to come by, her patients agree the result of her cutting edge methods are worth the weight."
5513,6835,3,16,127,146,1.1506849315068493,0.034147234283379825,650,"Just to be clear, you know I charge by the weight you carry..."
3563,6835,3,16,127,146,1.1506849315068493,0.034147234283379825,650,I know you're feeling pressured but therapy will really take a load off.
5399,6835,3,16,127,146,1.1506849315068493,0.034147234283379825,650,...and if you just quit your job at Mara Lago?
4172,6835,2,18,126,146,1.1506849315068493,0.03273469562886555,650,I blew my top at work and I don’t think I’ll ever get out from under it
3986,6840,3,11,99,113,1.1504424778761062,0.04019004894819678,650,Let's talk about your conditioning.
5430,6841,1,18,114,133,1.150375939849624,0.03289107488649244,650,I failed the latest CrossFit challenge!
6400,6841,2,16,115,133,1.150375939849624,0.03457953113825575,650,It's not like you have the weight of the world on your shoulders.
3482,6841,3,14,116,133,1.150375939849624,0.036189295935322434,650,Let's not talk about your mother-in-law again !
6004,6844,2,19,132,153,1.1503267973856208,0.031816956152907375,650,"This is not a psychoanalytic issue, you need to see a cardiologist right now."
3888,6845,3,15,122,140,1.15,0.03500844120789703,650,And. yes sir. You say you have pressure problems?
6855,6845,2,17,121,140,1.15,0.03350844718705979,650,Some of my clients had luck with the Keto diet .......
846,6845,2,17,121,140,1.15,0.03350844718705979,650,"We scheduled a 1:30 appointment at my flat. 
I expect that you'd actually be flat!"
7470,6845,3,12,105,120,1.15,0.038621194164026866,650,I get it. You want to protect your precious vintage couch. But putting a guy under me is just such a cliché.
5777,6845,4,13,123,140,1.15,0.03644675402179995,650,"I thought the visual would help, but it’s actually kind of insulting."
5528,6845,2,17,121,140,1.15,0.03350844718705979,650,Admit it.  You are STILL  passive-aggressive.
1218,6851,1,20,126,147,1.1496598639455782,0.031061938922607217,650,It seems strange but I have an urge to ramble.
4932,6852,1,17,109,127,1.1496062992125984,0.03368531849485435,650,"I said ALONE, Mr. Donahue. Try being ALONE."
355,6852,2,15,110,127,1.1496062992125984,0.035492042193323525,650,The only thanks I need is seeing you without that load on your shoulders.
747,6854,3,14,117,134,1.1492537313432836,0.035935737801332704,650,"Is this a fraction of a second before you get squished, or what?"
4368,6854,3,14,117,134,1.1492537313432836,0.035935737801332704,650,This political mess is really weighing me down.
2544,6854,3,14,117,134,1.1492537313432836,0.035935737801332704,650,I would rather it be on my shoulders
5654,6857,1,15,98,114,1.1491228070175439,0.03575098922993947,650,I think there`s something weighing you down that`s making your spirit hard to lift.
154,6857,4,9,101,114,1.1491228070175439,0.041760021746811746,650,"You need a doctor, not a psychiatrist"
5905,6859,1,19,121,141,1.148936170212766,0.031728601853199596,650,Sometimes it takes a while...
1184,6860,4,10,107,121,1.1487603305785123,0.04007767428215935,650,And how long have you felt like you’ve been a weight upon humanity?
7266,6860,2,14,105,121,1.1487603305785123,0.03647928017660087,650,It's the only way I've found to make my billing hours equal my expenses.
5106,6860,2,14,105,121,1.1487603305785123,0.03647928017660087,650,So this is the alternative charge for exceeding the checked baggage weight limit?
1709,6860,3,12,106,121,1.1487603305785123,0.03832073758469298,650,"Help me, doc.  I've got this weight on my chest."
7120,6864,1,20,127,148,1.1486486486486487,0.030867914942629242,650,"I realized I had a helium problem when I  was just chasing the next high-pitched voice"""
1789,6864,0,22,126,148,1.1486486486486487,0.029341089099557273,650,The reason you're here is because you can't carry the weight of the world huh
4067,6864,2,18,128,148,1.1486486486486487,0.03232269846814508,650,'I've doubled my 'patients seen' number since we started this.'
6673,6867,2,15,111,128,1.1484375,0.03523306077541846,650,Your stomach bothering you again?  It's probably just something you ate.
4258,6867,2,15,111,128,1.1484375,0.03523306077541846,650,So tell me how you feel about your back bill”
7104,6867,1,17,110,128,1.1484375,0.03344154714634684,650,Job Security
3000,6867,2,15,111,128,1.1484375,0.03523306077541846,650,At least the mob will save your shoes.
7333,6867,2,15,111,128,1.1484375,0.03523306077541846,650,Eventually you'll have to be able to keep your self from getting carried away
3703,6872,4,15,136,155,1.1483870967741936,0.033995919303524184,650,"The Crucible, 2019 version."
1401,6873,3,14,118,135,1.1481481481481481,0.03568568411412393,650,Thanks for helping me take a load off.
3530,6873,1,18,116,135,1.1481481481481481,0.03243996627103595,650,Once this session is over you can truthfully tell people that I helped lift a weight off your chest.
3731,6873,0,20,115,135,1.1481481481481481,0.030688647610352702,650,"Fanny, you didn’t have to put the whole load right on me."
4367,6873,0,20,115,135,1.1481481481481481,0.030688647610352702,650,"I can assure you Mr. Atlas, that weight your feeling is not on your shoulders."
6595,6873,3,14,118,135,1.1481481481481481,0.03568568411412393,650,"‘You are right, Lotto.  Usually a lover wants sexual desire to be more than a 10,000 lb dead weight.’"
5350,6873,2,16,117,135,1.1481481481481481,0.03410146230265637,650,Is that your new weight -loss plan?
5008,6873,3,14,118,135,1.1481481481481481,0.03568568411412393,650,Let me help you get that weight off your chest...
4288,6880,2,17,123,142,1.147887323943662,0.03306834502771489,650,"As you breath out, your line of thinking is starting to flat-line down to zero, as we expected."
6782,6880,3,15,124,142,1.147887323943662,0.03454570253648118,650,"Honey, what would you like for lunch?"
7200,6880,2,17,123,142,1.147887323943662,0.03306834502771489,650,"You will feel lifted up afterwards. If you make it, that is."
4792,6880,3,15,124,142,1.147887323943662,0.03454570253648118,650,My penis is stuck
610,6884,2,18,129,149,1.1476510067114094,0.03212053150249488,650,I know ironing isn't my favourite chore but you could just ask.....
5812,6884,2,18,129,149,1.1476510067114094,0.03212053150249488,650,I just hope this mattress lasts longer than the other ones.
1375,6886,1,16,105,122,1.1475409836065573,0.034277198211624435,650,Is there something weighing on you?
5075,6887,1,21,134,156,1.1474358974358974,0.029894337192063417,650,"Well, who do you want me to call?"
7367,6888,2,15,112,129,1.1472868217054264,0.03497780164298459,650,You seem to think this is a waiting room.
204,6888,4,11,114,129,1.1472868217054264,0.03828439198670235,650,I don't think this thearpy is working...
472,6888,4,11,114,129,1.1472868217054264,0.03828439198670235,650,"So you feel you have the weight of the world on your shoulders, anything else?"
3648,6888,2,15,112,129,1.1472868217054264,0.03497780164298459,650,Well you've certainly gotten the weight off my shoulders.
3850,6888,2,15,112,129,1.1472868217054264,0.03497780164298459,650,"So, tell me about your mother load."
1354,6893,3,14,119,136,1.1470588235294117,0.03543906329862996,650,"Now, even as heavy as that is, the enormous weight that would be lifted off your shoulders if you reach way down!"
3406,6893,1,18,117,136,1.1470588235294117,0.03221897397089213,650,"``I don't mind the graphic detail, I just don't need any sign language.''"
5551,6895,1,19,123,143,1.1468531468531469,0.03131769446509556,650,I don't know if I can lift that weight off yor chest.
5337,6895,2,17,124,143,1.1468531468531469,0.03285256524000237,650,"No, you go to the gym if you want to lift weights! No wonder you can't get close to anyone!"
4684,6895,0,21,122,143,1.1468531468531469,0.02970361813600394,650,Living off the grid means giving up more than ironing.
6164,6895,4,13,126,143,1.1468531468531469,0.035725021418155686,650,I overbooked again. Were you weighting long?
3585,6895,2,17,124,143,1.1468531468531469,0.03285256524000237,650,"I think that in order to make the Guinness Book of Records you're supposed to press have a ton, not be pressed by it."
1115,6895,1,19,123,143,1.1468531468531469,0.03131769446509556,650,"Please help me...every time I hear this bell, I fix my wife breakfast in bed."
2364,6895,2,17,124,143,1.1468531468531469,0.03285256524000237,650,Looks like you have a ton on your shoulders.
2671,6902,2,18,130,150,1.1466666666666667,0.03192085664169662,650,"Now, let’s dicuss why it’s ok to feel uncomfortable with the weight on your stomach not your back...."
323,6902,1,20,129,150,1.1466666666666667,0.030486974761802316,650,You are lying under an enormous weight.
704,6904,3,11,102,116,1.146551724137931,0.039209410385680904,650,Men’s Health: Forget the little blue pill. Erectile Dysfunction is treatable by sound waves with the latest technology of the Bell Chamber. So easy you can do it yourself in the comfort of your own home. Enjoy that sexual excitement ring-a-ling!
1825,6904,2,13,101,116,1.146551724137931,0.037248527827438795,650,I think if you opened a little and got in touch with your inner self you would really get a load off.
6467,6906,1,21,135,157,1.1464968152866242,0.029718158126645272,650,Quit complaining. I survive worse every day.
5969,6906,5,13,139,157,1.1464968152866242,0.034782268352606345,650,"It’s weird about Steve’s heart attack. He didn’t seem to have a lot of stress or worry in life, you know, like us, normal."
2458,6908,2,14,107,123,1.146341463414634,0.03592409629053165,650,It feels better when it's on my shoulders.
3404,6908,1,16,106,123,1.146341463414634,0.034018534256587046,650,Usually after just one session patients to stop feeling the weight of the world on their shoulders.
1612,6908,3,12,108,123,1.146341463414634,0.037733548940116844,650,"You misunderstood, I said WAIT for me."
224,6908,5,8,110,123,1.146341463414634,0.0411142403342905,650,I'm only doing this contest because my teachers making me
4387,6908,3,12,108,123,1.146341463414634,0.037733548940116844,650,"So, are you saying that you think your MeToo guilt is the cause of your depression?"
1041,6913,3,13,114,130,1.146153846153846,0.0364028648632092,650,No wonder you feel like you have a weight on your chest.  You do!
7251,6913,4,11,115,130,1.146153846153846,0.03800564635190321,650,"So, I see you've been practicing witchcraft again""


(from Charlotte Scheitauer, Mountain View, CA"
133,6913,3,13,114,130,1.146153846153846,0.0364028648632092,650,Isn't it time for you to get the weight off your mind?
2273,6916,2,16,119,137,1.145985401459854,0.033636327559783415,650,You're in therapy!  I think you know what you're supposed to do.
4441,6916,3,14,120,137,1.145985401459854,0.03519580569705459,650,16 tons and what do y
7500,6916,4,12,121,137,1.145985401459854,0.03668905757335006,650,Tell me dear: has the cowbell clapper cooled off your dinger yet?
2722,6916,1,18,118,137,1.145985401459854,0.03200094256038828,650,I don't think it was the carbs.
1684,6920,1,19,124,144,1.1458333333333333,0.03111616640856987,650,I told you to weight before you lay down.
5613,6921,4,14,133,151,1.1456953642384107,0.03439460786501072,650,We’re watching a chick flick tonight. Have you got problem with that?
7504,6921,2,18,131,151,1.1456953642384107,0.03172362855486039,650,"I agree , sometimes it feels like you a have tremendous weight on your chest"
5861,6921,2,18,131,151,1.1456953642384107,0.03172362855486039,650,You really should try the neoprene belt I gave you for Christmas.
1701,6921,0,22,129,151,1.1456953642384107,0.028806043935008675,650,"Ok, I'll do it.  What ever you want dear."
2595,6925,2,19,137,158,1.1455696202531647,0.030878389120956445,650,It is for your own good; you wonder too much !
3537,6925,1,21,136,158,1.1455696202531647,0.029544022400847074,650,Let's try a new depression technique.
6424,6925,3,17,138,158,1.1455696202531647,0.032157434129430305,650,Just think of it as a wall!
4193,6925,2,19,137,158,1.1455696202531647,0.030878389120956445,650,"Honey, I don’t think that is wanted you to do when he said you needed more iron."
3043,6929,2,13,102,117,1.1452991452991452,0.036950028914005444,650,I warned you about getting junior interested in odd object lifting.
5655,6929,4,9,104,117,1.1452991452991452,0.0407434543135619,650,Don't take offense but I think a dumbbell would be more appropriate.
3295,6931,1,16,107,124,1.1451612903225807,0.03376370813119502,650,and this is how I feel about waking up in the mornings for class
3802,6931,2,14,108,124,1.1451612903225807,0.03565274646265032,650,"They said, ""Add mass fast."" They didn't say it was muscle mass."
393,6931,1,16,107,124,1.1451612903225807,0.03376370813119502,650,More and more people imagine they carry the weight of the world.
1963,6934,2,15,114,131,1.1450381679389312,0.034478136765301426,650,They said you are guaranteed to lose the weight in three weeks Dear!
2709,6934,1,17,113,131,1.1450381679389312,0.03273075163680983,650,My last doctor didn’t understand the weight of my worries.
5822,6934,1,17,113,131,1.1450381679389312,0.03273075163680983,650,"Stanley honey, we all miss the old days. There's just no going back."
7278,6934,2,15,114,131,1.1450381679389312,0.034478136765301426,650,Am I missing something? Is this what it feels like to be present?
3042,6934,1,17,113,131,1.1450381679389312,0.03273075163680983,650,You wouldn't carry that heavy load if you didn't live in the middle of Tobacco Road.
3187,6934,2,15,114,131,1.1450381679389312,0.034478136765301426,650,You couldn't load that sixteenth ton at work?
7374,6934,4,11,116,131,1.1450381679389312,0.037730909596767365,650,dead weight
3479,6934,2,15,114,131,1.1450381679389312,0.034478136765301426,650,I think you take life too heavily.
2806,6934,3,13,115,131,1.1450381679389312,0.036141136214888576,650,I see your meet up in Nazareth didn't go so well. You said her name was Fanny?
2848,6934,2,15,114,131,1.1450381679389312,0.034478136765301426,650,"I know you said you always enjoyed the weighted aprons at the dentist's office,but I think this is taking it a little too far."
513,6944,3,14,121,138,1.144927536231884,0.034955843505855747,650,"""So what?  It's not good enough, just taking a load off your feet."""
1876,6944,2,16,120,138,1.144927536231884,0.03340844911708536,650,This will surely get did of your potbelly: fight weight with weight
2791,6944,4,12,122,138,1.144927536231884,0.036437583866152166,650,Yeah. Getting to the 16 hour Keto fast sucks.
3580,6944,4,12,122,138,1.144927536231884,0.036437583866152166,650,How many more of these sessions before you  prescribe me xanax?
7527,6944,3,14,121,138,1.144927536231884,0.034955843505855747,650,I am not taking it off you until you promise you are going to use a different razor blade.
2022,6944,1,18,119,138,1.144927536231884,0.03178581365345059,650,I just feel crushed by this new-wave feminism.
659,6944,3,14,121,138,1.144927536231884,0.034955843505855747,650,Is this helping you get that weight off your chest we've discussed?
3055,6944,3,14,121,138,1.144927536231884,0.034955843505855747,650,Honey I would love to share my feelings. You want to try the chair?
7468,6952,3,15,127,145,1.1448275862068966,0.033873935697221545,650,"Obviously, it's time for group therapy."
612,6952,2,17,126,145,1.1448275862068966,0.03242927811417444,650,Tell me more about this wanton destruction.
813,6952,2,17,126,145,1.1448275862068966,0.03242927811417444,650,"Speaking as a psychiatrist, it must feel like a big weight got lifted on to you, doesn't it?"
4140,6955,2,13,103,118,1.1440677966101696,0.036656242303114865,650,The body builder could lift it...Thought I might try it.
1252,6955,1,15,102,118,1.1440677966101696,0.0346239158406506,650,Have you been waiting very long?
2887,6957,1,16,108,125,1.144,0.03351263603767313,650,"Count to ten, and tell me what you're feeling."
2635,6957,4,10,111,125,1.144,0.03886120878700373,650,This should help disperse the weight on your shoulders.
7274,6957,2,14,109,125,1.144,0.03538543531254157,650,"So, Mr. Schmidt, this problem, this weight, do you feel it is exogenous or self-inflicted?"
6269,6957,1,16,108,125,1.144,0.03351263603767313,650,"Doc, my wife contends that, otherwise, I’m eternally curled up on the couch watching CNN."
1058,6961,3,13,116,132,1.143939393939394,0.03588312136617136,650,I feel oppressed.
6774,6961,1,17,114,132,1.143939393939394,0.032500423950642836,650,I only ask to be normal and have the weight on my shoulders.
3848,6961,1,17,114,132,1.143939393939394,0.032500423950642836,650,I can’t put my finger on it but there is something heavy laying on my heart.
5971,6961,3,13,116,132,1.143939393939394,0.03588312136617136,650,There
3415,6961,4,11,117,132,1.143939393939394,0.03746009636911411,650,Maybe it would feel better on a lamp.
5030,6961,2,15,115,132,1.143939393939394,0.034233579683922204,650,Sometimes not having weight on your shoulders is worst.
125,6967,2,16,121,139,1.143884892086331,0.03318361394267345,650,"Todd, I told you last week to speak FIGURATIVELY about the weight you feel you are carrying, not LITERALLY."
2945,6967,2,16,121,139,1.143884892086331,0.03318361394267345,650,"So, how is this supposed to help me?"
6770,6967,3,14,122,139,1.143884892086331,0.03471911071516239,650,I can’t seem to get this weight off my shoulders.
3552,6967,2,16,121,139,1.143884892086331,0.03318361394267345,650,"No, We are an offshoot of Weight Watchers"
2840,6967,3,14,122,139,1.143884892086331,0.03471911071516239,650,The weight has never been heavier.
2780,6967,3,14,122,139,1.143884892086331,0.03471911071516239,650,I don’t think a greater weight on my chest is really helping
4557,6973,1,19,126,146,1.143835616438356,0.030720717711077768,650,I don't know how to describe what the pressure feels like on my chest!
2818,6973,3,15,128,146,1.143835616438356,0.03365574422387431,650,"If that's is troubling you,you can start by loosing some weight."
5212,6973,1,19,126,146,1.143835616438356,0.030720717711077768,650,"Mr. Grand, You must come to grips with these pressing issues to progress."
6071,6973,2,17,127,146,1.143835616438356,0.03222166674728805,650,"Progress, trhat's a weight off your back."
6948,6973,1,19,126,146,1.143835616438356,0.030720717711077768,650,I prefer this to coolsculpting.
2750,6978,2,18,133,153,1.1437908496732025,0.03133633674316681,650,Monty Python wants their weight back.
621,6979,2,13,104,119,1.1428571428571428,0.036367058218592214,650,Did I mention a great weight has been lifted from my shoulders.
91,6979,0,20,120,140,1.1428571428571428,0.029680429759904727,650,"When I said to make yourself comfortable, this wasn't what I imagined"
3029,6979,2,16,122,140,1.1428571428571428,0.032961762036794295,650,It’s like there’s this huge weight resting on my shoulders
1524,6979,4,11,118,133,1.1428571428571428,0.03719312370583605,650,"No, witch hunts always end this way!"
1498,6979,1,23,151,175,1.1428571428571428,0.027738262612517137,650,"Yes, I did say that I didn't want you to put me on a pedestal."
1107,6979,1,15,103,119,1.1428571428571428,0.034353064931345274,650,"So, you got “Life without Parole” and you want to get a big weight off your chest?  Sorry, it’s too heavy."
3161,6979,3,18,147,168,1.1428571428571428,0.030774752980239267,650,I feel burdened by a great weight...
5215,6979,3,12,111,126,1.1428571428571428,0.036885555678165864,650,"You have a weighty issue, Mr. Johnson...."
5427,6987,3,18,148,169,1.1420118343195267,0.030603788262688166,650,C'mon will you get up ...this session has been lasting for days.
2702,6988,2,18,135,155,1.1419354838709677,0.030958314442667462,650,"So, you say your bad at social queues?"
6765,6988,2,18,135,155,1.1419354838709677,0.030958314442667462,650,You were supposed to just get a Prince Albert.
2533,6988,3,16,136,155,1.1419354838709677,0.03228319088461435,650,That 10-ton weight on you? It's all in your head.
4580,6988,5,12,138,155,1.1419354838709677,0.03478187422804003,650,The weight on your shoulders has spread.
1300,6992,4,13,131,148,1.1418918918918919,0.03458329557850104,650,"Gee Honey I don't know, we had pasta last night."
2978,6992,1,19,128,148,1.1418918918918919,0.03033510084041695,650,"I see we've made progress from last week""
""Yes, my shoulders feel great"
5653,6994,2,16,123,141,1.1418439716312057,0.03274283494896606,650,"I'm so stressed out, I feel like I'm being crushed to death."
5260,6994,1,18,122,141,1.1418439716312057,0.03115728033544511,650,What? So Now you prefer bar-bells!
6592,6994,4,12,125,141,1.1418439716312057,0.03570332597507787,650,"Wallace, I know your love your country and Halloween, but “the Great Seal” was a poor costume choice."
3399,6994,3,14,124,141,1.1418439716312057,0.034255077916842507,650,Unconscious anxiety can cause shortness of breath.
2393,6994,3,14,124,141,1.1418439716312057,0.034255077916842507,650,"You're sure there's nothing you want to get off your chest?""
""No Martha, not unless you have a fork lift."""
501,6999,2,15,117,134,1.1417910447761195,0.03375465333179144,650,"What you seem to be describing is a metaphysical panic attack. I'd prescribe exercise, but it appears you're already an avid cross-fitter."
5242,6999,0,19,115,134,1.1417910447761195,0.030247891170812603,650,Its your persecution complex that makes you feel so mistreated.
5710,6999,1,17,116,134,1.1417910447761195,0.03204927098882861,650,"So, you hear voices saying that the onus is on you."
3588,6999,3,13,118,134,1.1417910447761195,0.035377923514297256,650,"So, my wife tells me you said she should get some things off her chest."
2169,6999,1,17,116,134,1.1417910447761195,0.03204927098882861,650,You clearly feel great guilt about letting the cows out of the barn.
392,7004,3,12,112,127,1.141732283464567,0.0366112500899412,650,"Wait ,wait I've  got this!"
3305,7004,4,10,113,127,1.141732283464567,0.038280125523580774,650,I started having this heaviness on my chest when he rode down that escalator.
4500,7004,1,16,110,127,1.141732283464567,0.0330214306056303,650,Now count to 10 and then again to 20
7357,7004,2,14,111,127,1.141732283464567,0.03486257672914236,650,Breathe in...and out. You should feel like you're floating on air.
686,7004,3,12,112,127,1.141732283464567,0.0366112500899412,650,Do you think you would feel less broken after this invisible weight is lifted?
6399,7009,1,15,104,120,1.1416666666666666,0.034086381726935476,650,"The advertisement said, 'Subject wanted: a weighty piece of performance art.'"
3004,7010,3,16,137,156,1.141025641025641,0.03208848130791327,650,We can't wait any longer.
852,7011,2,17,130,149,1.1409395973154361,0.03161436391039247,650,Last week you said you had the weight of the world on your shoulders. What’s next week?
5540,7012,3,14,125,142,1.1408450704225352,0.0340276543445365,650,Is my penis bothering you?
3118,7012,3,14,125,142,1.1408450704225352,0.0340276543445365,650,"If body image is really your main issue, that 'weight on your chest' may actually be of benefit to you."
7203,7014,3,13,119,135,1.1407407407407408,0.03513059102800735,650,Therapist to patient:  you have to experience the weight of the world before I can help remove it.
5735,7014,0,19,116,135,1.1407407407407408,0.030041362609516904,650,"You always want to engage in weightier conversation.
Go ahead, talk."
5420,7014,2,15,118,135,1.1407407407407408,0.03352014478583837,650,And just how do you feel about this weighty issue?
4873,7014,2,15,118,135,1.1407407407407408,0.03352014478583837,650,You told me to keep the tuna casserole down”
2237,7014,3,13,119,135,1.1407407407407408,0.03513059102800735,650,I told you the weight wouldn’t be too long. Fits perfect.
1458,7014,0,19,116,135,1.1407407407407408,0.030041362609516904,650,"Just relax, my rate is 500 per hour"
1578,7014,6,7,122,135,1.1407407407407408,0.03957061263763477,650,"You have a lot of mental weight to lose. Sorry, I have to charge you per pound."
28,7014,2,15,118,135,1.1407407407407408,0.03352014478583837,650,"Due to work I have a lot riding on my back, but now it feel it all over my body."
6461,7022,3,12,113,128,1.140625,0.03634097158237767,650,"Mr. Johnson, if you could please stop referring to the, ""weight of the world is resting on your shoulders"", it would be helpful, maybe then we could find some resolutions to your problems""!"
5807,7022,1,16,111,128,1.140625,0.03278114127703911,650,Think of it as your weight.
2432,7022,1,16,111,128,1.140625,0.03278114127703911,650,I ran out of anvils
7283,7022,1,16,111,128,1.140625,0.03278114127703911,650,Do you sometimes feel as though you have a weight on your chest?
5275,7026,1,15,105,121,1.140495867768595,0.033823771784596904,650,"Following this first meeting I can estimate the time it will take to remove the weight from your shoulders, but it will take at least a dozen or so sessions before I can estimate the time it will take to remove it from your entire body."
4909,7026,4,9,108,121,1.140495867768595,0.03946226904566387,650,"As to your depression, how long have you been experiencing this heavy weight?"
2809,7026,1,15,105,121,1.140495867768595,0.033823771784596904,650,You were telling me last week you had some weight on your shoulders
242,7029,3,9,95,107,1.1401869158878504,0.04081820150522514,650,I got promoted from busboy to a weighter and since then life hasn't been the same
2489,7030,2,18,137,157,1.1401273885350318,0.030589235843859194,650,"So, Mr President when did you start to feel the weight of the World?"
4525,7030,1,20,136,157,1.1401273885350318,0.029223997539404717,650,You're wrong.  I don't feel like I have the weight of the world on my shoulders.
2119,7032,3,15,132,150,1.14,0.03281021284774139,650,How in hell am I gonna get outta this office!
1758,7032,2,17,131,150,1.14,0.03141694779097929,650,He was starting to have second thoughts about the ton-o-bricks slimming scheme.
2056,7034,2,15,119,136,1.1397058823529411,0.03328884959515664,650,So what's the WOD today?
6667,7034,2,15,119,136,1.1397058823529411,0.03328884959515664,650,Have you given any more thought to having laparoscopic surgery?
4816,7034,2,15,119,136,1.1397058823529411,0.03328884959515664,650,I’m afraid my expertise is not with this type of underweight issue.
7410,7034,1,17,118,136,1.1397058823529411,0.03161036294469461,650,"You *can* get out from under this, if you finally address the elephant in the room."
6710,7034,3,13,120,136,1.1397058823529411,0.03488667323266291,650,"In our last session, you'd resolved to take a load off Fanny ..."
2549,7034,2,15,119,136,1.1397058823529411,0.03328884959515664,650,I am a Patriot fan.
3362,7040,2,14,113,129,1.1395348837209303,0.0343548408938679,650,Thinking about all my responsibilities like...
3177,7040,1,16,112,129,1.1395348837209303,0.03254429384447029,650,Giles Corey always said more weight. Well look where that got me...
6420,7040,3,12,114,129,1.1395348837209303,0.03607463269183389,650,That's just your mind's pound of flesh; ignore it.
2420,7040,2,14,113,129,1.1395348837209303,0.0343548408938679,650,I promised results as a weight loss expert.
3861,7040,4,10,115,129,1.1395348837209303,0.03771608615509412,650,"I know it's not ethical, but you're my crush..."
4095,7040,2,14,113,129,1.1395348837209303,0.0343548408938679,650,But you always said you wanted peace and quiet.
759,7046,2,13,107,122,1.139344262295082,0.035526072849657885,650,Maybe we should have worked on your belief in the rapture before getting you to value living.
1779,7046,2,13,107,122,1.139344262295082,0.035526072849657885,650,"Who said women's arguments carry no weight?
Michele Martin mtguardian@ yahoo.com"
5826,7048,1,14,100,115,1.1391304347826088,0.03468713058885162,650,"You need to stop reading ""clickbait"" weight loss articles you find on the Internet"""
3822,7049,2,17,132,151,1.1390728476821192,0.031221964164657206,650,"We meet every Tuesday, but the weight's still not off my shoulders"
2231,7050,2,11,95,108,1.1388888888888888,0.03826076324884863,650,That must feel better than having it on your shoulders!
135,7050,4,12,128,144,1.1388888888888888,0.03499793410363044,650,Sorry.  My name is Jenny Craik.
4838,7050,2,16,126,144,1.1388888888888888,0.03210304031196834,650,Well you don’t have to go home but you can’t stay here- I’ve got another patient waiting.
6991,7050,2,16,126,144,1.1388888888888888,0.03210304031196834,650,"We can lift the weight from your psyche, but we can't lift the kettlebell."
993,7054,3,13,121,137,1.1386861313868613,0.03464610036473885,650,"So.....do I still have to pay you? 
It doesn't seem to be working Doc."
3248,7054,0,19,118,137,1.1386861313868613,0.029636559341735886,650,You really don't have a ton of bricks holding you down.
2137,7054,4,11,122,137,1.1386861313868613,0.0361620585343165,650,I think relationship with you is too much heavier than I thought
3831,7057,1,16,113,130,1.1384615384615384,0.03231081564821369,650,It might seem strange but this is a great ab workout!
3013,7057,2,14,114,130,1.1384615384615384,0.034106442092802856,650,I used to only carry the weight on my shoulders..
1539,7059,2,17,133,152,1.138157894736842,0.031029368734405406,650,"Now, we've gotta get through this. When did you first notice the feelings of guilt?"
4485,7060,3,14,128,145,1.1379310344827587,0.03336304660620688,650,"Well, it does work for 'Chicken-under-a-Brick'!"
973,7060,3,14,128,145,1.1379310344827587,0.03336304660620688,650,Cabin fever?
3110,7060,1,18,126,145,1.1379310344827587,0.030356580795963806,650,I don't feel the weight lifting off my shoulders.
5007,7060,2,16,127,145,1.1379310344827587,0.03189525730002668,650,Another day older and you've seen my bill.
231,7064,1,17,120,138,1.1376811594202898,0.03118321317353309,650,For some reason I feel heavy
7241,7065,1,13,95,109,1.1376146788990826,0.035619582486556875,650,"Now repeat after me, light as a feather stiff as a board."
6979,7066,1,20,139,160,1.1375,0.028713916377093036,650,"Now the pain will go away, right?"
6940,7067,1,16,114,131,1.1374045801526718,0.032080636033194526,650,Now you are going nowhere until we are done with the session!
6585,7067,0,18,113,131,1.1374045801526718,0.03019482399680446,650,"That should stop you from flying. Now, tell me what' brings you here."
3035,7067,0,18,113,131,1.1374045801526718,0.03019482399680446,650,"Tell me what's REALLY weighing you down. Childhood trauma, perhaps? Or could it be the realization that you're merely existing in life, not really LIVING; no clear purpose or sense of direction."
7453,7067,2,14,115,131,1.1374045801526718,0.033861586206062465,650,life on mars made me think this could work
1176,7071,3,15,135,153,1.1372549019607843,0.03220326888881306,650,"No Diane, I do not find this kinky. Truth be told, it’s just plain stupid"
5045,7071,2,17,134,153,1.1372549019607843,0.03083911826106076,650,"Therapist: ""Now let's examine your relationship with your mother.""

Oedipus: ""More Weight."""
1327,7073,2,13,109,124,1.1370967741935485,0.03498656109187893,650,"Doctor Wood, I always feel like something is under me."
7294,7073,2,13,109,124,1.1370967741935485,0.03498656109187893,650,"Todd, you just seem lighter this week. Should we schedule another session?"
33,7073,3,11,110,124,1.1370967741935485,0.03681290263748944,650,„Simply regard it as a lovely accessory that accentuates your eyes.“
2447,7076,3,14,129,146,1.1369863013698631,0.03314721031771878,650,"Diamonds are made under pressure, right? I should definitely feel a change any day now."
4257,7077,2,15,122,139,1.1366906474820144,0.032613602211417125,650,"Sir, I think you may be jumping to conclusions. It is highly inconceivable that your crazy, jealous and obviously Latin girlfriend dropped a large construction material on your barely descended genitals to usher in world peace and societal ascension."
4105,7077,2,15,122,139,1.1366906474820144,0.032613602211417125,650,"I feel like a great weight has been drop on me,  not only my shoulders but on my entire body."
5424,7077,4,11,124,139,1.1366906474820144,0.03566757460656915,650,"Why don't you find that your parents divorce has 
anything to do with this?"
519,7077,0,19,120,139,1.1366906474820144,0.02924240448550576,650,Maybe you should try the bariatric clinic
611,7077,4,11,124,139,1.1366906474820144,0.03566757460656915,650,Freedom of speech? That is some motherfucking bullshit you say the wrong thing they’ll lock up your ass real quick.
4145,7077,3,13,123,139,1.1366906474820144,0.03417471965883355,650,I feel as if a weight has been lifted... about half an inch.
1561,7083,3,12,117,132,1.1363636363636365,0.03529841599454826,650,Method acting
4974,7083,1,16,115,132,1.1363636363636365,0.0318536862814387,650,I’m really liking this role reversal therapy.
7074,7083,5,8,119,132,1.1363636363636365,0.038435647694972506,650,~At least carry the weight of the world on your shoulders so you can breathe!~
3569,7083,1,16,115,132,1.1363636363636365,0.0318536862814387,650,It may take a couple of sessions to lift the weight
1102,7087,1,18,128,147,1.1360544217687074,0.02997133999303024,650,"I 'll keep the pressure on until you tell me about your missing sex life!
Also, my crane operator went home sick."
4409,7087,2,16,129,147,1.1360544217687074,0.03148760360988697,650,Nuff said....
6250,7089,3,11,111,125,1.136,0.036533678673511025,650,"Woman accused of killing husband by asking him to ""hold"" a weight-shaped ""shopping bag"""
6827,7090,1,17,122,140,1.1357142857142857,0.03076736015230179,650,"Well, it’s netter than having an anvil fall on your head."
6818,7090,1,17,122,140,1.1357142857142857,0.03076736015230179,650,Is Monty Python weighing your sarcasm down again?
2837,7092,1,19,135,155,1.135483870967742,0.029057848424763957,650,Feeling weighed down
5557,7092,1,19,135,155,1.135483870967742,0.029057848424763957,650,This is still just the fifteen dollar co-pay?
6801,7092,2,17,136,155,1.135483870967742,0.030465484332895996,650,"Now that you have  just explained the reasons that led my wife to infidelity, I feel a weight hs been lifted from my shoulers.

Burke Leon
413 Purdy Ave.
Placentia , Ca
blautoenterprises@gmail.com"
80,7092,3,15,137,155,1.135483870967742,0.031810893043096186,650,Our Bottom-Up Approach Seems To Be Working ...
1881,7096,2,14,117,133,1.1353383458646618,0.033382206516619155,650,I don't think this is good for your inferiority complex.
6488,7096,3,12,118,133,1.1353383458646618,0.035047009551043805,650,"So, I see you didn't take my advice about those penis enlargement pills."
4146,7096,2,14,117,133,1.1353383458646618,0.033382206516619155,650,Do you feel the unease anywhere in your body?
6116,7096,2,14,117,133,1.1353383458646618,0.033382206516619155,650,Tell me more about feeling like a weighted blanket.
6557,7096,1,16,116,133,1.1353383458646618,0.03162989954719213,650,Paradoxical Psychoanalysis: Finding freedom by listening to the analyst free associate.
6931,7101,1,13,97,111,1.135135135135135,0.03501839106489901,650,"You might feel a weight shifting off your shoulders.""
Alexander Geyer, Pelham, N.Y"
536,7102,4,9,113,126,1.1349206349206349,0.037969368779089414,650,Sorry - What I meant to say was I feel like a million bucks.
4167,7103,3,13,125,141,1.1347517730496455,0.03371592716029705,650,Good thing there wasn't something you wanted off your mind. We recently repainted.
2888,7103,2,15,124,141,1.1347517730496455,0.03217835641677086,650,"OK, so she was a gypsy woman, and...? You've got to get it off your chest!"
7300,7103,3,13,125,141,1.1347517730496455,0.03371592716029705,650,And YOU made fun of my 'Belly Buster Belt' I was wearing for months!
765,7103,4,11,126,141,1.1347517730496455,0.03518637331229484,650,It's supposed to take ten pounds off of you.
7049,7103,2,15,124,141,1.1347517730496455,0.03217835641677086,650,Thanks for taking that weight off my chest!
6575,7103,1,17,123,141,1.1347517730496455,0.030563532176288457,650,"Now that I have your attention.....I can relax, gather my thoughts, and begin in a little while."
7574,7109,5,11,140,156,1.1346153846153846,0.03413414211160857,650,Where's the beef
1260,7110,2,12,105,119,1.134453781512605,0.035652442748901565,650,"The bell is a a reminder Herb, that you need to get rid of the belly."
1877,7110,3,10,106,119,1.134453781512605,0.037596895181131046,650,Always with the 100% cotton.
5060,7110,1,14,104,119,1.134453781512605,0.03359563692901881,650,"How does it feel to have 3,000 lbs. of concrete on your body?"
6425,7110,3,10,106,119,1.134453781512605,0.037596895181131046,650,Every feel like you’ve got a ton just weighing you down ?
3527,7110,0,16,103,119,1.134453781512605,0.03140440999874383,650,I didn't know Freud was a strict Tutankhamunologist...
2229,7115,3,12,119,134,1.1343283582089552,0.034799141138916315,650,You're not Atlas!
2764,7115,2,14,118,134,1.1343283582089552,0.03314753947689285,650,"Let's mail it back, we need it couple sizes larger"
3221,7115,2,14,118,134,1.1343283582089552,0.03314753947689285,650,Tell me more about your Flat Stanley stage of development.
4411,7115,2,14,118,134,1.1343283582089552,0.03314753947689285,650,"When you leave, petty worries will no longer weigh you down."
802,7119,4,12,133,149,1.1342281879194631,0.0338819748633784,650,Try to imagine feeling empowered enough to modify your review of the fitness app.
6418,7120,2,13,112,127,1.1338582677165354,0.03420715311723022,650,"Well yes, I suppose video-therapy is an option."
1471,7120,2,13,112,127,1.1338582677165354,0.03420715311723022,650,I’m pretty sure ‘block’ as a verb.
7116,7122,3,13,126,142,1.1338028169014085,0.03349109590754035,650,What's the source of your stress? We can't ignore the concrete block that weighs as much as an elephant in the room.
758,7122,0,19,123,142,1.1338028169014085,0.028670248385511535,650,"If you like my therapy services, do nothing. If you have a complaint, just ring the bell."
1124,7122,2,15,125,142,1.1338028169014085,0.03196503377475174,650,"Doc, are you sure this is the best gravity blanket?"
3262,7122,2,15,125,142,1.1338028169014085,0.03196503377475174,650,"Frankly Arnold, I didn’t find your description last week to be quite so literal."
470,7122,2,15,125,142,1.1338028169014085,0.03196503377475174,650,You need to stand for yourself.
5532,7122,1,17,124,142,1.1338028169014085,0.03036236590508014,650,Explain this as an Oedipus complex.
165,7128,3,15,139,157,1.1337579617834395,0.03142791201371613,650,Now you know why you must wear the Steel Jockstrap.
6251,7129,4,12,134,150,1.1333333333333333,0.03366723148351161,650,Have you heard of the Salem Witch Trials?
1321,7129,1,16,118,135,1.1333333333333333,0.031191556737668314,650,Your profession weighs on you?
4360,7131,2,15,126,143,1.132867132867133,0.0317545034892833,650,Take a deep breath when you feel weighted down.
6731,7131,2,15,126,143,1.132867132867133,0.0317545034892833,650,You're lucky you are still alive. Most men who never clean up their mess have gone to Hoarder's Heaven
7071,7133,0,17,111,128,1.1328125,0.030114393430435735,650,Why am I always feeling like I'm carrying such a heavy load.
6686,7133,3,11,114,128,1.1328125,0.035720738792360485,650,Sorry the elevator is still out of order.
3980,7133,0,17,111,128,1.1328125,0.030114393430435735,650,"I said, “”I only take cash for sessions”. Is there someone I can call?"
4379,7136,3,9,101,113,1.1327433628318584,0.03875517333999831,650,"Please, this isn’t Salem."
6743,7137,3,14,134,151,1.1324503311258278,0.03210839352861228,650,There’s quite a bit of weight on his shoulders
4292,7138,1,16,119,136,1.1323529411764706,0.030976875782900634,650,We'll take a break for lunch at noon.
510,7138,0,18,118,136,1.1323529411764706,0.029165636824791216,650,Now I want us to try talking about your Giles Corey Complex.”
6177,7138,2,14,120,136,1.1323529411764706,0.03268790747574543,650,There's no drama or red flag to break the monotony.
7019,7138,0,18,118,136,1.1323529411764706,0.029165636824791216,650,Is this what it means to give someone shade?
1268,7138,2,14,120,136,1.1323529411764706,0.03268790747574543,650,We call this the Milanese Method.
2522,7138,2,14,120,136,1.1323529411764706,0.03268790747574543,650,I told you all that weight lifting wasn't good for you.
2104,7144,1,14,106,121,1.1322314049586777,0.033075064389099164,650,It's hard for many people to get out of the house sometimes.
3153,7144,2,12,107,121,1.1322314049586777,0.035095597034029945,650,I have this feeling that a very heavy weight is crushing my chest.
5422,7144,3,10,108,121,1.1322314049586777,0.03700597219378201,650,"I told you that I bought a extra firm mattress, why don't you believe me"""
7584,7144,2,12,107,121,1.1322314049586777,0.035095597034029945,650,"In my opinion, you seem to be suffering from a fixation with the Music From Big Pink album."
2757,7148,1,17,126,144,1.1319444444444444,0.029967814543048924,650,Let's dialog about this.
6565,7148,1,17,126,144,1.1319444444444444,0.029967814543048924,650,"I explicitly recalling the doctor telling you to elevate the head of the bed, not the head on the bed."
6205,7150,1,15,113,129,1.1317829457364341,0.03185907407514262,650,"When your physical therapist told you to lie flat as a pancake I don't believe he meant that way."""
7340,7150,2,13,114,129,1.1317829457364341,0.03370644792815133,650,Do not jump to any conclusions.
2826,7150,2,13,114,129,1.1317829457364341,0.03370644792815133,650,"Undoubtedly, it’s the “Giles Corey” syndrome."
3297,7153,0,15,99,114,1.131578947368421,0.03179941669997666,650,I know leaving your wife is crushing you soul.
293,7153,3,14,135,152,1.131578947368421,0.03190835512957805,650,Your whole fixation on stomach flattening is weighing heavy on things beyond.
7076,7155,2,14,121,137,1.1313868613138687,0.032462810654466094,650,"By placing a greater weight on your chest, I'm allowing you to better focus on my art deco ceiling fan."
4931,7155,3,12,122,137,1.1313868613138687,0.034076036778702606,650,I still don't see the weight rising...
4508,7155,2,14,121,137,1.1313868613138687,0.032462810654466094,650,More Weight
3908,7155,2,14,121,137,1.1313868613138687,0.032462810654466094,650,"Metaphor, my ads!"
3050,7155,2,14,121,137,1.1313868613138687,0.032462810654466094,650,That is a weighty issue but sorry no refunds
952,7155,1,16,120,137,1.1313868613138687,0.030765107973675997,650,I just don't get it.. it feels like a weight that just can't be lifted off my shoulders
2898,7161,2,17,141,160,1.13125,0.02956959996581565,650,I can see Carol Burnette in the reflection.
7239,7162,4,8,110,122,1.1311475409836065,0.03851817580721337,650,That's taking your metronome fetish a bit too seriously !
5677,7162,1,14,107,122,1.1311475409836065,0.03282073851795118,650,Are you sure this 'Sigmund Freight' guy knows what he's talking about?
4844,7164,1,17,127,145,1.1310344827586207,0.02977433068273246,650,"Gush, what will  I do with a flattened husband?!"
2192,7164,2,15,128,145,1.1310344827586207,0.03134160506766892,650,"Well, that's one weight off your shoulders."
247,7166,3,11,116,130,1.1307692307692307,0.03519849419866557,650,"Your marital don't feel so pressing now, do they?"
3640,7166,2,13,115,130,1.1307692307692307,0.03346152132639265,650,"I thought you said “together we will free you from the pain that weighs you down”, not suffocate me with it!"
6419,7166,1,15,114,130,1.1307692307692307,0.031629303266113316,650,"Ok, will you stop complaining once and for all !"
6723,7166,0,17,113,130,1.1307692307692307,0.029684208608667724,650,"And tell me, Mr. Granke, how long have you had this feeling that you must bide your time?"
1808,7166,1,15,114,130,1.1307692307692307,0.031629303266113316,650,"...it’s this new religion I’m trying, they told me I have to weight until marriage."
7243,7171,3,14,136,153,1.130718954248366,0.031710781364658415,650,"Well, that news was a lot of weight off my chest, how about you?"
471,7172,1,16,121,138,1.1304347826086956,0.030556194937104857,650,"Are you sure you feel like you are carrying the weight of the
world on your shoulders?"
1485,7172,4,10,124,138,1.1304347826086956,0.03537005255050294,650,"I still have some issues, but when my wife left, I just felt like half the weight I had been carrying was lifted."
3381,7172,2,14,122,138,1.1304347826086956,0.03224077498806981,650,The ad said to do this twice a day and I'll get lots thinner!
847,7175,1,17,128,146,1.13013698630137,0.02958331090966,650,This feels like something that should be on Twitter
2771,7175,1,17,128,146,1.13013698630137,0.02958331090966,650,Just pretend you're being entombed in a pyramid.
2663,7177,1,14,108,123,1.1300813008130082,0.03257026686339402,650,"Well, it's been fun talking to you, but I should probably be heading home now"
3685,7177,4,8,111,123,1.1300813008130082,0.03821861257982965,650,"I get it. You feel depressed. Blah, blah, blah."
3599,7177,2,12,109,123,1.1300813008130082,0.0345557854038583,650,So tell me more about your new friends down at Luigi's
5558,7180,2,16,136,154,1.12987012987013,0.030138883881871126,650,My debt is literally crushing me.
5347,7181,0,17,114,131,1.1297709923664123,0.02947364949690705,650,Ever since that Warner Brother moved in upstairs we have been getting anvils from Amazon.
6618,7181,2,13,116,131,1.1297709923664123,0.033220108953149606,650,"Psychoanalysis - a weight off my mind, that's the least of my problems."
7247,7181,3,11,117,131,1.1297709923664123,0.03494303150780469,650,"You are a shrink right? Please help, I've already tried weight watchers to no avail."
7043,7184,2,14,123,139,1.129496402877698,0.03202173887237975,650,Let's try another couch press !
6285,7184,2,14,123,139,1.129496402877698,0.03202173887237975,650,"Remember, keep on top of current trends."
4887,7186,1,13,102,116,1.1293103448275863,0.03360002055621808,650,Tell me how ya feels now that the Monkey is off ya back?
580,7187,2,15,130,147,1.129251700680272,0.030939244806785185,650,And how long has lifting weights felt like a ton of bricks on your chest?
2845,7187,2,15,130,147,1.129251700680272,0.030939244806785185,650,"Well thanks Bob, that's a real weight of MY mind!"
1691,7189,2,16,137,155,1.1290322580645162,0.02995552829928984,650,"So, do you think it could be my heart?"
784,7189,3,10,111,124,1.1290322580645162,0.036153470435524894,650,"Could you repeat that?..... Did you say; "" You dreamed you were fishing alone.....or that you felt like the only minnow in the sea..."""
5362,7189,3,10,111,124,1.1290322580645162,0.036153470435524894,650,"Yes, it does look good on you, and I understand the pressure to conform to the latest in men's clothing styles, but this really isn't you."
663,7192,1,15,116,132,1.128787878787879,0.03117949465835644,650,Payment is expected when services are rendered.
2986,7193,5,9,134,148,1.1283783783783783,0.03494066281227525,650,"And now, What was the opening scene of  'Hamlet'?"
1216,7194,2,16,138,156,1.1282051282051282,0.029774377266374354,650,Procrustes will have a fit!
1083,7194,0,15,102,117,1.1282051282051282,0.03104065372509629,650,Odd. You're the one who thought there wouldn't be any weight at all.
4624,7194,0,15,102,117,1.1282051282051282,0.03104065372509629,650,That weight will be lifted when you channel your inner child.
2217,7194,3,14,139,156,1.1282051282051282,0.03113240317642026,650,"This thing has been bothering me so much, I just don't know what to do and my parents wont help me, I know that im 34 years old but. I still don't know how to breathe."
5840,7198,1,14,110,125,1.128,0.03208054379717683,650,"Mr. Pesado, please talk to me so we can get the weight off your chest."
1955,7199,2,13,118,133,1.1278195488721805,0.03274753053009996,650,Right.  You feel the failure of your pressure suit weighs heavily upon your soul...
2195,7199,3,11,119,133,1.1278195488721805,0.03444302429190234,650,"True, they never tell you what the doctor has to do when you call after four hours."
5924,7199,2,13,118,133,1.1278195488721805,0.03274753053009996,650,Now I am sure where you are.
6688,7199,2,13,118,133,1.1278195488721805,0.03274753053009996,650,"You're condemned anyway, so chill out."
849,7199,1,15,117,133,1.1278195488721805,0.030959321524656892,650,I appreciate your help Doctor. It feels like a huge weight is being taken off my shoulders... and my chest... and my legs.
5705,7204,3,12,126,141,1.127659574468085,0.03315717967974381,650,Building my personal brand is just so rewarding.
2616,7204,4,10,127,141,1.127659574468085,0.03465134466234369,650,"The trouble is, it's no longer weighing on my shoulders."
4159,7204,0,18,123,141,1.127659574468085,0.028203673458144795,650,"Who the heck needs a chiropractor!
It's all in my head anyway"
2614,7207,1,17,131,149,1.1275167785234899,0.029024578180982575,650,How do I move it to my shoulders?
6900,7207,4,11,134,149,1.1275167785234899,0.03338428227902442,650,I told you it would be three times bigger than a gold one.
1882,7207,2,15,132,149,1.1275167785234899,0.03054702702639284,650,Is this week going to be infrastructure week?
99,7210,1,13,104,118,1.1271186440677967,0.03306412404158087,650,"I was rewatching ""2001: A Space Odyssey"" the other day and was amazed how accurately they portrayed the earth in it."
422,7211,1,14,111,126,1.126984126984127,0.031841127411098,650,Oprah has really taken Weight Watchers in a new direction.
4825,7211,2,12,112,126,1.126984126984127,0.03377634559560734,650,Sorry - That's way too heavy for me to help lift.
1480,7213,1,15,118,134,1.126865671641791,0.030742215364646233,650,"Well Mr. Gladstone, I'm glad you agreed not to weigh Me down with all of your problems."
1927,7213,2,13,119,134,1.126865671641791,0.03251622143116169,650,"Tell me, how does the weight on your shoulders feel like? 
– Heavy."
2033,7213,0,17,117,134,1.126865671641791,0.028859365115889903,650,"Doctor, help me get this wieght off my chest."
1773,7213,1,15,118,134,1.126865671641791,0.030742215364646233,650,"So, you’re telling me that your parents are weightlifters?"
3715,7217,2,14,126,142,1.1267605633802817,0.03138203590531418,650,"Harry, you've always complained about the weight of the world is on you and now it has happened"
3633,7217,0,18,124,142,1.1267605633802817,0.028018778271515266,650,We don’’t go out anymore.  Have you gained weight.
982,7219,3,14,141,158,1.1265822784810127,0.030758343987281694,650,I feel like the weight has been lifted off my chest and has now been displaced over the length of my body.
4393,7220,1,13,105,119,1.1260504201680672,0.03280249505193431,650,"Yes, I understand this is weighing situation.  But, still you have to think positively."
2797,7220,1,13,105,119,1.1260504201680672,0.03280249505193431,650,"Pavarotti used a marble board to improve his lungs expansion.
What are you attempting at improving?...

DON DOMENICO
dondomenicofirst@gmail.com"
3337,7222,2,12,113,127,1.125984251968504,0.03352424888977445,650,I just feel a really heavy weight on my conscience... and my body.
1778,7222,0,16,111,127,1.125984251968504,0.0295619097779183,650,You never should've said you wanted to take on the weight of the world.
387,7224,1,15,119,135,1.125925925925926,0.030528113043118553,650,"Now imagine that weight, but inside my head."
395,7224,5,7,123,135,1.125925925925926,0.037070189695058195,650,"okay, i want you to put this massive, literal encumbrance over your dick anytime you have even the slightest interest in consuming or otherwise normalizing stepfamily porn, you disgusting piece of shit"
4388,7224,1,15,119,135,1.125925925925926,0.030528113043118553,650,I guess that diet I had in mind won't help you.
1856,7224,1,15,119,135,1.125925925925926,0.030528113043118553,650,I’m here to help you learn to stop laying such a heavy weight on yourself.
1967,7224,2,13,120,135,1.125925925925926,0.03228814032252351,650,So you say you have been weighted down with guilt?
2450,7229,3,12,128,143,1.1258741258741258,0.03271600722345283,650,The only thing that's gone flat is your affect.
3138,7229,1,16,126,143,1.1258741258741258,0.02955251285704733,650,"Congratulations, this is what growth looks like."
5615,7229,0,18,125,143,1.1258741258741258,0.027836270582217233,650,Are you still feeling a void in you?
2317,7229,2,14,127,143,1.1258741258741258,0.031174413745978975,650,This must be the he weighting room
4187,7233,1,17,133,151,1.1258278145695364,0.02866359000111159,650,Doesn't look like you will be trying another treatment plan after all.
5892,7233,2,15,134,151,1.1258278145695364,0.030164575457022034,650,Your feeling of oppression can only mean that you are projecting the image of your hyper-controlling mother on me.
1849,7235,0,19,133,152,1.125,0.026913523521537846,650,"Burden-sharing

“I’ll adjust my own lamp.”"
1156,7235,2,14,128,144,1.125,0.030969506520290797,650,"Harold, aren't you taking this COPD audition too far?"
572,7235,4,9,123,136,1.125,0.03529752162234253,650,No more sex Harry until you get rid of that pot-belly.
2948,7235,1,14,113,128,1.125,0.03137279025690793,650,when did you start being so literall about your feelings?
6438,7235,1,14,113,128,1.125,0.03137279025690793,650,It’s the same dilemma every March doc.  Should I pick a long shot or just go for Duke and be done with it?
5112,7235,1,14,113,128,1.125,0.03137279025690793,650,"It’s his way to reduce his
I beer-belly"
5977,7235,1,14,113,128,1.125,0.03137279025690793,650,"Keeping it all in can result in feelings of guilt."" Yea, I think I know what you mean."
1088,7235,1,14,113,128,1.125,0.03137279025690793,650,stop this I meant it when i said you were cured
4764,7235,1,16,127,144,1.125,0.029359585095590793,650,41-21 Patriots. Bet the over.
4118,7235,1,14,113,128,1.125,0.03137279025690793,650,Next time just scroll up instead of shutting down.
2839,7245,2,16,143,161,1.124223602484472,0.028900348134489055,650,"Really, it's just 3"" of snow."
75,7245,3,14,144,161,1.124223602484472,0.030213736509201575,650,I see. —Blink blink.— Blinkity-blink blink.
4810,7247,1,17,135,153,1.1241830065359477,0.028311412387437684,650,Your extra   Colliicur life  is over
2685,7247,1,17,135,153,1.1241830065359477,0.028311412387437684,650,Drastic cases call for drastic exercise therapy.
6120,7247,2,15,136,153,1.1241830065359477,0.029791532075021988,650,It’s clear to me that you are weighed down your guilty conscience.
1222,7250,1,16,128,145,1.1241379310344828,0.029169143771148327,650,Now tell me more about your wife's inability to cook your steak the way you like it.
1952,7251,2,13,122,137,1.1240875912408759,0.0318413970781568,650,And what was wrong with the ordinary strength ginseng?
1065,7251,2,13,122,137,1.1240875912408759,0.0318413970781568,650,Vito just called - your personal shutdown won't be ending.
1685,7251,2,13,122,137,1.1240875912408759,0.0318413970781568,650,How do you feel about the weight?
4354,7251,3,11,123,137,1.1240875912408759,0.03348457517790285,650,Stone finally unloads all!
3810,7255,0,16,113,129,1.124031007751938,0.029134295306924237,650,"You can't keep letting your fears weigh you down in life"""
6621,7256,2,11,108,121,1.1239669421487604,0.03435804013651872,650,"Yes, it was developed by Pavlov."
627,7256,1,13,107,121,1.1239669421487604,0.03229139010929501,650,"Let’s focus on the flip side, I  shall be released."
6273,7258,2,16,144,162,1.123456790123457,0.028731631358145642,650,"Are you practicing for an audition for the Monty Python program, or what?"
2068,7259,3,11,124,138,1.1231884057971016,0.03325320722623481,650,"well, you did choose to leave that  giant planet"
1506,7259,0,17,121,138,1.1231884057971016,0.028078750371765625,650,Take the stairs when your hour is up. It appears the elevator threw another counterweight.
841,7259,1,15,122,138,1.1231884057971016,0.029903222990790203,650,It's a living!
4415,7259,0,17,121,138,1.1231884057971016,0.028078750371765625,650,"I told you to ""wait"" in the ""waiting"" room.  Now try to sit and take a load off."
7335,7263,3,10,117,130,1.123076923076923,0.034560680288296085,650,"If I were not a Christian I would think it’s a ton of steel, but, oh God, I'm sure the weight I feel on top of me is the ghilt, just the guilt."
1703,7264,2,11,109,122,1.1229508196721312,0.03409040010044076,650,"Look, nothing's going to happen for you until you lose the shade."
2890,7264,4,7,111,122,1.1229508196721312,0.037856589555530666,650,I said Wait a minute.
6645,7266,1,11,94,106,1.1226415094339623,0.03470535763854438,650,Have you consulted with a specialist about your breathing difficulties?
6959,7267,3,12,132,147,1.1224489795918366,0.03186782995042317,650,You know Jenny Craig is just $20 per month no comittment
6472,7267,1,16,130,147,1.1224489795918366,0.02879553204089103,650,Tired? See. You said taking that grave shift job was no problem.
4803,7267,2,14,131,147,1.1224489795918366,0.030370555240784372,650,Try to think of it as Bodywork
6746,7267,1,16,130,147,1.1224489795918366,0.02879553204089103,650,"Hey, I'm carrying a great weight myself."
4166,7271,5,7,127,139,1.1223021582733812,0.036044134218778244,650,Do you feel like you’ve got a big weight on your chest?
5000,7271,0,17,122,139,1.1223021582733812,0.027890097504396423,650,You always have to overdo...you carry the weight of the world on your shoulders!
4275,7271,2,13,124,139,1.1223021582733812,0.031406788564184086,650,"As if the weight of the world wasn't enough, now you've got the weight of Trumpworld on you too."
824,7274,3,10,118,131,1.1221374045801527,0.03430871000647974,650,"You know, doc, I've had it with these long weight times!"
6235,7274,1,14,116,131,1.1221374045801527,0.030695406140269943,650,"At first I thought two weeks in France and a week in Jamaica, then I realized it's better if it's one week in France and a week in Alaska, oh wait or how about... Wait, what do you think, Nate?"
7541,7274,0,16,115,131,1.1221374045801527,0.028718776889342296,650,You and your issues.  I've been on a yo-yo diet for years.
5870,7277,0,14,101,115,1.1217391304347826,0.030624883036764215,650,"So, are you trying to tell me not to iron creases in your pants?"
1739,7277,3,8,104,115,1.1217391304347826,0.03735705241190274,650,"I apologize, it’s a very heavy chandelier."
3018,7279,1,16,131,148,1.1216216216216217,0.028612270367330384,650,"Yes, I can see you have a weight on your chest! Everybody has problems and learns to carry their burdens. You need to learn to live with it..."
6552,7279,2,14,132,148,1.1216216216216217,0.03017599507771777,650,"You're talking about your brother,so...."
6568,7281,0,16,116,132,1.121212121212121,0.02851539598655559,650,"Remember to breathe...""__Mia Birchfield Shellabarger, Goleta C"
6934,7281,1,14,117,132,1.121212121212121,0.03047602712418407,650,it relieves all the weight on his shouldres
5602,7281,2,12,118,132,1.121212121212121,0.03231793078583367,650,Maybe now she'll give me the extra ten minutes.
5830,7281,2,12,118,132,1.121212121212121,0.03231793078583367,650,Maybe a vacation would help get the weight off your chest.
2307,7285,1,13,110,124,1.1209677419354838,0.03155374555538232,650,I’m sorry I said I was “better”; I really had felt like a weight had been lifted off my chest...maybe we could just get coffee instead?
672,7285,0,15,109,124,1.1209677419354838,0.029402525657030033,650,Thought the weight of the world measured in gold!
3809,7287,2,14,133,149,1.1208053691275168,0.02998389990290892,650,I'm sure THIS blanket will work.
594,7287,3,12,134,149,1.1208053691275168,0.031459958279611025,650,Tell me again how you got in trouble because you felt light headed!!
246,7287,2,14,133,149,1.1208053691275168,0.02998389990290892,650,"Doctor, I can't wait to get this weight off my shoulders. Where should I start?"
51,7290,1,12,103,116,1.1206896551724137,0.03275270206139953,650,All good things come to those who wait....
6198,7291,2,12,119,133,1.1203007518796992,0.03208696385756983,650,"Inventor Stanley Jones, seen here showing his patent attorney the prototype of his new invention,""the weighted blanket""."
2868,7291,3,10,120,133,1.1203007518796992,0.03381559427467951,650,"TOOK ONE BLUE PILL AND  NOW 
""911"" ON SPEED DIAL"
2373,7293,2,11,112,125,1.12,0.03331182101529182,650,This technique has improved my spatchcock chicken dramatically so  . . .
4570,7293,3,9,113,125,1.12,0.03519530760512478,650,I think your giant prop weight might be crushing the monkey you duct-taped to your back.
2335,7293,2,14,134,150,1.12,0.029794223424024935,650,The Investment Committee shall meet no less than ten (20) days before the closing of a transaction.
2808,7293,0,18,132,150,1.12,0.02662188633840144,650,"Richard, I do believe you are fully capable of getting a handle on the situation at hand."
5693,7297,2,13,127,142,1.119718309859155,0.030776574197730895,650,Simultaneous MRI and analysis -- I'm a multitasker
4307,7298,0,14,103,117,1.1196581196581197,0.030134762555778113,650,I think you’re putting too much pressure on yourself. So what if he isn’t yours?”
7033,7299,4,11,144,159,1.119496855345912,0.031374808720699414,650,Is it still snowing out there?
4072,7300,1,14,119,134,1.1194029850746268,0.03004649096450161,650,The weight of this should be getting to you by now
2641,7300,1,14,119,134,1.1194029850746268,0.03004649096450161,650,"Keeping you in the moment"" therapy"
7051,7302,0,18,133,151,1.119205298013245,0.026456932921110173,650,"I'm reminded of the Beatles lyric, 'Boy your gonna carry that weight a ling time.'"
2789,7303,0,15,111,126,1.119047619047619,0.02896553585856296,650,I think you are just a little underweight which would account for you feeling under pressure and your general flatness.
2540,7304,3,11,129,143,1.118881118881119,0.032142556627756766,650,You seem a bit wrinkled.
4242,7304,3,11,129,143,1.118881118881119,0.032142556627756766,650,". . .well, I'm glad you feel the weight has been lifted off your shoulders. . ."
1514,7306,2,10,106,118,1.11864406779661,0.03440159483209612,650,They got tired of me chewing on the weighted blanket.
16,7306,2,10,106,118,1.11864406779661,0.03440159483209612,650,Rachel. This won't bring our son back.
4665,7306,1,12,105,118,1.11864406779661,0.03222739789910892,650,It seems as if you have an oppressing weight limiting your life
7442,7309,2,12,121,135,1.1185185185185185,0.03163475192294538,650,"I agree, taking it out for supper would not be cool."
6579,7309,3,10,122,135,1.1185185185185185,0.03333640425630575,650,"Put that back, then we can get down to the real work."
1000,7309,3,10,122,135,1.1185185185185185,0.03333640425630575,650,I feel like I'm bearing the weight of the world on more than just my shoulders...
910,7309,0,16,119,135,1.1185185185185185,0.027922050250639003,650,"Mr. Clark, it seems reasonable to assume that the divorce didn't lift the weight you are feeling in your personal life."
2080,7309,4,8,123,135,1.1185185185185185,0.03495531673799256,650,I told you this might happen. Python don't play.
575,7314,0,18,134,152,1.118421052631579,0.026293995855474952,650,Advice. A vice. What's the difference really?
5323,7315,3,9,115,127,1.1181102362204725,0.03466441187820658,650,I remember him being very strong.
1629,7315,2,11,114,127,1.1181102362204725,0.032812148267205375,650,Your mother is good.
2251,7315,3,9,115,127,1.1181102362204725,0.03466441187820658,650,"Yet, we'll never know now if this is what Carl Kassel meant, will we?"
3856,7315,0,15,112,127,1.1181102362204725,0.028751840288985104,650,And this is just the weight of my municipality.
1452,7319,1,15,128,144,1.1180555555555556,0.028726748608966377,650,How did you get uderneath that pier block?
2412,7320,2,10,107,119,1.1176470588235294,0.03412584806816734,650,So it all started when I accidentally glued this huge cement block to my stomach…
271,7320,1,16,136,153,1.1176470588235294,0.027729677693590093,650,Oof he dead
1636,7320,1,14,121,136,1.1176470588235294,0.029628828644818663,650,It will Iron -Out your difficulties!
5819,7320,1,12,106,119,1.1176470588235294,0.03197098142182047,650,"i told you the lamp shade was the wrong size!

Lola Troy Fiur, NYC"
3786,7320,0,14,105,119,1.1176470588235294,0.029659969652330035,650,Think about something funny. I'm sure that the weight on your stomach will go away!
3425,7325,3,11,131,145,1.1172413793103448,0.0317187235093026,650,I see you have a Jersey barrier as an obstacle in your in your life.
5332,7325,1,15,129,145,1.1172413793103448,0.02853956096077043,650,I felt like you didn’t have enough problems as it is... now you look burdened
7458,7327,2,11,115,128,1.1171875,0.03256786854803076,650,"Beth decided she was just going to stop fretting. She said to herself, ""So what if my couch has no back?"""
3614,7327,2,11,115,128,1.1171875,0.03256786854803076,650,"Also, you will have to cut down on your beer consumption!"
7204,7329,2,9,100,111,1.117117117117117,0.035603464340034065,650,Lately I have been feeling like I am carrying the weight of the world.
1823,7330,3,12,139,154,1.1168831168831168,0.030484378602330397,650,Did you really need to bring that to tell me about being the commissioner of your fantasy football league?
6554,7331,0,16,121,137,1.1167883211678833,0.027539918782008718,650,"Sorry, I couldn't hear anything you told me. That huge stone doesn't stop distracting me."
1550,7331,1,14,122,137,1.1167883211678833,0.029424298351454565,650,"Pressure, what pressure? "" , Responded Donald J. Trum"
3956,7331,1,14,122,137,1.1167883211678833,0.029424298351454565,650,I think it's important to see that you can both be right in thinking the way you do.
6186,7334,4,9,133,146,1.1164383561643836,0.03297595633248303,650,"- Is anything bothering you?
- No, no... I'm fine."
1293,7335,1,13,115,129,1.1162790697674418,0.03039609911115915,650,And then I decided to become the ultimate party guest ...
5445,7335,2,11,116,129,1.1162790697674418,0.032327184724054804,650,"There's no point in denying that the weight on your shoulders is from unresolved daddy issues."""
1062,7335,1,13,115,129,1.1162790697674418,0.03039609911115915,650,It's your burden big boy. If you can't shake it off that stance you're taking will end up being  permanent.
5607,7335,1,13,115,129,1.1162790697674418,0.03039609911115915,650,My cardiologist thinks I should have a cardiac cath.  I just don't think I can get up for it.
3181,7339,1,16,138,155,1.1161290322580646,0.027391617109358918,650,I'm an expert on emotional support weight
60,7340,1,14,123,138,1.1159420289855073,0.029222557595695114,650,"Well, God, Can you create something so heavy you can't move it?"
646,7340,1,14,123,138,1.1159420289855073,0.029222557595695114,650,"Polling closes in three hours and then maybe we’ll talk freedom and equality Mister!

Martin Greenough, Sheffield UK"
3480,7340,2,12,124,138,1.1159420289855073,0.030979741690832636,650,So you're saying that Karen is smothering you?
4428,7340,3,10,125,138,1.1159420289855073,0.03264247107722866,650,This actually seems heavy.  Do you think I have no chance to get on America's Got Talent
5662,7340,1,14,123,138,1.1159420289855073,0.029222557595695114,650,I just had to get you on my couch.
6994,7345,1,12,108,121,1.115702479338843,0.031470136801090544,650,In my professionalisms opinion
1710,7346,3,11,133,147,1.1156462585034013,0.03130588459805876,650,At least you dodged the raspberries.
3788,7346,3,11,133,147,1.1156462585034013,0.03130588459805876,650,"No worries, Mr. Jeremy Piven. No one has ever been harmed or killed by this breast reduction procedure. It's one hundred percent new!"
6518,7348,0,15,115,130,1.1153846153846154,0.028129132725431827,650,Now I lay you down to talk.
4451,7348,1,13,116,130,1.1153846153846154,0.030174636572158135,650,I think I know why you are feeling heavy.
4403,7348,2,11,117,130,1.1153846153846154,0.032090018333411505,650,My husband is not pyrros dimas
1574,7348,1,10,93,104,1.1153846153846154,0.034317446544848494,650,I hope it doesn't weigh you up!
4111,7352,1,14,124,139,1.1151079136690647,0.02902355004410562,650,I think you're on tsouris patrol.
4138,7352,0,16,123,139,1.1151079136690647,0.027168033469638378,650,Is it? Is it an elephant? no I thought not.
4676,7352,1,14,124,139,1.1151079136690647,0.02902355004410562,650,"Of all the frusta in all the offices in all the the world, you had to wiggle your way under mine."
3146,7355,1,15,132,148,1.114864864864865,0.02799227799227799,650,Bruce Willis prepares for his role as Mr. Flatastick.
5645,7356,2,10,110,122,1.1147540983606556,0.033324410991055,650,"You've put on a little weight, dear. Those pants make your butt look big."
199,7356,1,12,109,122,1.1147540983606556,0.031225524351351668,650,I knew you couldn't take it upon your self to lose some weight.
7024,7358,2,11,118,131,1.1145038167938932,0.03185629316870491,650,"Oh, you can be Giles Corey all you want; I'm still not going to Nantucket this year!"
1426,7358,4,7,120,131,1.1145038167938932,0.03535113914208532,650,Weight off her mind?
6643,7358,1,13,117,131,1.1145038167938932,0.02995636163411997,650,That weight you feel is certainly due to unresolved conflicts.
3170,7358,2,11,118,131,1.1145038167938932,0.03185629316870491,650,"It's a nice breakup gift, since she knew i tried getting into shape"
277,7362,2,12,126,140,1.1142857142857143,0.030557872723352274,650,Were is the second breathing exercise I told you to do .
6965,7363,2,10,111,123,1.113821138211382,0.03306553501498268,650,"Your complaining has finally stopped.
You were bald and fat but why not start with a toupee?
You're definitely thinner.
Take time to think over what I said.
This takes a lot of weight off my shoulders."
5098,7364,1,13,118,132,1.1136363636363635,0.029741206365695588,650,I knew you had a ton on your shoulds but..
4259,7365,2,13,135,150,1.1133333333333333,0.029212890824184816,650,I'm sorry--did you want cream or sugar with your order?
2577,7366,0,14,110,124,1.1129032258064515,0.02853554158249128,650,You're on the right track.
6857,7367,0,16,126,142,1.1126760563380282,0.02662854047530484,650,"Let's start today's session by discussing what's troubling you the most. Just let go of that heavy, anxious weight on your chest. 
You'll feel much better, Mr. Trumpster."
4240,7367,2,12,128,142,1.1126760563380282,0.030147295228246274,650,Can you be a little more original than saying that you feel like you're always carrying the weight of the world?
5891,7369,0,17,134,151,1.1125827814569536,0.025807996018852947,650,Tell me again what Christopher Walken said in that video?
1642,7369,1,15,135,151,1.1125827814569536,0.027465485236195655,650,You're strong enough.
7107,7371,1,12,112,125,1.112,0.03051387838662184,650,Typical Saturday Afternoon
1630,7372,1,13,120,134,1.1119402985074627,0.029319992564782172,650,"Presidential Understatement of the Century:
""Don't mind the weight, we're a bit short staffed."""
5868,7372,2,11,121,134,1.1119402985074627,0.03117503511839128,650,* No one is talking.
2713,7374,2,12,129,143,1.1118881118881119,0.0299461006747373,650,"No, I've never felt like a plastic bag."
576,7374,3,10,130,143,1.1118881118881119,0.03154777332651287,650,Sometimes I feel like another victim of the recent wave of Witch Hunts
2777,7376,4,9,139,152,1.111842105263158,0.03172366485647637,650,This is as much fun as a heart attack.
5933,7376,2,13,137,152,1.111842105263158,0.028846389036492618,650,This is now way to prove your commitment to therapy
840,7378,1,12,113,126,1.1111111111111112,0.030283784171966543,650,"The more you relax, the more I can increase your time under our state-of-the art Belly Flattener."
1153,7378,3,11,139,153,1.1111111111111112,0.03012923025259114,650,The fitness guru said I should be able to lift as much as I weigh. So I am practicing.
5764,7378,3,9,123,135,1.1111111111111112,0.03269144264122117,650,The body scan meditation just doesn't cut it this time.
1548,7378,0,14,112,126,1.1111111111111112,0.028109134757052276,650,"If it was the world neither of us would be here, I assure you."
7158,7378,2,10,114,126,1.1111111111111112,0.032312407999998675,650,"Phil, don't you thing bringing in the weight was a little much?"
6114,7378,1,11,105,117,1.1111111111111112,0.031603613007221074,650,I expect you come to see me so that I can lift that weight off your chest
5781,7378,1,12,113,126,1.1111111111111112,0.030283784171966543,650,"I dont think this diet you plan you set for yourself will work. This will only make ,snezz"
2371,7378,0,14,112,126,1.1111111111111112,0.028109134757052276,650,"Gary, doesn’t it ring a bell? You need to start eating healthier!"
4333,7386,1,14,130,145,1.110344827586207,0.027883929817720005,650,"If I’ve told you once, I’ve told you a million times- you will never shift that weight lying on your back”"
6381,7386,1,14,130,145,1.110344827586207,0.027883929817720005,650,I would rather have this wheigth on my back
4925,7386,2,12,131,145,1.110344827586207,0.029551632487775724,650,"Gordon, I'm just not giving in to your saying I'm a terrific weight on you."
4645,7389,1,13,122,136,1.1102941176470589,0.028910488627570178,650,I'm sick and tired of hearing about work pressure.  Try this on for comparison!
1035,7389,1,13,122,136,1.1102941176470589,0.028910488627570178,650,i guess we have weighty issues to resolve
5180,7391,2,10,115,127,1.110236220472441,0.03206890636180488,650,So you want supervision for your Asthma simulator?
3448,7391,0,14,113,127,1.110236220472441,0.027900645177781243,650,The weight I lived from your friend was . . . more of a metaphor.
7324,7391,3,8,116,127,1.110236220472441,0.03396173040637197,650,"# 1 : Great. Two women at once.
# 2 : I did tell you my ex-wife is also a doctor?
# 3 : Yes. In my professional opinion it's too late to change your last name to Schwarzenegger?
# 4 : So I understand both your mother & your wife are still alive..."
3901,7391,1,12,114,127,1.110236220472441,0.030057118595922142,650,"Everyday doctor, I feel, another day older and deeper in debt"""
7418,7395,3,7,108,118,1.1101694915254237,0.03567177441135304,650,You have to just come clean and let it all out Phillip
5439,7396,2,13,140,155,1.1096774193548387,0.02831349715441414,650,"So, in a past life you were Giles Corey?  And you still want more weight?"
5371,7396,2,13,140,155,1.1096774193548387,0.02831349715441414,650,"I know, I know, sometimes one feels under pressure.

[Ian Rintoul, Perth, Western Australia
ianprintoul@yahoo.com.au]"
2594,7398,4,8,134,146,1.1095890410958904,0.03241687552383351,650,I'm here as an ex cabinet member to list Trumps reasons for the wall.
918,7399,1,13,123,137,1.1094890510948905,0.028709977120488003,650,"COPD seems to be a large weight on your chest, doesn't it?"
1018,7399,2,11,124,137,1.1094890510948905,0.030522204920593786,650,"It's a desensitizing technique to be better able to respond to what psychologists call ""press.""  Mr. Groves, did you hear what I said ?"
196,7399,1,13,123,137,1.1094890510948905,0.028709977120488003,650,Now stay still and all of your pain will go away.
2008,7402,0,14,114,128,1.109375,0.02769520686450485,650,"I'm feeling the pressure,but not too much 'cause it's distributed over a large surface area."
4981,7402,2,10,116,128,1.109375,0.03182903509994767,650,Now you'll feel weighed down by the patriarchy
6711,7402,1,12,115,128,1.109375,0.029833805981314365,650,Can’t you see that I’m busy?
7092,7405,4,5,110,119,1.1092436974789917,0.037341348327087145,650,"Is it kind of like that, or more in the shoulders?"
1110,7406,1,14,132,147,1.1088435374149659,0.02752359684438582,650,So this is your idea of a temple of dendur surprise date?
3203,7406,0,16,131,147,1.1088435374149659,0.025775190069846857,650,"Oh, mom!"
7431,7406,0,16,131,147,1.1088435374149659,0.025775190069846857,650,Ya know...other than that monstrosity over there...this ain't bad...
3096,7409,1,13,124,138,1.108695652173913,0.028512215463284134,650,The shoulders was bad enough.
221,7410,0,14,115,129,1.1085271317829457,0.027492753796726957,650,I didn't know you were being serious when you said you had a lot of weight on your shoulders.
6490,7411,0,13,107,120,1.1083333333333334,0.028491075150158016,650,We will now start block lifting to put you in the proper frame of mind  to begin to vocalize your stress.
1832,7412,2,12,134,148,1.1081081081081081,0.028978971040405917,650,Have you considered witching gyms?
1326,7412,1,14,133,148,1.1081081081081081,0.027346884634331752,650,Some of the heaviness your feeling my be about insisting on a female analyst post #metoo.
4747,7414,1,13,125,139,1.1079136690647482,0.028317147760032545,650,"I can't even with you, Gerald."
427,7415,1,12,117,130,1.1076923076923078,0.029396947837776702,650,"Honey, its still hard, those damn scientist,are nuts..."
3964,7416,2,9,110,121,1.1074380165289257,0.03278121163778187,650,"Honey, it seems they’ve invented something called leg warmers. Would you want me to get you a pair?"
6791,7416,0,13,108,121,1.1074380165289257,0.028268812192540627,650,That's not what I meant that you had a load on your mind.
1584,7418,1,13,126,140,1.1071428571428572,0.02812471961066779,650,Do you ever feel as if you have the weight of the world on you?
6631,7418,0,15,125,140,1.1071428571428572,0.026234041439699558,650,I read about thinking fast and slow and decided on slow.
2905,7420,3,11,145,159,1.1069182389937107,0.029037576944627767,650,My pyramid will be done soon.
1653,7421,3,8,120,131,1.1068702290076335,0.03296274235663031,650,"Go ahead, light up my life...!"
2516,7421,2,10,119,131,1.1068702290076335,0.03113041232578344,650,Thank you for allowing me to be watch the Hallmark channel now.
4045,7421,1,12,118,131,1.1068702290076335,0.0291832616319182,650,Opposite Day was yesterday.  Actually take a load off.
223,7424,1,14,135,150,1.1066666666666667,0.027000151903900572,650,"Seems like you've got a little bit of weight on your shoulders."" ""Yeah... just a little."
459,7425,3,7,112,122,1.1065573770491803,0.03454344854396203,650,Aversion therapy should take a real load off your spirits.
3010,7425,1,11,110,122,1.1065573770491803,0.030369126486311234,650,Sometimes you just have to unplug.
6764,7427,0,15,126,141,1.1063829787234043,0.02605840151896999,650,"I understand how sleeping on the bed of nails helped you demonstrate the principles of pressure, but this is carrying it too far."
7423,7427,1,13,127,141,1.1063829787234043,0.027934878061619952,650,"Jerry, they’ll forget the no-call eventually. I recommend you refrain from traveling to Louisiana."
1276,7429,1,12,119,132,1.106060606060606,0.028972646886143236,650,My problems are a real weight on me.
2529,7429,2,10,120,132,1.106060606060606,0.030904282690156035,650,"Any progress on the security 10,000-pound-weight?"
3459,7429,0,14,118,132,1.106060606060606,0.026902673595485132,650,It seems a rather drastic way to lose weight!
423,7432,2,9,112,123,1.1056910569105691,0.03226945754406321,650,Smash ya diqq boi ahahaha heavy ass bloqq lmao
4137,7433,1,13,128,142,1.1056338028169015,0.02774757155837601,650,"Works better than 'Inversion Boots' to stretch your core. I've lost 4"" around the waist in 4 hrs.
John Kavanagh
Naples, FL"
7224,7433,2,11,129,142,1.1056338028169015,0.029492674484594368,650,I told you that it would be too heavy for you!
4827,7435,2,11,130,143,1.1048951048951048,0.02929502070801353,650,Yes!  Weighty burdens ARE heavy lifts.
7130,7435,1,13,129,143,1.1048951048951048,0.027562749899881295,650,Once past breeding age you are obsolete. Whatever it takes to keep you from falling apart.
5983,7435,1,13,129,143,1.1048951048951048,0.027562749899881295,650,I came here to take the weight off ?!
6006,7435,2,11,130,143,1.1048951048951048,0.02929502070801353,650,"Take a deep breath, hold it 5 seconds. Repeat 30 times. 

Submitted by Erle C Donaldson of Wynnewood, Oklahoma."
1366,7439,0,13,111,124,1.1048387096774193,0.0276222419261944,650,Please change the channel from the news to a comedy show. I feel like I'm totally immobilized and under tremendous pressure.
5290,7440,2,8,105,115,1.1043478260869566,0.033539969082926106,650,Does this really help you lose weight?
2939,7441,1,13,130,144,1.1041666666666667,0.02738036419469879,650,"Doctor, are you sure this will cure my Rhytiphobia?"
7111,7442,1,11,113,125,1.104,0.029673492026255653,650,You do not have the proper form for the dead weight lift!
4705,7442,1,11,113,125,1.104,0.029673492026255653,650,This isn't the spice-up I imagined.
6457,7442,2,9,114,125,1.104,0.03177339118030642,650,I am feeling you a bit lightminded today...
6759,7445,2,10,123,135,1.1037037037037036,0.03024512729614818,650,Maybe you can use your current coping mechanisms to resolve this weighty problem!
1312,7445,0,14,121,135,1.1037037037037036,0.02633725661744444,650,"Turning over is a great way to get that weight off your shoulders, now in yoga try doing a Bridge."
2930,7445,4,6,125,135,1.1037037037037036,0.03370288361827953,650,"When I said, ""Be more like a pancake,"" Ed, that isn't exactly what I had in mind."
6057,7448,2,11,132,145,1.103448275862069,0.028907531815998363,650,What’s the world record for chest lifting again?
2424,7448,1,13,131,145,1.103448275862069,0.0272003668188488,650,When did you exactly come up with The Apptentice?
2959,7450,3,7,116,126,1.1031746031746033,0.03348416366623648,650,"Of course, you'll never need air conditioning."
7491,7450,2,9,115,126,1.1031746031746033,0.03153101789418134,650,Is Squishtorso right for you? I'm glad you asked.
3,7452,1,12,123,136,1.1029411764705883,0.02815962081636289,650,The weight of that anvil must really be weighing on you.
977,7453,1,13,132,146,1.1027397260273972,0.027022711375255026,650,"And now, variations on a theme by Marciano."
2012,7454,3,10,143,156,1.1025641025641026,0.029016818914916236,650,It's a Mc Pavlov.
5346,7454,2,12,142,156,1.1025641025641026,0.027554723624131097,650,"Now that we've gotten rid of that bag of rocks you've been carrying around for years, we should try some deep breathing exercises for relaxation."
5774,7456,3,7,117,127,1.1023622047244095,0.033229394887295864,650,"so tell me now,  ""you said that you would feel better
when you do not have to carry all that weight (stress) 
around"""
645,7456,1,11,115,127,1.1023622047244095,0.029227109516168085,650,You could play table tennis with that thing.
3244,7458,3,8,126,137,1.102189781021898,0.03156956023126114,650,"Might as well look blue, too."
3709,7458,1,12,124,137,1.102189781021898,0.027963417517958618,650,"Your measured response, Mr. Tippett?"
4496,7458,3,8,126,137,1.102189781021898,0.03156956023126114,650,"On the other hand, we do get $20 a month from Facebook . . ."
2213,7458,0,14,123,137,1.102189781021898,0.025973265338187647,650,"So, whats it like to have the weight of the world on your shoulders?"
4890,7462,1,13,134,148,1.1013513513513513,0.026674246598407465,650,"Mr. Lake, if you can do it I’ll give it a whack."
6154,7463,3,8,128,139,1.1007194244604317,0.031130916831553772,650,"I feel like a heavy weight has fallen on me...
Feelings are overrated"
6883,7463,2,10,127,139,1.1007194244604317,0.029408664849288987,650,"Jeez, where to begin?....I have a literal fuck-tonne of problems ma'am."
2651,7463,3,8,128,139,1.1007194244604317,0.031130916831553772,650,They told me it was a lamp shade because I was such a bright person.
3196,7466,1,13,136,150,1.1,0.02633462177914388,650,"Thank you for being part of our ''Before/After"" advertisement campaign. Sorry we couldn't find a better way to express the Before."
6815,7466,0,16,144,160,1.1,0.02379154757154433,650,"Every time I close my eyes I see it all over again, the cries, the begging - it's all too real when it does. Then I put my toothbrush down and cry in the shower. That's what my depression looks like."
5015,7466,1,10,109,120,1.1,0.029939247542604804,650,"And please don't use that old standard response ""I feel the weight of the entire concrete block is on my shoulders."""
7032,7469,0,15,136,151,1.099337748344371,0.02442263432395468,650,Houdini could wiggle out faster than that.
1975,7469,2,11,138,151,1.099337748344371,0.027804055618249526,650,"What do you mean by, ""and what do you get""?"
2282,7469,1,13,137,151,1.099337748344371,0.026168020331545166,650,The weight of the world isn't a good reason to be here
3845,7472,1,12,128,141,1.099290780141844,0.027205109588850147,650,Selling my condo and moving in together was a weight off my mind.
4942,7472,0,14,127,141,1.099290780141844,0.02527451018610703,650,"But it is a 50 pound weight, Mr. Adams"""
5489,7472,1,12,128,141,1.099290780141844,0.027205109588850147,650,"You really want me to say ‘it’ don’t you?  So dramatic ok, go ahead and ‘take a..."
6087,7472,2,10,129,141,1.099290780141844,0.029007500932259997,650,"It’s time to live your life dear, the wait is over!"
7249,7472,3,8,130,141,1.099290780141844,0.030704270597569697,650,Just fill out the damned form already.
2576,7477,2,9,120,131,1.099236641221374,0.03037244214054683,650,Perhaps you should consider dropping the pasta from your diet?
3086,7477,2,9,120,131,1.099236641221374,0.03037244214054683,650,"Oh  please don't talk to me,I already have a weight on my shoulders."
3377,7479,2,8,111,121,1.0991735537190082,0.031936918448902354,650,Stop complaining! You don't have the weight of the world on your shoulders as I do!
5102,7480,1,13,138,152,1.0986842105263157,0.026003506113058905,650,"She said, ""Your husband has a pot belly,"" and that was it for me!"
5387,7480,3,9,140,152,1.0986842105263157,0.029162631596844003,650,"I cannot relent! What say you?""

""More. Weight."
2866,7482,1,12,129,142,1.0985915492957747,0.027021893244312114,650,"George, that recliner will NEVER
be able to get it up, either!"
5552,7483,1,11,120,132,1.0984848484848484,0.028167587113218696,650,"Darling, are you sure they'll believe that we have been Banksy-ed?"
2558,7484,1,10,111,122,1.098360655737705,0.029469031197146334,650,"Therapist (to self): That’s not a load, that’s a mother-lode! There is help for that down the hall..."
3205,7485,2,12,149,163,1.098159509202454,0.02641829907985836,650,"Yes Dear, this is a partnership and I’ve just lifted the weight of the world off my chest!"
1844,7486,1,8,93,102,1.0980392156862746,0.032705613260176805,650,Husbands are there to upload your dreams !!! It's easy !!!
4295,7487,0,14,129,143,1.097902097902098,0.024938978644568982,650,It's my Bohemian Rhapsody tribute to Queen and David Bowie
5665,7487,2,10,131,143,1.097902097902098,0.028617106218367678,650,"This isn't a psychological weight. I'm just working on my gains, BRUH."
929,7489,2,9,122,133,1.0977443609022557,0.0299324477813249,650,your COPD  prescription bill is due
5061,7490,3,9,142,154,1.0974025974025974,0.02879682834556293,650,You don't look like you have anorexia.
1165,7491,1,11,122,134,1.0970149253731343,0.027764910342609465,650,I have a heavy weight on my heart.
1788,7491,0,13,121,134,1.0970149253731343,0.02566455524062504,650,It was your job to throw out working tech and replace it with new paradigms in progress just to to create buzz?
3967,7493,1,13,141,155,1.096774193548387,0.025522103333341865,650,This looks a bit too shady!
4154,7494,0,15,141,156,1.0961538461538463,0.023679075290313056,650,Feeling less anxious? I’ll prescribe a Gravity Blanet in this size for you.
5997,7494,0,15,141,156,1.0961538461538463,0.023679075290313056,650,The weight has shifted to the stomach now...
1170,7496,1,11,124,136,1.0955882352941178,0.02737354858934891,650,"Nice try Larry, but I believe it’s on mind or off shoulders. Get dressed, we’re going."
1922,7496,0,13,123,136,1.0955882352941178,0.025305704900275103,650,I've guaranteed relief. I'm keeping your money.
6059,7498,0,11,107,118,1.0932203389830508,0.026879011508669972,650,Stanley had a weight off his shoulders.
74,7499,2,8,120,130,1.0923076923076922,0.029799876829482656,650,"Don't you wanna go first to the hospital?

I was there and they told me they are going to use a pneumatic hammer to remove it. I need to be prepared."
6853,7500,1,11,129,141,1.0921985815602837,0.026441633875613123,650,"I never get anything off my chest, so you’re move doctor."
320,7501,0,12,119,131,1.0916030534351144,0.02530003557864297,650,W
2006,7501,1,10,120,131,1.0916030534351144,0.027523292179114416,650,"Would you prefer the weight be placed on your back, instead? We're out of muscle-rub!"
2919,7503,2,9,131,142,1.091549295774648,0.02810025570948503,650,Is your name Fanny?
6393,7504,2,8,122,132,1.0909090909090908,0.029363171927870434,650,Sometimes I feel like the heavy concrete thing that holds a circus tent down has gone missing.
1291,7504,1,10,121,132,1.0909090909090908,0.027322800820226055,650,It looks like you
6010,7504,1,10,121,132,1.0909090909090908,0.027322800820226055,650,God wanted you to be pressed in.
9,7507,1,11,132,144,1.0902777777777777,0.025912249648792525,650,The railroad made us an offer we couldn’t refuse
1812,7507,1,11,132,144,1.0902777777777777,0.025912249648792525,650,I can’t lift the weight off your life for you. It’s way too heavy.
2328,7509,0,12,121,133,1.0902255639097744,0.024937028498912793,650,Feels like what? Just call 911. Not my yob.
6776,7510,0,11,111,122,1.0901639344262295,0.02603786171334745,650,Where is NIST when I need them?
4558,7510,0,11,111,122,1.0901639344262295,0.02603786171334745,650,"it's a take on 'Groucho's' ..""Say the secret word"""
1344,7512,1,11,133,145,1.089655172413793,0.025740454800642167,650,I don’t do Lacan.
2733,7513,3,6,125,134,1.0895522388059702,0.03081703887813517,650,"Honey, I know your therapist recommended couples roleplaying, but my therapist wants me to think of myself as a beautiful woman-Now What?"
6452,7513,0,12,122,134,1.0895522388059702,0.024759388791211128,650,What do you think yourself?
7328,7513,1,10,123,134,1.0895522388059702,0.026930432301550584,650,"About your mother, you say she wasn't a weightlifter?"
1928,7513,2,8,124,134,1.0895522388059702,0.028939057251100058,650,"Think of it like gerrymandering, but for good."
4991,7517,3,5,115,123,1.089430894308943,0.03266992115092372,650,"Great! Thanks, what I load off my chest."
4174,7518,1,10,124,135,1.0888888888888888,0.026738433004215377,650,"No matter how much “Pressure!” you apply, you’ll never be the next Freddy Mercury."
689,7519,1,9,114,124,1.0887096774193548,0.02807789727748478,650,"Despite constant walking in New York, you've still gained weight...did you give Cuomo your vote?"
1056,7520,0,12,124,136,1.088235294117647,0.02441156783919359,650,"Frank, can you get me a cup of coffee or are you still trying to get out of sumo wrestling?"
1299,7521,2,7,116,125,1.088,0.03008804285061835,650,I have found that our 1 yea plan results in a great weight being lifted from your psyche
6144,7522,0,13,135,148,1.087837837837838,0.023346306220941738,650,"Yes, but then Mira likes to talk. You know how she likes to talk, talk, talk."
4449,7523,2,7,117,126,1.0873015873015872,0.029856463541718038,650,When you are ready grab that handle and release that weight.
565,7524,1,12,148,161,1.0869565217391304,0.023955355000840867,650,I think we can rule out old hag syndrome.
3243,7525,1,10,128,139,1.0863309352517985,0.02599698896708881,650,"Some people think I come along a little too strong, so thank you for taking this weight off my shoulders."
756,7525,0,12,127,139,1.0863309352517985,0.02390771885395228,650,"...that's why I feel like I ave this huge weight on my chest, and why I have such bad gas."
5920,7525,0,12,127,139,1.0863309352517985,0.02390771885395228,650,"Do you feel weighted down and if so, who"
6165,7528,1,8,108,117,1.0854700854700854,0.02865655233700379,650,"Now, there is no problem!"
7578,7529,1,10,131,142,1.0845070422535212,0.025467279675701514,650,don't fear the reaper
2736,7530,1,11,142,154,1.0844155844155845,0.024290804428967715,650,You ain’t so strong after all.
7084,7531,1,8,110,119,1.084033613445378,0.028191038356332146,650,"I must say, Mr. Johnson, you look a little weighted this week."
7354,7532,0,12,131,143,1.083916083916084,0.023267303840409183,650,"Is this house from the Egyptian age, this light fixture is heavy,....I just wanted to talk about my problems.."
3492,7532,2,8,133,143,1.083916083916084,0.02717266163777465,650,"My husband,Lionel,has always loved trains."
6675,7534,0,13,142,155,1.0838709677419356,0.022336945766635193,650,I’m thinking of renting “The Weight if Water”—you want to watch it?
6861,7535,2,7,123,132,1.0833333333333333,0.028538432529415923,650,"George, regrettably, now understood why people said they felt a huge weight come off after visiting Dr. Stone in their reviews."
235,7536,2,7,124,133,1.0827067669172932,0.028329974701999976,650,I'm only doing this because my teacher is making me. Why is there a dumb bell on a person?
6209,7537,1,8,112,121,1.0826446280991735,0.02774037658440573,650,[no caption necessary]
6896,7538,1,8,113,122,1.0819672131147542,0.027520395398836644,650,"Your therapist said to get the weight off of your shoulders, not for us to go to wait at ER."
974,7539,1,10,136,147,1.0816326530612246,0.024630725492833017,650,That will teach you to take off you tether.
3195,7540,0,11,124,135,1.0814814814814815,0.02363311767778688,650,You are the author of your own weight.
3201,7540,1,9,125,135,1.0814814814814815,0.025866630447077293,650,DARLING I AM STRONG ENOUGH  TO TAKE THIS LOAD  WHICH IS MUCH LESSER THAN YOURS
3152,7542,0,13,148,161,1.0807453416149069,0.02153856010484434,650,Got it.  But could you help me its relation to your ongoing stress as a cement contractor?  Isn't the government shutdown over?
6846,7543,1,9,127,137,1.0802919708029197,0.025501399957748604,650,I couldn't find the right size sandwich press at the store.
391,7543,1,9,127,137,1.0802919708029197,0.025501399957748604,650,"Look, look, look, Mr Knowall. The 16-ton weight is just _one way_ of dealing with a raspberry killer. There are millions of others!"
3128,7545,0,11,127,138,1.0797101449275361,0.023139759085480303,650,"I'm sorry sir, but your problems are so boring compared to global warming and all."
5876,7546,1,10,140,151,1.0794701986754967,0.023999961015323413,650,I'm sorry but I'm a psychoanalyst--that beard will look like Rumplestiltskin's before your problems will get any better!
4564,7547,0,10,116,126,1.0793650793650793,0.024177057478933055,650,"It is one thing to lift a weight off your mind, but this?It is one thing to lift a weight off your mind, but this?"
6811,7547,0,10,116,126,1.0793650793650793,0.024177057478933055,650,The cure for patients is waiting
304,7549,1,9,130,140,1.0785714285714285,0.02497245582916265,650,I am tired of everything. I don't want to put up with life anymore.
6603,7549,1,9,130,140,1.0785714285714285,0.02497245582916265,650,"I thought you said, ""Go into the light."""
7361,7549,1,9,130,140,1.0785714285714285,0.02497245582916265,650,No need to make a mountain over a facial mole.
1829,7552,0,12,142,154,1.077922077922078,0.02167047141471178,650,"As this is our last therapy session, does being s"
6401,7553,2,5,110,117,1.0769230769230769,0.030113857411010452,650,"Look, I'm all for getting rich quick, but that setup is not going to produce diamonds any time soon."
2239,7554,1,9,135,145,1.0758620689655172,0.02413793103448277,650,He's no flower!
3481,7555,1,8,123,132,1.0757575757575757,0.025498073662373055,650,Now I'm kinda bummed we canceled our hoist-share subscription.
3135,7556,0,9,110,119,1.0756302521008403,0.024340507680318108,650,"Patient:  I feel both pressed and depressed , Doc !
.....as if the weight of the world's on me .
Psychiatrist : We need a weightlifter, my good man. You're now way beyond psychotherapy and pills, I tell you..............!!"
4280,7557,0,9,112,121,1.0743801652892562,0.023952688836676762,650,"I practice Method Psychology,meaning if your going to cry like a bitch about feeling like your carrying a 1000 pound weight around,Voila you cry baby fuck!"
7105,7558,1,8,127,136,1.0735294117647058,0.024769862172074757,650,You say you feel like you have the weight of the world on your shoulders?
3071,7558,0,10,126,136,1.0735294117647058,0.02246360634782273,650,Is it too late to mention that I'm the one who said we should bring a 19th-century hat?
7355,7560,0,9,114,123,1.0731707317073171,0.023577005978097674,650,"Um... therapist does this count as ""decompressing""? I was inspired to find a new relaxation exercise while sitting in the lobby."
2989,7560,0,9,114,123,1.0731707317073171,0.023577005978097674,650,"I know how it feels, is the WH wait of the news."
7481,7562,0,9,115,124,1.0725806451612903,0.023393539360582687,650,"So, you were saying that you talked to my mother about my adolecense."
5423,7563,0,10,129,139,1.0719424460431655,0.021995837962776543,650,"Alright fine it was good, ‘A Star Is Born’ was good, but it’s no reason to throw such a fit."
4957,7564,1,7,122,130,1.0692307692307692,0.024875267940140926,650,"Coors Light didn’t do it, so here goes: beer belly be squashed!!"
581,7565,0,9,123,132,1.0681818181818181,0.022022378945902813,650,I feel like you are being weighed down by your current environment. They do say that variety is the slice of life and you need variety.
6195,7565,0,9,123,132,1.0681818181818181,0.022022378945902813,650,"Honey, I figured you weren't thrilled with me announcing that I was pinning myself to the couch through the NFL Playoffs, but this is a bit extreme, no?  Forget the physicsl pain...How am I going to get a good view of the TV on Sunday?"
55,7567,1,5,97,103,1.0679611650485437,0.02848458833762835,650,"Weight, a couple of minutes and I’ll come get you. I’m still with another client."
2950,7568,0,9,125,134,1.0671641791044777,0.02170429293832504,650,I feel like a great weight had been lifted.
258,7569,2,5,129,136,1.0661764705882353,0.025992721208289587,650,"Evidently your not into kettlebells, you wimp."""
3352,7570,1,7,129,137,1.0656934306569343,0.023635769249705223,650,I'm going to refer you to the one and only Dr. Bruce Dickinson
4254,7571,2,5,133,140,1.0642857142857143,0.02526471218884206,650,I would say that your bourdon isn't the affair.
6642,7572,2,4,120,126,1.0634920634920635,0.02701212366499384,650,Pushing weight like I push my puss!
4698,7573,1,7,135,143,1.062937062937063,0.022667530142476747,650,This is my caption.
3380,7574,0,7,105,112,1.0625,0.02297545694043149,650,"No, I'm sorry, I'm not a huge fan of your Giles Corey cosplay."
4282,7575,0,9,136,145,1.0620689655172413,0.02010673067188033,650,It’s time for u to be on a diet because you have some fat on u.
2357,7576,0,8,122,130,1.0615384615384615,0.02115858894086592,650,The only mysterious hollow vortex is the one between your ears.
833,7577,0,8,125,133,1.0601503759398496,0.020694807615157167,650,"Honey, I really don’t think this is what the doctors meant when they said I needed to cut some weight."
2728,7577,0,8,125,133,1.0601503759398496,0.020694807615157167,650,"You'd better deflate that thing before you leave, or you'll get arrested for public nuisance."
4329,7579,0,8,127,135,1.0592592592592593,0.02039673654232188,650,- Something press my chest. Itm/cartoons/contest?utm_campaign=aud-dev&utm_source=nl&utm_brand=tny&utm_mailing=TNY_Humor_013019&utm_medium=email&
5608,7580,2,4,130,136,1.0588235294117647,0.025059201977360543,650,"You always said'take things literally'and you wanted this to nap"""
6360,7581,0,8,129,137,1.0583941605839415,0.020107118031718507,650,Take the weight of the world off me! I have told you everythingd
5088,7582,0,8,131,139,1.0575539568345325,0.019825598093436484,650,she hadn't realized he was such a permanent press.
4963,7583,0,7,117,124,1.0564516129032258,0.020809790594432876,650,"Doc, I guess you're right: I am a chocoholic.  I have to admit that I am addicted to Chunkies- oh but what a chunk of chocolate!"
264,7584,1,5,121,127,1.0551181102362204,0.023201692545039346,650,I’m going to per
1009,7585,0,7,122,129,1.054263565891473,0.02002323480598045,650,"But you don't feel a on your shoulders, though?"
5326,7586,0,8,144,152,1.0526315789473684,0.018171642241529545,650,"Now that you have your own weigh, can you feel the progress?"
5295,7587,0,6,111,117,1.0512820512820513,0.020479637174006114,650,Just got back from that Spiriva TV shoot. They let me keep the props!
3485,7588,0,6,112,118,1.0508474576271187,0.02030998947509417,650,"Keep wearing your iron shields, and you'll never have any friends!"
329,7589,0,6,114,120,1.05,0.019978980551207948,650,"my tweet portal is whack
i hv been trying to say i am sorry i offended 
and i so appreciate my colleague"
4731,7590,0,6,127,133,1.0451127819548873,0.018065037985512643,650,Thanks Hon.  That's a weight off my shoulders!
4087,7591,0,6,130,136,1.0441176470588236,0.01767427095815683,650,"Hey Doc,
With this weight on my enteric nervous system, my deepest darkest secrets will be revealed!"
